t_us,ax,ay,az,ax1,ay1,az1,shunt_raw,bus_raw,curr_raw,pg_rpm,seq,dt
0,7907,-6260,127185,-4103,-11263,128584,123,19225,504,0,54844,
1002,12811,-3430,129682,25894,-3874,130647,97,19225,504,0,54845,0.0010019999999999999
2000,1472,-5652,127304,4086,-8415,127488,106,19230,397,0,54846,0.0009980000000000002
3000,3483,7852,131651,-29933,5373,130190,106,19231,434,1,54847,0.001
4000,-7425,14854,133627,6297,11009,123848,139,19227,569,1,54848,0.001
5000,-1769,1042,130122,4071,-1694,133362,115,19224,471,1,54849,0.001
6000,-5003,-5755,131044,-19681,-11199,131304,98,19226,401,1,54850,0.001
7002,3308,-13239,126745,-4056,-16413,133946,136,19226,401,0,54851,0.0010019999999999994
8000,2067,12096,131387,5620,9128,122824,115,19232,557,0,54852,0.0009980000000000006
9000,-5585,3379,131074,-11675,12,126840,115,19226,471,0,54853,0.0009999999999999992
10000,-5343,8430,130120,-15787,6018,135539,117,19222,479,1,54854,0.0010000000000000009
11000,-11477,-2877,128446,-13172,-5814,128059,123,19228,504,1,54855,0.0009999999999999992
12000,-2716,11111,132454,-10941,7277,127660,109,19230,446,1,54856,0.0010000000000000009
13000,-3247,1562,127214,411,-1179,128352,120,19230,446,0,54857,0.0009999999999999992
14000,-3786,-10032,125116,-10792,-12884,128148,97,19218,491,0,54858,0.0009999999999999992
15000,84,7561,127025,-10108,1316,129334,97,19231,397,0,54859,0.0010000000000000009
16000,-4666,10211,127098,-2748,6679,122169,102,19230,418,0,54860,0.0010000000000000009
17000,-3673,9783,130592,-4021,5603,127914,131,19223,537,1,54861,0.0009999999999999974
18000,-9943,2979,127915,-17456,1418,128171,117,19233,479,1,54862,0.0010000000000000009
19000,236,10193,127665,-6923,3152,127855,103,19233,422,1,54863,0.0010000000000000009
20000,-320,5364,125368,3790,3353,120989,140,19228,422,0,54864,0.0010000000000000009
21000,3934,-6210,122962,-3624,-12630,129898,109,19232,573,0,54865,0.0009999999999999974
22000,1791,8350,123598,10,1169,119210,109,19228,446,0,54866,0.0010000000000000009
23000,-758,5411,127077,-6548,1877,125437,108,19222,442,1,54867,0.0010000000000000009
24002,153,10744,127765,-5301,7935,124003,143,19227,586,1,54868,0.0010019999999999994
25003,-2912,5396,125457,-211,219,127342,106,19227,434,1,54869,0.0010009999999999984
26000,8942,2576,123923,-1431,2831,121906,107,19232,434,0,54870,0.0009970000000000014
27000,8172,2746,124554,10273,-8364,126979,89,19231,438,0,54871,0.0010000000000000009
28002,7686,-9940,122312,11742,-8285,126727,89,19232,365,0,54872,0.0010019999999999994
29000,4308,6476,129178,-2682,972,123168,112,19225,459,0,54873,0.0009979999999999989
30000,3189,9855,127181,4636,9440,125807,130,19222,532,1,54874,0.0010000000000000009
31001,5713,10532,127257,4771,6749,126417,114,19222,467,1,54875,0.0010009999999999984
32000,5203,1099,125485,1602,-1113,126058,98,19228,467,1,54876,0.0009990000000000034
33000,12994,-6943,125320,6576,-11193,127166,140,19230,401,0,54877,0.0010000000000000009
34000,9724,7937,128822,15332,-3621,121590,140,19232,573,0,54878,0.000999999999999994
35000,6125,-11417,127107,6925,-19159,138331,105,19232,430,0,54879,0.0010000000000000009
36000,2921,-5710,128931,-5830,-2822,128669,106,19222,434,1,54880,0.0010000000000000009
37000,103,15343,131896,4567,12993,118328,129,19228,528,1,54881,0.0010000000000000009
38000,2287,15837,130864,3446,10044,128271,109,19228,528,1,54882,0.0010000000000000009
39000,3131,479,129069,-7377,-9333,131312,104,19232,446,1,54883,0.0010000000000000009
40000,12603,-12141,125915,11161,-15006,135227,104,19224,426,0,54884,0.0010000000000000009
41000,7347,-1876,130543,18228,-1170,123309,127,19233,520,0,54885,0.000999999999999994
42000,4042,-5633,129430,-10434,-8324,130438,108,19228,442,0,54886,0.0010000000000000009
43000,4122,9023,133491,-15010,5187,132515,121,19216,496,1,54887,0.0010000000000000009
44000,-7222,4951,131190,7820,1992,126875,111,19216,496,1,54888,0.0010000000000000009
45000,-7112,-3325,130909,-7330,-7387,132888,98,19230,455,1,54889,0.0010000000000000009
46000,-1466,-1432,129313,-17118,-8173,125008,98,19231,401,0,54890,0.0010000000000000009
47000,-812,-7582,127801,6913,-12766,137388,126,19227,516,0,54891,0.0010000000000000009
48001,2909,4469,130191,-3510,4636,122592,104,19229,426,0,54892,0.001000999999999995
49000,-6663,7013,131413,-13531,2233,126935,112,19225,459,0,54893,0.0009989999999999999
50000,-6009,-779,129448,-9064,-2261,133175,150,19225,459,1,54894,0.0010000000000000009
51000,-7119,8038,131286,-13355,4470,126131,114,19226,614,1,54895,0.0010000000000000009
52000,-3892,5211,128006,-6584,2803,130235,114,19232,467,1,54896,0.0010000000000000009
53000,-3086,3396,127638,-5556,503,123146,101,19224,414,0,54897,0.0010000000000000009
54000,-5791,-9453,125526,-10535,-13935,133644,155,19229,635,0,54898,0.0010000000000000009
55003,-1489,2058,128322,-7862,-819,124709,114,19227,467,0,54899,0.001002999999999997
56002,-4795,7197,128575,-7075,4461,124225,119,19227,467,1,54900,0.0009989999999999999
57002,-7240,11360,127435,-2418,6789,131491,111,19222,487,1,54901,0.0010000000000000009
58000,-7980,10892,127863,-16856,9263,115788,111,19226,455,1,54902,0.0009979999999999989
59000,-646,3601,126930,-5397,161,133356,105,19229,430,1,54903,0.0010000000000000009
60000,3249,-1228,125732,4199,-3903,127131,123,19227,504,0,54904,0.0010000000000000009
61000,1393,-994,124750,-2039,-4531,123126,101,19229,414,0,54905,0.0010000000000000009
62000,1195,5388,125991,-6722,1983,127014,107,19229,438,0,54906,0.0010000000000000009
63000,-309,6627,124868,-2176,2890,124655,140,19225,438,1,54907,0.0010000000000000009
64000,-2798,9876,126131,431,6530,126275,113,19224,573,1,54908,0.0010000000000000009
65000,2552,10070,124166,-6055,6698,121250,113,19232,463,1,54909,0.0010000000000000009
66000,6724,5622,124624,2622,2437,121322,95,19227,389,0,54910,0.0010000000000000009
67000,9546,-6718,124562,9375,-5674,122879,113,19228,463,0,54911,0.000999999999999987
68002,6008,-5200,125356,5609,-8676,127873,113,19228,463,0,54912,0.0010020000000000029
69000,787,2637,127412,-1938,-2416,128706,118,19227,463,0,54913,0.0009979999999999989
70000,5611,7454,127832,9843,1481,120616,115,19220,483,1,54914,0.0010000000000000009
71003,3591,7165,127671,6151,5638,132322,115,19228,471,1,54915,0.0010030000000000039
72000,8261,6359,126274,-1653,2773,121882,105,19230,430,1,54916,0.0009969999999999979
73000,10138,3642,124359,7539,-2558,122742,113,19219,463,0,54917,0.0010000000000000009
74002,10680,1159,128192,8853,-7161,128557,88,19219,360,0,54918,0.0010020000000000029
75000,7735,-10238,126575,10604,-11096,130500,103,19230,360,0,54919,0.0009979999999999989
76000,2976,-4923,131816,-1775,-11155,133287,129,19228,422,1,54920,0.0010000000000000009
77000,-1381,10373,130291,422,9500,123329,129,19227,528,1,54921,0.0010000000000000009
78000,291,11991,130335,1736,5824,126092,114,19229,467,1,54922,0.0010000000000000009
79000,5948,-529,129083,502,-7366,128466,101,19228,414,1,54923,0.0010000000000000009
80000,9822,-17320,126019,4545,-20765,131108,151,19232,618,0,54924,0.0010000000000000009
81000,7736,-472,133178,14739,-6340,130283,103,19232,618,0,54925,0.0010000000000000009
82000,-467,-2234,126444,-13195,-738,127937,107,19229,422,0,54926,0.000999999999999987
83000,154,9251,133610,-17167,6783,131203,107,19226,438,1,54927,0.0010000000000000009
84000,-4835,-360,130886,14748,-5965,131181,137,19228,561,1,54928,0.0010000000000000009
85000,-6549,2655,128598,-9865,238,125015,107,19230,438,1,54929,0.0010000000000000009
86000,-1114,919,132114,-22102,-6886,128944,105,19220,430,0,54930,0.0010000000000000009
87002,755,-5141,128187,9061,-5517,128111,98,19220,430,0,54931,0.0010020000000000029
88000,773,5754,131290,1715,845,129753,113,19224,401,0,54932,0.0009979999999999989
89000,-9356,-2359,129189,-22691,-6992,130894,113,19228,463,0,54933,0.0010000000000000009
90000,-7830,7531,131892,-13638,5554,125558,132,19224,541,1,54934,0.0010000000000000009
91000,-7429,4483,130296,-4265,1999,133604,120,19232,491,1,54935,0.0010000000000000009
92000,-4175,9064,128869,-9891,7564,122058,104,19228,426,1,54936,0.0010000000000000009
93000,-4996,-3860,127770,-10953,-10548,126976,140,19228,426,0,54937,0.0010000000000000009
94000,-3788,-324,125249,-11414,156,127986,102,19224,573,0,54938,0.0010000000000000009
95000,-709,6793,129558,-3356,3681,126650,102,19229,418,0,54939,0.0010000000000000009
96000,-5758,837,127744,-2965,-2932,127688,103,19227,422,1,54940,0.0010000000000000009
97000,-6442,6627,128003,-16696,4544,125879,142,19229,582,1,54941,0.000999999999999987
98000,-8856,7908,128409,-11563,5251,123825,117,19230,479,1,54942,0.0010000000000000009
99000,3042,11872,126328,3325,7872,122885,107,19230,479,0,54943,0.0010000000000000009
100000,-2551,-3014,122266,-1561,-6370,129095,95,19223,438,0,54944,0.0010000000000000009
101001,1279,525,124115,-11845,-3018,122072,95,19230,389,0,54945,0.0010010000000000019
102000,3150,9612,126707,749,7284,123645,109,19228,446,0,54946,0.0009989999999999999
103000,-1950,9461,125907,3850,6425,128825,121,19220,496,1,54947,0.0010000000000000009
104000,914,9471,124229,-7261,5349,129258,119,19231,487,1,54948,0.0010000000000000009
105000,4175,4447,124500,2346,452,121983,100,19231,410,1,54949,0.0010000000000000009
106000,13655,9840,123496,4927,5825,120261,127,19231,410,0,54950,0.0010000000000000009
107000,8088,-2815,124766,8764,-7270,128595,106,19228,520,0,54951,0.0010000000000000009
108001,7993,-8399,125029,9379,-11736,125374,106,19228,434,0,54952,0.0010010000000000019
109000,4278,-3580,127293,-1024,-7648,130731,112,19227,459,1,54953,0.0009989999999999999
110001,-877,12954,129069,4864,9240,119749,150,19227,614,1,54954,0.0010010000000000019
111000,5347,12361,127959,-530,9661,125996,113,19227,463,1,54955,0.0009989999999999999
112000,5113,9540,128297,4824,6808,128401,101,19232,463,1,54956,0.000999999999999987
113000,11790,65,127615,4372,-2985,124769,126,19223,414,0,54957,0.0010000000000000009
114000,9493,-7793,127869,11686,-11706,129685,126,19232,516,0,54958,0.0010000000000000009
115000,6957,-10734,126700,11624,-13839,131610,105,19230,430,0,54959,0.0010000000000000009
116000,7085,11999,128572,-1556,-1570,122589,109,19221,446,1,54960,0.0010000000000000009
117000,-631,12194,130438,-6542,8443,126076,103,19221,422,1,54961,0.0010000000000000009
118000,4786,2523,130704,611,-773,126615,108,19231,422,1,54962,0.0010000000000000009
119000,2180,172,128583,6368,1236,129996,125,19232,442,1,54963,0.0010000000000000009
120000,10386,-16222,125719,-4966,-26292,135094,125,19220,512,0,54964,0.0010000000000000009
121000,6455,6736,131806,21263,2967,121467,97,19231,397,0,54965,0.0010000000000000009
122000,2837,-18,130051,-840,-1035,131651,104,19228,426,0,54966,0.0010000000000000009
123000,-709,14473,135799,-19460,16663,118988,136,19225,557,1,54967,0.0010000000000000009
124000,-5546,4242,132705,6462,-8596,138108,114,19225,557,1,54968,0.0010000000000000009
125001,-5229,-10363,127699,-8023,-12896,133004,100,19227,467,1,54969,0.0010010000000000019
126001,-704,-7466,130321,-21396,-6397,129411,100,19227,410,0,54970,0.0010000000000000009
127000,469,-2389,131707,7905,-3598,128734,146,19230,598,0,54971,0.0009989999999999999
128000,1369,16286,130129,3197,3917,119888,113,19228,463,0,54972,0.0010000000000000009
129000,-9474,840,129665,-29219,2997,135358,117,19226,479,1,54973,0.0010000000000000009
130000,-7583,-4823,130087,-7772,-7932,134534,130,19226,479,1,54974,0.0010000000000000009
131000,-7779,14621,130492,660,16903,118884,111,19227,532,1,54975,0.0010000000000000009
132003,-3540,11678,129743,-15927,5014,129786,111,19229,455,1,54976,0.0010029999999999761
133000,-1643,-10148,126693,-8499,-15412,130731,117,19219,479,0,54977,0.0009970000000000256
134000,-2956,-6886,125547,23,-9966,133712,110,19236,451,0,54978,0.0009999999999999731
135000,-1445,6640,127507,-10653,9057,119807,101,19230,414,0,54979,0.0010000000000000009
136002,-5583,18902,130141,-8866,13602,120783,127,19230,414,1,54980,0.0010020000000000029
137000,-7567,4842,126831,-7600,-2159,131917,119,19222,520,1,54981,0.0009979999999999989
138000,-5506,-3048,125989,-9808,-6488,128157,119,19226,487,1,54982,0.0010000000000000009
139000,578,-2718,127949,-1741,-5442,123912,105,19226,430,0,54983,0.0010000000000000009
140000,810,11981,124873,6795,5843,116314,136,19231,557,0,54984,0.0010000000000000009
141000,-1391,-5868,122575,-8553,-11028,132068,106,19228,434,0,54985,0.0010000000000000009
142000,-2000,2943,127218,-6465,1633,125688,113,19228,434,0,54986,0.0010000000000000009
143000,-2434,18415,127322,2239,15914,117286,152,19222,463,1,54987,0.0010000000000000009
144000,-1538,13237,127303,-4544,10143,123021,152,19228,623,1,54988,0.0010000000000000009
145000,6075,855,125104,-2330,-3244,127838,105,19230,430,1,54989,0.0010000000000000009
146000,8983,-7444,120866,10351,-11421,131534,102,19224,418,0,54990,0.0010000000000000009
147000,9709,11601,123718,8332,8238,116965,85,19227,348,0,54991,0.0010000000000000009
148000,6430,-2145,123077,2474,-6541,124337,114,19227,348,0,54992,0.0010000000000000009
149000,6257,-2136,126834,4261,-5559,131380,128,19228,467,1,54993,0.0010000000000000009
150000,3758,6514,128273,-2729,3743,126095,128,19221,524,1,54994,0.0010000000000000009
151000,4087,7979,127531,9316,2863,126533,113,19230,463,1,54995,0.0010000000000000009
152000,8400,-53,123857,8534,-2652,120011,97,19230,397,1,54996,0.0010000000000000009
153000,11499,-7808,125274,-639,-11496,132912,137,19230,561,0,54997,0.0010000000000000009
154000,10147,-1302,127639,12010,-4901,130766,102,19230,418,0,54998,0.0010000000000000009
155000,3388,2733,129998,7322,-1681,122032,106,19230,418,0,54999,0.0010000000000000009
156001,2103,9712,131891,-5664,5803,129125,136,19228,434,1,55000,0.0010010000000000019
157003,1935,-625,127763,1172,-6990,130348,136,19230,557,1,55001,0.0010020000000000029
158000,2116,7089,130551,7690,2929,129913,109,19230,446,1,55002,0.0009969999999999979
159002,7903,7548,128346,-3778,3262,124834,106,19222,434,0,55003,0.0010020000000000029
160002,5913,-7324,130310,2561,-8277,126419,126,19222,516,0,55004,0.0010000000000000009
161000,6334,-8960,131025,15448,-13158,137669,112,19231,516,0,55005,0.0009979999999999989
162002,-578,-4664,130122,-7560,-10443,124526,119,19228,459,0,55006,0.0010019999999999751
163000,-1358,19203,134957,-18124,11104,118122,119,19218,487,1,55007,0.0009980000000000266
164000,-4620,7625,132527,10675,9064,130245,109,19233,446,1,55008,0.0009999999999999731
165001,-1069,-8407,128368,-3580,-9480,137274,101,19232,414,1,55009,0.0010010000000000019
166000,-957,-10285,127081,-20197,-11657,133072,128,19232,524,0,55010,0.0009989999999999999
167000,2807,3658,129282,1389,7894,119948,103,19228,524,0,55011,0.0010000000000000009
168000,-3450,10754,131703,2386,2264,129040,109,19227,422,0,55012,0.0010000000000000009
169001,-5206,-5374,130086,-17213,-9517,135386,109,19224,446,1,55013,0.0010010000000000019
170000,-9879,-923,131202,-13381,292,131829,153,19225,627,1,55014,0.0009989999999999999
171000,-9961,12689,130471,-5886,11277,122207,112,19232,459,1,55015,0.0010000000000000009
172000,-3440,15105,130511,-10493,7339,125574,101,19226,414,1,55016,0.0010000000000000009
173000,-6001,-8155,125221,-8330,-13170,132988,163,19226,414,0,55017,0.0010000000000000009
174000,-2641,-10486,125059,-6846,-16455,128163,106,19238,668,0,55018,0.0010000000000000009
175001,-2884,20634,132995,-11989,9160,119270,106,19232,434,0,55019,0.0010010000000000019
176003,-2682,3684,125389,-2800,7336,125317,113,19217,463,1,55020,0.0010020000000000029
177000,-7924,5853,130176,-15999,891,128723,118,19229,483,1,55021,0.0009969999999999979
178000,-5134,6479,124090,-14439,3238,123699,106,19231,434,1,55022,0.0010000000000000009
179000,995,6725,124740,7446,1287,126413,121,19231,434,0,55023,0.0010000000000000009
180001,-518,-9056,125046,-182,-11046,128412,108,19224,496,0,55024,0.0010010000000000019
181000,330,1407,125483,-8018,60,121610,108,19228,442,0,55025,0.0009989999999999999
182002,-513,5935,127077,-4469,3393,127344,112,19227,459,0,55026,0.0010020000000000029
183000,-1058,8649,125865,3349,5887,122839,143,19224,586,1,55027,0.0009979999999999989
184000,-2277,16626,125985,-4225,8502,120573,112,19231,459,1,55028,0.0010000000000000009
185000,3163,6016,124171,-1345,3335,124009,97,19231,459,1,55029,0.0010000000000000009
186000,8700,-188,125006,8855,-3429,121716,108,19228,397,0,55030,0.0010000000000000009
187000,10738,-5453,126543,5767,-12006,132195,108,19232,442,0,55031,0.0010000000000000009
188000,4799,1044,124461,3344,-2066,124826,114,19228,467,0,55032,0.0010000000000000009
189000,2343,2888,129539,1203,83,130536,117,19222,479,1,55033,0.0010000000000000009
190000,4424,6005,125916,2485,4949,122161,121,19228,496,1,55034,0.0010000000000000009
191000,6178,10360,126880,4174,7737,129718,104,19228,496,1,55035,0.0010000000000000009
192000,7664,4377,124848,4690,-165,119426,109,19231,426,1,55036,0.0010000000000000009
193000,13160,-652,127094,7324,-5680,119715,109,19222,446,0,55037,0.0010000000000000009
194000,6723,-20155,125421,12474,-22643,141944,87,19231,356,0,55038,0.0009999999999999731
195000,2888,-3179,130120,-3817,-6809,123296,105,19225,430,0,55039,0.0010000000000000009
196000,3543,11174,131413,-5077,7643,127776,127,19225,520,1,55040,0.0010000000000000009
197000,-1707,10229,127777,11220,6241,124753,116,19225,475,1,55041,0.0010000000000000009
198000,2447,5893,129667,-4464,1613,127617,98,19232,475,1,55042,0.0010000000000000009
199000,9668,-15965,126132,-5597,-19866,134749,150,19225,401,0,55043,0.0010000000000000009
200000,10217,-2076,127973,19614,-6345,121220,150,19230,614,0,55044,0.0010000000000000009
201000,2460,-802,129824,5798,-4664,134142,105,19229,430,0,55045,0.0010000000000000009
202000,29,3135,132332,-23672,1832,122777,108,19223,442,0,55046,0.0010000000000000009
203000,-4634,3591,134232,-770,943,138225,144,19223,590,1,55047,0.0010000000000000009
204000,-9990,4597,129646,5234,-1271,127837,105,19232,590,1,55048,0.0010000000000000009
205000,-814,8214,130565,-19958,6838,121429,107,19231,430,1,55049,0.0010000000000000009
206001,1958,-8361,128963,-5546,-13067,141200,107,19220,438,0,55050,0.0010010000000000019
207001,6283,1797,128869,16101,-6056,125882,98,19230,401,0,55051,0.0010000000000000009
208000,-7771,6146,131268,-12606,2151,126771,109,19228,446,0,55052,0.0009989999999999999
209000,-5685,3088,130079,-24103,-589,125175,127,19228,520,1,55053,0.0010000000000000009
210000,-7327,8548,132327,182,1372,136779,117,19220,520,1,55054,0.0010000000000000009
211000,-8186,4066,126593,-9718,-6744,118340,100,19229,479,1,55055,0.0010000000000000009
212000,-1268,11533,130569,-17179,9532,123941,100,19229,410,1,55056,0.0010000000000000009
213003,-1904,-5595,126378,-4352,-11710,133797,140,19223,573,0,55057,0.0010030000000000039
214003,929,-4783,125272,528,-5201,126125,103,19232,422,0,55058,0.0010000000000000009
215002,-3914,6825,130256,-11894,1426,128019,107,19230,438,0,55059,0.0009989999999999999
216002,-6468,10441,126901,-11957,11895,117679,144,19230,438,1,55060,0.0010000000000000009
217000,-6590,10770,128677,-5484,3910,132069,116,19227,590,1,55061,0.0009979999999999989
218000,-2823,2335,125918,-12551,2173,123137,116,19230,475,1,55062,0.0010000000000000009
219000,1213,11875,125733,7435,5184,122714,108,19225,442,0,55063,0.0010000000000000009
220000,-919,-2995,123386,-8226,-2487,128240,113,19227,463,0,55064,0.0010000000000000009
221000,3448,1920,125853,-10768,-7556,122414,115,19228,471,0,55065,0.0010000000000000009
222000,2184,15554,129097,12016,5446,128918,122,19228,471,1,55066,0.0010000000000000009
223000,-3828,4276,123679,-8854,7488,119815,117,19217,500,1,55067,0.0010000000000000009
224000,-1476,7710,129699,-5455,622,130241,117,19230,479,1,55068,0.0009999999999999731
225000,5730,9150,123621,10219,5598,119079,104,19232,426,1,55069,0.0010000000000000009
226000,9627,6193,123129,5597,524,124567,126,19232,516,0,55070,0.0010000000000000009
227000,6957,-9553,126479,1259,-13453,128414,104,19227,426,0,55071,0.0010000000000000009
228000,6987,-257,124788,3194,-2206,124708,109,19227,426,0,55072,0.0010000000000000009
229000,4204,7928,128628,10040,5486,131530,147,19226,446,1,55073,0.0010000000000000009
230000,2089,10191,128105,-910,10230,119718,147,19231,602,1,55074,0.0010000000000000009
231000,9333,6782,126355,36,1861,129385,114,19232,467,1,55075,0.0010000000000000009
232000,9632,-409,124801,10509,-2637,125065,101,19228,414,0,55076,0.0010000000000000009
233000,10223,-4424,129217,6349,-10720,128578,129,19229,528,0,55077,0.0010000000000000009
234000,7300,-4813,125799,10524,-10551,129161,109,19229,528,0,55078,0.0010000000000000009
235000,4022,105,129516,-3552,-3166,127866,113,19225,446,0,55079,0.0010000000000000009
236000,2912,8379,131986,3338,5706,129975,113,19223,463,1,55080,0.0010000000000000009
237000,-2393,18759,130800,4089,16155,121980,114,19229,467,1,55081,0.0010000000000000009
238002,5668,1205,128621,-5523,-2770,130931,106,19233,434,1,55082,0.0010020000000000029
239000,8378,-14107,130485,4693,-18757,131975,121,19217,496,0,55083,0.0009979999999999989
240000,13983,-8478,129010,15016,-10257,128935,95,19217,496,0,55084,0.0010000000000000009
241000,2169,6777,131264,11758,4314,126455,102,19232,389,0,55085,0.0010000000000000009
242000,-1248,-2976,129187,-23027,-6568,130137,102,19228,418,1,55086,0.0010000000000000009
243000,-4662,11420,133180,-9743,7549,129107,135,19223,553,1,55087,0.0010000000000000009
244000,-5107,4999,132763,4921,3395,126979,111,19230,455,1,55088,0.0010000000000000009
245000,-3689,-8943,129231,-6707,-14413,133137,99,19228,405,1,55089,0.0010000000000000009
246000,-212,-10735,127016,-16770,-16069,130306,140,19228,573,0,55090,0.0010000000000000009
247000,3083,293,127773,3061,-2910,127908,107,19233,573,0,55091,0.0010000000000000009
248000,-2377,7812,130488,3606,2828,129167,114,19225,438,0,55092,0.0010000000000000009
249000,-8790,8218,131581,-22256,5169,122795,114,19221,467,1,55093,0.0010000000000000009
250000,-6778,111,130672,-15953,-952,134374,130,19226,532,1,55094,0.0010000000000000009
251000,-4490,7251,130080,-4790,3691,125293,109,19224,446,1,55095,0.0010000000000000009
252001,-2993,631,128288,503,-1232,130058,116,19224,475,0,55096,0.0010009999999999741
253001,-5429,-4092,124566,-14984,-9108,125600,109,19218,475,0,55097,0.0010000000000000009
254001,-5103,4635,127553,-11049,-47,125275,104,19229,446,0,55098,0.0010000000000000009
255000,-1003,3719,127594,-4982,-977,127240,104,19228,426,0,55099,0.0009990000000000276
256000,-7466,5016,127739,658,2777,124368,128,19228,524,1,55100,0.0010000000000000009
257000,-7812,3812,127162,-17534,-3485,127399,119,19227,487,1,55101,0.0010000000000000009
258002,-184,8594,127438,-12186,6823,119853,102,19224,418,1,55102,0.0010020000000000029
259000,1974,-2994,126633,7696,-1128,135873,146,19224,418,0,55103,0.0009979999999999989
260000,2205,-8165,122061,-2455,-3497,122255,109,19230,598,0,55104,0.0010000000000000009
261000,-3415,8612,127815,-7590,6590,122858,109,19225,446,0,55105,0.0010000000000000009
262000,1798,11041,126408,-4316,8019,124750,109,19226,446,1,55106,0.0010000000000000009
263000,-4292,13184,126150,-1596,7260,121962,149,19228,610,1,55107,0.0010000000000000009
264000,2111,2006,126438,-5696,4398,132921,108,19233,442,1,55108,0.0010000000000000009
265000,3817,3287,121702,13559,1979,115728,105,19233,442,0,55109,0.0010000000000000009
266000,7733,4105,123915,-7134,-2394,127111,89,19222,430,0,55110,0.0010000000000000009
267000,9993,-1032,125726,14803,-6689,125057,89,19229,365,0,55111,0.0010000000000000009
268001,2291,-1018,126231,10982,-9851,125381,115,19228,471,0,55112,0.0010009999999999741
269000,4003,8006,129045,-14869,4514,125830,126,19227,516,1,55113,0.0009989999999999721
270000,4060,10719,129317,6124,11119,120843,112,19225,459,1,55114,0.0010000000000000009
271000,9800,3704,126758,13073,-306,131974,101,19225,459,1,55115,0.0010000000000000009
272000,7716,8818,126450,-3578,7221,116806,136,19229,414,0,55116,0.0010000000000000009
273000,8591,-3021,126003,5547,-6817,139524,136,19229,557,0,55117,0.0010000000000000009
274000,8517,-15440,125445,21476,-14667,128550,101,19231,414,0,55118,0.0010000000000000009
275000,3919,2763,129969,-7690,-924,129027,105,19226,430,1,55119,0.0010000000000000009
276000,1209,8161,131824,-5432,6308,125817,135,19228,553,1,55120,0.0010000000000000009
277000,594,17647,131339,8290,13094,121246,111,19228,553,1,55121,0.0010000000000000009
278000,3930,-4508,128683,-4839,-11030,138737,105,19228,455,1,55122,0.0010000000000000009
279000,7742,-13049,124822,4733,-16899,124004,105,19226,430,0,55123,0.0010000000000000009
280000,10108,-3428,132255,15332,-7278,132805,129,19228,528,0,55124,0.0010000000000000009
281000,-403,1298,129761,-5460,-30,126456,113,19230,463,0,55125,0.0010000000000000009
282000,5248,13731,133328,-21685,11135,126133,117,19220,479,1,55126,0.0010000000000000009
283000,-9436,4658,131932,7032,361,131363,112,19220,479,1,55127,0.0010000000000000009
284000,-4620,-391,129949,-1677,-2927,126276,102,19230,459,1,55128,0.0010000000000000009
285001,-2296,-9107,129096,-22742,-13108,136189,102,19231,418,0,55129,0.0010010000000000296
286000,1022,-348,132102,5651,-4427,124134,126,19231,516,0,55130,0.0009989999999999721
287000,1630,4670,129600,1085,1658,126217,101,19232,414,0,55131,0.0010000000000000009
288000,-7256,-1237,131250,-16407,-4280,131531,108,19228,442,0,55132,0.0010000000000000009
289000,-7290,6530,130756,-12135,4137,127496,149,19228,610,1,55133,0.0010000000000000009
290000,-9731,7002,130801,-10804,4269,133757,114,19228,610,1,55134,0.0010000000000000009
291000,-3710,14889,129684,-6216,11841,119030,100,19231,467,1,55135,0.0010000000000000009
292002,-4615,-2217,127476,-12490,-5374,128833,100,19228,410,0,55136,0.0010020000000000029
293000,-2355,-13769,123552,-10630,-19281,132621,157,19234,643,0,55137,0.0009979999999999989
294000,355,3064,127668,-945,-901,126096,103,19227,422,0,55138,0.0010000000000000009
295000,-4873,5868,127075,-13992,2112,128302,113,19227,463,1,55139,0.0010000000000000009
296000,-7224,16561,130182,-4404,14113,116532,117,19219,463,1,55140,0.0010000000000000009
297000,-7831,-337,128051,-14547,-1256,135809,107,19227,479,1,55141,0.0010000000000000009
298000,-2877,4862,125823,-9215,816,121386,107,19231,438,1,55142,0.0010000000000000009
299000,1569,6325,125997,4056,3996,121834,115,19225,471,0,55143,0.0010000000000000009
300000,2964,-3944,122497,693,-8202,130245,96,19227,393,0,55144,0.0010000000000000009
301001,360,6632,125554,-6080,2452,125074,109,19227,446,0,55145,0.0010009999999999741
302000,-269,8979,126163,-7183,3562,126968,140,19225,446,1,55146,0.0009990000000000276
303000,-2352,18351,128127,4313,17435,116719,112,19221,573,1,55147,0.0010000000000000009
304000,4998,2824,125569,-4527,-770,139081,112,19227,459,1,55148,0.0010000000000000009
305000,7511,-4730,121005,450,-11816,116630,92,19225,377,0,55149,0.0010000000000000009
306000,9512,3549,124836,10873,2564,123827,108,19232,442,0,55150,0.0010000000000000009
307000,8115,-35,127416,5876,-6834,124208,116,19228,475,0,55151,0.0010000000000000009
308002,4592,-5970,126732,1155,-7836,134159,121,19228,475,0,55152,0.0010020000000000029
309000,-942,4221,127660,8376,1138,123045,120,19220,496,1,55153,0.0009979999999999989
310000,3285,25176,129463,-6621,13694,111222,120,19224,491,1,55154,0.0010000000000000009
311000,8666,3385,126580,16042,-5903,134306,104,19232,426,1,55155,0.0010000000000000009
312001,10967,-1366,126499,4315,-2984,120682,109,19221,446,0,55156,0.0010009999999999741
313000,11912,-1684,126579,4300,-9809,133223,88,19233,360,0,55157,0.0009990000000000276
314002,4808,-7489,128185,14918,-8744,128274,108,19233,360,0,55158,0.0010020000000000029
315000,4776,1137,129812,-9354,-4840,128620,129,19228,442,1,55159,0.0009979999999999989
316000,524,15925,132087,-661,12872,127223,129,19224,528,1,55160,0.0010000000000000009
317003,3147,10083,127143,10821,8080,121464,112,19232,459,1,55161,0.0010029999999999761
318001,7156,31,128533,629,-7211,131485,100,19226,410,1,55162,0.0009979999999999989
319000,10425,-6469,126659,4049,-13139,122692,151,19227,618,0,55163,0.0009990000000000276
320000,10123,-4572,130052,10921,-5997,135648,113,19227,618,0,55164,0.0010000000000000009
321000,-356,-3594,131242,-5336,-2690,125229,112,19229,463,0,55165,0.0010000000000000009
322001,1597,7039,133081,-17917,1079,128494,112,19224,459,1,55166,0.0010009999999999741
323000,-6980,1827,132063,5249,-833,134114,141,19228,577,1,55167,0.0009990000000000276
324000,-6491,3499,131833,-3034,-331,125314,109,19227,446,1,55168,0.0010000000000000009
325000,1392,-5668,128921,-21313,-8674,133112,105,19222,430,0,55169,0.0010000000000000009
326000,-2800,1711,130063,3648,-2083,123088,95,19222,430,0,55170,0.0010000000000000009
327001,432,139,130524,305,-3668,131931,111,19232,389,0,55171,0.0010009999999999741
328000,-7881,10340,132769,-16595,5609,127605,111,19228,455,0,55172,0.0009989999999999721
329000,-8268,3833,130322,-18727,2666,131807,127,19224,520,1,55173,0.0010000000000000009
330000,-6449,9430,131993,-1760,6407,131504,116,19228,475,1,55174,0.0010000000000000009
331001,-3641,9132,127915,-6486,5761,121586,102,19231,418,1,55175,0.0010010000000000296
332000,-2430,-4318,127078,-12722,-8054,131344,139,19231,418,0,55176,0.0009989999999999721
333000,-4004,-5575,126496,-7394,-7452,128623,101,19220,569,0,55177,0.0010000000000000009
334000,1298,8098,128321,-3849,4671,125912,101,19230,414,0,55178,0.0010000000000000009
335001,-7367,1563,126423,-5523,-1924,126482,105,19228,430,1,55179,0.0010010000000000296
336000,-7872,17551,129174,-16627,14777,118390,143,19224,586,1,55180,0.0009989999999999721
337001,-5761,-3934,123897,-7172,-8580,137899,116,19229,475,1,55181,0.0010010000000000296
338001,-1249,7518,125785,-563,4132,117850,105,19229,430,0,55182,0.0010000000000000009
339000,719,1911,126177,-10952,-2904,125939,102,19223,430,0,55183,0.0009989999999999721
340001,1601,-4960,125193,6259,-5373,117900,109,19230,418,0,55184,0.0010010000000000296
341000,3409,-10147,124528,-6600,-12741,136325,109,19230,446,0,55185,0.0009989999999999721
342000,-5108,3933,126320,-2359,-1139,130905,124,19221,508,1,55186,0.0010000000000000009
343000,-3452,31244,129506,2569,28659,106629,114,19229,467,1,55187,0.0010000000000000009
344000,3161,3613,126088,-6668,4337,131904,99,19229,405,1,55188,0.0010000000000000009
345001,6579,92,122558,4550,-6831,126057,123,19232,405,0,55189,0.0010010000000000296
346000,10370,-2120,122789,8022,-9600,126293,104,19232,504,0,55190,0.0009989999999999721
347000,4091,6545,125479,11909,312,118010,104,19231,426,0,55191,0.0010000000000000009
348000,6829,-5986,125983,-2129,-6085,129801,113,19229,463,1,55192,0.0010000000000000009
349000,1772,1708,128116,-2256,-6191,120701,149,19229,610,1,55193,0.0010000000000000009
350000,3918,16573,128658,6958,14669,124810,114,19231,467,1,55194,0.0010000000000000009
351000,8179,-825,123629,4666,-8392,122516,97,19231,467,1,55195,0.0010000000000000009
352000,10377,208,127484,2667,2908,127175,129,19228,397,0,55196,0.0010000000000000009
353000,13617,-16266,126426,4332,-15593,140231,129,19234,528,0,55197,0.0010000000000000009
354002,2820,6096,127689,20872,5149,117938,105,19230,430,0,55198,0.0010020000000000029
355000,3582,6370,130558,-8255,6065,131794,113,19221,463,1,55199,0.0009979999999999989
356000,1094,12926,130770,-7439,11288,124654,110,19226,451,1,55200,0.0010000000000000009
357000,2369,3244,128540,13709,-4248,130646,104,19226,451,1,55201,0.0010000000000000009
358000,5877,-352,128894,-5787,-2816,126786,119,19233,426,1,55202,0.0010000000000000009
359000,10338,-6969,127650,8691,-12063,126530,119,19218,487,0,55203,0.0010000000000000009
360000,6923,-5361,129738,16598,-5445,134973,95,19229,389,0,55204,0.0010000000000000009
361000,645,-2003,130484,-19864,-3613,125569,106,19228,434,0,55205,0.0010000000000000009
362000,-4919,13945,134381,-10090,5306,127135,134,19224,549,1,55206,0.0010000000000000009
363000,-5680,22912,133619,1713,19756,128249,113,19224,549,1,55207,0.0010000000000000009
364000,-5428,-1410,128899,-5638,-6502,130389,97,19234,463,1,55208,0.0010000000000000009
365001,5885,-19068,131097,-15034,-18832,138680,97,19229,397,0,55209,0.0010009999999999741
366000,-824,11549,129233,6958,8014,116752,151,19231,618,0,55210,0.0009990000000000276
367000,2153,3102,130097,-3196,2688,128951,107,19229,438,0,55211,0.0010000000000000009
368000,-7720,6078,132474,-18041,-1781,127739,113,19222,463,1,55212,0.0010000000000000009
369000,-10508,-10113,127765,-12856,-11044,141213,136,19222,463,1,55213,0.0010000000000000009
370000,-8443,13345,133408,-8934,12676,118515,109,19231,557,1,55214,0.0010000000000000009
371000,-4990,11271,131036,-7161,6719,122821,109,19228,446,1,55215,0.0010000000000000009
372000,-205,-2031,125550,-7669,-6859,133165,114,19218,467,0,55216,0.0010000000000000009
373000,-3607,-9089,126241,-3567,-13004,131506,120,19230,491,0,55217,0.0010000000000000009
374000,-2135,4679,127734,-7319,2114,125449,103,19227,422,0,55218,0.0010000000000000009
375000,-5543,24698,130287,-12510,22016,114330,125,19227,422,1,55219,0.0010000000000000009
376000,-7595,6736,127747,-6271,1908,130740,118,19223,512,1,55220,0.0010000000000000009
377000,-6677,-757,126979,-8460,-5053,132163,118,19228,483,1,55221,0.0010000000000000009
378000,1309,5102,124985,-7592,1746,122976,105,19228,430,0,55222,0.0010000000000000009
379000,706,7410,125581,4515,5076,121630,143,19235,586,0,55223,0.0010000000000000009
380000,3011,-4503,123619,-4061,-8616,127077,107,19228,438,0,55224,0.0010000000000000009
381000,-1329,-2273,125452,-6544,-5713,130355,110,19228,451,0,55225,0.0010000000000000009
382000,-1417,9669,126787,-2342,6283,116528,152,19226,451,1,55226,0.0010000000000000009
383001,-2170,13410,126901,462,11859,123676,110,19227,623,1,55227,0.0010009999999999741
384000,1415,4948,123513,252,1913,125366,110,19232,451,1,55228,0.0009990000000000276
385001,10723,888,123434,-2216,-3662,121285,106,19222,434,0,55229,0.0010009999999999741
386000,11184,-6679,124055,18665,-13824,126786,85,19228,348,0,55230,0.0009990000000000276
387000,5990,-1848,126509,4547,-2497,119763,114,19228,467,0,55231,0.0009999999999999454
388000,2481,-3195,125112,-2745,-7847,130697,126,19227,467,1,55232,0.0010000000000000009
389000,1073,9101,131169,1427,5486,129173,115,19221,516,1,55233,0.0010000000000000009
390000,2953,6873,125282,1919,2571,122655,115,19227,471,1,55234,0.0010000000000000009
391000,6566,7240,127031,7780,7733,119415,101,19229,414,1,55235,0.0010000000000000009
392000,13347,-3893,124565,325,-4302,126215,133,19229,545,0,55236,0.0010000000000000009
393001,9505,-8308,126199,15218,-12263,130999,103,19229,422,0,55237,0.0010010000000000296
394000,6095,-2554,127657,10689,-7443,129118,104,19230,422,0,55238,0.0009989999999999721
395000,2282,2346,129408,-10839,-3014,129686,139,19228,426,1,55239,0.0010000000000000009
396000,442,15675,132077,4015,11741,125911,139,19228,569,1,55240,0.0010000000000000009
397000,715,3158,128126,6053,3031,130150,111,19232,455,1,55241,0.0010000000000000009
398000,6319,-5713,126980,-6303,-10583,131664,101,19225,414,0,55242,0.0010000000000000009
399000,12537,-15698,128559,1647,-17723,128965,125,19231,512,0,55243,0.0010000000000000009
400000,3799,647,127739,24004,-5583,125817,107,19231,512,0,55244,0.0010000000000000009
401001,479,1947,132629,-14447,-342,132453,117,19228,438,0,55245,0.0010010000000000296
402000,-4933,6863,132938,-24934,8006,125226,117,19222,479,1,55246,0.0009989999999999721
403000,-7337,10081,131815,14519,5690,130072,116,19231,475,1,55247,0.0010000000000000009
404000,-5494,-921,128867,-4852,-9709,129235,98,19231,401,1,55248,0.0010000000000000009
405000,-348,-15171,128026,-9605,-17371,133657,121,19224,496,0,55249,0.0010000000000000009
406000,7382,8337,131119,13038,5736,125931,102,19224,496,0,55250,0.0010000000000000009
407001,-2086,1220,129129,-9608,-3249,129193,110,19227,418,0,55251,0.0010010000000000296
408000,-6819,11520,133209,-20194,7136,122328,110,19220,451,1,55252,0.0009989999999999721
409000,-10133,1743,129604,-15120,-6908,137477,148,19227,606,1,55253,0.0010000000000000009
410000,-6896,19555,131243,-182,23264,120289,114,19228,467,1,55254,0.0010000000000000009
411000,-3369,12820,130103,-10236,6603,122532,102,19234,418,1,55255,0.0010000000000000009
412000,-2705,-10369,124792,-10776,-13478,130075,170,19234,418,0,55256,0.0010000000000000009
413000,-96,-2235,127448,-5428,-5889,128495,107,19235,696,0,55257,0.0010000000000000009
414000,361,1253,127532,-5579,-104,128520,107,19229,438,0,55258,0.0010000000000000009
415000,-7010,18882,130076,-3674,15430,118962,112,19222,459,1,55259,0.0010000000000000009
416000,-7633,5484,127430,-21147,-272,129346,123,19228,504,1,55260,0.0010000000000000009
417000,-3455,5397,127953,-5487,2859,126227,109,19231,446,1,55261,0.0010000000000000009
418000,3058,10685,125762,6508,9493,127121,118,19231,446,0,55262,0.0010000000000000009
419000,-278,-3597,122245,-2362,-5126,127379,96,19223,483,0,55263,0.0010000000000000009
420000,2436,-955,125034,-6816,-3947,124407,96,19231,393,0,55264,0.0010000000000000009
421000,1625,6593,125884,-2129,5109,123335,112,19229,459,0,55265,0.0010000000000000009
422000,-1049,18302,128525,3597,14310,124814,136,19225,557,1,55266,0.0010000000000000009
423000,-2130,6878,124183,-8115,3867,123260,115,19236,471,1,55267,0.0010000000000000009
424000,4536,8315,126163,-451,4568,125800,97,19236,397,1,55268,0.0010000000000000009
425000,11027,-1379,122852,12817,-5417,123642,114,19226,397,0,55269,0.0010000000000000009
426000,10320,-1335,124687,7394,-5878,126519,115,19232,467,0,55270,0.0010000000000000009
427000,3550,-179,127390,-2865,-3012,128986,115,19226,471,0,55271,0.0010000000000000009
428000,3805,3220,126502,6395,288,124745,120,19225,491,1,55272,0.0010000000000000009
429000,881,12952,131058,4106,10922,124439,128,19230,524,1,55273,0.0010000000000000009
430000,4474,2585,124909,-1787,-626,124429,108,19230,442,1,55274,0.0010000000000000009
431002,10529,5854,126096,3818,3538,123271,109,19232,442,1,55275,0.0010020000000000029
432000,11054,329,126213,8969,-3519,126321,98,19219,446,0,55276,0.0009979999999999989
433001,7781,-18834,127351,12251,-21574,132940,98,19227,401,0,55277,0.0010009999999999741
434000,2522,-10750,129682,981,-11560,129587,114,19229,467,0,55278,0.0009990000000000276
435000,3473,12238,130630,-13308,7998,126899,128,19223,524,1,55279,0.0010000000000000009
436001,-425,22436,132247,14843,18563,126733,115,19223,471,1,55280,0.0010009999999999741
437000,2784,6466,128325,1839,5838,124250,101,19230,471,1,55281,0.0009990000000000276
438000,9317,-9003,128857,-9635,-12523,135083,143,19229,414,0,55282,0.0010000000000000009
439000,6690,-7087,127760,18085,-11686,126991,143,19227,586,0,55283,0.0010000000000000009
440000,7824,-1952,128753,11363,-4643,129466,103,19232,422,0,55284,0.0010000000000000009
441000,-552,3985,134667,-21788,-849,127095,105,19227,430,0,55285,0.0010000000000000009
442000,-3682,3591,132570,-2258,4017,132107,148,19225,606,1,55286,0.0010000000000000009
443000,-8699,-286,129321,4485,-4276,122359,110,19225,606,1,55287,0.0010000000000000009
444000,-5239,5163,130678,-21911,2456,129469,105,19232,451,1,55288,0.0010000000000000009
445000,3880,-11667,127275,-8252,-20146,130551,105,19222,430,0,55289,0.0010000000000000009
446001,4348,2852,130954,15699,1099,122919,104,19228,426,0,55290,0.0010009999999999741
447002,-3139,-73,131436,-17275,-2842,133900,111,19230,455,0,55291,0.0010009999999999741
448002,-8568,1828,129354,-10653,-578,127651,128,19224,524,1,55292,0.0010000000000000009
449002,-9967,2992,130979,-5765,4776,132363,116,19224,524,1,55293,0.0010000000000000009
450000,-9062,11932,129925,-15413,12674,123905,100,19229,475,1,55294,0.0009979999999999989
451000,-3268,5839,127897,-11431,-140,128017,100,19228,410,1,55295,0.0010000000000000009
452000,-3195,-5442,126789,-1922,-11282,130966,129,19220,528,0,55296,0.0010000000000000009
453000,-1219,-1929,126486,-6953,-3142,127543,97,19231,397,0,55297,0.0010000000000000009
454000,-1940,1415,127703,-10270,2858,123657,105,19225,430,0,55298,0.0010000000000000009
455001,-5817,15911,129814,-5502,10471,127207,150,19225,430,1,55299,0.0010010000000000296
456000,-7677,3235,123459,-10998,-252,125894,117,19228,614,1,55300,0.0009989999999999721
457000,-5214,29956,128607,-10729,31137,114452,117,19232,479,1,55301,0.0010000000000000009
458002,1140,-5514,123451,1266,-11947,130452,103,19225,422,0,55302,0.0010020000000000029
459002,5376,-10827,126231,2819,-10231,130169,110,19232,451,0,55303,0.0010000000000000009
460000,3153,1949,125734,-4700,1085,127045,112,19228,459,0,55304,0.0009979999999999989
461000,-1673,13151,127045,-2674,14996,115387,121,19228,459,0,55305,0.0010000000000000009
462000,-2504,15419,127321,-3333,9393,129006,121,19224,496,1,55306,0.0010000000000000009
463006,-1533,-6049,120678,-5300,-8056,130398,121,19231,496,1,55307,0.0010060000000000069
464000,5864,12717,126930,3163,11489,117142,101,19232,414,1,55308,0.0009939999999999949
465000,6784,4869,124561,8126,496,121289,117,19229,479,0,55309,0.0010000000000000009
466000,10589,-2148,124902,6737,-6151,124290,101,19231,414,0,55310,0.0010000000000000009
467000,4858,-11996,125467,901,-16288,138600,115,19231,414,0,55311,0.0010000000000000009
468000,3464,7546,127308,4255,4904,119842,146,19227,471,1,55312,0.0010000000000000009
469000,1063,24828,129176,3864,23458,118302,146,19230,598,1,55313,0.0010000000000000009
470000,6319,4380,127077,534,290,130576,111,19230,455,1,55314,0.0010000000000000009
471000,12980,-4848,125455,7402,-8252,131350,96,19224,393,0,55315,0.0010000000000000009
472000,8241,5666,127038,9887,2452,122659,144,19231,590,0,55316,0.0010000000000000009
473000,7823,-5304,126685,6557,-9414,126493,114,19231,467,0,55317,0.0010000000000000009
474000,4419,-678,130678,-923,-4594,131746,112,19230,467,0,55318,0.0010000000000000009
475000,1442,1161,130057,-58,-2350,135276,116,19224,459,1,55319,0.0010000000000000009
476000,7,14030,131540,2190,10671,121732,116,19229,475,1,55320,0.0010000000000000009
477000,3112,10297,130742,-1102,7757,121898,105,19230,430,1,55321,0.0010000000000000009
478000,11315,-16837,126477,298,-18201,135660,117,19216,479,0,55322,0.0010000000000000009
479000,8844,-7365,131429,14192,-10268,127548,91,19216,373,0,55323,0.0010000000000000009
480000,3580,-8980,128677,9021,-11807,136397,101,19233,373,0,55324,0.0010000000000000009
481000,-2885,16588,132471,-21028,13039,113743,129,19229,414,1,55325,0.0010000000000000009
482000,-3627,5428,133632,-9525,3885,133013,129,19223,528,1,55326,0.0010000000000000009
483000,-6906,-6156,128247,11139,-9674,136800,113,19230,463,1,55327,0.0010000000000000009
484000,-2464,-624,129027,-15765,-4677,120533,98,19227,401,1,55328,0.0010000000000000009
485002,-776,-4964,127986,-14752,-9412,135901,143,19233,586,0,55329,0.0010020000000000029
486000,6200,4531,129801,11814,379,117140,108,19233,586,0,55330,0.0009979999999999989
487000,-8170,-230,131739,-2531,-1913,134232,113,19228,442,0,55331,0.0010000000000000009
488000,-7533,2589,129150,-29701,-1953,128323,113,19225,463,1,55332,0.0010000000000000009
489000,-10452,4292,130908,-4669,3010,127831,133,19230,545,1,55333,0.0010000000000000009
490002,-3102,7023,129664,-2948,3197,121764,112,19228,459,1,55334,0.0010020000000000029
491000,-2729,4085,128251,-10238,2725,128835,113,19221,463,0,55335,0.0009979999999999989
492000,-4611,-13333,125417,-8376,-16183,132989,115,19221,463,0,55336,0.0010000000000000009
493002,-414,8475,127694,-12840,7449,116019,103,19231,471,0,55337,0.0010020000000000029
494000,-6844,4277,127676,-2520,-6364,136642,103,19228,422,0,55338,0.0009979999999999989
495000,-7309,3795,127382,-7781,4477,122795,125,19224,512,1,55339,0.0010000000000000009
496000,-9422,8187,129730,-16972,3743,126880,117,19228,479,1,55340,0.0010000000000000009
497000,1389,6886,125367,-5988,8061,123606,103,19230,422,1,55341,0.0010000000000000009
498000,477,1833,124718,11294,-6969,122145,143,19230,422,0,55342,0.0010000000000000009
499000,1290,-2354,124915,-9697,-10963,126675,106,19234,586,0,55343,0.0010000000000000009
500003,3811,6066,124751,876,6493,123808,106,19228,434,0,55344,0.0010029999999999761
501000,-3834,7197,126886,703,6013,127959,111,19225,455,1,55345,0.0009970000000000256
502000,-1876,15216,126435,-9212,13305,116840,154,19228,631,1,55346,0.0010000000000000009
503000,-968,8749,124353,1024,465,127064,110,19232,451,1,55347,0.0010000000000000009
504000,9500,9526,124750,7727,12546,129860,101,19232,451,0,55348,0.0010000000000000009
505000,12725,1333,122034,7603,-2834,115188,95,19223,414,0,55349,0.0010000000000000009
506000,8461,-7478,126596,12051,-10045,131094,95,19225,389,0,55350,0.0010000000000000009
507000,4815,-840,126347,-59,-4685,125813,117,19228,479,0,55351,0.0010000000000000009
508000,3024,-1838,128271,-309,-8971,126861,126,19224,516,1,55352,0.0010000000000000009
509000,3831,16825,130057,6412,15342,124191,114,19229,467,1,55353,0.0010000000000000009
510000,4260,10951,126004,-772,5575,119158,99,19229,467,1,55354,0.0010000000000000009
511000,11669,-3120,126061,7883,-5915,128241,131,19230,405,0,55355,0.0010000000000000009
512000,9781,-8388,126115,10130,-13128,130568,131,19222,537,0,55356,0.0010000000000000009
513000,8235,-7778,127806,11431,-10308,131152,103,19228,422,0,55357,0.0010000000000000009
514000,2213,8204,130337,-1594,5878,121620,103,19225,422,1,55358,0.0010000000000000009
515000,1132,11515,130608,-7895,6340,125921,135,19234,553,1,55359,0.0010000000000000009
516000,2184,5852,130893,9336,3096,138840,110,19234,451,1,55360,0.0010000000000000009
517000,3737,-473,126535,1739,-3397,118232,101,19230,451,1,55361,0.0010000000000000009
518000,10019,-7129,129441,-4132,-11360,132644,135,19225,414,0,55362,0.0010000000000000009
519000,10635,-5822,127807,24354,-8661,129242,135,19231,553,0,55363,0.0010000000000000009
520000,4998,-3513,127870,645,-8153,135990,105,19227,430,0,55364,0.0010000000000000009
521000,1914,13317,133884,-25586,11054,120702,112,19224,459,1,55365,0.0010000000000000009
522001,-5584,12209,133272,9383,10745,125870,116,19224,475,1,55366,0.0010009999999999186
523001,-5556,-6616,129945,-1081,-10483,137700,101,19231,475,1,55367,0.0010000000000000009
524002,-4371,-11048,129739,-21765,-14047,129891,123,19231,414,0,55368,0.0010010000000000296
525000,3804,208,130717,-2556,-5877,134720,123,19224,504,0,55369,0.0009980000000000544
526000,-3412,15115,131602,8071,14438,119080,102,19227,418,0,55370,0.0010000000000000009
527000,-5335,-2997,131132,-20582,-7613,131199,110,19224,451,0,55371,0.0010000000000000009
528000,-7997,3355,132297,-17056,5290,131675,145,19224,594,1,55372,0.0010000000000000009
529000,-7695,6652,129209,-2673,936,130838,115,19228,594,1,55373,0.0010000000000000009
530000,-7096,18779,133922,-7797,19430,120702,103,19230,471,1,55374,0.0010000000000000009
531000,-4522,-11257,125523,-16530,-10717,129099,103,19225,422,0,55375,0.0010000000000000009
532000,-3482,-5167,127006,-7106,-9938,132906,170,19231,696,0,55376,0.0010000000000000009
533000,-2878,-2328,124717,-5288,-5559,127822,116,19231,475,0,55377,0.0010000000000000009
534000,-2601,22360,129585,-10350,15492,114320,115,19224,471,1,55378,0.0010000000000000009
535000,-6635,6414,127827,-6436,3801,130087,124,19224,471,1,55379,0.0010000000000000009
536000,-5744,-1486,125193,-10735,-5786,128390,111,19232,508,1,55380,0.0009999999999998899
537000,-291,6677,127598,-8237,3051,124017,111,19228,455,1,55381,0.0010000000000000009
538000,-183,3964,124093,3163,1734,120659,119,19228,487,0,55382,0.0010000000000000009
539000,2996,-5571,124360,-1145,-5441,136643,95,19231,389,0,55383,0.0010000000000000009
540000,-179,-3390,125028,-8487,-4806,121157,108,19228,442,0,55384,0.0010000000000000009
541000,-642,18053,127269,-2820,15270,120725,133,19228,442,1,55385,0.0010000000000000009
542000,-4371,8491,129057,2751,-769,127811,114,19220,545,1,55386,0.0010000000000000009
543000,431,7693,125085,-2631,1127,122833,114,19231,467,1,55387,0.0010000000000000009
544002,7743,3009,124477,-2098,2492,133197,98,19230,401,0,55388,0.0010020000000000584
545002,6397,6904,124001,6595,6353,114116,125,19229,512,0,55389,0.0010000000000000009
546002,11791,-4194,125277,13058,-9650,132220,111,19225,455,0,55390,0.0010000000000000009
547000,2751,-4403,123960,-1203,-3104,125226,115,19225,455,0,55391,0.0009979999999999434
548011,4854,6613,128495,-4471,5091,125462,132,19224,471,1,55392,0.0010110000000000952
549002,5021,14490,128641,12798,13690,122060,132,19231,541,1,55393,0.0009909999999999641
550000,8843,6955,125282,2845,-2210,124662,109,19232,446,1,55394,0.0009979999999999434
551000,11133,1685,125114,7359,5678,127667,106,19224,434,0,55395,0.0010000000000000009
552000,9601,-6214,125421,7473,-12490,124201,96,19230,393,0,55396,0.0010000000000000009
553000,9653,-11473,130265,10594,-14759,139186,106,19230,393,0,55397,0.0010000000000000009
554000,391,11974,132355,298,9062,121418,125,19228,434,1,55398,0.0010000000000000009
555000,-1660,4988,131178,-7124,2026,126071,125,19220,512,1,55399,0.0010000000000000009
556000,1458,10843,130349,6963,6818,124729,114,19233,467,1,55400,0.0010000000000000009
557000,4201,-3578,126891,-39,-9568,131471,100,19226,410,1,55401,0.0010000000000000009
558000,10512,-8002,127936,4252,-7483,128409,142,19228,582,0,55402,0.0010000000000000009
559000,5233,4064,132391,12672,-1763,122102,104,19228,426,0,55403,0.0010000000000000009
560000,4384,-12861,128660,-7521,-15650,137333,107,19233,426,0,55404,0.0010000000000000009
561000,-1616,12576,134943,-11589,10869,128010,156,19224,438,1,55405,0.0010000000000000009
562000,-6154,-862,130137,2219,-4607,134335,156,19232,639,1,55406,0.0010000000000000009
563002,-4832,19161,129942,-6044,17951,117779,110,19229,451,1,55407,0.0010020000000000584
564000,1115,-3499,127507,-18581,-8014,134290,102,19224,418,0,55408,0.0009979999999999434
565000,1040,-7789,128830,6685,-12062,133591,118,19224,483,0,55409,0.0010000000000000009
566000,290,4122,130177,-898,894,124776,111,19229,483,0,55410,0.0010000000000000009
567000,-7630,1554,132825,-18946,-1541,131807,126,19230,455,0,55411,0.0010000000000000009
568000,-7594,7494,131204,-11284,3924,125732,126,19219,516,1,55412,0.0010000000000000009
569001,-8497,2012,129713,-10828,-1088,135336,116,19228,475,1,55413,0.0010010000000000296
570000,-4480,11183,129472,-6415,7032,124919,102,19229,418,1,55414,0.0009989999999999721
571000,-4149,-1984,126619,-6137,-4468,123864,129,19229,528,0,55415,0.0010000000000000009
572000,-557,-4544,127131,-10642,-7957,134088,112,19217,528,0,55416,0.0010000000000000009
573000,-2054,-2961,127549,-2273,-5154,123874,111,19233,459,0,55417,0.0010000000000000009
574000,-4216,6065,130812,-8873,3745,122592,111,19228,455,1,55418,0.0010000000000000009
575001,-10859,13088,127762,-9584,13058,127520,152,19228,623,1,55419,0.0010010000000000296
576000,-9659,10577,126454,-12751,4538,122335,118,19228,483,1,55420,0.0009989999999999721
577000,127,6064,127671,-7837,3042,129253,106,19226,434,1,55421,0.0010000000000000009
578000,226,2452,123984,5606,-603,118185,111,19226,434,0,55422,0.0010000000000000009
579002,3659,-7759,123620,-4623,-10876,131857,110,19229,455,0,55423,0.0010020000000000584
580000,13,-1674,125712,-4226,-7612,125728,110,19230,451,0,55424,0.0009979999999999434
581001,1922,15619,127026,379,13234,122517,116,19220,475,1,55425,0.0010010000000000296
582000,-3168,10082,125205,-3918,7705,127666,130,19229,532,1,55426,0.0009989999999999721
583000,1363,11767,125477,-729,10541,116181,103,19230,422,1,55427,0.0010000000000000009
584001,10448,2919,123916,-1417,262,127244,120,19230,422,0,55428,0.0010010000000000296
585000,8431,1263,123907,12048,-3240,122907,101,19233,491,0,55429,0.0009989999999999721
586000,8542,-12098,125610,11459,-13069,131651,101,19227,414,0,55430,0.0010000000000000009
587000,3950,1811,126233,-4961,-910,121097,112,19228,459,0,55431,0.0010000000000000009
588000,2509,8566,128253,5390,7408,132337,140,19226,573,1,55432,0.0010000000000000009
589000,757,6465,125696,8830,7046,122701,115,19231,471,1,55433,0.0010000000000000009
590000,7205,6484,126488,-2170,639,123115,99,19231,471,1,55434,0.0010000000000000009
591000,13362,1250,126468,859,290,125333,141,19225,405,0,55435,0.0010000000000000009
592000,11231,-8068,126355,18965,-13844,130330,141,19229,577,0,55436,0.0010000000000000009
593000,6714,-13776,126452,-3109,-15049,134377,109,19228,446,0,55437,0.0010000000000000009
594000,3614,9700,131059,-8602,9553,124413,110,19224,451,1,55438,0.0010000000000000009
595001,689,15923,130896,11934,10207,125494,125,19225,512,1,55439,0.0010010000000000296
596000,88,10294,129393,-66,5634,124054,108,19225,512,1,55440,0.0009989999999999721
597000,5996,-7737,128145,-9467,-14011,137734,115,19231,442,1,55441,0.0010000000000000009
598000,10658,-15422,125046,20010,-7363,129115,115,19216,471,0,55442,0.0010000000000000009
599000,8853,4740,130566,11864,-1356,125072,88,19229,360,0,55443,0.0010000000000000009
600000,1090,2518,131256,-20175,2112,129014,105,19226,430,0,55444,0.0010000000000000009
601000,-1,8964,134703,-6796,2658,129851,128,19224,524,1,55445,0.0010000000000000009
602000,-7000,-6265,131037,10047,-7386,135985,115,19224,471,1,55446,0.0010000000000000009
603002,-6282,3907,130778,-16000,-523,125157,96,19229,471,1,55447,0.0010019999999999474
604002,515,254,129925,-15805,-3701,128662,149,19231,393,0,55448,0.0010000000000000009
605000,1878,-270,129836,9745,-4357,128244,149,19232,610,0,55449,0.0009980000000000544
606000,-565,3763,130453,488,1473,126971,113,19229,463,0,55450,0.0010000000000000009
607000,-10059,3141,130662,-24637,-295,128806,113,19223,463,1,55451,0.0010000000000000009
608000,-6187,4430,131351,-10334,2450,128583,135,19223,553,1,55452,0.0010000000000000009
609000,-10220,7411,130343,-2587,3292,129242,111,19228,553,1,55453,0.0010000000000000009
610000,-1365,6761,128831,-16702,5405,131336,107,19230,455,1,55454,0.0010000000000000009
611000,-2617,-843,125124,-2910,-4874,119813,107,19221,438,0,55455,0.0010000000000000009
612000,647,-10672,125664,1533,-14006,135661,128,19232,524,0,55456,0.0010000000000000009
613000,-616,9217,127732,-13482,5945,120390,101,19232,414,0,55457,0.0010000000000000009
614000,-6247,10233,129882,-9119,7722,125867,122,19232,500,1,55458,0.0010000000000000009
615000,-7304,11551,127691,-4419,7305,127851,115,19223,500,1,55459,0.0010000000000000009
616000,-8659,7917,126726,-14592,4794,126190,101,19228,471,1,55460,0.0010000000000000009
617000,1437,3162,126450,-624,-88,126798,101,19233,414,0,55461,0.0010000000000000009
618000,-208,1458,125721,38,-616,123164,138,19233,565,0,55462,0.0010000000000000009
619000,1684,372,124964,-8348,-4646,126321,105,19230,430,0,55463,0.0010000000000000009
620000,1609,9221,128257,-2525,7301,121883,107,19230,438,0,55464,0.0010000000000000009
621001,-5804,-2355,123786,4121,-4729,128969,157,19233,438,1,55465,0.0010010000000000296
622000,-1647,18171,129971,-7972,19804,123291,108,19231,643,1,55466,0.0009989999999999721
623000,6830,8433,123155,-5871,5369,119563,108,19230,442,1,55467,0.0010000000000000009
624000,9534,7087,126031,21480,3108,123961,99,19224,405,0,55468,0.0010000000000000009
625000,11818,-4990,122778,3301,-3281,126022,85,19228,348,0,55469,0.0010000000000000009
626000,5331,-4792,125429,426,-10924,130945,112,19228,459,0,55470,0.0010000000000000009
627000,4398,5073,129869,10997,205,128366,123,19228,459,1,55471,0.0010000000000000009
628000,639,14736,128034,-221,10494,118296,110,19221,504,1,55472,0.0010000000000000009
629002,3373,5553,126373,-2706,6028,127573,110,19230,451,1,55473,0.0010019999999999474
630003,7656,-350,124740,7337,-4922,122519,99,19229,405,1,55474,0.0010010000000000296
631000,13606,3154,126441,6904,-629,125330,128,19226,524,0,55475,0.0009970000000000256
632000,9672,-8061,125908,10726,-10267,127774,103,19229,422,0,55476,0.0010000000000000009
633001,4103,-10536,127816,3573,-9957,142733,102,19229,422,0,55477,0.0010009999999999186
634000,3511,-448,129463,-7705,3647,116436,135,19225,418,1,55478,0.0009990000000000832
635000,477,20756,132398,4232,15725,126902,135,19228,553,1,55479,0.0010000000000000009
636000,-997,2478,130991,5212,-5097,130420,113,19231,463,1,55480,0.0010000000000000009
637000,6454,-10569,125789,-5378,-17140,127588,104,19225,426,0,55481,0.0010000000000000009
638000,9505,-11288,128359,6087,-10072,137112,130,19232,532,0,55482,0.0010000000000000009
639001,3685,3504,129885,21363,610,119925,105,19232,532,0,55483,0.0010009999999999186
640000,2580,3752,130692,-24584,4157,130552,114,19225,430,0,55484,0.0009990000000000832
641000,-4442,11070,133583,-4442,7213,127269,114,19220,467,1,55485,0.0010000000000000009
642004,-7390,-771,128896,7884,-5864,132644,121,19230,496,1,55486,0.0010040000000000049
643000,-6620,-970,131934,-20059,-9643,127485,104,19232,426,1,55487,0.0009959999999999969
644001,58,-9408,127704,-13038,-11698,133856,121,19225,496,0,55488,0.0010009999999999186
645000,6787,11402,133013,15941,13591,129708,100,19225,496,0,55489,0.0009990000000000832
646000,-4146,-2262,127060,-7805,-5741,123358,109,19228,410,0,55490,0.0010000000000000009
647000,-5647,5654,132205,-24865,2652,130446,109,19228,446,1,55491,0.0010000000000000009
648000,-10838,-3435,128195,-6520,-5200,137053,144,19225,590,1,55492,0.0010000000000000009
649001,-6897,13649,131300,-5014,13826,119504,117,19231,479,1,55493,0.0010009999999999186
650000,-4304,7538,129580,-11132,2293,129405,102,19227,418,1,55494,0.0009990000000000832
651000,-5553,-6035,124029,-11370,-8642,129166,167,19227,684,0,55495,0.0010000000000000009
652000,3228,-1127,126490,-5230,-1527,130041,106,19229,684,0,55496,0.0010000000000000009
653000,-2569,5718,128253,-1638,4392,124422,111,19229,434,0,55497,0.0010000000000000009
654001,-4206,16210,128139,-8386,12061,121559,111,19222,455,1,55498,0.0010009999999999186
655000,-8009,3920,127603,-16282,-81,129110,129,19227,528,1,55499,0.0009989999999999721
656000,-2455,5358,128426,-6109,2226,126697,110,19229,451,1,55500,0.0010000000000000009
657000,1955,10971,126935,10026,8432,123706,117,19229,479,0,55501,0.0010000000000000009
658000,-2336,-5826,122447,-7933,-7776,125111,104,19224,479,0,55502,0.0010000000000000009
659000,2872,903,126708,-8464,-2495,126543,118,19230,426,0,55503,0.0010000000000000009
660000,-1568,14343,125700,4953,11132,127076,118,19224,483,0,55504,0.0010000000000000009
661000,-581,14675,126228,-2214,11738,118651,137,19221,561,1,55505,0.0010000000000000009
662000,-1618,4948,126386,-7285,1858,127751,112,19230,459,1,55506,0.0010000000000000009
663000,9224,674,124558,765,-2977,125849,97,19230,397,1,55507,0.0010000000000000009
664000,7856,3513,125630,15642,5,123472,122,19230,397,0,55508,0.0010000000000000009
665000,7653,1941,124107,-1408,-2191,123781,115,19232,500,0,55509,0.0010000000000000009
666000,7042,-5445,123965,3345,-9294,130699,115,19225,471,0,55510,0.0010000000000000009
667000,632,2960,127816,12199,-358,125429,115,19224,471,1,55511,0.0010000000000000009
668000,4354,6305,130272,-11371,6501,121724,131,19225,537,1,55512,0.0010000000000000009
669000,4469,25502,127995,12177,24095,121085,106,19231,434,1,55513,0.0010000000000000009
670000,11098,4035,123710,5555,-2515,125892,108,19231,434,1,55514,0.0010000000000000009
671000,10200,-5080,127822,2721,-12257,131040,97,19221,442,0,55515,0.0010000000000000009
672000,8628,-5214,127107,18548,-8709,127715,97,19232,397,0,55516,0.0010000000000000009
673000,6370,-4458,128273,-2117,-10595,132236,108,19229,442,0,55517,0.0010000000000000009
674002,2370,9928,132462,-5579,3287,126402,121,19231,496,1,55518,0.0010020000000000584
675000,2889,7563,128180,10369,1696,129693,112,19230,459,1,55519,0.0009979999999999434
676000,2012,6698,128491,-1929,6559,123543,99,19230,459,1,55520,0.0010000000000000009
677000,8376,-6802,128064,-2331,-8023,134358,142,19228,405,0,55521,0.0010000000000000009
678000,7652,-3949,128470,13705,-13987,123430,142,19230,582,0,55522,0.0010000000000000009
679000,6017,862,130328,9220,-3017,136334,106,19231,434,0,55523,0.0010000000000000009
680000,-1599,-9225,134546,-13381,-13926,126049,106,19229,434,0,55524,0.0010000000000000009
681000,-2103,21124,135077,-12730,20557,122210,152,19230,623,1,55525,0.0010000000000000009
682000,-7861,-764,131061,4492,-8320,138839,110,19230,623,1,55526,0.0010000000000000009
683000,-953,-5095,129701,-4887,-8147,125228,104,19230,451,1,55527,0.0010000000000000009
684000,-2587,-9797,127771,-15391,-13911,136776,104,19223,426,0,55528,0.0010000000000000009
685000,3452,8048,130481,4933,10776,116376,126,19227,516,0,55529,0.0010000000000000009
686000,-6176,6049,131575,-11927,-1954,130654,119,19229,487,0,55530,0.0010000000000000009
687000,-5162,-6928,128619,-12294,-4335,138631,125,19222,512,1,55531,0.0010000000000000009
688000,-7613,10551,129471,-10629,9497,123475,114,19222,512,1,55532,0.0010000000000000009
689001,-8086,7245,128244,-7939,6676,129108,105,19228,467,1,55533,0.0010010000000000296
690000,-1525,9285,129583,-7653,3316,121637,105,19230,430,1,55534,0.0009989999999999721
691000,-2776,-16257,125765,-7850,-20598,141139,130,19218,532,0,55535,0.0010000000000000009
692000,-2522,-2597,126122,-2684,3105,122913,98,19229,401,0,55536,0.0010000000000000009
693000,-2312,11157,129170,-20163,8491,118589,100,19228,410,0,55537,0.0010000000000000009
694000,-4272,8681,127937,-1438,3499,131135,145,19228,594,1,55538,0.0010000000000000009
695000,-8995,8602,124885,-5761,4656,124192,119,19226,594,1,55539,0.0010000000000000009
696000,-4796,208,126557,-18334,-1493,128108,105,19229,487,1,55540,0.0010000000000000009
697000,606,3726,125585,5128,1011,116061,105,19226,430,0,55541,0.0010000000000000009
698000,4329,-1552,125914,732,-6381,131037,121,19228,496,0,55542,0.0010000000000000009
699000,-63,-7869,123150,2231,-10959,126346,112,19229,459,0,55543,0.0010000000000000009
700000,-475,8148,127713,-7645,6851,118880,116,19229,475,1,55544,0.0010000000000000009
701000,-4554,12354,126862,-6573,10209,127150,132,19220,475,1,55545,0.0010000000000000009
702000,682,10960,126190,4062,6184,122836,105,19228,541,1,55546,0.0010000000000000009
703000,5807,2359,123215,1800,-1805,127316,105,19234,430,1,55547,0.0010000000000000009
704000,5500,2137,123292,771,-634,124435,117,19225,479,0,55548,0.0010000000000000009
705000,9765,-5238,123579,10589,-9166,123511,98,19227,401,0,55549,0.0010000000000000009
706001,6338,-8920,125915,10951,-14134,131160,109,19227,446,0,55550,0.0010010000000000296
707000,2496,6019,126184,-3651,2890,125692,139,19227,446,1,55551,0.0009989999999999721
708000,-685,10444,128492,-2001,8627,123153,116,19226,569,1,55552,0.0010000000000000009
709000,2354,12814,128927,9851,10619,123231,116,19228,475,1,55553,0.0010000000000000009
710000,12509,-8952,123840,8583,-11222,130105,101,19226,414,0,55554,0.0010000000000000009
711000,9454,-485,129876,5046,-4079,128234,138,19233,565,0,55555,0.0010000000000000009
712000,12449,-1780,126540,7910,-5092,128123,103,19230,422,0,55556,0.0010000000000000009
713000,6258,2269,129661,2167,-3963,126990,105,19230,422,0,55557,0.0010000000000000009
714000,4032,6293,131141,688,3078,129747,122,19226,430,1,55558,0.0010000000000000009
715000,-1024,-487,127772,-3254,-1209,123514,122,19231,500,1,55559,0.0010000000000000009
716001,252,15903,133109,1420,19006,127235,108,19229,442,1,55560,0.0010010000000000296
717000,9588,-12616,124846,3717,-16194,127104,113,19219,463,0,55561,0.0009989999999999721
718000,9868,-8325,131975,11176,-14589,129303,86,19229,352,0,55562,0.0010000000000000009
719000,5420,-3821,128046,8640,-5418,135580,104,19229,352,0,55563,0.0010000000000000009
720002,-1323,4780,129717,-17791,-46,123319,126,19230,426,1,55564,0.0010019999999999474
721002,-4766,16398,138310,-9772,13347,127496,126,19224,516,1,55565,0.0010000000000000009
722000,-10447,-2533,126271,6317,-3096,130711,114,19230,467,1,55566,0.0009980000000000544
723000,-3931,-3642,130022,-14720,-7851,127773,97,19228,397,1,55567,0.0010000000000000009
724000,1089,-6756,129026,-12963,-11422,128730,149,19234,610,0,55568,0.0010000000000000009
725000,1969,12148,130559,11128,5008,118790,106,19234,610,0,55569,0.0010000000000000009
726000,-1152,2233,131032,-5939,2615,134451,111,19228,434,0,55570,0.0010000000000000009
727000,-7537,-1567,130835,-23589,-4171,130037,111,19227,455,1,55571,0.0010000000000000009
728003,-6804,5355,131441,-8386,-2548,126883,133,19227,545,1,55572,0.0010029999999999761
729002,-7443,15584,131272,436,11635,120638,112,19231,459,1,55573,0.0009989999999999721
730000,-2230,5028,130430,-10934,-6206,130503,108,19220,442,0,55574,0.0009980000000000544
731001,-3289,-13158,123544,-12833,-15059,131371,129,19220,442,0,55575,0.0010010000000000296
732000,-2032,6730,128194,126,7263,123722,101,19232,528,0,55576,0.0009989999999999721
733000,-659,12211,127378,-9002,12812,122876,101,19231,414,0,55577,0.0010000000000000009
734000,-6441,10287,126881,-9699,6444,124732,121,19218,496,1,55578,0.0010000000000000009
735000,-7841,-1819,127024,-13953,-3404,136037,116,19228,475,1,55579,0.0010000000000000009
736000,-5644,9200,125797,1801,8189,120962,103,19224,422,1,55580,0.0010000000000000009
737000,-431,2235,124804,1245,-3419,124527,141,19224,422,0,55581,0.0010000000000000009
738000,-2893,-4131,123725,-9378,-6321,125574,105,19232,577,0,55582,0.0010000000000000009
739000,442,697,126412,-5250,171,134971,105,19232,430,0,55583,0.0010000000000000009
740000,3412,355,125314,5182,-444,121254,108,19224,442,1,55584,0.0010000000000000009
741000,-3595,16655,125541,-5253,12924,116890,157,19228,643,1,55585,0.0010000000000000009
742000,-1671,14513,126850,-11520,8903,130287,111,19232,455,1,55586,0.0010000000000000009
743000,7400,6716,124079,12255,3546,120373,102,19232,418,0,55587,0.0010000000000000009
744000,13478,-5272,127482,8334,-11385,132302,87,19221,418,0,55588,0.0010000000000000009
745000,10831,-2176,124610,1726,-4396,116950,113,19230,356,0,55589,0.0010000000000000009
746000,4943,-3832,126844,-708,-7763,133391,113,19227,463,0,55590,0.0010000000000000009
747000,7325,2401,127528,8949,350,129191,125,19221,512,1,55591,0.0010000000000000009
748000,714,16520,128992,1526,13775,119391,112,19226,459,1,55592,0.0010000000000000009
749000,4141,6541,125583,-1827,3902,125138,101,19226,414,1,55593,0.0010000000000000009
750000,5692,2144,125564,8534,-1595,120624,127,19231,414,0,55594,0.0010000000000000009
751000,11840,-5459,128823,15073,-8918,142856,98,19227,520,0,55595,0.0010000000000000009
752000,10719,-8432,125589,9511,-11981,123403,98,19230,401,0,55596,0.0010000000000000009
753000,3325,7596,133245,-9028,4165,126528,106,19226,434,1,55597,0.0010000000000000009
754000,836,11297,129474,135,6542,128474,143,19228,586,1,55598,0.0010000000000000009
755000,-1822,3957,129100,8501,2129,129778,112,19228,459,1,55599,0.0010000000000000009
756000,1485,1749,130204,-9862,-1627,130239,101,19228,459,1,55600,0.0010000000000000009
757000,7521,-5217,127061,6559,-9126,122096,139,19223,414,0,55601,0.0010000000000000009
758000,10769,-4714,130216,25419,-6944,132233,139,19228,569,0,55602,0.0010000000000000009
759000,4807,1306,129481,-15901,-3987,129863,114,19231,467,0,55603,0.0010000000000000009
760000,479,9121,134160,-13509,7487,129071,119,19220,487,1,55604,0.0010000000000000009
761000,-4820,5822,133481,11218,3714,131742,126,19227,516,1,55605,0.0010000000000000009
762000,-9636,-7479,131016,-14990,-5672,127008,101,19227,516,1,55606,0.0010000000000000009
763000,-1912,3630,131350,-11358,693,134298,115,19231,414,0,55607,0.0010000000000000009
764000,1497,3313,126979,4950,-4570,123755,115,19217,471,0,55608,0.0010000000000000009
765000,5611,-797,130830,-1446,-3050,128478,108,19229,442,0,55609,0.0010000000000000009
766000,-5971,4959,129528,-12133,-1000,126909,115,19225,471,0,55610,0.0010000000000000009
767000,-6188,254,128167,-18683,-4942,134427,142,19224,582,1,55611,0.0010000000000000009
768000,-11120,13302,131790,-4268,4721,129810,116,19224,582,1,55612,0.0010000000000000009
769001,-13249,6570,128955,-11461,4373,123872,100,19233,475,1,55613,0.0010009999999999186
770000,-2159,88,126637,-8995,694,128005,100,19228,410,0,55614,0.0009990000000000832
771001,-5601,-7270,126140,-2807,-9482,132017,162,19233,664,0,55615,0.0010009999999999186
772000,1814,3131,127222,-7796,-2965,122275,112,19229,459,0,55616,0.0009990000000000832
773001,-5171,11774,129637,-9419,7783,123897,110,19220,451,1,55617,0.0010009999999999186
774000,-3661,4059,130761,-13139,3277,129675,126,19220,451,1,55618,0.0009989999999999721
775000,-4979,11924,128974,-2384,13062,124819,107,19227,516,1,55619,0.0010000000000000009
776001,-7091,-1273,124802,-11444,-5541,128802,107,19231,438,1,55620,0.0010010000000000296
777000,4252,6510,126821,-2911,11388,122602,114,19223,467,0,55621,0.0009989999999999721
778000,-517,1613,121858,8446,-2193,124153,90,19231,369,0,55622,0.0010000000000000009
779000,4449,3046,125399,-3397,3211,126401,105,19230,430,0,55623,0.0010000000000000009
780003,-3209,3292,125361,403,-103,125708,128,19230,430,1,55624,0.0010030000000000872
781000,-4105,8079,125409,-1527,8019,123752,111,19219,524,1,55625,0.0009969999999999146
782000,-693,10785,127111,41,4800,123949,111,19227,455,1,55626,0.0010000000000000009
783000,4343,1397,123548,3419,-2642,123335,96,19230,393,0,55627,0.0010000000000000009
784000,13089,-253,124056,9090,-6074,125821,126,19234,516,0,55628,0.0010000000000000009
785000,6697,-7627,124625,9636,-10640,127437,120,19228,491,0,55629,0.0010000000000000009
786000,7880,5679,125711,-351,10962,125821,116,19228,475,0,55630,0.0010000000000000009
787000,2160,8146,128253,2087,5134,120983,133,19226,475,1,55631,0.0010000000000000009
788000,2908,3408,126972,2559,-1990,130352,107,19228,545,1,55632,0.0010000000000000009
789000,8116,42,124067,9199,-2965,126444,107,19228,438,1,55633,0.0010000000000000009
790000,6240,-367,127606,4921,-4154,120895,109,19220,446,0,55634,0.0010000000000000009
791000,13765,-4124,127473,8922,-8406,133138,95,19234,389,0,55635,0.0010000000000000009
792000,7851,-8030,127775,8845,-11281,132936,101,19234,414,0,55636,0.0010000000000000009
793000,6187,4277,130628,-2448,-721,126593,117,19230,414,1,55637,0.0010000000000000009
794000,1886,14412,130666,-382,11738,119776,113,19226,479,1,55638,0.0010000000000000009
795000,1185,10802,129931,4619,7389,131870,113,19227,463,1,55639,0.0010000000000000009
796000,6341,-1525,127375,718,-5315,131310,102,19227,418,1,55640,0.0010000000000000009
797000,6366,-7880,128523,1178,-11654,128755,138,19232,565,0,55641,0.0010000000000000009
798000,8322,4537,129126,16084,466,124657,100,19232,410,0,55642,0.0010000000000000009
799000,2639,-6487,128363,-4717,-11031,132682,105,19228,410,0,55643,0.0010000000000000009
800000,-2611,-4907,130587,-13033,-8899,134968,156,19226,430,1,55644,0.0010000000000000009
801002,-5880,5976,130900,1205,2186,126973,156,19229,639,1,55645,0.0010020000000000584
802002,-7788,10085,132020,-1006,7827,121038,110,19230,451,1,55646,0.0010000000000000009
803000,-683,-5571,129547,-17863,-7741,132951,101,19228,414,0,55647,0.0009979999999999434
804000,932,-6441,128575,700,-12170,136521,117,19233,479,0,55648,0.0010000000000000009
805000,3203,5451,130994,5267,205,125447,107,19233,479,0,55649,0.0010000000000000009
806001,-5098,14097,134101,-19326,11759,122821,125,19230,438,0,55650,0.0010010000000000296
807000,-8164,1852,130036,-13978,-1949,131904,125,19221,512,1,55651,0.0009989999999999721
808000,-5582,2302,130210,-5414,-1194,132682,116,19230,475,1,55652,0.0010000000000000009
809000,-7695,3117,129513,-9683,2571,126327,102,19231,418,1,55653,0.0010000000000000009
810000,-2351,14210,130172,-10857,14440,123026,127,19222,520,0,55654,0.0010000000000000009
811001,-4037,-9262,124648,-8542,-10730,130742,98,19222,520,0,55655,0.0010010000000000296
812000,-1936,-1146,129329,-854,-7874,132606,104,19231,401,0,55656,0.0009989999999999721
813000,-3699,13031,126399,-11884,10518,121353,104,19224,426,1,55657,0.0010000000000000009
814000,-6948,6101,125821,-7812,3385,125108,149,19230,610,1,55658,0.0010000000000000009
815000,-6075,10822,127668,-12882,7915,122630,117,19227,479,1,55659,0.0010000000000000009
816000,-2386,4407,125630,-11373,-134,127590,104,19222,426,0,55660,0.0010000000000000009
817000,-191,1971,124983,9546,-857,124546,110,19222,426,0,55661,0.0010000000000000009
818000,1696,-7736,123489,-9763,-9357,130900,110,19232,451,0,55662,0.0010000000000000009
819000,188,7409,126332,-4883,-1652,120178,110,19230,451,0,55663,0.0010000000000000009
820000,1535,12684,127138,1057,12139,126125,116,19225,475,1,55664,0.0010000000000000009
821000,-2106,1769,125702,-2867,639,127330,133,19227,545,1,55665,0.0010000000000000009
822000,-1215,13639,127160,-7635,12617,120170,101,19232,414,1,55666,0.0010000000000000009
823000,8234,3514,122812,5534,-2747,123053,117,19232,414,0,55667,0.0010000000000000009
824002,6993,3697,127373,13758,-4548,127333,100,19230,479,0,55668,0.0010020000000000584
825000,9932,-10231,122764,209,-13179,127084,100,19227,410,0,55669,0.0009979999999999434
826000,5813,6184,129284,1970,5120,124233,112,19227,459,1,55670,0.0010000000000000009
827000,5523,6758,128371,4955,1885,125705,139,19227,569,1,55671,0.0010000000000000009
828000,2090,2469,125647,-2548,125,124867,113,19231,463,1,55672,0.0010000000000000009
829000,6783,5577,126387,5825,3255,127187,97,19231,463,1,55673,0.0010000000000000009
830000,9595,4387,125621,5435,155,121201,140,19228,397,0,55674,0.0010000000000000009
831000,9246,-4637,125921,17502,-10387,130317,140,19227,573,0,55675,0.0010000000000000009
832000,5159,-16377,126549,-130,-19173,129008,104,19230,426,0,55676,0.0010000000000000009
833000,4339,2061,130381,-12489,3581,138334,108,19225,442,1,55677,0.0010000000000000009
834000,3890,2954,128827,14718,-1179,121946,114,19227,467,1,55678,0.0010000000000000009
835000,757,14809,129110,-654,9594,120099,108,19227,442,1,55679,0.0010000000000000009
836000,3059,-3673,128902,-12161,-12273,139005,116,19233,442,0,55680,0.0010000000000000009
837000,10175,-14028,128050,20915,-15853,125400,90,19218,475,0,55681,0.0010000000000000009
838000,11456,7026,131066,4414,2359,132706,90,19231,369,0,55682,0.0010000000000000009
839000,1366,1595,130581,-12477,-251,122627,105,19226,430,0,55683,0.0010000000000000009
840000,1309,7861,133213,-10391,3371,128259,126,19224,516,1,55684,0.0010000000000000009
841000,-2519,-2219,131735,6605,-5707,139299,111,19224,455,1,55685,0.0010000000000000009
842000,-10978,-165,129114,-9426,-2788,124289,101,19233,455,1,55686,0.0010000000000000009
843000,765,3418,131786,-21050,336,127278,151,19228,414,0,55687,0.0010000000000000009
844000,-4948,-1587,127112,8267,-6241,127502,151,19232,618,0,55688,0.0010000000000000009
845000,7442,1835,132616,-36,-2124,136967,107,19229,438,0,55689,0.0010000000000000009
846000,-6773,-8239,128535,-25985,-12005,125368,111,19224,455,1,55690,0.0010000000000000009
847000,-6253,11986,132919,-10664,9799,126372,133,19227,545,1,55691,0.0010000000000000009
848000,-9125,5130,127998,-5008,2481,132359,111,19227,545,1,55692,0.0010000000000000009
849001,-5607,6661,128306,-11758,2806,122912,112,19232,455,1,55693,0.0010010000000000296
850000,-2923,5300,127949,-9321,3245,128907,112,19222,459,0,55694,0.0009989999999999721
851001,-4664,-7419,124240,-2543,-11360,129326,133,19230,545,0,55695,0.0010010000000000296
852002,-344,12624,130477,-4912,8666,121352,106,19229,434,0,55696,0.0010009999999999186
853000,-4961,3180,127137,-12233,-530,130499,124,19220,508,1,55697,0.0009980000000000544
854000,-5605,9697,127471,-735,4878,125488,116,19220,508,1,55698,0.0010000000000000009
855000,-9383,3683,127023,-15764,1041,127479,103,19227,475,1,55699,0.0010000000000000009
856000,-1864,9817,126653,-2649,8903,122328,103,19230,422,0,55700,0.0010000000000000009
857000,974,6691,126603,10860,6063,129861,141,19234,577,0,55701,0.0010000000000000009
858000,3514,-436,123607,-11668,-9027,123508,109,19227,446,0,55702,0.0010000000000000009
859000,2132,15339,130046,-6377,7894,124561,112,19226,459,0,55703,0.0010000000000000009
860000,492,1538,123029,7021,-6448,130233,161,19226,459,1,55704,0.0010000000000000009
861000,-6967,12708,126691,-588,7005,122340,113,19232,659,1,55705,0.0010000000000000009
862000,-1021,8425,123909,-14452,3541,126089,113,19234,463,1,55706,0.0010000000000000009
863000,5738,9761,123825,14022,7456,115971,101,19223,414,0,55707,0.0010000000000000009
864000,10143,-9132,123745,14570,-7784,129870,88,19230,360,0,55708,0.0010000000000000009
865000,8569,-9924,124635,1491,-17023,123652,116,19228,475,0,55709,0.0010000000000000009
866000,2855,1824,128037,2596,-847,130044,126,19228,475,1,55710,0.0010000000000000009
867000,4422,16733,128783,1939,8311,117442,110,19224,516,1,55711,0.0010000000000000009
868000,2428,14707,129007,733,285,129731,110,19230,451,1,55712,0.0010000000000000009
869000,9032,1764,124210,6876,-4622,122370,100,19229,410,1,55713,0.0010000000000000009
870000,8548,3356,128495,6169,-6382,123090,125,19223,512,0,55714,0.0010000000000000009
871000,13900,-9200,127310,13933,-9640,134244,110,19227,451,0,55715,0.0010000000000000009
872000,6717,-1227,128999,12531,-6079,125136,112,19227,451,0,55716,0.0010000000000000009
873000,3067,-265,129948,-9874,1077,134961,146,19227,459,1,55717,0.0010000000000000009
874000,1430,17707,130592,10272,14001,117674,146,19229,598,1,55718,0.0010000000000000009
875000,-2025,599,128153,3351,-7582,132287,112,19234,459,1,55719,0.0010000000000000009
876000,5832,-6062,129011,-6879,-11280,129208,103,19223,422,0,55720,0.0010000000000000009
877000,9862,-8650,128956,13757,-14903,129594,134,19230,549,0,55721,0.0010000000000000009
878000,12403,-2266,130862,17384,-2720,131119,107,19230,438,0,55722,0.0010000000000000009
879000,1837,5250,130066,-30731,3840,123166,112,19226,438,0,55723,0.0010000000000000009
880000,-950,6615,131928,2664,8095,136278,124,19220,459,1,55724,0.0010000000000000009
881000,-5319,3711,130155,2163,-2073,123638,124,19227,508,1,55725,0.0010000000000000009
882000,-5848,-5529,130355,-20709,-10397,135385,101,19232,414,1,55726,0.0010000000000000009
883000,-4047,-11520,128192,-2790,-16222,134215,113,19223,463,0,55727,0.0010000000000000009
884000,4058,5151,130235,8690,1295,120849,96,19223,393,0,55728,0.0010000000000000009
885000,-560,2331,130217,-10979,-364,136814,110,19232,393,0,55729,0.0010000000000000009
886000,-4947,9199,131110,-20885,7102,122485,140,19224,451,1,55730,0.0010000000000000009
887000,-10343,-510,130087,-6300,-3938,140344,140,19228,573,1,55731,0.0010000000000000009
888000,-9284,14864,130335,-6684,12367,118239,118,19231,483,1,55732,0.0010000000000000009
889000,-5991,913,128327,-9619,-1615,129058,101,19230,414,1,55733,0.0010000000000000009
890000,-3006,-11771,125621,-8551,-15531,133126,161,19230,659,0,55734,0.0010000000000000009
891000,-2672,1910,126638,-5444,-1316,124362,105,19227,659,0,55735,0.0010000000000000009
892000,-856,11661,127395,-2880,7816,126676,109,19230,430,0,55736,0.0010000000000000009
893000,-4679,8912,128291,-9707,5397,115601,109,19222,446,1,55737,0.0009999999999998899
894000,-11458,-5890,126433,-17751,-10457,140431,133,19226,545,1,55738,0.0010000000000000009
895000,-4660,7271,126770,-2663,3572,119661,114,19224,467,1,55739,0.0010000000000000009
896000,87,5908,127145,5805,4249,122114,117,19221,479,0,55740,0.0010000000000000009
897000,768,-2865,124130,-8235,-4740,128737,89,19221,479,0,55741,0.0010000000000000009
898000,3257,-934,125676,-4228,-3216,122988,108,19232,365,0,55742,0.0010000000000000009
899000,923,9279,127402,1679,4612,129381,108,19225,442,0,55743,0.0010000000000000009
900000,-107,22199,127283,-3906,19868,114279,131,19220,537,1,55744,0.0010000000000000009
901000,-6224,4280,124042,-4576,1399,127152,116,19234,475,1,55745,0.0010000000000000009
902000,4066,1036,124140,-466,-3648,129626,97,19232,397,1,55746,0.0010000000000000009
903000,8248,771,123084,11893,-4479,123376,134,19232,397,0,55747,0.0010000000000000009
904000,6981,11667,123992,5361,4036,118987,110,19233,549,0,55748,0.0010000000000000009
905000,7364,-7829,124280,3324,-11685,124523,110,19232,451,0,55749,0.0010000000000000009
906000,687,-3061,127019,6118,-8807,136486,113,19221,463,1,55750,0.0010000000000000009
907006,1465,16863,127807,-3718,11125,118020,132,19228,541,1,55751,0.0010060000000000624
908000,1303,9004,127013,6729,6087,121845,113,19234,463,1,55752,0.0009939999999999394
909002,10660,-2559,126110,6664,317,127236,104,19234,463,1,55753,0.0010020000000000584
910000,11251,-4311,126344,2150,-9808,126117,115,19221,426,0,55754,0.0009979999999999434
911000,11136,-2025,129232,13670,-8100,132559,115,19228,471,0,55755,0.0010000000000000009
912000,4771,-2201,128766,3875,-7435,125812,109,19229,446,0,55756,0.0010000000000000009
913001,4178,10591,131803,-10480,175,129025,125,19222,512,1,55757,0.0010010000000000296
914000,75,12864,130369,7606,9216,121617,116,19228,475,1,55758,0.0009989999999999721
915000,930,2733,128722,338,4895,131039,105,19228,475,1,55759,0.0010000000000000009
916000,5663,-1734,130229,-6268,-8181,125875,137,19233,430,0,55760,0.0010000000000000009
917000,9734,-6650,128373,14843,-8777,127832,137,19228,561,0,55761,0.0010000000000000009
918000,5861,-2019,130639,10399,-9409,136125,100,19232,410,0,55762,0.0010000000000000009
919000,1097,4195,133110,-16813,3500,120656,106,19227,434,0,55763,0.0010000000000000009
920000,1066,9563,132752,-7840,5060,131428,154,19231,631,1,55764,0.0010000000000000009
921000,-5512,3940,131304,-94,1676,129032,110,19231,631,1,55765,0.0010000000000000009
922000,-7940,-8045,127896,-15541,-14069,131281,101,19234,451,1,55766,0.0010000000000000009
923000,1924,-6737,129236,-725,-11050,136482,101,19225,414,0,55767,0.0010000000000000009
924000,-3189,2748,128495,3395,3961,121986,114,19233,467,0,55768,0.0010000000000000009
925001,-641,10189,132313,-15261,5558,127053,107,19228,438,0,55769,0.0010010000000000296
926000,-6911,-6882,127714,-12446,-10788,134535,121,19218,496,1,55770,0.0009989999999999721
927002,-8472,-806,131274,-9282,-1581,132006,114,19218,467,1,55771,0.0010020000000000584
928000,-7093,9315,130340,-12636,3379,117191,105,19227,467,1,55772,0.0009979999999999434
929000,-2570,10647,128783,-4221,6639,125343,126,19230,430,1,55773,0.0010000000000000009
930000,-1987,-15552,125100,-11098,-19039,140529,126,19220,516,0,55774,0.0010000000000000009
931000,-115,1235,126638,-6292,-1498,119821,98,19231,401,0,55775,0.0010000000000000009
932000,-2832,12162,128548,-11651,9621,125711,104,19231,426,0,55776,0.0010000000000000009
933000,-2270,11060,129727,-4579,8288,121778,144,19231,590,1,55777,0.0010000000000000009
934000,-8945,4588,125215,-5932,871,125057,116,19232,590,1,55778,0.0010000000000000009
935000,-7956,5188,125184,-22651,1920,128639,104,19230,475,1,55779,0.0010000000000000009
936000,-661,4276,125043,9137,1502,122606,104,19226,426,0,55780,0.0010000000000000009
937000,1386,-4119,125252,352,-6720,126835,115,19236,471,0,55781,0.0010000000000000009
938000,2014,-3644,124106,-7588,-7083,128101,108,19225,442,0,55782,0.0010000000000000009
939000,-1439,4921,127314,-4890,1829,125331,114,19224,467,0,55783,0.0010000000000000009
940000,1807,9783,127196,-1251,8310,119413,130,19224,467,1,55784,0.0010000000000000009
941000,-2050,11484,125293,370,8816,123932,105,19227,532,1,55785,0.0010000000000000009
942000,5716,4546,124811,-4942,1584,126868,105,19229,430,1,55786,0.0010000000000000009
943000,8381,2172,123583,7623,-2332,120169,113,19223,463,0,55787,0.0010000000000000009
944000,10433,-3859,125737,10433,-6895,132275,108,19224,442,0,55788,0.0010000000000000009
945001,7044,198,126243,3946,-4914,123985,114,19224,467,0,55789,0.0010010000000000296
946000,4959,2330,128637,-1261,136,125152,139,19224,467,1,55790,0.0009989999999999721
947000,3127,7709,127258,7014,3978,128364,116,19226,569,1,55791,0.0010000000000000009
948000,2821,6032,125462,-853,4002,124388,116,19229,475,1,55792,0.0010000000000000009
949000,9727,1201,126245,8411,2531,121991,100,19229,410,0,55793,0.0010000000000000009
950000,8516,-1475,126902,5867,-955,125572,141,19233,577,0,55794,0.0010000000000000009
951002,13642,-9706,128162,6367,-16100,139719,105,19230,430,0,55795,0.0010019999999999474
952002,8196,892,129264,6682,-7031,122550,106,19230,430,0,55796,0.0010000000000000009
953000,3290,6940,129646,-3243,1887,131168,122,19220,434,1,55797,0.0009980000000000544
954000,-2023,12210,130724,-177,9726,123060,122,19228,500,1,55798,0.0010000000000000009
955000,1313,-1035,127400,2416,-3304,128868,107,19235,438,1,55799,0.0010000000000000009
956000,8221,-7424,127051,28,-14153,133476,113,19220,463,0,55800,0.0010000000000000009
957000,7449,-2270,129537,16378,-3396,121646,88,19228,360,0,55801,0.0010000000000000009
958000,8377,-5882,130010,6201,-5684,140029,106,19228,360,0,55802,0.0010000000000000009
959000,-391,12749,134352,-14196,4766,125938,126,19224,434,1,55803,0.0010000000000000009
960000,-1167,724,132152,-7230,-657,136369,126,19224,516,1,55804,0.0010000000000000009
961000,-6988,8143,130255,3760,2051,119861,114,19232,467,1,55805,0.0010000000000000009
962000,-6538,-5759,127240,-15256,-4157,134741,96,19232,393,1,55806,0.0010000000000000009
963000,3833,6691,130327,-6835,501,118950,145,19233,594,0,55807,0.0010000000000000009
964000,1380,5299,130014,8097,2232,129193,108,19233,594,0,55808,0.0010000000000000009
965000,-646,908,132668,-4474,-2042,131878,114,19227,442,0,55809,0.0010000000000000009
966000,-10029,-62,129553,-21151,-2235,127142,114,19223,467,1,55810,0.0010000000000000009
967000,-10539,8804,132364,-9759,7611,134984,135,19227,553,1,55811,0.0010000000000000009
968000,-9464,7602,126408,-9712,7407,119867,111,19233,455,1,55812,0.0010000000000000009
969000,-4786,4537,129168,-9907,939,126477,107,19220,438,0,55813,0.0010000000000000009
970000,-4190,-5939,124212,-6961,-9190,132392,140,19220,573,0,55814,0.0010000000000000009
971000,-1159,1776,128073,-2304,-1388,123757,112,19231,573,0,55815,0.0010000000000000009
972000,-2133,5350,128914,-9748,2289,127745,127,19230,459,0,55816,0.0010000000000000009
973000,-7283,11893,129244,-12431,8846,122344,127,19220,520,1,55817,0.0010000000000000009
974000,-5885,591,127620,-6083,-1437,134849,115,19230,471,1,55818,0.0010000000000000009
975002,-2132,7227,126209,-8049,2573,117898,105,19225,430,1,55819,0.0010019999999999474
976000,1493,4937,124176,-4852,2527,126228,136,19225,557,0,55820,0.0009980000000000544
977002,255,-1781,125837,98,-6271,127481,106,19229,557,0,55821,0.0010019999999999474
978000,1065,2298,125269,-1791,-1949,120970,113,19230,434,0,55822,0.0009980000000000544
979000,-1342,4920,126944,-7339,2322,131253,113,19228,463,1,55823,0.0010000000000000009
980000,-2811,10422,124354,2298,9720,119162,154,19227,631,1,55824,0.0010000000000000009
981000,-2495,10436,125486,-6146,5786,126776,111,19231,455,1,55825,0.0010000000000000009
982000,5464,4355,122662,2516,275,123256,100,19231,410,0,55826,0.0010000000000000009
983000,9673,2530,125680,14113,-669,122011,99,19221,410,0,55827,0.0010000000000000009
984001,12839,-6250,125283,1267,-9183,129491,113,19235,405,0,55828,0.0010009999999999186
985000,3548,4042,127041,1456,-401,127422,113,19229,463,0,55829,0.0009990000000000832
986002,3891,1782,126581,9672,-3588,131932,121,19225,496,1,55830,0.0010019999999999474
987000,1631,11903,128710,-1256,9161,117039,110,19227,451,1,55831,0.0009980000000000544
988000,2282,2293,125313,-1295,-749,130513,101,19231,414,1,55832,0.0010000000000000009
989000,10461,-1250,125815,11485,-5181,124764,122,19231,414,0,55833,0.0010000000000000009
990000,8839,-1478,127666,7214,-4778,126511,97,19224,500,0,55834,0.0010000000000000009
991000,8554,-14728,125771,12546,-18867,135123,97,19232,397,0,55835,0.0010000000000000009
992000,4400,5151,130675,933,830,122609,102,19225,418,1,55836,0.0010000000000000009
993000,2456,13222,131298,-6659,7400,133423,139,19232,569,1,55837,0.0010000000000000009
994000,2689,13095,130879,5503,9645,125999,117,19231,479,1,55838,0.0010000000000000009
995000,-635,-408,130663,1035,-1720,127291,104,19231,479,1,55839,0.0010000000000000009
996001,8822,-12237,127243,-1478,-17175,134761,147,19230,426,0,55840,0.0010009999999999186
997002,5972,-6785,129596,22318,-9141,128272,147,19232,602,0,55841,0.0010010000000000296
998002,5247,12216,129068,4721,2603,129664,106,19228,434,0,55842,0.0010000000000000009
999000,185,9414,131682,-26095,5096,120423,109,19223,446,1,55843,0.0009980000000000544
1000002,-4223,-3100,134188,5635,-2105,136699,125,19230,512,1,55844,0.0010020000000000584
1001000,-7161,-1383,129214,1990,-3824,130541,106,19230,512,1,55845,0.0009979999999998324
1002000,-8139,-6576,129406,-25420,-14285,129658,115,19231,434,0,55846,0.001000000000000112
1003000,2331,307,130221,3036,-1672,128775,115,19221,471,0,55847,0.0009999999999998899
1004000,2249,3665,128548,3801,1732,123428,105,19223,430,0,55848,0.001000000000000112
1005000,-3617,4784,131750,-11853,-4636,129444,115,19227,471,0,55849,0.0009999999999998899
1006000,-8873,1751,129342,-20160,-165,134029,141,19225,577,1,55850,0.001000000000000112
1007000,-8576,7923,130453,-6119,-536,126215,119,19225,577,1,55851,0.0009999999999998899
1008000,-8351,11171,130394,-4912,11016,125590,103,19231,487,1,55852,0.001000000000000112
1009000,-3332,-7808,127189,-14790,-3483,132724,103,19223,422,0,55853,0.0009999999999998899
1010000,-3508,6509,125989,-5632,1097,127459,158,19224,647,0,55854,0.001000000000000112
1011000,-804,-2767,125158,-4631,1279,130203,110,19229,451,0,55855,0.0009999999999998899
1012000,-1256,11727,129470,-6261,9321,119452,108,19225,442,1,55856,0.001000000000000112
1013000,-6353,10136,128297,-9605,1916,126559,137,19225,561,1,55857,0.0009999999999998899
1014000,-6881,2091,127095,-12948,850,126202,117,19225,561,1,55858,0.001000000000000112
1015000,-4401,5378,128838,-567,759,125064,115,19231,479,1,55859,0.0009999999999998899
1016000,985,-4909,123241,1917,-9609,129912,115,19218,471,0,55860,0.001000000000000112
1017000,1265,3,123781,-7069,-464,123642,87,19227,356,0,55861,0.0009999999999998899
1018000,2340,8089,127043,-6564,7168,122675,103,19231,422,0,55862,0.001000000000000112
1019000,140,13330,126256,4900,8626,121889,126,19231,516,1,55863,0.0009999999999998899
1020000,-1148,1320,125431,-4837,-478,132794,114,19224,516,1,55864,0.001000000000000112
1021000,-1512,-6464,125114,-3051,-7889,124178,99,19232,467,1,55865,0.0009999999999998899
1022001,5451,13480,125843,10578,6026,118762,99,19231,405,0,55866,0.0010010000000000296
1023001,10168,-293,123313,5150,-5766,127710,134,19232,549,0,55867,0.001000000000000112
1024000,12779,-5679,127808,8511,-9268,128561,107,19230,438,0,55868,0.0009989999999999721
1025000,5966,149,125419,6756,-3243,129080,111,19224,455,0,55869,0.0009999999999998899
1026000,1656,17908,129359,-9210,16116,119583,128,19224,455,1,55870,0.001000000000000112
1027001,5723,9757,127184,9535,4942,126523,111,19228,524,1,55871,0.0010010000000000296
1028000,5498,-1900,124669,11390,-4809,127274,111,19231,455,1,55872,0.0009989999999999721
1029000,9693,1694,125042,-1612,-1414,125750,105,19222,430,0,55873,0.0009999999999998899
1030000,6837,-4744,126402,11380,-9001,128651,110,19233,451,0,55874,0.001000000000000112
1031001,9706,-7819,127150,13380,-11874,133152,103,19229,422,0,55875,0.0010010000000000296
1032000,2488,1542,130515,-6087,-1606,129389,115,19229,422,1,55876,0.0009989999999999721
1033000,718,2748,129331,-4248,-2950,126743,112,19221,471,1,55877,0.0009999999999998899
1034001,40,6308,130312,9790,4747,120863,112,19233,459,1,55878,0.0010010000000000296
1035000,6657,-4248,127581,-855,-7145,132715,103,19226,422,1,55879,0.0009989999999999721
1036000,10857,-4447,128961,-3744,-8076,127223,136,19223,557,0,55880,0.001000000000000112
1037001,9340,4498,130911,14438,799,122566,101,19229,414,0,55881,0.0010010000000000296
1038000,5895,-7968,129558,956,-13363,138873,104,19229,414,0,55882,0.0009989999999999721
1039000,-700,7991,133055,-19182,2786,123113,151,19225,426,1,55883,0.0009999999999998899
1040000,-4340,3554,132807,1932,474,134514,151,19231,618,1,55884,0.001000000000000112
1041003,-7727,10257,129914,-1082,6679,125002,110,19231,451,1,55885,0.0010029999999998651
1042000,561,-5622,130647,-19401,-5773,128417,99,19224,405,0,55886,0.0009970000000001367
1043000,-2525,-7417,128027,5059,-14509,135741,117,19231,479,0,55887,0.0009999999999998899
1044002,3103,6117,129880,934,3007,123075,110,19231,479,0,55888,0.0010019999999999474
1045000,-5903,10979,132751,-23367,1086,137785,120,19230,451,0,55889,0.0009980000000000544
1046000,-7057,5054,129708,-9375,2824,118367,120,19220,491,1,55890,0.001000000000000112
1047000,-7129,-3933,130069,-5237,-1962,137057,111,19229,455,1,55891,0.0009999999999998899
1048000,-8856,13137,128644,-14482,6498,127512,105,19230,430,1,55892,0.001000000000000112
1049000,-1904,-1627,126229,-8374,898,117691,123,19225,504,0,55893,0.0009999999999998899
1050000,-4599,-479,127963,-8635,-7989,137063,95,19225,504,0,55894,0.001000000000000112
1051000,1187,1033,126269,-2069,1059,120024,104,19232,389,0,55895,0.0009999999999998899
1052000,-5366,4981,129913,-7805,-1758,128983,104,19227,426,1,55896,0.001000000000000112
1053000,-4419,9757,128190,-15004,10695,126462,143,19224,586,1,55897,0.0009999999999998899
1054000,-9077,4791,126710,-3862,-523,125926,116,19234,475,1,55898,0.001000000000000112
1055001,-1047,15487,127651,-11314,12089,119543,101,19226,414,0,55899,0.0010009999999998076
1056000,1401,-3715,123254,3699,435,123714,114,19226,467,0,55900,0.0009990000000001942
1057000,1840,5201,127772,-3655,-3873,127451,109,19231,467,0,55901,0.0009999999999998899
1058000,5627,1904,123879,-7198,461,127212,118,19231,446,0,55902,0.001000000000000112
1059000,-4656,21306,131894,7147,19688,119365,118,19223,483,1,55903,0.0009999999999998899
1060000,-1051,6995,124328,-9152,2145,124249,136,19229,557,1,55904,0.001000000000000112
1061000,-3000,806,124005,651,-1696,132796,103,19234,422,1,55905,0.0009999999999998899
1062000,4767,2939,123574,2143,168,119398,110,19234,451,0,55906,0.001000000000000112
1063000,7979,5916,124189,10505,1241,116530,95,19225,451,0,55907,0.0009999999999998899
1064000,7354,-6645,125594,9110,-12852,136982,113,19230,389,0,55908,0.001000000000000112
1065000,6437,-9358,123940,-5083,-12241,126577,113,19227,463,1,55909,0.0009999999999998899
1066000,3956,21399,133366,3139,16207,116003,140,19221,573,1,55910,0.001000000000000112
1067000,3782,10369,127029,9069,5465,127718,117,19226,479,1,55911,0.0009999999999998899
1068000,6010,-2539,126223,-636,-5795,125414,95,19226,389,1,55912,0.001000000000000112
1069000,10041,4558,125865,3049,-703,125028,152,19228,389,0,55913,0.0009999999999998899
1070001,9259,406,125050,15222,-3379,125981,107,19236,623,0,55914,0.0010010000000000296
1071001,7046,-2679,130069,11215,-5055,128242,107,19229,438,0,55915,0.0009999999999998899
1072000,4156,1441,130087,-12165,-2022,128525,109,19225,446,1,55916,0.0009989999999999721
1073000,676,9111,128865,4822,4020,131851,125,19227,512,1,55917,0.001000000000000112
1074000,-560,11700,129907,7534,8825,119826,105,19227,430,1,55918,0.0009999999999998899
1075000,4355,1275,129103,-9132,-2287,125846,111,19233,430,1,55919,0.001000000000000112
1076000,7274,-18690,127939,3663,-22334,140127,100,19219,455,0,55920,0.0009999999999998899
1077001,9948,-3765,130479,20983,-7792,125375,100,19229,410,0,55921,0.0010010000000000296
1078000,3993,1927,130656,-16924,-1121,127616,108,19231,442,0,55922,0.0009989999999999721
1079000,-484,17079,133212,-15206,14067,121490,130,19220,532,1,55923,0.001000000000000112
1080002,-3346,-6554,132352,11181,-8884,139981,113,19228,463,1,55924,0.0010019999999999474
1081000,-4539,-3544,127432,-7537,-7955,126705,95,19228,463,1,55925,0.0009980000000000544
1082000,-6243,-6833,129309,-28169,-9966,126751,139,19231,389,0,55926,0.0009999999999998899
1083000,-1052,3212,129342,10474,-1968,131437,139,19228,569,0,55927,0.001000000000000112
1084000,2823,464,129560,3908,-3019,129118,108,19228,442,0,55928,0.0009999999999998899
1085000,-5533,10541,132043,-23338,4983,132036,115,19225,471,1,55929,0.001000000000000112
1086000,-9361,7483,130384,-13734,2757,127901,144,19225,590,1,55930,0.0009999999999998899
1087000,-5752,10996,130401,-2095,4858,126916,111,19225,590,1,55931,0.001000000000000112
1088002,-7356,2696,129216,-10056,724,131788,104,19230,455,1,55932,0.0010019999999999474
1089000,-2866,-1805,125313,-9959,-6204,126118,104,19224,426,0,55933,0.0009980000000000544
1090002,-5855,-2826,126754,-6432,-7545,132669,135,19231,553,0,55934,0.0010019999999999474
1091000,-2476,9139,128218,-7154,2880,120136,106,19229,434,0,55935,0.0009980000000000544
1092000,-5945,14825,129864,-874,7258,128274,121,19226,496,1,55936,0.0009999999999998899
1093000,-9177,-1950,123802,-10070,-6579,121364,115,19226,496,1,55937,0.001000000000000112
1094000,-6507,-2085,127928,-14647,-2068,131081,103,19227,471,1,55938,0.0009999999999998899
1095000,-2492,12091,125992,-2093,5418,124923,103,19230,422,0,55939,0.001000000000000112
1096000,1977,-1409,125095,4296,1133,116357,134,19227,549,0,55940,0.0009999999999998899
1097000,2201,-8795,125788,-8351,-14335,136326,112,19228,459,0,55941,0.001000000000000112
1098000,-312,5890,125797,-10393,3716,120885,112,19223,459,0,55942,0.0009999999999998899
1099000,1515,16857,128098,6199,7177,124668,156,19223,459,1,55943,0.001000000000000112
1100000,-2855,13326,126323,-4099,14862,122756,113,19224,639,1,55944,0.0009999999999998899
1101000,1145,6022,122655,-659,-4074,129117,113,19236,463,1,55945,0.001000000000000112
1102000,7442,8083,123763,4360,-4031,120190,99,19222,405,0,55946,0.0009999999999998899
1103000,8542,6528,124726,7032,759,128598,99,19227,405,0,55947,0.001000000000000112
1104000,7294,-6564,124413,18521,-467,124086,110,19228,451,0,55948,0.0009999999999998899
1105000,2187,-2902,125297,-6091,-6782,131133,121,19228,496,1,55949,0.001000000000000112
1106000,3183,-3758,130145,-2320,10738,125435,108,19220,496,1,55950,0.0009999999999998899
1107000,3790,16146,126296,12702,9970,120682,104,19229,442,1,55951,0.001000000000000112
1108000,6144,8046,126479,2901,2440,123228,104,19234,426,1,55952,0.0009999999999998899
1109000,9988,6997,127981,527,-12076,130106,120,19223,491,0,55953,0.001000000000000112
1110000,12113,-14911,125875,19555,-11422,132963,95,19230,389,0,55954,0.0009999999999998899
1111000,9269,-12528,129649,4517,3368,128261,102,19230,418,0,55955,0.001000000000000112
1112000,1403,3962,131971,-16176,2675,124426,138,19232,418,1,55956,0.0009999999999998899
1113000,715,10628,130497,12154,10935,126509,117,19231,565,1,55957,0.001000000000000112
1114000,-1597,2206,129295,3566,-3990,133195,117,19232,479,1,55958,0.0009999999999998899
1115002,5087,-13188,128057,-10754,-15958,128291,101,19228,414,0,55959,0.0010020000000001694
1116002,10549,947,131219,18078,-3589,127134,145,19232,594,0,55960,0.0009999999999998899
1117000,10319,-5709,127647,15474,-11397,133192,104,19232,426,0,55961,0.0009980000000000544
1118000,4653,-10032,133315,-29119,-1070,129390,109,19227,426,0,55962,0.0009999999999998899
1119000,252,5845,133522,-674,13600,128929,138,19223,446,1,55963,0.001000000000000112
1120000,-9183,4226,128429,8599,9526,126335,138,19231,565,1,55964,0.0009999999999998899
1121000,-6530,4014,131180,-25114,-4545,130319,103,19234,422,1,55965,0.001000000000000112
1122000,-2671,-10164,127852,-498,-18786,138281,113,19220,463,0,55966,0.0009999999999998899
1123000,3066,-5157,130012,11531,2125,121452,91,19228,373,0,55967,0.001000000000000112
1124000,-1033,7325,131551,-10923,-2890,129884,109,19228,373,0,55968,0.0009999999999998899
1125000,-7187,848,131933,-17608,821,128473,135,19227,446,1,55969,0.001000000000000112
1126000,-6173,4770,129832,-12440,-4031,139069,135,19224,553,1,55970,0.0009999999999998899
1127000,-10817,4424,132492,-6707,7960,121703,117,19230,479,1,55971,0.001000000000000112
1128000,-4092,24372,128850,-10543,7651,120737,99,19226,405,1,55972,0.0009999999999998899
1129001,-3730,-4447,125398,-5979,-12837,132631,154,19223,631,0,55973,0.0010010000000000296
1130000,-446,-6134,127588,-6072,-7272,127811,104,19223,631,0,55974,0.0009989999999999721
1131000,3518,551,128055,-4728,1576,125151,109,19229,426,0,55975,0.001000000000000112
1132000,-6323,14594,128594,-8394,14526,119611,109,19224,446,1,55976,0.0009999999999998899
1133002,-7543,8421,126680,-16277,-3274,130658,130,19228,532,1,55977,0.0010019999999999474
1134002,-8186,1710,125581,-4478,-5739,129134,113,19231,463,1,55978,0.001000000000000112
1135002,531,8978,125144,840,3473,122485,110,19223,451,0,55979,0.0009999999999998899
1136000,-1679,5811,123755,-4813,-1006,121728,90,19223,451,0,55980,0.0009980000000000544
1137000,3207,-1056,124063,-4209,-11816,126384,107,19228,369,0,55981,0.001000000000000112
1138000,240,4977,124879,1356,-114,125141,107,19227,438,0,55982,0.0009999999999998899
1139000,-2226,6448,126658,-7243,11737,122806,126,19223,516,1,55983,0.001000000000000112
1140000,-1814,22051,124989,-3925,8968,118280,111,19231,455,1,55984,0.0009999999999998899
1141000,3938,7445,126092,5475,2245,127212,96,19228,393,1,55985,0.001000000000000112
1142000,11460,-4800,121591,4008,-9556,129060,138,19228,393,0,55986,0.0009999999999998899
1143000,7353,2041,127701,7992,-682,117601,114,19234,565,0,55987,0.001000000000000112
1144001,9267,344,125636,6203,-7793,131439,114,19225,467,0,55988,0.0010010000000000296
1145000,3411,-831,127940,3812,-1249,125703,114,19226,467,1,55989,0.0009989999999999721
1146002,1883,4185,127486,-2395,832,129460,136,19230,557,1,55990,0.0010019999999999474
1147002,4022,14441,126252,4534,12251,117449,110,19228,451,1,55991,0.0009999999999998899
1148000,8351,12683,124632,9721,7309,127031,106,19228,434,1,55992,0.0009980000000000544
1149000,13724,-1986,126869,1782,-4858,126640,112,19223,434,0,55993,0.001000000000000112
1150000,11588,-5732,126972,13595,-10037,130293,104,19234,459,0,55994,0.0009999999999998899
1151000,5194,-15203,130914,1377,2928,132638,104,19230,426,0,55995,0.001000000000000112
1152000,3961,4294,129863,-6906,6620,127392,113,19222,463,1,55996,0.0009999999999998899
1153000,-1588,5106,129672,8187,8455,126376,110,19227,451,1,55997,0.001000000000000112
1154000,-617,13908,127667,-224,1720,125610,101,19227,414,1,55998,0.0009999999999998899
1155000,3855,-1774,126656,-6773,-20706,135857,132,19229,414,0,55999,0.001000000000000112
1156000,9588,-9925,130229,24629,-985,120229,100,19221,541,0,56000,0.0009999999999998899
1157000,6147,5283,127967,-9059,-11782,133912,100,19227,410,0,56001,0.001000000000000112
1158000,922,-4168,134108,-15474,5704,125514,103,19225,422,0,56002,0.0009999999999998899
1159000,3492,9469,133167,6127,-3914,134325,147,19227,602,1,56003,0.001000000000000112
1160001,-8688,-10125,130242,-6072,-3537,129514,110,19227,451,1,56004,0.0010009999999998076
1161000,-5383,8084,133397,-24033,2843,120239,99,19228,451,1,56005,0.0009990000000001942
1162000,1664,-5018,126933,4607,-17250,139155,121,19228,405,0,56006,0.0009999999999998899
1163000,487,-1803,130125,8032,12714,115491,121,19233,496,0,56007,0.001000000000000112
1164000,-1803,2586,128692,-19162,-3270,134468,109,19230,446,0,56008,0.0009999999999998899
1165000,-7986,-3064,133233,-14645,8916,126447,118,19216,483,1,56009,0.001000000000000112
1166002,-8165,4608,130278,-4371,-927,133554,114,19226,467,1,56010,0.0010019999999999474
1167002,-10257,-2982,130483,-8372,6517,128968,104,19226,467,1,56011,0.0009999999999998899
1168000,-4294,14086,128839,-12285,8510,115435,121,19229,426,1,56012,0.0009980000000000544
1169001,-4310,-559,124733,-8520,-10087,134604,121,19214,496,0,56013,0.0010010000000000296
1170000,180,-4793,125859,-817,-3218,126373,93,19230,381,0,56014,0.0009989999999999721
1171000,-3240,838,128241,-11258,2252,127951,102,19227,418,0,56015,0.001000000000000112
1172000,-7119,5592,127975,-9222,6554,120528,141,19225,577,1,56016,0.0009999999999998899
1173000,-7115,14933,129402,-8492,9514,123823,118,19225,577,1,56017,0.001000000000000112
1174000,-8645,-1346,123988,-6651,-3693,137689,103,19227,483,1,56018,0.0009999999999998899
1175000,75,4018,122695,-3716,6070,107836,103,19229,422,0,56019,0.001000000000000112
1176000,-2724,9155,126416,-7302,2537,126310,114,19236,467,0,56020,0.0009999999999998899
1177001,2948,1639,124885,8402,-4605,128204,113,19227,463,0,56021,0.0010010000000000296
1178000,2592,-2249,125259,-779,-7149,126108,118,19222,483,1,56022,0.0009989999999999721
1179000,-4041,1527,128383,-11116,5283,131409,141,19222,483,1,56023,0.001000000000000112
1180002,-1261,17119,125759,-3506,14554,111654,104,19229,577,1,56024,0.0010019999999999474
1181000,6644,16577,124121,4262,-1296,129658,104,19225,426,1,56025,0.0009980000000000544
1182000,8049,-843,121931,5894,-8663,125056,111,19229,455,0,56026,0.0009999999999998899
1183000,8868,-794,125149,532,1646,124235,97,19228,397,0,56027,0.001000000000000112
1184000,7478,-9388,126036,5425,-9604,128393,115,19224,471,0,56028,0.0009999999999998899
1185000,5060,4676,130556,9328,3292,123619,140,19224,471,1,56029,0.001000000000000112
1186000,-774,2006,129125,-4783,1098,134138,115,19225,573,1,56030,0.0009999999999998899
1187000,4248,16105,125584,2472,7603,113178,115,19228,471,1,56031,0.001000000000000112
1188000,8379,-324,125553,11700,-8745,133829,99,19227,405,0,56032,0.0009999999999998899
1189000,11143,1867,127135,2756,1597,123509,149,19231,610,0,56033,0.001000000000000112
1190002,11243,-1053,126980,9919,-13946,127905,107,19232,438,0,56034,0.0010019999999999474
1191002,6722,-11110,131105,4656,-6247,134317,107,19232,438,0,56035,0.0009999999999998899
1192000,4266,7065,132985,-3302,15623,122006,128,19226,438,1,56036,0.0009980000000000544
1193000,317,8339,133046,2698,1274,133879,109,19226,524,1,56037,0.0009999999999998899
1194000,1047,8091,129953,4177,1254,124971,109,19228,446,1,56038,0.001000000000000112
1195003,5763,-5401,124987,-2547,-9678,135097,110,19220,451,0,56039,0.0010030000000000872
1196002,11745,-12821,131611,8111,-14247,122078,113,19229,463,0,56040,0.0009989999999999721
1197000,5109,1421,129165,17862,-4295,137998,111,19229,455,0,56041,0.0009979999999998324
1198000,538,-9598,132071,-11458,15230,120091,127,19230,455,1,56042,0.001000000000000112
1199000,-5165,19096,132815,-18142,6519,128115,113,19220,520,1,56043,0.0009999999999998899
1200000,-4258,632,130461,-24,-4459,135795,113,19229,463,1,56044,0.001000000000000112
1201000,-6099,-1845,127054,5031,-14536,127721,101,19232,414,1,56045,0.0009999999999998899
1202000,-471,-13451,130294,-19057,-9082,132431,140,19229,573,0,56046,0.001000000000000112
1203000,1320,5536,131756,6399,6230,120593,104,19229,426,0,56047,0.0009999999999998899
1204000,-422,5288,132279,-8966,1720,128274,109,19227,426,0,56048,0.001000000000000112
1205000,-5804,7392,130757,-18072,-4965,135001,141,19225,446,1,56049,0.0009999999999998899
1206000,-11173,-2109,129202,-9595,3512,127211,141,19228,577,1,56050,0.001000000000000112
1207000,-9042,10628,130208,-9247,7823,127678,113,19231,463,1,56051,0.0009999999999998899
1208000,-3640,5524,128309,-6420,-4254,127267,106,19225,434,0,56052,0.001000000000000112
1209000,-2844,-5710,125712,-11231,-13858,133364,138,19230,565,0,56053,0.0009999999999998899
1210000,-2043,7484,127596,-5193,8644,121117,102,19230,565,0,56054,0.001000000000000112
1211000,-2372,128,125686,-8727,4338,125955,116,19233,418,0,56055,0.0009999999999998899
1212000,-5279,6810,129138,-4578,6512,128820,116,19216,475,1,56056,0.001000000000000112
1213000,-8466,8489,127558,-13091,4641,123542,114,19223,467,1,56057,0.0009999999999998899
1214000,-6490,3737,128671,-9283,4753,128187,107,19234,438,1,56058,0.001000000000000112
1215000,2482,4154,124362,4000,-6610,126230,131,19235,537,0,56059,0.0009999999999998899
1216000,425,-8037,124994,-1705,-3310,126688,100,19235,537,0,56060,0.001000000000000112
1217001,1091,3863,124900,-5911,3446,124772,109,19227,410,0,56061,0.0010010000000000296
1218001,-2388,6618,126010,-3804,6980,121938,109,19227,446,1,56062,0.0009999999999998899
1219000,-1833,15827,125851,-5803,6612,121991,151,19225,618,1,56063,0.0009989999999999721
1220004,-1197,9945,125071,1023,-2256,128304,115,19229,471,1,56064,0.0010040000000000049
1221001,3409,2795,122724,5896,-6949,124396,100,19222,410,0,56065,0.0009970000000001367
1222000,9059,12166,126817,-3101,4899,120506,99,19222,410,0,56066,0.0009989999999999721
1223002,13831,-1685,124747,12938,-7980,128894,115,19229,405,0,56067,0.0010019999999999474
1224002,8480,-6347,127733,6334,-4706,127804,115,19227,471,0,56068,0.001000000000000112
1225000,3177,982,128110,-4787,1411,124104,121,19218,496,1,56069,0.0009979999999998324
1226000,1487,14699,130194,2844,13120,122245,110,19228,451,1,56070,0.001000000000000112
1227000,8088,3597,124426,8566,-2350,132146,102,19233,418,1,56071,0.0009999999999998899
1228000,8353,-6836,125705,3137,-8276,123149,119,19233,418,0,56072,0.001000000000000112
1229001,9658,9552,127226,2179,-1020,126005,106,19222,487,0,56073,0.0010010000000000296
1230000,7150,-7267,126160,15026,-12497,130377,106,19230,434,0,56074,0.0009989999999999721
1231000,5172,-227,130170,-1075,-1421,127528,110,19224,451,1,56075,0.0009999999999998899
1232002,1111,496,130142,-7472,-1748,133962,138,19225,565,1,56076,0.0010020000000001694
1233002,3046,7655,130108,6504,8732,124567,114,19235,467,1,56077,0.0009999999999998899
1234000,1120,18292,129478,3287,50,126441,102,19235,467,1,56078,0.0009980000000000544
1235000,8373,-10296,126167,-2107,-17987,134481,148,19228,418,0,56079,0.0009999999999998899
1236000,7347,-13424,130091,15206,-9345,130165,148,19234,606,0,56080,0.001000000000000112
1237000,6611,-6212,129858,10176,-11380,128772,106,19230,434,0,56081,0.0009999999999998899
1238000,460,9789,134734,-23583,9070,123279,108,19221,442,1,56082,0.001000000000000112
1239000,-4413,13519,131627,-3260,3531,127732,136,19229,557,1,56083,0.0009999999999998899
1240000,-8352,289,129664,8788,-4612,134697,104,19229,426,1,56084,0.001000000000000112
1241000,-1062,-10188,129330,-21344,-13275,132074,114,19229,426,0,56085,0.0009999999999998899
1242000,-2557,-4459,129635,-1134,-5997,125278,91,19224,467,0,56086,0.001000000000000112
1243000,7439,10040,131562,2500,6583,124661,91,19228,373,0,56087,0.0009999999999998899
1244000,-4941,5186,130563,-11022,-1983,134153,108,19221,442,0,56088,0.001000000000000112
1245000,-6432,-10898,129605,-17667,16561,130675,133,19224,545,1,56089,0.0009999999999998899
1246000,-9563,13153,127890,-10290,1553,127788,115,19224,471,1,56090,0.001000000000000112
1247000,-9115,4921,129685,-3669,7347,125060,101,19231,471,1,56091,0.0009999999999998899
1248000,-5040,10936,126132,-12408,-6381,127401,155,19228,414,0,56092,0.001000000000000112
1249000,-3462,-5213,125274,-2575,-12719,131711,155,19226,635,0,56093,0.0009999999999998899
1250000,-1492,-1692,128529,-3472,-1976,124673,104,19229,426,0,56094,0.001000000000000112
1251000,-1110,3040,128062,-17055,8321,124547,105,19224,430,1,56095,0.0009999999999998899
1252000,-2729,14722,130912,-3525,12188,123442,130,19224,532,1,56096,0.001000000000000112
1253000,-7286,12038,127342,-10161,-1931,129581,111,19230,532,1,56097,0.0009999999999998899
1254000,-2598,-5174,125673,-7992,-3181,126456,111,19233,455,1,56098,0.001000000000000112
1255000,-167,5947,128286,823,3390,118890,111,19222,455,0,56099,0.0009999999999998899
1256000,4654,-1099,124080,544,-8399,127016,89,19227,365,0,56100,0.001000000000000112
1257002,409,3574,128377,-1784,11328,125652,109,19228,446,0,56101,0.0010019999999999474
1258000,-274,-1677,122552,-7952,2378,124542,125,19218,512,1,56102,0.0009980000000000544
1259000,-2861,11392,128564,3489,13630,123982,110,19218,512,1,56103,0.0009999999999998899
1260000,-1963,12983,124560,-369,1814,123844,98,19228,451,1,56104,0.001000000000000112
1261000,5479,748,124112,4138,145,127147,98,19230,401,0,56105,0.0009999999999998899
1262000,7396,1275,123985,8246,-4711,123938,135,19234,553,0,56106,0.001000000000000112
1263000,7274,-1927,124514,7405,-9260,124328,111,19226,455,0,56107,0.0009999999999998899
1264000,7511,1720,127192,1685,-8475,127489,112,19225,459,0,56108,0.001000000000000112
1265000,3017,-946,128363,4338,4397,126735,134,19225,459,1,56109,0.0009999999999998899
1266001,2068,16433,127043,-6622,13003,117894,109,19228,549,1,56110,0.0010010000000000296
1267001,9548,12989,125771,11283,579,126053,109,19229,446,1,56111,0.001000000000000112
1268000,10189,-2417,123311,9595,-11348,124645,101,19226,414,0,56112,0.0009989999999999721
1269000,8836,-2096,128229,6549,-3243,125305,110,19233,451,0,56113,0.0009999999999998899
1270000,9722,-8136,128618,13841,-7621,130578,106,19229,434,0,56114,0.001000000000000112
1271000,4027,1660,130637,-881,-2006,129841,115,19229,434,1,56115,0.0009999999999998899
1272000,-433,419,129224,-7754,1358,128044,110,19225,471,1,56116,0.001000000000000112
1273000,2151,12870,129652,8619,5905,126805,110,19228,451,1,56117,0.0009999999999998899
1274000,3317,6448,127519,1410,-633,126460,100,19230,410,1,56118,0.001000000000000112
1275000,9300,-4172,127188,-3221,-14276,127378,129,19228,528,0,56119,0.0009999999999998899
1276001,9279,-6711,130311,19100,-5160,132454,102,19230,418,0,56120,0.0010010000000000296
1277000,5046,-5764,128589,-2545,-10105,131456,108,19230,418,0,56121,0.0009989999999999721
1278000,-1136,4768,135219,-17078,7740,124964,149,19225,442,1,56122,0.001000000000000112
1279000,-4901,5101,131456,-893,299,132380,149,19227,610,1,56123,0.0009999999999998899
1280000,-8038,1011,131260,431,-763,127770,112,19232,459,1,56124,0.001000000000000112
1281000,320,2335,128561,-18454,-9367,126610,98,19227,401,0,56125,0.0009999999999998899
1282000,-1144,-6593,129362,-1825,-2669,131005,121,19230,496,0,56126,0.001000000000000112
1283000,4526,1508,129409,1644,-1982,128084,112,19230,459,0,56127,0.0009999999999998899
1284000,-5526,4091,132091,-17486,-2209,127200,123,19227,459,0,56128,0.001000000000000112
1285002,-6717,1164,131483,-14476,1245,132895,116,19219,504,1,56129,0.0010019999999999474
1286000,-9562,5693,129584,-6070,5078,128136,116,19230,475,1,56130,0.0009980000000000544
1287000,-7172,8921,130608,-11884,8039,124501,106,19231,434,1,56131,0.0009999999999998899
1288000,-2053,5349,126961,-10298,-1126,131625,121,19217,496,0,56132,0.001000000000000112
1289000,-5480,-7477,124932,-6876,-10927,128972,93,19217,381,0,56133,0.0009999999999998899
1290000,127,-1261,128921,-4194,-801,125418,105,19232,381,0,56134,0.001000000000000112
1291000,-5770,2321,126260,-9710,-5449,120070,142,19230,430,1,56135,0.0009999999999998899
1292000,-7096,11667,131762,-7542,11684,129245,142,19225,582,1,56136,0.001000000000000112
1293000,-6558,10507,125311,-11732,-5085,131583,118,19232,483,1,56137,0.0009999999999998899
1294001,-4222,2593,126699,-7048,4051,120895,103,19231,422,0,56138,0.0010010000000000296
1295000,73,13504,124983,-3987,847,123611,127,19231,520,0,56139,0.0009989999999999721
1296000,3364,-4098,123063,6435,-11814,131050,111,19234,520,0,56140,0.001000000000000112
1297002,4295,-2140,127706,-7818,-4417,129067,114,19230,455,0,56141,0.0010019999999999474
1298000,-3402,-1178,126676,-4359,14376,118085,114,19222,467,1,56142,0.0009980000000000544
1299000,-308,15700,129398,609,19959,119574,137,19233,561,1,56143,0.0009999999999998899
1300000,903,5863,123076,2853,740,134977,106,19229,434,1,56144,0.001000000000000112
1301000,4895,-4297,122766,3594,-257,120335,113,19224,463,0,56145,0.0009999999999998899
1302000,7343,4689,124163,6686,-960,123860,97,19224,463,0,56146,0.001000000000000112
1303002,5163,-918,125037,5196,-10301,124588,113,19227,397,0,56147,0.0010019999999999474
1304000,8247,2869,127115,7946,-700,130271,113,19230,463,1,56148,0.0009980000000000544
1305000,-426,-6554,127622,-8144,3967,124341,133,19223,545,1,56149,0.0009999999999998899
1306003,5077,17015,128937,8395,9673,123071,116,19232,475,1,56150,0.0010030000000000872
1307000,6825,5917,125895,16568,-1539,125720,101,19230,414,1,56151,0.0009969999999999146
1308000,9888,-3328,126288,-8549,-1305,125495,148,19230,414,0,56152,0.001000000000000112
1309000,10000,-8148,129311,12827,-5851,132923,112,19229,606,0,56153,0.0009999999999998899
1310000,5323,-5199,127936,11634,-4763,125811,112,19230,459,0,56154,0.0009999999999998899
1311000,7224,-3783,131550,-5238,-2449,130228,109,19229,446,1,56155,0.001000000000000112
1312000,-2938,12424,130107,872,9413,124610,128,19228,524,1,56156,0.0009999999999998899
1313000,1331,9546,127773,1780,-843,128101,113,19236,463,1,56157,0.001000000000000112
1314000,4411,1013,129477,2960,-2169,125862,112,19236,463,1,56158,0.0009999999999998899
1315001,9693,-3293,127827,-2401,-21704,134053,101,19226,459,0,56159,0.0010010000000000296
1316000,14356,-1316,130730,17385,2002,122766,101,19228,414,0,56160,0.0009989999999999721
1317000,2839,-9082,130957,-20862,-7713,136987,104,19230,426,0,56161,0.001000000000000112
1318001,1538,-1764,133989,-6192,9383,125643,120,19222,491,1,56162,0.0010010000000000296
1319000,-9397,12317,132870,6332,4308,127828,113,19229,463,1,56163,0.0009989999999999721
1320000,-6090,2685,128406,-8488,-6253,131732,97,19229,463,1,56164,0.0009999999999998899
1321000,-4813,-9500,126054,-18842,-17900,130605,138,19227,397,0,56165,0.001000000000000112
1322001,3637,2408,129827,5279,2379,125095,138,19232,565,0,56166,0.0010010000000000296
1323000,-127,4041,128754,3712,-615,126625,112,19227,459,0,56167,0.0009989999999999721
1324000,-5413,8841,132170,-22312,2523,123165,113,19224,463,1,56168,0.0009999999999998899
1325000,-7912,599,130737,-14217,-7813,139553,141,19231,577,1,56169,0.001000000000000112
1326000,-8158,-717,129681,-4954,928,126490,115,19231,577,1,56170,0.0009999999999998899
1327000,-6130,9505,129784,-7330,1614,125355,106,19229,471,1,56171,0.001000000000000112
1328001,-252,6850,127365,-11486,-2824,128796,106,19227,434,0,56172,0.0010010000000000296
1329000,-2471,-3377,127639,-6797,-9580,130905,144,19232,590,0,56173,0.0009989999999999721
1330000,115,-4000,127618,-1336,-3936,126773,105,19225,430,0,56174,0.0009999999999998899
1331001,-5158,13385,130332,-12004,12650,117847,116,19227,475,1,56175,0.0010010000000000296
1332000,-6950,15133,126295,-14139,6470,128909,113,19227,463,1,56176,0.0009989999999999721
1333000,-6905,89,126991,-1980,-5836,132655,106,19228,463,1,56177,0.001000000000000112
1334000,-1897,6471,124523,-8238,637,122189,129,19231,434,0,56178,0.0009999999999998899
1335000,580,5186,126303,-2384,2742,121465,129,19231,528,0,56179,0.001000000000000112
1336000,4909,6120,123281,1839,-2173,127821,102,19232,418,0,56180,0.0009999999999998899
1337000,2704,-4143,126791,-4622,-5831,127342,108,19225,442,0,56181,0.001000000000000112
1338000,-2422,7798,126926,-8446,6136,122566,147,19225,602,1,56182,0.0009999999999998899
1339001,-2665,2349,124297,3265,13876,121380,113,19221,602,1,56183,0.0010010000000000296
1340000,-1790,13296,123808,3647,1630,122911,97,19236,463,1,56184,0.0009989999999999721
1341000,9798,2229,123078,-8005,-2161,126724,97,19232,397,0,56185,0.001000000000000112
1342000,9747,3661,123578,18192,4050,120067,110,19230,451,0,56186,0.0009999999999998899
1343000,9135,1088,125992,-3519,-11975,128118,123,19226,504,0,56187,0.001000000000000112
1344000,3442,-8978,128669,2834,2138,130248,124,19221,508,1,56188,0.0009999999999998899
1345001,3400,3079,126702,1699,2690,129139,109,19221,508,1,56189,0.0010010000000000296
1346000,3804,5095,127725,3879,10270,121743,104,19227,446,1,56190,0.0009989999999999721
1347002,4334,16802,126816,5058,7466,121076,104,19232,426,1,56191,0.0010020000000001694
1348000,11013,-959,123017,2872,-10688,130480,119,19224,487,0,56192,0.0009979999999998324
1349000,10001,-9999,128480,18362,-11018,128874,97,19229,397,0,56193,0.001000000000000112
1350000,8427,-4270,127535,-1904,-14676,130270,105,19230,430,0,56194,0.0009999999999998899
1351000,5298,-1554,131528,-5539,16128,120146,133,19230,430,1,56195,0.001000000000000112
1352000,2158,19202,131626,5909,13573,124585,114,19228,545,1,56196,0.0009999999999998899
1353000,-372,-1692,127256,1728,-10327,139919,114,19230,467,1,56197,0.001000000000000112
1354000,2652,-3708,128718,-5544,-3072,122216,99,19227,405,0,56198,0.0009999999999998899
1355008,8260,-6993,129654,5780,-13675,136808,149,19235,610,0,56199,0.00100800000000012
1356000,11743,-9796,131021,27854,509,122662,106,19229,434,0,56200,0.0009919999999998819
1357000,-631,5674,131336,-25395,-3666,134640,109,19229,434,0,56201,0.001000000000000112
1358000,666,-3863,132529,-16891,3375,126890,134,19223,446,1,56202,0.0009999999999998899
1359000,-6443,18681,132583,18997,12358,125208,134,19232,549,1,56203,0.001000000000000112
1360000,-3203,-155,129785,-15912,-5645,132151,105,19230,430,1,56204,0.0009999999999998899
1361000,-5038,-7979,128471,-16748,-18841,131608,109,19219,446,0,56205,0.001000000000000112
1362000,3228,-15212,132575,14396,-9143,135125,97,19230,397,0,56206,0.0009999999999998899
1363000,-5088,9985,129714,-2907,13409,119037,113,19230,397,0,56207,0.001000000000000112
1364000,-1692,2936,131946,-20980,4847,123816,136,19228,463,1,56208,0.0009999999999998899
1365000,-10721,9272,130285,-16603,-1043,136390,136,19224,557,1,56209,0.001000000000000112
1366000,-5232,-3312,127570,-3321,-3641,128218,120,19229,491,1,56210,0.0009999999999998899
1367000,-7394,16379,131262,-6159,12508,120181,102,19227,418,1,56211,0.001000000000000112
1368000,-3008,2126,124115,-13900,-11733,132122,145,19226,594,0,56212,0.0009999999999998899
1369000,-4281,-5287,126667,-1723,-5288,124015,109,19226,594,0,56213,0.001000000000000112
1370001,-860,3344,128062,-10953,-974,134390,106,19233,446,0,56214,0.0010010000000000296
1371000,-2127,10064,126457,-2297,12330,114595,106,19228,434,1,56215,0.0009989999999999721
1372000,-11098,14443,128499,-13006,8707,126818,137,19226,561,1,56216,0.0009999999999998899
1373000,-3488,-7461,124994,-14852,-7221,132331,116,19231,475,1,56217,0.001000000000000112
1374000,-2615,3418,127952,7859,-2496,123430,108,19223,442,0,56218,0.0009999999999998899
1375000,574,9367,123669,-812,986,121518,84,19223,344,0,56219,0.001000000000000112
1376000,-2199,297,124489,-3346,-2415,124448,105,19232,344,0,56220,0.0009999999999998899
1377000,1290,-2026,125782,-8413,-867,134223,126,19227,430,0,56221,0.001000000000000112
1378000,914,17346,128207,2589,19961,112145,126,19222,516,1,56222,0.0009999999999998899
1379000,-1988,15456,125175,-2017,8737,128777,114,19232,467,1,56223,0.001000000000000112
1380001,4809,2455,125177,-2776,-241,119065,95,19230,389,1,56224,0.0010010000000000296
1381000,9187,4956,124555,6705,3064,127671,131,19230,537,0,56225,0.0009989999999999721
1382000,10195,-8613,125559,8881,-8162,124487,108,19235,537,0,56226,0.0009999999999998899
1383000,7189,-894,126525,4832,-4836,127958,112,19229,442,0,56227,0.001000000000000112
1384000,3563,-2539,125752,2471,-6969,124718,112,19221,459,1,56228,0.0009999999999998899
1385000,608,12059,126756,-2082,9708,117671,140,19228,573,1,56229,0.001000000000000112
1386000,1479,8980,128512,415,-191,141509,110,19233,451,1,56230,0.0009999999999998899
1387000,11113,2775,123246,11413,-520,115575,100,19233,410,0,56231,0.001000000000000112
1388003,8498,5288,128784,4043,-1129,131595,114,19226,410,0,56232,0.0010029999999998651
1389002,9220,-2729,125167,8198,-19202,132869,103,19234,467,0,56233,0.0009989999999999721
1390000,6441,-9459,128245,-1136,-15986,130472,103,19229,422,0,56234,0.0009980000000000544
1391000,3570,-2056,133401,-7748,8306,128735,116,19223,475,1,56235,0.001000000000000112
1392000,184,20738,131066,7424,21942,113411,112,19232,459,1,56236,0.0009999999999998899
1393000,2706,11682,128902,-601,-8704,137571,101,19230,414,1,56237,0.001000000000000112
1394000,8065,-10211,126120,812,-14769,130487,130,19230,414,0,56238,0.0009999999999998899
1395000,8584,-9601,131691,13777,-7019,125806,103,19224,532,0,56239,0.001000000000000112
1396000,7673,4549,130296,2919,-2173,131105,103,19227,422,0,56240,0.0009999999999998899
1397000,-362,383,130940,-16815,-5704,125988,108,19227,442,0,56241,0.001000000000000112
1398000,2211,1012,132809,-19,1100,137718,150,19229,614,1,56242,0.0009999999999998899
1399000,-9578,5861,129936,-4995,5859,123980,113,19233,463,1,56243,0.001000000000000112
1400000,-3615,2137,131427,-17307,-1686,131030,100,19233,463,1,56244,0.0009999999999998899
1401000,732,-6143,127851,5731,-12208,134107,122,19225,410,0,56245,0.001000000000000112
1402000,-619,-9267,129541,-4649,1749,125539,122,19232,500,0,56246,0.0009999999999998899
1403000,-2485,6161,131472,-12019,317,129770,109,19226,446,0,56247,0.001000000000000112
1404000,-7669,2059,130183,-8551,1398,125996,120,19220,491,1,56248,0.0009999999999998899
1405001,-8471,4758,130986,-12491,5530,136385,116,19229,475,1,56249,0.0010010000000000296
1406000,-12061,1901,129829,-9328,3138,123423,107,19229,475,1,56250,0.0009989999999999721
1407000,-3048,14752,130337,-10923,9864,121220,122,19230,438,1,56251,0.001000000000000112
1408000,-3598,-4879,126084,-6439,-8736,134299,122,19216,500,0,56252,0.0009999999999998899
1409000,-973,-4805,126811,-5985,-9814,126207,102,19235,418,0,56253,0.001000000000000112
1410000,1675,-3253,127402,-12896,-604,128085,110,19227,451,0,56254,0.0009999999999998899
1411000,-5038,15510,128971,-11125,20554,114035,138,19226,565,1,56255,0.001000000000000112
1412000,-5256,9465,127085,1660,-4376,138248,119,19226,565,1,56256,0.0009999999999998899
1413000,-10163,1188,125955,-12970,4364,119474,108,19230,487,1,56257,0.001000000000000112
1414000,-1669,8934,125047,-7599,273,127101,108,19226,442,0,56258,0.0009999999999998899
1415000,-142,2616,124425,5263,168,121113,130,19232,532,0,56259,0.001000000000000112
1416000,4593,3867,124915,274,-4477,128218,107,19226,438,0,56260,0.0009999999999998899
1417002,419,-12515,124875,-2738,-6219,132003,110,19225,451,1,56261,0.0010019999999999474
1418000,-853,14895,129160,-5774,19669,111919,138,19225,451,1,56262,0.0009980000000000544
1419000,-1613,12086,124965,-4933,3066,130371,107,19230,565,1,56263,0.001000000000000112
1420000,2645,10652,125398,1602,9547,116972,107,19231,438,1,56264,0.0009999999999998899
1421003,9684,-6175,122024,3985,-13960,132929,110,19225,451,0,56265,0.0010030000000000872
1422000,11261,6904,126732,6410,3774,116293,95,19227,389,0,56266,0.0009969999999999146
1423000,8498,-3540,126871,1762,-11732,131991,114,19229,467,0,56267,0.001000000000000112
1424002,5432,-9348,129718,5627,-3499,131614,134,19229,549,1,56268,0.0010019999999999474
1425000,1976,14634,130461,1749,18104,115479,114,19228,549,1,56269,0.0009980000000000544
1426000,2583,4203,125167,3152,486,132491,98,19232,467,1,56270,0.0009999999999998899
1427000,6845,-14,124746,4529,-8266,122842,98,19228,401,0,56271,0.001000000000000112
1428000,11797,448,128299,7437,-6763,132105,147,19232,602,0,56272,0.0009999999999998899
1429000,10932,-7056,126937,13530,-9020,125672,105,19231,430,0,56273,0.0009999999999998899
1430000,4901,-7969,128844,1689,-11190,131464,107,19231,438,0,56274,0.001000000000000112
1431001,3431,5534,131535,-5763,273,127615,127,19222,438,1,56275,0.0010010000000000296
1432000,-1950,14181,129405,4758,9018,125317,109,19231,520,1,56276,0.0009989999999999721
1433000,1934,813,128468,132,9981,120655,109,19233,446,1,56277,0.0009999999999998899
1434000,5727,6881,128195,-3756,-14970,133938,106,19223,434,0,56278,0.001000000000000112
1435000,10037,-23436,129100,6541,-14361,133509,105,19231,430,0,56279,0.0009999999999998899
1436000,5650,-5472,130817,16953,-2887,129020,107,19229,438,0,56280,0.001000000000000112
1437000,-2248,2475,133287,-20649,9087,122839,124,19229,438,1,56281,0.0009999999999998899
1438000,-488,13356,133684,-6060,8138,128207,111,19224,508,1,56282,0.001000000000000112
1439000,-7030,3558,130556,7793,-1357,134207,111,19228,455,1,56283,0.0009999999999998899
1440007,-3091,-6781,126947,-16537,-13959,131918,99,19232,405,1,56284,0.0010070000000002022
1441000,633,-2380,130597,-12301,-2948,124352,136,19227,557,0,56285,0.0009929999999997996
1442000,2010,3032,129964,8024,-1866,127466,114,19225,467,0,56286,0.001000000000000112
1443000,1890,985,132855,-10302,4844,131619,116,19225,467,0,56287,0.0009999999999998899
1444000,-10657,2405,130224,-21871,-9544,131636,143,19224,475,1,56288,0.001000000000000112
1445000,-8585,980,130298,-4980,18157,123879,143,19232,586,1,56289,0.0009999999999998899
1446001,-9531,13380,126686,-7146,3758,123272,115,19228,471,1,56290,0.0010010000000000296
1447000,-2064,1235,127976,-7633,-5626,130377,106,19224,434,0,56291,0.0009989999999999721
1448000,-4522,-4327,124395,-10486,-11125,129964,144,19232,590,0,56292,0.001000000000000112
1449000,-2380,-6628,128092,-3523,1725,124585,105,19232,590,0,56293,0.0009999999999998899
1450002,-1600,14528,129852,-10742,7441,121516,115,19226,430,0,56294,0.0010020000000001694
1451000,-6774,9346,126506,-12151,798,127722,115,19220,471,1,56295,0.0009979999999998324
1452001,-6825,5086,127260,-8787,-721,127699,109,19227,446,1,56296,0.0010010000000000296
1453000,-3886,14266,127018,-8442,4446,117405,104,19232,426,1,56297,0.0009989999999999721
1454000,2791,7090,125700,5731,2097,126620,129,19225,528,0,56298,0.001000000000000112
1455000,1395,-3412,123171,-1820,-13396,129676,102,19225,528,0,56299,0.0009999999999998899
1456003,2265,-6430,128268,-5446,-3033,124972,110,19223,418,0,56300,0.0010030000000000872
1457001,-3612,12577,127245,-4651,14841,124224,110,19226,451,1,56301,0.0009980000000000544
1458000,-1026,10658,126131,-6541,11530,119184,145,19226,594,1,56302,0.0009989999999999721
1459005,622,11616,126307,4930,1145,131342,112,19232,459,1,56303,0.0010049999999999226
1460001,3348,-55,121422,-299,-3084,121825,97,19224,397,0,56304,0.0009959999999999969
1461000,10220,5750,124929,971,190,119716,104,19224,397,0,56305,0.0009989999999999721
1462000,12292,6111,123970,22461,-11598,126005,115,19232,426,0,56306,0.001000000000000112
1463001,6195,-6783,126483,-861,-5877,132450,115,19226,471,0,56307,0.0010010000000000296
1464000,2045,-2511,128268,-6248,1130,127918,120,19218,491,1,56308,0.0009989999999999721
1465000,1999,16348,130100,6994,16038,117201,111,19232,455,1,56309,0.0009999999999998899
1466000,6453,9038,124852,6533,1120,128383,105,19232,430,1,56310,0.001000000000000112
1467000,7875,-122,126580,1728,-2536,123615,116,19232,475,0,56311,0.0009999999999998899
1468000,12532,-3582,124465,6559,-14026,131152,92,19223,475,0,56312,0.001000000000000112
1469000,6067,-3024,128745,19862,-1739,126098,103,19230,377,0,56313,0.0009999999999998899
1470000,5127,-1173,129690,-5645,-6635,129493,103,19227,422,1,56314,0.001000000000000112
1471000,308,-1389,130660,-8591,-2618,130864,131,19224,537,1,56315,0.0009999999999998899
1472000,2145,22723,131979,5836,20976,117933,114,19234,467,1,56316,0.001000000000000112
1473000,2928,4755,126874,761,-5423,133892,100,19234,410,1,56317,0.0009999999999998899
1474000,7618,-11780,126584,9,-14182,124873,148,19227,410,0,56318,0.001000000000000112
1475000,8717,-10149,129069,14957,-13290,135682,106,19230,606,0,56319,0.0009999999999998899
1476000,5816,-7516,129587,10121,-10116,121834,106,19229,434,0,56320,0.001000000000000112
1477000,103,10220,135913,-21763,11987,128903,110,19223,451,1,56321,0.0009999999999998899
1478000,-5922,10012,129891,-5065,2373,128619,134,19229,549,1,56322,0.001000000000000112
1479000,-8607,680,129943,7283,-2568,131699,105,19229,430,1,56323,0.0009999999999998899
1480000,-2793,-9346,129059,-22354,-14836,140423,110,19232,430,0,56324,0.001000000000000112
1481001,593,-2418,129475,2830,-3299,117311,88,19218,451,0,56325,0.0010010000000000296
1482000,4637,8496,131557,5037,3295,129317,88,19227,360,0,56326,0.0009989999999999721
1483000,-5208,1509,131426,-15067,-6014,129132,111,19227,455,0,56327,0.0009999999999998899
1484001,-5512,-3857,130553,-9376,-1607,132295,137,19222,561,1,56328,0.0010010000000000296
1485000,-8907,1768,131471,-7983,12631,128013,119,19229,487,1,56329,0.0009989999999999721
1486002,-7965,17072,130249,-12019,13088,119813,99,19229,487,1,56330,0.0010019999999999474
1487000,-3389,7041,126439,-6073,-10886,132977,145,19231,405,0,56331,0.0009980000000000544
1488002,-4072,-13754,125119,-3342,-11644,131238,145,19223,594,0,56332,0.0010019999999999474
1489000,-2775,-6170,127637,-11431,8917,124891,108,19226,442,0,56333,0.0009980000000000544
1490000,-272,6523,128783,-4564,6878,124442,109,19223,446,1,56334,0.001000000000000112
1491000,-6517,13224,128887,-6830,7235,123252,136,19226,557,1,56335,0.0009999999999998899
1492000,-8831,6492,128339,-17751,1301,134277,113,19226,557,1,56336,0.001000000000000112
1493000,-3234,7635,125747,-2840,-1522,123530,109,19229,463,1,56337,0.0009999999999998899
1494000,944,2211,124841,5953,-6582,130484,109,19219,446,0,56338,0.001000000000000112
1495000,674,-2734,126305,-8139,-3716,122758,88,19233,360,0,56339,0.0009999999999998899
1496000,1863,5770,123386,-9482,-74,125556,108,19228,442,0,56340,0.001000000000000112
1497000,1074,7882,126304,2730,5160,126773,123,19220,504,1,56341,0.0009999999999998899
1498000,-2397,10986,125194,-345,20110,119703,112,19220,504,1,56342,0.001000000000000112
1499001,-357,6052,125071,-6834,3049,128592,97,19229,459,1,56343,0.0010010000000000296
1500001,5858,2307,125780,9095,-869,123331,97,19230,397,0,56344,0.0009999999999998899
1501000,10444,1224,122949,7256,-5254,124028,133,19234,545,0,56345,0.0009989999999999721
1502000,8506,-4026,125633,7054,-6857,126724,108,19229,442,0,56346,0.001000000000000112
1503000,5435,-3272,125870,895,-7154,123749,111,19224,455,0,56347,0.0009999999999998899
1504000,4189,957,127935,5618,1786,132095,136,19224,455,1,56348,0.001000000000000112
1505000,1559,13008,126577,-4513,11697,118948,113,19229,557,1,56349,0.0009999999999998899
1506000,8555,10254,127732,9305,6387,128913,113,19231,463,1,56350,0.001000000000000112
1507000,7965,1565,123009,10090,4949,120816,103,19226,422,0,56351,0.0009999999999998899
1508000,12335,-7186,122607,2467,-13714,136867,117,19229,479,0,56352,0.001000000000000112
1509000,7595,-13784,127291,15497,-9855,125210,105,19228,430,0,56353,0.0009999999999998899
1510001,6984,7431,130972,-1164,4858,126047,114,19228,467,1,56354,0.0010010000000000296
1511001,587,1986,132202,-2967,2005,134198,108,19221,467,1,56355,0.001000000000000112
1512000,-137,12717,130704,4881,8943,120230,104,19232,442,1,56356,0.0009989999999999721
1513000,5336,-238,126647,-4190,-8637,133202,104,19230,426,1,56357,0.0009999999999998899
1514001,6365,-5683,127704,6925,-8181,122629,130,19223,532,0,56358,0.0010010000000000296
1515000,11954,-8147,130458,12851,-10294,133012,100,19229,410,0,56359,0.0009989999999999721
1516000,2335,-1740,130021,-2794,1300,129181,107,19229,438,0,56360,0.001000000000000112
1517000,-110,2131,131190,-22689,3921,127537,143,19226,438,1,56361,0.0009999999999998899
1518000,-5627,4271,134810,9063,-2334,137951,111,19226,586,1,56362,0.001000000000000112
1519000,-7191,-1864,126629,2131,1091,123070,111,19229,455,1,56363,0.0009999999999998899
1520000,-753,609,130972,-28716,-5726,132711,99,19220,405,0,56364,0.001000000000000112
1521000,680,-8204,128628,3212,-11562,129441,127,19231,520,0,56365,0.0009999999999998899
1522000,6484,9851,129763,10976,4940,132770,111,19231,455,0,56366,0.001000000000000112
1523000,-8732,2168,131427,-24705,-2536,127368,118,19229,455,0,56367,0.0009999999999998899
1524000,-6711,1489,130470,-14736,-126,132578,117,19220,483,1,56368,0.001000000000000112
1525000,-10461,5065,131580,-2056,-862,131583,117,19229,479,1,56369,0.0009999999999998899
1526002,-5977,7123,128099,-13991,12276,118973,106,19228,434,1,56370,0.0010019999999999474
1527000,-5319,3757,130963,-9067,-6353,133558,119,19216,487,0,56371,0.0009980000000000544
1528000,-3477,-5088,123653,-13122,-7078,124608,100,19228,410,0,56372,0.001000000000000112
1529000,-1038,2866,127536,-7307,1956,131639,108,19228,410,0,56373,0.0009999999999998899
1530000,-3130,297,129087,-4312,5830,125801,139,19224,442,1,56374,0.001000000000000112
1531000,-6924,10766,127330,-9982,11441,121011,139,19224,569,1,56375,0.0009999999999998899
1532000,-6795,5481,127830,-12795,1838,131608,118,19231,483,1,56376,0.001000000000000112
1533000,-2001,1952,125417,4041,5227,122081,102,19226,418,0,56377,0.0009999999999998899
1534000,1027,8049,124996,-3182,-7693,128593,135,19231,553,0,56378,0.001000000000000112
1535000,115,-791,124659,-8079,-1342,122087,116,19231,553,0,56379,0.0009999999999998899
1536000,505,9490,127796,707,2664,127550,117,19227,475,0,56380,0.001000000000000112
1537002,86,1137,125286,-62,3015,126369,117,19223,479,1,56381,0.0010019999999999474
1538000,-3363,9594,126309,-8220,2159,123710,136,19230,557,1,56382,0.0009980000000000544
1539000,1739,7178,124575,7084,11222,119375,106,19232,434,1,56383,0.0009999999999998899
1540000,6715,12612,125474,7574,-2763,119396,110,19226,451,0,56384,0.001000000000000112
1541002,11306,-5162,122743,4872,-14016,132851,96,19226,451,0,56385,0.0010019999999999474
1542002,7263,-6155,126008,7283,2211,123027,112,19228,393,0,56386,0.0009999999999998899
1543000,3414,1601,127045,1155,96,125203,112,19225,459,1,56387,0.0009980000000000544
1544001,3923,6726,127898,-1562,2721,124383,130,19224,532,1,56388,0.0010010000000000296
1545000,1916,9072,126967,3543,4352,125866,114,19228,467,1,56389,0.0009989999999999721
1546002,9116,2458,125788,7930,-475,125896,98,19230,401,1,56390,0.0010019999999999474
1547002,10178,4957,126922,5134,-1177,121963,147,19230,401,0,56391,0.001000000000000112
1548000,10349,-7261,128122,10720,-13863,136654,104,19232,602,0,56392,0.0009979999999998324
1549000,6077,-9249,126611,8143,-7597,127231,104,19228,426,0,56393,0.001000000000000112
1550000,2119,3392,128926,-9705,-665,129199,105,19225,430,1,56394,0.0009999999999998899
1551000,1923,14575,129038,2096,26532,119637,126,19228,516,1,56395,0.001000000000000112
1552000,-861,5218,132309,9695,-1957,125142,106,19230,434,1,56396,0.0009999999999998899
1553000,6654,-11477,127371,-3729,-18928,137449,108,19230,434,1,56397,0.001000000000000112
1554000,6693,-7205,127202,6081,-6290,121940,107,19221,442,0,56398,0.0009999999999998899
1555000,8756,-1582,130826,17277,-4760,131154,107,19232,438,0,56399,0.001000000000000112
1556000,2834,-223,128827,-14558,-2985,126929,109,19230,446,0,56400,0.0009999999999998899
1557000,21,3718,133406,-15870,6022,129737,121,19221,496,1,56401,0.001000000000000112
1558000,-4877,3648,133686,9602,-246,132511,109,19232,446,1,56402,0.0009999999999998899
1559000,-7380,3740,129800,-8710,292,124938,97,19232,397,1,56403,0.001000000000000112
1560002,-2270,-11208,128161,-19342,-15175,138214,135,19230,397,0,56404,0.0010019999999999474
1561000,2455,-4522,129137,7219,-1165,122050,105,19230,553,0,56405,0.0009980000000000544
1562001,-861,2643,129656,4663,-7651,132150,105,19231,430,0,56406,0.0010010000000000296
1563000,-8750,19833,132068,-23584,19691,119130,110,19228,451,1,56407,0.0009989999999999721
1564003,-6521,-4145,128129,-11657,-8333,137799,144,19227,590,1,56408,0.0010030000000000872
1565002,-8352,-3206,131058,-2267,-1505,134596,112,19227,459,1,56409,0.0009989999999999721
1566002,-4407,13900,128811,-13988,10693,116830,105,19228,459,1,56410,0.0009999999999998899
1567000,-2629,4718,128356,-7576,-2464,131918,142,19224,430,0,56411,0.0009980000000000544
1568000,-2603,-6507,125639,-3407,-10017,127507,142,19233,582,0,56412,0.0009999999999998899
1569000,-335,-2017,126557,-7244,-3418,125833,104,19233,426,0,56413,0.001000000000000112
1570000,-4948,15299,128293,-9785,16916,117632,116,19219,475,1,56414,0.0009999999999998899
1571000,-7223,11703,127910,-11195,6437,131669,111,19219,455,1,56415,0.001000000000000112
1572000,-7584,2196,127853,-11726,-1973,126811,106,19229,455,1,56416,0.0009999999999998899
1573000,121,5556,126462,-5511,763,125298,127,19229,434,0,56417,0.001000000000000112
1574000,323,-2834,126255,8548,-260,125074,127,19228,520,0,56418,0.0009999999999998899
1575000,915,3890,124119,-7775,-3938,120982,100,19232,410,0,56419,0.001000000000000112
1576000,1224,5973,124507,-8379,2815,131002,107,19229,438,0,56420,0.0009999999999998899
1577000,-703,8530,128015,-7735,8085,123258,147,19225,602,1,56421,0.001000000000000112
1578002,-2386,10555,125671,-2354,2686,121406,113,19225,602,1,56422,0.0010019999999999474
1579000,2216,13835,127069,2623,-3447,124290,95,19229,463,1,56423,0.0009980000000000544
1580002,9291,978,122206,8516,-1662,122646,95,19234,389,0,56424,0.0010019999999999474
1581001,7805,4098,125160,4391,-5807,124662,103,19232,422,0,56425,0.0009989999999999721
1582000,10362,-3890,123967,5737,-4988,124274,113,19224,463,0,56426,0.0009989999999999721
1583000,4677,558,127737,947,803,128295,120,19221,491,1,56427,0.001000000000000112
1584000,3432,5184,128862,2280,4506,126314,112,19221,491,1,56428,0.0009999999999998899
1585000,3465,8699,127153,7163,1677,122545,104,19229,459,1,56429,0.001000000000000112
1586000,7262,1467,125396,187,4043,131310,104,19231,426,1,56430,0.0009999999999998899
1587000,11450,5374,127117,2517,-7907,118716,116,19221,475,0,56431,0.001000000000000112
1588001,10429,2144,127225,16716,-22173,135458,107,19229,438,0,56432,0.0010010000000000296
1589000,5378,-9231,128171,-1898,-3714,127872,112,19228,459,0,56433,0.0009989999999999721
1590000,3608,6248,131567,-7483,2006,126839,137,19228,459,1,56434,0.0009999999999998899
1591000,1075,5887,129467,9176,9315,125355,116,19228,561,1,56435,0.001000000000000112
1592002,2261,16283,130826,291,5680,127625,116,19228,475,1,56436,0.0010019999999999474
1593000,4168,-9050,127036,-2231,-14087,135606,101,19225,414,0,56437,0.0009980000000000544
1594000,10510,-12928,126934,10834,-7791,126634,155,19229,635,0,56438,0.0009999999999998899
1595000,6229,-1039,130794,11342,-6890,132667,112,19229,459,0,56439,0.001000000000000112
1596000,1484,-6232,128688,-14425,390,125680,110,19229,459,0,56440,0.0009999999999998899
1597000,4306,10863,133066,-12028,8011,127516,133,19223,451,1,56441,0.001000000000000112
1598000,-7463,2312,131935,5770,3389,135605,133,19229,545,1,56442,0.0009999999999998899
1599000,-2996,5096,127346,-17077,208,121246,106,19233,434,1,56443,0.001000000000000112
1600000,-1206,-6670,130574,-11886,-14008,140514,113,19223,463,0,56444,0.0009999999999998899
1601000,1634,-8753,127998,11176,-5827,125916,89,19229,365,0,56445,0.001000000000000112
1602000,-165,3960,130861,-6547,1150,129661,105,19229,430,0,56446,0.0009999999999998899
1603000,-7349,6256,132971,-19897,2179,125353,129,19228,430,1,56447,0.001000000000000112
1604000,-9376,5346,130751,-7105,5230,129281,117,19223,528,1,56448,0.0009999999999998899
1605000,-10147,713,129703,-8050,996,134435,117,19229,479,1,56449,0.001000000000000112
1606000,-4757,9149,129738,-10439,10587,120685,102,19230,418,1,56450,0.0009999999999998899
1607000,-4626,-3049,125909,-7278,-10929,132680,150,19225,614,0,56451,0.001000000000000112
1608000,-2935,-8034,125241,-3442,-2836,127352,102,19225,418,0,56452,0.0009999999999998899
1609000,202,7423,128105,-8023,4200,122650,105,19230,418,0,56453,0.001000000000000112
1610000,-2969,956,129549,-1463,2601,132140,136,19223,430,1,56454,0.0009999999999998899
1611000,-9024,11192,127710,-13456,10618,118512,136,19228,557,1,56455,0.001000000000000112
1612001,-6251,6519,128194,-14148,1998,133356,115,19231,471,1,56456,0.0010010000000000296
1613000,28,7359,125366,8357,4291,119947,113,19217,463,0,56457,0.0009989999999999721
1614000,976,-7671,123717,-6157,-11131,134698,85,19217,348,0,56458,0.0009999999999998899
1615000,-770,-9031,124525,-4336,-6080,115062,107,19229,348,0,56459,0.001000000000000112
1616000,1186,14268,127212,-2663,7257,129116,124,19224,438,0,56460,0.0009999999999998899
1617000,-1652,7986,125733,-787,4886,123499,124,19218,508,1,56461,0.001000000000000112
1618000,-4369,10892,126937,-2098,6959,124831,113,19230,463,1,56462,0.0009999999999998899
1619000,3169,5048,125190,-6590,-1121,122562,99,19229,405,1,56463,0.001000000000000112
1620000,7650,5489,125163,11488,-982,121299,135,19233,553,0,56464,0.0009999999999998899
1621000,10238,-4472,125050,7366,-14496,139882,108,19233,553,0,56465,0.001000000000000112
1622000,6996,-9008,123470,2073,-112,116462,112,19229,442,0,56466,0.0009999999999998899
1623000,3583,8341,128614,-1551,3742,127030,112,19228,459,1,56467,0.001000000000000112
1624000,2086,5900,127239,11240,12779,123257,140,19228,573,1,56468,0.0009999999999998899
1625000,2654,8906,125724,1155,1292,127863,115,19232,471,1,56469,0.001000000000000112
1626000,9283,-4168,123644,959,-4243,125695,106,19223,434,0,56470,0.0009999999999998899
1627002,9595,5191,125996,13910,2277,118368,116,19223,434,0,56471,0.0010019999999999474
1628000,15386,-3853,126915,13150,-20304,140405,106,19231,475,0,56472,0.0009980000000000544
1629000,3274,-13750,127039,-7916,-3751,126544,106,19225,434,0,56473,0.001000000000000112
1630000,2250,12543,132495,-4074,3987,131269,116,19223,475,1,56474,0.0009999999999998899
1631000,2952,6968,128740,11174,12172,119994,109,19229,446,1,56475,0.001000000000000112
1632000,-596,13967,131299,-10347,-59,127680,103,19233,422,1,56476,0.0009999999999998899
1633000,8224,-11392,125716,7429,-12644,134525,129,19233,422,0,56477,0.001000000000000112
1634000,6518,-10708,125396,23066,-8787,121993,100,19228,528,0,56478,0.0009999999999998899
1635000,7600,2550,129678,-4540,-8043,136706,100,19229,410,0,56479,0.001000000000000112
1636000,-1498,2277,131121,-15787,8666,120033,106,19230,434,1,56480,0.0009999999999998899
1637000,2259,12361,135287,-121,-883,136273,143,19224,586,1,56481,0.001000000000000112
1638000,-6970,-6565,131003,-2096,-6550,131615,114,19234,467,1,56482,0.0009999999999998899
1639000,-6736,4965,130072,-19014,-575,122584,102,19234,467,1,56483,0.001000000000000112
1640000,2714,-7655,129910,54,-11703,136964,126,19223,418,0,56484,0.0009999999999998899
1641000,-331,-160,129629,6924,-966,126010,126,19230,516,0,56485,0.001000000000000112
1642026,-2086,2478,129614,-12954,-1845,131889,113,19230,463,0,56486,0.0010259999999999714
1643000,-9942,2281,131400,-16243,1953,128596,119,19220,487,1,56487,0.0009740000000000304
1644000,-7496,5766,130852,-5847,837,131224,117,19227,479,1,56488,0.0009999999999998899
1645000,-8372,8496,128929,-2287,13154,121590,106,19227,434,1,56489,0.001000000000000112
1646000,-5249,5113,129870,-12224,-1744,126050,121,19230,434,1,56490,0.0009999999999998899
1647000,-1173,-7612,125932,-6392,-11113,133780,103,19212,496,0,56491,0.001000000000000112
1648006,-3327,-1045,126647,-1718,716,123530,103,19234,422,0,56492,0.0010059999999998404
1649001,-1402,8377,128854,-13030,3828,122556,105,19226,430,0,56493,0.0009950000000000792
1650000,-4637,7047,127274,-9684,-3392,130327,135,19225,553,1,56494,0.0009989999999999721
1651000,-7243,6595,127822,-9513,4811,123297,118,19225,483,1,56495,0.001000000000000112
1652000,-4247,6982,127837,-6288,9954,126558,103,19223,483,1,56496,0.0009999999999998899
1653000,-2145,10386,126920,1961,440,120472,134,19229,422,0,56497,0.001000000000000112
1654000,-2266,-1000,121845,-8391,-3800,126763,134,19231,549,0,56498,0.0009999999999998899
1655000,1092,-337,125398,-3615,-2240,126895,115,19228,471,0,56499,0.001000000000000112
1656001,2666,2904,126682,6263,-2456,126517,117,19224,479,1,56500,0.0010009999999998076
1657000,-1709,15399,126226,-2707,13972,119451,146,19224,598,1,56501,0.0009990000000001942
1658002,-1202,3151,126231,-12651,843,123472,106,19229,598,1,56502,0.0010019999999999474
1659000,6833,1530,125175,8394,-681,127338,107,19228,434,1,56503,0.0009980000000000544
1660000,6351,9626,124476,11804,768,117216,107,19225,438,0,56504,0.0009999999999998899
1661000,8870,440,122815,-1536,-4929,124382,90,19225,369,0,56505,0.001000000000000112
1662000,4807,-5438,126358,6136,-9109,130789,115,19227,471,0,56506,0.0009999999999998899
1663000,5867,-3224,126001,6519,-3095,124570,132,19221,541,1,56507,0.001000000000000112
1664000,2992,13137,130462,-1057,12263,119956,115,19221,541,1,56508,0.0009999999999998899
1665000,2029,9587,127756,2596,3479,127536,97,19229,471,1,56509,0.001000000000000112
1666002,10085,5755,124861,7089,2210,123251,97,19225,397,0,56510,0.0010019999999999474
1667000,9038,-2436,126086,5351,-9742,132845,141,19230,577,0,56511,0.0009979999999998324
1668000,11010,-13201,127320,12297,-4962,126639,104,19230,426,0,56512,0.001000000000000112
1669000,5041,126,127400,723,-1334,128042,105,19228,430,0,56513,0.0009999999999998899
1670000,4460,8493,130379,-3266,3426,132094,126,19228,430,1,56514,0.001000000000000112
1671000,1595,10032,128004,2415,7563,123025,110,19228,516,1,56515,0.0009999999999998899
1672000,773,6948,128169,-4211,-3605,127083,110,19230,451,1,56516,0.001000000000000112
1673000,8434,-4812,127606,6566,-11982,132488,105,19221,430,0,56517,0.0009999999999998899
1674000,10970,-15030,127854,16914,-9105,130250,117,19233,479,0,56518,0.001000000000000112
1675000,4710,2602,130882,1230,-6479,130501,107,19232,438,0,56519,0.0009999999999998899
1676001,-370,-3384,128269,-21150,6624,123645,121,19232,438,1,56520,0.0010010000000000296
1677003,-3458,12630,134968,1984,9970,132047,110,19220,496,1,56521,0.0010020000000001694
1678000,-6927,829,131928,1418,-8816,131729,110,19230,451,1,56522,0.0009969999999999146
1679000,-4124,-3013,129766,-15456,-13605,132208,99,19231,405,1,56523,0.0009999999999998899
1680000,-653,-11192,129561,-12989,-2622,125414,129,19222,528,0,56524,0.001000000000000112
1681000,3129,18013,131320,8445,4600,116221,103,19229,422,0,56525,0.0009999999999998899
1682000,-3933,2494,129779,-9495,-8388,139041,112,19229,422,0,56526,0.001000000000000112
1683000,-5797,-3255,132938,-23308,-6121,131661,151,19224,459,1,56527,0.0009999999999998899
1684000,-12194,6813,130269,-6419,5394,125521,151,19228,618,1,56528,0.001000000000000112
1685000,-6342,15323,131025,-7963,11855,122749,113,19231,463,1,56529,0.0009999999999998899
1686000,-2027,6351,129376,-5070,-6985,129910,102,19224,418,0,56530,0.001000000000000112
1687000,-3818,-15082,124822,-14245,-12980,130587,151,19230,618,0,56531,0.0009999999999998899
1688000,-1217,-256,126451,-6564,5854,121327,106,19230,618,0,56532,0.001000000000000112
1689000,-2843,14663,129857,-5039,7982,124703,117,19231,434,0,56533,0.0009999999999998899
1690000,-4014,8452,126323,-6292,3516,124898,117,19219,479,1,56534,0.001000000000000112
1691000,-10102,1067,126869,-17018,-4005,133949,110,19226,451,1,56535,0.0009999999999998899
1692000,-2577,1686,125734,-16713,8985,123851,103,19234,422,1,56536,0.001000000000000112
1693000,5325,15011,127085,10179,1846,118025,120,19232,491,0,56537,0.0009999999999998899
1694000,747,-7852,123013,-648,-11319,131897,100,19232,410,0,56538,0.001000000000000112
1695000,-40,362,125925,-11563,-2001,125338,112,19229,410,0,56539,0.0009999999999998899
1696000,-3360,4409,125551,-2388,12408,127098,146,19225,459,1,56540,0.001000000000000112
1697000,-1265,13854,126095,609,15639,119982,146,19224,598,1,56541,0.0009999999999998899
1698000,-1171,11198,125625,-8581,2922,125667,110,19234,451,1,56542,0.001000000000000112
1699000,7889,642,123593,4222,-2774,125957,95,19227,389,0,56543,0.0009999999999998899
1700000,8918,-990,123450,16537,-6134,123450,111,19227,455,0,56544,0.001000000000000112
1701005,8970,-727,124239,-3258,-592,125073,118,19230,455,0,56545,0.0010049999999999226
1702001,7355,3085,125981,610,-1624,123926,119,19227,483,0,56546,0.0009959999999999969
1703002,2681,2176,127387,13321,-4167,125758,119,19222,487,1,56547,0.0010010000000000296
1704000,1287,4290,130521,-5345,3573,131657,115,19230,471,1,56548,0.0009980000000000544
1705003,4944,7356,126075,-340,2838,123206,104,19232,426,1,56549,0.0010029999999998651
1706000,9876,2159,125437,13294,414,128640,112,19232,459,0,56550,0.0009970000000001367
1707000,11211,5603,127881,2390,-191,123409,93,19221,459,0,56551,0.0009999999999998899
1708000,9024,-11066,125308,9691,-17129,132679,106,19228,381,0,56552,0.001000000000000112
1709000,3058,-4176,130689,1934,-2380,122049,106,19229,434,1,56553,0.0009999999999998899
1710000,2395,8740,129099,1024,7206,125372,131,19223,537,1,56554,0.001000000000000112
1711000,2346,10632,129445,2529,7502,128728,113,19230,463,1,56555,0.0009999999999998899
1712000,4260,6034,129122,-372,311,128899,98,19225,401,1,56556,0.001000000000000112
1713000,9665,-6349,128694,1778,-15655,129577,157,19225,401,0,56557,0.0009999999999998899
1714000,4057,-5486,130159,14259,-9406,126020,113,19231,643,0,56558,0.001000000000000112
1715001,6127,-7583,127188,396,-9921,145001,113,19229,463,0,56559,0.0010010000000000296
1716000,340,-389,133821,-10597,15437,113381,112,19226,459,1,56560,0.0009989999999999721
1717000,-4453,15537,132944,-6724,11075,123566,140,19228,573,1,56561,0.0009999999999998899
1718002,-7305,6645,132254,-3161,-11111,134752,109,19224,446,1,56562,0.0010020000000001694
1719000,-1700,-16225,127242,-15429,-15717,133232,112,19224,446,0,56563,0.0009979999999998324
1720000,-781,-12085,129155,598,1010,133610,86,19220,459,0,56564,0.001000000000000112
1721002,4092,4091,131121,-1187,13692,112572,86,19229,352,0,56565,0.0010019999999999474
1722001,-4444,13397,132101,-18289,-3569,135633,109,19228,446,0,56566,0.0009989999999999721
1723000,-5613,-11875,127713,-11823,-1488,133606,128,19223,524,1,56567,0.0009989999999999721
1724000,-9530,5669,129928,-8642,3751,128929,118,19230,483,1,56568,0.001000000000000112
1725001,-8244,9873,129891,-10733,12807,121830,105,19230,483,1,56569,0.0010010000000000296
1726000,-3568,14993,130131,-7214,-2595,125714,145,19226,430,0,56570,0.0009989999999999721
1727001,-5649,-15935,124413,-3992,-19054,145743,145,19225,594,0,56571,0.0010010000000000296
1728000,-2895,686,125662,-6682,6762,110870,105,19229,430,0,56572,0.0009989999999999721
1729000,-2370,8885,126606,-8568,3777,132426,107,19222,438,1,56573,0.0009999999999998899
1730000,-5479,10414,129320,-5358,11882,118339,139,19231,569,1,56574,0.001000000000000112
1731000,-6087,10878,126405,-16944,1677,129286,115,19231,569,1,56575,0.0009999999999998899
1732000,-650,-2568,129184,-1562,-1283,130813,110,19228,471,1,56576,0.001000000000000112
1733000,-1453,3568,125497,5074,-6290,118821,110,19221,451,0,56577,0.0009999999999998899
1734000,1545,-6136,123941,-8518,-8029,132597,97,19229,397,0,56578,0.001000000000000112
1735000,-370,9034,126775,-3231,5894,117975,108,19226,442,0,56579,0.0009999999999998899
1736000,-529,5826,126334,2238,3171,131188,120,19220,491,1,56580,0.001000000000000112
1737000,-2427,10755,126213,-5895,13330,118588,108,19220,442,1,56581,0.0009999999999998899
1738000,-1026,13274,126033,-3816,3883,124693,101,19230,442,1,56582,0.001000000000000112
1739000,8186,3016,123012,16112,2148,126142,129,19230,414,0,56583,0.0009999999999998899
1740000,7427,-3021,122486,3066,-4410,124059,129,19228,528,0,56584,0.001000000000000112
1741000,9468,-12991,124765,5236,-8480,131297,108,19225,442,0,56585,0.0009999999999998899
1742000,4169,2914,127183,5916,-3021,122046,114,19224,467,0,56586,0.001000000000000112
1743000,2223,3122,126433,5868,-2200,128913,144,19224,590,1,56587,0.0009999999999998899
1744000,1643,10471,129098,-2920,6552,124223,115,19229,590,1,56588,0.001000000000000112
1745002,7209,7318,126079,4376,5155,121759,103,19234,471,1,56589,0.0010019999999999474
1746000,11135,-1951,126704,15445,-6855,130490,103,19226,422,0,56590,0.0009980000000000544
1747000,8704,900,126869,2343,-6993,125598,127,19228,520,0,56591,0.0009999999999998899
1748000,6782,-11197,125422,8960,-12608,133798,112,19226,459,0,56592,0.001000000000000112
1749000,2207,-137,131425,665,1385,129976,114,19226,467,1,56593,0.0009999999999998899
1750002,2456,1953,129665,-7692,-5534,129952,106,19220,467,1,56594,0.0010019999999999474
1751000,1532,21587,131271,12271,20098,117204,106,19229,434,1,56595,0.0009980000000000544
1752000,3464,-2845,126526,-5097,-11490,130317,106,19231,434,1,56596,0.001000000000000112
1753000,11790,-18598,127344,6466,-16494,136126,125,19220,512,0,56597,0.0009999999999998899
1754000,5244,7937,131728,19930,2410,120777,98,19228,401,0,56598,0.001000000000000112
1755000,1273,-4866,126933,-9175,-7075,133862,101,19228,414,0,56599,0.0009999999999998899
1756000,1062,13132,135818,-16817,10140,129214,133,19228,414,1,56600,0.001000000000000112
1757001,-3636,-3503,130699,5377,-5599,136267,112,19225,545,1,56601,0.0010009999999998076
1758001,-8390,-2040,130227,2385,-5012,121784,112,19234,459,1,56602,0.001000000000000112
1759000,-2035,2611,130976,-23723,-3721,136313,100,19225,410,0,56603,0.0009989999999999721
1760000,1585,-5492,126697,1217,788,124371,134,19230,549,0,56604,0.001000000000000112
1761003,2255,7838,131445,6677,-1057,131215,109,19229,446,0,56605,0.0010029999999998651
1762000,-8199,-2646,131346,-20688,111,128008,112,19229,446,0,56606,0.0009970000000001367
1763000,-6417,10739,129671,-13800,1621,132067,123,19222,459,1,56607,0.0009999999999998899
1764000,-7998,2096,131850,-3985,-7801,139012,123,19227,504,1,56608,0.001000000000000112
1765000,-4092,7313,128939,-9310,10170,113712,110,19228,451,1,56609,0.0009999999999998899
1766003,-4902,10623,128272,-10197,-7608,132228,120,19218,491,0,56610,0.0010030000000000872
1767002,-5415,-7534,125990,-6421,-3946,128739,114,19230,467,0,56611,0.0009989999999999721
1768000,378,6137,128682,-1331,-2995,127111,103,19230,467,0,56612,0.0009980000000000544
1769000,-5355,3195,127936,-6498,-593,128516,128,19230,422,1,56613,0.0009999999999998899
1770000,-5970,13337,129021,-13802,8530,117098,128,19224,524,1,56614,0.001000000000000112
1771000,-6133,7332,126262,-7451,3082,129598,119,19231,487,1,56615,0.0009999999999998899
1772000,-481,5747,126178,1263,-1626,126561,103,19227,422,0,56616,0.001000000000000112
1773003,648,-346,124327,-6270,-6329,126013,140,19233,573,0,56617,0.0010029999999998651
1774000,2616,-2565,125660,-7276,11749,118693,109,19233,573,0,56618,0.0009970000000001367
1775033,3706,15399,126825,-58,-3518,127021,110,19229,446,0,56619,0.0010329999999998396
1776004,-497,-5068,122802,2395,-3771,135503,110,19223,451,1,56620,0.0009710000000000552
1777002,-3054,7206,127544,-5028,3694,121900,140,19230,573,1,56621,0.0009980000000000544
1778000,-63,12732,124892,2052,9473,119718,108,19230,442,1,56622,0.0009980000000000544
1779000,6737,16289,127650,5656,5096,123670,105,19221,430,0,56623,0.0009999999999998899
1780001,8954,-5809,121413,5859,-11828,127223,85,19221,348,0,56624,0.0010010000000000296
1781000,7453,-6567,125068,9699,-9898,126746,113,19228,348,0,56625,0.0009989999999999721
1782000,3334,132,126644,2635,740,124240,129,19229,463,1,56626,0.001000000000000112
1783000,3346,7905,129170,-1118,8551,123629,129,19222,528,1,56627,0.0009999999999998899
1784001,4255,10478,129599,3525,1664,127744,114,19229,467,1,56628,0.0010010000000000296
1785000,7101,-783,125759,4243,-4170,129299,99,19231,405,1,56629,0.0009989999999999721
1786002,9713,-3155,126609,844,-1141,116129,134,19231,549,0,56630,0.0010019999999999474
1787000,10222,2904,129303,13026,-12108,129715,109,19226,549,0,56631,0.0009980000000000544
1788000,6857,-14583,125138,8530,-18545,133407,110,19229,446,0,56632,0.0009999999999998899
1789000,1175,4741,132448,-9002,4011,123860,110,19228,451,1,56633,0.001000000000000112
1790000,1721,12229,130729,-3508,8531,125212,133,19229,545,1,56634,0.0009999999999998899
1791000,1842,10814,131566,14772,5055,129369,113,19230,463,1,56635,0.001000000000000112
1792000,2568,-3811,127200,-5767,-9284,130675,104,19230,426,1,56636,0.0009999999999998899
1793000,10315,-14670,125905,596,-18131,129492,123,19224,426,0,56637,0.001000000000000112
1794002,9340,-3127,129493,23511,-1686,127123,104,19233,504,0,56638,0.0010019999999999474
1795000,6307,-1789,129032,-14925,-4960,128676,104,19231,426,0,56639,0.0009980000000000544
1796000,1188,7923,131997,-16103,11131,125572,117,19220,479,1,56640,0.0009999999999998899
1797000,-4658,2657,132307,7592,-5237,134645,110,19228,451,1,56641,0.001000000000000112
1798000,-9345,-98,129560,-9586,1143,129087,97,19232,397,1,56642,0.0009999999999998899
1799003,1215,-6385,128747,-19580,-17118,129157,125,19232,397,0,56643,0.0010030000000000872
1800000,350,-2744,130951,6245,-1418,131402,102,19226,512,0,56644,0.0009969999999999146
1801000,3161,4005,128756,-1853,2073,123932,102,19230,418,0,56645,0.001000000000000112
1802000,-9451,10495,132712,-15002,7236,123430,110,19227,451,1,56646,0.0009999999999998899
1803000,-7156,-3800,128138,-16119,-8383,131681,150,19228,614,1,56647,0.001000000000000112
1804000,-9560,4806,131963,-5807,7089,123516,113,19228,463,1,56648,0.0009999999999998899
1805000,-4399,6558,130096,-11720,2873,129581,99,19228,463,1,56649,0.001000000000000112
1806000,-2606,946,127586,-4671,-5999,126892,165,19225,405,0,56650,0.0009999999999998899
1807000,-5944,-4211,125498,-7261,-10825,129757,165,19236,676,0,56651,0.001000000000000112
1808000,1010,-542,126878,-7433,6145,121892,105,19228,430,0,56652,0.0009999999999998899
1809000,-7417,14636,128205,-1487,6362,127729,116,19217,475,1,56653,0.001000000000000112
1810000,-7146,6711,131273,-18696,2846,117803,113,19228,463,1,56654,0.0009999999999998899
1811000,-7856,6641,124837,-10760,3493,125837,107,19228,463,1,56655,0.001000000000000112
1812000,-46,5047,127618,-688,-442,129193,119,19230,438,0,56656,0.0009999999999998899
1813001,3549,-5681,121698,-1416,-5,121624,119,19224,487,0,56657,0.0010010000000000296
1814000,2803,-6590,123530,-7418,-1914,132725,98,19225,401,0,56658,0.0009989999999999721
1815000,3099,5052,125768,174,12057,115445,107,19228,438,0,56659,0.001000000000000112
1816002,-3375,18268,126529,-3894,4276,123988,140,19223,573,1,56660,0.0010019999999999474
1817000,-2834,3520,125881,-7457,-597,130037,113,19223,573,1,56661,0.0009980000000000544
1818000,1821,6380,126355,4436,875,124780,95,19232,463,1,56662,0.0009999999999998899
1819000,6777,6446,123598,10457,-10,121161,95,19229,389,0,56663,0.001000000000000112
1820000,6837,9452,124938,-879,-145,120899,117,19227,479,0,56664,0.0009999999999998899
1821000,8342,-8073,125689,9391,-13014,137815,117,19226,479,0,56665,0.001000000000000112
1822002,4317,-4915,127022,7758,11007,114080,119,19219,487,1,56666,0.0010019999999999474
1823001,2204,4024,126567,-8294,7276,126754,129,19219,487,1,56667,0.0009989999999999721
1824000,3756,5256,128359,12461,6469,123537,107,19229,528,1,56668,0.0009989999999999721
1825000,9042,5554,124871,6899,-3433,125418,107,19228,438,1,56669,0.001000000000000112
1826000,9294,-217,126956,-1979,-847,130352,113,19219,463,0,56670,0.0009999999999998899
1827000,10916,-1373,127916,14444,-10678,126547,85,19228,348,0,56671,0.001000000000000112
1828000,8427,-11798,125554,6361,-12392,130468,101,19229,414,0,56672,0.0009999999999998899
1829000,1680,6184,131366,-9114,2979,127170,125,19229,512,1,56673,0.001000000000000112
1830000,-1071,6817,129955,2227,4866,126696,114,19224,512,1,56674,0.0009999999999998899
1831000,1606,16018,131597,5925,12666,126004,100,19226,467,1,56675,0.001000000000000112
1832000,2451,-2713,127014,-9025,-13449,132021,100,19227,410,0,56676,0.0009999999999998899
1833001,10858,-11471,129459,15415,-10828,132560,152,19234,623,0,56677,0.0010010000000000296
1834000,8290,-960,127217,12690,-8482,128575,103,19230,422,0,56678,0.0009989999999999721
1835000,3873,-6590,131245,-18756,-1815,128639,109,19230,446,0,56679,0.001000000000000112
1836000,1232,15365,135193,-4398,7890,126708,139,19224,446,1,56680,0.0009999999999998899
1837000,-8870,-1059,129193,4082,-3632,133402,107,19228,569,1,56681,0.001000000000000112
1838000,-8198,8034,131468,-19149,1095,123143,107,19228,438,1,56682,0.0009999999999998899
1839000,-606,-7096,128967,-8292,-14041,135224,105,19218,430,0,56683,0.001000000000000112
1840000,1775,-2250,129867,8891,510,125922,97,19234,397,0,56684,0.0009999999999998899
1841000,450,1399,130919,-6211,-3023,130241,108,19234,442,0,56685,0.001000000000000112
1842000,-6606,-4874,130114,-15814,-7569,132460,132,19231,442,1,56686,0.0009999999999998899
1843000,-10060,3038,129854,-9734,3576,127258,119,19224,541,1,56687,0.001000000000000112
1844000,-11669,7910,132036,-13138,-1116,129895,119,19227,487,1,56688,0.0009999999999998899
1845000,-1092,17530,131560,-1642,11102,122793,100,19228,410,1,56689,0.001000000000000112
1846000,-9981,-1338,124895,-9751,-9261,128181,138,19222,565,0,56690,0.0009999999999998899
1847002,1087,-8158,127675,-10903,-9669,129572,102,19225,418,0,56691,0.0010019999999999474
1848001,-1771,7721,127254,1353,2403,126040,108,19225,418,0,56692,0.0009990000000001942
1849003,-5111,3127,127832,-5624,-1890,129777,140,19225,442,1,56693,0.0010019999999999474
1850000,-8514,14084,128119,-13937,9294,122974,140,19229,573,1,56694,0.0009969999999999146
1851000,-8820,6701,128244,-15004,3775,126938,117,19229,479,1,56695,0.001000000000000112
1852000,1249,3651,127887,4431,1166,122745,108,19223,442,0,56696,0.0009999999999998899
1853000,-2083,-4257,124320,774,-11851,133450,94,19230,385,0,56697,0.001000000000000112
1854000,3506,-2228,122117,-9473,3055,118540,112,19230,385,0,56698,0.0009999999999998899
1855000,-2069,13220,127108,-3497,4939,125073,123,19228,459,0,56699,0.001000000000000112
1856000,300,9119,126172,-3475,6869,125389,123,19220,504,1,56700,0.0009999999999998899
1857000,910,14379,124985,6356,9599,123519,119,19233,487,1,56701,0.001000000000000112
1858000,971,768,125057,-3196,-5387,130327,101,19230,414,1,56702,0.0009999999999998899
1859000,12550,3847,124688,16031,1249,119065,126,19228,516,0,56703,0.001000000000000112
1860001,6492,5094,123796,4931,-7800,126904,115,19228,516,0,56704,0.0010010000000000296
1861000,6580,-3848,125863,-3396,-4853,127381,117,19231,471,0,56705,0.0009989999999999721
1862000,3480,-671,127019,7611,-7426,130865,117,19224,479,1,56706,0.0009999999999998899
1863000,2318,3149,128376,5787,8916,124038,152,19231,623,1,56707,0.001000000000000112
1864000,4132,13875,126915,850,7273,120039,117,19229,479,1,56708,0.0009999999999998899
1865000,7531,6940,125556,4306,3335,123573,101,19226,414,1,56709,0.001000000000000112
1866000,14536,1375,126186,8085,-1016,128505,129,19226,414,0,56710,0.0009999999999998899
1867000,7983,-13810,126212,13818,-15680,136441,107,19233,528,0,56711,0.001000000000000112
1868000,5849,-16926,129100,884,307,125568,107,19231,438,0,56712,0.0009999999999998899
1869000,1711,11432,130259,-5386,3548,131141,108,19222,442,1,56713,0.001000000000000112
1870000,1584,6932,128862,3230,2289,130913,106,19222,434,1,56714,0.0009999999999998899
1871000,2297,8391,129930,4660,4731,121619,108,19231,442,1,56715,0.001000000000000112
1872000,3650,-218,128546,-5297,-16102,133563,125,19231,512,0,56716,0.0009999999999998899
1873000,9959,-8981,127719,15215,-8346,126634,96,19220,512,0,56717,0.001000000000000112
1874000,4608,-742,129683,9151,-5979,133952,100,19232,393,0,56718,0.0009999999999998899
1875002,2761,-1419,129361,-22678,3380,125314,100,19226,410,0,56719,0.0010019999999999474
1876000,844,11161,133546,-641,9253,124965,134,19224,549,1,56720,0.0009980000000000544
1877001,-7859,-4517,131233,6937,-4344,139056,114,19229,467,1,56721,0.0010010000000000296
1878000,-4182,-4012,127982,-19138,-7432,125983,99,19229,405,1,56722,0.0009989999999999721
1879000,-1918,-9050,130286,-9723,-10323,136592,141,19227,405,0,56723,0.001000000000000112
1880000,2441,-2065,130629,12934,6646,117613,108,19231,577,0,56724,0.0009999999999998899
1881000,-3395,9086,130569,-10427,-1217,132213,108,19226,442,0,56725,0.001000000000000112
1882000,-6482,-788,131397,-23087,-7347,135197,111,19226,455,1,56726,0.0009999999999998899
1883000,-9134,4064,129677,-2507,4728,128669,127,19228,520,1,56727,0.001000000000000112
1884000,-7602,8830,130881,-6158,4812,126128,109,19228,446,1,56728,0.0009999999999998899
1885000,-3183,13468,129701,-13254,11719,118381,115,19230,446,1,56729,0.001000000000000112
1886000,-3345,-8678,125454,-10671,-16694,136647,118,19217,471,0,56730,0.0009999999999998899
1887000,-1743,-5016,127120,924,-5981,125369,118,19229,483,0,56731,0.001000000000000112
1888000,-3076,10018,128004,-10390,8004,121223,108,19230,442,0,56732,0.0009999999999998899
1889000,-4830,5674,128100,-13251,2114,125424,130,19225,532,1,56733,0.001000000000000112
1890000,-7042,5596,128300,-8784,-1538,127092,117,19232,479,1,56734,0.0009999999999998899
1891000,-2857,4771,126061,-9463,3149,127626,103,19232,479,1,56735,0.001000000000000112
1892000,-2095,14969,126416,2839,13128,114837,134,19228,422,0,56736,0.0009999999999998899
1893000,-1821,-1660,124317,-6760,-8186,125318,134,19232,549,0,56737,0.001000000000000112
1894000,1422,3318,126105,-6567,214,127266,107,19227,438,0,56738,0.0009999999999998899
1895000,1487,6297,126674,2162,4954,126346,108,19229,442,1,56739,0.001000000000000112
1896000,-375,7600,127401,726,6795,120462,146,19231,598,1,56740,0.0009999999999998899
1897000,-1795,12441,125825,-9364,7642,125544,108,19231,598,1,56741,0.001000000000000112
1898001,7973,1568,124722,188,-3199,128120,102,19232,442,1,56742,0.0010009999999998076
1899000,8430,2543,123962,17835,1939,120508,102,19224,418,0,56743,0.0009990000000001942
1900000,10363,4550,124039,1069,-4593,125306,87,19229,356,0,56744,0.0009999999999998899
1901000,5363,-28,124625,2827,-3647,125102,113,19224,463,0,56745,0.001000000000000112
1902000,5292,442,127570,8426,-3449,132419,124,19223,508,1,56746,0.0009999999999998899
1903000,2316,9568,128823,426,-136,119906,113,19223,508,1,56747,0.001000000000000112
1904002,2080,15339,127799,8675,7754,124544,99,19231,463,1,56748,0.0010019999999999474
1905000,11115,-579,125934,11628,-7253,127702,99,19230,405,0,56749,0.0009979999999998324
1906000,10943,-2664,125560,3801,-4189,125984,138,19227,565,0,56750,0.001000000000000112
1907000,10269,-7638,125295,8787,-14202,132332,103,19228,422,0,56751,0.0009999999999998899
1908000,4977,-5406,128790,122,1691,127158,105,19224,430,0,56752,0.001000000000000112
1909000,4528,10528,132310,-2540,10658,126305,128,19224,430,1,56753,0.0009999999999998899
1910000,-86,9588,130703,4183,3471,126786,111,19229,524,1,56754,0.001000000000000112
1911000,1824,954,127464,-492,-6521,130861,111,19231,455,1,56755,0.0009999999999998899
1912000,6272,-2471,127197,3414,-12075,126743,104,19220,426,0,56756,0.001000000000000112
1913001,9780,-6104,127081,11030,-4596,126615,127,19228,520,0,56757,0.0010010000000000296
1914000,6709,3612,132491,7661,-5399,131459,105,19229,430,0,56758,0.0009989999999999721
1915001,-124,-7931,130321,-26243,654,130582,117,19229,430,1,56759,0.0010010000000000296
1916000,-3072,11306,135541,2060,9837,121304,109,19223,479,1,56760,0.0009989999999999721
1917000,-7742,-133,130137,7660,-2499,132706,109,19227,446,1,56761,0.0009999999999998899
1918000,-2957,-4930,129141,-18928,-8150,132520,99,19228,405,1,56762,0.001000000000000112
1919000,-1624,-9008,128002,-9873,-8768,126785,127,19222,520,0,56763,0.0009999999999998899
1920000,3620,8013,129581,10390,8161,124752,111,19228,455,0,56764,0.001000000000000112
1921000,-3674,5243,130673,-13000,2081,129992,112,19228,459,0,56765,0.0009999999999998899
1922000,-4567,-1691,130846,-22715,-3381,129844,154,19228,459,1,56766,0.001000000000000112
1923000,-11788,-1898,130964,-4364,5093,135671,115,19230,631,1,56767,0.0009999999999998899
1924000,-7559,9502,130187,-5020,10076,121366,115,19230,471,1,56768,0.001000000000000112
1925000,-4637,8208,129858,-7333,-2657,129513,103,19221,422,0,56769,0.0009999999999998899
1926000,-4604,-12656,124376,-12129,-15382,133383,164,19237,672,0,56770,0.001000000000000112
1927001,-2664,824,126210,-6149,6811,130187,101,19237,414,0,56771,0.0010010000000000296
1928002,-626,14577,128506,-6347,10594,114860,110,19231,414,0,56772,0.0010010000000000296
1929003,-5223,8842,126909,-3895,7745,125291,113,19221,451,1,56773,0.0010010000000000296
1930000,-8177,-1314,127168,-15455,-4541,135274,113,19227,463,1,56774,0.0009969999999999146
1931000,-2673,-244,125548,-10039,1601,118577,108,19232,442,1,56775,0.0009999999999998899
1932000,786,10668,127840,7635,1840,127779,120,19222,491,0,56776,0.001000000000000112
1933000,110,-3306,123704,-2080,-7242,121884,100,19228,410,0,56777,0.0009999999999998899
1934000,-453,1854,128693,-8405,-6887,126433,109,19228,410,0,56778,0.001000000000000112
1935000,-2234,2653,125965,-3683,1405,130603,143,19227,446,1,56779,0.0009999999999998899
1936000,-2319,16767,127931,561,12208,118222,143,19222,586,1,56780,0.001000000000000112
1937001,-3311,10992,125502,-6741,6795,124642,116,19232,475,1,56781,0.0010010000000000296
1938000,7024,4253,124818,-1645,-2907,123401,94,19228,385,0,56782,0.0009989999999999721
1939000,8450,-2501,122724,19886,-3104,134153,109,19230,446,0,56783,0.0009999999999998899
1940000,10464,1598,121010,208,-3582,115087,113,19230,446,0,56784,0.001000000000000112
1941001,8793,217,125368,-1853,-3999,128177,117,19227,463,0,56785,0.0010010000000000296
1942000,3801,4273,127860,11796,2651,127704,117,19224,479,1,56786,0.0009989999999999721
1943002,2774,2316,126890,-1569,713,127549,124,19226,508,1,56787,0.0010019999999999474
1944000,4769,6474,127991,513,509,123399,104,19228,426,1,56788,0.0009980000000000544
1945002,8008,4644,124863,12322,1797,122675,108,19220,442,0,56789,0.0010019999999999474
1946000,11577,-1014,127281,2045,-5354,133924,85,19220,442,0,56790,0.0009980000000000544
1947000,7232,-8349,128096,9019,-13138,126879,106,19231,348,0,56791,0.0009999999999998899
1948003,4178,-1957,126566,3922,2326,123489,106,19230,434,1,56792,0.0010030000000000872
1949002,33,5629,129236,-1923,8598,127002,130,19226,532,1,56793,0.0009989999999999721
1950000,948,10153,130050,-4742,2733,130187,118,19228,483,1,56794,0.0009980000000000544
1951001,6976,1972,129335,10396,-5125,125783,100,19224,410,1,56795,0.0010010000000000296
1952003,6210,-4497,128949,-5399,-17746,131928,149,19224,410,0,56796,0.0010019999999999474
1953000,8512,-11293,130165,19303,-3893,128701,108,19232,610,0,56797,0.0009969999999999146
1954000,5599,272,129653,923,-6374,132092,108,19228,442,0,56798,0.001000000000000112
1955000,-498,-391,130979,-23590,4597,127173,110,19224,451,1,56799,0.0009999999999998899
1956000,-6510,17498,133868,-748,11466,121512,144,19225,590,1,56800,0.001000000000000112
1957000,-6124,9325,132209,10446,-1276,133753,109,19232,446,1,56801,0.0009999999999998899
1958003,-4850,-15181,127871,-17782,-19562,136642,107,19232,446,0,56802,0.0010030000000000872
1959000,-767,-12149,128576,-7825,-8291,130338,98,19217,438,0,56803,0.0009969999999999146
1960000,3257,1915,128013,4729,7123,122393,98,19229,401,0,56804,0.001000000000000112
1961000,-4230,16531,133289,-14241,8508,124934,109,19228,446,0,56805,0.0009999999999998899
1962000,-6438,-9543,130180,-9220,-3296,137000,129,19224,528,1,56806,0.001000000000000112
1963000,-8302,5642,129831,-17732,9082,124018,116,19229,475,1,56807,0.0009999999999998899
1964000,-7327,7346,128895,-13176,1838,128369,103,19229,422,1,56808,0.001000000000000112
1965002,-2562,5598,129268,1989,-871,126200,137,19229,422,0,56809,0.0010019999999999474
1966000,-6545,-5596,125956,-11228,-15752,131902,102,19224,561,0,56810,0.0009980000000000544
1967000,-4553,-2844,127998,-6868,2648,128427,102,19230,418,0,56811,0.0009999999999998899
1968000,-2996,7398,127879,-7371,5066,125762,105,19228,430,1,56812,0.001000000000000112
1969002,-3934,13729,127216,-4284,13916,118841,144,19224,590,1,56813,0.0010019999999999474
1970002,-7136,13303,126823,-13229,5889,125442,117,19224,479,1,56814,0.0009999999999998899
1971000,-2258,-2724,126505,-9445,-3252,131191,108,19235,479,1,56815,0.0009980000000000544
1972000,1778,-1621,126086,6602,-7103,128147,105,19220,442,0,56816,0.001000000000000112
1973000,967,-3666,123930,-4715,-2810,123575,105,19229,430,0,56817,0.0009999999999998899
1974000,-1168,3745,126043,-4839,8660,118199,116,19228,475,0,56818,0.001000000000000112
1975000,-1069,7468,127338,-5481,-5382,129683,121,19218,496,1,56819,0.0009999999999998899
1976000,-183,5804,123970,-2696,4343,125986,119,19218,487,1,56820,0.001000000000000112
1977000,-1959,16757,128045,2884,9956,120846,101,19228,487,1,56821,0.0009999999999998899
1978000,4793,6242,124063,803,3468,120299,125,19232,414,0,56822,0.001000000000000112
1979000,10389,-5792,124041,3736,-12200,133876,125,19231,512,0,56823,0.0009999999999998899
1980000,7169,-12202,124295,11769,-9124,127708,106,19229,434,0,56824,0.001000000000000112
1981002,6609,11252,126881,237,-67,121004,111,19227,455,0,56825,0.0010019999999999474
1982003,1466,4431,126166,4780,5175,125986,144,19228,590,1,56826,0.0010010000000000296
1983000,4359,8493,129614,-2752,5667,123899,113,19228,590,1,56827,0.0009969999999999146
1984000,9991,496,125074,5767,-2737,127932,101,19233,463,1,56828,0.001000000000000112
1985000,7631,7947,127067,12355,1787,119832,101,19224,414,0,56829,0.0009999999999998899
1986000,10797,1939,124078,-718,458,125059,127,19233,520,0,56830,0.001000000000000112
1987000,7059,-9327,129670,13398,-15458,133817,104,19229,426,0,56831,0.0009999999999998899
1988000,6247,-8585,129884,780,-11508,138185,113,19224,463,1,56832,0.001000000000000112
1989001,-77,7369,131778,-3112,7708,122737,113,19224,463,1,56833,0.0010010000000000296
1990000,-598,18724,131927,1029,16273,129900,104,19230,463,1,56834,0.0009989999999999721
1991000,6117,-974,125878,-4529,-8101,132581,104,19232,426,1,56835,0.0009999999999998899
1992000,9272,-13620,125454,8267,-17461,130131,121,19218,496,0,56836,0.001000000000000112
1993000,11128,-9990,130659,17035,-12613,127969,102,19226,418,0,56837,0.0009999999999998899
1994000,-703,1887,129153,-1729,1349,121560,109,19229,446,0,56838,0.001000000000000112
1995001,1318,8634,134097,-19767,-4961,139525,137,19229,446,1,56839,0.0010009999999998076
1996000,-7268,-4346,131493,2855,-3265,131066,114,19225,561,1,56840,0.0009990000000001942
1997000,-8449,4469,129799,975,-996,124100,114,19232,467,1,56841,0.0009999999999998899
1998000,-2121,7011,129828,-27639,-8479,135166,97,19224,397,0,56842,0.001000000000000112
1999000,2520,-3234,128730,14738,-6303,125083,143,19231,586,0,56843,0.0009999999999998899
2000000,3983,21,129755,-6762,-2832,133935,107,19233,438,0,56844,0.001000000000000112
2001000,-6345,-1424,129987,-24138,762,123425,112,19233,438,0,56845,0.0009999999999998899
2002000,-7963,8768,132806,-6787,5481,131322,126,19221,459,1,56846,0.0009999999999998899
2003000,-7409,4707,130919,-7056,-232,131238,126,19231,516,1,56847,0.001000000000000334
2004000,-7299,5391,128600,-10973,6823,122550,107,19231,438,1,56848,0.0009999999999998899
2005000,-1593,3882,128464,-10166,-4599,130614,113,19221,463,0,56849,0.0009999999999998899
2006000,-4794,-4631,124666,-2754,-5651,125026,109,19230,446,0,56850,0.0009999999999998899
2007000,-420,4057,128069,-5344,-1164,130362,101,19230,446,0,56851,0.001000000000000334
2008000,-4037,4155,128494,-9329,-1349,126323,125,19227,414,1,56852,0.0009999999999998899
2009000,-8569,6652,127326,-14829,9181,121418,125,19223,512,1,56853,0.0009999999999998899
2010000,-7539,11845,129644,-2399,6384,128601,115,19234,471,1,56854,0.0009999999999998899
2011000,-2675,4727,123268,6032,4995,121817,101,19230,414,0,56855,0.001000000000000334
2012000,2525,-2534,122387,-10890,-4412,129589,137,19234,561,0,56856,0.0009999999999998899
2013000,2614,522,123513,-2516,4786,117378,108,19234,442,0,56857,0.0009999999999998899
2014000,5930,7678,125406,2042,1994,128916,109,19226,442,0,56858,0.0009999999999998899
2015001,-391,-866,127102,-2346,-2077,129699,148,19225,446,1,56859,0.0010010000000000296
2016000,-4433,10396,126878,-7542,7934,122910,148,19223,606,1,56860,0.0009990000000001942
2017000,2471,10537,124291,137,5963,124626,105,19232,430,1,56861,0.0009999999999998899
2018000,5552,9099,124718,9075,6616,119723,106,19224,434,0,56862,0.0009999999999998899
2019000,8996,-360,124458,3009,-12028,126094,86,19224,352,0,56863,0.001000000000000334
2020000,7398,-965,125610,7220,-7098,124265,113,19228,352,0,56864,0.0009999999999998899
2021000,2636,-165,126935,685,-1706,132745,124,19225,463,1,56865,0.0009999999999998899
2022001,4688,5748,129790,6460,5048,116127,124,19222,508,1,56866,0.0010010000000000296
2023000,2962,11684,128786,5099,7125,124094,110,19230,451,1,56867,0.00099899999999975
2024000,4440,2810,129043,1351,1084,132436,99,19232,405,1,56868,0.001000000000000334
2025000,11589,-1730,125064,6547,-4470,119859,136,19231,557,0,56869,0.0009999999999998899
2026002,10003,-6154,124993,18354,-6086,136573,101,19231,557,0,56870,0.0010020000000001694
2027000,7722,-6757,126780,4012,-11923,122343,103,19226,414,0,56871,0.0009979999999996103
2028000,5129,3165,129511,-3486,-2362,127717,103,19227,422,1,56872,0.001000000000000334
2029000,1766,18950,133395,-1764,17158,128453,126,19228,516,1,56873,0.0009999999999998899
2030000,1269,10538,128812,4287,6444,125862,110,19233,451,1,56874,0.0009999999999998899
2031000,3526,-1529,129963,1535,-7506,128329,104,19228,426,0,56875,0.0009999999999998899
2032000,9474,-16495,124865,-1087,-20317,133906,126,19228,426,0,56876,0.001000000000000334
2033000,7910,-3067,130952,18650,-3977,136099,106,19232,516,0,56877,0.0009999999999998899
2034000,7394,7913,128538,-9905,3725,118021,106,19228,434,0,56878,0.0009999999999998899
2035000,-451,9123,134143,-15985,6099,124009,117,19217,479,1,56879,0.0009999999999998899
2036000,-5539,9748,135054,7335,2314,131272,111,19231,455,1,56880,0.001000000000000334
2037000,-7198,-12980,128344,-5922,-16655,131624,98,19231,401,1,56881,0.0009999999999998899
2038003,-4773,-3700,130970,-18046,-5739,124595,125,19231,401,0,56882,0.0010029999999998651
2039000,856,4957,129232,-2495,3131,125326,102,19228,512,0,56883,0.0009969999999999146
2040000,990,-873,129987,2298,-4415,132210,102,19229,418,0,56884,0.001000000000000334
2041000,-4676,4725,132596,-13692,69,128224,110,19228,451,1,56885,0.0009999999999998899
2042000,-9393,-3662,128077,-16072,-3397,132325,153,19229,627,1,56886,0.0009999999999998899
2043000,-6757,11702,132009,-6727,15087,119652,117,19231,479,1,56887,0.0009999999999998899
2044000,-4964,9974,128832,-9824,-2386,135044,102,19231,479,1,56888,0.001000000000000334
2045000,-1955,-6893,128423,-5609,-9173,122769,164,19225,418,0,56889,0.0009999999999998899
2046000,-6369,205,123685,-7914,-6216,130251,164,19230,672,0,56890,0.0009999999999998899
2047000,-1124,1102,128192,-4467,11619,126404,107,19227,438,0,56891,0.0009999999999998899
2048000,-3757,14893,127781,-5917,6888,118489,116,19220,475,1,56892,0.001000000000000334
2049000,-8828,6080,128153,-15453,-860,136805,121,19229,496,1,56893,0.0009999999999998899
2050000,-7289,1434,127285,-6848,3643,117754,106,19229,496,1,56894,0.0009999999999998899
2051000,-960,11090,128179,4909,3071,127875,121,19232,434,0,56895,0.0009999999999998899
2052000,379,-3949,124670,-2161,-9177,129453,121,19229,496,0,56896,0.001000000000000334
2053000,1907,-2249,123088,-5153,-681,122653,102,19230,418,0,56897,0.0009999999999998899
2054000,934,5078,124941,-4525,7555,124905,110,19227,451,0,56898,0.0009999999999998899
2055000,-27,13302,126554,453,16997,116214,141,19224,577,1,56899,0.0009999999999998899
2056000,-3623,-380,125544,-1962,5953,137655,117,19224,479,1,56900,0.001000000000000334
2057000,3848,1216,126476,-6813,-371,115752,97,19231,479,1,56901,0.0009999999999998899
2058000,6051,4120,123182,10480,-2155,127319,108,19226,397,0,56902,0.0009999999999998899
2059000,5926,187,125967,14647,-6239,126054,108,19231,442,0,56903,0.0009999999999998899
2060000,6458,-1689,124570,-1349,-8484,123064,115,19226,471,0,56904,0.001000000000000334
2061000,2401,-1752,127005,1923,-3780,135095,117,19228,479,1,56905,0.0009999999999998899
2062000,1726,11182,128782,984,11503,115979,123,19228,504,1,56906,0.0009999999999998899
2063014,6909,14774,127781,6639,5428,127102,106,19233,504,1,56907,0.0010140000000000704
2064000,6539,-2717,124389,8649,-2235,125933,110,19232,434,1,56908,0.0009860000000001534
2065002,11161,-1866,123704,-1544,3590,125436,110,19220,451,0,56909,0.0010019999999997253
2066000,11603,-3050,126666,13450,-8938,131201,89,19231,365,0,56910,0.0009980000000000544
2067000,7317,-6645,126392,7553,-9775,128681,107,19229,438,0,56911,0.0009999999999998899
2068000,1615,-2729,130239,-3814,3230,131470,126,19229,516,1,56912,0.001000000000000334
2069000,121,12682,131816,-5181,8098,120419,114,19224,516,1,56913,0.0009999999999998899
2070000,3817,2592,129136,485,-3408,135047,99,19227,467,1,56914,0.0009999999999998899
2071000,2709,4155,130223,4602,-1590,126169,99,19225,405,0,56915,0.0009999999999998899
2072002,8769,-6680,126144,98,-14340,127405,149,19228,610,0,56916,0.0010020000000001694
2073000,6146,-5587,131293,15669,-3542,131677,113,19230,463,0,56917,0.0009980000000000544
2074000,-116,-10195,128799,-9665,-9729,132793,110,19225,451,0,56918,0.0009999999999998899
2075000,4444,10009,131152,-14464,7668,127242,145,19225,451,1,56919,0.0009999999999998899
2076000,-8606,14747,133637,8872,8528,123249,109,19229,594,1,56920,0.001000000000000334
2077002,-4665,2220,128858,-8666,-4235,127517,109,19231,446,1,56921,0.0010019999999997253
2078000,-415,-13841,129331,-18187,-18368,136826,110,19221,451,0,56922,0.0009980000000000544
2079000,-789,-6924,129633,8702,-9223,129591,106,19230,434,0,56923,0.0009999999999998899
2080000,2527,15582,129319,3732,18313,117348,113,19228,463,0,56924,0.001000000000000334
2081000,-8117,8476,132724,-28147,1784,128368,125,19228,463,1,56925,0.0009999999999998899
2082000,-6290,-9365,130010,-10704,-14623,139710,119,19225,512,1,56926,0.0009999999999998899
2083000,-9643,7697,128911,-291,5833,123175,119,19228,487,1,56927,0.0009999999999998899
2084001,-6368,13165,131321,-14930,10694,125764,105,19227,430,1,56928,0.0010010000000000296
2085000,-4860,2506,127414,-9991,-4076,132704,139,19223,569,0,56929,0.0009990000000001942
2086000,-2881,-12133,124982,-6396,-17206,131178,108,19232,442,0,56930,0.0009999999999998899
2087000,-479,2171,128225,-2054,-627,119975,107,19232,442,0,56931,0.0009999999999998899
2088000,-4643,17612,129886,-8906,8025,125213,144,19231,438,1,56932,0.001000000000000334
2089000,-8505,6910,126230,-9728,2114,129358,144,19225,590,1,56933,0.0009999999999998899
2090000,-7114,10941,127119,-12985,7982,122225,118,19227,483,1,56934,0.0009999999999998899
2091000,1437,136,124117,-3240,-8066,133688,108,19223,442,0,56935,0.0009999999999998899
2092002,-265,7777,125269,1110,-2242,116864,105,19233,430,0,56936,0.0010020000000001694
2093000,2990,-6427,124170,-9707,-14291,134159,105,19233,430,0,56937,0.0009980000000000544
2094000,2252,-1186,127327,2258,14970,118180,114,19231,430,0,56938,0.0009999999999998899
2095002,-860,24180,127169,-3959,12691,120096,114,19220,467,1,56939,0.0010020000000001694
2096002,-1680,5790,124577,-2344,4773,125610,118,19230,483,1,56940,0.0009999999999998899
2097000,3277,7571,125212,-2308,-2346,125706,101,19228,414,1,56941,0.0009980000000000544
2098003,9738,-10124,123223,9202,-5050,127764,126,19228,516,0,56942,0.0010029999999998651
2099008,10626,5167,125964,10664,4212,117949,111,19228,455,0,56943,0.0010050000000001447
2100002,4362,-2180,126066,-6599,-7582,133986,113,19226,455,0,56944,0.0009939999999999394
2101000,5395,-1533,126870,3744,1776,121683,149,19227,463,1,56945,0.0009980000000000544
2102003,1118,12720,129855,7007,111,128671,149,19231,610,1,56946,0.0010029999999998651
2103000,1354,268,125949,-1117,-598,126204,115,19227,471,1,56947,0.0009969999999999146
2104002,7627,16983,128120,6298,4432,120641,101,19227,414,0,56948,0.0010020000000001694
2105002,12868,-9301,125337,12430,-16050,137289,124,19227,508,0,56949,0.0009999999999998899
2106000,10965,-8555,126699,12840,-9718,127862,103,19231,508,0,56950,0.0009980000000000544
2107000,4457,-4266,126228,-5246,-1924,124766,106,19233,422,0,56951,0.0009999999999998899
2108003,3763,13950,130435,-3853,15326,125464,106,19223,434,1,56952,0.0010030000000003092
2109000,2828,5527,129581,8290,-3608,135090,106,19229,434,1,56953,0.0009969999999999146
2110000,1131,-1673,128219,-1084,203,124995,104,19231,426,1,56954,0.0009999999999998899
2111000,6479,2088,127794,-6437,-6562,131041,120,19231,491,0,56955,0.0009999999999998899
2112000,7594,-16219,126261,19527,-12429,131459,95,19219,491,0,56956,0.001000000000000334
2113000,7689,5214,130126,6834,428,127901,101,19232,389,0,56957,0.0009999999999998899
2114000,-850,-1730,129277,-17148,-2522,129855,101,19230,414,1,56958,0.0009999999999998899
2115000,-105,10946,134682,-6351,11126,124228,137,19224,561,1,56959,0.0009999999999998899
2116000,-5546,3461,132043,8322,-6720,136717,112,19232,459,1,56960,0.001000000000000334
2117000,-7706,-7731,127127,-10194,-11700,131128,95,19231,389,1,56961,0.0009999999999998899
2118000,2927,-6208,130939,-15064,-8023,131001,144,19231,389,0,56962,0.0009999999999998899
2119000,-2403,2345,129008,9017,-1230,121663,109,19230,590,0,56963,0.0009999999999998899
2120000,1557,7109,130559,-6183,5601,126923,109,19226,446,0,56964,0.001000000000000334
2121000,-9546,5116,131785,-23484,-1551,129624,114,19224,467,1,56965,0.0009999999999998899
2122000,-7928,1029,130069,-8218,253,130554,129,19226,528,1,56966,0.0009999999999998899
2123000,-8428,10949,130885,-3783,6736,127885,106,19231,434,1,56967,0.0009999999999998899
2124000,-3521,5080,129800,-12217,942,124938,112,19231,434,1,56968,0.001000000000000334
2125000,-3894,-1675,126976,-8710,-3098,127680,113,19217,459,0,56969,0.0009999999999998899
2126002,-3938,-4765,126050,-5079,-9379,133562,113,19231,463,0,56970,0.0010019999999997253
2127000,280,10529,125825,-11330,15390,123822,103,19229,422,0,56971,0.0009980000000000544
2128000,-4356,14322,128015,-2515,8992,117579,127,19227,520,1,56972,0.001000000000000334
2129000,-3633,5482,126399,-7135,-650,128431,118,19228,483,1,56973,0.0009999999999998899
2130000,-5180,3400,129543,-10619,-2185,132245,102,19228,483,1,56974,0.0009999999999998899
2131000,1166,6182,126118,2634,3985,124219,139,19224,418,0,56975,0.0009999999999998899
2132000,-2197,2025,125996,-2805,-1475,127181,139,19232,569,0,56976,0.001000000000000334
2133002,-1687,-1270,123640,-8172,-2397,124921,112,19231,459,0,56977,0.0010019999999997253
2134002,-368,10414,127294,-1094,2209,128232,114,19226,467,1,56978,0.0009999999999998899
2135001,-54,10901,126137,-1752,8650,122171,152,19224,623,1,56979,0.0009990000000001942
2136000,-2037,11196,129063,-435,5373,123669,108,19224,623,1,56980,0.0009990000000001942
2137000,4384,6505,123748,-4837,-2333,122332,105,19229,442,0,56981,0.0009999999999998899
2138000,9055,2671,122605,5909,2272,120447,105,19222,430,0,56982,0.0009999999999998899
2139002,10640,-3395,125616,8615,-13996,129776,82,19230,336,0,56983,0.0010020000000001694
2140001,9898,-4850,121330,2031,-1236,122633,113,19228,463,0,56984,0.00099899999999975
2141001,4210,5803,128963,-1167,1758,132248,128,19225,524,1,56985,0.0009999999999998899
2142000,4836,3396,127659,2925,5233,120256,113,19225,524,1,56986,0.0009990000000001942
2143000,5635,10093,126442,10060,5646,130091,96,19227,463,1,56987,0.0009999999999998899
2144000,4883,1199,126869,-1112,-825,123060,96,19230,393,0,56988,0.0009999999999998899
2145000,9445,3525,125111,10820,-6936,126736,132,19234,541,0,56989,0.001000000000000334
2146000,9639,-5822,126855,16549,-17796,133917,100,19230,410,0,56990,0.0009999999999998899
2147000,4627,-3967,127183,-6697,-6797,128783,104,19224,426,0,56991,0.0009999999999998899
2148000,3155,9524,132815,-3369,8616,122758,130,19224,532,1,56992,0.0009999999999998899
2149000,1656,16742,131981,8613,7564,126398,109,19228,532,1,56993,0.001000000000000334
2150000,552,-1117,129180,-5419,-6220,134812,105,19229,446,1,56994,0.0009999999999998899
2151000,8584,-11967,129003,-276,-8741,122766,105,19223,430,0,56995,0.0009999999999998899
2152002,7785,-6666,128353,18936,-3846,128509,126,19232,516,0,56996,0.0010020000000001694
2153000,3603,-1749,130028,6997,-9007,130752,105,19230,430,0,56997,0.0009980000000000544
2154000,1181,648,132067,-28115,-929,126235,120,19230,491,1,56998,0.0009999999999998899
2155000,-3421,7536,134108,4366,5307,135330,109,19220,491,1,56999,0.0009999999999998899
2156000,-8551,5315,129945,3215,7336,124195,99,19236,446,1,57000,0.0009999999999998899
2157000,-1119,-1481,128459,-24216,-3828,130394,99,19229,405,1,57001,0.001000000000000334
2158000,-2349,-10441,125564,2816,-10958,134157,126,19229,516,0,57002,0.0009999999999998899
2159000,6772,3531,129602,6772,4228,124405,102,19230,418,0,57003,0.0009999999999998899
2160000,-4845,1754,130081,-13885,-4385,128898,113,19230,463,0,57004,0.0009999999999998899
2161000,-6143,2923,131640,-19453,4119,126502,155,19225,463,1,57005,0.001000000000000334
2162000,-10585,3513,130308,-3994,-445,139037,115,19232,635,1,57006,0.0009999999999998899
2163000,-7904,2079,129670,-11764,8897,117097,115,19231,471,1,57007,0.0009999999999998899
2164000,-4642,7729,129870,-11161,1376,127004,100,19226,410,0,57008,0.0009999999999998899
2165000,-7630,-9183,125068,-6174,-14241,134230,164,19232,672,0,57009,0.001000000000000334
2166000,852,-2308,127128,-7664,-3888,122844,106,19234,434,0,57010,0.0009999999999998899
2167000,-3679,3635,129854,-3541,1715,131591,116,19234,434,0,57011,0.0009999999999998899
2168000,-7017,12970,127263,-7696,13440,116131,115,19220,475,1,57012,0.0009999999999998899
2169000,-6477,11767,128108,-18971,5796,131648,115,19231,471,1,57013,0.001000000000000334
2170000,-3186,1346,124717,-4678,-397,128505,108,19227,442,1,57014,0.0009999999999998899
2171000,2057,7014,124955,7391,4864,120543,120,19225,491,0,57015,0.0009999999999998899
2172000,650,-5337,124415,-7032,-7360,127809,101,19231,414,0,57016,0.0009999999999998899
2173000,4022,-1381,124869,-4337,-3828,122264,111,19231,414,0,57017,0.001000000000000334
2174000,-615,8355,126445,11614,9413,130050,142,19223,455,1,57018,0.0009999999999998899
2175000,-4595,15461,124704,-15947,14148,116018,142,19215,582,1,57019,0.0009999999999998899
2176002,-830,8006,126631,-10555,2037,126370,115,19229,471,1,57020,0.0010020000000001694
2177000,4689,2950,124818,16246,901,120151,98,19223,401,0,57021,0.0009980000000000544
2178000,11204,3685,124236,131,-1329,125543,109,19229,446,0,57022,0.0009999999999998899
2179000,9864,-1483,125008,2936,-4161,126043,113,19229,446,0,57023,0.0009999999999998899
2180000,6053,-744,125962,8484,-6394,128586,119,19227,463,0,57024,0.0009999999999998899
2181000,5297,-3220,124439,5113,-4164,127059,119,19224,487,1,57025,0.001000000000000334
2182002,-639,9512,130440,-2987,12202,126863,125,19229,512,1,57026,0.0010019999999997253
2183000,6098,5945,125833,2088,1689,124023,108,19230,442,1,57027,0.0009980000000000544
2184000,8822,2482,125087,11262,3410,122092,114,19216,467,0,57028,0.0009999999999998899
2185000,10265,-1372,128470,4259,-20840,136919,102,19216,467,0,57029,0.001000000000000334
2186000,10681,-9438,123277,17654,-7195,123873,113,19228,418,0,57030,0.0009999999999998899
2187000,3272,-57,131263,-8023,-415,131109,113,19227,463,1,57031,0.0009999999999998899
2188000,5426,6020,131610,896,7169,125118,130,19227,532,1,57032,0.0009999999999998899
2189000,-2213,14317,129627,8519,8723,123406,117,19234,479,1,57033,0.001000000000000334
2190000,1407,-618,128740,-11731,-8135,135464,103,19227,422,1,57034,0.0009999999999998899
2191000,8554,-13327,125664,7603,-9629,128622,149,19227,610,0,57035,0.0009999999999998899
2192000,10075,-10189,127476,20946,1342,126915,111,19229,610,0,57036,0.0009999999999998899
2193000,6966,989,129089,-12352,1007,125655,107,19229,455,0,57037,0.001000000000000334
2194000,1100,8863,132909,-13559,2518,127408,107,19223,438,1,57038,0.0009999999999998899
2195000,-3813,1778,133350,9084,-7214,138712,143,19230,586,1,57039,0.0009999999999998899
2196000,-9949,-1464,130145,-10414,-4001,127234,110,19234,451,1,57040,0.0009999999999998899
2197000,-3970,-4490,132093,-20215,-10277,134116,105,19234,430,0,57041,0.001000000000000334
2198000,-272,4860,128750,4769,-3083,124518,98,19220,430,0,57042,0.0009999999999998899
2199000,3486,-104,129800,816,-5402,131885,106,19229,401,0,57043,0.0009999999999998899
2200000,-5558,1974,130988,-15853,1493,125056,106,19228,434,0,57044,0.0009999999999998899
2201000,-7122,5530,130006,-9919,2986,127904,123,19220,504,1,57045,0.001000000000000334
2202000,-9465,10887,132229,-8085,7335,128401,117,19229,479,1,57046,0.0009999999999998899
2203000,-7508,3263,129969,-12369,-5244,128115,101,19229,414,1,57047,0.0009999999999998899
2204000,-3412,-3289,128223,-8302,-1064,127798,138,19230,414,0,57048,0.0009999999999998899
2205000,-3883,-5663,126457,-9323,-5663,128360,101,19219,565,0,57049,0.001000000000000334
2206000,552,1543,127562,-2412,-1296,126498,101,19229,414,0,57050,0.0009999999999998899
2207000,-3727,6335,125431,-10415,4640,123275,102,19225,418,1,57051,0.0009999999999998899
2208002,-4545,12521,128888,-13636,6129,122280,133,19225,545,1,57052,0.0010020000000001694
2209000,-6991,6116,129802,871,-5698,129920,115,19229,471,1,57053,0.0009980000000000544
2210003,-5574,3968,123324,-8418,678,127548,107,19229,471,1,57054,0.0010029999999998651
2211002,156,8316,127288,-8299,-966,123923,96,19223,438,0,57055,0.00099899999999975
2212002,2688,-1733,123524,6798,-3293,125603,96,19232,393,0,57056,0.001000000000000334
2213001,2929,1666,124693,-5502,-2536,126361,109,19226,446,0,57057,0.00099899999999975
2214002,-934,1977,126298,-4724,2868,127242,117,19219,479,1,57058,0.0010010000000000296
2215000,-54,22197,127335,2723,18217,118673,119,19228,487,1,57059,0.0009980000000000544
2216003,218,5126,124724,-3465,-857,131116,98,19228,487,1,57060,0.0010029999999998651
2217000,8004,-2566,123322,1979,-4920,122786,123,19234,401,0,57061,0.0009970000000003587
2218000,6960,5455,125042,8132,-2875,121142,123,19226,504,0,57062,0.0009999999999998899
2219000,7363,-1040,124158,8143,-4174,125909,114,19225,467,0,57063,0.0009999999999998899
2220000,6181,1825,127340,2150,-2288,127511,115,19227,471,0,57064,0.0009999999999998899
2221000,3002,-1447,125805,-1919,2587,128265,149,19229,610,1,57065,0.001000000000000334
2222000,6085,19160,129677,7012,16370,118220,112,19229,610,1,57066,0.0009999999999998899
2223002,5280,-3603,125709,12148,-9840,135388,100,19231,459,1,57067,0.0010019999999997253
2224000,13043,-3886,126395,719,-5617,126195,100,19225,410,0,57068,0.0009980000000000544
2225000,6950,1749,128589,6787,-3438,129882,131,19233,537,0,57069,0.001000000000000334
2226000,6045,-7461,127300,12314,-10407,130292,102,19228,418,0,57070,0.0009999999999998899
2227000,4130,-1556,128453,-4641,-6443,129828,108,19222,442,1,57071,0.0009999999999998899
2228000,-1801,11193,131554,-369,6099,127797,105,19222,442,1,57072,0.0009999999999998899
2229000,672,10416,130750,4080,3121,122520,102,19227,430,1,57073,0.001000000000000334
2230001,2895,4790,130473,-2391,-6227,131049,102,19229,418,1,57074,0.0010009999999995856
2231000,10744,-11846,127060,778,-17805,132380,120,19221,491,0,57075,0.0009990000000001942
2232000,9820,-7395,129459,20005,-8116,128770,94,19232,385,0,57076,0.0009999999999998899
2233002,1207,-562,128421,-19932,1888,126957,102,19228,418,0,57077,0.0010020000000001694
2234000,4128,8041,130688,-11870,10904,123782,133,19228,545,1,57078,0.0009980000000000544
2235000,-5691,4073,132572,4003,-1489,136910,113,19225,545,1,57079,0.0009999999999998899
2236000,-4015,686,130707,-5902,-8457,126620,97,19228,463,1,57080,0.0009999999999998899
2237000,-5598,-10042,127395,-14227,-10504,133631,97,19223,397,0,57081,0.001000000000000334
2238000,-1090,3918,131035,2831,4666,121299,129,19235,528,0,57082,0.0009999999999998899
2239000,978,5347,128936,5173,-3337,130277,106,19230,434,0,57083,0.0009999999999998899
2240000,-5237,-49,131327,-20480,-3336,133450,115,19230,471,0,57084,0.0009999999999998899
2241000,-9268,429,130794,-14771,623,129227,123,19224,471,1,57085,0.001000000000000334
2242000,-8604,7700,130525,-7204,9617,125161,108,19228,504,1,57086,0.0009999999999998899
2243001,-3373,12010,130184,-6542,4729,126957,108,19229,442,1,57087,0.0010010000000000296
2244000,-4347,-6484,126617,-8362,-10246,131643,113,19217,463,0,57088,0.00099899999999975
2245000,-3319,-8434,126449,-12364,3078,123368,112,19231,459,0,57089,0.001000000000000334
2246000,-1348,4757,127675,-3058,2812,124397,110,19231,451,0,57090,0.0009999999999998899
2247001,-4758,7375,128050,-6565,4517,130112,133,19230,451,1,57091,0.0010010000000000296
2248006,-7531,7764,126563,-13558,-2204,124034,121,19221,545,1,57092,0.0010049999999997006
2249001,-8882,3799,128384,-9379,395,131636,121,19229,496,1,57093,0.0009950000000000792
2250001,-230,8834,128667,665,4767,119617,104,19224,426,0,57094,0.0009999999999998899
2251001,-485,5589,125572,755,-1913,127766,137,19230,561,0,57095,0.001000000000000334
2252001,3925,-6944,122411,-7341,-7011,130201,103,19232,422,0,57096,0.0009999999999998899
2253000,345,2654,124923,-2023,5184,121740,110,19232,422,0,57097,0.0009990000000001942
2254000,-84,8108,124674,-1892,13461,124369,148,19226,451,1,57098,0.0009999999999998899
2255003,-2401,13427,125656,-6525,12720,119236,148,19233,606,1,57099,0.0010029999999998651
2256000,1878,3850,124398,2909,-5439,138232,107,19233,438,1,57100,0.0009969999999999146
2257000,7892,-4682,122530,9655,-2564,112266,101,19221,414,0,57101,0.001000000000000334
2258002,6255,6119,126024,1104,2033,122286,86,19226,352,0,57102,0.0010019999999997253
2259002,7508,318,126006,11073,-6162,130566,113,19226,352,0,57103,0.0009999999999998899
2260002,5280,2136,125453,2631,-4106,123243,129,19228,463,1,57104,0.001000000000000334
2261000,1609,6,128894,-718,515,132045,129,19223,528,1,57105,0.0009979999999996103
2262002,2152,16578,130440,941,17360,113099,116,19229,475,1,57106,0.0010020000000001694
2263000,8547,5986,124564,7465,2108,135225,98,19229,401,1,57107,0.0009980000000000544
2264000,10477,-1300,125350,5574,-415,126169,133,19228,545,0,57108,0.0009999999999998899
2265000,12351,-5369,125291,10844,-9501,130405,102,19228,545,0,57109,0.0009999999999998899
2266000,8480,-7380,126606,10068,-7773,123913,106,19228,418,0,57110,0.001000000000000334
2267000,5827,6282,130665,-1426,247,127081,106,19227,434,1,57111,0.0009999999999998899
2268000,1070,4035,130699,1995,5005,136209,136,19225,557,1,57112,0.0009999999999998899
2269000,1922,14592,130528,-1832,13457,117736,110,19229,451,1,57113,0.0009999999999998899
2270000,40,-3531,128987,-835,-7627,131484,104,19224,426,0,57114,0.001000000000000334
2271001,8375,-7227,127639,4568,-11889,130215,120,19224,426,0,57115,0.0010010000000000296
2272000,6469,-14093,128507,12738,-14930,133871,107,19234,491,0,57116,0.00099899999999975
2273001,5383,-275,129551,-6628,903,121254,107,19229,438,0,57117,0.0010010000000000296
2274002,2683,19320,134592,-12593,13254,125877,120,19220,491,1,57118,0.0010010000000000296
2275000,-4884,11498,131475,6791,8617,127849,110,19230,451,1,57119,0.0009980000000000544
2276002,-6741,-1749,131884,-7447,-22726,140696,100,19231,410,1,57120,0.0010020000000001694
2277002,-2221,-18597,128150,-14483,-10110,131624,127,19231,520,0,57121,0.0009999999999998899
2278002,-1061,4903,131775,2457,6254,121151,110,19225,520,0,57122,0.0009999999999998899
2279002,-786,7085,131038,-3461,-1321,129479,113,19226,451,0,57123,0.0009999999999998899
2280000,-3393,5011,131181,-12291,-2383,130374,113,19226,463,1,57124,0.0009980000000000544
2281000,-9195,-4132,127043,-13043,1089,132855,154,19227,631,1,57125,0.0009999999999998899
2282000,-7343,10067,129986,-5636,15478,124940,116,19233,475,1,57126,0.001000000000000334
2283002,-5167,10558,128550,-4346,4260,122773,103,19233,422,1,57127,0.0010019999999997253
2284000,-3780,-3344,125634,-13898,-11906,133716,153,19223,422,0,57128,0.0009980000000000544
2285000,-2029,-9702,126443,-6584,-9429,129750,105,19233,627,0,57129,0.0009999999999998899
2286003,-1533,2448,128819,-4592,8297,120036,105,19226,430,0,57130,0.0010030000000003092
2287000,-1467,10354,129193,-4774,9251,127796,113,19219,463,1,57131,0.0009969999999999146
2288000,-9561,12688,127463,-13612,8222,121065,116,19227,475,1,57132,0.0009999999999998899
2289000,-6817,5411,127112,-13461,1349,131628,107,19227,438,1,57133,0.0009999999999998899
2290000,-962,-1444,127911,5742,-6201,125113,122,19230,438,0,57134,0.001000000000000334
2291000,-1498,-5351,125931,273,-9080,130476,97,19228,500,0,57135,0.0009999999999998899
2292000,234,8508,125670,-6939,-1472,120515,97,19229,397,0,57136,0.0009999999999998899
2293000,-885,4654,124645,-6634,-224,126602,108,19226,442,0,57137,0.0009999999999998899
2294000,1555,4616,126497,4685,8915,127506,143,19219,586,1,57138,0.001000000000000334
2295000,-3303,17778,127094,-2836,9845,115279,116,19219,475,1,57139,0.0009999999999998899
2296000,3975,11584,123789,-4208,6142,125153,94,19232,475,1,57140,0.0009999999999998899
2297000,9193,-1663,124863,8125,-12461,129064,106,19229,385,0,57141,0.0009999999999998899
2298000,12128,-12575,122993,12034,-1744,127235,106,19231,434,0,57142,0.001000000000000334
2299000,7682,-3884,126389,-1688,-2904,123382,113,19227,463,0,57143,0.0009999999999998899
2300000,2031,-246,126172,6876,-6882,128434,118,19223,483,1,57144,0.0009999999999998899
2301001,1212,7948,125803,-3017,5889,125939,120,19226,491,1,57145,0.0010010000000000296
2302000,3236,11471,127735,-1519,7234,123060,107,19226,491,1,57146,0.0009990000000001942
2303000,8164,2121,128180,20342,-275,125597,112,19232,438,1,57147,0.0009999999999998899
2304000,12276,1781,124573,-4488,-8795,124066,112,19219,459,0,57148,0.0009999999999998899
2305000,10015,-8374,127288,6977,-21170,135583,88,19235,360,0,57149,0.0009999999999998899
2306000,7225,-6603,127320,11668,-4063,129589,105,19228,430,0,57150,0.001000000000000334
2307000,1219,4315,130611,-7891,5195,126530,129,19226,528,1,57151,0.0009999999999998899
2308000,-798,7470,130094,2389,8851,123496,114,19226,528,1,57152,0.0009999999999998899
2309000,2486,2554,128679,3009,-6073,131548,98,19228,467,1,57153,0.0009999999999998899
2310000,6782,-4569,124825,-684,-5061,128367,98,19228,401,0,57154,0.001000000000000334
2311000,10304,-3829,129378,5569,-4761,123203,153,19234,627,0,57155,0.0009999999999998899
2312000,3947,-2619,128954,14872,-8043,130304,107,19226,438,0,57156,0.0009999999999998899
2313000,1460,-6019,130354,-15422,-9933,132718,107,19223,438,0,57157,0.0009999999999998899
2314000,-1140,6716,134680,-12796,4909,131854,136,19223,438,1,57158,0.001000000000000334
2315000,-6599,4938,132150,10548,8087,128896,108,19228,557,1,57159,0.0009999999999998899
2316000,-4573,6695,129616,-11115,2840,125291,108,19231,442,1,57160,0.0009999999999998899
2317000,2098,-19364,126301,-16390,-24494,140201,107,19218,438,0,57161,0.0009999999999998899
2318000,2126,-5973,127302,15510,-7098,129678,91,19228,373,0,57162,0.001000000000000334
2319000,-3036,10315,130448,-6519,5096,125917,110,19228,451,0,57163,0.0009999999999998899
2320000,-6882,5316,132633,-23754,2373,130487,126,19228,451,1,57164,0.0009999999999998899
2321000,-9121,69,132168,-6719,-3308,139980,113,19220,516,1,57165,0.0009999999999998899
2322000,-9657,4858,128158,-7473,1990,119976,113,19229,463,1,57166,0.001000000000000334
2323000,-4938,19822,130418,-11983,6733,120119,100,19229,410,1,57167,0.0009999999999998899
2324000,-3252,-1748,126151,-10832,-11019,133585,141,19225,577,0,57168,0.0009999999999998899
2325000,360,-7315,126854,-225,-6468,130964,104,19228,426,0,57169,0.0009999999999998899
2326000,-2526,1846,128038,-8725,-5544,128297,108,19228,442,0,57170,0.001000000000000334
2327000,-8058,5487,125770,-15266,20413,114501,138,19227,442,1,57171,0.0009999999999998899
2328002,-5296,16792,130575,-14655,5950,124713,114,19230,565,1,57172,0.0010019999999997253
2329000,-4443,-387,125526,-193,-2371,133637,114,19235,467,1,57173,0.0009980000000000544
2330000,252,4449,125411,-2509,67,119428,108,19226,442,0,57174,0.001000000000000334
2331002,-2804,1643,125136,-6581,-438,123985,100,19229,410,0,57175,0.0010019999999997253
2332000,3110,6081,126134,5873,-2770,127900,111,19229,455,0,57176,0.0009980000000000544
2333001,77,-2918,125716,-5909,-6540,131954,119,19226,455,0,57177,0.0010010000000000296
2334001,-2500,5803,128285,-6234,7182,120714,109,19217,487,1,57178,0.0009999999999998899
2335000,-3733,24903,128490,2777,8867,114122,109,19229,446,1,57179,0.0009990000000001942
2336000,2665,9657,123956,-1164,-56,129150,98,19232,401,1,57180,0.0009999999999998899
2337003,10494,-121,124680,5364,-7303,125185,125,19227,512,0,57181,0.0010029999999998651
2338000,9514,-5794,122398,9695,-6177,124761,105,19227,430,0,57182,0.0009970000000003587
2339000,5282,6171,128111,1692,-3302,123518,112,19224,430,0,57183,0.0009999999999998899
2340000,6599,-4362,126004,5538,-5667,129283,142,19224,459,1,57184,0.0009999999999998899
2341000,743,3277,129050,-2406,2563,130460,142,19229,582,1,57185,0.0009999999999998899
2342000,2927,11759,127077,2163,8205,121337,111,19227,455,1,57186,0.001000000000000334
2343014,7797,3840,124744,11615,-3523,125536,100,19224,410,0,57187,0.0010139999999996263
2344000,10685,6020,128290,3000,-8790,121564,132,19232,541,0,57188,0.0009860000000001534
2345000,11590,-7315,125349,10622,-14794,137506,104,19232,541,0,57189,0.0009999999999998899
2346000,7275,-11407,128074,5544,-4929,126862,112,19234,426,0,57190,0.001000000000000334
2347001,4030,10497,129930,-5223,12041,124334,112,19222,459,1,57191,0.0010010000000000296
2348000,460,15893,128820,-1289,7515,128953,107,19229,438,1,57192,0.00099899999999975
2349000,1654,4,128496,2794,-6477,128853,103,19232,422,1,57193,0.0009999999999998899
2350000,6056,-2376,129105,-1653,-8511,130968,120,19220,491,0,57194,0.001000000000000334
2351001,7554,-13369,128808,12216,-15481,125295,95,19220,491,0,57195,0.0010009999999995856
2352000,4927,2373,131450,14343,-3594,130201,105,19229,389,0,57196,0.0009990000000001942
2353000,1142,-1269,130677,-24290,1030,133394,105,19224,430,1,57197,0.0009999999999998899
2354000,-3807,18034,132070,-9263,16212,118039,140,19226,573,1,57198,0.001000000000000334
2355000,-2822,1569,132744,5038,-3879,136725,112,19230,459,1,57199,0.0009999999999998899
2356001,-7745,-2194,129329,-6032,-7628,126507,97,19226,397,1,57200,0.0010010000000000296
2357001,3561,-17988,127422,-19946,-20820,141332,134,19226,397,0,57201,0.0009999999999998899
2358000,724,8550,130814,12393,7814,122789,112,19231,549,0,57202,0.0009990000000001942
2359000,2133,3986,127761,-3633,1670,127154,112,19227,459,0,57203,0.0009999999999998899
2360002,-10109,9353,130646,-23256,6623,123657,117,19224,479,1,57204,0.0010019999999997253
2361000,-8842,-1382,129145,-11943,-4836,136521,125,19228,512,1,57205,0.0009980000000000544
2362000,-5587,7913,129433,-3376,11553,128511,109,19233,446,1,57206,0.001000000000000334
2363000,-4774,6838,130694,-3782,5220,120406,112,19233,446,0,57207,0.0009999999999998899
2364000,-501,-9062,123997,-13577,-10750,132622,103,19215,459,0,57208,0.0009999999999998899
2365000,-4412,-4687,126255,-2605,-6966,129893,103,19227,422,0,57209,0.0009999999999998899
2366000,1036,5619,128245,-7900,4192,123691,108,19228,442,0,57210,0.001000000000000334
2367000,-8524,13806,128906,-3914,9857,124487,133,19224,545,1,57211,0.0009999999999998899
2368000,-6358,8391,127366,-15252,4634,125834,117,19234,479,1,57212,0.0009999999999998899
2369000,-1995,11717,128607,-6771,8294,125495,104,19234,426,1,57213,0.0009999999999998899
2370000,1660,-27,125213,4682,-6357,127586,144,19229,426,0,57214,0.001000000000000334
2371000,742,-7371,124310,207,4032,125431,116,19228,590,0,57215,0.0009999999999998899
2372000,-1007,531,123991,-8670,927,125028,116,19227,475,0,57216,0.0009999999999998899
2373000,356,6341,125597,-3073,10822,121424,118,19225,483,1,57217,0.0009999999999998899
2374000,-3325,12557,128461,1078,5275,126651,149,19225,610,1,57218,0.001000000000000334
2375000,145,8101,124733,2526,3651,125273,109,19225,446,1,57219,0.0009999999999998899
2376000,2890,4470,125314,10229,-2644,128565,105,19230,446,0,57220,0.0009999999999998899
2377000,7957,272,122815,-5512,-1784,120354,85,19222,430,0,57221,0.0009999999999998899
2378000,14052,2621,124518,19810,-3243,127009,85,19228,348,0,57222,0.001000000000000334
2379000,4012,-1593,126256,895,-5961,124500,109,19229,446,0,57223,0.0009999999999998899
2380002,4570,457,125144,-6239,5339,126295,125,19222,512,1,57224,0.0010019999999997253
2381001,1755,6293,130172,9397,3376,131688,115,19222,471,1,57225,0.0009990000000001942
2382000,7978,3192,125128,6104,1924,123145,100,19227,471,1,57226,0.00099899999999975
2383000,7066,7188,124826,-1703,4981,121270,136,19226,410,0,57227,0.001000000000000334
2384000,10382,1600,128586,4469,-9173,131899,136,19225,557,0,57228,0.0009999999999998899
2385000,9110,-19343,124227,21566,-18582,134369,101,19229,414,0,57229,0.0009999999999998899
2386000,3497,8290,132368,-8104,-4812,124788,104,19226,426,0,57230,0.0009999999999998899
2387000,1633,9018,128372,-7420,672,125600,134,19229,549,1,57231,0.001000000000000334
2388000,456,15751,133432,14402,15836,128741,115,19229,549,1,57232,0.0009999999999998899
2389000,3520,2045,127882,-5402,-5562,131197,106,19230,471,1,57233,0.0009999999999998899
2390000,8898,-10668,124159,-3762,-9811,127869,106,19223,434,0,57234,0.0009999999999998899
2391000,10054,-1896,131631,21222,-3085,127825,127,19232,520,0,57235,0.001000000000000334
2392000,8635,-11322,126340,8837,-11593,133789,104,19228,426,0,57236,0.0009999999999998899
2393002,-558,3125,134048,-28846,6044,126307,116,19222,475,1,57237,0.0010020000000001694
2394002,-3233,3202,132798,2031,-3809,134579,110,19222,475,1,57238,0.0009999999999998899
2395000,-9314,5618,128782,6974,2678,123090,102,19226,451,1,57239,0.0009980000000000544
2396000,-2959,656,130877,-28940,-8677,131855,102,19228,418,1,57240,0.0009999999999998899
2397002,-3187,-20377,128652,1844,-17426,140259,122,19223,500,0,57241,0.0010020000000001694
2398000,8044,14898,129554,5571,8027,116045,101,19231,414,0,57242,0.0009979999999996103
2399000,-5711,1332,131024,-17649,-11575,139727,108,19224,442,0,57243,0.001000000000000334
2400000,-5739,-146,130565,-9544,2202,123722,152,19224,442,1,57244,0.0009999999999998899
2401000,-10495,4817,130648,-9964,-834,132851,118,19226,623,1,57245,0.0009999999999998899
2402000,-8420,8238,130879,-11755,9439,124960,118,19231,483,1,57246,0.0009999999999998899
2403000,-4799,7791,129437,-7041,-2373,124852,103,19223,422,0,57247,0.001000000000000334
2404000,-5437,-10404,123208,-10312,-10416,131884,168,19232,688,0,57248,0.0009999999999998899
2405000,250,5675,128427,-7092,2775,116814,102,19231,418,0,57249,0.0009999999999998899
2406000,-2324,-2565,127423,-3100,-8420,135108,113,19231,418,1,57250,0.0009999999999998899
2407002,-5312,16691,128354,-6384,14405,116041,115,19224,463,1,57251,0.0010020000000001694
2408002,-8462,6514,127365,-20798,2382,131983,115,19228,471,1,57252,0.0009999999999998899
2409000,-2657,2931,126738,-3073,7670,126059,110,19227,451,1,57253,0.0009980000000000544
2410000,2020,511,124088,3256,-5276,124068,119,19220,487,0,57254,0.0009999999999998899
2411000,1862,-15001,121311,-6360,-15980,134150,108,19225,442,0,57255,0.001000000000000334
2412000,1645,8792,126374,-2630,5864,119111,114,19225,442,0,57256,0.0009999999999998899
2413000,-368,4984,124909,171,2112,123591,143,19230,467,1,57257,0.0009999999999998899
2414002,-2059,18396,128775,-5074,14668,122987,143,19222,586,1,57258,0.0010020000000001694
2415000,-2415,-2319,123856,-7347,-6263,134277,116,19231,475,1,57259,0.0009980000000000544
2416000,5525,9688,126311,8600,7238,116498,95,19225,389,0,57260,0.0009999999999998899
2417000,7600,4191,122515,8608,-8931,126934,115,19232,471,0,57261,0.0009999999999998899
2418000,9068,-942,126028,368,3255,121737,111,19232,455,0,57262,0.0009999999999998899
2419000,8901,-1262,126635,7022,-8929,130781,117,19232,455,0,57263,0.001000000000000334
2420000,2608,-3043,127039,5931,472,127744,128,19220,479,1,57264,0.0009999999999998899
2421000,825,14042,128497,-3517,15545,115243,128,19229,524,1,57265,0.0009999999999998899
2422002,7132,3826,127601,8619,-1620,129112,103,19235,422,1,57266,0.0010020000000001694
2423000,11133,-4654,123694,12777,-2169,123115,107,19219,438,0,57267,0.0009980000000000544
2424000,9898,980,127086,4163,-3274,130090,83,19219,340,0,57268,0.0009999999999998899
2425000,9105,-11394,125350,10597,-9453,128151,104,19231,340,0,57269,0.0009999999999998899
2426000,6228,5429,130002,-1311,-1030,129756,125,19231,426,1,57270,0.0009999999999998899
2427000,3399,5047,129854,349,2659,129680,125,19226,512,1,57271,0.001000000000000334
2428000,-3862,9141,131099,9075,2454,125071,112,19230,459,1,57272,0.0009999999999998899
2429001,1737,3211,128773,-4817,-5701,131853,98,19229,401,1,57273,0.0010010000000000296
2430000,7237,-9792,128067,3150,-14515,132682,147,19230,602,0,57274,0.00099899999999975
2431000,9515,-2143,129059,15864,-1191,122460,105,19230,602,0,57275,0.001000000000000334
2432000,7098,6020,128869,-4469,-7529,130807,109,19229,430,0,57276,0.0009999999999998899
2433001,-43,6652,132338,-13705,6959,125528,109,19224,446,1,57277,0.0010010000000000296
2434000,-2740,-306,134374,3852,-7504,132043,136,19226,557,1,57278,0.00099899999999975
2435000,-10030,-968,132875,-7248,-5954,132401,105,19233,430,1,57279,0.001000000000000334
2436000,-3790,-121,130400,-19036,-5498,125062,103,19225,422,0,57280,0.0009999999999998899
2437000,-3286,-3276,129781,1667,-8747,133212,105,19225,422,0,57281,0.0009999999999998899
2438000,4316,-2222,128131,2401,-1463,123512,108,19234,430,0,57282,0.0009999999999998899
2439000,-8257,5755,131290,-19359,1719,127503,108,19231,442,0,57283,0.001000000000000334
2440000,-4222,5203,132206,-11517,-484,128346,127,19219,520,1,57284,0.0009999999999998899
2441000,-7746,8308,130244,-3122,3303,130668,115,19226,471,1,57285,0.0009999999999998899
2442000,-9231,4248,129529,-13944,-536,128738,99,19230,405,1,57286,0.0009999999999998899
2443000,-4013,3254,127671,-8457,-704,122861,134,19230,405,0,57287,0.001000000000000334
2444000,-4849,-9992,125265,-3473,-15513,137988,103,19223,549,0,57288,0.0009999999999998899
2445000,-1158,7979,128354,-5829,6932,117277,103,19234,422,0,57289,0.0009999999999998899
2446000,-1875,13641,127077,-9471,3777,123947,105,19226,430,1,57290,0.0009999999999998899
2447000,-6365,3261,127389,-12249,3982,127998,138,19229,565,1,57291,0.001000000000000334
2448000,-5119,8044,127592,-12331,4056,121785,114,19226,467,1,57292,0.0009999999999998899
2449000,-1217,5343,125605,-99,1125,133315,105,19226,467,1,57293,0.0009999999999998899
2450000,675,4946,124457,-729,42,116202,97,19222,430,0,57294,0.0009999999999998899
2451000,1,768,124824,-12672,-4983,126838,97,19231,397,0,57295,0.001000000000000334
2452000,5592,4784,124535,-11,7673,128280,112,19227,459,0,57296,0.0009999999999998899
2453000,-331,801,124100,4694,-542,126553,121,19215,496,1,57297,0.0009999999999998899
2454001,-2627,8220,127056,-11092,7729,124767,112,19230,459,1,57298,0.0010010000000000296
2455001,1456,15525,126596,1034,11391,118599,97,19230,459,1,57299,0.0009999999999998899
2456004,7469,-2352,123839,6857,-4853,134146,121,19234,397,0,57300,0.0010030000000003092
2457000,7868,-5786,123666,7795,-8148,120717,121,19230,496,0,57301,0.0009959999999997748
2458000,5252,-4122,123867,6413,-6805,125231,105,19231,430,0,57302,0.0009999999999998899
2459001,4421,1276,127438,577,-2934,128247,115,19228,471,0,57303,0.0010010000000000296
2460000,3900,5808,127716,4621,2262,127897,152,19232,623,1,57304,0.0009990000000001942
2461000,3158,17269,128218,-363,14963,121428,112,19232,459,1,57305,0.0009999999999998899
2462000,7119,11656,126157,4104,9965,123928,97,19231,459,1,57306,0.0009999999999998899
2463000,11951,-3049,127123,10449,-7403,128760,129,19226,397,0,57307,0.001000000000000334
2464000,12070,-3206,126594,8499,-8696,127467,129,19231,528,0,57308,0.0009999999999998899
2465000,8446,-9082,126609,10135,-6849,133027,108,19229,442,0,57309,0.0009999999999998899
2466000,4336,3522,130421,-2074,5612,121545,115,19219,471,1,57310,0.0009999999999998899
2467000,-269,12621,130455,-979,8301,125822,107,19219,438,1,57311,0.001000000000000334
2468000,-649,5517,132423,434,-1685,132670,101,19227,438,1,57312,0.0009999999999998899
2469000,5092,364,127112,4411,-8559,127030,118,19235,414,1,57313,0.0009999999999998899
2470000,9636,-6244,128738,2304,-15379,129686,118,19217,483,0,57314,0.0009999999999998899
2471001,11401,-753,130723,17987,-2606,127209,105,19229,430,0,57315,0.0010010000000000296
2472000,1388,-8156,128213,-18764,-8883,135246,112,19227,459,0,57316,0.0009990000000001942
2473000,1151,10160,132632,-12366,15585,117587,141,19227,577,1,57317,0.0009999999999998899
2474000,-8375,11924,132758,4242,-576,132213,116,19228,577,1,57318,0.0009999999999998899
2475000,-527,-4662,130744,-8454,-6010,131602,97,19229,475,1,57319,0.001000000000000334
2476000,-5112,-10345,128681,-14141,-13890,135052,97,19228,397,0,57320,0.0009999999999998899
2477000,2274,-3886,128640,-315,1229,121329,150,19233,614,0,57321,0.0009999999999998899
2478000,-1288,9194,130973,3959,6792,124776,109,19227,446,0,57322,0.0009999999999998899
2479001,-4457,-1713,130983,-20767,-1087,133883,115,19223,471,1,57323,0.0010010000000000296
2480000,-8328,2017,130623,-15158,-4315,131681,125,19223,471,1,57324,0.0009990000000001942
2481002,-9585,10643,129125,-8287,7784,125005,111,19230,512,1,57325,0.0010019999999997253
2482000,-2885,14647,131618,-5800,7539,126408,111,19231,455,1,57326,0.0009980000000000544
2483000,-3755,-8292,126516,-7304,-14839,134049,116,19219,475,0,57327,0.001000000000000334
2484000,-1223,-7148,124317,-12994,-1142,127220,119,19231,487,0,57328,0.0009999999999998899
2485001,-1646,6112,128137,-5775,4807,122582,104,19229,426,0,57329,0.0010010000000000296
2486000,-4399,11911,127506,-2439,11497,121037,129,19229,426,1,57330,0.00099899999999975
2487000,-8541,5725,129213,-16042,-3520,131650,119,19222,528,1,57331,0.001000000000000334
2488000,-8070,-6121,126979,-12821,-4726,130147,119,19226,487,1,57332,0.0009999999999998899
2489001,170,13288,129176,3350,6603,117666,108,19226,442,0,57333,0.0010010000000000296
2490001,-1213,454,123757,396,-6387,128030,141,19232,577,0,57334,0.0009999999999998899
2491000,1658,-3872,124686,-7450,-7251,124992,108,19226,442,0,57335,0.0009990000000001942
2492000,446,3579,126206,-2881,-1211,126783,110,19226,442,0,57336,0.0009999999999998899
2493000,-738,14500,124906,-5571,11481,120214,158,19223,451,1,57337,0.0009999999999998899
2494000,-2814,17710,128725,1002,12724,123717,158,19230,647,1,57338,0.0009999999999998899
2495000,4811,879,123342,1296,-5117,125968,112,19230,459,1,57339,0.001000000000000334
2496000,8720,-3443,121848,6338,-1441,127291,106,19221,434,0,57340,0.0009999999999998899
2497000,6364,-875,123233,2522,-2794,120649,86,19226,352,0,57341,0.0009999999999998899
2498000,12148,-2041,123488,11292,-6342,121681,115,19226,352,0,57342,0.0009999999999998899
2499000,2255,-3622,127428,6092,-6994,133785,128,19226,471,1,57343,0.0009999999999998899
2500000,1362,-1378,126946,-6111,-3215,126857,128,19223,524,1,57344,0.001000000000000334
2501002,3818,11819,129264,5392,8420,121688,113,19231,463,1,57345,0.0010019999999997253
2502002,4640,4794,126521,9621,-1468,128558,104,19229,426,1,57346,0.001000000000000334
2503002,11205,-4294,125623,1318,-3263,127030,134,19226,549,0,57347,0.0009999999999998899
2504000,9372,-987,127209,9054,-7600,125466,106,19226,549,0,57348,0.0009980000000000544
2505000,7573,-13802,126283,7631,-17131,136323,105,19230,434,0,57349,0.0009999999999998899
2506000,2432,-1579,128632,1965,-4831,126827,105,19229,430,1,57350,0.0009999999999998899
2507000,-2969,12017,131227,210,8415,125802,144,19230,590,1,57351,0.0009999999999998899
2508000,4080,12429,129496,-3627,7601,124679,115,19228,471,1,57352,0.001000000000000334
2509000,3014,409,129806,1204,-2382,132180,105,19227,430,0,57353,0.0009999999999998899
2510000,12078,-9840,126957,8023,-13863,126084,126,19227,516,0,57354,0.0009999999999998899
2511000,6463,-7341,127629,13815,-8508,134035,106,19230,516,0,57355,0.0009999999999998899
2512001,1743,-5042,129788,-3055,-1653,126347,115,19231,434,0,57356,0.0010010000000000296
2513000,3452,11222,131904,-19146,12773,122409,115,19219,471,1,57357,0.0009990000000001942
2514000,-6572,9476,134256,2624,5195,133587,117,19228,479,1,57358,0.0009999999999998899
2515000,-3353,1402,129960,5002,-4795,124209,102,19228,418,1,57359,0.0009999999999998899
2516002,-3314,-17319,127762,-15656,-16481,142648,125,19228,512,0,57360,0.0010020000000001694
2517000,192,-7226,131822,10533,-205,122591,102,19224,512,0,57361,0.0009980000000000544
2518000,-1375,8003,130041,-4819,5809,124370,112,19227,418,0,57362,0.0009999999999998899
2519000,-8281,5654,133646,-21389,-1375,130854,112,19226,459,1,57363,0.0009999999999998899
2520000,-8874,-824,129617,-10822,-5015,136516,149,19228,610,1,57364,0.001000000000000334
2521003,-8133,7167,129840,-5002,7253,124223,116,19233,475,1,57365,0.0010029999999998651
2522002,-4829,20301,129167,-6979,11499,120366,104,19227,426,1,57366,0.0009990000000001942
2523001,-3400,-2139,127381,-11918,-14318,134185,167,19227,426,0,57367,0.00099899999999975
2524000,-2543,-9843,124697,-2336,-10844,128330,105,19230,684,0,57368,0.0009990000000001942
2525000,-1352,790,127742,-6879,-1191,129453,105,19229,430,0,57369,0.0009999999999998899
2526001,-3722,11431,127748,-5164,3986,120574,109,19222,446,1,57370,0.0010010000000000296
2527000,-8941,24634,128271,-11149,16748,116162,121,19228,496,1,57371,0.00099899999999975
2528000,-6792,2773,127281,-14701,-4555,135110,108,19230,442,1,57372,0.001000000000000334
2529001,2411,-4501,126481,7302,-3384,128105,121,19230,442,0,57373,0.0010010000000000296
2530001,-850,3634,124643,466,1431,122395,97,19223,496,0,57374,0.0009999999999998899
2531002,1192,3420,123623,-10850,-796,121091,97,19233,397,0,57375,0.0010010000000000296
2532002,1364,2850,125911,-3647,-1411,131232,109,19227,446,0,57376,0.0009999999999998899
2533000,374,3491,127009,4118,-1942,125494,134,19222,549,1,57377,0.0009980000000000544
2534000,-3633,21230,126829,-96,14085,117345,113,19235,463,1,57378,0.0009999999999998899
2535000,1054,15179,126599,-6872,7114,123379,96,19235,463,1,57379,0.0009999999999998899
2536001,10595,2392,123616,8810,-2546,124905,126,19230,393,0,57380,0.0010010000000000296
2537000,10455,-7898,123362,13585,-13397,132054,126,19234,516,0,57381,0.0009990000000001942
2538000,6311,-6869,125689,2795,-10335,126145,113,19224,463,0,57382,0.0009999999999998899
2539000,4675,9869,127162,327,5427,118142,114,19223,467,1,57383,0.0009999999999998899
2540002,-603,4757,128819,1325,1275,126583,124,19228,508,1,57384,0.0010020000000001694
2541000,3674,6757,126980,-3932,3871,125314,108,19228,508,1,57385,0.0009980000000000544
2542000,6483,6377,126258,11236,-818,119094,106,19231,442,1,57386,0.0009999999999998899
2543000,10688,5062,125510,4647,-1272,122828,106,19224,434,0,57387,0.0009999999999998899
2544000,11294,-10105,126907,9376,-17364,136002,96,19235,393,0,57388,0.001000000000000334
2545000,5370,-11959,128492,10298,-14687,129967,105,19229,430,0,57389,0.0009999999999998899
2546000,4597,1297,130635,-8457,-1202,131203,124,19223,508,1,57390,0.0009999999999998899
2547000,-3254,15360,132283,5367,12349,120436,115,19223,508,1,57391,0.0009999999999998899
2548000,2029,11242,129016,2268,4575,128323,101,19225,471,1,57392,0.001000000000000334
2549000,7323,-9383,125758,-5339,-13439,133211,101,19228,414,0,57393,0.0009999999999998899
2550001,9817,-11844,128102,16284,-12271,126657,143,19229,586,0,57394,0.0010010000000000296
2551000,7361,-452,128735,7294,-10097,125015,102,19232,418,0,57395,0.00099899999999975
2552000,-634,-711,131186,-15156,-2707,125718,105,19225,430,0,57396,0.001000000000000334
2553000,-445,2719,134774,-11271,-453,136963,145,19225,594,1,57397,0.0009999999999998899
2554000,-10964,345,128709,6106,-1955,120959,108,19225,594,1,57398,0.0009999999999998899
2555001,-4608,9640,131286,-14793,6477,129646,101,19231,442,1,57399,0.0010010000000000296
2556000,1459,-8684,127846,-12027,-13201,131565,101,19223,414,0,57400,0.0009990000000001942
2557000,4132,244,129465,10401,-2566,125588,101,19231,414,0,57401,0.0009999999999998899
2558000,-399,-69,128253,-3220,-3392,130335,109,19227,446,0,57402,0.0009999999999998899
2559000,-8853,880,130672,-19291,4992,127486,126,19227,516,1,57403,0.0009999999999998899
2560000,-8022,3962,131785,-10937,5373,131321,115,19220,516,1,57404,0.001000000000000334
2561000,-10693,3208,129440,-6408,3495,126283,100,19227,471,1,57405,0.0009999999999998899
2562000,-1910,9088,127695,-12416,5515,125722,100,19228,410,1,57406,0.0009999999999998899
2563001,-3883,967,126286,-4837,-5823,125051,129,19221,528,0,57407,0.0010010000000000296
2564000,-575,-7503,125261,-2714,-5046,128218,99,19232,405,0,57408,0.0009990000000001942
2565000,-2068,5541,130760,-8415,-1381,129996,108,19232,442,0,57409,0.0009999999999998899
2566000,-8030,3372,126942,-13214,4609,121702,150,19223,442,1,57410,0.0009999999999998899
2567000,-6417,14531,128784,-11116,10021,124968,116,19229,614,1,57411,0.0009999999999998899
2568000,-5043,8203,127023,-1188,4629,123811,116,19233,475,1,57412,0.001000000000000334
2569000,587,2956,125154,-2359,2738,124638,102,19221,418,0,57413,0.0009999999999998899
2570000,-1443,-3870,121938,-10311,-1582,123926,110,19229,451,0,57414,0.0009999999999998899
2571002,3885,7128,126795,1851,2162,125146,110,19226,451,0,57415,0.0010020000000001694
2572000,1424,2536,125842,6225,-4135,128069,121,19226,451,0,57416,0.0009980000000000544
2573000,-3766,2380,127482,-11990,1162,125732,121,19219,496,1,57417,0.0009999999999998899
2574000,-1358,8911,127042,-8126,8538,126400,121,19228,496,1,57418,0.0009999999999998899
2575000,6925,22330,123280,9090,12551,115672,99,19232,405,1,57419,0.0009999999999998899
2576000,10451,5341,122798,6829,-2457,127901,116,19226,475,0,57420,0.001000000000000334
2577000,10195,-9215,123430,2264,-11897,125319,101,19228,414,0,57421,0.0009999999999998899
2578001,7162,-2996,123716,5434,1005,128220,114,19228,414,0,57422,0.0010010000000000296
2579000,4438,923,127611,4734,3881,128861,145,19226,467,1,57423,0.00099899999999975
2580000,2258,12364,128735,-3426,11213,116364,145,19228,594,1,57424,0.001000000000000334
2581000,5767,9276,128153,4002,-779,129187,112,19231,459,1,57425,0.0009999999999998899
2582000,6811,-66,125894,8604,-3416,125894,96,19226,393,0,57426,0.0009999999999998899
2583000,11450,111,128640,2497,-5071,126095,140,19236,573,0,57427,0.0009999999999998899
2584000,9025,-8533,126812,13674,-14123,130583,105,19236,573,0,57428,0.001000000000000334
2585000,5489,-7667,128329,1014,-3801,124111,109,19230,430,0,57429,0.0009999999999998899
2586000,3605,8054,133404,-6731,875,132206,109,19224,446,1,57430,0.0009999999999998899
2587000,1589,20060,127014,2479,14539,125368,117,19228,479,1,57431,0.0009999999999998899
2588000,614,6648,129834,5378,4283,129706,107,19230,438,1,57432,0.001000000000000334
2589001,8832,-6703,128019,-374,-18681,128285,118,19216,483,0,57433,0.0010009999999995856
2590000,11498,-12026,127495,9531,-10447,130935,90,19216,483,0,57434,0.0009990000000001942
2591000,5112,2482,132366,12751,-4748,130984,105,19232,369,0,57435,0.0009999999999998899
2592000,1807,-54,128847,-20696,-74,122796,105,19228,430,1,57436,0.001000000000000334
2593000,-4336,10769,133977,-9498,6431,132368,132,19228,541,1,57437,0.0009999999999998899
2594000,-7998,-4152,130559,7121,-9284,132903,114,19231,467,1,57438,0.0009999999999998899
2595000,-3952,-2551,129305,-16249,-6739,127358,99,19227,405,1,57439,0.0009999999999998899
2596000,660,-5786,130120,-10437,-7908,133113,151,19227,618,0,57440,0.001000000000000334
2597002,3434,211,127111,11092,-1386,124428,108,19231,618,0,57441,0.0010019999999997253
2598000,-3172,2033,130464,-5975,-3941,125711,113,19227,442,0,57442,0.0009980000000000544
2599000,-6264,-2418,128973,-25952,-7785,131745,113,19222,463,1,57443,0.0009999999999998899
2600000,-11327,3397,132610,-3589,2633,133384,136,19227,557,1,57444,0.001000000000000334
2601000,-10272,8830,130673,-4713,4040,126169,111,19233,455,1,57445,0.0009999999999998899
2602002,-2352,7179,130938,-16635,3256,128594,110,19233,451,1,57446,0.0010019999999997253
2603002,-6332,-7095,125229,-4906,-10784,129940,129,19220,451,0,57447,0.001000000000000334
2604000,521,-5816,125616,-2692,-8428,121953,106,19232,528,0,57448,0.0009980000000000544
2605000,-4088,6774,128017,-12535,6409,123927,106,19229,434,0,57449,0.0009999999999998899
2606000,-5027,8014,127527,-4228,5498,127428,128,19230,524,1,57450,0.0009999999999998899
2607000,-8997,6545,126504,-9758,346,126477,118,19227,483,1,57451,0.0009999999999998899
2608000,-6184,2868,127302,-19159,2637,124688,105,19227,430,1,57452,0.001000000000000334
2609000,3321,9491,126189,6853,7463,122283,140,19230,430,0,57453,0.0009999999999998899
2610002,-299,-7321,124150,-11071,-7773,126913,108,19234,573,0,57454,0.0010019999999997253
2611000,2054,-6125,123916,-7569,2592,126254,108,19226,442,0,57455,0.0009980000000000544
2612001,-2783,9907,126792,4768,7206,124255,111,19225,455,1,57456,0.0010010000000000296
2613000,-1975,11302,125234,-4180,17881,121397,164,19228,672,1,57457,0.0009990000000001942
2614000,-2366,7263,127996,-8001,-511,129715,110,19230,451,1,57458,0.0009999999999998899
2615000,6198,-3770,123050,6935,-7241,124825,102,19230,451,1,57459,0.0009999999999998899
2616003,8226,10971,123004,16578,170,122138,83,19220,418,0,57460,0.0010030000000003092
2617000,8565,405,123957,-5211,-5524,123202,83,19228,340,0,57461,0.0009969999999999146
2618000,7018,1203,126996,7893,-4724,126735,117,19229,479,0,57462,0.0009999999999998899
2619000,2602,-104,127005,1265,1273,131378,125,19224,512,1,57463,0.0009999999999998899
2620001,3838,12920,129113,-1610,2361,121068,112,19230,459,1,57464,0.0010010000000000296
2621002,5692,17727,126245,15939,8617,120779,100,19230,459,1,57465,0.0010010000000000296
2622000,8324,-6671,123227,-5301,824,130026,128,19230,410,0,57466,0.0009980000000000544
2623000,13831,-9123,126694,8879,-3367,130893,128,19223,524,0,57467,0.0009999999999998899
2624000,8852,-5608,126844,19184,-8013,127670,110,19227,451,0,57468,0.0009999999999998899
2625000,2073,62,127136,-9320,-227,124066,109,19225,446,0,57469,0.001000000000000334
2626000,1669,7115,132008,-3722,-1915,132159,145,19231,594,1,57470,0.0009999999999998899
2627000,3072,2459,128552,12102,29,128043,114,19231,594,1,57471,0.0009999999999998899
2628000,3621,12900,130103,-2689,1888,125880,104,19232,467,1,57472,0.0009999999999998899
2629000,5793,2419,130334,-3857,-5408,127206,104,19223,426,0,57473,0.001000000000000334
2630000,9181,-12103,127490,20591,-13041,132390,129,19231,528,0,57474,0.0009999999999998899
2631000,4384,-6416,130361,5299,-8954,136551,106,19228,434,0,57475,0.0009999999999998899
2632000,-1051,-5330,131434,-21391,-7115,127097,109,19221,446,1,57476,0.0009999999999998899
2633000,-2637,26228,132036,-3149,25494,118378,120,19221,446,1,57477,0.001000000000000334
2634000,-7866,7470,131867,2348,1076,132498,101,19231,491,1,57478,0.0009999999999998899
2635000,-2540,-12662,127547,-13508,-16812,132899,101,19227,414,1,57479,0.0009999999999998899
2636000,58,-7429,129308,-6329,-10633,132414,123,19224,504,0,57480,0.0009999999999998899
2637000,2653,3004,129176,5679,455,123520,102,19227,418,0,57481,0.001000000000000334
2638002,-2534,14279,133480,-13162,7917,126378,109,19225,446,0,57482,0.0010019999999997253
2639000,-6478,-3764,129448,-17195,-7732,135963,138,19225,446,1,57483,0.0009980000000000544
2640000,-8720,2004,130373,-4133,-1091,128114,115,19226,565,1,57484,0.0009999999999998899
2641000,-10288,11230,129663,-11449,9181,118527,115,19230,471,1,57485,0.001000000000000334
2642000,-3934,6942,129333,-12005,1679,127333,101,19229,414,0,57486,0.0009999999999998899
2643000,-4122,-9957,126066,-11046,-13391,131369,168,19230,688,0,57487,0.0009999999999998899
2644000,-2593,-9793,127406,-1144,-12938,131497,109,19228,446,0,57488,0.0009999999999998899
2645000,-1450,17917,128489,-10539,14848,114071,108,19228,442,0,57489,0.001000000000000334
2646000,-7057,8018,128610,-6096,1147,128977,124,19223,442,1,57490,0.0009999999999998899
2647000,-6610,4720,125844,-12034,2853,128119,109,19227,508,1,57491,0.0009999999999998899
2648000,-2432,17054,129081,-13938,14531,123411,109,19232,446,1,57492,0.0009999999999998899
2649000,-618,1777,125571,10267,-2570,130985,118,19221,483,0,57493,0.001000000000000334
2650000,2885,-3232,125314,-3901,-7025,126212,94,19229,385,0,57494,0.0009999999999998899
2651000,-393,-6510,124694,-6505,-8512,127221,106,19229,434,0,57495,0.0009999999999998899
2652000,4425,16932,128535,3707,16858,114200,128,19232,434,1,57496,0.0009999999999998899
2653000,-2657,18201,126215,222,5305,128253,113,19222,524,1,57497,0.001000000000000334
2654000,-1175,2395,124246,-7279,-2862,126894,113,19230,463,1,57498,0.0009999999999998899
2655001,6318,2931,124243,-99,-311,124473,97,19229,397,0,57499,0.0010010000000000296
2656000,8078,-914,125069,12583,3263,120575,124,19234,508,0,57500,0.00099899999999975
2657000,10965,2052,125476,10318,-8335,127326,116,19234,475,0,57501,0.001000000000000334
2658000,3293,-10909,124206,5881,-13112,135496,115,19229,475,0,57502,0.0009999999999998899
2659000,5305,10806,128957,716,4700,117792,131,19224,471,1,57503,0.0009999999999998899
2660000,975,14126,127319,2553,7795,124127,131,19226,537,1,57504,0.0009999999999998899
2661000,7279,11215,128368,5222,7778,124659,106,19231,434,1,57505,0.001000000000000334
2662000,12352,-2881,124415,5923,-10893,126062,108,19222,442,0,57506,0.0009999999999998899
2663003,9305,-6815,124899,11999,-10173,132311,92,19235,377,0,57507,0.0010029999999998651
2664000,10953,-5354,126159,9836,-8272,126610,103,19235,377,0,57508,0.0009969999999999146
2665002,4362,615,128870,-9941,9024,127115,117,19227,422,1,57509,0.0010020000000001694
2666000,5172,11569,132973,2756,4736,127586,117,19225,479,1,57510,0.0009980000000000544
2667001,-1929,2968,128140,8344,-3786,126109,113,19228,463,1,57511,0.0010010000000000296
2668000,1756,11777,130869,-13607,3790,125327,101,19225,414,1,57512,0.00099899999999975
2669000,12623,-9580,126055,11627,-18673,130985,141,19233,577,0,57513,0.001000000000000334
2670000,8262,-9146,130335,20398,-6719,129321,105,19233,577,0,57514,0.0009999999999998899
2671000,5489,-373,130237,-15947,-3678,127668,102,19230,430,0,57515,0.0009999999999998899
2672000,-1803,7562,133088,-13704,8037,123814,102,19227,418,1,57516,0.0009999999999998899
2673000,-4822,6275,134165,10950,-3324,136445,151,19229,618,1,57517,0.001000000000000334
2674000,-9724,-3084,129197,-10015,-3638,126701,108,19231,442,1,57518,0.0009999999999998899
2675000,-795,-662,130475,-21640,-1658,123892,103,19220,422,0,57519,0.0009999999999998899
2676000,780,-4888,129965,9708,-12173,135722,113,19220,422,0,57520,0.0009999999999998899
2677000,4560,-198,128132,2338,5371,121676,108,19233,463,0,57521,0.001000000000000334
2678000,-6595,5983,132589,-24190,-1245,130911,108,19228,442,0,57522,0.0009999999999998899
2679000,-7328,-1731,128998,-10102,1417,127993,122,19220,500,1,57523,0.0009999999999998899
2680000,-8001,10452,134178,-5226,5147,135485,111,19229,455,1,57524,0.0009999999999998899
2681000,-4163,6475,125891,-10648,6105,125490,102,19230,418,1,57525,0.001000000000000334
2682000,-3958,7443,129683,-10571,2811,124148,133,19230,418,0,57526,0.0009999999999998899
2683000,-704,-7199,124547,-5461,-11279,134630,100,19220,545,0,57527,0.0009999999999998899
2684002,-631,3225,126281,-3059,2624,123979,100,19231,410,0,57528,0.0010020000000001694
2685002,-4574,8469,129951,-12066,5395,124301,104,19227,426,1,57529,0.0009999999999998899
2686002,-7609,4112,128377,-7288,2749,123013,143,19230,586,1,57530,0.0009999999999998899
2687000,-6626,-2450,127746,-13926,-7807,129653,114,19229,467,1,57531,0.0009980000000000544
2688002,-2749,2207,126177,-6501,4,126096,101,19229,414,1,57532,0.0010020000000001694
2689000,-784,9472,126505,5121,4137,118179,107,19222,414,0,57533,0.0009980000000000544
2690000,996,-6232,124094,-7407,-9756,127236,110,19232,438,0,57534,0.0009999999999998899
2691000,1083,1554,126150,-7396,-496,124682,110,19229,451,0,57535,0.0009999999999998899
2692000,991,3532,126739,3145,-1976,129306,118,19219,483,1,57536,0.0009999999999998899
2693002,-6983,18343,126018,20,13850,117138,131,19231,537,1,57537,0.0010020000000001694
2694002,359,8032,126067,-14251,4285,128741,101,19231,414,1,57538,0.0009999999999998899
2695000,8038,5600,122371,9769,3968,121038,117,19232,414,0,57539,0.0009980000000000544
2696000,9984,781,122544,12961,-4425,131690,102,19230,479,0,57540,0.0009999999999998899
2697000,9608,-10798,123435,1913,-14640,120331,102,19227,418,0,57541,0.001000000000000334
2698000,4870,1498,126993,1210,-1804,132234,114,19227,467,0,57542,0.0009999999999998899
2699000,4452,-3537,128076,6393,5396,124899,143,19228,586,1,57543,0.0009999999999998899
2700000,1225,14819,128167,-342,9563,122172,112,19228,459,1,57544,0.0009999999999998899
2701000,5467,7528,125336,-580,-303,124875,97,19232,459,1,57545,0.001000000000000334
2702000,10539,3634,124423,7052,-4041,123726,136,19230,397,0,57546,0.0009999999999998899
2703000,11300,-7000,127605,10909,-10951,137685,136,19232,557,0,57547,0.0009999999999998899
2704000,7833,-11665,126238,-1986,-3724,120655,104,19228,426,0,57548,0.0009999999999998899
2705000,4409,-1922,128912,-7016,2174,133565,109,19223,446,1,57549,0.001000000000000334
2706000,601,13689,132534,11507,14786,121446,117,19227,479,1,57550,0.0009999999999998899
2707000,-1003,7883,128972,-1187,-1917,130750,110,19227,479,1,57551,0.0009999999999998899
2708000,3137,-2570,129639,-7388,-9745,129084,114,19231,451,1,57552,0.0009999999999998899
2709000,9752,-7701,127954,13120,-12869,128033,114,19217,467,0,57553,0.001000000000000334
2710000,12753,-6356,128088,19572,-2085,128900,92,19231,377,0,57554,0.0009999999999998899
2711000,-131,2040,130970,-24813,-2199,125650,108,19231,442,0,57555,0.0009999999999998899
2712000,3291,1337,130865,-7971,7802,131385,133,19225,545,1,57556,0.0009999999999998899
2713000,-7859,10142,131968,12108,8371,127371,113,19225,545,1,57557,0.001000000000000334
2714000,-6190,2099,129325,-21832,-11393,132494,98,19232,463,1,57558,0.0009999999999998899
2715000,418,-1523,129060,-5113,-8392,129719,98,19227,401,0,57559,0.0009999999999998899
2716000,126,-7460,128365,636,5362,124591,148,19233,606,0,57560,0.0009999999999998899
2717000,4784,-1017,133157,1368,-4913,132408,107,19226,438,0,57561,0.001000000000000334
2718000,-8992,3567,129902,-13815,5200,122090,113,19223,463,0,57562,0.0009999999999998899
2719000,-9541,4752,132032,-23629,-4269,138998,136,19223,463,1,57563,0.0009999999999998899
2720002,-10887,4903,129950,-2872,7754,122528,112,19230,557,1,57564,0.0010020000000001694
2721002,-5018,17352,131475,-10228,9430,123788,112,19230,459,1,57565,0.0009999999999998899
2722000,-3173,-1033,126235,-4767,-11171,131074,109,19220,446,0,57566,0.0009980000000000544
2723000,-6217,-5039,126069,-7034,-7840,127417,136,19229,557,0,57567,0.0009999999999998899
2724000,2034,-481,126526,-7402,404,130258,110,19228,451,0,57568,0.0009999999999998899
2725000,-7297,13828,128475,-2090,13876,115476,126,19228,451,1,57569,0.001000000000000334
2726000,-5395,9043,129086,-18634,-2490,133806,118,19222,516,1,57570,0.0009999999999998899
2727000,-5572,5562,125600,-5032,6765,122529,118,19232,483,1,57571,0.0009999999999998899
2728001,-420,7417,127248,-5354,6611,126172,104,19229,426,0,57572,0.0010010000000000296
2729002,2867,-2531,124128,2246,-5996,126349,142,19234,582,0,57573,0.0010010000000000296
2730000,949,-968,123251,-3977,-3754,122682,107,19230,438,0,57574,0.0009980000000000544
2731000,1701,1308,127036,-6868,-2392,126481,108,19230,442,0,57575,0.0009999999999998899
2732000,-4153,16324,126871,2011,13033,120590,158,19225,442,1,57576,0.0009999999999998899
2733000,-1876,8100,126747,-7502,3443,129284,111,19229,647,1,57577,0.001000000000000334
2734000,402,11814,126508,1650,6365,120480,111,19236,455,1,57578,0.0009999999999998899
2735001,9459,1534,123888,5323,-4679,125379,103,19221,422,0,57579,0.0010010000000000296
2736000,7760,-879,124539,6676,-3724,124319,97,19226,397,0,57580,0.00099899999999975
2737000,6694,-1342,126728,6459,-7680,126987,118,19226,483,0,57581,0.0009999999999998899
2738000,4901,-11350,126320,2249,-14046,133792,122,19226,483,1,57582,0.001000000000000334
2739000,489,18899,128676,1382,15669,112618,112,19221,500,1,57583,0.0009999999999998899
2740000,4189,1693,126060,1823,-5311,128613,112,19228,459,1,57584,0.0009999999999998899
2741000,9048,5157,124708,8111,2242,120190,101,19230,414,1,57585,0.0009999999999998899
2742000,10020,5839,126841,2035,3298,127695,130,19226,532,0,57586,0.001000000000000334
2743001,11230,-2253,126852,9913,-6347,128487,97,19226,397,0,57587,0.0010010000000000296
2744000,4637,-10960,127848,11316,-15589,137899,102,19229,397,0,57588,0.00099899999999975
2745000,4086,-8531,130108,-6819,-12735,128737,131,19226,418,1,57589,0.0009999999999998899
2746000,-623,16556,130369,3742,14973,115561,131,19226,537,1,57590,0.001000000000000334
2747000,519,17430,130226,3971,2680,131440,112,19232,459,1,57591,0.0009999999999998899
2748000,5554,-6348,126884,-5116,-8983,131791,102,19222,418,0,57592,0.0009999999999998899
2749002,10821,-18937,125257,5746,-5895,129229,132,19231,541,0,57593,0.0010020000000001694
2750002,7463,-670,132321,17706,3946,123911,104,19231,541,0,57594,0.0009999999999998899
2751002,-289,-848,128771,-12285,-7260,133535,110,19229,426,0,57595,0.0009999999999998899
2752000,-360,-817,133083,-10702,-3120,137414,110,19219,451,1,57596,0.0009980000000000544
2753000,-6322,1729,131719,2689,889,125501,122,19227,500,1,57597,0.0009999999999998899
2754000,-8260,10148,132336,-10930,-1185,123883,102,19230,418,1,57598,0.001000000000000334
2755003,1754,-2253,129484,-14149,-10697,133876,123,19220,504,0,57599,0.0010029999999998651
2756002,-1274,-8617,127524,10317,-5243,129230,109,19220,504,0,57600,0.0009990000000001942
2757000,-196,3350,130106,-7845,9061,126348,111,19230,446,0,57601,0.0009979999999996103
2758000,-6922,3968,130598,-20459,2401,126279,111,19224,455,1,57602,0.001000000000000334
2759000,-8242,544,129947,-9108,467,133762,145,19227,594,1,57603,0.0009999999999998899
2760000,-6070,4024,129178,-6854,2968,128004,117,19228,479,1,57604,0.0009999999999998899
2761002,-4347,7761,129274,-8273,4407,122809,102,19228,418,1,57605,0.0010020000000001694
2762000,-3588,4715,128156,-12921,-378,127337,168,19228,418,0,57606,0.0009980000000000544
2763000,-1725,-7839,124978,-843,-8767,131612,102,19235,688,0,57607,0.0009999999999998899
2764000,796,236,126078,-7893,34,127253,102,19231,418,0,57608,0.0009999999999998899
2765000,-2076,14921,129066,-7906,11385,121821,105,19223,430,1,57609,0.0009999999999998899
2766000,-9135,4706,126063,-4957,3189,125609,119,19228,487,1,57610,0.001000000000000334
2767000,-7602,14521,128778,-20138,11606,121645,109,19232,446,1,57611,0.0009999999999998899
2768003,604,3574,124576,1016,-1103,128392,119,19232,446,0,57612,0.0010029999999998651
2769000,1436,183,125759,5066,-1098,124359,94,19224,487,0,57613,0.0009969999999999146
2770000,2586,-1626,123731,-9142,-4401,126199,94,19226,385,0,57614,0.001000000000000334
2771000,31,4997,127801,-5505,6771,124872,106,19224,434,0,57615,0.0009999999999998899
2772007,1231,11094,127600,4259,5163,124444,132,19218,541,1,57616,0.0010069999999999801
2773000,-3554,4707,125790,-1652,-1662,128292,112,19236,459,1,57617,0.0009929999999997996
2774000,854,11877,126267,-14164,11034,119423,95,19236,459,1,57618,0.001000000000000334
2775000,12016,4716,122377,13904,1940,122361,121,19232,389,0,57619,0.0009999999999998899
2776000,9204,5489,124456,13221,-1672,125247,121,19233,496,0,57620,0.0009999999999998899
2777000,8422,-4216,123782,-2800,-8562,128959,110,19225,451,0,57621,0.0009999999999998899
2778000,6249,1143,127837,3610,-276,125611,115,19223,471,1,57622,0.001000000000000334
2779000,2376,14571,131272,9411,11073,121227,131,19229,537,1,57623,0.0009999999999998899
2780000,2941,4720,125948,-3232,595,127693,107,19229,438,1,57624,0.0009999999999998899
2781000,8444,-698,127066,4124,-5814,126396,105,19232,438,1,57625,0.0009999999999998899
2782000,8693,5841,126421,11781,4039,123000,94,19221,430,0,57626,0.001000000000000334
2783000,12210,-3156,127125,5473,-8163,128222,94,19230,385,0,57627,0.0009999999999998899
2784000,4910,-6709,129288,9598,-9207,128428,104,19228,426,0,57628,0.0009999999999998899
2785000,3804,1911,130007,-6511,-2935,132459,121,19228,496,1,57629,0.0009999999999998899
2786000,-118,13387,131699,1162,8923,123716,110,19228,451,1,57630,0.001000000000000334
2787000,2870,8723,132191,6238,1753,123124,100,19228,451,1,57631,0.0009999999999998899
2788000,6540,-5407,128055,-4108,-8377,135998,145,19228,410,0,57632,0.0009999999999998899
2789000,7265,-14247,126053,5679,-17342,126020,145,19226,594,0,57633,0.0009999999999998899
2790000,6861,2550,129674,15305,-1063,136443,106,19232,434,0,57634,0.001000000000000334
2791000,-2024,1694,129490,-12893,-2347,118566,107,19226,438,0,57635,0.0009999999999998899
2792000,3260,12343,134453,-17406,10073,135116,142,19226,582,1,57636,0.0009999999999998899
2793000,-7201,-5004,131272,9658,-4316,132893,107,19232,582,1,57637,0.0009999999999998899
2794000,-6179,-1329,128623,-6116,-8597,125421,104,19227,438,1,57638,0.001000000000000334
2795000,-1855,-5099,128323,-23562,-6150,131716,104,19219,426,0,57639,0.0009999999999998899
2796002,3043,1644,129083,6075,3586,121681,103,19230,422,0,57640,0.0010019999999997253
2797000,-1896,8871,130280,-10842,1563,137906,112,19227,459,0,57641,0.0009980000000000544
2798000,-6058,-8353,131574,-23263,-5494,125306,127,19221,520,1,57642,0.001000000000000334
2799000,-8314,7537,132967,-2924,4901,130649,116,19221,520,1,57643,0.0009999999999998899
2800000,-11067,5929,129858,-6446,4407,128349,104,19229,475,1,57644,0.0009999999999998899
2801000,-2836,8270,128493,-11178,4342,121775,104,19229,426,1,57645,0.0009999999999998899
2802000,-6781,-5359,126932,-9192,-13762,136496,132,19220,541,0,57646,0.001000000000000334
2803000,-2647,-5703,124108,-6729,9893,117924,101,19232,414,0,57647,0.0009999999999998899
2804000,-817,11474,130089,-6460,4711,130078,107,19227,438,0,57648,0.0009999999999998899
2805000,-4707,1052,126432,-5679,1574,126806,147,19227,438,1,57649,0.0009999999999998899
2806000,-6385,10820,126834,-12304,6953,126093,118,19225,602,1,57650,0.001000000000000334
2807000,-5924,2813,127545,-7307,1889,129059,118,19229,483,1,57651,0.0009999999999998899
2808000,1395,11864,125311,3712,3217,117245,106,19224,434,0,57652,0.0009999999999998899
2809003,51,-709,125216,-5136,-10372,135263,125,19232,512,0,57653,0.0010029999999998651
2810000,-178,-1921,124094,-2634,10433,115100,120,19229,491,0,57654,0.0009970000000003587
2811000,1294,7291,127824,203,6422,130759,125,19229,491,0,57655,0.0009999999999998899
2812000,-2991,-593,123520,-2661,6928,124854,136,19223,512,1,57656,0.0009999999999998899
2813000,-2534,9135,125417,-7996,8834,121446,136,19236,557,1,57657,0.0009999999999998899
2814000,4938,2898,124121,3896,-2307,129278,105,19234,430,1,57658,0.001000000000000334
2815000,8413,9091,124839,14528,3801,114235,118,19224,483,0,57659,0.0009999999999998899
2816000,12458,-2767,125428,4159,-14442,134721,100,19229,410,0,57660,0.0009999999999998899
2817000,2992,-7587,125022,1206,-7153,124924,109,19229,410,0,57661,0.0009999999999998899
2818000,4725,5659,128441,8646,3554,126427,142,19232,446,1,57662,0.001000000000000334
2819001,421,9120,127784,-966,9904,123340,142,19228,582,1,57663,0.0010010000000000296
2820000,2214,16761,127789,-6945,6109,122522,113,19232,463,1,57664,0.00099899999999975
2821000,11332,4679,124446,18170,6798,130009,98,19227,401,0,57665,0.0009999999999998899
2822000,11185,3441,124525,1300,4491,118332,138,19232,565,0,57666,0.001000000000000334
2823000,13044,-14960,126765,10225,-19762,139196,101,19232,414,0,57667,0.0009999999999998899
2824000,3380,-2331,128737,9278,-4087,124958,105,19233,414,0,57668,0.0009999999999998899
2825000,4152,4793,129947,-9558,-83,128973,116,19222,430,1,57669,0.0009999999999998899
2826000,768,13969,131582,-1389,11567,127535,116,19229,475,1,57670,0.001000000000000334
2827000,3263,12341,130349,4448,5408,122236,107,19230,438,1,57671,0.0009999999999998899
2828000,7815,-4010,127644,1737,-12334,132224,114,19215,467,0,57672,0.0009999999999998899
2829000,6190,-13726,129416,5679,-13584,127882,88,19215,360,0,57673,0.0009999999999998899
2830000,8052,-5984,128148,17503,-8755,134609,103,19227,360,0,57674,0.001000000000000334
2831000,-1247,4217,131111,-18466,5711,124555,131,19230,422,1,57675,0.0009999999999998899
2832000,-3288,11392,136317,-15060,4192,128531,131,19226,537,1,57676,0.0009999999999998899
2833000,-7346,7594,130776,12933,3944,123479,114,19233,467,1,57677,0.0009999999999998899
2834001,-6013,-7913,127957,-19296,-14674,134423,98,19227,401,1,57678,0.0010010000000000296
2835002,1338,-17871,128985,-10166,-20660,139200,152,19227,623,0,57679,0.0010010000000000296
2836000,2741,17287,132935,13230,14097,120051,105,19232,623,0,57680,0.0009980000000000544
2837000,-3218,6075,128491,-9318,1814,129555,111,19231,430,0,57681,0.0009999999999998899
2838003,-8955,454,131382,-23622,-3162,137341,111,19223,455,1,57682,0.0010030000000003092
2839000,-5806,-8237,128482,-7358,-10421,129574,132,19229,541,1,57683,0.0009969999999999146
2840000,-11560,18825,130620,-695,19326,116338,112,19231,459,1,57684,0.0009999999999998899
2841000,-2699,6644,129959,-19218,-7715,134083,112,19217,459,0,57685,0.0009999999999998899
2842001,-4243,-11164,125164,-6884,-10724,131643,133,19217,459,0,57686,0.0010010000000000296
2843001,-1414,-10152,125832,-3817,-5230,132217,104,19231,545,0,57687,0.0009999999999998899
2844000,-3418,3231,129777,-7859,21660,112271,104,19233,426,0,57688,0.0009990000000001942
2845000,-7955,21674,128953,-15424,1638,130885,122,19227,500,1,57689,0.0009999999999998899
2846000,-5648,-1440,125399,-12717,-7287,131050,117,19227,479,1,57690,0.001000000000000334
2847000,-4584,6399,127773,-1869,7357,123064,108,19229,442,1,57691,0.0009999999999998899
2848000,932,8283,127243,6004,-4106,121373,140,19229,442,0,57692,0.0009999999999998899
2849000,-1665,-1230,123564,-6696,-2464,126180,106,19234,573,0,57693,0.0009999999999998899
2850000,2657,-6642,124259,-9681,-6063,131715,106,19225,434,0,57694,0.001000000000000334
2851000,851,8424,126147,7674,18358,115662,108,19225,442,1,57695,0.0009999999999998899
2852001,-2160,15559,126051,-7543,9635,122903,161,19226,659,1,57696,0.0010010000000000296
2853000,-1029,5451,125529,-8398,4678,125017,111,19227,455,1,57697,0.00099899999999975
2854000,8642,3075,124059,8673,-2681,126541,102,19227,455,0,57698,0.001000000000000334
2855000,8144,-3081,123511,6759,-4644,123555,87,19225,418,0,57699,0.0009999999999998899
2856001,10570,1780,124186,-557,9222,118403,87,19232,356,0,57700,0.0010010000000000296
2857000,5973,-9554,125934,10885,-13720,132596,112,19229,459,0,57701,0.00099899999999975
2858000,2047,-4165,124980,-2188,-1834,128474,123,19219,504,1,57702,0.0009999999999998899
2859000,2766,16008,129658,-574,12162,123046,110,19228,451,1,57703,0.001000000000000334
2860000,5101,9418,126923,13549,6326,119486,100,19228,451,1,57704,0.0009999999999998899
2861003,9693,-217,125494,2897,-8061,128419,127,19234,410,0,57705,0.0010029999999998651
2862002,8588,-7093,127420,3471,-15061,133539,127,19224,520,0,57706,0.0009990000000001942
2863000,9664,-5741,126530,15091,-3430,128449,98,19234,401,0,57707,0.0009980000000000544
2864000,2128,1596,129757,-2295,3550,124883,102,19225,418,0,57708,0.0009999999999998899
2865000,3509,6974,130167,-7683,4639,130137,137,19229,561,1,57709,0.0009999999999998899
2866000,3188,3462,127365,10256,1565,126394,113,19229,463,1,57710,0.0009999999999998899
2867000,4054,6535,128948,-970,1887,130206,102,19233,463,1,57711,0.001000000000000334
2868001,10149,469,126170,-8318,-1266,122006,133,19228,418,0,57712,0.0010010000000000296
2869000,8373,-5134,129779,22505,-3724,130855,133,19231,545,0,57713,0.00099899999999975
2870001,6621,-12245,128295,6156,-20325,142225,109,19228,446,0,57714,0.0010010000000000296
2871000,-949,-1369,130973,-21673,3999,125010,115,19219,471,1,57715,0.0009990000000001942
2872000,-3878,17139,135377,-4978,12584,127010,125,19219,512,1,57716,0.0009999999999998899
2873001,-6893,9302,130641,7951,3812,126873,100,19228,512,1,57717,0.0010010000000000296
2874000,-1705,-5116,129847,-19473,-11639,130710,115,19232,410,1,57718,0.00099899999999975
2875000,-1526,-15622,129233,-6234,-18730,137051,115,19223,471,0,57719,0.001000000000000334
2876000,2700,7626,131380,7058,6206,118514,99,19228,405,0,57720,0.0009999999999998899
2877002,-7140,8056,132515,-15371,5171,130568,111,19230,455,0,57721,0.0010020000000001694
2878001,-6864,-505,131317,-17500,-6372,129288,144,19230,590,1,57722,0.00099899999999975
2879000,-7996,-4174,129197,-3222,-7221,135161,118,19225,590,1,57723,0.0009990000000001942
2880000,-9719,19922,133647,-13234,18184,118750,97,19230,483,1,57724,0.0009999999999998899
2881000,-692,14439,128847,-7959,10414,119984,97,19225,397,0,57725,0.0009999999999998899
2882003,-6982,-12203,125603,-9613,-16716,135915,161,19231,659,0,57726,0.0010029999999998651
2883002,522,-3512,126385,-6723,-6079,120858,106,19232,434,0,57727,0.0009990000000001942
2884000,-3891,7489,127466,-6457,6245,123436,112,19225,459,1,57728,0.0009980000000000544
2885003,-3710,10524,127830,-9903,7146,125483,130,19225,459,1,57729,0.0010029999999998651
2886000,-9409,6544,125253,-5474,2043,126382,106,19229,532,1,57730,0.0009969999999999146
2887000,-477,9528,126846,-16074,5869,122609,106,19234,434,1,57731,0.001000000000000334
2888000,765,-306,127687,2773,-2428,126906,114,19224,467,0,57732,0.0009999999999998899
2889000,2009,-2201,125810,7214,-14096,128380,94,19232,385,0,57733,0.0009999999999998899
2890009,1885,-1914,122283,-11153,266,124384,112,19230,459,0,57734,0.0010090000000002597
2891002,-3998,10886,127643,1326,8926,130367,131,19230,459,1,57735,0.0009929999999997996
2892002,-406,8256,127802,4955,3666,116510,111,19224,537,1,57736,0.0009999999999998899
2893000,-1808,16853,126119,-1535,7133,121717,111,19234,455,1,57737,0.0009980000000000544
2894000,3599,5382,125047,-3159,-744,129229,96,19229,393,0,57738,0.0009999999999998899
2895000,10891,-4599,122092,15494,-4981,119449,124,19232,508,0,57739,0.001000000000000334
2896000,8358,-3909,123207,11173,-3445,131236,111,19227,455,0,57740,0.0009999999999998899
2897000,6097,-1368,125159,-9379,1068,120607,114,19227,455,0,57741,0.0009999999999998899
2898000,5827,6405,127987,9274,6113,128523,132,19223,467,1,57742,0.0009999999999998899
2899000,4078,6977,129806,6929,261,130614,132,19227,541,1,57743,0.001000000000000334
2900000,2903,3460,125222,-1142,758,126863,107,19231,438,1,57744,0.0009999999999998899
2901000,8587,124,126759,8368,-6702,124440,106,19220,434,0,57745,0.0009999999999998899
2902000,9213,5351,125980,13679,-8921,125571,97,19232,397,0,57746,0.0009999999999998899
2903001,8870,-7835,125931,5927,-8960,137292,105,19232,397,0,57747,0.0010010000000000296
2904000,7612,1838,131356,-1315,7735,118535,121,19228,430,1,57748,0.0009990000000001942
2905001,1697,9637,130696,3036,7170,127747,121,19227,496,1,57749,0.0010010000000000296
2906000,-1093,8219,132775,361,188,129497,114,19230,467,1,57750,0.00099899999999975
2907000,425,-8335,127552,-3213,-12297,133283,98,19227,401,1,57751,0.001000000000000334
2908000,6808,-7941,127728,3013,-10844,131795,139,19227,569,0,57752,0.0009999999999998899
2909001,9932,-2744,129843,19088,-4276,121071,114,19227,569,0,57753,0.0010010000000000296
2910000,4153,3395,130370,-422,-758,131362,113,19227,467,0,57754,0.00099899999999975
2911000,3285,6291,131922,-22100,5246,129857,113,19225,463,1,57755,0.001000000000000334
2912002,-5416,8105,132163,7842,7354,131043,157,19232,643,1,57756,0.0010019999999997253
2913002,-7233,1102,130698,-1,-1036,127322,110,19229,451,1,57757,0.0009999999999998899
2914000,-5045,-9393,127880,-25183,-14575,131904,105,19223,430,0,57758,0.0009980000000000544
2915000,2600,-9480,131560,1915,-9596,139701,115,19223,471,0,57759,0.001000000000000334
2916000,1247,2924,127435,9131,9212,117530,112,19232,471,0,57760,0.0009999999999998899
2917000,-3892,11149,132273,-20796,10126,126796,125,19228,459,0,57761,0.0009999999999998899
2918000,-6444,3238,130077,-14394,-1803,127455,125,19220,512,1,57762,0.0009999999999998899
2919000,-7558,-3746,128476,-2552,-5686,139474,114,19224,467,1,57763,0.001000000000000334
2920000,-6703,8356,131219,-9301,7689,122854,102,19230,418,1,57764,0.0009999999999998899
2921000,-5823,5963,129015,-12436,-422,124034,127,19230,520,0,57765,0.0009999999999998899
2922000,-2085,-6992,126566,-7733,-13001,136965,98,19222,520,0,57766,0.0009999999999998899
2923001,-3846,2193,128099,2218,1634,121119,107,19231,401,0,57767,0.0010010000000000296
2924000,-2405,10952,127821,-13372,7598,123591,107,19227,438,1,57768,0.0009990000000001942
2925000,-10220,15068,129168,-9358,11843,120087,150,19226,614,1,57769,0.0009999999999998899
2926000,-5987,-2134,127628,-16758,-7888,131829,114,19229,467,1,57770,0.0009999999999998899
2927000,540,6823,127720,3770,5370,126309,102,19229,418,1,57771,0.001000000000000334
2928000,-2627,7284,123178,-4192,4126,118642,110,19227,418,0,57772,0.0009999999999998899
2929000,5384,-10680,123258,-4657,-14996,132047,113,19232,451,0,57773,0.0009999999999998899
2930000,1863,8076,126016,2150,6816,120006,113,19226,463,0,57774,0.0009999999999998899
2931001,2250,9669,124191,-4502,6833,128990,119,19219,487,1,57775,0.0010010000000000296
2932000,-10071,13779,126268,-2329,11269,117287,129,19228,528,1,57776,0.0009990000000001942
2933000,5634,10569,125863,-11476,6973,130055,103,19231,422,1,57777,0.0009999999999998899
2934000,8413,5181,123950,13534,-2353,122976,118,19231,422,0,57778,0.0009999999999998899
2935000,7701,-2833,124022,12552,-14565,130848,102,19228,483,0,57779,0.001000000000000334
2936000,8256,-6707,125082,-5220,-5835,122138,102,19229,418,0,57780,0.0009999999999998899
2937000,2470,4441,127834,4006,6778,126740,114,19226,467,0,57781,0.0009999999999998899
2938000,3397,-4297,127840,8702,15456,127717,141,19226,577,1,57782,0.0009999999999998899
2939000,88,14246,127076,-9122,4112,118243,114,19231,467,1,57783,0.001000000000000334
2940000,8519,231,125088,7993,-10755,135757,98,19231,467,1,57784,0.0009999999999998899
2941000,11509,-1420,126918,15702,-22,121588,141,19228,401,0,57785,0.0009999999999998899
2942002,10556,-2351,127572,10436,-14112,131567,141,19230,577,0,57786,0.0010020000000001694
2943002,6149,-11178,126745,-1252,-2107,129989,106,19228,434,0,57787,0.0009999999999998899
2944000,455,581,128722,-5961,-3184,131385,107,19227,438,1,57788,0.0009980000000000544
2945001,2740,11422,130762,11511,18474,123062,121,19230,496,1,57789,0.0010010000000000296
2946000,-3534,15385,132000,-4443,3020,127946,106,19230,496,1,57790,0.00099899999999975
2947002,5276,-15278,124369,-1882,-14425,134356,118,19230,434,1,57791,0.0010020000000001694
2948000,11809,-5606,128872,17784,-5994,127282,118,19219,483,0,57792,0.0009980000000000544
2949000,8884,-10648,125813,7168,-12034,133867,89,19228,365,0,57793,0.0009999999999998899
2950012,4765,8902,131677,-16939,23565,113921,106,19227,434,0,57794,0.001012000000000235
2951002,-957,7599,133993,-1516,-3130,133939,126,19226,516,1,57795,0.0009899999999998244
2952000,-7196,-11717,129735,1638,-15012,138250,113,19226,516,1,57796,0.0009980000000000544
2953001,-7607,4048,132312,-18075,-1165,125682,99,19235,463,1,57797,0.0010010000000000296
2954003,-2658,-2810,128841,-3640,-8666,130755,99,19227,405,0,57798,0.0010019999999997253
2955002,5576,3146,130290,-1633,3192,119233,150,19228,614,0,57799,0.0009990000000001942
2956000,-5071,-2504,131426,-1941,-12847,133771,117,19229,479,0,57800,0.0009980000000000544
2957000,-4855,-80,129228,-15806,5184,126761,114,19222,467,1,57801,0.0009999999999998899
2958003,-10189,3603,131631,-12999,897,127974,131,19222,537,1,57802,0.0010029999999998651
2959000,-10282,9787,132021,-8713,10216,126309,113,19229,537,1,57803,0.0009970000000003587
2960000,-2669,4602,127979,-10618,-1845,128558,112,19229,463,1,57804,0.0009999999999998899
2961001,-7529,-8553,126575,-4769,-12886,133992,112,19222,459,0,57805,0.0010010000000000296
2962000,1263,3919,124723,-12136,5318,116397,130,19230,532,0,57806,0.00099899999999975
2963000,-2599,5584,127550,270,4230,129534,101,19230,414,0,57807,0.001000000000000334
2964000,-444,1930,128119,-6870,-2360,128710,119,19230,487,1,57808,0.0009999999999998899
2965000,-10243,9982,127994,-13453,4598,123042,116,19223,487,1,57809,0.0009999999999998899
2966000,-8019,6315,127148,-6226,4253,128738,104,19231,475,1,57810,0.0009999999999998899
2967000,1575,13609,129258,-483,6994,121938,104,19227,426,0,57811,0.001000000000000334
2968001,-1013,-5635,123146,-2582,-10295,130289,140,19229,573,0,57812,0.0010009999999995856
2969000,5795,-203,124751,-6521,-7,124289,103,19226,422,0,57813,0.0009990000000001942
2970003,-1657,10464,126004,-2741,8329,120937,107,19227,438,0,57814,0.0010029999999998651
2971000,-390,13660,125846,-2780,9835,123393,155,19227,438,1,57815,0.0009970000000003587
2972000,-1465,9971,126395,-6549,6178,125001,109,19229,635,1,57816,0.0009999999999998899
2973000,1935,-4990,125088,2815,-9827,130434,109,19231,446,1,57817,0.0009999999999998899
2974000,9368,14465,126600,4282,10610,111464,99,19224,405,0,57818,0.0009999999999998899
2975003,6877,1616,124228,10108,-2502,129519,86,19231,352,0,57819,0.0010030000000003092
2976002,7924,-5383,125751,5865,-8413,129500,113,19227,463,0,57820,0.00099899999999975
2977001,2411,2542,126860,-2201,-967,123266,122,19227,463,1,57821,0.0009990000000001942
2978000,2397,12487,127262,-195,11102,122689,111,19225,500,1,57822,0.00099899999999975
2979000,3175,5757,128010,9870,1767,130090,111,19228,455,1,57823,0.0009999999999998899
2980000,9885,-7108,122766,1412,-11845,126333,101,19229,414,1,57824,0.001000000000000334
2981002,13853,4119,127369,6282,2753,118568,126,19225,516,0,57825,0.0010019999999997253
2982000,11715,674,127498,14222,-2226,133627,101,19227,414,0,57826,0.0009980000000000544
2983002,5019,-5397,128803,5524,-9413,128966,105,19227,414,0,57827,0.0010020000000001694
2984002,152,-1638,129788,-7537,-6317,135371,142,19228,430,1,57828,0.0009999999999998899
2985002,-1818,2971,130785,7017,6210,125334,142,19228,582,1,57829,0.0009999999999998899
2986000,-1846,16464,131520,2824,596,123024,112,19230,459,1,57830,0.0009980000000000544
2987000,5975,-673,128829,-2088,-14075,132863,102,19222,418,0,57831,0.0009999999999998899
2988000,10977,-8361,128609,8029,-9943,128273,133,19231,545,0,57832,0.001000000000000334
2989000,5732,-1838,130770,11654,3545,125980,108,19231,545,0,57833,0.0009999999999998899
2990000,1716,-2016,128377,-15651,-1772,129864,112,19228,442,0,57834,0.0009999999999998899
2991000,-242,1811,131174,-9790,5461,130698,112,19220,459,1,57835,0.0009999999999998899
2992000,-6132,2898,132238,3874,-3878,131854,123,19232,504,1,57836,0.001000000000000334
2993000,-3171,610,129664,-8471,-1507,127099,102,19230,418,1,57837,0.0009999999999998899
2994000,-1548,-7601,129201,-16139,-10752,133983,118,19220,483,0,57838,0.0009999999999998899
2995000,676,-266,128684,10419,-2272,125825,105,19220,483,0,57839,0.0009999999999998899
2996000,-216,5752,127949,-4934,4315,125874,114,19227,430,0,57840,0.001000000000000334
2997000,-6484,5172,131254,-23736,12968,132070,114,19226,467,1,57841,0.0009999999999998899
2998000,-7592,-2511,130055,-4955,-3123,126739,141,19224,577,1,57842,0.0009999999999998899
2999000,-8175,4993,128633,-3828,2272,129466,115,19229,471,1,57843,0.0009999999999998899
3000000,-6349,5908,132241,-10231,-2302,128963,101,19224,414,1,57844,0.001000000000000334
3001000,-5616,-737,127310,-11518,-517,125658,162,19224,414,0,57845,0.0009999999999998899
3002000,-3151,-8241,126384,-5775,-10497,133877,108,19229,664,0,57846,0.0009999999999998899
3003005,-2967,5385,127527,-7902,6217,118793,110,19225,442,0,57847,0.0010050000000001447
3004002,-3246,12011,128779,-5884,7816,127880,110,19230,451,1,57848,0.0009969999999999146
3005002,-8923,-52,125161,-4923,-5111,132260,132,19228,541,1,57849,0.0009999999999998899
3006000,-6544,10416,127441,-15846,8925,120447,109,19228,446,1,57850,0.0009980000000000544
3007000,-1588,12640,126481,-1753,8006,122936,113,19228,463,0,57851,0.0009999999999998899
3008000,-53,-1783,124725,3949,-7319,125773,89,19224,463,0,57852,0.001000000000000334
3009000,2048,-7235,124663,-8450,-10748,140717,104,19233,365,0,57853,0.0009999999999998899
3010000,381,792,122550,-2548,13818,114062,104,19227,426,0,57854,0.0009999999999998899
3011000,1330,19022,127475,2934,15557,119105,130,19220,532,1,57855,0.0009999999999998899
3012000,-2319,2954,125153,-3711,-3445,132038,114,19228,467,1,57856,0.001000000000000334
3013000,4299,2782,123176,-2028,1623,121250,96,19228,393,1,57857,0.0009999999999998899
3014000,5726,5000,127081,8706,-1880,125422,122,19233,393,0,57858,0.0009999999999998899
3015003,10257,5573,123079,10085,2878,117621,112,19231,500,0,57859,0.0010029999999998651
3016000,7011,-2922,125669,4484,-9638,135709,112,19227,459,0,57860,0.0009970000000003587
3017000,3632,-3357,125128,1643,-4316,125674,117,19225,479,1,57861,0.0009999999999998899
3018000,3987,17426,130978,2886,16055,120995,133,19229,545,1,57862,0.0009999999999998899
3019000,1374,12114,126830,4938,10752,128090,110,19228,451,1,57863,0.0009999999999998899
3020000,9243,-633,124919,3218,-5081,125505,105,19228,451,1,57864,0.001000000000000334
3021000,12038,-4236,127545,5788,-7114,133039,105,19223,430,0,57865,0.0009999999999998899
3022000,12198,6211,126058,12567,4806,121403,105,19228,430,0,57866,0.0009999999999998899
3023000,5831,-3257,129187,8618,-7669,131806,109,19228,446,0,57867,0.0009999999999998899
3024006,5339,1946,130997,-7076,-1031,126716,122,19225,500,1,57868,0.0010060000000002844
3025001,937,5736,128598,2731,1541,128234,117,19234,479,1,57869,0.0009950000000000792
3026000,-536,11119,131423,7706,7257,122506,104,19234,479,1,57870,0.00099899999999975
3027000,8792,-2164,127889,-8814,-5803,134080,138,19228,426,0,57871,0.0009999999999998899
3028000,8558,-11559,128277,9416,-14164,126345,138,19232,565,0,57872,0.001000000000000334
3029000,6547,2609,129999,18756,-3327,134727,99,19237,405,0,57873,0.0009999999999998899
3030000,-2374,2161,130847,-12892,3046,119848,103,19227,422,0,57874,0.0009999999999998899
3031002,1003,13785,134353,-19456,6198,129745,157,19226,643,1,57875,0.0010020000000001694
3032000,-7860,-5880,131406,7219,-6195,142294,110,19226,643,1,57876,0.0009980000000000544
3033000,-3923,1239,129796,-23277,-6979,117244,101,19231,451,1,57877,0.0009999999999998899
3034000,-703,-776,128741,-15392,-14896,141838,101,19224,414,0,57878,0.0009999999999998899
3035000,2254,-1744,130378,22024,3690,121849,116,19228,475,0,57879,0.0009999999999998899
3036000,-2356,5581,130037,-14684,1071,129913,107,19226,438,0,57880,0.001000000000000334
3037000,-6542,489,131409,-27681,3036,134043,122,19218,500,1,57881,0.0009999999999998899
3038000,-11906,3188,129189,-1285,3184,129515,115,19218,500,1,57882,0.0009999999999998899
3039000,-4683,2192,128652,-2425,6190,129558,101,19229,471,1,57883,0.0009999999999998899
3040000,-4911,6032,129085,-11809,3144,122887,101,19232,414,1,57884,0.001000000000000334
3041000,-4382,-6278,126535,-11915,-12939,136346,130,19217,532,0,57885,0.0009999999999998899
3042000,-255,-5365,125936,-1272,665,123920,97,19231,397,0,57886,0.0009999999999998899
3043000,-4273,11421,128184,-11210,10821,122712,103,19231,422,0,57887,0.0009999999999998899
3044000,-5337,8940,126907,-3520,16925,123723,145,19231,422,1,57888,0.001000000000000334
3045000,-7766,-4339,125706,-11263,-8746,129699,116,19228,594,1,57889,0.0009999999999998899
3046000,-3740,-6387,128251,-10416,-7011,132253,116,19231,475,1,57890,0.0009999999999998899
3047000,-1743,14650,127829,7864,5954,118535,104,19225,426,0,57891,0.0009999999999998899
3048002,-2755,1044,124749,-5318,-5767,125930,113,19231,463,0,57892,0.0010020000000001694
3049001,1794,-1325,126625,-7088,-2361,123404,108,19229,442,0,57893,0.0009990000000001942
3050002,-2856,1036,125572,2756,-2017,130935,117,19229,479,0,57894,0.0010009999999995856
3051000,-2547,10607,127030,-2013,12520,120339,133,19220,479,1,57895,0.0009980000000000544
3052000,-3572,14160,127198,-8282,11545,120209,100,19230,545,1,57896,0.001000000000000334
3053000,5554,4097,124628,2564,-392,129840,100,19234,410,1,57897,0.0009999999999998899
3054001,8932,-498,122225,10536,1105,121818,117,19226,479,0,57898,0.0010010000000000296
3055003,11177,-7998,122494,5082,-12652,128636,106,19224,434,0,57899,0.0010019999999997253
3056000,7274,2431,123005,3562,1115,117263,114,19224,467,0,57900,0.0009970000000003587
3057000,2670,-872,127494,2840,-3600,130885,142,19229,467,1,57901,0.0009999999999998899
3058000,6301,-255,128048,829,161,127954,116,19226,582,1,57902,0.0009999999999998899
3059000,2617,10774,127323,8829,6493,123650,116,19229,475,1,57903,0.0009999999999998899
3060000,5716,3084,125147,3497,2097,124823,101,19225,414,0,57904,0.001000000000000334
3061003,12615,9227,127872,-179,2034,123188,139,19231,569,0,57905,0.0010029999999998651
3062000,7248,-13439,125425,15099,-18791,137091,101,19231,414,0,57906,0.0009969999999999146
3063000,5457,-5541,128695,2829,-1528,124875,103,19226,414,0,57907,0.0009999999999998899
3064000,1883,938,128767,-4949,-1307,125337,115,19221,422,1,57908,0.001000000000000334
3065000,2359,14655,129437,4200,10037,127332,115,19226,471,1,57909,0.0009999999999998899
3066000,4042,7840,128094,-2459,2970,127499,109,19230,446,1,57910,0.0009999999999998899
3067000,5139,-5293,130516,827,-10556,128767,117,19222,479,0,57911,0.0009999999999998899
3068000,9973,-3036,128366,11156,-5894,125549,89,19228,365,0,57912,0.001000000000000334
3069000,1122,-6546,130129,17207,-9278,136503,101,19228,365,0,57913,0.0009999999999998899
3070000,3541,-5089,130246,-24347,-7488,133788,129,19228,414,1,57914,0.0009999999999998899
3071000,-2897,23155,134484,-8463,20614,120853,129,19222,528,1,57915,0.0009999999999998899
3072002,-4898,7678,130139,12802,4339,132401,113,19231,463,1,57916,0.0010020000000001694
3073000,-4958,-13175,127712,-17211,-16893,136419,96,19230,393,1,57917,0.0009980000000000544
3074000,-226,-23266,126699,-15434,-28564,133429,147,19232,602,0,57918,0.0009999999999998899
3075000,3105,16094,131306,9081,11777,116053,105,19232,602,0,57919,0.0009999999999998899
3076000,-4217,5726,129939,-5174,-1861,131071,111,19228,430,0,57920,0.001000000000000334
3077000,-6966,7745,134120,-22323,-2763,132463,111,19223,455,1,57921,0.0009999999999998899
3078000,-7813,-11752,126538,-14019,-10171,138734,133,19229,545,1,57922,0.0009999999999998899
3079000,-8077,17217,132945,2093,27511,109466,110,19230,451,1,57923,0.0009999999999998899
3080000,-3413,20511,129557,-15106,-6162,129521,108,19224,442,0,57924,0.001000000000000334
3081000,-4764,-13942,125115,-2532,-20064,134310,124,19224,442,0,57925,0.0009999999999998899
3082000,-1846,-1815,127812,-5171,-5216,128483,109,19228,508,0,57926,0.0009999999999998899
3083000,-2991,5248,128438,-5240,9145,119599,109,19231,446,0,57927,0.0009999999999998899
3084000,-8322,18978,129145,-10893,14979,119870,127,19222,520,1,57928,0.001000000000000334
3085000,-2634,-198,127367,-16398,-6704,136789,116,19227,475,1,57929,0.0009999999999998899
3086000,-4252,2870,125178,1740,4911,120617,104,19232,426,1,57930,0.0009999999999998899
3087000,2927,5695,126898,2036,-3963,125391,143,19232,426,0,57931,0.0009999999999998899
3088000,-2025,-4452,124900,-3727,-6209,125776,107,19236,586,0,57932,0.001000000000000334
3089000,3332,-1031,125984,-10136,-6445,130215,107,19224,438,0,57933,0.0009999999999998899
3090000,-1969,1672,126329,6801,7293,125691,107,19226,438,1,57934,0.0009999999999998899
3091001,-4166,20064,127469,-6346,13476,115144,148,19231,606,1,57935,0.0010010000000000296
3092000,-1204,7240,123240,-3672,2849,124996,109,19230,446,1,57936,0.0009990000000001942
3093000,4749,4702,126841,8430,-5146,126536,100,19230,446,0,57937,0.0009999999999998899
3094000,10658,-1237,123409,5877,-5011,126482,89,19226,410,0,57938,0.0009999999999998899
3095000,7904,-1438,125247,2998,-8174,122921,89,19229,365,0,57939,0.0009999999999998899
3096000,5004,-5656,126004,9005,-7882,131086,112,19228,459,0,57940,0.0009999999999998899
3097000,4797,2973,126040,-718,4377,122865,122,19221,500,1,57941,0.001000000000000334
3098000,1846,13589,129083,-278,11210,127324,110,19229,451,1,57942,0.0009999999999998899
3099002,9358,3097,123801,10924,-1394,122529,98,19229,401,1,57943,0.0010020000000001694
3100002,9601,9813,125719,5349,623,119300,130,19230,401,0,57944,0.0009999999999998899
3101000,10578,-3403,128791,1416,-12250,132586,101,19223,532,0,57945,0.0009980000000000544
3102000,8590,-11519,127138,19674,-12004,132519,101,19232,414,0,57946,0.0009999999999998899
3103000,1189,-2140,130617,-12041,-3799,135576,103,19228,422,1,57947,0.0009999999999998899
3104000,4317,6545,128622,410,8253,119812,137,19228,561,1,57948,0.0009999999999998899
3105000,-2306,10369,130476,12844,7448,125168,112,19228,459,1,57949,0.001000000000000334
3106000,7289,1814,127577,-11667,-3312,134427,104,19227,459,1,57950,0.0009999999999998899
3107000,9875,-8557,126639,4933,-12192,124188,139,19225,426,0,57951,0.0009999999999998899
3108000,8323,2120,131630,25756,376,129400,139,19230,569,0,57952,0.0009999999999998899
3109000,2946,-8059,126359,-10909,-12199,131601,105,19231,430,0,57953,0.001000000000000334
3110000,2147,6108,134627,-15890,6067,130952,113,19220,463,1,57954,0.0009999999999998899
3111000,-3676,3525,131381,8106,-242,134882,117,19231,479,1,57955,0.0009999999999998899
3112000,-9447,10035,129739,-5240,7119,119649,101,19231,479,1,57956,0.0009999999999998899
3113000,588,1314,131481,-24073,-3979,131295,120,19231,414,0,57957,0.001000000000000334
3114000,425,-11997,127198,9495,-15819,133877,120,19227,491,0,57958,0.0009999999999998899
3115001,2942,12009,133330,-693,9663,125690,107,19228,438,0,57959,0.0010010000000000296
3116002,-5800,3456,129153,-16546,2461,126512,112,19227,459,0,57960,0.0010010000000000296
3117000,-7155,1600,130617,-10267,-1383,132571,149,19228,610,1,57961,0.0009980000000000544
3118000,-5417,1802,130165,-8085,-463,127291,119,19228,610,1,57962,0.0009999999999998899
3119000,-6061,8424,128243,-8407,5430,121558,105,19230,487,1,57963,0.0009999999999998899
3120010,-1893,4751,130636,-8025,2473,128664,105,19225,430,0,57964,0.0010099999999999554
3121000,-4676,-1616,125733,-8986,-5037,126823,161,19234,659,0,57965,0.0009900000000002684
3122000,1433,-3671,127882,-4398,-11311,130805,111,19229,455,0,57966,0.0009999999999998899
3123000,-7762,8259,128761,-4515,10948,118552,114,19225,467,1,57967,0.0009999999999998899
3124000,-4702,16503,129744,-15110,-1422,129694,129,19225,467,1,57968,0.0009999999999998899
3125001,-10383,4761,126816,-6229,9842,119526,112,19232,528,1,57969,0.0010010000000000296
3126000,-2253,12329,127804,-14885,2029,135515,112,19230,459,1,57970,0.0009990000000001942
3127000,2564,-7124,124280,3871,1359,120278,118,19226,483,0,57971,0.0009999999999998899
3128000,1570,5210,123451,-6923,-5502,126844,91,19230,373,0,57972,0.0009999999999998899
3129002,4314,-8091,124951,-4132,-3322,132023,106,19233,434,0,57973,0.0010020000000001694
3130000,-4250,13510,126442,3842,15028,112945,132,19233,434,1,57974,0.0009980000000000544
3131000,-523,7594,128276,-8406,-2222,139217,116,19223,541,1,57975,0.0009999999999998899
3132000,-3068,5618,123947,2210,9357,113737,116,19228,475,1,57976,0.0009999999999998899
3133000,5768,9819,125584,3142,-981,129880,96,19226,393,0,57977,0.001000000000000334
3134000,7166,-7482,122673,8410,-7722,123107,124,19233,508,0,57978,0.0009999999999998899
3135003,6289,3069,126124,6161,-4407,126062,108,19226,442,0,57979,0.0010029999999998651
3136000,4414,-6187,124667,-1012,-150,132485,115,19226,442,0,57980,0.0009969999999999146
3137000,2825,11779,127321,3796,17331,113712,133,19225,471,1,57981,0.001000000000000334
3138000,3806,3194,128192,7453,677,142841,133,19229,545,1,57982,0.0009999999999998899
3139000,4356,-2725,123938,-2879,-4807,115312,109,19230,446,1,57983,0.0009999999999998899
3140000,11364,1397,127573,8176,-9080,131887,105,19222,430,0,57984,0.0009999999999998899
3141000,7970,-1439,127216,16559,-4750,128986,96,19232,393,0,57985,0.001000000000000334
3142000,7598,-1979,125811,5412,-12054,124854,104,19232,426,0,57986,0.0009999999999998899
3143000,3773,-2967,129979,-5172,-377,133420,122,19228,426,1,57987,0.0009999999999998899
3144000,249,17347,131409,-1134,15203,118824,113,19222,500,1,57988,0.0009999999999998899
3145000,1196,3919,129938,11345,6003,133956,113,19228,463,1,57989,0.001000000000000334
3146000,977,-3009,128428,-6056,-6246,129166,102,19227,418,1,57990,0.0009999999999998899
3147000,11148,-15480,126466,-1581,-18126,135317,140,19228,573,0,57991,0.0009999999999998899
3148000,7902,-720,130302,24658,1724,121817,104,19228,426,0,57992,0.0009999999999998899
3149000,6460,5323,129159,-11399,-1216,129761,106,19231,426,0,57993,0.001000000000000334
3150001,2991,2161,131346,-8168,4819,129310,147,19229,434,1,57994,0.0010010000000000296
3151000,-7163,938,132809,786,-2970,129100,147,19229,602,1,57995,0.00099899999999975
3152000,-6314,-6470,132271,-3754,-10511,135685,111,19230,455,1,57996,0.0009999999999998899
3153000,-5631,-3938,129796,-14207,-5975,130656,102,19219,418,0,57997,0.001000000000000334
3154000,-1934,-3449,129169,-2572,-6582,132322,125,19219,512,0,57998,0.0009999999999998899
3155000,526,3731,129382,1651,3701,126593,113,19229,512,0,57999,0.0009999999999998899
3156000,-5760,9410,131615,-15807,4436,123804,125,19227,463,0,58000,0.0009999999999998899
3157000,-3704,-68,129989,-10356,-1041,130656,125,19223,512,1,58001,0.001000000000000334
3158000,-7591,585,131319,-7084,-2711,131543,119,19225,487,1,58002,0.0009999999999998899
3159002,-6519,7177,128826,-10960,3891,127467,108,19227,442,1,58003,0.0010019999999997253
3160000,-3613,3038,128677,-9254,-794,126001,131,19218,537,0,58004,0.0009980000000000544
3161002,-5871,-7074,125480,-8336,-12092,128692,97,19218,537,0,58005,0.0010020000000001694
3162002,531,11907,128330,517,9718,121327,101,19232,397,0,58006,0.0009999999999998899
3163000,-5718,7383,126703,-15069,5147,121983,101,19225,414,1,58007,0.0009980000000000544
3164000,-4930,6062,129045,-5162,2919,127518,146,19234,598,1,58008,0.0009999999999998899
3165000,-7066,6148,126806,-8255,3276,122987,121,19232,496,1,58009,0.001000000000000334
3166000,-1511,6654,126316,-8329,3485,127005,105,19225,430,0,58010,0.0009999999999998899
3167001,585,-207,126040,2070,-3133,127849,111,19225,430,0,58011,0.0010010000000000296
3168001,4951,-5339,122837,-6179,-9795,124009,107,19233,455,0,58012,0.0009999999999998899
3169000,2374,12837,125881,169,13687,120622,107,19230,438,0,58013,0.0009990000000001942
3170001,352,9827,125580,-708,3704,125423,115,19217,471,1,58014,0.0010010000000000296
3171000,-4278,4314,123628,-3004,8684,126744,135,19231,553,1,58015,0.00099899999999975
3172000,3418,4878,126686,-6683,883,125801,103,19232,422,1,58016,0.0009999999999998899
3173000,8058,2609,124578,8129,2347,120328,116,19232,422,0,58017,0.001000000000000334
3174000,8097,12642,125396,6589,-8856,124899,101,19228,475,0,58018,0.0009999999999998899
3175001,8656,-13755,124365,1259,-19917,131408,101,19228,414,0,58019,0.0010010000000000296
3176000,4324,-583,127376,10092,2730,125498,111,19226,455,1,58020,0.00099899999999975
3177000,2926,11955,129039,-1957,8732,120683,143,19225,586,1,58021,0.001000000000000334
3178002,2310,15686,128221,2254,10762,121586,115,19232,471,1,58022,0.0010019999999997253
3179002,9536,1,126103,6794,-10655,134024,97,19232,471,1,58023,0.0009999999999998899
3180003,10542,-4566,123267,8969,2073,124938,145,19227,397,0,58024,0.0010010000000000296
3181000,12131,-273,126540,13574,-9894,128539,145,19232,594,0,58025,0.0009970000000003587
3182002,8100,-5414,127420,7846,-7281,126956,103,19227,422,0,58026,0.0010019999999997253
3183000,4298,1431,129708,-9540,-3132,134073,110,19220,451,1,58027,0.0009980000000000544
3184000,329,7158,131950,4131,6330,126224,121,19224,496,1,58028,0.0009999999999998899
3185000,-340,8369,131231,6095,12977,125163,104,19224,426,1,58029,0.001000000000000334
3186001,3852,-858,127931,-6265,-13444,130981,112,19231,426,1,58030,0.0010009999999995856
3187000,9670,-14264,127251,8585,-22027,130222,90,19217,459,0,58031,0.0009990000000001942
3188000,11199,-1784,129571,20819,-5144,130553,90,19230,369,0,58032,0.0009999999999998899
3189000,601,-168,130143,-17093,1506,125339,107,19228,438,0,58033,0.001000000000000334
3190000,2443,10104,134226,-14023,9075,123634,130,19220,532,1,58034,0.0009999999999998899
3191000,-9739,-414,131922,12583,-2301,136783,113,19220,463,1,58035,0.0009999999999998899
3192000,-8051,-4253,129135,-15551,-10918,128791,96,19232,463,1,58036,0.0009999999999998899
3193000,-3085,-8001,129460,-12679,-13596,130728,146,19228,393,0,58037,0.001000000000000334
3194000,1942,-784,130150,6506,-584,126618,146,19234,598,0,58038,0.0009999999999998899
3195000,1880,5373,131144,1393,-2560,127628,109,19228,446,0,58039,0.0009999999999998899
3196000,-8287,1728,131506,-18895,101,127870,116,19223,475,1,58040,0.0009999999999998899
3197000,-7653,2729,129187,-22673,3304,132219,134,19223,549,1,58041,0.001000000000000334
3198000,-10209,4481,131159,3457,3887,123572,109,19226,549,1,58042,0.0009999999999998899
3199000,-5598,7781,129375,-10481,3260,125438,106,19230,446,1,58043,0.0009999999999998899
3200002,-4993,-7855,124951,-14199,-11822,135806,106,19221,434,0,58044,0.0010020000000001694
3201001,-6240,-1356,126530,-5089,-3847,123437,134,19230,549,0,58045,0.00099899999999975
3202000,2250,3508,128083,-3734,1574,127243,105,19232,430,0,58046,0.0009990000000001942
3203000,-4917,13708,129325,-4129,9456,120170,124,19222,508,1,58047,0.0009999999999998899
3204000,-9859,3771,128787,-15368,-1128,131293,117,19222,508,1,58048,0.0009999999999998899
3205000,-5472,5681,124505,-13538,3483,125249,102,19228,479,1,58049,0.001000000000000334
3206000,-1174,12613,128064,1895,8973,120806,102,19229,418,0,58050,0.0009999999999998899
3207000,-588,-2904,123315,743,-6458,128051,137,19234,561,0,58051,0.0009999999999998899
3208000,-2,-1028,123278,-10467,-4048,128461,117,19231,479,0,58052,0.0009999999999998899
3209000,121,11177,127266,-10752,10573,127345,115,19227,471,0,58053,0.001000000000000334
3210000,2598,16164,125753,7418,14451,114901,157,19227,471,1,58054,0.0009999999999998899
3211001,-460,2252,125825,449,-1264,127996,111,19226,643,1,58055,0.0010010000000000296
3212000,3114,-1039,123201,-7033,-4423,122057,111,19231,455,1,58056,0.00099899999999975
3213002,7917,3467,122253,4741,-344,124773,100,19228,410,0,58057,0.0010020000000001694
3214000,7310,5960,127599,11267,2109,123058,89,19230,365,0,58058,0.0009980000000000544
3215000,6979,-3540,124827,2337,-6701,128440,110,19227,451,0,58059,0.0009999999999998899
3216000,2751,-1681,128400,721,-6067,128134,121,19227,451,1,58060,0.0009999999999998899
3217000,-96,13703,128119,3940,4912,117732,113,19222,496,1,58061,0.0009999999999998899
3218002,2836,16554,127669,834,7275,125622,113,19229,463,1,58062,0.0010020000000001694
3219001,6671,3798,127578,5776,-5702,125617,100,19231,410,1,58063,0.0009990000000001942
3220000,13516,-3084,125310,4453,-7877,130260,125,19224,512,0,58064,0.00099899999999975
3221000,11268,-3495,130119,16734,-13206,126388,97,19231,397,0,58065,0.0009999999999998899
3222000,5929,-1736,125243,-2736,-9612,126245,102,19231,397,0,58066,0.001000000000000334
3223001,2949,4621,132058,-9891,7907,131885,141,19226,418,1,58067,0.0010010000000000296
3224000,278,9701,129823,8898,1885,123449,141,19227,577,1,58068,0.00099899999999975
3225000,168,6700,129333,489,507,132253,113,19232,463,1,58069,0.0009999999999998899
3226000,4153,5323,130242,-7162,-8851,121900,101,19223,414,0,58070,0.001000000000000334
3227000,10572,-8748,125713,14354,-13356,131533,134,19234,549,0,58071,0.0009999999999998899
3228000,6455,595,131023,8654,-2483,127938,106,19234,549,0,58072,0.0009999999999998899
3229000,2968,-3729,130394,-19238,-4369,129868,115,19227,434,0,58073,0.0009999999999998899
3230000,248,7486,133109,-4893,6429,127504,115,19223,471,1,58074,0.001000000000000334
3231000,-8674,3639,132753,2672,463,130123,119,19230,487,1,58075,0.0009999999999998899
3232001,-5818,-1250,129323,-16235,-477,135564,103,19233,422,1,58076,0.0010010000000000296
3233000,-217,-8129,130073,-9831,-17185,128315,116,19225,475,0,58077,0.00099899999999975
3234002,1351,-2846,127737,9391,-3922,128233,101,19225,414,0,58078,0.0010020000000001694
3235000,-1812,10873,131133,-11267,11881,126843,113,19230,414,0,58079,0.0009980000000000544
3236000,-5652,2202,129038,-20484,-4552,130921,149,19226,463,1,58080,0.0009999999999998899
3237000,-8629,-43,130655,-5926,1918,135011,149,19226,610,1,58081,0.0009999999999998899
3238000,-9061,10885,129920,-9372,11240,121472,117,19225,479,1,58082,0.001000000000000334
3239001,-3129,7173,130196,-9018,2190,130579,103,19227,422,1,58083,0.0010010000000000296
3240001,-5326,-6301,126161,-7848,-12192,128167,165,19227,676,0,58084,0.0009999999999998899
3241000,-419,-4613,126082,-8356,-3769,131875,105,19229,676,0,58085,0.00099899999999975
3242000,-1639,2606,127168,-3053,307,124242,111,19233,430,0,58086,0.001000000000000334
3243000,-4079,11498,128271,-10541,13136,117037,111,19225,455,1,58087,0.0009999999999998899
3244002,-3064,8380,128367,-4747,1986,140527,126,19229,516,1,58088,0.0010020000000001694
3245000,-11132,-4347,123328,-5532,-4839,115787,112,19226,459,1,58089,0.0009979999999996103
3246000,2545,14480,128900,-10535,9017,126229,115,19226,471,0,58090,0.001000000000000334
3247000,-3248,-7482,122360,7608,-9703,127447,94,19224,471,0,58091,0.0009999999999998899
3248001,2903,536,125420,-254,-659,121414,110,19231,385,0,58092,0.0010010000000000296
3249000,229,-1875,125919,-11895,-5193,135843,110,19227,451,0,58093,0.00099899999999975
3250000,-1469,20272,126300,3995,20115,109375,135,19222,553,1,58094,0.001000000000000334
3251001,3377,12719,129281,-1476,8285,131512,116,19230,475,1,58095,0.0010010000000000296
3252000,981,-3867,121913,-528,-3563,126930,97,19229,397,1,58096,0.00099899999999975
3253000,10941,3712,123078,3185,-948,123360,125,19229,397,0,58097,0.0009999999999998899
3254000,8129,-4981,121262,9582,-8822,124159,113,19233,512,0,58098,0.001000000000000334
3255000,10724,1816,126394,8939,-3750,122369,113,19226,463,0,58099,0.0009999999999998899
3256000,5631,-3537,126045,7707,-6401,136970,117,19228,479,1,58100,0.0009999999999998899
3257000,301,9702,129238,-5594,7898,112334,134,19227,549,1,58101,0.0009999999999998899
3258002,7904,1206,128604,8735,-2966,134409,112,19232,459,1,58102,0.0010020000000001694
3259002,4356,880,124219,9711,-2994,112666,109,19232,459,1,58103,0.0009999999999998899
3260000,11864,6806,125866,381,2674,136090,101,19218,446,0,58104,0.0009980000000000544
3261001,9015,-12140,127699,11339,-14512,123740,101,19230,414,0,58105,0.0010010000000000296
3262002,9018,-4073,125856,9024,-10359,131357,105,19232,430,0,58106,0.0010010000000000296
3263000,3293,6323,132594,-3015,6240,129359,121,19222,496,1,58107,0.0009980000000000544
3264000,-576,13013,128436,201,7966,120909,114,19231,467,1,58108,0.0009999999999998899
3265000,3650,7769,129426,3693,-2994,130399,104,19231,467,1,58109,0.0009999999999998899
3266003,6291,-4402,127379,792,-13098,128693,140,19230,426,0,58110,0.0010030000000003092
3267000,10138,-12915,130155,3663,-11931,133956,140,19232,573,0,58111,0.0009969999999999146
3268000,7164,8785,130506,2418,-9484,125113,103,19229,422,0,58112,0.0009999999999998899
3269000,-674,4614,131953,-24803,-3600,128451,106,19229,434,0,58113,0.0009999999999998899
3270000,-557,2240,133782,-2571,4846,134560,155,19230,635,1,58114,0.001000000000000334
3271002,-7230,6291,132428,4749,2578,125196,112,19230,635,1,58115,0.0010019999999997253
3272000,-4007,-2083,127628,-18890,-8558,134396,103,19234,459,1,58116,0.0009980000000000544
3273002,-148,-6180,128570,-7837,-3196,125124,103,19223,422,0,58117,0.0010020000000001694
3274000,6549,1681,129224,10624,-1972,128262,116,19228,475,0,58118,0.0009980000000000544
3275000,-2688,3652,129248,-7477,-5703,130654,110,19228,451,0,58119,0.0009999999999998899
3276000,-8325,202,131392,-24603,-4681,131325,122,19223,500,1,58120,0.0009999999999998899
3277000,-9567,2625,132684,-8562,1905,132378,115,19223,471,1,58121,0.0009999999999998899
3278000,-10065,12606,130173,-3390,9606,122773,105,19228,471,1,58122,0.001000000000000334
3279000,-2948,-3879,129865,-9084,550,131690,128,19229,430,1,58123,0.0009999999999998899
3280002,-5030,-2594,124395,-9961,-13822,123969,128,19217,524,0,58124,0.0010019999999997253
3281000,-1697,-1729,125485,-1226,-8444,133387,109,19231,446,0,58125,0.0009980000000000544
3282000,-2066,9079,129503,-5475,7958,121683,110,19225,451,0,58126,0.001000000000000334
3283000,-8217,10525,129228,-11460,4594,120875,148,19225,606,1,58127,0.0009999999999998899
3284000,-7420,8379,128128,-13169,405,133594,119,19228,606,1,58128,0.0009999999999998899
3285000,-5091,-1015,125193,-8441,-3318,127200,105,19229,487,1,58129,0.0009999999999998899
3286000,2527,5253,125967,5113,3824,123578,105,19226,430,0,58130,0.001000000000000334
3287002,-119,3006,124019,-2954,-4593,122594,116,19233,475,0,58131,0.0010019999999997253
3288002,1042,-6433,124182,-4079,-7904,129163,107,19229,438,0,58132,0.0009999999999998899
3289000,-1230,4302,128772,-1040,1337,124843,113,19229,463,1,58133,0.0009980000000000544
3290000,-3464,12853,125877,-5832,10795,123914,132,19224,463,1,58134,0.001000000000000334
3291008,-4137,10363,126424,-3816,11355,122354,101,19232,541,1,58135,0.0010079999999996758
3292000,3185,1503,123695,-2174,-2187,122531,101,19232,414,1,58136,0.000992000000000104
3293001,10286,-5490,122010,10865,-9555,126456,114,19228,467,0,58137,0.0010010000000000296
3294000,9849,113,124455,7776,-4389,123308,101,19229,414,0,58138,0.0009990000000001942
3295000,6766,-2155,125737,1201,-5933,126087,113,19227,463,0,58139,0.0009999999999998899
3296000,1902,5344,127977,1591,3761,125865,140,19227,463,1,58140,0.0009999999999998899
3297000,173,-640,127331,288,-2684,130134,113,19226,573,1,58141,0.0009999999999998899
3298000,3279,-62,125910,5528,-3879,122432,113,19228,463,1,58142,0.001000000000000334
3299001,9067,7625,125783,3839,3165,122430,97,19229,397,0,58143,0.0010010000000000296
3300000,9472,1518,126180,4140,-2800,126774,144,19232,590,0,58144,0.00099899999999975
3301000,9459,-12245,125310,16060,-16726,129672,104,19230,426,0,58145,0.0009999999999998899
3302000,3965,-8185,127311,-1206,-11469,132244,109,19230,426,0,58146,0.001000000000000334
3303000,60,15576,131995,-5588,13531,123494,121,19222,446,1,58147,0.0009999999999998899
3304000,3986,18581,131645,561,13943,123037,121,19230,496,1,58148,0.0009999999999998899
3305000,-732,-2564,129623,2769,-6665,132279,104,19230,426,1,58149,0.0009999999999998899
3306000,6807,-11122,126383,-3325,-14497,133031,111,19218,455,0,58150,0.001000000000000334
3307001,5206,-16119,127472,8937,-19234,131739,103,19232,422,0,58151,0.0010009999999995856
3308000,5468,190,128694,11753,-3872,126396,112,19232,422,0,58152,0.0009990000000001942
3309000,4016,10629,131803,-23204,8113,123536,129,19228,459,1,58153,0.0009999999999998899
3310000,-5829,15166,133394,-4797,3798,128511,129,19223,528,1,58154,0.001000000000000334
3311001,-6885,472,129982,8002,-9990,134169,113,19229,463,1,58155,0.0010009999999995856
3312000,-5805,-16734,126922,-19425,-21805,136908,98,19225,401,1,58156,0.0009990000000001942
3313000,1173,-3847,130130,-8591,2487,124069,145,19233,594,0,58157,0.0009999999999998899
3314001,3887,12395,129130,8822,-6257,125820,107,19233,594,0,58158,0.0010010000000000296
3315000,-3857,10694,131711,-16144,6678,122697,110,19231,438,0,58159,0.0009990000000001942
3316000,-4722,4383,130969,-14692,-1482,133593,110,19223,451,1,58160,0.0009999999999998899
3317000,-8245,-4762,128849,-9804,2173,130718,134,19228,549,1,58161,0.0009999999999998899
3318000,-6790,17536,131023,-9537,14055,119428,112,19230,459,1,58162,0.001000000000000334
3319000,-5217,1021,129102,-11516,-9491,131910,108,19221,442,0,58163,0.0009999999999998899
3320000,-3727,-8164,126847,-5283,-14252,130031,132,19221,541,0,58164,0.0009999999999998899
3321000,-2146,-1857,127795,-2658,-5097,128635,103,19231,541,0,58165,0.0009999999999998899
3322000,-1703,11370,128130,-10646,9498,117754,120,19228,422,0,58166,0.001000000000000334
3323000,-5701,20351,129988,-9144,12553,122244,120,19226,491,1,58167,0.0009999999999998899
3324000,-5637,4499,126982,-10607,-167,130671,114,19229,467,1,58168,0.0009999999999998899
3325000,-3405,1391,124607,-4950,4894,125910,101,19231,414,1,58169,0.0009999999999998899
3326000,386,-4080,123158,-1606,-2023,131910,133,19231,545,0,58170,0.001000000000000334
3327000,2968,-4876,124255,-3218,-8234,118415,105,19233,545,0,58171,0.0009999999999998899
3328000,4827,11501,125385,-2104,972,123915,110,19229,430,0,58172,0.0009999999999998899
3329000,-297,9255,127827,-3631,8461,129919,110,19224,451,1,58173,0.0009999999999998899
3330000,-1702,12983,126146,-4074,6618,117398,160,19226,655,1,58174,0.001000000000000334
3331000,-1273,13119,125825,-1561,3118,130588,107,19235,438,1,58175,0.0009999999999998899
3332000,6465,1692,123570,4581,1494,120851,96,19235,393,0,58176,0.0009999999999998899
3333003,8498,1200,125636,6824,-2428,123195,96,19225,393,0,58177,0.0010029999999998651
3334002,9917,-2795,125449,2812,-6074,129993,121,19228,393,0,58178,0.0009990000000001942
3335000,4176,-1263,124163,8938,-662,125308,121,19226,496,0,58179,0.0009980000000000544
3336002,3600,4654,128766,-2262,5865,125251,126,19224,516,1,58180,0.0010019999999997253
3337000,6762,15154,126971,-1612,16275,118740,114,19227,467,1,58181,0.0009980000000000544
3338000,8409,3651,125454,15766,-2451,141552,100,19230,410,1,58182,0.0009999999999998899
3339000,12648,-7174,123747,4140,-6890,115140,124,19230,410,0,58183,0.001000000000000334
3340001,10124,985,128779,436,-7631,128467,98,19225,508,0,58184,0.0010010000000000296
3341001,8365,-13483,128211,19947,-16614,136463,98,19229,401,0,58185,0.0009999999999998899
3342000,2198,-1453,129162,-2465,-5377,124287,104,19232,426,1,58186,0.00099899999999975
3343000,-1340,14247,131959,-11652,12706,133730,140,19228,573,1,58187,0.001000000000000334
3344000,1656,17898,128949,8022,15875,117164,114,19229,467,1,58188,0.0009999999999998899
3345000,5672,292,130392,6718,-5565,133212,101,19229,467,1,58189,0.0009999999999998899
3346001,12083,-11532,126220,-6547,-15589,128332,137,19224,414,0,58190,0.0010010000000000296
3347000,9041,-2300,130819,18869,-4497,129008,137,19232,561,0,58191,0.0009990000000001942
3348000,3836,-12567,125066,7383,-16100,133888,114,19229,467,0,58192,0.0009999999999998899
3349000,2269,8751,133061,-21152,5780,124490,116,19225,475,1,58193,0.0009999999999998899
3350000,-6275,6833,134068,1293,3875,137357,130,19227,532,1,58194,0.0009999999999998899
3351000,-6990,2881,129339,766,360,119716,104,19227,532,1,58195,0.001000000000000334
3352000,2101,-4425,132569,-21707,-8725,135532,116,19231,426,0,58196,0.0009999999999998899
3353001,223,-9222,125306,9359,-13701,121223,116,19220,475,0,58197,0.0010010000000000296
3354000,4314,1349,128255,-822,-2321,130331,96,19227,393,0,58198,0.00099899999999975
3355000,-5659,2450,132856,-15451,-1368,125628,109,19227,446,0,58199,0.001000000000000334
3356006,-5701,4032,130457,-10085,467,131065,141,19226,577,1,58200,0.0010059999999998404
3357000,-7811,4429,131618,-9218,625,131478,118,19226,577,1,58201,0.0009939999999999394
3358000,-9221,9035,129467,-10844,11239,120960,101,19230,483,1,58202,0.0009999999999998899
3359000,50,766,126991,-8827,-7535,131398,101,19226,414,0,58203,0.001000000000000334
3360000,-6871,-6898,127044,-5351,-626,127699,161,19230,659,0,58204,0.0009999999999998899
3361000,-265,-3272,127532,-8811,-8023,130685,103,19231,422,0,58205,0.0009999999999998899
3362000,-5238,8306,128673,-7966,9802,118513,108,19224,442,1,58206,0.0009999999999998899
3363000,-7728,16906,127867,-21191,6721,126447,135,19224,553,1,58207,0.001000000000000334
3364000,-7517,-712,127332,1324,4824,126477,112,19231,553,1,58208,0.0009999999999998899
3365001,-4181,11020,127052,-9493,2761,121850,112,19232,459,1,58209,0.0010010000000000296
3366002,2638,-3654,125158,-4857,-6303,129559,115,19221,471,0,58210,0.0010010000000000296
3367003,1578,1688,126349,6663,-5268,125183,93,19230,381,0,58211,0.0010010000000000296
3368002,3838,-6633,123086,-8625,-6710,130047,107,19229,438,0,58212,0.00099899999999975
3369000,-3029,16884,127114,-3587,23592,116671,130,19229,532,1,58213,0.0009980000000000544
3370000,-2361,9673,126085,-3048,722,129051,116,19221,532,1,58214,0.0009999999999998899
3371000,1239,3116,123024,-1408,1798,121840,98,19232,475,1,58215,0.001000000000000334
3372000,2351,11421,125365,2879,299,123947,98,19228,401,0,58216,0.0009999999999998899
3373000,9050,-11165,123019,11476,-2395,125575,122,19233,500,0,58217,0.0009999999999998899
3374000,7243,7126,126657,11431,-6890,121614,111,19226,455,0,58218,0.0009999999999998899
3375000,3501,-8334,123767,-10408,-13386,138831,115,19226,471,0,58219,0.001000000000000334
3376000,4461,13222,128826,1998,15128,114994,133,19224,471,1,58220,0.0009999999999998899
3377000,649,14417,130785,10554,4268,127155,111,19228,545,1,58221,0.0009999999999998899
3378000,7370,-327,124926,-2042,1704,128853,111,19238,455,1,58222,0.0009999999999998899
3379000,7849,-9508,123087,635,-6026,128257,105,19220,430,0,58223,0.001000000000000334
3380001,14674,-4073,126544,18003,-5084,128922,95,19231,389,0,58224,0.0010010000000000296
3381000,7547,4282,125317,15747,-820,120592,107,19231,438,0,58225,0.00099899999999975
3382000,2438,-2831,130085,-15318,-5900,136169,120,19228,438,1,58226,0.0009999999999998899
3383000,812,7298,133014,5442,4210,126631,114,19225,491,1,58227,0.001000000000000334
3384000,-2395,-862,130091,7688,-5137,134262,114,19229,467,1,58228,0.0009999999999998899
3385001,1411,4061,130734,-6316,5379,121186,102,19229,418,1,58229,0.0010010000000000296
3386002,8042,-5679,127732,390,-15172,130226,136,19228,557,0,58230,0.0010010000000000296
3387000,11295,-15712,127975,21018,-15798,136872,103,19229,422,0,58231,0.0009980000000000544
3388000,3532,-464,128243,-3367,-813,123729,106,19229,422,0,58232,0.0009999999999998899
3389000,-2160,9291,133174,-18154,7522,128367,154,19227,434,1,58233,0.0009999999999998899
3390001,-5233,5837,130976,367,2870,128297,154,19229,631,1,58234,0.0010010000000000296
3391000,-9420,-4221,131664,-1017,-8081,137365,111,19234,455,1,58235,0.0009990000000001942
3392000,-23,-11993,128328,-17195,-17123,131654,101,19225,414,0,58236,0.0009999999999998899
3393000,-5556,1099,129472,-2042,-1056,123475,127,19224,520,0,58237,0.0009999999999998899
3394000,3551,4431,130518,-1849,1525,127838,119,19224,520,0,58238,0.0009999999999998899
3395000,-6475,9134,130834,-12312,5261,125387,124,19227,487,0,58239,0.001000000000000334
3396000,-7906,-7074,130347,-12751,-11151,138254,124,19221,508,1,58240,0.0009999999999998899
3397002,-7690,16184,130878,-9831,15758,119243,113,19231,463,1,58241,0.0010019999999997253
3398000,-7262,5478,129636,-9873,1846,126691,105,19230,430,1,58242,0.0009980000000000544
3399000,-1510,-6478,128321,-6215,-9890,130529,129,19226,528,0,58243,0.001000000000000334
3400000,-5194,-3538,124242,-8834,-6766,128044,98,19226,528,0,58244,0.0009999999999998899
3401000,-1139,4173,127556,-6142,1004,120484,103,19229,401,0,58245,0.0009999999999998899
3402000,-4509,12354,128544,-6864,9743,127593,103,19230,422,1,58246,0.0009999999999998899
3403000,-5954,3215,127921,-9046,-142,130584,141,19228,577,1,58247,0.001000000000000334
3404000,-6983,6606,129529,-9903,5195,124699,115,19229,471,1,58248,0.0009999999999998899
3405000,-2131,6670,127234,-782,-15,128191,104,19227,426,0,58249,0.0009999999999998899
3406000,449,5625,125524,341,-9117,121579,117,19227,426,0,58250,0.0009999999999998899
3407000,2330,-3928,121894,-7794,-8852,129707,108,19232,479,0,58251,0.001000000000000334
3408000,1654,7374,128183,-1753,3940,121926,108,19228,442,0,58252,0.0009999999999998899
3409000,-794,18566,125497,1250,9974,120173,113,19221,463,1,58253,0.0009999999999998899
3410000,-2972,3039,125011,-3831,2398,132484,131,19232,537,1,58254,0.0009999999999998899
3411000,3215,5606,124845,-5940,6632,122244,101,19232,414,1,58255,0.001000000000000334
3412000,11722,9004,123880,13546,3934,121345,116,19232,475,0,58256,0.0009999999999998899
3413000,11549,3189,123292,10596,-7473,124423,101,19234,475,0,58257,0.0009999999999998899
3414000,9855,-13525,125005,4716,-18095,132355,111,19229,414,0,58258,0.0009999999999998899
3415000,4394,731,126738,3966,-8756,124546,111,19229,455,1,58259,0.001000000000000334
3416000,2039,15724,129716,-1833,12979,124160,137,19224,561,1,58260,0.0009999999999998899
3417000,2509,16364,128595,4111,12196,122583,110,19228,451,1,58261,0.0009999999999998899
3418000,7226,6896,126227,6164,-1686,124798,99,19228,405,1,58262,0.0009999999999998899
3419000,11775,-3360,124194,4772,-9036,128243,148,19227,405,0,58263,0.001000000000000334
3420000,14626,-15660,127472,17267,-13658,134210,112,19234,606,0,58264,0.0009999999999998899
3421002,6551,1293,128726,5893,-3319,120400,112,19230,459,0,58265,0.0010019999999997253
3422000,5675,8389,129314,-8468,-132,130895,108,19222,442,1,58266,0.0009980000000000544
3423002,-2418,7184,132548,6163,9299,128831,125,19229,512,1,58267,0.0010020000000001694
3424000,-913,7997,130230,2681,-1758,122522,107,19229,438,1,58268,0.0009980000000000544
3425000,6270,-1174,127510,-4274,-7613,132148,113,19230,438,0,58269,0.0009999999999998899
3426001,10745,-9438,127664,8016,-13722,127283,88,19220,463,0,58270,0.0010010000000000296
3427000,12421,-3001,128317,20917,-5271,126827,88,19236,360,0,58271,0.0009990000000001942
3428000,1562,-2068,128789,-19374,-1126,128988,104,19227,426,0,58272,0.0009999999999998899
3429000,181,11147,134641,-13597,10205,124469,126,19222,516,1,58273,0.0009999999999998899
3430000,-8108,9149,131771,10626,5701,131063,112,19232,459,1,58274,0.0009999999999998899
3431000,-4453,-4657,129214,-12664,-8175,129208,96,19232,459,1,58275,0.001000000000000334
3432000,-1841,-15721,127797,-18730,-20876,139416,144,19228,393,0,58276,0.0009999999999998899
3433000,4743,-2001,129567,9342,-1505,118106,144,19232,590,0,58277,0.0009999999999998899
3434000,360,9986,130530,3947,1805,128350,107,19231,438,0,58278,0.0009999999999998899
3435001,-8264,2559,132605,-24493,2412,130329,115,19221,471,1,58279,0.0010010000000000296
3436000,-10270,5918,130745,-15264,1455,130011,135,19226,553,1,58280,0.0009990000000001942
3437001,-9672,2246,129693,-4232,1877,134412,109,19226,553,1,58281,0.0010010000000000296
3438000,-4545,16200,130059,-8996,15456,117204,104,19231,446,1,58282,0.00099899999999975
3439000,-4442,-8541,125700,-11858,-13856,136965,104,19221,426,0,58283,0.001000000000000334
3440000,-286,-4113,124963,-7392,-6042,125912,131,19232,537,0,58284,0.0009999999999998899
3441000,677,1915,128451,463,-753,130834,106,19233,434,0,58285,0.0009999999999998899
3442000,-5370,13596,127055,-8448,12545,115646,123,19222,504,1,58286,0.0009999999999998899
3443000,-8038,5044,128063,-17031,-557,126859,115,19222,504,1,58287,0.001000000000000334
3444000,-7101,-3474,126668,-5182,-6618,141772,100,19226,471,1,58288,0.0009999999999998899
3445000,-275,3894,125745,-6218,877,112929,100,19227,410,0,58289,0.0009999999999998899
3446000,-2212,1027,127843,-3759,-1861,124655,134,19230,549,0,58290,0.0009999999999998899
3447000,1930,-1823,123100,135,-6081,124945,103,19233,422,0,58291,0.001000000000000334
3448000,-1295,-2273,123833,-7874,-5617,128490,113,19226,463,0,58292,0.0009999999999998899
3449000,-3150,14878,128779,-1285,12149,115288,158,19226,463,1,58293,0.0009999999999998899
3450000,-827,13408,125423,-2220,11328,122870,112,19226,647,1,58294,0.0009999999999998899
3451000,2163,5973,126116,884,-3387,132534,112,19231,459,1,58295,0.0009999999999998899
3452001,8752,-8495,121033,1200,-8014,124596,99,19220,405,0,58296,0.0010010000000000296
3453001,8516,3309,124688,5915,1114,120663,100,19226,410,0,58297,0.001000000000000334
3454000,4947,1555,125255,10121,-4766,125910,122,19229,500,0,58298,0.00099899999999975
3455000,3875,-1015,126258,-2337,-2979,128316,126,19229,516,1,58299,0.0009999999999998899
3456000,1835,7751,130351,5131,4443,122409,112,19224,516,1,58300,0.001000000000000334
3457000,4919,11967,123867,4122,11434,117836,102,19227,459,1,58301,0.0009999999999998899
3458000,8392,3920,127429,9043,-242,129000,102,19229,418,1,58302,0.0009999999999998899
3459000,12607,574,126661,2449,-5215,121009,126,19226,516,0,58303,0.0009999999999998899
3460000,13192,-7388,124470,12888,-14827,137876,96,19232,393,0,58304,0.001000000000000334
3461000,1579,-7403,129604,-1478,-396,124707,101,19232,414,0,58305,0.0009999999999998899
3462000,5997,6414,131035,-8336,-383,128779,141,19232,414,1,58306,0.0009999999999998899
3463000,66,8403,129509,10609,8621,126385,114,19228,577,1,58307,0.0009999999999998899
3464000,3249,12570,129669,-829,5772,125615,114,19228,467,1,58308,0.001000000000000334
3465000,8210,-4979,127226,-3932,-10574,129988,103,19224,422,0,58309,0.0009999999999998899
3466000,7589,-7262,127729,15129,-6424,123324,134,19236,549,0,58310,0.0009999999999998899
3467000,4195,-5753,131619,8381,-11148,139209,107,19236,438,0,58311,0.0009999999999998899
3468000,-1331,-489,132096,-18595,-932,122225,112,19229,438,0,58312,0.001000000000000334
3469000,-208,14989,133611,-14300,9899,133361,129,19223,459,1,58313,0.0009999999999998899
3470000,-8405,-1722,131086,9896,-1364,135084,129,19228,528,1,58314,0.0009999999999998899
3471000,-3910,6081,130441,-13016,-3092,116223,105,19235,430,1,58315,0.0009999999999998899
3472000,3065,-4335,129344,-13519,-13638,141187,116,19225,475,0,58316,0.001000000000000334
3473000,1252,-829,128928,11486,1488,121520,97,19228,397,0,58317,0.0009999999999998899
3474000,36,6107,131539,-6503,724,129199,109,19228,397,0,58318,0.0009999999999998899
3475000,-9172,882,129180,-22427,-3760,129683,138,19225,446,1,58319,0.0009999999999998899
3476002,-8985,773,131287,-8530,75,131515,138,19225,565,1,58320,0.0010020000000001694
3477000,-9835,2919,130421,-6650,859,131610,117,19230,479,1,58321,0.0009980000000000544
3478000,-2661,9885,128987,-10893,5937,119570,101,19225,414,1,58322,0.0009999999999998899
3479000,-5489,-4394,126600,-2366,-5594,132862,159,19234,651,0,58323,0.0009999999999998899
3480000,64,-5323,126336,-8925,-10650,126759,105,19234,651,0,58324,0.001000000000000334
3481000,-1812,-2644,125991,-11581,-5484,129919,109,19228,430,0,58325,0.0009999999999998899
3482000,-5751,16945,131506,-4197,16206,121834,109,19222,446,1,58326,0.0009999999999998899
3483000,-7733,9312,126857,-9402,1312,126919,134,19230,549,1,58327,0.0009999999999998899
3484000,-7401,4768,126644,-11184,3969,129691,112,19230,459,1,58328,0.001000000000000334
3485000,1581,3730,124315,-6817,-522,121826,113,19220,463,0,58329,0.0009999999999998899
3486001,993,-2317,123916,6952,-5619,124514,89,19220,463,0,58330,0.0010010000000000296
3487000,2306,-1640,125463,-1180,-7166,122325,111,19231,365,0,58331,0.00099899999999975
3488000,-1203,-2709,125356,-6325,-4531,130507,111,19224,455,0,58332,0.001000000000000334
3489000,-2479,19062,128827,-414,16146,121159,132,19225,541,1,58333,0.0009999999999998899
3490000,-1735,7326,126086,-2205,4494,124435,114,19232,467,1,58334,0.0009999999999998899
3491000,4623,12211,123585,4363,9423,123220,96,19232,393,1,58335,0.0009999999999998899
3492000,8503,-325,123621,1683,-4779,122577,137,19232,393,0,58336,0.001000000000000334
3493000,11901,-7961,123613,10199,-13218,127692,117,19228,561,0,58337,0.0009999999999998899
3494000,6210,-1157,125730,7734,-4051,128023,117,19224,479,0,58338,0.0009999999999998899
3495000,1791,-4357,125922,-2023,-7771,125458,117,19225,479,1,58339,0.0009999999999998899
3496000,2817,11460,128204,-1126,8154,126501,130,19229,532,1,58340,0.001000000000000334
3497000,3188,1972,125572,6472,-271,131482,109,19233,446,1,58341,0.0009999999999998899
3498001,10345,2976,125423,7703,-182,118739,104,19233,446,1,58342,0.0010010000000000296
3499000,8216,6324,128747,4657,-2408,127096,114,19224,426,0,58343,0.00099899999999975
3500000,12258,-6865,125889,8727,-14895,132657,114,19233,467,0,58344,0.001000000000000334
3501000,6668,-7972,127689,11929,-3784,129831,105,19230,430,0,58345,0.0009999999999998899
3502000,1319,12334,131482,-4975,1566,128925,117,19223,479,1,58346,0.0009999999999998899
3503002,1225,21568,127568,4709,13934,117063,108,19229,442,1,58347,0.0010020000000001694
3504000,2591,1759,129561,-544,-2117,141475,100,19229,410,1,58348,0.0009980000000000544
3505000,10661,-20022,125649,-1382,-16190,133553,134,19232,410,0,58349,0.0009999999999998899
3506003,8079,-3355,129036,17425,3371,119303,101,19220,549,0,58350,0.0010029999999998651
3507000,7187,4605,129679,5244,-10939,134947,101,19233,414,0,58351,0.0009969999999999146
3508000,-2708,-4071,130785,-18376,1649,126328,105,19227,430,0,58352,0.001000000000000334
3509000,-3187,9647,135269,-7992,-118,133711,150,19228,614,1,58353,0.0009999999999998899
3510000,-8211,1753,131692,6779,24,128295,108,19228,442,1,58354,0.0009999999999998899
3511000,-5221,3636,129959,-16923,-4173,125041,98,19236,442,1,58355,0.0009999999999998899
3512003,1396,-7230,128129,-8715,-9790,135002,118,19227,401,0,58356,0.0010030000000003092
3513000,6071,-241,127853,8316,761,124616,118,19231,483,0,58357,0.0009969999999999146
3514001,-2896,-1897,131055,-4921,-2628,133486,110,19230,451,0,58358,0.0010010000000000296
3515000,-8628,10372,131087,-22869,4256,122857,120,19217,491,1,58359,0.00099899999999975
3516000,-8432,4989,128861,-6653,-202,138287,109,19228,446,1,58360,0.001000000000000334
3517000,-9943,2051,130915,-4169,2280,128978,105,19228,446,1,58361,0.0009999999999998899
3518000,329,8541,129307,-11303,4151,120270,126,19233,430,1,58362,0.0009999999999998899
3519000,-5902,249,125487,-10019,-5653,130644,126,19218,516,0,58363,0.0009999999999998899
3520000,1156,1833,127194,-8044,-536,123810,109,19229,446,0,58364,0.001000000000000334
3521000,-3193,6651,127939,-3679,2575,126601,109,19227,446,0,58365,0.0009999999999998899
3522000,-7579,5285,127422,-13065,3618,126395,143,19225,586,1,58366,0.0009999999999998899
3523002,-7990,12338,128350,-12079,7570,124654,117,19225,586,1,58367,0.0010020000000001694
3524000,-4791,2822,127033,-7156,130,128399,104,19230,479,1,58368,0.0009980000000000544
3525000,3309,2905,126565,-2914,-563,121956,104,19226,426,0,58369,0.0009999999999998899
3526000,924,-5893,125545,2186,-8748,129834,117,19233,479,0,58370,0.0009999999999998899
3527001,542,2962,123642,-1751,-207,120248,109,19228,446,0,58371,0.0010010000000000296
3528001,-1307,6612,125322,-1830,2306,126642,113,19224,463,1,58372,0.0009999999999998899
3529000,-4412,11573,127584,-9415,10015,124881,130,19224,463,1,58373,0.0009990000000001942
3530000,978,10141,126678,-4495,6877,119671,101,19230,532,1,58374,0.0009999999999998899
3531000,4091,4044,123963,8550,-275,127934,101,19234,414,1,58375,0.0009999999999998899
3532000,8801,8867,124710,-3189,3158,119223,113,19228,463,0,58376,0.001000000000000334
3533000,8287,-6488,121896,9707,-10363,130019,97,19229,397,0,58377,0.0009999999999998899
3534000,7063,-1032,128086,9021,-4191,126925,112,19228,459,0,58378,0.0009999999999998899
3535001,3708,4394,125704,-6250,2266,123783,136,19228,459,1,58379,0.0010010000000000296
3536001,4399,16480,130570,5208,14294,121878,113,19227,557,1,58380,0.0009999999999998899
3537000,6932,830,125210,9821,-3102,129897,113,19228,463,1,58381,0.0009990000000001942
3538000,7832,3782,125842,-1175,2042,130992,96,19226,393,0,58382,0.0009999999999998899
3539000,11882,-4361,126156,7004,-8803,119772,143,19233,586,0,58383,0.0009999999999998899
3540000,7882,-14651,127136,16017,-18582,133278,106,19230,434,0,58384,0.001000000000000334
3541000,3339,8318,130701,-6032,5212,125495,107,19230,434,0,58385,0.0009999999999998899
3542000,1489,2471,129493,-4286,286,129137,124,19224,438,1,58386,0.0009999999999998899
3543000,684,19220,132651,9694,14298,119908,124,19228,508,1,58387,0.0009999999999998899
3544000,4536,5077,128996,-2064,2701,132639,105,19232,430,1,58388,0.001000000000000334
3545000,8225,-12853,127207,-2490,-15542,131343,110,19221,451,0,58389,0.0009999999999998899
3546003,8819,-9637,129920,11179,-12458,134941,101,19230,414,0,58390,0.0010029999999998651
3547000,2419,-2717,128361,13055,254,124364,107,19230,438,0,58391,0.0009969999999999146
3548000,2005,9767,133248,-23096,4662,126833,129,19228,438,1,58392,0.001000000000000334
3549000,-5554,5206,132773,-6288,2655,129156,113,19222,528,1,58393,0.0009999999999998899
3550002,-4504,9024,131531,-7025,7376,121593,113,19231,463,1,58394,0.0010019999999997253
3551000,-2732,-4248,127258,-19490,-11695,134292,95,19230,389,1,58395,0.0009980000000000544
3552000,849,-12921,129599,3802,-6482,131962,143,19230,586,0,58396,0.001000000000000334
3553000,4521,3077,128552,1956,-3233,126116,117,19230,479,0,58397,0.0009999999999998899
3554000,-6173,-1500,130004,-19797,982,132317,118,19228,479,0,58398,0.0009999999999998899
3555000,-5796,9606,133705,-11961,5243,121967,137,19225,483,1,58399,0.0009999999999998899
3556000,-8684,5368,128913,-10098,1851,135536,137,19230,561,1,58400,0.001000000000000334
3557002,-5093,8525,129699,-9136,8901,123164,115,19234,471,1,58401,0.0010019999999997253
3558000,-5280,5823,128963,-5349,-423,125840,108,19220,442,0,58402,0.0009980000000000544
3559000,-3286,-8446,124751,-12612,-7069,130604,134,19220,549,0,58403,0.0009999999999998899
3560000,-1806,-264,128072,-963,-1746,124898,106,19232,549,0,58404,0.001000000000000334
3561000,-184,-2391,127474,-7651,-4586,131355,121,19228,434,0,58405,0.0009999999999998899
3562000,-5868,16343,128331,-6307,14723,112067,121,19221,496,1,58406,0.0009999999999998899
3563000,-9276,18028,128830,-19568,14230,125307,117,19226,479,1,58407,0.0009999999999998899
3564000,1907,-777,126452,-3013,-2059,130335,106,19228,434,1,58408,0.001000000000000334
3565001,-562,3019,124856,9385,-2340,121913,136,19230,557,0,58409,0.0010009999999995856
3566000,3656,-2728,124814,-10391,-6104,131759,106,19230,557,0,58410,0.0009990000000001942
3567000,-8,5126,125010,-2475,7425,115776,110,19228,434,0,58411,0.0009999999999998899
3568000,2418,4922,126964,-1545,5958,132956,110,19224,451,1,58412,0.001000000000000334
3569000,-1833,6097,123514,-2876,4554,121186,155,19227,635,1,58413,0.0009999999999998899
3570000,-3549,9313,125387,-1305,4473,123481,115,19233,471,1,58414,0.0009999999999998899
3571000,6646,4335,123837,116,772,123066,102,19224,418,0,58415,0.0009999999999998899
3572001,7083,4227,126526,10758,-4027,121147,101,19224,418,0,58416,0.0010010000000000296
3573001,8705,-12892,125812,8236,-16155,139734,115,19229,414,0,58417,0.0009999999999998899
3574000,5120,-3939,125735,-867,-8601,117259,115,19228,471,0,58418,0.0009990000000001942
3575000,2330,8115,127317,2692,6131,126866,121,19225,496,1,58419,0.0009999999999998899
3576000,3005,13359,128437,-2060,12655,123494,110,19228,451,1,58420,0.0009999999999998899
3577000,7003,11188,124411,10340,8282,124372,105,19233,430,1,58421,0.001000000000000334
3578003,11821,-3373,123824,6804,-5890,129727,122,19233,430,0,58422,0.0010029999999998651
3579000,8235,3292,126765,-281,255,118212,96,19219,500,0,58423,0.0009969999999999146
3580000,12528,-13391,127387,18332,-19007,141014,96,19231,393,0,58424,0.0009999999999998899
3581001,3706,-3628,130398,1398,-6198,127737,103,19228,422,1,58425,0.0010010000000000296
3582000,-1392,4906,130543,-8733,1296,131051,140,19231,573,1,58426,0.0009990000000001942
3583000,506,20995,133081,5105,19639,119518,116,19228,475,1,58427,0.0009999999999998899
3584000,3189,1842,126698,1216,-3116,130539,101,19228,475,1,58428,0.0009999999999998899
3585000,12345,-4198,128408,3143,-7140,135780,145,19228,414,0,58429,0.001000000000000334
3586000,9453,-3717,128759,13006,-5740,118943,145,19231,594,0,58430,0.0009999999999998899
3587001,4775,-8341,129810,4468,-12676,139962,104,19230,426,0,58431,0.0010010000000000296
3588000,-403,3861,133072,-14541,778,124776,112,19222,459,1,58432,0.00099899999999975
3589000,-5799,2610,133588,-7837,1796,135098,139,19230,569,1,58433,0.001000000000000334
3590000,-6570,10897,130641,5330,6104,119376,106,19230,434,1,58434,0.0009999999999998899
3591002,-1656,-4407,128448,-18711,-5656,139532,115,19231,434,0,58435,0.0010020000000001694
3592001,1879,-12019,128461,-2747,-3681,125010,115,19215,471,0,58436,0.00099899999999975
3593000,-388,5909,131537,7641,-3775,129334,100,19229,410,0,58437,0.0009990000000001942
3594000,-5315,-334,130953,-14705,7196,130878,113,19227,463,0,58438,0.0009999999999998899
3595000,-9037,4152,131764,-17275,-2827,131491,140,19227,573,1,58439,0.0009999999999998899
3596000,-7802,1201,128924,-8386,-1264,136486,119,19227,487,1,58440,0.0009999999999998899
3597000,-7337,19749,127866,-11352,18519,110542,104,19229,487,1,58441,0.001000000000000334
3598000,-2801,697,128110,-11703,-7892,135416,153,19227,426,0,58442,0.0009999999999998899
3599000,-733,-13375,126029,1077,-12390,131149,153,19227,627,0,58443,0.0009999999999998899
3600000,-3885,3658,127974,-7387,3266,124849,103,19230,422,0,58444,0.0009999999999998899
3601000,-5817,4440,127555,-11785,3188,124749,105,19222,430,1,58445,0.001000000000000334
3602000,-7313,17848,129275,-12861,10377,118698,131,19222,537,1,58446,0.0009999999999998899
3603000,-6033,-2846,126922,-4958,-9496,140014,111,19230,537,1,58447,0.0009999999999998899
3604000,-2783,7603,126383,-1500,10099,109710,109,19231,455,1,58448,0.0009999999999998899
3605000,532,13577,125988,-9184,2636,125983,109,19218,446,0,58449,0.001000000000000334
3606000,4100,-4946,123661,2997,-9650,126234,88,19229,360,0,58450,0.0009999999999998899
3607002,1157,-1437,125598,-3503,-5608,129028,109,19229,446,0,58451,0.0010020000000001694
3608000,-1021,-6391,125087,-9161,-6361,132018,128,19217,524,1,58452,0.0009979999999996103
3609000,-3133,35836,129300,1877,31146,104933,113,19217,524,1,58453,0.001000000000000334
3610000,1155,3092,123908,-3086,-5166,141173,96,19231,463,1,58454,0.0009999999999998899
3611000,6167,-4556,121563,3345,-1561,120520,96,19232,393,0,58455,0.0009999999999998899
3612000,7487,2044,123701,5787,-601,124535,136,19235,557,0,58456,0.0009999999999998899
3613000,8608,-3061,123098,11231,-3363,119219,110,19231,451,0,58457,0.001000000000000334
3614000,4658,1548,128157,2526,-7831,130931,113,19227,463,0,58458,0.0009999999999998899
3615000,4971,-3816,126351,-3661,-3762,133662,135,19227,463,1,58459,0.0009999999999998899
3616000,4867,21822,129689,6271,21391,109768,111,19228,553,1,58460,0.0009999999999998899
3617000,6069,148,126405,8458,-8892,136083,111,19232,455,1,58461,0.001000000000000334
3618000,10586,-3309,125506,2282,-6655,121081,103,19223,422,0,58462,0.0009999999999998899
3619007,7953,-6855,126500,6881,-13171,135922,111,19232,455,0,58463,0.0010069999999999801
3620002,8842,-8938,129060,15816,-8473,127357,105,19226,430,0,58464,0.0009950000000000792
3621002,4281,16078,129652,-4530,11521,117492,115,19226,430,1,58465,0.0009999999999998899
3622002,1566,317,130765,-1376,-5333,140983,112,19224,471,1,58466,0.0009999999999998899
3623002,-248,7432,129441,6073,5491,123045,112,19230,459,1,58467,0.001000000000000334
3624002,3538,1743,129871,-3668,-3290,130830,102,19230,418,1,58468,0.0009999999999998899
3625000,8188,-6740,128460,807,-9692,128253,134,19225,549,0,58469,0.0009980000000000544
3626000,10990,-11886,129948,18175,-15713,132285,105,19227,430,0,58470,0.0009999999999998899
3627000,1771,-3186,127959,-1714,-5500,134640,107,19227,430,0,58471,0.0009999999999998899
3628000,-921,15585,130987,-21779,14326,119833,148,19224,438,1,58472,0.0009999999999998899
3629000,-3170,13334,132322,-33,10547,130465,148,19224,606,1,58473,0.001000000000000334
3630000,-3480,-5989,130820,7240,-10119,133253,109,19232,446,1,58474,0.0009999999999998899
3631000,-3221,-15672,127728,-16511,-19514,130617,99,19228,405,0,58475,0.0009999999999998899
3632000,-457,-5541,130483,-13432,-8826,135778,120,19235,491,0,58476,0.0009999999999998899
3633000,-1944,7470,131009,12724,5094,116811,111,19235,491,0,58477,0.001000000000000334
3634001,-7278,7203,133092,-14204,4056,130549,122,19229,455,0,58478,0.0010010000000000296
3635000,-9009,-6,130296,-24161,-2258,132411,122,19217,500,1,58479,0.00099899999999975
3636000,-8196,7469,132203,142,5653,126880,112,19227,459,1,58480,0.0009999999999998899
3637000,-3863,12415,130791,-7606,9834,121021,104,19233,426,1,58481,0.001000000000000334
3638000,-4871,3671,128878,-10779,2172,133064,121,19217,496,0,58482,0.0009999999999998899
3639012,-4014,-14498,125016,-9526,-11778,134580,94,19217,385,0,58483,0.0010119999999997908
3640000,-1425,1643,127186,-3107,14256,115331,105,19230,385,0,58484,0.0009879999999999889
3641000,-3628,17071,128023,-8390,11902,125153,143,19228,430,1,58485,0.001000000000000334
3642000,-7351,7833,125546,-7193,3028,122740,143,19223,586,1,58486,0.0009999999999998899
3643000,-2902,1165,127922,-13016,-7547,133256,114,19232,467,1,58487,0.0009999999999998899
3644000,-1592,2095,126893,-5102,7370,124157,101,19227,414,0,58488,0.0009999999999998899
3645000,3322,5679,125012,2062,1736,121861,118,19227,483,0,58489,0.001000000000000334
3646000,156,-5791,122357,-5763,-9881,131925,117,19233,483,0,58490,0.0009999999999998899
3647000,475,3391,124465,-9881,4827,121313,121,19226,479,0,58491,0.0009999999999998899
3648000,-1130,8596,125746,5420,8145,125547,121,19222,496,1,58492,0.0009999999999998899
3649000,-5760,20598,127806,306,12950,118109,140,19229,573,1,58493,0.001000000000000334
3650000,4405,8103,123349,-8275,3572,124861,102,19229,418,1,58494,0.0009999999999998899
3651001,9461,-2071,126338,12238,-2711,129281,110,19229,451,0,58495,0.0010010000000000296
3652000,12780,-1057,122789,12021,-5111,121504,94,19228,451,0,58496,0.00099899999999975
3653000,6722,-5313,124524,3315,-8740,129165,113,19230,385,0,58497,0.001000000000000334
3654000,2722,-575,127705,1626,-2546,125486,113,19225,463,1,58498,0.0009999999999998899
3655000,3038,3362,127543,101,1632,125962,137,19226,561,1,58499,0.0009999999999998899
3656002,2558,14622,130978,4816,9998,123107,111,19232,455,1,58500,0.0010020000000001694
3657000,7901,8280,125318,8059,6684,122917,97,19230,397,1,58501,0.0009980000000000544
3658000,8134,5037,127011,935,-2222,125467,149,19230,397,0,58502,0.0009999999999998899
3659000,14416,-7769,125093,17045,-14850,133083,104,19231,610,0,58503,0.0009999999999998899
3660000,7244,-9827,127571,7420,-8792,131125,104,19231,426,0,58504,0.0009999999999998899
3661001,4793,9275,132630,-10890,6386,121403,105,19225,430,1,58505,0.0010010000000000296
3662000,1604,15283,132457,8203,7476,125637,124,19230,508,1,58506,0.0009990000000001942
3663000,-1101,2770,128546,5995,-3120,132540,109,19232,446,1,58507,0.0009999999999998899
3664000,6942,-5883,127412,-8320,-10369,128218,109,19232,446,0,58508,0.0009999999999998899
3665001,10347,-7727,127829,10644,-8921,123652,101,19220,446,0,58509,0.0010010000000000296
3666000,9575,-2630,129809,20129,-9105,130893,101,19233,414,0,58510,0.0009990000000001942
3667000,298,-309,130013,-21237,-1496,132026,105,19228,430,0,58511,0.0009999999999998899
3668000,857,8343,133267,-13779,5115,124747,124,19220,508,1,58512,0.0009999999999998899
3669000,-9405,7828,130753,14907,8123,125528,114,19227,467,1,58513,0.001000000000000334
3670000,-4746,2179,131568,-16651,-1641,131865,99,19227,467,1,58514,0.0009999999999998899
3671000,-171,-15920,126264,-13101,-21523,135381,140,19231,405,0,58515,0.0009999999999998899
3672000,3926,2840,131186,8320,2476,128418,140,19227,573,0,58516,0.0009999999999998899
3673000,-2016,6601,129508,-1352,2426,123630,108,19230,442,0,58517,0.001000000000000334
3674000,-5695,3598,131806,-19743,939,126313,114,19224,467,1,58518,0.0009999999999998899
3675000,-8719,598,130971,-12258,-4448,140191,144,19231,590,1,58519,0.0009999999999998899
3676000,-11046,3208,128257,-3543,1387,127939,111,19231,590,1,58520,0.0009999999999998899
3677000,-3604,15447,130919,-13776,13004,117262,107,19228,455,1,58521,0.001000000000000334
3678000,-4875,-8468,124734,-9104,-12464,133866,107,19223,438,0,58522,0.0009999999999998899
3679000,737,-4904,126000,680,-8288,131539,137,19228,561,0,58523,0.0009999999999998899
3680002,-2379,638,127410,-7436,-2028,124613,105,19228,430,0,58524,0.0010020000000001694
3681000,-5254,21390,129367,-13901,18798,121868,120,19220,491,1,58525,0.0009980000000000544
3682000,-8432,8637,128687,-8778,5277,134249,115,19220,471,1,58526,0.0009999999999998899
3683000,-8342,-3802,126871,-6426,-6776,127728,105,19229,471,1,58527,0.0009999999999998899
3684000,1676,8355,127917,-9478,3605,118593,134,19231,430,0,58528,0.0009999999999998899
3685000,-2293,-1972,123419,2159,-3872,129371,134,19229,549,0,58529,0.001000000000000334
3686000,4299,415,124461,4021,-4876,123272,104,19228,426,0,58530,0.0009999999999998899
3687000,-1201,2080,124511,-13872,4161,128349,110,19225,451,0,58531,0.0009999999999998899
3688000,-3529,16404,127756,-843,13981,119443,153,19225,627,1,58532,0.0009999999999998899
3689000,-1572,11220,126067,439,3545,124325,113,19231,627,1,58533,0.0009999999999998899
3690000,3498,4045,125064,-6140,-4530,129011,97,19232,463,1,58534,0.001000000000000334
3691000,12249,5120,123385,13523,244,121159,97,19225,397,0,58535,0.0009999999999998899
3692000,7566,-4681,123148,6594,-6233,125854,96,19227,393,0,58536,0.0009999999999998899
3693000,7563,-3753,125728,4792,-1664,128245,114,19224,467,0,58537,0.0009999999999998899
3694000,3179,-1715,124861,2616,7947,125526,122,19224,500,1,58538,0.001000000000000334
3695000,1236,11745,128727,-212,12698,122805,108,19221,500,1,58539,0.0009999999999998899
3696002,4601,5988,126834,7011,-277,128485,102,19231,442,1,58540,0.0010020000000001694
3697002,6705,-3730,124701,9648,-2990,123459,102,19231,418,1,58541,0.0009999999999998899
3698000,12327,-1327,128874,5233,-8014,129218,121,19225,496,0,58542,0.0009980000000000544
3699000,7455,-8805,126566,10606,-10897,131997,99,19228,405,0,58543,0.0009999999999998899
3700000,4965,-406,129767,-1249,-4040,127136,106,19230,434,0,58544,0.0009999999999998899
3701001,1763,9378,130810,-4621,6817,126701,135,19230,434,1,58545,0.0010010000000000296
3702000,-1779,4045,129777,3096,-2074,132024,113,19227,553,1,58546,0.0009990000000001942
3703000,6067,16452,128565,3376,12534,120785,113,19234,463,1,58547,0.0009999999999998899
3704000,5342,-6754,126838,-6260,-9971,136001,101,19223,414,0,58548,0.0009999999999998899
3705000,11741,-17001,126016,14984,-14224,129061,147,19231,602,0,58549,0.0009999999999998899
3706000,3287,8536,131883,10455,3193,124507,108,19227,442,0,58550,0.001000000000000334
3707000,-126,-6161,128499,-19180,-7765,133417,109,19227,442,0,58551,0.0009999999999998899
3708000,-2048,5617,134713,-13075,2659,129334,134,19223,446,1,58552,0.0009999999999998899
3709000,-4315,11342,132754,4438,6083,126853,134,19229,549,1,58553,0.0009999999999998899
3710002,-4328,7612,129597,-5219,383,122902,105,19232,430,1,58554,0.0010020000000001694
3711000,406,-14709,129675,-17611,-18252,137623,115,19220,471,0,58555,0.0009980000000000544
3712000,-332,-9288,128324,9559,-13197,129654,92,19226,377,0,58556,0.0009999999999998899
3713000,-2875,7111,129797,-5503,5866,123998,110,19226,377,0,58557,0.0009999999999998899
3714000,-10008,4586,134457,-19465,-2816,129118,134,19226,451,1,58558,0.001000000000000334
3715000,-8622,8362,129671,-11356,4505,124271,134,19223,549,1,58559,0.0009999999999998899
3716000,-7690,138,128703,-11006,-5013,139747,117,19230,479,1,58560,0.0009999999999998899
3717000,-2731,6288,128993,-2573,6323,120735,101,19228,414,1,58561,0.0009999999999998899
3718001,-2729,7595,127158,-9108,-443,124230,157,19228,643,0,58562,0.0010010000000000296
3719000,-1793,-6673,125678,-6295,-8036,132916,105,19228,643,0,58563,0.0009990000000001942
3720000,111,-3581,127755,-7991,-7448,126681,109,19230,430,0,58564,0.0009999999999998899
3721000,-4771,12354,128782,-3460,7663,123390,109,19223,446,1,58565,0.0009999999999998899
3722000,-8318,13877,124359,-8124,10132,122500,128,19229,524,1,58566,0.001000000000000334
3723000,-7028,10970,129449,-17478,8151,123841,113,19230,463,1,58567,0.0009999999999998899
3724000,1084,4265,125359,1181,62,127535,112,19220,459,0,58568,0.0009999999999998899
3725000,1496,-11102,123579,1802,-14226,131469,86,19220,459,0,58569,0.0009999999999998899
3726000,-2205,-4600,125858,-4295,-8118,127317,109,19228,352,0,58570,0.001000000000000334
3727002,1538,12643,127485,-9294,10063,117348,109,19228,446,0,58571,0.0010019999999997253
3728000,-211,12795,126827,2738,9983,128416,125,19221,512,1,58572,0.0009980000000000544
3729000,-831,2448,125284,49,-378,124639,112,19229,459,1,58573,0.0009999999999998899
3730003,3692,12903,125674,-4662,9687,116128,99,19230,405,1,58574,0.0010030000000003092
3731000,8494,7442,124831,6237,5685,126877,136,19230,557,0,58575,0.0009969999999999146
3732000,13350,-6941,123565,14000,-13196,131274,109,19232,557,0,58576,0.0009999999999998899
3733000,3923,-6408,125377,6436,-4786,125120,112,19227,446,0,58577,0.0009999999999998899
3734000,5977,5992,126534,-3971,7712,122302,112,19226,459,1,58578,0.001000000000000334
3735000,893,10091,129599,6149,9746,125979,141,19227,577,1,58579,0.0009999999999998899
3736001,6460,6568,126720,2925,2491,127187,111,19230,455,1,58580,0.0010010000000000296
3737000,8099,-331,124259,3030,-3366,123513,103,19230,422,1,58581,0.00099899999999975
3738002,9472,3057,126159,1657,7148,123592,123,19223,422,0,58582,0.0010020000000001694
3739000,13418,-16315,125891,17757,-21474,134613,106,19231,504,0,58583,0.0009980000000000544
3740000,2773,-10194,129562,-2795,-4722,131806,106,19229,434,0,58584,0.0009999999999998899
3741000,3378,4337,130951,-9804,6115,128904,113,19222,463,1,58585,0.0009999999999998899
3742002,-2091,13699,130197,11563,13149,118386,112,19231,459,1,58586,0.0010020000000001694
3743001,779,10677,128569,-245,-2690,130944,101,19230,414,1,58587,0.0009990000000001942
3744000,9535,-14813,126825,-5395,-24364,135870,128,19230,414,0,58588,0.00099899999999975
3745000,8257,-7182,130099,21418,1394,123519,101,19224,524,0,58589,0.0009999999999998899
3746000,7723,4786,129947,5262,-5784,131987,101,19231,414,0,58590,0.001000000000000334
3747000,-3981,-523,129959,-24387,4867,124137,104,19227,426,0,58591,0.0009999999999998899
3748000,-647,7681,133891,-2983,343,134775,147,19227,602,1,58592,0.0009999999999998899
3749000,-8646,-4478,127250,9585,-6806,130857,112,19232,459,1,58593,0.0009999999999998899
3750000,-4990,15517,132916,-25251,11571,118369,99,19232,459,1,58594,0.001000000000000334
3751000,3150,-11470,127042,-1835,-11974,137356,119,19222,405,0,58595,0.0009999999999998899
3752000,6961,-9970,130460,12555,-12374,128388,119,19232,487,0,58596,0.0009999999999998899
3753000,-3839,6706,130107,-11286,3175,130019,111,19232,455,0,58597,0.0009999999999998899
3754000,-8340,-361,128168,-23953,1035,129276,120,19221,491,1,58598,0.001000000000000334
3755000,-7791,8765,133149,-1826,8731,128601,111,19230,455,1,58599,0.0009999999999998899
3756000,-10742,3205,128808,-5351,-1834,131933,105,19230,455,1,58600,0.0009999999999998899
3757000,-1050,7639,128560,-15478,8778,120146,120,19232,430,1,58601,0.0009999999999998899
3758000,-3455,-7020,126302,-5588,-13218,133775,120,19215,491,0,58602,0.001000000000000334
3759000,455,-2259,126037,-3077,-2702,123929,93,19231,381,0,58603,0.0009999999999998899
3760000,-2909,6527,128268,-10804,2703,125546,106,19229,434,0,58604,0.0009999999999998899
3761000,-8746,4637,129226,-8322,1711,125001,137,19225,561,1,58605,0.0009999999999998899
3762001,-6113,10267,128893,-9143,3404,126358,116,19225,561,1,58606,0.0010010000000000296
3763000,-5786,9481,126804,-4598,6940,125463,104,19228,475,1,58607,0.0009990000000001942
3764000,616,10138,128533,-3095,6672,122634,104,19223,426,0,58608,0.0009999999999998899
3765003,2712,-4103,122927,255,-7286,125614,120,19227,491,0,58609,0.0010029999999998651
3766001,1185,-1239,124438,2238,-676,129833,110,19229,451,0,58610,0.0009980000000000544
3767000,-102,5742,124565,-9108,2897,120065,115,19226,471,1,58611,0.0009990000000001942
3768000,-3292,9357,125696,-268,6690,125925,142,19226,471,1,58612,0.0009999999999998899
3769000,1020,10644,126105,-6127,7401,125295,103,19230,582,1,58613,0.0009999999999998899
3770000,5118,3520,124689,2167,278,122803,103,19236,422,1,58614,0.001000000000000334
3771000,7282,3258,123911,14448,-103,122310,107,19229,438,0,58615,0.0009999999999998899
3772000,12094,-4777,121256,-496,-9320,126174,93,19228,381,0,58616,0.0009999999999998899
3773000,7086,3160,127671,8960,-156,124526,113,19227,463,0,58617,0.0009999999999998899
3774000,3934,3810,128874,3370,1176,127790,134,19227,549,1,58618,0.001000000000000334
3775000,601,20647,128328,-8837,17240,121945,113,19227,549,1,58619,0.0009999999999998899
3776000,2297,4633,128444,13801,516,133936,97,19229,463,1,58620,0.0009999999999998899
3777000,10530,-9537,123127,2942,-13645,122911,97,19228,397,0,58621,0.0009999999999998899
3778000,10418,6797,127905,3228,3070,125308,146,19233,598,0,58622,0.001000000000000334
3779000,11204,338,126440,14898,-1683,126648,104,19230,426,0,58623,0.0009999999999998899
3780000,6376,-3994,127370,1028,-1377,127744,109,19230,446,0,58624,0.0009999999999998899
3781000,2063,2567,130431,-473,2871,130029,126,19228,446,1,58625,0.0009999999999998899
3782000,978,8107,129372,3131,4747,126472,109,19227,516,1,58626,0.001000000000000334
3783000,1747,5367,131172,-3188,-2004,129132,109,19229,446,1,58627,0.0009999999999998899
3784000,6682,-2093,130367,-1825,-11695,128016,107,19221,438,0,58628,0.0009999999999998899
3785000,10612,-13210,127452,18218,-16335,138098,119,19236,487,0,58629,0.0009999999999998899
3786000,-1703,1617,130516,1603,3993,122055,112,19236,459,0,58630,0.001000000000000334
3787000,7178,7500,129853,-20361,-2202,131033,127,19225,459,1,58631,0.0009999999999998899
3788000,-6624,14146,133745,6837,18127,124030,113,19218,520,1,58632,0.0009999999999998899
3789001,-1599,3128,131951,-8849,-11664,134714,113,19231,463,1,58633,0.0010010000000000296
3790002,-7937,-4702,130251,-7935,-12349,130894,99,19234,405,1,58634,0.0010010000000000296
3791000,-1816,-16292,128186,-11112,-16619,132614,133,19225,545,0,58635,0.0009980000000000544
3792000,2653,3350,132115,5039,6636,126379,105,19228,430,0,58636,0.0009999999999998899
3793000,-2935,2653,129200,-10282,-18,130988,111,19228,430,0,58637,0.0009999999999998899
3794003,-5502,15032,131425,-20840,14543,123903,150,19222,455,1,58638,0.0010030000000003092
3795000,-11465,-2603,127990,-7680,-6028,135755,150,19228,614,1,58639,0.0009969999999999146
3796000,-2324,4889,130210,-8132,6160,124399,114,19230,467,1,58640,0.0009999999999998899
3797000,-7089,7049,129932,-3820,-3891,130819,104,19222,426,0,58641,0.0009999999999998899
3798000,-3173,-11049,124183,-19764,-6801,126502,145,19227,594,0,58642,0.001000000000000334
3799000,-3732,645,129704,2567,-4841,132973,105,19227,594,0,58643,0.0009999999999998899
3800002,-3177,2817,125015,-5697,4898,118843,116,19232,430,0,58644,0.0010019999999997253
3801001,-6322,17108,128729,-14080,11789,124025,116,19222,475,1,58645,0.0009990000000001942
3802000,-11036,-7145,127595,-13900,-8384,131515,114,19228,467,1,58646,0.0009990000000001942
3803000,2115,11604,127333,-2594,6111,120333,105,19231,430,1,58647,0.0009999999999998899
3804000,-3369,4214,127122,5475,-3691,130267,126,19228,516,0,58648,0.0009999999999998899
3805000,1341,-8794,123441,-4748,-10004,121749,101,19228,516,0,58649,0.0009999999999998899
3806000,-503,893,124566,-9321,-2436,128248,111,19230,414,0,58650,0.001000000000000334
3807000,-824,11432,126395,-784,10006,123176,111,19226,455,1,58651,0.0009999999999998899
3808000,-2406,16693,127731,-4564,10708,117343,148,19225,606,1,58652,0.0009999999999998899
3809001,-3542,12726,126011,-7436,5499,126375,113,19231,463,1,58653,0.0010010000000000296
3810000,7982,-2098,122031,-1589,-3947,125304,97,19227,397,0,58654,0.00099899999999975
3811000,8397,-8652,123261,18475,-11546,126584,105,19227,397,0,58655,0.001000000000000334
3812000,9864,6843,124812,2689,3534,117754,113,19230,430,0,58656,0.0009999999999998899
3813000,4662,-4859,124119,1052,-9571,129859,113,19227,463,0,58657,0.0009999999999998899
3814001,2814,2253,128518,1696,49,125863,118,19223,483,1,58658,0.0010010000000000296
3815002,6340,10924,128921,-254,9359,122682,113,19229,463,1,58659,0.0010010000000000296
3816002,4188,8465,125807,14076,4978,125776,104,19232,426,1,58660,0.0009999999999998899
3817002,9547,3295,125145,2185,-106,120211,115,19232,471,0,58661,0.001000000000000334
3818002,10620,-2927,126968,-4824,-7014,131227,96,19224,471,0,58662,0.0009999999999998899
3819000,10965,-13959,125794,25607,-18482,136088,104,19228,393,0,58663,0.0009980000000000544
3820000,2641,-7514,129169,3737,-12895,126266,104,19227,426,1,58664,0.0009999999999998899
3821002,852,14759,131616,-16852,11535,123843,131,19223,537,1,58665,0.0010020000000001694
3822000,2580,8999,129015,7287,6814,133527,116,19232,475,1,58666,0.0009979999999996103
3823000,2356,-1464,127885,6973,-5247,127392,103,19232,422,1,58667,0.001000000000000334
3824002,11349,-4828,128665,-8075,-7934,124575,156,19229,422,0,58668,0.0010019999999997253
3825001,8892,-4495,130473,19435,-6802,132457,108,19229,639,0,58669,0.0009990000000001942
3826000,4692,-10643,128408,8459,-15045,132147,108,19228,442,0,58670,0.00099899999999975
3827000,2304,6453,132697,-21667,11187,125193,110,19227,451,1,58671,0.001000000000000334
3828000,-8269,11796,132623,25,12632,127703,135,19230,553,1,58672,0.0009999999999998899
3829000,-6809,-1298,129213,1797,-2613,130580,104,19230,426,1,58673,0.0009999999999998899
3830000,-578,-11141,129023,-21078,-13549,135828,113,19230,426,0,58674,0.0009999999999998899
3831000,398,-8018,126599,-1539,-2042,126761,89,19213,463,0,58675,0.001000000000000334
3832000,3972,10069,129907,-3724,15818,116356,89,19230,365,0,58676,0.0009999999999998899
3833001,-3880,1709,133294,-17481,-6090,133969,109,19228,446,0,58677,0.0010010000000000296
3834000,-5098,-10087,130109,-8480,-8095,132736,133,19221,545,1,58678,0.00099899999999975
3835000,-9945,13545,131371,-12218,10620,123504,117,19230,479,1,58679,0.001000000000000334
3836000,-6407,14938,130744,-13290,11831,120157,102,19230,479,1,58680,0.0009999999999998899
3837000,-3831,4159,128333,-1801,-6851,131740,148,19227,418,0,58681,0.0009999999999998899
3838000,-2983,-11834,125147,-6049,-18405,135366,148,19225,606,0,58682,0.0009999999999998899
3839000,-2497,-1970,126895,-4229,4283,120753,103,19229,422,0,58683,0.001000000000000334
3840000,-4689,14613,130084,-12578,9072,121178,106,19224,434,1,58684,0.0009999999999998899
3841000,-3318,12423,128974,-7896,8762,125109,135,19231,553,1,58685,0.0009999999999998899
3842000,-10198,2860,128027,-6942,231,130099,113,19231,553,1,58686,0.0009999999999998899
3843002,-1887,-3804,124283,-8928,-9880,129586,109,19234,463,1,58687,0.0010020000000001694
3844000,426,11183,125430,436,11288,115602,109,19222,446,0,58688,0.0009980000000000544
3845001,5501,-3467,124305,-4305,-9650,129489,86,19232,352,0,58689,0.0010010000000000296
3846000,5224,-1900,126169,-5715,-4448,125238,110,19227,451,0,58690,0.00099899999999975
3847000,-3516,13508,127383,4830,3527,123829,122,19219,500,1,58691,0.001000000000000334
3848000,-4945,5793,123058,-7633,8011,124915,112,19219,500,1,58692,0.0009999999999998899
3849000,356,17485,129220,-6386,12821,119189,98,19234,459,1,58693,0.0009999999999998899
3850000,9914,1039,122514,12125,-2658,128410,98,19235,401,0,58694,0.0009999999999998899
3851000,7203,-1379,123944,7555,-7549,123774,132,19231,541,0,58695,0.001000000000000334
3852000,6516,-5785,125520,2805,-10432,126985,110,19224,451,0,58696,0.0009999999999998899
3853000,5868,2052,128084,5970,-3230,125899,115,19224,471,0,58697,0.0009999999999998899
3854004,2765,6189,128400,2815,2061,127128,137,19224,471,1,58698,0.0010040000000000049
3855005,4481,7374,129283,5397,3142,125281,108,19225,561,1,58699,0.0010010000000000296
3856015,3602,12079,126009,-1008,6430,120257,108,19231,442,1,58700,0.0010099999999999554
3857002,11955,4345,124563,8535,1706,125303,102,19227,418,0,58701,0.0009870000000002932
3858000,9363,-4110,128378,12743,-6999,128907,123,19231,504,0,58702,0.0009979999999996103
3859000,10037,-9767,126033,1776,-12898,131787,113,19227,463,0,58703,0.001000000000000334
3860000,4417,1703,129576,1313,-1695,127101,117,19227,479,1,58704,0.0009999999999998899
3861000,-209,7558,131165,7719,4572,128553,106,19223,479,1,58705,0.0009999999999998899
3862000,3175,7093,128052,-8607,3712,124753,106,19230,434,1,58706,0.0009999999999998899
3863000,5336,3058,130151,3488,-779,128852,103,19231,422,1,58707,0.001000000000000334
3864000,8324,-10954,128067,8119,-13711,130279,129,19222,528,0,58708,0.0009999999999998899
3865000,7493,-4191,129905,967,-7400,126948,101,19230,414,0,58709,0.0009999999999998899
3866000,-2405,416,130304,9943,-2772,131876,105,19230,430,0,58710,0.0009999999999998899
3867000,2398,-112,129770,-20373,-3515,128289,138,19228,430,1,58711,0.001000000000000334
3868000,-6954,18447,135842,-7346,16631,121865,112,19228,565,1,58712,0.0009999999999998899
3869000,-1733,4334,128264,11989,936,130463,112,19232,459,1,58713,0.0009999999999998899
3870000,-5421,-8591,129227,-14135,-12052,136000,98,19227,401,0,58714,0.0009999999999998899
3871000,861,-14021,129044,-14616,-19632,131187,129,19233,528,0,58715,0.001000000000000334
3872000,-448,11325,132894,10366,9056,124077,109,19233,446,0,58716,0.0009999999999998899
3873001,-8821,8292,129995,-11832,4438,123901,116,19225,446,0,58717,0.0010010000000000296
3874000,-7788,6692,131493,-24128,1778,134250,115,19221,475,1,58718,0.00099899999999975
3875000,-6541,-7132,125540,-4196,-4232,130267,115,19229,471,1,58719,0.001000000000000334
3876000,-3598,15766,130801,-2788,17393,117136,107,19230,438,1,58720,0.0009999999999998899
3877000,-1866,7274,129045,-14732,-8150,130012,123,19216,504,0,58721,0.0009999999999998899
3878000,-4287,-12119,125098,-2946,-12495,130477,96,19216,393,0,58722,0.0009999999999998899
3879000,-2568,561,129814,-7623,1843,136620,105,19229,393,0,58723,0.001000000000000334
3880001,-5459,5052,125727,-10320,7894,115524,136,19229,430,1,58724,0.0010010000000000296
3881000,-8307,23546,129058,-9571,8894,124475,136,19226,557,1,58725,0.00099899999999975
3882000,-4467,14,127476,-11842,-2600,130877,118,19234,483,1,58726,0.0009999999999998899
3883002,392,2928,126258,2944,8230,127142,103,19226,422,0,58727,0.0010020000000001694
3884000,-1615,-4036,124010,-5128,-10504,126005,135,19234,553,0,58728,0.0009980000000000544
3885000,-143,2054,123222,-9394,6158,117642,109,19234,553,0,58729,0.0009999999999998899
3886000,227,5251,128113,313,-1984,134492,112,19230,446,0,58730,0.0009999999999998899
3887000,-2929,1347,125647,1039,1985,125201,112,19224,459,1,58731,0.001000000000000334
3888000,-5293,17937,126647,-8523,11893,122027,137,19230,561,1,58732,0.0009999999999998899
3889000,2842,9103,125643,-817,6153,121586,106,19232,434,1,58733,0.0009999999999998899
3890000,11119,6909,125029,12017,-3547,122514,108,19225,442,0,58734,0.0009999999999998899
3891000,8728,-9342,124524,8761,-15377,134979,93,19225,442,0,58735,0.001000000000000334
3892000,5656,-3178,123159,1710,2105,121025,114,19225,381,0,58736,0.0009999999999998899
3893000,3395,-2042,127805,3020,-8277,132681,114,19228,467,0,58737,0.0009999999999998899
3894000,2785,7453,126644,4775,8611,121595,133,19224,545,1,58738,0.0009999999999998899
3895000,3594,11490,126536,-4367,4504,127439,117,19228,479,1,58739,0.001000000000000334
3896000,7652,1482,127267,5523,1373,122955,99,19229,405,1,58740,0.0009999999999998899
3897002,12215,2883,125460,8983,-1631,121982,144,19229,405,0,58741,0.0010019999999997253
3898001,11708,-9771,126462,13315,-15897,137526,113,19231,590,0,58742,0.0009990000000001942
3899000,3743,-8499,126729,4954,-10172,127642,113,19229,463,0,58743,0.0009990000000001942
3900000,3736,7067,131665,-12115,5885,127906,111,19227,455,1,58744,0.0009999999999998899
3901000,-536,17965,131470,6898,16653,125917,133,19228,545,1,58745,0.0009999999999998899
3902000,-1224,4043,129165,2870,-1075,128812,113,19230,463,1,58746,0.0009999999999998899
3903000,9495,-2343,127947,-4629,-6978,129516,108,19230,463,1,58747,0.001000000000000334
3904000,11360,-9803,127492,10226,-11972,127734,122,19218,442,0,58748,0.0009999999999998899
3905000,11179,-1577,131200,25084,-6374,132632,122,19231,500,0,58749,0.0009999999999998899
3906000,967,-1841,130093,-17942,-4115,126446,104,19230,426,0,58750,0.0009999999999998899
3907000,5,5701,134277,-16284,2480,129011,121,19220,496,1,58751,0.001000000000000334
3908000,-10332,464,132267,13556,-3225,132854,113,19229,463,1,58752,0.0009999999999998899
3909000,-5731,-378,128385,-16068,-3403,126788,98,19229,401,1,58753,0.0009999999999998899
3910000,-64,-6059,130815,-13421,-9666,132593,131,19229,401,0,58754,0.0009999999999998899
3911000,2018,2706,128560,8320,-402,124783,103,19229,537,0,58755,0.001000000000000334
3912001,-371,4320,129915,-2601,558,126698,103,19230,422,0,58756,0.0010009999999995856
3913002,-8342,4223,130836,-18608,665,126804,111,19225,455,1,58757,0.0010010000000000296
3914000,-8490,-6022,131364,-13119,-10056,138290,147,19226,602,1,58758,0.0009980000000000544
3915000,-10053,12292,129956,-5234,10046,122212,115,19226,471,1,58759,0.001000000000000334
3916000,-2947,6007,127814,-18228,2961,130791,104,19229,471,1,58760,0.0009999999999998899
3917000,-1903,-3041,126155,748,-6924,127960,140,19225,426,0,58761,0.0009999999999998899
3918000,-1136,-6732,124863,-2794,-9550,126290,140,19235,573,0,58762,0.0009999999999998899
3919000,140,11416,130454,-11540,8553,122648,105,19230,430,0,58763,0.001000000000000334
3920000,-5544,8374,127172,-7829,6020,128104,117,19220,479,1,58764,0.0009999999999998899
3921000,-6463,7590,128477,-6176,4461,126236,112,19220,459,1,58765,0.0009999999999998899
3922000,-8568,6942,126596,-12474,4326,124708,107,19228,459,1,58766,0.0009999999999998899
3923000,966,3375,125927,-5148,2730,124773,127,19230,438,0,58767,0.001000000000000334
3924000,528,-218,125733,2848,-2835,126607,127,19231,520,0,58768,0.0009999999999998899
3925002,2643,-4897,123184,-3322,631,126659,100,19230,410,0,58769,0.0010019999999997253
3926000,94,10104,126498,2267,15791,117359,106,19230,434,0,58770,0.0009980000000000544
3927001,-2109,3051,125894,-5518,717,127961,145,19224,594,1,58771,0.0010010000000000296
3928000,-1641,-426,127743,-2117,-1649,125853,115,19224,594,1,58772,0.0009990000000001942
3929000,3348,7068,124818,2315,2533,123949,97,19231,471,1,58773,0.0009999999999998899
3930000,6923,9159,126276,8813,2936,119389,97,19229,397,0,58774,0.0009999999999998899
3931000,9674,1096,122374,9570,-6710,125523,110,19232,451,0,58775,0.0009999999999998899
3932000,7467,-10860,123347,4906,-12465,133331,113,19230,463,0,58776,0.001000000000000334
3933000,5725,2952,127178,4518,5824,121835,116,19223,475,1,58777,0.0009999999999998899
3934000,2459,14630,128995,1365,13810,120922,112,19223,475,1,58778,0.0009999999999998899
3935000,4025,6797,127969,2852,175,127988,106,19226,459,1,58779,0.0009999999999998899
3936000,8545,-4355,124581,8064,-4594,129194,106,19232,434,1,58780,0.001000000000000334
3937000,10662,-2307,125185,3478,-4900,125478,115,19223,471,0,58781,0.0009999999999998899
3938000,8135,6252,127690,8660,2337,122665,102,19227,418,0,58782,0.0009999999999998899
3939000,6385,-7247,127185,4105,-10942,130053,110,19228,451,0,58783,0.0009999999999998899
3940000,3787,-4650,131536,-5018,-7762,132497,133,19228,451,1,58784,0.001000000000000334
3941000,531,12665,130285,4876,10915,121048,116,19227,545,1,58785,0.0009999999999998899
3942000,1239,10705,131176,3569,5944,127351,116,19232,475,1,58786,0.0009999999999998899
3943000,4009,-3135,127917,-4874,-8817,129051,102,19228,418,0,58787,0.0009999999999998899
3944000,9311,-11473,127723,6029,-14440,132473,159,19233,651,0,58788,0.001000000000000334
3945000,3941,-6435,129707,16399,-8229,131436,102,19232,418,0,58789,0.0009999999999998899
3946000,1814,-995,130915,-14876,-2805,121840,107,19232,418,0,58790,0.0009999999999998899
3947000,226,11299,134181,-13039,5838,132823,132,19225,438,1,58791,0.0009999999999998899
3948000,-7184,5162,130458,7214,1879,126969,132,19231,541,1,58792,0.001000000000000334
3949000,-6791,165,130476,-9571,-6948,128997,107,19233,438,1,58793,0.0009999999999998899
3950000,-768,-2858,128862,-18698,-5594,128981,108,19220,442,0,58794,0.0009999999999998899
3951000,1970,770,128621,10386,-2770,127220,85,19230,348,0,58795,0.0009999999999998899
3952000,-4128,2274,130400,-4712,-1598,128153,111,19230,455,0,58796,0.001000000000000334
3953002,-5191,8112,130761,-21838,4633,125655,129,19228,455,1,58797,0.0010019999999997253
3954001,-10777,-2339,130965,-9522,-5297,131681,116,19223,528,1,58798,0.0009990000000001942
3955000,-8496,7895,131395,-7796,4966,124382,116,19230,475,1,58799,0.00099899999999975
3956000,-3118,5628,128746,-9717,3119,128775,101,19231,414,1,58800,0.001000000000000334
3957000,-7067,675,126039,-9284,-3275,127330,145,19225,594,0,58801,0.0009999999999998899
3958000,-1022,-3833,126296,-8338,-6385,126337,104,19225,426,0,58802,0.0009999999999998899
3959000,-1870,5286,128555,-5358,2178,127506,107,19228,426,0,58803,0.0009999999999998899
3960000,-4427,2780,127756,-4014,-985,126880,135,19224,438,1,58804,0.001000000000000334
3961000,-7436,6786,127405,-10307,1782,125233,135,19233,553,1,58805,0.0009999999999998899
3962002,-6002,17058,128563,-17787,15839,119033,111,19231,455,1,58806,0.0010020000000001694
3963000,651,6663,124067,7788,3135,131541,106,19224,434,0,58807,0.0009979999999996103
3964000,-2541,-6468,122839,-4911,-12683,126639,92,19224,377,0,58808,0.001000000000000334
3965000,441,2694,124568,-11287,-2987,118773,109,19228,377,0,58809,0.0009999999999998899
3966000,322,15162,128210,-1948,10662,127063,123,19228,446,0,58810,0.0009999999999998899
3967000,1399,8485,126405,1305,5208,122930,123,19219,504,1,58811,0.0009999999999998899
3968002,-1624,6496,126115,-645,903,126537,109,19232,446,1,58812,0.0010020000000001694
3969001,3823,579,122546,-4348,3212,121352,97,19234,397,1,58813,0.0009990000000001942
3970000,7916,9931,125106,5850,7250,120455,129,19229,528,0,58814,0.00099899999999975
3971000,10448,-1464,125041,9547,-10491,130915,115,19229,528,0,58815,0.0009999999999998899
3972000,5449,-8534,124281,1058,-9387,126445,115,19228,471,0,58816,0.001000000000000334
3973000,2022,3935,128307,-2303,-4961,133102,115,19225,471,1,58817,0.0009999999999998899
3974001,4046,7409,126975,7909,8259,115260,137,19228,561,1,58818,0.0010010000000000296
3975000,4882,16616,128073,4477,6744,125074,112,19233,459,1,58819,0.00099899999999975
3976000,5402,8269,127642,-1868,-1445,125369,104,19222,426,1,58820,0.001000000000000334
3977000,11980,-2626,126131,11800,-9494,125286,117,19222,426,0,58821,0.0009999999999998899
3978000,6722,-8114,127148,19761,-11230,134054,104,19230,479,0,58822,0.0009999999999998899
3979000,5605,-894,128908,-13513,-2566,123959,104,19225,426,0,58823,0.0009999999999998899
3980000,3946,3978,131324,1491,1486,132376,111,19220,455,1,58824,0.001000000000000334
3981000,3446,9286,130130,10357,5191,125484,106,19229,434,1,58825,0.0009999999999998899
3982001,1513,13706,129121,-9688,3984,123297,104,19230,426,1,58826,0.0010010000000000296
3983000,5460,-3961,127362,-999,-11126,132624,129,19230,426,0,58827,0.00099899999999975
3984000,11497,-12806,128483,20990,-14319,127900,97,19222,528,0,58828,0.001000000000000334
3985001,3402,3441,131799,3227,-1594,134465,97,19233,397,0,58829,0.0010010000000000296
3986000,2707,4196,130583,-26522,4974,121217,103,19225,422,0,58830,0.00099899999999975
3987002,-2071,6609,135592,5365,-2452,137420,142,19227,582,1,58831,0.0010020000000001694
3988002,-7323,-7030,127443,2542,-8142,135942,111,19230,455,1,58832,0.0009999999999998899
3989000,-5076,1799,130465,-26379,-900,122222,100,19230,455,1,58833,0.0009980000000000544
3990000,931,-5398,131515,-1733,-9600,136744,127,19227,410,0,58834,0.0009999999999998899
3991000,4237,5869,128940,12955,7875,122489,127,19229,520,0,58835,0.0009999999999998899
3992000,-4219,721,130001,-19276,-6666,134615,110,19228,451,0,58836,0.001000000000000334
3993000,-5891,-357,130143,-15525,-820,128704,117,19221,479,1,58837,0.0009999999999998899
3994000,-7232,7074,130524,-1845,4685,130361,117,19232,479,1,58838,0.0009999999999998899
3995000,-7703,7370,130583,-10453,5672,128040,109,19232,479,1,58839,0.0009999999999998899
3996000,-5050,9577,129166,-13511,5712,117939,119,19231,446,1,58840,0.001000000000000334
3997001,-1262,-7201,126618,-6386,-11513,139648,119,19219,487,0,58841,0.0010010000000000296
3998000,-2776,-228,126242,-1909,-874,120540,104,19230,426,0,58842,0.00099899999999975
3999000,-933,4335,129996,-11564,1121,128669,111,19229,455,0,58843,0.0009999999999998899
4000000,-5839,4492,125950,-3660,1710,124304,141,19223,577,1,58844,0.001000000000000334
4001000,-5779,3265,127287,-11161,-2515,126713,117,19223,479,1,58845,0.0009999999999994458
4002000,-3272,4416,126248,-11125,2745,126265,104,19228,479,1,58846,0.001000000000000334
4003000,-1449,14297,126723,7789,11767,114867,133,19230,426,0,58847,0.001000000000000334
4004000,-248,-8047,123245,-6956,-10840,133785,133,19233,545,0,58848,0.0009999999999994458
4005000,1277,6271,126498,-6916,3895,119824,109,19229,446,0,58849,0.001000000000000334
4006002,2663,5020,126020,5824,1625,129407,111,19224,455,1,58850,0.0010019999999997253
4007000,-3121,11325,126797,-281,8277,120296,137,19224,561,1,58851,0.0009980000000000544
4008002,-1280,583,124934,-15344,-4319,129139,105,19228,561,1,58852,0.0010019999999997253
4009002,7137,7051,123702,8541,3710,120793,106,19230,430,1,58853,0.001000000000000334
4010001,8924,420,120730,7248,-3103,127141,106,19224,434,0,58854,0.0009990000000001942
4011000,9886,-10731,124320,7556,-14883,126359,90,19228,369,0,58855,0.0009990000000001942
4012000,5159,-225,124149,6876,-4502,123818,114,19228,467,0,58856,0.0009999999999994458
4013000,4474,1858,128641,1515,-1570,130374,133,19228,545,1,58857,0.001000000000000334
4014000,-55,11601,128098,1225,9743,118240,114,19226,545,1,58858,0.001000000000000334
4015000,8612,8227,128837,3614,1124,131188,99,19229,467,1,58859,0.0009999999999994458
4016000,7569,-522,124762,8010,-4499,123039,99,19232,405,0,58860,0.001000000000000334
4017000,8613,-1772,126483,4410,-4233,128269,142,19229,582,0,58861,0.0009999999999994458
4018000,8686,-8468,125678,12417,-6310,130603,103,19231,422,0,58862,0.001000000000000334
4019000,3932,-1702,128846,-4593,-1672,128815,105,19227,430,0,58863,0.001000000000000334
4020000,4496,6786,130798,12669,15640,125141,131,19227,430,1,58864,0.0009999999999994458
4021000,-907,14394,130520,-3580,43,122993,112,19232,537,1,58865,0.001000000000000334
4022000,5290,-5461,127714,-10278,-10857,135088,112,19230,459,1,58866,0.001000000000000334
4023000,8557,-5547,128950,13819,-8615,128419,109,19221,446,0,58867,0.0009999999999994458
4024000,9106,-629,128996,13914,-4891,125663,120,19230,491,0,58868,0.001000000000000334
4025000,5243,960,130267,-4691,-3602,130513,104,19228,426,0,58869,0.0009999999999994458
4026000,-39,-3040,132142,-20828,-1477,131188,120,19228,426,1,58870,0.001000000000000334
4027000,-4423,10416,133227,9776,7791,128844,110,19220,491,1,58871,0.001000000000000334
4028000,-6561,2849,130585,-6005,-3570,130436,110,19230,451,1,58872,0.0009999999999994458
4029000,-4642,-7456,129346,-14060,-12540,132650,100,19231,410,1,58873,0.001000000000000334
4030000,995,-9799,128014,-4490,-7158,128734,132,19222,541,0,58874,0.001000000000000334
4031000,2689,10014,130388,3377,2798,123563,102,19229,418,0,58875,0.0009999999999994458
4032003,-3685,7519,130181,-6291,4556,128625,107,19229,418,0,58876,0.0010029999999998651
4033002,-8152,200,130503,-20918,-6069,129081,156,19228,438,1,58877,0.0009990000000001942
4034002,-10651,-1957,132274,-7737,-3168,136514,156,19231,639,1,58878,0.001000000000000334
4035001,-3638,11753,130587,-3518,11396,119938,117,19229,479,1,58879,0.000998999999999306
4036000,-7494,3272,129718,-5557,-4753,127744,105,19222,430,0,58880,0.0009990000000001942
4037000,-2277,-8162,122902,-17079,-12881,132044,160,19232,655,0,58881,0.001000000000000334
4038000,-4000,3111,127787,-5285,806,123423,112,19232,655,0,58882,0.001000000000000334
4039000,-1983,7957,128987,-2322,5258,123314,118,19226,459,0,58883,0.0009999999999994458
4040000,-8128,11584,128773,-10605,5974,123466,118,19222,483,1,58884,0.001000000000000334
4041001,-8719,1307,126970,-18957,-3030,133039,114,19226,467,1,58885,0.0010009999999995856
4042000,-583,10109,127354,-2958,7640,121948,110,19230,451,1,58886,0.0009990000000001942
4043000,-260,3097,125573,4023,-4380,125351,127,19222,520,0,58887,0.001000000000000334
4044000,345,-490,123057,-7664,-563,120526,97,19222,397,0,58888,0.0009999999999994458
4045000,480,2027,126461,-7265,-704,125884,106,19228,397,0,58889,0.001000000000000334
4046000,860,256,124490,2980,-2421,128686,142,19228,434,1,58890,0.0009999999999994458
4047000,-4742,21519,127899,-1982,18527,116825,142,19229,582,1,58891,0.001000000000000334
4048002,-1588,5532,124279,-12358,2174,126159,114,19228,467,1,58892,0.0010019999999997253
4049000,7702,4921,125032,9061,1382,123055,97,19228,397,0,58893,0.0009980000000000544
4050000,6048,-8450,122062,10213,-12525,132308,108,19228,442,0,58894,0.001000000000000334
4051000,10494,8184,125948,-3960,5277,115057,109,19232,442,0,58895,0.001000000000000334
4052000,3542,654,126042,10869,-2938,125886,116,19229,446,0,58896,0.0009999999999994458
4053000,5499,-5451,125561,2708,-8348,131611,116,19221,475,1,58897,0.001000000000000334
4054000,2094,4187,128764,-2707,1927,121471,121,19229,496,1,58898,0.0009999999999994458
4055002,5998,3492,128816,8996,1122,128445,105,19231,430,1,58899,0.0010020000000006135
4056002,8447,13868,126273,5424,13822,113451,112,19231,459,0,58900,0.0009999999999994458
4057000,7141,-6732,127324,534,-8157,144155,91,19221,459,0,58901,0.0009980000000000544
4058000,6410,-18029,123791,13214,-23113,128761,102,19232,373,0,58902,0.001000000000000334
4059004,2033,4780,130406,-1740,270,122702,102,19232,418,1,58903,0.0010040000000000049
4060000,2944,16721,130757,-3579,11354,125136,127,19226,520,1,58904,0.0009959999999997748
4061000,2575,8346,130745,6665,2774,129354,114,19230,467,1,58905,0.001000000000000334
4062000,3814,-6320,128016,-4473,-7722,135344,99,19226,405,1,58906,0.0009999999999994458
4063002,10013,-9920,126028,2918,-9808,123813,158,19226,405,0,58907,0.0010020000000006135
4064002,6260,-3112,129404,13173,-3300,131245,106,19232,647,0,58908,0.0009999999999994458
4065000,4373,-6807,127468,1412,-5930,131046,106,19230,434,0,58909,0.0009980000000000544
4066000,2796,5164,131989,-10853,828,129310,108,19224,442,1,58910,0.001000000000000334
4067000,-7962,4912,134429,1496,7396,127595,133,19232,545,1,58911,0.001000000000000334
4068003,-8054,5764,130831,-4787,-8040,127105,106,19231,434,1,58912,0.0010029999999998651
4069001,-267,-3691,130462,-13723,-11120,136469,108,19231,434,0,58913,0.0009980000000000544
4070000,-2857,-7179,128005,324,-7393,130198,101,19221,442,0,58914,0.000998999999999306
4071000,1875,8252,131242,-893,8339,118219,101,19226,414,0,58915,0.001000000000000334
4072001,-5581,4599,131629,-15902,153,131508,114,19226,467,0,58916,0.0010010000000004737
4073000,-3762,-2029,129890,-11567,283,129634,130,19223,532,1,58917,0.000998999999999306
4074000,-7962,5536,130369,-11202,-68,130415,118,19229,483,1,58918,0.001000000000000334
4075000,-4449,11454,128653,-9206,10768,119080,101,19229,483,1,58919,0.001000000000000334
4076000,-4539,7216,128825,-7498,-1523,129397,143,19229,414,0,58920,0.0009999999999994458
4077002,-3282,-9183,124941,-6107,-15319,132774,143,19224,586,0,58921,0.0010020000000006135
4078002,-3113,2254,127099,-4616,1492,121475,101,19231,414,0,58922,0.0009999999999994458
4079002,-3401,14123,129930,-15275,13703,131154,101,19227,414,1,58923,0.001000000000000334
4080000,-3946,11524,127108,471,4297,112568,134,19228,549,1,58924,0.0009980000000000544
4081000,-7892,4441,128457,-13297,-1596,134301,115,19228,549,1,58925,0.0009999999999994458
4082000,-203,1304,123669,-13289,2409,124054,107,19228,471,1,58926,0.001000000000000334
4083000,1310,5411,127598,8416,-560,122213,107,19226,438,0,58927,0.001000000000000334
4084000,4110,-5178,123041,-745,-9498,131762,88,19230,360,0,58928,0.0009999999999994458
4085000,585,7561,126396,-9553,5352,117850,105,19229,430,0,58929,0.001000000000000334
4086000,-429,2710,126150,-432,65,132137,121,19216,496,1,58930,0.0009999999999994458
4087002,-487,16947,125609,586,13954,118204,111,19216,455,1,58931,0.0010020000000006135
4088000,258,13864,126386,-3817,9909,125198,96,19228,455,1,58932,0.0009980000000000544
4089000,6326,2399,123583,4006,-1113,123632,128,19231,393,0,58933,0.0009999999999994458
4090000,8193,3870,124321,6684,5,125459,128,19232,524,0,58934,0.001000000000000334
4091001,9832,-7922,127001,8475,-9375,137927,105,19228,430,0,58935,0.0010009999999995856
4092000,5109,2570,126483,3130,868,117916,112,19222,459,0,58936,0.0009990000000001942
4093000,4855,6998,129046,-2691,2512,129458,139,19222,569,1,58937,0.001000000000000334
4094003,4376,8658,125936,7438,5555,123518,112,19228,569,1,58938,0.0010029999999998651
4095000,8652,-2315,124513,2408,-6010,132258,99,19232,459,1,58939,0.0009969999999999146
4096000,9331,3803,126576,7232,1489,121052,99,19224,405,0,58940,0.001000000000000334
4097000,13391,2752,127688,7122,-1434,121857,117,19229,479,0,58941,0.0009999999999994458
4098000,7724,-14431,127171,12982,-18133,138041,106,19233,434,0,58942,0.001000000000000334
4099002,2462,7343,131756,-615,4626,126448,115,19222,471,1,58943,0.0010019999999997253
4100000,799,4252,128945,-6389,-645,131993,109,19222,471,1,58944,0.0009980000000000544
4101000,-457,16995,133522,9399,14251,119021,101,19228,446,1,58945,0.001000000000000334
4102000,6836,-252,128741,-3809,-2766,127574,101,19230,414,1,58946,0.0009999999999994458
4103000,8763,-14126,127310,1558,-17930,136307,123,19224,504,0,58947,0.001000000000000334
4104000,9667,-2776,130955,18233,-6738,125861,97,19231,397,0,58948,0.001000000000000334
4105000,-132,-8020,128347,3276,-12643,130374,106,19231,434,0,58949,0.0009999999999994458
4106000,287,11304,132323,-20791,9115,122076,145,19231,434,1,58950,0.001000000000000334
4107000,-4415,2189,133256,-6584,565,139972,112,19228,594,1,58951,0.001000000000000334
4108000,-7619,4435,129548,10640,2714,119347,112,19234,459,1,58952,0.0009999999999994458
4109007,1382,-4401,128330,-19920,-9752,135683,97,19226,397,0,58953,0.0010070000000004242
4110000,-458,-9512,128925,-7740,-3297,128458,128,19235,524,0,58954,0.0009929999999993555
4111000,3574,1738,127629,11707,3544,126951,114,19226,467,0,58955,0.001000000000000334
4112000,-9316,2842,132025,-15849,2230,128345,121,19226,467,0,58956,0.001000000000000334
4113000,-8248,4602,130635,-11912,2588,128119,121,19222,496,1,58957,0.0009999999999994458
4114000,-9936,746,129784,3886,3778,138235,121,19227,496,1,58958,0.001000000000000334
4115003,-6141,7701,128491,-17520,6109,114152,107,19234,438,1,58959,0.0010029999999998651
4116002,-4348,2393,128274,-12429,764,130602,115,19215,471,0,58960,0.0009990000000001942
4117001,-5378,-9650,125237,-422,-8459,130870,90,19232,369,0,58961,0.0009990000000001942
4118000,-990,3375,127535,-5625,-161,124535,105,19232,369,0,58962,0.000998999999999306
4119000,-6656,3975,128039,-8911,3887,130266,133,19227,430,1,58963,0.001000000000000334
4120000,-9695,9290,128888,-13489,7226,117358,133,19221,545,1,58964,0.001000000000000334
4121000,-3979,6439,129422,-6852,1426,134339,119,19226,487,1,58965,0.0009999999999994458
4122000,-1546,6092,125919,933,-1170,122184,102,19231,418,0,58966,0.001000000000000334
4123000,-1404,592,123311,-6272,-2267,125183,134,19230,549,0,58967,0.001000000000000334
4124000,-790,1522,124362,-9868,776,122324,114,19230,549,0,58968,0.0009999999999994458
4125000,3934,4117,125605,-304,1773,126882,116,19225,467,0,58969,0.001000000000000334
4126000,-199,6912,125707,12207,8491,128064,116,19222,475,1,58970,0.0009999999999994458
4127000,-5969,6841,124143,-16393,3767,114462,145,19228,594,1,58971,0.001000000000000334
4128000,4237,9970,127054,-5594,3402,130700,108,19233,442,1,58972,0.001000000000000334
4129000,7720,9409,124317,20125,5758,118650,107,19228,438,0,58973,0.0009999999999994458
4130000,8151,-2760,124526,1387,-8665,126247,89,19228,438,0,58974,0.001000000000000334
4131000,5585,-7872,124473,382,-12528,128776,113,19228,365,0,58975,0.001000000000000334
4132000,4362,2036,126375,8927,-988,124441,113,19228,463,1,58976,0.0009999999999994458
4133008,4911,9418,129330,2108,10126,126979,131,19223,537,1,58977,0.001008000000000564
4134000,-94,13261,127649,-156,10545,121645,115,19229,471,1,58978,0.0009919999999992157
4135000,9847,-2400,123592,5316,-4043,130366,97,19230,397,1,58979,0.001000000000000334
4136001,9982,-1474,125548,8020,-4475,123078,140,19230,573,0,58980,0.0010009999999995856
4137000,11976,-8389,126084,10546,-15344,133904,102,19231,573,0,58981,0.0009990000000001942
4138000,7536,-4519,126279,10444,-5761,125613,103,19228,418,0,58982,0.001000000000000334
4139000,3258,7035,132525,-4164,3332,126928,103,19227,422,1,58983,0.001000000000000334
4140000,1244,4932,131108,1477,-264,133732,130,19234,532,1,58984,0.0009999999999994458
4141000,-3406,14750,130904,5053,11820,120869,110,19232,451,1,58985,0.001000000000000334
4142000,4452,-1359,128933,-6843,-5541,129730,108,19232,442,1,58986,0.0009999999999994458
4143000,9658,-14890,126691,6047,-18923,132135,121,19224,442,0,58987,0.001000000000000334
4144000,8271,-4033,129766,20749,-8210,127784,104,19233,496,0,58988,0.001000000000000334
4145001,-547,-3074,129040,-14144,-6763,132285,104,19233,426,0,58989,0.0010009999999995856
4146000,-615,15729,133268,-22402,12797,119050,119,19216,487,1,58990,0.0009990000000001942
4147000,-4063,162,131819,11685,-2148,137313,113,19232,463,1,58991,0.001000000000000334
4148000,-6711,-5765,129902,-847,-9231,129680,100,19232,410,1,58992,0.0009999999999994458
4149000,176,-17891,130532,-25088,-20545,135062,129,19229,410,0,58993,0.001000000000000334
4150000,-745,15653,131742,3353,12409,121172,100,19224,528,0,58994,0.0009999999999994458
4151000,829,4491,127082,6136,2082,139645,100,19228,410,0,58995,0.001000000000000334
4152002,-9323,-4575,131215,-16684,-8081,129010,110,19226,451,1,58996,0.0010019999999997253
4153000,-7951,4371,129759,-18274,2267,130875,145,19233,594,1,58997,0.0009980000000000544
4154000,-10278,11173,130318,-2500,6974,123864,117,19228,479,1,58998,0.001000000000000334
4155001,-4529,11212,130911,-11121,-1586,126561,106,19228,479,1,58999,0.0010009999999995856
4156000,-2893,-9995,127840,-11647,-14787,135920,156,19224,434,0,59000,0.0009990000000001942
4157000,-4124,-5910,124843,848,-5434,126457,156,19230,639,0,59001,0.001000000000000334
4158000,-743,3840,128302,-8274,6498,122931,102,19233,418,0,59002,0.0009999999999994458
4159000,-4281,19130,129146,-11243,11376,121764,114,19221,467,1,59003,0.001000000000000334
4160000,-6673,3450,126886,-9139,-6527,132804,110,19229,451,1,59004,0.001000000000000334
4161000,-7366,-3736,126889,-11572,635,124871,109,19229,451,1,59005,0.0009999999999994458
4162000,454,13222,128106,1436,-1441,116476,124,19229,446,0,59006,0.001000000000000334
4163000,1429,2003,123926,7025,-5324,135371,124,19224,508,0,59007,0.0009999999999994458
4164000,522,-4509,124330,-7692,-7788,126369,102,19224,418,0,59008,0.001000000000000334
4165001,862,7986,125217,-5197,9183,119315,107,19223,438,0,59009,0.0010010000000004737
4166000,-1579,13583,126136,757,11664,125269,141,19230,577,1,59010,0.000998999999999306
4167000,399,7072,125769,-899,144,125170,113,19230,577,1,59011,0.001000000000000334
4168000,4668,4627,125750,-1451,-2356,128108,98,19232,463,1,59012,0.001000000000000334
4169000,10460,5660,123526,5391,829,119771,98,19228,401,0,59013,0.0009999999999994458
4170000,9955,2666,125565,13288,-4102,123658,109,19230,446,0,59014,0.001000000000000334
4171000,6362,-6291,124469,5825,-15611,128727,112,19228,459,0,59015,0.0009999999999994458
4172002,3661,-77,124962,-2104,-853,126231,116,19223,475,1,59016,0.0010020000000006135
4173000,885,16637,130500,-3605,21551,122418,121,19223,475,1,59017,0.0009980000000000544
4174000,7484,12639,127216,11554,2927,117105,104,19229,496,1,59018,0.0009999999999994458
4175000,9550,-3134,125153,11587,-11289,135460,104,19233,426,1,59019,0.001000000000000334
4176000,10973,-1855,127252,-3562,-3070,124785,113,19220,463,0,59020,0.001000000000000334
4177000,13208,-4384,127925,14912,-7043,127939,89,19230,365,0,59021,0.0009999999999994458
4178000,3205,-1262,127713,6599,-2731,130177,104,19230,426,0,59022,0.001000000000000334
4179000,2542,3128,129541,-14074,-3480,128204,125,19230,512,1,59023,0.0009999999999994458
4180000,-1244,6427,128737,6351,4325,123833,113,19223,512,1,59024,0.001000000000000334
4181000,3379,12752,130924,6669,7508,124706,98,19231,463,1,59025,0.001000000000000334
4182000,7677,49,127310,-7683,-3994,128699,98,19230,401,0,59026,0.0009999999999994458
4183000,9026,-4403,129820,10888,-7443,124576,158,19234,647,0,59027,0.001000000000000334
4184000,6187,-10085,127365,11745,-15402,138533,109,19228,446,0,59028,0.001000000000000334
4185001,-3180,-141,133252,-19462,-126,129465,107,19228,438,0,59029,0.0010009999999995856
4186000,2500,8125,132347,-7395,4824,127443,133,19221,438,1,59030,0.0009990000000001942
4187000,-8211,6054,131979,6701,2858,127351,106,19224,545,1,59031,0.0009999999999994458
4188000,-883,1585,128854,-18424,-3159,126429,106,19235,434,1,59032,0.001000000000000334
4189000,-2507,-9062,127869,-10004,-12409,136833,108,19222,442,0,59033,0.001000000000000334
4190000,3746,3666,128854,9016,-678,125477,85,19229,348,0,59034,0.0009999999999994458
4191000,-5342,3335,131285,-7540,-416,128061,111,19229,455,0,59035,0.001000000000000334
4192000,-5438,958,131025,-19167,-2594,130188,132,19228,455,1,59036,0.001000000000000334
4193000,-9099,4689,131855,-9547,1903,132437,115,19221,541,1,59037,0.0009999999999994458
4194000,-10675,6753,129852,-7686,2229,130696,115,19229,471,1,59038,0.001000000000000334
4195000,-2450,11570,129865,-11835,10049,119808,103,19228,422,1,59039,0.0009999999999994458
4196000,-6290,-8699,125095,-8128,-12867,131445,143,19219,586,0,59040,0.001000000000000334
4197002,1463,797,128730,-7375,-2950,118952,102,19230,418,0,59041,0.0010019999999997253
4198000,-4391,-6426,125472,-2520,-11764,123136,106,19230,418,0,59042,0.0009980000000000544
4199000,-4374,9041,129508,-12990,6242,127079,138,19223,434,1,59043,0.001000000000000334
4200000,-9237,596,124137,-8900,-1133,128440,138,19223,565,1,59044,0.001000000000000334
4201000,-5727,7050,125265,-11446,1986,125580,115,19228,471,1,59045,0.0009999999999994458
4202000,-124,6084,127690,-1979,804,122830,107,19219,438,0,59046,0.001000000000000334
4203000,-2642,-119,123949,3068,-5457,125853,90,19231,369,0,59047,0.0009999999999994458
4204000,3984,-6119,124875,-11446,-10168,134064,108,19231,369,0,59048,0.001000000000000334
4205001,-4337,3517,127242,261,8266,119564,124,19228,442,0,59049,0.0010010000000004737
4206000,9,18910,127246,-1429,12909,121471,124,19219,508,1,59050,0.000998999999999306
4207003,-5839,7867,124345,-5340,7570,126257,113,19228,463,1,59051,0.0010029999999998651
4208000,5176,3613,121915,1453,1856,136385,97,19228,397,1,59052,0.0009970000000008028
4209000,9567,-2152,122350,8972,-4553,112202,125,19229,512,0,59053,0.0009999999999994458
4210000,10021,7798,124903,6552,5507,117190,105,19229,512,0,59054,0.001000000000000334
4211000,6838,-9180,128005,-552,-16694,137415,116,19229,430,0,59055,0.0009999999999994458
4212000,3884,-5346,124930,6225,-2958,121333,116,19226,475,1,59056,0.001000000000000334
4213000,1730,12833,129783,1969,10055,130149,154,19229,631,1,59057,0.001000000000000334
4214000,1230,11321,126043,-746,8957,114901,114,19234,467,1,59058,0.0009999999999994458
4215000,11370,3748,126833,9836,-2992,129165,99,19228,405,0,59059,0.001000000000000334
4216000,9474,-94,125741,5766,-2369,129907,123,19228,405,0,59060,0.001000000000000334
4217000,10711,-5231,124833,10143,-7959,129281,106,19232,504,0,59061,0.0009999999999994458
4218000,5344,-3035,129488,1493,-1117,125543,106,19232,434,0,59062,0.001000000000000334
4219000,4742,9969,130891,-6272,3584,127897,115,19223,471,1,59063,0.0009999999999994458
4220000,2891,6713,130174,14555,4155,137678,108,19226,442,1,59064,0.001000000000000334
4221000,2,4135,128154,-5211,436,118134,105,19228,430,1,59065,0.001000000000000334
4222000,9726,594,128766,-7375,-6819,131498,122,19228,430,0,59066,0.0009999999999994458
4223000,8195,-8355,128655,24958,-10226,126234,105,19218,500,0,59067,0.001000000000000334
4224000,6022,-6089,129211,776,-8808,134720,105,19229,430,0,59068,0.001000000000000334
4225000,-1030,8698,132721,-21768,8952,125654,111,19230,455,0,59069,0.0009999999999994458
4226000,-2153,11007,132400,-108,5013,129296,145,19223,594,1,59070,0.001000000000000334
4227000,-6159,-625,131965,8196,-2884,133338,116,19231,475,1,59071,0.0009999999999994458
4228000,-5032,-2572,129345,-21945,-7426,127073,99,19231,405,1,59072,0.001000000000000334
4229000,1566,-5496,128889,-7498,-8783,134332,139,19228,405,0,59073,0.001000000000000334
4230000,5456,5918,129712,13366,2809,120700,107,19231,569,0,59074,0.0009999999999994458
4231000,-5298,3903,130036,-11169,-1338,129514,107,19231,438,0,59075,0.001000000000000334
4232000,-2817,5042,131293,-15487,2850,130103,113,19225,463,1,59076,0.001000000000000334
4233002,-10084,-2725,129876,-7201,-3488,131310,121,19228,496,1,59077,0.0010019999999997253
4234000,-6377,12863,132398,-5824,10257,127413,108,19228,442,1,59078,0.0009980000000000544
4235000,-4136,9059,126855,-8970,5423,123780,116,19228,442,1,59079,0.0009999999999994458
4236000,-2991,-2314,126249,-8775,-5548,128351,107,19213,475,0,59080,0.001000000000000334
4237000,1867,-3675,126052,-3585,-6957,129820,107,19231,438,0,59081,0.001000000000000334
4238000,-3514,4433,127905,-6765,739,123866,100,19231,410,0,59082,0.0009999999999994458
4239000,-3624,11333,130153,-14635,7548,124082,130,19228,532,1,59083,0.001000000000000334
4240000,-8219,7269,127044,-3596,3206,128931,121,19230,496,1,59084,0.001000000000000334
4241000,-2648,-384,124637,-7917,-3828,128880,105,19230,496,1,59085,0.0009999999999994458
4242000,-1228,3970,126083,-5188,2165,121164,133,19228,430,0,59086,0.001000000000000334
4243000,1634,-8479,126110,-2256,-8727,123174,133,19228,545,0,59087,0.0009999999999994458
4244000,3997,12131,125774,4708,10927,118433,105,19229,430,0,59088,0.001000000000000334
4245000,-3763,1240,125795,-8713,-42,134457,110,19224,451,1,59089,0.001000000000000334
4246000,-4797,-2026,125882,-1226,-4274,123537,141,19229,577,1,59090,0.0009999999999994458
4247000,-5633,15291,126494,389,11658,119360,109,19229,577,1,59091,0.001000000000000334
4248000,7222,12928,124896,-11807,11652,125737,105,19231,446,1,59092,0.001000000000000334
4249000,8035,2519,124080,16965,-5424,124555,105,19227,430,0,59093,0.0009999999999994458
4250002,13624,-9184,122918,8909,-11227,128335,88,19229,360,0,59094,0.0010019999999997253
4251000,4873,-4640,125120,1886,6092,122496,112,19226,459,0,59095,0.0009980000000000544
4252000,3285,-661,126827,7132,-452,131293,129,19222,528,1,59096,0.001000000000000334
4253000,3940,9799,127429,-3468,9439,120861,116,19222,528,1,59097,0.001000000000000334
4254000,3301,9650,125785,6600,1050,128015,99,19227,475,1,59098,0.0009999999999994458
4255000,9975,-6612,126285,5641,-941,122128,99,19230,405,0,59099,0.001000000000000334
4256000,9088,5216,127158,8800,-9044,126387,139,19232,569,0,59100,0.001000000000000334
4257000,10006,-17623,127180,7692,-23517,146174,102,19229,418,0,59101,0.0009999999999994458
4258000,3967,-599,127909,1046,2526,119681,106,19226,434,0,59102,0.001000000000000334
4259000,-15,15106,131819,-3445,9087,126306,129,19226,434,1,59103,0.0009999999999994458
4260000,699,9818,129119,2849,11827,129259,109,19228,528,1,59104,0.001000000000000334
4261000,1376,-6691,127958,-1433,-8349,132007,109,19234,446,1,59105,0.001000000000000334
4262000,10504,-7033,128715,3022,-10368,130924,104,19224,426,0,59106,0.0009999999999994458
4263000,10495,-6892,126594,13195,-9426,124427,123,19237,504,0,59107,0.001000000000000334
4264000,2820,-1303,131774,12379,-1964,132864,107,19228,438,0,59108,0.001000000000000334
4265000,1321,-3200,129331,-26625,-7452,130526,119,19228,438,1,59109,0.0009999999999994458
4266000,-5649,9465,132659,-4316,10055,126579,110,19219,487,1,59110,0.001000000000000334
4267000,-6844,13871,132725,6017,15035,124600,110,19225,451,1,59111,0.0009999999999994458
4268000,-3737,-119,127896,-15092,-10165,126898,98,19232,401,1,59112,0.001000000000000334
4269000,1021,-23953,129193,-10594,-27967,148831,127,19222,520,0,59113,0.001000000000000334
4270000,1804,3785,130668,10561,6121,119969,104,19229,426,0,59114,0.0009999999999994458
4271000,-3527,6494,130015,-9628,1758,127095,109,19229,446,0,59115,0.001000000000000334
4272000,-9265,13353,133048,-25168,13437,122105,155,19226,446,1,59116,0.001000000000000334
4273000,-8610,-6269,128320,-9258,-12244,141939,114,19230,635,1,59117,0.0009999999999994458
4274003,-5464,9097,129674,-415,10506,122314,114,19233,467,1,59118,0.0010029999999998651
4275000,-4556,13268,130208,-12133,6797,120417,99,19222,405,0,59119,0.0009969999999999146
4276003,-2452,-7949,125681,-13011,-10639,133094,163,19232,668,0,59120,0.0010030000000007533
4277000,-2212,-469,127752,-1179,-3555,125692,104,19232,426,0,59121,0.0009969999999999146
4278000,-1804,-2877,127079,-8232,-5241,132667,116,19226,426,0,59122,0.0009999999999994458
4279000,-11606,28936,126644,-14578,29446,110347,107,19219,475,1,59123,0.001000000000000334
4280000,-5268,2559,126302,-16615,-1741,130573,107,19228,438,1,59124,0.001000000000000334
4281000,986,-1574,127710,-1386,-4522,132067,105,19228,430,1,59125,0.0009999999999994458
4282000,2604,6359,126142,1012,3210,121263,124,19231,508,0,59126,0.001000000000000334
4283000,-388,-5308,123279,-2707,-8254,127279,103,19231,422,0,59127,0.0009999999999994458
4284000,1050,-126,125236,-5585,-3166,123810,109,19227,422,0,59128,0.001000000000000334
4285000,-144,6365,125412,-3894,3178,129524,139,19228,446,1,59129,0.001000000000000334
4286000,-4534,15258,127707,173,13538,116920,139,19224,569,1,59130,0.0009999999999994458
4287000,-709,7360,125420,-6161,3692,124456,111,19230,455,1,59131,0.001000000000000334
4288000,4483,14153,126380,-771,12042,125873,96,19228,393,0,59132,0.0009999999999994458
4289003,8937,-1188,122853,11002,-5117,124451,111,19231,455,0,59133,0.0010030000000007533
4290000,8417,-7363,128652,6298,-9409,127562,113,19231,455,0,59134,0.0009969999999999146
4291000,3122,2254,125521,1007,-2329,127249,114,19227,463,0,59135,0.0009999999999994458
4292000,4035,-3281,124928,5841,-7586,128044,114,19221,467,1,59136,0.001000000000000334
4293000,1326,9963,130255,941,7863,124354,123,19225,504,1,59137,0.001000000000000334
4294000,10354,6359,124170,118,4953,123364,105,19233,430,1,59138,0.0009999999999994458
4295000,10476,4618,124865,11721,886,123262,112,19221,459,0,59139,0.001000000000000334
4296002,10009,-1402,130007,4224,-14403,132383,89,19221,459,0,59140,0.0010019999999997253
4297002,8528,-11364,125183,8317,-24230,130579,103,19234,365,0,59141,0.001000000000000334
4298002,1738,-1759,131111,5042,-325,132918,103,19226,422,1,59142,0.0009999999999994458
4299000,3295,10154,132033,-7332,12396,123044,129,19227,528,1,59143,0.0009980000000000544
4300000,-1497,20596,130267,6332,14484,117267,115,19230,471,1,59144,0.001000000000000334
4301000,5249,-1886,127062,-8547,-10991,139181,100,19226,410,1,59145,0.001000000000000334
4302000,10401,-17378,124411,6041,-14562,131989,154,19226,410,0,59146,0.0009999999999994458
4303000,9360,165,130378,18112,-611,120228,105,19230,631,0,59147,0.001000000000000334
4304000,4578,-4633,129024,-8021,-4662,127684,105,19231,430,0,59148,0.0009999999999994458
4305000,455,831,135907,-10717,-1811,134331,108,19225,442,1,59149,0.001000000000000334
4306000,-5819,-501,131664,3489,-3732,132772,133,19227,545,1,59150,0.001000000000000334
4307000,-10017,10345,130200,-11158,10476,122856,105,19232,430,1,59151,0.0009999999999994458
4308000,486,2916,130974,-15558,-3264,127792,107,19232,430,0,59152,0.001000000000000334
4309000,1024,-6282,127081,6219,-10358,131270,94,19224,438,0,59153,0.001000000000000334
4310000,3703,-614,129897,-3314,-2745,131258,94,19230,385,0,59154,0.0009999999999994458
4311000,-5697,2816,131524,-15194,-488,128111,112,19226,459,0,59155,0.001000000000000334
4312000,-6256,6311,130232,-9205,5883,125042,132,19225,541,1,59156,0.0009999999999994458
4313001,-6882,5032,129816,-10836,1103,131797,114,19228,467,1,59157,0.0010010000000004737
4314000,-5472,4930,128992,-9216,4926,132209,101,19228,414,1,59158,0.0009990000000001942
4315000,-3087,5022,127076,-8090,2016,117926,139,19228,414,0,59159,0.0009999999999994458
4316000,-2593,-1791,124952,-4143,-3825,130656,105,19226,569,0,59160,0.001000000000000334
4317000,235,-4159,126920,-2694,-5915,130692,105,19233,430,0,59161,0.001000000000000334
4318000,-4056,1519,126893,-11298,2201,121414,109,19224,446,1,59162,0.0009999999999994458
4319000,-5279,21622,131550,-7155,16940,126345,138,19225,565,1,59163,0.001000000000000334
4320000,-11058,2087,125349,-4389,-1733,125902,116,19225,475,1,59164,0.0009999999999994458
4321000,-1484,12609,127081,-15793,11741,122633,108,19233,475,1,59165,0.001000000000000334
4322000,2230,1379,124931,2213,-2434,128302,93,19223,442,0,59166,0.001000000000000334
4323000,5632,4106,124801,7434,1647,122024,93,19229,381,0,59167,0.0009999999999994458
4324000,2866,-8043,124161,-9604,-12471,132687,112,19232,459,0,59168,0.001000000000000334
4325000,-1277,1299,125550,-3607,911,120077,125,19220,512,1,59169,0.001000000000000334
4326002,-363,19027,129307,3243,15081,130314,115,19220,471,1,59170,0.0010019999999997253
4327000,111,4240,121834,-3192,2044,120524,99,19232,471,1,59171,0.0009980000000000544
4328002,7199,12836,125658,59,9048,117102,128,19229,405,0,59172,0.0010019999999997253
4329000,6835,-8386,121425,6893,-12903,131971,128,19227,524,0,59173,0.0009980000000000544
4330000,10750,935,126615,12595,-2485,118397,111,19228,455,0,59174,0.001000000000000334
4331000,3454,-6669,127544,1017,-10677,135964,117,19228,479,0,59175,0.0009999999999994458
4332000,1986,13837,128392,-2139,10500,116991,151,19231,618,1,59176,0.001000000000000334
4333000,3863,12413,129122,4580,9863,126931,116,19231,618,1,59177,0.001000000000000334
4334000,5219,-4991,122929,6073,-9749,128934,98,19230,475,1,59178,0.0009999999999994458
4335000,14085,4384,126210,4290,176,122920,98,19226,401,0,59179,0.001000000000000334
4336000,8623,1686,127708,7000,-247,128007,129,19228,528,0,59180,0.0009999999999994458
4337000,9318,-13451,128709,12201,-15408,127627,114,19230,467,0,59181,0.001000000000000334
4338000,5784,2113,131216,3809,-2149,126049,115,19222,471,1,59182,0.001000000000000334
4339000,-2270,12783,129740,-5871,9257,126998,113,19222,471,1,59183,0.0009999999999994458
4340000,1096,6672,130463,4366,7519,127288,106,19232,463,1,59184,0.001000000000000334
4341000,3388,5302,130569,1450,1485,127481,106,19228,434,1,59185,0.001000000000000334
4342000,12447,-12436,125645,-2128,-17354,135434,123,19222,504,0,59186,0.0009999999999994458
4343000,9617,-890,131344,16400,353,125579,95,19231,389,0,59187,0.001000000000000334
4344002,1901,-6356,127582,8468,-6229,131416,101,19229,414,0,59188,0.0010019999999997253
4345000,464,7245,131857,-26092,11236,123753,137,19229,414,1,59189,0.0009980000000000544
4346001,-6364,6517,134413,-5999,1260,136677,115,19223,561,1,59190,0.0010010000000004737
4347000,-3487,-5297,128066,-2472,-7423,128847,115,19230,471,1,59191,0.000998999999999306
4348000,-4511,-4011,129158,-26947,-11857,129789,99,19228,405,0,59192,0.001000000000000334
4349000,-2023,-10063,131263,9734,-2965,128894,137,19230,561,0,59193,0.001000000000000334
4350000,2120,10724,131058,4643,1383,127657,105,19231,430,0,59194,0.0009999999999994458
4351000,-8914,-3719,131273,-29322,-11357,137227,112,19231,430,0,59195,0.001000000000000334
4352000,-10452,2755,131137,-9022,1802,129628,127,19222,459,1,59196,0.0009999999999994458
4353000,-10548,7331,129538,-2906,4633,125803,127,19227,520,1,59197,0.001000000000000334
4354002,-3443,12806,130292,-10401,12006,121920,110,19230,451,1,59198,0.0010019999999997253
4355000,-5299,-6759,126695,-12106,-14314,134896,114,19218,467,0,59199,0.0009980000000000544
4356000,-1570,-7787,123310,-3724,-6703,126731,103,19233,422,0,59200,0.001000000000000334
4357000,-2128,12457,128930,-5374,9106,121193,102,19233,422,0,59201,0.001000000000000334
4358000,-7327,5511,127552,-12433,-2006,124355,129,19229,418,1,59202,0.0009999999999994458
4359000,-9130,4906,128047,-13856,875,128039,129,19223,528,1,59203,0.001000000000000334
4360000,-5617,570,128164,-10496,-4872,129485,119,19230,487,1,59204,0.0009999999999994458
4361000,-1467,14904,125974,10967,20103,116439,104,19228,426,0,59205,0.001000000000000334
4362000,-1126,1824,124365,-12221,-6834,124208,142,19232,582,0,59206,0.001000000000000334
4363000,2092,-9060,122715,-9378,-8260,133167,105,19232,430,0,59207,0.0009999999999994458
4364000,2813,3624,124744,3724,1846,126659,111,19224,430,0,59208,0.001000000000000334
4365000,-1537,8062,125740,-518,7931,121361,149,19225,455,1,59209,0.001000000000000334
4366000,-4640,16455,126423,-6462,13728,119595,149,19231,610,1,59210,0.0009999999999994458
4367000,5475,993,123444,-8107,-3931,131685,110,19232,451,1,59211,0.001000000000000334
4368000,10665,3861,123628,18414,1133,122015,102,19223,418,0,59212,0.0009999999999994458
4369000,9543,851,123762,8013,-5380,118968,98,19223,401,0,59213,0.001000000000000334
4370000,3544,-3179,125417,-661,-5686,126680,118,19227,401,0,59214,0.001000000000000334
4371000,4733,-502,129413,2742,-4898,130636,133,19228,483,1,59215,0.0009999999999994458
4372000,1920,4505,127804,5561,2431,126583,133,19227,545,1,59216,0.001000000000000334
4373002,-307,16676,127560,-416,14971,117674,115,19230,471,1,59217,0.0010019999999997253
4374000,8906,-392,126194,246,-4637,126959,101,19226,414,1,59218,0.0009980000000000544
4375000,12433,-2993,126869,14252,-7291,134742,136,19226,557,0,59219,0.001000000000000334
4376000,12606,-2961,127058,8981,-6584,129046,105,19226,557,0,59220,0.0009999999999994458
4377000,3770,-5923,129205,6426,-9040,125639,105,19236,430,0,59221,0.001000000000000334
4378000,4714,5237,129776,-5080,1082,126510,105,19230,430,1,59222,0.001000000000000334
4379000,-80,1775,129498,-471,-2872,136395,135,19224,553,1,59223,0.0009999999999994458
4380000,-1061,9656,128741,5595,5626,123166,109,19231,446,1,59224,0.001000000000000334
4381000,8345,4605,128822,-6387,1685,126281,105,19224,430,0,59225,0.001000000000000334
4382000,8768,-10614,126984,8418,-15414,129894,133,19224,430,0,59226,0.0009999999999994458
4383001,9917,-2507,130270,16200,-6554,131000,113,19231,545,0,59227,0.0010010000000004737
4384001,-1583,-1374,128389,-12332,-5993,131978,113,19228,463,0,59228,0.0009999999999994458
4385000,-297,24099,135467,-18969,21070,122121,116,19217,475,1,59229,0.0009990000000001942
4386000,-6893,-5938,130500,9750,-6898,141545,109,19229,446,1,59230,0.001000000000000334
4387000,-5203,-12701,130188,-5152,-13953,130412,101,19233,414,1,59231,0.0009999999999994458
4388000,548,-4925,129566,-22024,-8681,128397,128,19233,414,0,59232,0.001000000000000334
4389000,-829,9465,130395,4404,4568,122000,100,19225,524,0,59233,0.001000000000000334
4390000,-194,5459,130783,3300,-1526,127321,100,19231,410,0,59234,0.0009999999999994458
4391002,-10717,-2603,130819,-19986,-6008,136021,105,19226,430,1,59235,0.0010019999999997253
4392000,-5440,-2345,129169,-14380,-564,130841,148,19226,606,1,59236,0.0009980000000000544
4393000,-13141,15422,131408,2056,13729,120144,112,19232,459,1,59237,0.001000000000000334
4394000,-1276,11302,129159,-18001,890,125812,101,19232,459,1,59238,0.001000000000000334
4395000,-3756,-6051,126493,-2788,-12370,132207,160,19226,414,0,59239,0.0009999999999994458
4396000,-1252,-11690,125776,-2863,-12415,131859,160,19234,655,0,59240,0.001000000000000334
4397000,-1508,14289,126828,-11230,14142,113171,103,19235,422,0,59241,0.001000000000000334
4398000,-5521,17405,129462,-1715,6543,127223,111,19223,455,1,59242,0.0009999999999994458
4399000,-5323,-2442,126868,-10384,-4691,132061,109,19225,446,1,59243,0.001000000000000334
4400000,-8621,3652,126829,-14428,-211,125208,106,19225,446,1,59244,0.0009999999999994458
4401000,1620,4914,125154,839,4874,124366,121,19230,434,0,59245,0.001000000000000334
4402001,2179,9458,125333,1420,1828,119661,121,19226,496,0,59246,0.0010009999999995856
4403000,2435,-7590,121576,-3807,-6176,131220,98,19228,401,0,59247,0.0009990000000001942
4404000,1546,2769,125650,-6933,2290,125461,106,19228,434,0,59248,0.001000000000000334
4405000,-2669,17305,126181,98,16473,122298,140,19222,573,1,59249,0.0009999999999994458
4406002,1101,13059,126532,-71,10560,123199,115,19222,471,1,59250,0.0010020000000006135
4407000,3793,408,125136,-2997,-3503,127585,95,19233,471,1,59251,0.0009980000000000544
4408002,11503,233,123606,4310,1993,130399,107,19231,389,0,59252,0.0010019999999997253
4409000,12291,1393,123291,13451,-5438,116806,107,19233,438,0,59253,0.0009980000000000544
4410000,5714,-2816,124240,12941,-3058,126416,112,19230,459,0,59254,0.001000000000000334
4411000,3066,1460,127552,-4919,-1413,130110,118,19221,483,1,59255,0.0009999999999994458
4412000,3345,3824,128504,-2078,2755,123509,122,19221,500,1,59256,0.001000000000000334
4413000,3570,15052,129301,13712,10352,126277,102,19231,500,1,59257,0.0009999999999994458
4414003,8086,7312,125211,1979,539,119637,109,19232,418,1,59258,0.0010030000000007533
4415002,11272,-2030,126575,3673,-5938,130096,109,19225,446,0,59259,0.000998999999999306
4416000,12127,-7311,130156,15234,-10691,132659,89,19233,365,0,59260,0.0009980000000000544
4417000,7352,-2354,127997,2066,-4457,126570,105,19228,430,0,59261,0.001000000000000334
4418000,86,8661,131797,-3006,4755,127521,131,19224,537,1,59262,0.001000000000000334
4419000,1023,5780,127906,447,1226,126248,114,19224,537,1,59263,0.0009999999999994458
4420000,3743,6125,131255,5032,2696,138528,97,19228,467,1,59264,0.001000000000000334
4421000,7633,-2397,125518,978,-6283,118170,97,19227,397,0,59265,0.0009999999999994458
4422000,11480,1782,129695,4378,-415,122041,153,19232,627,0,59266,0.001000000000000334
4423000,4257,-2911,129453,14530,-7560,138352,109,19228,446,0,59267,0.001000000000000334
4424000,1000,-6770,129508,-11741,-9596,130994,111,19222,455,0,59268,0.0009999999999994458
4425000,-2700,9911,136184,-13526,6738,130318,143,19222,455,1,59269,0.001000000000000334
4426000,-6053,7297,131503,6847,4541,126779,107,19228,586,1,59270,0.001000000000000334
4427000,-2633,6779,130192,-11287,4127,123916,107,19231,438,1,59271,0.0009999999999994458
4428000,1125,-16202,127317,-12362,-20985,140529,104,19224,426,0,59272,0.001000000000000334
4429000,1525,-1546,126936,9647,-7843,125967,100,19230,410,0,59273,0.0009999999999994458
4430000,-3854,6302,131452,-7739,3278,123693,115,19224,471,0,59274,0.001000000000000334
4431001,-7783,1359,132113,-17641,-2005,130068,133,19224,471,1,59275,0.0010010000000004737
4432000,-7452,211,132096,-8121,-2187,132250,116,19223,545,1,59276,0.000998999999999306
4433000,-11125,6384,127810,-8451,1537,123578,116,19228,475,1,59277,0.001000000000000334
4434000,-2512,13303,130829,-11214,14629,127573,100,19231,410,1,59278,0.001000000000000334
4435000,-4601,-4336,124938,-5802,-6764,127896,141,19221,577,0,59279,0.0009999999999994458
4436000,97,-556,129893,-7160,-5788,134131,118,19230,483,0,59280,0.001000000000000334
4437000,-4396,-3351,126162,-5530,2012,120849,114,19230,483,0,59281,0.0009999999999994458
4438000,-5671,21002,129339,-10534,17618,120675,145,19226,467,1,59282,0.001000000000000334
4439000,-6044,3151,125712,-3872,-3560,133612,145,19228,594,1,59283,0.001000000000000334
4440003,-6811,4021,125884,-11186,7478,120744,115,19233,471,1,59284,0.0010029999999998651
4441001,3211,3418,125063,-4405,-1220,129128,109,19224,446,0,59285,0.0009980000000000544
4442000,-2242,186,125205,7548,-3038,118480,102,19231,418,0,59286,0.0009990000000001942
4443000,3702,-5146,125375,-4776,-11398,137959,109,19231,418,0,59287,0.0009999999999994458
4444000,-4400,553,126629,-3778,211,119616,118,19227,446,0,59288,0.001000000000000334
4445000,-834,21071,128196,-11707,13990,121389,118,19220,483,1,59289,0.0009999999999994458
4446000,-1292,7131,126327,3645,2324,129950,110,19233,451,1,59290,0.001000000000000334
4447000,2562,10225,124502,4725,8177,117565,100,19225,410,1,59291,0.001000000000000334
4448000,9800,-6142,122500,761,-10338,133943,124,19233,508,0,59292,0.0009999999999994458
4449003,5408,3061,123341,10425,6944,115887,107,19233,438,0,59293,0.0010029999999998651
4450000,12310,-6107,124035,2966,-8075,135134,113,19227,438,0,59294,0.0009970000000008028
4451000,665,-5719,125818,3838,-2576,124669,113,19228,463,1,59295,0.0009999999999994458
4452000,3725,12256,128932,1313,8301,123766,146,19229,598,1,59296,0.001000000000000334
4453000,4513,117,125101,5129,-1603,129505,116,19232,475,1,59297,0.0009999999999994458
4454000,7212,9305,128059,7264,3491,118659,101,19226,414,0,59298,0.001000000000000334
4455000,12664,-5759,124826,7396,-3596,136030,121,19226,496,0,59299,0.001000000000000334
4456000,5815,-3387,127477,13102,-9167,119180,107,19238,496,0,59300,0.0009999999999994458
4457000,5571,-10228,128418,-6669,-12979,139688,111,19230,438,0,59301,0.001000000000000334
4458001,2288,7216,130887,-2051,7779,127273,111,19220,455,1,59302,0.0010009999999995856
4459000,-1217,8579,129230,8616,3624,124728,109,19226,446,1,59303,0.0009990000000001942
4460000,1627,5963,129566,-7075,4390,128969,105,19228,430,1,59304,0.001000000000000334
4461000,6628,-2901,127534,-6070,-9345,127264,119,19228,487,0,59305,0.0009999999999994458
4462000,8395,-13412,129022,25553,-16298,136594,94,19224,487,0,59306,0.001000000000000334
4463000,5373,2973,129672,2936,-204,122296,105,19230,385,0,59307,0.001000000000000334
4464000,-1262,1828,132536,-24038,1848,129005,105,19228,430,0,59308,0.0009999999999994458
4465000,-3179,13125,134272,-426,7658,127363,136,19226,557,1,59309,0.001000000000000334
4466000,-7233,-3286,128980,5220,-6306,135489,113,19233,463,1,59310,0.001000000000000334
4467000,-3759,-2707,128556,-16829,-4926,126204,95,19227,389,1,59311,0.0009999999999994458
4468000,146,-2648,129260,-8276,-6503,122997,137,19227,389,0,59312,0.001000000000000334
4469000,6791,-5151,128105,6116,-9394,138794,118,19227,561,0,59313,0.0009999999999994458
4470000,-4115,8974,129578,-2724,4967,119374,118,19227,483,0,59314,0.001000000000000334
4471000,-7514,120,131508,-20330,-2082,130845,120,19222,491,1,59315,0.001000000000000334
4472000,-5001,6141,130454,-9814,3865,130969,128,19231,524,1,59316,0.0009999999999994458
4473000,-10174,4291,130992,-2672,1523,127485,113,19232,463,1,59317,0.001000000000000334
4474002,762,4754,128821,-9325,1825,128234,114,19232,463,1,59318,0.0010019999999997253
4475000,-7992,3543,126167,-9537,2203,119008,101,19220,467,0,59319,0.0009980000000000544
4476000,-222,-8895,126058,-4828,-12408,135661,101,19233,414,0,59320,0.001000000000000334
4477000,-1736,11096,128800,-6806,8910,117305,103,19232,422,0,59321,0.0009999999999994458
4478000,-7665,3832,128111,-8807,2119,130706,128,19225,524,1,59322,0.001000000000000334
4479000,-7702,18481,128865,-9421,16517,113993,117,19229,479,1,59323,0.001000000000000334
4480000,-3397,780,125538,-12908,-1678,133747,104,19229,479,1,59324,0.0009999999999994458
4481000,3283,991,126519,3037,-3775,121117,140,19229,426,0,59325,0.001000000000000334
4482002,264,4858,123771,1428,1868,122706,140,19235,573,0,59326,0.0010019999999997253
4483000,2552,1420,124971,-9112,-2894,127972,106,19232,434,0,59327,0.0009980000000000544
4484001,-451,7204,127307,-1465,1681,121673,109,19224,446,1,59328,0.0010010000000004737
4485000,-667,2459,125720,-3415,3952,131740,146,19230,598,1,59329,0.000998999999999306
4486000,-2935,12481,127285,1237,2727,118577,110,19230,598,1,59330,0.001000000000000334
4487000,3687,6565,122204,887,1751,124076,105,19233,451,1,59331,0.001000000000000334
4488001,11154,10010,125690,4782,1490,121735,105,19218,430,0,59332,0.0010009999999995856
4489000,9366,-3175,124656,19543,-12411,127488,86,19230,352,0,59333,0.0009990000000001942
4490000,8507,-10105,125948,-2531,-14156,133686,111,19227,455,0,59334,0.001000000000000334
4491000,-112,7797,128997,-1650,6908,120780,125,19225,512,1,59335,0.0009999999999994458
4492000,5830,10169,129132,7983,7757,128562,114,19225,512,1,59336,0.001000000000000334
4493000,5158,3365,124327,4848,4088,121317,102,19228,467,1,59337,0.0009999999999994458
4494000,7929,4671,126131,-3913,694,125859,102,19229,418,0,59338,0.001000000000000334
4495000,11324,-10356,122853,9890,-12867,127922,136,19226,557,0,59339,0.001000000000000334
4496000,9260,-4652,128923,22500,-11593,128283,98,19228,401,0,59340,0.0009999999999994458
4497000,4195,-5541,127679,-10594,-8088,133637,102,19229,418,0,59341,0.001000000000000334
4498000,932,6112,131208,-4029,6431,121866,133,19229,545,1,59342,0.001000000000000334
4499000,1438,14713,130993,11884,10270,128376,115,19230,545,1,59343,0.0009999999999994458
4500001,590,-82,127702,-4773,-6501,129208,105,19231,471,1,59344,0.0010010000000004737
4501002,9840,-4158,127444,-4779,-8473,127364,105,19228,430,0,59345,0.0010009999999995856
4502002,11833,-12767,129662,23181,-10055,136188,125,19231,512,0,59346,0.001000000000000334
4503000,2871,-3024,127355,8490,-8121,121667,102,19229,418,0,59347,0.0009980000000000544
4504000,2149,-503,131768,-26323,877,131241,115,19229,471,1,59348,0.0009999999999994458
4505000,-8898,3163,131707,3689,2159,133000,111,19221,471,1,59349,0.001000000000000334
4506000,-7512,9151,128994,1247,5182,123346,100,19226,455,1,59350,0.001000000000000334
4507000,-3405,-1221,129113,-25017,-6115,133113,100,19231,410,1,59351,0.0009999999999994458
4508001,1546,-8103,129598,3904,-11371,129859,127,19226,520,0,59352,0.0010010000000004737
4509000,4342,1249,131042,6339,-1263,129002,99,19228,405,0,59353,0.000998999999999306
4510003,-5586,3034,131469,-18744,380,128763,109,19228,446,0,59354,0.0010030000000007533
4511000,-7489,7423,130187,-13896,5909,127287,149,19225,446,1,59355,0.0009969999999999146
4512000,-9282,2377,129012,-8235,-293,134647,118,19230,610,1,59356,0.0009999999999994458
4513000,-5526,7446,129401,-10048,5558,123568,118,19231,483,1,59357,0.001000000000000334
4514000,-4429,2099,128645,-13408,-1305,129203,104,19226,426,0,59358,0.001000000000000334
4515000,404,-6983,124472,-4546,-9997,120777,168,19234,688,0,59359,0.0009999999999994458
4516000,1640,-373,127162,3396,-4093,127864,104,19235,426,0,59360,0.001000000000000334
4517000,-4867,2244,127237,-9050,-865,131296,111,19235,426,0,59361,0.0009999999999994458
4518000,-7591,13945,128916,-10964,11263,118286,115,19222,455,1,59362,0.001000000000000334
4519000,-8524,9962,129653,-14513,7204,131681,115,19229,471,1,59363,0.001000000000000334
4520000,515,7752,127163,-2623,4775,122787,107,19231,438,1,59364,0.0009999999999994458
4521000,-725,2633,127001,4942,602,125097,118,19227,483,0,59365,0.001000000000000334
4522000,2257,-4343,122780,-10556,-9223,129049,96,19231,393,0,59366,0.0009999999999994458
4523002,2797,2508,123960,-70,-2247,121882,109,19231,393,0,59367,0.0010020000000006135
4524000,-212,8407,126145,3040,5199,128004,138,19226,446,1,59368,0.0009980000000000544
4525003,-2462,12792,126082,-8118,11043,118222,138,19223,565,1,59369,0.0010029999999998651
4526002,-989,5030,129019,-5781,5886,130999,113,19231,463,1,59370,0.0009990000000001942
4527000,8529,3649,123692,3056,-1057,119774,95,19229,389,0,59371,0.0009980000000000544
4528000,6790,14636,125665,12223,14450,128218,114,19234,467,0,59372,0.0009999999999994458
4529000,8110,-8112,124110,2688,-9990,126192,112,19234,467,0,59373,0.001000000000000334
4530000,5580,-6146,125309,3871,-12699,127854,117,19228,459,0,59374,0.0009999999999994458
4531002,291,9148,129115,8021,6951,123398,117,19225,479,1,59375,0.0010020000000006135
4532000,5361,17496,126370,-7291,14787,117797,128,19230,524,1,59376,0.0009980000000000544
4533001,7998,6398,127306,10558,-1791,131523,105,19234,430,1,59377,0.0010009999999995856
4534000,12979,-3539,123256,10573,-4200,121971,111,19220,455,0,59378,0.0009990000000001942
4535000,10620,1056,127881,7533,-6295,128238,88,19220,455,0,59379,0.001000000000000334
4536000,5628,-8718,129253,18396,-10885,133096,106,19228,360,0,59380,0.0009999999999994458
4537000,3799,-3050,129429,-12070,-8908,132993,106,19230,434,1,59381,0.001000000000000334
4538000,-974,3961,132112,925,4064,125774,126,19225,516,1,59382,0.0009999999999994458
4539000,1410,18327,131666,5372,11441,119529,113,19226,463,1,59383,0.001000000000000334
4540000,2704,10971,129468,-4766,-436,132763,99,19228,405,1,59384,0.001000000000000334
4541002,9880,-13316,125679,4746,-18888,130999,151,19228,618,0,59385,0.0010019999999997253
4542000,11749,-3936,131211,13858,-3037,126712,106,19229,618,0,59386,0.0009980000000000544
4543000,-540,-3813,128391,-1525,-7417,129629,107,19231,434,0,59387,0.001000000000000334
4544000,5831,5334,132624,-21816,6014,128053,107,19227,438,1,59388,0.0009999999999994458
4545000,-7645,159,132950,6152,-5505,137269,138,19228,565,1,59389,0.001000000000000334
4546000,-6763,3096,129022,-572,1527,125008,107,19232,438,1,59390,0.0009999999999994458
4547000,-1059,1720,130947,-25324,-5167,126430,105,19232,430,0,59391,0.001000000000000334
4548000,-881,-12631,127273,6056,-11216,133915,103,19222,430,0,59392,0.001000000000000334
4549000,2826,7224,129899,8060,10662,131000,110,19232,422,0,59393,0.0009999999999994458
4550000,-7852,-2038,127525,-24786,-5659,126489,110,19232,451,0,59394,0.001000000000000334
4551005,-4091,3085,131838,-11685,2836,129225,128,19220,524,1,59395,0.0010050000000001447
4552000,-7797,-219,130210,-1867,-3509,137831,117,19227,479,1,59396,0.000994999999999635
4553000,-5746,6511,129001,-9225,3907,120522,101,19227,414,1,59397,0.001000000000000334
4554000,-3945,5275,129982,-13098,573,128310,135,19231,414,0,59398,0.0009999999999994458
4555001,-5141,-5784,125010,-4380,-7424,130682,102,19221,553,0,59399,0.0010010000000004737
4556000,-786,1757,127984,-1471,-2592,125172,102,19232,418,0,59400,0.0009990000000001942
4557000,-7402,-2212,127439,-16203,-5074,128313,108,19225,442,1,59401,0.0009999999999994458
4558000,-5415,16919,129959,-5377,14577,115570,142,19224,582,1,59402,0.001000000000000334
4559001,-9710,1570,127572,-4193,-3000,134387,116,19229,475,1,59403,0.0010009999999995856
4560003,-5607,2289,123744,-15587,-268,121298,105,19229,475,1,59404,0.0010020000000006135
4561000,2101,11700,126088,1231,9499,118364,107,19225,430,0,59405,0.0009969999999999146
4562000,-69,-5183,123839,3581,-8663,125592,107,19234,438,0,59406,0.0009999999999994458
4563000,5504,-6617,125921,-13618,-10454,133340,118,19227,483,0,59407,0.001000000000000334
4564000,-3611,-306,124561,2736,-4838,130514,123,19218,504,1,59408,0.001000000000000334
4565000,-2057,27440,128496,-1535,25805,111833,123,19229,504,1,59409,0.0009999999999994458
4566003,4141,1289,123402,-5717,-1893,130888,98,19229,504,1,59410,0.0010029999999998651
4567002,5763,-4029,122723,7711,-8971,123245,123,19236,401,0,59411,0.0009990000000001942
4568002,10421,1262,123098,4717,-2290,123114,123,19230,504,0,59412,0.001000000000000334
4569000,6022,4285,125399,10386,1827,120822,104,19228,426,0,59413,0.0009980000000000544
4570000,4574,-4955,126874,3608,-7580,127280,114,19226,467,0,59414,0.0009999999999994458
4571000,2108,2155,127524,-2285,-4201,133752,149,19228,610,1,59415,0.001000000000000334
4572000,4792,18572,131402,7214,17591,117825,113,19228,610,1,59416,0.001000000000000334
4573002,7849,13439,125196,14603,11729,119633,96,19236,463,1,59417,0.0010019999999997253
4574000,9114,-685,125550,-2944,-5534,126852,96,19228,393,0,59418,0.0009980000000000544
4575000,13627,-10073,128345,3443,-15137,137696,127,19234,520,0,59419,0.001000000000000334
4576000,6254,-6004,124907,23595,-13582,119123,103,19231,422,0,59420,0.0009999999999994458
4577000,3844,7031,131110,-6835,95,131705,109,19224,446,1,59421,0.001000000000000334
4578000,1624,4642,129202,-9722,929,125944,109,19224,446,1,59422,0.0009999999999994458
4579000,708,2417,129037,10908,-1932,131648,106,19228,446,1,59423,0.001000000000000334
4580000,5544,2866,130492,581,-3511,125892,106,19234,434,1,59424,0.001000000000000334
4581000,9867,-7851,126623,-5881,-12309,127420,119,19214,487,0,59425,0.0009999999999994458
4582000,11371,-918,130510,21108,-7886,133203,93,19230,381,0,59426,0.001000000000000334
4583000,-855,-7086,126629,-13968,-5563,129257,105,19228,430,0,59427,0.001000000000000334
4584000,242,4160,133929,-20490,7867,131535,136,19228,557,1,59428,0.0009999999999994458
4585000,-4304,15461,132204,11147,10248,123301,113,19228,557,1,59429,0.001000000000000334
4586000,-6010,-601,128236,-3089,-9759,134816,97,19228,463,1,59430,0.0009999999999994458
4587000,536,-13551,128208,-22073,-14280,129590,97,19227,397,0,59431,0.001000000000000334
4588000,-2767,4616,130513,4496,1859,121646,149,19229,610,0,59432,0.001000000000000334
4589000,2370,5080,131580,8016,1510,128504,112,19230,459,0,59433,0.0009999999999994458
4590000,-8395,3525,132877,-25069,-3419,130001,116,19230,475,0,59434,0.001000000000000334
4591000,-9709,-3543,130224,-14436,-6689,137574,130,19223,475,1,59435,0.001000000000000334
4592000,-9495,13915,130825,-4361,13502,119168,106,19230,532,1,59436,0.0009999999999994458
4593001,-3960,6900,129975,-9488,3848,126592,106,19230,434,1,59437,0.0010010000000004737
4594000,-2442,-728,126164,-7407,-3765,126599,113,19217,463,0,59438,0.000998999999999306
4595000,-2868,-11203,123650,-8813,-16274,134520,118,19229,483,0,59439,0.001000000000000334
4596000,-389,1802,128476,-3085,6705,122938,106,19229,434,0,59440,0.001000000000000334
4597000,-5085,17973,129193,-6441,10142,118736,129,19229,434,1,59441,0.0009999999999994458
4598000,-8823,-152,125519,-12078,-4620,133163,117,19225,528,1,59442,0.001000000000000334
4599000,-6836,-1054,128173,-12912,-3447,128644,117,19231,479,1,59443,0.001000000000000334
4600000,-159,10422,126645,-1463,6202,118682,103,19228,422,0,59444,0.0009999999999994458
4601001,194,7294,125340,2159,1942,122617,137,19233,561,0,59445,0.0010010000000004737
4602000,1189,-11271,122717,-5103,-14832,130614,106,19233,434,0,59446,0.000998999999999306
4603000,-2342,6246,127363,-7123,3015,124499,110,19228,434,0,59447,0.001000000000000334
4604000,-1497,15118,125912,-4335,13301,121616,153,19224,451,1,59448,0.001000000000000334
4605001,-1682,14927,130532,4683,11364,121256,153,19228,627,1,59449,0.0010009999999995856
4606000,4286,270,122460,213,-3299,129396,109,19231,446,1,59450,0.0009990000000001942
4607000,9378,-940,122429,-1788,-5169,124330,105,19217,430,0,59451,0.001000000000000334
4608000,8880,3833,125303,12964,-638,123654,93,19226,381,0,59452,0.0009999999999994458
4609000,10301,-4011,125064,10620,-7972,123038,117,19226,381,0,59453,0.001000000000000334
4610001,2124,-6131,127271,4175,-9289,132051,128,19228,479,1,59454,0.0010009999999995856
4611000,2381,1457,128409,-4467,-1871,128946,128,19222,524,1,59455,0.0009990000000001942
4612000,2750,19350,127653,2347,17177,116152,116,19229,475,1,59456,0.001000000000000334
4613000,5991,11894,126166,10926,9101,127236,102,19232,418,1,59457,0.0009999999999994458
4614000,13207,-1093,126235,-1317,-4379,123982,134,19225,549,0,59458,0.001000000000000334
4615002,9253,-10165,126145,11984,-13726,134042,105,19225,549,0,59459,0.0010019999999997253
4616000,9256,-5222,127272,14237,-9178,129109,103,19225,430,0,59460,0.0009980000000000544
4617000,1689,5116,130740,-8684,1480,125501,103,19225,422,1,59461,0.001000000000000334
4618000,1719,16468,131771,-2273,10850,126848,140,19230,573,1,59462,0.0009999999999994458
4619000,1548,2194,127671,7921,824,128903,113,19232,463,1,59463,0.001000000000000334
4620000,3409,2519,130169,-7284,1272,127052,106,19224,434,0,59464,0.001000000000000334
4621000,10661,-10279,126191,6438,-14357,127948,127,19224,434,0,59465,0.0009999999999994458
4622001,9392,-6440,129609,23721,-7348,139542,108,19230,520,0,59466,0.0010010000000004737
4623000,2425,6247,131709,-10997,-461,118564,108,19226,442,0,59467,0.0009990000000001942
4624000,-3025,11303,133540,-17429,11201,130086,117,19216,479,1,59468,0.0009999999999994458
4625000,-9984,2162,131990,10389,-1637,129998,113,19229,463,1,59469,0.001000000000000334
4626000,-3645,-6513,127982,-8022,-17832,133131,102,19234,418,1,59470,0.0009999999999994458
4627000,-799,-6324,129444,-19890,-6316,130026,125,19234,418,0,59471,0.001000000000000334
4628000,6836,8267,131277,4600,4250,120483,99,19222,512,0,59472,0.001000000000000334
4629000,-4143,4248,129959,-8678,-2426,129753,99,19228,405,0,59473,0.0009999999999994458
4630000,-6497,-2850,130358,-20804,-874,130792,107,19227,438,1,59474,0.001000000000000334
4631000,-9279,1790,129314,-10467,2307,131031,145,19228,594,1,59475,0.001000000000000334
4632000,-10424,9378,131469,-2779,11215,122577,117,19230,479,1,59476,0.0009999999999994458
4633000,-1992,19573,129896,-13190,7447,122996,101,19230,414,1,59477,0.001000000000000334
4634000,-4461,-8408,126388,-8867,-16983,139765,168,19225,414,0,59478,0.0009999999999994458
4635000,1386,-7259,125687,-2333,-5618,122805,104,19232,688,0,59479,0.001000000000000334
4636000,-988,3955,128034,-9564,3428,131510,104,19233,426,0,59480,0.001000000000000334
4637000,-4543,17813,129253,-5739,17144,115058,112,19224,459,1,59481,0.0009999999999994458
4638000,-9339,14085,129106,-11658,2439,130208,121,19227,496,1,59482,0.001000000000000334
4639003,-6677,-11148,123845,-14216,-5789,138305,110,19227,451,1,59483,0.0010029999999998651
4640002,2877,5235,126643,3899,3673,115829,121,19230,451,0,59484,0.0009990000000001942
4641000,-1284,110,124638,785,-2769,126744,101,19222,496,0,59485,0.0009980000000000544
4642000,1477,2323,124300,-6464,-1758,120733,101,19229,414,0,59486,0.0009999999999994458
4643000,-2478,-1265,126496,-5066,-3520,134643,109,19228,446,0,59487,0.001000000000000334
4644000,-1637,10303,125467,3144,10560,118184,137,19223,561,1,59488,0.001000000000000334
4645000,-2506,15757,127432,-7327,11475,118573,114,19223,467,1,59489,0.0009999999999994458
4646000,3298,-1304,126609,-1710,-7262,133095,98,19227,467,1,59490,0.001000000000000334
4647001,11042,337,122539,11032,-4441,120002,115,19226,401,0,59491,0.0010009999999995856
4648000,7599,-210,124023,5888,-3110,131589,115,19232,471,0,59492,0.0009990000000001942
4649000,7090,-3521,123435,1762,-4386,118109,114,19224,467,0,59493,0.001000000000000334
4650000,2396,-2313,126118,10976,-5843,132355,115,19226,471,1,59494,0.0009999999999994458
4651000,2311,10257,127397,-10527,7743,125071,126,19230,516,1,59495,0.001000000000000334
4652000,5792,11847,128278,8071,7952,120561,106,19230,516,1,59496,0.001000000000000334
4653000,8168,-185,124185,14452,-3288,128079,111,19230,434,1,59497,0.0009999999999994458
4654001,11912,3999,126109,-4762,-283,120143,111,19220,455,0,59498,0.0010010000000004737
4655000,9798,-11556,126845,19672,-15478,141326,86,19230,352,0,59499,0.000998999999999306
4656000,5342,-7150,128285,4003,-10039,123024,104,19229,426,0,59500,0.001000000000000334
4657000,2278,8668,131911,-12957,3692,130664,122,19225,500,1,59501,0.001000000000000334
4658000,500,10266,129915,11825,5431,128550,113,19225,500,1,59502,0.0009999999999994458
4659000,2898,-56,125873,2451,-3729,125969,101,19228,463,1,59503,0.001000000000000334
4660000,8888,142,129309,-5818,-4438,133177,101,19230,414,0,59504,0.001000000000000334
4661000,8554,-6039,127720,9718,-8085,120470,149,19229,610,0,59505,0.0009999999999994458
4662000,4233,-3185,131434,16323,-7794,131766,114,19231,467,0,59506,0.001000000000000334
4663000,-607,-1611,132187,-19704,-4744,130736,110,19222,451,0,59507,0.0009999999999994458
4664002,-3434,3269,132058,-9431,641,130605,145,19222,451,1,59508,0.0010020000000006135
4665000,-8161,10150,131884,10255,3511,130062,110,19228,594,1,59509,0.0009980000000000544
4666000,-3343,-983,129226,-13354,304,134349,110,19236,451,1,59510,0.0009999999999994458
4667000,3758,1407,128997,-7508,-4550,130114,106,19220,434,0,59511,0.001000000000000334
4668000,2007,-3573,127648,5635,-8884,125709,111,19232,455,0,59512,0.001000000000000334
4669000,-2282,3354,131728,-7523,-5169,128966,116,19228,475,0,59513,0.0009999999999994458
4670000,-7138,6838,131398,-13616,3199,127003,128,19228,475,1,59514,0.001000000000000334
4671000,-8051,1206,129807,-11851,-3530,135910,113,19220,524,1,59515,0.0009999999999994458
4672000,-7372,6181,129409,-6923,4133,122929,113,19227,463,1,59516,0.001000000000000334
4673000,-2896,9299,129855,-8154,23,123500,101,19235,414,1,59517,0.001000000000000334
4674000,-3405,-3351,127281,-6630,-8791,131747,133,19218,545,0,59518,0.0009999999999994458
4675000,-2957,-1955,128253,-5479,-5285,128907,109,19234,446,0,59519,0.001000000000000334
4676000,-1903,2592,127389,-10323,-1398,129849,107,19234,438,0,59520,0.001000000000000334
4677004,-9286,11084,127350,-11215,14182,116029,147,19229,438,1,59521,0.0010040000000000049
4678000,-4549,11915,129472,-11423,201,134012,113,19227,602,1,59522,0.0009959999999997748
4679000,-3692,5385,123660,498,-256,124275,113,19234,463,1,59523,0.0009999999999994458
4680000,-598,5813,125093,-11909,2385,121825,104,19224,426,0,59524,0.001000000000000334
4681000,2269,846,126176,4579,-519,126645,109,19230,446,0,59525,0.001000000000000334
4682000,1405,3443,125000,5915,-491,122061,105,19230,430,0,59526,0.0009999999999994458
4683001,1446,-4962,125146,-11259,-5731,133190,118,19230,430,0,59527,0.0010010000000004737
4684000,-4238,9717,126977,249,8711,115854,119,19220,483,1,59528,0.0009990000000001942
4685000,1680,11250,124795,-3690,6470,126305,119,19229,487,1,59529,0.0009999999999994458
4686000,4422,8246,126411,4053,3402,121600,96,19230,393,1,59530,0.001000000000000334
4687000,7135,149,123306,6581,-6397,123022,118,19228,483,0,59531,0.0009999999999994458
4688000,10017,-7380,123610,2741,-10224,130743,104,19228,426,0,59532,0.001000000000000334
4689000,3746,1475,127334,6957,-1290,123903,111,19228,426,0,59533,0.001000000000000334
4690000,4295,-4583,127881,-87,-5367,133660,145,19226,455,1,59534,0.0009999999999994458
4691000,-316,20856,129112,-1408,15992,114294,145,19223,594,1,59535,0.001000000000000334
4692000,6925,-1993,124917,7972,-7227,133688,110,19231,451,1,59536,0.001000000000000334
4693000,9072,-12041,122892,9230,-12195,122576,98,19225,401,0,59537,0.0009999999999994458
4694002,8552,10919,129164,-910,4250,119690,130,19230,532,0,59538,0.0010020000000006135
4695000,9748,-5390,124643,12756,-8829,136034,106,19230,532,0,59539,0.0009979999999991662
4696000,1681,-1043,129070,2697,-5308,124259,109,19227,434,0,59540,0.001000000000000334
4697000,3700,-2308,130429,-7996,-4525,138350,109,19221,446,1,59541,0.001000000000000334
4698002,409,11565,128866,7523,8039,120621,116,19228,475,1,59542,0.0010019999999997253
4699000,3453,10411,129673,3563,5566,125078,104,19232,426,1,59543,0.0009980000000000544
4700000,10820,-7062,127555,-6868,-11166,132824,116,19223,475,0,59544,0.001000000000000334
4701000,6381,-13180,128336,16129,-15805,129136,103,19223,475,0,59545,0.0009999999999994458
4702000,6014,-9182,128275,7946,-13912,134376,109,19228,422,0,59546,0.001000000000000334
4703000,-3554,9240,133325,-16735,6808,119744,109,19224,446,1,59547,0.0009999999999994458
4704003,-3008,5171,132610,-8882,2049,133733,136,19222,557,1,59548,0.0010030000000007533
4705002,-8138,-5826,131040,4567,-8669,130063,113,19231,463,1,59549,0.000998999999999306
4706001,-2917,-6647,130701,-10627,-9481,127529,97,19228,397,1,59550,0.0009990000000001942
4707000,131,-631,128051,-11545,-5766,131596,148,19228,397,0,59551,0.0009990000000001942
4708001,2870,7182,128576,7239,3736,121396,106,19232,606,0,59552,0.0010009999999995856
4709000,-2919,5436,131555,-6355,1567,132365,106,19231,434,0,59553,0.0009990000000001942
4710000,-8089,-194,129431,-19637,-2572,126709,110,19224,451,1,59554,0.001000000000000334
4711000,-8137,3357,131727,-8477,260,129748,133,19227,545,1,59555,0.0009999999999994458
4712000,-8124,5718,128902,-6629,2311,129129,109,19231,446,1,59556,0.001000000000000334
4713000,-908,1762,127459,-10704,-617,127189,112,19231,446,1,59557,0.001000000000000334
4714000,-5682,5916,126803,-9332,1607,125459,114,19220,459,0,59558,0.0009999999999994458
4715000,-683,-1911,125364,-2292,-5012,123808,114,19228,467,0,59559,0.001000000000000334
4716000,-1487,9007,129789,-4504,3422,127806,102,19232,418,0,59560,0.001000000000000334
4717000,-3930,8001,128638,-13117,6824,125635,127,19219,520,1,59561,0.0009999999999994458
4718000,-6335,7268,127661,-5171,4676,126300,119,19229,487,1,59562,0.001000000000000334
4719000,-5019,1705,126678,-7765,-4124,126514,102,19229,418,1,59563,0.0009999999999994458
4720000,1399,10326,125364,-8030,3786,119939,136,19227,418,0,59564,0.001000000000000334
4721001,2028,2642,125274,5058,-2869,128155,105,19232,557,0,59565,0.0010010000000004737
4722000,2339,-896,124440,-2995,642,124651,105,19227,430,0,59566,0.000998999999999306
4723002,-265,10098,127423,-4156,6479,123509,109,19229,446,1,59567,0.0010020000000006135
4724000,-1341,8970,125983,-3078,6725,125931,157,19229,643,1,59568,0.0009980000000000544
4725002,605,5426,126347,9014,-1355,126749,109,19229,446,1,59569,0.0010019999999997253
4726000,1113,2940,124034,-1713,563,124552,101,19233,446,0,59570,0.0009980000000000544
4727000,12648,8415,122545,-2545,5053,119403,82,19226,414,0,59571,0.0009999999999994458
4728000,8379,1938,126334,18532,-7836,127688,82,19229,336,0,59572,0.001000000000000334
4729000,8684,1845,126094,-3162,-11102,123838,112,19227,459,0,59573,0.001000000000000334
4730000,3186,-2061,126567,-1297,-2205,132113,125,19222,512,1,59574,0.0009999999999994458
4731000,3905,16340,134702,6757,13854,119342,114,19222,467,1,59575,0.001000000000000334
4732000,7940,8157,123284,7881,535,124350,99,19229,467,1,59576,0.001000000000000334
4733000,7081,-4659,125003,273,-6517,130602,133,19231,405,0,59577,0.0009999999999994458
4734000,11320,-1315,126509,4816,-5569,125182,133,19224,545,0,59578,0.001000000000000334
4735000,7302,-1481,127329,19469,-3616,125593,100,19228,410,0,59579,0.0009999999999994458
4736000,4268,1448,131132,-4815,-3282,128052,104,19228,426,0,59580,0.001000000000000334
4737000,1539,-5831,129273,-5999,-7241,133265,132,19232,541,1,59581,0.001000000000000334
4738001,1069,17876,131389,9399,13535,120634,112,19232,541,1,59582,0.0010009999999995856
4739000,1426,3460,128850,-4517,-2500,130701,104,19232,459,1,59583,0.0009990000000001942
4740000,6643,-7450,131012,-6237,-11220,129993,104,19224,426,0,59584,0.001000000000000334
4741000,13320,-11146,129094,20555,-15015,133019,128,19232,524,0,59585,0.0009999999999994458
4742000,-133,-5535,126941,9421,-8206,133551,108,19229,442,0,59586,0.001000000000000334
4743000,1988,10143,133873,-28582,8848,120825,115,19220,471,1,59587,0.0009999999999994458
4744000,-5994,6003,130389,418,2964,131756,113,19220,471,1,59588,0.001000000000000334
4745003,-5227,6378,130902,7468,2278,127151,101,19228,463,1,59589,0.0010029999999998651
4746000,-2888,-12478,126991,-22049,-17264,135869,101,19233,414,1,59590,0.0009969999999999146
4747000,-226,-3408,129792,-4880,-5743,129384,126,19226,516,0,59591,0.001000000000000334
4748000,2861,5141,130095,6005,2017,125900,101,19228,414,0,59592,0.001000000000000334
4749000,-4785,-725,131284,-11851,-5329,137929,109,19224,446,0,59593,0.0009999999999994458
4750000,-6591,4898,130738,-18160,2995,117291,148,19224,446,1,59594,0.001000000000000334
4751000,-9612,-458,130002,-10892,-3799,139666,116,19230,606,1,59595,0.0009999999999994458
4752000,-5879,14290,130892,-6844,10796,121258,116,19233,475,1,59596,0.001000000000000334
4753001,-4431,271,126871,-9216,-1098,125070,103,19225,422,0,59597,0.0010009999999995856
4754000,-4378,-4461,125422,-13088,-9231,133455,168,19234,688,0,59598,0.0009990000000001942
4755000,-1837,3366,129209,-2261,478,121507,105,19230,430,0,59599,0.001000000000000334
4756000,-2490,3728,127879,-6705,-1686,130484,113,19230,430,1,59600,0.001000000000000334
4757000,-6915,10994,128555,-5342,8881,118118,123,19222,463,1,59601,0.0009999999999994458
4758000,-7704,3793,128152,-14826,1419,133442,123,19227,504,1,59602,0.001000000000000334
4759000,40,6770,125723,-8867,2178,122145,110,19230,451,1,59603,0.0009999999999994458
4760000,-9,3388,126708,7496,2073,123249,122,19225,500,0,59604,0.001000000000000334
4761000,4465,116,125322,-223,-2346,125164,99,19229,405,0,59605,0.001000000000000334
4762000,-1305,-1488,122028,-9482,-5907,125815,112,19229,405,0,59606,0.0009999999999994458
4763000,240,13172,128437,-2644,5597,123374,137,19224,459,1,59607,0.001000000000000334
4764000,-3179,16647,123822,114,8430,116276,137,19220,561,1,59608,0.0009999999999994458
4765000,967,947,123499,-3957,7125,136517,113,19233,463,1,59609,0.001000000000000334
4766000,9389,-2919,122955,-2252,-1722,120254,97,19229,397,0,59610,0.001000000000000334
4767000,9138,1774,124178,9698,-891,122826,113,19234,463,0,59611,0.0009999999999994458
4768000,7109,-1901,127233,8589,-9349,129376,114,19234,467,0,59612,0.001000000000000334
4769000,2921,-8008,125987,-2168,-10782,128546,117,19227,467,0,59613,0.001000000000000334
4770000,1915,5862,128017,5421,7869,126964,126,19224,479,1,59614,0.0009999999999994458
4771000,1451,15567,128587,-5478,13332,117144,126,19230,516,1,59615,0.001000000000000334
4772002,7605,6416,126778,7685,-3178,128795,106,19231,434,1,59616,0.0010019999999997253
4773000,13469,5299,125845,5535,-2320,120419,111,19220,455,0,59617,0.0009980000000000544
4774000,8496,649,125822,3644,-5858,130325,98,19220,401,0,59618,0.001000000000000334
4775000,6593,-8704,128715,16348,-10265,133836,112,19227,401,0,59619,0.0009999999999994458
4776000,4977,1175,129939,-5475,-880,126140,125,19228,459,1,59620,0.001000000000000334
4777002,-1583,5824,131111,-2229,2741,128212,125,19225,512,1,59621,0.0010019999999997253
4778000,1798,15507,132383,2359,11382,120824,115,19232,471,1,59622,0.0009980000000000544
4779003,6023,-2281,126483,-996,-9414,132919,101,19230,414,1,59623,0.0010029999999998651
4780000,9988,-7837,127467,10746,-10943,126371,151,19230,618,0,59624,0.0009969999999999146
4781000,9743,-1183,130409,8213,-5072,126357,106,19231,618,0,59625,0.001000000000000334
4782000,1533,-9088,129379,-3740,-8985,136703,106,19229,434,0,59626,0.001000000000000334
4783000,2003,6576,133128,-14045,4832,126865,106,19226,434,1,59627,0.0009999999999994458
4784000,-7181,-5708,131316,3512,-5715,139638,142,19228,582,1,59628,0.001000000000000334
4785000,-5249,17216,130900,-1144,10554,114796,107,19232,438,1,59629,0.001000000000000334
4786000,1632,-14391,127178,-22396,-20081,138469,106,19221,434,0,59630,0.0009999999999994458
4787000,1586,-9840,130513,13398,-11826,132093,103,19221,434,0,59631,0.001000000000000334
4788000,-1002,7351,130645,-920,2840,120798,111,19231,422,0,59632,0.0009999999999994458
4789000,-8525,7866,133386,-24144,2820,129170,111,19232,455,0,59633,0.001000000000000334
4790002,-8675,151,130128,-9754,-2969,129994,123,19223,504,1,59634,0.0010019999999997253
4791000,-7137,-132,130280,-5678,-2601,137343,115,19231,471,1,59635,0.0009980000000000544
4792000,-7311,12062,128330,-7960,9365,114761,102,19233,418,1,59636,0.001000000000000334
4793000,-3740,1525,127810,-13391,-3096,128717,137,19233,418,0,59637,0.001000000000000334
4794000,-505,-8876,126431,-2945,-11990,133519,104,19219,561,0,59638,0.0009999999999994458
4795000,-2067,-3893,128052,-183,-6061,124372,104,19229,426,0,59639,0.001000000000000334
4796000,-8090,-722,126830,-20849,-5705,131207,106,19228,434,1,59640,0.0009999999999994458
4797000,-7406,23918,130733,-9740,22047,112098,144,19233,590,1,59641,0.001000000000000334
4798000,-8472,-11514,122964,-3815,-14193,141651,114,19230,467,1,59642,0.001000000000000334
4799000,-1954,8465,125541,-9327,5604,114098,106,19230,467,1,59643,0.0009999999999994458
4800000,-1023,4380,124663,-6085,3137,120609,110,19224,434,0,59644,0.001000000000000334
4801000,4738,3851,124805,6334,-50,125031,110,19233,451,0,59645,0.001000000000000334
4802000,3193,-5812,124374,-4439,-9531,130651,112,19227,459,0,59646,0.0009999999999994458
4803000,-4275,477,125733,-3096,-5605,136009,117,19215,479,1,59647,0.001000000000000334
4804000,-2542,28393,128208,-4311,25678,106234,118,19228,483,1,59648,0.0009999999999994458
4805000,2346,3561,125368,-1614,1672,132012,101,19228,483,1,59649,0.001000000000000334
4806000,9232,3142,123820,6800,-2338,124812,121,19228,414,0,59650,0.001000000000000334
4807001,7146,-10796,123247,5021,-12841,127257,121,19229,496,0,59651,0.0010009999999995856
4808000,7250,13809,126698,6934,4145,112056,102,19226,418,0,59652,0.0009990000000001942
4809000,6204,-7236,125331,4721,-5027,138125,114,19228,467,0,59653,0.001000000000000334
4810000,2333,-4771,128547,4688,-11645,128351,145,19231,594,1,59654,0.0009999999999994458
4811000,2865,16689,127552,-2753,15002,119581,115,19231,471,1,59655,0.001000000000000334
4812001,6421,3036,126084,6153,1722,125612,99,19231,471,1,59656,0.0010009999999995856
4813000,12253,-78,125961,9591,-6575,125033,141,19224,405,0,59657,0.0009990000000001942
4814000,10080,-13571,125992,1668,-18779,139238,141,19234,577,0,59658,0.001000000000000334
4815001,6501,-5556,127834,14900,-4583,123382,112,19229,459,0,59659,0.0010009999999995856
4816002,2811,11542,131237,-7271,9447,125045,113,19224,463,1,59660,0.0010010000000004737
4817002,-50,12330,129991,1528,8836,128901,115,19224,471,1,59661,0.0009999999999994458
4818000,2444,-1035,128822,8386,-6463,131075,107,19230,471,1,59662,0.0009980000000000544
4819000,3823,-3552,127662,500,-10154,129239,116,19227,438,1,59663,0.001000000000000334
4820000,7648,409,128023,-1215,-3773,125875,116,19219,475,0,59664,0.0009999999999994458
4821000,11788,-5121,128395,19118,-3297,129501,90,19228,369,0,59665,0.001000000000000334
4822000,-1317,-4142,130487,-10431,-7872,134585,102,19230,418,0,59666,0.001000000000000334
4823000,689,9613,130362,-22289,9262,121969,133,19230,545,1,59667,0.0009999999999994458
4824000,-4754,8931,135037,9812,4258,131783,114,19223,545,1,59668,0.001000000000000334
4825000,-2630,-1095,130643,2124,-5626,129617,96,19228,467,1,59669,0.001000000000000334
4826000,-2642,-9551,127002,-25832,-14498,133180,96,19226,393,0,59670,0.0009999999999994458
4827000,-944,-4283,130521,476,-6464,128909,141,19233,577,0,59671,0.001000000000000334
4828000,-409,10599,130935,11604,8858,119730,107,19228,438,0,59672,0.0009999999999994458
4829000,-10205,6275,132370,-25882,96,129995,115,19220,471,0,59673,0.001000000000000334
4830000,-10175,2203,132183,-18129,-1318,129967,132,19220,471,1,59674,0.001000000000000334
4831000,-7532,-4504,129646,2487,-9220,132987,109,19224,541,1,59675,0.0009999999999994458
4832000,-4957,18068,132379,-9331,15517,117143,109,19231,446,1,59676,0.001000000000000334
4833000,-5459,-899,125642,-13508,-7600,129106,106,19224,434,0,59677,0.001000000000000334
4834000,-2831,-13423,125540,-10655,-17120,135413,110,19231,451,0,59678,0.0009999999999994458
4835000,-1729,10484,128918,-3249,10104,120272,103,19230,422,0,59679,0.001000000000000334
4836001,-5165,11493,127392,-8201,7509,125209,126,19230,422,1,59680,0.0010009999999995856
4837000,-8226,9995,128591,-10915,6712,122764,117,19227,516,1,59681,0.0009990000000001942
4838000,-3467,-1119,124812,-9429,-5082,132652,117,19227,479,1,59682,0.001000000000000334
4839002,1551,3058,125505,354,187,125499,102,19228,418,0,59683,0.0010019999999997253
4840002,-591,8598,125990,-1431,5509,120296,142,19232,582,0,59684,0.001000000000000334
4841002,-50,-2861,123996,-7395,-7711,128944,105,19229,430,0,59685,0.0009999999999994458
4842000,-645,3365,126444,-4755,1257,125534,113,19229,430,0,59686,0.0009980000000000544
4843000,-2462,10592,125270,-787,7724,123511,150,19225,463,1,59687,0.001000000000000334
4844000,-2541,11847,125897,1613,9896,118142,150,19229,614,1,59688,0.0009999999999994458
4845000,4311,3858,124799,-5626,682,126399,106,19232,434,1,59689,0.001000000000000334
4846000,8222,8527,126480,3345,4491,130050,100,19218,410,0,59690,0.001000000000000334
4847000,10513,-1829,121696,9938,-7566,121625,93,19232,381,0,59691,0.0009999999999994458
4848000,6026,-6446,126190,7774,-11278,133242,117,19232,381,0,59692,0.001000000000000334
4849000,4938,4334,127225,212,-582,121197,127,19220,479,1,59693,0.001000000000000334
4850000,2769,5615,127543,2228,2689,126938,127,19223,520,1,59694,0.0009999999999994458
4851000,3155,8193,128023,4518,1728,127635,116,19228,475,1,59695,0.001000000000000334
4852002,9285,3909,125508,2836,1265,122928,99,19229,405,1,59696,0.0010019999999997253
4853002,9758,5506,126576,4656,1157,119710,131,19228,537,0,59697,0.001000000000000334
4854000,10783,-9541,126165,12754,-9579,133216,99,19228,537,0,59698,0.0009980000000000544
4855000,4890,-2230,129639,11288,-9071,129311,101,19232,405,0,59699,0.0009999999999994458
4856000,3312,5770,129537,-7740,550,127802,101,19228,414,1,59700,0.001000000000000334
4857000,2955,20331,134387,-375,10899,122450,138,19228,565,1,59701,0.001000000000000334
4858000,-729,5718,128395,9020,6898,126503,115,19232,471,1,59702,0.0009999999999994458
4859000,8933,-15028,125659,-8029,-18921,137416,102,19222,418,0,59703,0.001000000000000334
4860000,8377,-7658,129099,7862,-5064,125038,127,19222,520,0,59704,0.0009999999999994458
4861000,7482,-1434,127455,21762,-5329,128337,104,19233,520,0,59705,0.001000000000000334
4862000,3697,8156,133469,-13407,8871,121533,115,19229,426,0,59706,0.001000000000000334
4863000,-3404,2804,134000,3282,-4545,136839,115,19220,471,1,59707,0.0009999999999994458
4864000,-8544,-2209,128807,4752,-1444,131068,114,19227,467,1,59708,0.001000000000000334
4865000,-6168,3554,129758,-28000,-713,126733,104,19232,426,1,59709,0.001000000000000334
4866000,-521,-10121,128512,-1893,-7712,132917,123,19232,504,0,59710,0.0009999999999994458
4867000,9107,11332,132010,11099,7527,121427,99,19221,504,0,59711,0.001000000000000334
4868000,-5497,-1940,127870,-12999,-6587,133720,111,19227,405,0,59712,0.0009999999999994458
4869000,-5621,8833,132382,-15841,9409,124679,111,19227,455,1,59713,0.001000000000000334
4870002,-8530,-1889,128309,-6550,-3752,135453,149,19228,610,1,59714,0.0010019999999997253
4871002,-10549,7458,130461,-9218,8273,124837,120,19231,491,1,59715,0.001000000000000334
4872000,-3740,9555,131190,-17375,6190,122461,102,19230,418,1,59716,0.0009980000000000544
4873000,-3182,-4500,125089,324,-8887,133517,163,19230,418,0,59717,0.001000000000000334
4874000,-364,-7225,125604,-4745,-11197,128293,110,19231,668,0,59718,0.0009999999999994458
4875000,-3749,2457,128054,-13190,1362,124608,110,19232,451,0,59719,0.001000000000000334
4876000,-3529,14988,129835,-6722,11901,120699,113,19222,463,1,59720,0.0009999999999994458
4877000,-8630,6050,128787,-7485,951,129178,123,19232,504,1,59721,0.001000000000000334
4878000,-9204,-6932,126650,-13316,-9260,132740,112,19232,459,1,59722,0.001000000000000334
4879000,362,11640,125835,-3385,5992,116551,119,19232,459,0,59723,0.0009999999999994458
4880000,-1253,2323,123618,-4950,-2299,126724,98,19224,487,0,59724,0.001000000000000334
4881000,4181,-1027,125094,5252,-3054,128437,98,19232,401,0,59725,0.0009999999999994458
4882000,-2879,3573,125380,-1366,1474,121394,110,19226,451,0,59726,0.001000000000000334
4883000,-649,14280,126634,-9211,10523,123270,132,19222,541,1,59727,0.001000000000000334
4884000,-2570,10135,125843,-750,6215,124106,115,19231,471,1,59728,0.0009999999999994458
4885000,7699,4570,124091,3404,1620,126736,97,19231,471,1,59729,0.001000000000000334
4886000,9138,7680,124383,6847,3091,121618,122,19232,397,0,59730,0.001000000000000334
4887000,9586,-3968,122889,7864,-9061,128613,122,19230,500,0,59731,0.0009999999999994458
4888001,8741,-1606,126009,6728,-4941,124548,113,19224,463,0,59732,0.0010010000000004737
4889005,2614,4177,127641,-917,475,126517,113,19226,463,1,59733,0.0010040000000000049
4890001,2280,5194,128295,2499,1127,129169,132,19233,541,1,59734,0.0009959999999997748
4891000,4255,6903,126462,1976,3904,118147,107,19233,541,1,59735,0.0009990000000001942
4892000,8830,-10125,124335,667,-13419,133891,109,19233,438,1,59736,0.0009999999999994458
4893000,12706,3716,127009,14180,17,120231,109,19220,446,0,59737,0.001000000000000334
4894000,6296,-7090,127686,9100,-9392,128598,91,19227,373,0,59738,0.001000000000000334
4895000,6895,-5084,128949,427,-10250,131195,105,19227,430,0,59739,0.0009999999999994458
4896000,1404,-4075,128638,-326,-8964,131389,120,19224,491,1,59740,0.001000000000000334
4897000,1636,17435,129827,2394,10164,124506,113,19224,491,1,59741,0.0009999999999994458
4898000,1269,13374,128922,-586,12631,119675,102,19234,463,1,59742,0.001000000000000334
4899000,8273,-10854,126663,-1139,-16279,136293,102,19230,418,0,59743,0.001000000000000334
4900000,8089,-9204,128614,9659,-14315,126656,149,19228,610,0,59744,0.0009999999999994458
4901001,5130,-4976,128740,10165,-11925,134071,105,19230,430,0,59745,0.0010010000000004737
4902000,1800,13313,131913,-12775,-1076,116686,103,19228,422,0,59746,0.0009990000000001942
4903002,-3096,5950,133501,-10150,4744,135290,147,19228,602,1,59747,0.0010019999999997253
4904000,-4772,-3596,131120,2484,-8392,131229,110,19228,602,1,59748,0.0009980000000000544
4905000,-4298,1909,129386,-7547,547,127693,107,19230,451,1,59749,0.0009999999999994458
4906000,-1165,-7177,129881,-12641,-7178,130047,107,19223,438,0,59750,0.001000000000000334
4907000,3952,4936,129277,2975,-5093,125655,111,19233,455,0,59751,0.001000000000000334
4908000,-6158,-7603,132097,-1903,-1031,137657,110,19227,451,0,59752,0.0009999999999994458
4909000,-4940,3933,131396,-14882,-1929,123990,122,19227,500,1,59753,0.001000000000000334
4910000,-12187,6283,130309,-8995,6106,130920,113,19223,500,1,59754,0.001000000000000334
4911000,-9868,11124,129775,-10653,7818,124830,102,19231,463,1,59755,0.0009999999999994458
4912000,-3163,6157,129095,-6287,-21,125752,102,19230,418,1,59756,0.001000000000000334
4913000,-5256,-9070,125375,-8671,-16885,135828,136,19220,557,0,59757,0.0009999999999994458
4914000,-2366,2891,125650,-7737,6836,117482,111,19235,455,0,59758,0.001000000000000334
4915000,-328,9489,129388,-9335,4599,127284,107,19235,438,0,59759,0.001000000000000334
4916000,-4221,1206,126751,-5054,698,133461,144,19226,438,1,59760,0.0009999999999994458
4917000,-6707,13420,125803,-13288,8231,119764,117,19232,590,1,59761,0.001000000000000334
4918000,-4224,11219,128377,-7846,2973,120615,117,19230,479,1,59762,0.001000000000000334
4919000,2594,2883,127339,6369,-5417,126739,108,19223,442,0,59763,0.0009999999999994458
4920000,-16,-11586,125924,-2861,-17590,135871,109,19231,446,0,59764,0.001000000000000334
4921002,-1447,4136,126742,-3610,4209,117644,111,19230,455,0,59765,0.0010019999999997253
4922000,-1883,14537,126745,-5231,11109,124150,118,19230,455,0,59766,0.0009980000000000544
4923000,-3129,8590,126490,-1343,5758,126023,116,19221,483,1,59767,0.001000000000000334
4924000,685,9522,125148,-2754,5065,123724,116,19232,475,1,59768,0.0009999999999994458
4925000,5824,-1231,124499,1359,-6057,126549,100,19231,410,1,59769,0.001000000000000334
4926000,9907,9623,125740,10041,4840,114409,120,19224,491,0,59770,0.001000000000000334
4927000,10808,-12651,122374,6912,-19894,130611,102,19225,418,0,59771,0.0009999999999994458
4928000,4153,-2680,126272,2616,-6049,130128,109,19225,418,0,59772,0.001000000000000334
4929001,3100,6480,127076,-1898,5161,124133,143,19228,446,1,59773,0.0010009999999995856
4930003,286,16943,128198,4240,14773,120031,143,19228,586,1,59774,0.0010020000000006135
4931000,7788,9880,127533,5925,5250,125972,112,19232,459,1,59775,0.0009969999999999146
4932000,9714,-7829,123791,2422,-11171,130659,97,19227,397,0,59776,0.0009999999999994458
4933000,11792,5769,127298,10008,2330,119243,139,19235,569,0,59777,0.001000000000000334
4934000,8632,-9184,124945,12305,-12561,133034,103,19235,569,0,59778,0.001000000000000334
4935000,1457,-918,129495,-2697,-5314,126302,109,19232,422,0,59779,0.0009999999999994458
4936000,3062,-2145,129631,-6733,-5492,133009,109,19223,446,1,59780,0.001000000000000334
4937000,-951,8307,129981,11757,5093,124884,111,19231,455,1,59781,0.0009999999999994458
4938000,3944,14572,130602,-2013,13260,117720,103,19230,422,1,59782,0.001000000000000334
4939000,10142,-19898,125993,-3924,-21383,137414,115,19216,471,0,59783,0.001000000000000334
4940000,7274,-5816,130358,15172,-9886,126523,92,19216,471,0,59784,0.0009999999999994458
4941001,1138,962,130112,2776,-2273,131284,105,19230,377,0,59785,0.0010010000000004737
4942000,-2731,10823,132984,-18324,5717,124874,105,19230,430,1,59786,0.0009990000000001942
4943001,-3980,1944,133373,-3196,543,130300,132,19225,541,1,59787,0.0010009999999995856
4944000,-9050,-6715,127381,1492,-12749,136143,112,19231,459,1,59788,0.0009990000000001942
4945000,-946,9409,131691,-19270,4960,121467,97,19227,397,1,59789,0.0009999999999994458
4946000,2051,-8279,127323,-5207,-13319,136773,142,19227,582,0,59790,0.001000000000000334
4947000,4992,6532,129346,10718,-678,122685,110,19231,582,0,59791,0.001000000000000334
4948000,-6568,1801,129765,-12887,-2250,132757,113,19228,451,0,59792,0.0009999999999994458
4949000,-6676,5507,130980,-19988,-3641,129885,113,19223,463,1,59793,0.001000000000000334
4950000,-5939,5171,130882,-2145,1398,129599,129,19228,528,1,59794,0.001000000000000334
4951000,-7150,7962,129850,-8599,91,123065,110,19230,451,1,59795,0.0009999999999994458
4952000,-2647,7682,128380,-18211,2177,124557,110,19230,451,0,59796,0.001000000000000334
4953000,-2838,-8408,126375,-4719,-9030,135224,126,19219,451,0,59797,0.0009999999999994458
4954000,-2351,2019,126154,1560,9678,122002,103,19231,516,0,59798,0.001000000000000334
4955000,-3982,5506,128060,-10547,2185,125540,103,19230,422,0,59799,0.001000000000000334
4956000,-5746,5028,130070,-11385,4592,127199,125,19226,512,1,59800,0.0009999999999994458
4957000,-6070,1226,126818,-10016,-2522,128747,117,19231,479,1,59801,0.001000000000000334
4958000,-2506,8058,127702,-7996,7054,125351,103,19231,422,1,59802,0.001000000000000334
4959000,-569,6999,124842,5593,1177,120553,143,19229,422,0,59803,0.0009999999999994458
4960000,468,-2547,123380,-9195,-4962,123493,109,19233,586,0,59804,0.001000000000000334
4961000,2375,3611,129051,-6397,947,131896,109,19227,446,0,59805,0.0009999999999994458
4962001,845,5162,123631,6782,5545,122007,109,19224,446,1,59806,0.0010010000000004737
4963000,-3346,14673,126570,-2369,17864,127097,150,19228,614,1,59807,0.0009990000000001942
4964000,212,100,121325,-8954,-129,122859,111,19229,455,1,59808,0.0009999999999994458
4965000,8984,7366,124715,8990,4022,126641,102,19229,455,0,59809,0.001000000000000334
4966000,8594,4609,124736,9846,-2515,119629,81,19221,418,0,59810,0.001000000000000334
4967000,7846,-1400,125423,2911,-4790,122802,81,19233,332,0,59811,0.0009999999999994458
4968001,4727,-6059,126717,2738,-11789,135886,112,19228,459,0,59812,0.0010010000000004737
4969000,3718,1991,126547,3941,1264,123936,126,19220,516,1,59813,0.000998999999999306
4970002,2646,16256,131296,3418,13199,121287,115,19228,471,1,59814,0.0010020000000006135
4971000,5469,8192,126660,581,5234,124246,101,19228,471,1,59815,0.0009980000000000544
4972002,10362,1828,126474,6004,-1209,128733,128,19229,414,0,59816,0.0010019999999997253
4973000,9467,-3491,127089,9496,-7446,130844,128,19228,524,0,59817,0.0009980000000000544
4974002,8875,-4236,127874,9094,-8596,126283,101,19227,414,0,59818,0.0010019999999997253
4975000,3581,5159,130025,-1333,836,126331,107,19228,438,0,59819,0.0009980000000000544
4976000,3401,9504,131780,1333,5713,127645,140,19225,573,1,59820,0.001000000000000334
4977001,-410,5331,130251,1618,4347,130831,115,19225,573,1,59821,0.0010009999999995856
4978000,3638,5035,129226,-4998,675,122651,104,19231,471,1,59822,0.0009990000000001942
4979000,9668,-8809,126654,5128,-13303,129869,104,19225,426,0,59823,0.001000000000000334
4980000,11038,-6600,130281,12413,-7905,130632,127,19225,520,0,59824,0.0009999999999994458
4981000,2642,-1125,129357,5149,-4838,134614,104,19229,426,0,59825,0.001000000000000334
4982000,84,1842,129847,-19533,-2058,127310,116,19221,475,1,59826,0.001000000000000334
4983000,-6428,19060,135952,-5336,16958,120955,124,19221,475,1,59827,0.0009999999999994458
4984002,-3411,-4228,129881,1003,-8232,136671,100,19228,508,1,59828,0.0010019999999997253
4985000,-3987,-7343,128718,-8326,-9537,126875,100,19232,410,1,59829,0.0009980000000000544
4986000,1630,-12936,127661,-17411,-17805,134810,119,19224,487,0,59830,0.001000000000000334
4987000,958,13956,132101,10907,11412,120996,97,19231,397,0,59831,0.001000000000000334
4988000,-4844,1711,131596,-2472,-1415,128756,109,19228,446,0,59832,0.0009999999999994458
4989000,-9230,-2165,131220,-26749,-5597,132682,147,19228,446,1,59833,0.001000000000000334
4990000,-9678,910,128549,-11626,-3046,129862,118,19223,602,1,59834,0.001000000000000334
4991000,-1972,16827,129423,-25,12682,120089,118,19228,483,1,59835,0.0009999999999994458
4992000,-2358,955,127439,-5867,1365,127705,100,19228,410,0,59836,0.001000000000000334
4993000,-3907,-10891,124466,-15035,-17147,131834,168,19230,688,0,59837,0.0009999999999994458
4994000,-1291,3012,128526,-8453,-1835,126218,104,19231,426,0,59838,0.001000000000000334
4995000,-3015,10827,128531,-4732,5829,122665,112,19231,459,1,59839,0.001000000000000334
4996002,-7687,18584,128142,-2323,7630,124268,129,19225,459,1,59840,0.0010019999999997253
4997000,-9099,-6203,124869,-22807,-5322,127111,109,19228,528,1,59841,0.0009980000000000544
4998001,1597,548,128327,-12732,-7629,127388,109,19230,446,1,59842,0.0010009999999995856
4999000,2869,-2468,124116,12294,-5513,123733,117,19221,479,0,59843,0.0009990000000001942
5000000,309,-3365,123208,-2975,-5648,123703,106,19229,434,0,59844,0.001000000000000334
5001000,-1679,2687,125762,-12346,-3270,130280,116,19229,475,0,59845,0.0009999999999994458
5002001,-1638,6703,126101,-1806,8352,120608,137,19228,475,1,59846,0.0010010000000004737
5003002,-2551,15970,128612,404,11636,124313,115,19226,561,1,59847,0.0010009999999995856
5004001,378,6549,125987,-9089,-716,123759,115,19232,471,1,59848,0.0009990000000001942
5005000,6958,4618,123108,13043,180,125697,96,19228,393,0,59849,0.0009990000000001942
5006000,6220,-1449,123772,7037,-5204,123829,120,19232,491,0,59850,0.0009999999999994458
5007002,10451,166,124764,-698,-1910,124580,112,19226,459,0,59851,0.0010020000000006135
5008002,3359,4439,126016,15682,3644,122981,112,19226,459,0,59852,0.0009999999999994458
5009001,2257,-3379,127114,-8635,-3284,127888,131,19222,459,1,59853,0.0009990000000001942
5010000,5679,3654,128415,-2648,3174,132213,131,19228,537,1,59854,0.0009990000000001942
5011000,6625,9615,124631,17935,5818,119499,109,19233,446,1,59855,0.001000000000000334
5012001,10607,5982,125789,690,1206,122371,109,19223,446,0,59856,0.0010009999999995856
5013001,10002,-4869,127612,3813,-11943,135271,89,19232,365,0,59857,0.001000000000000334
5014000,8530,-14221,126291,15364,-16766,132667,101,19232,365,0,59858,0.000998999999999306
5015001,2014,8384,130851,-2353,5596,123483,118,19232,414,1,59859,0.0010010000000004737
5016000,-1370,13613,130668,-5460,13288,124327,118,19222,483,1,59860,0.0009990000000001942
5017000,2167,3374,127539,5196,533,130845,113,19230,463,1,59861,0.0009999999999994458
5018001,4075,-2931,128917,-180,-7852,130719,101,19229,414,1,59862,0.0010010000000004737
5019000,10827,-13433,125743,4385,-19718,129184,146,19226,598,0,59863,0.0009990000000001942
5020000,8528,5770,134174,15102,4016,119543,103,19226,598,0,59864,0.0009999999999994458
5021000,1313,-10510,128857,-793,-16099,136731,105,19228,422,0,59865,0.001000000000000334
5022000,657,2642,133422,-19837,-1053,135507,105,19227,430,1,59866,0.0009999999999994458
5023000,-9220,18774,134194,1342,17973,118518,149,19227,610,1,59867,0.001000000000000334
5024001,-7489,4922,129835,-904,2263,129993,109,19235,446,1,59868,0.0010010000000004737
5025000,1128,-10039,128965,-19145,-14253,132078,101,19223,414,0,59869,0.000998999999999306
5026000,-776,-13571,127436,3037,-18037,136401,114,19223,414,0,59870,0.001000000000000334
5027001,2899,12098,130310,1510,9071,119311,110,19232,467,0,59871,0.0010009999999995856
5028000,-7415,5645,131846,-16921,3578,128464,110,19230,451,0,59872,0.0009990000000001942
5029000,-6304,-2036,129774,-12692,-5589,134855,123,19220,504,1,59873,0.001000000000000334
5030000,-8817,2998,129037,-8455,-515,131774,112,19229,459,1,59874,0.0009999999999994458
5031000,-4101,9647,130830,-7764,6640,125035,98,19230,401,1,59875,0.001000000000000334
5032000,-3657,12719,130165,-10298,14118,116100,131,19230,401,0,59876,0.001000000000000334
5033000,-3857,-15864,123604,-6364,-18453,138965,100,19218,537,0,59877,0.0009999999999994458
5034000,-3979,-1147,128736,-2048,-4564,124036,100,19232,410,0,59878,0.001000000000000334
5035001,-5320,15123,129075,-20752,11108,122364,107,19230,438,1,59879,0.0010009999999995856
5036000,-7939,13500,128162,227,9494,122422,142,19229,582,1,59880,0.0009990000000001942
5037000,-8052,441,127592,-10561,-1485,128809,115,19231,471,1,59881,0.001000000000000334
5038000,-1844,3840,125793,-17342,-1421,128632,103,19231,422,1,59882,0.0009999999999994458
5039000,2223,4465,124781,6897,3485,119972,106,19227,422,0,59883,0.001000000000000334
5040000,2213,-5026,123520,1638,-8757,129195,112,19233,434,0,59884,0.001000000000000334
5041000,1005,6102,125939,-9223,3085,121908,112,19227,459,0,59885,0.0009999999999994458
5042000,-993,2689,124015,-4915,-590,127390,119,19224,487,1,59886,0.001000000000000334
5043001,-3239,17098,126838,5700,6676,118499,125,19231,512,1,59887,0.0010009999999995856
5044000,4780,9018,125404,-4831,15265,118645,102,19230,418,1,59888,0.0009990000000001942
5045000,6253,1405,123428,293,-5106,129383,119,19230,418,0,59889,0.001000000000000334
5046000,7945,-3120,125917,8119,-9147,127035,104,19229,487,0,59890,0.0009999999999994458
5047000,8162,-2922,124905,4115,-3861,122462,104,19231,426,0,59891,0.001000000000000334
5048001,1906,602,126969,6587,-3660,130166,112,19226,459,0,59892,0.0010010000000004737
5049000,1715,1864,127417,4007,1795,123936,143,19227,586,1,59893,0.000998999999999306
5050000,2274,13459,128681,-1319,10769,123642,112,19227,459,1,59894,0.001000000000000334
5051000,10061,4585,125825,7953,-803,125947,98,19230,459,1,59895,0.001000000000000334
5052000,10869,5526,126308,7791,3078,120853,136,19227,401,0,59896,0.0009999999999994458
5053000,8747,-4813,126933,5617,-15867,131752,136,19232,557,0,59897,0.001000000000000334
5054000,6966,-11294,126562,5165,-12220,132428,105,19227,430,0,59898,0.0009999999999994458
5055000,1815,5832,133202,-4777,6268,133693,109,19225,446,1,59899,0.001000000000000334
5056001,2725,9942,128644,-262,8389,120078,109,19230,446,1,59900,0.0010010000000004737
5057000,1030,14936,130638,9284,11999,124189,105,19230,446,1,59901,0.000998999999999306
5058002,5856,-8974,126574,-3654,-16137,137874,119,19231,430,1,59902,0.0010020000000006135
5059000,11513,-11681,125945,3632,-12159,125202,119,19216,487,0,59903,0.0009980000000000544
5060000,7521,8375,132238,21271,1098,128015,95,19231,389,0,59904,0.0009999999999994458
5061000,258,-6261,128714,-12368,-5897,127067,106,19228,434,0,59905,0.001000000000000334
5062000,1507,13471,135135,-25038,9969,128598,132,19219,541,1,59906,0.0009999999999994458
5063000,-9071,1299,132128,15698,-2665,136800,113,19219,541,1,59907,0.001000000000000334
5064000,-4078,2305,128587,-7289,-891,121843,99,19232,463,1,59908,0.001000000000000334
5065000,-2372,-5190,131148,-24436,-9608,131589,99,19231,405,0,59909,0.0009999999999994458
5066000,3927,-8345,128374,6242,-9940,128015,153,19235,627,0,59910,0.001000000000000334
5067000,-1050,11266,133969,9189,6021,126972,109,19228,446,0,59911,0.001000000000000334
5068000,-8453,2223,130301,-26461,-1209,130686,114,19223,467,1,59912,0.0009999999999994458
5069000,-7974,12625,132160,-13320,10474,125926,134,19223,467,1,59913,0.001000000000000334
5070000,-10262,676,128246,-635,-2224,133242,109,19227,549,1,59914,0.0009999999999994458
5071000,-711,15242,130950,-12761,13431,121178,109,19230,446,1,59915,0.001000000000000334
5072010,-4727,-6794,125358,-8378,-11528,131182,111,19222,455,0,59916,0.0010099999999999554
5073000,455,-3326,126054,-3855,-6513,128309,127,19231,520,0,59917,0.0009899999999998244
5074000,-29,7353,128374,-5424,4267,125640,107,19228,438,0,59918,0.001000000000000334
5075000,-5503,3901,127852,-5344,285,129217,128,19228,438,1,59919,0.001000000000000334
5076000,-8559,10743,126957,-13844,6454,120824,116,19218,524,1,59920,0.0009999999999994458
5077000,-5186,8487,128536,-11477,5874,130108,116,19227,475,1,59921,0.001000000000000334
5078000,51,10629,125623,4023,7516,118940,102,19228,418,0,59922,0.0009999999999994458
5079000,-3251,-5122,122558,-3703,-7982,127049,144,19232,590,0,59923,0.001000000000000334
5080000,2611,2559,124117,-14091,-4700,122003,107,19228,438,0,59924,0.001000000000000334
5081000,1551,4404,126842,5925,4056,122677,111,19228,455,0,59925,0.0009999999999994458
5082003,-917,2332,124504,2662,-1560,127571,157,19224,455,1,59926,0.0010029999999998651
5083000,-2923,10040,127211,-12637,7122,124349,157,19233,643,1,59927,0.0009970000000008028
5084002,2201,7263,124513,-1172,4518,120403,112,19232,459,1,59928,0.0010019999999997253
5085000,13336,7056,124879,10373,5184,122447,101,19219,414,0,59929,0.0009980000000000544
5086000,7375,-8892,122646,7974,-11422,128639,83,19228,340,0,59930,0.0009999999999994458
5087000,6124,-816,125249,4125,-7713,123971,117,19228,479,0,59931,0.001000000000000334
5088001,4312,4755,126514,2111,-278,128289,127,19235,479,1,59932,0.0010009999999995856
5089000,3363,17696,129447,3613,7992,124359,115,19223,520,1,59933,0.0009990000000001942
5090000,3756,7193,125681,2335,-2281,131347,115,19227,471,1,59934,0.001000000000000334
5091001,7786,-578,123945,1202,-2808,117392,101,19229,414,1,59935,0.0010009999999995856
5092000,14729,-6436,127251,2454,-6264,132739,129,19226,528,0,59936,0.0009990000000001942
5093000,10398,-8990,128226,19547,-12884,131208,100,19226,410,0,59937,0.001000000000000334
5094000,5624,-8144,127158,9388,-7375,129318,106,19229,410,0,59938,0.0009999999999994458
5095000,1140,13022,132479,-13710,9958,125284,143,19229,434,1,59939,0.001000000000000334
5096000,-459,13212,129656,918,2850,126721,143,19226,586,1,59940,0.001000000000000334
5097001,1726,2588,129701,12136,2038,127993,113,19230,463,1,59941,0.0010009999999995856
5098000,6615,734,129806,-4479,-5723,129374,103,19222,422,0,59942,0.0009990000000001942
5099001,12305,-17918,124745,17715,-16007,135316,133,19229,545,0,59943,0.0010009999999995856
5100001,5381,8765,132852,16411,8583,121064,115,19229,545,0,59944,0.001000000000000334
5101000,-325,-3458,128884,-27810,-11731,136903,118,19229,471,0,59945,0.0009990000000001942
5102000,-110,15795,133110,-720,19263,119790,118,19222,483,1,59946,0.0009999999999994458
5103000,-5041,-244,131686,2714,-4789,134652,122,19230,500,1,59947,0.001000000000000334
5104001,-2232,-9660,129994,-9615,-11228,133395,104,19232,426,1,59948,0.0010009999999995856
5105002,334,-7678,128664,-11267,-11368,128305,122,19223,500,0,59949,0.0010010000000004737
5106000,60,2777,129960,5434,44,131218,97,19223,500,0,59950,0.0009980000000000544
5107000,-65,7700,128830,-3348,5000,123107,107,19232,397,0,59951,0.001000000000000334
5108000,-8652,4482,133064,-20259,316,134750,107,19225,438,1,59952,0.0009999999999994458
5109000,-8622,1203,130864,-8440,170,129594,143,19226,586,1,59953,0.001000000000000334
5110000,-11714,8743,131719,-8471,3930,123107,120,19229,491,1,59954,0.0009999999999994458
5111000,-2600,-126,129162,-11578,-3373,131924,103,19223,422,1,59955,0.001000000000000334
5112000,-2340,-6299,125632,-5541,-10346,127382,166,19223,422,0,59956,0.001000000000000334
5113000,-5226,-5810,126802,-6568,-10291,131393,102,19233,680,0,59957,0.0009999999999994458
5114000,-1029,20418,129119,-10488,18076,110867,102,19232,418,0,59958,0.001000000000000334
5115000,-7643,4793,127483,-8651,1517,128511,108,19227,442,1,59959,0.0009999999999994458
5116000,-6754,3867,127363,-7794,-1579,135058,126,19227,516,1,59960,0.001000000000000334
5117000,-5648,11790,125441,-9542,8958,117815,110,19228,451,1,59961,0.001000000000000334
5118000,1089,9497,126532,-3116,6396,124600,117,19228,451,0,59962,0.0009999999999994458
5119000,2474,-4943,123957,1660,-6624,124957,92,19223,479,0,59963,0.001000000000000334
5120000,408,-3622,123343,-4894,-8549,131139,92,19227,377,0,59964,0.001000000000000334
5121000,-997,11006,127778,-4589,8213,122138,106,19228,434,0,59965,0.0009999999999994458
5122001,-3089,15697,126295,-600,13916,116989,132,19223,541,1,59966,0.0010010000000004737
5123000,294,6732,127338,-7694,4546,128368,116,19230,475,1,59967,0.000998999999999306
5124000,4819,-2229,122405,2554,-6511,127374,98,19230,475,1,59968,0.001000000000000334
5125000,6610,-5756,124416,11579,-9520,124258,126,19228,401,0,59969,0.001000000000000334
5126000,11105,12733,123888,18,11336,113479,126,19230,516,0,59970,0.0009999999999994458
5127000,6929,-4860,125252,8337,-6049,131013,110,19228,451,0,59971,0.001000000000000334
5128000,4106,-3152,127388,8680,-8396,133357,113,19225,463,1,59972,0.001000000000000334
5129000,-393,11115,130331,-7753,9062,119383,133,19228,545,1,59973,0.0009999999999994458
5130000,5288,8685,128582,4673,6898,124728,109,19228,446,1,59974,0.001000000000000334
5131000,8208,-1092,124371,13156,-2238,127530,108,19232,446,1,59975,0.0009999999999994458
5132000,8870,-617,125810,-2256,-5668,129147,97,19220,442,0,59976,0.001000000000000334
5133000,10007,-2578,126831,8575,-6417,128656,97,19230,397,0,59977,0.001000000000000334
5134000,3417,-3178,127326,14468,-9807,123543,106,19232,434,0,59978,0.0009999999999994458
5135000,4436,3867,130907,-10120,2101,132024,121,19223,496,1,59979,0.001000000000000334
5136000,3052,7787,127866,-163,-35,124324,116,19223,475,1,59980,0.001000000000000334
5137000,2760,7597,129974,13576,531,126389,101,19230,475,1,59981,0.0009999999999994458
5138007,9408,-4705,127400,-7021,219,126911,141,19227,414,0,59982,0.0010070000000004242
5139000,6419,-15686,128249,3106,-19056,137997,141,19224,577,0,59983,0.0009929999999993555
5140000,6493,-4975,130330,15664,-10897,131365,113,19226,463,0,59984,0.001000000000000334
5141000,-1886,6828,132088,-6583,5188,121947,110,19225,451,0,59985,0.001000000000000334
5142000,-2454,9728,134386,-20500,11998,131180,150,19225,614,1,59986,0.0009999999999994458
5143000,-10915,1474,129511,8921,-3416,127817,111,19228,614,1,59987,0.001000000000000334
5144000,-2830,-2772,129866,-5472,-10388,131539,105,19232,455,1,59988,0.001000000000000334
5145000,-2530,-6280,128221,-3077,-8730,129507,105,19223,430,0,59989,0.0009999999999994458
5146000,5510,1106,131095,3748,2621,121809,121,19231,496,0,59990,0.001000000000000334
5147000,-4825,4795,132125,-10223,-2334,132804,108,19227,442,0,59991,0.0009999999999994458
5148001,-5724,-6043,128667,-17529,-9949,132810,120,19220,491,1,59992,0.0010010000000004737
5149000,-10239,10325,130697,-15540,12523,126676,112,19220,491,1,59993,0.0009990000000001942
5150000,-7724,9725,129651,-3340,9158,121614,103,19228,459,1,59994,0.0009999999999994458
5151000,-1761,4430,129267,-1697,-1249,129408,103,19231,422,1,59995,0.001000000000000334
5152000,-6596,-11048,123790,-14897,-12848,134086,129,19217,528,0,59996,0.001000000000000334
5153000,-510,2959,125987,-6919,2806,121088,100,19229,410,0,59997,0.0009999999999994458
5154012,-1712,7858,129128,-2058,5029,130278,104,19224,426,0,59998,0.001012000000000235
5155002,-4192,8184,126625,-6448,5361,120821,145,19224,426,1,59999,0.0009899999999998244
5156000,-8784,8224,129075,-17363,3654,129393,117,19227,594,1,60000,0.0009980000000000544
5157000,-2666,2167,125538,-9263,595,125260,117,19229,479,1,60001,0.001000000000000334
5158000,1710,11767,127582,6074,6260,122266,103,19224,422,0,60002,0.0009999999999994458
5159000,236,-8131,123124,-2771,-10896,130395,114,19232,467,0,60003,0.001000000000000334
5160000,406,2018,126249,-4843,-1632,119547,109,19231,446,0,60004,0.001000000000000334
5161000,-2326,13729,129451,-7031,11831,133277,115,19231,446,0,60005,0.0009999999999994458
5162000,-381,14921,124147,-453,14158,113662,124,19220,471,1,60006,0.001000000000000334
5163000,-476,12751,127138,3262,8483,128306,124,19232,508,1,60007,0.0009999999999994458
5164000,5990,1052,120923,-2098,-2959,123668,101,19233,414,1,60008,0.001000000000000334
5165000,12773,2927,123293,8935,-1099,124451,118,19225,483,0,60009,0.001000000000000334
5166000,10782,-9194,125243,10526,-12598,129142,102,19229,418,0,60010,0.0009999999999994458
5167000,7211,5156,126226,2526,1709,117705,111,19229,418,0,60011,0.001000000000000334
5168000,2776,-6132,126731,643,-9450,134183,141,19228,455,1,60012,0.001000000000000334
5169000,2265,9679,127420,5532,6385,122775,141,19226,577,1,60013,0.0009999999999994458
5170004,5349,16706,128032,642,16155,123885,113,19230,463,1,60014,0.0010040000000000049
5171000,10098,6878,125875,5168,3267,123941,97,19227,397,0,60015,0.0009959999999997748
5172000,10529,-1240,129054,9925,-2538,119645,147,19230,602,0,60016,0.001000000000000334
5173000,7724,-14317,126363,9992,-18839,141479,105,19230,430,0,60017,0.001000000000000334
5174001,3546,2578,130551,2781,-1020,123265,111,19231,430,0,60018,0.0010009999999995856
5175000,1261,10612,132318,-3456,7495,132908,119,19222,455,1,60019,0.0009990000000001942
5176003,2143,10072,128967,2832,5599,125329,119,19227,487,1,60020,0.0010029999999998651
5177000,4129,2616,129433,4165,1492,125834,106,19230,434,1,60021,0.0009969999999999146
5178000,8392,-10946,127675,-3063,-10218,131780,114,19220,467,0,60022,0.001000000000000334
5179000,9142,-652,127409,12960,-6116,126084,88,19220,360,0,60023,0.0009999999999994458
5180000,5056,-2505,128774,8018,-6037,134325,107,19231,360,0,60024,0.001000000000000334
5181000,1696,5343,132486,-17446,523,123180,133,19228,438,1,60025,0.001000000000000334
5182000,-3412,5053,133532,-3095,1388,134262,133,19222,545,1,60026,0.0009999999999994458
5183000,-8492,-453,128401,4025,-4275,126686,114,19227,467,1,60027,0.001000000000000334
5184000,-1761,-1063,130623,-18923,-6342,137144,97,19228,397,1,60028,0.001000000000000334
5185000,854,-7623,126782,-8728,-13189,125898,147,19228,602,0,60029,0.0009999999999994458
5186000,4374,3503,129396,9475,-948,125536,109,19235,602,0,60030,0.001000000000000334
5187000,-7526,-352,132169,-7756,-2951,132400,116,19228,446,0,60031,0.0009999999999994458
5188001,-5071,636,130570,-20205,-1015,131684,116,19224,475,1,60032,0.0010010000000004737
5189000,-7682,3704,130618,-5267,3632,135810,137,19229,561,1,60033,0.0009990000000001942
5190003,-8915,13314,130732,-13324,10980,117950,112,19233,459,1,60034,0.0010029999999998651
5191000,-2822,6330,127857,-9744,2188,126674,108,19218,442,1,60035,0.0009969999999999146
5192000,-4298,-8991,126639,-5137,-14236,135406,135,19218,442,0,60036,0.001000000000000334
5193000,-137,-3052,126366,-1918,-2031,125151,106,19232,553,0,60037,0.0009999999999994458
5194000,-5820,10961,128767,-12185,8917,123987,106,19229,434,0,60038,0.001000000000000334
5195000,-5723,8948,128126,-12088,4083,123742,125,19220,512,1,60039,0.0009999999999994458
5196000,-4631,4906,127186,-3600,4984,133088,117,19228,479,1,60040,0.001000000000000334
5197000,-2429,3099,123773,-9515,5440,121322,104,19228,426,1,60041,0.001000000000000334
5198000,1319,2915,125521,5588,-928,123188,135,19228,426,0,60042,0.0009999999999994458
5199000,397,-4069,122652,-5036,-5730,128074,111,19233,553,0,60043,0.001000000000000334
5200000,3101,5076,125035,-4643,2690,123628,111,19228,455,0,60044,0.001000000000000334
5201000,-671,4380,127759,6980,486,131227,112,19226,459,1,60045,0.0009999999999994458
5202002,-2504,8260,125164,-9416,7112,119866,160,19228,655,1,60046,0.0010019999999997253
5203002,724,13500,128522,-5571,9759,125302,109,19232,446,1,60047,0.001000000000000334
5204001,6660,7608,124107,9883,3042,122984,101,19232,446,1,60048,0.0009990000000001942
5205002,7911,3317,122605,6415,-249,124396,89,19228,414,0,60049,0.0010009999999995856
5206000,6420,-6938,124927,-449,-8180,126994,89,19228,365,0,60050,0.0009980000000000544
5207000,5139,-7092,125708,3087,-12740,125006,116,19228,475,0,60051,0.001000000000000334
5208000,5269,10133,129126,14053,7590,126123,124,19217,508,1,60052,0.001000000000000334
5209000,1608,8345,127819,-9295,7359,120383,111,19233,455,1,60053,0.0009999999999994458
5210000,8139,4199,127993,5587,337,132314,100,19233,455,1,60054,0.001000000000000334
5211000,7712,-1742,124772,13013,-6067,123768,126,19232,410,0,60055,0.0009999999999994458
5212000,8225,1130,127042,-744,-1551,125084,126,19224,516,0,60056,0.001000000000000334
5213000,8186,-14807,125894,7462,-18164,133896,100,19230,410,0,60057,0.001000000000000334
5214000,4247,2891,129849,4174,-2257,129448,106,19225,434,0,60058,0.0009999999999994458
5215000,2027,12478,131388,526,6739,127882,143,19232,586,1,60059,0.001000000000000334
5216000,-1411,9465,130575,-2777,8213,123397,113,19232,586,1,60060,0.001000000000000334
5217000,6386,-316,126635,556,-4220,131429,102,19227,463,1,60061,0.0009999999999994458
5218000,8128,-8858,126761,4888,-12981,130178,102,19223,418,0,60062,0.001000000000000334
5219000,12607,-10937,132164,8507,-14285,129357,133,19230,545,0,60063,0.0009999999999994458
5220000,2585,9408,130303,14420,7983,124903,107,19231,438,0,60064,0.001000000000000334
5221002,-1659,2513,130715,-23807,-888,131378,113,19217,463,1,60065,0.0010019999999997253
5222000,-6885,11135,136065,-7665,9267,129725,126,19217,516,1,60066,0.0009980000000000544
5223000,-6398,842,132032,10681,-80,129239,103,19228,516,1,60067,0.001000000000000334
5224000,-2958,-6148,129198,-11797,-9528,126718,116,19232,422,1,60068,0.001000000000000334
5225001,-266,-7794,128277,-18007,-11467,132582,116,19224,475,0,60069,0.0010009999999995856
5226000,2796,6958,129779,8343,4637,123813,98,19228,401,0,60070,0.0009990000000001942
5227001,-6608,3650,131022,-735,1630,127006,111,19225,455,0,60071,0.0010009999999995856
5228003,-8304,-1257,130533,-27166,-3254,130477,144,19225,590,1,60072,0.0010020000000006135
5229000,-8268,1986,129852,-10286,342,130986,118,19230,590,1,60073,0.0009969999999999146
5230000,-3001,12445,130919,-3170,10874,120146,101,19230,483,1,60074,0.0009999999999994458
5231000,-2441,-4416,127339,-5906,-4540,131235,101,19224,414,0,60075,0.001000000000000334
5232000,-3239,-11307,123503,-10311,-7472,129500,160,19232,655,0,60076,0.001000000000000334
5233000,-2689,3349,126009,-10685,2858,124712,105,19228,430,0,60077,0.0009999999999994458
5234000,-4491,12353,129313,-5762,4261,124225,108,19228,442,0,60078,0.001000000000000334
5235000,-10106,11766,129387,-4397,4949,122078,133,19225,442,1,60079,0.0009999999999994458
5236000,-9373,2108,129628,-15489,803,130174,112,19229,545,1,60080,0.001000000000000334
5237000,181,4540,125719,-10891,3066,123597,112,19230,459,1,60081,0.001000000000000334
5238000,528,1684,125148,6884,-6252,128563,113,19223,463,0,60082,0.0009999999999994458
5239000,3123,-360,122684,-6989,84,121417,90,19229,369,0,60083,0.001000000000000334
5240000,-529,5705,125801,-10003,2146,124103,108,19229,442,0,60084,0.0009999999999994458
5241000,1359,2978,127071,2370,1467,128895,130,19229,442,1,60085,0.001000000000000334
5242000,-2592,8382,126850,872,3167,121151,117,19221,532,1,60086,0.001000000000000334
5243000,1011,9826,125109,-9145,10063,123424,117,19229,479,1,60087,0.0009999999999994458
5244000,7535,4009,123392,8829,340,123639,98,19228,401,0,60088,0.001000000000000334
5245000,7233,-5179,121418,12802,-7570,127751,133,19232,545,0,60089,0.001000000000000334
5246000,8367,-1985,124221,-2961,-4669,122160,111,19228,455,0,60090,0.0009999999999994458
5247000,4462,2736,128001,4268,1045,124592,115,19228,455,0,60091,0.001000000000000334
5248000,5598,8099,127565,9299,5844,126385,137,19222,471,1,60092,0.0009999999999994458
5249002,2202,2693,127327,-1479,-750,127157,137,19229,561,1,60093,0.0010020000000006135
5250002,6637,-2007,125322,1658,-5522,127978,109,19232,446,1,60094,0.0009999999999994458
5251002,12101,485,124937,11042,-2285,118931,107,19223,438,0,60095,0.001000000000000334
5252000,8619,4555,128287,6837,-604,128180,108,19231,442,0,60096,0.0009980000000000544
5253000,6138,-10818,126434,6719,-14565,133184,102,19231,442,0,60097,0.001000000000000334
5254000,2306,-3217,128980,-1225,-6924,127063,117,19226,418,1,60098,0.0009999999999994458
5255000,-1487,15323,131786,-1639,12748,126063,117,19223,479,1,60099,0.001000000000000334
5256000,3838,11301,130410,2441,8890,121762,112,19229,459,1,60100,0.0009999999999994458
5257000,3911,-385,129417,2676,-4028,136708,100,19229,410,1,60101,0.001000000000000334
5258000,10673,-10721,124431,480,-14951,128260,136,19224,557,0,60102,0.001000000000000334
5259003,8529,-5772,129946,14494,-9315,126244,102,19224,557,0,60103,0.0010029999999998651
5260001,2905,-4418,129096,2666,-7780,133630,105,19230,418,0,60104,0.0009980000000000544
5261002,2787,5313,131304,-20143,1307,129428,105,19227,430,1,60105,0.0010009999999995856
5262003,-5645,14060,134200,-3732,11077,123744,148,19230,606,1,60106,0.0010010000000004737
5263000,-5586,3161,129849,4482,951,128056,110,19228,451,1,60107,0.0009969999999999146
5264000,-938,-12888,128363,-16648,-17256,136192,101,19225,414,0,60108,0.0009999999999994458
5265000,-1993,-7304,130124,-3921,-12002,133821,124,19225,508,0,60109,0.001000000000000334
5266003,1310,10642,131703,604,6833,122546,108,19233,508,0,60110,0.0010029999999998651
5267001,-6490,11522,132912,-17908,10360,125990,118,19229,442,0,60111,0.0009980000000000544
5268003,-5975,-3592,128847,-10712,-8787,131971,118,19221,483,1,60112,0.0010019999999997253
5269000,-8643,5833,130046,-3707,554,133892,111,19227,455,1,60113,0.0009970000000008028
5270000,-2143,10085,128176,-11869,5047,124016,104,19229,426,1,60114,0.0009999999999994458
5271000,-3842,1420,130009,-5526,5297,122249,125,19229,512,0,60115,0.001000000000000334
5272000,-1597,-11737,124752,-9253,-12785,135328,96,19216,512,0,60116,0.0009999999999994458
5273000,-5707,5106,128174,-3887,224,121071,102,19233,393,0,60117,0.001000000000000334
5274000,-2917,4568,127850,-12540,2924,129375,102,19226,418,1,60118,0.001000000000000334
5275000,-7653,14218,127885,-2849,8559,122079,140,19229,573,1,60119,0.0009999999999994458
5276000,-7528,10026,129673,-13856,11256,128357,117,19230,479,1,60120,0.001000000000000334
5277000,-1083,5791,126881,-11498,1938,123052,105,19230,430,1,60121,0.001000000000000334
5278000,-278,-7869,121791,9334,-11064,136578,114,19226,430,0,60122,0.0009999999999994458
5279000,4215,-4731,122926,-5282,-13646,114886,109,19233,467,0,60123,0.001000000000000334
5280000,-710,13308,125757,-3863,13244,121116,109,19229,446,0,60124,0.0009999999999994458
5281001,2857,6592,127879,-1312,-3344,132999,116,19221,475,1,60125,0.0010010000000004737
5282000,-3861,11923,125555,-2026,7749,119764,142,19229,582,1,60126,0.0009990000000001942
5283000,3608,3571,125463,-2420,-2683,134373,105,19235,430,1,60127,0.0009999999999994458
5284000,6325,12001,123867,2301,10241,111468,113,19235,430,0,60128,0.001000000000000334
5285000,8018,-3415,124515,9065,-14324,133326,96,19227,463,0,60129,0.001000000000000334
5286000,7811,-8288,124817,4007,-6574,126138,96,19228,393,0,60130,0.0009999999999994458
5287000,3665,8523,128469,1329,4654,127097,111,19225,455,0,60131,0.001000000000000334
5288000,2225,6526,126570,5666,9504,125090,140,19226,573,1,60132,0.0009999999999994458
5289000,3418,14820,129003,-1677,6002,120389,112,19231,459,1,60133,0.001000000000000334
5290000,13304,1025,125514,7732,96,142592,97,19231,459,1,60134,0.001000000000000334
5291000,11158,3885,124183,11968,1439,110236,153,19228,397,0,60135,0.0009999999999994458
5292000,11190,-8198,127479,3528,-11374,134634,153,19229,627,0,60136,0.001000000000000334
5293000,6209,-9771,128772,9414,-15737,132510,112,19229,459,0,60137,0.001000000000000334
5294000,3660,-4914,128210,-2066,-6742,132058,112,19218,459,1,60138,0.0009999999999994458
5295000,-1997,12072,133011,-3300,9322,127096,125,19230,512,1,60139,0.001000000000000334
5296000,115,24233,131156,2890,19589,117098,108,19230,512,1,60140,0.0009999999999994458
5297000,7407,-9730,126943,809,-14534,141166,112,19230,442,1,60141,0.001000000000000334
5298000,8667,-7419,129746,7893,-10342,122435,112,19218,459,0,60142,0.001000000000000334
5299000,9523,279,129017,11652,-5161,133544,97,19233,397,0,60143,0.0009999999999994458
5300000,57,1844,131123,-9519,1590,122016,105,19232,430,0,60144,0.001000000000000334
5301000,1017,6628,134667,-15951,1297,130813,128,19222,524,1,60145,0.001000000000000334
5302000,-6153,-4023,130857,12120,-6333,143318,112,19222,524,1,60146,0.0009999999999994458
5303000,-8101,8041,130340,-8510,6257,113054,97,19228,459,1,60147,0.001000000000000334
5304000,2744,-9375,130773,-23848,-13235,141136,97,19232,397,0,60148,0.0009999999999994458
5305000,1221,4246,128624,15022,-299,122635,140,19232,573,0,60149,0.001000000000000334
5306000,724,-2829,127217,-312,-6719,133285,107,19229,438,0,60150,0.001000000000000334
5307002,-8076,-649,131813,-23544,-4028,129241,113,19220,463,0,60151,0.0010019999999997253
5308000,-7333,5548,130721,-8170,2032,125904,141,19220,577,1,60152,0.0009980000000000544
5309000,-8687,5814,131073,-6168,1875,134172,112,19227,577,1,60153,0.001000000000000334
5310000,-4698,7600,129059,-11358,4346,121814,107,19233,459,1,60154,0.0009999999999994458
5311000,-3732,-2915,125662,-9176,-5627,133091,107,19224,438,0,60155,0.001000000000000334
5312000,-5759,-4420,125855,-8634,-6375,121740,137,19235,561,0,60156,0.0009999999999994458
5313000,-874,278,130655,-5443,-1189,126571,105,19230,430,0,60157,0.001000000000000334
5314000,-5398,1514,126482,-1526,41,127636,121,19230,496,1,60158,0.001000000000000334
5315000,-10019,14350,127706,-18046,10270,118163,116,19217,496,1,60159,0.0009999999999994458
5316001,-5783,8114,127899,-9699,3083,133174,106,19229,475,1,60160,0.0010010000000004737
5317000,-2350,6680,125593,6628,4863,119979,106,19228,434,0,60161,0.0009990000000001942
5318000,-1571,-6437,124364,-9326,-5952,126120,132,19231,541,0,60162,0.0009999999999994458
5319000,1614,5771,125615,-8174,-163,125016,106,19229,434,0,60163,0.001000000000000334
5320000,2628,4836,125269,3309,3318,123617,110,19229,451,0,60164,0.0009999999999994458
5321002,-2271,3941,127104,1433,-1101,131785,155,19230,451,1,60165,0.0010020000000006135
5322002,-3187,6596,124871,-8717,3101,120424,110,19224,635,1,60166,0.0009999999999994458
5323000,5492,5395,124966,6,3803,126650,110,19233,451,1,60167,0.0009980000000000544
5324000,8455,10007,124844,10174,10545,119895,96,19226,393,0,60168,0.001000000000000334
5325000,9559,-9977,122842,-84,-14303,130814,105,19229,430,0,60169,0.001000000000000334
5326000,3340,-1611,124548,12858,1622,120488,118,19226,483,0,60170,0.0009999999999994458
5327000,6045,-5796,126074,2746,-6106,137388,126,19226,483,1,60171,0.001000000000000334
5328003,2619,11213,128925,-166,11757,119768,110,19217,516,1,60172,0.0010029999999998651
5329001,2595,23138,129336,6914,12222,118787,110,19228,451,1,60173,0.0009980000000000544
5330002,9292,3445,127324,1271,-2272,130162,103,19231,422,1,60174,0.0010009999999995856
5331002,8132,-10186,124350,5164,-7547,128509,120,19224,491,0,60175,0.001000000000000334
5332002,12610,-17148,124340,16287,-16407,139474,95,19228,389,0,60176,0.001000000000000334
5333000,5098,-708,126463,4813,3682,117795,102,19228,389,0,60177,0.0009980000000000544
5334000,5915,12716,129280,-10039,6236,128442,138,19225,418,1,60178,0.0009999999999994458
5335000,2844,11034,131240,6917,6557,129034,138,19232,565,1,60179,0.001000000000000334
5336000,-678,2388,128912,6711,-3195,125836,116,19229,475,1,60180,0.0009999999999994458
5337010,6867,-6429,127872,-4256,-6778,130083,99,19226,405,0,60181,0.0010099999999999554
5338000,7695,-8275,129978,8837,-12738,127785,141,19232,577,0,60182,0.0009900000000007125
5339000,5839,-9880,127965,14205,-12829,136996,105,19232,577,0,60183,0.0009999999999994458
5340000,3042,2518,131304,-23012,3067,122084,112,19227,430,0,60184,0.001000000000000334
5341000,-7176,12476,134252,2863,10602,122983,112,19222,459,1,60185,0.001000000000000334
5342000,-4115,-4525,129331,-1323,-7569,138851,137,19231,561,1,60186,0.0009999999999994458
5343000,-8576,-3240,129363,-15315,-6291,128293,106,19231,434,1,60187,0.001000000000000334
5344000,4821,-8663,129324,-6270,-13624,135885,112,19223,459,0,60188,0.0009999999999994458
5345000,-1467,12084,129102,7419,9298,115229,93,19223,459,0,60189,0.001000000000000334
5346000,-1190,-951,129621,-9482,-4438,134214,109,19227,381,0,60190,0.001000000000000334
5347000,-6476,2813,130967,-17318,-1890,130401,109,19227,446,1,60191,0.0009999999999994458
5348000,-10958,1838,129805,-9067,233,131005,141,19223,577,1,60192,0.001000000000000334
5349001,-8220,22043,132487,-11371,19802,120815,117,19230,479,1,60193,0.0010009999999995856
5350002,-4485,3727,127910,-8718,435,122565,101,19231,414,1,60194,0.0010010000000004737
5351002,-938,-13657,125694,-5938,-17017,138884,154,19231,631,0,60195,0.0009999999999994458
5352000,-3166,364,125483,-8823,-2586,121146,105,19227,631,0,60196,0.0009980000000000544
5353000,-1846,8529,127308,-5924,4228,122189,105,19227,430,0,60197,0.001000000000000334
5354000,-4815,13747,128804,-7287,11228,124631,110,19224,451,1,60198,0.001000000000000334
5355000,-8364,-3500,126282,-14615,-7575,131146,134,19228,549,1,60199,0.0009999999999994458
5356000,-3822,8363,128917,-6238,5669,124548,108,19231,442,1,60200,0.001000000000000334
5357000,453,6105,125247,-1122,2653,119012,111,19231,455,0,60201,0.0009999999999994458
5358000,950,-2398,124431,1350,-4487,127072,90,19223,455,0,60202,0.001000000000000334
5359002,-515,-1210,124421,-6550,-1719,128468,111,19230,369,0,60203,0.0010019999999997253
5360000,-1902,5515,126404,-5617,1796,125847,111,19228,455,0,60204,0.0009980000000000544
5361000,-4833,23113,130067,-5392,20685,117845,131,19222,537,1,60205,0.001000000000000334
5362000,312,9842,125476,-2665,5110,122952,114,19229,467,1,60206,0.001000000000000334
5363000,5533,-2119,124345,8513,-5020,135028,97,19229,397,1,60207,0.0009999999999994458
5364000,6972,1990,121590,3575,-5494,122646,131,19232,397,0,60208,0.001000000000000334
5365000,15030,10488,125855,-1404,9554,116945,110,19232,537,0,60209,0.0009999999999994458
5366000,8655,-6089,125710,20430,-5581,128640,110,19226,451,0,60210,0.001000000000000334
5367000,3311,-7829,125799,3902,-10935,129175,114,19228,467,1,60211,0.001000000000000334
5368000,2389,7455,129007,-11556,6034,128129,135,19231,553,1,60212,0.0009999999999994458
5369000,6123,16422,127681,8804,14622,120011,111,19231,455,1,60213,0.001000000000000334
5370001,6565,3654,126586,13942,1604,125769,104,19233,455,1,60214,0.0010009999999995856
5371000,10188,3065,127291,-4489,253,125100,117,19222,426,0,60215,0.0009990000000001942
5372000,11248,-21834,124827,9642,-21182,140053,117,19231,479,0,60216,0.001000000000000334
5373000,4337,5420,131078,14415,-247,117770,113,19228,463,0,60217,0.0009999999999994458
5374000,4362,3065,127748,-8547,-1976,134157,120,19223,491,1,60218,0.001000000000000334
5375000,1204,13763,131926,2128,9670,124000,113,19229,463,1,60219,0.001000000000000334
5376002,2050,5723,129172,4875,-3988,128807,106,19229,463,1,60220,0.0010019999999997253
5377000,6368,-2789,127317,-1259,-10030,127395,136,19226,434,0,60221,0.0009980000000000544
5378000,8703,-3295,130607,3209,-9188,128161,136,19221,557,0,60222,0.001000000000000334
5379000,6973,-11273,127961,18144,-16483,133193,101,19228,414,0,60223,0.0009999999999994458
5380000,1349,5406,132635,-22255,2918,121703,100,19227,410,0,60224,0.001000000000000334
5381000,-2887,9024,132760,-9720,6133,133225,147,19228,602,1,60225,0.0009999999999994458
5382000,-9253,7140,130808,11441,2777,122796,110,19228,602,1,60226,0.001000000000000334
5383000,-2244,-166,128499,-22315,-5210,132787,101,19233,451,1,60227,0.001000000000000334
5384003,-1140,-14890,127352,-9943,-16556,140259,101,19225,414,0,60228,0.0010029999999998651
5385000,8603,4423,128687,15463,2648,112668,120,19231,491,0,60229,0.0009969999999999146
5386000,-6431,2022,130793,-12231,-2670,135300,107,19228,438,0,60230,0.001000000000000334
5387001,-4397,-458,131461,-23411,-2673,130349,118,19218,483,1,60231,0.0010009999999995856
5388000,-10671,193,130021,-5704,-218,135269,110,19218,483,1,60232,0.0009990000000001942
5389000,-8902,15166,129457,-7673,14282,124801,105,19229,451,1,60233,0.0009999999999994458
5390000,-4030,15586,131310,-9717,8796,121947,105,19232,430,1,60234,0.001000000000000334
5391000,-4481,-12583,124093,-7879,-14173,137253,124,19214,508,0,60235,0.001000000000000334
5392000,1347,1878,128173,-7149,-579,124008,105,19231,430,0,60236,0.0009999999999994458
5393000,-2217,3543,127518,-3919,344,131715,108,19223,442,0,60237,0.001000000000000334
5394000,-3708,13367,127830,-5336,10805,116824,144,19223,442,1,60238,0.001000000000000334
5395000,-8637,5429,125918,-17418,1608,129529,118,19226,590,1,60239,0.0009999999999994458
5396000,-724,2224,126934,-7589,-1523,131932,118,19228,483,1,60240,0.001000000000000334
5397000,1721,4494,124371,7726,1649,117846,105,19226,430,0,60241,0.0009999999999994458
5398000,-84,-11223,124604,-5872,-13309,132444,114,19235,467,0,60242,0.001000000000000334
5399000,1214,3196,126009,-6469,-90,118194,109,19227,446,0,60243,0.001000000000000334
5400000,-576,2687,125791,636,272,131428,112,19227,459,0,60244,0.0009999999999994458
5401000,-2197,13207,126673,-3248,9502,123354,139,19224,459,1,60245,0.001000000000000334
5402000,-2926,11752,126042,-4811,8789,118273,104,19229,569,1,60246,0.001000000000000334
5403002,5707,6047,124484,-113,2410,126684,104,19231,426,1,60247,0.0010019999999997253
5404000,8771,1902,123335,9251,-3661,123791,113,19226,463,0,60248,0.0009980000000000544
5405000,10348,-6891,123252,7421,-12637,129523,98,19226,401,0,60249,0.0009999999999994458
5406000,5962,1242,126654,3084,-2148,123318,111,19226,455,0,60250,0.001000000000000334
5407000,2185,358,126241,-1040,-3401,127090,135,19228,455,1,60251,0.001000000000000334
5408000,4425,10286,131497,12228,9178,131099,114,19228,553,1,60252,0.0009999999999994458
5409000,4895,8358,123912,-2405,4188,120137,114,19229,467,1,60253,0.001000000000000334
5410000,11154,11315,127721,3583,6646,125511,98,19228,401,0,60254,0.001000000000000334
5411000,10990,-2695,126177,16074,-3804,123347,153,19232,627,0,60255,0.0009999999999994458
5412000,8306,-18862,125617,8538,-22130,138487,112,19232,459,0,60256,0.001000000000000334
5413000,99,2627,131231,-1165,-8530,126855,109,19231,459,0,60257,0.0009999999999994458
5414000,5042,10449,130409,-3006,6575,124296,129,19226,446,1,60258,0.001000000000000334
5415001,749,10038,130080,6963,5830,129337,129,19230,528,1,60259,0.0010010000000004737
5416000,2837,3801,129402,-2076,3236,122439,110,19229,451,1,60260,0.000998999999999306
5417000,10144,-14900,125861,-2296,-16744,132342,113,19217,463,0,60261,0.001000000000000334
5418000,6294,54,130710,19878,-6478,122511,95,19228,389,0,60262,0.001000000000000334
5419000,4334,-9177,128040,-3922,-8438,138328,103,19228,389,0,60263,0.0009999999999994458
5420000,-1087,10756,133496,-8232,10643,114963,121,19228,422,1,60264,0.001000000000000334
5421003,-1571,-208,131785,-5764,-7453,144407,121,19221,496,1,60265,0.0010029999999998651
5422000,-10861,2164,129987,4921,172,127862,110,19231,451,1,60266,0.0009969999999999146
5423000,-1531,4088,129879,-9855,-3223,126262,98,19229,401,1,60267,0.001000000000000334
5424000,1555,-4469,131187,-17817,-9656,134206,141,19232,577,0,60268,0.0009999999999994458
5425000,3044,5991,129345,12053,1804,121089,114,19232,577,0,60269,0.001000000000000334
5426000,-4015,2587,131542,-15188,-1393,133003,113,19229,467,0,60270,0.001000000000000334
5427000,-8344,3335,128856,-15697,1520,125658,113,19226,463,1,60271,0.0009999999999994458
5428003,-8082,3031,130574,-5406,2320,133590,139,19228,569,1,60272,0.0010029999999998651
5429000,-8894,8935,131047,-10542,5237,122972,114,19229,467,1,60273,0.0009969999999999146
5430000,-1787,774,128164,-11081,-3210,126468,107,19222,438,1,60274,0.001000000000000334
5431005,-5325,-6967,126218,2438,-5917,131408,135,19222,438,0,60275,0.0010050000000001447
5432000,-2095,-2122,127240,-10213,-5654,125740,101,19232,553,0,60276,0.000994999999999635
5433002,-2351,2847,127329,-13558,-840,130327,101,19234,414,0,60277,0.0010020000000006135
5434000,-8470,10414,128384,-2615,7566,120388,118,19219,483,1,60278,0.0009980000000000544
5435003,-4238,10072,125838,-12905,7534,125655,113,19228,463,1,60279,0.0010029999999998651
5436000,-3212,7141,126717,-2507,4198,129717,105,19231,430,1,60280,0.0009969999999999146
5437000,14,-2333,122496,-1704,-4915,125385,131,19231,430,0,60281,0.0009999999999994458
5438000,3322,6718,125695,-7958,2656,121478,104,19230,537,0,60282,0.001000000000000334
5439000,3694,1806,125140,5079,-1147,124653,104,19229,426,0,60283,0.001000000000000334
5440002,69,-3314,125778,1613,-6386,126772,109,19227,446,1,60284,0.0010019999999997253
5441000,-5749,7582,126282,-12336,3920,127572,154,19225,631,1,60285,0.0009980000000000544
5442000,1792,14532,127435,-1226,11974,119819,110,19231,451,1,60286,0.001000000000000334
5443000,4531,16640,124702,13097,13528,118737,97,19231,397,0,60287,0.0009999999999994458
5444000,6960,-7202,123527,-1578,-11726,127254,95,19224,397,0,60288,0.001000000000000334
5445000,8457,-13011,125581,2242,-15535,130230,114,19232,389,0,60289,0.0009999999999994458
5446000,4379,3294,125214,11855,-1426,122264,114,19228,467,0,60290,0.001000000000000334
5447000,3931,10647,127694,1755,6465,124787,124,19220,508,1,60291,0.001000000000000334
5448000,2587,4271,126367,-5637,2232,125560,109,19229,446,1,60292,0.0009999999999994458
5449000,9781,-4217,124971,7720,-8646,128724,101,19229,414,1,60293,0.001000000000000334
5450002,10771,983,126420,11772,-1735,125629,119,19229,414,0,60294,0.0010019999999997253
5451000,7582,4480,127220,735,1634,120838,96,19225,487,0,60295,0.0009980000000000544
5452000,9708,-5707,126692,10418,-9728,132780,96,19232,393,0,60296,0.001000000000000334
5453000,7316,-3160,128953,816,-8256,130829,105,19223,430,0,60297,0.0009999999999994458
5454000,778,10186,131867,-1201,5762,126626,138,19225,565,1,60298,0.001000000000000334
5455000,-1821,21998,129795,-110,19272,119967,109,19230,446,1,60299,0.001000000000000334
5456003,5949,595,128370,1390,-2706,128548,101,19230,446,1,60300,0.0010029999999998651
5457000,6558,-18939,127077,3250,-24546,137947,144,19224,414,0,60301,0.0009969999999999146
5458000,8532,-1899,128169,9664,-12573,118929,144,19230,590,0,60302,0.001000000000000334
5459000,4327,-431,129348,14557,-80,133067,111,19229,455,0,60303,0.0009999999999994458
5460000,-790,3221,130277,-21596,-596,125997,113,19223,463,1,60304,0.001000000000000334
5461000,-6964,4564,135506,-10505,7118,128011,133,19227,545,1,60305,0.0009999999999994458
5462000,-6914,-3343,130457,7444,-8035,135252,102,19227,545,1,60306,0.001000000000000334
5463000,-3081,-408,129810,-11059,1409,121681,113,19232,418,1,60307,0.001000000000000334
5464000,696,-4739,128411,-15028,-9907,126115,113,19229,463,0,60308,0.0009999999999994458
5465000,3810,9569,130955,8804,7543,123859,92,19230,377,0,60309,0.001000000000000334
5466000,-1288,-12498,130903,-5979,-9413,141732,108,19224,442,0,60310,0.001000000000000334
5467000,-7405,12111,131724,-24582,9544,118085,138,19221,565,1,60311,0.0009999999999994458
5468000,-9098,3275,128848,-10693,-4434,137161,117,19221,565,1,60312,0.001000000000000334
5469000,-8596,6016,130766,-4092,8480,123598,103,19227,479,1,60313,0.0009999999999994458
5470000,-3354,-115,127678,-8516,-8750,128471,103,19232,422,0,60314,0.001000000000000334
5471000,-4690,-5692,124486,-10903,-6909,129619,156,19228,639,0,60315,0.001000000000000334
5472000,-2939,10913,128220,-5883,7078,118777,106,19231,434,0,60316,0.0009999999999994458
5473000,-439,4776,128190,-1905,-1570,132772,107,19221,438,1,60317,0.001000000000000334
5474000,-6098,10313,126678,-13841,7339,119327,133,19221,438,1,60318,0.0009999999999994458
5475001,-8315,1970,128793,-14063,-811,132030,110,19228,545,1,60319,0.0010010000000004737
5476000,-4502,13490,127855,1353,9082,119595,110,19231,451,1,60320,0.0009990000000001942
5477000,3310,-1629,123578,701,-7245,128765,109,19223,446,0,60321,0.0009999999999994458
5478000,-367,-8168,124830,-9121,-6755,130162,101,19224,414,0,60322,0.001000000000000334
5479000,-2276,8291,125721,-1779,3680,117030,112,19226,459,0,60323,0.001000000000000334
5480000,1705,3400,124766,3440,-1322,128758,132,19226,459,1,60324,0.0009999999999994458
5481000,-3488,10981,129160,-8696,6413,123547,114,19220,541,1,60325,0.001000000000000334
5482001,-1197,6348,124625,-6301,3404,123121,114,19229,467,1,60326,0.0010009999999995856
5483000,5827,5308,124197,14726,2093,127275,96,19230,393,0,60327,0.0009990000000001942
5484000,8252,1794,122258,2216,-2479,119387,132,19229,541,0,60328,0.001000000000000334
5485000,11917,3083,126478,500,-2782,125964,107,19226,438,0,60329,0.0009999999999994458
5486000,6726,-1342,125871,13776,-3932,129954,111,19226,438,0,60330,0.001000000000000334
5487000,4714,6861,130548,-2748,5085,123539,133,19225,455,1,60331,0.001000000000000334
5488000,1084,13623,127728,-11,9891,122001,133,19231,545,1,60332,0.0009999999999994458
5489000,5409,1962,123848,10944,-1307,127830,109,19230,446,1,60333,0.001000000000000334
5490000,9710,7273,127850,1183,5148,131664,101,19225,414,0,60334,0.0009999999999994458
5491000,8952,-857,126136,6951,-5217,121628,105,19232,430,0,60335,0.001000000000000334
5492000,8447,-18073,127840,17242,-21564,134853,105,19232,430,0,60336,0.001000000000000334
5493000,3401,1776,131314,-7518,-1579,127731,116,19230,430,1,60337,0.0009999999999994458
5494000,3352,9948,128922,-4793,6591,128189,110,19223,475,1,60338,0.001000000000000334
5495000,2309,17718,131120,6037,15093,125972,110,19228,451,1,60339,0.001000000000000334
5496000,3896,-525,130013,-4889,-2547,126263,102,19231,418,1,60340,0.0009999999999994458
5497000,8208,-12731,126386,6743,-17208,131727,133,19226,545,0,60341,0.001000000000000334
5498000,5669,-2541,131050,16088,-5863,128914,102,19226,418,0,60342,0.0009999999999994458
5499000,7620,-9831,128830,-1870,-14772,137718,104,19229,418,0,60343,0.001000000000000334
5500000,-1513,17419,132800,-18120,11034,120289,151,19222,426,1,60344,0.001000000000000334
5501000,-3644,10143,132435,700,9269,125830,151,19229,618,1,60345,0.0009999999999994458
5502000,-8432,-3339,131961,-405,-4780,140926,110,19232,451,1,60346,0.001000000000000334
5503000,-695,-5068,128845,-18689,-13609,126107,100,19229,410,0,60347,0.001000000000000334
5504000,-2870,-1881,129992,675,-10409,136319,121,19231,496,0,60348,0.0009999999999994458
5505000,5926,7633,130272,-1381,3487,118857,110,19231,496,0,60349,0.001000000000000334
5506002,-6955,-3922,131071,-11994,-4214,135514,123,19227,451,0,60350,0.0010019999999997253
5507000,-5794,2388,129232,-13387,-5872,129879,123,19219,504,1,60351,0.0009980000000000544
5508000,-11290,13773,131335,-10328,11556,125148,112,19232,459,1,60352,0.001000000000000334
5509000,-9195,12035,129133,-11186,8528,127913,103,19231,422,1,60353,0.0009999999999994458
5510000,-1580,-2454,127166,-4640,-983,120082,127,19217,520,0,60354,0.001000000000000334
5511000,-4920,-12671,124911,-9769,-18297,126016,96,19217,520,0,60355,0.001000000000000334
5512000,-2239,8108,128194,-6704,1680,124638,107,19230,393,0,60356,0.0009999999999994458
5513000,-1916,-1417,127460,-7654,-1760,132041,107,19228,438,1,60357,0.001000000000000334
5514000,-2931,14538,128537,-3490,10890,115022,145,19227,594,1,60358,0.0009999999999994458
5515000,-8028,4765,126705,-18525,-1625,129216,118,19228,483,1,60359,0.001000000000000334
5516000,-178,12716,128820,-7676,5207,123104,103,19228,422,1,60360,0.001000000000000334
5517000,1206,-4822,122063,10137,-11489,127088,125,19228,422,0,60361,0.0009999999999994458
5518000,1054,2241,126173,-6151,1616,125196,116,19231,512,0,60362,0.001000000000000334
5519000,-259,8416,126235,-7049,5569,121425,116,19224,475,0,60363,0.001000000000000334
5520000,-685,8521,125374,-1458,8749,126885,117,19224,479,1,60364,0.0009999999999994458
5521001,-539,13150,126280,-79,12900,123776,140,19227,573,1,60365,0.0010010000000004737
5522000,-3433,-766,121890,-3346,-1125,125032,107,19232,438,1,60366,0.000998999999999306
5523000,6853,2976,124957,5003,-1299,123163,117,19232,438,0,60367,0.001000000000000334
5524000,8555,-2158,123746,13296,-7932,125984,100,19226,479,0,60368,0.001000000000000334
5525000,9939,-5268,126984,8191,-8505,129503,100,19228,410,0,60369,0.0009999999999994458
5526000,8436,-4270,127092,-6029,-10069,126509,111,19227,455,0,60370,0.001000000000000334
5527000,1615,5719,129038,-922,3610,124198,135,19227,553,1,60371,0.001000000000000334
5528000,6682,17422,127695,3481,12717,123867,116,19231,475,1,60372,0.0009999999999994458
5529000,8632,9291,125766,9224,5437,122671,99,19231,475,1,60373,0.001000000000000334
5530000,10220,803,124638,4609,-636,128744,146,19228,405,0,60374,0.0009999999999994458
5531000,9781,-7337,126878,4238,-10471,128880,146,19235,598,0,60375,0.001000000000000334
5532001,8114,-6908,128218,17130,-11737,133049,104,19230,426,0,60376,0.0010010000000004737
5533002,2829,3042,130548,-5730,-1029,129763,109,19226,446,1,60377,0.0010009999999995856
5534000,-788,9033,130599,-4148,5656,124567,127,19232,520,1,60378,0.0009980000000000544
5535000,340,8135,129702,8108,4144,129075,110,19232,451,1,60379,0.001000000000000334
5536000,3771,1123,126152,-1797,-3100,127675,110,19232,451,1,60380,0.0009999999999994458
5537000,8172,4520,129820,10895,2486,126256,91,19218,451,0,60381,0.001000000000000334
5538000,11667,-5520,128293,13285,-10344,128676,91,19228,373,0,60382,0.0009999999999994458
5539000,148,-7716,132119,-10497,-11484,131925,104,19229,426,0,60383,0.001000000000000334
5540000,315,6906,133522,-12739,3205,131495,125,19220,512,1,60384,0.001000000000000334
5541000,-7511,1539,131207,9335,-502,129153,113,19220,463,1,60385,0.0009999999999994458
5542000,-5874,5545,130896,-11169,3118,123490,98,19230,463,1,60386,0.001000000000000334
5543002,-4272,-8612,128448,-20899,-11504,132469,143,19230,401,0,60387,0.0010019999999997253
5544002,5247,-2743,128700,11581,-9214,129929,143,19233,586,0,60388,0.001000000000000334
5545000,2017,5861,131606,3705,5927,121693,106,19229,434,0,60389,0.0009980000000000544
5546000,-6766,1502,130317,-28746,-3165,130640,112,19224,459,0,60390,0.0009999999999994458
5547000,-5647,299,131549,-7079,-367,129712,141,19224,577,1,60391,0.001000000000000334
5548000,-9978,1782,127564,-3012,-4040,131991,113,19232,577,1,60392,0.001000000000000334
5549000,-6016,22441,127944,-12068,20355,116463,107,19229,463,1,60393,0.0009999999999994458
5550000,-4606,-4812,125693,-12623,-7199,129693,107,19224,438,0,60394,0.001000000000000334
5551000,-1127,-8165,126707,-2483,-11938,129965,132,19235,541,0,60395,0.001000000000000334
5552000,-2502,5695,127962,-1143,344,124560,105,19225,430,0,60396,0.0009999999999994458
5553000,-4416,6822,127321,-9660,2975,124806,120,19224,491,1,60397,0.001000000000000334
5554000,-6954,7298,127832,-14685,6820,124326,114,19224,491,1,60398,0.0009999999999994458
5555000,-5368,4183,127308,-10810,1566,130749,105,19228,467,1,60399,0.001000000000000334
5556000,580,8717,126832,6810,6496,122077,105,19232,430,0,60400,0.001000000000000334
5557000,-1615,75,124271,-5863,1596,121936,134,19230,549,0,60401,0.0009999999999994458
5558000,3037,4426,125469,-11444,-1269,128028,105,19230,430,0,60402,0.001000000000000334
5559000,5306,-4563,126356,5801,-3683,130882,109,19224,446,0,60403,0.001000000000000334
5560000,-242,628,127631,1264,-1985,124505,151,19224,446,1,60404,0.0009999999999994458
5561000,-4466,21504,126371,-9428,20151,120079,110,19224,618,1,60405,0.001000000000000334
5562000,-438,6851,123942,-2309,428,126677,110,19233,451,1,60406,0.0009999999999994458
5563000,9050,2992,124116,9896,1524,128019,101,19236,414,0,60407,0.001000000000000334
5564000,6974,-16,122895,5341,-4919,120848,102,19230,418,0,60408,0.001000000000000334
5565000,7024,-2517,124277,4389,-3064,127676,112,19231,459,0,60409,0.0009999999999994458
5566000,3664,-4074,127229,7739,-9034,128748,119,19231,459,1,60410,0.001000000000000334
5567000,3711,6420,127671,-1907,6329,126091,108,19222,487,1,60411,0.001000000000000334
5568000,4206,15708,128384,3057,11563,120642,108,19231,442,1,60412,0.0009999999999994458
5569002,6635,561,125564,7699,-4882,125561,101,19231,414,1,60413,0.0010019999999997253
5570000,10365,-7600,126893,7524,-11625,129672,121,19221,496,0,60414,0.0009980000000000544
5571000,9456,-13689,126120,14665,-19649,135199,97,19231,397,0,60415,0.001000000000000334
5572000,8446,-6378,128720,641,-4303,125588,103,19231,397,0,60416,0.001000000000000334
5573000,2868,19966,132834,-5670,15391,121134,134,19227,422,1,60417,0.0009999999999994458
5574000,3066,2958,128074,6847,-4703,135945,134,19229,549,1,60418,0.001000000000000334
5575000,513,-194,128466,2513,-3221,122574,113,19230,463,1,60419,0.001000000000000334
5576000,3382,600,129677,-5583,-4596,130445,100,19227,410,0,60420,0.0009999999999994458
5577001,11098,-11684,125646,10076,-13351,129596,154,19233,631,0,60421,0.0010010000000004737
5578001,9820,2931,131266,16641,-1637,127636,108,19233,631,0,60422,0.0009999999999994458
5579000,4375,-7909,128084,-23287,-11194,136398,112,19230,442,0,60423,0.0009990000000001942
5580000,-1697,19628,134141,-5955,18238,116527,112,19222,459,1,60424,0.001000000000000334
5581000,-5806,1343,131537,3820,-3516,137031,127,19228,520,1,60425,0.0009999999999994458
5582000,-7218,-4207,128931,-7323,-7835,129421,101,19230,414,1,60426,0.001000000000000334
5583000,-3465,-13222,127727,-15110,-17662,134078,112,19220,459,0,60427,0.001000000000000334
5584000,1320,6687,129706,3280,2727,126067,92,19220,377,0,60428,0.0009999999999994458
5585000,572,6064,129307,2534,2836,119045,109,19226,377,0,60429,0.001000000000000334
5586002,-5444,658,131765,-20846,-2593,134253,136,19228,446,1,60430,0.0010019999999997253
5587000,-7281,-4229,130157,-16943,-6245,131824,136,19221,557,1,60431,0.0009980000000000544
5588000,-5784,14395,133003,-4421,12653,122081,116,19230,475,1,60432,0.001000000000000334
5589000,-3994,4281,128925,-9109,2143,129036,97,19230,397,1,60433,0.0009999999999994458
5590000,1244,-3306,127018,-6958,-5442,125656,150,19230,614,0,60434,0.001000000000000334
5591000,-5488,-2032,126621,-7835,-5775,132949,103,19228,614,0,60435,0.0009999999999994458
5592000,-436,9225,128245,-7790,7177,121034,108,19230,422,0,60436,0.001000000000000334
5593000,-3929,16117,129443,-5812,11735,126924,108,19224,442,1,60437,0.001000000000000334
5594000,-9042,3864,124836,-12243,-95,125128,130,19229,532,1,60438,0.0009999999999994458
5595000,-7628,3287,126586,-8819,-1224,128350,111,19231,455,1,60439,0.001000000000000334
5596000,-1825,6377,127917,-7506,4280,131750,108,19224,442,0,60440,0.001000000000000334
5597001,2583,-1746,121232,8767,-5266,115511,91,19224,442,0,60441,0.0010009999999995856
5598000,-124,-1370,126472,-4485,-6572,128647,115,19233,373,0,60442,0.0009990000000001942
5599033,-29,6972,123772,-14222,2361,127211,115,19225,471,0,60443,0.0010329999999996176
5600000,-2081,13792,126711,2105,11394,120271,129,19218,528,1,60444,0.0009670000000001622
5601000,-1816,8137,128045,-2106,7522,128113,112,19231,459,1,60445,0.001000000000000334
5602000,4139,10748,124963,-1134,3519,121919,95,19232,389,1,60446,0.0009999999999994458
5603000,4646,-498,123155,11338,-10395,127592,133,19232,389,0,60447,0.001000000000000334
5604000,8695,2694,124949,-568,-6099,122781,110,19232,545,0,60448,0.001000000000000334
5605000,7954,3608,125957,9139,-1587,125482,110,19227,451,0,60449,0.0009999999999994458
5606002,3249,-1193,125560,10600,-2187,126514,115,19224,471,1,60450,0.0010020000000006135
5607000,2380,-418,129611,-10215,-3263,128671,137,19227,561,1,60451,0.0009979999999991662
5608000,3378,6959,128431,3651,5533,124810,107,19234,438,1,60452,0.001000000000000334
5609000,10555,6955,125296,16179,4251,118812,100,19234,438,1,60453,0.001000000000000334
5610000,8225,9270,128625,-3128,1998,128070,111,19225,410,0,60454,0.0009999999999994458
5611000,9937,-9357,124988,5713,-20161,128759,111,19235,455,0,60455,0.001000000000000334
5612000,7263,-948,128244,18220,-662,130537,105,19226,430,0,60456,0.001000000000000334
5613000,1299,11755,133825,-7350,7114,121315,117,19222,479,1,60457,0.0009999999999994458
5614000,-40,13399,129226,5929,9951,122622,110,19228,451,1,60458,0.001000000000000334
5615000,2195,-1928,129310,3637,-6811,137619,100,19228,451,1,60459,0.0009999999999994458
5616000,5848,-10768,125397,-7055,-13222,125556,130,19228,410,0,60460,0.001000000000000334
5617000,8402,-1561,130518,11721,-4631,126724,130,19219,532,0,60461,0.001000000000000334
5618000,9269,-5210,128981,15663,-10897,130774,110,19229,451,0,60462,0.0009999999999994458
5619000,680,540,132668,-23711,-309,132366,111,19226,455,0,60463,0.001000000000000334
5620000,4512,8180,133232,-10267,5040,126227,152,19233,623,1,60464,0.001000000000000334
5621000,-8820,8682,128817,8299,5815,125286,112,19233,623,1,60465,0.0009999999999994458
5622000,-3642,1300,129307,-18761,-4178,130288,101,19231,459,1,60466,0.001000000000000334
5623000,-2461,-11725,127264,-5523,-14233,132822,101,19229,414,0,60467,0.0009999999999994458
5624000,802,4143,129452,6736,1181,129047,123,19232,504,0,60468,0.001000000000000334
5625000,-1857,7445,131994,-7474,4304,125120,111,19227,455,0,60469,0.001000000000000334
5626000,-6230,-1257,130513,-19840,-4565,131959,119,19221,487,1,60470,0.0009999999999994458
5627000,-7651,794,130108,-6963,-2948,132007,110,19221,451,1,60471,0.001000000000000334
5628000,-12281,8829,129550,-10162,7001,125864,104,19228,451,1,60472,0.001000000000000334
5629000,-1521,9922,129518,-9234,7840,123412,124,19232,426,1,60473,0.0009999999999994458
5630000,-6669,-9134,123584,-5345,-13037,131643,124,19213,508,0,60474,0.001000000000000334
5631000,-2479,5018,129196,-3098,1930,130537,93,19231,381,0,60475,0.0009999999999994458
5632000,127,1299,126925,-10133,-1849,121502,105,19226,430,0,60476,0.001000000000000334
5633000,-4246,6320,129906,-6492,2662,126712,142,19226,582,1,60477,0.001000000000000334
5634006,-7549,10137,127965,-11216,7993,125867,117,19225,582,1,60478,0.0010059999999993963
5635000,-7256,5285,126279,-13397,1919,123777,102,19227,479,1,60479,0.0009940000000003835
5636000,2985,4713,127197,5194,2390,125735,102,19226,418,0,60480,0.001000000000000334
5637000,-2042,-10112,120882,-2240,-13816,128898,114,19230,467,0,60481,0.0009999999999994458
5638000,1338,8024,126750,-1450,3156,119947,109,19227,446,0,60482,0.001000000000000334
5639000,-188,5404,125729,2025,3427,125650,115,19227,471,0,60483,0.0009999999999994458
5640000,-2157,15139,126622,-3690,11078,125272,139,19225,471,1,60484,0.001000000000000334
5641000,-1971,8343,124950,-6727,5071,122580,105,19229,569,1,60485,0.001000000000000334
5642000,2359,8294,126027,2369,6765,122174,105,19230,430,1,60486,0.0009999999999994458
5643000,10612,6153,123477,16852,2486,124890,110,19228,451,0,60487,0.001000000000000334
5644000,7670,-6054,124012,3118,-12697,126807,95,19226,389,0,60488,0.001000000000000334
5645000,9245,-3321,127867,-1571,-8518,129775,114,19224,467,0,60489,0.0009999999999994458
5646000,1582,4119,127155,11140,-2205,126637,137,19224,467,1,60490,0.001000000000000334
5647000,54,11446,127259,2569,6672,118888,115,19225,561,1,60491,0.0009999999999994458
5648002,3145,167,124693,-4573,1773,128550,115,19231,471,1,60492,0.0010020000000006135
5649000,6760,3312,124182,6081,-5910,125023,98,19229,401,0,60493,0.0009980000000000544
5650000,13892,-1187,127386,14400,-2207,123421,149,19235,610,0,60494,0.0009999999999994458
5651000,8232,-12307,126618,6424,-14335,131249,105,19229,430,0,60495,0.001000000000000334
5652000,6453,-5025,129706,1809,-10490,133547,107,19229,430,0,60496,0.001000000000000334
5653000,3885,11296,132304,-2784,7520,125363,130,19226,438,1,60497,0.0009999999999994458
5654000,112,3168,129815,3790,5291,126793,130,19227,532,1,60498,0.001000000000000334
5655000,3019,15358,130445,5859,14036,126338,107,19232,438,1,60499,0.0009999999999994458
5656000,4700,-14621,123351,-5677,-21156,137754,109,19222,446,0,60500,0.001000000000000334
5657000,11635,-5639,129293,12364,4868,126406,108,19229,442,0,60501,0.001000000000000334
5658000,4719,8439,129194,12856,3711,124159,113,19229,442,0,60502,0.0009999999999994458
5659001,-1530,5957,132773,-18681,1403,128617,129,19230,463,1,60503,0.0010010000000004737
5660001,290,-1247,133830,-10818,-2545,135304,129,19220,528,1,60504,0.0009999999999994458
5661000,-8065,-5091,129982,5516,-8532,133468,114,19231,467,1,60505,0.0009990000000001942
5662000,-3976,4223,128800,-20366,2100,120013,97,19232,397,1,60506,0.001000000000000334
5663001,-1057,-6210,130668,-9342,-13834,136481,139,19228,569,0,60507,0.0010009999999995856
5664000,1774,-5906,129131,11809,-2916,128803,106,19228,569,0,60508,0.0009990000000001942
5665000,-1416,8560,132073,-17242,3059,123707,113,19228,434,0,60509,0.001000000000000334
5666000,-8291,-4492,130743,-18585,-5000,133887,113,19222,463,1,60510,0.0009999999999994458
5667000,-6920,12111,131393,-1978,6669,123733,141,19227,577,1,60511,0.001000000000000334
5668002,-5420,-839,128367,-10055,-5125,133547,111,19228,455,1,60512,0.0010019999999997253
5669000,-1909,5347,130451,-10583,2741,125782,105,19223,430,0,60513,0.0009980000000000544
5670000,-2250,-4294,127059,-7029,-9292,129090,134,19223,549,0,60514,0.001000000000000334
5671003,-3732,-853,128955,-1931,-3333,126958,103,19231,549,0,60515,0.0010029999999998651
5672002,-2688,2839,126945,-15962,-1142,125758,103,19224,422,0,60516,0.0009990000000001942
5673000,-5352,2383,126778,-3562,-518,127550,117,19223,479,1,60517,0.0009980000000000544
5674000,-6337,16356,127774,-11127,12991,117245,114,19227,467,1,60518,0.0009999999999994458
5675001,-4995,2385,125198,-5085,-1905,133232,105,19229,430,1,60519,0.0010010000000004737
5676000,-1554,4615,126358,1160,2278,121790,130,19229,532,0,60520,0.0009990000000001942
5677000,-183,-3188,123721,-11648,-5918,125812,105,19232,532,0,60521,0.0009999999999994458
5678000,624,5764,126407,5583,1956,128861,110,19229,430,0,60522,0.001000000000000334
5679000,896,-547,124942,1430,-3668,125622,110,19228,451,1,60523,0.0009999999999994458
5680000,-3392,6639,126167,-11282,3016,128129,151,19230,618,1,60524,0.001000000000000334
5681000,-2127,14380,127991,-3711,13239,121740,112,19232,459,1,60525,0.001000000000000334
5682000,7280,2433,124433,8428,659,120279,99,19232,405,0,60526,0.0009999999999994458
5683000,6692,390,124756,6731,-1228,123608,99,19226,405,0,60527,0.001000000000000334
5684000,11539,-9112,122701,2027,-10867,128862,113,19228,405,0,60528,0.001000000000000334
5685000,5872,4270,127352,6820,-907,125700,113,19225,463,0,60529,0.0009999999999994458
5686000,5911,8059,128340,3017,5417,124135,119,19223,487,1,60530,0.001000000000000334
5687001,1292,12033,128364,-3242,8782,124866,109,19233,446,1,60531,0.0010009999999995856
5688000,2216,2699,126519,8303,363,126546,104,19230,426,1,60532,0.0009990000000001942
5689002,8595,-1867,124172,8333,-7148,126607,121,19230,426,0,60533,0.0010019999999997253
5690002,9740,2436,126620,-806,-1222,125634,105,19221,496,0,60534,0.001000000000000334
5691002,9585,-12888,125460,14646,-15335,129907,105,19229,430,0,60535,0.001000000000000334
5692000,5751,-2618,128980,1590,-9042,127206,107,19225,438,0,60536,0.0009980000000000544
5693000,1821,11789,130937,-9374,11099,128440,137,19223,561,1,60537,0.0009999999999994458
5694000,1129,10383,129732,2065,8907,124160,116,19230,475,1,60538,0.001000000000000334
5695000,2598,1975,129427,6058,1835,126812,101,19230,475,1,60539,0.0009999999999994458
5696006,11129,-14660,125698,-4042,-16251,131492,145,19222,414,0,60540,0.0010060000000002844
5697000,10038,-662,132457,14468,-6810,127424,145,19232,594,0,60541,0.0009940000000003835
5698000,6177,-3345,128393,11582,-5728,133503,104,19234,426,0,60542,0.0009999999999994458
5699000,325,12061,133092,-26210,3222,122736,105,19223,430,1,60543,0.001000000000000334
5700000,-4115,3823,132414,-211,4131,136026,135,19227,553,1,60544,0.001000000000000334
5701000,-4790,-7889,128533,3499,-8698,128605,104,19227,553,1,60545,0.0009999999999994458
5702000,-5082,464,131562,-20963,-347,127946,115,19231,426,1,60546,0.001000000000000334
5703000,3064,2920,128095,-4545,6407,124117,115,19218,471,0,60547,0.0009999999999994458
5704000,1901,9760,132130,8736,6515,129858,91,19228,373,0,60548,0.001000000000000334
5705000,-2357,-4355,129186,-13375,-5536,134286,108,19231,442,0,60549,0.001000000000000334
5706000,-8652,2657,130331,-19136,5143,129451,134,19226,549,1,60550,0.0009999999999994458
5707000,-12151,8507,131899,-10590,6496,126727,116,19226,549,1,60551,0.001000000000000334
5708003,-9124,13964,129932,-8019,8831,123928,100,19230,475,1,60552,0.0010029999999998651
5709000,-2671,-8380,125803,-7251,-14055,135861,100,19229,410,0,60553,0.0009969999999999146
5710000,-2645,-3935,124912,-9894,1449,124652,152,19228,623,0,60554,0.001000000000000334
5711000,-2180,8629,127969,-6001,4451,120531,102,19228,418,0,60555,0.0009999999999994458
5712001,-1380,4934,128710,-2548,2683,127940,105,19226,430,1,60556,0.0010010000000004737
5713000,-6457,3652,127477,-14832,-1671,126007,131,19226,430,1,60557,0.0009990000000001942
5714003,-7980,766,128591,-11826,-2188,126517,111,19228,537,1,60558,0.0010029999999998651
5715000,-1723,12988,127602,2,8723,118316,111,19232,455,1,60559,0.0009969999999999146
5716000,3102,1035,125486,257,-1384,128030,110,19216,451,0,60560,0.0009999999999994458
5717000,1661,-5740,123034,-5709,-8869,123613,85,19226,348,0,60561,0.001000000000000334
5718000,1037,4230,126794,-3518,314,130630,106,19231,434,0,60562,0.001000000000000334
5719000,-2281,13357,124505,-2541,13992,119991,127,19231,520,1,60563,0.0009999999999994458
5720000,-1660,15075,126733,-4880,11348,120442,113,19218,520,1,60564,0.001000000000000334
5721000,-1016,-3841,123715,-236,-7823,136432,97,19231,463,1,60565,0.001000000000000334
5722000,3358,4154,122566,9339,677,118421,97,19227,397,0,60566,0.0009999999999994458
5723000,8227,5239,124754,1640,981,120535,134,19234,549,0,60567,0.001000000000000334
5724000,10153,710,125615,11434,-2583,123885,112,19227,459,0,60568,0.0009999999999994458
5725000,8296,-4214,126582,3841,-7968,137432,115,19227,471,0,60569,0.001000000000000334
5726000,5384,1464,127231,-555,-1981,121365,136,19223,471,1,60570,0.001000000000000334
5727000,3236,13972,129462,2058,11712,117571,110,19229,557,1,60571,0.0009999999999994458
5728002,5298,11736,127207,8876,11225,130900,110,19230,451,1,60572,0.0010020000000006135
5729000,9194,3276,125317,-465,-1454,121158,105,19224,430,0,60573,0.0009980000000000544
5730000,10748,-8178,129367,10249,-11006,137936,118,19231,483,0,60574,0.0009999999999994458
5731000,5058,-2166,125600,13811,-6239,119465,111,19231,455,0,60575,0.001000000000000334
5732001,5897,-224,130134,-2250,-3616,129250,120,19230,455,1,60576,0.0010009999999995856
5733000,2208,8293,130858,-621,3026,131088,112,19223,491,1,60577,0.0009990000000001942
5734000,2948,10629,129258,-819,9424,125036,112,19229,459,1,60578,0.001000000000000334
5735000,2438,631,129940,3524,-3227,128220,102,19228,418,1,60579,0.0009999999999994458
5736001,5968,-12541,126700,633,-12182,126665,131,19227,537,0,60580,0.0010010000000004737
5737000,5888,-5486,130685,20319,-14470,142618,100,19229,410,0,60581,0.0009990000000001942
5738000,4315,3032,127692,1803,-8455,125754,104,19229,410,0,60582,0.0009999999999994458
5739001,949,17858,136051,-22927,14864,125090,145,19221,426,1,60583,0.0010010000000004737
5740000,-7822,12250,132843,4856,12619,122377,145,19228,594,1,60584,0.000998999999999306
5741000,-6694,-8126,129295,4416,-5411,132705,111,19231,455,1,60585,0.001000000000000334
5742000,-3302,-16603,128904,-21333,-22484,140690,98,19227,401,0,60586,0.001000000000000334
5743000,-2325,5745,131163,-3035,-1326,124602,120,19233,491,0,60587,0.0009999999999994458
5744000,7957,10179,132247,3306,8552,123332,108,19233,491,0,60588,0.001000000000000334
5745000,-5941,-2023,130711,-11844,-930,128524,117,19229,442,0,60589,0.001000000000000334
5746000,-6085,-2934,129219,-17287,-8830,135594,117,19221,479,1,60590,0.0009999999999994458
5747000,-9991,12850,129793,-10611,7732,121841,109,19227,446,1,60591,0.001000000000000334
5748000,-7825,6477,130533,-7799,10071,126193,104,19230,426,1,60592,0.0009999999999994458
5749000,-1106,1827,127222,277,10802,129580,122,19219,500,0,60593,0.001000000000000334
5750000,-7525,-14391,121100,-20062,-16672,136746,103,19219,500,0,60594,0.001000000000000334
5751000,-1451,2305,128670,-4585,12192,124057,111,19232,422,0,60595,0.0009999999999994458
5752000,-4479,15637,128521,-2945,15186,117545,111,19227,455,1,60596,0.001000000000000334
5753000,-5678,15271,127378,-9550,9191,125984,140,19223,573,1,60597,0.001000000000000334
5754002,-8932,-4312,127123,-15779,-8879,134588,116,19232,475,1,60598,0.0010019999999997253
5755009,-2017,-3480,125193,7589,-3885,122216,101,19224,414,1,60599,0.001006999999999536
5756000,3983,7867,126754,1897,3552,122854,124,19224,414,0,60600,0.0009909999999999641
5757000,803,-6046,123023,-11431,-10401,128099,110,19233,508,0,60601,0.001000000000000334
5758000,3206,7924,127786,-7086,6328,121891,110,19226,451,0,60602,0.001000000000000334
5759000,-171,6899,126120,22,4666,127775,115,19221,471,1,60603,0.0009999999999994458
5760000,-383,12717,128910,2290,9117,117558,134,19233,549,1,60604,0.001000000000000334
5761000,-1132,4295,125023,-6636,-2061,126844,101,19232,414,1,60605,0.001000000000000334
5762000,5517,-6581,123526,958,-11726,129879,107,19232,438,0,60606,0.0009999999999994458
5763000,12788,1119,124024,14864,-497,125184,106,19225,438,0,60607,0.001000000000000334
5764000,6076,-2132,124340,1976,-5757,122227,120,19228,434,0,60608,0.0009999999999994458
5765000,5042,-1504,125372,4398,-6035,125866,120,19228,491,0,60609,0.001000000000000334
5766000,-2,-405,125937,-4707,-3311,131826,137,19225,561,1,60610,0.001000000000000334
5767000,5561,15183,127044,-323,13309,117996,113,19232,463,1,60611,0.0009999999999994458
5768000,8188,9839,126482,20142,5153,123550,97,19232,397,1,60612,0.001000000000000334
5769000,9855,-3155,124014,-3544,-7754,125681,150,19227,397,0,60613,0.001000000000000334
5770000,10525,-9026,127538,6924,-12286,133491,105,19233,614,0,60614,0.0009999999999994458
5771000,8457,-6956,128597,13453,-11082,134225,105,19232,430,0,60615,0.001000000000000334
5772000,3889,6524,131632,-2921,1765,125674,105,19225,430,1,60616,0.0009999999999994458
5773000,-3171,7740,130405,-981,2416,121257,127,19228,520,1,60617,0.001000000000000334
5774000,2180,-5925,126728,4416,-9457,135327,106,19228,434,1,60618,0.001000000000000334
5775000,5307,-432,127603,2027,-3268,130497,108,19234,434,1,60619,0.0009999999999994458
5776000,10046,-3825,130342,-607,-6124,120912,98,19219,442,0,60620,0.001000000000000334
5777000,11644,1356,130492,16982,-3529,128553,98,19226,401,0,60621,0.001000000000000334
5778000,1502,-10014,129916,-1898,-13620,136933,106,19229,434,0,60622,0.0009999999999994458
5779000,1154,7004,133157,-25936,3028,130789,123,19215,504,1,60623,0.001000000000000334
5780002,-6211,12554,132227,8913,9891,122567,114,19226,467,1,60624,0.0010019999999997253
5781002,-6282,2711,129356,9,-1710,127918,98,19226,467,1,60625,0.001000000000000334
5782002,-12,-13099,126807,-23719,-18095,131819,138,19232,401,0,60626,0.0009999999999994458
5783002,-657,-3928,129146,5864,-12702,134923,138,19231,565,0,60627,0.001000000000000334
5784000,2339,14741,128700,41,10480,120985,105,19228,430,0,60628,0.0009980000000000544
5785001,-9229,4200,133333,-20200,1130,126566,113,19220,463,1,60629,0.0010009999999995856
5786000,-5444,-7483,130740,-10489,-10546,139027,141,19228,577,1,60630,0.0009990000000001942
5787000,-8218,5320,127899,-6587,540,130212,112,19228,577,1,60631,0.001000000000000334
5788001,-7367,19036,131246,-11143,17131,117747,102,19231,459,1,60632,0.0010009999999995856
5789000,-1516,-1544,125649,-9958,1384,125617,102,19223,418,0,60633,0.0009990000000001942
5790000,-1974,-10500,126988,-3805,-14593,134740,136,19228,557,0,60634,0.001000000000000334
5791000,-34,5045,129004,-5523,-1328,129666,105,19232,430,0,60635,0.0009999999999994458
5792000,-5365,13105,127465,-11137,4425,118442,120,19220,491,1,60636,0.001000000000000334
5793000,-5489,17810,130006,-12578,15526,131707,116,19220,491,1,60637,0.001000000000000334
5794001,-6058,-6384,124038,-3639,-7212,129884,105,19227,475,1,60638,0.0010009999999995856
5795000,-1915,7736,126265,-8589,3065,119095,105,19227,430,0,60639,0.0009990000000001942
5796000,711,8133,126347,-9385,9275,122287,130,19225,532,0,60640,0.0009999999999994458
5797000,2454,-50,124197,8855,-2823,125371,102,19230,418,0,60641,0.001000000000000334
5798000,4346,-9528,124984,-4993,-8408,141593,109,19229,446,0,60642,0.001000000000000334
5799000,-2346,10072,124695,-8424,12591,112782,151,19229,446,1,60643,0.0009999999999994458
5800000,-1040,24993,128086,-581,12687,118984,113,19227,618,1,60644,0.001000000000000334
5801000,518,2254,123455,624,-1239,127509,113,19232,463,1,60645,0.001000000000000334
5802000,6695,3788,126038,949,-3793,124455,97,19228,397,0,60646,0.0009999999999994458
5803000,8971,-3035,122332,12378,-4814,125988,98,19230,401,0,60647,0.001000000000000334
5804000,7631,3010,125998,9157,-1141,120898,113,19228,463,0,60648,0.0009999999999994458
5805000,5141,-4306,126803,-7100,-7304,134990,122,19228,500,1,60649,0.001000000000000334
5806001,3700,11945,129286,1071,11403,122052,108,19224,500,1,60650,0.0010009999999995856
5807000,5669,8643,128769,14111,3493,127105,99,19232,442,1,60651,0.0009990000000001942
5808000,3176,-2158,125449,1676,-6409,121209,99,19232,405,1,60652,0.001000000000000334
5809002,13684,4496,127330,3550,-3004,120967,119,19228,487,0,60653,0.0010019999999997253
5810000,10705,-10815,126079,19183,-14057,140039,106,19227,434,0,60654,0.0009980000000000544
5811003,9381,426,128399,507,-68,118238,110,19227,451,0,60655,0.0010029999999998651
5812000,3958,5844,130209,-6427,1649,132422,140,19225,451,1,60656,0.0009969999999999146
5813000,-1882,13867,129619,6002,8570,124590,113,19229,573,1,60657,0.001000000000000334
5814000,1168,-2526,127590,4313,-6204,131832,113,19230,463,1,60658,0.001000000000000334
5815001,385,-5230,127882,-4319,-8425,132349,98,19224,401,0,60659,0.0010009999999995856
5816000,8258,-9074,126640,5816,-13059,124842,142,19230,582,0,60660,0.0009990000000001942
5817000,9954,1596,131391,20602,-1799,128569,104,19230,426,0,60661,0.001000000000000334
5818000,6883,5420,129730,-22715,2546,126871,109,19232,426,0,60662,0.0009999999999994458
5819001,-1381,12835,133617,-13434,8919,131193,130,19224,446,1,60663,0.0010010000000004737
5820000,-4279,2001,131342,7892,-1139,126486,130,19229,532,1,60664,0.000998999999999306
5821000,-6498,-5664,130079,-3475,-7042,129999,102,19231,418,1,60665,0.001000000000000334
5822002,-4018,-9094,129418,-21776,-13180,136696,113,19216,463,0,60666,0.0010019999999997253
5823000,1218,4963,130465,8515,2979,119734,92,19216,377,0,60667,0.0009980000000000544
5824000,1000,7625,130200,1411,2149,130641,108,19231,377,0,60668,0.001000000000000334
5825000,-4788,9995,131996,-20232,8418,119730,135,19226,442,1,60669,0.001000000000000334
5826000,-10206,-4055,129006,-15355,-6371,138439,135,19225,553,1,60670,0.0009999999999994458
5827000,-5300,11296,131048,-6159,5033,128923,117,19230,479,1,60671,0.001000000000000334
5828000,-7090,1874,128693,-3118,1066,124616,101,19228,414,1,60672,0.0009999999999994458
5829000,-1817,-4342,127358,-12572,-5883,130936,153,19224,627,0,60673,0.001000000000000334
5830000,-5572,-2609,125480,-5845,-7737,126683,113,19224,627,0,60674,0.001000000000000334
5831000,-2194,8463,131455,-4697,4352,135799,112,19230,463,0,60675,0.0009999999999994458
5832002,-3049,15327,124688,-6408,8789,111812,112,19221,459,1,60676,0.0010020000000006135
5833001,-10166,9693,129296,-12768,8281,125811,132,19224,541,1,60677,0.000998999999999306
5834000,-4449,-1259,125391,-9147,-1533,131280,113,19230,463,1,60678,0.0009990000000001942
5835000,-1751,4241,126074,738,-464,120075,113,19213,463,0,60679,0.001000000000000334
5836000,2126,-4214,124858,-51,-10216,132260,86,19213,463,0,60680,0.0009999999999994458
5837000,-297,3313,123450,-6267,-740,111566,106,19230,352,0,60681,0.001000000000000334
5838000,1506,4220,127600,-6229,2542,132686,106,19230,434,0,60682,0.001000000000000334
5839000,-966,13209,124819,-737,7313,121677,126,19220,516,1,60683,0.0009999999999994458
5840000,-4547,9961,126379,1814,11235,130757,115,19232,471,1,60684,0.001000000000000334
5841000,1200,4261,124900,-4314,-181,118573,100,19228,410,1,60685,0.0009999999999994458
5842000,9496,-391,124846,5101,4670,127805,131,19228,410,0,60686,0.001000000000000334
5843000,12340,-4021,125153,19861,-8021,126151,108,19229,537,0,60687,0.001000000000000334
5844000,7116,2475,123457,3754,-933,120428,108,19226,442,0,60688,0.0009999999999994458
5845000,2847,2155,128922,-6372,8628,136025,112,19224,459,1,60689,0.001000000000000334
5846000,2426,8543,126962,6334,8980,118790,135,19232,553,1,60690,0.001000000000000334
5847000,3355,4566,125694,7561,620,130568,113,19230,463,1,60691,0.0009999999999994458
5848000,5323,3577,126860,1211,-431,120010,106,19230,463,1,60692,0.001000000000000334
5849000,10623,-2859,126223,9144,-10170,129725,106,19217,434,0,60693,0.0009999999999994458
5850000,13818,-11236,125832,24143,-9189,134821,106,19228,434,0,60694,0.001000000000000334
5851000,3710,3937,128802,-11623,-2156,124026,103,19229,422,0,60695,0.001000000000000334
5852000,3133,4527,129709,-3700,5096,127744,115,19224,471,1,60696,0.0009999999999994458
5853000,-617,20968,132912,12846,17309,124214,113,19230,463,1,60697,0.001000000000000334
5854000,-552,-4201,128036,-9561,-10075,137367,103,19230,422,1,60698,0.001000000000000334
5855000,8557,-5388,128418,1936,-10185,123344,133,19230,422,0,60699,0.0009999999999994458
5856000,7507,-6262,130690,14565,-8817,132026,101,19230,545,0,60700,0.001000000000000334
5857000,12071,-4799,128251,11334,-6220,132693,101,19228,414,0,60701,0.0009999999999994458
5858000,-3129,10310,133144,-27897,8015,121344,107,19226,438,0,60702,0.001000000000000334
5859000,1261,3273,132446,-1550,504,134253,146,19230,598,1,60703,0.001000000000000334
5860000,-9671,2738,130316,5977,-1566,124788,111,19230,455,1,60704,0.0009999999999994458
5861001,-786,-4985,130289,-23343,-8463,130953,99,19232,455,1,60705,0.0010010000000004737
5862000,-1272,-13110,128247,-284,-16003,136923,130,19224,405,0,60706,0.0009990000000001942
5863000,1704,9439,130013,4462,4592,120816,130,19229,532,0,60707,0.0009999999999994458
5864001,-2178,-3919,128901,-10851,-7872,136770,121,19229,496,0,60708,0.0010010000000004737
5865000,-8481,8891,132013,-17628,6416,122146,125,19221,512,1,60709,0.000998999999999306
5866000,-8748,-487,128445,-9122,-4895,140336,111,19221,455,1,60710,0.001000000000000334
5867000,-10166,12962,132124,-7652,10213,116053,107,19229,455,1,60711,0.001000000000000334
5868000,-1922,-5306,127257,-12824,-7121,133036,125,19232,438,1,60712,0.0009999999999994458
5869000,-4456,-3715,125476,-6310,-7041,134119,125,19217,512,0,60713,0.001000000000000334
5870000,134,3180,128007,-10010,818,116925,95,19231,389,0,60714,0.001000000000000334
5871000,-415,5612,129309,-5496,1077,131263,101,19230,414,0,60715,0.0009999999999994458
5872000,-5071,14166,127908,-6860,12834,117646,137,19227,561,1,60716,0.001000000000000334
5873000,-6305,-2232,128204,-16099,-3536,134275,117,19227,561,1,60717,0.0009999999999994458
5874000,-6532,9421,127284,-4984,6883,120185,105,19230,479,1,60718,0.001000000000000334
5875000,2423,3156,126081,576,1522,123237,105,19223,430,0,60719,0.001000000000000334
5876000,-1488,-4409,123892,-3849,-7961,130752,121,19231,496,0,60720,0.0009999999999994458
5877000,771,-381,124315,-5636,-6862,125922,107,19228,438,0,60721,0.001000000000000334
5878000,-948,19259,125159,771,9512,123925,109,19222,446,1,60722,0.001000000000000334
5879000,-3219,11411,126899,-4217,12662,116792,139,19222,446,1,60723,0.0009999999999994458
5880000,-1072,-6746,123449,-7183,-10857,133097,104,19223,569,1,60724,0.001000000000000334
5881000,2017,3594,123468,6438,1684,124834,104,19229,426,1,60725,0.0009999999999994458
5882000,10353,3949,123821,4931,1998,119768,112,19225,459,0,60726,0.001000000000000334
5883000,10892,1860,125902,7328,936,125053,99,19228,405,0,60727,0.001000000000000334
5884000,8489,-11850,125200,4784,-11346,129357,113,19223,463,0,60728,0.0009999999999994458
5885000,5807,6475,129334,-2083,-2444,130283,135,19223,463,1,60729,0.001000000000000334
5886000,-277,17898,130110,-109,15334,118109,115,19224,553,1,60730,0.001000000000000334
5887000,3794,5158,124264,7217,4584,126787,115,19232,471,1,60731,0.0009999999999994458
5888000,7410,-2910,126070,7614,-5970,126180,98,19230,401,0,60732,0.001000000000000334
5889000,12169,-5979,124939,956,-9508,132882,149,19233,610,0,60733,0.0009999999999994458
5890000,12751,4322,127120,16588,-3382,120168,101,19228,414,0,60734,0.001000000000000334
5891000,6384,764,130093,3927,-1823,130472,105,19228,414,0,60735,0.001000000000000334
5892000,4178,1092,130215,-10601,1040,134405,128,19225,430,1,60736,0.0009999999999994458
5893000,-2519,8718,129895,9744,5858,121189,128,19227,524,1,60737,0.001000000000000334
5894000,-595,2150,127532,-642,-2779,132079,106,19230,434,1,60738,0.001000000000000334
5895000,3724,-7197,128032,-4626,-12793,130424,109,19220,446,0,60739,0.0009999999999994458
5896001,11243,-3093,130467,20211,-7437,127296,94,19234,385,0,60740,0.0010010000000004737
5897000,7409,3646,128994,-1225,-715,128073,106,19234,434,0,60741,0.000998999999999306
5898000,919,4863,133349,-16487,4930,126539,122,19228,434,1,60742,0.001000000000000334
5899000,2013,-783,131604,3266,-5164,133343,111,19221,500,1,60743,0.001000000000000334
5900000,-9405,-2131,130324,-2631,-6781,131896,111,19231,455,1,60744,0.0009999999999994458
5901000,-3091,-8021,130397,-16396,-12342,129312,95,19228,389,1,60745,0.001000000000000334
5902000,-1617,-543,130678,-1152,-5018,126505,140,19232,573,0,60746,0.001000000000000334
5903000,3981,1693,129157,3807,-1312,125376,107,19232,438,0,60747,0.0009999999999994458
5904001,-1822,4870,131768,-14971,1266,132384,112,19228,438,0,60748,0.0010010000000004737
5905000,-4130,5198,130061,-14985,2919,124100,138,19224,459,1,60749,0.000998999999999306
5906000,-10488,10389,131809,-7370,8435,132055,138,19226,565,1,60750,0.001000000000000334
5907000,-6891,4554,129379,-9601,368,128634,109,19227,446,1,60751,0.001000000000000334
5908002,-4689,-657,127370,-8320,-3416,126376,103,19224,422,0,60752,0.0010019999999997253
5909000,-5617,-4842,124402,-12790,-8020,132328,138,19224,565,0,60753,0.0009980000000000544
5910000,213,6892,129250,211,4212,122206,113,19229,565,0,60754,0.001000000000000334
5911000,-1777,-23,125620,-7893,-4153,128436,122,19227,463,0,60755,0.0009999999999994458
5912000,-3804,17652,129738,-13723,15395,117162,122,19220,500,1,60756,0.001000000000000334
5913000,-6167,-4114,126219,-6089,-7181,137474,114,19227,467,1,60757,0.0009999999999994458
5914000,-8133,5855,124922,-2817,2220,118676,102,19231,418,1,60758,0.001000000000000334
5915000,938,7663,125377,-6794,7272,120592,132,19228,541,0,60759,0.001000000000000334
5916000,-1981,-1771,126110,6857,-3310,133374,105,19228,541,0,60760,0.0009999999999994458
5917000,2492,10104,126559,-4355,6747,118926,108,19229,430,0,60761,0.001000000000000334
5918000,1306,676,126003,-6498,-4488,133818,108,19227,442,1,60762,0.001000000000000334
5919003,-773,23266,128866,1954,18582,110761,149,19226,610,1,60763,0.0010029999999998651
5920000,-981,626,124400,-2422,1943,130130,107,19232,438,1,60764,0.0009969999999999146
5921000,3603,-731,122041,-164,-7872,129834,95,19230,389,0,60765,0.0009999999999994458
5922000,8528,4513,125649,6645,1931,121459,95,19230,389,0,60766,0.001000000000000334
5923000,8315,49,124769,8967,-3468,123239,115,19229,389,0,60767,0.001000000000000334
5924000,7340,-1097,126898,2740,-2735,120837,115,19227,471,0,60768,0.0009999999999994458
5925000,1921,-4800,126379,-3457,-12155,140049,119,19218,487,1,60769,0.001000000000000334
5926003,2510,21659,128112,5104,21761,109006,107,19229,438,1,60770,0.0010029999999998651
5927000,6207,818,126045,13072,1108,129853,101,19228,414,1,60771,0.0009969999999999146
5928001,6101,-1109,127113,2112,-302,125832,122,19228,414,0,60772,0.0010010000000004737
5929000,13310,-9326,125246,2363,-10320,124503,98,19225,500,0,60773,0.000998999999999306
5930000,11243,-4634,128633,21744,-9571,138410,98,19231,401,0,60774,0.001000000000000334
5931000,6363,9914,130958,-5742,5765,115765,105,19225,430,1,60775,0.001000000000000334
5932000,2418,3884,131866,-4403,-245,138415,137,19225,561,1,60776,0.0009999999999994458
5933000,1619,7998,128893,8212,5605,123609,110,19230,451,1,60777,0.001000000000000334
5934000,2677,735,129696,-1229,54,134262,98,19230,451,1,60778,0.001000000000000334
5935000,8292,-3852,127652,-1455,-4004,120072,143,19226,401,0,60779,0.0009999999999994458
5936000,10860,-6629,130291,12536,-11092,133424,143,19233,586,0,60780,0.001000000000000334
5937000,5213,-4960,131337,13341,-9684,135707,110,19225,451,0,60781,0.0009999999999994458
5938000,-3110,9543,129905,-19950,11462,117600,112,19220,459,1,60782,0.001000000000000334
5939000,-4671,9136,134282,-14936,7934,137424,132,19225,541,1,60783,0.001000000000000334
5940000,-6575,-4521,128841,11325,-8337,128584,104,19225,426,1,60784,0.0009999999999994458
5941000,-3090,-12705,125960,-10495,-15695,135799,113,19228,426,0,60785,0.001000000000000334
5942000,-2948,2092,132013,-16144,-262,122459,93,19221,463,0,60786,0.001000000000000334
5943000,3256,3952,129201,11865,2693,124288,93,19231,381,0,60787,0.0009999999999994458
5944003,-2704,7351,133042,-19654,4671,136333,109,19226,446,0,60788,0.0010029999999998651
5945000,-7234,-3467,128597,-20796,-5003,131000,140,19224,573,1,60789,0.0009969999999999146
5946000,-10981,9922,131087,-6127,7985,126856,117,19224,479,1,60790,0.001000000000000334
5947001,-8161,12881,130201,-8183,9123,121464,102,19230,479,1,60791,0.0010009999999995856
5948000,-1638,-7186,126522,-6837,-11843,133439,153,19227,418,0,60792,0.0009990000000001942
5949000,-2487,-6939,125880,-10100,-10500,127653,153,19230,627,0,60793,0.001000000000000334
5950000,-3256,9783,128233,-8596,8008,120686,106,19232,434,0,60794,0.0009999999999994458
5951000,-614,11051,129707,-3798,9674,126715,111,19227,455,1,60795,0.001000000000000334
5952000,-8913,7915,126605,-5346,3693,123530,134,19227,549,1,60796,0.001000000000000334
5953000,-9200,-5259,126250,-15466,-7570,137897,113,19226,549,1,60797,0.0009999999999994458
5954001,-2606,9556,126216,-2658,7136,113849,112,19228,463,1,60798,0.0010010000000004737
5955000,808,4413,125472,7121,361,126310,112,19221,459,0,60799,0.0009990000000001942
5956000,1528,-5088,122981,-6939,-9098,128156,95,19227,389,0,60800,0.0009999999999994458
5957000,-283,1463,126153,-5872,-1264,125832,115,19228,471,0,60801,0.001000000000000334
5958000,-282,10132,125878,-1837,7069,126168,132,19220,541,1,60802,0.0009999999999994458
5959000,-2681,21998,127722,-3646,19876,114122,114,19220,541,1,60803,0.001000000000000334
5960000,-1604,1137,124672,412,-3583,136283,97,19235,467,1,60804,0.001000000000000334
5961000,7948,1884,122222,2357,-2106,118161,97,19228,397,0,60805,0.0009999999999994458
5962000,6632,-867,124132,2304,-5030,125886,137,19230,561,0,60806,0.001000000000000334
5963000,12568,1488,124496,10863,-5773,124493,109,19226,446,0,60807,0.001000000000000334
5964001,7828,-2091,126618,4465,-5247,124218,113,19228,463,0,60808,0.0010009999999995856
5965000,2964,2094,128645,-3843,-1804,133554,130,19228,463,1,60809,0.0009990000000001942
5966000,2575,11388,128298,3671,8577,118381,111,19224,532,1,60810,0.0009999999999994458
5967000,4915,-2359,125580,7428,-5225,132030,111,19236,455,1,60811,0.001000000000000334
5968002,8150,6983,128316,3084,3911,118972,102,19221,418,0,60812,0.0010019999999997253
5969000,10722,-8365,125005,5875,-11801,134239,115,19231,471,0,60813,0.0009980000000000544
5970000,10919,-1857,128047,14120,-9303,128696,103,19229,422,0,60814,0.001000000000000334
5971000,4766,6519,129750,-1763,-2127,124299,117,19229,422,1,60815,0.001000000000000334
5972000,580,14511,129858,-2872,1612,133300,112,19220,479,1,60816,0.0009999999999994458
5973000,2815,10525,132085,-1425,11042,119477,112,19228,459,1,60817,0.001000000000000334
5974002,-265,-16836,131094,-2658,-15657,140336,103,19233,422,1,60818,0.0010019999999997253
5975002,8105,-7851,126904,5572,-9660,125140,131,19221,537,0,60819,0.001000000000000334
5976000,6788,-3726,129352,15162,-8628,127915,100,19230,410,0,60820,0.0009980000000000544
5977000,8801,4684,130224,-1000,-3604,135297,104,19230,410,0,60821,0.0009999999999994458
5978001,3747,11561,133942,-16449,9581,122269,149,19225,426,1,60822,0.0010010000000004737
5979000,-5528,5732,133662,4142,2308,130761,149,19229,610,1,60823,0.0009990000000001942
5980000,-8436,-2279,129506,-124,683,122339,111,19234,455,1,60824,0.0009999999999994458
5981002,-6021,-16407,127825,-19508,-21647,140595,100,19221,410,0,60825,0.0010020000000006135
5982000,410,3190,130932,-1704,-4337,120687,123,19231,504,0,60826,0.0009979999999991662
5983000,3336,9216,130576,434,4745,129304,109,19231,504,0,60827,0.001000000000000334
5984000,-4532,5253,131015,-9967,9367,123374,120,19229,446,0,60828,0.001000000000000334
5985000,-5374,-4598,128639,-17145,-5093,135347,120,19221,491,1,60829,0.0009999999999994458
5986000,-6907,3148,131827,-10116,1191,126082,117,19228,479,1,60830,0.001000000000000334
5987002,-7624,13172,130062,-7165,9160,118302,108,19228,442,1,60831,0.0010019999999997253
5988002,-3321,-3160,125723,-8207,-8669,133804,121,19216,496,0,60832,0.001000000000000334
5989016,-3782,-14278,126021,-3303,-16105,130242,94,19216,385,0,60833,0.0010139999999996263
5990000,-1459,-7468,126199,-5365,-513,128691,105,19228,385,0,60834,0.0009839999999998739
5991000,-849,11474,129442,-4241,10782,118832,141,19230,430,1,60835,0.001000000000000334
5992000,-4556,19135,128555,-11828,10611,117974,141,19228,577,1,60836,0.001000000000000334
5993001,-7620,6464,127099,-13481,-4667,135930,123,19228,504,1,60837,0.0010009999999995856
5994000,199,-3308,124425,2877,-8956,128080,104,19227,426,0,60838,0.0009990000000001942
5995000,186,-291,126148,681,-5332,126649,116,19227,475,0,60839,0.001000000000000334
5996000,1380,7611,123684,-13057,8306,115655,108,19229,475,0,60840,0.0009999999999994458
5997000,3333,-296,126988,-4789,2067,129203,113,19229,442,0,60841,0.001000000000000334
5998000,600,2557,124626,5894,-784,128058,113,19223,463,1,60842,0.0009999999999994458
5999000,-2601,11538,125941,-4217,16610,114136,142,19226,582,1,60843,0.001000000000000334
6000000,-2180,15804,124581,-4632,8366,124471,108,19232,442,1,60844,0.001000000000000334
6001000,7990,3638,123987,9576,-7894,127295,109,19232,446,0,60845,0.0009999999999994458
6002001,8708,-9055,123782,9560,-12961,131377,96,19221,446,0,60846,0.0010010000000004737
6003000,7175,-5805,126313,835,-1706,122480,113,19228,393,0,60847,0.0009990000000001942
6004001,3995,6363,126378,12618,3198,120102,113,19226,463,1,60848,0.0010009999999995856
6005000,1415,5063,127879,-9218,2236,130707,134,19226,549,1,60849,0.0009990000000001942
6006000,6619,7614,125668,-317,1100,124169,115,19228,471,1,60850,0.0009999999999994458
6007001,6210,12032,125807,22050,-4878,123057,100,19228,410,1,60851,0.0010010000000004737
6008000,12352,9858,126690,-4752,4520,119193,149,19228,410,0,60852,0.0009990000000001942
6009000,9618,-4638,125792,9339,-16254,135254,103,19226,610,0,60853,0.0009999999999994458
6010000,10108,-17951,130240,14495,-12880,137465,103,19232,422,0,60854,0.001000000000000334
6011000,3688,1348,131369,-8984,4693,121234,108,19222,442,1,60855,0.001000000000000334
6012000,-2011,13917,132596,1575,9780,127478,130,19227,532,1,60856,0.0009999999999994458
6013000,3052,6452,128023,5311,1879,126702,110,19233,451,1,60857,0.001000000000000334
6014000,4320,-1088,127336,-963,-9555,133329,111,19233,451,1,60858,0.0009999999999994458
6015000,10459,-5694,127511,4912,-10564,126387,114,19218,455,0,60859,0.001000000000000334
6016000,8458,1408,128897,15690,-4326,123593,114,19230,467,0,60860,0.001000000000000334
6017002,-333,-5585,131109,-9666,-11668,137123,110,19228,451,0,60861,0.0010019999999997253
6018003,1429,3277,132011,-18678,1783,126074,126,19220,516,1,60862,0.0010009999999995856
6019002,-6562,4988,131496,12304,-5595,130493,115,19228,471,1,60863,0.0009990000000001942
6020000,-6121,14259,129666,-3755,5674,119709,99,19228,471,1,60864,0.0009980000000000544
6021000,-1526,-2046,127778,-21919,-13208,133756,138,19228,405,0,60865,0.001000000000000334
6022000,1640,-15364,130413,8040,-8724,136783,138,19229,565,0,60866,0.0009999999999994458
6023001,1722,4319,131012,652,3932,119170,105,19227,430,0,60867,0.0010010000000004737
6024000,-5614,1729,132431,-20574,-395,132959,107,19224,438,1,60868,0.0009990000000001942
6025000,-6153,6743,131573,-10319,2697,127510,143,19229,586,1,60869,0.0009999999999994458
6026000,-8911,189,127447,-7487,-5920,135699,113,19229,586,1,60870,0.001000000000000334
6027002,-6064,14022,130793,-10398,11837,117571,106,19229,463,1,60871,0.0010019999999997253
6028002,-3539,8396,125463,-8596,-2037,133751,106,19223,434,0,60872,0.001000000000000334
6029002,-3376,-7399,127520,-4428,-6919,125815,139,19228,569,0,60873,0.0009999999999994458
6030002,-1268,3206,126658,-4722,-3559,129899,103,19232,422,0,60874,0.001000000000000334
6031000,-4764,-5838,130526,-11036,883,119118,115,19220,471,1,60875,0.0009980000000000544
6032000,-5729,22601,127582,-9522,13750,121686,111,19220,455,1,60876,0.001000000000000334
6033000,-7542,6897,125552,-4579,-10441,136863,102,19229,455,1,60877,0.0009999999999994458
6034000,-1281,6628,123556,-5128,8714,115766,129,19235,418,0,60878,0.001000000000000334
6035000,547,5764,122732,-973,-4907,131952,129,19233,528,0,60879,0.001000000000000334
6036002,4143,-453,126619,9023,-2952,123505,104,19225,426,0,60880,0.0010019999999997253
6037000,3402,268,125984,-9055,-4692,128083,107,19225,438,0,60881,0.0009980000000000544
6038000,-3728,2814,128278,-2795,10607,124827,149,19225,610,1,60882,0.0009999999999994458
6039000,-1594,16938,126745,-524,6647,122378,111,19225,610,1,60883,0.001000000000000334
6040003,2684,8755,124182,-516,1862,126661,98,19232,455,1,60884,0.0010029999999998651
6041002,6298,5812,123562,5044,-1507,120435,98,19224,401,0,60885,0.0009990000000001942
6042000,9216,-3493,123323,9072,-8415,124322,101,19231,414,0,60886,0.0009980000000000544
6043000,6943,-8267,129372,8037,1173,128214,115,19227,471,0,60887,0.001000000000000334
6044000,4974,-5715,125184,-5095,404,128658,118,19227,483,1,60888,0.0009999999999994458
6045000,4298,4129,133007,1688,15219,122695,107,19222,483,1,60889,0.001000000000000334
6046000,3565,22712,125850,10131,2517,124197,101,19227,438,1,60890,0.0009999999999994458
6047000,5846,-7436,123309,2665,-9813,135315,101,19230,414,1,60891,0.001000000000000334
6048000,8142,-515,128183,507,360,121305,119,19225,487,0,60892,0.001000000000000334
6049001,10068,132,125885,16391,-13480,132114,96,19233,393,0,60893,0.0010009999999995856
6050002,7694,-7779,128442,10289,-5918,126459,103,19228,422,0,60894,0.0010010000000004737
6051000,2043,4716,131253,-15006,1998,128777,133,19228,422,1,60895,0.0009980000000000544
6052000,2047,7440,129269,3138,12404,128971,114,19230,545,1,60896,0.0009999999999994458
6053000,-1641,5139,129229,12521,9796,122851,114,19228,467,1,60897,0.001000000000000334
6054000,3185,1798,129850,-9316,-12665,132781,100,19225,410,0,60898,0.0009999999999994458
6055000,10539,-14529,128119,8535,-17668,128753,156,19230,639,0,60899,0.001000000000000334
6056000,5563,-6691,130594,17253,-2112,130978,114,19227,467,0,60900,0.001000000000000334
6057000,4806,-3634,130632,-22313,1269,128870,115,19227,467,0,60901,0.0009999999999994458
6058000,-1106,12987,133795,-4840,13194,120469,136,19218,471,1,60902,0.001000000000000334
6059000,-1474,6749,131125,3925,-7120,137935,136,19223,557,1,60903,0.001000000000000334
6060003,-6838,-7484,129748,-7797,-7435,128182,103,19232,422,1,60904,0.0010029999999998651
6061000,-1895,-7574,129813,-18637,-10120,132921,109,19221,446,0,60905,0.0009969999999999146
6062001,-1860,-197,128535,9160,469,126296,91,19230,373,0,60906,0.0010009999999995856
6063000,30,2104,129771,-287,-5777,128526,111,19230,373,0,60907,0.0009990000000001942
6064001,-5759,9527,130427,-25248,1236,127123,137,19226,455,1,60908,0.0010009999999995856
6065000,-11100,2922,128495,-13584,-5484,131276,137,19221,561,1,60909,0.0009990000000001942
6066000,-6168,8337,131266,-811,8112,126954,115,19231,471,1,60910,0.001000000000000334
6067000,-5228,9463,126487,-12214,-4728,127595,99,19230,405,1,60911,0.0009999999999994458
6068000,-742,484,127228,-15833,-7702,124126,149,19228,610,0,60912,0.001000000000000334
6069000,-5210,-4198,126846,-1276,-5724,133077,106,19228,610,0,60913,0.001000000000000334
6070000,-1217,1018,125870,-5783,-2997,120142,110,19228,434,0,60914,0.0009999999999994458
6071001,-2991,13803,130235,-8438,10190,123994,110,19225,451,1,60915,0.0010010000000004737
6072000,-10946,7994,124815,-12893,-702,129411,134,19226,549,1,60916,0.0009990000000001942
6073002,-2156,7158,129435,-9284,5254,120213,109,19231,446,1,60917,0.0010019999999997253
6074000,-54,6991,126522,674,574,128378,108,19221,442,0,60918,0.0009980000000000544
6075000,1403,-5006,124836,2136,-6317,125617,85,19221,442,0,60919,0.0009999999999994458
6076000,-15,1476,126827,-10457,-1371,128007,110,19231,348,0,60920,0.001000000000000334
6077000,1514,4512,127166,-8007,5514,122863,110,19227,451,0,60921,0.001000000000000334
6078000,-1166,9094,126911,10357,14470,117867,127,19218,520,1,60922,0.0009999999999994458
6079000,-2426,15339,123566,-12086,-1301,128913,113,19229,463,1,60923,0.001000000000000334
6080000,4563,-206,123330,1638,-10495,127183,97,19228,397,1,60924,0.001000000000000334
6081000,6417,6818,123669,4731,755,119429,136,19228,557,0,60925,0.0009999999999994458
6082000,10775,8906,125260,7247,557,122168,111,19233,557,0,60926,0.001000000000000334
6083000,6777,-1121,126199,13246,-13339,133334,114,19226,455,0,60927,0.0009999999999994458
6084002,3654,-5994,125248,-4770,-5385,129219,114,19224,467,1,60928,0.0010020000000006135
6085002,2983,9479,130816,12548,16721,119227,138,19228,565,1,60929,0.0009999999999994458
6086001,3447,17545,125759,5270,-41,124925,112,19228,459,1,60930,0.0009990000000001942
6087000,6407,-3006,126395,-448,3885,125442,102,19228,418,1,60931,0.0009990000000001942
6088000,12096,-2243,125884,6619,-9106,135283,125,19222,418,0,60932,0.001000000000000334
6089000,9898,-10103,125392,19578,-14858,128295,112,19229,512,0,60933,0.0009999999999994458
6090001,4180,4152,130621,-8297,6613,121885,112,19228,459,0,60934,0.0010010000000004737
6091000,2887,516,128959,-9696,-1627,133218,118,19222,483,1,60935,0.000998999999999306
6092000,2058,4697,131462,19438,10000,123884,113,19232,463,1,60936,0.001000000000000334
6093000,786,11430,128358,-3316,-4986,129804,101,19228,414,1,60937,0.001000000000000334
6094002,3849,-224,128121,-7227,-7641,122360,130,19228,414,0,60938,0.0010019999999997253
6095001,11350,-4203,130607,20299,-10941,134230,101,19225,532,0,60939,0.0009990000000001942
6096002,7850,-12431,127822,9482,-14613,137875,101,19228,414,0,60940,0.0010009999999995856
6097000,2922,1026,131798,-24639,9171,119476,104,19232,426,0,60941,0.0009980000000000544
6098000,480,10468,133842,-326,9027,130205,142,19228,582,1,60942,0.001000000000000334
6099000,-9362,5048,128622,2409,382,128356,111,19231,455,1,60943,0.0009999999999994458
6100000,-3228,-1881,131091,-20122,-11163,132926,99,19231,455,1,60944,0.001000000000000334
6101000,-3103,-11356,128325,1619,-19664,135838,119,19227,405,0,60945,0.001000000000000334
6102000,3480,12068,130656,441,12451,115218,119,19231,487,0,60946,0.0009999999999994458
6103000,-2371,5270,130320,-9574,-5445,136259,107,19227,438,0,60947,0.001000000000000334
6104000,-4022,-10781,131093,-14100,-3764,131654,115,19222,471,1,60948,0.001000000000000334
6105000,-9940,6179,130620,-12557,2126,127361,115,19229,471,1,60949,0.0009999999999994458
6106000,-12666,12160,131396,-9013,15211,119481,104,19229,471,1,60950,0.001000000000000334
6107000,-1201,12129,125989,-8255,-1257,125530,121,19231,426,1,60951,0.0009999999999994458
6108000,-6573,-7770,125307,-9406,-13966,134637,121,19215,496,0,60952,0.001000000000000334
6109000,2775,-5407,128448,-7703,1070,122893,91,19229,373,0,60953,0.001000000000000334
6110000,-975,4005,126942,-3780,-73,127339,102,19226,418,0,60954,0.0009999999999994458
6111000,-2622,14365,130725,-7855,9705,120293,136,19224,557,1,60955,0.001000000000000334
6112000,-8374,14174,127259,-15382,376,129532,118,19224,557,1,60956,0.001000000000000334
6113000,-6806,-3005,125355,-5443,-7431,131452,100,19232,483,1,60957,0.0009999999999994458
6114000,2183,14722,126374,5613,5135,117924,100,19228,410,0,60958,0.001000000000000334
6115000,-2816,3760,123620,-5175,-1526,128471,116,19231,475,0,60959,0.0009999999999994458
6116001,2662,-3338,126509,-6192,199,128162,112,19229,459,0,60960,0.0010010000000004737
6117002,269,3376,127031,1753,3475,127510,114,19222,467,1,60961,0.0010009999999995856
6118000,90,13213,127729,-2582,14621,118725,140,19222,467,1,60962,0.0009980000000000544
6119000,-552,14107,124419,-5341,4241,123774,104,19229,573,1,60963,0.001000000000000334
6120000,2511,-2607,124192,4454,-8564,130184,104,19232,426,1,60964,0.001000000000000334
6121000,11497,4405,123380,5392,551,121303,110,19227,451,0,60965,0.0009999999999994458
6122000,8032,5390,126892,8663,-362,124678,94,19225,385,0,60966,0.001000000000000334
6123000,8698,-401,126066,2883,-6694,130481,114,19225,467,0,60967,0.0009999999999994458
6124000,2720,-3840,126902,5357,-4821,127678,136,19225,557,1,60968,0.001000000000000334
6125002,1999,-679,129556,-866,9388,119388,114,19224,557,1,60969,0.0010019999999997253
6126000,4829,19515,124862,5194,5064,121628,97,19232,467,1,60970,0.0009980000000000544
6127000,7203,3812,126034,14587,-9718,127748,97,19227,397,0,60971,0.001000000000000334
6128000,13294,680,125892,290,-14264,129639,149,19228,610,0,60972,0.001000000000000334
6129001,8311,-8173,127750,12393,-8088,130650,112,19226,459,0,60973,0.0010009999999995856
6130000,7744,-2882,130048,9486,-979,128627,110,19226,451,0,60974,0.0009990000000001942
6131000,2493,7898,128760,-8281,-443,126386,129,19224,451,1,60975,0.0009999999999994458
6132000,2032,8335,130767,11178,3600,126272,109,19231,528,1,60976,0.001000000000000334
6133000,2552,11755,127896,-2667,-3313,125435,109,19230,446,1,60977,0.001000000000000334
6134001,4452,-3591,127489,-4184,-12994,131792,111,19220,455,0,60978,0.0010009999999995856
6135000,10780,-6295,129410,23712,-1547,124032,100,19236,410,0,60979,0.0009990000000001942
6136000,5065,187,127393,-946,-12448,133675,103,19236,422,0,60980,0.001000000000000334
6137000,1222,-4130,135010,-25646,7073,126968,118,19229,422,1,60981,0.0009999999999994458
6138002,2025,6743,132496,7845,1732,132488,110,19225,483,1,60982,0.0010019999999997253
6139000,-9010,-732,130834,645,-1671,130058,110,19230,451,1,60983,0.0009980000000000544
6140000,-3424,8814,129611,-27155,-8334,124944,99,19226,405,1,60984,0.001000000000000334
6141003,-1089,-10774,127081,1656,-15904,139829,138,19233,565,0,60985,0.0010029999999998651
6142002,4167,-287,130835,8329,9679,119119,103,19228,422,0,60986,0.0009990000000001942
6143000,-4437,8875,131940,-22287,4628,129302,106,19228,422,0,60987,0.0009980000000000544
6144000,-6433,-300,130864,-15316,425,131683,141,19225,434,1,60988,0.001000000000000334
6145000,-8315,1340,131227,1035,1544,132046,141,19228,577,1,60989,0.0009999999999994458
6146000,-8980,2195,129377,-11897,4900,127045,114,19232,467,1,60990,0.001000000000000334
6147000,-5007,12333,128639,-11576,6488,118681,107,19224,438,0,60991,0.0009999999999994458
6148000,-5117,-4237,125011,-7533,-14432,136687,137,19232,561,0,60992,0.001000000000000334
6149000,770,-5349,128893,-840,-134,125784,100,19232,561,0,60993,0.001000000000000334
6150000,-2205,3942,126553,-12997,2417,125546,116,19229,410,0,60994,0.0009999999999994458
6151000,-7208,3944,130336,-9630,11993,123706,116,19219,475,1,60995,0.001000000000000334
6152000,-5656,17440,125184,-8820,-2430,125557,113,19225,463,1,60996,0.001000000000000334
6153001,-6866,-5109,125111,-3500,-8722,136445,107,19230,438,1,60997,0.0010009999999995856
6154000,-4548,10975,124405,-5244,12471,109672,132,19229,541,0,60998,0.0009990000000001942
6155000,-1253,7619,125083,-804,-4531,127505,104,19229,541,0,60999,0.0009999999999994458
6156000,2203,-4311,126156,3634,-6418,131897,108,19232,426,0,61000,0.001000000000000334
6157000,1267,-2546,124700,-8792,-6712,129567,108,19228,442,1,61001,0.001000000000000334
6158000,-2687,12493,129074,-2479,17889,116307,147,19231,602,1,61002,0.0009999999999994458
6159000,-1481,22027,125014,-2900,9994,121384,112,19231,459,1,61003,0.001000000000000334
6160007,5712,-7891,124988,2548,-7517,134100,99,19222,405,0,61004,0.001006999999999536
6161001,9991,-2679,120861,7394,-7630,117529,106,19222,405,0,61005,0.0009940000000003835
6162000,7428,1456,127673,2049,-1534,123029,117,19228,434,0,61006,0.0009990000000001942
6163000,5896,4089,126832,5376,3478,126926,117,19228,479,0,61007,0.0009999999999994458
6164000,5487,-4386,125730,6271,-10507,128277,121,19224,496,1,61008,0.001000000000000334
6165000,2451,4797,129355,-4346,5779,129365,109,19232,446,1,61009,0.001000000000000334
6166000,4207,15679,125470,2709,8188,118334,103,19228,422,1,61010,0.0009999999999994458
6167004,10528,-2394,126550,12150,-3315,129401,119,19228,487,0,61011,0.0010040000000000049
6168002,10339,-2521,128271,2482,-7909,129408,105,19223,487,0,61012,0.0009980000000000544
6169000,8166,-14116,126581,10034,-13626,129747,105,19228,430,0,61013,0.0009980000000000544
6170001,5054,-4801,130433,2434,-3108,122439,110,19227,451,1,61014,0.0010010000000004737
6171000,1535,14573,132811,-5151,9243,128953,138,19229,565,1,61015,0.000998999999999306
6172001,254,3587,130187,6813,1275,127615,111,19234,455,1,61016,0.0010010000000004737
6173000,2345,564,127685,1311,-4058,126382,101,19234,414,1,61017,0.0009990000000001942
6174000,9186,-4768,129182,-7443,-17993,134700,155,19224,414,0,61018,0.0009999999999994458
6175000,7869,-5618,129694,15672,-4474,122801,112,19232,635,0,61019,0.001000000000000334
6176000,7403,3424,129425,13619,-10911,137815,112,19228,459,0,61020,0.001000000000000334
6177000,-2294,-2414,134236,-21433,11619,122076,111,19224,455,1,61021,0.0009999999999994458
6178000,-2609,14450,132223,4363,5682,130949,136,19227,557,1,61022,0.001000000000000334
6179003,-4855,494,130110,6685,-6275,135770,104,19227,426,1,61023,0.0010029999999998651
6180002,-4714,-3087,128509,-21139,-15863,127694,111,19232,426,0,61024,0.0009990000000001942
6181000,-405,-11821,130068,-7100,-3281,130800,89,19218,455,0,61025,0.0009980000000000544
6182000,2914,5138,130749,10597,5442,121646,89,19228,365,0,61026,0.0009999999999994458
6183000,-1526,9484,132920,-17799,-1891,132831,107,19228,438,0,61027,0.001000000000000334
6184009,-8035,1224,128212,-19147,1822,129266,131,19223,537,1,61028,0.0010089999999998156
6185001,-10903,111,129711,-9651,5396,126371,115,19229,471,1,61029,0.000992000000000104
6186000,-5368,2828,130557,1074,2941,130335,101,19229,471,1,61030,0.0009990000000001942
6187000,-4593,11055,128488,-3453,-5421,122759,152,19229,414,0,61031,0.0009999999999994458
6188000,-5429,-6891,125376,-14708,-8149,132615,152,19227,623,0,61032,0.001000000000000334
6189000,-1100,-225,128870,-5148,5213,122970,103,19231,422,0,61033,0.001000000000000334
6190000,-158,8460,127906,-4410,8934,121598,105,19224,430,1,61034,0.0009999999999994458
6191000,-6032,10865,128890,-8933,5493,128154,129,19225,528,1,61035,0.001000000000000334
6192000,-7319,3952,126462,-15906,-3345,126930,111,19225,528,1,61036,0.0009999999999994458
6193000,-2534,631,128448,-2476,3733,128410,107,19228,455,1,61037,0.001000000000000334
6194000,1685,8300,124038,3044,-682,120748,107,19224,438,0,61038,0.001000000000000334
6195000,2070,-2402,123729,-6207,-17714,129911,85,19230,348,0,61039,0.0009999999999994458
6196000,-907,17059,123764,-6734,3272,117832,107,19229,438,0,61040,0.001000000000000334
6197000,-1033,1260,123608,-4061,624,128859,125,19222,512,1,61041,0.001000000000000334
6198000,-949,9609,126562,853,12132,124661,113,19222,512,1,61042,0.0009999999999994458
6199000,-1946,11368,124612,-256,5410,119215,98,19228,463,1,61043,0.001000000000000334
6200019,6453,1407,124048,-1115,-1336,125185,98,19232,401,0,61044,0.001018999999999437
6201000,8939,1939,124699,8186,-3692,126384,133,19232,545,0,61045,0.0009810000000003427
6202000,11118,-4274,124084,12781,-8194,125648,117,19227,479,0,61046,0.001000000000000334
6203000,7413,4119,128311,-570,1777,125720,116,19224,475,0,61047,0.0009999999999994458
6204000,2862,107,126568,-1401,-6539,128717,140,19224,475,1,61048,0.001000000000000334
6205000,5926,6076,127506,8410,939,122881,113,19228,573,1,61049,0.001000000000000334
6206000,4494,7243,125107,3436,-2521,128108,113,19228,463,1,61050,0.0009999999999994458
6207000,10424,1041,126971,-239,-1489,123221,100,19223,410,0,61051,0.001000000000000334
6208000,9824,15622,128840,10501,1471,124740,112,19226,459,0,61052,0.0009999999999994458
6209000,7615,-12030,126379,12106,-21684,136935,102,19229,418,0,61053,0.001000000000000334
6210000,6034,-13375,130339,-792,-10765,131600,115,19229,418,1,61054,0.001000000000000334
6211000,-889,8409,132545,-318,13796,120056,112,19223,471,1,61055,0.0009999999999994458
6212000,4588,18735,131046,-1643,13494,126686,112,19227,459,1,61056,0.001000000000000334
6213000,4376,-2895,128991,847,-9378,130406,99,19229,405,1,61057,0.001000000000000334
6214001,7775,-8838,125699,3303,-19132,127880,130,19225,532,0,61058,0.0010009999999995856
6215000,8669,-9477,129445,15793,-8202,129703,98,19232,401,0,61059,0.0009990000000001942
6216000,1128,725,129436,5145,-4955,133148,105,19232,430,0,61060,0.0009999999999994458
6217000,2676,762,133671,-24784,-464,125575,149,19226,430,1,61061,0.001000000000000334
6218000,-5430,14952,132176,1036,9602,126103,112,19230,610,1,61062,0.001000000000000334
6219003,-4402,-573,129264,9435,-2379,128701,112,19227,459,1,61063,0.0010029999999998651
6220000,-4263,-3257,128539,-19232,-19817,134137,98,19225,401,0,61064,0.0009969999999999146
6221000,1140,-13315,132052,-5655,-3695,133261,121,19230,496,0,61065,0.001000000000000334
6222000,3904,7418,129623,7360,2629,121826,107,19230,438,0,61066,0.0009999999999994458
6223002,-6560,9889,131869,-16879,6811,125420,120,19230,438,0,61067,0.0010020000000006135
6224000,-5867,4978,129841,-17847,-7712,138796,114,19220,491,1,61068,0.0009979999999991662
6225000,-7401,-4330,128660,-1937,3480,126217,114,19228,467,1,61069,0.001000000000000334
6226000,-6297,15093,131330,-7625,14122,119876,105,19232,430,1,61070,0.001000000000000334
6227001,-2639,12124,126561,-13031,-7287,128219,119,19217,487,0,61071,0.0010009999999995856
6228000,-6547,-8051,125108,-4940,-14028,134610,91,19217,373,0,61072,0.0009990000000001942
6229000,650,-4303,128009,-6438,-2747,127824,105,19233,373,0,61073,0.001000000000000334
6230000,-4011,5913,127664,-3446,6093,121238,141,19228,430,1,61074,0.0009999999999994458
6231000,-5786,12703,129058,-17218,16208,120832,141,19225,577,1,61075,0.001000000000000334
6232000,-7168,5988,124851,-12047,-399,127019,118,19228,483,1,61076,0.0009999999999994458
6233000,-265,-2882,125925,3464,-3658,127830,103,19223,422,0,61077,0.001000000000000334
6234000,2526,8581,125421,-3656,822,119289,114,19232,467,0,61078,0.001000000000000334
6235000,-1669,-2101,122540,-9767,-4903,125853,109,19232,467,0,61079,0.0009999999999994458
6236000,3617,4244,127546,-1375,359,127847,114,19230,446,0,61080,0.001000000000000334
6237000,-223,3986,126123,3808,3748,126410,114,19222,467,1,61081,0.001000000000000334
6238000,-3497,14936,126683,-7593,11562,119296,141,19226,577,1,61082,0.0009999999999994458
6239000,164,12617,124984,-4478,2761,123183,103,19231,422,1,61083,0.001000000000000334
6240000,7372,3634,123638,9990,-2263,126515,110,19228,451,0,61084,0.0009999999999994458
6241000,10028,3596,125060,8380,-2813,120900,94,19228,451,0,61085,0.001000000000000334
6242002,8091,-9228,125694,1961,-14734,129845,110,19228,385,0,61086,0.0010019999999997253
6243002,3776,5946,126858,9129,-1298,124792,110,19226,451,1,61087,0.001000000000000334
6244000,4394,-523,127355,-3633,9280,125376,137,19225,561,1,61088,0.0009980000000000544
6245000,5516,10891,127107,692,6486,127847,115,19231,471,1,61089,0.001000000000000334
6246000,7631,6214,125084,10746,-1239,122030,97,19229,397,1,61090,0.0009999999999994458
6247000,11397,-104,125450,-1081,-197,126457,152,19229,397,0,61091,0.001000000000000334
6248000,6867,450,128180,16648,-9827,128845,104,19232,623,0,61092,0.0009999999999994458
6249002,7951,-10939,126787,10580,-16269,134025,104,19230,426,0,61093,0.0010020000000006135
6250000,1888,-2720,131515,-10551,3150,130868,105,19224,430,1,61094,0.0009980000000000544
6251000,-143,7025,129792,1196,10322,125386,128,19229,524,1,61095,0.0009999999999994458
6252000,2260,12335,129567,7163,6339,122159,110,19232,451,1,61096,0.001000000000000334
6253000,3368,4151,127004,-3866,-6113,129545,109,19232,451,0,61097,0.001000000000000334
6254000,11039,-12761,128844,3165,-14778,129128,102,19220,446,0,61098,0.0009999999999994458
6255000,7446,-3725,128209,21451,-3542,125147,102,19227,418,0,61099,0.001000000000000334
6256000,633,-7140,132730,-14436,-9148,131634,105,19230,430,0,61100,0.0009999999999994458
6257000,405,8951,133381,-14183,6723,128640,125,19220,512,1,61101,0.001000000000000334
6258000,-7129,-4263,129648,8362,-10328,136073,115,19229,471,1,61102,0.001000000000000334
6259000,-5648,4531,132514,-11908,8578,127292,99,19229,405,1,61103,0.0009999999999994458
6260000,-2325,-2040,128062,-18431,-7815,129862,139,19228,405,0,61104,0.001000000000000334
6261000,825,-4377,130464,9566,-5271,128055,105,19229,569,0,61105,0.001000000000000334
6262000,2176,3501,129884,-1531,-647,129282,105,19224,430,0,61106,0.0009999999999994458
6263000,-7841,-4891,130073,-18708,-7054,130119,112,19223,459,1,61107,0.001000000000000334
6264000,-6725,6526,132049,-9054,5616,129300,144,19230,590,1,61108,0.0009999999999994458
6265000,-9343,6209,129781,-10612,2494,126641,112,19230,459,1,61109,0.001000000000000334
6266000,-5016,9260,129867,-11911,5792,128700,106,19230,459,1,61110,0.001000000000000334
6267000,-3870,1619,124013,-9086,-7758,128229,145,19223,434,0,61111,0.0009999999999994458
6268000,-4711,-4817,127949,-9514,-1230,131289,145,19229,594,0,61112,0.001000000000000334
6269000,-1494,1758,125511,-1582,-5607,127467,113,19227,463,0,61113,0.001000000000000334
6270000,-7320,-3120,129009,-7289,12552,121825,124,19223,508,1,61114,0.0009999999999994458
6271000,-6002,17749,129761,-18249,5206,128714,118,19223,483,1,61115,0.001000000000000334
6272000,-8752,384,125035,1068,435,125123,107,19227,483,1,61116,0.0009999999999994458
6273000,-1471,7201,126609,-14191,7386,120985,133,19230,438,0,61117,0.001000000000000334
6274002,1345,6030,125910,1646,-353,125282,133,19228,545,0,61118,0.0010019999999997253
6275002,4510,-1689,125657,9084,-6151,128444,103,19229,422,0,61119,0.001000000000000334
6276000,4317,-9241,126591,-12197,-1208,127894,108,19225,442,0,61120,0.0009980000000000544
6277000,-3026,5695,129390,-8035,15503,117963,150,19226,614,1,61121,0.001000000000000334
6278000,760,23334,125987,4145,4171,128012,113,19226,614,1,61122,0.0009999999999994458
6279000,890,198,121820,-1627,976,124465,101,19232,463,1,61123,0.001000000000000334
6280000,6447,10628,124851,5252,964,123600,101,19224,414,0,61124,0.0009999999999994458
6281000,7482,2117,123005,13632,-10817,124146,107,19228,438,0,61125,0.001000000000000334
6282000,6919,-5195,127658,7858,-6122,129443,120,19226,491,0,61126,0.001000000000000334
6283000,4768,-2862,125860,-7678,-12054,131120,121,19220,496,1,61127,0.0009999999999994458
6284000,2620,7747,129863,2457,18679,114958,108,19220,496,1,61128,0.001000000000000334
6285002,6097,20519,126852,13197,6767,130359,105,19230,442,1,61129,0.0010019999999997253
6286000,6540,-6470,124229,-587,-5146,128384,105,19233,430,1,61130,0.0009980000000000544
6287000,10917,-4308,128371,727,-4219,126765,121,19223,496,0,61131,0.001000000000000334
6288000,10357,-4819,127941,21011,-9968,129877,99,19226,405,0,61132,0.0009999999999994458
6289001,7361,-3076,129638,353,-8838,124882,104,19229,426,0,61133,0.0010010000000004737
6290000,7563,12346,131067,-10425,8117,126400,134,19229,426,1,61134,0.0009990000000001942
6291000,-870,3911,126409,3991,6367,128816,115,19224,549,1,61135,0.0009999999999994458
6292000,2245,6675,130743,12110,-1620,130222,115,19231,471,1,61136,0.001000000000000334
6293000,360,5657,128052,-3968,-8178,123865,102,19230,418,0,61137,0.001000000000000334
6294000,9200,-13462,129403,130,-15968,136929,150,19230,614,0,61138,0.0009999999999994458
6295000,8482,-9626,129417,23990,-3402,129172,108,19228,442,0,61139,0.001000000000000334
6296000,3748,-1997,131575,-18055,-1024,126364,111,19228,442,0,61140,0.0009999999999994458
6297000,-1044,17866,134491,-11398,13864,123169,137,19222,455,1,61141,0.001000000000000334
6298000,-8340,6570,128495,5433,-8814,134379,137,19232,561,1,61142,0.001000000000000334
6299000,-5522,-7516,128240,-6733,-11632,131978,105,19232,430,1,61143,0.0009999999999994458
6300001,-3572,-10408,128977,-20713,-10253,132484,113,19224,463,0,61144,0.0010010000000004737
6301000,961,-1882,129955,6639,-6621,126902,102,19228,418,0,61145,0.0009990000000001942
6302000,1618,19629,131946,-243,10404,119528,109,19228,418,0,61146,0.0009999999999994458
6303000,-6337,2280,129145,-25998,-7349,134445,135,19229,446,1,61147,0.001000000000000334
6304000,-9013,2943,129810,-4419,-453,127492,135,19224,553,1,61148,0.0009999999999994458
6305001,-6862,7115,129815,-5063,3499,126515,117,19229,479,1,61149,0.0010010000000004737
6306000,-6690,12406,129722,-11493,8735,122585,103,19228,422,1,61150,0.0009990000000001942
6307000,-1846,-3808,125335,-12091,-14441,131513,154,19227,631,0,61151,0.0009999999999994458
6308000,-2567,-11013,127203,-1884,-8405,131090,101,19227,414,0,61152,0.001000000000000334
6309000,-1977,10469,127838,-5992,10292,118513,101,19233,414,0,61153,0.0009999999999994458
6310000,-4026,15058,127364,-9817,9264,125373,129,19228,414,1,61154,0.001000000000000334
6311000,-7316,10911,127331,-9086,1264,131074,129,19227,528,1,61155,0.001000000000000334
6312003,-3456,-5117,125332,-9498,-11188,130222,114,19232,467,1,61156,0.0010029999999998651
6313000,-988,3791,128119,3948,6186,111683,112,19223,459,0,61157,0.0009969999999999146
6314000,-635,7641,124048,-5682,-8750,130797,87,19223,356,0,61158,0.001000000000000334
6315000,1342,-6307,126558,-8182,-7764,129097,106,19229,356,0,61159,0.0009999999999994458
6316004,976,2203,127238,-1525,9097,122471,126,19230,434,0,61160,0.0010040000000000049
6317000,-1404,13840,127077,-958,21421,116747,126,19220,516,1,61161,0.0009959999999997748
6318000,-3200,16727,125854,-3159,-694,129151,113,19230,463,1,61162,0.001000000000000334
6319000,3138,-7934,122271,-554,-4846,127935,98,19231,401,1,61163,0.001000000000000334
6320000,10589,4188,125493,9279,3175,121539,133,19231,545,0,61164,0.0009999999999994458
6321000,9616,5673,125147,13350,-2355,122856,109,19234,545,0,61165,0.001000000000000334
6322000,5846,-1014,123504,-6927,-7488,128112,112,19225,446,0,61166,0.001000000000000334
6323000,3816,-4823,127539,126,-4820,131260,112,19225,459,1,61167,0.0009999999999994458
6324002,3178,9815,128855,11611,12159,121367,134,19228,549,1,61168,0.0010020000000006135
6325000,1449,10897,125200,175,10101,118576,109,19231,446,1,61169,0.0009979999999991662
6326000,6955,2866,127135,2241,-4632,128288,103,19224,422,0,61170,0.001000000000000334
6327000,13394,-8557,125382,8162,-16487,133669,112,19224,422,0,61171,0.001000000000000334
6328000,11304,-7533,126728,18024,-1692,119646,105,19227,459,0,61172,0.0009999999999994458
6329003,4585,6763,130792,-11180,4808,124609,105,19231,430,0,61173,0.0010030000000007533
6330002,3724,2512,129644,-4063,-2882,133807,116,19224,475,1,61174,0.000998999999999306
6331000,2717,8407,130508,15073,3049,128145,111,19228,455,1,61175,0.0009980000000000544
6332013,-799,4907,129240,-8428,-2884,130918,102,19228,418,1,61176,0.0010130000000003747
6333000,5061,1237,126649,-2453,-6850,119410,131,19228,418,0,61177,0.000986999999999405
6334000,9586,-7534,130584,21519,-10470,134134,101,19224,537,0,61178,0.001000000000000334
6335000,6868,-8451,127743,8530,-11863,133770,101,19234,414,0,61179,0.001000000000000334
6336002,517,1467,132791,-28665,3289,123726,107,19227,438,1,61180,0.0010019999999997253
6337002,-1452,18158,134295,333,16995,124725,151,19228,618,1,61181,0.001000000000000334
6338000,-6566,4520,128787,8992,-1519,129689,110,19234,451,1,61182,0.0009980000000000544
6339000,-2774,-12117,130406,-27334,-18165,137041,97,19234,451,1,61183,0.0009999999999994458
6340000,-1882,-9195,126527,-3648,-13974,125600,122,19225,397,0,61184,0.001000000000000334
6341000,4778,7856,131346,6271,8840,122702,122,19232,500,0,61185,0.0009999999999994458
6342000,-5198,11245,129245,-9506,-1651,129695,109,19230,446,0,61186,0.001000000000000334
6343000,-5046,-3163,130846,-18339,-3669,128571,121,19220,496,1,61187,0.001000000000000334
6344000,-9043,2254,129445,-11240,-987,136534,112,19227,459,1,61188,0.0009999999999994458
6345000,-9629,8725,131685,-2781,12438,120740,104,19227,459,1,61189,0.001000000000000334
6346000,-1770,18596,128079,-10194,6778,122985,121,19232,426,0,61190,0.001000000000000334
6347000,-6316,-9330,125232,-12958,-13607,136412,121,19221,496,0,61191,0.0009999999999994458
6348000,89,-5247,126354,74,-8409,124225,93,19225,381,0,61192,0.001000000000000334
6349000,-2289,6595,128734,-8811,7557,126894,103,19226,422,0,61193,0.0009999999999994458
6350000,-717,16114,128482,-6343,17702,116501,141,19229,577,1,61194,0.001000000000000334
6351000,-7687,6777,129629,-14015,-2280,136239,119,19229,487,1,61195,0.001000000000000334
6352002,-2690,-4641,125773,-12139,-6253,126750,100,19230,487,1,61196,0.0010019999999997253
6353000,964,9132,125916,6451,4735,124102,118,19229,410,0,61197,0.0009980000000000544
6354000,-2639,401,122817,-2607,-3798,122924,118,19234,483,0,61198,0.001000000000000334
6355000,1227,5363,126008,-6387,3022,121710,114,19230,467,0,61199,0.0009999999999994458
6356000,-2510,-3431,123655,475,-3203,134580,118,19221,483,1,61200,0.001000000000000334
6357000,-896,13130,127572,-3272,12645,116657,141,19221,577,1,61201,0.0009999999999994458
6358000,-1707,14218,127049,-3897,10516,126587,105,19228,577,1,61202,0.001000000000000334
6359000,3952,-4593,122513,1308,-6830,124494,109,19231,430,0,61203,0.001000000000000334
6360000,9718,-3716,127610,8434,-7516,131854,109,19228,446,0,61204,0.0009999999999994458
6361000,7875,-2859,123675,6079,1247,115112,93,19227,381,0,61205,0.001000000000000334
6362000,7868,4149,126555,6446,-5786,130195,111,19227,455,0,61206,0.001000000000000334
6363000,2545,-1406,128735,3565,2492,125649,137,19227,561,1,61207,0.0009999999999994458
6364000,2836,8039,127428,-5407,7971,124214,115,19224,561,1,61208,0.001000000000000334
6365000,4292,6199,127583,12175,-312,129615,95,19230,471,1,61209,0.0009999999999994458
6366000,5248,3679,124959,658,954,116649,95,19229,389,0,61210,0.001000000000000334
6367000,12611,1567,127718,7791,-10324,132366,146,19236,598,0,61211,0.001000000000000334
6368000,11179,-8126,127201,21108,-10199,131372,101,19235,414,0,61212,0.0009999999999994458
6369000,8210,-1144,131100,-9149,-680,124813,106,19226,434,0,61213,0.001000000000000334
6370001,2504,5821,131993,-3386,4454,127745,125,19226,434,1,61214,0.0010009999999995856
6371000,-98,7516,128595,9283,-1475,125738,108,19231,512,1,61215,0.0009990000000001942
6372000,2987,-50,131450,-3655,-3050,135940,108,19234,442,1,61216,0.001000000000000334
6373000,3747,-2940,126547,-2973,-2795,123766,107,19220,438,0,61217,0.0009999999999994458
6374001,10319,-2009,129733,19104,-6434,127318,99,19232,405,0,61218,0.0010010000000004737
6375000,4382,5497,128154,5198,-8310,131750,106,19229,434,0,61219,0.0009990000000001942
6376001,2029,-9431,131671,-27069,-2487,134494,129,19229,434,1,61220,0.0010009999999995856
6377000,438,5823,135416,2617,10245,126794,114,19220,528,1,61221,0.0009990000000001942
6378002,-7460,10771,132098,-239,247,125353,114,19233,467,1,61222,0.0010019999999997253
6379002,-3390,1392,129599,-24465,-9923,134784,98,19232,401,0,61223,0.001000000000000334
6380000,-1602,-15477,127145,-1305,-17942,138939,139,19231,569,0,61224,0.0009980000000000544
6381000,4332,-6438,130458,9095,2297,123061,108,19230,442,0,61225,0.0009999999999994458
6382000,-5442,15498,132768,-20584,15404,119277,113,19230,442,0,61226,0.001000000000000334
6383000,-4413,11791,129671,-16915,-4387,128773,146,19226,463,1,61227,0.001000000000000334
6384000,-7988,-2083,129565,-1094,-4409,137897,146,19227,598,1,61228,0.0009999999999994458
6385000,-9446,3904,128512,-12519,5475,127565,111,19230,455,1,61229,0.001000000000000334
6386001,-4819,6467,128961,-6955,-2654,125673,104,19221,426,0,61230,0.0010009999999995856
6387000,-5840,5325,126306,-9025,-12341,128969,136,19233,557,0,61231,0.0009990000000001942
6388000,1194,-5945,127901,-3979,-4082,132783,106,19233,557,0,61232,0.001000000000000334
6389001,-2165,-521,126024,-9332,-842,123240,120,19233,434,1,61233,0.0010009999999995856
6390000,-6474,13065,131348,-11945,19134,114664,120,19223,491,1,61234,0.0009990000000001942
6391000,-4562,16385,128031,-8826,6991,132746,115,19228,471,1,61235,0.001000000000000334
6392000,-4874,-4238,124567,-3578,-7811,128742,104,19231,426,1,61236,0.0009999999999994458
6393000,407,5280,125865,-8869,3985,120543,131,19229,537,0,61237,0.001000000000000334
6394000,-632,2764,122136,2503,-3363,122312,106,19229,434,0,61238,0.001000000000000334
6395000,3091,2916,124620,915,-7972,124766,109,19228,434,0,61239,0.0009999999999994458
6396002,3216,370,125866,-7662,-2508,131517,152,19226,446,1,61240,0.0010019999999997253
6397002,-5655,14480,127485,-8310,17250,115310,152,19225,623,1,61241,0.001000000000000334
6398000,1764,17208,126362,5228,9465,125799,114,19232,467,1,61242,0.0009980000000000544
6399000,3344,152,121590,5768,-7134,127082,100,19224,410,0,61243,0.001000000000000334
6400000,8956,-767,121710,2234,-4528,125384,105,19224,430,0,61244,0.0009999999999994458
6401001,7004,-5472,125420,2782,-4112,124484,117,19229,430,0,61245,0.0010010000000004737
6402001,10237,1013,128378,7292,-1532,121971,121,19226,479,0,61246,0.0009999999999994458
6403002,3122,-5445,127088,7683,-8109,131696,121,19219,496,1,61247,0.0010010000000004737
6404000,-25,10233,128050,-7294,4933,120620,109,19230,446,1,61248,0.0009980000000000544
6405000,7072,8787,125595,6958,1370,130669,105,19231,430,1,61249,0.0009999999999994458
6406000,6935,-291,125808,11637,-5814,123026,123,19231,504,0,61250,0.001000000000000334
6407000,11776,-7317,128621,2010,-6710,129152,98,19222,504,0,61251,0.001000000000000334
6408000,6817,-6626,127734,12726,-16393,130116,104,19225,401,0,61252,0.0009999999999994458
6409000,6365,-2011,133151,-5666,-3327,130284,104,19228,426,1,61253,0.001000000000000334
6410000,3216,7799,131907,2476,14287,125851,135,19228,553,1,61254,0.001000000000000334
6411000,-2785,11851,128081,7107,11560,124564,117,19231,479,1,61255,0.0009999999999994458
6412000,5934,-1046,128733,-7429,-4277,130453,101,19225,414,1,61256,0.001000000000000334
6413000,6092,-15396,127973,12864,-11874,129526,154,19225,414,0,61257,0.0009999999999994458
6414000,11991,-4756,131274,12794,-3497,128684,115,19231,631,0,61258,0.001000000000000334
6415000,2942,-2963,132077,-12774,-4437,127524,115,19227,471,0,61259,0.001000000000000334
6416000,-1668,2997,132245,-9262,6365,129390,113,19227,463,1,61260,0.0009999999999994458
6417000,-5076,3039,130571,191,-3624,134666,137,19229,561,1,61261,0.001000000000000334
6418000,-8514,2585,132084,-7255,-2830,127686,106,19231,434,1,61262,0.001000000000000334
6419000,-2382,-3847,127194,-11312,-2270,125244,115,19231,434,0,61263,0.0009999999999994458
6420000,-910,-3163,130602,-3419,3163,126900,93,19222,471,0,61264,0.001000000000000334
6421000,4921,1148,128579,6033,-8662,128830,93,19228,381,0,61265,0.0009999999999994458
6422000,-4129,429,131161,-12201,165,130139,106,19222,434,0,61266,0.001000000000000334
6423000,-7982,4046,130720,-18105,3633,127941,136,19225,557,1,61267,0.001000000000000334
6424000,-9762,12723,131135,-12093,3110,126226,117,19233,479,1,61268,0.0009999999999994458
6425000,-5638,4448,129205,-5334,-6,131550,99,19233,479,1,61269,0.001000000000000334
6426000,-2327,-121,125689,-3702,-7898,128451,153,19225,405,0,61270,0.0009999999999994458
6427000,-3411,-896,126772,-15802,-2360,121060,153,19228,627,0,61271,0.001000000000000334
6428000,-658,7397,128045,-2865,6263,124744,103,19231,422,0,61272,0.001000000000000334
6429000,-2460,5034,126466,-2941,-5792,130459,105,19226,430,1,61273,0.0009999999999994458
6430000,-6305,10994,128190,-11343,-1118,121233,129,19231,528,1,61274,0.001000000000000334
6431000,-10479,15133,127334,-13933,13959,123436,112,19231,528,1,61275,0.001000000000000334
6432000,726,5104,124772,-3513,240,124735,111,19233,459,1,61276,0.0009999999999994458
6433000,4726,-3879,125655,3722,-9811,127630,111,19220,455,0,61277,0.001000000000000334
6434000,3299,903,122400,-6572,-7865,122226,89,19226,365,0,61278,0.0009999999999994458
6435000,26,4741,126297,-4213,4389,122353,109,19230,446,0,61279,0.001000000000000334
6436000,-643,12071,125699,367,4492,127078,125,19220,512,1,61280,0.001000000000000334
6437000,-2248,12308,126783,-9084,8217,123728,111,19220,512,1,61281,0.0009999999999994458
6438000,-708,8135,124017,2547,-1396,127027,98,19230,455,1,61282,0.001000000000000334
6439000,5268,8068,123345,7914,131,117170,98,19228,401,0,61283,0.001000000000000334
6440000,8311,5332,123095,3626,-1154,125702,133,19230,545,0,61284,0.0009999999999994458
6441000,9386,-3597,125002,8591,-6344,126573,117,19230,479,0,61285,0.001000000000000334
6442000,7435,713,127834,4029,-7194,128313,114,19227,467,0,61286,0.0009999999999994458
6443000,2776,9008,131123,1989,11428,122373,134,19227,549,1,61287,0.001000000000000334
6444000,7242,8525,126549,2761,5025,124519,110,19229,549,1,61288,0.001000000000000334
6445000,5782,-2655,124831,3507,-7635,132014,105,19232,451,1,61289,0.0009999999999994458
6446002,10073,3968,127342,4727,2610,120153,105,19219,430,0,61290,0.0010020000000006135
6447000,8802,3001,125993,7169,-9334,130085,106,19230,434,0,61291,0.0009980000000000544
6448002,6780,-4985,126768,12535,-10607,123924,103,19227,422,0,61292,0.0010019999999997253
6449000,2982,447,127420,-3998,-5079,131508,114,19227,467,1,61293,0.0009980000000000544
6450000,661,7045,129823,-81,5995,125820,112,19222,467,1,61294,0.0009999999999994458
6451000,2709,19613,130142,4450,11490,130352,101,19227,459,1,61295,0.001000000000000334
6452000,3089,-5790,128616,-3332,-10532,132186,101,19229,414,1,61296,0.001000000000000334
6453003,9499,-6896,127647,3514,-11939,130238,134,19220,549,0,61297,0.0010029999999998651
6454000,9059,-18315,130776,19633,-18182,131600,111,19231,455,0,61298,0.0009969999999999146
6455000,214,5463,130117,-3633,1491,120075,107,19231,438,0,61299,0.001000000000000334
6456002,4590,6764,134267,-20703,750,133553,149,19226,438,1,61300,0.0010019999999997253
6457000,-7132,2888,131471,6206,9050,123557,113,19236,610,1,61301,0.0009980000000000544
6458000,-4366,-513,130322,-3700,-8037,130922,113,19231,463,1,61302,0.0009999999999994458
6459001,-3545,-12093,130204,-19625,-13222,134026,101,19224,414,0,61303,0.0010010000000004737
6460001,802,-5323,128503,8916,415,123192,121,19230,496,0,61304,0.001000000000000334
6461001,1100,1283,130969,-9227,-1613,129831,107,19230,438,0,61305,0.0009999999999994458
6462000,-6845,4447,130530,-15675,3778,123866,117,19230,438,1,61306,0.0009990000000001942
6463000,-6788,3671,131338,-13023,651,136956,109,19224,479,1,61307,0.001000000000000334
6464000,-7818,3008,130487,-5609,9548,121492,109,19229,446,1,61308,0.0009999999999994458
6465000,-6281,12066,129668,-7047,5614,124343,102,19231,418,1,61309,0.001000000000000334
6466000,-4794,-6963,126629,-17308,-3136,137129,125,19216,512,0,61310,0.0009999999999994458
6467000,-2603,-6038,126897,-660,-4107,123234,91,19226,373,0,61311,0.001000000000000334
6468001,-4550,2052,127936,-5259,-423,131483,101,19226,373,0,61312,0.0010010000000004737
6469000,-4697,11923,129519,-9706,8097,118068,138,19228,414,1,61313,0.000998999999999306
6470000,-9813,10155,128579,-9990,3859,129483,138,19228,565,1,61314,0.001000000000000334
6471000,-6374,3166,128791,-11063,-4268,128221,114,19230,467,1,61315,0.001000000000000334
6472000,-686,7191,125624,4505,5042,119596,102,19229,418,0,61316,0.0009999999999994458
6473000,-465,3364,126732,-6243,-7328,131936,112,19231,459,0,61317,0.001000000000000334
6474000,4667,-5071,122525,-4959,-3331,119945,109,19231,459,0,61318,0.0009999999999994458
6475000,1912,896,125024,-3259,10408,131874,113,19226,446,0,61319,0.001000000000000334
6476000,1465,7307,125059,-669,11808,116666,113,19223,463,1,61320,0.001000000000000334
6477000,-4010,17322,124629,-3338,7023,120776,141,19229,577,1,61321,0.0009999999999994458
6478000,2079,4250,126390,-3478,-5224,134884,103,19232,422,1,61322,0.001000000000000334
6479000,8782,3326,123025,11045,-1796,118998,109,19227,446,0,61323,0.001000000000000334
6480000,8382,3695,126463,6310,-11643,132416,96,19227,446,0,61324,0.0009999999999994458
6481000,8456,4857,125403,-2400,-7890,121402,111,19227,393,0,61325,0.001000000000000334
6482000,4592,-2462,125617,9931,-6276,131055,111,19228,455,1,61326,0.0009999999999994458
6483000,2081,3982,128714,-418,8222,122275,138,19228,565,1,61327,0.001000000000000334
6484000,3788,17618,127076,-6310,21194,116983,113,19230,463,1,61328,0.001000000000000334
6485000,9269,19,125227,14775,-4640,136342,97,19227,397,1,61329,0.0009999999999994458
6486001,12662,-2498,123959,5489,-3659,119331,152,19227,623,0,61330,0.0010010000000004737
6487000,9975,-3795,125777,6310,-12114,133284,105,19233,623,0,61331,0.0009990000000001942
6488000,6389,-6422,130335,10256,-7278,128580,108,19229,430,0,61332,0.0009999999999994458
6489000,2946,-127,129944,-7342,-3828,131031,108,19224,442,1,61333,0.001000000000000334
6490000,1162,6641,132478,3593,6039,126670,124,19227,508,1,61334,0.0009999999999994458
6491001,-754,19778,128257,3658,11580,117575,106,19233,434,1,61335,0.0010010000000004737
6492000,6577,-3722,128545,-1300,-8830,137386,111,19233,455,0,61336,0.0009990000000001942
6493000,11111,-5039,126941,9505,-9578,125923,96,19219,455,0,61337,0.0009999999999994458
6494000,10631,-6754,127997,7581,-3315,133332,106,19232,393,0,61338,0.001000000000000334
6495000,-1261,-2772,130490,-5960,-6215,126666,106,19227,434,0,61339,0.001000000000000334
6496001,1318,8318,131356,-14454,3732,127800,128,19224,524,1,61340,0.0010009999999995856
6497000,-6471,-499,132709,4018,-1932,136510,113,19228,463,1,61341,0.0009990000000001942
6498000,-6186,6655,131835,-4169,87,126168,97,19228,397,1,61342,0.0009999999999994458
6499000,1747,-4730,128779,-20167,-10237,135129,141,19232,397,0,61343,0.001000000000000334
6500000,-3202,-1304,130642,5554,-4689,121332,105,19230,577,0,61344,0.001000000000000334
6501000,400,-2490,131388,1950,-4714,135110,105,19228,430,0,61345,0.0009999999999994458
6502000,-10160,-1851,130356,-21301,-4375,124031,111,19220,455,1,61346,0.001000000000000334
6503000,-7201,1964,130225,-17112,3633,136790,143,19226,586,1,61347,0.001000000000000334
6504001,-8743,2018,130581,-1499,13578,121499,111,19231,455,1,61348,0.0010009999999995856
6505000,-5628,9729,128346,-6780,7062,123287,104,19231,455,1,61349,0.0009990000000001942
6506001,-2998,161,129232,-12847,-12914,135119,137,19221,426,0,61350,0.0010009999999995856
6507001,-5370,-11172,124129,-2815,-1161,123443,137,19236,561,0,61351,0.001000000000000334
6508000,1167,5406,129193,-6213,5746,129941,105,19232,430,0,61352,0.0009990000000001942
6509000,-8310,5054,126953,-11213,4991,117120,121,19222,496,1,61353,0.0009999999999994458
6510000,-6396,10200,127146,-12158,9674,130703,115,19228,471,1,61354,0.001000000000000334
6511000,-7699,3926,129916,20,-3885,130880,103,19228,471,1,61355,0.001000000000000334
6512000,-2250,6356,124235,-7133,4372,115840,131,19231,422,0,61356,0.0009999999999994458
6513000,115,6405,127665,-1840,13311,121561,131,19236,537,0,61357,0.001000000000000334
6514000,1498,-782,124627,3238,-10112,128328,104,19224,426,0,61358,0.0009999999999994458
6515000,3632,-11220,123583,314,-11515,136155,111,19230,455,0,61359,0.001000000000000334
6516000,-4639,5492,126275,-8742,15860,117533,158,19227,647,1,61360,0.001000000000000334
6517000,-2449,22651,128237,-2648,18727,116341,111,19227,647,1,61361,0.0009999999999994458
6518000,5413,11525,124608,3953,-3419,130377,95,19230,455,1,61362,0.001000000000000334
6519000,8196,-8013,121690,3142,-5490,129063,95,19223,389,0,61363,0.001000000000000334
6520000,10648,-1348,123567,6267,-3590,122722,94,19231,385,0,61364,0.0009999999999994458
6521000,5790,4433,125905,10902,899,120288,116,19233,475,0,61365,0.001000000000000334
6522000,6385,-3704,126428,-1022,-9145,134631,125,19219,512,1,61366,0.0009999999999994458
6523000,-783,3473,128450,-4423,6220,123728,109,19219,512,1,61367,0.001000000000000334
6524000,2831,14175,128673,8308,-1259,127436,98,19228,446,1,61368,0.001000000000000334
6525000,8953,9663,126432,12781,3668,120832,98,19228,401,1,61369,0.0009999999999994458
6526000,7193,-1818,126299,-4682,-7952,127263,119,19225,487,0,61370,0.001000000000000334
6527001,16738,-14412,126199,13893,-19814,135825,97,19231,397,0,61371,0.0010009999999995856
6528000,5424,-150,126694,14253,6788,117396,105,19228,430,0,61372,0.0009990000000001942
6529000,5090,6494,130077,-16127,5283,129560,140,19228,573,1,61373,0.001000000000000334
6530000,698,14041,132191,5099,3554,128724,112,19228,573,1,61374,0.0009999999999994458
6531000,-2461,1967,128432,10074,-8911,133934,98,19229,459,1,61375,0.001000000000000334
6532000,4826,-6042,128526,-7456,-8233,127746,98,19228,401,0,61376,0.001000000000000334
6533000,5977,-5045,128348,6170,-10884,125775,142,19232,582,0,61377,0.0009999999999994458
6534000,10171,-1601,129919,20635,-6903,132944,108,19231,442,0,61378,0.001000000000000334
6535000,2732,4187,130036,-16835,-2281,126576,116,19231,475,0,61379,0.001000000000000334
6536002,-1596,11946,134367,-8148,5558,127458,131,19221,475,1,61380,0.0010019999999997253
6537002,-5722,11172,130105,2702,6425,125594,101,19228,537,1,61381,0.0009999999999994458
6538002,-6621,-4400,131789,-7345,-9001,131537,101,19233,414,1,61382,0.001000000000000334
6539000,890,-21096,127306,-16735,-23689,138357,113,19222,463,0,61383,0.0009980000000000544
6540000,-2051,6118,130038,6420,6807,115433,94,19231,385,0,61384,0.001000000000000334
6541000,-223,7895,129517,-1720,2572,125839,112,19231,459,0,61385,0.0009999999999994458
6542000,-4900,8288,132721,-19811,3323,128060,141,19228,459,1,61386,0.001000000000000334
6543002,-10323,-5488,129332,-10569,-9471,139091,117,19223,577,1,61387,0.0010019999999997253
6544000,-8021,12346,131259,-5397,12222,123062,117,19229,479,1,61388,0.0009980000000000544
6545000,-7402,16742,129439,-10728,10281,131457,96,19230,393,1,61389,0.001000000000000334
6546000,-1392,-6343,127272,-8949,-13410,134757,153,19228,627,0,61390,0.0009999999999994458
6547000,-3523,-5964,125542,-5568,-5392,124341,105,19229,430,0,61391,0.001000000000000334
6548000,148,1048,127107,-7221,1477,117947,110,19229,430,0,61392,0.001000000000000334
6549000,-3967,23886,129470,-8256,18423,120702,131,19226,451,1,61393,0.0009999999999994458
6550000,-8134,6972,126559,-9487,-6254,136368,131,19228,537,1,61394,0.001000000000000334
6551000,-5404,-6088,126226,-12040,363,129223,109,19233,446,1,61395,0.0009999999999994458
6552000,-621,3611,126726,-943,2679,121086,113,19221,463,0,61396,0.001000000000000334
6553000,-255,3740,124636,1379,-2191,125923,89,19227,365,0,61397,0.001000000000000334
6554003,755,-913,124598,-9756,-3878,126994,110,19227,365,0,61398,0.0010029999999998651
6555002,-825,231,126357,2427,2335,127802,130,19229,451,1,61399,0.0009990000000001942
6556000,-2197,19515,126600,-8340,11974,112527,130,19217,532,1,61400,0.0009980000000000544
6557000,-2461,13323,126104,-1523,6963,128206,114,19233,467,1,61401,0.0009999999999994458
6558000,5095,2939,125602,9476,-2763,127647,97,19229,397,1,61402,0.001000000000000334
6559001,8376,-357,120313,-2036,-3252,120532,132,19230,541,0,61403,0.0010009999999995856
6560000,12345,-2411,125862,6891,-1866,128232,112,19230,541,0,61404,0.0009990000000001942
6561000,7663,-2790,125413,11334,-5719,121347,114,19225,459,0,61405,0.001000000000000334
6562000,3964,784,126311,-2566,-5819,131472,114,19224,467,1,61406,0.0009999999999994458
6563000,-1370,8831,130001,596,12616,123756,138,19239,565,1,61407,0.001000000000000334
6564000,3833,10528,127053,9441,525,125036,110,19231,451,1,61408,0.001000000000000334
6565000,7941,7477,124730,8409,-943,117369,102,19223,418,0,61409,0.0009999999999994458
6566000,12608,5576,127124,-365,-10083,131062,115,19223,418,0,61410,0.001000000000000334
6567000,10798,-19038,124872,17063,-17900,133911,109,19232,471,0,61411,0.0009999999999994458
6568000,7374,-219,128870,-2231,8356,122554,109,19228,446,0,61412,0.001000000000000334
6569000,2734,3453,129416,-9176,3648,133400,120,19225,491,1,61413,0.001000000000000334
6570002,-210,14017,131115,10451,15803,118836,114,19231,467,1,61414,0.0010019999999997253
6571000,435,5299,128053,-1440,-14743,136958,103,19230,422,1,61415,0.0009980000000000544
6572000,4889,-7631,128375,-3416,-8660,127870,134,19230,422,0,61416,0.001000000000000334
6573000,11219,-1907,129246,23422,-6013,125976,101,19222,549,0,61417,0.0009999999999994458
6574000,7176,-9670,130138,-907,-15219,138877,101,19228,414,0,61418,0.001000000000000334
6575000,3672,10906,131487,-22518,6316,120037,103,19226,422,1,61419,0.0009999999999994458
6576000,-7287,4896,133075,2184,2875,135583,153,19231,627,1,61420,0.001000000000000334
6577000,-7238,9582,130872,-1414,7350,119977,109,19232,446,1,61421,0.001000000000000334
6578000,-4392,-873,130185,-20498,-10511,133508,99,19232,405,1,61422,0.0009999999999994458
6579000,3433,-10403,128324,1992,-10274,133918,121,19226,405,0,61423,0.001000000000000334
6580000,8329,3601,129141,2400,-356,122482,109,19231,496,0,61424,0.001000000000000334
6581000,-4130,7058,132595,-15232,-1502,129442,109,19229,446,0,61425,0.0009999999999994458
6582001,-4911,326,131772,-13091,-1799,128220,120,19221,491,1,61426,0.0010010000000004737
6583000,-13695,1173,130582,-12294,2886,132201,111,19229,455,1,61427,0.000998999999999306
6584000,-8343,11043,133386,-8753,9433,128878,103,19229,422,1,61428,0.001000000000000334
6585000,-4800,9051,126468,-5366,6547,122825,122,19226,422,0,61429,0.001000000000000334
6586002,-3684,-6347,126952,-12184,-12321,136783,96,19218,500,0,61430,0.0010019999999997253
6587002,1450,-1710,125180,-3494,-6115,123108,96,19231,393,0,61431,0.001000000000000334
6588000,-62,1703,128356,-6098,-887,135814,104,19229,426,0,61432,0.0009980000000000544
6589000,-4738,10281,129107,-6481,11422,117118,145,19232,594,1,61433,0.0009999999999994458
6590000,-9783,16871,127642,-16528,9622,124222,118,19232,483,1,61434,0.001000000000000334
6591000,-2197,705,125496,-9297,-1143,132654,103,19231,483,1,61435,0.0009999999999994458
6592000,1133,501,125094,11298,-4847,131264,114,19226,422,0,61436,0.001000000000000334
6593000,2654,-9032,123454,-6028,-9696,119823,114,19234,467,0,61437,0.001000000000000334
6594000,-176,12085,127676,-4505,8891,123719,110,19231,451,0,61438,0.0009999999999994458
6595002,-1780,2639,125962,-2176,-2241,135368,115,19220,471,1,61439,0.0010020000000006135
6596025,-1260,9699,125461,-4273,10596,115584,141,19230,577,1,61440,0.0010229999999999961
6597006,-5328,13268,125236,-6102,793,126897,104,19230,577,1,61441,0.0009809999999994545
6598001,6548,4198,125933,2602,7201,119472,114,19233,426,0,61442,0.0009950000000005232
6599000,8001,-1644,123804,13659,-12436,130873,114,19228,467,0,61443,0.000998999999999306
6600000,9624,-5845,124149,-1210,-6237,125679,109,19225,446,0,61444,0.001000000000000334
6601000,6779,311,124902,8819,12312,119664,119,19228,487,0,61445,0.001000000000000334
6602000,3360,4373,127409,4615,2407,130234,139,19228,569,1,61446,0.0009999999999994458
6603000,470,-80,125081,-1898,4730,122485,116,19228,569,1,61447,0.001000000000000334
6604000,4309,2265,126043,3201,773,128487,103,19226,475,1,61448,0.001000000000000334
6605000,10816,696,124953,15868,3788,119074,103,19229,422,0,61449,0.0009999999999994458
6606000,8163,4463,126599,1216,-7543,128134,150,19229,614,0,61450,0.001000000000000334
6607000,10481,-9690,125675,13155,-11443,134103,103,19228,422,0,61451,0.0009999999999994458
6608002,6156,-2747,127207,2277,3367,122478,103,19223,422,1,61452,0.0010020000000006135
6609002,2764,7572,130945,-6428,7997,130854,119,19223,422,1,61453,0.0009999999999994458
6610000,1106,5006,130428,5552,11566,121097,110,19230,487,1,61454,0.0009980000000000544
6611001,373,-4004,127463,-1698,-10452,137589,110,19235,451,1,61455,0.0010010000000004737
6612000,6455,-7960,127002,532,-11402,128310,114,19220,467,0,61456,0.0009990000000001942
6613000,5656,-3964,127338,17158,2236,121194,92,19231,377,0,61457,0.0009999999999994458
6614000,9016,1946,132547,-4343,-1136,134979,104,19232,426,0,61458,0.001000000000000334
6615000,-54,383,132270,-15690,2926,125351,126,19232,426,1,61459,0.0009999999999994458
6616000,-1740,1222,133774,5481,-3169,135881,114,19222,516,1,61460,0.001000000000000334
6617000,-9990,1095,131882,-3434,-2793,127257,114,19232,467,1,61461,0.001000000000000334
6618004,-6311,-5950,129376,-26159,-16776,136544,98,19232,401,0,61462,0.0010040000000000049
6619000,1615,3486,130883,8056,591,129176,143,19235,586,0,61463,0.0009959999999997748
6620000,927,-3942,126829,-507,-1579,127497,107,19228,438,0,61464,0.001000000000000334
6621000,-2738,5549,132088,-15416,3485,126783,112,19228,459,0,61465,0.0009999999999994458
6622009,-6709,7842,129821,-11378,2518,127464,139,19224,459,1,61466,0.0010089999999998156
6623000,-6877,1359,130076,-7381,3033,133794,113,19225,569,1,61467,0.0009909999999999641
6624000,-9164,8213,130783,-10467,2953,126954,113,19231,463,1,61468,0.001000000000000334
6625002,-2206,1706,129309,-12242,-7669,128167,106,19221,434,0,61469,0.0010019999999997253
6626000,-4237,-247,127713,-1864,-6149,128215,133,19233,545,0,61470,0.0009980000000000544
6627000,-2344,731,127969,-5422,-2765,126036,104,19233,426,0,61471,0.001000000000000334
6628000,-2163,9172,126495,-11579,3638,123037,120,19231,426,1,61472,0.001000000000000334
6629000,-7760,7372,127632,-11712,7882,122430,115,19223,491,1,61473,0.0009999999999994458
6630000,-3449,13049,128541,-8809,3965,128232,115,19227,471,1,61474,0.001000000000000334
6631000,-2713,9669,124714,2473,3824,124181,104,19230,426,1,61475,0.0009999999999994458
6632001,-2130,-951,124643,-12385,-1529,125078,133,19231,545,0,61476,0.0010010000000004737
6633000,3491,-3223,125146,-2523,-3843,124686,106,19231,434,0,61477,0.0009990000000001942
6634000,2631,7828,125945,9513,5046,123117,111,19229,434,0,61478,0.0009999999999994458
6635000,896,4875,125312,-9357,-1888,125417,153,19224,455,1,61479,0.001000000000000334
6636000,-5268,9603,126782,-9285,4068,122911,153,19228,627,1,61480,0.001000000000000334
6637000,543,12933,129159,2457,3237,122862,110,19228,451,1,61481,0.0009999999999994458
6638000,6033,8473,124478,9829,2558,125094,97,19225,397,0,61482,0.001000000000000334
6639000,4811,8457,125023,1760,1965,123819,97,19229,397,0,61483,0.0009999999999994458
6640000,8417,-4138,122233,359,-8293,128900,116,19229,397,0,61484,0.001000000000000334
6641000,7889,-3129,126052,8333,-5963,128272,122,19224,475,0,61485,0.001000000000000334
6642000,5397,-2497,128145,7844,-5068,118791,122,19220,500,1,61486,0.0009999999999994458
6643000,2146,21508,128094,-7551,18984,121100,107,19229,438,1,61487,0.001000000000000334
6644000,6973,7015,125795,7452,-12847,134986,100,19230,410,1,61488,0.001000000000000334
6645000,11330,-13756,123329,10898,3508,129336,122,19225,500,0,61489,0.0009999999999994458
6646000,9741,-1527,127615,3264,-5037,125844,99,19225,500,0,61490,0.001000000000000334
6647000,4832,315,128303,10680,-8593,127242,106,19235,405,0,61491,0.0009999999999994458
6648000,4570,-1809,128750,-4632,-5145,130502,106,19228,434,1,61492,0.001000000000000334
6649002,-312,3133,131974,5981,10671,128940,137,19227,561,1,61493,0.0010019999999997253
6650000,-1055,13753,129873,-2622,9220,119180,112,19227,459,1,61494,0.0009980000000000544
6651000,1441,3498,128680,1427,-8858,134622,100,19225,410,1,61495,0.001000000000000334
6652000,9992,-9138,127646,7491,-12805,128943,145,19225,410,0,61496,0.001000000000000334
6653000,12286,-6904,128564,14851,-8514,131048,113,19229,594,0,61497,0.0009999999999994458
6654000,2289,-11276,129734,-16646,6656,126624,113,19228,463,0,61498,0.001000000000000334
6655001,1454,13306,134789,-6972,5800,124270,113,19222,463,1,61499,0.0010009999999995856
6656000,-9227,2334,132173,4635,-8888,139215,131,19227,537,1,61500,0.0009990000000001942
6657000,-6961,1565,131445,-11923,277,128154,102,19231,418,1,61501,0.001000000000000334
6658000,-5140,-4430,128169,-9161,-12977,132210,115,19231,418,0,61502,0.0009999999999994458
6659000,2227,-1850,128091,817,6005,121433,95,19223,471,0,61503,0.001000000000000334
6660000,2563,5968,130511,-516,-6931,132445,95,19230,389,0,61504,0.001000000000000334
6661000,-3128,-6498,130320,-14264,-4446,131618,109,19231,446,0,61505,0.0009999999999994458
6662000,-6992,10336,131061,-17921,12487,124710,137,19224,561,1,61506,0.001000000000000334
6663002,-11390,2645,132007,-11342,-1091,132353,114,19231,467,1,61507,0.0010019999999997253
6664000,-3003,9397,130629,-3121,8945,122420,99,19231,405,1,61508,0.0009980000000000544
6665000,-5589,-8012,126308,-8953,-19874,138803,153,19227,405,0,61509,0.001000000000000334
6666001,-3775,1043,125002,-16336,9932,115878,153,19227,627,0,61510,0.0010009999999995856
6667000,-63,12381,127870,1903,2390,123421,110,19229,451,0,61511,0.0009990000000001942
6668001,-3636,-32,127843,-5010,-5578,132890,112,19223,459,1,61512,0.0010009999999995856
6669000,-5441,12908,128766,-18998,5979,121403,129,19227,528,1,61513,0.0009990000000001942
6670000,-10010,3544,126783,-9269,4703,129690,112,19227,459,1,61514,0.001000000000000334
6671000,1340,12372,128030,2106,7882,114961,111,19230,459,0,61515,0.0009999999999994458
6672000,941,-200,125220,131,-12752,133305,89,19224,455,0,61516,0.001000000000000334
6673000,2909,-7897,123124,-9049,3139,124907,89,19229,365,0,61517,0.001000000000000334
6674000,2364,4133,123935,-5399,1360,127786,108,19228,442,0,61518,0.0009999999999994458
6675000,-563,11349,125659,57,14304,122297,128,19224,524,1,61519,0.001000000000000334
6676000,-2252,18062,126426,-4154,8938,120165,113,19224,463,1,61520,0.0009999999999994458
6677000,512,-595,125163,1384,-8198,131977,93,19230,463,1,61521,0.001000000000000334
6678000,4022,2380,125124,7760,1272,125235,129,19232,381,0,61522,0.001000000000000334
6679000,10958,5096,121729,-1146,3468,117709,129,19233,528,0,61523,0.0009999999999994458
6680000,8886,3494,127894,11942,-3972,127498,109,19227,446,0,61524,0.001000000000000334
6681006,5652,-2737,124676,636,-13438,127935,113,19225,463,1,61525,0.0010060000000002844
6682000,3999,5513,126784,-6279,4154,129215,135,19229,553,1,61526,0.0009939999999994953
6683000,2491,17630,131182,9366,17355,117731,105,19229,553,1,61527,0.001000000000000334
6684000,9740,6212,126133,5217,-258,124441,100,19232,430,1,61528,0.0009999999999994458
6685000,11910,-2225,125796,2851,-5596,126961,100,19222,410,0,61529,0.001000000000000334
6686000,10352,756,128258,11058,-6236,133216,103,19231,422,0,61530,0.001000000000000334
6687000,6293,-9908,125504,9611,-11917,123158,106,19233,434,0,61531,0.0009999999999994458
6688000,2617,4648,131013,-1895,3452,129602,120,19224,491,1,61532,0.001000000000000334
6689000,1366,4357,130495,-2137,2065,132921,113,19224,491,1,61533,0.001000000000000334
6690002,3445,12920,132620,4787,6623,122076,98,19229,463,1,61534,0.0010019999999997253
6691000,4364,4076,129453,-1582,-11131,124492,98,19233,401,0,61535,0.0009980000000000544
6692000,9636,-9774,127152,3381,-9705,130731,135,19224,553,0,61536,0.0009999999999994458
6693000,9538,-12873,129455,18269,-11738,134969,103,19229,422,0,61537,0.001000000000000334
6694000,3753,-5557,128895,-2517,3766,128459,106,19225,434,0,61538,0.001000000000000334
6695000,1734,14994,133704,-11078,12658,120107,156,19225,434,1,61539,0.0009999999999994458
6696000,-4829,11513,132062,7949,7996,127254,110,19230,639,1,61540,0.001000000000000334
6697000,-4820,-3495,129911,-12116,-16498,140136,110,19232,451,1,61541,0.001000000000000334
6698000,-2201,-18631,127991,-10406,-13843,131917,99,19225,405,0,61542,0.0009999999999994458
6699000,-2043,23,131599,4808,8254,121985,129,19232,528,0,61543,0.001000000000000334
6700000,-103,6945,131888,-6942,6643,123726,118,19232,483,0,61544,0.0009999999999994458
6701001,-7708,1355,129616,-15898,-7361,143415,126,19232,483,1,61545,0.0010010000000004737
6702000,-6400,-7904,128342,-14093,4084,124598,113,19220,516,1,61546,0.0009990000000001942
6703000,-9611,13510,130200,-5263,16264,121554,113,19230,463,1,61547,0.0009999999999994458
6704000,-3757,10493,131567,-4341,11271,124539,104,19226,426,1,61548,0.001000000000000334
6705000,-4097,-9186,126288,-10085,-17169,134399,128,19216,524,0,61549,0.001000000000000334
6706000,-4945,-9750,123505,-8874,-4134,127521,98,19232,401,0,61550,0.0009999999999994458
6707001,-4198,7195,128064,-4712,10422,119097,102,19232,401,0,61551,0.0010010000000004737
6708000,-2473,6850,128152,-5441,4931,128228,144,19222,418,1,61552,0.000998999999999306
6709000,-7890,6129,129045,-9229,9467,126364,144,19221,590,1,61553,0.001000000000000334
6710000,-9287,4732,128210,-13076,895,124766,116,19224,475,1,61554,0.001000000000000334
6711000,-532,6375,126275,3968,1889,124771,101,19226,414,0,61555,0.0009999999999994458
6712001,-952,-2099,124109,-2364,-11061,125531,116,19225,475,0,61556,0.0010010000000004737
6713000,1920,1550,124853,-879,1842,126822,108,19225,442,0,61557,0.0009990000000001942
6714000,-1973,5622,124247,-9964,5165,121490,115,19227,442,0,61558,0.0009999999999994458
6715000,1028,7673,129474,2427,8671,127215,140,19225,471,1,61559,0.001000000000000334
6716000,-1449,15002,125428,386,10975,118301,140,19229,573,1,61560,0.0009999999999994458
6717000,1928,3769,123149,-6509,8213,126553,105,19232,430,1,61561,0.001000000000000334
6718000,8620,-2862,122984,6937,-5199,127608,113,19227,463,0,61562,0.001000000000000334
6719000,8305,-4229,123216,13575,-9129,122458,97,19227,397,0,61563,0.0009999999999994458
6720000,8016,-329,126863,2559,-5685,129376,112,19227,397,0,61564,0.001000000000000334
6721000,2346,-5188,128299,4559,-6640,126419,136,19227,459,1,61565,0.001000000000000334
6722000,-258,5672,127200,3255,6428,125398,136,19228,557,1,61566,0.0009999999999994458
6723000,2947,13507,127112,-6772,9568,123817,116,19230,475,1,61567,0.001000000000000334
6724000,7857,9784,126253,11591,-1101,123725,99,19227,405,1,61568,0.0009999999999994458
6725000,14426,5952,124227,11093,1956,122074,148,19227,606,0,61569,0.001000000000000334
6726000,9420,-9429,127105,-2066,-13060,132278,113,19230,606,0,61570,0.001000000000000334
6727000,7711,-14353,129077,18304,-12522,135629,110,19230,463,0,61571,0.0009999999999994458
6728000,1856,6569,129859,-4975,3744,127666,110,19225,451,1,61572,0.001000000000000334
6729000,-3075,10871,129288,-7946,7042,123340,129,19228,528,1,61573,0.001000000000000334
6730000,702,9474,131265,5458,2247,126679,108,19229,442,1,61574,0.0009999999999994458
6731000,9483,-4640,126466,3004,-10137,130044,113,19224,463,0,61575,0.001000000000000334
6732000,9712,-5004,129650,9492,-6209,127455,88,19224,463,0,61576,0.0009999999999994458
6733000,7435,8858,130632,5786,3223,129390,105,19232,360,0,61577,0.001000000000000334
6734000,2456,-5062,127836,-11110,-5186,130758,105,19229,430,0,61578,0.001000000000000334
6735000,-4,2826,135937,-7565,-2304,136982,126,19223,516,1,61579,0.0009999999999994458
6736001,-8111,-9427,131418,4103,-10752,121287,111,19233,455,1,61580,0.0010010000000004737
6737002,-6292,17715,131171,-11721,10762,128415,95,19231,389,1,61581,0.0010009999999995856
6738002,-503,-2230,129896,-18110,-16395,135792,143,19231,389,0,61582,0.001000000000000334
6739003,1364,-6229,127750,15204,5411,126227,107,19230,586,0,61583,0.0010009999999995856
6740000,-2333,3272,133030,-467,-7219,131248,107,19229,438,0,61584,0.0009969999999999146
6741000,-9656,1421,130520,-25749,2913,127460,110,19225,451,1,61585,0.001000000000000334
6742000,-8698,8686,133334,-7069,720,134512,136,19229,557,1,61586,0.001000000000000334
6743000,-8613,3649,128705,-5260,5815,124971,113,19232,463,1,61587,0.0009999999999994458
6744000,-4100,10590,128577,-13547,5731,123421,106,19232,463,1,61588,0.001000000000000334
6745001,-3800,3194,126372,-8936,-11747,131987,138,19221,434,0,61589,0.0010009999999995856
6746000,-1286,-4182,125584,1133,-1393,127261,138,19226,565,0,61590,0.0009990000000001942
6747000,327,4083,129119,-9208,-2014,128681,108,19227,442,0,61591,0.001000000000000334
6748000,-9112,-580,127618,-10277,13192,113582,123,19221,504,1,61592,0.0009999999999994458
6749000,-6952,21943,129649,-11129,-610,132061,117,19229,479,1,61593,0.001000000000000334
6750000,-6089,-1513,126159,2759,-6570,133450,105,19229,479,1,61594,0.001000000000000334
6751001,-496,4828,124381,-8854,9949,120212,133,19225,430,0,61595,0.0010009999999995856
6752002,-576,10534,125472,-6954,2775,121038,133,19228,545,0,61596,0.0010010000000004737
6753000,2788,1080,124566,9256,-6424,131279,103,19226,422,0,61597,0.0009980000000000544
6754002,2400,-8279,124926,-5437,-12902,131270,105,19227,430,0,61598,0.0010019999999997253
6755002,-4333,3506,126276,-5164,16601,119945,153,19230,627,1,61599,0.0009999999999994458
6756000,-1688,24884,128547,-3519,18593,116608,110,19230,627,1,61600,0.0009980000000000544
6757000,4544,8677,123817,2788,-1613,127587,99,19234,451,1,61601,0.001000000000000334
6758000,9962,-2839,123298,8852,-5219,129122,92,19224,405,0,61602,0.001000000000000334
6759000,10116,-7924,122736,201,-8648,123664,92,19229,377,0,61603,0.0009999999999994458
6760000,5222,3115,124850,8227,12547,119788,112,19228,459,0,61604,0.001000000000000334
6761000,3862,2749,127587,4391,-8995,130379,120,19221,491,1,61605,0.001000000000000334
6762000,2837,-3176,126095,-6377,198,129019,113,19221,463,1,61606,0.0009999999999994458
6763002,3928,19467,130667,11411,11424,120875,104,19231,463,1,61607,0.0010019999999997253
6764000,6488,3409,125911,6445,-2970,124957,123,19230,426,0,61608,0.0009980000000000544
6765000,11398,559,127467,129,-5936,126191,123,19230,504,0,61609,0.001000000000000334
6766000,9036,-14881,125971,14155,-23946,137571,96,19232,393,0,61610,0.001000000000000334
6767000,6502,-9412,126340,4866,-372,123644,103,19228,422,0,61611,0.0009999999999994458
6768011,3198,17652,132771,-8145,13835,123306,136,19228,557,1,61612,0.0010110000000000952
6769000,2926,12405,129318,107,7335,130837,114,19231,557,1,61613,0.0009890000000005728
6770000,3113,3535,128446,8119,-1032,126119,101,19231,467,1,61614,0.0009999999999994458
6771000,4034,-9387,127272,-1015,-13685,133951,101,19227,414,0,61615,0.001000000000000334
6772000,7678,-14234,126068,-239,-11891,123046,135,19232,553,0,61616,0.0009999999999994458
6773000,6063,3599,132488,21356,-667,131981,106,19230,434,0,61617,0.001000000000000334
6774000,1288,-9251,128264,-22100,-8110,133285,111,19222,455,1,61618,0.001000000000000334
6775000,-1764,22383,134441,-12985,21318,116099,131,19222,455,1,61619,0.0009999999999994458
6776000,-6007,1803,131186,7056,-5935,138253,105,19228,537,1,61620,0.001000000000000334
6777000,-4379,-3714,130295,-2373,-9295,126723,105,19230,430,1,61621,0.001000000000000334
6778000,-543,-15053,128899,-20618,-16657,138739,115,19220,471,0,61622,0.0009999999999994458
6779000,939,5506,130854,5583,4708,122271,94,19228,385,0,61623,0.001000000000000334
6780000,-2131,7868,129401,1823,4848,130129,109,19227,446,0,61624,0.0009999999999994458
6781000,-7153,5822,131193,-25914,2092,128095,139,19227,446,1,61625,0.001000000000000334
6782000,-9007,-2289,128749,-11701,-5595,133797,117,19228,569,1,61626,0.001000000000000334
6783002,-5924,6524,131640,-1383,1607,124094,117,19231,479,1,61627,0.0010019999999997253
6784002,-3916,16890,132899,-10860,11744,122161,101,19229,414,1,61628,0.001000000000000334
6785002,-2594,-9776,124464,-8539,-13803,135325,156,19230,639,0,61629,0.0009999999999994458
6786000,-5330,-10027,126558,-7247,174,128258,104,19231,426,0,61630,0.0009980000000000544
6787000,20,6426,127253,-11566,10650,117441,110,19231,426,0,61631,0.001000000000000334
6788000,-5727,19191,127954,-5439,10560,125984,132,19223,451,1,61632,0.0009999999999994458
6789000,-7245,8418,129116,-13279,-1869,129279,132,19226,541,1,61633,0.001000000000000334
6790000,-3993,-1307,124850,-5091,5538,124862,110,19231,451,1,61634,0.001000000000000334
6791000,2426,1167,126019,3719,-2757,126646,113,19224,463,0,61635,0.0009999999999994458
6792000,-925,-2786,124934,-3802,-1805,121026,101,19225,414,0,61636,0.001000000000000334
6793000,358,6697,124519,-9119,-3969,125961,113,19225,414,0,61637,0.0009999999999994458
6794000,-687,5666,126891,-3193,3231,125692,131,19232,463,1,61638,0.001000000000000334
6795000,-2069,11730,126200,-8708,10260,131908,131,19222,537,1,61639,0.001000000000000334
6796000,2035,12707,127324,3123,1012,116402,113,19229,463,1,61640,0.0009999999999994458
6797000,3238,5789,122864,10159,1652,123665,97,19227,397,0,61641,0.001000000000000334
6798000,7543,345,125752,-4542,140,123223,137,19233,561,0,61642,0.001000000000000334
6799000,12635,-1512,123347,16077,-2986,122891,109,19233,561,0,61643,0.0009999999999994458
6800000,6693,-5679,124317,8442,-6439,133175,110,19228,446,0,61644,0.001000000000000334
6801000,3986,-2673,125402,-9093,4176,119212,110,19224,451,1,61645,0.0009999999999994458
6802000,1880,13275,129868,7863,11499,125926,129,19229,528,1,61646,0.001000000000000334
6803000,6984,1812,126631,10174,-2517,131157,110,19231,451,1,61647,0.001000000000000334
6804003,5837,867,126314,1431,5483,119891,103,19222,422,0,61648,0.0010029999999998651
6805005,10311,3630,126955,5669,-5277,130566,113,19222,463,0,61649,0.0010019999999997253
6806001,8559,-14925,124841,18562,-14468,127239,104,19232,463,0,61650,0.0009959999999997748
6807000,3709,783,130156,-4024,-5485,137103,116,19230,426,0,61651,0.0009990000000001942
6808000,3362,4139,128370,-10449,7389,122695,116,19221,475,1,61652,0.001000000000000334
6809000,1115,20970,129962,12134,17773,122461,111,19231,455,1,61653,0.0009999999999994458
6810000,2156,5781,130849,-2397,-4804,131682,103,19229,422,1,61654,0.001000000000000334
6811000,9641,-15344,122771,-3802,-13630,125904,137,19229,561,0,61655,0.001000000000000334
6812000,9371,-3393,133309,19198,-5111,134476,103,19225,561,0,61656,0.0009999999999994458
6813000,5813,-6550,126634,9936,-7962,125820,106,19228,422,0,61657,0.001000000000000334
6814000,617,7823,132478,-29825,6588,126586,106,19225,434,1,61658,0.001000000000000334
6815000,-4814,6791,135672,5001,-481,131218,153,19227,627,1,61659,0.0009999999999994458
6816000,-11049,881,129685,5947,2052,125778,111,19233,455,1,61660,0.001000000000000334
6817000,-2388,-3226,130570,-30243,-6923,136346,103,19233,422,1,61661,0.0009999999999994458
6818002,-2357,-10351,127330,348,-10580,128635,117,19231,422,0,61662,0.0010020000000006135
6819001,9752,6051,130404,11583,5091,126908,112,19232,479,0,61663,0.0009990000000001942
6820000,-7755,-611,129859,-18373,-2001,130374,112,19225,459,0,61664,0.000998999999999306
6821000,-4285,-1845,131484,-13750,-3987,130620,121,19219,496,1,61665,0.001000000000000334
6822000,-10525,6087,129619,-4963,5771,130981,111,19228,455,1,61666,0.001000000000000334
6823000,-8303,9311,128965,-14325,7815,125217,104,19232,426,1,61667,0.0009999999999994458
6824000,-4495,8066,130564,-7987,-284,121336,126,19232,426,0,61668,0.001000000000000334
6825000,-5201,-8219,123349,-9281,-13021,132124,97,19218,516,0,61669,0.0009999999999994458
6826000,-26,1085,129000,-3879,-1952,124215,97,19230,397,0,61670,0.001000000000000334
6827000,-4406,4333,128265,667,2463,125744,105,19227,430,0,61671,0.001000000000000334
6828000,-5148,11697,126568,-12367,6954,123099,142,19225,582,1,61672,0.0009999999999994458
6829000,-10379,11304,129603,-15524,6480,127373,118,19231,483,1,61673,0.001000000000000334
6830000,-3037,-2057,126800,-9782,-7201,128201,101,19231,483,1,61674,0.001000000000000334
6831000,3268,8535,127546,6639,3690,123847,118,19228,414,0,61675,0.0009999999999994458
6832000,-3001,-4996,122453,-8474,-3799,125627,118,19230,483,0,61676,0.001000000000000334
6833000,3774,5009,125840,-2891,5873,125714,116,19225,475,0,61677,0.0009999999999994458
6834000,-1563,7334,125505,5556,10021,123176,119,19220,487,1,61678,0.001000000000000334
6835000,-996,11793,126859,-9453,7687,127263,141,19229,577,1,61679,0.001000000000000334
6836000,-2684,7190,126567,1177,-503,125085,103,19229,577,1,61680,0.0009999999999994458
6837000,6545,6856,123901,14458,-1849,123598,110,19234,422,0,61681,0.001000000000000334
6838000,7972,2354,122193,1869,-10855,124900,110,19226,451,0,61682,0.001000000000000334
6839000,8671,4088,124917,5417,-5698,127339,97,19232,397,0,61683,0.0009999999999994458
6840000,10234,-273,126244,7914,-6328,129341,113,19228,463,0,61684,0.001000000000000334
6841000,3453,4952,127328,578,7746,121426,137,19224,561,1,61685,0.0009999999999994458
6842000,1353,7657,130220,2917,7711,125079,115,19224,561,1,61686,0.001000000000000334
6843002,5031,2382,124783,-172,441,128233,95,19229,471,1,61687,0.0010019999999997253
6844000,10513,-5354,124760,11860,647,128700,95,19227,389,0,61688,0.0009980000000000544
6845000,9159,-1744,127515,10772,-4040,127699,149,19233,610,0,61689,0.001000000000000334
6846000,7782,-4523,125480,6849,-11780,126940,106,19228,434,0,61690,0.001000000000000334
6847000,5220,-583,130452,-1092,2929,130759,106,19226,434,1,61691,0.0009999999999994458
6848000,3460,3247,131169,1056,1486,129767,124,19226,508,1,61692,0.001000000000000334
6849000,-413,7266,129779,5414,2758,125917,106,19230,508,1,61693,0.0009999999999994458
6850000,-880,8963,131162,-3692,-5790,130524,110,19230,434,1,61694,0.001000000000000334
6851001,5338,-7634,126177,6108,-16998,134650,110,19218,451,0,61695,0.0010010000000004737
6852000,8778,-9853,128234,14455,-58,128394,101,19232,414,0,61696,0.000998999999999306
6853000,4813,583,129774,-8030,-259,127964,107,19232,438,0,61697,0.001000000000000334
6854000,3327,3437,130382,-7094,15462,122355,125,19232,512,1,61698,0.001000000000000334
6855000,-3092,7016,132279,2524,-1613,132911,111,19219,512,1,61699,0.0009999999999994458
6856000,-8124,-9134,129460,-5513,-11868,135363,95,19229,455,1,61700,0.001000000000000334
6857000,-4115,-1792,130165,-16144,-3610,129469,95,19231,389,0,61701,0.0009999999999994458
6858001,-772,-4183,130494,-564,-5019,132126,140,19229,573,0,61702,0.0010010000000004737
6859000,3155,4297,129294,902,-303,122896,104,19229,426,0,61703,0.0009990000000001942
6860000,-4484,6063,128165,-19524,4699,127178,112,19229,459,0,61704,0.0009999999999994458
6861000,-5338,1162,130627,-11871,2200,132292,143,19226,459,1,61705,0.001000000000000334
6862000,-7229,5676,131113,-2786,6159,123274,111,19230,586,1,61706,0.001000000000000334
6863000,-8807,4999,130630,-10780,1300,131875,111,19229,455,1,61707,0.0009999999999994458
6864000,-4977,3284,129593,-12612,-1551,124386,103,19222,422,0,61708,0.001000000000000334
6865000,-5346,-8062,125940,-5601,-13192,133372,137,19229,561,0,61709,0.0009999999999994458
6866000,-2462,4664,126134,-4581,8730,120006,103,19229,422,0,61710,0.001000000000000334
6867000,-1958,5842,128155,-12416,2892,124969,119,19229,422,1,61711,0.001000000000000334
6868000,-4311,5067,127806,-8376,3580,124757,114,19220,487,1,61712,0.0009999999999994458
6869001,-3684,13887,128028,-11100,9762,126835,114,19225,467,1,61713,0.0010010000000004737
6870000,-3560,2823,125732,-163,-1082,128483,103,19234,422,1,61714,0.0009990000000001942
6871000,-2562,11036,125962,335,448,118738,132,19230,541,0,61715,0.0009999999999994458
6872000,3126,-5921,121163,-14650,-5061,126912,103,19230,422,0,61716,0.001000000000000334
6873002,4092,7729,129505,6569,6786,123998,108,19230,422,0,61717,0.0010019999999997253
6874000,2452,3815,124567,725,149,123797,155,19224,442,1,61718,0.0009980000000000544
6875000,-3843,6698,124687,-13911,5741,125865,155,19230,635,1,61719,0.001000000000000334
6876000,392,11286,127997,2387,6663,126003,114,19233,467,1,61720,0.0009999999999994458
6877000,7028,3593,123378,7937,-2410,122568,98,19231,401,0,61721,0.001000000000000334
6878000,4745,9536,126503,866,4741,123905,98,19229,401,0,61722,0.001000000000000334
6879000,9090,-9084,123589,3162,-9092,130835,114,19229,401,0,61723,0.0009999999999994458
6880000,5025,1699,127238,6043,-4795,126767,122,19228,467,0,61724,0.001000000000000334
6881000,5510,8113,127903,4843,6998,120030,122,19219,500,1,61725,0.0009999999999994458
6882000,2473,17722,129907,-4138,10193,124439,111,19229,455,1,61726,0.001000000000000334
6883000,7227,4532,126240,12045,-5566,129015,102,19235,418,1,61727,0.001000000000000334
6884000,11576,-4385,125318,5955,-10867,128360,119,19225,487,0,61728,0.0009999999999994458
6885000,8619,-4494,126565,10723,-10282,128578,96,19225,487,0,61729,0.001000000000000334
6886000,9713,-5242,128786,5753,-1456,125822,104,19236,393,0,61730,0.001000000000000334
6887000,4594,2635,129052,-2877,96,127294,104,19228,426,1,61731,0.0009999999999994458
6888000,766,9714,131784,2342,6126,131410,139,19230,569,1,61732,0.001000000000000334
6889002,-727,6308,130370,-4921,910,124682,114,19231,467,1,61733,0.0010019999999997253
6890000,1838,6871,129838,6891,-9240,127281,100,19229,410,1,61734,0.0009980000000000544
6891000,9607,-5604,127749,5971,-14894,131011,153,19229,410,0,61735,0.001000000000000334
6892000,9821,-8096,131750,16930,-4965,130865,117,19232,627,0,61736,0.0009999999999994458
6893000,2112,-5722,129338,-14031,-6635,130578,117,19227,479,0,61737,0.001000000000000334
6894000,2730,4240,132106,-13002,9794,123760,117,19220,479,1,61738,0.001000000000000334
6895000,-7497,16975,133774,3529,5779,130703,136,19232,557,1,61739,0.0009999999999994458
6896003,-3888,-5308,128997,-9589,-9616,131505,102,19231,418,1,61740,0.0010029999999998651
6897000,-4010,-9953,128477,-9482,-13269,133645,114,19231,467,0,61741,0.0009969999999999146
6898003,2985,-3707,129355,-2595,4003,119916,92,19221,467,0,61742,0.0010030000000007533
6899007,1602,7485,128808,3845,5663,126223,107,19225,377,0,61743,0.0010040000000000049
6900000,-3213,-706,131398,-18406,-1259,132830,107,19227,438,1,61744,0.0009929999999993555
6901000,-8663,1931,128051,-16637,4341,133194,135,19226,553,1,61745,0.001000000000000334
6902000,-8749,5417,129758,-5920,5612,123654,116,19231,475,1,61746,0.0009999999999994458
6903000,-4956,12261,130275,-6490,5172,123596,100,19231,410,1,61747,0.001000000000000334
6904000,-3596,-4868,128088,-6083,-5441,133927,154,19225,410,0,61748,0.001000000000000334
6905000,-2558,-9428,124867,-7913,-1400,125492,103,19228,631,0,61749,0.0009999999999994458
6906000,-1671,5925,127628,683,7798,127668,103,19230,422,0,61750,0.001000000000000334
6907000,-3791,3834,125250,-7411,12801,120793,104,19226,426,1,61751,0.001000000000000334
6908000,-8484,8707,128591,-14800,346,127094,129,19227,528,1,61752,0.0009999999999994458
6909000,-7439,-833,127262,-9643,-3217,131888,113,19227,463,1,61753,0.001000000000000334
6910000,-1714,9729,127871,1960,7397,116142,112,19231,463,0,61754,0.0009999999999994458
6911000,-570,-1374,126208,-772,-8384,130963,90,19220,459,0,61755,0.001000000000000334
6912000,2211,-2966,123036,-6519,-4508,119407,90,19228,369,0,61756,0.001000000000000334
6913000,-441,2935,128497,-4736,-478,137458,107,19229,438,0,61757,0.0009999999999994458
6914000,-375,7568,123381,-1478,12170,115710,127,19220,520,1,61758,0.001000000000000334
6915000,-4303,22096,129673,-3114,14546,120113,117,19231,479,1,61759,0.001000000000000334
6916001,3346,689,122748,-3110,2843,130592,98,19231,479,1,61760,0.0010009999999995856
6917000,4856,-10154,121299,10904,-10860,126648,132,19228,401,0,61761,0.0009990000000001942
6918001,7025,490,124901,2471,-5040,123824,132,19230,541,0,61762,0.0010009999999995856
6919000,9783,9936,124643,5292,6618,116271,109,19227,446,0,61763,0.0009990000000001942
6920000,3577,-417,129646,11896,-7100,133394,114,19230,467,1,61764,0.001000000000000334
6921000,2624,-4859,127015,-2434,-4629,131586,137,19228,561,1,61765,0.0009999999999994458
6922000,2044,11934,127757,-3341,10446,123428,112,19228,561,1,61766,0.001000000000000334
6923000,7287,6521,126206,15525,988,125920,105,19231,459,1,61767,0.001000000000000334
6924000,12318,-2261,124843,1896,-5348,130582,105,19221,430,0,61768,0.0009999999999994458
6925000,10237,-1985,128248,5744,-4414,124590,109,19234,446,0,61769,0.001000000000000334
6926001,7869,-9146,125267,12990,2802,124201,103,19229,422,0,61770,0.0010009999999995856
6927000,2806,6697,130398,408,-1812,132851,120,19223,491,1,61771,0.0009990000000001942
6928000,-474,9558,129648,-4785,2844,126246,112,19223,491,1,61772,0.001000000000000334
6929002,2094,11803,131321,456,-4849,134825,102,19229,459,1,61773,0.0010019999999997253
6930002,3627,383,131526,469,-3128,123869,102,19228,418,0,61774,0.001000000000000334
6931002,10879,-5468,126698,6069,-10345,127340,137,19222,561,0,61775,0.0009999999999994458
6932001,6318,-6846,130172,11149,-10216,134601,108,19229,442,0,61776,0.0009990000000001942
6933001,3354,-4159,127167,-13483,-4848,129968,110,19220,451,0,61777,0.001000000000000334
6934000,-105,7374,131450,-16269,11920,124582,149,19220,451,1,61778,0.000998999999999306
6935000,-3543,12008,132665,7364,7893,126047,113,19228,610,1,61779,0.001000000000000334
6936003,-6020,388,131754,-1124,-9724,133660,105,19231,463,1,61780,0.0010029999999998651
6937009,398,-13493,126484,-20447,-20085,133547,105,19228,430,0,61781,0.0010060000000002844
6938001,-1003,-5031,130131,4536,-3087,129001,121,19231,496,0,61782,0.000992000000000104
6939000,-417,7747,130259,2907,4096,124335,110,19230,451,0,61783,0.0009990000000001942
6940000,-9377,14766,133532,-18509,-3819,129916,121,19230,496,1,61784,0.0009999999999994458
6941000,-8145,-5091,129702,-12616,1194,134991,109,19222,496,1,61785,0.001000000000000334
6942000,-10817,4886,130712,-9449,5100,127745,105,19227,446,1,61786,0.0009999999999994458
6943000,-2663,13919,128183,-4422,9690,122131,105,19230,430,1,61787,0.001000000000000334
6944000,-5038,2771,128252,-7796,-12038,134304,127,19216,520,0,61788,0.001000000000000334
6945000,-4963,-7919,122998,-8488,-11836,129152,96,19231,393,0,61789,0.0009999999999994458
6946002,-673,3683,128257,-6303,4029,127067,104,19231,426,0,61790,0.0010020000000006135
6947000,-3477,4538,128143,-5755,4493,123521,141,19225,426,1,61791,0.0009980000000000544
6948000,-7776,17540,129085,-3731,24890,116328,116,19227,577,1,61792,0.0009999999999994458
6949000,-7674,1014,126497,-19653,-5626,133440,116,19228,475,1,61793,0.001000000000000334
6950001,1235,-2998,125002,1614,-4730,126045,102,19223,418,0,61794,0.0010009999999995856
6951000,-468,-1098,124248,4025,-2463,128204,124,19232,508,0,61795,0.0009990000000001942
6952000,1388,-2753,125086,-6619,1373,115563,109,19232,446,0,61796,0.001000000000000334
6953000,570,11724,127946,-4916,2005,127992,113,19227,446,0,61797,0.0009999999999994458
6954000,-3236,3337,125391,-1580,460,130202,138,19225,463,1,61798,0.001000000000000334
6955000,-1817,15883,126585,-1619,15464,115279,138,19232,565,1,61799,0.001000000000000334
6956000,544,8404,126285,690,1023,126846,102,19234,418,1,61800,0.0009999999999994458
6957001,8685,1456,124239,3979,-4634,126459,110,19227,451,0,61801,0.0010010000000004737
6958000,9318,-2293,125107,11166,-8973,128819,98,19230,401,0,61802,0.000998999999999306
6959000,6472,-1894,126030,6455,-4195,124716,114,19230,401,0,61803,0.001000000000000334
6960000,5479,3367,125013,-31,4723,118879,135,19224,467,1,61804,0.001000000000000334
6961000,-902,-2600,129053,3959,-691,128423,135,19226,553,1,61805,0.0009999999999994458
6962001,7102,5851,126822,-4005,3363,128190,114,19229,467,1,61806,0.0010010000000004737
6963000,6351,8263,123855,8652,7388,124557,99,19230,405,1,61807,0.0009990000000001942
6964000,9702,7838,127055,6551,4070,117095,153,19234,627,0,61808,0.0009999999999994458
6965000,13920,-7881,124992,6353,-18746,136608,105,19234,627,0,61809,0.001000000000000334
6966000,5175,-17866,127960,12546,-16555,135293,107,19230,430,0,61810,0.0009999999999994458
6967000,6315,9000,132527,-8974,7199,125787,107,19221,438,1,61811,0.001000000000000334
6968002,-4174,14620,130019,407,14488,117543,127,19229,520,1,61812,0.0010019999999997253
6969002,1955,5883,130210,7851,-1149,139618,106,19229,434,1,61813,0.001000000000000334
6970000,7545,-19271,124195,-3475,-23982,128342,112,19218,459,0,61814,0.0009980000000000544
6971001,7753,-3259,129331,10821,-6799,124329,97,19218,459,0,61815,0.0010009999999995856
6972000,7975,10102,129095,7988,3269,129653,106,19236,397,0,61816,0.0009990000000001942
6973000,618,-4316,131390,-11781,2560,135281,106,19229,434,0,61817,0.001000000000000334
6974001,655,-5228,134541,-8085,-8443,138496,123,19223,504,1,61818,0.0010009999999995856
6975003,-11481,4455,131638,5025,4195,116194,111,19228,455,1,61819,0.0010020000000006135
6976000,-5620,16108,130397,-14815,-289,127982,97,19228,397,1,61820,0.0009969999999999146
6977000,2857,-4824,129447,-11933,-12142,134217,139,19228,397,0,61821,0.0009999999999994458
6978000,3463,-5928,127865,6432,-1597,130204,108,19228,569,0,61822,0.001000000000000334
6979000,-1175,-473,131236,-14687,-901,128559,108,19226,442,0,61823,0.001000000000000334
6980000,-8876,2464,130899,-16043,5996,124957,114,19226,467,1,61824,0.0009999999999994458
6981000,-7094,9353,132223,-6945,1879,135083,140,19229,573,1,61825,0.001000000000000334
6982000,-11092,1705,128156,-8754,-1954,128704,112,19230,459,1,61826,0.0009999999999994458
6983000,-1838,4958,130061,-12453,6569,121914,105,19230,430,1,61827,0.001000000000000334
6984000,-5395,4867,125580,-7032,-9589,128735,135,19224,430,0,61828,0.001000000000000334
6985000,1635,3442,127419,-3300,-5228,126024,108,19233,553,0,61829,0.0009999999999994458
6986000,-1540,307,126790,-8363,-1406,133473,108,19227,442,0,61830,0.001000000000000334
6987000,-5953,4213,130010,-11583,4355,119103,122,19221,500,1,61831,0.001000000000000334
6988000,-8672,14318,127060,-10719,10779,125797,114,19228,467,1,61832,0.0009999999999994458
6989000,-4291,3617,127448,-6248,538,128434,104,19228,426,1,61833,0.001000000000000334
6990000,784,2588,124821,699,292,121040,130,19231,426,0,61834,0.0009999999999994458
6991000,-280,1209,123671,-5508,-3493,125642,102,19231,532,0,61835,0.001000000000000334
6992000,819,5313,125751,2316,655,120711,102,19227,418,0,61836,0.001000000000000334
6993000,576,4625,127326,-1480,-1340,130809,110,19228,451,0,61837,0.0009999999999994458
6994000,-1556,5805,126269,-7296,4937,125067,152,19228,623,1,61838,0.001000000000000334
6995000,29,9966,127283,-5373,11914,123827,107,19228,438,1,61839,0.001000000000000334
6996000,5868,8621,123757,2835,-1259,118275,97,19232,438,1,61840,0.0009999999999994458
6997000,10294,12767,124260,10053,-132,118481,95,19223,397,0,61841,0.001000000000000334
6998000,9693,-4943,123648,6660,-3159,133007,95,19229,389,0,61842,0.0009999999999994458
6999000,7240,-5381,125711,906,-8394,122994,115,19224,471,0,61843,0.001000000000000334
7000000,4623,5117,127045,7371,6354,127093,122,19220,500,1,61844,0.001000000000000334
7001000,1868,6655,127713,-3993,4313,124965,109,19229,446,1,61845,0.0009999999999994458
7002000,4741,7550,126966,6594,3747,125077,101,19229,446,1,61846,0.001000000000000334
7003000,8264,3974,126455,8664,-409,126121,118,19227,414,0,61847,0.001000000000000334
7004000,11306,921,127755,1129,-3719,121069,118,19222,483,0,61848,0.0009999999999994458
7005000,7487,-9122,127793,16056,-15875,133695,104,19227,426,0,61849,0.001000000000000334
7006002,4965,-6249,127476,1601,-3262,127464,110,19228,451,0,61850,0.0010019999999997253
7007000,2649,7976,129308,-11278,10463,134383,137,19229,561,1,61851,0.0009980000000000544
7008000,4869,15363,131611,7666,12639,118094,113,19229,561,1,61852,0.001000000000000334
7009002,2394,6427,128274,10800,30,126549,101,19230,463,1,61853,0.0010019999999997253
7010000,5676,-10598,127212,-7417,-15503,136631,101,19224,414,0,61854,0.0009980000000000544
7011000,6196,-19274,127424,12352,-16232,128876,142,19230,582,0,61855,0.001000000000000334
7012000,7192,3523,130193,17111,-1066,133009,105,19228,430,0,61856,0.0009999999999994458
7013000,-136,10681,131944,-25247,12758,115372,106,19222,434,1,61857,0.001000000000000334
7014000,-2420,11826,135548,-7516,3348,131718,132,19222,434,1,61858,0.0009999999999994458
7015000,-8589,-7007,129868,11382,-7026,139656,105,19230,541,1,61859,0.001000000000000334
7016000,-5583,-8950,126514,-21462,-11689,131574,105,19233,430,1,61860,0.001000000000000334
7017000,-1354,-1693,131051,-11046,-3877,124078,115,19222,471,0,61861,0.0009999999999994458
7018002,2306,4339,129165,6712,-375,127576,94,19230,385,0,61862,0.0010020000000006135
7019000,-4054,-625,131993,-6099,-4051,127619,108,19229,442,0,61863,0.0009979999999991662
7020000,-7330,3896,130625,-20418,-2960,129218,134,19229,442,1,61864,0.001000000000000334
7021000,-9804,3191,129146,-10341,6829,130191,117,19228,549,1,61865,0.001000000000000334
7022000,-9191,19656,131114,-2688,2337,124916,117,19227,479,1,61866,0.0009999999999994458
7023000,-1155,2865,129759,-14601,-8722,133197,102,19228,418,0,61867,0.001000000000000334
7024000,-5020,-13083,125480,-3746,-6945,128548,155,19226,635,0,61868,0.001000000000000334
7025000,-1339,-1276,126772,-8454,4808,121859,108,19228,442,0,61869,0.0009999999999994458
7026000,-924,10470,127697,-6415,9419,124212,107,19228,438,0,61870,0.001000000000000334
7027000,-5164,12188,128016,-8613,4729,124218,133,19226,438,1,61871,0.0009999999999994458
7028000,-7090,5031,125718,-16861,-2843,130659,114,19228,545,1,61872,0.001000000000000334
7029000,-4667,4386,128225,-4709,3404,122649,114,19235,467,1,61873,0.001000000000000334
7030000,379,8510,127006,10083,-6319,135649,114,19218,467,0,61874,0.0009999999999994458
7031001,-728,-3853,125301,-9464,-9874,120638,85,19230,348,0,61875,0.0010010000000004737
7032000,603,2294,123991,-9380,9331,121682,108,19230,442,0,61876,0.0009990000000001942
7033000,-1293,8440,128728,3383,10934,129427,124,19229,442,1,61877,0.0009999999999994458
7034000,-2024,11611,124264,-1628,3466,120991,115,19221,508,1,61878,0.001000000000000334
7035000,-1418,4499,126968,-5762,-1971,134589,115,19229,471,1,61879,0.0009999999999994458
7036000,3139,485,123866,3359,3434,116815,100,19231,410,0,61880,0.001000000000000334
7037000,10842,10165,126006,13007,-844,126053,133,19232,545,0,61881,0.001000000000000334
7038000,9967,-6179,122301,1312,-13772,129607,117,19232,479,0,61882,0.0009999999999994458
7039000,5332,1348,124404,1602,-5281,124710,115,19222,479,0,61883,0.001000000000000334
7040000,3936,3234,124895,370,4034,126540,136,19225,471,1,61884,0.001000000000000334
7041000,4655,20987,130239,4050,12742,116714,136,19229,557,1,61885,0.0009999999999994458
7042000,6278,1102,124465,17983,10401,137096,113,19232,463,1,61886,0.001000000000000334
7043000,8869,-4474,123869,-4332,-6403,116986,106,19222,434,0,61887,0.0009999999999994458
7044002,12485,-1343,124992,4341,-8492,132176,106,19222,434,0,61888,0.0010020000000006135
7045002,10132,-6331,128556,21140,-6607,131184,106,19229,434,0,61889,0.0009999999999994458
7046000,3419,-3317,130021,-4554,-6842,125520,114,19227,434,0,61890,0.0009980000000000544
7047000,1873,2169,132249,-7741,341,133469,114,19220,467,1,61891,0.001000000000000334
7048000,-1066,17111,129528,9017,10048,119181,109,19226,446,1,61892,0.001000000000000334
7049000,4752,7008,128577,3345,-2717,131422,105,19229,430,1,61893,0.0009999999999994458
7050000,6323,-6922,129692,-9453,-9571,129576,133,19223,545,0,61894,0.001000000000000334
7051000,8727,-7985,127379,15855,-6271,130256,100,19223,545,0,61895,0.0009999999999994458
7052000,4617,1290,130529,10936,-4623,134785,105,19229,410,0,61896,0.001000000000000334
7053000,-747,-4309,130348,-23192,-1408,126255,105,19226,430,1,61897,0.001000000000000334
7054002,-113,13522,133240,1827,13807,125737,147,19228,602,1,61898,0.0010019999999997253
7055000,-9384,5113,131382,3442,1265,126724,113,19230,463,1,61899,0.0009980000000000544
7056001,-289,-7839,129693,-18586,-14700,134074,103,19226,422,1,61900,0.0010009999999995856
7057000,-1559,-9856,128160,-3500,-12504,135017,119,19226,422,0,61901,0.0009990000000001942
7058000,2033,-1745,128581,6640,-622,122269,109,19230,487,0,61902,0.001000000000000334
7059000,-4951,12347,132056,-15033,7142,127745,109,19225,446,0,61903,0.0009999999999994458
7060000,-6266,-2647,130770,-15231,-8912,130832,119,19219,487,1,61904,0.001000000000000334
7061000,-8792,4780,131357,-2323,4915,132541,110,19232,451,1,61905,0.001000000000000334
7062000,-10016,5200,129796,-14502,2695,126174,107,19230,438,1,61906,0.0009999999999994458
7063000,-2883,7379,129108,-8710,3524,131436,124,19230,438,0,61907,0.001000000000000334
7064002,-4739,-10713,125443,-9054,-16066,134477,96,19216,508,0,61908,0.0010019999999997253
7065000,-580,-4433,126323,-6774,-7658,123519,96,19231,393,0,61909,0.0009980000000000544
7066000,-2733,19669,128974,-4859,17077,121390,101,19228,414,1,61910,0.001000000000000334
7067000,-5509,11173,127775,-12686,-2762,129465,137,19225,561,1,61911,0.0009999999999994458
7068000,-6338,-74,126225,-4832,2254,127607,119,19233,487,1,61912,0.001000000000000334
7069000,-4034,17270,127997,-13645,-124,115295,104,19233,487,1,61913,0.001000000000000334
7070000,1011,7205,123586,2251,-1106,128008,121,19225,426,0,61914,0.0009999999999994458
7071000,3187,-5800,126391,1139,-14130,130659,121,19232,496,0,61915,0.001000000000000334
7072000,4450,-7407,123185,-2725,-1038,125093,109,19231,446,0,61916,0.001000000000000334
7073000,-970,11570,127372,-1710,17658,120030,113,19219,463,1,61917,0.0009999999999994458
7074000,492,10916,126019,-10505,13412,123928,141,19226,577,1,61918,0.001000000000000334
7075000,-45,6325,124214,4742,3536,124518,107,19226,438,1,61919,0.0009999999999994458
7076000,3487,4503,124555,2043,-5572,126773,111,19230,438,0,61920,0.001000000000000334
7077000,9112,-5417,123214,7099,3031,120713,104,19224,455,0,61921,0.001000000000000334
7078000,8428,8336,127126,10970,-10313,127194,104,19227,426,0,61922,0.0009999999999994458
7079000,6786,-5343,125293,-3013,-11663,131922,117,19223,479,0,61923,0.001000000000000334
7080000,2971,4569,128747,2156,7787,122504,136,19225,557,1,61924,0.001000000000000334
7081000,1252,14390,130843,4438,4232,121361,113,19225,463,1,61925,0.0009999999999994458
7082000,4936,1929,125818,3364,-188,128071,100,19230,463,1,61926,0.001000000000000334
7083000,9685,-1299,127946,5720,-9600,128546,151,19229,410,0,61927,0.0009999999999994458
7084000,10275,-2063,125604,11473,-6035,126082,151,19233,618,0,61928,0.001000000000000334
7085000,11072,-4578,124520,12065,-3474,124056,103,19232,422,0,61929,0.001000000000000334
7086000,5885,3019,130308,-4966,2179,127428,105,19225,430,1,61930,0.0009999999999994458
7087000,3345,3572,128309,-1404,1869,129833,128,19225,524,1,61931,0.001000000000000334
7088000,660,9143,132003,3637,2059,131034,109,19225,524,1,61932,0.001000000000000334
7089007,1788,-4553,128068,-2937,3185,126981,109,19231,446,1,61933,0.001006999999999536
7090000,6913,-4809,128278,4151,-16927,131925,109,19219,446,0,61934,0.0009930000000002437
7091002,8784,-12128,127047,18453,-9713,130857,106,19232,434,0,61935,0.0010019999999997253
7092000,6734,-2068,129511,-3754,-550,131669,105,19230,430,0,61936,0.0009980000000000544
7093000,-1509,10888,132524,-15248,11033,118318,123,19222,504,1,61937,0.001000000000000334
7094001,-4042,12035,133040,-2885,2400,132980,113,19222,504,1,61938,0.0010009999999995856
7095000,-9580,-7331,130256,4374,-9776,134877,98,19229,463,1,61939,0.0009990000000001942
7096000,-5402,-10632,130305,-20761,-19650,129867,98,19230,401,0,61940,0.001000000000000334
7097000,1748,732,129953,-3683,1282,125428,139,19234,569,0,61941,0.0009999999999994458
7098000,1357,9498,131350,5696,3709,120855,105,19230,430,0,61942,0.001000000000000334
7099000,-1919,5840,130391,-15255,2665,126306,113,19224,463,0,61943,0.0009999999999994458
7100000,-7556,-2098,130023,-15272,-7983,135502,138,19224,463,1,61944,0.001000000000000334
7101000,-6246,224,128922,-12599,7677,128119,113,19225,565,1,61945,0.001000000000000334
7102002,-5944,14721,131730,-3622,7504,121915,113,19230,463,1,61946,0.0010019999999997253
7103000,-3044,-524,126956,-6847,-4870,131068,105,19224,430,0,61947,0.0009980000000000544
7104000,-4179,-9316,125585,-8437,-13183,133483,135,19228,553,0,61948,0.001000000000000334
7105000,-3706,-1823,125931,-5286,3031,121473,111,19230,455,0,61949,0.0009999999999994458
7106000,-1495,15493,128086,-7561,12387,121287,124,19230,455,1,61950,0.001000000000000334
7107000,-5745,10143,128106,-7671,6573,126693,114,19219,508,1,61951,0.0009999999999994458
7108000,-6800,1186,126612,-8777,-3257,132268,114,19228,467,1,61952,0.001000000000000334
7109000,-2425,-779,126036,-7265,-1145,125704,104,19235,426,1,61953,0.001000000000000334
7110000,802,6643,127474,2490,2381,125867,128,19236,524,0,61954,0.0009999999999994458
7111000,3640,642,123624,-1263,-2136,125125,102,19224,418,0,61955,0.001000000000000334
7112001,-252,2901,124324,-6114,-1690,125759,109,19224,418,0,61956,0.0010009999999995856
7113000,-1246,11518,128566,-7945,9255,120999,147,19227,446,1,61957,0.0009990000000001942
7114000,-1091,12451,124618,2096,7402,121740,147,19226,602,1,61958,0.001000000000000334
7115000,-1611,2965,125309,2637,-3625,133556,110,19232,451,1,61959,0.0009999999999994458
7116000,8359,9043,123374,-4619,1851,116362,97,19228,397,0,61960,0.001000000000000334
7117000,9237,4137,123301,11502,-2775,128723,104,19227,426,0,61961,0.001000000000000334
7118000,11491,-8152,126890,15231,-10019,125555,113,19227,463,0,61962,0.0009999999999994458
7119004,661,-5537,125517,1025,-1264,125634,121,19229,463,0,61963,0.0010040000000000049
7120012,4165,2143,129043,-1736,3359,130419,109,19219,496,1,61964,0.001008000000000564
7121000,3645,11243,128394,11011,12162,122783,109,19227,446,1,61965,0.0009879999999995448
7122000,4331,9924,125227,4353,-1453,126368,101,19233,414,1,61966,0.001000000000000334
7123000,9019,7812,126222,-2116,-10123,121022,115,19215,471,0,61967,0.0009999999999994458
7124000,8462,-7470,124247,17269,-16625,142198,96,19215,393,0,61968,0.001000000000000334
7125000,11578,-7460,130973,9208,-7411,119287,105,19230,393,0,61969,0.001000000000000334
7126001,2898,7105,128552,-12029,2790,124921,137,19229,430,1,61970,0.0010009999999995856
7127000,956,10601,133835,2609,6373,131415,137,19226,561,1,61971,0.0009990000000001942
7128000,1773,10883,129074,7701,-4625,127058,115,19230,471,1,61972,0.001000000000000334
7129002,2311,-4133,126961,-9400,-4250,132733,100,19220,410,1,61973,0.0010019999999997253
7130000,10593,-3820,130202,5877,-8786,122012,153,19220,627,0,61974,0.0009980000000000544
7131000,10897,-7151,129740,22532,-15299,135605,105,19233,627,0,61975,0.0009999999999994458
7132000,3451,-1184,130078,-19798,-684,127235,112,19224,430,0,61976,0.001000000000000334
7133000,2565,6784,131170,-15899,5961,131062,112,19224,459,1,61977,0.001000000000000334
7134000,-8349,5336,131583,15980,5653,125589,131,19230,537,1,61978,0.0009999999999994458
7135002,-6040,7216,130473,-17674,-450,127697,104,19235,426,1,61979,0.0010020000000006135
7136000,-1738,-12787,129457,-12544,-16042,145590,112,19223,459,0,61980,0.0009980000000000544
7137000,1951,-7958,128379,9576,-1869,119532,104,19223,459,0,61981,0.0009999999999994458
7138000,691,4553,129754,-5667,3511,128209,117,19228,426,0,61982,0.001000000000000334
7139000,-7601,642,131962,-16531,-3120,128003,117,19227,479,1,61983,0.0009999999999994458
7140000,-8462,639,130584,-12337,-2425,133318,142,19224,582,1,61984,0.001000000000000334
7141000,-10497,3614,129640,-8385,4232,136582,119,19229,487,1,61985,0.001000000000000334
7142000,-6280,15996,128807,-10357,11157,115469,100,19223,410,1,61986,0.0009999999999994458
7143001,-4078,1573,127329,-7094,-5119,132423,152,19223,410,0,61987,0.0010010000000004737
7144000,-3432,-7275,126293,-7316,-12114,128219,111,19227,623,0,61988,0.000998999999999306
7145000,1160,1049,127442,-6050,-2325,130370,111,19229,455,0,61989,0.001000000000000334
7146000,-5076,6737,128666,-5772,7443,122677,115,19224,471,1,61990,0.001000000000000334
7147000,-7636,16950,128022,-13925,13387,119564,133,19232,545,1,61991,0.0009999999999994458
7148001,-6762,2741,128854,-5157,-798,137233,113,19224,463,1,61992,0.0010010000000004737
7149002,-1750,-3890,123606,-1854,-2360,120426,112,19224,463,0,61993,0.0010009999999995856
7150000,1655,-967,125895,-3388,-3831,127248,95,19222,459,0,61994,0.0009980000000000544
7151000,1965,465,124500,1721,-2414,121171,95,19229,389,0,61995,0.001000000000000334
7152000,1310,834,123590,-5114,2209,127505,114,19227,467,0,61996,0.0009999999999994458
7153000,-1892,11338,126104,-6038,10214,127535,128,19220,524,1,61997,0.001000000000000334
7154000,-2775,12971,124842,540,11340,117689,114,19228,467,1,61998,0.001000000000000334
7155000,4028,6013,126313,-389,4164,128723,97,19228,467,1,61999,0.0009999999999994458
7156001,6771,123,123957,3380,-4819,123884,135,19231,397,0,62000,0.0010010000000004737
7157000,10223,-1671,123805,5466,-8190,128309,135,19232,553,0,62001,0.0009990000000001942
7158000,8072,-2176,124766,10536,-3429,118716,105,19228,430,0,62002,0.0009999999999994458
7159000,2408,-2343,126150,-116,-7848,135576,110,19225,451,1,62003,0.001000000000000334
7160000,2183,10253,128640,2160,6940,119582,137,19228,561,1,62004,0.0009999999999994458
7161000,879,7600,126822,-2427,2483,129354,111,19228,561,1,62005,0.001000000000000334
7162000,7490,-2159,128092,13353,-6030,127150,102,19232,455,1,62006,0.001000000000000334
7163000,9251,3411,124486,4789,-1953,117429,102,19220,418,0,62007,0.0009999999999994458
7164000,13961,-3601,124624,6087,-7870,136202,117,19236,479,0,62008,0.001000000000000334
7165000,10370,-6089,127459,17878,-950,124422,103,19230,422,0,62009,0.001000000000000334
7166002,4592,4980,129696,-7429,664,130242,112,19220,459,1,62010,0.0010019999999997253
7167000,-2349,4009,132294,2152,5417,128702,112,19220,459,1,62011,0.0009980000000000544
7168000,-2192,-2240,130220,3522,3075,129358,105,19232,459,1,62012,0.0009999999999994458
7169001,4502,-4449,128004,-662,-6701,128439,132,19228,430,0,62013,0.0010010000000004737
7170000,7768,-5204,125446,4828,-6999,124845,132,19225,541,0,62014,0.0009990000000001942
7171000,10493,483,130876,17902,4562,126637,101,19229,414,0,62015,0.0009999999999994458
7172000,4105,7987,128886,-14273,-6354,129016,101,19229,414,0,62016,0.001000000000000334
7173000,728,-1615,131761,-18591,-9352,139099,148,19229,606,1,62017,0.001000000000000334
7174000,-6589,852,134188,12379,1663,125829,113,19231,606,1,62018,0.0009999999999994458
7175000,-5364,4824,130455,-13838,-635,125843,100,19230,463,1,62019,0.001000000000000334
7176000,-1560,-7916,130084,-18628,-5975,137424,100,19224,410,0,62020,0.0009999999999994458
7177000,-1168,-9910,129410,9881,-12000,129360,129,19228,528,0,62021,0.001000000000000334
7178000,1507,7151,128618,-399,10760,121513,112,19229,459,0,62022,0.001000000000000334
7179000,-9048,11983,133021,-22673,3336,125785,120,19223,491,1,62023,0.0009999999999994458
7180000,-5828,2114,131362,-9118,3231,128578,120,19223,491,1,62024,0.001000000000000334
7181000,-8171,-4646,129501,-5407,-7120,138863,110,19228,491,1,62025,0.001000000000000334
7182000,-5857,3120,130720,-11864,4109,122238,110,19230,451,1,62026,0.0009999999999994458
7183000,-5080,2299,129081,-8229,3954,122953,124,19214,508,0,62027,0.001000000000000334
7184000,-4077,1816,125439,-9533,-5338,130243,91,19233,373,0,62028,0.0009999999999994458
7185000,428,-2115,127667,-813,-12970,134315,102,19227,418,0,62029,0.001000000000000334
7186000,-5092,1867,125268,-6075,1152,114269,137,19227,418,1,62030,0.001000000000000334
7187000,-7104,24564,131173,-13315,13411,117784,118,19229,561,1,62031,0.0009999999999994458
7188000,-7584,3039,128375,-2676,-6970,137114,118,19228,483,1,62032,0.001000000000000334
7189000,-1164,-1257,124011,-8460,679,119646,105,19225,430,0,62033,0.001000000000000334
7190001,-2449,5929,124817,-7564,837,127211,116,19231,475,0,62034,0.0010009999999995856
7191000,1595,5669,123565,9348,1201,118263,106,19228,434,0,62035,0.0009990000000001942
7192002,3096,7160,124590,-10245,-1207,128693,112,19228,434,0,62036,0.0010019999999997253
7193013,-234,-382,125493,-5896,347,127532,141,19225,459,1,62037,0.0010110000000000952
7194000,66,14328,127710,4442,10641,117919,141,19228,577,1,62038,0.0009870000000002932
7195000,2835,1167,125024,-2837,-2657,126905,107,19231,438,1,62039,0.0009999999999994458
7196000,7629,5797,124600,5989,755,122787,110,19227,451,0,62040,0.001000000000000334
7197001,7207,-2654,123445,7795,-10387,129775,93,19229,381,0,62041,0.0010009999999995856
7198000,7183,4306,124008,6903,5302,121132,110,19229,381,0,62042,0.0009990000000001942
7199001,6230,888,126432,3233,-5888,126376,134,19228,451,1,62043,0.0010010000000004737
7200000,1266,2158,127499,-280,6429,127023,134,19226,549,1,62044,0.000998999999999306
7201000,6575,10752,128189,1919,3873,123067,115,19232,471,1,62045,0.001000000000000334
7202000,5570,-4257,125843,11064,-7795,133585,98,19228,401,1,62046,0.001000000000000334
7203000,11353,2354,126017,2123,-1892,118492,150,19236,614,0,62047,0.0009999999999994458
7204000,8026,-706,128598,9322,-7701,134683,100,19236,614,0,62048,0.001000000000000334
7205000,7053,-7350,127123,7997,-11311,127809,104,19227,410,0,62049,0.001000000000000334
7206001,4934,3375,130703,-4416,13,129875,104,19227,426,1,62050,0.0010009999999995856
7207000,-3680,16557,131456,-864,12838,123344,126,19225,516,1,62051,0.0009990000000001942
7208000,4457,4941,128425,4603,-8815,129945,109,19229,446,1,62052,0.0009999999999994458
7209000,4325,-4058,130116,4439,-14271,133945,112,19220,459,0,62053,0.001000000000000334
7210000,11658,-5356,126852,333,-2555,120135,101,19220,414,0,62054,0.001000000000000334
7211000,8381,1119,129214,17596,-2794,134939,105,19231,414,0,62055,0.0009999999999994458
7212000,1637,-7237,129678,-4168,-2141,126114,122,19226,430,0,62056,0.001000000000000334
7213000,556,7119,131527,-11645,2910,129471,122,19221,500,1,62057,0.001000000000000334
7214001,-5355,2175,132594,6721,1901,132144,114,19228,467,1,62058,0.0010009999999995856
7215001,-4186,946,129824,-11242,-2030,130601,99,19230,405,1,62059,0.001000000000000334
7216000,-1996,-6303,127462,-16098,-11169,131005,141,19230,577,0,62060,0.000998999999999306
7217000,-514,2018,129988,7944,-878,124600,105,19227,577,0,62061,0.001000000000000334
7218001,1559,2399,129406,-2646,-3842,131050,109,19226,430,0,62062,0.0010010000000004737
7219000,-8548,6521,134129,-20167,3368,125336,109,19224,446,1,62063,0.000998999999999306
7220000,-10432,2977,129950,-6243,3121,133010,137,19227,561,1,62064,0.001000000000000334
7221000,-10722,753,131134,-7774,1069,131856,114,19230,467,1,62065,0.001000000000000334
7222000,-2208,9961,129175,-11980,7627,120907,107,19230,438,1,62066,0.0009999999999994458
7223000,-5830,-6564,125308,-14024,-11466,134743,141,19222,438,0,62067,0.001000000000000334
7224003,156,-2915,127680,-2302,1779,120102,103,19234,577,0,62068,0.0010029999999998651
7225000,-2734,10904,128180,-4780,4306,125662,103,19235,422,0,62069,0.0009969999999999146
7226000,-4721,2068,127322,-12449,-934,129431,119,19220,487,1,62070,0.001000000000000334
7227000,-8168,10775,127963,-7551,4993,127312,115,19227,471,1,62071,0.0009999999999994458
7228000,-6598,4268,125489,-11933,1750,127205,104,19230,426,1,62072,0.001000000000000334
7229000,2012,13120,127807,3557,6985,118857,132,19230,426,0,62073,0.001000000000000334
7230000,-141,-4263,123113,-1866,-8342,136386,109,19228,541,0,62074,0.0009999999999994458
7231000,2564,-6836,124042,-7835,1143,118957,109,19228,446,0,62075,0.001000000000000334
7232000,-1643,7766,125139,-771,3803,122983,112,19223,459,0,62076,0.0009999999999994458
7233002,-1192,10362,127441,-6904,8042,125836,151,19228,618,1,62077,0.0010020000000006135
7234000,-822,14822,126839,-2695,-1241,123982,112,19235,459,1,62078,0.0009980000000000544
7235000,1285,-1718,124447,5534,-5641,134932,98,19235,459,1,62079,0.0009999999999994458
7236000,7769,6538,123674,-686,5906,113737,102,19232,401,0,62080,0.001000000000000334
7237000,10878,6223,123951,10908,-5343,126505,102,19233,418,0,62081,0.001000000000000334
7238000,9138,-3155,124363,10048,-7632,128181,109,19226,446,0,62082,0.0009999999999994458
7239000,6160,-3747,126881,-6436,-5942,128701,120,19221,491,1,62083,0.001000000000000334
7240000,2339,14685,129942,3442,20747,123715,111,19225,455,1,62084,0.0009999999999994458
7241000,2966,9180,125890,11144,4353,125166,104,19225,455,1,62085,0.001000000000000334
7242000,9507,-3103,124405,2151,-6285,136975,116,19232,426,0,62086,0.001000000000000334
7243000,12278,4989,125409,733,1243,115665,116,19221,475,0,62087,0.0009999999999994458
7244000,11679,-1276,127234,14740,-5909,130571,97,19233,397,0,62088,0.001000000000000334
7245000,7513,-6462,129607,6870,-8038,129188,105,19228,430,0,62089,0.001000000000000334
7246000,1857,-6678,127941,-7533,-10899,134135,138,19228,565,1,62090,0.0009999999999994458
7247000,-552,15794,131510,3027,15397,123576,114,19228,565,1,62091,0.001000000000000334
7248000,2107,14208,130643,-1094,4850,125178,97,19229,467,1,62092,0.0009999999999994458
7249000,5945,-145,130288,377,-2194,131941,97,19221,397,0,62093,0.001000000000000334
7250000,6936,-13295,127210,4416,-16297,130942,155,19233,635,0,62094,0.001000000000000334
7251000,6317,-6604,130686,13319,-13760,130869,107,19232,438,0,62095,0.0009999999999994458
7252001,2347,5344,130833,-13118,5126,120207,114,19221,467,1,62096,0.0010010000000004737
7253000,-556,14547,134370,-16447,10013,133401,133,19221,467,1,62097,0.0009990000000001942
7254000,-5991,15154,132843,12884,12180,123068,103,19227,545,1,62098,0.0009999999999994458
7255000,-5656,-9902,125964,-16432,-20318,140306,103,19232,422,1,62099,0.001000000000000334
7256000,64,-12509,131823,-13970,-6108,130395,109,19226,446,0,62100,0.0009999999999994458
7257000,4236,2125,128381,11771,2208,119823,94,19229,385,0,62101,0.001000000000000334
7258000,-253,3815,129314,-4151,6529,131712,112,19227,459,0,62102,0.001000000000000334
7259000,-5971,-1118,130115,-17008,1774,127781,140,19227,573,1,62103,0.0009999999999994458
7260000,-7847,2706,128961,-7127,7354,130821,118,19224,573,1,62104,0.001000000000000334
7261000,-10409,8079,129507,-8147,9802,123677,100,19225,483,1,62105,0.0009999999999994458
7262002,-4032,7556,131106,-7153,3489,124385,100,19224,410,0,62106,0.0010020000000006135
7263000,-4740,-9680,125833,-10212,-14221,134894,152,19230,623,0,62107,0.0009980000000000544
7264000,-3192,-6824,126307,-3922,1890,123747,105,19228,430,0,62108,0.0009999999999994458
7265000,-686,3808,128407,-5135,7167,125755,111,19228,455,0,62109,0.001000000000000334
7266000,-3898,12417,127391,-11485,12090,120359,131,19224,455,1,62110,0.001000000000000334
7267000,-8722,11235,127382,-21923,-405,129904,112,19229,537,1,62111,0.0009999999999994458
7268000,-2153,2588,128090,4294,-4288,130350,112,19228,459,1,62112,0.001000000000000334
7269000,-1473,7400,125657,7277,3750,117803,110,19220,451,0,62113,0.0009999999999994458
7270000,-1352,-3035,125970,-9922,-9587,130170,84,19229,344,0,62114,0.001000000000000334
7271000,-783,-4428,124104,-3934,-3642,125297,111,19233,455,0,62115,0.001000000000000334
7272001,1776,8649,126786,525,9362,124083,127,19233,455,1,62116,0.0010009999999995856
7273000,-2701,13886,126583,890,13570,119461,114,19219,520,1,62117,0.0009990000000001942
7274000,-2133,14437,126603,-4728,12001,118947,114,19228,467,1,62118,0.001000000000000334
7275000,5409,-6393,123364,-1564,-2796,133347,98,19229,401,0,62119,0.0009999999999994458
7276000,12372,-4322,123898,12131,-1414,123466,136,19234,557,0,62120,0.001000000000000334
7277001,10951,-8177,123661,8121,-3165,124926,110,19228,451,0,62121,0.0010009999999995856
7278000,6025,2205,125125,-3222,-7964,124229,114,19228,451,0,62122,0.0009990000000001942
7279001,1663,-4423,125852,5681,-11234,135581,144,19225,467,1,62123,0.0010010000000004737
7280000,3136,6306,128214,-749,10493,121260,144,19232,590,1,62124,0.000998999999999306
7281001,4490,21830,130342,10340,7986,119880,112,19231,459,1,62125,0.0010010000000004737
7282000,9016,3918,125020,4669,-1553,125115,103,19223,422,0,62126,0.0009990000000001942
7283001,9408,-1571,126533,605,-9310,127681,117,19236,479,0,62127,0.0010009999999995856
7284000,10885,-22113,125247,18891,-19326,140613,106,19236,479,0,62128,0.0009990000000001942
7285000,5122,-3582,128499,1008,548,122566,117,19228,434,0,62129,0.0009999999999994458
7286000,-1380,9863,131437,-10828,7248,127639,117,19222,479,1,62130,0.001000000000000334
7287000,3122,9135,129020,8545,5307,123773,111,19227,455,1,62131,0.001000000000000334
7288000,1632,1915,129206,1008,-8682,130694,102,19231,418,1,62132,0.0009999999999994458
7289000,9513,-8462,126183,-1338,-4842,125581,130,19230,532,0,62133,0.001000000000000334
7290000,9821,-617,131817,15244,-6959,125852,99,19230,532,0,62134,0.001000000000000334
7291000,3744,-12796,128111,9908,-19980,143280,106,19231,405,0,62135,0.0009999999999994458
7292000,-1559,464,131124,-23444,4120,121843,106,19224,434,1,62136,0.001000000000000334
7293000,-6267,7957,134837,-2407,3361,129848,149,19226,610,1,62137,0.0009999999999994458
7294000,-7982,492,128691,7125,2175,124955,112,19231,459,1,62138,0.001000000000000334
7295002,-2244,790,129462,-24067,-6330,129620,100,19227,410,0,62139,0.0010019999999997253
7296000,386,-16828,126231,-248,-20820,140219,124,19227,410,0,62140,0.0009980000000000544
7297000,4012,9893,129409,10752,9448,115694,108,19230,508,0,62141,0.001000000000000334
7298000,-6712,4938,132356,-19482,-3904,132456,108,19227,442,0,62142,0.001000000000000334
7299000,-5665,3599,131964,-14418,3705,129635,117,19222,479,1,62143,0.0009999999999994458
7300000,-9697,4136,130904,-5617,-88,135133,117,19233,479,1,62144,0.001000000000000334
7301000,-8878,18787,127478,-13182,20021,109161,103,19236,422,1,62145,0.0009999999999994458
7302000,-1226,7403,128794,-8239,-13500,139616,120,19236,491,0,62146,0.001000000000000334
7303000,-2451,-15647,124106,-5318,-14487,130452,93,19216,491,0,62147,0.001000000000000334
7304001,858,2490,127192,-7132,6352,124926,104,19231,381,0,62148,0.0010009999999995856
7305000,-6045,1280,127796,-10928,6040,123750,104,19227,426,1,62149,0.0009990000000001942
7306000,-5650,17123,128546,-9952,12850,120715,136,19229,557,1,62150,0.001000000000000334
7307000,-6548,3721,126078,-3777,-10420,139277,117,19227,479,1,62151,0.0009999999999994458
7308000,-3941,-2480,124981,-5385,7909,117955,102,19227,418,1,62152,0.001000000000000334
7309001,1533,14948,127049,-9543,6003,120426,117,19224,418,0,62153,0.0010009999999995856
7310000,2692,5111,126091,4969,-7371,128132,112,19232,479,0,62154,0.0009990000000001942
7311000,3384,-7890,124309,-2296,-13551,134347,112,19225,459,0,62155,0.001000000000000334
7312000,-3554,-595,126993,-5142,-4374,123907,116,19224,475,1,62156,0.0009999999999994458
7313002,-5406,27715,127513,-1497,25173,111956,137,19228,561,1,62157,0.0010020000000006135
7314001,2537,15519,127069,2653,668,130247,103,19228,422,1,62158,0.000998999999999306
7315002,6943,-3391,122922,-887,-3837,123846,110,19234,422,0,62159,0.0010010000000004737
7316002,12826,748,122865,-547,-7136,122404,102,19225,451,0,62160,0.0009999999999994458
7317000,7522,-2385,124159,19863,-913,124079,102,19226,418,0,62161,0.0009980000000000544
7318000,7408,4288,128634,2725,-5956,127025,114,19228,467,0,62162,0.001000000000000334
7319000,2638,-5583,125570,-12702,-3227,131856,133,19228,545,1,62163,0.001000000000000334
7320002,3323,14145,130881,10003,16467,119945,111,19231,455,1,62164,0.0010019999999997253
7321000,4668,12533,126499,12757,-3887,126560,99,19231,455,1,62165,0.0009980000000000544
7322000,8634,145,124297,-5015,-3640,123970,150,19229,405,0,62166,0.001000000000000334
7323000,8817,-4385,129752,13371,-15747,136815,150,19232,614,0,62167,0.0009999999999994458
7324000,10166,-22320,123631,13145,-7552,131166,105,19229,430,0,62168,0.001000000000000334
7325000,3887,15807,133134,-4777,8167,117222,103,19224,422,1,62169,0.0009999999999994458
7326000,-238,7309,129363,-891,5854,133013,125,19232,512,1,62170,0.001000000000000334
7327000,816,5279,130113,3200,2917,129088,109,19232,512,1,62171,0.001000000000000334
7328000,2464,1639,130489,-2020,-11311,127261,110,19231,446,1,62172,0.0009999999999994458
7329000,7996,-8849,126951,442,-15459,132480,110,19220,451,0,62173,0.001000000000000334
7330000,8531,-3348,131278,18639,-4094,125392,117,19227,479,0,62174,0.001000000000000334
7331000,4966,700,128430,-7228,-4612,131411,110,19228,451,0,62175,0.0009999999999994458
7332000,823,6930,131510,-18792,5996,121190,123,19219,504,1,62176,0.001000000000000334
7333001,-6629,12785,134673,646,2083,133623,113,19219,504,1,62177,0.0010009999999995856
7334000,-4461,-3831,129716,-431,-6597,129623,102,19230,463,1,62178,0.0009990000000001942
7335000,-5213,-6123,129603,-14495,-12674,132924,102,19227,418,0,62179,0.001000000000000334
7336000,2283,-9051,127928,-10044,-7134,137677,136,19227,557,0,62180,0.0009999999999994458
7337000,2190,4206,128851,8434,3064,112936,104,19229,426,0,62181,0.001000000000000334
7338000,-4614,8717,131428,-14090,4115,127919,109,19224,446,0,62182,0.001000000000000334
7339000,-7649,-665,130028,-21008,-2381,136792,143,19224,446,1,62183,0.0009999999999994458
7340000,-7482,-2379,129534,-3604,-2844,131085,114,19229,586,1,62184,0.001000000000000334
7341000,-4281,9351,130133,-7722,8082,130305,114,19229,467,1,62185,0.0009999999999994458
7342001,-4094,6621,127003,-7703,3464,119981,107,19222,438,0,62186,0.0010010000000004737
7343000,-2724,-3765,126150,-8624,-10010,134049,138,19238,565,0,62187,0.0009990000000001942
7344000,-341,-4517,125786,-2364,-5274,128708,99,19236,405,0,62188,0.0009999999999994458
7345000,-2576,16620,128870,-7450,16004,119906,117,19236,479,1,62189,0.001000000000000334
7346000,-7374,14583,129054,-12115,10410,124431,114,19224,479,1,62190,0.001000000000000334
7347002,-6192,2544,127168,-9878,791,129520,114,19225,467,1,62191,0.0010019999999997253
7348000,687,-3507,127737,-4278,-7042,128579,107,19230,438,1,62192,0.0009980000000000544
7349000,366,-1111,122935,4444,555,120564,133,19231,545,0,62193,0.0009999999999994458
7350000,2187,3398,126191,-6863,-535,129482,105,19227,430,0,62194,0.001000000000000334
7351000,892,-2980,123893,-6321,6486,121232,110,19227,451,0,62195,0.001000000000000334
7352000,-2427,5813,128134,686,10268,127009,149,19226,451,1,62196,0.0009999999999994458
7353000,-2602,11727,126345,-974,7398,121426,114,19227,610,1,62197,0.001000000000000334
7354000,-1765,8541,124801,5463,2305,124963,114,19234,467,1,62198,0.001000000000000334
7355000,7932,3024,123743,-3988,-3179,127263,100,19228,410,0,62199,0.0009999999999994458
7356000,9228,997,124840,20298,799,120356,103,19230,422,0,62200,0.001000000000000334
7357000,8689,-2115,125139,7443,-5331,129438,115,19230,471,0,62201,0.0009999999999994458
7358000,3677,-6541,124441,-8175,-1506,125591,121,19229,471,0,62202,0.001000000000000334
7359000,737,3157,128239,6350,5209,128221,106,19220,496,1,62203,0.001000000000000334
7360000,8190,12490,130713,3939,3051,119586,106,19230,434,1,62204,0.0009999999999994458
7361001,3892,5384,124947,-383,472,126217,104,19240,426,1,62205,0.0010010000000004737
7362000,10740,3106,129644,5929,-2220,128756,119,19227,487,0,62206,0.0009990000000001942
7363000,10145,-341,124725,16352,-13388,125819,98,19229,401,0,62207,0.0009999999999994458
7364000,6164,-10616,126911,5640,-6777,133854,105,19229,401,0,62208,0.001000000000000334
7365001,2549,851,132141,-16988,5248,124288,133,19229,430,1,62209,0.0010009999999995856
7366000,2216,8770,129266,8073,18137,124450,133,19224,545,1,62210,0.0009990000000001942
7367000,1943,9431,130746,7678,1685,133573,113,19227,463,1,62211,0.001000000000000334
7368000,2164,-9346,124967,-8287,-4680,123758,102,19228,418,1,62212,0.0009999999999994458
7369000,11416,-10133,127859,10571,-7555,128570,153,19232,627,0,62213,0.001000000000000334
7370000,10169,-3715,130254,20059,-10166,134543,106,19232,627,0,62214,0.001000000000000334
7371000,165,-12918,128737,-12696,2159,128583,109,19228,434,0,62215,0.0009999999999994458
7372001,2326,14226,133693,-19335,3446,124733,109,19224,446,1,62216,0.0010010000000004737
7373000,-10558,2829,129906,8364,-1700,130934,134,19226,549,1,62217,0.000998999999999306
7374000,-5675,237,130464,-9065,-4807,132377,103,19231,422,1,62218,0.001000000000000334
7375002,-4546,-3926,129845,-13208,-15430,132899,113,19222,463,0,62219,0.0010019999999997253
7376003,978,-1324,127972,2688,-710,126465,91,19222,463,0,62220,0.0010010000000004737
7377001,219,5060,131752,-1846,4221,126278,110,19228,373,0,62221,0.0009980000000000544
7378001,-4752,-2079,129523,-13069,-7199,129429,110,19227,451,1,62222,0.0009999999999994458
7379000,-8418,2484,130062,-14069,-602,131773,136,19223,557,1,62223,0.0009990000000001942
7380000,-12455,6979,129738,-10900,10895,125930,117,19232,479,1,62224,0.001000000000000334
7381001,-2263,11238,130506,-9808,7846,121829,100,19227,410,1,62225,0.0010009999999995856
7382000,-5743,-1592,126261,-4712,-7740,129012,150,19227,410,0,62226,0.0009990000000001942
7383001,-2703,-9460,124920,-4566,-5859,128484,107,19226,614,0,62227,0.0010009999999995856
7384000,-573,3523,128885,-7775,-3976,125017,107,19231,438,0,62228,0.0009990000000001942
7385000,-3938,1485,126621,-6460,630,130369,110,19225,451,1,62229,0.001000000000000334
7386000,-6744,14999,129694,-8206,10650,120552,134,19229,549,1,62230,0.0009999999999994458
7387000,-10994,3660,128879,-11579,-2382,127989,113,19232,463,1,62231,0.001000000000000334
7388000,2920,1775,125696,-1741,-1,127121,109,19232,463,0,62232,0.001000000000000334
7389000,-1172,-3722,125177,1694,-8741,127690,82,19221,446,0,62233,0.0009999999999994458
7390000,3956,2135,123525,-1876,134,125277,82,19230,336,0,62234,0.001000000000000334
7391000,1667,10443,125544,-8054,6048,119909,109,19228,446,0,62235,0.001000000000000334
7392000,-1851,7277,124446,-454,4871,129818,127,19219,520,1,62236,0.0009999999999994458
7393000,-1110,10809,128326,-1383,7017,124367,113,19231,463,1,62237,0.001000000000000334
7394000,463,5348,125437,-1945,1610,128781,97,19231,397,1,62238,0.0009999999999994458
7395000,8562,15336,126236,7502,13124,117343,132,19231,397,0,62239,0.001000000000000334
7396000,6503,-4968,123540,4747,-15105,132689,111,19234,541,0,62240,0.001000000000000334
7397001,9053,-10783,126259,8250,-6976,128187,111,19224,455,0,62241,0.0010009999999995856
7398000,3713,2711,127327,3481,6963,124689,116,19225,475,1,62242,0.0009990000000001942
7399001,127,9669,129438,-2610,13341,120540,137,19229,561,1,62243,0.0010009999999995856
7400000,4704,14835,128784,1480,-2687,126918,109,19229,446,1,62244,0.0009990000000001942
7401001,6315,-6379,123474,10037,-4987,131223,100,19231,446,1,62245,0.0010010000000004737
7402000,13201,-5296,124297,744,1743,121598,113,19224,410,0,62246,0.000998999999999306
7403000,11101,4107,128437,14088,-7721,128853,113,19235,463,0,62247,0.001000000000000334
7404000,8411,-1299,125888,4530,-7882,130538,109,19234,446,0,62248,0.001000000000000334
7405000,2604,1400,130423,-6664,-2580,131308,118,19221,483,1,62249,0.0009999999999994458
7406000,-2819,4297,130488,4015,-2452,131315,110,19229,451,1,62250,0.001000000000000334
7407001,1036,15356,128651,2999,8763,121914,99,19229,451,1,62251,0.0010009999999995856
7408000,3913,2801,128936,-499,-10334,131039,127,19231,405,0,62252,0.0009990000000001942
7409000,12524,-12337,125359,5050,-14417,126752,127,19224,520,0,62253,0.001000000000000334
7410000,8631,2109,129976,14720,4942,127548,101,19230,414,0,62254,0.0009999999999994458
7411000,1472,-4084,127453,-11859,-499,129798,107,19229,438,0,62255,0.001000000000000334
7412000,1908,6766,133488,-12710,1526,126941,145,19226,594,1,62256,0.001000000000000334
7413000,-8272,4345,132274,6979,-3089,132765,112,19226,594,1,62257,0.0009999999999994458
7414000,-4392,-952,131835,-11717,-5559,127937,98,19227,459,1,62258,0.001000000000000334
7415000,-2681,-6640,129951,-13042,-12561,133079,98,19227,401,0,62259,0.001000000000000334
7416000,1030,-8108,128439,9065,-9944,129829,119,19229,487,0,62260,0.0009999999999994458
7417000,-826,11133,130509,-5529,8121,121412,110,19231,451,0,62261,0.001000000000000334
7418000,-7228,4496,132480,-20014,-354,131734,119,19220,487,1,62262,0.0009999999999994458
7419000,-8780,9972,131380,-6947,1306,127147,116,19220,487,1,62263,0.001000000000000334
7420000,-10259,-652,128711,-3947,-6034,133960,105,19229,475,1,62264,0.001000000000000334
7421000,-4939,3687,129808,-14829,5642,124020,105,19232,430,1,62265,0.0009999999999994458
7422000,-3295,4055,128662,-7522,-5137,126142,122,19217,500,0,62266,0.001000000000000334
7423002,-1993,-5054,124790,-1280,-5718,130507,93,19239,381,0,62267,0.0010019999999997253
7424000,-1221,4337,130058,-9189,-1703,127066,105,19228,430,0,62268,0.0009980000000000544
7425000,-5820,1538,125427,-9215,2208,123657,137,19228,430,1,62269,0.001000000000000334
7426002,-5811,21392,130216,-11126,14164,121388,117,19226,561,1,62270,0.0010019999999997253
7427000,-7013,912,125917,-6714,-3922,136326,117,19236,479,1,62271,0.0009980000000000544
7428000,-742,4657,124795,-374,3330,119132,101,19224,414,0,62272,0.001000000000000334
7429001,-935,6406,124538,-13355,3630,125055,122,19231,500,0,62273,0.0010009999999995856
7430000,3279,-2899,123464,2636,-2514,127340,109,19228,446,0,62274,0.0009990000000001942
7431000,3002,-918,126521,2513,-6934,126858,114,19228,446,0,62275,0.001000000000000334
7432007,-1815,6587,125832,-4388,4164,124064,136,19221,467,1,62276,0.001006999999999536
7433000,-4459,17592,129855,-8791,13392,119953,136,19224,557,1,62277,0.0009930000000002437
7434000,3410,2115,125539,-2961,-5776,127718,105,19232,430,1,62278,0.0009999999999994458
7435000,7880,5325,123763,8095,2848,125655,108,19224,442,0,62279,0.001000000000000334
7436000,9100,-1047,123211,5749,-5085,120632,93,19226,381,0,62280,0.001000000000000334
7437000,5047,1310,125257,10125,-2223,122114,112,19226,459,0,62281,0.0009999999999994458
7438000,7173,3061,126003,-1867,-1782,133339,133,19227,459,1,62282,0.001000000000000334
7439004,2193,8691,127852,-1870,10081,120225,114,19222,545,1,62283,0.0010040000000000049
7440002,4527,15895,129915,8086,11863,127075,114,19230,467,1,62284,0.0009980000000000544
7441000,9278,-292,124363,6101,-4536,123281,97,19230,397,1,62285,0.0009980000000000544
7442000,11489,-809,127309,269,-3598,131543,145,19230,594,0,62286,0.0009999999999994458
7443000,13810,-7609,124883,15156,-9435,127400,103,19230,422,0,62287,0.001000000000000334
7444000,7792,2255,127600,12426,-1390,126828,105,19229,422,0,62288,0.001000000000000334
7445000,5671,5622,132642,-9789,8173,127262,126,19225,430,1,62289,0.0009999999999994458
7446000,-798,3316,130801,2807,2181,130086,126,19232,516,1,62290,0.001000000000000334
7447000,-237,12719,130300,6091,-5119,120910,109,19230,446,1,62291,0.001000000000000334
7448002,6266,2804,127523,-5886,-9169,130202,108,19223,442,0,62292,0.0010019999999997253
7449000,10533,-13457,129540,18413,-10589,130901,113,19223,463,0,62293,0.0009980000000000544
7450003,8887,193,131208,10791,-6067,133385,105,19231,463,0,62294,0.0010029999999998651
7451000,-1809,-5733,129606,-21557,-3639,125247,121,19227,430,0,62295,0.0009969999999999146
7452000,-1665,11228,133515,-9577,16057,124410,121,19219,496,1,62296,0.001000000000000334
7453000,-5364,5696,131920,6175,-1041,132916,110,19231,451,1,62297,0.0009999999999994458
7454000,-4543,-1465,131739,-10303,-10234,126025,98,19228,401,1,62298,0.001000000000000334
7455000,297,-12469,125804,-14675,-8828,132091,133,19229,545,0,62299,0.001000000000000334
7456000,-206,5037,130188,6150,6425,125702,105,19229,545,0,62300,0.0009999999999994458
7457000,5016,25,125899,-3475,8931,121238,111,19230,430,0,62301,0.001000000000000334
7458000,-7684,2806,132796,-26001,-1541,138355,111,19224,455,1,62302,0.0009999999999994458
7459000,-8863,-1555,129471,-7097,4144,124240,150,19231,614,1,62303,0.001000000000000334
7460000,-11429,13307,131176,-5975,6929,128636,114,19230,467,1,62304,0.001000000000000334
7461000,-2605,3926,130167,-10131,-1159,128266,107,19226,438,1,62305,0.0009999999999994458
7462000,-5674,-4423,125802,-2858,-3848,128347,151,19226,438,0,62306,0.001000000000000334
7463002,-4082,-9449,125544,-11659,-4177,126714,107,19234,618,0,62307,0.0010019999999997253
7464000,-2545,12828,128877,-5277,13501,116503,107,19228,438,0,62308,0.0009980000000000544
7465000,-8160,3038,127912,-8967,975,135532,117,19221,479,1,62309,0.001000000000000334
7466000,-4773,5021,129566,-10043,-1302,119877,110,19229,451,1,62310,0.0009999999999994458
7467000,-10075,2148,126246,-6621,2567,130569,106,19232,434,1,62311,0.001000000000000334
7468001,1715,5028,127684,-4902,916,121321,129,19232,434,0,62312,0.0010009999999995856
7469003,-497,8885,123556,4782,-779,120696,103,19222,528,0,62313,0.0010020000000006135
7470000,1392,-4746,124068,-4248,-8773,134449,103,19230,422,0,62314,0.0009969999999999146
7471000,-1492,4467,125279,-6238,10070,116882,112,19222,459,0,62315,0.001000000000000334
7472000,-1742,12470,127369,1363,9286,125860,145,19224,594,1,62316,0.0009999999999994458
7473000,140,9239,123820,-5210,11203,123314,113,19231,463,1,62317,0.001000000000000334
7474000,3390,1690,123192,954,3298,125647,99,19231,463,1,62318,0.0009999999999994458
7475000,9227,358,122745,4446,-3594,120785,113,19227,405,0,62319,0.001000000000000334
7476000,10299,-363,123239,10736,-8962,125292,113,19231,463,0,62320,0.001000000000000334
7477000,2241,-12686,125314,14326,-12814,133306,118,19228,483,0,62321,0.0009999999999994458
7478000,6492,-2590,129184,-8620,-10474,124279,118,19223,483,1,62322,0.001000000000000334
7479000,3477,7757,128141,-661,6424,126995,115,19229,471,1,62323,0.001000000000000334
7480000,4842,21906,131247,18484,13458,120550,104,19229,426,1,62324,0.0009999999999994458
7481002,4473,950,123271,-946,-4636,124454,119,19232,426,0,62325,0.0010019999999997253
7482000,10277,-5596,127865,-1588,-7074,132701,106,19218,487,0,62326,0.0009980000000000544
7483000,8433,-17716,124438,20637,-18061,134088,106,19228,434,0,62327,0.001000000000000334
7484000,8323,2442,128628,1219,199,123722,109,19226,446,0,62328,0.001000000000000334
7485000,2865,10793,130398,-7896,5286,128324,132,19223,541,1,62329,0.0009999999999994458
7486000,1955,15353,127871,6356,13749,124533,113,19223,463,1,62330,0.001000000000000334
7487000,2910,5962,129486,5073,704,132539,103,19229,463,1,62331,0.001000000000000334
7488000,6582,-10486,127675,-3772,-15202,133738,158,19227,422,0,62332,0.0009999999999994458
7489000,12390,3084,130175,15152,2403,121685,158,19231,647,0,62333,0.001000000000000334
7490002,1530,-5425,130064,9566,-14687,136285,112,19231,459,0,62334,0.0010019999999997253
7491005,5864,-5515,133757,-23623,9542,128155,110,19227,451,1,62335,0.0010029999999998651
7492000,-5609,7722,132536,5504,8266,128198,136,19227,557,1,62336,0.0009950000000005232
7493002,-9053,3281,130564,2329,7928,125709,105,19228,557,1,62337,0.0010019999999997253
7494000,-5099,3177,128975,-23950,-11124,131821,111,19235,430,1,62338,0.0009980000000000544
7495000,451,-14485,129097,10420,-12625,137049,111,19217,455,0,62339,0.0009999999999994458
7496000,5337,-212,130288,800,-1337,124227,87,19230,356,0,62340,0.001000000000000334
7497000,-7757,3819,132507,-23730,-1322,130463,106,19228,434,0,62341,0.001000000000000334
7498000,-4789,10695,130543,-9238,-3073,131650,129,19228,528,1,62342,0.0009999999999994458
7499000,-11439,2252,128457,-7833,5296,129604,116,19224,528,1,62343,0.001000000000000334
7500000,-9199,11420,130714,-13086,1617,127722,99,19228,475,1,62344,0.001000000000000334
7501000,-3812,18315,128114,-4963,-800,117794,99,19227,405,0,62345,0.0009999999999994458
7502000,-4620,-8605,123722,-10188,-11529,136763,148,19224,606,0,62346,0.001000000000000334
7503001,2443,-3192,128304,-2761,-2202,122842,105,19231,430,0,62347,0.0010009999999995856
7504000,-1928,4824,125093,-5570,5747,127332,107,19225,438,0,62348,0.0009990000000001942
7505000,-4902,9727,127002,-13353,8242,121920,136,19225,438,1,62349,0.001000000000000334
7506000,-6824,14025,127600,-14773,2675,126580,112,19226,557,1,62350,0.0009999999999994458
7507000,-1615,2826,125820,-1977,575,129062,112,19230,459,1,62351,0.001000000000000334
7508001,739,4170,126932,2266,-5531,123455,108,19226,442,0,62352,0.0010009999999995856
7509000,-1266,-10421,124103,-8269,-9753,129123,83,19230,340,0,62353,0.0009990000000001942
7510001,1918,8200,127748,-1180,1816,121915,111,19228,455,0,62354,0.0010010000000004737
7511000,-2734,8330,127201,1906,1030,132059,125,19228,455,1,62355,0.000998999999999306
7512000,-2399,7307,126121,-6561,9689,125024,113,19220,512,1,62356,0.001000000000000334
7513000,-4344,22211,125850,-4190,13145,115941,113,19230,463,1,62357,0.001000000000000334
7514000,8075,790,123248,6945,-5244,130682,97,19234,397,0,62358,0.0009999999999994458
7515000,11043,-3904,125165,8325,-8595,126858,132,19231,541,0,62359,0.001000000000000334
7516000,8005,-1758,124443,3785,-3634,125822,117,19227,479,0,62360,0.001000000000000334
7517000,7290,6876,125839,-1622,4491,122678,117,19227,479,0,62361,0.0009999999999994458
7518000,3772,-3962,127117,9473,-6819,132698,143,19222,479,1,62362,0.001000000000000334
7519000,4313,3594,127766,2985,1490,121935,143,19228,586,1,62363,0.0009999999999994458
7520002,6921,10260,125640,-2310,6243,124047,112,19231,459,1,62364,0.0010020000000006135
7521003,9129,6436,127664,11778,2196,122694,102,19222,418,0,62365,0.0010009999999995856
7522000,12134,-2945,125818,7200,-10209,126354,121,19231,496,0,62366,0.0009969999999999146
7523000,5124,-15860,126799,9020,-16974,137722,104,19231,496,0,62367,0.001000000000000334
7524000,2723,-3205,132381,-4819,-6332,128781,113,19231,426,0,62368,0.001000000000000334
7525000,914,11407,131381,3431,5238,127472,113,19223,463,1,62369,0.0009999999999994458
7526002,1475,13175,130290,5385,10010,123690,110,19226,451,1,62370,0.0010020000000006135
7527000,3042,-4252,128895,-9507,-11327,131375,100,19228,410,1,62371,0.0009979999999991662
7528000,9149,-10806,126268,6958,-14920,124423,126,19223,516,0,62372,0.001000000000000334
7529000,8330,6665,130942,14296,5017,126663,99,19223,405,0,62373,0.001000000000000334
7530000,1753,-11448,126072,-1541,-13994,132493,104,19230,405,0,62374,0.0009999999999994458
7531000,1016,5243,132928,-17931,4443,125522,144,19230,426,1,62375,0.001000000000000334
7532000,-4460,-1426,130790,1188,-6634,139179,144,19224,590,1,62376,0.001000000000000334
7533000,-8688,6758,129682,1985,6179,118716,111,19230,455,1,62377,0.0009999999999994458
7534000,1268,592,130554,-26132,-3807,138018,99,19221,405,0,62378,0.001000000000000334
7535000,398,-11433,125940,2709,-16197,122997,129,19221,528,0,62379,0.0009999999999994458
7536000,4841,11089,128903,4555,9681,127645,108,19233,528,0,62380,0.001000000000000334
7537003,-6125,-4143,130295,-16224,-3713,126422,118,19232,442,0,62381,0.0010029999999998651
7538000,-6895,4365,131984,-8637,-1178,133660,118,19219,483,1,62382,0.0009969999999999146
7539000,-9812,-1411,131859,-13186,3268,132912,121,19229,496,1,62383,0.001000000000000334
7540002,-8001,8823,130765,-10324,13458,115770,105,19232,430,1,62384,0.0010019999999997253
7541000,-4636,8874,129297,-9842,-8483,134379,115,19232,471,0,62385,0.0009980000000000544
7542000,-5228,-6235,124591,-3684,-8329,126591,89,19216,471,0,62386,0.001000000000000334
7543000,-1391,2555,127887,-9644,-1673,127736,102,19231,365,0,62387,0.0009999999999994458
7544000,-4164,5689,129277,-7711,1722,124368,102,19228,418,1,62388,0.001000000000000334
7545000,-3981,12227,128805,-10152,4250,119082,137,19224,561,1,62389,0.001000000000000334
7546000,-4627,5096,127691,-15299,4307,131092,121,19231,496,1,62390,0.0009999999999994458
7547000,-2263,4779,125033,413,6800,118460,100,19228,410,1,62391,0.001000000000000334
7548000,172,6086,125100,-3193,-1545,126314,120,19228,410,0,62392,0.001000000000000334
7549000,5754,2114,121283,-3967,2963,120717,107,19234,491,0,62393,0.0009999999999994458
7550000,4336,3829,127263,-3054,-3498,132112,107,19228,438,0,62394,0.001000000000000334
7551000,744,-4251,125125,558,-623,125510,115,19223,471,1,62395,0.0009999999999994458
7552000,-2552,11471,127669,-3975,7000,126579,146,19228,598,1,62396,0.001000000000000334
7553000,-3575,14123,127367,-3028,7943,120050,103,19231,422,1,62397,0.001000000000000334
7554000,5409,10115,125091,3888,2913,120761,106,19231,422,0,62398,0.0009999999999994458
7555000,6344,-3173,124248,13070,-9611,133870,91,19222,434,0,62399,0.001000000000000334
7556000,7590,-7639,121425,3532,-437,120198,91,19228,373,0,62400,0.001000000000000334
7557000,7410,4760,127189,3344,2068,123620,112,19226,459,0,62401,0.0009999999999994458
7558000,6623,4203,127500,7963,11736,122778,134,19224,549,1,62402,0.001000000000000334
7559000,4926,7992,129832,-4668,736,128745,114,19232,467,1,62403,0.0009999999999994458
7560000,4673,-2677,128578,5145,-6033,129267,94,19232,467,1,62404,0.001000000000000334
7561000,8543,-1025,124867,10778,-5050,122578,141,19230,385,0,62405,0.001000000000000334
7562000,5782,228,127727,4708,-4132,129046,141,19232,577,0,62406,0.0009999999999994458
7563000,10022,916,126218,8753,-7646,125841,102,19228,418,0,62407,0.001000000000000334
7564000,5425,2179,127238,2117,5327,127913,108,19227,442,1,62408,0.001000000000000334
7565006,2863,19170,131234,-3207,18834,120040,127,19223,520,1,62409,0.0010059999999993963
7566000,2122,9582,131019,2194,-696,127957,110,19223,520,1,62410,0.0009940000000003835
7567000,5132,-5133,128270,3169,-10432,133123,106,19231,451,1,62411,0.0009999999999994458
7568000,6362,-11722,130150,487,-11014,134170,106,19219,434,0,62412,0.001000000000000334
7569000,10441,-16198,127757,14594,-14382,127427,110,19228,451,0,62413,0.001000000000000334
7570000,3554,8847,129656,1219,3715,125735,107,19231,438,0,62414,0.0009999999999994458
7571000,-295,39,129775,-16022,-2925,132247,123,19217,504,1,62415,0.001000000000000334
7572000,-4724,14597,134504,-3644,11790,117121,112,19217,459,1,62416,0.001000000000000334
7573000,-3898,1368,131753,-4001,-4386,136583,100,19232,459,1,62417,0.0009999999999994458
7574000,-8100,-6952,128529,-4471,-11558,132086,133,19227,410,0,62418,0.001000000000000334
7575000,2086,-13242,127723,-15872,-17362,131475,133,19223,545,0,62419,0.0009999999999994458
7576001,-1258,94,130125,7013,3029,131220,104,19224,426,0,62420,0.0010010000000004737
7577000,-3979,9060,130277,-10033,7930,119930,112,19223,459,0,62421,0.0009990000000001942
7578002,-6093,11092,132301,-22424,6090,129319,149,19223,610,1,62422,0.0010019999999997253
7579000,-6151,-3904,129827,-3951,-8695,136705,114,19228,610,1,62423,0.0009980000000000544
7580000,-5305,8418,129358,368,6753,127626,105,19232,467,1,62424,0.001000000000000334
7581000,-5235,-1831,128612,-13177,-6822,125955,105,19224,430,0,62425,0.0009999999999994458
7582000,-2808,-4972,125594,-10294,-7423,129408,155,19228,635,0,62426,0.001000000000000334
7583000,-4089,2945,126514,7902,732,127429,113,19226,463,0,62427,0.0009999999999994458
7584000,-3037,7454,125919,-18017,15473,116699,119,19226,487,1,62428,0.001000000000000334
7585000,-7706,14130,130872,-12351,3801,130476,112,19220,487,1,62429,0.001000000000000334
7586000,-4955,-1816,127242,-5138,1378,126201,110,19226,459,1,62430,0.0009999999999994458
7587000,-1439,4901,128979,-6465,297,128758,110,19229,451,0,62431,0.001000000000000334
7588001,-840,-3393,124740,737,-7868,127234,129,19224,528,0,62432,0.0010009999999995856
7589000,32,1542,123937,-4154,498,121384,101,19227,414,0,62433,0.0009990000000001942
7590000,1716,-503,125376,-5078,5772,130869,106,19226,434,0,62434,0.001000000000000334
7591000,243,10576,127235,1242,9923,118714,142,19226,434,1,62435,0.0009999999999994458
7592000,-4174,18585,125457,-11194,4026,126099,112,19223,582,1,62436,0.001000000000000334
7593000,2062,6829,125281,4269,727,125546,112,19230,459,1,62437,0.001000000000000334
7594000,4635,2170,123372,8008,-10920,126840,97,19229,397,0,62438,0.0009999999999994458
7595001,10904,7270,122932,1420,2978,120414,114,19231,467,0,62439,0.0010010000000004737
7596001,7575,-3035,125758,8521,-7918,127201,119,19227,487,0,62440,0.0009999999999994458
7597001,7352,-4013,126105,6813,-4681,128369,120,19227,487,1,62441,0.001000000000000334
7598000,3624,6387,126527,-4321,10779,120297,115,19220,491,1,62442,0.0009990000000001942
7599000,3224,10464,128809,2239,11346,125734,115,19230,471,1,62443,0.0009999999999994458
7600000,9102,-2141,123600,9216,-3655,130465,106,19232,434,1,62444,0.001000000000000334
7601000,7891,-1371,126115,2041,947,118711,116,19223,475,0,62445,0.001000000000000334
7602000,11625,2524,129542,15421,-13162,133598,97,19225,397,0,62446,0.0009999999999994458
7603000,4595,-14711,126086,11825,-12888,129884,103,19225,397,0,62447,0.001000000000000334
7604000,4252,6295,131584,-13915,-2457,130632,129,19224,422,1,62448,0.001000000000000334
7605000,-1175,5837,130919,2738,4741,127571,129,19227,528,1,62449,0.0009999999999994458
7606000,-284,11883,132797,7996,3283,127990,113,19229,463,1,62450,0.001000000000000334
7607000,2403,8277,128281,-7567,-6139,127434,99,19232,405,1,62451,0.0009999999999994458
7608001,8334,-14343,124955,3270,-14158,131814,160,19231,655,0,62452,0.0010010000000004737
7609000,10648,-7796,129949,21098,-5462,133738,110,19231,655,0,62453,0.0009990000000001942
7610002,2382,-5705,128058,-11601,1390,128375,110,19227,451,0,62454,0.0010019999999997253
7611000,4493,14924,131322,-15147,14758,125262,110,19224,451,1,62455,0.0009980000000000544
7612000,-10425,3867,133383,3850,-3111,133685,135,19226,553,1,62456,0.001000000000000334
7613000,-3795,-573,128941,-7200,-5524,130774,106,19230,434,1,62457,0.0009999999999994458
7614002,-3650,-6636,130680,-11849,-9400,134892,110,19221,451,0,62458,0.0010019999999997253
7615000,-199,-3505,129634,-905,-5274,124978,97,19221,397,0,62459,0.0009980000000000544
7616000,584,11704,132106,-729,6362,123914,113,19230,397,0,62460,0.001000000000000334
7617000,-5453,-7958,130910,-14790,-15695,138979,132,19226,463,1,62461,0.001000000000000334
7618003,-7820,-3110,131764,-6846,337,124194,132,19223,541,1,62462,0.0010029999999998651
7619000,-12439,15752,130411,-16002,8738,126588,116,19232,475,1,62463,0.0009969999999999146
7620001,-3836,9789,130016,-12573,5534,123244,100,19229,410,1,62464,0.0010009999999995856
7621001,-5612,-3166,127587,-363,-10277,129556,149,19229,610,0,62465,0.001000000000000334
7622001,-4180,-8160,125902,-10384,-10744,132458,104,19225,610,0,62466,0.001000000000000334
7623000,-97,5446,127994,-8235,5541,118595,104,19230,426,0,62467,0.000998999999999306
7624000,-2936,3602,129432,-3586,682,130766,104,19227,426,1,62468,0.001000000000000334
7625000,-5298,12135,125573,-12255,10120,119169,126,19227,516,1,62469,0.001000000000000334
7626000,-9128,5803,128064,-9698,-989,130228,112,19232,459,1,62470,0.0009999999999994458
7627000,-2977,7128,125479,-1266,4364,115186,106,19232,434,0,62471,0.001000000000000334
7628001,2530,-405,124307,-5648,-3880,134131,82,19219,434,0,62472,0.0010009999999995856
7629001,3609,-2416,126307,817,-5526,119171,109,19232,336,0,62473,0.001000000000000334
7630000,1373,10287,125016,-3798,8623,120058,109,19232,446,0,62474,0.0009990000000001942
7631000,-1487,1241,125393,-8682,3239,129225,122,19220,500,1,62475,0.0009999999999994458
7632002,-3317,7072,126806,4932,6317,122488,112,19228,459,1,62476,0.0010020000000006135
7633000,110,6212,123817,-2304,6132,125781,99,19228,405,1,62477,0.0009980000000000544
7634000,8544,7538,125271,-1211,5574,116080,131,19228,405,0,62478,0.0009999999999994458
7635000,8651,-1632,123835,12184,-12704,135173,108,19232,537,0,62479,0.001000000000000334
7636000,8928,-3659,125876,-414,-12361,123486,108,19223,442,0,62480,0.0009999999999994458
7637000,2185,5722,128816,-1084,-2243,130366,111,19226,455,1,62481,0.001000000000000334
7638000,1216,2168,129525,5669,3137,126180,145,19227,594,1,62482,0.001000000000000334
7639000,721,12012,127269,6484,7472,119825,112,19231,459,1,62483,0.0009999999999994458
7640000,6050,1249,124604,115,-4477,130561,99,19231,459,1,62484,0.001000000000000334
7641000,13761,1893,124476,11686,559,120115,121,19224,405,0,62485,0.001000000000000334
7642000,12213,4179,125696,9053,3122,126548,121,19231,496,0,62486,0.0009999999999994458
7643000,12571,-8860,126738,2887,-9926,129116,103,19232,422,0,62487,0.001000000000000334
7644001,2849,-6606,129857,2926,-5680,134845,114,19225,467,1,62488,0.0010009999999995856
7645000,-1212,4518,130549,-474,2055,128407,109,19231,446,1,62489,0.0009990000000001942
7646000,1154,11458,131455,-301,1653,126267,101,19231,446,1,62490,0.001000000000000334
7647000,4720,8506,131606,2558,-7146,126518,125,19228,414,0,62491,0.0009999999999994458
7648000,6902,-9926,127156,-1315,-17418,130416,125,19219,512,0,62492,0.001000000000000334
7649000,5644,-7148,130007,20417,-5506,129868,101,19230,414,0,62493,0.001000000000000334
7650000,2736,57,128645,-9841,-4038,128839,104,19229,426,0,62494,0.0009999999999994458
7651000,-318,9420,131207,-21839,12650,122232,145,19228,594,1,62495,0.001000000000000334
7652002,-4455,15287,135608,10904,5944,128233,109,19228,594,1,62496,0.0010019999999997253
7653000,-2495,-9993,128629,-3736,-17411,134973,97,19231,446,1,62497,0.0009980000000000544
7654000,-5021,-11379,131709,-20692,-16867,130780,97,19223,397,0,62498,0.001000000000000334
7655000,955,-5619,128738,5850,-3396,131710,129,19232,528,0,62499,0.0009999999999994458
7656000,-1392,8641,130770,-1092,9624,122969,110,19228,451,0,62500,0.001000000000000334
7657003,-4133,15135,130769,-16790,14247,124846,119,19222,487,1,62501,0.0010029999999998651
7658000,-7060,-4678,126672,-9558,-6085,140059,120,19222,487,1,62502,0.0009969999999999146
7659000,-6059,-737,129038,-834,10340,121059,104,19228,491,1,62503,0.001000000000000334
7660000,-3862,21168,131561,-11419,13263,122043,104,19233,426,1,62504,0.0009999999999994458
7661000,-1006,-3512,125368,-10816,-9230,132586,116,19218,475,0,62505,0.001000000000000334
7662000,-3408,-10335,125472,1542,-11244,132946,91,19228,373,0,62506,0.001000000000000334
7663000,-4143,-483,126278,-13583,4322,121984,104,19231,426,0,62507,0.0009999999999994458
7664000,-3298,11691,128588,-8094,6405,118991,138,19231,565,1,62508,0.001000000000000334
7665001,-10155,5596,128160,-6829,-846,129031,118,19223,565,1,62509,0.0010009999999995856
7666000,-2802,2878,127785,-13649,-524,123550,102,19227,483,1,62510,0.0009990000000001942
7667000,-4187,13276,128065,6273,9268,120687,102,19227,418,0,62511,0.001000000000000334
7668000,-3055,464,125288,-7475,-6587,127367,130,19230,532,0,62512,0.0009999999999994458
7669000,-562,-2127,121695,-6923,-1810,119299,120,19230,491,0,62513,0.001000000000000334
7670000,1379,4734,127966,-1148,2001,132925,118,19230,483,0,62514,0.001000000000000334
7671000,-180,8181,123958,3250,7048,118238,148,19225,483,1,62515,0.0009999999999994458
7672000,-3612,12915,126387,-7467,12377,124292,106,19228,606,1,62516,0.001000000000000334
7673000,7511,5,122467,-5391,-3005,128019,106,19234,434,1,62517,0.001000000000000334
7674000,9552,6151,123012,19595,2756,126128,109,19224,446,0,62518,0.0009999999999994458
7675000,12839,-3412,122185,3275,-9582,123253,90,19228,369,0,62519,0.001000000000000334
7676002,5452,-2779,125400,6275,-6462,124401,109,19228,446,0,62520,0.0010019999999997253
7677000,5055,-1031,127558,6880,-4134,135140,133,19228,446,1,62521,0.0009980000000000544
7678000,1475,6577,126864,-4375,12871,117337,115,19230,545,1,62522,0.001000000000000334
7679000,753,17125,128637,3042,8865,130029,115,19227,471,1,62523,0.0009999999999994458
7680000,8411,-1571,128851,5789,2169,120167,98,19228,401,0,62524,0.001000000000000334
7681000,11464,845,126219,6273,-18514,131107,144,19234,590,0,62525,0.001000000000000334
7682000,11205,-12430,126560,16297,-12428,134312,101,19229,414,0,62526,0.0009999999999994458
7683001,4252,-2488,128575,-9480,1259,121984,102,19229,414,0,62527,0.0010010000000004737
7684000,5082,8733,133090,293,8519,133205,128,19228,418,1,62528,0.000998999999999306
7685000,-795,12104,130730,6460,1431,126315,128,19227,524,1,62529,0.001000000000000334
7686000,1123,3252,127796,-11923,-2526,129664,111,19231,455,1,62530,0.001000000000000334
7687000,7965,-5872,128175,4793,-10419,128405,107,19222,438,0,62531,0.0009999999999994458
7688000,10458,-7597,127588,18081,-6719,125095,110,19236,451,0,62532,0.001000000000000334
7689000,8408,2906,130867,2846,-3833,134078,103,19236,451,0,62533,0.001000000000000334
7690000,-1799,-826,129176,-27803,2039,122788,122,19229,422,0,62534,0.0009999999999994458
7691000,-186,7672,133978,9055,4157,136083,122,19220,500,1,62535,0.001000000000000334
7692000,-9082,-178,131904,299,-5239,127646,115,19230,471,1,62536,0.0009999999999994458
7693000,-3119,-1162,129882,-23343,-11333,131706,99,19232,405,1,62537,0.001000000000000334
7694000,222,-5737,130633,-2984,-8701,132572,135,19229,553,0,62538,0.001000000000000334
7695000,4733,7044,129100,7255,5958,118436,103,19229,553,0,62539,0.0009999999999994458
7696000,-4001,4968,130249,-9741,-1150,131811,112,19226,422,0,62540,0.001000000000000334
7697000,-8454,-1137,130344,-22557,-7808,130955,112,19223,459,1,62541,0.001000000000000334
7698000,-10915,1855,130225,-8769,1366,133558,143,19231,586,1,62542,0.0009999999999994458
7699000,-10563,11110,131950,-8602,6781,124671,116,19228,475,1,62543,0.001000000000000334
7700000,-2785,2452,128939,-8980,-2281,129893,105,19223,430,1,62544,0.0009999999999994458
7701002,-3283,444,125555,-5999,-10749,128233,149,19223,430,0,62545,0.0010020000000006135
7702000,-2006,-4115,123082,-11685,-5033,125259,105,19230,610,0,62546,0.0009980000000000544
7703000,-1507,10058,130366,452,7538,126156,105,19228,430,0,62547,0.0009999999999994458
7704000,-5027,7554,127345,-7880,12586,123323,119,19220,487,1,62548,0.001000000000000334
7705000,-5598,9864,126979,-19716,6865,130416,113,19227,463,1,62549,0.001000000000000334
7706000,-7812,-1815,124557,-1771,-6837,128684,108,19228,442,1,62550,0.0009999999999994458
7707000,3224,3874,123032,-621,2562,120171,125,19228,512,0,62551,0.001000000000000334
7708000,407,1772,126267,-2093,-982,121296,102,19226,512,0,62552,0.0009999999999994458
7709003,2171,2614,125507,2188,-3023,125971,108,19232,418,0,62553,0.0010030000000007533
7710002,-1870,4417,126865,-6057,-1720,128905,108,19230,442,1,62554,0.000998999999999306
7711002,-7976,4812,127217,-6327,2912,123804,149,19225,610,1,62555,0.001000000000000334
7712000,-1388,3186,128041,-4806,1996,126546,114,19228,467,1,62556,0.0009980000000000544
7713000,2498,16485,126585,1022,8978,119781,96,19228,393,1,62557,0.001000000000000334
7714000,9722,5692,123731,3797,-3393,128153,107,19228,393,0,62558,0.0009999999999994458
7715000,11075,-6636,121498,13003,-9438,125043,115,19231,438,0,62559,0.001000000000000334
7716000,5263,3069,126706,-837,3349,121053,115,19226,471,0,62560,0.0009999999999994458
7717000,7880,-2167,127387,1770,-5940,128437,121,19218,496,1,62561,0.001000000000000334
7718000,-250,5509,129329,5166,646,126876,116,19229,475,1,62562,0.001000000000000334
7719000,5397,1713,124910,603,-1329,131421,102,19229,418,1,62563,0.0009999999999994458
7720001,6421,3708,125719,4511,2260,119783,115,19232,418,0,62564,0.0010010000000004737
7721000,12347,6615,128118,9907,1572,131111,94,19222,471,0,62565,0.0009990000000001942
7722000,12091,-13738,125306,8679,-18206,130775,94,19229,385,0,62566,0.0009999999999994458
7723001,4195,-371,129876,372,-2995,127024,104,19226,426,0,62567,0.0010010000000004737
7724000,2891,3590,129003,-707,1229,121863,131,19224,537,1,62568,0.000998999999999306
7725000,-230,7526,128788,6332,12378,129197,114,19231,467,1,62569,0.001000000000000334
7726000,3065,-7383,128303,-4304,-5516,136946,100,19231,467,1,62570,0.001000000000000334
7727000,4735,-3008,129318,-883,-1159,121524,161,19232,410,0,62571,0.0009999999999994458
7728000,7577,-4215,128419,5002,-9670,127805,161,19230,659,0,62572,0.001000000000000334
7729000,2285,-3664,133077,17621,-8493,134616,109,19229,446,0,62573,0.001000000000000334
7730000,216,-6945,129050,-19659,-8524,132469,109,19221,446,1,62574,0.0009999999999994458
7731001,-2382,9489,133556,-6551,13736,125321,134,19230,549,1,62575,0.0010010000000004737
7732000,-5572,20618,133180,7488,8819,119473,101,19230,549,1,62576,0.000998999999999306
7733000,-5111,1268,129056,-15027,-12446,135867,108,19232,414,1,62577,0.001000000000000334
7734000,-994,-24231,126725,-13864,-18268,140533,108,19218,442,0,62578,0.001000000000000334
7735000,3801,-6079,127892,14951,1085,125265,89,19228,365,0,62579,0.0009999999999994458
7736001,-3011,11209,126472,-15485,24131,115735,111,19225,455,0,62580,0.0010010000000004737
7737003,-5296,11990,134147,-21696,-141,130238,133,19223,545,1,62581,0.0010019999999997253
7738000,-7425,-13856,127734,333,-15826,141047,117,19223,545,1,62582,0.0009969999999999146
7739000,-7511,6624,128989,-9055,11720,124136,98,19230,479,1,62583,0.001000000000000334
7740000,-7737,14326,130186,-11776,4455,121603,98,19230,401,0,62584,0.0009999999999994458
7741000,-2802,3479,126863,-9664,-11133,130628,146,19224,598,0,62585,0.001000000000000334
7742000,-3225,-11015,124328,-1480,-12211,133916,106,19228,434,0,62586,0.001000000000000334
7743000,-3112,3704,130031,-12041,8050,120777,108,19225,442,0,62587,0.0009999999999994458
7744000,-3831,20367,127702,-3765,9416,119843,132,19225,442,1,62588,0.001000000000000334
7745000,-9458,8132,126705,-11634,3715,127214,110,19225,541,1,62589,0.0009999999999994458
7746000,411,9776,128381,-15583,6321,123587,110,19230,451,1,62590,0.001000000000000334
7747000,-868,1560,125735,11723,-9430,128156,107,19221,438,0,62591,0.001000000000000334
7748000,2742,428,125109,-6830,-5497,123746,83,19235,340,0,62592,0.0009999999999994458
7749001,1515,-6432,123593,-6848,-4321,128143,111,19227,455,0,62593,0.0010010000000004737
7750002,810,9567,127703,-931,10317,123502,125,19227,455,1,62594,0.0010009999999995856
7751002,1719,16453,126124,871,15083,122440,111,19218,512,1,62595,0.001000000000000334
7752000,-3083,5179,123482,-2322,1166,127179,111,19230,455,1,62596,0.0009980000000000544
7753000,7710,13491,127024,-47,3668,117023,96,19231,393,0,62597,0.0009999999999994458
7754000,6264,2227,122206,10355,-3551,128372,128,19233,524,0,62598,0.001000000000000334
7755000,11729,-4623,127997,6621,-8807,128825,109,19227,446,0,62599,0.001000000000000334
7756000,6718,-5024,124769,-1391,-5750,124298,116,19227,475,0,62600,0.0009999999999994458
7757000,3244,8904,128828,6898,5617,123723,143,19225,475,1,62601,0.001000000000000334
7758000,2371,7957,126967,7135,6979,125945,109,19232,586,1,62602,0.001000000000000334
7759000,7184,7266,125983,311,2712,125237,109,19231,446,1,62603,0.0009999999999994458
7760000,10417,5859,127719,12033,3320,122395,97,19223,397,0,62604,0.001000000000000334
7761002,10435,4658,127709,8581,-2653,122914,121,19231,496,0,62605,0.0010019999999997253
7762000,7788,-8991,127726,6768,-16630,135370,106,19231,434,0,62606,0.0009980000000000544
7763000,3965,619,129302,-473,904,127723,114,19229,434,1,62607,0.001000000000000334
7764003,4069,1838,130791,-2052,1144,132643,110,19220,467,1,62608,0.0010029999999998651
7765000,847,18111,131197,8935,15597,114643,110,19231,451,1,62609,0.0009969999999999146
7766000,1816,5688,126612,-8456,-555,130988,102,19229,418,1,62610,0.001000000000000334
7767000,12073,-19463,126089,296,-21527,138426,125,19224,512,0,62611,0.0009999999999994458
7768000,8399,-2468,129757,23156,-2985,127718,108,19230,442,0,62612,0.001000000000000334
7769000,5316,426,128745,-1467,-5230,125451,110,19230,442,0,62613,0.0009999999999994458
7770000,-4137,3529,133058,-19364,2500,126082,145,19227,451,1,62614,0.001000000000000334
7771000,-2428,-1883,133483,-7995,-5522,141974,145,19226,594,1,62615,0.001000000000000334
7772000,-9015,1084,127251,9212,3475,117837,113,19230,463,1,62616,0.0009999999999994458
7773000,-3428,4373,130418,-18171,-2393,130801,102,19230,418,0,62617,0.001000000000000334
7774000,1305,-6020,129907,-11451,-12771,131559,133,19232,545,0,62618,0.001000000000000334
7775000,4458,-3402,128132,15499,-4284,129705,109,19232,545,0,62619,0.0009999999999994458
7776001,-5478,7380,133020,-11358,331,130256,115,19229,446,0,62620,0.0010010000000004737
7777000,-9956,2994,128866,-11675,7806,123781,115,19222,471,1,62621,0.000998999999999306
7778000,-9013,10998,132102,-8010,5198,132929,121,19225,496,1,62622,0.001000000000000334
7779000,-7037,1492,128617,-8424,-335,126198,105,19230,430,1,62623,0.001000000000000334
7780000,-1918,4272,127493,-11323,4023,122919,119,19216,487,0,62624,0.0009999999999994458
7781001,-2917,-8790,127670,-6377,-9293,133106,95,19216,487,0,62625,0.0010010000000004737
7782000,-416,-2706,126220,-2394,2103,118749,100,19231,389,0,62626,0.0009990000000001942
7783000,-3592,8880,130892,-11576,1914,134585,100,19228,410,1,62627,0.0009999999999994458
7784000,-8863,7045,125864,-12420,8860,119449,135,19231,553,1,62628,0.001000000000000334
7785000,-6539,12222,129314,-3816,4589,129861,120,19227,491,1,62629,0.0009999999999994458
7786000,-2430,978,125459,-4408,853,124201,105,19225,430,1,62630,0.001000000000000334
7787000,1759,4009,125290,-4699,-5446,127968,125,19225,430,0,62631,0.001000000000000334
7788000,5722,-1672,125237,326,-5165,124303,108,19236,512,0,62632,0.0009999999999994458
7789000,2587,2605,124447,-1092,13174,121486,108,19231,442,0,62633,0.001000000000000334
7790000,-2234,844,127497,-12534,-4525,133827,112,19225,459,1,62634,0.001000000000000334
7791002,-5452,4321,125771,-4695,4714,124206,147,19227,602,1,62635,0.0010019999999997253
7792000,-2026,15301,126768,9460,3295,123478,108,19228,442,1,62636,0.0009980000000000544
7793000,2021,9727,123972,1058,1219,118717,110,19228,442,0,62637,0.0009999999999994458
7794000,9719,3035,125031,189,-10055,126286,91,19222,451,0,62638,0.001000000000000334
7795000,12678,-7154,126036,18981,-10517,128394,91,19225,373,0,62639,0.001000000000000334
7796000,6486,6314,126260,-5435,4137,120425,112,19227,459,0,62640,0.0009999999999994458
7797000,1464,4819,129548,2615,2604,131462,132,19225,541,1,62641,0.001000000000000334
7798001,791,-2256,126013,10379,6009,128279,117,19229,479,1,62642,0.0010009999999995856
7799002,6824,-495,122900,-8927,1026,128904,99,19229,405,1,62643,0.0010010000000004737
7800000,12024,7466,127518,4540,4162,120346,142,19228,405,0,62644,0.0009980000000000544
7801000,13935,6327,125266,21115,-3437,124218,103,19232,582,0,62645,0.0009999999999994458
7802000,7636,-11146,127018,7218,-13090,133093,103,19227,422,0,62646,0.001000000000000334
7803000,2763,-8638,128117,-7471,-13071,134443,106,19225,434,1,62647,0.001000000000000334
7804000,-71,13719,130404,4186,11290,121869,133,19232,545,1,62648,0.0009999999999994458
7805001,-739,24329,132887,-2609,19073,122867,110,19232,451,1,62649,0.0010010000000004737
7806000,2873,-5883,131852,-8205,-9811,134505,107,19229,451,1,62650,0.0009990000000001942
7807000,7730,-3779,127256,8600,-10130,127860,115,19220,438,0,62651,0.0009999999999994458
7808001,11089,-16596,126731,11316,-19744,137085,115,19229,471,0,62652,0.0010010000000004737
7809000,3019,4260,130302,6259,3416,122964,109,19226,446,0,62653,0.000998999999999306
7810000,5351,7254,130822,-23690,7226,125002,122,19219,500,1,62654,0.001000000000000334
7811000,-6530,17349,134122,530,13957,125719,113,19219,463,1,62655,0.001000000000000334
7812000,-4326,-5545,129927,-1268,-13022,130959,100,19231,463,1,62656,0.0009999999999994458
7813000,-6405,-11042,126823,-9226,-15062,133011,133,19229,410,0,62657,0.001000000000000334
7814000,-156,-10256,130064,-11655,-11008,132214,133,19225,545,0,62658,0.001000000000000334
7815000,-1982,9142,133457,2538,6425,125410,102,19228,418,0,62659,0.0009999999999994458
7816000,-2374,1705,130457,-8876,-1634,126643,110,19225,451,0,62660,0.001000000000000334
7817000,-10644,6787,131122,-19509,3999,136207,148,19225,606,1,62661,0.0009999999999994458
7818000,-8794,-5148,127974,-8535,-7371,119213,113,19225,606,1,62662,0.001000000000000334
7819001,-4289,15482,130513,-6199,7012,124583,103,19232,463,1,62663,0.0010010000000004737
7820001,-2768,-6439,127832,-12217,-14844,137352,103,19219,422,0,62664,0.0009999999999994458
7821000,-4134,-5106,125783,-7432,-4022,122799,146,19230,598,0,62665,0.0009990000000001942
7822000,-3739,4486,128170,-4577,-305,128857,102,19232,418,0,62666,0.001000000000000334
7823000,-2064,11426,128052,-10060,13217,114724,114,19216,467,1,62667,0.0009999999999994458
7824000,-9935,11890,129356,-15318,-983,134654,109,19216,467,1,62668,0.001000000000000334
7825000,-4179,1110,127235,-7276,-161,123334,108,19227,446,1,62669,0.0009999999999994458
7826000,-1455,14746,127464,4874,8416,124391,108,19229,442,0,62670,0.001000000000000334
7827000,330,-7004,123874,-3958,-9662,128907,126,19226,516,0,62671,0.001000000000000334
7828003,2824,-4146,124352,-4148,-2577,122067,100,19226,410,0,62672,0.0010029999999998651
7829001,2101,-1241,124173,-4926,-2286,132041,107,19227,438,0,62673,0.0009980000000000544
7830000,154,17208,126990,1796,30340,108139,144,19227,438,1,62674,0.0009990000000001942
7831000,-3388,13871,127123,-6196,5113,130646,113,19223,590,1,62675,0.0009999999999994458
7832000,2521,-5977,124275,-299,-3968,128868,113,19229,463,1,62676,0.001000000000000334
7833000,7370,3640,123013,9911,3465,123201,97,19228,397,0,62677,0.0009999999999994458
7834000,6893,-2922,126336,6011,-6814,120814,107,19230,438,0,62678,0.001000000000000334
7835000,9430,3228,125201,7249,-6718,125670,114,19225,467,0,62679,0.001000000000000334
7836000,437,-7997,126493,3842,-12333,135555,118,19225,467,1,62680,0.0009999999999994458
7837000,2097,4425,125898,-4907,14672,115069,117,19222,483,1,62681,0.001000000000000334
7838000,3031,18205,130234,6110,7683,124636,117,19228,479,1,62682,0.001000000000000334
7839000,7923,7668,124996,9086,-689,123931,104,19234,426,1,62683,0.0009999999999994458
7840000,11017,207,125511,636,-5132,126177,117,19224,479,0,62684,0.001000000000000334
7841000,11853,-9314,126567,13497,-17921,134338,94,19232,385,0,62685,0.0009999999999994458
7842000,7323,1046,127419,9552,1483,123548,105,19232,385,0,62686,0.001000000000000334
7843000,2045,-5250,128078,-10461,-3104,131572,132,19228,430,1,62687,0.001000000000000334
7844000,541,8782,132029,-548,6852,127489,132,19225,541,1,62688,0.0009999999999994458
7845000,943,13553,127597,6955,13267,123565,113,19228,463,1,62689,0.001000000000000334
7846000,3960,826,128206,-2838,-6676,130314,99,19229,405,1,62690,0.001000000000000334
7847003,11382,-11718,126873,7420,-16160,127526,157,19232,643,0,62691,0.0010029999999998651
7848001,8430,-3943,129839,15135,-7675,132947,108,19232,442,0,62692,0.0009980000000000544
7849000,2584,-3663,131569,-14028,-7796,130445,109,19228,442,0,62693,0.000998999999999306
7850002,488,15464,134061,-11697,14438,123228,134,19224,446,1,62694,0.0010020000000006135
7851000,-8524,2504,131705,6343,-2003,133633,134,19228,549,1,62695,0.0009980000000000544
7852000,-6456,-681,130242,-9340,-4245,122712,106,19236,434,1,62696,0.0009999999999994458
7853000,-37,-7926,130790,-11097,-17515,139058,109,19219,446,0,62697,0.001000000000000334
7854000,-1545,3434,128334,2640,1697,120754,87,19219,356,0,62698,0.0009999999999994458
7855002,-674,10932,132194,-1416,5185,122222,113,19231,356,0,62699,0.0010020000000006135
7856001,-6130,-5132,130870,-18501,-8593,136663,131,19226,463,1,62700,0.0009990000000001942
7857002,-6704,6396,131016,-6854,5616,128044,131,19217,537,1,62701,0.0010009999999995856
7858002,-9918,7673,129664,-12552,4547,130892,116,19229,475,1,62702,0.001000000000000334
7859000,-206,16679,130560,-10525,15182,118148,99,19231,405,1,62703,0.0009980000000000544
7860000,-2708,-4866,125850,-747,-12149,134440,146,19226,598,0,62704,0.0009999999999994458
7861000,-1266,-14916,125411,-6647,-14648,134392,105,19226,598,0,62705,0.001000000000000334
7862000,1463,-790,125623,-4269,-3539,125643,110,19232,430,0,62706,0.0009999999999994458
7863000,-5643,13861,129305,-11005,10493,120185,110,19226,451,1,62707,0.001000000000000334
7864000,-5740,10905,127297,-10003,6356,129211,135,19225,553,1,62708,0.001000000000000334
7865000,-10846,-617,128367,-3463,-3518,131134,112,19229,459,1,62709,0.0009999999999994458
7866000,-4044,6668,126395,-11222,-4262,117594,105,19225,430,0,62710,0.001000000000000334
7867000,147,6605,124057,1451,-3700,127431,92,19225,430,0,62711,0.001000000000000334
7868000,1714,393,126167,-204,-7374,129268,113,19231,377,0,62712,0.0009999999999994458
7869000,5933,6880,127289,-9133,-1690,121296,113,19226,463,0,62713,0.001000000000000334
7870000,-3225,13925,128517,7137,6218,129714,125,19218,512,1,62714,0.0009999999999994458
7871000,-4238,-1371,123086,-15169,9581,119148,110,19233,451,1,62715,0.001000000000000334
7872000,1699,10908,126475,1755,14620,123234,97,19230,397,1,62716,0.001000000000000334
7873000,9802,4382,121556,12850,-1922,123716,129,19230,397,0,62717,0.0009999999999994458
7874000,9194,-1099,122396,4436,-4663,125553,108,19232,528,0,62718,0.001000000000000334
7875000,8167,-8006,126464,4379,-10470,130627,108,19228,442,0,62719,0.001000000000000334
7876000,5904,-3979,126165,6605,-2554,124210,114,19223,467,1,62720,0.0009999999999994458
7877000,-16,5892,129166,-4220,9905,136178,138,19230,565,1,62721,0.001000000000000334
7878000,4982,11387,127444,5010,6720,118649,109,19230,446,1,62722,0.0009999999999994458
7879000,4646,10415,124223,9012,-3593,121902,99,19230,446,1,62723,0.001000000000000334
7880000,9718,1195,126967,-83,-4016,129055,124,19225,405,0,62724,0.001000000000000334
7881000,12630,-8911,127215,14031,-22253,133578,124,19234,508,0,62725,0.0009999999999994458
7882002,6180,-5128,129112,2981,203,124558,106,19225,434,0,62726,0.0010020000000006135
7883002,4485,11066,133288,-7163,1904,127946,114,19220,467,1,62727,0.0009999999999994458
7884000,-2788,6132,130280,11390,-330,129675,107,19231,438,1,62728,0.0009980000000000544
7885000,-140,6052,127198,-4181,2277,124456,103,19231,438,1,62729,0.001000000000000334
7886000,4740,972,129616,-5551,-6792,128876,125,19232,422,0,62730,0.0009999999999994458
7887000,10647,-8835,127634,14818,-13377,127567,125,19220,512,0,62731,0.001000000000000334
7888000,9645,-597,130306,10113,-6810,128438,100,19228,410,0,62732,0.001000000000000334
7889000,-365,-3604,129514,-17017,-3603,134095,105,19228,430,0,62733,0.0009999999999994458
7890001,3331,7802,130785,-13349,9457,123143,141,19225,577,1,62734,0.0010010000000004737
7891000,-5902,9453,133038,12095,6983,133526,113,19225,463,1,62735,0.0009990000000001942
7892000,-2775,-4331,127248,-9578,-6015,127632,99,19228,463,1,62736,0.0009999999999994458
7893000,-1455,-12635,128206,-19973,-15420,135371,141,19226,405,0,62737,0.001000000000000334
7894000,1713,-7501,130109,9059,-11129,131018,141,19234,577,0,62738,0.0009999999999994458
7895000,-600,12535,131712,4474,9315,118849,110,19227,451,0,62739,0.001000000000000334
7896000,-9882,3436,133020,-28424,-2033,135731,120,19220,491,1,62740,0.001000000000000334
7897000,-9696,-1219,131317,-11696,-198,133294,127,19220,520,1,62741,0.0009999999999994458
7898000,-8454,2932,128072,-2598,-828,131352,108,19228,520,1,62742,0.001000000000000334
7899000,-4485,12216,130896,-9819,10361,120203,115,19230,442,1,62743,0.001000000000000334
7900000,-4498,508,127789,-13015,-6356,126213,115,19218,471,0,62744,0.0009999999999994458
7901000,-138,-11676,126527,-1841,-13372,136649,108,19234,442,0,62745,0.001000000000000334
7902000,-3839,12739,128596,-7825,9901,119190,109,19230,446,0,62746,0.0009999999999994458
7903000,-4511,8796,128667,-9353,6091,128848,134,19230,549,1,62747,0.001000000000000334
7904000,-10226,11115,126689,-9187,7859,119665,121,19220,549,1,62748,0.001000000000000334
7905001,-2487,-2657,128580,-14625,-6316,136522,102,19234,496,1,62749,0.0010009999999995856
7906000,-788,4240,125874,5854,2632,120041,102,19223,418,0,62750,0.0009990000000001942
7907000,251,4010,125335,-2175,-1534,119830,130,19242,532,0,62751,0.001000000000000334
7908002,-1141,-5875,122601,-6594,-7155,132122,109,19224,446,0,62752,0.0010019999999997253
7909000,-248,8502,128212,-5770,5512,126590,113,19224,463,0,62753,0.0009980000000000544
7910000,-2686,6272,125562,2743,3568,123390,146,19224,463,1,62754,0.0009999999999994458
7911000,-5458,14957,126623,-6534,12911,121415,106,19223,598,1,62755,0.001000000000000334
7912002,7504,2635,123697,-9794,-916,125284,106,19233,434,1,62756,0.0010019999999997253
7913000,9019,7627,124306,20289,-5875,118513,105,19218,430,0,62757,0.0009980000000000544
7914000,14412,-8705,120854,1425,-13509,132367,89,19225,365,0,62758,0.001000000000000334
7915000,2050,-9174,125443,5949,2480,125602,118,19224,483,0,62759,0.001000000000000334
7916000,5077,9590,126895,5227,1353,125656,132,19224,483,1,62760,0.0009999999999994458
7917000,2194,6285,127715,-1263,10456,124532,116,19223,541,1,62761,0.001000000000000334
7918001,-870,6601,126647,-3013,1874,123381,116,19229,475,1,62762,0.0010009999999995856
7919000,13039,1807,125496,13540,-813,126305,99,19228,405,1,62763,0.0009990000000001942
7920000,9403,3000,126162,7789,-4688,124700,139,19225,569,0,62764,0.001000000000000334
7921000,11180,-9123,126419,12003,-12770,130886,111,19237,455,0,62765,0.0009999999999994458
7922000,2084,-5088,128623,-5405,1775,126553,109,19237,455,0,62766,0.001000000000000334
7923000,4235,3530,131165,-5637,4014,132342,136,19221,446,1,62767,0.001000000000000334
7924000,1113,9416,128530,20673,21476,120120,136,19229,557,1,62768,0.0009999999999994458
7925000,-2552,4241,129396,-13703,-3503,129315,111,19230,455,1,62769,0.001000000000000334
7926000,11350,-15664,125845,2025,-17544,134867,106,19222,434,0,62770,0.0009999999999994458
7927000,9138,-5801,128783,28200,-1880,128426,129,19231,528,0,62771,0.001000000000000334
7928001,2845,316,128872,-1486,-4741,127833,105,19231,528,0,62772,0.0010010000000004737
7929000,1143,5344,131940,-30063,5693,124551,115,19228,430,0,62773,0.000998999999999306
7930000,-3473,8997,134828,12051,-246,134331,108,19219,471,1,62774,0.001000000000000334
7931002,-6672,-1691,129651,544,-6017,130619,108,19230,442,1,62775,0.0010019999999997253
7932002,-5343,-1962,130129,-28915,-4144,129283,101,19231,414,1,62776,0.001000000000000334
7933000,1746,-7464,128828,4160,-8322,130620,128,19221,524,0,62777,0.0009980000000000544
7934000,5455,6505,128437,9589,5011,122741,103,19221,422,0,62778,0.0009999999999994458
7935000,-5499,2737,131068,-14558,-8194,129550,109,19230,422,0,62779,0.001000000000000334
7936000,-6121,7411,130088,-18034,4699,124226,153,19226,446,1,62780,0.001000000000000334
7937001,-12256,-2363,130734,-5957,-955,135782,153,19225,627,1,62781,0.0010009999999995856
7938002,-7823,170,130916,-7259,542,126226,116,19228,475,1,62782,0.0010010000000004737
7939000,-3534,9273,128960,-14343,4228,118294,105,19224,430,1,62783,0.0009980000000000544
7940000,-4360,-2832,125848,-3812,-7318,130464,151,19224,618,0,62784,0.0009999999999994458
7941000,1390,-5126,126329,-3860,-10920,127671,105,19232,618,0,62785,0.001000000000000334
7942001,-4724,4763,127516,-9336,1030,122662,113,19234,430,0,62786,0.0010009999999995856
7943000,-4187,14201,130725,-9609,10202,125222,113,19224,463,1,62787,0.0009990000000001942
7944000,-8246,9552,128693,-6254,985,127838,116,19225,475,1,62788,0.001000000000000334
7945000,-6825,13,124911,-8619,-3205,129269,111,19230,455,1,62789,0.0009999999999994458
7946000,-532,5657,125387,-7575,2150,122698,125,19230,512,0,62790,0.001000000000000334
7947000,715,2027,125539,1708,-3753,125408,98,19225,512,0,62791,0.001000000000000334
7948000,4161,13502,124652,1202,10089,120142,107,19228,401,0,62792,0.0009999999999994458
7949001,-2413,2706,125758,-8384,-3031,129176,107,19226,438,0,62793,0.0010010000000004737
7950001,-442,3744,125926,-1026,3804,126379,140,19224,573,1,62794,0.0009999999999994458
7951002,-499,14369,127661,-519,9825,123190,114,19229,467,1,62795,0.0010010000000004737
7952000,6364,7065,123974,-1427,4139,121983,98,19223,401,1,62796,0.0009980000000000544
7953000,11192,5822,125491,9731,537,124710,112,19223,401,0,62797,0.0009999999999994458
7954000,8282,-10975,120269,9782,-14131,129939,112,19230,459,0,62798,0.001000000000000334
7955000,8601,372,126014,-1347,-2870,122920,112,19228,459,0,62799,0.001000000000000334
7956000,3326,3693,128373,7796,1369,126757,118,19223,483,1,62800,0.0009999999999994458
7957000,3593,12630,128995,1937,9881,122670,127,19227,520,1,62801,0.001000000000000334
7958000,3346,2372,126949,-44,-1224,131842,106,19229,434,1,62802,0.0009999999999994458
7959000,7508,-8972,125953,11877,-12958,122894,110,19229,434,0,62803,0.001000000000000334
7960000,11534,6697,127877,4432,-10925,128120,94,19219,451,0,62804,0.001000000000000334
7961000,6150,-7295,126258,11112,-13391,133927,94,19226,385,0,62805,0.0009999999999994458
7962000,4691,-1816,129075,2374,-1555,124991,107,19228,438,0,62806,0.001000000000000334
7963000,2308,6393,129736,-3446,2492,125558,130,19226,532,1,62807,0.001000000000000334
7964000,3001,13242,129096,5893,10848,123995,117,19230,479,1,62808,0.0009999999999994458
7965000,4271,4403,128876,-6204,-7731,130811,102,19230,479,1,62809,0.001000000000000334
7966000,7937,-6322,127490,-484,-8714,128183,149,19229,418,0,62810,0.0009999999999994458
7967000,9841,-6930,127455,18545,-5356,125941,149,19223,610,0,62811,0.001000000000000334
7968000,2607,-3531,128883,2827,-6789,135803,104,19230,426,0,62812,0.001000000000000334
7969001,1759,-2271,130983,-21420,-527,125345,106,19224,434,1,62813,0.0010009999999995856
7970000,-2946,8632,133039,-795,7070,131494,138,19232,565,1,62814,0.0009990000000001942
7971001,-6969,4502,131179,-2008,11607,126708,109,19232,565,1,62815,0.0010009999999995856
7972002,-5004,-1798,129735,-9161,-13479,128504,105,19232,446,1,62816,0.0010010000000004737
7973000,-2592,-17411,128022,-972,-21448,138250,105,19220,430,0,62817,0.0009980000000000544
7974000,1897,-328,129637,1072,-60,127397,99,19233,405,0,62818,0.0009999999999994458
7975002,-5876,11786,131693,-16055,11319,122694,108,19230,442,0,62819,0.0010020000000006135
7976000,-4544,7885,130856,-16810,2902,131294,127,19226,520,1,62820,0.0009980000000000544
7977002,-9498,-3481,129351,-3483,-2240,132294,117,19226,520,1,62821,0.0010019999999997253
7978000,-8378,5291,128689,-13214,9742,125316,102,19229,479,1,62822,0.0009980000000000544
7979000,-309,6951,128265,-10163,2043,124181,102,19228,418,0,62823,0.0009999999999994458
7980000,-5918,-2044,127199,-9202,-7066,131410,136,19224,557,0,62824,0.001000000000000334
7981000,810,-4328,126231,-5521,-3640,126241,100,19231,410,0,62825,0.001000000000000334
7982000,-4109,5696,128611,-7848,-2115,127415,105,19225,430,0,62826,0.0009999999999994458
7983000,-7174,9703,130161,-11223,3918,128545,138,19225,565,1,62827,0.001000000000000334
7984000,-6853,13678,126123,-14322,10047,118296,116,19226,565,1,62828,0.001000000000000334
7985000,-2527,8869,130146,-6168,2860,129503,106,19230,475,1,62829,0.0009999999999994458
7986000,1016,-2762,125255,5414,-6574,127215,106,19227,434,0,62830,0.001000000000000334
7987001,-2117,-14600,124199,-8315,-9049,132672,93,19228,381,0,62831,0.0010009999999995856
7988000,736,2664,125115,-5009,1618,121569,107,19226,438,0,62832,0.0009990000000001942
7989000,-914,12409,126588,2567,8534,122649,121,19226,496,1,62833,0.001000000000000334
7990002,-274,8944,126563,-4492,4715,125678,111,19217,496,1,62834,0.0010019999999997253
7991002,-2849,7042,126588,-2932,1497,124915,100,19231,455,1,62835,0.001000000000000334
7992000,6159,8132,124280,1967,5249,124314,100,19230,410,0,62836,0.0009980000000000544
7993001,8555,8729,124324,8454,2270,120937,125,19232,512,0,62837,0.0010009999999995856
7994000,7755,-7191,122447,5820,-12748,124918,112,19227,459,0,62838,0.0009990000000001942
7995000,5928,-1938,128281,-119,-5189,132606,116,19227,475,0,62839,0.0009999999999994458
7996000,3396,11623,125820,2081,13992,121935,153,19224,475,1,62840,0.001000000000000334
7997000,2347,12144,127944,9496,11992,126533,114,19232,627,1,62841,0.001000000000000334
7998000,9145,1595,124476,-3287,-849,124578,114,19228,467,1,62842,0.0009999999999994458
7999000,11595,-3334,124623,8278,-6761,130738,102,19227,418,0,62843,0.001000000000000334
8000000,10542,3759,127508,11417,-231,120833,125,19232,512,0,62844,0.001000000000000334
8001000,9197,-9138,125653,6774,-13130,129636,102,19232,418,0,62845,0.0009999999999994458
8002000,2946,-2598,131200,523,-4887,133732,107,19232,418,1,62846,0.0009999999999994458
8003000,2332,-290,129332,-5611,-4558,126615,106,19221,438,1,62847,0.0010000000000012221
8004007,-1656,16687,131057,7716,13071,116310,106,19228,434,1,62848,0.001006999999999536
8005000,3018,12970,128998,-6334,9643,132404,105,19231,430,1,62849,0.0009929999999993555
8006000,9494,-14978,124440,-1714,-18512,135810,124,19223,508,0,62850,0.0010000000000012221
8007000,9272,1498,131396,22697,-3282,121767,96,19237,393,0,62851,0.0009999999999994458
8008000,4942,-493,127865,-3842,-3755,126768,103,19237,393,0,62852,0.0009999999999994458
8009000,-273,8161,135587,-13506,-731,132386,137,19226,422,1,62853,0.0010000000000012221
8010001,-2642,-1156,131822,2821,-12105,136848,137,19223,561,1,62854,0.0010009999999986974
8011000,-9206,1069,128372,-3561,9486,121212,115,19229,471,1,62855,0.0009990000000001942
8012000,-3631,9253,132586,-18905,-6220,128910,96,19227,393,0,62856,0.0010000000000012221
8013003,4189,-10313,127717,9041,-7149,130875,146,19233,598,0,62857,0.001002999999998977
8014000,3558,3945,130696,-360,-906,131292,109,19233,598,0,62858,0.0009969999999999146
8015000,-5277,-4687,129273,-23469,2745,129830,114,19229,446,0,62859,0.0009999999999994458
8016000,-7833,4376,131534,-7517,6593,126763,114,19220,467,1,62860,0.0010000000000012221
8017000,-8749,4524,131398,-7701,3822,135798,132,19227,541,1,62861,0.0009999999999994458
8018000,-8070,1814,128573,-6285,11265,125482,107,19225,438,1,62862,0.0009999999999994458
8019000,-4919,4751,129595,-12441,1109,123180,113,19217,463,0,62863,0.0010000000000012221
8020000,-3221,-6138,126640,-3860,-7220,134197,112,19217,463,0,62864,0.0009999999999994458
8021000,-2615,-709,127496,1356,-3557,125662,105,19232,459,0,62865,0.0009999999999994458
8022000,-6255,6066,128183,-16897,3984,127547,105,19227,430,1,62866,0.0010000000000012221
8023000,-5568,3725,128323,-6193,6297,125436,131,19224,537,1,62867,0.0009999999999994458
8024000,-8999,5959,127215,-6038,1202,126184,117,19228,479,1,62868,0.0009999999999994458
8025000,-867,9788,126488,-9149,5254,124952,101,19232,414,1,62869,0.0010000000000012221
8026000,-1741,5874,124990,2885,-664,121123,143,19232,586,0,62870,0.0009999999999994458
8027000,2122,-4597,123474,-4521,-3039,127289,117,19236,586,0,62871,0.0009999999999994458
8028000,2050,2401,125078,-6939,3948,124669,116,19223,479,0,62872,0.0010000000000012221
8029000,642,3442,125321,1320,-4219,128424,116,19222,475,1,62873,0.0009999999999994458
8030000,-1064,17762,126138,5001,16644,118614,153,19225,627,1,62874,0.0009999999999994458
8031000,-2485,2815,124143,-11473,5875,123023,106,19232,434,1,62875,0.0009999999999994458
8032001,10389,-5409,125953,8293,-4943,129098,107,19232,438,0,62876,0.0010010000000004737
8033000,6070,5849,122824,14617,-2621,116601,88,19223,438,0,62877,0.0009990000000001942
8034001,6153,-2864,124253,-1268,-8686,127973,114,19230,360,0,62878,0.0010010000000004737
8035000,2910,240,126232,4944,-5201,123386,114,19228,467,0,62879,0.0009990000000001942
8036000,4524,-1471,127084,4062,-2614,131229,125,19227,512,1,62880,0.0009999999999994458
8037000,4406,10980,130266,1067,10478,122248,111,19228,455,1,62881,0.0009999999999994458
8038000,4448,14119,126576,5798,5876,121096,98,19228,401,1,62882,0.0010000000000012221
8039000,14218,-4166,121701,4367,-7853,126273,139,19229,401,0,62883,0.0009999999999994458
8040001,6463,-3442,126397,11178,-6705,126334,104,19229,569,0,62884,0.0010010000000004737
8041000,10217,-17231,125396,8138,-20887,135624,104,19231,426,0,62885,0.0009990000000001942
8042000,4937,11069,129468,-1684,10039,117949,103,19227,422,1,62886,0.0009999999999994458
8043000,-703,9890,130680,1695,4425,133432,129,19229,528,1,62887,0.0009999999999994458
8044000,1470,-1768,128687,2050,-3284,127769,108,19231,442,1,62888,0.0010000000000012221
8045000,3570,6962,129997,-38,2784,123110,106,19231,442,1,62889,0.0009999999999994458
8046000,10743,-11029,126740,2925,-18377,133520,126,19223,434,0,62890,0.0009999999999994458
8047002,10502,1725,131729,16947,1041,122187,126,19232,516,0,62891,0.0010019999999997253
8048000,1729,-7373,129509,979,-12362,140139,107,19230,438,0,62892,0.0009980000000009426
8049000,-1823,-1625,130632,-19736,-2827,124348,117,19218,479,1,62893,0.0009999999999994458
8050000,-7949,12442,134606,-1318,8171,133939,108,19230,442,1,62894,0.0009999999999994458
8051000,-1181,-1552,130692,2381,-3978,128742,98,19230,442,1,62895,0.0010000000000012221
8052000,-6281,-5342,127446,-11615,-10638,133463,127,19232,401,0,62896,0.0009999999999994458
8053000,914,-16263,130327,-11395,-19933,124707,127,19223,520,0,62897,0.0009999999999994458
8054000,379,17585,130828,5365,25,123302,101,19229,414,0,62898,0.0010000000000012221
8055000,-5341,-528,130778,-7581,-11928,142759,110,19225,451,0,62899,0.0009999999999994458
8056000,-7931,2313,130977,-20768,2274,123292,153,19228,627,1,62900,0.0009999999999994458
8057000,-9996,11108,130267,-9971,6529,126878,116,19228,627,1,62901,0.0010000000000012221
8058000,-3072,12177,129961,-3138,10745,126211,99,19230,475,1,62902,0.0009999999999994458
8059000,-1498,-2438,126785,-8970,-18834,133495,99,19227,405,0,62903,0.0009999999999994458
8060000,-3562,-11257,123902,-7001,-1036,127885,168,19229,688,0,62904,0.0010000000000012221
8061000,-1594,12044,129810,-8151,8153,118540,115,19226,471,0,62905,0.0009999999999994458
8062000,-3016,8931,127535,-2226,7214,128109,118,19220,483,1,62906,0.0009999999999994458
8063000,-8661,3803,128931,-13232,-2217,129019,116,19220,483,1,62907,0.0009999999999994458
8064000,-6564,-5988,126347,-13424,-2980,130373,109,19232,475,1,62908,0.0010000000000012221
8065000,308,11766,129153,-361,17222,114581,109,19230,446,0,62909,0.0009999999999994458
8066000,2377,5242,125075,1409,-8179,128597,121,19227,496,0,62910,0.0009999999999994458
8067000,713,-9021,122841,-1893,-13100,129990,97,19228,397,0,62911,0.0010000000000012221
8068000,-1886,7375,126279,-10738,-2929,121284,108,19226,442,0,62912,0.0009999999999994458
8069000,-1105,10999,126388,1307,12556,119725,140,19226,573,1,62913,0.0009999999999994458
8070000,-3768,20058,129285,-4235,14864,121656,111,19225,573,1,62914,0.0010000000000012221
8071000,5732,-382,123493,-1889,-6235,129436,94,19231,455,1,62915,0.0009999999999994458
8072000,4173,-1818,121666,12866,-2523,125796,94,19227,385,0,62916,0.0009999999999994458
8073002,8888,2639,122455,938,2363,120284,109,19231,446,0,62917,0.0010019999999997253
8074001,10062,4398,125415,13161,3198,122441,113,19228,463,0,62918,0.0009990000000001942
8075000,4492,-3148,126237,5207,-10705,133798,114,19228,467,1,62919,0.0009990000000001942
8076002,3467,-7964,125222,-9096,-7873,127071,122,19221,467,1,62920,0.0010019999999997253
8077000,1749,23699,131356,5884,18275,117407,104,19229,500,1,62921,0.0009980000000009426
8078000,10342,6382,123739,8789,-690,124392,104,19232,426,1,62922,0.0009999999999994458
8079000,9432,1335,127933,2363,73,124806,110,19219,451,0,62923,0.0009999999999994458
8080000,11601,-8450,126087,5629,-16006,137187,88,19228,360,0,62924,0.0010000000000012221
8081000,5891,-14012,125954,12582,-10883,122912,105,19228,430,0,62925,0.0009999999999994458
8082000,1173,11994,133186,-6292,4139,129543,127,19226,430,1,62926,0.0009999999999994458
8083000,863,2587,128961,-5164,1877,127940,114,19224,520,1,62927,0.0010000000000012221
8084002,-2331,13031,133189,8036,7084,123900,114,19229,467,1,62928,0.0010019999999997253
8085000,3205,-6699,129753,-4664,-18247,135826,97,19227,397,1,62929,0.0009979999999991662
8086000,7091,-5883,126347,3538,-5760,119325,149,19230,610,0,62930,0.0010000000000012221
8087000,9539,567,131745,13765,-7900,137167,105,19228,430,0,62931,0.0009999999999994458
8088000,2115,-6834,129181,-3575,-7193,125135,105,19228,430,0,62932,0.0009999999999994458
8089000,1038,14539,135931,-21718,11382,130281,145,19225,430,1,62933,0.0010000000000012221
8090000,-7206,-1417,130057,7177,-2313,130654,145,19230,594,1,62934,0.0009999999999994458
8091000,-5531,4228,130355,-3804,-152,126290,109,19227,446,1,62935,0.0009999999999994458
8092000,1510,-10692,128110,-19860,-15120,139944,105,19222,430,0,62936,0.0009999999999994458
8093000,-588,-4284,128933,3305,-7171,123359,109,19227,446,0,62937,0.0010000000000012221
8094000,-91,11329,132292,911,8822,124119,115,19227,446,0,62938,0.0009999999999994458
8095000,-7350,-1849,129287,-19450,-5644,134589,131,19228,471,1,62939,0.0009999999999994458
8096000,-6460,-295,130457,-9056,-2759,130717,131,19224,537,1,62940,0.0010000000000012221
8097000,-10149,9743,131376,-8946,7241,126010,120,19228,491,1,62941,0.0009999999999994458
8098000,-2376,14590,129321,-13029,11910,116802,103,19227,422,1,62942,0.0009999999999994458
8099000,-5054,-178,128500,-4904,-3921,139585,141,19219,577,0,62943,0.0010000000000012221
8100000,-2335,-14054,123738,-5462,-17143,126967,101,19219,577,0,62944,0.0009999999999994458
8101000,-518,8957,128668,-7868,2791,119844,102,19232,414,0,62945,0.0009999999999994458
8102000,-2778,9975,128951,-10365,7613,123887,102,19227,418,1,62946,0.0010000000000012221
8103000,-7029,14498,128932,-4916,3758,125251,139,19229,569,1,62947,0.0009999999999994458
8104000,-9021,-1649,125393,-12644,5195,130622,115,19230,471,1,62948,0.0009999999999994458
8105000,8,503,125428,-11201,3719,123680,107,19221,438,0,62949,0.0010000000000012221
8106000,997,2366,122919,5650,-3139,125429,101,19221,438,0,62950,0.0009999999999994458
8107000,1066,4073,122908,-1439,590,121659,113,19228,414,0,62951,0.0009999999999994458
8108000,-950,3235,126370,-8098,-1926,130470,113,19229,463,0,62952,0.0009999999999994458
8109001,-854,5215,126025,-811,6382,124451,124,19219,508,1,62953,0.0010010000000004737
8110000,-1956,16718,126761,-169,13407,119725,117,19229,479,1,62954,0.0009990000000001942
8111000,2642,8881,125697,-2872,1332,122984,101,19230,414,1,62955,0.0009999999999994458
8112000,7542,830,123068,11198,-4719,134017,124,19230,414,0,62956,0.0010000000000012221
8113003,8852,-8556,121474,6780,-5004,122181,105,19230,508,0,62957,0.001002999999998977
8114000,8389,2230,125686,2231,3514,123299,105,19227,430,0,62958,0.0009969999999999146
8115001,5273,1523,127809,7519,-6547,128750,110,19227,451,1,62959,0.0010010000000004737
8116000,-258,5826,125829,1147,5264,123976,152,19229,623,1,62960,0.0009990000000001942
8117000,3941,6962,128319,-6684,7474,128302,113,19229,463,1,62961,0.0009999999999994458
8118000,7509,11111,125372,16529,8612,117677,100,19229,410,1,62962,0.0010000000000012221
8119000,13049,2956,124653,5529,-5427,128344,119,19221,410,0,62963,0.0009999999999994458
8120000,11403,-8876,126558,3485,-12964,129599,104,19234,487,0,62964,0.0009999999999994458
8121000,7179,-7067,129420,11744,-3972,132504,104,19230,426,0,62965,0.0010000000000012221
8122000,4227,4165,129695,-5405,7243,129534,112,19221,459,1,62966,0.0009999999999994458
8123000,-1056,15281,130739,-2822,7647,123924,109,19230,446,1,62967,0.0009999999999994458
8124000,4266,9474,130536,11866,4066,130354,106,19230,434,1,62968,0.0009999999999994458
8125000,4413,-8836,125136,-3850,-7370,125628,123,19231,434,0,62969,0.0010000000000012221
8126001,11829,-7159,132031,5641,-11068,132139,94,19223,504,0,62970,0.0010010000000004737
8127000,5977,-3265,129061,19017,-8520,129281,94,19229,385,0,62971,0.0009989999999984178
8128000,-602,-322,130072,-17785,-2308,126973,105,19227,430,0,62972,0.0010000000000012221
8129000,677,6093,134042,-14873,3061,132007,139,19224,569,1,62973,0.0009999999999994458
8130000,-8286,-1723,130617,8393,-3008,131145,114,19224,467,1,62974,0.0009999999999994458
8131000,-4237,3898,131354,-10474,792,127791,99,19231,467,1,62975,0.0010000000000012221
8132000,-552,-6014,129205,-18163,-12042,133962,140,19224,405,0,62976,0.0009999999999994458
8133000,3121,-910,129119,13605,-3159,126701,140,19232,573,0,62977,0.0009999999999994458
8134000,-1357,5710,129801,-2479,662,126477,107,19227,438,0,62978,0.0010000000000012221
8135001,-7604,842,131939,-26625,-5421,130885,115,19222,471,1,62979,0.0010009999999986974
8136000,-6397,11849,131158,-1092,10414,127120,129,19227,528,1,62980,0.0009990000000001942
8137000,-10534,2235,128036,-11908,157,131358,108,19227,528,1,62981,0.0010000000000012221
8138000,-2301,9711,131185,-9214,6639,122141,116,19232,442,1,62982,0.0009999999999994458
8139002,-4645,-4182,125716,-3305,-9050,129750,116,19215,475,0,62983,0.0010019999999997253
8140000,63,-5802,125844,-3740,-9592,124658,106,19234,434,0,62984,0.0009979999999991662
8141000,-2748,5201,128870,-7177,1633,127629,102,19227,418,0,62985,0.0010000000000012221
8142000,-4261,3521,126492,-10848,1344,126950,131,19224,537,1,62986,0.0009999999999994458
8143002,-8308,17744,129352,-9488,13348,124871,120,19224,537,1,62987,0.0010019999999997253
8144002,-5275,1610,126616,-8811,-2586,133099,103,19230,491,1,62988,0.0010000000000012221
8145000,-76,370,123600,1476,-2447,120685,103,19228,422,0,62989,0.0009979999999991662
8146000,-2341,4378,125919,-10697,1763,124767,135,19230,553,0,62990,0.0009999999999994458
8147000,3036,-3285,125366,-4094,-7632,120191,115,19228,471,0,62991,0.0010000000000012221
8148001,574,7600,126272,8344,-7260,134725,113,19227,463,0,62992,0.0010009999999986974
8149000,-2504,-6213,124304,-11528,-999,126751,151,19227,463,1,62993,0.0009990000000001942
8150000,-1615,17745,127783,-1074,13363,117411,109,19227,618,1,62994,0.0010000000000012221
8151000,3829,13089,125445,2820,3309,123370,109,19237,446,1,62995,0.0009999999999994458
8152000,9484,5313,123831,7685,-4111,122468,106,19223,434,0,62996,0.0009999999999994458
8153000,8376,-10330,121607,2998,-13268,134224,87,19228,356,0,62997,0.0010000000000012221
8154000,8513,-3643,125417,7937,922,119510,114,19228,467,0,62998,0.0009999999999994458
8155000,4723,9499,126631,6268,7410,123528,129,19228,467,1,62999,0.0009999999999994458
8156000,2613,5191,128404,-5905,5927,126475,115,19226,528,1,63000,0.0009999999999994458
8157000,5127,8210,126820,8172,6352,126690,115,19230,471,1,63001,0.0010000000000012221
8158001,7516,-6002,125125,11052,-5391,129687,99,19232,405,0,63002,0.0010010000000004737
8159000,9907,-1804,127267,907,5813,116593,139,19227,569,0,63003,0.0009989999999984178
8160002,9914,-4854,127089,11868,-19319,138238,100,19228,410,0,63004,0.0010020000000015017
8161001,4961,-9785,127795,3619,-6936,130109,104,19228,426,0,63005,0.0009989999999984178
8162002,3414,11029,132509,-5833,4362,127021,129,19223,426,1,63006,0.0010010000000004737
8163000,1144,11869,130402,5355,10797,126117,112,19227,528,1,63007,0.0009980000000009426
8164002,2153,13701,129055,440,6516,122193,112,19231,459,1,63008,0.0010019999999997253
8165000,8401,-9465,126928,-2237,-18518,137330,105,19222,430,0,63009,0.0009979999999991662
8166000,9914,-13956,127110,18107,-5474,127386,118,19224,483,0,63010,0.0010000000000012221
8167000,6323,1114,129093,5069,-1283,129190,106,19224,434,0,63011,0.0009999999999994458
8168001,-134,-298,131488,-19011,651,125258,119,19230,434,1,63012,0.0010010000000004737
8169000,-1164,11717,133274,-4051,3771,128598,108,19222,487,1,63013,0.0009990000000001942
8170000,-7241,-6715,131886,2547,-9410,137108,108,19234,442,1,63014,0.0009999999999994458
8171000,-5736,4347,129595,-17613,4069,119767,98,19232,401,1,63015,0.0009999999999994458
8172000,1743,-5011,129823,-7883,-12626,132268,127,19224,520,0,63016,0.0009999999999994458
8173000,2316,817,129438,9275,-3389,129227,104,19224,426,0,63017,0.0010000000000012221
8174001,-2612,1721,129039,-8189,1091,125900,109,19229,426,0,63018,0.0010010000000004737
8175000,-9842,3286,133882,-22889,-4386,127671,152,19229,446,1,63019,0.0009989999999984178
8176000,-9408,3389,130311,-6622,3444,128714,152,19227,623,1,63020,0.0010000000000012221
8177006,-10336,5391,130396,-7010,423,132594,115,19230,471,1,63021,0.0010060000000002844
8178005,-2757,2284,128799,-11353,-80,125471,100,19224,410,1,63022,0.0009989999999984178
8179002,-4396,1948,126118,-5701,-3806,123755,161,19230,659,0,63023,0.0009969999999999146
8180000,-1496,-2343,127313,-5870,-5013,131426,105,19230,659,0,63024,0.0009980000000009426
8181000,-593,3298,126780,-11294,2610,122044,113,19226,430,0,63025,0.0009999999999994458
8182000,-6660,14017,129082,-6655,6881,127405,113,19217,463,1,63026,0.0010000000000012221
8183001,-7915,12160,125184,-14806,9512,123987,116,19225,475,1,63027,0.0010009999999986974
8184000,-3182,3544,126084,-5680,1035,125619,105,19233,430,1,63028,0.0009990000000001942
8185000,-1132,1435,125870,-6485,180,129732,123,19225,504,0,63029,0.0010000000000012221
8186000,3581,184,123210,-4813,-1545,120624,99,19225,504,0,63030,0.0009999999999994458
8187000,-933,-706,125867,1278,-4930,127447,110,19228,405,0,63031,0.0009999999999994458
8188000,-202,4567,126197,-6446,828,125254,110,19227,451,1,63032,0.0009999999999994458
8189000,-4649,8766,126515,-4725,6969,122419,140,19220,573,1,63033,0.0010000000000012221
8190000,-482,9972,128617,-1317,6245,126792,111,19231,455,1,63034,0.0009999999999994458
8191000,3238,3516,122468,4512,119,121793,94,19229,385,1,63035,0.0009999999999994458
8192000,8150,7604,124778,-2122,3783,122223,113,19229,385,0,63036,0.0010000000000012221
8193000,11660,-1464,123464,12086,-5817,126481,119,19230,463,0,63037,0.0009999999999994458
8194001,6243,-2395,126393,10868,-5624,130921,119,19226,487,0,63038,0.0010010000000004737
8195000,3440,470,127899,-8287,-2240,122647,118,19219,483,1,63039,0.0009990000000001942
8196000,1814,15586,130179,5326,9809,122052,121,19228,496,1,63040,0.0009999999999994458
8197000,6745,11510,127009,9037,-4862,130000,106,19232,434,1,63041,0.0009999999999994458
8198000,8295,2649,124604,2363,1148,119836,113,19232,434,0,63042,0.0010000000000012221
8199000,10081,-1185,124658,1369,-11711,133369,89,19227,463,0,63043,0.0009999999999994458
8200000,12068,-6400,127601,13502,-923,121202,89,19232,365,0,63044,0.0009999999999994458
8201002,5322,811,129299,-1131,-7528,132897,103,19229,422,0,63045,0.0010019999999997253
8202000,3826,-5505,129535,-7029,-2374,130970,125,19224,512,1,63046,0.0009980000000009426
8203001,1628,22683,131277,7006,14041,118876,113,19230,463,1,63047,0.0010010000000004737
8204000,1976,8195,128431,-558,-3686,131812,98,19230,401,1,63048,0.0009989999999984178
8205000,8290,-7199,127567,-4134,-7489,125037,153,19228,401,0,63049,0.0010000000000012221
8206000,10177,-11372,129805,21182,-14981,146155,108,19234,627,0,63050,0.0009999999999994458
8207000,5800,-9919,126141,4074,-9227,120511,108,19228,442,0,63051,0.0009999999999994458
8208000,518,11632,133161,-24337,12415,124650,108,19225,442,1,63052,0.0010000000000012221
8209000,-5954,6346,133779,4252,2527,134893,140,19227,573,1,63053,0.0009999999999994458
8210000,-6088,7607,129244,27,2088,119514,106,19227,434,1,63054,0.0009999999999994458
8211003,-4820,-6538,129425,-20640,-9469,138483,105,19229,434,1,63055,0.0010030000000007533
8212001,979,-3654,128887,144,-157,122027,96,19218,430,0,63056,0.0009979999999991662
8213000,6257,2777,128084,2165,-1906,130647,96,19231,393,0,63057,0.0009990000000001942
8214000,-3473,-717,132451,-14225,-1090,129741,114,19228,467,0,63058,0.0010000000000012221
8215003,-4670,2793,130667,-13949,635,129844,129,19221,528,1,63059,0.001002999999998977
8216001,-11361,2390,130376,-9232,3368,134437,118,19230,483,1,63060,0.0009980000000009426
8217000,-7591,16048,130895,-10827,10352,118404,102,19230,483,1,63061,0.0009989999999984178
8218000,-4326,4591,128093,-7484,1805,134561,141,19230,418,0,63062,0.0010000000000012221
8219000,-5400,-3770,124256,-11254,-2858,123124,141,19221,577,0,63063,0.0009999999999994458
8220000,1520,-5850,127112,-5100,-4624,131520,103,19230,422,0,63064,0.0009999999999994458
8221002,-2587,2253,127135,-3074,2796,126074,108,19227,442,0,63065,0.0010020000000015017
8222000,-5554,14397,127927,-9431,7427,119736,145,19229,594,1,63066,0.0009979999999991662
8223002,-8426,7342,128021,-14446,3052,133106,116,19229,594,1,63067,0.0010019999999997253
8224000,-1652,4678,126333,-4523,1398,120796,106,19230,475,1,63068,0.0009980000000009426
8225000,1160,2502,127442,5302,-401,127684,106,19222,434,0,63069,0.0009999999999994458
8226000,-187,-2877,124034,-5805,-5779,125108,104,19227,426,0,63070,0.0009999999999994458
8227000,3744,3702,124718,-2207,1700,125932,111,19228,455,0,63071,0.0010000000000012221
8228000,-1658,8004,126779,1142,6577,125800,123,19220,504,1,63072,0.0009999999999994458
8229000,-2270,15043,126011,-8310,12729,119125,116,19220,504,1,63073,0.0009999999999994458
8230000,307,3543,125698,3159,2845,129902,100,19232,475,1,63074,0.0010000000000012221
8231000,7105,-3140,121059,859,-5017,119274,100,19228,410,0,63075,0.0009999999999994458
8232000,10314,725,124836,7227,-4538,127877,124,19228,508,0,63076,0.0009999999999994458
8233000,6656,-4483,124707,8826,-8016,124416,105,19228,430,0,63077,0.0009999999999994458
8234000,6732,-5373,126630,1564,-11354,129692,115,19225,471,0,63078,0.0010000000000012221
8235000,-551,1866,127615,5350,-278,129160,149,19225,471,1,63079,0.0009999999999994458
8236000,4156,16700,129041,-4729,14741,116346,114,19229,610,1,63080,0.0009999999999994458
8237000,7015,8768,127005,9613,4148,127668,114,19228,467,1,63081,0.0010000000000012221
8238000,9184,386,124272,9341,-3152,122395,100,19227,410,0,63082,0.0009999999999994458
8239000,11234,-4466,125097,-1081,-7698,132050,131,19235,537,0,63083,0.0009999999999994458
8240000,4814,-8058,127725,15309,-12359,130916,105,19227,430,0,63084,0.0010000000000012221
8241000,7906,-13626,128493,-5580,-18089,133439,112,19227,430,1,63085,0.0009999999999994458
8242000,445,18054,132118,3117,3547,118157,111,19222,459,1,63086,0.0009999999999994458
8243000,620,13188,129468,2873,-806,131209,111,19228,455,1,63087,0.0010000000000012221
8244000,5921,-2875,127749,-2548,-5836,130361,108,19232,442,1,63088,0.0009999999999994458
8245000,8899,-4812,128978,8952,-10671,124299,121,19229,496,0,63089,0.0009999999999994458
8246000,11680,-3363,128626,7017,-615,127122,94,19233,385,0,63090,0.0010000000000012221
8247000,-510,-3780,130380,-6596,-5621,135866,103,19233,422,0,63091,0.0009999999999994458
8248002,3326,-4293,131170,-14596,-345,130344,137,19228,422,1,63092,0.0010019999999997253
8249003,-8334,8114,132400,6814,6642,127882,116,19220,561,1,63093,0.0010010000000004737
8250000,-8813,3725,130877,-6874,2593,127165,116,19230,475,1,63094,0.0009969999999999146
8251000,1311,-1561,130600,-18673,-12284,132769,100,19224,410,0,63095,0.0009999999999994458
8252001,-640,-14331,127396,9009,-13828,133456,150,19231,614,0,63096,0.0010010000000004737
8253000,2689,2159,132547,1426,6849,119477,106,19231,434,0,63097,0.0009990000000001942
8254006,-8535,11974,130882,-25819,-3669,129111,114,19232,434,0,63098,0.0010060000000002844
8255010,-6568,-1594,131246,-10748,-4756,135838,139,19225,467,1,63099,0.0010040000000000049
8256000,-8347,-140,130723,-2973,-1961,134753,139,19229,569,1,63100,0.0009899999999998244
8257000,-9038,9312,129475,-12034,8672,119712,111,19229,455,1,63101,0.0009999999999994458
8258000,-2031,10028,127638,-10941,3664,126662,113,19224,463,0,63102,0.0009999999999994458
8259000,-4396,-10349,125426,-2453,-15413,135311,115,19224,471,0,63103,0.0010000000000012221
8260000,-88,644,126041,232,278,123874,102,19230,471,0,63104,0.0009999999999994458
8261000,-6943,3298,127369,-18057,-1560,128038,131,19229,418,1,63105,0.0009999999999994458
8262000,-6439,13634,128942,-8245,15224,116729,131,19221,537,1,63106,0.0010000000000012221
8263000,-4355,9314,129680,-7292,-5209,138185,118,19227,483,1,63107,0.0009999999999994458
8264000,-3035,-2783,122454,-4368,1193,123603,103,19228,422,1,63108,0.0009999999999994458
8265000,498,13165,125773,-4535,17273,113945,138,19228,565,0,63109,0.0009999999999994458
8266000,3289,-1774,124333,-947,-8961,126574,107,19233,565,0,63110,0.0010000000000012221
8267000,4697,-2698,125647,2290,-8118,132293,111,19228,438,0,63111,0.0009999999999994458
8268000,-1564,-4506,124801,-4828,-5825,132859,111,19227,455,1,63112,0.0009999999999994458
8269000,-4651,20736,129270,-3787,22130,110460,157,19228,643,1,63113,0.0010000000000012221
8270000,1372,14617,126161,-3212,8785,128373,111,19235,455,1,63114,0.0009999999999994458
8271000,6614,-4326,123477,6465,-8949,130375,102,19218,418,0,63115,0.0009999999999994458
8272000,8770,2878,122329,8116,563,119748,90,19218,418,0,63116,0.0010000000000012221
8273000,5345,690,125272,2050,-1533,122814,117,19230,369,0,63117,0.0009999999999994458
8274000,6182,-942,126058,4783,-3470,125297,117,19228,479,0,63118,0.0009999999999994458
8275000,4719,-9357,127587,5518,-10579,132671,130,19223,532,1,63119,0.0010000000000012221
8276000,1889,11124,127969,-4090,10774,120762,117,19229,479,1,63120,0.0009999999999994458
8277000,5445,13647,126474,5291,8268,121320,99,19231,405,1,63121,0.0009999999999994458
8278000,10732,-4573,124422,10729,-8142,125881,134,19231,405,0,63122,0.0010000000000012221
8279002,10667,-8564,127422,3283,-12044,133462,104,19228,549,0,63123,0.0010019999999997253
8280001,6515,-7335,127205,10697,-10069,128244,104,19227,426,0,63124,0.0009990000000001942
8281000,4394,8139,131091,1884,4547,122266,105,19226,430,1,63125,0.0009989999999984178
8282002,604,10174,130809,-4754,5869,130838,140,19229,573,1,63126,0.0010020000000015017
8283000,-237,-114,129655,3321,-2530,127497,116,19231,475,1,63127,0.0009979999999991662
8284001,3206,-1524,127829,1895,-5740,125968,104,19231,475,1,63128,0.0010010000000004737
8285000,7627,-244,128324,-3909,-4182,127842,130,19223,426,0,63129,0.0009990000000001942
8286000,7999,-8607,128474,12274,-10570,131426,130,19233,532,0,63130,0.0009999999999994458
8287001,1717,-2751,129792,4238,-6357,134024,113,19228,463,0,63131,0.0010010000000004737
8288000,-1721,1827,130966,-20435,-1282,125380,117,19216,479,1,63132,0.0009990000000001942
8289000,-4546,17909,134908,-10297,5063,126487,114,19228,467,1,63133,0.0009999999999994458
8290000,-3792,2815,130881,10511,-9952,133441,102,19228,467,1,63134,0.0009999999999994458
8291000,-3951,-14051,126506,-11604,-15749,132263,125,19234,418,0,63135,0.0010000000000012221
8292002,-1149,-7126,129080,2027,1721,129089,125,19224,512,0,63136,0.0010019999999997253
8293000,160,2910,130140,11111,8410,122136,98,19228,401,0,63137,0.0009979999999991662
8294000,-4576,10995,132799,-22717,2926,128292,108,19225,442,0,63138,0.0010000000000012221
8295000,-8805,-2276,129250,-19489,-4803,134347,146,19228,598,1,63139,0.0009999999999994458
8296000,-6798,4518,130481,-1898,3816,125533,116,19228,475,1,63140,0.0009999999999994458
8297000,-3473,10100,129553,-8376,2527,125974,101,19229,475,1,63141,0.0009999999999994458
8298000,-3133,9059,129966,-13314,-6396,124539,165,19228,414,0,63142,0.0010000000000012221
8299000,-2603,-6277,126026,-7144,-12992,133373,165,19232,676,0,63143,0.0009999999999994458
8300000,-2572,17,127774,-6531,2696,126861,102,19229,418,0,63144,0.0009999999999994458
8301000,-4352,14822,130140,-2982,6471,115543,108,19221,442,1,63145,0.0010000000000012221
8302002,-9542,11333,127931,-8837,6425,126013,115,19221,471,1,63146,0.0010019999999997253
8303000,-5329,-622,127827,-17242,-5547,132876,112,19228,471,1,63147,0.0009979999999991662
8304000,1154,6026,126720,5221,9381,119714,121,19231,459,0,63148,0.0010000000000012221
8305000,1981,1550,123779,1107,-3537,128333,121,19227,496,0,63149,0.0009999999999994458
8306000,3379,-3461,124328,-6560,-4198,122055,98,19230,401,0,63150,0.0009999999999994458
8307000,-1763,775,124345,-6419,-2429,131442,109,19224,446,0,63151,0.0010000000000012221
8308000,1310,8623,123564,-2049,8583,123396,137,19224,561,1,63152,0.0009999999999994458
8309000,-3866,25002,126599,618,19824,116830,114,19222,561,1,63153,0.0009999999999994458
8310000,3934,-325,122717,-1686,-2930,129031,95,19229,467,1,63154,0.0010000000000012221
8311000,8402,9933,124082,2867,9264,119564,95,19230,389,0,63155,0.0009999999999994458
8312000,9863,-51,122248,10895,-2255,135971,112,19230,459,0,63156,0.0009999999999994458
8313000,11539,-5488,124655,11772,-7044,116659,111,19228,455,0,63157,0.0009999999999994458
8314000,1691,-140,126622,-1293,-3801,127806,116,19221,475,1,63158,0.0010000000000012221
8315000,3811,4519,129695,-4367,3001,128386,125,19221,475,1,63159,0.0009999999999994458
8316000,3821,14962,127724,11071,8896,120721,108,19227,512,1,63160,0.0009999999999994458
8317000,6100,2293,126628,3282,-941,131462,108,19233,442,1,63161,0.0010000000000012221
8318000,10850,6482,127024,33,2348,113957,109,19221,446,0,63162,0.0009999999999994458
8319000,10392,-10161,127435,16058,-14346,138329,87,19236,356,0,63163,0.0009999999999994458
8320000,7738,-181,128014,9716,1417,127126,104,19229,426,0,63164,0.0010000000000012221
8321000,2112,725,128199,-12709,-3213,132628,126,19229,426,1,63165,0.0009999999999994458
8322000,892,15820,133661,4147,14922,122192,115,19222,516,1,63166,0.0009999999999994458
8323002,1330,11037,129934,7311,3131,124249,115,19232,471,1,63167,0.0010019999999997253
8324001,6798,-8513,131421,-4559,-11154,142521,101,19228,414,0,63168,0.0009990000000001942
8325000,8995,-8503,125544,6449,-10586,119059,149,19229,610,0,63169,0.0009990000000001942
8326000,11088,-2912,129145,16714,-7479,138022,105,19229,430,0,63170,0.0009999999999994458
8327000,843,1347,130572,-6175,-1219,121141,109,19229,430,0,63171,0.0010000000000012221
8328000,901,7355,132564,-21721,2919,130559,145,19224,446,1,63172,0.0009999999999994458
8329000,-9749,7855,134014,10954,6441,132665,145,19225,594,1,63173,0.0009999999999994458
8330000,-3479,-1868,128820,-8063,-4953,123697,108,19233,442,1,63174,0.0010000000000012221
8331000,457,-13536,130446,-15894,-17621,139130,103,19220,422,0,63175,0.0009999999999994458
8332000,2922,-3927,127912,7387,-6877,123207,106,19232,434,0,63176,0.0009999999999994458
8333000,-776,4780,129238,-1148,504,127971,113,19232,434,0,63177,0.0010000000000012221
8334000,-8742,1156,131925,-17049,-1475,127286,127,19228,463,1,63178,0.0009999999999994458
8335000,-7522,-920,130410,-17180,-4614,140293,127,19219,520,1,63179,0.0009999999999994458
8336000,-9893,4333,132023,-336,4779,118629,116,19232,475,1,63180,0.0010000000000012221
8337000,-5043,15939,129537,-13135,11454,123367,100,19231,410,1,63181,0.0009999999999994458
8338000,-4667,-5808,126325,-9743,-8695,135006,136,19223,557,0,63182,0.0009999999999994458
8339000,-3731,-10928,124247,2231,-4279,123173,103,19223,557,0,63183,0.0010000000000012221
8340000,1052,-1536,127507,-12641,-41,131795,109,19228,422,0,63184,0.0009999999999994458
8341000,-7453,12568,129409,-997,15076,114400,109,19225,446,1,63185,0.0009999999999994458
8342000,-6134,11384,129208,-11030,-238,134812,148,19229,606,1,63186,0.0009999999999994458
8343006,-7984,-4752,126185,-11800,-4147,127409,114,19230,467,1,63187,0.0010060000000002844
8344002,-2136,6663,126416,3069,5880,122392,105,19225,430,0,63188,0.000996000000000663
8345001,-522,4898,124347,-3870,-872,123880,115,19225,471,0,63189,0.0009990000000001942
8346000,-114,-2300,122385,-4355,1214,124670,113,19229,471,0,63190,0.0009990000000001942
8347000,1970,-6042,126345,1892,495,132422,121,19227,463,0,63191,0.0009999999999994458
8348000,-2139,10370,125366,-2569,3910,116538,121,19218,496,1,63192,0.0009999999999994458
8349000,-1757,15606,126208,-11404,5503,126122,120,19234,491,1,63193,0.0010000000000012221
8350000,1447,6363,126250,6082,-102,126252,99,19228,405,1,63194,0.0009999999999994458
8351000,9236,2378,123299,5770,1458,121162,122,19228,500,0,63195,0.0009999999999994458
8352000,8753,-1310,125014,-13,-5746,129516,105,19229,500,0,63196,0.0010000000000012221
8353000,5836,-3958,124319,11075,-11969,122230,117,19226,430,0,63197,0.0009999999999994458
8354000,7497,265,125899,9422,-5185,130637,117,19229,479,1,63198,0.0009999999999994458
8355000,-366,5924,127556,-11032,17458,123773,146,19231,598,1,63199,0.0010000000000012221
8356000,4989,11871,127566,9694,9876,123528,114,19230,467,1,63200,0.0009999999999994458
8357001,8978,-2114,123334,9289,-4680,128638,99,19224,405,1,63201,0.0010010000000004737
8358000,8977,1724,125499,1337,-2416,122233,129,19224,405,0,63202,0.0009989999999984178
8359000,11892,-7716,126909,16702,-5736,133274,106,19233,528,0,63203,0.0010000000000012221
8360000,6112,-8786,128835,4037,-13768,127804,106,19231,434,0,63204,0.0009999999999994458
8361001,3826,-1792,131842,-8090,-7409,138032,112,19220,459,1,63205,0.0010010000000004737
8362000,-1865,15236,131011,7405,10766,120544,117,19230,479,1,63206,0.0009990000000001942
8363000,-313,15034,129731,-927,12221,123702,105,19230,430,1,63207,0.0009999999999994458
8364000,5935,-2784,128954,-4521,-7419,135476,117,19230,430,0,63208,0.0009999999999994458
8365000,8634,-9961,125688,10826,-10009,127962,91,19216,479,0,63209,0.0010000000000012221
8366000,7376,-612,130038,14385,-2727,132148,91,19233,373,0,63210,0.0009999999999994458
8367000,1533,-5078,129155,-17174,-4561,126548,106,19224,434,0,63211,0.0009999999999994458
8368000,1390,8290,134960,-9248,4330,132632,133,19221,545,1,63212,0.0010000000000012221
8369000,-7707,363,130911,7340,-2751,130858,115,19232,471,1,63213,0.0009999999999994458
8370000,-5067,5937,131196,-13001,3788,124031,96,19232,471,1,63214,0.0009999999999994458
8371000,588,2409,128015,-14526,-1060,129740,140,19229,393,0,63215,0.0010000000000012221
8372001,736,-3404,128098,8879,-7625,127254,140,19232,573,0,63216,0.0010009999999986974
8373000,1230,-6984,130336,-1079,-10797,133519,108,19226,442,0,63217,0.0009990000000001942
8374000,-8226,4511,131795,-17739,2305,120822,114,19225,467,1,63218,0.0009999999999994458
8375000,-10346,7664,132606,-12553,4972,132262,133,19229,545,1,63219,0.0010000000000012221
8376000,-9419,8443,130284,-9682,5387,127700,111,19229,545,1,63220,0.0009999999999994458
8377000,-5794,3859,128441,-10812,732,123279,110,19230,455,1,63221,0.0009999999999994458
8378000,-4253,-3825,127288,-5785,-7178,129465,110,19221,451,0,63222,0.0010000000000012221
8379000,-1472,-2180,126893,-8277,-5029,127639,133,19231,545,0,63223,0.0009999999999994458
8380000,-1420,1873,127852,-2700,-1642,126740,104,19228,426,0,63224,0.0009999999999994458
8381001,-5401,11462,127908,-11109,8103,121508,125,19223,512,1,63225,0.0010010000000004737
8382000,-7960,8676,128197,-10651,5906,137589,117,19223,512,1,63226,0.0009990000000001942
8383000,-9040,17763,126373,-8431,8570,109715,105,19233,479,1,63227,0.0009999999999994458
8384000,2929,10151,126558,-11895,-3307,133358,105,19227,430,0,63228,0.0010000000000012221
8385000,-1393,-8595,126613,9468,-7959,124774,143,19231,586,0,63229,0.0009999999999994458
8386000,4093,1471,123353,-4610,-1313,125058,111,19228,455,0,63230,0.0009999999999994458
8387000,-3003,-5448,125611,-9555,2099,130401,111,19224,455,0,63231,0.0010000000000012221
8388000,-274,16370,128687,-3618,12614,116982,165,19224,676,1,63232,0.0009999999999994458
8389000,-1511,10546,125916,-733,-1044,132690,112,19231,676,1,63233,0.0009999999999994458
8390000,2127,4191,124002,-2035,4109,118193,104,19228,459,1,63234,0.0009999999999994458
8391001,11796,4253,124326,8266,-4776,126947,104,19225,426,0,63235,0.0010010000000004737
8392000,8349,-820,123785,14059,-7507,121113,86,19227,352,0,63236,0.0009990000000001942
8393000,8038,-1201,125137,-2001,-11206,133107,112,19225,459,0,63237,0.0009999999999994458
8394000,3076,-9131,126900,509,-3715,129814,122,19225,500,1,63238,0.0010000000000012221
8395002,2245,26815,129720,7679,18914,112322,113,19222,500,1,63239,0.0010019999999997253
8396001,4528,3434,125148,8628,-10167,137146,100,19232,463,1,63240,0.0009990000000001942
8397002,7841,-33,126685,-283,1681,120863,100,19229,410,1,63241,0.0010009999999986974
8398000,15042,1024,125948,3494,-4088,129671,130,19224,532,0,63242,0.0009980000000009426
8399000,9533,-2422,126945,18520,-5659,125157,99,19228,405,0,63243,0.0009999999999994458
8400003,6933,-3539,128659,-4169,-12969,131478,101,19228,414,0,63244,0.0010030000000007533
8401000,117,-1910,129594,-8529,-545,129996,136,19228,414,1,63245,0.0009969999999999146
8402000,1714,15314,131363,11653,9449,125082,113,19231,557,1,63246,0.0009999999999994458
8403000,1277,9151,129673,-734,3578,122221,113,19228,463,1,63247,0.0010000000000012221
8404000,6962,1035,129430,-7473,-10649,129399,104,19224,426,0,63248,0.0009999999999994458
8405001,10377,-19938,127364,19230,-20683,137409,134,19231,549,0,63249,0.0010010000000004737
8406000,3918,-2932,129246,8792,2536,129311,104,19228,426,0,63250,0.0009989999999984178
8407000,-135,8271,132261,-25058,5482,119148,111,19228,426,0,63251,0.0010000000000012221
8408000,-1484,9073,132812,296,4017,130402,116,19224,455,1,63252,0.0009999999999994458
8409000,-5496,-3611,130988,7545,-7424,137783,116,19229,475,1,63253,0.0009999999999994458
8410000,-5343,5688,128405,-16615,3539,121998,103,19230,422,1,63254,0.0010000000000012221
8411000,2478,-4238,128022,-12569,-2647,133386,120,19221,491,0,63255,0.0009999999999994458
8412000,5167,2842,129816,14815,1098,125986,96,19230,393,0,63256,0.0009999999999994458
8413002,-3659,2159,127323,-7810,202,128948,108,19230,393,0,63257,0.0010019999999997253
8414000,-4813,3300,130943,-26722,347,131163,146,19227,442,1,63258,0.0009980000000009426
8415000,-9450,1341,130879,-2024,1620,132769,146,19226,598,1,63259,0.0009999999999994458
8416000,-7212,11366,130211,-5346,8914,125079,118,19232,483,1,63260,0.0010000000000012221
8417000,-3979,9640,129244,-15004,6890,124230,101,19227,414,1,63261,0.0009999999999994458
8418000,-3630,-5888,126644,-11239,-8875,137879,166,19233,680,0,63262,0.0009999999999994458
8419000,356,-7960,124494,2585,-9215,121727,103,19233,680,0,63263,0.0010000000000012221
8420005,-3284,6743,128203,-8189,3253,120143,110,19229,422,0,63264,0.0010049999999992565
8421001,-5133,5423,127987,-15529,2003,128449,110,19223,451,1,63265,0.000996000000000663
8422000,-6282,4478,126697,-1063,387,123184,121,19227,496,1,63266,0.0009989999999984178
8423000,-5156,3544,126963,-10624,476,130950,112,19230,459,1,63267,0.0010000000000012221
8424000,-1658,12742,127002,-91,9563,116039,117,19222,479,0,63268,0.0009999999999994458
8425000,-970,-1816,125395,-2238,-4166,128160,100,19222,479,0,63269,0.0009999999999994458
8426000,1055,-2487,124833,-7981,-5874,119569,108,19228,410,0,63270,0.0010000000000012221
8427000,859,10060,127648,-732,6773,128178,108,19227,442,0,63271,0.0009999999999994458
8428000,-4424,4453,123625,7937,537,120563,135,19220,553,1,63272,0.0009999999999994458
8429000,-3209,9207,124627,-14448,5208,126112,114,19231,467,1,63273,0.0010000000000012221
8430000,8888,4629,126467,-2468,402,123637,97,19231,397,1,63274,0.0009999999999994458
8431000,9970,10252,122269,21350,4905,116893,120,19231,397,0,63275,0.0009999999999994458
8432000,10729,-7637,126625,4233,-10849,134850,113,19234,491,0,63276,0.0010000000000012221
8433000,7073,-13650,125070,-1778,-9158,125516,113,19230,463,0,63277,0.0009999999999994458
8434000,4925,1915,126434,11016,526,132146,115,19225,471,1,63278,0.0009999999999994458
8435000,-770,14035,130461,-2670,12840,117586,132,19229,541,1,63279,0.0010000000000012221
8436001,4507,10992,127015,-228,3731,126030,105,19231,430,1,63280,0.0010009999999986974
8437000,7508,1977,125819,13846,-2996,129106,107,19231,438,0,63281,0.0009990000000001942
8438000,12316,-1637,125148,3395,-5646,126859,101,19220,438,0,63282,0.0009999999999994458
8439000,10450,-8346,126919,12956,-9144,127895,111,19227,414,0,63283,0.0010000000000012221
8440000,4891,-619,129084,-2663,-1340,126891,111,19233,455,0,63284,0.0009999999999994458
8441000,4613,827,130334,-957,-836,137064,125,19222,512,1,63285,0.0009999999999994458
8442000,288,12533,131934,4271,7946,120229,113,19232,463,1,63286,0.0010000000000012221
8443000,3140,3848,128400,-10696,-6410,127748,100,19232,410,1,63287,0.0009999999999994458
8444000,5829,-2618,130569,11024,-11439,129133,144,19229,410,0,63288,0.0009999999999994458
8445000,9992,-16369,127096,11968,-16580,132571,103,19228,590,0,63289,0.0010000000000012221
8446000,6241,-65,130908,3686,5074,131958,103,19224,422,0,63290,0.0009999999999994458
8447001,-1598,3217,129025,-21365,1509,125222,106,19224,434,1,63291,0.0010010000000004737
8448000,-3,15533,133066,-642,13845,123775,144,19228,590,1,63292,0.0009990000000001942
8449000,-6998,3438,131369,4083,-6722,135014,110,19230,451,1,63293,0.0009999999999994458
8450000,-4363,-9649,129416,-14109,-13874,133358,104,19230,451,1,63294,0.0009999999999994458
8451000,-344,-12735,127941,-13586,-14636,131121,102,19224,426,0,63295,0.0009999999999994458
8452000,3927,11152,131067,7847,10514,121386,102,19228,418,0,63296,0.0010000000000012221
8453000,-2635,4793,128794,-675,6062,130327,111,19228,455,0,63297,0.0009999999999994458
8454001,-9299,8,130204,-27397,-5720,125760,125,19221,512,1,63298,0.0010010000000004737
8455000,-8475,-4150,129688,-11215,-9777,138570,115,19228,471,1,63299,0.0009990000000001942
8456000,-9075,17532,130137,3960,15968,121036,102,19228,471,1,63300,0.0009999999999994458
8457000,-3572,10114,128605,-13870,5639,123924,132,19228,418,0,63301,0.0009999999999994458
8458000,-4236,-13086,124614,-13341,-13008,132897,132,19219,541,0,63302,0.0010000000000012221
8459000,-2488,-4205,125382,-5292,-5132,128197,102,19229,418,0,63303,0.0009999999999994458
8460000,1284,9611,128266,-3260,8169,122253,105,19228,430,0,63304,0.0009999999999994458
8461000,-8243,15682,129270,-5390,11868,122111,147,19228,602,1,63305,0.0010000000000012221
8462000,-6376,944,125569,-22914,-2357,130764,116,19228,602,1,63306,0.0009999999999994458
8463002,-4177,2476,127384,-4126,-1314,125492,104,19228,475,1,63307,0.0010019999999997253
8464000,1388,2390,127228,8119,-1003,121811,104,19223,426,0,63308,0.0009980000000009426
8465000,116,4284,124225,1793,3761,123550,107,19231,438,0,63309,0.0009999999999994458
8466000,-2729,-1980,126178,-14602,-6132,129811,106,19224,434,0,63310,0.0009999999999994458
8467000,2206,3220,127335,-642,2627,126496,120,19219,491,1,63311,0.0009999999999994458
8468000,-4526,13861,126423,5010,10449,120274,121,19219,491,1,63312,0.0010000000000012221
8469001,-3202,10559,127462,-11929,7526,125227,101,19226,496,1,63313,0.0010010000000004737
8470000,6437,4126,123109,-1258,-140,126912,101,19230,414,0,63314,0.0009989999999984178
8471000,9131,-2245,124571,12423,-6588,128506,117,19226,479,0,63315,0.0010000000000012221
8472000,10247,-2973,123943,7281,-5853,120862,109,19227,446,0,63316,0.0009999999999994458
8473000,4489,-2369,125996,1494,-5753,128721,119,19228,487,0,63317,0.0009999999999994458
8474000,4045,1339,125175,2466,-2115,125084,150,19228,487,1,63318,0.0010000000000012221
8475000,3511,11920,128833,678,9831,126114,115,19228,614,1,63319,0.0009999999999994458
8476000,5471,5228,126942,7795,2936,127793,115,19231,471,1,63320,0.0009999999999994458
8477000,10331,8507,125630,8207,605,121466,98,19223,401,0,63321,0.0010000000000012221
8478000,8048,-7827,126326,-1305,-12380,138308,137,19231,561,0,63322,0.0009999999999994458
8479000,9592,-12087,127780,14539,-12296,129454,106,19228,434,0,63323,0.0009999999999994458
8480000,1829,3997,127799,2552,6537,121392,109,19228,446,1,63324,0.0010000000000012221
8481000,-41,10864,132029,-7997,12255,128097,116,19223,446,1,63325,0.0009999999999994458
8482000,1337,3022,129504,8844,2333,130562,104,19228,475,1,63326,0.0009999999999994458
8483000,3661,-4208,128750,1051,-10034,132186,104,19232,426,1,63327,0.0009999999999994458
8484000,9123,-3243,126121,1462,-7251,123083,113,19221,463,0,63328,0.0010000000000012221
8485000,5720,-1566,131343,16834,-2006,128361,90,19234,369,0,63329,0.0009999999999994458
8486000,6550,-9265,127286,-4149,-16603,136410,106,19234,434,0,63330,0.0009999999999994458
8487000,-334,417,131605,-18578,1009,129062,134,19228,434,1,63331,0.0010000000000012221
8488000,-7735,9245,133996,5627,4638,126468,113,19222,549,1,63332,0.0009999999999994458
8489000,-8274,16847,129962,-6205,2351,123365,113,19231,463,1,63333,0.0009999999999994458
8490000,303,-7179,129770,-16625,-19533,142879,98,19229,401,0,63334,0.0010000000000012221
8491000,-414,-21122,126424,5970,-10158,130660,150,19232,614,0,63335,0.0009999999999994458
8492000,4117,11856,129576,-2910,13042,119897,108,19232,442,0,63336,0.0009999999999994458
8493000,-6922,8328,131198,-15760,2107,129341,115,19228,442,0,63337,0.0010000000000012221
8494000,-4539,-2106,130103,-9479,-8800,134200,135,19224,471,1,63338,0.0009999999999994458
8495000,-8272,-1812,129191,-8084,-2342,135018,135,19227,553,1,63339,0.0009999999999994458
8496002,-8818,12649,130775,-11937,14230,118012,110,19231,451,1,63340,0.0010019999999997253
8497000,-566,12511,130889,-7490,-573,125820,110,19221,451,0,63341,0.0009980000000009426
8498000,-4337,-6779,125649,-2709,-12921,136381,129,19232,528,0,63342,0.0009999999999994458
8499000,-2326,-7285,125779,-6713,-10361,126384,103,19232,528,0,63343,0.0009999999999994458
8500000,-3639,13446,129897,-16850,14842,119532,124,19231,422,1,63344,0.0010000000000012221
8501000,-4988,15637,128586,-2204,8921,121764,124,19224,508,1,63345,0.0009999999999994458
8502000,-7086,2180,127571,-7390,-2349,131227,116,19230,475,1,63346,0.0009999999999994458
8503000,-3449,3977,126477,-16300,2197,124979,105,19231,430,1,63347,0.0010000000000012221
8504002,2187,8355,125691,5305,5013,122984,142,19236,582,0,63348,0.0010019999999997253
8505002,2991,-3816,124177,4395,-9513,128924,114,19236,582,0,63349,0.0009999999999994458
8506000,3250,-910,124803,-9715,-1374,124813,113,19226,467,0,63350,0.0009980000000009426
8507000,-852,6197,125654,-4933,3624,125578,113,19223,463,1,63351,0.0009999999999994458
8508000,-1477,12924,126448,2460,10452,121226,163,19230,668,1,63352,0.0009999999999994458
8509002,1318,16992,126361,-2446,11442,122438,112,19232,459,1,63353,0.0010019999999997253
8510000,6575,3336,122076,2233,303,126042,102,19223,418,0,63354,0.0009980000000009426
8511000,10084,2539,125089,10932,-1579,123092,84,19223,418,0,63355,0.0009999999999994458
8512000,9593,-7804,123325,3802,-6312,128800,110,19230,344,0,63356,0.0010000000000012221
8513000,9135,-413,128039,6352,-5410,122776,110,19226,451,0,63357,0.0009999999999994458
8514000,1464,-3155,125277,9481,-6837,128941,122,19223,500,1,63358,0.0009999999999994458
8515000,3329,14320,129919,-5225,12359,124992,111,19229,455,1,63359,0.0009999999999994458
8516000,9100,8980,125729,4733,6450,124211,99,19232,405,1,63360,0.0010000000000012221
8517000,8158,5770,126605,15500,3642,123298,129,19232,405,0,63361,0.0009999999999994458
8518000,10008,5325,127526,-1010,1233,125087,98,19224,528,0,63362,0.0009999999999994458
8519000,6616,-13483,127353,10968,-16713,135551,98,19230,401,0,63363,0.0010000000000012221
8520000,6032,395,131916,6308,-2485,128781,102,19226,418,1,63364,0.0009999999999994458
8521000,-125,9381,131078,-8783,6007,121624,139,19231,569,1,63365,0.0009999999999994458
8522000,114,12382,130178,1576,8624,124876,112,19230,459,1,63366,0.0010000000000012221
8523001,5405,-6160,127619,3705,-8856,135293,103,19230,422,1,63367,0.0010009999999986974
8524000,8241,-6435,128160,-5212,-8477,123326,132,19226,422,0,63368,0.0009990000000001942
8525000,11501,-2150,129038,19242,-4036,130609,104,19227,541,0,63369,0.0010000000000012221
8526000,1685,-7352,129425,4617,-2353,130126,104,19228,426,0,63370,0.0009999999999994458
8527000,-252,9460,133423,-22428,3374,125889,112,19222,459,1,63371,0.0009999999999994458
8528000,-3965,-388,130487,-1951,-3016,136777,114,19228,467,1,63372,0.0010000000000012221
8529000,-9702,6021,132766,-5930,745,121010,101,19228,414,1,63373,0.0009999999999994458
8530000,-342,-2103,128414,-21912,-10833,132305,118,19233,414,0,63374,0.0009999999999994458
8531001,-1676,-3237,130881,5878,-3722,129478,109,19229,483,0,63375,0.0010010000000004737
8532000,2678,1812,131244,6223,-6454,129565,109,19227,446,0,63376,0.0009990000000001942
8533000,-7733,-640,131741,-25788,7592,126880,115,19226,471,0,63377,0.0009999999999994458
8534000,-7459,186,131866,-16207,-2282,131599,146,19228,598,1,63378,0.0009999999999994458
8535002,-9175,5603,129789,-673,4504,129993,117,19228,479,1,63379,0.0010020000000015017
8536000,-5432,8300,130234,-11975,6280,120961,103,19230,479,1,63380,0.0009979999999991662
8537000,-4304,2605,126893,-11622,-2141,126609,169,19226,422,0,63381,0.0009999999999994458
8538005,-4156,-5082,126833,-5378,-6672,132897,169,19229,692,0,63382,0.0010050000000010328
8539009,730,-1409,126994,-204,103,123216,113,19229,463,0,63383,0.0010040000000000049
8540000,-5565,1954,129239,-10761,-1596,133698,113,19222,463,1,63384,0.000990999999999076
8541001,-7694,9704,126509,-14840,11509,115776,120,19226,491,1,63385,0.0010010000000004737
8542002,-5871,13331,127917,-4757,6778,129220,112,19226,491,1,63386,0.0010010000000004737
8543000,-768,2253,124293,1045,-1489,127544,118,19232,459,0,63387,0.0009979999999991662
8544000,-118,1379,124115,-4396,-1284,119081,118,19218,483,0,63388,0.0010000000000012221
8545000,1558,-4044,124367,-8066,-2207,128462,100,19226,410,0,63389,0.0009999999999994458
8546000,2663,2823,125279,1522,222,120466,108,19227,442,0,63390,0.0009999999999994458
8547000,-1125,1687,125160,-212,401,136928,133,19226,545,1,63391,0.0009999999999994458
8548003,-5681,5706,124586,-6741,5884,115516,114,19226,545,1,63392,0.0010030000000007533
8549000,1979,16324,126384,-3071,10464,119494,97,19230,467,1,63393,0.0009969999999999146
8550000,8917,4268,125323,9756,-3546,130314,97,19230,397,0,63394,0.0009999999999994458
8551000,8144,-854,123609,9548,-3210,118033,125,19233,512,0,63395,0.0010000000000012221
8552002,7028,-10186,125478,4592,-14040,134712,110,19229,451,0,63396,0.0010019999999997253
8553000,1646,2214,125638,1561,2762,120059,112,19221,459,1,63397,0.0009979999999991662
8554000,3915,10357,127680,1476,10929,129674,132,19221,459,1,63398,0.0010000000000012221
8555000,2088,8381,126676,3867,4322,122821,107,19224,541,1,63399,0.0009999999999994458
8556000,9405,5831,126281,2725,989,126069,107,19233,438,1,63400,0.0009999999999994458
8557002,10182,-2990,125029,7766,-7037,128203,106,19220,434,0,63401,0.0010019999999997253
8558000,12858,-3642,128336,14142,-6017,125943,93,19240,381,0,63402,0.0009980000000009426
8559000,8624,-10751,126543,14617,-13147,139481,102,19228,418,0,63403,0.0009999999999994458
8560000,-238,8910,129750,-12372,4959,118474,122,19228,418,1,63404,0.0010000000000012221
8561000,1988,9494,131577,-4694,5470,131422,115,19223,500,1,63405,0.0009999999999994458
8562000,-2718,7221,130528,13751,4829,126664,115,19228,471,1,63406,0.0009999999999994458
8563000,5513,1138,127269,-7187,-1635,126887,101,19226,414,0,63407,0.0009999999999994458
8564001,12007,-13557,127077,-638,-17206,137629,146,19227,598,0,63408,0.0010010000000004737
8565000,7960,1785,131057,26993,-2319,121365,102,19231,418,0,63409,0.0009990000000001942
8566000,4432,-2017,130383,-10976,-4825,136867,104,19231,418,0,63410,0.0009999999999994458
8567000,-4954,11980,133946,-21423,8962,122292,144,19223,426,1,63411,0.0010000000000012221
8568000,-3159,2031,132242,7248,-731,139616,144,19230,590,1,63412,0.0009999999999994458
8569001,-7309,-1228,130439,-174,-4196,123122,113,19226,463,1,63413,0.0010010000000004737
8570000,-1090,-8405,131052,-21816,-10243,141814,104,19225,426,0,63414,0.0009990000000001942
8571000,1359,5503,129624,6335,11198,118933,120,19233,491,0,63415,0.0009999999999994458
8572000,-1576,2596,128306,1985,-2447,129862,114,19233,467,0,63416,0.0009999999999994458
8573003,-6525,1115,133192,-19557,4124,132850,126,19227,467,1,63417,0.0010030000000007533
8574000,-10574,3459,128541,-12690,-2937,127492,116,19220,516,1,63418,0.0009969999999999146
8575000,-7442,8579,129849,-7889,8450,128014,116,19225,475,1,63419,0.0009999999999994458
8576000,-4704,6168,131622,-12361,-3308,128088,104,19230,426,1,63420,0.0009999999999994458
8577000,402,-6472,126357,-4193,-10799,131236,133,19228,545,0,63421,0.0010000000000012221
8578000,-5481,-336,126373,-4318,1813,129604,99,19228,405,0,63422,0.0009999999999994458
8579000,-3650,5435,126384,-14304,2571,119143,103,19227,405,0,63423,0.0009999999999994458
8580002,-3033,11363,128454,-3604,5257,127853,143,19228,422,1,63424,0.0010020000000015017
8581000,-10159,5337,128461,-8748,-7812,129969,143,19227,586,1,63425,0.0009979999999991662
8582000,-6472,696,127664,-10517,-132,127044,120,19223,491,1,63426,0.0009999999999994458
8583000,-645,21215,127652,-1270,9243,118984,102,19223,418,0,63427,0.0010000000000012221
8584000,-149,-2275,123206,-1200,-9272,130346,110,19229,451,0,63428,0.0009999999999994458
8585003,2738,-3901,123379,-2128,-1879,125780,113,19229,451,0,63429,0.0010030000000007533
8586002,-306,6692,125668,-5241,7305,122584,119,19227,463,0,63430,0.0009989999999984178
8587002,-521,11799,126603,-722,10624,119100,119,19217,487,1,63431,0.0010000000000012221
8588000,-1232,7047,127525,-6818,-1913,129131,129,19234,528,1,63432,0.0009979999999991662
8589000,4311,-7433,122532,5234,-3836,128934,101,19230,414,1,63433,0.0010000000000012221
8590000,5015,2602,124342,6115,2073,114685,118,19228,483,0,63434,0.0009999999999994458
8591000,9050,9964,124915,-809,-182,122365,100,19228,483,0,63435,0.0009999999999994458
8592001,7863,-2212,125271,14267,-8119,130686,114,19228,410,0,63436,0.0010010000000004737
8593000,4266,-5529,126255,4555,-9724,129541,114,19225,467,1,63437,0.0009990000000001942
8594000,1003,-4690,129337,-5736,2769,126609,146,19228,598,1,63438,0.0009999999999994458
8595000,2298,19589,129242,6378,8072,120680,112,19230,459,1,63439,0.0009999999999994458
8596001,8835,-3257,123560,12375,-8564,134503,97,19223,397,1,63440,0.0010010000000004737
8597002,9864,7363,127750,-3195,7004,120617,136,19223,397,0,63441,0.0010010000000004737
8598002,8754,-7226,125059,9468,-10274,133258,107,19233,557,0,63442,0.0009999999999994458
8599000,8021,-2972,126252,14551,-5874,122723,107,19229,438,0,63443,0.0009980000000009426
8600000,4878,-1819,128878,-10919,-7738,136522,111,19226,455,1,63444,0.0009999999999994458
8601000,2452,8960,129058,912,9626,123878,113,19228,463,1,63445,0.0009999999999994458
8602000,276,17789,131113,8327,12869,122480,106,19229,434,1,63446,0.0010000000000012221
8603000,6002,-8039,126891,-3736,-14493,135010,116,19229,434,0,63447,0.0009999999999994458
8604000,8896,-9482,128611,4593,-10215,124587,89,19220,475,0,63448,0.0009999999999994458
8605000,8056,-4713,129333,16733,-9949,138666,89,19230,365,0,63449,0.0010000000000012221
8606000,2452,1456,129675,-11897,2989,122414,105,19223,430,0,63450,0.0009999999999994458
8607000,1567,8538,135570,-15843,3797,126376,133,19222,545,1,63451,0.0009999999999994458
8608000,-10744,-5547,130126,13896,-9873,134737,114,19228,467,1,63452,0.0009999999999994458
8609001,-2914,3744,130548,-15283,367,124356,97,19228,467,1,63453,0.0010010000000004737
8610000,-4179,-5219,131024,-14575,-8760,137502,150,19228,397,0,63454,0.0009990000000001942
8611000,4827,6398,128676,8607,2329,120256,150,19234,614,0,63455,0.0009999999999994458
8612000,-1016,5077,131385,2848,1346,130790,109,19233,446,0,63456,0.0010000000000012221
8613000,-4911,-6519,130069,-17750,-10109,134166,113,19222,463,1,63457,0.0009999999999994458
8614000,-8054,13126,132964,-13244,11020,129207,136,19228,557,1,63458,0.0009999999999994458
8615000,-11481,7737,128789,-8983,3971,124790,109,19228,446,1,63459,0.0010000000000012221
8616000,-1577,12935,130633,-8986,10931,126802,110,19231,446,1,63460,0.0009999999999994458
8617000,-7613,-12506,123693,-7148,-15939,133472,127,19221,451,0,63461,0.0009999999999994458
8618000,-339,7201,126784,-13466,12187,115982,127,19231,520,0,63462,0.0010000000000012221
8619000,1180,3810,127384,739,-2747,132260,106,19229,434,0,63463,0.0009999999999994458
8620000,-1818,1477,129004,1681,5497,123547,128,19220,524,1,63464,0.0009999999999994458
8621000,-8738,12827,128308,-20308,1228,128146,117,19220,479,1,63465,0.0010000000000012221
8622000,-7770,2545,128601,-6023,2484,127130,100,19228,479,1,63466,0.0009999999999994458
8623002,2050,10447,126091,6753,1235,123549,138,19230,410,0,63467,0.0010019999999997253
8624002,-2939,-8658,124199,-5153,-7040,128212,138,19232,565,0,63468,0.0009999999999994458
8625000,917,1956,124776,-6295,-348,121901,117,19228,479,0,63469,0.0009980000000009426
8626000,-323,6499,126478,1238,3294,128382,118,19224,483,0,63470,0.0009999999999994458
8627000,-875,14902,125573,-4083,17305,118948,165,19224,676,1,63471,0.0009999999999994458
8628000,-467,9963,127289,-5392,4483,125701,109,19231,676,1,63472,0.0010000000000012221
8629000,2858,1202,122668,5903,-275,122412,98,19232,446,1,63473,0.0009999999999994458
8630000,9425,1406,126292,5165,-6958,126255,98,19220,401,0,63474,0.0009999999999994458
8631000,12204,-1812,122438,9044,-2778,123724,82,19230,336,0,63475,0.0010000000000012221
8632000,4832,3794,128429,1954,-1603,129702,113,19228,463,0,63476,0.0009999999999994458
8633000,4323,-10996,124042,-1114,-11932,129262,125,19220,512,1,63477,0.0009999999999994458
8634000,647,8022,130652,4485,10099,125380,111,19220,512,1,63478,0.0010000000000012221
8635000,2800,18651,128108,2090,6013,120699,97,19232,455,1,63479,0.0009999999999994458
8636000,8018,7221,123457,3765,515,123400,97,19231,397,0,63480,0.0009999999999994458
8637003,11735,-2530,128903,9201,-8662,131224,125,19224,512,0,63481,0.0010030000000007533
8638004,10977,-12410,125265,12165,-15447,129301,100,19228,410,0,63482,0.0010010000000004737
8639000,3700,-4737,130585,399,-5381,129022,103,19228,422,0,63483,0.0009959999999988867
8640002,2246,5218,130887,-6876,1809,130151,136,19228,422,1,63484,0.0010019999999997253
8641000,2384,9574,127680,3355,10386,127167,113,19230,557,1,63485,0.0009980000000009426
8642000,888,10295,130759,3156,3225,120385,113,19229,463,1,63486,0.0009999999999994458
8643001,7147,-8344,126102,-3383,-14749,129931,101,19224,414,0,63487,0.0010010000000004737
8644000,7455,-2940,129641,13124,-6440,133137,129,19232,528,0,63488,0.0009990000000001942
8645000,5143,-3146,130323,10941,-4517,127968,106,19230,434,0,63489,0.0009999999999994458
8646000,2855,1011,132312,-20574,-1199,126697,113,19230,434,1,63490,0.0009999999999994458
8647001,-2748,9115,134694,3276,5622,131978,122,19220,463,1,63491,0.0010010000000004737
8648000,-6660,-1861,127602,-1038,-4509,131711,122,19230,500,1,63492,0.0009990000000001942
8649000,-6693,455,130930,-19720,-3916,127752,101,19232,414,1,63493,0.0009999999999994458
8650000,3255,-9103,127725,-4400,-11507,134687,120,19224,491,0,63494,0.0010000000000012221
8651000,2601,3401,129578,12927,-333,123048,99,19228,405,0,63495,0.0009999999999994458
8652000,-4761,791,128853,-15305,-2850,129330,108,19228,442,0,63496,0.0009999999999994458
8653002,-4911,5050,131868,-17755,2904,135970,146,19225,442,1,63497,0.0010019999999997253
8654000,-9336,-2132,126966,-2952,-3847,126227,146,19226,598,1,63498,0.0009980000000009426
8655002,-7246,11438,131612,-12265,8062,126814,116,19231,475,1,63499,0.0010019999999997253
8656000,-5556,6020,128135,-12125,2221,123813,104,19229,426,1,63500,0.0009979999999991662
8657000,-3511,-4632,126778,-8550,-7214,127905,169,19231,692,0,63501,0.0010000000000012221
8658000,-403,-1834,127814,-1768,-5434,135636,104,19231,426,0,63502,0.0009999999999994458
8659000,-3662,9600,128069,-9181,6553,119189,110,19229,426,0,63503,0.0009999999999994458
8660000,-6417,8276,127637,-11440,4732,125029,128,19224,451,1,63504,0.0010000000000012221
8661000,-5407,12885,127997,-11777,8605,125861,128,19227,524,1,63505,0.0009999999999994458
8662000,-3453,-2239,124181,-13,-5897,132189,111,19231,455,1,63506,0.0009999999999994458
8663000,-3040,6469,124790,-954,3987,113773,118,19226,483,0,63507,0.0010000000000012221
8664000,2425,3655,125746,-14642,3069,134048,97,19226,397,0,63508,0.0009999999999994458
8665000,3376,3220,126937,15592,219,120969,109,19226,397,0,63509,0.0009999999999994458
8666000,-164,1169,125511,-4352,-1812,131747,133,19226,446,1,63510,0.0010000000000012221
8667000,-3671,5670,128967,-13414,8338,122316,133,19222,545,1,63511,0.0009999999999994458
8668000,-2583,23893,126909,4359,9289,119359,116,19235,475,1,63512,0.0009999999999994458
8669000,7191,4934,122820,-3842,-5485,133311,96,19228,393,1,63513,0.0010000000000012221
8670000,6913,2302,123505,2466,4781,114992,119,19228,487,0,63514,0.0009999999999994458
8671000,10983,-7086,123212,5238,-7738,134703,114,19232,487,0,63515,0.0009999999999994458
8672000,7813,-5154,125336,11555,31,121967,114,19227,467,0,63516,0.0009999999999994458
8673000,3328,2726,127466,-652,-3048,131428,114,19224,467,1,63517,0.0010000000000012221
8674000,2625,6295,127228,-5860,11215,120611,131,19229,537,1,63518,0.0009999999999994458
8675000,5575,15267,129190,13135,3179,125567,109,19231,446,1,63519,0.0009999999999994458
8676002,9424,-12436,124853,6226,-16514,135562,111,19218,455,0,63520,0.0010020000000015017
8677000,10912,11095,127748,2245,2099,115908,92,19218,455,0,63521,0.0009979999999991662
8678000,7460,-7927,126653,7916,-14602,138856,105,19239,377,0,63522,0.0009999999999994458
8679000,7785,-4808,128475,4014,3840,127377,105,19227,430,0,63523,0.0010000000000012221
8680000,-516,10528,130691,502,12284,128291,121,19223,496,1,63524,0.0009999999999994458
8681000,-334,6886,128809,-2404,3047,126982,112,19229,459,1,63525,0.0009999999999994458
8682000,4406,5346,128264,4262,-1123,124496,102,19232,418,1,63526,0.0010000000000012221
8683001,8601,-8775,128417,2732,-17668,136251,143,19232,418,0,63527,0.0010009999999986974
8684000,11315,-5643,129277,12966,-2157,121193,109,19229,586,0,63528,0.0009990000000001942
8685000,5552,-3364,130973,5371,-11101,138538,109,19226,446,0,63529,0.0009999999999994458
8686000,-2182,1514,131506,-18224,4784,122905,108,19226,442,1,63530,0.0010000000000012221
8687000,-5540,15832,133503,-11735,6412,128145,146,19230,598,1,63531,0.0009999999999994458
8688000,-6778,-11321,132805,8310,-6362,139778,109,19233,446,1,63532,0.0009999999999994458
8689001,-3096,2731,127972,-10052,-8984,119255,104,19233,446,1,63533,0.0010010000000004737
8690000,-1386,-13159,125942,-17884,-14784,138701,111,19220,426,0,63534,0.0009990000000001942
8691008,4717,4457,129569,9398,3892,117811,111,19229,455,0,63535,0.001008000000000564
8692000,-4797,4982,132002,-3238,-1571,129672,114,19227,467,0,63536,0.000992000000000104
8693000,-8043,256,130977,-25576,-2531,131058,124,19220,508,1,63537,0.0009999999999994458
8694000,-10601,2327,130947,-10410,-2058,131464,113,19227,463,1,63538,0.0009999999999994458
8695000,-5806,5936,129936,130,5224,128734,102,19227,463,1,63539,0.0010000000000012221
8696000,-3754,11671,128780,-10338,6837,118408,132,19230,418,0,63540,0.0009999999999994458
8697000,-5052,-13458,124401,-13771,-19314,136840,132,19216,541,0,63541,0.0009999999999994458
8698000,-497,3687,128671,-675,1151,118853,103,19228,422,0,63542,0.0010000000000012221
8699000,-3703,4230,127059,-8071,768,131793,109,19225,446,0,63543,0.0009999999999994458
8700000,-8673,9938,130038,-8396,9246,122975,148,19229,606,1,63544,0.0009999999999994458
8701000,-8225,7378,127054,-15897,347,125158,117,19229,479,1,63545,0.0009999999999994458
8702000,117,-3245,126943,-5849,-6703,136199,104,19228,479,1,63546,0.0010000000000012221
8703001,1687,8493,126804,5757,6178,116266,116,19228,426,0,63547,0.0010010000000004737
8704000,231,-2182,124672,-4414,-5317,129898,116,19231,475,0,63548,0.0009989999999984178
8705000,2147,5658,124069,-7214,2963,119303,112,19225,459,0,63549,0.0010000000000012221
8706000,-1390,-3989,125409,735,-6446,132872,117,19223,479,1,63550,0.0009999999999994458
8707000,-2262,17443,127727,-5591,14773,119873,124,19223,508,1,63551,0.0009999999999994458
8708000,-2874,16281,125182,-1561,13250,129416,101,19230,508,1,63552,0.0010000000000012221
8709000,5996,1986,123037,3016,-1492,120384,117,19233,414,0,63553,0.0009999999999994458
8710000,12160,4577,123765,1782,1394,124907,117,19227,479,0,63554,0.0009999999999994458
8711000,9130,-8080,123831,15661,-12138,128536,104,19227,426,0,63555,0.0010000000000012221
8712000,8018,5663,126425,2442,1780,121515,114,19227,467,0,63556,0.0009999999999994458
8713000,4442,-1908,126706,333,4833,127787,140,19227,573,1,63557,0.0009999999999994458
8714000,4649,7723,129071,5808,7929,124972,113,19227,573,1,63558,0.0010000000000012221
8715000,7594,3594,124559,4464,3252,124014,97,19231,463,1,63559,0.0009999999999994458
8716002,10391,4788,128161,6343,2832,119390,97,19226,397,0,63560,0.0010019999999997253
8717003,8965,-2275,126315,12516,-17390,136733,146,19234,598,0,63561,0.0010010000000004737
8718001,6482,-15831,126348,11043,-15110,130279,103,19232,422,0,63562,0.0009979999999991662
8719001,1876,-1079,130720,-4707,-1358,127447,108,19232,442,1,63563,0.0010000000000012221
8720000,-1100,12176,130982,-2828,15429,122007,119,19225,442,1,63564,0.0009989999999984178
8721000,2819,20370,132902,3652,5939,129041,108,19228,487,1,63565,0.0010000000000012221
8722000,2656,-3038,127909,-335,-8310,129824,108,19228,442,1,63566,0.0009999999999994458
8723000,10194,-7971,126997,6964,-14929,129551,116,19218,475,0,63567,0.0009999999999994458
8724002,5942,-10651,128568,19281,-4643,132667,90,19232,369,0,63568,0.0010020000000015017
8725000,7134,-9337,127265,-4235,-4730,127791,105,19230,430,0,63569,0.0009979999999991662
8726000,2004,8166,132330,-22895,12378,129748,131,19230,430,1,63570,0.0009999999999994458
8727000,-6139,10985,131548,5188,7184,124704,114,19220,537,1,63571,0.0010000000000012221
8728000,-6722,2686,129497,-1481,-6038,130405,114,19226,467,1,63572,0.0009999999999994458
8729002,-1513,-13756,129226,-19145,-20613,137243,98,19229,401,0,63573,0.0010019999999997253
8730000,326,-4308,130452,3084,-2855,126965,147,19233,602,0,63574,0.0009980000000009426
8731000,3324,5264,131447,775,3383,127404,106,19231,434,0,63575,0.0009999999999994458
8732000,-7554,6659,130987,-16160,4352,124742,113,19231,434,0,63576,0.0009999999999994458
8733000,-9969,-732,130870,-17126,-4431,135729,137,19223,463,1,63577,0.0009999999999994458
8734000,-9729,3039,129754,-7334,6432,128103,137,19226,561,1,63578,0.0010000000000012221
8735000,-6718,5743,131577,-9445,1000,122262,109,19233,446,1,63579,0.0009999999999994458
8736000,-2341,5331,131811,-10678,-3884,124589,104,19218,426,0,63580,0.0009999999999994458
8737000,-4357,-9365,123169,-2035,-16654,136073,132,19232,541,0,63581,0.0010000000000012221
8738000,-4433,-4335,127475,-6871,-2813,130441,105,19232,541,0,63582,0.0009999999999994458
8739000,-4470,8814,128287,-12025,8857,117092,125,19227,430,1,63583,0.0009999999999994458
8740000,-6833,14274,128470,-7495,10567,126156,125,19223,512,1,63584,0.0010000000000012221
8741000,-6526,4844,128376,-13148,-2280,129438,117,19227,479,1,63585,0.0009999999999994458
8742000,-659,2336,124549,-3740,106,123917,102,19230,418,1,63586,0.0009999999999994458
8743000,2330,-456,124644,2082,-1351,127786,136,19234,557,0,63587,0.0010000000000012221
8744000,2759,-6546,121319,-2386,-8691,124348,107,19234,557,0,63588,0.0009999999999994458
8745000,1561,5535,124642,-6316,1643,126481,111,19226,438,0,63589,0.0009999999999994458
8746011,-721,10318,125253,-3411,7307,122817,111,19226,455,1,63590,0.0010110000000000952
8747000,-5769,15281,127442,-694,10984,119928,158,19228,647,1,63591,0.0009890000000005728
8748000,2483,2163,125490,-4523,-1512,124923,108,19232,442,1,63592,0.0009999999999994458
8749000,5937,8858,123929,5172,5358,120269,99,19226,405,0,63593,0.0009999999999994458
8750000,7103,4408,126414,8794,35,127756,91,19226,373,0,63594,0.0010000000000012221
8751000,7611,-8228,124285,2382,-11279,123181,116,19224,373,0,63595,0.0009999999999994458
8752000,3538,-1609,127985,1725,-4468,135367,127,19226,475,0,63596,0.0009999999999994458
8753000,1546,6306,125096,9970,3614,122287,127,19222,520,1,63597,0.0010000000000012221
8754004,5201,14718,128835,-8080,11810,128749,112,19229,459,1,63598,0.0010040000000000049
8755000,10288,1094,125023,9423,-2860,125053,98,19231,401,1,63599,0.0009959999999988867
8756000,14199,2718,124574,14524,-620,122939,124,19231,508,0,63600,0.0010000000000012221
8757000,7214,-448,126841,-1362,-4141,132103,99,19227,508,0,63601,0.0009999999999994458
8758002,7665,-9771,128227,10186,-13149,129483,108,19230,405,0,63602,0.0010019999999997253
8759001,3505,-260,130666,1133,-271,135809,108,19228,442,1,63603,0.0009990000000001942
8760003,-2197,13179,132066,-6919,12647,120172,140,19231,573,1,63604,0.0010019999999997253
8761000,1088,18463,130854,4262,3980,124467,113,19225,463,1,63605,0.0009969999999999146
8762000,4641,-2934,125326,1353,-14824,135238,101,19225,414,1,63606,0.0010000000000012221
8763000,11829,-3438,127226,1500,-10038,123483,142,19225,414,0,63607,0.0009999999999994458
8764000,10892,941,131058,12857,-6284,131077,117,19229,582,0,63608,0.0009999999999994458
8765000,647,-4062,131169,-15347,-647,125046,117,19229,479,0,63609,0.0009999999999994458
8766000,3665,8757,135497,-12776,-306,133984,119,19220,487,1,63610,0.0010000000000012221
8767000,-8617,-2633,130099,8810,-2460,133796,129,19227,528,1,63611,0.0009999999999994458
8768000,-6275,9664,131079,-12527,-216,119874,102,19233,418,1,63612,0.0009999999999994458
8769002,-2256,-2538,129856,-14528,-9934,134518,118,19233,418,0,63613,0.0010020000000015017
8770007,2286,-1321,128939,4968,308,126496,95,19220,483,0,63614,0.0010049999999992565
8771002,4068,4022,131951,2951,-685,130091,95,19230,389,0,63615,0.000994999999999635
8772000,-9305,-1892,129367,-25520,-59,127859,107,19228,438,0,63616,0.0009980000000009426
8773000,-5630,4830,131938,-8854,6867,132887,141,19222,577,1,63617,0.0009999999999994458
8774000,-9752,570,128740,-586,-2654,129685,117,19229,479,1,63618,0.0009999999999994458
8775000,-2396,13152,128807,-13532,9333,122194,100,19229,479,1,63619,0.0010000000000012221
8776000,-6592,123,127293,-11854,-6100,130459,161,19227,410,0,63620,0.0009999999999994458
8777001,67,-4079,125963,-3684,-6106,124291,161,19228,659,0,63621,0.0010010000000004737
8778000,-1077,-436,128473,383,-5085,132209,104,19230,426,0,63622,0.0009990000000001942
8779000,-7616,-731,127018,-13064,2904,121504,109,19221,446,1,63623,0.0009999999999994458
8780000,-5841,16737,128958,-13363,9739,126402,132,19227,541,1,63624,0.0009999999999994458
8781000,-12936,-1878,126148,-3652,-5336,131267,110,19227,541,1,63625,0.0009999999999994458
8782000,-1503,2340,126966,-7946,4117,117183,114,19230,451,0,63626,0.0010000000000012221
8783001,-362,10928,126490,-2556,263,122640,114,19226,467,0,63627,0.0010009999999986974
8784000,3735,-8001,122036,-2112,-13951,131994,92,19226,377,0,63628,0.0009990000000001942
8785000,2712,-4822,125024,-1664,-3415,131875,111,19228,455,0,63629,0.0010000000000012221
8786000,-3904,11744,126982,-799,10850,117552,133,19235,545,1,63630,0.0009999999999994458
8787004,-118,18866,127376,-4692,14054,120112,115,19235,545,1,63631,0.0010040000000000049
8788000,182,-7330,122987,1217,-14591,133940,95,19229,471,1,63632,0.000996000000000663
8789000,11800,1615,122956,4377,-345,119767,95,19231,389,0,63633,0.0009999999999994458
8790000,4962,7388,123245,9058,2649,120326,124,19231,508,0,63634,0.0009999999999994458
8791000,5522,-5249,125264,7570,-10546,123847,112,19228,459,0,63635,0.0010000000000012221
8792002,6282,-6746,127576,-3159,-10472,131880,115,19224,471,1,63636,0.0010019999999997253
8793000,-660,7025,129362,420,5750,126298,132,19224,541,1,63637,0.0009979999999991662
8794000,4912,13646,128434,6559,9645,120237,109,19228,541,1,63638,0.0010000000000012221
8795000,4040,1126,125586,3855,-2945,125738,106,19232,446,1,63639,0.0009999999999994458
8796000,13207,-9043,125696,-3874,-12859,131487,106,19226,434,0,63640,0.0009999999999994458
8797000,10709,-10749,125513,18176,-13869,128651,98,19230,401,0,63641,0.0009999999999994458
8798000,3493,486,128277,14231,-3531,122946,106,19226,434,0,63642,0.0010000000000012221
8799000,4994,2667,127830,-15263,-1616,128409,120,19226,491,1,63643,0.0009999999999994458
8800000,-2034,4491,130660,549,675,132052,112,19220,491,1,63644,0.0009999999999994458
8801003,4460,8416,130002,13381,5426,122471,101,19231,459,1,63645,0.0010030000000007533
8802000,875,4223,128172,-5240,523,124779,101,19229,414,1,63646,0.0009969999999999146
8803000,13084,-9158,129214,159,-12203,132603,141,19228,577,0,63647,0.0009999999999994458
8804000,7282,-6768,128148,26088,-11889,132207,104,19223,426,0,63648,0.0010000000000012221
8805000,2105,-5070,129950,-13025,-10036,129322,107,19223,438,0,63649,0.0009999999999994458
8806000,-2574,18644,133179,-15354,26286,114739,153,19228,438,1,63650,0.0009999999999994458
8807000,-4708,-502,130994,3507,-9681,139460,110,19228,627,1,63651,0.0010000000000012221
8808000,-5146,-12663,128545,-3686,-15367,135159,110,19233,451,1,63652,0.0009999999999994458
8809002,760,-7088,128556,-17611,-5773,124194,103,19224,422,0,63653,0.0010019999999997253
8810000,-2440,13371,132303,1789,9950,122281,118,19229,483,0,63654,0.0009979999999991662
8811000,936,1509,128772,-10304,-6080,131230,112,19228,459,0,63655,0.0010000000000012221
8812000,-8314,4705,133189,-18528,-3916,134441,120,19228,459,1,63656,0.0009999999999994458
8813000,-7518,-403,128252,-8178,-1538,128889,111,19227,491,1,63657,0.0009999999999994458
8814001,-8523,17158,132332,-7463,17214,120640,111,19232,455,1,63658,0.0010010000000004737
8815000,-2499,7678,130032,-10991,-2778,128666,107,19230,438,1,63659,0.0009990000000001942
8816000,-628,-6236,124441,-4807,-7590,128758,129,19219,528,0,63660,0.0009999999999994458
8817000,-3456,-3056,126816,-3521,-8766,129589,100,19228,410,0,63661,0.0010000000000012221
8818000,-2606,11139,125401,-11755,15356,113950,103,19228,410,0,63662,0.0009999999999994458
8819000,-3388,11244,129111,-9441,6364,129017,141,19226,422,1,63663,0.0009999999999994458
8820000,-6668,-2674,128427,-4995,-6012,133549,141,19226,577,1,63664,0.0010000000000012221
8821000,-5902,7290,126615,-13836,3423,119736,117,19230,479,1,63665,0.0009999999999994458
8822000,-725,9289,128075,-4135,4673,120565,105,19224,430,0,63666,0.0009999999999994458
8823000,568,4342,125987,4460,-6814,125552,116,19232,475,0,63667,0.0010000000000012221
8824000,553,-2579,124247,-3020,-9406,127058,110,19232,475,0,63668,0.0009999999999994458
8825000,-3127,4747,126368,-5331,9151,124647,114,19226,451,0,63669,0.0009999999999994458
8826000,-2739,12347,128500,-2985,7117,120462,114,19217,467,1,63670,0.0009999999999994458
8827000,-305,13491,125688,-1294,10139,123311,130,19228,532,1,63671,0.0010000000000012221
8828000,4526,-2992,124190,3867,-11157,133627,105,19228,430,1,63672,0.0009999999999994458
8829001,8008,-4283,122919,3933,-4638,121222,116,19225,475,0,63673,0.0010010000000004737
8830000,9097,18453,126855,5373,8945,117283,100,19225,475,0,63674,0.0009990000000001942
8831000,9499,-6094,123509,14497,-11476,131199,111,19229,410,0,63675,0.0009999999999994458
8832000,3063,-9005,126667,-352,-12762,133018,111,19226,455,1,63676,0.0009999999999994458
8833000,426,6059,129083,-9795,5893,120375,135,19225,553,1,63677,0.0010000000000012221
8834000,4571,20361,128300,9523,14559,121154,115,19229,471,1,63678,0.0009999999999994458
8835002,8308,3664,127220,10247,-1281,127394,99,19225,405,1,63679,0.0010019999999997253
8836000,9429,-954,126155,-4816,-6415,125570,155,19225,405,0,63680,0.0009980000000009426
8837000,10697,-14482,124863,10980,-17150,133499,105,19232,635,0,63681,0.0009999999999994458
8838000,6773,-828,129467,14784,-2719,124741,105,19229,430,0,63682,0.0009999999999994458
8839000,1940,2242,129904,-10494,-2602,130522,106,19224,434,1,63683,0.0010000000000012221
8840000,2053,8941,130413,-942,5616,124381,122,19230,500,1,63684,0.0009999999999994458
8841001,962,6412,131135,12595,1104,128747,110,19230,451,1,63685,0.0010010000000004737
8842001,4273,-6711,126813,-4674,-12172,125751,115,19230,471,0,63686,0.0009999999999994458
8843000,9628,-4792,129305,-616,-8015,126909,97,19224,471,0,63687,0.0009990000000001942
8844001,5243,-4019,130888,23368,-8114,134552,106,19230,397,0,63688,0.0010010000000004737
8845000,611,-2164,128876,-9254,-5334,126479,106,19230,434,0,63689,0.0009989999999984178
8846001,-1908,6771,133022,-27167,3845,129355,126,19221,516,1,63690,0.0010010000000004737
8847000,-4775,9683,131640,14215,7188,127651,112,19233,459,1,63691,0.0009990000000001942
8848000,-4706,4119,128976,-2218,1206,125315,97,19233,397,1,63692,0.0009999999999994458
8849000,69,-11602,130392,-24644,-14493,134432,144,19230,397,0,63693,0.0010000000000012221
8850000,2170,-1868,128254,5808,-7988,124913,109,19232,590,0,63694,0.0009999999999994458
8851000,-739,5714,130908,5479,1992,127114,109,19228,446,0,63695,0.0009999999999994458
8852000,-6517,1509,129437,-19833,-2564,126695,113,19227,463,1,63696,0.0010000000000012221
8853000,-9569,1255,129998,-16435,4220,139417,137,19230,561,1,63697,0.0009999999999994458
8854000,-8097,9175,128011,-5840,10196,118739,111,19232,455,1,63698,0.0009999999999994458
8855000,-3761,15037,131687,-9193,1739,127514,109,19232,455,1,63699,0.0010000000000012221
8856000,-5068,-6985,125424,-9002,-13651,128914,137,19220,446,0,63700,0.0009999999999994458
8857000,-1162,-1623,125899,-5738,-53,127401,137,19234,561,0,63701,0.0009999999999994458
8858000,-820,5054,126788,-3691,1947,127594,105,19231,430,0,63702,0.0009999999999994458
8859000,-4595,14607,128176,-3461,14138,114331,120,19221,491,1,63703,0.0010000000000012221
8860000,-6386,9580,128036,-22545,9059,132793,115,19226,471,1,63704,0.0009999999999994458
8861002,-4538,1931,128323,-6015,-1143,125726,104,19226,471,1,63705,0.0010019999999997253
8862000,2263,2905,125399,6462,-4149,128818,134,19229,426,0,63706,0.0009980000000009426
8863000,-2665,-5534,123500,-3843,-5021,122633,134,19231,549,0,63707,0.0009999999999994458
8864000,-1791,6747,126490,-7211,2465,117267,109,19227,446,0,63708,0.0009999999999994458
8865000,1592,3618,128687,1556,-2859,136325,112,19228,459,0,63709,0.0010000000000012221
8866000,-2794,11462,124705,-1785,14206,117150,154,19231,631,1,63710,0.0009999999999994458
8867000,-1166,14573,128737,-7018,8475,126755,112,19231,631,1,63711,0.0009999999999994458
8868000,3806,6471,122933,3730,1906,119304,97,19232,459,1,63712,0.0010000000000012221
8869000,10037,1772,122126,5634,-1681,134812,97,19228,397,0,63713,0.0009999999999994458
8870000,9084,-8011,123455,3658,-6238,123078,100,19226,410,0,63714,0.0009999999999994458
8871000,6899,2422,124982,2592,97,122039,117,19226,479,0,63715,0.0010000000000012221
8872000,4181,-1119,127196,7755,-5664,132594,125,19219,512,1,63716,0.0009999999999994458
8873001,285,7839,128464,-1235,8485,120766,111,19219,512,1,63717,0.0010010000000004737
8874000,6340,11887,127437,-678,5155,128683,103,19227,455,1,63718,0.0009989999999984178
8875000,5989,7916,125161,14682,4107,118188,103,19232,422,1,63719,0.0010000000000012221
8876000,12580,-2679,126327,1188,-8905,127267,121,19226,496,0,63720,0.0009999999999994458
8877000,9293,-14028,127945,11084,-17046,133592,99,19229,405,0,63721,0.0009999999999994458
8878000,5289,-1870,128420,-155,1395,129579,105,19226,430,0,63722,0.0010000000000012221
8879000,3285,2861,130824,-2154,1716,134872,138,19226,430,1,63723,0.0009999999999994458
8880000,-631,11790,129437,9086,6345,118430,114,19228,565,1,63724,0.0009999999999994458
8881000,4087,6735,128680,-7382,1853,130988,114,19230,467,1,63725,0.0010000000000012221
8882000,6449,-8266,127134,2080,-14159,129430,99,19226,405,0,63726,0.0009999999999994458
8883000,9827,-7486,129352,15776,-9831,126924,142,19229,582,0,63727,0.0009999999999994458
8884000,4203,1123,129557,2127,-2879,129826,106,19230,434,0,63728,0.0010000000000012221
8885000,-2294,-1043,133288,-15948,-4922,127618,114,19230,467,0,63729,0.0009999999999994458
8886000,-1298,3067,133457,-3232,-691,136466,130,19222,467,1,63730,0.0009999999999994458
8887000,-9493,138,130130,1866,-1269,126716,103,19228,532,1,63731,0.0010000000000012221
8888000,-3945,2100,130220,-17231,-1595,124744,103,19231,422,1,63732,0.0009999999999994458
8889001,1507,-6293,128295,-7891,-12555,134502,115,19223,471,0,63733,0.0010010000000004737
8890000,4943,-3479,127130,6483,-7435,126645,93,19230,381,0,63734,0.0009989999999984178
8891000,-6069,4798,132539,-6610,1017,129744,113,19230,463,0,63735,0.0010000000000012221
8892000,-5866,-860,128717,-16177,-4202,123567,140,19227,463,1,63736,0.0009999999999994458
8893000,-8862,6032,132944,-8759,3138,131890,115,19228,573,1,63737,0.0009999999999994458
8894000,-12060,5195,128677,-9077,1952,132821,115,19231,471,1,63738,0.0010000000000012221
8895000,-1379,10086,128054,-11101,8042,116442,97,19227,397,1,63739,0.0009999999999994458
8896000,-4679,-1824,127012,-6536,-4898,132921,154,19220,631,0,63740,0.0009999999999994458
8897000,-849,-4293,126263,-2377,-8427,126846,112,19220,459,0,63741,0.0010000000000012221
8898000,-2070,1231,128045,-11046,-2285,128361,114,19232,459,0,63742,0.0009999999999994458
8899000,-8296,8804,127651,-12738,3988,116511,134,19227,467,1,63743,0.0009999999999994458
8900000,-2743,19780,127210,-7933,14041,126758,134,19225,549,1,63744,0.0010000000000012221
8901000,-7776,-7122,124196,-3963,-4944,126809,111,19233,455,1,63745,0.0009999999999994458
8902000,2141,2967,126074,-11430,952,125348,113,19224,463,0,63746,0.0009999999999994458
8903000,-915,2401,124123,-3950,-1280,120309,86,19230,352,0,63747,0.0010000000000012221
8904000,4322,3519,127223,9609,3463,126141,110,19230,352,0,63748,0.0009999999999994458
8905000,-130,-2295,126595,-3682,-10373,130397,126,19228,451,0,63749,0.0009999999999994458
8906000,-6850,9604,125440,-7242,9983,120528,126,19221,516,1,63750,0.0009999999999994458
8907000,1950,19462,127853,530,11609,122411,115,19228,471,1,63751,0.0010000000000012221
8908000,3498,7960,124700,9588,246,120757,96,19227,393,1,63752,0.0009999999999994458
8909000,9898,664,122852,-1295,-5104,127706,129,19233,528,0,63753,0.0009999999999994458
8910000,7441,-5146,124178,4456,-8254,124620,110,19233,528,0,63754,0.0010000000000012221
8911000,9197,741,126212,11972,-3852,127413,117,19228,451,0,63755,0.0009999999999994458
8912000,3129,7392,125691,801,10773,121214,117,19225,479,1,63756,0.0009999999999994458
8913000,967,6036,129021,-8158,11769,123893,133,19230,545,1,63757,0.0010000000000012221
8914002,11276,-2041,127642,16011,-9478,133099,109,19231,446,1,63758,0.0010019999999997253
8915002,7575,3084,123306,8163,2701,119300,102,19221,418,0,63759,0.0009999999999994458
8916000,10350,7133,128972,-3661,1349,125484,113,19221,418,0,63760,0.0009980000000009426
8917002,8969,-7910,126005,17201,-14150,132779,111,19231,463,0,63761,0.0010019999999997253
8918000,5767,-7691,128122,409,-8755,132033,111,19230,455,0,63762,0.0009979999999991662
8919000,3121,9348,132806,-5597,10336,126478,121,19223,496,1,63763,0.0010000000000012221
8920000,23,18774,129924,4617,12424,121603,112,19230,459,1,63764,0.0009999999999994458
8921000,4734,4513,126970,1948,-1717,129716,100,19231,410,1,63765,0.0009999999999994458
8922000,6567,-12536,128260,-3172,-16712,133237,132,19231,410,0,63766,0.0009999999999994458
8923000,11183,-16860,128526,18333,-17653,128944,102,19225,541,0,63767,0.0010000000000012221
8924000,3053,11684,132142,5901,4712,124899,102,19229,418,0,63768,0.0009999999999994458
8925001,-1516,-102,129921,-21113,-797,127634,104,19230,426,1,63769,0.0010010000000004737
8926000,-6629,4282,133602,-5551,1762,131708,148,19228,606,1,63770,0.0009990000000001942
8927000,-5374,-487,130128,4245,-4954,127591,111,19230,455,1,63771,0.0009999999999994458
8928000,-4190,-75,129250,-9340,-7708,128245,100,19230,455,1,63772,0.0009999999999994458
8929000,1944,-4204,129379,-14951,-6808,130392,119,19229,410,0,63773,0.0010000000000012221
8930000,2840,5205,130097,7599,440,126462,119,19232,487,0,63774,0.0009999999999994458
8931000,-2493,-1022,129946,-4984,-4448,129594,107,19227,438,0,63775,0.0009999999999994458
8932000,-10821,4118,131966,-22161,1481,125259,116,19219,475,1,63776,0.0010000000000012221
8933000,-7351,574,129081,-11617,-2435,135418,109,19229,446,1,63777,0.0009999999999994458
8934000,-6754,11772,130021,-2868,8598,123645,105,19229,430,1,63778,0.0009999999999994458
8935001,-1606,-1312,129458,-3419,-5392,129649,122,19231,430,0,63779,0.0010010000000004737
8936000,-4700,1653,125919,-15715,-1908,123733,97,19218,500,0,63780,0.0009990000000001942
8937000,-4638,58,128123,-4609,-2922,127174,97,19230,397,0,63781,0.0009999999999994458
8938000,-1452,7011,129229,-5948,4007,128071,104,19226,426,0,63782,0.0009999999999994458
8939000,-9557,14166,128185,-12449,11055,118226,141,19227,577,1,63783,0.0010000000000012221
8940000,-6748,1773,126643,-14555,-1410,129541,117,19227,479,1,63784,0.0009999999999994458
8941000,290,7539,126970,-5525,3721,125266,101,19228,479,1,63785,0.0009999999999994458
8942000,693,-567,123332,4450,-3318,125567,121,19225,414,0,63786,0.0010000000000012221
8943000,3979,-4915,124482,-6030,-7424,121711,121,19230,496,0,63787,0.0009999999999994458
8944002,878,5005,125270,-4312,1795,127947,109,19228,446,0,63788,0.0010019999999997253
8945002,-48,6229,126377,1434,2936,122488,115,19227,471,1,63789,0.0009999999999994458
8946000,-2225,11676,126237,-7299,9162,124856,138,19229,565,1,63790,0.0009980000000009426
8947000,-2362,4673,124272,-1526,-679,129822,104,19229,565,1,63791,0.0009999999999994458
8948002,6989,5475,122771,5733,-1657,115168,112,19232,426,0,63792,0.0010019999999997253
8949000,9099,8994,125546,367,-7512,126841,112,19226,459,0,63793,0.0009980000000009426
8950000,7376,8281,127938,17318,-10865,121339,106,19226,434,0,63794,0.0009999999999994458
8951001,5913,-6442,123999,-1045,-6567,131419,118,19226,483,0,63795,0.0010010000000004737
8952000,2730,930,130777,6147,7468,123930,137,19226,561,1,63796,0.0009990000000001942
8953000,7413,16261,128157,5847,11062,118603,117,19226,561,1,63797,0.0009999999999994458
8954002,5793,816,124353,1733,-4317,130276,99,19233,479,1,63798,0.0010019999999997253
8955000,11072,2073,127282,5621,-45,121519,99,19236,405,0,63799,0.0009980000000009426
8956000,11653,-1173,125640,9501,-7836,131826,149,19232,610,0,63800,0.0009999999999994458
8957000,6125,-4018,128030,13905,-5751,124579,104,19223,426,0,63801,0.0009999999999994458
8958000,4583,-2839,130300,-6538,-10098,131610,104,19224,426,1,63802,0.0010000000000012221
8959000,-1516,8107,129299,-5917,10534,130832,125,19224,426,1,63803,0.0009999999999994458
8960000,4256,19184,129716,6892,11921,123212,108,19228,512,1,63804,0.0009999999999994458
8961000,3044,118,128641,-395,-795,127820,108,19232,442,1,63805,0.0010000000000012221
8962000,11276,-5713,127980,262,-15463,128406,112,19223,459,0,63806,0.0009999999999994458
8963000,9974,-9383,128087,17559,-10879,137565,105,19228,430,0,63807,0.0009999999999994458
8964000,1887,-4985,130359,796,-2828,125191,106,19229,434,0,63808,0.0010000000000012221
8965000,2678,12770,132705,-26265,14365,122388,120,19229,434,1,63809,0.0009999999999994458
8966000,-7495,6568,134245,5911,927,129975,112,19223,491,1,63810,0.0009999999999994458
8967001,-7536,-1565,130483,3119,-10133,133018,112,19229,459,1,63811,0.0010010000000004737
8968000,-2941,-9831,129557,-27502,-9459,135943,98,19234,401,0,63812,0.0009990000000001942
8969000,-880,3203,130088,2034,2160,121878,144,19233,590,0,63813,0.0009999999999994458
8970000,4746,2470,130232,3588,2302,126248,105,19227,430,0,63814,0.0009999999999994458
8971000,-6270,5233,131828,-16811,-479,133199,109,19227,430,0,63815,0.0010000000000012221
8972000,-7946,-4421,128940,-16988,-4939,133495,134,19224,446,1,63816,0.0009999999999994458
8973000,-8864,8736,131852,-6221,8505,129019,134,19227,549,1,63817,0.0009999999999994458
8974000,-4563,11189,129132,-8039,6690,122494,115,19230,471,1,63818,0.0010000000000012221
8975000,-3048,4592,128067,-13205,-1756,126501,109,19219,446,0,63819,0.0009999999999994458
8976000,-5206,-7870,125526,-6656,-11568,131260,133,19229,545,0,63820,0.0009999999999994458
8977000,-968,-1936,126299,-3705,-4149,125598,105,19229,430,0,63821,0.0010000000000012221
8978000,-5121,7889,128652,-9642,5145,122804,120,19238,430,1,63822,0.0009999999999994458
8979000,-5785,12485,128802,-5818,10075,124898,113,19221,491,1,63823,0.0009999999999994458
8980000,-9254,845,127820,-14209,-3300,129882,113,19228,463,1,63824,0.0010000000000012221
8981000,-2059,3066,127072,-8345,226,124142,107,19229,438,1,63825,0.0009999999999994458
8982000,1486,5631,125362,4772,3532,122414,134,19236,549,0,63826,0.0009999999999994458
8983000,2620,-4338,122590,686,-8019,124530,110,19236,451,0,63827,0.0009999999999994458
8984000,1941,4684,124664,-12934,996,125560,112,19227,451,0,63828,0.0010000000000012221
8985003,-441,9227,126739,-243,7362,127493,153,19226,459,1,63829,0.001002999999998977
8986001,-1709,5336,125805,7213,1807,118502,153,19228,627,1,63830,0.0009980000000009426
8987000,808,2583,126158,-8437,-88,125770,112,19228,459,1,63831,0.0009990000000001942
8988000,4757,-712,121925,-2741,-4356,125278,100,19224,410,0,63832,0.0009999999999994458
8989003,9424,5032,125157,14915,1671,125064,112,19228,459,0,63833,0.0010030000000007533
8990000,5643,-4082,126235,3498,-6257,127223,122,19228,459,0,63834,0.0009969999999999146
8991000,5224,-5104,124863,-2666,-10364,130866,121,19227,500,0,63835,0.0009999999999994458
8992000,1089,4785,128465,12560,1735,122645,121,19221,496,1,63836,0.0009999999999994458
8993000,7676,13212,127115,-7492,11177,122793,108,19231,442,1,63837,0.0010000000000012221
8994000,7478,4894,125051,10380,-1902,125332,103,19228,422,1,63838,0.0009999999999994458
8995000,11345,-3217,122613,13050,-951,121004,121,19222,496,0,63839,0.0009999999999994458
8996000,10992,-3563,126304,-9548,-13194,135891,97,19222,496,0,63840,0.0010000000000012221
8997000,6845,-8592,127576,22735,-8570,128900,104,19224,397,0,63841,0.0009999999999994458
8998000,5786,-773,130288,2783,1496,129283,104,19229,426,1,63842,0.0009999999999994458
8999000,-533,6700,133496,681,7410,124383,133,19224,545,1,63843,0.0009999999999994458
9000000,415,9339,129546,10873,879,128466,113,19232,463,1,63844,0.0010000000000012221
9001001,4732,1248,127318,-1975,-6066,127711,102,19225,418,1,63845,0.0010010000000004737
9002002,8666,-2205,128481,1327,-8695,124688,154,19225,418,0,63846,0.0010009999999986974
9003000,11617,-4391,130971,16098,-3038,133825,105,19232,631,0,63847,0.0009980000000009426
9004000,-114,-8174,128276,-4228,-5114,125652,105,19232,430,0,63848,0.0009999999999994458
9005000,2780,5337,134383,-23900,-2591,134863,109,19222,446,1,63849,0.0009999999999994458
9006000,-6090,8191,129394,16971,12509,124416,136,19229,557,1,63850,0.0010000000000012221
9007000,-6694,2731,131497,-9028,290,127024,104,19232,426,1,63851,0.0009999999999994458
9008000,2688,-10546,128945,-18808,-12519,134863,112,19232,426,0,63852,0.0009999999999994458
9009000,-1084,-4925,128421,11894,-8838,128090,92,19217,459,0,63853,0.0010000000000012221
9010002,1518,6856,131117,-3738,4212,124403,92,19230,377,0,63854,0.0010019999999997253
9011000,-8744,5019,131640,-24503,-2484,129375,110,19224,451,0,63855,0.0009979999999991662
9012000,-6435,-684,131670,-8447,-826,134663,135,19224,553,1,63856,0.0010000000000012221
9013000,-8598,5195,130825,-871,-643,128463,118,19228,483,1,63857,0.0009999999999994458
9014000,-6785,10861,128690,-15176,9937,123106,102,19228,483,1,63858,0.0009999999999994458
9015000,-2704,6705,128927,-8724,-4322,126794,150,19230,418,0,63859,0.0009999999999994458
9016002,-2533,-6367,124853,-1880,-8718,130787,150,19228,614,0,63860,0.0010020000000015017
9017000,184,-811,129369,-5592,-7172,130681,107,19233,438,0,63861,0.0009979999999991662
9018000,-7540,13635,127228,-10219,14205,114033,109,19225,446,1,63862,0.0009999999999994458
9019000,-4522,15348,128671,-15387,9069,126653,133,19227,545,1,63863,0.0010000000000012221
9020000,-8517,-6743,125896,907,-10626,134775,112,19227,459,1,63864,0.0009999999999994458
9021001,676,12516,125872,-10186,9605,112826,111,19228,459,1,63865,0.0010010000000004737
9022000,-650,12535,126996,-1623,6386,126312,111,19220,455,0,63866,0.0009990000000001942
9023000,3680,-3273,123680,3232,-5390,124852,85,19229,348,0,63867,0.0009999999999994458
9024000,4571,-6474,125453,-9610,-10454,137111,107,19233,438,0,63868,0.0009999999999994458
9025000,-4735,9595,125310,2411,9453,118047,126,19218,516,1,63869,0.0010000000000012221
9026000,290,20004,127543,-5786,16891,119368,114,19218,467,1,63870,0.0009999999999994458
9027000,493,-2534,123905,-2510,-5274,132326,98,19231,467,1,63871,0.0009999999999994458
9028000,8624,1329,123655,3781,-2751,121375,134,19227,401,0,63872,0.0010000000000012221
9029000,5877,-2928,124656,7846,-8881,127151,134,19233,549,0,63873,0.0009999999999994458
9030000,6189,8668,125508,8179,5264,113741,109,19232,446,0,63874,0.0009999999999994458
9031000,5077,-11266,127183,-333,-15488,136708,113,19225,463,0,63875,0.0009999999999994458
9032000,-1275,5761,128134,3034,3132,125772,138,19225,565,1,63876,0.0010000000000012221
9033000,3980,21724,129844,1685,18666,115517,110,19229,565,1,63877,0.0009999999999994458
9034001,4911,-3239,124743,6319,-5782,126726,101,19232,451,1,63878,0.0010010000000004737
9035000,13189,-69,127681,3314,-3112,124803,101,19220,414,0,63879,0.0009990000000001942
9036000,9347,-13054,125212,9824,-16319,137678,113,19232,463,0,63880,0.0009999999999994458
9037000,5321,3364,127597,17635,-933,119732,108,19227,442,0,63881,0.0009999999999994458
9038000,1621,-801,131063,-11929,-2637,135124,118,19220,483,1,63882,0.0010000000000012221
9039000,756,4006,130096,-4254,1222,129711,109,19220,483,1,63883,0.0009999999999994458
9040000,1685,3306,129343,13789,2229,126977,101,19234,446,1,63884,0.0009999999999994458
9041000,1715,248,128377,-5934,-3597,124955,101,19229,414,1,63885,0.0010000000000012221
9042002,10798,-9887,125665,-3073,-15978,130718,129,19223,528,0,63886,0.0010019999999997253
9043000,7718,-8569,128737,27464,-8724,135690,104,19233,426,0,63887,0.0009979999999991662
9044001,816,-1137,129390,-10338,972,124207,109,19230,446,0,63888,0.0010010000000004737
9045001,-2322,9967,133200,-8397,9814,128971,148,19230,446,1,63889,0.0009999999999994458
9046001,-3505,3679,132892,6365,1115,131148,109,19227,606,1,63890,0.0010000000000012221
9047002,-6104,-2508,128274,-9179,-9091,131333,109,19229,446,1,63891,0.0010009999999986974
9048000,-956,-11489,127362,-17318,-9491,130818,98,19228,401,0,63892,0.0009980000000009426
9049000,-2471,4639,130097,7523,-1183,122037,119,19232,487,0,63893,0.0009999999999994458
9050000,2470,6198,129988,-3185,-362,128046,114,19228,467,0,63894,0.0009999999999994458
9051001,-9648,10577,133654,-23590,283,127487,119,19228,467,1,63895,0.0010010000000004737
9052000,-8567,-4877,129806,-8791,-4879,134677,113,19222,487,1,63896,0.0009990000000001942
9053000,-8887,10184,131008,-13451,12061,124132,113,19228,463,1,63897,0.0009999999999994458
9054000,-2752,7215,129327,-7000,2998,123755,103,19233,422,1,63898,0.0010000000000012221
9055001,-2699,-50,126791,-4183,-8605,127797,120,19219,491,0,63899,0.0010009999999986974
9056000,-2774,-4599,125688,-9282,-8637,132756,105,19229,430,0,63900,0.0009990000000001942
9057000,-2527,4226,128036,-3643,6534,120734,109,19229,430,0,63901,0.0010000000000012221
9058000,-4528,11201,129232,-9641,11310,125090,140,19228,446,1,63902,0.0009999999999994458
9059000,-5440,5448,126933,-6691,1715,125534,140,19224,573,1,63903,0.0009999999999994458
9060000,-7592,3748,126441,-9196,-1562,131633,117,19231,479,1,63904,0.0009999999999994458
9061000,1333,7123,123751,-3616,5306,120160,103,19228,422,0,63905,0.0010000000000012221
9062000,928,8120,127259,852,4936,124194,125,19234,512,0,63906,0.0009999999999994458
9063000,3284,-4848,123978,-1992,-10781,127403,109,19234,512,0,63907,0.0009999999999994458
9064001,-1226,6712,125941,-6260,2525,122238,112,19231,446,0,63908,0.0010010000000004737
9065001,-562,12269,129030,-7167,8295,129290,112,19223,459,1,63909,0.0009999999999994458
9066001,-2382,11404,124934,6814,12280,117445,136,19228,557,1,63910,0.0010000000000012221
9067000,2354,7677,125148,-5615,6329,131763,101,19232,414,1,63911,0.0009990000000001942
9068000,10472,1789,120586,-1156,132,119506,108,19223,442,0,63912,0.0009999999999994458
9069000,12443,7307,125230,19808,-947,124752,93,19223,381,0,63913,0.0009999999999994458
9070002,9720,-10700,124938,8035,-12291,129693,112,19230,381,0,63914,0.0010019999999997253
9071000,2583,1019,128741,658,-2018,119971,133,19227,459,1,63915,0.0009980000000009426
9072001,2531,2269,128832,-3681,1027,135514,133,19221,545,1,63916,0.0010010000000004737
9073002,2962,11825,126318,6840,8714,120032,113,19230,463,1,63917,0.0010009999999986974
9074000,6459,8196,126319,5354,4154,123658,96,19229,393,1,63918,0.0009980000000009426
9075001,10508,-655,126261,-1082,-4490,124060,147,19229,602,0,63919,0.0010010000000004737
9076001,11902,-3128,126209,17053,-5447,126950,105,19234,602,0,63920,0.0009999999999994458
9077001,8804,-8793,129462,10562,-12509,138414,109,19230,430,0,63921,0.0009999999999994458
9078000,2107,9844,130493,-9695,6492,122179,109,19226,446,1,63922,0.0009990000000001942
9079000,222,18131,133771,3325,14150,127665,129,19228,528,1,63923,0.0009999999999994458
9080000,530,-1646,127835,6784,-4885,128879,108,19229,442,1,63924,0.0010000000000012221
9081003,7814,-4697,128501,-6609,-8542,131152,109,19223,446,0,63925,0.001002999999998977
9082000,10540,-4928,128405,5980,-8362,127526,110,19223,446,0,63926,0.0009969999999999146
9083000,7116,-5855,127609,25318,-9984,124973,105,19234,451,0,63927,0.0010000000000012221
9084000,2518,-2128,131001,-16001,-5209,131558,105,19232,430,0,63928,0.0009999999999994458
9085000,-2605,5872,132133,-19288,2811,128460,125,19218,512,1,63929,0.0009999999999994458
9086000,-6648,6922,129760,17861,2144,125375,113,19234,463,1,63930,0.0010000000000012221
9087002,-4533,179,130338,-13035,-837,131010,97,19231,397,1,63931,0.0010019999999997253
9088000,1215,-14804,126831,-20451,-10192,137223,136,19231,397,0,63932,0.0009979999999991662
9089000,4207,74,130044,9284,2198,123300,113,19225,557,0,63933,0.0010000000000012221
9090000,-2459,132,129131,835,-1899,129015,113,19229,463,0,63934,0.0009999999999994458
9091000,-8016,5659,132081,-19998,7244,127568,119,19226,487,1,63935,0.0009999999999994458
9092001,-9604,-6169,130267,-13377,-4668,138405,145,19227,594,1,63936,0.0010010000000004737
9093000,-9587,6315,130761,-2834,13840,121085,117,19228,479,1,63937,0.0009990000000001942
9094000,-5203,11416,128750,-13016,4052,127084,107,19228,479,1,63938,0.0009999999999994458
9095000,-4207,-10986,123631,-9146,-13389,130907,153,19222,438,0,63939,0.0009999999999994458
9096000,-1906,-1165,127984,-2900,-5613,127176,153,19233,627,0,63940,0.0010000000000012221
9097000,-2137,864,127314,-4145,4019,126287,111,19228,455,0,63941,0.0009999999999994458
9098000,-6317,13817,129166,-8629,12398,120477,122,19222,500,1,63942,0.0009999999999994458
9099000,-7993,6153,127328,-18143,-2516,132441,116,19230,475,1,63943,0.0010000000000012221
9100000,-2384,4128,125568,2996,7829,125954,108,19230,475,1,63944,0.0009999999999994458
9101000,-1126,4972,125613,-143,3802,120931,130,19228,442,0,63945,0.0009999999999994458
9102000,509,-4762,124582,-6356,-6151,128677,130,19227,532,0,63946,0.0010000000000012221
9103000,1142,-4213,123879,1553,-5716,126815,106,19229,434,0,63947,0.0009999999999994458
9104000,-747,7726,126597,-3810,6735,122222,109,19226,446,0,63948,0.0009999999999994458
9105000,-1473,14014,126119,-2727,10371,122209,147,19224,602,1,63949,0.0010000000000012221
9106000,-3525,10115,127256,-4883,2782,122425,113,19224,602,1,63950,0.0009999999999994458
9107000,7296,7205,125718,2359,4408,126391,101,19234,463,1,63951,0.0009999999999994458
9108002,8966,2434,125102,4532,-2525,124384,108,19222,414,0,63952,0.0010019999999997253
9109000,10973,576,123092,10015,-3568,124127,108,19230,442,0,63953,0.0009980000000009426
9110000,4772,-5195,124779,4047,-9461,129021,113,19226,463,0,63954,0.0009999999999994458
9111000,2713,-3171,126297,-3681,-4911,128680,117,19221,479,1,63955,0.0009999999999994458
9112001,4526,17351,129129,6631,16480,116622,114,19221,467,1,63956,0.0010010000000004737
9113000,2541,4897,125424,4367,1580,124445,103,19227,467,1,63957,0.0009990000000001942
9114001,10648,-2240,125759,3484,-7982,129973,120,19231,422,1,63958,0.0010010000000004737
9115000,8474,-543,126416,9689,-3430,121149,120,19220,491,0,63959,0.0009990000000001942
9116000,10117,1515,129031,10574,-4414,133669,95,19229,389,0,63960,0.0009999999999994458
9117000,4903,-11524,128001,466,-13865,134778,104,19228,426,0,63961,0.0009999999999994458
9118002,2111,8233,132308,-5718,6010,127052,132,19228,541,1,63962,0.0010019999999997253
9119000,2235,11357,127702,6620,5839,125022,117,19228,541,1,63963,0.0009980000000009426
9120000,1488,9841,129639,639,6487,123347,103,19233,479,1,63964,0.0009999999999994458
9121000,9030,-11628,125670,-2615,-17155,133937,103,19229,422,0,63965,0.0010000000000012221
9122000,5678,-9373,126361,12444,-11734,127348,157,19233,643,0,63966,0.0009999999999994458
9123000,5157,-1195,131037,2695,-5592,130341,103,19231,422,0,63967,0.0009999999999994458
9124000,-909,8666,132290,-12411,7470,121455,107,19231,438,0,63968,0.0009999999999994458
9125004,-1516,2921,132225,-5072,-1978,135000,136,19223,438,1,63969,0.0010040000000000049
9126000,-7487,-3829,130839,2929,-6642,132964,108,19232,557,1,63970,0.000996000000000663
9127001,-4463,11163,131473,-14410,8697,117807,108,19233,442,1,63971,0.0010010000000004737
9128000,1216,-6535,128816,-11049,-10619,136222,114,19220,467,0,63972,0.0009990000000001942
9129000,31,-6090,128505,7002,-10687,127829,98,19224,401,0,63973,0.0009999999999994458
9130000,-4509,1359,130959,-9526,-2205,127946,114,19228,467,0,63974,0.0009999999999994458
9131000,-7350,3686,130047,-15496,550,125247,134,19228,467,1,63975,0.0010000000000012221
9132000,-9793,8835,133627,-10139,8990,132139,118,19220,549,1,63976,0.0009999999999994458
9133000,-9800,2174,129111,-10664,-1620,129320,118,19232,483,1,63977,0.0009999999999994458
9134000,-3266,5720,128995,-10076,3447,124964,104,19228,426,1,63978,0.0010000000000012221
9135000,-4454,-7847,126970,-4417,-12082,128479,151,19224,618,0,63979,0.0009999999999994458
9136000,317,4607,127363,-5234,-4210,123864,100,19232,410,0,63980,0.0009999999999994458
9137000,-2234,-6054,124904,-7966,-7344,133648,103,19232,410,0,63981,0.0010000000000012221
9138005,-5595,15061,130426,-11743,13628,117139,128,19225,422,1,63982,0.0010049999999992565
9139003,-7541,12252,127558,-11966,-4111,128047,128,19228,524,1,63983,0.0009979999999991662
9140000,-8243,2740,126539,-13071,3265,123272,115,19227,471,1,63984,0.0009969999999999146
9141000,1552,10357,127542,-6133,-2444,125462,111,19222,455,0,63985,0.0010000000000012221
9142002,-630,-3503,123806,10209,-3356,125030,84,19227,344,0,63986,0.0010019999999997253
9143000,2887,3836,126225,-8070,-4508,127334,107,19227,344,0,63987,0.0009979999999991662
9144000,-2290,-4575,124974,-3718,-370,128289,122,19226,438,0,63988,0.0010000000000012221
9145000,-923,18636,128045,-1625,17113,118589,122,19220,500,1,63989,0.0009999999999994458
9146000,1334,5842,124977,-2616,-2370,130834,112,19230,459,1,63990,0.0009999999999994458
9147000,4318,3288,123032,848,6666,116889,99,19232,405,1,63991,0.0010000000000012221
9148000,11531,3637,124715,5447,-9286,123993,132,19236,541,0,63992,0.0009999999999994458
9149000,9105,-5438,122120,14272,-5241,127172,106,19236,541,0,63993,0.0009999999999994458
9150000,9162,1260,127297,-1669,-6610,129320,110,19228,434,0,63994,0.0010000000000012221
9151000,1986,417,126202,361,519,127080,110,19225,451,1,63995,0.0009999999999994458
9152000,3306,17243,129356,4688,17044,118891,139,19228,569,1,63996,0.0009999999999994458
9153000,6075,-290,126962,8240,-8409,135162,113,19230,463,1,63997,0.0010000000000012221
9154000,9257,-3842,124398,914,-1759,121343,104,19221,426,0,63998,0.0009999999999994458
9155000,10285,9177,128410,7112,3552,124473,118,19221,483,0,63999,0.0009999999999994458
9156000,8658,-6535,126458,12299,-13945,130265,105,19234,483,0,64000,0.0009999999999994458
9157001,6086,-3631,128848,-2333,-8175,125354,113,19230,430,0,64001,0.0010010000000004737
9158000,302,3835,131236,-985,-929,134518,113,19222,463,1,64002,0.0009990000000001942
9159000,-376,19472,130891,-186,18238,118989,111,19228,455,1,64003,0.0009999999999994458
9160001,4638,4248,128797,2112,-1993,124262,104,19228,426,1,64004,0.0010010000000004737
9161000,9388,-11744,127065,-67,-15770,137023,130,19228,532,0,64005,0.0009990000000001942
9162000,9641,-2975,127975,13163,-3770,123555,101,19224,532,0,64006,0.0009999999999994458
9163000,7057,2207,129349,11039,-871,135225,105,19227,414,0,64007,0.0010000000000012221
9164000,-791,6062,132512,-17444,5617,119921,105,19228,430,1,64008,0.0009999999999994458
9165000,-2842,5922,132838,-9605,1380,130783,145,19224,594,1,64009,0.0009999999999994458
9166000,-6774,839,131342,5554,-1487,133688,110,19231,451,1,64010,0.0010000000000012221
9167000,-2540,-3167,127322,-11965,-6731,126690,99,19231,405,1,64011,0.0009999999999994458
9168001,-1478,-3521,129005,-15270,-6644,132059,129,19227,405,0,64012,0.0010010000000004737
9169002,5652,7426,129172,7984,3323,119867,110,19228,528,0,64013,0.0010009999999986974
9170000,-3950,-273,131624,-48,-3659,133595,110,19229,451,0,64014,0.0009980000000009426
9171000,-8794,-960,132969,-27782,-3186,134841,118,19215,483,1,64015,0.0009999999999994458
9172000,-7288,7131,130520,-8599,5617,127292,117,19228,479,1,64016,0.0009999999999994458
9173000,-7588,8563,128604,-1738,4361,128111,106,19232,434,1,64017,0.0010000000000012221
9174000,-253,3813,128237,-11674,628,124751,120,19232,434,0,64018,0.0009999999999994458
9175000,-3685,-14225,122734,-11108,-18529,135222,93,19213,491,0,64019,0.0009999999999994458
9176000,-624,3260,128409,-855,-373,118564,93,19232,381,0,64020,0.0010000000000012221
9177000,-3930,11478,128680,-6786,9367,122843,103,19229,422,0,64021,0.0009999999999994458
9178000,-6217,1460,127061,-11785,-2235,126937,137,19225,561,1,64022,0.0009999999999994458
9179000,-9042,5990,128359,-8860,2513,129997,118,19228,483,1,64023,0.0010000000000012221
9180000,-3464,5239,126999,-8594,2027,120778,104,19228,483,1,64024,0.0009999999999994458
9181000,630,11700,126508,792,8074,120119,125,19228,426,0,64025,0.0009999999999994458
9182000,1340,-6563,124931,-4669,-11300,139065,125,19230,512,0,64026,0.0010000000000012221
9183000,2268,-3189,124669,-2959,1207,114834,119,19234,487,0,64027,0.0009999999999994458
9184000,-876,5210,126232,1948,18327,126433,114,19221,467,1,64028,0.0009999999999994458
9185000,-3229,6503,125653,-4905,8652,124567,139,19229,569,1,64029,0.0009999999999994458
9186000,-1699,7923,123374,-1736,5474,125531,105,19229,569,1,64030,0.0010000000000012221
9187000,5546,2556,123480,3785,-4241,129698,109,19232,430,0,64031,0.0009999999999994458
9188000,8607,4076,125123,9620,-351,115922,109,19224,446,0,64032,0.0009999999999994458
9189000,9649,-4832,125078,7861,-13707,134431,102,19227,418,0,64033,0.0010000000000012221
9190000,4458,-3000,126236,1822,-5351,126396,115,19228,471,0,64034,0.0009999999999994458
9191000,3748,4863,127522,242,4133,126721,134,19225,549,1,64035,0.0009999999999994458
9192000,1269,9706,128362,1663,12110,121951,115,19225,549,1,64036,0.0010000000000012221
9193000,5587,12456,125218,3095,10586,122730,99,19230,471,1,64037,0.0009999999999994458
9194002,12232,-3520,124687,7283,-4945,138049,99,19227,405,0,64038,0.0010019999999997253
9195000,11468,-7492,123783,10198,-8698,118354,146,19233,598,0,64039,0.0009980000000009426
9196000,11372,-5869,127627,12217,-9742,130166,101,19234,414,0,64040,0.0009999999999994458
9197000,3763,-441,129320,-45,-4342,128907,108,19229,442,1,64041,0.0009999999999994458
9198000,1259,3777,129507,-6478,6163,128856,125,19229,442,1,64042,0.0010000000000012221
9199002,16,12070,132958,1484,6416,130346,109,19224,512,1,64043,0.0010019999999997253
9200000,-13,4564,128784,2741,-2310,121125,109,19232,446,1,64044,0.0009979999999991662
9201000,10655,-7990,128969,1079,-15127,134741,106,19221,434,0,64045,0.0009999999999994458
9202000,8512,-9617,129610,18483,-9030,133235,109,19229,446,0,64046,0.0010000000000012221
9203000,6911,-3945,125370,-928,-2958,129808,107,19233,438,0,64047,0.0009999999999994458
9204000,238,18092,134271,-17643,16501,120819,122,19233,500,1,64048,0.0009999999999994458
9205000,-4879,10077,132225,-1113,13,128925,111,19218,500,1,64049,0.0010000000000012221
9206000,-6189,203,131685,6630,-5646,134085,97,19228,455,1,64050,0.0009999999999994458
9207000,-2784,-14075,128693,-21227,-16909,131446,97,19230,397,0,64051,0.0009999999999994458
9208000,3533,-849,131472,-288,-3111,132065,135,19228,553,0,64052,0.0010000000000012221
9209000,1009,10592,130682,7619,5279,119979,104,19228,426,0,64053,0.0009999999999994458
9210000,-3070,1669,127744,-20238,1770,131025,111,19228,455,0,64054,0.0009999999999994458
9211000,-8134,1175,131304,-15172,-170,129965,143,19223,455,1,64055,0.0010000000000012221
9212000,-7825,2830,128087,-4329,1779,129002,113,19228,586,1,64056,0.0009999999999994458
9213000,-6274,18273,132290,-9075,14329,121854,113,19229,463,1,64057,0.0009999999999994458
9214000,-4834,-5167,126909,-10886,-9535,129675,103,19225,422,0,64058,0.0010000000000012221
9215000,-1893,-9423,125538,-7347,-12323,131698,143,19232,586,0,64059,0.0009999999999994458
9216000,-1692,-1156,127052,-5083,-3947,126620,105,19232,430,0,64060,0.0009999999999994458
9217000,-4090,15994,131573,-9216,12478,122025,118,19228,430,1,64061,0.0009999999999994458
9218001,-5745,19960,127681,-4215,16256,121349,111,19216,483,1,64062,0.0010010000000004737
9219000,-8696,-1795,127024,-19343,-3727,131493,111,19228,455,1,64063,0.0009990000000001942
9220000,618,1929,128554,142,-1852,125932,105,19233,430,1,64064,0.0009999999999994458
9221000,-388,5943,125742,8177,4041,121137,129,19231,528,0,64065,0.0010000000000012221
9222000,1756,-3229,123892,-12395,-5622,127192,104,19230,426,0,64066,0.0009999999999994458
9223000,925,2948,125646,-5713,108,126294,110,19230,426,0,64067,0.0009999999999994458
9224000,1071,11354,125238,664,7717,124540,149,19230,451,1,64068,0.0010000000000012221
9225000,-2910,15383,127329,-2204,12459,122904,149,19226,610,1,64069,0.0009999999999994458
9226000,329,3409,124709,-5016,1700,127687,113,19232,463,1,64070,0.0009999999999994458
9227000,9017,308,123816,633,-3074,125290,96,19228,393,0,64071,0.0010000000000012221
9228000,6932,-1663,124491,10158,-5518,126367,110,19228,451,0,64072,0.0009999999999994458
9229000,11119,-12951,125901,-541,2638,125009,121,19228,451,0,64073,0.0009999999999994458
9230000,-960,1674,124723,7546,-6544,124749,122,19227,496,0,64074,0.0010000000000012221
9231022,2852,-131,125157,-172,-4031,133676,122,19221,500,1,64075,0.0010219999999989682
9232003,5357,12272,128770,11521,14498,116957,115,19230,471,1,64076,0.0009809999999994545
9233001,4656,9496,127353,19794,-1556,127024,105,19230,430,1,64077,0.0009980000000009426
9234000,12475,-2158,126599,-4453,-2734,124029,117,19223,479,0,64078,0.0009990000000001942
9235000,6427,-5614,127019,10556,-17248,134763,97,19223,479,0,64079,0.0009999999999994458
9236000,10287,-13282,126675,15817,-10454,132548,105,19225,397,0,64080,0.0009999999999994458
9237001,-1397,7337,129177,-8194,13346,120350,105,19226,430,1,64081,0.0010010000000004737
9238000,853,2508,130494,-5970,3775,131332,133,19227,545,1,64082,0.0009990000000001942
9239000,3014,6474,130617,13793,2276,124986,113,19228,463,1,64083,0.0009999999999994458
9240000,1069,-3587,125633,-2393,-9112,133782,99,19228,405,1,64084,0.0010000000000012221
9241000,10780,-9811,127134,-6444,-1484,118756,154,19228,405,0,64085,0.0009999999999994458
9242001,7621,1194,132199,24371,-8166,129395,113,19227,631,0,64086,0.0010010000000004737
9243001,997,-22993,125847,-2915,-27135,147521,113,19234,463,0,64087,0.0009999999999994458
9244002,-2041,13920,133888,-27777,16826,115361,113,19220,463,1,64088,0.0010010000000004737
9245000,-6147,10578,132978,8286,4960,135564,137,19229,561,1,64089,0.0009979999999991662
9246000,-4228,2654,127976,4180,4086,121703,104,19236,426,1,64090,0.0010000000000012221
9247000,795,-12743,128652,-25980,-20586,137409,109,19236,446,0,64091,0.0009999999999994458
9248003,-1632,-15925,126688,7413,-13144,135751,87,19221,446,0,64092,0.001002999999998977
9249000,330,14700,130729,1537,13321,114578,107,19230,356,0,64093,0.0009969999999999146
9250000,-7544,5884,133332,-21950,819,134571,107,19228,438,0,64094,0.0010000000000012221
9251000,-6295,1838,129904,-11179,-2386,129585,133,19223,545,1,64095,0.0009999999999994458
9252000,-8203,3603,129619,-7108,-2738,134047,117,19230,479,1,64096,0.0009999999999994458
9253000,-5457,28112,131900,-15062,27820,112394,100,19230,410,1,64097,0.0010000000000012221
9254002,-1568,2214,127512,-5574,-5114,126410,148,19226,410,0,64098,0.0010019999999997253
9255000,-4151,-18216,126885,-3765,-19680,140858,101,19230,606,0,64099,0.0009979999999991662
9256000,-710,7429,126312,-11843,7812,116221,101,19226,414,0,64100,0.0010000000000012221
9257000,-6182,12798,128815,-8334,11524,126525,105,19225,430,1,64101,0.0009999999999994458
9258000,-5351,9813,127000,-7404,4393,122520,128,19228,524,1,64102,0.0009999999999994458
9259000,-7386,3493,126694,-11521,1337,127179,111,19228,455,1,64103,0.0010000000000012221
9260000,679,6352,126979,-9339,3686,125581,109,19232,455,0,64104,0.0009999999999994458
9261000,1942,1143,125044,7503,-2679,121261,85,19220,446,0,64105,0.0009999999999994458
9262000,3322,-599,122833,-2318,-5469,130807,85,19230,348,0,64106,0.0010000000000012221
9263000,1579,1135,124341,-9109,-949,123899,108,19229,442,0,64107,0.0009999999999994458
9264000,-769,10415,127727,3985,7856,124203,125,19220,512,1,64108,0.0009999999999994458
9265000,-4206,25390,128803,-10474,24238,123551,113,19229,463,1,64109,0.0009999999999994458
9266000,3481,9175,122604,-1996,5150,121176,98,19229,463,1,64110,0.0010000000000012221
9267000,7686,385,127133,9016,-3345,131595,134,19232,401,0,64111,0.0009999999999994458
9268000,10206,-418,120946,6087,-5051,120498,134,19233,549,0,64112,0.0009999999999994458
9269000,9956,-1885,125835,11890,-5162,128690,106,19228,434,0,64113,0.0010000000000012221
9270000,4195,254,127597,3291,-3707,126532,110,19225,451,1,64114,0.0009999999999994458
9271000,3509,11296,129473,-4391,8707,123103,139,19229,569,1,64115,0.0009999999999994458
9272002,2443,6163,128623,6245,3819,128482,111,19229,569,1,64116,0.0010019999999997253
9273000,6200,-1343,125900,7126,-2410,124979,103,19235,455,1,64117,0.0009980000000009426
9274000,8910,6375,125888,-1455,20,120431,103,19219,422,0,64118,0.0009999999999994458
9275000,13050,-4178,125971,14610,-6572,131726,117,19231,479,0,64119,0.0010000000000012221
9276000,10141,-13208,126859,14785,3531,131516,104,19227,426,0,64120,0.0009999999999994458
9277000,5008,12433,132595,-8367,5703,118708,113,19223,463,1,64121,0.0009999999999994458
9278000,316,7423,127623,162,1814,132872,110,19223,463,1,64122,0.0009999999999994458
9279000,-2695,2213,131775,7641,742,129657,104,19231,451,1,64123,0.0010000000000012221
9280000,3751,-7361,128204,-9707,-8129,131124,104,19232,426,1,64124,0.0009999999999994458
9281000,8634,-8962,127850,10212,-11783,129201,132,19219,541,0,64125,0.0009999999999994458
9282000,7877,2617,130580,13702,-2113,126716,107,19228,438,0,64126,0.0010000000000012221
9283000,1249,-886,128261,-18613,41,127745,105,19226,430,0,64127,0.0009999999999994458
9284003,1848,10363,132041,-9763,7750,127595,147,19226,430,1,64128,0.0010030000000007533
9285000,-4360,-1024,133076,8387,2256,133601,115,19228,602,1,64129,0.0009969999999999146
9286000,-5271,-790,129842,-12316,-5554,124419,115,19232,471,1,64130,0.0009999999999994458
9287000,-1705,-13084,128556,-17107,-17432,139581,101,19223,414,0,64131,0.0009999999999994458
9288000,-264,-5658,129806,8900,-3895,134823,129,19228,528,0,64132,0.0010000000000012221
9289000,1187,6821,128679,-179,6618,116272,106,19230,434,0,64133,0.0009999999999994458
9290000,-8389,11980,132886,-23422,7144,125841,116,19230,475,1,64134,0.0009999999999994458
9291000,-7260,221,130292,-10100,-3111,135164,116,19218,475,1,64135,0.0010000000000012221
9292000,-9300,-3317,129245,-2787,2537,132702,107,19227,475,1,64136,0.0009999999999994458
9293000,-5998,6096,130090,-11967,4099,123985,107,19231,438,1,64137,0.0009999999999994458
9294000,-4534,1823,127624,-8625,-3634,128988,123,19218,504,0,64138,0.0009999999999994458
9295000,-2887,-7391,125086,-3825,-7959,130531,92,19230,377,0,64139,0.0010000000000012221
9296000,1429,3731,128813,-3200,1740,125201,103,19230,422,0,64140,0.0009999999999994458
9297000,-4793,9831,126960,-5939,7078,123522,138,19227,422,1,64141,0.0009999999999994458
9298000,-7796,11350,127243,-13200,8230,122536,118,19226,565,1,64142,0.0010000000000012221
9299000,-4485,5274,127445,-10062,819,129993,118,19232,483,1,64143,0.0009999999999994458
9300000,978,2543,127101,5613,-75,130180,106,19225,434,0,64144,0.0009999999999994458
9301000,-2176,-5060,122283,-5017,-5984,122372,118,19230,483,0,64145,0.0010000000000012221
9302000,1426,-598,125345,-9045,-4633,122179,111,19230,455,0,64146,0.0009999999999994458
9303000,1542,8804,125422,1086,5578,126459,114,19225,455,0,64147,0.0009999999999994458
9304000,-3623,6832,124139,2415,6723,126264,137,19224,467,1,64148,0.0010000000000012221
9305000,-3037,8239,127325,-11267,6340,121213,137,19229,561,1,64149,0.0009999999999994458
9306000,5186,10227,124821,102,6782,124312,107,19232,438,1,64150,0.0009999999999994458
9307000,10891,3789,125310,13553,-2340,125473,113,19226,463,0,64151,0.0010000000000012221
9308001,10080,-6799,124681,7500,-12300,127564,97,19224,397,0,64152,0.0010009999999986974
9309000,4409,-904,125103,2140,-3709,126133,115,19224,397,0,64153,0.0009990000000001942
9310000,4172,4911,126477,3306,2197,123440,133,19227,471,1,64154,0.0009999999999994458
9311000,41,4131,127488,160,751,124141,133,19225,545,1,64155,0.0010000000000012221
9312000,6160,9388,127075,6115,6165,129511,115,19229,471,1,64156,0.0009999999999994458
9313000,5803,7288,124519,1138,4434,120683,98,19232,401,1,64157,0.0009999999999994458
9314000,14824,867,130238,9198,-2711,126799,149,19234,610,0,64158,0.0010000000000012221
9315000,9866,-11082,125311,20097,-14603,131292,106,19234,610,0,64159,0.0009999999999994458
9316000,3530,-3501,127230,-4165,-7264,131307,105,19231,434,0,64160,0.0009999999999994458
9317000,3842,7248,130992,-10980,2435,125700,105,19225,430,1,64161,0.0010000000000012221
9318000,-321,18886,132431,13691,16030,124276,127,19227,520,1,64162,0.0009999999999994458
9319000,1782,1129,127542,361,-4228,129230,108,19229,442,1,64163,0.0009999999999994458
9320000,6717,-9773,127136,-8921,-13083,129502,109,19221,446,0,64164,0.0010000000000012221
9321000,13003,-6237,127813,13880,-9880,130298,127,19221,446,0,64165,0.0009999999999994458
9322000,3066,-3428,128551,17058,-7965,127683,112,19230,520,0,64166,0.0009999999999994458
9323000,1573,-4045,132951,-26026,12065,131000,112,19227,459,0,64167,0.0010000000000012221
9324000,-4185,10335,133174,-4239,-1709,126014,125,19219,512,1,64168,0.0009999999999994458
9325000,-7088,-958,128487,6756,-7864,133945,112,19229,459,1,64169,0.0009999999999994458
9326000,-4019,-4161,132478,-13553,-8812,132197,98,19227,401,1,64170,0.0009999999999994458
9327000,-2012,-7015,127787,-4845,-7545,129578,135,19227,401,0,64171,0.0010000000000012221
9328001,5374,12880,131277,1823,3702,125203,105,19230,553,0,64172,0.0010010000000004737
9329000,-7842,-2655,129432,-8225,-3215,132647,105,19228,430,0,64173,0.0009989999999984178
9330000,-2154,1295,130921,-14217,-1759,132996,109,19225,446,1,64174,0.0010000000000012221
9331000,-16327,3158,129691,-9011,7098,127288,140,19227,573,1,64175,0.0009999999999994458
9332001,-7097,9196,131310,-11459,6610,126972,115,19230,471,1,64176,0.0010010000000004737
9333000,-3565,6248,129542,-4930,31,125847,104,19230,471,1,64177,0.0009990000000001942
9334000,-5595,-10459,125238,-10229,-13889,134458,140,19222,426,0,64178,0.0009999999999994458
9335001,1670,-766,125957,-1250,6213,117220,140,19231,573,0,64179,0.0010010000000004737
9336000,-5972,5812,128546,-8676,-1973,127731,105,19229,430,0,64180,0.0009990000000001942
9337000,-1642,5696,128634,-11036,2094,127476,115,19219,471,1,64181,0.0009999999999994458
9338000,-11191,9989,127290,-7861,4253,127707,112,19227,459,1,64182,0.0009999999999994458
9339000,-4933,1982,126555,-9922,745,125922,106,19227,434,1,64183,0.0010000000000012221
9340000,983,10995,125883,2559,6257,117767,129,19230,434,0,64184,0.0009999999999994458
9341000,-2378,-11695,122183,-4799,-14206,135762,101,19227,528,0,64185,0.0009999999999994458
9342000,3543,2602,124955,-3938,3189,119120,101,19230,414,0,64186,0.0009999999999994458
9343000,-4213,13928,127524,609,10400,123564,111,19228,455,0,64187,0.0010000000000012221
9344003,-2,9049,124977,-7180,6259,123466,145,19227,594,1,64188,0.001002999999998977
9345000,-2495,5691,126791,-930,163,126547,112,19227,459,1,64189,0.0009969999999999146
9346000,5450,-2812,124298,1033,-6193,126330,97,19230,459,1,64190,0.0010000000000012221
9347000,9650,19774,123883,7364,17485,111200,109,19224,397,0,64191,0.0009999999999994458
9348000,8523,-3274,124674,9783,-11521,131131,109,19233,446,0,64192,0.0009999999999994458
9349000,9380,-9672,124825,2374,-12011,128456,114,19231,467,0,64193,0.0010000000000012221
9350000,786,4962,127533,189,3867,125149,120,19222,491,1,64194,0.0009999999999994458
9351000,2930,12322,130654,2189,11158,125648,117,19222,479,1,64195,0.0009999999999994458
9352001,5824,8071,125104,5383,1771,121538,102,19225,479,1,64196,0.0010010000000004737
9353000,7962,-5203,125724,8198,-9546,133904,117,19232,418,1,64197,0.0009990000000001942
9354000,15128,33,126139,4153,-907,121225,117,19222,479,0,64198,0.0009999999999994458
9355000,7894,-2755,127239,12861,-7548,124079,94,19230,385,0,64199,0.0010000000000012221
9356000,7244,2163,129190,-270,-1210,131404,105,19228,430,0,64200,0.0009999999999994458
9357000,1580,5179,128724,-5567,1871,127655,132,19230,541,1,64201,0.0009999999999994458
9358000,-159,6852,130080,8667,2389,131227,113,19230,541,1,64202,0.0009999999999994458
9359000,1883,11920,127290,-3957,8316,120913,98,19230,463,1,64203,0.0010000000000012221
9360000,9434,-5917,128711,-507,-9226,130268,98,19227,401,0,64204,0.0009999999999994458
9361002,10268,-6812,128704,11218,-10592,131257,161,19233,659,0,64205,0.0010019999999997253
9362000,7662,5269,128010,8286,835,126107,108,19229,442,0,64206,0.0009980000000009426
9363002,1458,53,131655,-7767,-4160,133173,112,19222,459,0,64207,0.0010019999999997253
9364000,-1859,5101,132647,-11805,2408,125111,137,19222,459,1,64208,0.0009979999999991662
9365000,-6418,2867,132879,3305,-1284,135866,103,19230,561,1,64209,0.0010000000000012221
9366000,-2977,-881,130642,-7074,-2050,125525,103,19232,422,1,64210,0.0009999999999994458
9367000,-1674,-5396,129112,-15754,-9160,133619,108,19220,442,0,64211,0.0009999999999994458
9368000,4859,686,129048,4462,-4144,123980,89,19231,365,0,64212,0.0010000000000012221
9369000,-4517,8849,131032,1260,6218,128127,112,19226,459,0,64213,0.0009999999999994458
9370000,-4682,-385,132693,-17592,-3024,132358,134,19226,459,1,64214,0.0009999999999994458
9371000,-10318,12554,131222,-17264,6680,123795,115,19221,549,1,64215,0.0010000000000012221
9372000,-9118,4461,129381,-6312,-1692,133922,115,19229,471,1,64216,0.0009999999999994458
9373000,-3325,1172,129957,-6582,3861,123598,97,19224,397,1,64217,0.0009999999999994458
9374000,-5032,-7344,125439,-9982,-6725,130858,146,19223,598,0,64218,0.0009999999999994458
9375000,-1008,1692,126304,-3376,-60,122853,105,19230,430,0,64219,0.0010000000000012221
9376000,689,5930,126822,-8639,6887,123054,109,19230,430,0,64220,0.0009999999999994458
9377000,-3065,7300,128440,-4589,888,130751,132,19227,446,1,64221,0.0009999999999994458
9378000,-7107,353,125303,-11909,-1213,125007,132,19230,541,1,64222,0.0010000000000012221
9379000,-4140,15228,128406,-15207,13479,124006,113,19230,463,1,64223,0.0009999999999994458
9380000,-187,7456,125783,8465,-1343,121571,108,19223,442,0,64224,0.0009999999999994458
9381001,1141,-6590,123766,-155,-9963,130030,82,19229,336,0,64225,0.0010010000000004737
9382000,-1409,-6210,124038,-15598,-1861,132865,112,19229,459,0,64226,0.0009990000000001942
9383000,1586,11025,126326,2130,12749,111234,125,19228,459,1,64227,0.0009999999999994458
9384000,-718,16352,129406,7207,7436,128253,113,19220,512,1,64228,0.0010000000000012221
9385000,-2285,3366,126117,-8718,-1850,128110,113,19228,463,1,64229,0.0009999999999994458
9386000,4248,-1336,126355,-3099,-2339,123699,97,19235,397,1,64230,0.0009999999999994458
9387000,7864,-668,124878,12998,-2575,128500,129,19233,528,0,64231,0.0010000000000012221
9388000,9512,2335,123774,5900,-1634,119641,107,19233,438,0,64232,0.0009999999999994458
9389000,4314,-7803,125332,-4440,-15103,132420,113,19227,438,0,64233,0.0009999999999994458
9390001,4290,-338,127358,9182,445,125979,143,19227,463,1,64234,0.0010010000000004737
9391000,1316,19462,128590,1012,17295,123909,143,19229,586,1,64235,0.0009990000000001942
9392000,8082,8765,125712,453,6142,125032,113,19231,463,1,64236,0.0009999999999994458
9393000,9310,2857,125716,14360,-1452,122719,101,19224,414,0,64237,0.0009999999999994458
9394000,11775,338,126226,-2982,-4023,134406,122,19224,500,0,64238,0.0010000000000012221
9395000,9582,-10090,125304,17775,-14017,124255,105,19232,500,0,64239,0.0009999999999994458
9396000,3733,-1559,130934,106,-4368,131969,115,19229,430,0,64240,0.0009999999999994458
9397000,2353,3676,129932,-10399,906,130763,115,19229,471,1,64241,0.0010000000000012221
9398000,-1188,11202,131061,12936,9403,120142,112,19231,459,1,64242,0.0009999999999994458
9399003,3430,1455,128839,-3534,-3475,132813,103,19229,422,1,64243,0.0010030000000007533
9400000,7674,-3045,127500,-5420,-6439,128256,125,19220,512,0,64244,0.0009969999999999146
9401000,9969,-6422,129315,16455,-6680,129319,99,19220,512,0,64245,0.0009999999999994458
9402000,5202,-1548,131097,10517,-6782,131200,108,19229,405,0,64246,0.0009999999999994458
9403000,-3104,542,132374,-18421,-1267,126542,108,19228,442,1,64247,0.0009999999999994458
9404000,-2740,9006,134171,-13576,6200,130122,144,19226,590,1,64248,0.0010000000000012221
9405000,-9937,1467,129195,10464,-2745,127786,113,19232,463,1,64249,0.0009999999999994458
9406000,-623,1725,131778,-13218,-2001,132459,99,19228,405,1,64250,0.0009999999999994458
9407000,-1129,-9328,126039,-17472,-12339,130041,129,19228,405,0,64251,0.0010000000000012221
9408000,3617,3569,131628,13961,-740,127438,111,19230,528,0,64252,0.0009999999999994458
9409000,-3886,4662,130664,-7518,1645,128090,111,19228,455,0,64253,0.0009999999999994458
9410000,-7964,802,128520,-22324,-3911,131805,119,19222,487,1,64254,0.0010000000000012221
9411000,-8483,4229,132316,-7383,2376,130702,120,19231,491,1,64255,0.0009999999999994458
9412000,-6441,7960,127214,-6584,4856,124812,108,19228,442,1,64256,0.0009999999999994458
9413000,-1892,7536,129276,-10799,5331,130253,120,19228,442,0,64257,0.0010000000000012221
9414000,-4777,-10373,125642,-6745,-12604,134253,99,19217,491,0,64258,0.0009999999999994458
9415000,-1118,-72,126158,-4028,-5807,120360,99,19228,405,0,64259,0.0009999999999994458
9416000,-6509,12733,130464,-12328,11254,126486,106,19229,434,0,64260,0.0010000000000012221
9417000,-7559,2143,127873,-11536,6983,129116,134,19224,549,1,64261,0.0009999999999994458
9418000,-6001,4195,126968,-1153,-1620,125012,119,19229,487,1,64262,0.0009999999999994458
9419000,-5217,7112,126846,-14236,2336,122084,106,19229,487,1,64263,0.0009999999999994458
9420000,1456,11189,126652,-364,2327,124507,137,19232,434,0,64264,0.0010000000000012221
9421000,276,-3276,124044,3983,-13935,124628,137,19232,561,0,64265,0.0009999999999994458
9422000,1727,7586,126547,-11791,-100,127595,108,19229,442,0,64266,0.0009999999999994458
9423000,-113,3923,126673,2904,3619,126528,112,19224,459,1,64267,0.0010000000000012221
9424002,-255,8635,125956,1492,10098,122514,142,19232,582,1,64268,0.0010019999999997253
9425002,-1658,12668,125527,-9033,7262,123111,108,19232,442,1,64269,0.0009999999999994458
9426001,5593,4778,122508,2459,7991,123238,106,19228,442,0,64270,0.0009990000000001942
9427000,11570,-1138,123737,12745,-7691,126821,106,19223,434,0,64271,0.0009990000000001942
9428000,5565,-12706,122082,5871,-13184,125192,91,19227,373,0,64272,0.0009999999999994458
9429000,6617,-1671,126979,4292,-1960,128057,111,19228,455,0,64273,0.0010000000000012221
9430000,3731,2038,127550,4929,529,125366,129,19227,528,1,64274,0.0009999999999994458
9431001,5432,11883,130207,-3535,7220,126880,116,19227,475,1,64275,0.0010010000000004737
9432000,4487,4088,127169,7498,-1557,129712,100,19228,475,1,64276,0.0009990000000001942
9433000,7437,662,126913,9607,-6213,123180,143,19230,410,0,64277,0.0009999999999994458
9434000,9614,-6059,126413,5176,-8795,132543,143,19228,586,0,64278,0.0009999999999994458
9435000,5172,-11831,127834,12606,-11716,131962,101,19228,414,0,64279,0.0009999999999994458
9436000,7534,2234,126589,567,1629,126379,103,19227,422,1,64280,0.0010000000000012221
9437000,-267,14429,130691,-3555,13433,123618,132,19227,541,1,64281,0.0009999999999994458
9438000,2646,10870,128937,3668,7013,126555,114,19228,541,1,64282,0.0009999999999994458
9439000,4599,-4070,127977,241,-8674,132756,108,19228,467,1,64283,0.0010000000000012221
9440002,7102,-9052,128829,1697,-14886,131170,108,19225,442,0,64284,0.0010019999999997253
9441000,13642,-6806,128971,21454,-3135,129684,125,19229,512,0,64285,0.0009979999999991662
9442000,-668,3328,130540,-2082,-2280,125520,106,19228,434,0,64286,0.0010000000000012221
9443000,4145,-4885,130710,-24488,-7025,133756,118,19218,483,1,64287,0.0009999999999994458
9444000,-8325,17903,134318,4842,16153,121125,110,19218,483,1,64288,0.0009999999999994458
9445003,-4433,-4460,130652,-10,-7893,128734,101,19230,451,1,64289,0.0010030000000007533
9446000,-5876,-5024,128380,-10659,-10989,130061,101,19230,414,0,64290,0.0009969999999999146
9447000,-532,-13335,128448,-12909,-17351,133050,132,19225,541,0,64291,0.0009999999999994458
9448000,75,3548,131389,7423,2525,125732,103,19229,422,0,64292,0.0010000000000012221
9449000,-5964,6980,132215,-8058,4027,122081,110,19226,451,0,64293,0.0009999999999994458
9450000,-7927,6737,131207,-23069,3047,131257,157,19226,451,1,64294,0.0009999999999994458
9451000,-7591,2193,128855,-6378,-323,133125,119,19228,643,1,64295,0.0009999999999994458
9452000,-3419,13376,130869,-3073,11301,122275,119,19234,487,1,64296,0.0010000000000012221
9453000,-1891,5915,125734,-4750,2517,126222,102,19226,418,0,64297,0.0009999999999994458
9454000,-4538,-1599,126639,-11320,-4268,124699,159,19237,651,0,64298,0.0009999999999994458
9455000,-538,-5891,126565,-8511,-9051,136431,105,19229,430,0,64299,0.0010000000000012221
9456000,-3746,15678,127403,-4180,11452,119545,115,19229,430,1,64300,0.0009999999999994458
9457000,-7598,16157,128479,-6831,13948,119503,118,19223,471,1,64301,0.0009999999999994458
9458000,-5464,-1454,125953,-18537,-1593,130493,118,19232,483,1,64302,0.0010000000000012221
9459000,1928,2773,127476,-3295,-1977,127490,107,19230,438,1,64303,0.0009999999999994458
9460002,1706,3001,125950,6418,1132,125486,122,19240,500,0,64304,0.0010019999999997253
9461002,307,3302,124375,-4020,1627,120245,100,19228,410,0,64305,0.0009999999999994458
9462000,996,83,125261,-8857,-1581,134781,112,19228,410,0,64306,0.0009980000000009426
9463000,-1000,7781,127072,289,7122,119238,142,19226,459,1,64307,0.0009999999999994458
9464000,-2963,11642,125866,-4043,7800,126335,142,19225,582,1,64308,0.0010000000000012221
9465000,310,23977,127766,-9945,9446,118279,113,19233,463,1,64309,0.0009999999999994458
9466000,8132,-2087,120735,5531,-8169,130591,100,19224,410,0,64310,0.0009999999999994458
9467000,7569,-7677,124477,14219,-7087,128906,108,19232,442,0,64311,0.0009999999999994458
9468001,9094,91,125214,-2150,-925,117161,117,19232,442,0,64312,0.0010010000000004737
9469001,4253,7568,127718,8985,1370,128611,116,19228,479,0,64313,0.0010000000000012221
9470000,4824,1365,128470,-4797,-1621,127950,116,19222,475,1,64314,0.0009989999999984178
9471000,3253,1754,128185,4649,-806,127929,120,19226,491,1,64315,0.0010000000000012221
9472000,7024,5154,125832,7433,1367,119333,104,19233,426,1,64316,0.0009999999999994458
9473000,8421,7750,127435,961,167,122654,110,19220,451,0,64317,0.0009999999999994458
9474000,9102,-524,128100,10338,-10654,134370,109,19220,446,0,64318,0.0010000000000012221
9475000,4696,-16906,126054,11036,-20313,131747,118,19236,446,0,64319,0.0009999999999994458
9476001,340,-4128,131221,-8632,2722,127798,131,19229,483,1,64320,0.0010010000000004737
9477000,1439,12237,132033,3153,3803,124515,131,19223,537,1,64321,0.0009990000000001942
9478003,1774,11496,129374,11361,8509,129018,113,19233,463,1,64322,0.001002999999998977
9479000,2030,-3822,128637,-11258,-10519,132830,101,19225,414,1,64323,0.0009969999999999146
9480000,10118,-13080,125078,4825,-11766,122508,155,19225,635,0,64324,0.0010000000000012221
9481000,7504,1263,131073,19944,-6179,129623,106,19234,635,0,64325,0.0009999999999994458
9482002,3804,-11496,127218,-15845,-9704,132465,105,19229,434,0,64326,0.0010019999999997253
9483002,1939,8813,133460,-15038,8084,126782,105,19228,430,1,64327,0.0009999999999994458
9484000,-8163,4609,130495,10198,2659,129322,136,19228,557,1,64328,0.0009980000000009426
9485000,-8501,3188,128673,-12006,-828,125502,104,19235,426,1,64329,0.0009999999999994458
9486002,-2236,-7532,130302,-15206,-12794,135795,105,19235,430,0,64330,0.0010019999999997253
9487000,833,-9345,128729,5410,-10268,129359,90,19220,430,0,64331,0.0009980000000009426
9488000,-1378,11040,131123,-6771,14449,125241,106,19231,369,0,64332,0.0009999999999994458
9489000,-3751,-3500,129770,-13842,-8889,127713,106,19229,434,0,64333,0.0009999999999994458
9490000,-9402,-1768,129611,-5705,-5465,135116,126,19223,516,1,64334,0.0010000000000012221
9491000,-9024,3336,130446,-14903,321,131345,114,19228,467,1,64335,0.0009999999999994458
9492001,-3796,15789,131932,-11100,15612,116682,100,19233,410,1,64336,0.0010010000000004737
9493000,-5243,-2418,126920,-5135,-8734,132398,140,19233,410,0,64337,0.0009990000000001942
9494000,-3626,-6121,125022,-9498,-10497,131030,101,19222,573,0,64338,0.0009999999999994458
9495000,-1523,-1458,127483,-4768,-2853,126000,101,19236,414,0,64339,0.0009999999999994458
9496000,-3599,10370,129778,-8248,7792,126269,103,19225,422,1,64340,0.0010000000000012221
9497000,-6122,19325,129096,-8764,14397,122391,132,19230,541,1,64341,0.0009999999999994458
9498000,-7489,2946,128748,-8395,873,125711,112,19228,459,1,64342,0.0009999999999994458
9499000,-628,1429,125400,-7979,-1458,126184,106,19228,459,1,64343,0.0009999999999994458
9500000,-587,-1557,126749,-2814,-5181,135341,90,19224,434,0,64344,0.0010000000000012221
9501000,7028,1846,121074,4883,-2741,115381,90,19232,369,0,64345,0.0009999999999994458
9502000,1208,7061,126332,-3502,4844,123655,109,19227,446,0,64346,0.0009999999999994458
9503000,-1492,5545,124764,-5711,2065,128949,124,19217,508,1,64347,0.0010000000000012221
9504000,-2005,8612,126136,-4601,5482,122326,110,19228,451,1,64348,0.0009999999999994458
9505000,2313,12075,127323,-941,9625,126577,95,19228,451,1,64349,0.0009999999999994458
9506000,8268,9478,124226,8386,7358,116529,125,19234,389,0,64350,0.0010000000000012221
9507000,6861,-9451,123498,4526,-12390,133775,125,19229,512,0,64351,0.0009999999999994458
9508000,8797,-1820,124574,7923,-10891,122187,115,19227,471,0,64352,0.0009999999999994458
9509010,5702,7871,125661,4831,1548,122926,116,19225,475,1,64353,0.0010100000000008436
9510002,2603,14166,131460,-3610,11183,122513,147,19228,602,1,64354,0.000992000000000104
9511000,5465,1951,126788,3862,-4760,133197,112,19228,602,1,64355,0.0009979999999991662
9512002,5830,-6799,125507,13045,-8598,124591,99,19230,459,1,64356,0.0010019999999997253
9513000,10002,3817,125748,260,5325,119045,99,19226,405,0,64357,0.0009980000000009426
9514000,12837,2968,127257,8247,-2564,129385,121,19232,496,0,64358,0.0009999999999994458
9515001,9894,-952,126359,15858,-8131,124320,104,19231,426,0,64359,0.0010010000000004737
9516000,4547,7307,130673,-3902,-3670,134233,112,19222,459,1,64360,0.0009990000000001942
9517000,-811,8313,130174,5605,7236,122994,105,19222,459,1,64361,0.0009999999999994458
9518000,3215,3613,128585,1360,753,130847,101,19228,430,1,64362,0.0009999999999994458
9519000,6457,406,131360,-1477,-6141,129945,101,19230,414,1,64363,0.0010000000000012221
9520000,6727,-2286,127893,967,-11338,127307,124,19224,508,0,64364,0.0009999999999994458
9521000,7684,-2538,130064,16572,-1905,128071,99,19231,405,0,64365,0.0009999999999994458
9522000,-918,3647,130104,-6550,-2552,129109,104,19228,426,0,64366,0.0010000000000012221
9523000,2366,-564,128965,-18144,424,134959,139,19228,569,1,64367,0.0009999999999994458
9524000,-6152,13518,135526,8803,5307,119411,112,19227,569,1,64368,0.0009999999999994458
9525000,291,-2834,130429,-10222,-7596,132124,98,19230,459,1,64369,0.0010000000000012221
9526000,-5925,-6713,130767,-13661,-11702,135422,98,19225,401,0,64370,0.0009999999999994458
9527000,368,-18119,127167,2117,-18326,136742,137,19232,561,0,64371,0.0009999999999994458
9528003,-1172,11255,130887,2893,11121,121731,110,19228,451,0,64372,0.0010030000000007533
9529001,-9155,12023,130258,-21369,11945,122065,117,19228,479,1,64373,0.0009979999999991662
9530002,-4091,4964,132020,-13184,534,131332,125,19223,479,1,64374,0.0010010000000004737
9531002,-8910,-7700,127600,-239,-10056,137932,107,19228,512,1,64375,0.0009999999999994458
9532000,-5271,7926,129272,-10973,9973,123074,107,19233,438,1,64376,0.0009980000000009426
9533000,-5815,3418,128420,-15873,-2710,123599,115,19216,471,0,64377,0.0009999999999994458
9534000,-2442,-8837,124959,-983,-11845,132465,103,19231,422,0,64378,0.0009999999999994458
9535001,-1594,7229,128934,4489,6600,129211,104,19227,426,0,64379,0.0010010000000004737
9536000,-6480,511,125896,-18022,-2637,119053,136,19227,426,1,64380,0.0009990000000001942
9537000,-7654,13533,130711,-10459,7087,124715,121,19225,557,1,64381,0.0009999999999994458
9538000,-5869,-343,126878,-7424,-4324,132209,121,19229,496,1,64382,0.0010000000000012221
9539000,553,4096,127563,20,1227,120480,104,19225,426,0,64383,0.0009999999999994458
9540000,-5969,-1261,124866,-4073,-5643,128595,129,19230,528,0,64384,0.0009999999999994458
9541001,-1570,3225,122164,-10661,-844,120902,109,19229,446,0,64385,0.0010010000000004737
9542000,625,5585,126746,-21,2937,126535,112,19229,446,0,64386,0.0009990000000001942
9543000,-644,2998,125324,-219,1366,120833,151,19224,459,1,64387,0.0009999999999994458
9544000,-2432,7186,126841,-3813,3131,122248,151,19228,618,1,64388,0.0009999999999994458
9545000,3010,5204,126502,-3266,2982,125747,110,19233,451,1,64389,0.0010000000000012221
9546000,9200,5762,123756,8148,1921,125539,105,19222,430,0,64390,0.0009999999999994458
9547000,8177,6443,122625,17711,1914,122031,88,19228,360,0,64391,0.0009999999999994458
9548000,4655,-5491,124320,-4088,-9621,124695,112,19228,360,0,64392,0.0010000000000012221
9549000,6814,-4565,127356,237,-8275,132300,133,19229,459,1,64393,0.0009999999999994458
9550000,2049,14972,127520,10263,10534,120954,133,19219,545,1,64394,0.0009999999999994458
9551000,2133,13487,127325,-1185,10032,123063,114,19229,467,1,64395,0.0010000000000012221
9552000,8497,-4955,124718,1382,-6028,127966,99,19229,405,1,64396,0.0009999999999994458
9553000,12083,-6307,126033,8354,-12108,127584,138,19230,565,0,64397,0.0009999999999994458
9554000,10008,-7551,127554,16841,-7738,128421,103,19230,565,0,64398,0.0010000000000012221
9555003,3405,-3161,127716,6423,-5456,126709,104,19227,422,0,64399,0.001002999999998977
9556001,3372,7164,131589,-10344,2729,131507,104,19226,426,1,64400,0.0009980000000009426
9557001,-605,11459,131629,4306,7273,126358,137,19230,561,1,64401,0.0009999999999994458
9558002,-488,2107,130028,7201,-3187,128314,112,19237,459,1,64402,0.0010010000000004737
9559002,5486,10772,129050,-6040,-11038,126069,105,19224,430,0,64403,0.0009999999999994458
9560000,10816,-16436,125247,4620,-15649,134846,123,19224,430,0,64404,0.0009979999999991662
9561000,6512,-6372,129408,24655,-3513,133773,106,19240,504,0,64405,0.0010000000000012221
9562000,497,195,130145,-15857,6303,118313,106,19233,434,0,64406,0.0009999999999994458
9563002,-2814,15577,133721,-3036,9019,132860,120,19220,491,1,64407,0.0010019999999997253
9564001,-6007,-4770,129844,2739,-8597,135439,109,19230,446,1,64408,0.0009990000000001942
9565002,-3033,-4314,128737,-13247,-9853,132101,98,19231,401,1,64409,0.0010010000000004737
9566000,2580,-1763,127732,-6828,-336,124822,128,19231,524,0,64410,0.0009979999999991662
9567001,3294,7125,129759,5124,3025,124977,103,19221,524,0,64411,0.0010010000000004737
9568002,-72,3252,130218,-3266,-3163,129692,110,19229,422,0,64412,0.0010010000000004737
9569000,-6911,343,129081,-23683,-4298,131816,110,19225,451,1,64413,0.0009979999999991662
9570000,-11021,-5899,132583,-7723,-4590,134497,154,19231,631,1,64414,0.0010000000000012221
9571000,-11797,24747,132549,-5173,18304,112165,115,19231,471,1,64415,0.0009999999999994458
9572000,-2034,3740,129126,-14605,-8288,136849,103,19231,422,1,64416,0.0009999999999994458
9573000,-5463,-10166,126878,-3238,-10618,127929,161,19225,422,0,64417,0.0010000000000012221
9574000,-1439,-2358,126041,-7890,-3288,121806,117,19227,659,0,64418,0.0009999999999994458
9575000,-2281,11859,129578,-7036,9934,121105,117,19228,479,0,64419,0.0009999999999994458
9576000,-4994,6274,129460,-11222,769,127030,121,19220,496,1,64420,0.0009999999999994458
9577000,-5109,2001,127186,-9025,2802,131833,117,19230,479,1,64421,0.0010000000000012221
9578000,-7929,6926,125893,-1720,1733,122169,106,19230,434,1,64422,0.0009999999999994458
9579020,931,5206,124472,-5312,1134,123017,124,19230,434,0,64423,0.001020000000000465
9580000,1856,4602,126678,248,-2154,125011,97,19227,508,0,64424,0.000980000000000203
9581000,4379,-5153,123003,1883,-7193,130088,97,19229,397,0,64425,0.0009999999999994458
9582000,-1096,9241,129200,-5707,10623,123857,102,19227,418,0,64426,0.0009999999999994458
9583000,-3514,11859,125356,-2470,7653,120047,136,19224,557,1,64427,0.0010000000000012221
9584000,-1133,1406,125333,-3715,-3401,134051,114,19231,467,1,64428,0.0009999999999994458
9585000,3130,5364,124962,481,3627,123988,98,19231,467,1,64429,0.0009999999999994458
9586000,9240,7671,124287,6101,2482,118923,108,19222,401,0,64430,0.0010000000000012221
9587000,11006,-1925,122614,11685,-6783,121575,108,19229,442,0,64431,0.0009999999999994458
9588000,7476,-4786,127623,-285,-9600,128359,110,19227,451,0,64432,0.0009999999999994458
9589001,5437,126,127363,3627,-2738,129369,113,19221,463,1,64433,0.0010010000000004737
9590000,1055,16118,130210,5604,14365,121537,118,19230,483,1,64434,0.0009990000000001942
9591000,1819,2910,127263,580,16,128897,106,19230,483,1,64435,0.0009999999999994458
9592001,7679,43,125507,4313,-3329,122014,112,19235,434,1,64436,0.0010010000000004737
9593000,13429,-1338,125734,10548,-5294,130666,112,19221,459,0,64437,0.0009990000000001942
9594002,8538,-3251,126059,4266,-6401,128265,89,19228,365,0,64438,0.0010019999999997253
9595002,10066,1486,128035,5709,-2996,120493,102,19231,418,0,64439,0.0009999999999994458
9596000,2905,-1116,128938,6060,-5769,134586,124,19225,508,1,64440,0.0009980000000009426
9597000,742,6601,127215,455,2555,125636,114,19225,508,1,64441,0.0009999999999994458
9598000,2511,8253,130350,-6286,5484,127606,101,19231,467,1,64442,0.0009999999999994458
9599000,5485,2695,130995,5126,432,128844,101,19228,414,0,64443,0.0010000000000012221
9600000,8940,-8762,129364,1257,-8710,133100,154,19231,631,0,64444,0.0009999999999994458
9601001,220,-7693,132097,15098,-12269,130797,108,19229,442,0,64445,0.0010010000000004737
9602000,3470,-884,129453,-11969,-4609,129135,109,19224,446,0,64446,0.0009990000000001942
9603000,-3561,12678,133436,-9333,6550,126557,139,19224,446,1,64447,0.0009999999999994458
9604000,-3658,14273,131232,3069,10589,122344,107,19228,569,1,64448,0.0009999999999994458
9605000,-5450,-517,130099,-9259,-14265,133425,107,19232,438,1,64449,0.0010000000000012221
9606000,201,-12933,130398,-16351,-16675,131353,105,19221,430,0,64450,0.0009999999999994458
9607000,2184,-4307,128264,7534,-3176,131830,102,19229,418,0,64451,0.0009999999999994458
9608000,-3916,-317,128864,-952,8158,126227,114,19226,467,0,64452,0.0009999999999994458
9609000,-4509,14454,132692,-21564,7171,124985,130,19226,532,1,64453,0.0010000000000012221
9610000,-7330,-935,125324,573,-4158,136926,117,19224,532,1,64454,0.0009999999999994458
9611000,-6617,13634,131748,-6646,8748,118665,101,19230,479,1,64455,0.0009999999999994458
9612000,-5804,7564,128437,-11072,2308,128844,101,19226,414,1,64456,0.0010000000000012221
9613000,-1584,-468,127581,-12583,-5136,127956,138,19222,565,0,64457,0.0009999999999994458
9614000,-2964,-4432,125106,-1244,-3439,129998,100,19232,410,0,64458,0.0009999999999994458
9615000,-1889,6809,128221,-11383,6698,121319,104,19232,426,0,64459,0.0010000000000012221
9616000,-6862,2052,125666,-6352,1784,128225,132,19224,426,1,64460,0.0009999999999994458
9617001,-5951,5556,127554,-15704,1772,125838,112,19230,541,1,64461,0.0010010000000004737
9618000,-2408,12919,129129,-7707,6517,118065,112,19229,459,1,64462,0.0009990000000001942
9619000,-3470,5557,127031,5438,-1599,125444,107,19220,438,0,64463,0.0009999999999994458
9620000,775,-10291,125800,-5578,-13703,133728,89,19231,365,0,64464,0.0009999999999994458
9621000,-3338,-4148,124214,-4976,-6427,123687,110,19234,451,0,64465,0.0010000000000012221
9622002,856,22881,129329,-2276,19400,122206,122,19234,451,1,64466,0.0010019999999997253
9623000,-2962,11603,124913,-1952,9953,120664,110,19218,500,1,64467,0.0009979999999991662
9624000,-90,10290,126372,-5012,5796,123562,110,19229,451,1,64468,0.0009999999999994458
9625000,6428,2865,122806,1464,2502,128435,98,19230,401,1,64469,0.0010000000000012221
9626000,7935,-1570,121773,10843,-4076,121892,126,19233,516,0,64470,0.0009999999999994458
9627000,11682,-7892,123913,3148,-13644,128325,109,19226,446,0,64471,0.0009999999999994458
9628000,5582,-4615,124846,454,-4750,127146,115,19226,446,0,64472,0.0010000000000012221
9629001,5156,7535,129465,9079,4306,129475,148,19226,471,1,64473,0.0010009999999986974
9630000,273,3237,126243,1358,1370,121228,148,19229,606,1,64474,0.0009990000000001942
9631000,6890,13434,126146,-3990,9693,121743,112,19229,459,1,64475,0.0010000000000012221
9632000,7626,3719,125991,12434,1231,126629,99,19225,405,0,64476,0.0009999999999994458
9633000,10854,-3821,126895,5802,-8238,124236,120,19232,491,0,64477,0.0009999999999994458
9634000,7193,-14955,126208,10926,-17779,137629,106,19232,491,0,64478,0.0010000000000012221
9635000,1135,2345,129818,-2970,-697,124102,112,19232,434,0,64479,0.0009999999999994458
9636000,4565,508,130546,-1908,-3846,136670,112,19222,459,1,64480,0.0009999999999994458
9637000,-2384,14151,131189,11337,11631,118130,107,19240,438,1,64481,0.0009999999999994458
9638000,5340,5551,129148,-10892,1214,129544,105,19224,430,1,64482,0.0010000000000012221
9639000,9275,-15537,125774,4245,-19881,133352,124,19220,508,0,64483,0.0009999999999994458
9640001,9914,593,130287,20119,-1703,123024,111,19220,508,0,64484,0.0010010000000004737
9641000,4670,-5030,128058,4810,-8620,138941,108,19234,455,0,64485,0.0009990000000001942
9642000,-2941,6220,132042,-18813,1742,117670,108,19227,442,1,64486,0.0009999999999994458
9643000,1123,837,133819,-7392,-1977,138233,141,19227,577,1,64487,0.0009999999999994458
9644000,-12444,-705,126154,11986,-6659,127195,112,19232,459,1,64488,0.0010000000000012221
9645000,2211,3191,131559,-20511,1063,121284,99,19234,405,1,64489,0.0009999999999994458
9646002,-451,-9531,128027,-7723,-12394,141299,137,19234,405,0,64490,0.0010019999999997253
9647000,5769,5042,129944,12999,-2160,119988,108,19232,561,0,64491,0.0009980000000009426
9648000,-5190,5323,133623,-10478,3873,134513,108,19228,442,0,64492,0.0009999999999994458
9649001,-9234,-1929,129432,-19367,-3953,125801,117,19227,479,1,64493,0.0010010000000004737
9650000,-8713,11674,133211,-4641,8858,134386,124,19228,508,1,64494,0.0009990000000001942
9651000,-7726,276,127456,-10292,-1808,123007,104,19240,426,1,64495,0.0009999999999994458
9652000,-3352,9274,131153,-10761,1163,125957,116,19240,426,0,64496,0.0009999999999994458
9653000,-1673,-1189,126069,-1846,-15907,135150,101,19218,475,0,64497,0.0009999999999994458
9654000,-1381,-2470,124729,-5558,-1201,122718,101,19233,414,0,64498,0.0010000000000012221
9655000,-5133,5638,129156,-9216,2516,130455,105,19230,430,0,64499,0.0009999999999994458
9656000,-3978,10932,128349,-7978,8111,117241,133,19224,545,1,64500,0.0009999999999994458
9657000,-6124,10788,126858,-11881,8193,132666,118,19229,483,1,64501,0.0010000000000012221
9658000,-1654,-1592,126035,-9229,-1857,128224,101,19229,414,1,64502,0.0009999999999994458
9659000,2323,8574,122759,4697,4790,117838,130,19227,414,0,64503,0.0009999999999994458
9660000,2685,-2272,123399,-3799,-6259,128246,116,19231,532,0,64504,0.0010000000000012221
9661000,1309,3972,126522,-7408,297,118650,116,19228,475,0,64505,0.0009999999999994458
9662000,219,5424,126908,-350,-2361,133298,116,19222,475,1,64506,0.0009999999999994458
9663002,-4175,9735,127391,-793,5727,121959,145,19229,594,1,64507,0.0010019999999997253
9664000,-926,4600,127692,-2446,-94,124846,104,19229,426,1,64508,0.0009980000000009426
9665000,5553,10156,124516,1662,4987,121562,105,19232,426,0,64509,0.0009999999999994458
9666000,10101,5273,125373,7035,-9045,127766,89,19227,430,0,64510,0.0010000000000012221
9667000,9815,-3897,124166,11700,-4620,126765,89,19232,365,0,64511,0.0009999999999994458
9668000,3152,7691,128054,397,4217,119229,116,19229,475,0,64512,0.0009999999999994458
9669000,5229,-4644,127003,608,-4435,132209,129,19225,528,1,64513,0.0009999999999994458
9670000,4856,3562,127704,4084,607,122695,113,19225,463,1,64514,0.0010000000000012221
9671000,7710,7711,126172,3781,3296,127638,96,19229,463,1,64515,0.0009999999999994458
9672000,12105,6106,124848,3041,3393,121224,139,19229,393,0,64516,0.0009999999999994458
9673000,6938,-574,127515,11054,-7604,127308,139,19232,569,0,64517,0.0010000000000012221
9674001,9472,-14767,126237,10134,-19386,137264,104,19230,426,0,64518,0.0010009999999986974
9675000,3597,-7595,128314,-2696,-8559,128260,106,19225,434,1,64519,0.0009990000000001942
9676000,1725,18761,132543,1375,20882,123853,133,19227,545,1,64520,0.0010000000000012221
9677000,939,16707,129526,594,10659,120934,109,19227,545,1,64521,0.0009999999999994458
9678000,3453,-12421,126645,-2081,-15394,139064,103,19228,446,1,64522,0.0009999999999994458
9679000,7010,-18329,127432,4434,-22659,130490,103,19224,422,0,64523,0.0010000000000012221
9680002,10508,-10394,128470,11798,-13970,127071,119,19232,487,0,64524,0.0010019999999997253
9681000,1681,8641,132780,10061,5669,127166,108,19226,442,0,64525,0.0009979999999991662
9682000,-524,-4932,128959,-25810,-8334,132186,119,19218,487,1,64526,0.0010000000000012221
9683000,-7562,15736,134576,-5627,12709,122904,109,19218,487,1,64527,0.0009999999999994458
9684000,-3931,8284,132285,6656,4771,127952,98,19223,446,1,64528,0.0009999999999994458
9685000,-5798,-9078,128412,-7672,-12750,133304,98,19236,401,0,64529,0.0009999999999994458
9686000,-835,-14719,128878,-17584,-19313,133592,126,19226,516,0,64530,0.0010000000000012221
9687000,636,731,131160,3490,-2443,130287,105,19226,430,0,64531,0.0009999999999994458
9688000,-5842,13282,130038,-3898,9814,118191,111,19224,455,0,64532,0.0009999999999994458
9689000,-7873,7022,133395,-23580,5392,126774,150,19224,455,1,64533,0.0010000000000012221
9690000,-8998,-10633,126566,-11355,-13530,140193,116,19230,614,1,64534,0.0009999999999994458
9691000,-1905,12167,130699,-2339,9910,120990,116,19232,475,1,64535,0.0009999999999994458
9692000,-6166,946,128125,-6972,-15,127645,102,19224,418,0,64536,0.0010000000000012221
9693000,-3705,-5010,124926,-15450,-8950,125223,152,19229,623,0,64537,0.0009999999999994458
9694000,-2890,3185,128301,-5494,1294,130679,111,19229,455,0,64538,0.0009999999999994458
9695002,-3640,4404,126607,-7542,65,116599,117,19229,455,1,64539,0.0010019999999997253
9696000,-7390,21804,129773,-6241,17945,123686,113,19221,479,1,64540,0.0009980000000009426
9697000,-8168,2545,126201,-15662,-334,128826,113,19228,463,1,64541,0.0009999999999994458
9698000,3579,6652,125594,-6062,-363,121856,106,19229,434,1,64542,0.0010000000000012221
9699000,-18,-5308,126137,7291,-15091,134693,122,19226,500,0,64543,0.0009999999999994458
9700000,1836,2512,125186,-6991,180,115206,108,19232,442,0,64544,0.0009999999999994458
9701000,-711,3671,125610,-6216,-2906,133456,110,19232,451,0,64545,0.0009999999999994458
9702000,-658,2928,127733,2059,6064,125817,144,19223,451,1,64546,0.0010000000000012221
9703000,-2212,20666,124942,-3296,14300,115483,115,19219,590,1,64547,0.0009999999999994458
9704000,379,7519,125344,-1621,3762,130913,115,19230,471,1,64548,0.0009999999999994458
9705000,8387,3109,124133,14934,-3448,118679,97,19228,397,0,64549,0.0010000000000012221
9706000,7310,799,124201,5904,-12081,128438,108,19229,442,0,64550,0.0009999999999994458
9707000,8595,156,125127,2402,1071,122862,109,19229,446,0,64551,0.0009999999999994458
9708000,5234,2204,128378,4560,-2281,127024,115,19229,446,0,64552,0.0010000000000012221
9709000,5563,9785,126677,1065,9805,121288,119,19221,471,1,64553,0.0009999999999994458
9710000,3917,6995,127128,2694,-605,127597,119,19227,487,1,64554,0.0009999999999994458
9711000,7499,729,124179,4902,-4241,125902,105,19233,430,1,64555,0.0010000000000012221
9712003,9980,6765,128889,8219,288,117373,111,19219,455,0,64556,0.001002999999998977
9713000,11761,414,128333,13467,-7885,132295,89,19219,365,0,64557,0.0009969999999999146
9714000,4843,-11544,129458,8174,-15183,135098,99,19230,365,0,64558,0.0010000000000012221
9715000,1763,4039,128792,-13229,1597,123696,129,19232,405,1,64559,0.0009999999999994458
9716000,2093,13568,129405,3203,12379,128422,129,19226,528,1,64560,0.0009999999999994458
9717000,960,14728,132065,8888,9749,120005,113,19231,463,1,64561,0.0009999999999994458
9718000,6563,-4294,127203,-6747,-9604,132031,99,19229,405,1,64562,0.0010000000000012221
9719000,10779,-11715,127285,8644,-13891,132171,156,19237,639,0,64563,0.0009999999999994458
9720000,6892,-2857,129617,16492,-7264,128661,104,19237,639,0,64564,0.0009999999999994458
9721000,3934,-5421,129180,-14764,-5179,128989,107,19229,426,0,64565,0.0010000000000012221
9722000,-544,12194,134806,-11260,8945,125848,107,19224,438,1,64566,0.0009999999999994458
9723000,-9109,4176,131942,4297,1035,137450,141,19229,577,1,64567,0.0009999999999994458
9724000,-7598,-955,129262,-14279,-2508,123337,105,19233,430,1,64568,0.0010000000000012221
9725001,-455,-3734,130330,-11306,-7438,132365,109,19216,446,0,64569,0.0010009999999986974
9726000,-682,-1573,129160,5306,-5418,128878,89,19216,446,0,64570,0.0009990000000001942
9727000,69,5127,131439,-4435,1443,122139,110,19229,365,0,64571,0.0010000000000012221
9728000,-5876,-3488,130971,-15951,-8166,138171,110,19228,451,0,64572,0.0009999999999994458
9729000,-9040,4613,129718,-6014,3769,124846,129,19224,528,1,64573,0.0009999999999994458
9730000,-9661,10244,131088,-15116,6148,131145,117,19224,479,1,64574,0.0010000000000012221
9731000,-2705,9497,129657,-12063,6741,121582,103,19225,422,1,64575,0.0009999999999994458
9732000,-4035,-1548,127131,-2186,-4261,129056,145,19225,422,0,64576,0.0009999999999994458
9733000,-2893,-11610,124969,-9395,-15781,134564,104,19226,594,0,64577,0.0009999999999994458
9734000,-115,1233,126001,-834,-2355,118654,104,19232,426,0,64578,0.0010000000000012221
9735000,-3112,9246,131029,-8212,5312,138540,107,19221,438,1,64579,0.0009999999999994458
9736000,-7586,8848,124783,-14611,4521,113213,143,19230,586,1,64580,0.0009999999999994458
9737000,-8055,11964,131711,-6736,9982,126583,116,19238,475,1,64581,0.0010000000000012221
9738003,-2851,-1671,122702,-5005,-5613,131516,112,19238,475,0,64582,0.001002999999998977
9739000,128,1954,124897,-327,-2705,119930,98,19222,459,0,64583,0.0009969999999999146
9740000,4104,635,125584,-4863,-2779,133622,98,19230,401,0,64584,0.0010000000000012221
9741000,3889,9842,125173,-3603,4343,116584,107,19225,438,0,64585,0.0009999999999994458
9742000,-611,872,127964,5596,-764,139332,119,19219,487,1,64586,0.0009999999999994458
9743000,-4447,-2564,123704,-5309,-5090,117335,111,19231,455,1,64587,0.0010000000000012221
9744000,2836,13848,125505,-7525,12560,125415,101,19231,414,1,64588,0.0009999999999994458
9745000,7301,6834,123971,7546,4941,120418,127,19233,414,0,64589,0.0009999999999994458
9746000,7435,-2048,124154,7667,-13304,127744,108,19231,520,0,64590,0.0010000000000012221
9747000,6918,-9418,126434,9441,-17057,131991,108,19227,442,0,64591,0.0009999999999994458
9748000,3623,2989,126185,83,3926,120698,113,19228,463,1,64592,0.0009999999999994458
9749000,3007,8941,130630,3643,5395,131339,146,19226,598,1,64593,0.0009999999999994458
9750001,2010,13737,127110,3433,13483,116936,114,19226,467,1,64594,0.0010010000000004737
9751000,7776,1648,122970,392,4775,134122,104,19229,467,1,64595,0.0009990000000001942
9752000,10817,-4344,124877,7052,-46,119770,120,19218,426,0,64596,0.0009999999999994458
9753000,14035,-1270,125402,15697,-12076,130906,120,19232,491,0,64597,0.0010000000000012221
9754002,7811,-9955,126974,940,-9588,131933,107,19228,438,0,64598,0.0010019999999997253
9755003,5167,7102,133359,-2987,2429,127505,113,19222,463,1,64599,0.0010010000000004737
9756002,-715,3168,128671,5456,-254,129556,107,19222,438,1,64600,0.0009989999999984178
9757000,51,17762,131496,-2342,6897,118298,104,19228,438,1,64601,0.0009980000000009426
9758000,4131,-4909,129402,-1275,-11073,135859,124,19231,426,1,64602,0.0009999999999994458
9759002,9125,-6222,128591,3882,-11209,125867,124,19226,508,0,64603,0.0010019999999997253
9760001,8681,-3890,128849,12174,-5148,131568,98,19230,401,0,64604,0.0009990000000001942
9761000,-1759,-5218,129142,-5556,-6866,133422,106,19226,434,0,64605,0.0009990000000001942
9762011,1513,12067,132018,-18461,8813,119102,137,19226,561,1,64606,0.0010110000000000952
9763003,-6117,6661,134305,3387,3263,135775,112,19226,561,1,64607,0.000992000000000104
9764000,-3239,-1825,129528,-2187,-6382,125151,97,19231,459,1,64608,0.0009969999999999146
9765002,-1517,-9290,128115,-19322,-15697,134205,97,19226,397,0,64609,0.0010019999999997253
9766002,1361,-4949,129538,3443,-7137,128657,132,19232,541,0,64610,0.0010000000000012221
9767002,-716,10910,131809,6018,4260,123465,113,19229,463,0,64611,0.0009999999999994458
9768000,-7140,670,131281,-21280,-2718,135054,117,19220,479,1,64612,0.0009979999999991662
9769002,-9848,5713,131921,-13969,2279,123335,122,19220,479,1,64613,0.0010020000000015017
9770000,-8403,204,127760,-998,1667,137865,109,19228,500,1,64614,0.0009979999999991662
9771002,-5076,17127,129988,-12091,12253,112556,109,19234,446,1,64615,0.0010019999999997253
9772002,-1561,-10503,125749,-12509,-16963,137264,116,19223,475,0,64616,0.0009999999999994458
9773000,-2782,-9629,125524,-750,-11323,132208,116,19241,475,0,64617,0.0009980000000009426
9774002,-3160,10849,129785,-5493,6490,117150,105,19229,430,0,64618,0.0010019999999997253
9775001,-4930,8179,129176,-12875,4164,131119,132,19229,430,1,64619,0.0009990000000001942
9776002,-9386,12110,127171,-9671,8392,119565,117,19222,541,1,64620,0.0010010000000004737
9777002,-3181,-1123,126720,-9627,-5060,135035,117,19225,479,1,64621,0.0009999999999994458
9778000,-316,15910,127710,3775,13304,114994,102,19228,418,0,64622,0.0009979999999991662
9779002,-1685,-5400,121869,-5430,-7946,128863,139,19233,569,0,64623,0.0010020000000015017
9780002,525,-1870,125222,-10628,-5820,126667,111,19228,455,0,64624,0.0009999999999994458
9781000,1000,2850,125159,-359,-1451,125858,113,19228,455,0,64625,0.0009979999999991662
9782007,-1180,10018,124842,4200,5835,127860,148,19224,463,1,64626,0.0010070000000013124
9783009,-3288,10811,127737,-9742,8893,117238,148,19224,606,1,64627,0.0010019999999997253
9784001,7909,-2380,124010,-3955,-6572,134709,106,19235,434,1,64628,0.000992000000000104
9785001,9976,9600,124171,15533,6551,118188,105,19222,430,0,64629,0.0009999999999994458
9786001,8871,-7847,122687,7359,-11704,122951,87,19219,356,0,64630,0.0009999999999994458
9787002,5005,-3280,125961,3706,-6697,126225,114,19219,356,0,64631,0.0010010000000004737
9788000,3140,-2964,126013,2533,-6530,133943,127,19228,467,1,64632,0.0009980000000009426
9789002,827,13264,130626,4309,9205,118078,127,19224,520,1,64633,0.0010019999999997253
9790000,-870,13220,128784,-454,14027,122933,113,19230,463,1,64634,0.0009979999999991662
9791002,8206,-3855,125919,2604,-3024,130852,100,19225,410,1,64635,0.0010019999999997253
9792000,11449,-2537,126734,8208,-5880,127886,139,19230,569,0,64636,0.0009980000000009426
9793003,9864,-9712,125160,14465,-17214,133777,103,19230,422,0,64637,0.001002999999998977
9794001,3426,7990,129245,4317,11840,117450,104,19232,422,0,64638,0.0009980000000009426
9795002,4526,2654,130311,-6806,3479,134822,137,19225,426,1,64639,0.0010010000000004737
9796002,711,1853,129168,4238,-1192,130441,137,19228,561,1,64640,0.0009999999999994458
9797002,-124,10337,127733,-7626,4110,122105,111,19228,455,1,64641,0.0009999999999994458
9798002,8611,-3208,125899,534,-7255,132947,108,19223,442,0,64642,0.0010000000000012221
9799002,11245,-10321,127786,22413,-9312,127486,136,19223,557,0,64643,0.0009999999999994458
9800003,5331,-4032,128817,3774,-10386,135866,119,19230,557,0,64644,0.0010010000000004737
9801002,236,-155,131799,-23656,-114,125047,122,19226,487,0,64645,0.0009990000000001942
9802000,-4702,19093,135874,1996,9978,127040,122,19219,500,1,64646,0.0009979999999991662
9803000,-5839,-1310,129614,275,-6357,135321,110,19232,451,1,64647,0.0009999999999994458
9804002,-5827,-5747,129353,-17639,-11496,129583,101,19230,414,1,64648,0.0010019999999997253
9805002,2283,-10217,129951,-751,-14187,131041,130,19225,532,0,64649,0.0010000000000012221
9806002,1067,18755,130649,5042,11251,115772,101,19225,532,0,64650,0.0009999999999994458
9807002,-2689,4700,131551,-9049,-2371,130827,108,19230,414,0,64651,0.0009999999999994458
9808002,-7048,-2499,131682,-19627,-5718,133166,108,19227,442,1,64652,0.0010000000000012221
9809002,-10281,3063,129785,-10195,895,129979,149,19228,610,1,64653,0.0009999999999994458
9810002,-9209,11950,131468,-5403,10288,125425,113,19230,463,1,64654,0.0009999999999994458
9811002,-241,8380,129719,-11359,3849,122325,101,19225,414,1,64655,0.0010000000000012221
9812000,-3306,-2271,124012,-5670,-8935,133613,162,19225,414,0,64656,0.0009979999999991662
9813000,-195,-1066,126571,-4177,-3323,126109,105,19232,664,0,64657,0.0009999999999994458
9814002,-2749,7467,127696,-8690,9054,121334,105,19235,430,0,64658,0.0010020000000015017
9815002,-5175,12934,130183,-12366,7660,123735,108,19221,442,1,64659,0.0009999999999994458
9816000,-4458,5619,126766,-6332,-733,131271,110,19223,451,1,64660,0.0009979999999991662
9817000,-6153,-4720,124329,-4240,-5023,132690,105,19232,430,1,64661,0.0010000000000012221
9818001,-80,5452,125876,-7715,1368,115303,120,19232,430,0,64662,0.0010009999999986974
9819000,970,4892,125438,2723,2924,125074,100,19227,491,0,64663,0.0009990000000001942
9820000,3068,4973,126882,-786,2372,129789,100,19228,410,0,64664,0.0010000000000012221
9821000,-3283,5098,126383,-6977,742,120819,111,19223,455,0,64665,0.0009999999999994458
9822000,-1396,14685,127849,399,10678,126690,138,19220,565,1,64666,0.0009999999999994458
9823000,-2824,10478,125024,-4611,9259,122569,109,19232,446,1,64667,0.0010000000000012221
9824000,6155,7246,124635,580,3577,124541,95,19232,446,1,64668,0.0009999999999994458
9825000,11023,-2547,122096,6190,-7807,129943,108,19225,389,0,64669,0.0009999999999994458
9826001,9572,2063,122246,11276,-1919,119689,108,19227,442,0,64670,0.0010010000000004737
9827000,7760,-362,127191,-502,-3050,123500,113,19227,463,0,64671,0.0009990000000001942
9828000,4327,-3139,126517,6376,-6890,130970,117,19222,479,1,64672,0.0009999999999994458
9829002,2011,9107,129179,-739,5964,129175,121,19228,496,1,64673,0.0010019999999997253
9830002,6389,2014,125142,239,75,118401,101,19228,496,1,64674,0.0010000000000012221
9831000,8823,4647,126151,13507,567,121619,111,19231,414,0,64675,0.0009979999999991662
9832001,8801,6554,127445,3260,3685,131370,111,19220,455,0,64676,0.0010010000000004737
9833000,8376,-12069,125104,5491,-16596,129752,90,19226,369,0,64677,0.0009990000000001942
9834000,4811,4848,132282,10197,-553,130624,105,19232,430,0,64678,0.0009999999999994458
9835000,3021,10285,129067,-5683,5967,124195,125,19228,512,1,64679,0.0009999999999994458
9836000,2790,5945,130806,7758,2091,133294,116,19228,475,1,64680,0.0010000000000012221
9837000,2540,-1470,128495,5257,-4004,126439,99,19229,475,1,64681,0.0009999999999994458
9838001,9277,-2131,127332,-8030,-6476,127842,151,19227,405,0,64682,0.0010010000000004737
9839000,5992,-2035,131312,10521,-3861,124272,151,19232,618,0,64683,0.0009990000000001942
9840000,6478,-8199,128939,12748,-16315,135531,107,19229,438,0,64684,0.0009999999999994458
9841000,-1552,-609,133354,-12264,3619,130902,109,19226,446,0,64685,0.0009999999999994458
9842000,-2580,7632,130370,-11973,10115,125037,143,19226,586,1,64686,0.0009999999999994458
9843000,-5156,10336,131691,6354,5718,129074,106,19230,586,1,64687,0.0010000000000012221
9844000,-297,-5170,127103,-17393,-10080,129446,105,19229,434,1,64688,0.0009999999999994458
9845000,153,-12777,127343,-5555,-6264,136179,105,19223,430,0,64689,0.0009999999999994458
9846000,6057,-5105,129230,5856,2771,124156,98,19230,401,0,64690,0.0010000000000012221
9847000,-5711,7608,130887,-13536,3097,126332,111,19229,455,0,64691,0.0009999999999994458
9848002,-6456,-3338,131332,-18568,-7167,134811,130,19229,532,1,64692,0.0010019999999997253
9849000,-10177,2331,130456,-6695,2637,130326,117,19221,532,1,64693,0.0009980000000009426
9850000,-7500,8385,130156,-7092,8954,127418,101,19228,479,1,64694,0.0009999999999994458
9851003,-4495,10998,129115,-8177,3914,120145,101,19228,414,1,64695,0.0010030000000007533
9852002,-7058,-9777,126034,-11651,-17966,137349,139,19221,569,0,64696,0.0009989999999984178
9853000,-1297,-589,127145,-4405,419,118508,102,19230,418,0,64697,0.0009980000000009426
9854000,-2555,9617,129219,-10681,3225,128481,106,19226,434,0,64698,0.0009999999999994458
9855000,-5793,4978,128643,-2916,3785,127506,147,19226,434,1,64699,0.0010000000000012221
9856000,-8477,12621,127000,-15188,6186,121173,114,19227,602,1,64700,0.0009999999999994458
9857000,-1160,1379,125245,-13596,2025,127883,114,19229,467,1,64701,0.0009999999999994458
9858001,847,4345,127177,7385,-1904,119780,106,19221,434,0,64702,0.0010010000000004737
9859000,1912,-11788,120796,-3185,-13270,132160,105,19229,430,0,64703,0.0009990000000001942
9860000,411,6399,127360,-4186,4365,119284,110,19223,451,0,64704,0.0009999999999994458
9861000,-1339,7636,125089,-354,4575,127092,121,19223,451,1,64705,0.0009999999999994458
9862000,-2850,10404,126933,-4062,8322,123381,117,19219,496,1,64706,0.0010000000000012221
9863000,-2735,13401,125898,-6271,8322,119933,117,19232,479,1,64707,0.0009999999999994458
9864000,5513,1526,124404,3525,1652,131515,100,19230,410,1,64708,0.0009999999999994458
9865000,8516,5516,122796,9300,-290,114259,124,19230,508,0,64709,0.0010000000000012221
9866000,10778,-12006,123831,-1406,-16331,135949,107,19228,438,0,64710,0.0009999999999994458
9867000,4790,-1536,126663,6634,-3819,126180,113,19228,438,0,64711,0.0009999999999994458
9868000,4264,3648,128564,8181,-835,121627,152,19228,463,1,64712,0.0010000000000012221
9869000,2430,12867,128766,-2328,9657,130037,152,19228,623,1,64713,0.0009999999999994458
9870000,4336,7423,124800,750,5374,121239,115,19233,471,1,64714,0.0009999999999994458
9871000,11611,-1037,125644,10829,-4522,127849,101,19225,414,0,64715,0.0010000000000012221
9872000,10720,4260,127304,7248,-8,120857,120,19232,491,0,64716,0.0009999999999994458
9873000,6918,-16179,125074,9660,-20702,137976,107,19232,491,0,64717,0.0009999999999994458
9874000,2320,5209,133698,-3777,2862,125253,112,19228,438,0,64718,0.0009999999999994458
9875000,2713,2379,129079,-4554,-1899,132715,112,19222,459,1,64719,0.0010000000000012221
9876002,-567,11250,129514,13430,5813,125215,111,19225,455,1,64720,0.0010019999999997253
9877002,1979,2462,128766,-10039,392,118738,105,19231,430,1,64721,0.0009999999999994458
9878000,13336,-23347,124400,-5525,-28610,144471,124,19214,508,0,64722,0.0009980000000009426
9879000,7586,2923,129586,27568,-33,118064,96,19214,393,0,64723,0.0009999999999994458
9880000,1680,-4962,128138,-5681,-9234,131354,104,19229,393,0,64724,0.0009999999999994458
9881000,-238,9964,134163,-22427,5538,124493,134,19230,426,1,64725,0.0010000000000012221
9882000,-4092,-6499,132261,1381,-9094,147220,134,19222,549,1,64726,0.0009999999999994458
9883000,-9525,4230,130398,6370,-1477,114131,113,19232,463,1,64727,0.0009999999999994458
9884000,-1088,10178,130670,-23266,8190,128962,100,19226,410,1,64728,0.0010000000000012221
9885000,-110,-13762,127160,-4753,-16964,136895,140,19226,573,0,64729,0.0009999999999994458
9886000,4958,3463,130117,11208,-2328,120968,110,19232,573,0,64730,0.0009999999999994458
9887000,-7608,1539,130802,-13067,-8436,136392,114,19228,451,0,64731,0.0009999999999994458
9888000,-9064,12723,131544,-18645,14324,115593,114,19222,467,1,64732,0.0010000000000012221
9889000,-8602,4034,132291,-8791,-5127,139232,127,19233,520,1,64733,0.0009999999999994458
9890000,-5306,-6441,128750,-7150,-1549,128328,112,19233,459,1,64734,0.0009999999999994458
9891000,-6828,9975,129928,-9177,8092,117624,115,19233,471,0,64735,0.0010000000000012221
9892000,-2858,-5178,125591,-8052,-10171,135281,108,19221,471,0,64736,0.0009999999999994458
9893000,-1280,874,125764,653,-594,119781,105,19231,442,0,64737,0.0009999999999994458
9894000,-6010,-225,128248,-16580,-8906,136252,105,19227,430,0,64738,0.0010000000000012221
9895001,-5408,12976,129321,-3237,8242,114647,128,19223,524,1,64739,0.0010009999999986974
9896000,-9443,10684,127333,-8687,4337,129070,119,19227,487,1,64740,0.0009990000000001942
9897000,-1276,4771,126289,-13161,2988,126322,103,19227,422,1,64741,0.0010000000000012221
9898000,1628,9325,123661,4888,1266,119516,146,19227,422,0,64742,0.0009999999999994458
9899000,2441,-8557,122586,-892,-14363,134110,110,19230,598,0,64743,0.0009999999999994458
9900000,2157,14675,125557,-10818,13929,111355,110,19225,451,0,64744,0.0010000000000012221
9901000,1629,3864,126540,2468,-3465,136712,109,19222,446,1,64745,0.0009999999999994458
9902002,-2447,5769,125705,-1008,3389,122896,148,19229,606,1,64746,0.0010019999999997253
9903000,-178,12383,126053,-10220,3293,120375,109,19235,446,1,64747,0.0009979999999991662
9904000,6926,13065,126639,9714,8130,122587,103,19235,446,0,64748,0.0010000000000012221
9905000,9675,4385,123295,12257,-2557,122455,82,19223,422,0,64749,0.0009999999999994458
9906001,7383,-12129,124794,1754,-14875,134108,82,19228,336,0,64750,0.0010010000000004737
9907000,4640,3809,125371,1737,2823,119497,114,19228,467,0,64751,0.0009990000000001942
9908000,4695,3728,127827,5916,1515,128511,126,19222,516,1,64752,0.0009999999999994458
9909000,4528,11627,130078,2928,9361,122942,114,19228,467,1,64753,0.0009999999999994458
9910000,8589,1458,125777,854,-4414,129743,99,19228,467,1,64754,0.0010000000000012221
9911000,10755,-5087,125969,11005,-7119,126882,131,19232,405,0,64755,0.0009999999999994458
9912000,9391,4226,127212,7916,-2219,119523,131,19226,537,0,64756,0.0009999999999994458
9913000,7274,-13928,123930,10742,-19456,134253,100,19227,410,0,64757,0.0010000000000012221
9914001,1148,2947,131097,-4635,661,127827,107,19227,438,1,64758,0.0010009999999986974
9915000,2373,13407,131460,-2349,11126,124307,136,19230,557,1,64759,0.0009990000000001942
9916000,255,18842,132604,12251,16060,124854,112,19230,557,1,64760,0.0010000000000012221
9917000,4269,-4231,126907,-5814,-9584,130888,104,19230,459,1,64761,0.0009999999999994458
9918000,9797,-11596,129220,1280,-14206,134185,104,19228,426,0,64762,0.0009999999999994458
9919001,12470,-6449,128533,18378,-8722,130001,127,19235,520,0,64763,0.0010010000000004737
9920000,894,7189,131347,9224,3357,125246,107,19228,438,0,64764,0.0009990000000001942
9921000,2363,-5694,129434,-27862,-8669,131386,115,19220,471,1,64765,0.0009999999999994458
9922000,-7611,11066,134931,-750,9217,126801,109,19220,471,1,64766,0.0009999999999994458
9923000,-1942,-396,130323,2543,-3005,131626,100,19234,446,1,64767,0.0010000000000012221
9924000,-6612,-3824,128736,-7767,-5900,121504,100,19231,410,0,64768,0.0009999999999994458
9925000,1012,-12060,126873,-12801,-18582,138180,121,19224,496,0,64769,0.0009999999999994458
9926000,-1549,3678,130414,2931,-888,130749,102,19231,418,0,64770,0.0010000000000012221
9927000,-4501,7087,132733,-7427,1910,122992,111,19224,455,0,64771,0.0009999999999994458
9928000,-6547,10885,131432,-20748,7957,128463,149,19224,610,1,64772,0.0009999999999994458
9929003,-8346,897,127680,-7064,-3996,128926,117,19227,610,1,64773,0.0010030000000007533
9930000,-2675,7834,129881,-4816,3934,125377,98,19231,479,1,64774,0.0009969999999999146
9931000,-4054,-5702,125281,-7158,-7660,129707,98,19227,401,0,64775,0.0009999999999994458
9932000,-1262,-4771,125918,-9326,-9756,125071,171,19230,700,0,64776,0.0010000000000012221
9933000,-3010,6069,127989,-6286,3423,126349,105,19227,430,0,64777,0.0009999999999994458
9934000,-2265,5912,126769,-7761,1803,121261,113,19227,463,1,64778,0.0009999999999994458
9935000,-11155,13492,131045,-6152,5955,130939,118,19227,463,1,64779,0.0009999999999994458
9936002,-5319,-1749,124424,-15024,1754,125074,107,19231,483,1,64780,0.0010020000000015017
9937000,526,13492,129316,-2863,9347,122499,107,19232,438,1,64781,0.0009979999999991662
9938000,1438,-1538,124292,948,-9649,129001,115,19228,471,0,64782,0.0009999999999994458
9939000,3282,-8501,123142,-4238,-1219,123829,94,19232,385,0,64783,0.0010000000000012221
9940000,-2342,-2038,126978,-9131,4472,130680,109,19232,446,0,64784,0.0009999999999994458
9941000,963,8624,124101,2455,12481,115455,139,19224,446,1,64785,0.0009999999999994458
9942000,-4261,14735,126743,-3523,4978,130521,115,19224,569,1,64786,0.0010000000000012221
9943000,1819,521,124163,-2817,-2663,124968,115,19232,471,1,64787,0.0009999999999994458
9944000,7698,10213,124999,10931,3507,119910,95,19224,389,0,64788,0.0009999999999994458
9945000,6282,-3146,124235,6453,-8851,129504,118,19232,483,0,64789,0.0010000000000012221
9946000,9290,386,124487,5217,-2767,116846,113,19231,463,0,64790,0.0009999999999994458
9947000,4899,-4062,127094,5643,-9436,134612,116,19231,463,0,64791,0.0009999999999994458
9948000,4129,7507,125546,-2433,10221,116829,130,19222,475,1,64792,0.0010000000000012221
9949000,2376,16792,131200,3140,15548,132084,130,19226,532,1,64793,0.0009999999999994458
9950000,9624,-4105,121318,5948,-5067,125871,105,19232,430,1,64794,0.0009999999999994458
9951000,11931,-2547,125921,6650,-2070,126346,107,19220,438,0,64795,0.0009999999999994458
9952000,9746,-3518,128689,6788,-7582,127773,97,19229,397,0,64796,0.0010000000000012221
9953000,9755,-4806,127545,12357,-10393,128482,111,19229,397,0,64797,0.0009999999999994458
9954000,-583,-4758,130314,-3634,-6283,135765,130,19228,455,1,64798,0.0009999999999994458
9955000,416,8764,130902,-7526,6371,123313,130,19226,532,1,64799,0.0010000000000012221
9956002,-820,14845,131721,9902,9567,123791,117,19229,479,1,64800,0.0010019999999997253
9957000,2483,1785,129750,-3240,-4138,129780,99,19224,405,1,64801,0.0009979999999991662
9958000,11000,-12599,126195,-712,-14133,131844,147,19230,602,0,64802,0.0010000000000012221
9959000,7009,-1147,130590,21168,-4151,125244,102,19230,602,0,64803,0.0009999999999994458
9960000,4829,-5525,128382,-9854,-9560,133397,106,19229,418,0,64804,0.0009999999999994458
9961001,-105,10529,134748,-15103,8063,128039,106,19228,434,1,64805,0.0010010000000004737
9962000,-6281,5895,132442,7261,2445,126998,144,19224,590,1,64806,0.0009990000000001942
9963000,-7462,6550,130176,-9449,4658,129594,109,19232,446,1,64807,0.0009999999999994458
9964000,-915,-5748,128759,-17612,-9845,130435,103,19220,422,0,64808,0.0010000000000012221
9965000,-129,-2621,129249,4407,-6025,130091,94,19220,422,0,64809,0.0009999999999994458
9966000,433,5832,130529,-2024,2799,123373,108,19232,385,0,64810,0.0009999999999994458
9967000,-5824,-1002,131300,-15010,-4183,131035,108,19229,442,0,64811,0.0009999999999994458
9968002,-8971,-1147,129082,-10656,-4133,128462,127,19222,520,1,64812,0.0010020000000015017
9969002,-9275,11442,131263,-13331,8735,126870,117,19230,479,1,64813,0.0009999999999994458
9970002,-2369,8784,127534,-6794,3412,128349,102,19229,418,1,64814,0.0009999999999994458
9971000,-5669,-4174,127978,-7098,-4346,120423,133,19229,545,0,64815,0.0009980000000009426
9972000,-1482,-14452,124076,-15706,-19688,138824,103,19219,545,0,64816,0.0009999999999994458
9973000,-2873,6799,127744,1810,2493,120983,104,19230,422,0,64817,0.0009999999999994458
9974000,-4903,7378,127564,-11647,4755,122255,104,19224,426,1,64818,0.0010000000000012221
9975000,-5844,12839,128543,-15886,9138,125810,142,19230,582,1,64819,0.0009999999999994458
9976000,-10472,1541,127726,-2977,1429,130646,115,19229,471,1,64820,0.0009999999999994458
9977000,-1333,4773,125033,-8391,1540,122265,106,19229,434,0,64821,0.0010000000000012221
9978000,-1185,6809,125269,-5551,4969,123285,104,19224,434,0,64822,0.0009999999999994458
9979000,4532,304,124403,26,-3530,124839,109,19228,426,0,64823,0.0009999999999994458
9980000,1218,2692,125756,-925,-277,127143,109,19232,446,0,64824,0.0010000000000012221
9981005,-3732,-250,124528,-4419,-6866,131803,117,19224,479,1,64825,0.0010049999999992565
9982000,-1165,24970,125928,-6475,27745,110108,117,19234,479,1,64826,0.000994999999999635
9983000,2424,11369,125318,-4048,4739,126579,101,19234,414,1,64827,0.0009999999999994458
9984000,13803,-9394,124415,4243,-5323,128674,125,19232,414,0,64828,0.0010000000000012221
9985000,5535,-2316,123927,10916,-7563,120879,112,19227,512,0,64829,0.0009999999999994458
9986000,6145,-6099,124776,2212,-6317,127788,112,19226,459,0,64830,0.0009999999999994458
9987000,5185,2678,128059,3108,-4843,126566,117,19227,479,1,64831,0.0010000000000012221
9988000,762,231,128036,-106,645,128274,148,19229,606,1,64832,0.0009999999999994458
9989003,3678,13600,129362,6303,9315,122258,113,19232,463,1,64833,0.0010030000000007533
9990000,4274,4982,126116,3994,-1603,124716,101,19232,463,1,64834,0.0009969999999999146
9991000,13736,3506,125459,5249,-1315,124565,137,19225,414,0,64835,0.0009999999999994458
9992000,6971,-5712,126601,10875,-11477,130807,137,19235,561,0,64836,0.0009999999999994458
9993000,7884,-12310,128037,2195,-14698,133328,103,19233,422,0,64837,0.0010000000000012221
9994000,5131,7132,129712,3409,4583,121851,107,19228,438,1,64838,0.0009999999999994458
9995000,-3290,4536,129781,282,-869,132794,109,19225,446,1,64839,0.0009999999999994458
9996000,3887,6148,128330,285,1179,125832,105,19225,446,1,64840,0.0009999999999994458
9997000,4150,3793,129716,1975,-1196,125914,121,19227,430,1,64841,0.0010000000000012221
9998000,10537,-9637,127023,3298,-14958,132087,121,19220,496,0,64842,0.0009999999999994458
9999000,6659,-6346,129686,18001,-11358,128331,94,19228,385,0,64843,0.0009999999999994458
10000000,-182,-1884,128957,-12205,-4508,135456,101,19225,414,0,64844,0.0010000000000012221
10001000,2304,9624,131018,-17394,9136,121474,131,19224,537,1,64845,0.0009999999999994458
10002000,-6294,8458,133961,12371,4380,129342,113,19224,537,1,64846,0.0009999999999994458
10003000,-1352,-7008,129186,-6793,-11443,129019,97,19228,463,1,64847,0.0010000000000012221
10004003,-4456,-10762,129045,-19476,-17218,133997,97,19230,397,0,64848,0.001002999999998977
10005000,3077,-10433,131879,3005,-13270,133798,141,19234,577,0,64849,0.0009969999999999146
10006003,-2985,18920,130462,6358,15365,114581,107,19232,438,0,64850,0.0010030000000007533
10007006,-8172,-1245,130195,-23163,-5434,135739,113,19222,463,1,64851,0.001002999999998977
10008000,-9389,684,131298,-13810,-2106,132768,129,19222,463,1,64852,0.0009940000000003835
10009000,-6941,7766,129256,-2342,5463,127488,108,19226,528,1,64853,0.0010000000000012221
10010000,-4029,25355,131656,-9236,22944,117666,108,19236,442,1,64854,0.0009999999999994458
10011000,-1941,-9368,125673,-10646,-13737,132526,111,19219,455,0,64855,0.0009999999999994458
10012001,-1485,-8538,124507,-3553,-11361,133202,119,19233,487,0,64856,0.0010010000000004737
10013000,-2403,8050,127028,-6905,4769,122892,109,19226,446,0,64857,0.0009990000000001942
10014000,-4166,12440,127302,-9666,8496,122932,130,19226,446,1,64858,0.0009999999999994458
10015000,-5796,11594,128255,-9176,8049,122884,118,19220,532,1,64859,0.0009999999999994458
10016000,-2785,-4439,125469,-13755,-8545,135472,118,19228,483,1,64860,0.0010000000000012221
10017000,-412,9059,128856,7138,5498,120457,103,19232,422,0,64861,0.0009999999999994458
10018000,-1310,965,123325,-4376,1082,120217,145,19233,594,0,64862,0.0009999999999994458
10019000,202,-1084,124300,-7777,-3102,125260,106,19233,434,0,64863,0.0010000000000012221
10020000,-260,469,126766,-928,-2482,129684,109,19233,446,0,64864,0.0009999999999994458
10021000,-3312,18381,127639,-1857,13881,124450,149,19227,446,1,64865,0.0009999999999994458
10022000,-1784,15240,126637,-3659,11997,122695,109,19231,610,1,64866,0.0010000000000012221
10023000,8083,5171,126493,-1377,68,125015,109,19231,446,1,64867,0.0009999999999994458
10024000,9608,3497,123280,13252,1285,123645,102,19223,418,0,64868,0.0009999999999994458
10025000,11406,-4628,122518,4652,-7886,125435,83,19230,340,0,64869,0.0010000000000012221
10026000,4739,70,124302,4952,-8275,124614,115,19230,471,0,64870,0.0009999999999994458
10027000,5634,-1259,126216,6628,-3519,128893,128,19228,471,1,64871,0.0009999999999994458
10028000,2620,7294,127511,-887,3019,123368,117,19223,524,1,64872,0.0009999999999994458
10029000,1279,15865,128946,-1799,9263,124832,117,19228,479,1,64873,0.0010000000000012221
10030002,10974,6396,124844,8584,-2646,117251,99,19231,405,1,64874,0.0010019999999997253
10031000,11631,-1900,128109,10339,-10075,133337,131,19225,537,0,64875,0.0009979999999991662
10032000,10133,-11530,126698,10560,-10985,130956,101,19230,414,0,64876,0.0010000000000012221
10033001,2887,-6819,128472,-3730,-2031,126903,104,19230,414,0,64877,0.0010009999999986974
10034000,3322,5385,131637,-3451,3177,129621,141,19229,426,1,64878,0.0009990000000001942
10035000,-205,11557,130653,8248,5303,127569,141,19231,577,1,64879,0.0010000000000012221
10036000,-651,1379,128422,-5945,-1467,128550,111,19228,455,1,64880,0.0009999999999994458
10037000,9198,-6286,127811,754,-8246,127970,103,19224,422,0,64881,0.0009999999999994458
10038000,9800,-5708,128456,17304,-8665,130603,122,19227,500,0,64882,0.0010000000000012221
10039000,3393,-3891,127710,3198,-5392,127989,107,19227,500,0,64883,0.0009999999999994458
10040001,1297,4835,132673,-21586,1655,124978,115,19229,438,0,64884,0.0010010000000004737
10041000,-5622,4435,135455,2170,2624,136691,115,19223,471,1,64885,0.0009990000000001942
10042002,-6379,3517,129444,-271,747,126125,114,19235,467,1,64886,0.0010019999999997253
10043000,-4897,-1522,130216,-23879,-7244,134678,101,19235,414,1,64887,0.0009979999999991662
10044000,4227,-3242,126694,701,-3377,126428,125,19221,512,0,64888,0.0009999999999994458
10045000,4628,4202,127788,6727,294,126917,110,19221,512,0,64889,0.0010000000000012221
10046000,-5407,662,132385,-9457,-2035,124963,115,19228,451,0,64890,0.0009999999999994458
10047000,-5772,663,129963,-19938,-3918,131557,115,19225,471,1,64891,0.0009999999999994458
10048003,-11391,-3479,130706,-8218,-2921,137148,152,19228,623,1,64892,0.0010030000000007533
10049000,-8428,6636,130020,-4379,5013,121972,119,19229,487,1,64893,0.0009969999999999146
10050000,-4564,5930,128903,-13601,2859,127415,103,19223,422,1,64894,0.0009999999999994458
10051000,-4249,-618,125660,-6311,-4524,126131,163,19223,422,0,64895,0.0010000000000012221
10052000,2388,-6530,126869,-2789,-8984,129101,103,19233,668,0,64896,0.0009999999999994458
10053000,-3782,7480,128786,-5024,5117,124012,103,19234,422,0,64897,0.0009999999999994458
10054000,-5717,12610,128879,-15235,8802,122871,110,19224,451,1,64898,0.0010000000000012221
10055000,-8392,7240,128205,-7534,2765,131998,122,19227,500,1,64899,0.0009999999999994458
10056000,-5967,650,124607,-3352,-2712,125872,110,19232,451,1,64900,0.0009999999999994458
10057002,873,5540,125125,-7987,2857,124911,120,19232,451,0,64901,0.0010019999999997253
10058000,1000,1916,124676,-760,-1072,115739,94,19226,491,0,64902,0.0009980000000009426
10059000,5504,-2273,123424,2161,-6127,129070,94,19227,385,0,64903,0.0009999999999994458
10060000,-2654,3625,127266,-8757,1335,129669,106,19230,434,0,64904,0.0009999999999994458
10061000,-4228,8882,126328,1554,5462,121904,137,19222,561,1,64905,0.0010000000000012221
10062000,-2472,11622,126709,-4059,9070,124475,117,19232,479,1,64906,0.0009999999999994458
10063000,4426,7634,124267,-4372,4509,120604,97,19232,397,1,64907,0.0009999999999994458
10064000,12340,2943,124358,8934,-1178,127470,119,19230,397,0,64908,0.0010000000000012221
10065000,9307,-6876,121312,12718,-10662,119659,111,19231,487,0,64909,0.0009999999999994458
10066000,6428,-2161,126248,1624,-7082,124548,111,19226,455,0,64910,0.0009999999999994458
10067000,2124,-3403,126109,-1845,-7733,130516,115,19223,471,1,64911,0.0010000000000012221
10068000,3448,9370,127969,8659,6239,121996,126,19229,516,1,64912,0.0009999999999994458
10069000,4378,13630,127223,426,10266,128260,108,19229,442,1,64913,0.0009999999999994458
10070000,6331,1338,125624,2008,-1677,119002,109,19230,442,1,64914,0.0010000000000012221
10071000,15375,-1145,127212,10809,-6059,134854,86,19221,446,0,64915,0.0009999999999994458
10072000,8186,-4042,127562,12217,-7259,125649,86,19231,352,0,64916,0.0009999999999994458
10073000,5811,1140,127498,2143,-5640,129214,103,19228,422,0,64917,0.0010000000000012221
10074001,1565,4433,130861,-4468,7646,126314,123,19228,504,1,64918,0.0010009999999986974
10075002,3664,8569,127389,7157,5627,128002,114,19229,467,1,64919,0.0010010000000004737
10076000,6119,10564,128998,6476,4531,130204,101,19229,467,1,64920,0.0009979999999991662
10077000,6058,-4498,126557,-8262,-6090,123202,147,19228,414,0,64921,0.0010000000000012221
10078000,13555,-14831,130272,-723,-13465,134942,147,19227,602,0,64922,0.0009999999999994458
10079000,642,-1892,130854,11939,-4850,128573,105,19232,430,0,64923,0.0009999999999994458
10080000,1853,-7807,130575,-24127,-7651,134520,109,19222,446,0,64924,0.0010000000000012221
10081000,-3674,12949,133921,-3824,9779,124923,141,19230,577,1,64925,0.0009999999999994458
10082000,-5632,11727,132487,7567,6504,124243,108,19230,577,1,64926,0.0009999999999994458
10083000,-5137,431,131085,-14373,-6322,132678,103,19232,442,1,64927,0.0010000000000012221
10084000,-569,-16744,128632,-8559,-22435,137394,103,19223,422,0,64928,0.0009999999999994458
10085000,2652,-5784,127016,8173,-4308,132266,101,19231,414,0,64929,0.0009999999999994458
10086000,-4668,12016,131228,-13954,12025,119295,113,19232,463,0,64930,0.0010000000000012221
10087001,-6947,8560,132662,-18181,-2756,132220,127,19224,520,1,64931,0.0010009999999986974
10088000,-4670,1177,127540,-1428,-449,132045,115,19224,520,1,64932,0.0009990000000001942
10089000,-7278,8711,129358,-13263,9016,124105,101,19229,471,1,64933,0.0010000000000012221
10090000,-1268,9548,129965,-4720,4798,126315,101,19230,414,1,64934,0.0009999999999994458
10091000,-4654,595,125305,-7758,-4429,123710,135,19220,553,0,64935,0.0009999999999994458
10092000,-2123,-11378,125874,-9253,-15868,135101,102,19232,418,0,64936,0.0009999999999994458
10093000,-4102,2643,129104,-8954,1566,117901,104,19225,426,0,64937,0.0010000000000012221
10094000,-5851,11390,128213,-7266,8275,127557,145,19225,426,1,64938,0.0009999999999994458
10095003,-8480,7550,127253,-9856,4595,124480,116,19226,594,1,64939,0.0010030000000007533
10096000,-4753,13525,127757,-13458,10205,117898,116,19234,475,1,64940,0.0009969999999999146
10097000,1757,540,125531,2364,-3222,132463,106,19226,434,0,64941,0.0009999999999994458
10098001,1126,-10284,124649,1009,-12962,127078,106,19231,434,0,64942,0.0010010000000004737
10099000,704,-11174,125924,-5376,-13973,132704,109,19228,446,0,64943,0.0009990000000001942
10100000,-775,22991,127187,-3077,20221,111115,119,19228,446,1,64944,0.0009999999999994458
10101000,-1988,6933,124821,-5829,1818,128895,116,19219,487,1,64945,0.0009999999999994458
10102000,-1011,2199,125265,1537,-1362,129440,116,19227,475,1,64946,0.0010000000000012221
10103000,3979,15371,124175,375,12587,115213,102,19234,418,1,64947,0.0009999999999994458
10104001,7064,10518,126037,3767,7147,124538,120,19227,491,0,64948,0.0010010000000004737
10105000,10443,-9355,123942,13083,-13395,127068,104,19227,426,0,64949,0.0009990000000001942
10106002,6964,-12648,125529,-113,-16538,134961,115,19227,471,0,64950,0.0010019999999997253
10107000,3015,12493,128555,2132,9660,118775,145,19226,471,1,64951,0.0009979999999991662
10108000,1115,10915,128124,5116,9413,122467,145,19227,594,1,64952,0.0009999999999994458
10109000,6719,6546,126250,480,3041,129456,111,19232,455,1,64953,0.0010000000000012221
10110000,10470,-2954,125379,2677,-4958,124976,99,19228,405,0,64954,0.0009999999999994458
10111000,9903,-5655,127485,11968,-9884,124673,140,19233,573,0,64955,0.0009999999999994458
10112002,7240,-6668,126955,11160,-7300,126848,106,19233,434,0,64956,0.0010020000000015017
10113000,5193,-8852,128453,-4079,-12596,133913,111,19229,434,0,64957,0.0009979999999991662
10114000,593,6401,131257,-662,1341,132079,111,19222,455,1,64958,0.0009999999999994458
10115000,-1681,18974,128797,5109,12336,118316,111,19225,455,1,64959,0.0010000000000012221
10116000,3825,12348,130848,-3418,10637,125604,102,19230,418,1,64960,0.0009999999999994458
10117000,10862,-20055,124708,-2891,-24227,135572,118,19221,483,0,64961,0.0009999999999994458
10118000,11564,-1358,130906,20055,-9948,123049,93,19221,381,0,64962,0.0010000000000012221
10119000,2865,-1717,127265,6127,-3093,129454,105,19232,381,0,64963,0.0009999999999994458
10120000,-63,5260,133436,-21714,2995,123896,135,19231,430,1,64964,0.0009999999999994458
10121000,-3774,-108,133684,-3713,95,141607,135,19223,553,1,64965,0.0009999999999994458
10122001,-10184,-461,128281,5199,869,121942,110,19232,451,1,64966,0.0010010000000004737
10123000,-3659,9802,131892,-18168,5246,120978,96,19228,393,1,64967,0.0009990000000001942
10124000,1368,-8414,129072,-10850,-14849,134384,154,19233,631,0,64968,0.0009999999999994458
10125000,5160,-3781,129256,15678,-6511,129787,109,19233,631,0,64969,0.0010000000000012221
10126000,-6715,4178,132134,-25324,3190,128323,114,19228,446,0,64970,0.0009999999999994458
10127000,-8423,6294,129603,-14207,9111,122752,114,19226,467,1,64971,0.0009999999999994458
10128000,-7461,4626,131957,-4675,-2451,132142,136,19225,557,1,64972,0.0010000000000012221
10129001,-7423,2498,128660,-11597,2982,127220,107,19230,438,1,64973,0.0010009999999986974
10130000,-3547,5060,128547,-12295,2024,123383,110,19220,451,0,64974,0.0009990000000001942
10131000,-2897,-1406,126332,-4576,-7734,130707,129,19220,451,0,64975,0.0010000000000012221
10132000,-92,223,125627,865,-584,124341,106,19224,528,0,64976,0.0009999999999994458
10133000,-5125,3169,128032,-17645,1706,128370,106,19228,434,0,64977,0.0009999999999994458
10134000,-5413,7707,128706,-6882,4999,123991,127,19222,520,1,64978,0.0010000000000012221
10135000,-7881,14692,127578,-9116,12039,126027,118,19229,483,1,64979,0.0009999999999994458
10136000,171,5526,124871,-9677,4513,122131,102,19231,418,1,64980,0.0009999999999994458
10137000,702,3391,126720,2822,-2470,127029,140,19231,418,0,64981,0.0009999999999994458
10138000,4635,-6245,121650,-2866,-1577,130695,117,19232,573,0,64982,0.0010000000000012221
10139001,1904,2443,124633,-5798,2237,120862,117,19228,479,0,64983,0.0010010000000004737
10140000,93,4720,128097,-4184,-1188,129110,113,19225,463,1,64984,0.0009989999999984178
10141000,-2493,8792,125576,3629,8148,122048,151,19225,618,1,64985,0.0010000000000012221
10142000,-1759,4971,126808,-5200,-56,128247,109,19233,446,1,64986,0.0009999999999994458
10143000,6878,7421,125102,966,5089,120002,105,19233,446,0,64987,0.0009999999999994458
10144000,9444,8809,124969,10230,2884,122658,85,19222,430,0,64988,0.0010000000000012221
10145000,7933,-10448,124473,9508,-14242,127673,85,19229,348,0,64989,0.0009999999999994458
10146000,4054,-6846,126788,-124,-10585,124531,109,19227,446,0,64990,0.0009999999999994458
10147000,3162,9935,129722,2520,7443,131912,123,19223,504,1,64991,0.0010000000000012221
10148000,3548,15953,127112,5439,14060,119066,114,19230,467,1,64992,0.0009999999999994458
10149000,8594,6913,128801,3342,3082,129316,101,19230,467,1,64993,0.0009999999999994458
10150002,12808,-2054,122654,5982,-6008,121917,129,19228,414,0,64994,0.0010019999999997253
10151000,10681,-1767,126355,12441,-4079,130498,129,19226,528,0,64995,0.0009980000000009426
10152000,7646,-6232,127989,10616,-10367,130299,98,19230,401,0,64996,0.0009999999999994458
10153000,6159,-1636,128420,-4802,-6263,129304,100,19228,410,1,64997,0.0009999999999994458
10154000,2231,11010,132371,3727,8286,128100,137,19228,561,1,64998,0.0010000000000012221
10155000,-779,7992,131001,4243,6766,124705,113,19228,463,1,64999,0.0009999999999994458
10156000,4482,4574,128681,-6150,-207,129245,105,19230,463,1,65000,0.0009999999999994458
10157000,8608,-5238,128256,3274,-8078,127762,129,19223,430,0,65001,0.0010000000000012221
10158000,11711,-14399,128961,15011,-16747,131801,129,19237,528,0,65002,0.0009999999999994458
10159000,868,4565,131039,10896,1136,123893,105,19227,430,0,65003,0.0009999999999994458
10160001,1349,-1908,129900,-28607,-3554,130640,113,19223,463,1,65004,0.0010010000000004737
10161000,-9020,15824,136471,228,13216,126770,113,19223,463,1,65005,0.0009990000000001942
10162000,-1909,-5580,128114,2644,-5820,129768,103,19232,463,1,65006,0.0009999999999994458
10163000,-6673,1200,130719,-11841,-2634,130389,121,19230,422,0,65007,0.0010000000000012221
10164000,792,-11847,127482,-12510,-17968,131407,121,19224,496,0,65008,0.0009999999999994458
10165001,-409,3110,131495,5003,-1227,128274,99,19229,405,0,65009,0.0010010000000004737
10166000,-3827,2944,129613,-4015,-3066,129093,111,19226,455,0,65010,0.0009990000000001942
10167000,-8995,6904,131140,-21310,5664,130540,147,19228,602,1,65011,0.0009999999999994458
10168000,-8427,4372,128293,-12561,1920,126844,121,19228,602,1,65012,0.0009999999999994458
10169000,-1121,8732,130024,-3861,4539,125948,105,19227,496,1,65013,0.0009999999999994458
10170000,-4685,2206,128240,-2859,-7827,134319,105,19224,430,0,65014,0.0010000000000012221
10171000,-4560,-3626,124945,-16798,-5439,121888,169,19234,692,0,65015,0.0009999999999994458
10172000,-1916,4383,128992,-9002,3397,130091,105,19232,430,0,65016,0.0009999999999994458
10173000,-3371,4302,127532,-2928,4790,122029,113,19221,463,1,65017,0.0010000000000012221
10174000,-9630,5150,127681,-14505,209,129779,123,19221,463,1,65018,0.0009999999999994458
10175000,-7512,5017,128502,-11808,-6267,126042,114,19227,504,1,65019,0.0009999999999994458
10176000,-289,10838,125619,3457,12151,119573,114,19232,467,1,65020,0.0010000000000012221
10177000,848,2004,127876,-528,-7304,128881,119,19228,487,0,65021,0.0009999999999994458
10178000,931,-3851,122552,-5443,-5803,123411,94,19226,385,0,65022,0.0009999999999994458
10179000,-68,3439,124664,-9063,1866,129592,110,19229,451,0,65023,0.0010000000000012221
10180000,173,10969,125717,2889,13332,118632,136,19229,451,1,65024,0.0009999999999994458
10181000,-3578,16259,126780,-4468,8163,123753,117,19224,557,1,65025,0.0009999999999994458
10182000,4847,2510,124465,-2885,5673,130416,117,19229,479,1,65026,0.0010000000000012221
10183000,7258,2598,123352,7444,2628,120715,98,19228,401,0,65027,0.0009999999999994458
10184000,9265,-2342,123601,11197,-7437,125866,121,19232,496,0,65028,0.0009999999999994458
10185002,7307,-2628,123850,9152,-7523,123935,112,19226,459,0,65029,0.0010019999999997253
10186001,3108,-6437,126540,-1061,-11042,131779,116,19226,459,0,65030,0.0009990000000001942
10187002,2931,6822,129622,1660,3730,123388,135,19224,475,1,65031,0.0010010000000004737
10188000,3916,16204,129547,5623,13369,121870,135,19231,553,1,65032,0.0009979999999991662
10189000,7193,1937,126852,6249,-4789,128818,111,19231,455,1,65033,0.0010000000000012221
10190000,8194,-671,124929,2510,-1875,121709,109,19216,446,0,65034,0.0009999999999994458
10191001,12689,-3011,127299,5801,-7335,134346,91,19227,373,0,65035,0.0010010000000004737
10192003,5709,-9100,126934,17718,-11432,128512,106,19227,373,0,65036,0.0010019999999997253
10193000,1823,-9087,130049,-14247,-14235,133779,123,19228,434,1,65037,0.0009969999999999146
10194000,-429,15236,130184,-2373,13445,118718,113,19225,504,1,65038,0.0009999999999994458
10195003,-1113,14151,129471,4322,9452,125645,113,19229,463,1,65039,0.0010030000000007533
10196000,6197,-6181,128376,-108,-10401,135360,102,19228,418,1,65040,0.0009969999999999146
10197000,8144,-4621,127228,6496,-7381,121435,146,19223,598,0,65041,0.0009999999999994458
10198000,9900,2125,131197,10843,-1488,133544,104,19223,426,0,65042,0.0010000000000012221
10199000,464,-8882,128676,-1058,-12997,130166,108,19227,426,0,65043,0.0009999999999994458
10200001,3603,845,133550,-16835,-2568,132143,149,19228,442,1,65044,0.0010010000000004737
10201000,-8915,7454,131900,5023,4236,123963,149,19228,610,1,65045,0.0009989999999984178
10202000,-7369,4292,130425,-5989,2747,125338,110,19228,451,1,65046,0.0010000000000012221
10203000,442,-8036,129513,-19388,-11632,135963,105,19221,430,0,65047,0.0009999999999994458
10204000,-2657,-5325,128444,4528,-8873,127496,110,19221,451,0,65048,0.0009999999999994458
10205000,-108,2547,132901,-2369,-105,126190,110,19230,451,0,65049,0.0010000000000012221
10206000,-7568,7053,132813,-12278,7793,124480,124,19228,451,0,65050,0.0009999999999994458
10207002,-6998,-1430,130630,-12498,-2975,136486,124,19222,508,1,65051,0.0010019999999997253
10208000,-11471,8212,130598,-9205,6059,128913,115,19226,471,1,65052,0.0009980000000009426
10209000,-4236,13227,130210,-10050,11322,119662,101,19231,414,1,65053,0.0009999999999994458
10210000,-3537,2688,127670,-8742,6240,124074,133,19231,545,0,65054,0.0009999999999994458
10211003,-1929,-16728,122786,-8318,-20532,133214,100,19220,545,0,65055,0.0010030000000007533
10212002,1773,6597,127430,-3828,1391,120408,104,19228,410,0,65056,0.0009990000000001942
10213000,-5483,13566,127509,-10519,10234,121338,104,19225,426,1,65057,0.0009979999999991662
10214000,-5046,9110,128117,-11653,7935,128963,148,19229,606,1,65058,0.0010000000000012221
10215000,-8280,4263,128129,-5451,2460,129467,115,19229,471,1,65059,0.0009999999999994458
10216000,-1885,3071,122494,-10284,37,123254,101,19224,414,0,65060,0.0009999999999994458
10217000,2043,14054,124715,502,12789,114824,116,19224,414,0,65061,0.0009999999999994458
10218000,5211,-6016,122566,1614,-11063,130709,113,19232,475,0,65062,0.0010000000000012221
10219000,6740,-2001,128847,-7070,-4027,126680,113,19229,463,0,65063,0.0009999999999994458
10220000,-2269,9262,126857,6716,8258,126545,118,19220,483,1,65064,0.0009999999999994458
10221000,-5035,7828,126661,-8819,6320,120804,126,19231,516,1,65065,0.0010000000000012221
10222000,1382,16615,125808,-9439,12577,119099,101,19232,414,1,65066,0.0009999999999994458
10223000,10107,3360,124087,13658,-4987,130490,115,19232,414,0,65067,0.0009999999999994458
10224000,9046,-3257,123524,14729,-3255,120038,101,19227,471,0,65068,0.0010000000000012221
10225000,7194,-2335,126949,-2237,-8441,125221,101,19230,414,0,65069,0.0009999999999994458
10226001,5974,-2555,127070,5066,-4638,130449,114,19227,467,0,65070,0.0010010000000004737
10227000,1498,4382,128545,4556,3395,124961,147,19229,602,1,65071,0.0009990000000001942
10228000,3053,8140,127720,-863,6984,123677,114,19228,467,1,65072,0.0009999999999994458
10229001,5213,9755,124441,2766,4930,120111,97,19228,467,1,65073,0.0010010000000004737
10230000,11814,-1550,124942,10364,-3495,126786,135,19227,397,0,65074,0.0009989999999984178
10231002,13741,-9973,127001,12766,-16622,132622,135,19231,553,0,65075,0.0010020000000015017
10232000,8053,-7486,126557,2293,-6764,128741,108,19227,442,0,65076,0.0009979999999991662
10233000,3912,8440,132257,-1088,4609,125495,111,19222,455,1,65077,0.0009999999999994458
10234000,-1739,12119,129461,5518,7403,126251,118,19227,483,1,65078,0.0010000000000012221
10235000,1164,2250,127980,-4774,-1502,128352,103,19227,483,1,65079,0.0009999999999994458
10236000,4724,-2796,129731,-413,-6204,128620,113,19227,422,1,65080,0.0009999999999994458
10237000,8217,-8355,128461,5756,-14135,126241,113,19217,463,0,65081,0.0010000000000012221
10238000,7853,-3395,129697,12031,-6488,129255,89,19231,365,0,65082,0.0009999999999994458
10239000,-2239,-6211,129874,-2385,-9461,131915,106,19225,434,0,65083,0.0009999999999994458
10240000,2685,-2849,129179,-20499,-4379,128487,131,19220,537,1,65084,0.0010000000000012221
10241000,-8641,23522,135067,490,20473,123874,112,19220,459,1,65085,0.0009999999999994458
10242001,-101,-2034,127946,3269,-5320,127182,95,19229,459,1,65086,0.0010010000000004737
10243001,-4325,-14487,129361,-18208,-19327,136586,146,19228,389,0,65087,0.0009999999999994458
10244000,4061,-10661,128383,-6710,-15503,134626,146,19235,598,0,65088,0.0009990000000001942
10245000,-2097,10325,130009,13103,7514,120960,110,19228,451,0,65089,0.0009999999999994458
10246000,-8361,6361,132414,-23449,2926,127473,114,19224,467,1,65090,0.0009999999999994458
10247000,-8537,2062,129794,-18935,-1891,132446,133,19224,545,1,65091,0.0010000000000012221
10248001,-8202,-2662,127839,-1614,-5886,136009,109,19227,545,1,65092,0.0010010000000004737
10249000,-4452,18476,131841,-6697,15964,116184,108,19228,446,1,65093,0.0009989999999984178
10250000,-2539,-2808,127966,-11563,-3443,127398,108,19222,442,0,65094,0.0010000000000012221
10251000,-2715,-13491,124738,-5551,-17410,135022,137,19232,561,0,65095,0.0009999999999994458
10252000,-3932,7720,129119,1382,4471,123212,104,19228,426,0,65096,0.0009999999999994458
10253000,-4646,13022,128672,-19344,9958,127252,124,19228,508,1,65097,0.0010000000000012221
10254000,-10423,16561,128932,-3848,15094,115877,115,19222,508,1,65098,0.0009999999999994458
10255000,-2044,-4525,127882,-13560,-8288,139698,102,19228,471,1,65099,0.0009999999999994458
10256000,139,5315,125755,1367,1641,116427,102,19227,418,0,65100,0.0010000000000012221
10257000,-626,-698,123548,1782,-2284,127834,141,19233,577,0,65101,0.0009999999999994458
10258000,607,-1462,122354,-12646,-7575,115248,105,19227,430,0,65102,0.0009999999999994458
10259000,156,8225,127993,-960,7882,133656,112,19227,459,0,65103,0.0010000000000012221
10260000,-886,127,124007,1129,-6621,127048,154,19224,459,1,65104,0.0009999999999994458
10261000,-5582,21621,126880,-4976,18889,115806,109,19228,631,1,65105,0.0009999999999994458
10262000,8579,13000,125712,-11585,10456,123009,109,19228,446,1,65106,0.0009999999999994458
10263000,9113,6065,123451,15807,-1463,122904,99,19222,405,0,65107,0.0010000000000012221
10264000,12331,-9873,122617,8573,-13323,141543,89,19230,365,0,65108,0.0009999999999994458
10265000,4972,-8891,122351,2477,-946,115684,113,19228,463,0,65109,0.0009999999999994458
10266000,4525,7349,128131,5953,2524,127256,124,19228,463,1,65110,0.0010000000000012221
10267000,2172,8413,129672,-1029,8532,124360,113,19226,508,1,65111,0.0009999999999994458
10268000,1107,9256,127231,750,67,127248,113,19230,463,1,65112,0.0009999999999994458
10269001,8125,4427,125593,6953,-1726,127962,99,19231,405,1,65113,0.0010010000000004737
10270000,9699,6451,126598,5602,1506,116134,126,19225,516,0,65114,0.0009990000000001942
10271001,13408,-13994,126760,13707,-19832,139705,98,19229,401,0,65115,0.0010010000000004737
10272000,2526,-1914,130596,447,-4479,125404,103,19229,401,0,65116,0.0009990000000001942
10273000,3287,11934,130495,-13636,11213,133557,142,19228,422,1,65117,0.0009999999999994458
10274000,-137,15068,129868,13380,14743,123327,142,19226,582,1,65118,0.0009999999999994458
10275000,-46,5025,128777,-3573,-2981,124337,114,19235,467,1,65119,0.0010000000000012221
10276000,11681,-7778,128804,-2237,-13150,140330,103,19227,422,0,65120,0.0009999999999994458
10277000,8550,-5180,127114,19382,-4003,120661,141,19226,577,0,65121,0.0009999999999994458
10278000,8379,-4250,129604,7359,-7969,134675,113,19226,577,0,65122,0.0009999999999994458
10279000,-440,4920,129977,-23413,5184,122569,117,19226,463,0,65123,0.0010000000000012221
10280000,-1564,2919,133307,1139,-4960,135957,117,19221,479,1,65124,0.0009999999999994458
10281000,-11011,4983,131713,6072,1111,128031,129,19229,528,1,65125,0.0009999999999994458
10282000,-2599,-109,129548,-26747,-2218,126665,105,19226,430,1,65126,0.0010000000000012221
10283000,1979,-6732,130223,555,-7643,133690,121,19221,496,0,65127,0.0009999999999994458
10284000,4454,2933,128905,10911,-2959,124257,97,19221,496,0,65128,0.0009999999999994458
10285000,-4892,-2183,127901,-11249,-5630,130367,108,19225,397,0,65129,0.0010000000000012221
10286000,-8404,1525,132244,-18272,-1285,125829,108,19227,442,1,65130,0.0009999999999994458
10287000,-9575,-1754,131013,-13243,-4923,135392,141,19223,577,1,65131,0.0009999999999994458
10288000,-10872,14400,132762,-1549,10970,124297,116,19230,475,1,65132,0.0010000000000012221
10289000,-4454,7561,128035,-18185,4450,121278,102,19229,418,1,65133,0.0009999999999994458
10290000,-3543,-6313,127078,-1807,-11138,134581,162,19229,664,0,65134,0.0009999999999994458
10291000,469,-6851,125616,2609,-9245,123864,102,19229,664,0,65135,0.0010000000000012221
10292000,-1535,4040,127597,-14657,1174,126735,108,19231,418,0,65136,0.0009999999999994458
10293002,-6800,13073,130008,-8022,9415,122497,108,19225,442,1,65137,0.0010019999999997253
10294001,-6216,5368,126489,-5628,1594,127393,125,19232,512,1,65138,0.0009990000000001942
10295001,-10567,-3661,125303,-12226,-6218,128133,113,19233,463,1,65139,0.0009999999999994458
10296000,992,4253,126677,-9263,1442,121920,116,19233,475,0,65140,0.0009990000000001942
10297002,-111,5987,124867,3354,4621,123199,90,19223,475,0,65141,0.0010019999999997253
10298000,598,-1949,123640,-2105,-5583,126293,106,19229,369,0,65142,0.0009980000000009426
10299000,-1167,-673,127149,-14061,-3987,126678,106,19226,434,0,65143,0.0009999999999994458
10300000,-2991,11547,126615,10143,12521,118998,130,19218,532,1,65144,0.0009999999999994458
10301000,-560,10518,126171,-7370,9833,124863,115,19230,471,1,65145,0.0010000000000012221
10302000,4372,6416,125522,-1701,3711,128707,99,19230,405,1,65146,0.0009999999999994458
10303000,8290,5968,123546,13462,1652,119675,129,19228,405,0,65147,0.0009999999999994458
10304000,11903,-2848,123993,5847,-7226,124413,112,19231,528,0,65148,0.0010000000000012221
10305000,5525,-9863,125041,6085,-14111,129432,112,19228,459,0,65149,0.0009999999999994458
10306000,5636,6857,124658,8330,1941,122819,113,19224,463,1,65150,0.0009999999999994458
10307000,2245,17963,129867,-2261,12335,120269,130,19232,532,1,65151,0.0010000000000012221
10308001,5415,6020,126784,6931,6881,129758,111,19230,455,1,65152,0.0010009999999986974
10309000,10706,-10828,123303,5955,-12955,127496,106,19230,455,1,65153,0.0009990000000001942
10310000,9581,2947,127851,3548,-2392,123703,100,19225,434,0,65154,0.0009999999999994458
10311000,10190,-6910,125725,11301,-6396,130540,100,19230,410,0,65155,0.0010000000000012221
10312000,3369,-2266,129311,9167,-6115,125752,105,19231,430,0,65156,0.0009999999999994458
10313000,3180,-1719,130939,-9815,-8500,137340,119,19225,487,1,65157,0.0009999999999994458
10314000,631,9212,129140,11125,6618,122856,112,19226,459,1,65158,0.0010000000000012221
10315000,2931,16068,130940,-2082,3576,123625,103,19226,459,1,65159,0.0009999999999994458
10316000,9362,-2804,127596,-4970,-8386,131482,136,19230,422,0,65160,0.0009999999999994458
10317000,8652,-6818,126783,19959,-7708,127773,136,19223,557,0,65161,0.0010000000000012221
10318000,6011,-4707,129461,9894,-10614,134301,107,19224,438,0,65162,0.0009999999999994458
10319000,-232,-1347,131097,-21677,4866,123568,106,19225,434,0,65163,0.0009999999999994458
10320000,-1464,8243,134280,-4440,1671,134751,156,19225,639,1,65164,0.0010000000000012221
10321000,-6482,1471,129702,5859,1966,127006,111,19225,639,1,65165,0.0009999999999994458
10322000,-2217,1917,129594,-17466,-5567,126613,102,19232,455,1,65166,0.0009999999999994458
10323002,418,-3839,127209,-4834,-2854,130745,102,19222,418,0,65167,0.0010019999999997253
10324000,2838,4656,130709,6646,240,123719,118,19230,483,0,65168,0.0009980000000009426
10325000,-2132,-3466,129973,-10739,-4031,136035,109,19231,446,0,65169,0.0009999999999994458
10326000,-7967,2954,131765,-16348,-502,125546,122,19219,500,1,65170,0.0009999999999994458
10327000,-9309,5640,132321,-7357,4670,126478,112,19219,500,1,65171,0.0010000000000012221
10328002,-8829,9938,130580,-9779,5101,129135,103,19230,459,1,65172,0.0010019999999997253
10329001,-4052,4488,128402,-10944,3959,122600,103,19231,422,1,65173,0.0009990000000001942
10330002,-3534,-4587,127691,-7564,-8133,130714,126,19218,516,0,65174,0.0010010000000004737
10331000,-1027,26,126413,-4625,-2144,126137,97,19234,397,0,65175,0.0009979999999991662
10332000,-3148,-1957,126803,-8297,-5972,129649,105,19228,430,0,65176,0.0009999999999994458
10333000,-4350,16750,129695,-11319,14693,119308,145,19228,594,1,65177,0.0010000000000012221
10334000,-6781,5597,126157,-6341,-375,130395,115,19225,594,1,65178,0.0009999999999994458
10335000,-5790,10855,125617,-9270,8951,120515,101,19232,471,1,65179,0.0009999999999994458
10336000,1310,15623,126957,-8710,13054,118509,101,19224,414,0,65180,0.0010000000000012221
10337000,385,-7190,124188,6111,-9208,134288,112,19231,459,0,65181,0.0009999999999994458
10338000,4074,1128,126624,-4701,-2175,124243,110,19230,451,0,65182,0.0009999999999994458
10339000,-1894,1919,125183,-4778,-975,128223,117,19230,479,0,65183,0.0010000000000012221
10340000,-654,13092,130338,-1545,11670,116395,135,19220,479,1,65184,0.0009999999999994458
10341000,-2040,2335,125234,-3335,-908,129417,100,19228,553,1,65185,0.0009999999999994458
10342000,4398,6408,123444,619,3794,124493,100,19230,410,1,65186,0.0009999999999994458
10343000,8193,8400,123852,3256,5600,116624,113,19227,463,0,65187,0.0010000000000012221
10344002,7441,-2109,124973,11549,-3952,126140,101,19226,414,0,65188,0.0010019999999997253
10345000,7901,-3347,126644,2949,-5260,129760,116,19226,475,0,65189,0.0009979999999991662
10346000,2120,-4376,127124,2074,-9948,133409,141,19227,475,1,65190,0.0010000000000012221
10347000,2502,27493,131901,-2415,25804,113404,113,19227,577,1,65191,0.0009999999999994458
10348000,6772,3622,122917,8399,2303,127065,113,19229,463,1,65192,0.0009999999999994458
10349000,9263,-1332,125793,5455,-6564,130690,98,19228,401,0,65193,0.0010000000000012221
10350000,11363,-2116,126311,203,-4783,126798,145,19230,594,0,65194,0.0009999999999994458
10351001,9630,-6770,127628,17065,-9991,127860,105,19231,430,0,65195,0.0010010000000004737
10352000,4909,-4132,129691,-510,-1882,130654,108,19231,430,0,65196,0.0009990000000001942
10353000,486,3329,130352,-11528,-987,130002,117,19225,442,1,65197,0.0009999999999994458
10354000,-1189,14666,129727,12639,12774,121566,117,19224,479,1,65198,0.0009999999999994458
10355000,1449,5079,128892,198,2030,126268,105,19229,430,1,65199,0.0009999999999994458
10356000,9054,-2172,129401,-8519,-1783,131446,111,19220,455,0,65200,0.0010000000000012221
10357000,10973,-14436,129740,13609,-15345,131187,89,19232,365,0,65201,0.0009999999999994458
10358000,5264,-2201,129840,18888,1320,135406,106,19232,365,0,65202,0.0009999999999994458
10359000,-2495,3550,131926,-21169,1605,118203,127,19230,434,1,65203,0.0010000000000012221
10360001,-5523,12545,131724,-14850,7276,131316,127,19222,520,1,65204,0.0010009999999986974
10361000,-7867,1635,132669,3208,-3674,133430,112,19227,459,1,65205,0.0009990000000001942
10362002,-4371,-7656,127292,-18372,-17748,126796,95,19232,389,1,65206,0.0010020000000015017
10363000,1374,3799,130828,-7843,5102,129725,143,19234,586,0,65207,0.0009979999999991662
10364000,4531,1616,126792,8657,139,126155,105,19234,586,0,65208,0.0009999999999994458
10365000,-2478,4986,131590,-12915,6339,127081,112,19228,430,0,65209,0.0010000000000012221
10366000,-6774,-2015,128857,-21155,-4484,135720,112,19224,459,1,65210,0.0009999999999994458
10367000,-8868,3141,129939,-4451,4633,130282,139,19228,569,1,65211,0.0009999999999994458
10368000,-6813,11443,130563,-7399,8416,122843,112,19231,459,1,65212,0.0010000000000012221
10369000,-1094,3109,128558,-10602,514,128313,106,19222,434,0,65213,0.0009999999999994458
10370000,-3779,-5880,126613,-10895,-8374,138745,133,19222,434,0,65214,0.0009999999999994458
10371000,-2046,-5072,124515,1092,-4528,120949,101,19230,545,0,65215,0.0009999999999994458
10372000,-4253,11611,128872,-13111,11342,121006,101,19231,414,0,65216,0.0010000000000012221
10373000,-7490,7605,129301,-11199,1256,125225,124,19220,508,1,65217,0.0009999999999994458
10374001,-10226,2319,127747,-5475,-2433,133174,117,19228,479,1,65218,0.0010010000000004737
10375000,-2845,4735,126709,-12600,691,124710,105,19229,430,1,65219,0.0009990000000001942
10376000,-499,11211,127138,1352,9252,114078,137,19229,561,0,65220,0.0009999999999994458
10377000,3804,-1158,125907,3708,-6979,131522,105,19233,561,0,65221,0.0009999999999994458
10378000,828,-4234,123261,-7882,-6758,127367,111,19230,430,0,65222,0.0010000000000012221
10379000,-2586,10000,127106,-4797,7447,125984,111,19226,455,1,65223,0.0009999999999994458
10380000,-3212,15938,125889,-3279,14404,117061,158,19229,647,1,65224,0.0009999999999994458
10381001,2452,6653,125475,-360,1770,124636,112,19231,459,1,65225,0.0010010000000004737
10382000,6185,-10110,122266,8355,-13725,135622,100,19231,410,0,65226,0.0009990000000001942
10383000,9770,8173,122659,-907,4786,114491,91,19224,410,0,65227,0.0009999999999994458
10384000,8546,1938,126790,10971,-1209,127157,114,19228,373,0,65228,0.0010000000000012221
10385000,6710,-2522,126567,9335,-5938,124656,114,19225,467,0,65229,0.0009999999999994458
10386000,2456,-9215,125730,-4524,-13999,135719,123,19220,504,1,65230,0.0009999999999994458
10387000,2740,17054,132151,393,15255,119245,110,19229,451,1,65231,0.0009999999999994458
10388002,9601,8436,123977,10747,6527,121229,100,19229,410,1,65232,0.0010020000000015017
10389002,8472,-611,127373,8278,-4860,128516,125,19232,410,0,65233,0.0009999999999994458
10390000,9715,-4586,125661,-2327,-9145,128761,107,19222,512,0,65234,0.0009979999999991662
10391000,7390,-11171,124875,14277,-16231,129612,107,19229,438,0,65235,0.0010000000000012221
10392000,3037,8873,130838,5512,4012,124699,112,19227,459,1,65236,0.0009999999999994458
10393000,2016,-1230,129305,-16228,-5109,131196,143,19227,586,1,65237,0.0009999999999994458
10394000,2531,14874,133024,15007,13317,125202,116,19227,475,1,65238,0.0010000000000012221
10395000,3284,-1570,127657,1118,-2371,130296,105,19227,475,1,65239,0.0009999999999994458
10396000,9386,-7314,127674,-4903,-10391,126340,140,19224,430,0,65240,0.0009999999999994458
10397000,8365,-8141,130534,19783,-5917,128481,140,19230,573,0,65241,0.0010000000000012221
10398000,3123,-9220,128538,7015,-17818,138250,105,19234,430,0,65242,0.0009999999999994458
10399001,-570,10425,134186,-21394,9091,126144,111,19221,455,1,65243,0.0010010000000004737
10400000,-4767,5771,130038,-826,2366,132113,129,19228,528,1,65244,0.0009990000000001942
10401000,-7109,3614,130215,5695,2206,127478,102,19228,528,1,65245,0.0009999999999994458
10402000,-2591,-9305,128501,-22453,-12419,135519,117,19230,418,0,65246,0.0009999999999994458
10403000,2003,-1162,129988,-3278,-9603,124458,117,19222,479,0,65247,0.0009999999999994458
10404000,1604,6540,131794,6624,806,126413,95,19228,389,0,65248,0.0010000000000012221
10405000,-6755,-256,130995,-14336,2005,132992,107,19228,438,0,65249,0.0009999999999994458
10406000,-8118,-226,129163,-14679,-3566,124590,140,19227,573,1,65250,0.0009999999999994458
10407000,-8472,2841,130399,-11396,-2740,133922,117,19227,573,1,65251,0.0010000000000012221
10408000,-4624,17799,131756,-3325,10692,119601,100,19233,479,1,65252,0.0009999999999994458
10409000,-5057,1442,126614,-8954,-7726,128346,100,19224,410,0,65253,0.0009999999999994458
10410000,-4424,-7740,125223,-12124,-3353,130439,161,19232,659,0,65254,0.0010000000000012221
10411000,-731,5262,126819,-3411,2185,122506,104,19235,426,0,65255,0.0009999999999994458
10412000,-2395,959,126692,93,157,131017,108,19222,442,1,65256,0.0009999999999994458
10413000,-7401,15646,128857,-15406,12536,116163,124,19222,442,1,65257,0.0010000000000012221
10414000,-8217,1731,127815,-16032,-200,135385,111,19227,508,1,65258,0.0009999999999994458
10415000,421,5852,126746,3440,2348,119967,111,19229,455,1,65259,0.0009999999999994458
10416001,1456,-4589,123355,1752,-10979,129759,113,19225,463,0,65260,0.0010010000000004737
10417000,1881,1226,124517,-2863,1985,117311,92,19227,377,0,65261,0.0009990000000001942
10418000,1338,8394,125377,-7051,4428,123521,109,19225,446,0,65262,0.0009999999999994458
10419000,2069,1792,125868,2898,734,135009,131,19225,446,1,65263,0.0009999999999994458
10420000,-4350,17017,126093,1214,15947,115299,115,19222,537,1,65264,0.0010000000000012221
10421000,1411,7071,125768,-6999,2366,125062,115,19232,471,1,65265,0.0009999999999994458
10422000,8850,8202,125176,4998,6147,125216,97,19229,397,0,65266,0.0009999999999994458
10423000,8851,-4923,123401,9162,-12005,128638,131,19227,537,0,65267,0.0010000000000012221
10424000,7941,785,127394,8777,118,123896,116,19225,475,0,65268,0.0009999999999994458
10425002,3598,-1687,126299,-3143,-5671,123946,115,19225,471,0,65269,0.0010019999999997253
10426001,3050,-1804,127366,5848,-4874,127727,132,19224,471,1,65270,0.0009990000000001942
10427001,3588,16359,128858,2948,12598,121606,111,19227,541,1,65271,0.0009999999999994458
10428000,7007,2172,124656,-290,-1052,127397,111,19231,455,1,65272,0.0009990000000001942
10429000,9555,13301,127546,11712,10575,113660,108,19222,442,0,65273,0.0010000000000012221
10430000,11342,-11814,124058,5647,-15178,135183,100,19229,410,0,65274,0.0009999999999994458
10431000,7123,-17669,127917,11722,-21192,135681,102,19229,418,0,65275,0.0009999999999994458
10432000,3616,12918,131674,-3107,8715,123385,117,19226,418,1,65276,0.0010000000000012221
10433000,559,7806,128633,-4597,4016,129127,110,19230,479,1,65277,0.0009999999999994458
10434000,-690,8582,132006,9578,6251,119364,110,19227,451,1,65278,0.0009999999999994458
10435000,5576,-15486,125788,-8320,-19747,135360,101,19229,414,1,65279,0.0009999999999994458
10436000,8092,-6547,127705,6878,-9919,128256,141,19225,577,0,65280,0.0010000000000012221
10437000,6708,6606,130315,17754,3518,121466,101,19225,414,0,65281,0.0009999999999994458
10438000,256,-3820,129367,-9926,-7103,133523,102,19228,414,0,65282,0.0009999999999994458
10439000,-501,2628,134016,-15575,-91,127048,153,19227,418,1,65283,0.0010000000000012221
10440003,-8748,-6015,132788,7260,-7182,140903,153,19228,627,1,65284,0.001002999999998977
10441000,-7202,18195,132431,-8848,16912,114537,109,19233,446,1,65285,0.0009969999999999146
10442000,811,-4171,129584,-19508,-4614,129798,102,19224,418,0,65286,0.0010000000000012221
10443000,992,-14314,126083,6143,-20925,139378,118,19228,483,0,65287,0.0009999999999994458
10444000,-1358,7084,130687,1157,4902,119963,109,19228,483,0,65288,0.0009999999999994458
10445000,-8707,2447,130584,-23180,2208,127122,121,19229,446,0,65289,0.0010000000000012221
10446001,-6123,6003,131463,-11565,4788,130275,121,19221,496,1,65290,0.0010009999999986974
10447003,-9084,-1810,128453,-4946,-3056,136893,110,19231,451,1,65291,0.0010019999999997253
10448000,-5215,9465,128063,-11385,4219,114479,102,19231,418,1,65292,0.000997000000001691
10449000,-3600,5362,128784,-12018,6958,131305,129,19216,528,0,65293,0.0009999999999994458
10450000,-674,-5374,125732,-4864,-9663,131327,100,19216,528,0,65294,0.0009999999999994458
10451000,-1861,4129,127186,-441,-1216,124969,105,19228,410,0,65295,0.0009999999999994458
10452000,-6245,752,130365,-16818,3802,128723,105,19230,430,1,65296,0.0010000000000012221
10453000,-8924,17266,127669,-10290,8781,116313,144,19227,590,1,65297,0.0009999999999994458
10454000,-7340,958,126221,-5043,-3202,134989,115,19230,471,1,65298,0.0009999999999994458
10455000,-407,6209,127355,-5415,4754,121331,102,19226,418,0,65299,0.0010000000000012221
10456000,-2214,3888,123016,1069,-3380,119986,118,19226,418,0,65300,0.0009999999999994458
10457000,1419,7444,124981,-6004,4809,126563,114,19232,483,0,65301,0.0009999999999994458
10458000,3230,-173,125847,-2457,-2414,126469,114,19231,467,0,65302,0.0010000000000012221
10459000,510,4649,126821,4109,1747,128784,117,19220,479,1,65303,0.0009999999999994458
10460000,-2324,7794,125497,-6817,4584,121734,136,19228,557,1,65304,0.0009999999999994458
10461000,4601,10896,126136,-3941,9985,121433,102,19233,418,1,65305,0.0010000000000012221
10462000,9020,12160,125299,12407,1888,123900,115,19233,418,0,65306,0.0009999999999994458
10463000,7759,-4929,120961,8417,-8027,125791,98,19228,471,0,65307,0.0009999999999994458
10464000,5423,-607,128100,-7173,-4520,129236,98,19225,401,0,65308,0.0010000000000012221
10465000,8191,-743,124904,15195,-3011,119791,108,19229,442,1,65309,0.0009999999999994458
10466000,2551,8316,129447,6665,6311,126141,135,19227,553,1,65310,0.0009999999999994458
10467000,2154,5369,127345,-8813,163,129407,111,19234,455,1,65311,0.0009999999999994458
10468000,8891,5692,125210,6285,2763,124665,97,19234,397,1,65312,0.0010000000000012221
10469000,10633,6161,127793,15889,4295,124408,145,19233,397,0,65313,0.0009999999999994458
10470001,10568,-2712,127764,3871,-9702,125556,103,19233,594,0,65314,0.0010010000000004737
10471002,6973,-9636,128223,5265,-11918,136368,103,19234,422,0,65315,0.0010010000000004737
10472000,6154,8394,129416,343,6719,126954,106,19220,434,1,65316,0.0009979999999991662
10473000,-525,16724,131855,1976,11965,123614,118,19231,483,1,65317,0.0009999999999994458
10474002,1254,9247,129063,615,6249,124381,107,19231,438,1,65318,0.0010019999999997253
10475000,7022,-5997,128465,-1669,-11727,133160,112,19231,438,0,65319,0.0009980000000009426
10476000,7449,-12216,130497,3362,-14810,137124,87,19220,459,0,65320,0.0009999999999994458
10477000,8609,-2344,128175,17098,-5565,119050,87,19235,356,0,65321,0.0010000000000012221
10478000,101,1981,131910,-6626,-2115,133345,104,19230,426,0,65322,0.0009999999999994458
10479002,-1155,1144,129267,-16012,-2786,128501,131,19224,537,1,65323,0.0010019999999997253
10480000,-3869,9471,132971,-3173,6429,129971,113,19224,463,1,65324,0.0009979999999991662
10481000,-3758,-586,130947,3270,-3683,130692,97,19230,463,1,65325,0.0010000000000012221
10482000,-2510,-9232,127132,-12540,-12059,126450,146,19231,397,0,65326,0.0009999999999994458
10483000,2505,-3350,130744,-12299,-9712,135485,146,19229,598,0,65327,0.0009999999999994458
10484000,-1664,2010,129159,12903,-648,124274,115,19227,471,0,65328,0.0010000000000012221
10485000,-5661,12535,132701,-14169,7423,127481,119,19222,487,1,65329,0.0009999999999994458
10486000,-13316,4391,130116,-24397,2467,128300,137,19230,561,1,65330,0.0009999999999994458
10487000,-6320,2486,128561,-6115,-3100,125258,111,19230,561,1,65331,0.0010000000000012221
10488000,-5682,7898,132246,-2581,6701,132497,109,19232,455,1,65332,0.0009999999999994458
10489000,-2038,-3428,125188,-11328,-5756,125846,109,19220,446,0,65333,0.0009999999999994458
10490000,-2820,-2228,128409,-7291,-4500,125633,124,19234,508,0,65334,0.0010000000000012221
10491002,-454,1131,126598,-1499,-3452,129933,107,19232,438,0,65335,0.0010019999999997253
10492000,-2993,8239,127927,-8497,4117,124373,125,19224,512,1,65336,0.0009979999999991662
10493001,-10869,8232,128769,-9968,5129,124989,118,19224,512,1,65337,0.0010010000000004737
10494000,-959,8357,125913,-14029,3578,125015,104,19228,483,1,65338,0.0009990000000001942
10495000,175,5357,127121,65,2452,129486,104,19229,426,0,65339,0.0009999999999994458
10496000,507,-6641,122809,2120,-9542,124917,138,19233,565,0,65340,0.0009999999999994458
10497000,-106,91,123730,-8099,-7789,124544,106,19229,434,0,65341,0.0010000000000012221
10498000,-1149,1986,125267,-6041,7337,125682,112,19225,459,0,65342,0.0009999999999994458
10499000,-293,11841,126936,-1097,10172,126630,163,19225,459,1,65343,0.0009999999999994458
10500001,-3540,3512,124209,-4839,851,122256,111,19228,668,1,65344,0.0010010000000004737
10501000,4735,8603,125610,-2759,2629,121793,111,19230,455,1,65345,0.0009990000000001942
10502001,4897,1479,124262,11591,-5865,127128,99,19227,405,0,65346,0.0010010000000004737
10503000,13208,1661,123574,-764,-6042,123123,90,19228,369,0,65347,0.0009990000000001942
10504000,5485,-1941,126543,12890,-3352,128952,112,19228,459,0,65348,0.0009999999999994458
10505000,4231,-1828,126195,-1908,-793,123450,124,19228,459,1,65349,0.0009999999999994458
10506000,2381,9834,129030,-2378,8754,125823,114,19220,508,1,65350,0.0010000000000012221
10507000,2819,6787,126348,11504,5803,129214,114,19226,467,1,65351,0.0009999999999994458
10508000,8820,-503,122374,2980,-559,121506,103,19232,422,1,65352,0.0009999999999994458
10509000,8951,7319,128750,-2632,1468,122741,125,19218,512,0,65353,0.0010000000000012221
10510000,13210,-10462,124517,16440,-17338,135960,99,19231,405,0,65354,0.0009999999999994458
10511000,6425,-6498,129258,16199,-3543,127484,103,19231,405,0,65355,0.0009999999999994458
10512000,448,1875,129433,-18620,-1045,129243,143,19228,422,1,65356,0.0009999999999994458
10513000,2765,15091,131668,1302,11655,124291,143,19229,586,1,65357,0.0010000000000012221
10514001,-660,11576,128619,12266,4075,129127,115,19228,471,1,65358,0.0010010000000004737
10515002,6280,-11519,126956,-10932,-14819,132985,103,19223,422,0,65359,0.0010009999999986974
10516002,8039,-3273,128898,7319,-1278,122921,135,19228,553,0,65360,0.0010000000000012221
10517002,8415,-7105,128493,19464,-14240,139408,103,19228,422,0,65361,0.0009999999999994458
10518001,2245,2467,132080,-15840,1600,122554,114,19231,422,0,65362,0.0009990000000001942
10519000,-2690,13752,135142,-13986,9698,127652,130,19223,467,1,65363,0.0009990000000001942
10520000,-6860,2513,129087,12661,-1517,132234,130,19228,532,1,65364,0.0009999999999994458
10521000,-3815,-157,130412,-14188,-3736,124583,104,19231,426,1,65365,0.0009999999999994458
10522000,-1303,-11760,129194,-13751,-17024,139124,115,19219,471,0,65366,0.0010000000000012221
10523000,6357,14777,129367,11505,11694,114059,105,19219,430,0,65367,0.0009999999999994458
10524000,-7637,2080,132115,-7691,-1119,128132,112,19230,430,0,65368,0.0009999999999994458
10525000,-2502,-11563,130878,-16375,-14288,135350,147,19227,459,1,65369,0.0010000000000012221
10526000,-13796,10468,129372,-8926,7843,124807,147,19228,602,1,65370,0.0009999999999994458
10527000,-10546,9348,129319,-12986,6083,128001,119,19227,487,1,65371,0.0009999999999994458
10528000,-3350,12436,131584,-12001,12556,115387,101,19227,414,1,65372,0.0009999999999994458
10529000,-4169,-14988,124538,-5844,-18557,141331,160,19230,655,0,65373,0.0010000000000012221
10530000,-1757,-565,127835,-1484,-3823,122071,102,19230,655,0,65374,0.0009999999999994458
10531000,-2731,5776,126355,-13751,1962,125165,107,19231,418,0,65375,0.0009999999999994458
10532000,-2268,10386,127300,-8093,6289,127162,107,19226,438,1,65376,0.0010000000000012221
10533000,-6254,9647,126696,-5103,6708,122393,124,19228,508,1,65377,0.0009999999999994458
10534000,-5689,-1696,127247,-11158,-3188,135272,111,19235,455,1,65378,0.0009999999999994458
10535000,1332,17790,125123,-1678,15627,109504,116,19218,475,0,65379,0.0010000000000012221
10536000,662,-6700,124661,-3532,-8568,134653,89,19218,475,0,65380,0.0009999999999994458
10537000,1686,3137,124555,1869,-4325,124821,107,19228,365,0,65381,0.0009999999999994458
10538000,300,6733,127163,-11556,4118,124306,107,19229,438,0,65382,0.0010000000000012221
10539000,-4253,7606,126164,6185,3311,125042,132,19220,541,1,65383,0.0009999999999994458
10540000,-2277,7030,125974,-1247,7819,127688,113,19231,463,1,65384,0.0009999999999994458
10541000,5379,4802,124333,-14328,413,122281,96,19227,393,1,65385,0.0010000000000012221
10542000,9171,6034,125617,17588,8463,121292,126,19227,393,0,65386,0.0009999999999994458
10543000,10566,-11506,124315,11947,-8093,127840,111,19233,516,0,65387,0.0009999999999994458
10544000,4126,-2184,126559,-2235,-6256,129117,111,19227,455,0,65388,0.0009999999999994458
10545000,1925,-4454,127534,4947,-9142,134400,112,19225,459,1,65389,0.0010000000000012221
10546000,1854,7938,129508,4091,22293,115197,131,19229,537,1,65390,0.0009999999999994458
10547000,4820,18310,128815,-2778,1601,128236,107,19232,438,1,65391,0.0009999999999994458
10548000,9322,-9668,121531,6426,-13920,130695,103,19232,438,0,65392,0.0010000000000012221
10549000,10471,4629,127314,6019,899,123642,102,19220,422,0,65393,0.0009999999999994458
10550000,8956,-5262,126945,8899,-9096,129012,102,19230,418,0,65394,0.0009999999999994458
10551000,7244,1669,130156,3041,1121,129730,106,19229,434,0,65395,0.0010000000000012221
10552000,1711,-6708,128433,-232,-8564,135197,120,19226,491,1,65396,0.0009999999999994458
10553002,1407,8543,131342,-1655,6065,126218,116,19228,475,1,65397,0.0010019999999997253
10554001,3352,10861,127890,274,5626,124202,101,19228,475,1,65398,0.0009990000000001942
10555000,6514,-5238,129882,4442,-9265,132605,139,19231,414,0,65399,0.0009990000000001942
10556000,10639,-11703,127035,6133,-14700,129140,139,19228,569,0,65400,0.0009999999999994458
10557000,1492,-4980,130943,12974,-6492,133317,102,19231,418,0,65401,0.0010000000000012221
10558000,79,2791,130503,-23065,6397,125343,105,19225,430,1,65402,0.0009999999999994458
10559000,-637,12063,134532,-7491,8374,126129,155,19227,635,1,65403,0.0009999999999994458
10560000,-8176,1148,130450,12852,-4659,133462,109,19227,446,1,65404,0.0009999999999994458
10561000,-2856,-4883,129217,-19691,-10706,125103,103,19235,446,1,65405,0.0010000000000012221
10562000,-3439,-11681,129608,-13138,-15638,135550,116,19224,422,0,65406,0.0009999999999994458
10563000,4442,5480,129887,14088,3923,127096,116,19232,475,0,65407,0.0009999999999994458
10564000,-6713,10649,129416,-10829,6055,121833,111,19228,455,0,65408,0.0010000000000012221
10565000,-5749,4115,133141,-24720,550,131338,123,19222,504,1,65409,0.0009999999999994458
10566000,-8166,1371,128556,-853,-728,131347,112,19222,459,1,65410,0.0009999999999994458
10567003,-5227,11650,129412,-6970,9759,124629,103,19230,459,1,65411,0.0010030000000007533
10568000,-2446,14107,129055,-12148,11004,120288,131,19231,422,1,65412,0.0009969999999999146
10569000,-3065,-14397,123762,-8182,-18363,135362,131,19217,537,0,65413,0.0009999999999994458
10570000,-3305,8745,129000,-9244,8034,129881,99,19230,405,0,65414,0.0010000000000012221
10571000,-1581,5385,126396,-7515,1877,117327,104,19225,426,0,65415,0.0009999999999994458
10572000,-5108,1902,129289,-1247,-763,128025,145,19225,594,1,65416,0.0009999999999994458
10573000,-4516,8484,125624,-16362,5363,125564,117,19227,594,1,65417,0.0010000000000012221
10574000,-1511,4630,126165,-8526,1397,127168,105,19231,479,1,65418,0.0009999999999994458
10575000,-3555,7899,126277,9910,6595,119882,105,19227,430,0,65419,0.0009999999999994458
10576000,468,2659,123776,-15962,1128,124653,119,19229,487,0,65420,0.0009999999999994458
10577000,1656,2065,126892,-1622,-701,125224,117,19227,479,0,65421,0.0010000000000012221
10578002,1340,758,127246,9531,-1685,128622,121,19219,496,1,65422,0.0010019999999997253
10579000,-3208,15107,125991,-10891,10120,124871,133,19219,496,1,65423,0.0009979999999991662
10580000,-448,11000,124606,-4713,7136,117943,105,19229,545,1,65424,0.0010000000000012221
10581000,8730,2877,124723,7496,-296,127042,105,19237,430,1,65425,0.0009999999999994458
10582000,7940,-1984,125000,3256,-5739,135089,117,19227,479,0,65426,0.0009999999999994458
10583000,9395,-1199,124083,7006,-5371,116233,101,19224,414,0,65427,0.0010000000000012221
10584000,3592,137,128549,7553,-4155,130266,113,19227,463,0,65428,0.0009999999999994458
10585000,7236,2038,126349,29,-1242,127018,137,19227,463,1,65429,0.0009999999999994458
10586000,2076,3675,129086,2011,1983,128143,110,19227,561,1,65430,0.0010000000000012221
10587000,6151,13164,128726,5836,7276,119690,110,19231,451,1,65431,0.0009999999999994458
10588001,9903,9781,125431,5468,7295,125330,97,19229,397,0,65432,0.0010010000000004737
10589000,9421,-9269,125987,6281,-14536,135803,143,19232,586,0,65433,0.0009989999999984178
10590000,9603,-9653,129352,12206,-13813,130132,104,19229,426,0,65434,0.0010000000000012221
10591000,2825,4090,130818,-1701,-2380,122981,106,19229,426,0,65435,0.0009999999999994458
10592000,2037,13732,133096,-2160,5114,129515,114,19228,434,1,65436,0.0009999999999994458
10593000,-1838,2059,128825,4869,5501,132569,114,19228,467,1,65437,0.0010000000000012221
10594000,4179,2520,127197,-429,-2785,121364,105,19232,430,1,65438,0.0009999999999994458
10595000,10894,-9187,127055,-2414,-15455,128079,115,19217,471,0,65439,0.0009999999999994458
10596000,9829,-1399,132360,22638,-2225,127893,91,19230,373,0,65440,0.0010000000000012221
10597000,4203,-3241,128163,-11798,-8004,134766,106,19230,373,0,65441,0.0009999999999994458
10598000,-74,-850,130410,-17967,10972,127578,128,19228,434,1,65442,0.0009999999999994458
10599000,-8301,8997,133524,6223,6291,126063,128,19226,524,1,65443,0.0010000000000012221
10600000,-4498,-1476,129267,-5080,-4684,132259,111,19229,455,1,65444,0.0009999999999994458
10601000,-3881,-3909,128518,-15980,-8505,131991,96,19229,393,1,65445,0.0009999999999994458
10602000,2375,-6783,127780,320,-6026,130227,151,19232,618,0,65446,0.0010000000000012221
10603002,970,6634,128255,2330,6087,119690,109,19232,446,0,65447,0.0010019999999997253
10604002,-6635,5445,132420,-16965,-589,127356,112,19229,446,0,65448,0.0009999999999994458
10605000,-6658,-2668,130101,-10586,-6224,143725,134,19224,459,1,65449,0.0009979999999991662
10606002,-11511,878,128738,-7678,2365,122474,134,19229,549,1,65450,0.0010020000000015017
10607001,-4841,9999,129849,-14980,7123,123834,112,19230,459,1,65451,0.0009990000000001942
10608000,-2662,1220,127192,-4469,-5317,129247,112,19221,459,0,65452,0.0009989999999984178
10609000,-4728,-10201,123340,-5536,-14115,125669,132,19221,541,0,65453,0.0010000000000012221
10610000,-1583,3721,128747,-11387,1484,127345,109,19232,541,0,65454,0.0009999999999994458
10611000,-7062,13091,127354,-8553,10569,117250,123,19229,446,0,65455,0.0009999999999994458
10612000,-6984,9898,130346,-9564,6099,128650,123,19221,504,1,65456,0.0010000000000012221
10613000,-8973,2235,126724,-14470,-450,128420,117,19230,479,1,65457,0.0009999999999994458
10614000,-1749,3369,125847,-1566,-199,126695,104,19230,426,1,65458,0.0009999999999994458
10615000,1005,2496,124380,-73,-741,119952,135,19230,553,0,65459,0.0010000000000012221
10616000,3353,109,125130,-2597,-3136,122639,116,19228,553,0,65460,0.0009999999999994458
10617001,4613,9692,126102,4260,7486,132174,116,19227,475,0,65461,0.0010010000000004737
10618000,-4052,2217,125174,-9042,-472,119062,116,19227,475,1,65462,0.0009990000000001942
10619000,-1477,9468,130356,-4839,7084,126579,160,19230,655,1,65463,0.0009999999999994458
10620000,172,8291,124619,2396,4736,127905,113,19238,463,1,65464,0.0009999999999994458
10621000,6738,3979,122161,8929,-1163,123609,102,19223,418,0,65465,0.0009999999999994458
10622000,9328,7584,125808,-3751,5365,122386,88,19223,418,0,65466,0.0010000000000012221
10623000,10633,-1720,123975,8987,-6026,123006,113,19228,360,0,65467,0.0009999999999994458
10624000,6159,-3927,128713,12043,-7987,127968,113,19227,463,0,65468,0.0009999999999994458
10625000,1996,-6763,126357,-3468,-9383,129426,120,19221,491,1,65469,0.0010000000000012221
10626000,4674,12348,129038,836,10999,123979,114,19232,467,1,65470,0.0009999999999994458
10627000,4922,5046,125845,9161,3848,124856,100,19231,410,1,65471,0.0009999999999994458
10628000,11577,-1213,127704,1928,-3625,124709,125,19231,410,0,65472,0.0010000000000012221
10629000,10554,522,126327,11357,418,126377,97,19225,512,0,65473,0.0009999999999994458
10630001,5054,-5728,127469,10912,-10840,129213,97,19230,397,0,65474,0.0010010000000004737
10631000,7186,405,129482,-2571,-4660,129746,105,19227,430,1,65475,0.0009990000000001942
10632000,-1701,9672,129943,1318,-1541,122214,145,19230,594,1,65476,0.0009999999999994458
10633003,3236,9469,129563,-307,10711,129671,113,19231,463,1,65477,0.001002999999998977
10634000,3429,-2962,128326,-4490,-6467,130838,99,19231,463,1,65478,0.000997000000001691
10635000,8472,-8312,126023,5281,-11202,129222,132,19222,405,0,65479,0.0009999999999994458
10636000,11815,-9396,129654,5786,-16226,130372,132,19232,541,0,65480,0.0009999999999994458
10637001,58,1358,131295,15098,-385,128569,108,19224,442,0,65481,0.0010010000000004737
10638001,3080,-1256,129883,-21223,-5664,131357,114,19223,467,1,65482,0.0009999999999994458
10639000,-9351,20074,134491,-9363,13421,122439,126,19230,516,1,65483,0.0009990000000001942
10640000,-2614,-1732,129624,6989,1782,128122,101,19230,516,1,65484,0.0009999999999994458
10641000,-6678,-7546,127923,-10196,-20576,135027,115,19233,414,0,65485,0.0010000000000012221
10642000,2946,-17356,129235,-17020,-18635,134011,115,19220,471,0,65486,0.0009999999999994458
10643000,-4461,3061,132672,9700,4939,126032,99,19228,405,0,65487,0.0009999999999994458
10644000,-7150,7680,131968,-18454,1662,121733,114,19227,467,0,65488,0.0010000000000012221
10645000,-9432,7607,130693,-17116,2581,129811,144,19225,590,1,65489,0.0009999999999994458
10646000,-8261,-8477,125977,-7648,-6487,136684,118,19225,590,1,65490,0.0009999999999994458
10647004,-4189,13436,130570,-4255,11551,119228,101,19228,483,1,65491,0.0010040000000000049
10648027,-4597,5685,127187,-12567,-1327,124613,159,19226,414,0,65492,0.0010229999999999961
10649001,-3824,-5205,125134,-8190,-8056,130081,159,19231,651,0,65493,0.0009740000000011406
10650000,207,-6633,128144,903,-13049,135014,105,19232,430,0,65494,0.0009990000000001942
10651000,-3168,7738,126669,-8506,5414,117012,110,19224,451,1,65495,0.0009999999999994458
10652000,-10445,18161,128595,-11368,19333,120182,132,19224,541,1,65496,0.0009999999999994458
10653000,-5019,7794,129709,-13920,44,129375,111,19228,541,1,65497,0.0009999999999994458
10654000,538,-3458,126308,889,-9179,130316,113,19230,455,1,65498,0.0010000000000012221
10655000,-1427,-5186,125175,411,-9186,128851,113,19221,463,0,65499,0.0009999999999994458
10656000,-263,5749,126466,-6738,1896,115945,90,19231,369,0,65500,0.0009999999999994458
10657000,1427,4955,124805,-6743,1783,133956,109,19230,446,0,65501,0.0010000000000012221
10658001,1440,6496,125303,996,4593,124617,131,19230,537,1,65502,0.0010009999999986974
10659000,-2940,9045,125462,-12,5364,123737,113,19219,537,1,65503,0.0009990000000001942
10660000,3519,15378,126427,-4315,12036,117415,98,19232,463,1,65504,0.0010000000000012221
10661000,8931,5976,124705,5669,2309,124961,98,19228,401,0,65505,0.0009999999999994458
10662000,8505,-5611,125021,10408,-10053,131991,134,19235,549,0,65506,0.0009999999999994458
10663001,7697,-4109,123727,2023,-7740,123670,109,19229,446,0,65507,0.0010010000000004737
10664000,2294,4915,126703,765,2517,127697,115,19229,471,0,65508,0.0009990000000001942
10665000,2767,6563,126193,8859,2563,121550,129,19228,471,1,65509,0.0009999999999994458
10666000,5002,8369,129426,-6659,5360,127804,109,19229,528,1,65510,0.0010000000000012221
10667002,7321,9551,126145,7119,6891,123708,109,19229,446,1,65511,0.0010019999999997253
10668002,10550,-869,125762,8993,-3029,118209,106,19220,434,0,65512,0.0009999999999994458
10669000,10598,-4495,127703,6961,-6039,130200,96,19231,393,0,65513,0.0009979999999991662
10670001,5926,-14863,127378,11896,-17191,135445,105,19230,430,0,65514,0.0010010000000004737
10671000,3310,777,131521,-3752,-4051,131855,120,19230,430,1,65515,0.0009990000000001942
10672000,-2613,17395,132585,-1850,14016,119725,113,19224,491,1,65516,0.0009999999999994458
10673000,1218,14450,129995,2437,12615,124173,113,19228,463,1,65517,0.0010000000000012221
10674000,4391,-7136,127752,-3665,-8465,132757,103,19229,422,1,65518,0.0009999999999994458
10675000,10378,-8970,126365,6141,-14136,132086,137,19227,561,0,65519,0.0009999999999994458
10676000,4053,9151,130042,9198,2611,123221,111,19232,455,0,65520,0.0010000000000012221
10677000,2589,-6080,128619,517,-11786,129639,109,19232,455,0,65521,0.0009999999999994458
10678002,2746,1454,133478,-16399,-4899,134306,156,19226,446,1,65522,0.0010019999999997253
10679000,-5749,1664,129656,1883,-2562,133628,156,19228,639,1,65523,0.0009980000000009426
10680002,-7168,7608,130357,-2498,5768,118714,112,19234,459,1,65524,0.0010019999999997253
10681000,2101,-3748,130153,-20376,-1069,137100,101,19226,414,0,65525,0.0009979999999991662
10682000,-637,-10751,126422,4005,-19592,129253,115,19235,471,0,65526,0.0010000000000012221
10683000,-704,4691,130997,1796,536,126436,108,19235,471,0,65527,0.0009999999999994458
10684000,-7365,5859,132139,-20781,1146,126935,119,19229,442,0,65528,0.0009999999999994458
10685000,-8547,7422,131271,-10214,3998,131028,119,19221,487,1,65529,0.0009999999999994458
10686000,-9247,2441,129077,-8378,445,131371,114,19228,467,1,65530,0.0010000000000012221
10687000,-6051,3950,128415,-9055,12520,122171,104,19230,426,1,65531,0.0009999999999994458
10688000,-3460,5144,129104,-10607,-5581,123279,125,19217,512,0,65532,0.0009999999999994458
10689000,-2184,-6721,125062,-3669,-8899,132548,96,19217,512,0,65533,0.0010000000000012221
10690001,-1580,-2580,129599,-13313,-3248,130721,102,19230,393,0,65534,0.0010009999999986974
10691000,-6684,5075,127526,-10783,4582,119848,102,19230,418,1,65535,0.0009990000000001942
10692000,-7620,18758,130351,-6586,15931,125285,143,19226,586,1,0,0.0010000000000012221
10693000,-6807,2253,126086,-9687,-1943,127999,115,19232,471,1,1,0.0009999999999994458
10694000,-2077,6131,124967,563,5309,121778,102,19227,418,0,2,0.0009999999999994458
10695001,293,1563,123248,-9064,-3361,127230,116,19227,475,0,3,0.0010010000000004737
10696000,2203,-1231,124331,2779,2559,124511,109,19231,475,0,4,0.0009990000000001942
10697000,5308,1850,125927,-2704,-1687,127211,115,19228,446,0,5,0.0009999999999994458
10698000,-3111,3548,125064,361,1636,125531,115,19226,471,1,6,0.0010000000000012221
10699000,-1370,13060,126473,-4921,12273,127844,132,19228,541,1,7,0.0009999999999994458
10700000,4673,-366,123506,-3760,-3181,118186,101,19231,414,1,8,0.0009999999999994458
10701000,7286,9162,125164,13985,3267,120702,116,19231,475,0,9,0.0009999999999994458
10702000,10244,1238,124368,3367,-5587,128221,100,19232,475,0,10,0.0010000000000012221
10703000,5012,-5837,124714,5403,-10145,120886,113,19227,410,0,11,0.0009999999999994458
10704003,5467,-3484,128471,7991,-5071,135354,113,19225,463,1,12,0.0010030000000007533
10705004,-1563,16166,129100,-4609,17818,117579,140,19229,573,1,13,0.0010009999999986974
10706000,4232,12809,126766,1481,8053,125080,114,19232,467,1,14,0.000996000000000663
10707000,8629,-7146,124863,11044,-10829,134590,101,19232,414,1,15,0.0009999999999994458
10708000,12683,1003,125739,2757,-1867,121784,138,19225,414,0,16,0.0010000000000012221
10709000,11768,-1577,128390,11902,-5639,128514,106,19232,565,0,17,0.0009999999999994458
10710001,6858,-9437,126053,10169,-13283,127848,106,19226,434,0,18,0.0010010000000004737
10711000,5876,1467,131501,-5272,-2459,138909,108,19222,442,1,19,0.0009990000000001942
10712000,-2053,16441,128426,2769,11992,117522,122,19229,500,1,20,0.0009999999999994458
10713000,3057,8394,130625,1357,6358,125399,108,19226,442,1,21,0.0009999999999994458
10714001,5821,4371,128450,734,-382,130561,116,19226,442,0,22,0.0010010000000004737
10715000,9190,-19164,125385,3262,-22726,133356,106,19227,475,0,23,0.0009990000000001942
10716000,8104,3559,131996,14380,-1831,129704,106,19228,434,0,24,0.0009999999999994458
10717000,-1648,4381,129577,-463,1658,126766,113,19228,463,0,25,0.0009999999999994458
10718000,2652,7349,132632,-21712,2904,127310,128,19222,524,1,26,0.0010000000000012221
10719000,-5262,13988,134650,965,13186,124967,116,19232,475,1,27,0.0009999999999994458
10720003,32,-4910,127225,7783,-8915,135907,100,19232,475,1,28,0.0010030000000007533
10721000,-4808,-3969,130666,-14706,-4545,124240,148,19231,410,0,29,0.0009969999999999146
10722000,3878,-13567,129564,-13490,-19699,140658,148,19232,606,0,30,0.0009999999999994458
10723000,1579,16190,133342,24118,10671,120848,105,19234,430,0,31,0.0009999999999994458
10724000,-8874,6323,129733,-21948,4464,122415,109,19224,446,1,32,0.0010000000000012221
10725000,-8746,5038,131776,-25403,321,133079,130,19231,532,1,33,0.0009999999999994458
10726000,-7683,-407,126605,3529,-2772,129506,112,19231,532,1,34,0.0009999999999994458
10727000,-2659,6323,130729,-8552,5038,124823,109,19232,459,1,35,0.0010000000000012221
10728000,-5176,1952,128487,-13138,4898,130791,109,19222,446,0,36,0.0009999999999994458
10729001,-473,-11407,123840,-10528,-17962,131482,129,19231,528,0,37,0.0010010000000004737
10730000,-4630,10340,129308,2576,6741,120127,102,19224,418,0,38,0.0009989999999984178
10731002,-5222,3621,126405,-12591,3351,125629,119,19221,487,1,39,0.0010020000000015017
10732002,-8000,10517,127973,-10069,5771,125347,114,19221,487,1,40,0.0009999999999994458
10733001,-2604,1638,126114,-15691,-3020,131048,105,19229,467,1,41,0.0009990000000001942
10734000,-22,2473,127561,-7087,10952,121310,105,19233,430,0,42,0.0009990000000001942
10735000,-1820,-1040,124402,12234,-15631,126233,138,19230,565,0,43,0.0009999999999994458
10736000,442,-9538,122427,-12398,-8107,130858,108,19231,442,0,44,0.0009999999999994458
10737000,-2017,7489,128079,2374,6192,127065,109,19223,446,0,45,0.0010000000000012221
10738000,-3360,19658,126485,-4811,20378,112763,157,19223,446,1,46,0.0009999999999994458
10739000,-418,19627,128430,-5273,8757,126975,110,19229,643,1,47,0.0009999999999994458
10740000,2716,-16988,120404,3953,-13645,131449,110,19231,451,1,48,0.0010000000000012221
10741000,11951,4015,124596,4566,3559,117827,101,19224,414,0,49,0.0009999999999994458
10742002,9033,1736,123800,13818,-5656,125236,96,19230,393,0,50,0.0010019999999997253
10743003,5218,-3068,124718,3000,-7774,126076,114,19228,467,0,51,0.0010010000000004737
10744000,-34,-10854,127743,-8698,-12260,132637,122,19228,500,1,52,0.0009969999999999146
10745000,1774,10286,130154,5421,10805,121584,110,19216,500,1,53,0.0009999999999994458
10746000,4012,8327,126052,12136,5850,124829,100,19233,451,1,54,0.0009999999999994458
10747000,4351,4503,125606,-2124,-310,122591,100,19230,410,1,55,0.0010000000000012221
10748000,14591,-5074,125489,-2859,-12219,132034,125,19228,512,0,56,0.0009999999999994458
10749001,6647,-16336,125299,25492,-16838,132705,99,19227,405,0,57,0.0010010000000004737
10750000,4079,-789,129620,-1836,-4034,120644,104,19227,426,0,58,0.0009990000000001942
10751000,1886,1954,129069,-14453,-2165,135498,139,19228,426,1,59,0.0009999999999994458
10752000,538,13247,128227,12176,9170,124501,113,19229,569,1,60,0.0009999999999994458
10753000,1409,3195,129072,-31,-1152,128393,113,19235,463,1,61,0.0010000000000012221
10754000,6750,-2287,126957,-5068,-6509,123523,100,19226,410,0,62,0.0009999999999994458
10755000,10390,-11274,131532,14221,-15171,132841,145,19234,594,0,63,0.0009999999999994458
10756000,3200,-7221,128934,17015,-11430,135358,109,19234,446,0,64,0.0010000000000012221
10757000,1674,9478,132544,-28369,7744,119197,111,19228,446,0,65,0.0009999999999994458
10758000,-6249,14688,131878,-2982,11665,128408,128,19221,455,1,66,0.0009999999999994458
10759000,-8319,-2924,130573,11281,-6710,124306,128,19230,524,1,67,0.0010000000000012221
10760000,-2190,-19246,127782,-23796,-23408,143291,103,19232,422,1,68,0.0009999999999994458
10761000,-413,-2273,128891,-6820,-6070,127560,116,19222,475,0,69,0.0009999999999994458
10762000,5909,10889,130929,9754,7204,117296,96,19228,393,0,70,0.0009999999999994458
10763000,-5574,2653,130124,-7685,-1238,135478,110,19228,393,0,71,0.0010000000000012221
10764000,-6185,-2093,130079,-19270,-5230,128490,138,19225,451,1,72,0.0009999999999994458
10765002,-9009,2531,130972,-9059,-397,138983,138,19227,565,1,73,0.0010019999999997253
10766000,-10482,24159,129797,-5302,20477,113605,115,19232,471,1,74,0.0009980000000009426
10767000,-2418,7248,129994,-16434,7535,127115,99,19225,405,1,75,0.0009999999999994458
10768000,-3477,-7532,124295,-6413,-13658,133570,157,19233,643,0,76,0.0009999999999994458
10769000,-47,-5140,127411,407,-7310,128268,105,19233,643,0,77,0.0010000000000012221
10770000,-3335,14523,127630,-15963,7572,124487,107,19231,430,0,78,0.0009999999999994458
10771000,-3840,16380,129449,-2514,13138,115318,107,19224,438,1,79,0.0009999999999994458
10772000,-6213,-3160,126517,-7132,-6477,139994,125,19227,512,1,80,0.0010000000000012221
10773000,-3904,793,124978,-15621,-4290,126044,111,19227,455,1,81,0.0009999999999994458
10774000,1084,12443,127523,1721,11119,118070,111,19223,455,0,82,0.0009999999999994458
10775000,1558,-1138,125601,2152,4490,123682,100,19223,455,0,83,0.0010000000000012221
10776000,1654,-6408,124312,-6103,-11118,133387,114,19236,410,0,84,0.0009999999999994458
10777000,-4359,13869,127791,-4185,6050,117533,114,19229,467,0,85,0.0009999999999994458
10778000,-2526,21690,125607,562,11237,117159,133,19220,545,1,86,0.0009999999999994458
10779000,-1009,10713,128414,-1758,10981,130307,114,19230,467,1,87,0.0010000000000012221
10780000,8002,-2886,123445,-3041,-5587,123400,97,19226,397,1,88,0.0009999999999994458
10781001,10544,-5231,124595,8582,-4891,128420,132,19226,397,0,89,0.0010010000000004737
10782000,7803,5653,126520,5130,-5117,119831,109,19233,541,0,90,0.0009990000000001942
10783000,7316,-5233,123006,6179,-8527,130924,109,19230,446,0,91,0.0009999999999994458
10784002,-180,-1805,127465,-2374,-61,131773,112,19227,459,1,92,0.0010019999999997253
10785000,4451,14892,128761,-4191,14323,115446,133,19228,545,1,93,0.0009980000000009426
10786000,6899,17429,127563,18198,6365,124077,110,19232,451,1,94,0.0009999999999994458
10787000,10842,-689,124957,2217,-4990,124585,104,19232,426,0,95,0.0009999999999994458
10788000,10431,-4235,128207,1203,-6355,129860,105,19219,426,0,96,0.0010000000000012221
10789000,8565,-10947,125460,15996,-12340,134925,105,19233,430,0,97,0.0009999999999994458
10790000,4187,390,129219,-3824,-994,127057,105,19229,430,0,98,0.0009999999999994458
10791001,690,8718,131766,-3797,6049,125567,120,19225,491,1,99,0.0010010000000004737
10792000,2810,8088,128588,5926,4195,126798,113,19231,463,1,100,0.0009990000000001942
10793000,3777,157,128034,-189,-4346,130764,100,19231,410,1,101,0.0009999999999994458
10794003,11056,-7658,127200,3548,-13400,123346,132,19228,410,0,102,0.0010030000000007533
10795001,7830,-2407,129008,12798,-4627,125063,99,19226,541,0,103,0.0009979999999991662
10796000,2058,-5404,130310,5097,-10330,138420,99,19232,405,0,104,0.0009990000000001942
10797002,-1353,1085,132178,-19377,-232,123270,107,19222,438,1,105,0.0010019999999997253
10798006,-4848,8177,133807,-3258,5806,133761,151,19229,618,1,106,0.0010040000000000049
10799001,-7685,5793,130054,7520,2577,124198,109,19229,446,1,107,0.000994999999999635
10800002,2863,-2196,128452,-19699,-5564,127667,99,19232,446,1,108,0.0010010000000004737
10801002,-345,-10857,126473,-3415,-15073,137677,112,19226,405,0,109,0.0009999999999994458
10802001,5270,4528,130363,9514,1639,121550,112,19231,459,0,110,0.0009990000000001942
10803000,-6662,4218,130003,-13623,682,128235,108,19230,442,0,111,0.0009990000000001942
10804000,-7098,1562,131249,-20106,-1135,131717,123,19223,504,1,112,0.0010000000000012221
10805000,-5763,3559,130446,-5058,650,138873,116,19227,475,1,113,0.0009999999999994458
10806000,-6315,8507,128086,-4512,5684,119287,105,19227,475,1,114,0.0009999999999994458
10807000,-1002,8031,128735,-12499,5478,119859,124,19227,430,1,115,0.0010000000000012221
10808001,-4787,-8874,125735,-8106,-11928,136807,124,19218,508,0,116,0.0010009999999986974
10809000,1321,-896,127903,-4222,-4915,126722,97,19236,397,0,117,0.0009990000000001942
10810002,-6407,8812,127516,-5204,3577,132263,104,19228,426,0,118,0.0010019999999997253
10811000,-4925,19540,128057,-15113,15670,111001,147,19234,602,1,119,0.0009980000000009426
10812000,-5683,-67,128337,-6427,-1307,136506,118,19234,602,1,120,0.0009999999999994458
10813000,-2792,-999,124401,-3468,-7406,128250,103,19224,483,1,121,0.0009999999999994458
10814000,2623,10263,126225,-7555,9986,112394,103,19224,422,0,122,0.0010000000000012221
10815000,-783,-715,125051,3672,-1170,129271,114,19230,467,0,123,0.0009999999999994458
10816011,4493,-6685,124061,-4333,-7833,124826,112,19228,459,0,124,0.0010110000000000952
10817000,-3937,-226,130507,-37,-4404,141887,117,19224,479,1,125,0.0009890000000005728
10818000,-2873,24010,126742,-4598,18400,107988,143,19224,479,1,126,0.0009999999999994458
10819008,-779,11219,127306,-6169,11598,123574,104,19228,586,1,127,0.001008000000000564
10820000,6380,1063,123485,6481,-2710,128728,104,19239,426,0,128,0.000992000000000104
10821000,10218,-1744,123088,3403,-4001,123035,114,19225,467,0,129,0.0009999999999994458
10822000,3492,1952,125289,8929,-3323,120603,98,19226,401,0,130,0.0009999999999994458
10823000,10094,25,125278,4912,-6284,129662,113,19227,463,0,131,0.0010000000000012221
10824000,3042,-4980,125936,2900,-9361,129843,141,19227,463,1,132,0.0009999999999994458
10825000,4202,15304,129102,-367,10532,118615,116,19230,577,1,133,0.0009999999999994458
10826000,8448,1249,125241,6063,3567,128160,116,19230,475,1,134,0.0009999999999994458
10827000,9083,3723,126449,8842,2567,121928,97,19226,397,0,135,0.0010000000000012221
10828000,11112,-6555,126266,-4186,-12481,138028,148,19230,606,0,136,0.0009999999999994458
10829002,4824,-5861,125733,21301,-9640,120635,109,19228,446,0,137,0.0010019999999997253
10830000,3601,-867,129119,1297,-575,130916,110,19228,451,0,138,0.0009980000000009426
10831000,2063,8885,131886,2689,12788,132590,124,19220,451,1,139,0.0009999999999994458
10832000,-1194,8698,128685,15215,4161,123778,110,19226,508,1,140,0.0009999999999994458
10833001,4963,1955,129200,-11800,-1688,130413,110,19232,451,1,141,0.0010010000000004737
10834000,9814,-7073,126872,4537,-12523,128614,111,19218,455,0,142,0.0009990000000001942
10835000,11811,-8207,130045,31044,-8522,131823,90,19232,369,0,143,0.0009999999999994458
10836000,3429,-5104,127861,-13786,-8725,131974,103,19232,422,0,144,0.0010000000000012221
10837000,-1125,4988,133427,-19325,5618,124199,126,19230,422,1,145,0.0009999999999994458
10838000,-5141,7135,133555,6714,564,130126,112,19219,516,1,146,0.0009999999999994458
10839000,-9725,-22,130349,-3528,-2385,133379,112,19232,459,1,147,0.0009999999999994458
10840000,-1217,-11709,128087,-16456,-12200,133475,97,19229,397,1,148,0.0010000000000012221
10841000,-3798,1714,129012,-2236,-1078,123549,143,19231,586,0,149,0.0009999999999994458
10842000,5468,-1343,128958,-3839,-6414,129535,108,19231,442,0,150,0.0009999999999994458
10843000,-7664,9004,132793,-7905,5297,125733,112,19228,442,0,151,0.0010000000000012221
10844000,-7959,-5934,129740,-16064,-10046,135343,138,19223,459,1,152,0.0009999999999994458
10845000,-9714,6439,131677,-11718,6836,127792,138,19229,565,1,153,0.0009999999999994458
10846000,-8152,2723,129018,-10185,-1749,128275,109,19232,446,1,154,0.0010000000000012221
10847001,262,6040,126829,-5001,1837,123043,107,19222,438,0,155,0.0010009999999986974
10848000,-6941,-5010,124590,-6860,-9122,129587,137,19230,561,0,156,0.0009990000000001942
10849000,-854,-1507,127638,-7400,-3367,124531,104,19230,561,0,157,0.0010000000000012221
10850000,-6025,12325,128881,-11828,8798,123434,119,19231,426,0,158,0.0009999999999994458
10851000,-6173,5960,128095,-7065,2374,129214,119,19226,487,1,159,0.0009999999999994458
10852000,-8030,15768,127580,-2809,13778,122282,114,19232,467,1,160,0.0010000000000012221
10853000,-3180,-1743,125276,-17554,-5866,130385,103,19230,422,1,161,0.0009999999999994458
10854000,5144,-2701,125933,2413,-6282,126378,138,19235,565,0,162,0.0009999999999994458
10855000,2826,846,124616,6142,-2572,126975,105,19235,565,0,163,0.0009999999999994458
10856000,1309,1429,126253,-10318,-659,120305,110,19228,430,0,164,0.0010000000000012221
10857006,-4171,11080,126734,-3206,8337,124993,110,19224,451,1,165,0.0010060000000002844
10858000,-2105,1817,125801,-4151,667,129497,156,19227,639,1,166,0.0009939999999986071
10859000,857,13161,126286,5824,10873,121133,109,19232,446,1,167,0.0010000000000012221
10860000,4877,9148,124739,-2893,7402,122190,100,19227,410,0,168,0.0009999999999994458
10861000,10416,6385,124288,4786,1926,120478,102,19227,410,0,169,0.0009999999999994458
10862000,9734,-10605,125592,13315,-11768,131050,119,19227,418,0,170,0.0010000000000012221
10863000,4188,-4605,125971,3970,-10647,129161,119,19226,487,0,171,0.0009999999999994458
10864000,1607,18022,127905,-741,11830,119300,122,19220,500,1,172,0.0009999999999994458
10865001,6018,10662,128294,-969,6329,128136,110,19228,451,1,173,0.0010010000000004737
10866000,8859,-1598,124209,14232,-6224,128930,102,19229,418,1,174,0.0009990000000001942
10867000,11785,1930,123875,2873,-1891,122567,125,19229,418,0,175,0.0009999999999994458
10868000,9905,400,126646,2226,1294,122863,98,19224,512,0,176,0.0010000000000012221
10869000,9903,-5606,128577,20365,-10297,132545,98,19233,401,0,177,0.0009999999999994458
10870000,2831,-4540,129741,-3518,-10495,131344,101,19230,414,1,178,0.0009999999999994458
10871000,-779,16418,133697,-4699,6924,120599,138,19228,565,1,179,0.0009999999999994458
10872000,-973,9888,129333,6659,13193,129988,113,19230,463,1,180,0.0010000000000012221
10873000,3828,993,127774,-1785,-8536,128203,101,19230,414,1,181,0.0009999999999994458
10874000,11706,-10022,128000,-2253,-16230,131118,141,19223,414,0,182,0.0009999999999994458
10875000,12541,-14949,129361,15185,-10849,134904,141,19233,577,0,183,0.0010000000000012221
10876001,-26,7083,131144,12845,1277,120317,106,19228,434,0,184,0.0010009999999986974
10877000,1007,4807,131119,-30924,-857,132838,110,19221,451,1,185,0.0009990000000001942
10878001,-9450,7782,130033,14176,6152,129679,121,19227,496,1,186,0.0010010000000004737
10879000,-5728,5684,131278,-8329,-1109,123543,103,19227,422,1,187,0.0009990000000001942
10880000,-1645,-10667,127473,-19899,-14252,134223,118,19234,422,0,188,0.0009999999999994458
10881000,3818,-2377,132763,4041,-7899,124500,94,19220,483,0,189,0.0010000000000012221
10882000,401,2714,131001,7222,-2513,132109,94,19230,385,0,190,0.0009999999999994458
10883000,-7489,5157,130031,-22195,5478,122074,110,19225,451,0,191,0.0009999999999994458
10884002,-10628,4036,131484,-17643,-1487,133992,138,19226,565,1,192,0.0010019999999997253
10885000,-10074,-1643,127956,-1526,-1529,129392,117,19226,479,1,193,0.0009980000000009426
10886000,-4086,17653,130837,-11401,13613,119554,100,19230,479,1,194,0.0009999999999994458
10887003,-3571,-9052,127639,-10182,-13654,136822,162,19224,410,0,195,0.0010030000000007533
10888002,-1552,-48,125754,-257,-4699,118519,162,19230,664,0,196,0.0009990000000001942
10889000,-1358,-1924,127678,-6117,-6412,136786,113,19228,463,0,197,0.0009979999999991662
10890000,-5639,10670,128563,-8641,11349,120522,114,19221,467,1,198,0.0009999999999994458
10891000,-10074,15878,128937,-13699,9748,121912,128,19221,524,1,199,0.0010000000000012221
10892000,-5023,826,126471,-13627,-1271,134359,111,19230,524,1,200,0.0009999999999994458
10893001,1683,6013,127593,3082,2491,117122,115,19226,455,1,201,0.0010010000000004737
10894001,-2374,1388,124770,515,-60,133935,115,19224,471,0,202,0.0009999999999994458
10895000,3321,-2302,120881,-13615,-6380,122366,91,19228,373,0,203,0.0009990000000001942
10896001,-149,4761,127068,-2946,1862,127741,107,19228,438,0,204,0.0010010000000004737
10897000,2119,14574,126123,3900,11961,121724,130,19225,532,1,205,0.0009990000000001942
10898000,-3423,7764,125097,-4313,5345,122021,113,19225,532,1,206,0.0009999999999994458
10899000,1765,2396,125872,-6292,-1173,137448,95,19228,463,1,207,0.0009999999999994458
10900000,12549,5230,122488,9110,2033,111874,95,19228,389,0,208,0.0010000000000012221
10901000,6849,507,126138,12761,-3997,124183,131,19233,537,0,209,0.0009999999999994458
10902000,8125,-5716,125202,740,-9046,129311,110,19227,451,0,210,0.0009999999999994458
10903000,768,-406,126429,2499,-2415,127878,113,19224,463,0,211,0.0009999999999994458
10904000,66,16031,128359,6425,8864,128306,129,19224,463,1,212,0.0010000000000012221
10905000,4907,15759,128743,-2287,13206,116378,106,19228,528,1,213,0.0009999999999994458
10906000,10183,1557,125828,9431,-2140,129327,106,19231,434,1,214,0.0009999999999994458
10907000,12560,-1145,126691,4758,-4166,124917,105,19221,430,0,215,0.0010000000000012221
10908000,9627,-1509,127010,7037,-4871,129004,105,19229,430,0,216,0.0009999999999994458
10909000,4666,-7269,128136,16607,-11240,132805,105,19237,430,0,217,0.0009999999999994458
10910000,3930,-1396,130512,-11608,-4016,128403,119,19237,430,1,218,0.0010000000000012221
10911000,-426,9762,134745,-3804,5142,139179,112,19222,487,1,219,0.0009999999999994458
10912000,4096,15462,126100,14339,12411,112515,112,19229,459,1,220,0.0009999999999994458
10913000,4506,346,129514,-7181,-1935,130466,103,19224,422,1,221,0.0010000000000012221
10914000,10309,-12253,125559,2003,-15416,133401,138,19223,565,0,222,0.0009999999999994458
10915000,8653,-2713,130056,18007,-7742,123405,103,19233,422,0,223,0.0009999999999994458
10916000,-1388,4748,131858,1294,919,125581,104,19233,422,0,224,0.0010000000000012221
10917000,2941,-151,131343,-20236,-4898,132866,152,19226,426,1,225,0.0009999999999994458
10918000,-8191,3533,132955,255,-285,130550,152,19230,623,1,226,0.0009999999999994458
10919000,-3558,3367,130674,1604,4738,124896,110,19232,451,1,227,0.0009999999999994458
10920001,-827,-4435,129250,-18226,-7453,131547,102,19223,418,0,228,0.0010010000000004737
10921000,-3044,-6565,129750,0,-5660,132587,120,19231,491,0,229,0.0009990000000001942
10922002,228,5152,128732,-329,4524,125430,115,19231,471,0,230,0.0010019999999997253
10923000,-7663,3363,132276,-12661,-3579,128846,127,19228,471,1,231,0.0009980000000009426
10924000,-6395,9111,131870,-13189,7077,126065,116,19225,520,1,232,0.0009999999999994458
10925000,-10059,2463,129796,-5596,-583,136146,116,19227,475,1,233,0.0009999999999994458
10926000,-2374,10065,128850,-11485,8914,116377,109,19229,446,1,234,0.0010000000000012221
10927000,-3995,745,127512,-7900,-7812,133041,129,19222,528,0,235,0.0009999999999994458
10928000,-916,-8360,125420,-3965,-8553,126518,99,19222,405,0,236,0.0009999999999994458
10929000,-916,4377,128158,-7925,-175,127402,101,19229,405,0,237,0.0010000000000012221
10930000,-6545,-964,127148,-10320,-665,127269,148,19228,414,1,238,0.0009999999999994458
10931000,-6184,19705,129421,-5035,13233,116611,148,19229,606,1,239,0.0009999999999994458
10932000,-8426,-5688,124339,-7187,-9062,137968,122,19231,500,1,240,0.0010000000000012221
10933000,-862,14073,126209,-9177,12275,110739,104,19224,426,0,241,0.0009999999999994458
10934000,596,930,125948,4773,-3210,135028,116,19224,475,0,242,0.0009999999999994458
10935000,3188,-2501,123088,3648,-5288,120327,108,19227,475,0,243,0.0009999999999994458
10936000,1222,755,126495,-13475,-3744,129373,116,19227,442,0,244,0.0010000000000012221
10937000,-2672,8545,126668,2970,7888,127166,116,19223,475,1,245,0.0009999999999994458
10938000,-155,21383,126918,-3139,18500,113850,141,19231,577,1,246,0.0009999999999994458
10939000,3535,-7799,122468,-315,-10997,138391,105,19233,430,1,247,0.0010000000000012221
10940000,8940,3131,122898,6046,-738,111505,115,19225,471,0,248,0.0009999999999994458
10941000,13312,-3111,122979,7882,-8810,131797,97,19225,471,0,249,0.0009999999999994458
10942000,5189,-1016,125970,13303,-4711,122114,114,19229,397,0,250,0.0010000000000012221
10943000,4306,-5728,126829,-1535,-9822,130501,114,19228,467,1,251,0.0009999999999994458
10944000,-737,8670,129170,-5519,6418,126676,141,19225,577,1,252,0.0009999999999994458
10945001,4341,17728,129670,8012,14696,116892,117,19231,479,1,253,0.0010010000000004737
10946002,7468,-2679,123305,13880,-6588,137774,100,19226,410,1,254,0.0010010000000004737
10947005,8954,3683,126591,-7667,34,112983,148,19226,410,0,255,0.001002999999998977
10948006,13452,-16317,126078,8126,-21106,140315,105,19232,606,0,256,0.0010010000000004737
10949002,4885,-1787,126988,19475,-7468,126273,105,19227,430,0,257,0.000996000000000663
10950000,4302,4272,130999,-12406,2212,125128,109,19229,446,1,258,0.0009979999999991662
10951000,-1076,13873,129541,-2552,5460,133114,121,19230,496,1,259,0.0009999999999994458
10952001,2989,5032,128966,11498,3602,120277,109,19228,446,1,260,0.0010010000000004737
10953000,8517,-8884,127748,-1526,-13445,137055,112,19228,446,0,261,0.0009990000000001942
10954000,8605,-1267,129773,1904,-3799,122575,93,19218,459,0,262,0.0009999999999994458
10955002,8594,-1690,129414,16919,-6422,133456,93,19228,381,0,263,0.0010020000000015017
10956002,-2654,-3650,131049,-3848,-10306,132450,103,19228,422,0,264,0.0009999999999994458
10957001,-2348,9447,134489,-19205,7422,119821,126,19222,516,1,265,0.0009990000000001942
10958001,-6673,11430,131318,6496,8867,132594,112,19227,459,1,266,0.0009999999999994458
10959000,-5157,-793,129550,-212,-1048,125000,97,19227,459,1,267,0.0009990000000001942
10960002,2428,-18019,127936,-23159,-22150,137869,145,19228,397,0,268,0.0010019999999997253
10961000,643,7996,130117,1500,1385,121173,145,19227,594,0,269,0.0009980000000009426
10962000,-700,4024,130181,8176,2359,125782,115,19228,471,0,270,0.0009999999999994458
10963000,-7566,3692,132714,-22272,5235,129590,116,19224,475,1,271,0.0009999999999994458
10964000,-9676,-2718,130407,-16868,-4994,134158,140,19229,573,1,272,0.0009999999999994458
10965000,-9471,9548,131515,-1886,6704,125017,114,19229,467,1,273,0.0010000000000012221
10966000,-3124,7661,128238,-10591,12868,123246,109,19227,467,1,274,0.0009999999999994458
10967000,-3936,-5481,124443,-9567,-6754,135289,134,19223,446,0,275,0.0009999999999994458
10968000,-1702,-1787,125597,-9904,-4677,123059,134,19230,549,0,276,0.0010000000000012221
10969000,-1746,6963,129716,-1988,2734,126024,103,19229,422,0,277,0.0009999999999994458
10970002,-5984,16337,128603,-5565,5889,123188,117,19220,479,1,278,0.0010019999999997253
10971000,-8869,4948,126368,-14076,-3860,131222,114,19220,467,1,279,0.0009980000000009426
10972000,-3874,1289,126197,-8616,1512,129669,105,19227,467,1,280,0.0009999999999994458
10973001,2341,12186,126383,1122,7352,113235,135,19232,430,0,281,0.0010010000000004737
10974000,-43,-3675,124373,1399,-9236,130098,135,19232,553,0,282,0.0009990000000001942
10975000,1046,-3912,126374,-6154,-11636,125270,106,19228,434,0,283,0.0009999999999994458
10976000,-2035,4818,125489,-1019,4209,127849,109,19232,446,0,284,0.0009999999999994458
10977000,-3424,18019,128078,-5171,18465,117486,153,19232,627,1,285,0.0010000000000012221
10978000,-1816,11523,126458,-5706,5240,123468,111,19226,627,1,286,0.0009999999999994458
10979000,4891,-3300,121267,5537,-5812,131761,101,19228,455,1,287,0.0009999999999994458
10980000,8613,4958,122989,2994,1179,119779,101,19226,414,0,288,0.0009999999999994458
10981000,13292,-6104,123470,10514,-7872,126892,94,19230,385,0,289,0.0010000000000012221
10982000,7367,10003,127708,6583,4211,119654,115,19225,471,0,290,0.0009999999999994458
10983000,4286,-12931,124085,-1690,-17642,137281,118,19219,483,1,291,0.0009999999999994458
10984000,2172,9942,131014,3277,9240,119077,109,19219,483,1,292,0.0010000000000012221
10985000,1129,8352,125995,7387,3086,125582,98,19227,446,1,293,0.0009999999999994458
10986000,7282,3232,125948,-979,1690,122569,98,19231,401,1,294,0.0009999999999994458
10987000,11612,-347,127761,4013,-6107,123122,125,19225,512,0,295,0.0010000000000012221
10988001,7205,-16202,124616,18097,-18594,138198,100,19227,410,0,296,0.0010009999999986974
10989000,4405,1979,129428,-1535,-1447,120838,106,19228,434,0,297,0.0009990000000001942
10990000,1863,5843,130655,-3684,1861,130040,138,19228,434,1,298,0.0010000000000012221
10991000,4636,15237,130125,7679,11554,125647,112,19231,565,1,299,0.0009999999999994458
10992000,2291,-2500,128824,-3050,-6298,130920,112,19230,459,1,300,0.0009999999999994458
10993000,5638,-7869,126693,-822,-12676,129400,101,19226,414,0,301,0.0010000000000012221
10994000,6867,-10757,128573,10408,-13286,125295,141,19228,577,0,302,0.0009999999999994458
10995000,5144,-10853,128130,11951,-15247,137787,108,19228,442,0,303,0.0009999999999994458
10996000,3259,7654,132462,-17860,3288,125294,112,19228,442,0,304,0.0009999999999994458
10997000,-6645,15980,132320,-8784,13593,122614,131,19223,459,1,305,0.0010000000000012221
10998004,-7002,10360,131923,4413,7335,125512,131,19226,537,1,306,0.0010040000000000049
10999000,-3925,-16463,126857,-12082,-20262,136481,101,19232,414,1,307,0.0009959999999988867
11000000,-949,-13477,127992,-9068,-20162,138908,113,19219,463,0,308,0.0010000000000012221
11001000,5062,9543,130324,1434,3111,120931,95,19232,389,0,309,0.0009999999999994458
11002000,-4254,8433,131849,11,5523,125084,110,19232,389,0,310,0.0009999999999994458
11003000,-4189,-6074,129278,-13481,-7787,130824,138,19230,451,1,311,0.0010000000000012221
11004000,-11527,3544,130300,-14533,-574,134679,138,19223,565,1,312,0.0009999999999994458
11005000,-8975,15795,130679,-12634,11128,125550,114,19231,467,1,313,0.0009999999999994458
11006000,-1370,7405,128956,383,6974,117754,97,19228,397,1,314,0.0010000000000012221
11007000,-4162,-11391,126088,-5751,-13705,133369,157,19229,643,0,315,0.0009999999999994458
11008000,-953,-6687,126321,-12239,-11513,135868,106,19229,643,0,316,0.0009999999999994458
11009000,-3131,12661,128543,-5629,7612,120449,108,19230,434,0,317,0.0010000000000012221
11010000,-3048,18575,129087,-4216,11409,119426,108,19222,442,1,318,0.0009999999999994458
11011000,-8266,10895,127109,-10467,9234,126481,131,19229,537,1,319,0.0009999999999994458
11012000,396,-5232,125419,-13153,-5234,134263,108,19232,442,1,320,0.0009999999999994458
11013000,2348,-421,123774,1660,-4267,119756,112,19224,459,0,321,0.0010000000000012221
11014000,510,1621,125319,1542,2613,126116,102,19224,418,0,322,0.0009999999999994458
11015002,1056,2177,125676,-5711,741,123406,114,19228,418,0,323,0.0010019999999997253
11016000,-1487,658,126521,-5005,-3798,129653,130,19229,467,0,324,0.0009980000000009426
11017000,-1029,17688,128291,-3529,12013,120887,130,19222,532,1,325,0.0009999999999994458
11018000,-2659,19825,124830,2178,12105,116692,112,19229,459,1,326,0.0009999999999994458
11019000,5326,-156,125404,-541,-3968,134194,96,19229,393,1,327,0.0010000000000012221
11020000,10158,205,123145,7111,-1762,122448,133,19229,545,0,328,0.0009999999999994458
11021000,9619,-3174,123898,7316,-5430,130305,111,19232,545,0,329,0.0009999999999994458
11022000,7374,2991,128639,1654,-4011,121437,112,19228,455,0,330,0.0010000000000012221
11023000,2073,5205,125537,6622,1904,124699,112,19225,459,1,331,0.0009999999999994458
11024000,4300,4772,127844,-6170,1710,132086,128,19227,524,1,332,0.0009999999999994458
11025000,7871,9705,126573,10017,8404,119383,107,19232,438,1,333,0.0010000000000012221
11026001,9968,6021,125111,11797,-315,123100,102,19232,418,0,334,0.0010009999999986974
11027000,9441,-2432,126831,-3347,-6795,124066,105,19224,418,0,335,0.0009990000000001942
11028000,7814,-16540,126931,15355,-21992,140942,103,19230,430,0,336,0.0009999999999994458
11029000,5122,1191,130203,-509,-387,127050,103,19225,422,0,337,0.0010000000000012221
11030000,-951,15971,130748,-6394,13680,120826,120,19231,491,1,338,0.0009999999999994458
11031000,169,16825,134743,5775,12875,126971,111,19226,455,1,339,0.0009999999999994458
11032000,6416,-5712,124201,-1992,-11579,128058,101,19228,414,1,340,0.0010000000000012221
11033000,9660,-9641,129593,4137,-11642,136394,137,19228,414,0,341,0.0009999999999994458
11034000,9852,621,129412,12225,-789,119459,105,19227,561,0,342,0.0009999999999994458
11035000,3984,317,128308,7319,-3782,133397,105,19231,430,0,343,0.0010000000000012221
11036000,1110,651,133508,-18432,-3598,133012,105,19226,430,1,344,0.0009999999999994458
11037001,-5329,1419,132454,-1410,-358,131485,153,19234,627,1,345,0.0010010000000004737
11038000,-6514,9727,130078,3165,6666,125839,110,19232,451,1,346,0.0009990000000001942
11039000,-1008,4472,128734,-20343,701,123050,103,19232,451,1,347,0.0009999999999994458
11040002,5732,-14543,126699,729,-20380,145344,122,19224,422,0,348,0.0010019999999997253
11041001,2075,3268,129071,9495,-481,117706,122,19232,500,0,349,0.0009990000000001942
11042000,-4710,1035,130831,-20585,-2810,128509,109,19227,446,0,350,0.0009990000000001942
11043000,-7240,6373,132715,-13741,3477,129381,123,19219,504,1,351,0.0009999999999994458
11044000,-8581,-3550,128633,-4979,-5809,134773,113,19228,463,1,352,0.0009999999999994458
11045000,-7002,8619,130341,-8881,3670,128095,102,19228,463,1,353,0.0010000000000012221
11046000,-5426,5861,128667,-11635,5782,117732,125,19231,418,0,354,0.0009999999999994458
11047000,-1896,-10469,125678,-9342,-13967,131982,125,19217,512,0,355,0.0009999999999994458
11048000,-3937,-1105,127675,-1464,-5033,125325,97,19234,397,0,356,0.0010000000000012221
11049000,-5248,1731,127356,-13925,-1386,132340,107,19230,438,0,357,0.0009999999999994458
11050000,-8210,13527,128149,-9744,6782,116641,144,19228,590,1,358,0.0009999999999994458
11051000,-5546,8910,130009,-10445,8970,125255,117,19228,590,1,359,0.0010000000000012221
11052000,-537,3929,124358,2908,-3293,136474,102,19231,479,1,360,0.0009999999999994458
11053003,-2213,5993,123948,-8159,1020,112721,102,19227,418,0,361,0.0010030000000007533
11054002,6059,-29,126308,-12118,-2207,129273,117,19230,479,0,362,0.0009989999999984178
11055000,1797,-1638,124008,15168,-4399,124035,112,19226,459,0,363,0.0009980000000009426
11056000,-1120,-3419,125717,-6506,-5730,128967,117,19225,479,1,364,0.0009999999999994458
11057000,-3456,17639,127746,-14161,11218,114070,139,19225,569,1,365,0.0010000000000012221
11058000,-587,9164,126156,9347,11719,126284,104,19229,569,1,366,0.0009999999999994458
11059000,3880,3157,125139,5976,3027,123928,114,19233,426,0,367,0.0009999999999994458
11060000,6310,4923,124427,-2809,674,123126,114,19223,467,0,368,0.0009999999999994458
11061000,8535,-3720,124410,8306,-5989,128939,101,19227,414,0,369,0.0010000000000012221
11062000,3230,4086,127165,12601,262,120865,113,19226,463,0,370,0.0009999999999994458
11063007,2749,-4784,128356,-4254,-11889,136730,141,19226,577,1,371,0.001006999999999536
11064002,5256,12860,128847,4180,15540,119126,115,19225,577,1,372,0.0009950000000014114
11065002,7189,3055,124182,7913,-1303,129942,100,19232,471,1,373,0.0009999999999994458
11066000,11017,-5338,124453,2565,-4916,126401,100,19227,410,0,374,0.0009979999999991662
11067000,8114,1596,125879,12251,-5324,123368,147,19230,602,0,375,0.0010000000000012221
11068001,10233,-14565,125330,9170,-16004,135972,104,19228,426,0,376,0.0010009999999986974
11069002,3774,11069,130936,-105,2825,120798,107,19228,438,0,377,0.0010010000000004737
11070000,1007,6851,131982,-1651,952,133625,126,19225,438,1,378,0.0009980000000009426
11071000,1220,12330,132284,-1751,9342,122492,109,19226,516,1,379,0.0009999999999994458
11072000,-74,1891,129503,4101,-4927,129147,109,19231,446,1,380,0.0009999999999994458
11073000,9266,-12152,126093,-4846,-16188,134435,115,19218,471,0,381,0.0009999999999994458
11074000,8284,-8118,129377,19996,-7122,124798,91,19231,373,0,382,0.0010000000000012221
11075000,4103,-9458,129513,231,-12391,141852,103,19229,422,0,383,0.0009999999999994458
11076000,515,19745,130932,-21967,16625,111577,125,19229,422,1,384,0.0009999999999994458
11077000,-4303,7890,134134,-2342,1292,135074,114,19224,512,1,385,0.0010000000000012221
11078000,-3375,-9512,129605,9994,-11491,134707,114,19233,467,1,386,0.0009999999999994458
11079000,-6188,-7457,128818,-16887,-12497,128996,100,19230,410,1,387,0.0009999999999994458
11080001,1183,438,129001,-12740,-1101,129295,143,19228,586,0,388,0.0010010000000004737
11081000,-332,11562,129620,8277,8576,118787,111,19227,455,0,389,0.0009990000000001942
11082000,-2331,-4685,130029,-10381,-8499,137151,114,19227,455,0,390,0.0009999999999994458
11083000,-9644,7304,131653,-18202,6007,120636,143,19222,467,1,391,0.0010000000000012221
11084000,-7760,1604,128894,-10910,-1847,133350,143,19228,586,1,392,0.0009999999999994458
11085000,-5762,12859,132097,-3060,10005,123574,115,19231,471,1,393,0.0009999999999994458
11086000,-2596,-7800,126805,-10182,-10435,132396,112,19217,459,0,394,0.0010000000000012221
11087000,-6454,-3262,124901,-10267,-8381,132637,132,19230,541,0,395,0.0009999999999994458
11088000,-1193,4610,128692,-5666,1971,118214,101,19230,541,0,396,0.0009999999999994458
11089000,-1609,6611,128466,-4868,3587,129301,117,19232,414,1,397,0.0009999999999994458
11090000,-9027,12446,128738,-7927,9516,123788,117,19224,479,1,398,0.0010000000000012221
11091000,-6094,-1729,127768,-14756,-2038,127322,117,19226,479,1,399,0.0009999999999994458
11092000,-1680,12752,128267,-3721,9011,124669,105,19224,430,1,400,0.0009999999999994458
11093002,2433,-5340,122598,3628,-8271,127358,133,19229,545,0,401,0.0010020000000015017
11094000,-446,42,125119,-1641,-5045,128865,104,19229,545,0,402,0.0009979999999991662
11095000,2545,5844,125206,-12259,3491,122441,108,19226,426,0,403,0.0009999999999994458
11096000,-2216,10307,126510,3277,5296,124942,108,19226,442,1,404,0.0010000000000012221
11097000,-925,13303,127514,-5060,11753,120664,152,19225,623,1,405,0.0009999999999994458
11098000,1639,882,123159,-3513,-801,129232,111,19235,455,1,406,0.0009999999999994458
11099000,5378,7793,122781,7873,2375,123289,97,19226,397,0,407,0.0010000000000012221
11100000,13639,-2855,123601,-87,-5306,120927,91,19226,397,0,408,0.0009999999999994458
11101000,6598,-1933,127474,20194,-1546,127813,112,19227,373,0,409,0.0009999999999994458
11102000,5240,-3748,125275,-2883,-7724,131719,112,19228,459,0,410,0.0010000000000012221
11103000,-659,7150,129972,-3900,1171,121291,121,19221,496,1,411,0.0009999999999994458
11104000,6595,18059,129121,10454,14968,125596,110,19229,451,1,412,0.0009999999999994458
11105000,6402,-2909,122044,5673,-4429,127055,102,19230,418,1,413,0.0009999999999994458
11106000,10325,2864,129576,4233,-2915,126290,122,19230,500,0,414,0.0010000000000012221
11107000,15363,-7450,124833,1112,-10620,129694,98,19225,500,0,415,0.0009999999999994458
11108000,4416,-685,128573,23934,-5463,124942,103,19227,401,0,416,0.0009999999999994458
11109000,4779,-2917,130315,-7854,-9774,135199,103,19224,422,1,417,0.0010000000000012221
11110000,-2995,6215,129615,-9496,1932,119741,140,19234,573,1,418,0.0009999999999994458
11111000,-1365,22548,134223,10482,11019,128540,112,19229,459,1,419,0.0009999999999994458
11112000,6710,-7022,125404,-1780,-10041,126444,101,19229,414,1,420,0.0010000000000012221
11113001,8428,-9908,129977,12030,-15134,129959,142,19227,414,0,421,0.0010009999999986974
11114000,13735,-8431,126890,16217,-13606,134757,114,19227,582,0,422,0.0009990000000001942
11115000,1116,-3026,128757,-12351,-1483,122683,114,19228,467,0,423,0.0010000000000012221
11116000,3523,19121,137206,-14371,12529,128606,115,19218,471,1,424,0.0009999999999994458
11117000,-9809,4730,129175,7795,832,127159,129,19227,528,1,425,0.0009999999999994458
11118000,-4755,-1315,130491,-11709,-6580,130770,102,19231,418,1,426,0.0010000000000012221
11119001,-219,-11863,129321,-13043,-14618,137367,117,19231,418,0,427,0.0010009999999986974
11120001,347,2113,128199,5069,1847,120368,101,19223,479,0,428,0.0010000000000012221
11121000,642,8108,132186,-4453,4995,127746,101,19233,414,0,429,0.0009989999999984178
11122001,-7267,-3541,129117,-12080,-7794,128573,111,19229,455,0,430,0.0010010000000004737
11123000,-7538,4792,132212,-12529,2498,133601,136,19223,557,1,431,0.0009990000000001942
11124000,-12481,11281,130616,-10561,9007,128153,115,19233,471,1,432,0.0009999999999994458
11125000,-10248,14806,131982,-10459,11766,124045,102,19233,471,1,433,0.0010000000000012221
11126000,-1584,-6087,124850,-6852,-9958,131297,159,19228,418,0,434,0.0009999999999994458
11127000,-6942,-9692,125320,-7034,-12430,134191,159,19229,651,0,435,0.0009999999999994458
11128001,292,3879,126588,-5829,759,122942,106,19228,434,0,436,0.0010010000000004737
11129000,-4724,9307,126703,-4273,5790,120529,106,19225,434,1,437,0.0009990000000001942
11130002,-5518,8515,127990,-13833,4621,128530,133,19229,545,1,438,0.0010019999999997253
11131000,-8632,-417,126376,-10183,-3541,127939,111,19229,545,1,439,0.0009980000000009426
11132000,-693,5239,127652,-1416,2471,122570,112,19226,455,1,440,0.0009999999999994458
11133000,2705,2093,125278,-2858,-949,123317,112,19226,459,0,441,0.0009999999999994458
11134000,1688,-592,124045,-2804,-5250,129271,88,19231,360,0,442,0.0010000000000012221
11135002,814,2746,124840,-2561,-603,123501,105,19230,430,0,443,0.0010019999999997253
11136000,-2860,17543,127685,-4121,14278,118793,127,19219,520,1,444,0.0009979999999991662
11137002,-1115,15376,126431,-2485,11304,127575,116,19219,520,1,445,0.0010019999999997253
11138000,-684,-1180,122632,664,-5168,120830,96,19227,475,1,446,0.0009980000000009426
11139000,5682,-5651,123883,4906,-10218,132977,96,19230,393,0,447,0.0009999999999994458
11140000,7391,1906,124269,3642,-2641,119692,131,19232,537,0,448,0.0009999999999994458
11141001,6292,-1682,125766,7386,-3871,122851,117,19226,479,0,449,0.0010010000000004737
11142000,6865,-3095,127285,4677,-7848,134720,118,19223,483,0,450,0.0009990000000001942
11143000,1409,9906,126527,294,6009,121127,131,19223,483,1,451,0.0009999999999994458
11144000,4312,14101,127705,1409,10933,121699,107,19226,537,1,452,0.0010000000000012221
11145000,8107,1518,125309,9952,-636,123184,107,19232,438,1,453,0.0009999999999994458
11146000,10113,955,128113,8395,-8506,138023,103,19222,422,0,454,0.0009999999999994458
11147000,9451,-4678,124268,4585,-12324,119968,102,19231,418,0,455,0.0010000000000012221
11148000,6637,-4137,131121,8969,-10902,130295,103,19229,422,0,456,0.0009999999999994458
11149000,1441,1677,128282,-2596,-1714,130089,118,19229,483,1,457,0.0009999999999994458
11150000,-236,6626,129015,-5351,2520,124964,112,19223,483,1,458,0.0010000000000012221
11151000,2048,8284,130968,7072,3446,119700,99,19229,459,1,459,0.0009999999999994458
11152000,3984,375,128665,139,2210,127193,99,19232,405,1,460,0.0009999999999994458
11153000,11474,-11043,129357,1875,-11896,133144,135,19227,553,0,461,0.0009999999999994458
11154000,7830,-1316,130174,15253,-9612,128982,102,19229,418,0,462,0.0010000000000012221
11155000,2778,-930,129734,-4715,-8417,131131,105,19229,430,0,463,0.0009999999999994458
11156000,168,12332,133647,-13449,8938,126216,154,19224,430,1,464,0.0009999999999994458
11157001,-6150,-5080,132465,894,-11939,133991,109,19227,631,1,465,0.0010010000000004737
11158003,-1750,8185,131679,4232,1061,121459,109,19233,446,1,466,0.0010019999999997253
11159000,-1082,-8356,128655,-21604,-14767,136344,99,19224,405,0,467,0.0009969999999999146
11160000,2447,-6135,130091,14159,-7159,130400,121,19232,496,0,468,0.0010000000000012221
11161000,205,5120,128959,-6956,1119,123521,110,19232,451,0,469,0.0009999999999994458
11162000,-5101,4227,131330,-26226,1294,131393,121,19226,451,1,470,0.0009999999999994458
11163000,-6810,8043,132267,-7110,4442,128583,111,19221,496,1,471,0.0010000000000012221
11164000,-7669,3660,128386,-4497,-831,131418,111,19229,455,1,472,0.0009999999999994458
11165000,-5786,9485,129338,-9942,8114,123501,101,19228,414,1,473,0.0009999999999994458
11166000,-3863,-1711,126317,-11232,-7870,129194,126,19220,516,0,474,0.0010000000000012221
11167000,-4264,-3874,125649,-3755,-5403,129896,100,19229,410,0,475,0.0009999999999994458
11168000,-3115,1296,127750,-8188,-2120,127344,104,19229,410,0,476,0.0009999999999994458
11169000,-3939,-114,127856,-11705,-515,124912,146,19228,426,1,477,0.0009999999999994458
11170000,-5834,24952,128913,-10053,16158,119445,146,19228,598,1,478,0.0010000000000012221
11171000,-7479,-4533,124122,-6995,-9183,133975,115,19230,471,1,479,0.0009999999999994458
11172000,-1255,9239,127107,-2952,7408,116283,104,19224,426,0,480,0.0009999999999994458
11173000,-768,1725,126378,-1553,-2444,121604,116,19230,475,0,481,0.0010000000000012221
11174000,2958,-2170,124046,4278,-4956,126641,111,19230,475,0,482,0.0009999999999994458
11175000,5045,-2085,126027,-11804,-6451,131733,114,19227,455,0,483,0.0009999999999994458
11176000,267,11155,125865,-888,10654,118729,114,19222,467,1,484,0.0010000000000012221
11177000,-1358,20693,128709,1648,17992,117329,134,19227,549,1,485,0.0009999999999994458
11178000,900,-2169,123103,-2882,-5865,131664,101,19233,414,1,486,0.0009999999999994458
11179000,4662,6654,123800,3730,2364,120790,112,19227,459,0,487,0.0010000000000012221
11180000,8783,-2987,123610,8844,-6633,128593,98,19227,459,0,488,0.0009999999999994458
11181000,6733,-412,122962,11678,-7241,124040,114,19228,401,0,489,0.0009999999999994458
11182000,4667,-6436,125465,-927,-10024,126176,114,19226,467,1,490,0.0009999999999994458
11183000,1956,337,126525,-5813,-3737,131195,141,19226,577,1,491,0.0010000000000012221
11184000,5150,21404,129501,11494,19075,120008,116,19230,475,1,492,0.0009999999999994458
11185002,5656,-1571,124323,6519,-4990,125758,96,19228,393,1,493,0.0010019999999997253
11186000,10467,1994,127844,-836,-1710,122082,143,19228,393,0,494,0.0009980000000009426
11187000,10557,-17980,124304,15471,-21647,136496,105,19231,586,0,495,0.0009999999999994458
11188000,9287,1520,128048,9439,-5327,126937,105,19228,430,0,496,0.0009999999999994458
11189000,5619,14066,132031,-8480,8860,124392,109,19223,446,1,497,0.0010000000000012221
11190000,-1768,6229,129455,1674,859,130619,127,19227,520,1,498,0.0009999999999994458
11191000,1305,-558,128129,5774,-5075,121946,106,19233,434,1,499,0.0009999999999994458
11192000,2855,-7323,128302,-2041,-8009,133557,113,19233,434,0,500,0.0010000000000012221
11193000,11784,-3186,124965,764,-15611,128132,92,19219,463,0,501,0.0009999999999994458
11194000,11544,-4037,132705,22257,-3813,125788,92,19229,377,0,502,0.0009999999999994458
11195000,1388,-14091,128853,-9289,-22104,142079,108,19225,442,0,503,0.0010000000000012221
11196006,-3172,16559,134741,-22158,12345,120409,132,19218,541,1,504,0.001005999999998508
11197000,-6463,10204,134205,4347,8722,130756,113,19230,463,1,505,0.0009940000000003835
11198000,-4495,1939,128587,3195,127,131817,96,19230,393,1,506,0.0009999999999994458
11199000,-62,-15652,127136,-20911,-21315,139501,143,19228,393,0,507,0.0010000000000012221
11200000,-1588,-1262,128780,-2401,-9498,121272,105,19230,586,0,508,0.0009999999999994458
11201000,3855,11197,130156,8887,4854,124116,105,19228,430,0,509,0.0009999999999994458
11202000,-8203,3388,131925,-17951,4392,133963,113,19224,463,1,510,0.0010000000000012221
11203000,-7137,-283,131039,-19878,-3780,132231,139,19229,569,1,511,0.0009999999999994458
11204000,-10296,1065,129971,-5082,-849,130535,111,19229,455,1,512,0.0009999999999994458
11205000,-4607,18665,130443,-9736,13097,116653,105,19233,455,1,513,0.0010000000000012221
11206000,-1346,-3886,124818,-3769,-11623,130289,135,19220,430,0,514,0.0009999999999994458
11207000,-3500,-9234,127254,-4901,-10872,132857,135,19232,553,0,515,0.0009999999999994458
11208000,335,8293,128030,-5377,6599,120058,104,19229,426,0,516,0.0010000000000012221
11209000,-6848,16850,128489,-14301,13816,122010,122,19222,500,1,517,0.0009999999999994458
11210000,-6305,9916,127662,-9228,5129,129356,116,19230,475,1,518,0.0009999999999994458
11211000,-7825,-1685,126027,-3833,-5565,131853,105,19230,475,1,519,0.0010000000000012221
11212000,-1646,6149,125623,-4574,4141,119381,136,19230,430,0,520,0.0009999999999994458
11213000,1639,3195,126037,724,-508,123377,136,19231,557,0,521,0.0009999999999994458
11214000,3025,-2771,124650,1108,-7643,130709,104,19231,426,0,522,0.0009999999999994458
11215000,1820,-1074,125084,-6311,-4573,124782,111,19227,455,0,523,0.0010000000000012221
11216016,-4468,10736,127945,-637,7208,122612,156,19232,639,1,524,0.0010159999999999059
11217000,-3272,18082,126781,-5218,13923,119415,110,19232,639,1,525,0.0009839999999989857
11218000,4752,13314,124560,-3098,8236,120823,102,19232,451,1,526,0.0010000000000012221
11219000,8056,1424,124407,5935,-2331,130766,102,19221,418,0,527,0.0009999999999994458
11220000,8725,-5103,123683,10485,-8619,121613,92,19229,377,0,528,0.0009999999999994458
11221000,6426,-2571,125124,4097,-6066,127253,113,19228,463,0,529,0.0010000000000012221
11222000,5856,3457,127865,5530,780,126328,120,19223,491,1,530,0.0009999999999994458
11223000,2412,11206,128047,-4506,7769,124485,111,19223,491,1,531,0.0009999999999994458
11224000,3520,5293,126917,8649,2917,129072,103,19231,455,1,532,0.0010000000000012221
11225000,5633,1832,126082,7720,-151,120341,103,19229,422,1,533,0.0009999999999994458
11226000,8346,-4475,126928,-4449,-8657,131685,125,19224,512,0,534,0.0009999999999994458
11227000,8389,-5341,125972,16121,-7509,130459,117,19227,479,0,535,0.0010000000000012221
11228000,7819,4685,128318,3086,-1124,127490,112,19228,459,0,536,0.0009999999999994458
11229001,4200,7785,130635,-5432,3788,122273,140,19228,459,1,537,0.0010010000000004737
11230000,2226,15447,127996,11997,11618,122810,119,19231,573,1,538,0.0009989999999984178
11231000,788,-864,129931,-5112,-4949,139560,119,19227,487,1,539,0.0010000000000012221
11232000,4270,-9003,128877,-1675,-12826,125417,107,19224,438,0,540,0.0009999999999994458
11233000,9325,-13216,130670,11069,-16560,133718,137,19232,561,0,541,0.0009999999999994458
11234000,6363,-2464,129948,13462,-4806,125380,102,19232,418,0,542,0.0010000000000012221
11235020,3020,-1305,130188,-23302,-4448,130619,106,19232,434,0,543,0.0010199999999986886
11236000,5100,17031,132651,-8015,10364,128550,125,19224,434,1,544,0.000980000000000203
11237000,-7360,14544,131237,13009,10366,123038,125,19231,512,1,545,0.0010000000000012221
11238000,-3242,-6775,129189,-20228,-7357,132219,104,19241,426,1,546,0.0009999999999994458
11239000,-5049,-13809,129836,-9707,-20032,135046,115,19225,471,0,547,0.0009999999999994458
11240000,844,-1664,130561,9624,-9565,135307,93,19227,381,0,548,0.0010000000000012221
11241000,-1501,11222,130814,-5555,4582,118053,105,19227,430,0,549,0.0009999999999994458
11242000,-9337,4832,129397,-19150,4981,126139,138,19227,430,1,550,0.0009999999999994458
11243000,-6809,1859,128892,-12547,-1343,136176,117,19225,565,1,551,0.0010000000000012221
11244000,-10402,6732,129057,-4170,1940,124107,117,19230,479,1,552,0.0009999999999994458
11245000,-2460,6597,129629,-10775,1061,122555,101,19229,414,1,553,0.0009999999999994458
11246000,-5633,-8466,125011,-8284,-6127,130147,161,19229,659,0,554,0.0009999999999994458
11247000,-2188,-3883,129178,-6538,-11636,132577,102,19229,418,0,555,0.0010000000000012221
11248000,472,6568,126322,-7356,-25,121682,107,19229,418,0,556,0.0009999999999994458
11249001,-6413,16989,130384,-4710,13028,123699,135,19224,438,1,557,0.0010010000000004737
11250000,-6609,12353,127361,-17246,7822,122978,135,19228,553,1,558,0.0009990000000001942
11251000,-6712,-2990,127064,-11809,-9983,133255,112,19232,459,1,559,0.0009999999999994458
11252000,3146,2095,127308,7453,-266,125502,116,19225,475,0,560,0.0009999999999994458
11253000,-3184,1955,124374,-4029,-539,121938,89,19225,365,0,561,0.0010000000000012221
11254001,-182,519,125772,-5292,4760,129992,108,19229,365,0,562,0.0010009999999986974
11255000,100,5248,124935,2551,1625,122558,132,19230,442,1,563,0.0009990000000001942
11256000,-815,9269,124291,-5548,7440,127530,132,19220,541,1,564,0.0010000000000012221
11257000,-213,17408,126042,-3501,14219,113739,116,19229,475,1,565,0.0009999999999994458
11258000,2320,1493,124278,4471,-4695,128133,98,19231,401,1,566,0.0009999999999994458
11259000,12194,-4256,125034,9576,-8760,130055,129,19230,528,0,567,0.0010000000000012221
11260000,8459,-7988,126222,-860,-11850,124440,119,19230,528,0,568,0.0009999999999994458
11261002,7540,683,126046,1833,-3083,126628,118,19226,487,0,569,0.0010019999999997253
11262001,3051,10223,127527,6990,7971,120519,118,19224,483,1,570,0.0009990000000001942
11263000,3465,4546,126541,-10358,3977,131440,132,19227,541,1,571,0.0009990000000001942
11264000,9059,11856,125742,14842,7108,118465,110,19228,451,1,572,0.0009999999999994458
11265000,5325,1788,124744,4023,-2610,124574,104,19222,426,0,573,0.0009999999999994458
11266000,14449,807,129087,4600,-3030,128443,100,19222,426,0,574,0.0010000000000012221
11267000,7224,-12192,127561,18387,-15699,130419,106,19232,410,0,575,0.0009999999999994458
11268000,7010,-6025,129393,-5119,-9756,137361,106,19228,434,0,576,0.0009999999999994458
11269000,2624,16241,130879,-6857,12719,118717,115,19223,471,1,577,0.0010000000000012221
11270000,1282,11062,128974,8401,8452,125518,112,19230,459,1,578,0.0009999999999994458
11271001,4229,578,129159,875,-2912,131575,101,19233,414,1,579,0.0010010000000004737
11272000,4159,-8814,126842,112,-12648,130930,137,19233,414,0,580,0.0009990000000001942
11273000,10406,3763,131081,16344,882,125931,103,19222,561,0,581,0.0009999999999994458
11274000,2500,-5897,128751,7604,-8683,130823,103,19229,422,0,582,0.0009999999999994458
11275000,-986,1604,132055,-26999,-4328,133111,104,19223,426,1,583,0.0010000000000012221
11276000,1999,3349,131928,2045,1476,125380,149,19228,610,1,584,0.0009999999999994458
11277000,-9793,-1042,130008,1639,-3935,132085,110,19230,451,1,585,0.0009999999999994458
11278000,273,1095,131011,-19709,-950,126854,102,19230,451,1,586,0.0009999999999994458
11279000,-1704,-8505,128345,2269,-13295,131981,125,19224,418,0,587,0.0010000000000012221
11280000,4697,4121,131257,3640,2945,123665,125,19233,512,0,588,0.0009999999999994458
11281000,-5766,-3734,130604,-16624,-4717,127577,115,19226,471,0,589,0.0009999999999994458
11282000,-3277,5542,129550,-11608,-629,129417,124,19218,508,1,590,0.0010000000000012221
11283000,-9854,6447,129793,-8230,5054,131673,113,19228,463,1,591,0.0009999999999994458
11284000,-10299,8052,128554,-11188,1910,124021,105,19228,430,1,592,0.0009999999999994458
11285000,-1741,807,129835,-8079,1675,125761,128,19228,430,0,593,0.0010000000000012221
11286000,-5698,-6400,124558,-9029,-11960,133923,98,19221,524,0,594,0.0009999999999994458
11287000,-1243,9536,127642,-3893,-1003,125642,98,19231,401,0,595,0.0009999999999994458
11288000,-2491,-1145,127632,-12846,234,126376,102,19228,418,0,596,0.0010000000000012221
11289000,-4931,4801,128456,-9325,173,126128,141,19228,577,1,597,0.0009999999999994458
11290000,-3385,9166,128916,-7836,10440,127748,116,19228,475,1,598,0.0009999999999994458
11291000,-6620,6573,124915,-6255,47,125145,103,19230,475,1,599,0.0010000000000012221
11292000,475,11263,125769,-4852,8860,125080,116,19227,422,0,600,0.0009999999999994458
11293000,-868,-6075,123747,-4837,-5271,128412,116,19234,475,0,601,0.0009999999999994458
11294000,4470,-1152,124810,8750,-7838,128292,108,19232,442,0,602,0.0009999999999994458
11295002,-1888,2601,125578,-5768,2989,123801,116,19219,475,1,603,0.0010020000000015017
11296001,-3385,16936,126860,-10195,18271,119560,135,19228,553,1,604,0.0009989999999984178
11297001,938,7740,126058,4515,-2260,129333,101,19228,553,1,605,0.0010000000000012221
11298002,3437,-5300,121104,316,-6879,125054,112,19231,414,0,606,0.0010010000000004737
11299002,7824,13128,125935,3388,6885,113509,112,19227,459,0,607,0.0009999999999994458
11300002,10502,-4608,123612,8947,-8215,128143,99,19230,405,0,608,0.0009999999999994458
11301002,7560,-5352,127637,2813,-9536,131816,113,19226,463,0,609,0.0009999999999994458
11302000,3782,2672,127382,-5123,2272,123694,142,19224,582,1,610,0.0009980000000009426
11303001,2222,15737,129385,5420,14534,119651,114,19224,582,1,611,0.0010010000000004737
11304002,7011,6773,127801,10733,-591,130885,97,19231,467,1,612,0.0010009999999986974
11305000,6537,-9872,124025,1292,-11179,129082,97,19227,397,0,613,0.0009980000000009426
11306000,10654,-1213,128351,9819,-4265,127630,142,19233,582,0,614,0.0009999999999994458
11307000,8514,-7544,125500,12842,-9614,129998,105,19228,430,0,615,0.0009999999999994458
11308000,5424,2613,128333,-3751,-233,125328,110,19223,451,1,616,0.0010000000000012221
11309000,2695,8760,131711,-6836,4934,131291,127,19223,451,1,617,0.0009999999999994458
11310017,2789,5174,129515,7991,1581,128793,105,19228,520,1,618,0.0010170000000009338
11311002,1568,10354,129839,1734,6002,122130,105,19225,430,1,619,0.0009850000000000136
11312000,4855,-11042,127155,-5997,-16743,132357,110,19219,451,0,620,0.0009979999999991662
11313000,10887,-11260,129410,21251,-12611,132915,87,19230,356,0,621,0.0009999999999994458
11314000,4674,4356,130405,-682,728,130882,106,19230,434,0,622,0.0010000000000012221
11315000,636,9404,131062,-23996,7212,121649,127,19230,434,1,623,0.0009999999999994458
11316000,-6808,8155,135918,2837,5492,127301,111,19224,520,1,624,0.0009999999999994458
11317000,-4514,-12815,129365,5795,-16710,135873,111,19231,455,1,625,0.0010000000000012221
11318000,-6511,-9348,128513,-14990,-12724,131346,98,19228,401,0,626,0.0009999999999994458
11319000,1458,1856,129857,-13991,-955,125944,145,19232,594,0,627,0.0009999999999994458
11320002,1744,4726,130820,7508,2444,122562,112,19225,459,0,628,0.0010019999999997253
11321000,855,5123,132155,-10376,1665,129872,114,19225,459,0,629,0.0009980000000009426
11322000,-7527,-9018,129817,-17339,-12224,136769,133,19226,467,1,630,0.0009999999999994458
11323000,-11524,15361,131763,-10953,13122,122815,133,19230,545,1,631,0.0009999999999994458
11324000,-5799,13162,128922,-5103,12237,123991,109,19231,446,1,632,0.0010000000000012221
11325000,-3169,-9490,127118,-6767,-12686,135234,106,19222,434,0,633,0.0009999999999994458
11326000,-2673,-3478,125088,-13046,-8706,127134,141,19228,577,0,634,0.0009999999999994458
11327001,-6022,3045,126488,-6813,-117,127221,114,19228,577,0,635,0.0010010000000004737
11328000,1406,12271,129568,-5270,12451,118774,125,19228,467,1,636,0.0009990000000001942
11329000,-7592,5559,127675,-5471,4553,128781,125,19218,512,1,637,0.0009999999999994458
11330000,-6102,1494,125746,-17743,-1749,129401,116,19231,475,1,638,0.0010000000000012221
11331000,-2254,9901,128506,-4070,5777,121921,104,19231,426,1,639,0.0009999999999994458
11332000,254,1844,123854,6634,2468,125498,135,19233,553,0,640,0.0009999999999994458
11333000,1744,-2636,123031,-4446,-5737,124107,102,19233,418,0,641,0.0010000000000012221
11334000,-1174,-2165,126002,-5926,-8849,131292,106,19228,418,0,642,0.0009999999999994458
11335000,147,15804,125539,945,9350,120414,153,19226,434,1,643,0.0009999999999994458
11336000,-2187,15502,126223,-2471,14082,117158,153,19228,627,1,644,0.0010000000000012221
11337000,-452,3376,126315,-6081,2363,132657,111,19230,455,1,645,0.0009999999999994458
11338000,3805,703,122184,10229,-3807,120816,101,19226,414,0,646,0.0009999999999994458
11339000,8962,3825,125254,-2540,-2747,125143,89,19226,365,0,647,0.0009999999999994458
11340000,14988,774,126009,10960,-3128,118633,113,19228,365,0,648,0.0010000000000012221
11341000,2621,-2910,126754,9288,-3577,134936,119,19228,463,0,649,0.0009999999999994458
11342002,6973,-708,127904,-13162,-7913,124473,119,19221,487,1,650,0.0010019999999997253
11343000,781,16353,129108,11734,11402,124604,112,19228,459,1,651,0.0009980000000009426
11344000,6470,10968,125084,12301,-1394,120306,101,19230,414,1,652,0.0009999999999994458
11345001,6570,3039,125952,-4879,-4920,123466,124,19230,508,0,653,0.0010010000000004737
11346000,10944,-10339,130821,4730,-18425,142617,98,19225,508,0,654,0.0009990000000001942
11347000,12238,-3416,124358,25473,153,117687,104,19228,401,0,655,0.0009999999999994458
11348001,-840,6525,132849,-19868,-1107,134610,104,19228,426,1,656,0.0010010000000004737
11349000,3497,6280,128606,3167,7834,122366,141,19230,577,1,657,0.0009990000000001942
11350000,1582,13412,130014,15564,6163,133320,114,19225,467,1,658,0.0009999999999994458
11351001,1673,-996,128934,-9750,-1036,124566,98,19224,401,1,659,0.0010010000000004737
11352000,8493,-5852,127386,5182,-11256,120741,133,19224,401,0,660,0.0009990000000001942
11353001,9103,-5089,130453,23687,-9979,143583,107,19229,545,0,661,0.0010009999999986974
11354000,6761,-3934,129355,-16181,-3803,125733,107,19228,438,0,662,0.0009990000000001942
11355001,-392,13224,135031,-16804,10853,126958,114,19220,467,1,663,0.0010010000000004737
11356000,-7984,10088,132089,12224,7040,124830,130,19228,532,1,664,0.0009990000000001942
11357000,-9910,-1629,127925,-14035,-4757,127021,103,19232,422,1,665,0.0009999999999994458
11358000,923,-14614,131148,-12576,-19388,141604,117,19232,422,0,666,0.0009999999999994458
11359000,-790,-431,126797,4905,-3360,121693,105,19219,479,0,667,0.0010000000000012221
11360000,5293,12729,134513,-2306,10189,125466,105,19222,430,0,668,0.0009999999999994458
11361000,-3756,-4862,130017,-16604,-8704,129342,116,19225,475,0,669,0.0009999999999994458
11362000,-5626,-7152,129423,-13465,-9585,140405,144,19226,590,1,670,0.0010000000000012221
11363000,-9472,15591,129073,-11668,12970,119080,118,19228,483,1,671,0.0009999999999994458
11364000,-7905,13532,129817,-12417,9689,121358,105,19228,483,1,672,0.0009999999999994458
11365000,-493,-6485,126275,642,-9730,132812,160,19228,430,0,673,0.0010000000000012221
11366000,-5081,-14140,124649,-10401,-17418,132867,160,19229,655,0,674,0.0009999999999994458
11367001,-1124,9834,128922,-11462,5898,121781,103,19230,422,0,675,0.0010010000000004737
11368000,-2879,10677,128582,-1381,7163,123509,109,19226,446,1,676,0.0009990000000001942
11369001,-3251,9575,127086,-11635,3786,125224,132,19229,541,1,677,0.0010009999999986974
11370001,-6852,1392,126046,-15978,-855,124495,112,19229,541,1,678,0.0010000000000012221
11371000,-3679,2113,125551,-6428,-1850,124737,115,19230,459,0,679,0.0009989999999984178
11372000,3891,-2509,125800,11317,-3944,128991,115,19220,471,0,680,0.0010000000000012221
11373000,1888,-1586,123888,-778,-6456,124140,89,19229,365,0,681,0.0009999999999994458
11374000,2081,10369,128910,-15235,9813,124318,109,19228,446,0,682,0.0009999999999994458
11375000,53,9142,125768,2457,7175,122462,129,19223,528,1,683,0.0010000000000012221
11376001,468,16200,126422,1121,12654,122527,116,19223,475,1,684,0.0010009999999986974
11377000,-1409,7632,125115,-7662,5247,125430,101,19229,475,1,685,0.0009990000000001942
11378000,5480,1003,123838,6795,-2995,123720,135,19227,414,0,686,0.0010000000000012221
11379000,10330,-6328,123526,11773,-11022,129225,135,19232,553,0,687,0.0009999999999994458
11380001,3606,-5542,123935,900,-12533,123411,110,19227,451,0,688,0.0010010000000004737
11381000,5830,4690,126022,286,-2132,124762,112,19226,459,1,689,0.0009990000000001942
11382000,3713,3735,126898,2702,4841,124312,137,19226,561,1,690,0.0009999999999994458
11383000,2226,6004,125971,-5709,3675,123517,112,19231,561,1,691,0.0009999999999994458
11384003,5541,1095,125007,10117,-3533,124425,106,19226,459,1,692,0.0010030000000007533
11385000,9035,192,125435,7806,-3536,122124,106,19221,434,0,693,0.0009969999999999146
11386000,12062,-4207,128383,7095,-7907,130462,106,19232,434,0,694,0.0009999999999994458
11387000,6421,-1768,127703,11023,-7353,126501,102,19227,418,0,695,0.0009999999999994458
11388000,5772,8192,131614,-4225,796,131835,118,19227,483,1,696,0.0010000000000012221
11389000,-508,7272,129236,83,1614,127714,114,19224,483,1,697,0.0009999999999994458
11390001,-411,696,129452,3858,-3890,129788,105,19227,467,1,698,0.0010010000000004737
11391000,4050,1087,128242,-4030,-4077,126457,105,19228,430,1,699,0.0009990000000001942
11392000,7981,-7390,129610,1724,-17579,130688,137,19227,561,0,700,0.0009999999999994458
11393000,11363,12455,130345,22000,9798,119536,102,19232,418,0,701,0.0009999999999994458
11394000,451,-2647,129521,-7004,-2404,130986,105,19225,430,0,702,0.0010000000000012221
11395000,3332,1180,133822,-7935,1587,131862,150,19225,430,1,703,0.0009999999999994458
11396000,-6194,6164,131955,12346,-791,127963,112,19228,614,1,704,0.0009999999999994458
11397002,-8310,-3426,128817,-17908,-3932,132430,112,19229,459,1,705,0.0010019999999997253
11398001,-2664,-7537,130377,-14760,-9036,129501,101,19224,414,0,706,0.0009990000000001942
11399000,-1646,-3840,126762,12797,-5748,130609,126,19229,516,0,707,0.0009990000000001942
11400000,2436,10020,130127,-2359,4613,121539,115,19226,471,0,708,0.0010000000000012221
11401000,-7898,4846,130387,-24912,1198,125372,124,19226,471,1,709,0.0009999999999994458
11402000,-5121,-441,131035,-8541,-3131,138175,112,19221,508,1,710,0.0009999999999994458
11403000,-6519,1739,129319,-3157,-1137,128036,112,19227,459,1,711,0.0009999999999994458
11404000,-5111,6152,132170,-11901,830,124774,106,19230,434,1,712,0.0010000000000012221
11405000,-3700,7145,125781,-11999,2855,122212,124,19216,508,0,713,0.0009999999999994458
11406000,-4570,-9200,127767,-2584,-13591,133037,94,19231,385,0,714,0.0009999999999994458
11407000,770,3595,128527,208,1139,123237,103,19231,385,0,715,0.0010000000000012221
11408000,-3385,11321,126268,-12071,7367,123279,143,19226,422,1,716,0.0009999999999994458
11409000,-7114,12236,129072,-13872,7745,121917,143,19225,586,1,717,0.0009999999999994458
11410000,-4302,-1257,128328,-7717,-5353,135555,117,19230,479,1,718,0.0010000000000012221
11411000,-479,887,125035,4815,-2106,127507,102,19226,418,0,719,0.0009999999999994458
11412000,-2072,4324,125186,-7312,1709,120466,111,19232,455,0,720,0.0009999999999994458
11413001,1492,7223,124253,-8823,4089,119989,108,19232,455,0,721,0.0010010000000004737
11414000,3672,3067,126276,2336,1485,129070,113,19227,442,0,722,0.0009990000000001942
11415000,1711,-1358,125207,635,-5328,128231,113,19220,463,1,723,0.0009999999999994458
11416000,-3273,3608,127930,-3462,259,123587,140,19229,573,1,724,0.0010000000000012221
11417000,-8,13997,126480,-2355,15244,118424,103,19230,422,1,725,0.0009999999999994458
11418000,9638,877,122109,9639,-1196,126447,111,19227,455,0,726,0.0009999999999994458
11419000,8328,-4486,123291,8940,-9901,127735,100,19227,410,0,727,0.0009999999999994458
11420000,7776,1221,123996,1460,-3404,120634,111,19228,410,0,728,0.0010000000000012221
11421000,3407,6013,128018,4578,1838,124285,136,19227,455,1,729,0.0009999999999994458
11422001,4910,5175,128338,6356,4177,129557,136,19224,557,1,730,0.0010010000000004737
11423000,3382,3379,127045,146,244,126765,113,19229,463,1,731,0.0009990000000001942
11424002,7340,2443,125647,4536,700,124290,95,19228,389,1,732,0.0010019999999997253
11425002,9688,-3476,125562,8282,-3903,119940,152,19228,623,0,733,0.0009999999999994458
11426002,11084,-10444,125930,11506,-11266,133043,106,19232,623,0,734,0.0009999999999994458
11427002,7544,-3831,127869,4740,-8908,130181,109,19231,434,0,735,0.0010000000000012221
11428000,4986,5959,131365,-3700,-684,128339,109,19224,446,1,736,0.0009979999999991662
11429000,357,13758,131824,3853,16198,123752,122,19227,500,1,737,0.0010000000000012221
11430000,563,-796,127113,1480,776,127725,108,19229,442,1,738,0.0009999999999994458
11431000,3630,-5862,128605,-2733,-10035,132815,111,19229,455,0,739,0.0009999999999994458
11432000,12089,-4206,128133,6104,-9720,124990,98,19221,455,0,740,0.0009999999999994458
11433000,10504,-1665,128258,19901,-6827,134204,106,19231,401,0,741,0.0010000000000012221
11434000,4628,1454,130946,-17529,-5121,121745,106,19227,434,0,742,0.0009999999999994458
11435000,-636,9392,133447,-15605,3680,133469,123,19221,504,1,743,0.0009999999999994458
11436000,-7335,2358,129711,13471,-1410,129183,113,19230,463,1,744,0.0010000000000012221
11437000,-5547,-1673,130037,-11107,-8085,131495,94,19232,385,1,745,0.0009999999999994458
11438000,-3799,-8744,127518,-18746,-8128,130796,141,19232,385,0,746,0.0009999999999994458
11439000,1039,10742,129820,7334,1060,121588,107,19231,577,0,747,0.0010000000000012221
11440000,1467,13480,132984,914,9662,134331,107,19227,438,0,748,0.0009999999999994458
11441000,-7477,188,128692,-18817,-919,123378,113,19224,463,1,749,0.0009999999999994458
11442000,-9619,-2125,132447,-4787,-4101,138608,140,19228,573,1,750,0.0010000000000012221
11443001,-9442,12281,129887,-12567,12846,120315,111,19231,455,1,751,0.0010009999999986974
11444000,-4489,5393,129052,-9398,-624,126656,105,19231,455,1,752,0.0009990000000001942
11445000,-2106,-10033,125473,-3012,-7750,135539,135,19224,430,0,753,0.0010000000000012221
11446000,-1750,4463,125598,-6532,4617,115689,135,19234,553,0,754,0.0009999999999994458
11447000,-2265,6268,129383,-9540,1319,130494,105,19234,430,0,755,0.0009999999999994458
11448002,-4544,9094,128302,-5887,5583,122255,121,19215,496,1,756,0.0010019999999997253
11449000,-8118,6353,127700,-10918,1984,131133,113,19228,463,1,757,0.0009980000000009426
11450000,-7907,6953,127421,-8390,5551,124038,103,19228,463,1,758,0.0009999999999994458
11451000,-797,5523,125980,784,1311,118249,130,19232,422,0,759,0.0009999999999994458
11452000,2780,-2964,127069,-3273,-3161,141539,130,19229,532,0,760,0.0010000000000012221
11453000,3976,4142,121702,-2147,1466,115251,111,19228,455,0,761,0.0009999999999994458
11454000,-1336,9543,129424,-2188,7623,131317,115,19224,471,0,762,0.0009999999999994458
11455000,-3406,10215,124547,-4476,6578,117881,158,19228,647,1,763,0.0010000000000012221
11456000,-2562,5077,125808,-3352,940,130750,110,19228,647,1,764,0.0009999999999994458
11457000,2595,8583,125108,5513,6160,121832,97,19232,451,1,765,0.0009999999999994458
11458000,7367,8351,123147,2926,4667,115993,97,19225,397,0,766,0.0010000000000012221
11459000,8075,-9899,124394,9394,-13723,134438,98,19230,401,0,767,0.0009999999999994458
11460000,7198,-3414,125921,5381,-6545,123594,113,19228,463,0,768,0.0009999999999994458
11461000,2937,9031,127698,-2373,4961,130464,121,19220,496,1,769,0.0010000000000012221
11462000,2216,12852,127582,2515,10648,118229,107,19220,438,1,770,0.0009999999999994458
11463000,6319,485,127167,7164,-2693,126800,98,19230,438,1,771,0.0009999999999994458
11464001,9399,1015,124960,3470,-3144,126658,120,19232,401,0,772,0.0010010000000004737
11465000,11300,1588,127321,4461,-644,120899,120,19220,491,0,773,0.0009990000000001942
11466000,11241,-10843,128696,16971,-15400,138789,98,19232,401,0,774,0.0009999999999994458
11467000,4011,-6251,128406,-4057,-10274,127935,104,19229,426,0,775,0.0009999999999994458
11468000,3012,4944,131646,-9445,1170,130863,139,19229,569,1,776,0.0010000000000012221
11469000,-89,22265,130805,9450,21450,116092,114,19230,569,1,777,0.0009999999999994458
11470000,3080,8853,128429,84,6641,128116,101,19226,467,1,778,0.0009999999999994458
11471001,6873,-9918,127165,-3802,-14589,134461,101,19226,414,0,779,0.0010010000000004737
11472001,9784,-3982,131292,13129,-8494,126957,145,19236,594,0,780,0.0009999999999994458
11473000,6767,-5416,128386,11920,-4465,132491,107,19227,438,0,781,0.0009990000000001942
11474000,-257,5235,134068,-15631,-118,126077,112,19227,459,0,782,0.0010000000000012221
11475000,-674,2481,132072,-7730,-1379,134997,131,19223,459,1,783,0.0009999999999994458
11476000,-7328,4662,127932,5566,597,124913,102,19230,537,1,784,0.0009999999999994458
11477000,-5867,368,130615,-21079,2180,123207,102,19232,418,1,785,0.0010000000000012221
11478000,1648,-7921,128233,-3226,-11635,138112,115,19222,471,0,786,0.0009999999999994458
11479000,-959,681,128269,11586,-8409,122172,96,19225,393,0,787,0.0009999999999994458
11480000,-1054,4542,132069,-10457,-126,132977,111,19225,455,0,788,0.0009999999999994458
11481000,-10201,1625,130037,-19860,-670,126045,139,19227,455,1,789,0.0010000000000012221
11482000,-7299,7909,131430,-9583,3063,134770,117,19222,569,1,790,0.0009999999999994458
11483000,-11363,4215,129717,-7331,351,124997,117,19229,479,1,791,0.0009999999999994458
11484000,-2563,10717,128242,-11732,3160,124067,99,19229,405,1,792,0.0010000000000012221
11485001,-7495,-4275,124541,-10728,-6023,132683,156,19228,639,0,793,0.0010009999999986974
11486000,-828,56,127051,-5765,-4250,119168,104,19229,426,0,794,0.0009990000000001942
11487000,-1230,13302,130705,-1546,8682,131266,110,19229,426,0,795,0.0010000000000012221
11488000,-7360,-1037,124016,-9712,3559,118979,133,19223,451,1,796,0.0009999999999994458
11489000,-5520,9618,131079,-14702,4212,128135,133,19231,545,1,797,0.0009999999999994458
11490001,-7676,6323,124095,-475,2587,125683,111,19232,455,1,798,0.0010010000000004737
11491000,2197,4238,125088,1975,1327,119916,112,19222,459,0,799,0.0009990000000001942
11492000,972,-14289,124410,-7533,-15101,136312,90,19231,369,0,800,0.0009999999999994458
11493002,-1895,3484,125337,-3899,2973,118736,112,19231,369,0,801,0.0010019999999997253
11494000,4472,11913,127789,4390,7314,128514,130,19227,459,1,802,0.0009980000000009426
11495000,-2580,8362,126176,-5298,3740,123316,130,19217,532,1,803,0.0009999999999994458
11496000,-837,7485,122969,-6982,8697,123936,113,19231,463,1,804,0.0009999999999994458
11497000,2237,2962,123597,3605,-2105,124080,95,19229,389,1,805,0.0010000000000012221
11498000,11442,-70,123418,12017,-6267,121002,132,19229,541,0,806,0.0009999999999994458
11499000,10180,-483,124606,7433,-3090,127559,117,19229,541,0,807,0.0009999999999994458
11500000,4788,-2532,126134,-6199,-6015,125187,115,19231,479,0,808,0.0010000000000012221
11501000,6573,2056,129374,10104,-1474,131094,115,19226,471,1,809,0.0009999999999994458
11502000,1646,15248,128029,5275,12788,121349,138,19231,565,1,810,0.0009999999999994458
11503000,4467,9068,125643,1169,5905,121445,114,19232,467,1,811,0.0010000000000012221
11504000,8437,-1648,125676,1670,-4799,128750,104,19220,426,0,812,0.0009999999999994458
11505000,11864,-5646,125922,7705,-9861,128775,107,19220,426,0,813,0.0009999999999994458
11506000,13110,-9346,127039,20172,-13880,129035,104,19232,438,0,814,0.0010000000000012221
11507000,2417,-789,131967,-9713,-3661,126036,104,19228,426,0,815,0.0009999999999994458
11508000,3852,1940,129462,-7215,-1717,134104,117,19224,479,1,816,0.0009999999999994458
11509000,402,9416,130878,15839,7320,122578,111,19229,455,1,817,0.0010000000000012221
11510000,2571,-5316,129264,-7358,-9007,129863,102,19223,418,1,818,0.0009999999999994458
11511000,8606,-7905,127319,-1406,-8757,125156,133,19223,545,0,819,0.0009999999999994458
11512000,9971,-3047,130706,24264,-3509,129119,103,19223,545,0,820,0.0009999999999994458
11513000,7949,-8824,126675,694,-14740,135863,104,19228,422,0,821,0.0010000000000012221
11514000,-3720,13594,135230,-22780,7565,118376,104,19226,426,1,822,0.0009999999999994458
11515000,-53,572,130278,1723,-2057,132248,151,19228,618,1,823,0.0009999999999994458
11516000,-8079,-499,129799,4965,-3962,135125,112,19225,459,1,824,0.0010000000000012221
11517000,-1790,-2821,129882,-24475,-6270,127471,102,19225,418,1,825,0.0009999999999994458
11518000,-928,-5286,129627,-1223,-9926,132304,123,19222,418,0,826,0.0009999999999994458
11519000,3053,7687,130511,9536,6600,119894,108,19230,504,0,827,0.0010000000000012221
11520000,-4488,-474,131902,-16434,-617,132728,108,19231,442,0,828,0.0009999999999994458
11521000,-5693,1490,130124,-17298,-1448,130270,116,19221,475,1,829,0.0009999999999994458
11522000,-10627,2979,131893,-1317,-1017,135316,109,19230,446,1,830,0.0010000000000012221
11523000,-8813,7893,129310,-12077,7534,121051,105,19230,430,1,831,0.0009999999999994458
11524000,-927,2045,128457,-9266,7126,121431,126,19230,430,0,832,0.0009999999999994458
11525000,-3047,-9801,124181,-7495,-14262,137402,95,19216,516,0,833,0.0010000000000012221
11526000,1165,8090,128876,-4857,3349,118990,95,19238,389,0,834,0.0009999999999994458
11527000,-3779,8673,127641,-9955,5546,128711,101,19228,414,0,835,0.0009999999999994458
11528000,-4894,4767,127128,-11192,261,123626,138,19227,565,1,836,0.0009999999999994458
11529000,-5466,860,127957,-6342,-2323,132810,118,19232,483,1,837,0.0010000000000012221
11530000,-6140,12825,126350,-5685,8256,116354,101,19232,483,1,838,0.0009999999999994458
11531000,388,6716,123970,-5581,2078,123029,112,19227,414,0,839,0.0009999999999994458
11532000,-425,-7803,123348,301,-12829,130810,112,19232,459,0,840,0.0010000000000012221
11533000,2362,6378,124435,2742,434,116076,109,19227,446,0,841,0.0009999999999994458
11534003,-1876,12049,127104,-14210,10695,128784,113,19219,463,1,842,0.0010030000000007533
11535000,-1265,10219,128429,9676,6830,120467,140,19227,573,1,843,0.0009969999999999146
11536003,-2134,2022,124174,1565,-2380,128728,103,19227,573,1,844,0.001002999999998977
11537000,3368,6270,123493,-8484,4236,121185,114,19229,422,0,845,0.0009969999999999146
11538000,11661,4122,124610,16811,-256,120028,114,19224,467,0,846,0.0010000000000012221
11539000,11912,-3557,124711,12008,-6022,130241,99,19229,405,0,847,0.0009999999999994458
11540000,8564,-2245,127939,-10088,-6355,126005,110,19225,451,0,848,0.0009999999999994458
11541000,2928,-2986,128630,7924,-5701,134228,136,19225,557,1,849,0.0009999999999994458
11542000,909,12172,127936,4446,6953,117443,114,19225,557,1,850,0.0010000000000012221
11543000,2897,17557,128860,-6937,14557,124273,97,19231,467,1,851,0.0009999999999994458
11544000,11203,3076,125786,12513,-978,125694,97,19226,397,0,852,0.0009999999999994458
11545000,11106,-6543,124846,15061,-11923,127396,151,19233,618,0,853,0.0010000000000012221
11546000,8056,-8302,127908,-2727,-10515,134883,103,19228,422,0,854,0.0009999999999994458
11547000,7934,-1458,127610,4998,-3864,125322,106,19222,434,1,855,0.0009999999999994458
11548000,1690,13210,132311,4590,9779,126748,124,19222,434,1,856,0.0010000000000012221
11549000,-436,13574,130720,-8169,9780,125188,108,19226,508,1,857,0.0009999999999994458
11550001,1005,-10410,126969,1302,-14267,130363,108,19230,442,1,858,0.0010010000000004737
11551001,5705,-2927,130189,9645,-5705,128344,111,19218,455,0,859,0.0009999999999994458
11552001,10667,-11750,127609,7147,-14662,130052,104,19228,426,0,860,0.0009999999999994458
11553000,4323,4909,131780,5116,1417,126735,110,19226,451,0,861,0.0009990000000001942
11554000,4121,593,129847,-18427,-3192,129114,127,19226,520,1,862,0.0010000000000012221
11555000,-3295,19082,135025,-7102,17804,123573,113,19224,520,1,863,0.0009999999999994458
11556000,-3718,-1009,131670,5060,-3122,130832,98,19228,463,1,864,0.0009999999999994458
11557000,-6811,-16504,126074,-8394,-21075,133546,98,19229,401,0,865,0.0009999999999994458
11558000,-602,-9576,130560,-18453,-14951,133382,141,19230,577,0,866,0.0010000000000012221
11559000,2757,10129,130786,10515,7660,122589,105,19226,430,0,867,0.0009999999999994458
11560000,-510,5849,130986,-10043,-1146,132981,110,19226,451,0,868,0.0009999999999994458
11561002,-7458,5714,129656,-21454,2375,124362,139,19223,451,1,869,0.0010020000000015017
11562001,-13042,-1721,128010,-9937,-8782,141958,110,19229,569,1,870,0.0009989999999984178
11563000,-5423,25399,130109,820,22748,111649,110,19231,451,1,871,0.0009990000000001942
11564000,-8570,-4997,127201,-11361,-3225,129063,105,19221,430,0,872,0.0010000000000012221
11565001,241,-7822,126982,-13062,-14750,133462,133,19232,545,0,873,0.0010009999999986974
11566000,-4205,-992,126461,2192,-5001,130082,105,19232,430,0,874,0.0009990000000001942
11567000,786,18768,129164,-12563,9218,120489,120,19228,430,1,875,0.0010000000000012221
11568000,-6293,13167,129333,-5584,14322,118610,117,19222,491,1,876,0.0009999999999994458
11569001,-8653,-5001,126294,-17802,-12165,134380,117,19228,479,1,877,0.0010010000000004737
11570000,391,3451,125982,-2906,2055,118107,103,19228,422,1,878,0.0009990000000001942
11571000,-2179,-139,125370,3799,1233,126105,132,19229,541,0,879,0.0009999999999994458
11572000,3511,-1031,122627,-3853,-2758,125192,104,19230,426,0,880,0.0009999999999994458
11573001,-743,-1727,125344,-6793,-6681,131491,113,19230,426,0,881,0.0010010000000004737
11574000,2578,10822,127747,-3110,8289,121871,155,19224,463,1,882,0.0009990000000001942
11575000,-2640,20202,126956,3220,21214,117976,155,19226,635,1,883,0.0009999999999994458
11576002,-1854,7364,126570,-3436,7390,130266,113,19233,463,1,884,0.0010019999999997253
11577000,7810,-3130,122974,-558,-4997,124020,96,19223,393,0,885,0.0009980000000009426
11578000,8653,5187,123935,9570,4868,129121,96,19231,393,0,886,0.0009999999999994458
11579000,13680,-4150,122891,8540,-6343,122405,115,19231,393,0,887,0.0009999999999994458
11580000,1413,-427,126652,7452,-4515,126302,121,19228,471,0,888,0.0010000000000012221
11581000,2329,7451,128293,-5540,6156,130741,121,19220,496,1,889,0.0009999999999994458
11582000,3454,14768,127241,11040,14373,116590,111,19228,455,1,890,0.0009999999999994458
11583000,5382,2496,125984,8545,-3875,130593,102,19230,418,1,891,0.0010000000000012221
11584000,9065,3633,125001,-1429,89,119204,122,19224,500,0,892,0.0009999999999994458
11585000,9706,-10308,126018,13106,-16738,139524,97,19224,500,0,893,0.0009999999999994458
11586000,8183,-10342,129846,16724,-8204,130924,107,19231,397,0,894,0.0010000000000012221
11587000,-685,12113,131492,-13619,10330,124649,107,19226,438,1,895,0.0009999999999994458
11588000,2404,9965,131301,2594,6436,131070,141,19227,577,1,896,0.0009999999999994458
11589003,-1335,12434,130244,8534,7860,122483,113,19230,463,1,897,0.0010030000000007533
11590002,4546,-6339,126933,-5926,-9713,135746,100,19225,410,1,898,0.0009990000000001942
11591002,9724,-2774,128820,9804,-5344,119957,145,19225,410,0,899,0.0009999999999994458
11592000,7457,-4808,131136,10087,-10880,134959,110,19233,594,0,900,0.0009979999999991662
11593000,6898,-4336,131280,-4538,-5735,131482,110,19227,451,0,901,0.0010000000000012221
11594000,-1242,12596,134536,-17999,9557,122970,114,19225,467,1,902,0.0009999999999994458
11595000,-4088,2241,132096,8191,-260,136893,134,19226,549,1,903,0.0009999999999994458
11596000,-9622,5312,129868,-6199,2116,121225,102,19230,418,1,904,0.0010000000000012221
11597000,-128,-13364,127747,-19036,-17557,141214,113,19230,418,0,905,0.0009999999999994458
11598000,-243,355,129351,5702,-4062,125726,94,19220,463,0,906,0.0009999999999994458
11599000,4255,9191,130430,-1131,5123,122021,94,19229,385,0,907,0.0010000000000012221
11600001,-4880,-2984,132062,-14153,-5708,135753,109,19228,446,0,908,0.0010009999999986974
11601000,-6779,4369,130277,-13283,500,127952,139,19223,569,1,909,0.0009990000000001942
11602000,-9277,4323,130141,-10553,1134,133911,118,19231,483,1,910,0.0010000000000012221
11603001,-7327,14113,129872,-10022,11160,116603,100,19231,410,1,911,0.0010009999999986974
11604000,-1027,-10924,127527,-9376,-13553,131213,152,19229,410,0,912,0.0009990000000001942
11605000,-2121,-4974,125808,499,-5865,127285,103,19232,623,0,913,0.0009999999999994458
11606000,-996,-2113,125372,-12121,-5003,128003,103,19230,422,0,914,0.0010000000000012221
11607000,-3229,12080,130051,-7325,5028,125326,111,19226,455,1,915,0.0009999999999994458
11608000,-5094,17505,130829,-9068,18308,113760,132,19229,541,1,916,0.0009999999999994458
11609000,-9449,-867,126196,-9873,-4797,136113,113,19229,463,1,917,0.0010000000000012221
11610000,-1790,4690,124309,-10127,2992,123242,110,19233,463,0,918,0.0009999999999994458
11611000,1841,307,124142,221,-6455,128106,88,19226,451,0,919,0.0009999999999994458
11612000,3870,10843,126231,149,6414,116616,88,19230,360,0,920,0.0010000000000012221
11613000,4685,-8964,125058,-6470,-8570,131948,109,19226,446,0,921,0.0009999999999994458
11614000,-2966,2507,126307,2883,-1663,129131,129,19221,528,1,922,0.0009999999999994458
11615000,-3982,12767,126093,-9356,13935,118744,114,19230,467,1,923,0.0010000000000012221
11616002,302,8127,124361,-2222,3934,126473,97,19230,467,1,924,0.0010019999999997253
11617001,7807,4166,125332,12465,10048,116315,134,19231,397,0,925,0.0009990000000001942
11618000,9963,-13576,121401,-1819,-15330,132735,134,19228,549,0,926,0.0009990000000001942
11619000,7333,4333,129298,8818,-934,122009,116,19227,475,0,927,0.0009999999999994458
11620000,6187,1044,126378,7223,19,127064,117,19225,479,1,928,0.0009999999999994458
11621000,3411,12350,129833,-1786,5945,120108,135,19228,553,1,929,0.0009999999999994458
11622000,5118,2298,126259,-3227,3803,132083,108,19228,553,1,930,0.0010000000000012221
11623001,7391,-1337,123378,12353,-10536,122934,103,19229,442,1,931,0.0010010000000004737
11624000,9851,6116,126821,6569,7831,121754,103,19225,422,0,932,0.0009989999999984178
11625000,8431,-8196,126969,4472,-14773,133539,106,19231,434,0,933,0.0010000000000012221
11626001,8217,-6514,127028,13899,-6684,129935,105,19230,430,0,934,0.0010009999999986974
11627000,3801,4082,130657,-2775,2493,128103,117,19228,479,1,935,0.0009990000000001942
11628000,843,23215,129157,-1910,23138,120708,110,19228,479,1,936,0.0010000000000012221
11629000,-602,4485,128718,1003,-3735,127698,100,19235,451,1,937,0.0009999999999994458
11630000,4198,-11945,128386,671,-17862,136442,100,19230,410,0,938,0.0009999999999994458
11631000,8860,-10140,128391,6680,-8325,129504,134,19225,549,0,939,0.0010000000000012221
11632000,9154,712,129917,16280,414,124718,101,19236,414,0,940,0.0009999999999994458
11633000,2489,1295,130247,-16008,-3503,129705,104,19226,426,0,941,0.0009999999999994458
11634000,-175,8337,131355,-16153,5451,124692,150,19226,426,1,942,0.0010000000000012221
11635000,-4995,1856,132920,6927,4,131468,110,19227,614,1,943,0.0009999999999994458
11636000,-5232,1373,130067,-2355,-3689,125431,110,19230,451,1,944,0.0009999999999994458
11637000,-4859,-11255,128204,-22418,-17432,135512,101,19225,414,0,945,0.0009999999999994458
11638000,2754,3075,130880,5479,220,126244,121,19227,496,0,946,0.0010000000000012221
11639001,1988,8152,130920,4351,4418,124142,109,19226,446,0,947,0.0010009999999986974
11640000,-5573,9994,131018,-28279,8163,124726,117,19226,446,1,948,0.0009990000000001942
11641002,-8690,782,129886,-11378,-2010,131402,109,19220,479,1,949,0.0010020000000015017
11642002,-6246,2305,129615,-3916,-1588,135307,109,19230,446,1,950,0.0009999999999994458
11643001,-4387,13055,130017,-9516,10986,120106,104,19231,426,1,951,0.0009990000000001942
11644000,-3824,-3506,126949,-9608,-6323,126435,126,19216,516,0,952,0.0009990000000001942
11645000,-3673,-5366,126569,-3087,-9484,134229,97,19233,397,0,953,0.0009999999999994458
11646000,-1185,5048,127474,-4860,2446,122231,103,19233,422,0,954,0.0009999999999994458
11647002,-4892,13100,128746,-8547,10051,125376,139,19228,422,1,955,0.0010019999999997253
11648002,-7998,10548,126452,-12162,6828,122011,119,19234,569,1,956,0.0010000000000012221
11649000,-6576,1750,127852,-9362,-1254,131572,119,19230,487,1,957,0.0009979999999991662
11650000,1990,8944,126782,-8,5890,125548,105,19227,430,0,958,0.0010000000000012221
11651000,8,-11564,122976,99,-15500,126965,115,19231,471,0,959,0.0009999999999994458
11652000,770,8312,128050,-9369,4520,123454,106,19231,434,0,960,0.0009999999999994458
11653000,2608,7957,124072,-2417,4816,122098,113,19228,434,0,961,0.0009999999999994458
11654000,-1551,11882,127291,-1643,6152,126747,143,19220,463,1,962,0.0010000000000012221
11655001,-1066,7142,126362,-7835,5051,122286,143,19225,586,1,963,0.0010009999999986974
11656000,-515,4770,123743,8372,1069,127939,106,19234,434,1,964,0.0009990000000001942
11657000,6774,9968,125026,2511,8181,118963,112,19227,459,0,965,0.0010000000000012221
11658001,10191,-2018,123558,10785,-6377,123226,97,19227,397,0,966,0.0010009999999986974
11659001,7891,-1593,125872,15837,-2442,132782,111,19223,397,0,967,0.0010000000000012221
11660000,4821,-962,125671,-10893,-9776,128230,137,19228,455,1,968,0.0009990000000001942
11661000,536,17703,133262,5994,15406,122231,137,19225,561,1,969,0.0009999999999994458
11662000,5017,4709,123840,8545,5100,124376,115,19230,471,1,970,0.0009999999999994458
11663000,6619,-3300,125121,3043,-3953,122706,99,19229,405,1,971,0.0010000000000012221
11664001,9310,-3366,126474,2124,-3318,128741,151,19229,618,0,972,0.0010009999999986974
11665000,14730,-8130,124435,15258,-11790,130926,111,19229,618,0,973,0.0009990000000001942
11666000,3144,4226,133506,9504,639,124771,109,19230,455,0,974,0.0009999999999994458
11667002,6069,-5340,127318,-18095,-9350,129751,109,19225,446,1,975,0.0010020000000015017
11668000,400,24411,133267,8503,11399,121673,122,19229,500,1,976,0.0009979999999991662
11669000,1980,7750,128877,10810,15708,130237,109,19226,446,1,977,0.0009999999999994458
11670001,4182,-10305,127196,-9722,-15712,126975,112,19218,459,0,978,0.0010010000000004737
11671000,9227,-5826,130682,15054,-10070,136097,92,19218,459,0,979,0.0009990000000001942
11672000,9766,-12166,125951,11913,-12690,131526,105,19229,377,0,980,0.0009999999999994458
11673000,3707,16922,134497,-14510,19043,118889,105,19228,430,0,981,0.0010000000000012221
11674000,-241,5883,131825,-7854,-1168,135564,123,19221,504,1,982,0.0009999999999994458
11675000,-9707,670,128867,4879,-2960,129573,113,19230,463,1,983,0.0009999999999994458
11676000,-5266,-9115,130516,-19729,-12627,132527,96,19230,393,1,984,0.0010000000000012221
11677000,-2615,554,128268,4068,255,128908,145,19230,393,0,985,0.0009999999999994458
11678000,3115,8809,129413,-1758,4149,122690,107,19228,594,0,986,0.0009999999999994458
11679000,-2402,-3362,130667,-12134,-7290,136499,107,19230,438,0,987,0.0010000000000012221
11680000,-5749,-1019,130866,-10640,-2504,129564,112,19225,459,1,988,0.0009999999999994458
11681000,-10100,8691,131500,-14295,6917,128703,137,19228,561,1,989,0.0009999999999994458
11682000,-11263,8196,131360,-10952,6071,126609,113,19233,463,1,990,0.0009999999999994458
11683001,-1039,6604,128632,-4721,2099,125005,106,19233,463,1,991,0.0010010000000004737
11684000,-5286,-7853,124982,-9342,-11311,134694,135,19222,434,0,992,0.0009990000000001942
11685000,-262,2552,127833,-5373,1539,119635,135,19233,553,0,993,0.0009999999999994458
11686000,-1488,4774,127956,-11037,279,128873,106,19231,434,0,994,0.0010000000000012221
11687000,-4239,14684,130307,2207,11540,127268,121,19220,496,1,995,0.0009999999999994458
11688000,-8902,10117,126841,-11240,7787,123586,114,19230,467,1,996,0.0009999999999994458
11689000,-9408,1646,126117,-11945,-2982,130910,105,19230,467,1,997,0.0010000000000012221
11690000,-2165,4819,125265,6354,2258,120344,139,19228,430,0,998,0.0009999999999994458
11691000,-652,-2789,124613,-6455,-4611,130543,105,19226,569,0,999,0.0009999999999994458
11692000,4645,5028,126678,2419,1815,122340,105,19227,430,0,1000,0.0010000000000012221
11693003,-3575,2617,125212,-2059,-225,126909,107,19228,438,0,1001,0.001002999999998977
11694002,1269,14759,127079,-9511,11324,124615,154,19232,631,1,1002,0.0009990000000001942
11695001,-2925,9380,125124,1697,5312,121309,111,19232,455,1,1003,0.0009990000000001942
11696000,3558,-1895,122811,1828,-5816,125761,99,19229,455,1,1004,0.0009990000000001942
11697000,8626,1799,124449,486,-1659,120194,104,19225,405,0,1005,0.0009999999999994458
11698000,6515,-11659,123623,3564,-17388,129230,104,19225,426,0,1006,0.0009999999999994458
11699000,9938,-1096,125969,9992,-2727,125310,121,19226,496,0,1007,0.0010000000000012221
11700000,2666,3695,126259,-2472,-1229,126877,125,19220,512,1,1008,0.0009999999999994458
11701000,2520,10367,129399,4722,8290,126700,113,19220,463,1,1009,0.0009999999999994458
11702002,4131,11397,126835,3547,7033,119878,104,19229,463,1,1010,0.0010020000000015017
11703000,7612,1887,125971,7323,-1266,130623,123,19228,426,0,1011,0.0009979999999991662
11704000,13371,4419,125565,4060,-5733,124129,123,19227,504,0,1012,0.0009999999999994458
11705000,10987,-9519,127631,8897,-13765,129552,95,19231,389,0,1013,0.0010000000000012221
11706000,7229,-678,130275,9598,-8916,133841,103,19228,422,0,1014,0.0009999999999994458
11707007,1561,4671,130222,-11053,1570,129082,136,19227,557,1,1015,0.001006999999999536
11708002,-402,12207,132785,3501,8479,125455,114,19227,557,1,1016,0.000994999999999635
11709000,902,-336,127876,8146,879,125031,99,19231,467,1,1017,0.0009980000000009426
11710000,5658,-8455,128482,-10999,-11413,133979,99,19226,405,0,1018,0.0009999999999994458
11711000,14620,-7253,129466,10166,-497,122586,139,19233,569,0,1019,0.0010000000000012221
11712000,3440,-8051,128508,12976,-10810,132387,107,19233,438,0,1020,0.0009999999999994458
11713000,2977,7411,133081,-15673,-2398,124384,113,19220,463,1,1021,0.0009999999999994458
11714000,-1626,3328,133518,-7355,4266,134498,132,19220,463,1,1022,0.0009999999999994458
11715000,-7395,1554,129161,4415,-991,125760,102,19226,541,1,1023,0.0010000000000012221
11716000,-5849,-2123,129495,-20684,-345,131489,102,19232,418,1,1024,0.0009999999999994458
11717000,2847,-4911,127658,-10060,-12746,132146,113,19227,463,0,1025,0.0009999999999994458
11718000,1507,-173,128661,17901,-2097,126575,94,19225,385,0,1026,0.0010000000000012221
11719000,-1746,2638,131015,-12287,1771,126255,112,19227,459,0,1027,0.0009999999999994458
11720000,-7089,4116,133207,-23926,-767,131682,140,19227,459,1,1028,0.0009999999999994458
11721000,-8069,-1603,130077,-4577,-4317,136221,117,19225,573,1,1029,0.0010000000000012221
11722000,-8887,16324,130353,-7091,16319,117834,117,19227,479,1,1030,0.0009999999999994458
11723000,-4252,-537,125961,-18679,-5590,129313,97,19227,397,1,1031,0.0009999999999994458
11724000,-3626,-9463,127861,-3516,-11895,131504,153,19230,627,0,1032,0.0010000000000012221
11725000,504,-1824,127089,-116,2096,124795,113,19229,463,0,1033,0.0009999999999994458
11726000,-2521,5247,128554,-14506,-864,126955,115,19229,463,0,1034,0.0009999999999994458
11727000,-6226,8732,127525,-11051,4840,121020,133,19224,471,1,1035,0.0010000000000012221
11728002,-6802,4281,127679,-11498,-705,130008,133,19224,545,1,1036,0.0010019999999997253
11729000,-1954,6125,125562,2611,3656,124118,112,19232,459,1,1037,0.0009979999999991662
11730000,-1480,7813,124627,-5248,-769,120834,111,19219,455,0,1038,0.0009999999999994458
11731002,-2432,1917,123988,-10176,-2529,124363,86,19239,352,0,1039,0.0010020000000015017
11732000,4629,-2048,126317,7605,145,128052,109,19239,352,0,1040,0.0009979999999991662
11733000,3714,-2307,125852,1147,-2420,130259,129,19231,446,1,1041,0.0009999999999994458
11734000,-3234,23739,126399,-10339,22540,110975,129,19217,528,1,1042,0.0010000000000012221
11735000,-2889,19634,125546,-3046,5330,128649,115,19230,471,1,1043,0.0009999999999994458
11736000,6757,-547,123361,9555,-4887,128832,96,19234,393,0,1044,0.0009999999999994458
11737000,7428,4839,123121,6114,861,121450,129,19233,528,0,1045,0.0010000000000012221
11738000,7608,979,124742,-402,-4297,122570,111,19233,455,0,1046,0.0009999999999994458
11739000,6266,-175,126919,6331,-4391,126463,112,19229,455,0,1047,0.0009999999999994458
11740000,5925,740,125715,7833,-10877,127639,132,19226,459,1,1048,0.0010000000000012221
11741000,2454,6661,128921,-2444,12410,121677,132,19228,541,1,1049,0.0009999999999994458
11742000,3231,17167,126148,2436,8193,122567,110,19231,451,1,1050,0.0009999999999994458
11743000,11337,29,125736,10430,-5578,125824,102,19223,418,0,1051,0.0010000000000012221
11744000,12019,-3638,127307,3435,-11504,132246,104,19223,426,0,1052,0.0009999999999994458
11745000,9849,-12334,127591,10632,-16416,130153,106,19232,426,0,1053,0.0009999999999994458
11746000,5840,4194,131842,-1561,15691,118971,117,19232,434,0,1054,0.0009999999999994458
11747000,4733,10099,129985,-2719,2312,131564,117,19223,479,1,1055,0.0010000000000012221
11748000,1819,209,128634,6421,-5565,130505,111,19227,455,1,1056,0.0009999999999994458
11749000,1606,8642,128014,-3463,-935,122747,103,19229,422,1,1057,0.0009999999999994458
11750000,8161,-1642,126320,-1868,-8319,131145,134,19229,549,0,1058,0.0010000000000012221
11751000,8082,-8126,131189,21846,-4695,124565,102,19230,549,0,1059,0.0009999999999994458
11752001,6414,100,127919,-1858,-11020,136181,106,19230,418,0,1060,0.0010010000000004737
11753000,-3536,-6456,132616,-16780,-1838,126426,106,19222,434,1,1061,0.0009990000000001942
11754000,-2086,14010,133884,-912,7590,123349,149,19226,610,1,1062,0.0009999999999994458
11755000,-5684,1318,130497,854,-2251,135904,113,19232,463,1,1063,0.0009999999999994458
11756002,-4146,-7373,128555,-14785,-8795,127205,99,19225,405,1,1064,0.0010019999999997253
11757000,1799,-6598,130971,-5877,-11545,133118,126,19225,405,0,1065,0.0009980000000009426
11758004,-549,3708,130216,-1306,6063,122341,114,19227,516,0,1066,0.0010040000000000049
11759000,1007,6475,133097,-5364,8620,125230,114,19225,467,0,1067,0.000996000000000663
11760000,-6685,-262,129560,-21378,-8018,138676,123,19218,504,1,1068,0.0009999999999994458
11761000,-6272,3252,132125,-7236,7907,119813,112,19230,459,1,1069,0.0009999999999994458
11762000,-10663,10652,128752,-6998,3229,133897,106,19233,434,1,1070,0.0009999999999994458
11763000,62,1567,127060,-5136,71,120251,124,19233,434,0,1071,0.0010000000000012221
11764000,-6129,758,125884,-5639,-2130,134687,104,19216,508,0,1072,0.0009999999999994458
11765000,-2179,-6007,125280,-11012,-9718,122803,104,19229,426,0,1073,0.0009999999999994458
11766000,-3360,11117,127979,-5041,10433,121292,105,19226,430,1,1074,0.0010000000000012221
11767002,-7049,11651,128785,-12142,5535,129788,140,19226,573,1,1075,0.0010019999999997253
11768000,-3920,6278,124375,-5998,1156,124253,118,19227,483,1,1076,0.0009979999999991662
11769000,-6998,-3424,127323,-3231,3232,138748,105,19227,483,1,1077,0.0010000000000012221
11770001,944,4093,123122,-480,1888,106780,122,19228,430,0,1078,0.0010009999999986974
11771000,-809,11590,127319,4211,-3606,129852,122,19231,500,0,1079,0.0009990000000001942
11772000,1292,-5771,124425,-6247,-7175,133022,108,19226,442,0,1080,0.0010000000000012221
11773001,-1686,2882,126817,-6780,5032,118066,110,19221,451,1,1081,0.0010009999999986974
11774000,-2707,10376,127481,-5320,5331,131790,136,19230,557,1,1082,0.0009990000000001942
11775000,187,20366,127039,1578,9263,112549,101,19230,557,1,1083,0.0010000000000012221
11776000,7736,5667,122979,3863,-4251,134427,111,19233,414,0,1084,0.0009999999999994458
11777000,10692,-11210,123607,3799,-3320,121023,111,19221,455,0,1085,0.0009999999999994458
11778000,9047,4459,126407,4954,-308,122572,106,19225,434,0,1086,0.0009999999999994458
11779000,8377,-2044,127754,9592,-1638,128351,115,19225,471,0,1087,0.0010000000000012221
11780000,2250,4070,126470,-910,2779,121540,137,19226,561,1,1088,0.0009999999999994458
11781002,1297,-366,130356,-5521,-2929,144022,115,19226,471,1,1089,0.0010019999999997253
11782002,5640,6064,123657,13705,8412,110091,99,19230,471,1,1090,0.0010000000000012221
11783000,8455,8975,127467,5907,-2261,128334,99,19232,405,0,1091,0.0009979999999991662
11784000,8674,-473,125359,2221,-10047,129751,149,19232,610,0,1092,0.0009999999999994458
11785000,8526,-11778,127159,11777,-8772,131774,101,19228,414,0,1093,0.0010000000000012221
11786001,4919,-9712,131182,-586,26,130653,104,19223,426,1,1094,0.0010009999999986974
11787000,758,17808,133548,-4520,12709,117222,117,19223,479,1,1095,0.0009990000000001942
11788000,1470,8364,129527,8294,2309,135509,110,19228,479,1,1096,0.0010000000000012221
11789000,2368,-1074,127967,-171,-2988,125819,115,19231,451,1,1097,0.0009999999999994458
11790000,10094,-5077,128586,-965,-11472,132134,115,19222,471,0,1098,0.0009999999999994458
11791000,7250,-7582,130095,19616,-5000,128291,94,19231,385,0,1099,0.0009999999999994458
11792000,5176,-2056,130201,-3247,-11554,126650,103,19229,422,0,1100,0.0010000000000012221
11793001,74,2349,133688,-19843,3717,133848,123,19229,504,1,1101,0.0010010000000004737
11794000,-6321,8833,130902,3899,9926,125063,113,19222,504,1,1102,0.0009989999999984178
11795000,-6522,4318,129987,157,-733,131111,100,19230,463,1,1103,0.0010000000000012221
11796001,-2073,-4417,128732,-19461,-13230,129496,100,19230,410,0,1104,0.0010009999999986974
11797000,-1757,-9521,130134,-132,-5902,133034,145,19224,594,0,1105,0.0009990000000001942
11798000,3536,70,129769,3083,-506,126220,117,19226,479,0,1106,0.0010000000000012221
11799000,-6880,2775,131635,-19669,-4827,126889,113,19226,463,0,1107,0.0009999999999994458
11800000,-7627,669,128528,-15335,-6851,137290,139,19226,463,1,1108,0.0009999999999994458
11801003,-10468,4793,128035,-5207,1447,126036,115,19228,569,1,1109,0.0010030000000007533
11802000,-7437,11250,130682,-11189,8246,126192,115,19231,471,1,1110,0.0009969999999999146
11803000,-5542,11616,126232,-8088,-146,122083,110,19221,451,0,1111,0.0009999999999994458
11804000,-4872,-4834,124663,-11157,-14652,130506,135,19233,553,0,1112,0.0010000000000012221
11805000,1852,1836,129382,-1817,2761,126425,102,19232,418,0,1113,0.0009999999999994458
11806000,-3379,8425,127487,-9923,3233,123434,118,19232,418,1,1114,0.0009999999999994458
11807002,-2926,6944,130488,-5803,5186,127179,117,19219,483,1,1115,0.0010019999999997253
11808000,-6737,9268,127452,-12124,4371,125742,117,19229,479,1,1116,0.0009980000000009426
11809000,737,4410,128142,-6745,2561,126384,107,19231,438,1,1117,0.0009999999999994458
11810000,2179,4705,123960,1852,-2492,126489,135,19232,553,0,1118,0.0009999999999994458
11811002,4061,-8086,124033,-3438,-12791,125753,105,19226,430,0,1119,0.0010020000000015017
11812000,1360,9411,125157,-2283,3755,125626,109,19226,430,0,1120,0.0009979999999991662
11813000,-2030,7956,124421,-159,2936,123691,154,19226,446,1,1121,0.0009999999999994458
11814000,-1904,10065,126009,-7230,8415,124024,154,19225,631,1,1122,0.0010000000000012221
11815000,-2519,11744,125261,-2707,2019,122914,112,19232,459,1,1123,0.0009999999999994458
11816000,7623,-2687,124525,3281,11828,122813,101,19221,414,0,1124,0.0009999999999994458
11817000,9624,6099,122478,-1097,-16057,126708,95,19230,389,0,1125,0.0010000000000012221
11818000,7504,-8544,127235,2555,-9620,128645,117,19230,389,0,1126,0.0009999999999994458
11819000,6642,-1924,127283,8238,1672,126665,122,19228,479,0,1127,0.0009999999999994458
11820000,3381,5599,128965,-1507,10766,123740,122,19220,500,1,1128,0.0010000000000012221
11821000,3768,9617,126483,2340,-161,127044,110,19228,451,1,1129,0.0009999999999994458
11822000,4689,10077,125549,3533,-3163,123438,101,19232,414,1,1130,0.0009999999999994458
11823000,14439,2774,126640,12303,-1388,124335,123,19224,504,0,1131,0.0009999999999994458
11824015,10573,-2681,127333,12689,-6969,127252,98,19224,401,0,1132,0.0010150000000006543
11825002,5273,-9363,128275,1824,-11282,131951,105,19229,401,0,1133,0.0009870000000002932
11826000,4215,264,130956,-8154,-3769,135427,105,19230,430,1,1134,0.0009979999999991662
11827000,1530,1919,130728,11589,1131,125851,139,19228,569,1,1135,0.0010000000000012221
11828000,-573,7590,129162,4876,21660,115270,111,19229,455,1,1136,0.0009999999999994458
11829000,4130,8045,127286,-12707,-13022,137542,98,19225,401,1,1137,0.0009999999999994458
11830000,11003,-18845,126328,20667,-16613,131095,147,19225,602,0,1138,0.0010000000000012221
11831000,8510,-872,128269,9996,3770,128022,115,19231,602,0,1139,0.0009999999999994458
11832006,-1371,5998,131017,-20070,2775,122977,115,19229,471,0,1140,0.0010060000000002844
11833004,2714,5272,135577,-7461,3280,130643,115,19224,471,1,1141,0.0009979999999991662
11834003,-5220,-9091,129749,12464,-14898,140548,133,19231,545,1,1142,0.0009990000000001942
11835001,-7854,-590,132087,-12132,7294,118058,103,19230,422,1,1143,0.0009980000000009426
11836000,-1861,12936,129758,-20254,-2138,130530,115,19230,471,0,1144,0.0009990000000001942
11837000,1195,-8189,127138,12593,-8241,130008,94,19229,471,0,1145,0.0009999999999994458
11838000,4887,1381,131621,-2857,-2365,128725,112,19229,385,0,1146,0.0009999999999994458
11839000,-8778,1759,130126,-21935,-4256,125013,112,19227,459,1,1147,0.0009999999999994458
11840000,-6053,9891,133054,-5820,17591,120907,137,19224,561,1,1148,0.0010000000000012221
11841000,-7199,8411,127802,-10237,-4239,135571,114,19228,467,1,1149,0.0009999999999994458
11842000,-4372,-4515,127947,-9700,-848,124805,99,19228,405,1,1150,0.0009999999999994458
11843000,-3783,8810,126697,-11349,2037,124348,158,19227,405,0,1151,0.0010000000000012221
11844000,-2340,-8599,125987,-1787,-4476,130094,104,19231,647,0,1152,0.0009999999999994458
11845000,-657,4172,128780,-3194,-1053,125141,104,19232,426,0,1153,0.0009999999999994458
11846000,-6276,1343,128153,-19884,-3697,129469,106,19224,434,1,1154,0.0010000000000012221
11847000,-6009,11123,127170,-688,9005,121564,133,19228,545,1,1155,0.0009999999999994458
11848000,-8805,10972,126242,-8303,4502,126950,109,19230,446,1,1156,0.0009999999999994458
11849000,-1398,5531,125854,-13609,8934,122899,111,19230,446,0,1157,0.0010000000000012221
11850000,1761,6090,124333,2495,-1207,127726,96,19222,455,0,1158,0.0009999999999994458
11851000,3798,-2470,126258,-1472,-5601,123663,96,19228,393,0,1159,0.0009999999999994458
11852000,2450,12258,128180,-10422,11493,120110,114,19229,467,0,1160,0.0010000000000012221
11853000,1003,-1129,125554,4166,-2713,131809,131,19220,537,1,1161,0.0009999999999994458
11854000,-2555,8252,127671,-3536,7063,124134,116,19232,475,1,1162,0.0009999999999994458
11855000,3068,12093,125155,-6062,7045,120929,100,19232,475,1,1163,0.0009999999999994458
11856000,6971,10238,122975,12061,3620,123146,131,19226,410,0,1164,0.0010000000000012221
11857000,8184,5196,123168,10104,-5674,127655,131,19231,537,0,1165,0.0009999999999994458
11858002,6608,-13228,124674,266,-10850,127490,110,19228,451,0,1166,0.0010019999999997253
11859000,4001,2618,127371,5411,-100,125766,113,19225,463,1,1167,0.0009980000000009426
11860002,3258,6979,128898,3624,11793,118736,133,19232,545,1,1168,0.0010019999999997253
11861002,3123,14408,127211,-921,-1299,131816,110,19232,545,1,1169,0.0009999999999994458
11862000,6593,-1667,124301,5194,-5118,126554,103,19232,451,1,1170,0.0009980000000009426
11863000,11193,-6270,126254,7208,7500,122809,103,19221,422,0,1171,0.0009999999999994458
11864000,8591,7074,127089,15799,-13347,126683,103,19229,422,0,1172,0.0009999999999994458
11865000,7491,-8229,126835,2153,-13880,134206,104,19231,426,0,1173,0.0010000000000012221
11866000,1412,-339,129702,-5210,3085,127560,117,19220,479,1,1174,0.0009999999999994458
11867000,1219,14695,129541,6189,11146,123127,114,19220,479,1,1175,0.0009999999999994458
11868000,-626,16713,128603,-2432,-631,124638,102,19228,467,1,1176,0.0010000000000012221
11869000,7029,4305,129179,-2755,-13981,129446,102,19228,418,0,1177,0.0009999999999994458
11870000,9820,-16683,127566,8165,-20478,137221,133,19224,545,0,1178,0.0009999999999994458
11871000,13585,-11760,132154,21880,924,122275,100,19229,410,0,1179,0.0009999999999994458
11872000,-16,6072,130890,-24201,916,132114,104,19225,426,0,1180,0.0010000000000012221
11873000,-1528,2083,131682,-14036,10352,120678,152,19225,623,1,1181,0.0009999999999994458
11874000,-6834,14704,131885,10093,2200,133852,111,19228,623,1,1182,0.0009999999999994458
11875000,-2125,-6342,128955,-14866,-8218,134324,99,19230,455,1,1183,0.0010000000000012221
11876002,-5341,-4265,126464,-9919,-16926,127021,99,19224,405,0,1184,0.0010019999999997253
11877000,550,-6506,129188,3618,-3863,129125,121,19231,496,0,1185,0.0009979999999991662
11878000,-1237,5254,129964,-888,3121,127324,109,19228,446,0,1186,0.0010000000000012221
11879000,-7553,3824,132135,-19212,7523,128220,121,19228,496,1,1187,0.0009999999999994458
11880000,-8663,1096,131567,-18353,1188,133456,109,19217,496,1,1188,0.0009999999999994458
11881000,-7046,7324,130816,-5062,7666,123609,102,19228,446,1,1189,0.0010000000000012221
11882000,-3160,10066,130035,-6170,4028,128812,102,19231,418,1,1190,0.0009999999999994458
11883000,200,-6829,124772,-7552,-11886,131896,122,19216,500,0,1191,0.0009999999999994458
11884000,-4364,-7619,127333,-9887,-1606,127886,95,19232,389,0,1192,0.0010000000000012221
11885000,-1242,7555,127900,-4466,3164,122202,105,19232,430,0,1193,0.0009999999999994458
11886000,-5854,10845,128596,-4822,3619,123599,143,19225,430,1,1194,0.0009999999999994458
11887000,-10112,8686,127592,-15322,534,133249,116,19222,586,1,1195,0.0009999999999994458
11888000,-5920,980,126908,-7652,6713,120724,116,19227,475,1,1196,0.0010000000000012221
11889000,539,10235,128292,4510,5147,126760,101,19225,414,0,1197,0.0009999999999994458
11890001,1072,-3147,122943,-974,-8572,128113,114,19232,467,0,1198,0.0010010000000004737
11891000,1184,-7114,125514,-5625,-5106,126070,109,19229,446,0,1199,0.0009990000000001942
11892000,-898,4552,126707,-5653,4642,126865,114,19229,446,0,1200,0.0009999999999994458
11893000,-1147,14901,125620,1291,12340,115834,140,19228,467,1,1201,0.0009999999999994458
11894000,-2631,7754,123814,-4680,-858,129003,140,19228,573,1,1202,0.0010000000000012221
11895000,2000,27,124719,-2216,-3784,128513,102,19232,418,1,1203,0.0009999999999994458
11896000,7616,6889,124255,10794,2928,120946,114,19225,467,0,1204,0.0009999999999994458
11897000,7178,3995,124637,10547,-4020,122473,101,19227,414,0,1205,0.0010000000000012221
11898001,6382,-5308,124124,2420,-10308,123803,112,19227,414,0,1206,0.0010009999999986974
11899000,5905,-1758,126930,2402,-3227,134465,136,19229,459,1,1207,0.0009990000000001942
11900002,1954,8378,129311,-2086,13310,115632,136,19225,557,1,1208,0.0010019999999997253
11901000,3655,16233,128754,6348,4558,128585,113,19230,463,1,1209,0.0009980000000009426
11902000,9033,-4415,125091,5326,-2936,120300,98,19227,401,1,1210,0.0009999999999994458
11903000,11109,-8104,127503,4925,-11406,135674,153,19234,627,0,1211,0.0009999999999994458
11904000,9700,-5637,127494,13090,-10005,120582,106,19234,627,0,1212,0.0010000000000012221
11905000,7131,-2307,128946,2679,-8515,132156,108,19228,434,0,1213,0.0009999999999994458
11906001,2078,-850,130551,-2525,-610,130484,108,19223,442,1,1214,0.0010010000000004737
11907002,-1455,7976,129674,1901,12732,122360,121,19228,496,1,1215,0.0010010000000004737
11908000,1720,15165,129021,2114,-1647,130576,108,19231,442,1,1216,0.0009979999999991662
11909000,3602,-132,127241,380,-12172,125415,111,19220,455,0,1217,0.0009999999999994458
11910000,10835,-14617,131092,2324,-2019,134662,93,19220,455,0,1218,0.0010000000000012221
11911000,7874,3070,126995,-188,-12880,130948,106,19236,381,0,1219,0.0009999999999994458
11912000,3247,-6583,133934,-19666,1077,128475,106,19232,434,0,1220,0.0009999999999994458
11913000,628,11168,133456,3139,3675,131205,125,19221,512,1,1221,0.0010000000000012221
11914000,-7744,4749,129939,309,1305,123691,114,19231,467,1,1222,0.0009999999999994458
11915000,-4963,5598,130767,-19914,-11152,136414,97,19230,397,1,1223,0.0009999999999994458
11916000,-1079,-9989,126762,940,-14943,131838,142,19230,582,0,1224,0.0009999999999994458
11917000,2093,-1938,130675,3689,6470,120931,109,19230,582,0,1225,0.0010000000000012221
11918001,-1009,10126,132989,-14948,930,128643,113,19227,446,0,1226,0.0010010000000004737
11919000,-5760,-1899,128913,-13125,-5265,132689,113,19225,463,1,1227,0.0009989999999984178
11920000,-8320,4788,130972,-8511,2314,133773,140,19227,573,1,1228,0.0010000000000012221
11921000,-10002,7093,129727,-10980,11044,124088,109,19233,446,1,1229,0.0009999999999994458
11922001,-3894,7897,130268,-1257,9473,122294,104,19233,426,1,1230,0.0010010000000004737
11923001,-3033,-1427,125381,-11233,-15009,132485,135,19222,426,0,1231,0.0009999999999994458
11924002,-840,-10317,127874,-7656,-9834,131080,107,19228,553,0,1232,0.0010010000000004737
11925000,-1776,-743,126562,-7676,6059,122002,107,19230,438,0,1233,0.0009979999999991662
11926000,-4189,18171,130093,-9326,16385,122415,120,19219,491,1,1234,0.0010000000000012221
11927000,-7228,8441,124652,-4213,-1125,130057,113,19229,463,1,1235,0.0009999999999994458
11928000,-12107,3620,127402,-16642,-3372,125185,102,19229,418,1,1236,0.0009999999999994458
11929001,482,10174,125022,1727,-1574,122917,136,19230,418,0,1237,0.0010010000000004737
11930000,-278,8238,126011,7955,4325,120596,107,19228,557,0,1238,0.0009990000000001942
11931000,4396,-727,122268,-4338,-14216,134994,107,19227,438,0,1239,0.0009999999999994458
11932000,-1227,-6856,127792,-8183,2248,121690,110,19228,451,0,1240,0.0009999999999994458
11933000,-437,15169,127434,-6650,8974,124496,152,19229,623,1,1241,0.0010000000000012221
11934000,-888,12364,127231,11270,25721,115528,109,19234,446,1,1242,0.0009999999999994458
11935000,2454,9002,122444,-6861,-2601,125585,99,19234,446,1,1243,0.0009999999999994458
11936000,8852,-11348,124253,755,-9753,131620,100,19227,405,0,1244,0.0010000000000012221
11937000,9900,5047,125128,17697,609,115589,100,19228,410,0,1245,0.0009999999999994458
11938000,7499,-2343,124241,4197,-10160,129076,119,19226,487,0,1246,0.0009999999999994458
11939000,3924,2200,127499,-5376,-4017,123972,124,19220,508,1,1247,0.0010000000000012221
11940000,-814,6936,126826,2781,1077,129872,108,19230,442,1,1248,0.0009999999999994458
11941000,3590,10469,126194,8236,10643,121516,101,19230,442,1,1249,0.0009999999999994458
11942002,7121,9891,126587,4916,1995,120617,124,19228,414,0,1250,0.0010019999999997253
11943000,10509,-4630,125571,3881,-9304,130682,124,19225,508,0,1251,0.0009980000000009426
11944000,10838,-7014,125483,11871,-12614,129389,99,19227,405,0,1252,0.0009999999999994458
11945000,9583,-9343,131994,3035,-7219,131533,105,19222,430,0,1253,0.0010000000000012221
11946000,3057,14102,130544,213,14168,120018,135,19229,553,1,1254,0.0009999999999994458
11947000,-644,6507,129591,-1330,-3593,126942,113,19229,553,1,1255,0.0009999999999994458
11948000,2345,2435,127988,3498,-3211,131657,104,19231,463,1,1256,0.0009999999999994458
11949000,5112,979,127355,-299,-5012,127502,104,19225,426,0,1257,0.0010000000000012221
11950000,11210,-6243,131033,6330,-10804,129907,150,19237,614,0,1258,0.0009999999999994458
11951000,5522,-1343,129309,16698,-10061,137319,114,19229,467,0,1259,0.0009999999999994458
11952000,-609,-7602,130949,-19018,-4742,125531,115,19220,471,1,1260,0.0010000000000012221
11953000,-1247,17045,136362,-14707,15958,124593,129,19220,471,1,1261,0.0009999999999994458
11954000,-7675,7776,128444,11327,-3311,131781,102,19231,528,1,1262,0.0009999999999994458
11955000,-3859,-4731,129068,-11261,-11050,136851,102,19233,418,1,1263,0.0010000000000012221
11956000,1134,-11960,127985,-18482,-4272,129288,115,19224,471,0,1264,0.0009999999999994458
11957000,3938,-4272,129782,13756,12025,123854,94,19230,385,0,1265,0.0009999999999994458
11958000,-2177,19216,133433,-13848,4503,124905,106,19228,434,0,1266,0.0010000000000012221
11959000,-8128,845,130514,-18823,-14060,140813,137,19228,434,1,1267,0.0009999999999994458
11960000,-11352,-7741,130797,-5300,3369,131107,116,19224,561,1,1268,0.0009999999999994458
11961000,-9081,12680,131032,-5794,9083,120136,116,19232,475,1,1269,0.0010000000000012221
11962000,-1955,14375,128173,-13743,-639,124750,98,19228,401,0,1270,0.0009999999999994458
11963000,-2151,-2741,126206,-8685,-11536,132317,156,19231,639,0,1271,0.0009999999999994458
11964000,-788,-9978,126908,-73,-4330,128811,101,19233,414,0,1272,0.0009999999999994458
11965000,-878,5211,129352,-11735,14179,115492,106,19233,434,0,1273,0.0010000000000012221
11966000,-7220,13961,128594,-11100,9340,124952,127,19225,434,1,1274,0.0009999999999994458
11967000,-6498,10867,127234,-11311,-4141,129673,111,19230,520,1,1275,0.0009999999999994458
11968002,-3210,-2228,125759,-2201,-382,126618,111,19230,455,1,1276,0.0010020000000015017
11969002,1577,1457,124546,-4884,5716,122275,113,19220,463,0,1277,0.0009999999999994458
11970000,-1044,3601,123415,652,-9054,123492,98,19229,401,0,1278,0.0009979999999991662
11971000,-653,3584,126178,-1653,-4354,131231,113,19229,463,0,1279,0.0010000000000012221
11972000,-2243,3130,124079,-8869,4658,125567,132,19224,463,1,1280,0.0009999999999994458
11973000,-2446,18043,126476,314,13558,116375,118,19220,541,1,1281,0.0009999999999994458
11974000,-2844,13082,125070,2066,4847,127063,118,19231,483,1,1282,0.0010000000000012221
11975000,8834,-3844,123354,-9447,-296,122216,97,19230,397,0,1283,0.0009999999999994458
11976000,11103,3565,128199,15075,811,125935,131,19232,537,0,1284,0.0009999999999994458
11977000,13601,773,123993,11751,-3929,121832,108,19232,442,0,1285,0.0010000000000012221
11978000,6231,-559,125078,-7811,-9621,129493,111,19230,442,0,1286,0.0009999999999994458
11979000,1908,-2396,128900,7459,-2078,130317,136,19226,455,1,1287,0.0009999999999994458
11980000,2876,9194,126848,5635,7075,120778,136,19229,557,1,1288,0.0009999999999994458
11981000,3004,12167,130086,-2213,14460,127171,109,19230,446,1,1289,0.0010000000000012221
11982000,10842,3805,123223,7230,-6631,118051,104,19224,426,0,1290,0.0009999999999994458
11983000,11438,-115,127484,7947,-6748,132091,106,19234,434,0,1291,0.0009999999999994458
11984002,8660,-10527,126642,11413,-7863,132451,102,19234,434,0,1292,0.0010020000000015017
11985002,5980,-3416,128693,-2378,-3989,124165,117,19231,418,1,1293,0.0009999999999994458
11986000,1026,5617,133903,-5116,5696,129537,117,19222,479,1,1294,0.0009979999999991662
11987000,3942,17948,127801,-342,2224,127698,113,19230,463,1,1295,0.0010000000000012221
11988001,1550,-1762,129193,4295,-5428,128892,103,19229,422,1,1296,0.0010009999999986974
11989000,8685,-6798,126372,185,-11293,130696,135,19227,553,0,1297,0.0009990000000001942
11990000,5520,-6227,128780,16798,-8276,130712,101,19227,553,0,1298,0.0010000000000012221
11991001,5379,-4889,130703,6672,-5330,130025,104,19234,414,0,1299,0.0010009999999986974
11992000,914,9256,133157,-24342,6751,124868,104,19228,426,1,1300,0.0009990000000001942
11993000,-3541,4129,132611,844,5556,134853,153,19229,627,1,1301,0.0010000000000012221
11994000,-6207,3376,130273,4798,-700,126864,111,19226,455,1,1302,0.0009999999999994458
11995000,-2558,-8164,130923,-24031,-12077,135546,102,19222,418,0,1303,0.0009999999999994458
11996000,1108,-4214,129931,941,-6859,123453,113,19222,418,0,1304,0.0009999999999994458
11997000,6366,1896,130803,4453,504,129714,109,19231,463,0,1305,0.0010000000000012221
11998000,-6333,4119,130751,-12321,-364,122854,109,19229,446,0,1306,0.0009999999999994458
11999000,-7998,2174,129652,-18963,-2929,135978,120,19225,491,1,1307,0.0009999999999994458
12000000,-8431,1361,130290,-9791,6559,127446,117,19230,479,1,1308,0.0010000000000012221
12001000,-11302,6631,129208,-5500,14348,126367,106,19230,434,1,1309,0.0009999999999994458
12002000,-4579,7028,126214,-13220,-4950,126269,128,19230,434,0,1310,0.0009999999999994458
12003000,-6897,-4208,125841,-8595,-8411,131365,96,19221,524,0,1311,0.0010000000000012221
12004000,-2099,-6321,127188,-6064,993,132930,96,19231,393,0,1312,0.0009999999999994458
12005000,-1305,6545,128680,-3740,8601,115139,102,19224,418,1,1313,0.0009999999999994458
12006000,-7388,12603,129050,-14266,7312,126608,144,19225,590,1,1314,0.0010000000000012221
12007000,-7044,3616,126915,-11378,-2785,131427,120,19231,491,1,1315,0.0009999999999994458
12008000,-2957,2081,127366,-47,2559,121960,107,19231,438,1,1316,0.0009999999999994458
12009001,2377,6331,126366,563,1006,127032,116,19224,438,0,1317,0.0010010000000004737
12010002,-1225,-5020,122761,-6888,2939,122134,114,19230,475,0,1318,0.0010010000000004737
12011002,3197,2045,126024,-9385,-499,126071,114,19227,467,0,1319,0.0009999999999994458
12012000,692,6654,126294,5405,1748,128053,117,19220,479,1,1320,0.0009979999999991662
12013000,-3485,14470,125352,-4617,8639,120522,143,19228,586,1,1321,0.0010000000000012221
12014000,-807,13303,125004,-5464,849,126114,106,19228,434,1,1322,0.0009999999999994458
12015000,4627,3673,124115,8010,-1675,124526,115,19226,434,0,1323,0.0009999999999994458
12016000,9322,1413,125655,13884,-5878,132194,96,19225,471,0,1324,0.0010000000000012221
12017000,9857,-4705,123567,-2234,-8115,118873,96,19231,393,0,1325,0.0009999999999994458
12018002,7156,-362,127911,7838,-868,127740,111,19227,455,0,1326,0.0010019999999997253
12019002,1524,-1798,126708,-601,7879,129389,138,19226,565,1,1327,0.0009999999999994458
12020000,3941,10007,126925,-3293,7838,121622,116,19226,475,1,1328,0.0009980000000009426
12021000,6320,5790,126771,13017,-1990,129575,97,19231,475,1,1329,0.0009999999999994458
12022000,7841,3535,126143,2531,5198,115352,149,19226,397,0,1330,0.0010000000000012221
12023000,14619,1077,129698,10477,-10780,133987,149,19232,610,0,1331,0.0009999999999994458
12024000,7975,-13561,127742,11855,-16330,133735,104,19228,426,0,1332,0.0009999999999994458
12025000,5337,-243,130999,-7855,2360,126373,106,19225,434,1,1333,0.0009999999999994458
12026002,1008,10310,131904,713,9976,125153,121,19227,496,1,1334,0.0010020000000015017
12027002,539,9516,129735,646,1499,126069,110,19227,496,1,1335,0.0009999999999994458
12028001,6765,1164,129728,5445,6859,131192,109,19230,451,1,1336,0.0009990000000001942
12029000,6578,-11599,126647,2530,-12342,125210,109,19216,446,0,1337,0.0009990000000001942
12030000,11335,-1383,131507,15287,-4949,128579,94,19230,385,0,1338,0.0009999999999994458
12031000,661,-5637,128590,3394,-11203,134708,107,19228,438,0,1339,0.0009999999999994458
12032000,-1716,-495,131839,-24192,3061,125697,127,19219,520,1,1340,0.0010000000000012221
12033000,-5127,7529,132763,2214,-2333,133390,114,19219,520,1,1341,0.0009999999999994458
12034000,-11052,12066,128991,4667,2798,124323,94,19225,467,1,1342,0.0009999999999994458
12035000,1376,-2507,129493,-21783,-4834,128624,94,19230,385,0,1343,0.0010000000000012221
12036001,-2266,-12059,128640,-281,-18534,135688,143,19231,586,0,1344,0.0010009999999986974
12037000,4771,7808,130237,7974,7758,118232,107,19227,438,0,1345,0.0009990000000001942
12038000,-6626,4784,131015,-19749,-3640,132872,112,19224,459,0,1346,0.0010000000000012221
12039000,-6590,4501,133341,-15900,2171,128122,138,19224,459,1,1347,0.0009999999999994458
12040000,-7385,10259,128325,-1616,6303,127525,109,19228,565,1,1348,0.0009999999999994458
12041000,-8579,3226,129908,-12493,6474,126585,109,19231,446,1,1349,0.0009999999999994458
12042000,968,4531,126626,-6429,-2830,125273,105,19222,430,0,1350,0.0010000000000012221
12043000,-5344,-3479,126613,-7539,-4398,126510,137,19232,561,0,1351,0.0009999999999994458
12044000,128,6965,128701,-5488,3124,127186,106,19229,434,0,1352,0.0009999999999994458
12045000,-4576,1066,124063,-8304,-8022,128924,119,19229,434,1,1353,0.0010000000000012221
12046001,-5384,9589,127996,-11903,9133,118614,115,19218,487,1,1354,0.0010009999999986974
12047000,-5568,11494,126176,-6231,922,132224,115,19227,471,1,1355,0.0009990000000001942
12048002,-4233,-948,124311,-6010,4727,116177,102,19231,418,0,1356,0.0010020000000015017
12049000,2375,10486,127113,-9573,1426,127439,135,19232,553,0,1357,0.0009979999999991662
12050000,657,-2005,122898,3219,-8335,128556,107,19229,438,0,1358,0.0009999999999994458
12051000,5725,-7563,124833,1309,5926,125855,112,19229,459,0,1359,0.0010000000000012221
12052000,-2641,11723,127794,-4850,6225,125593,153,19228,459,1,1360,0.0009999999999994458
12053000,-2864,13689,126342,-1670,9632,121151,110,19225,627,1,1361,0.0009999999999994458
12054000,2757,7281,124828,2008,-405,131142,110,19229,451,1,1362,0.0010000000000012221
12055000,3602,5685,123601,6769,-3246,115979,98,19224,401,0,1363,0.0009999999999994458
12056001,9885,9273,123383,4316,-2946,122850,95,19229,389,0,1364,0.0010010000000004737
12057000,7580,-5940,125645,7420,-5267,132254,116,19229,475,0,1365,0.0009989999999984178
12058000,7884,-2287,126460,3238,-7836,126722,124,19225,475,1,1366,0.0010000000000012221
12059000,3825,-412,130174,-3545,9141,123728,109,19221,508,1,1367,0.0009999999999994458
12060000,3196,14607,129134,4759,11635,121307,109,19230,446,1,1368,0.0009999999999994458
12061000,9252,4775,124427,12764,-8641,130036,99,19234,405,1,1369,0.0010000000000012221
12062000,8333,-3154,127240,-1561,-158,124993,120,19225,491,0,1370,0.0009999999999994458
12063000,10830,-4949,124295,4931,-5565,130585,107,19225,438,0,1371,0.0009999999999994458
12064000,6106,-1006,127756,19714,-10425,125964,110,19229,438,0,1372,0.0010000000000012221
12065000,3348,2662,130552,-10762,-4592,135660,141,19225,451,1,1373,0.0009999999999994458
12066000,-492,1256,128366,-5022,5511,128941,141,19228,577,1,1374,0.0009999999999994458
12067000,-580,12228,131153,15666,7400,122571,116,19229,475,1,1375,0.0010000000000012221
12068001,3595,7341,127733,-4597,-3772,126042,100,19230,410,1,1376,0.0010009999999986974
12069000,9577,-12634,127016,-371,-19063,132940,142,19231,582,0,1377,0.0009990000000001942
12070000,10966,-11053,131223,22050,-3945,131101,105,19231,582,0,1378,0.0010000000000012221
12071000,5430,-577,130608,-13562,-658,127100,111,19228,430,0,1379,0.0009999999999994458
12072000,-1995,8969,135636,-18155,11340,121357,111,19228,455,1,1380,0.0009999999999994458
12073000,-2928,7066,130774,7276,-8994,135314,130,19228,532,1,1381,0.0009999999999994458
12074000,-8397,-4128,128791,1018,-6788,132042,100,19232,410,1,1382,0.0010000000000012221
12075000,-2712,-4147,129480,-30258,-3056,126157,112,19220,459,0,1383,0.0009999999999994458
12076000,-504,5685,129101,6277,-419,121160,94,19220,459,0,1384,0.0009999999999994458
12077000,3034,-1341,129003,8838,-6971,132841,109,19230,385,0,1385,0.0010000000000012221
12078000,-4941,3454,131559,-25366,4809,128754,109,19228,446,1,1386,0.0009999999999994458
12079001,-10509,4607,128894,-13390,-1765,131521,139,19224,569,1,1387,0.0010010000000004737
12080000,-7202,8358,131575,-7756,8984,124267,117,19230,479,1,1388,0.0009990000000001942
12081000,-5551,11430,127222,-9295,-2501,127004,98,19225,401,1,1389,0.0009999999999994458
12082000,-1104,-3155,125090,-8946,-5602,128923,157,19225,401,0,1390,0.0009999999999994458
12083000,-4147,-1678,124284,-6166,-8567,127604,105,19227,643,0,1391,0.0010000000000012221
12084000,-1993,2504,129731,-5049,4520,126328,105,19231,430,0,1392,0.0009999999999994458
12085000,-2796,11841,128952,-8993,10732,120060,110,19224,451,1,1393,0.0009999999999994458
12086000,-8822,5070,128109,-6152,25,131399,129,19227,528,1,1394,0.0010000000000012221
12087000,-7987,1964,127910,-19233,4116,128321,109,19236,446,1,1395,0.0009999999999994458
12088000,1118,7883,125847,-2944,10531,118259,110,19236,446,0,1396,0.0009999999999994458
12089002,3418,4359,126729,10590,-1248,127492,89,19223,451,0,1397,0.0010019999999997253
12090000,3870,-3776,123667,-9280,-6589,123979,89,19230,365,0,1398,0.0009980000000009426
12091000,-190,-5875,128014,-7976,-201,126113,111,19228,455,0,1399,0.0009999999999994458
12092000,-1860,9743,126279,2766,6157,117867,129,19220,528,1,1400,0.0009999999999994458
12093000,-4358,16567,127555,-8040,8997,124472,113,19228,463,1,1401,0.0010000000000012221
12094001,2702,5144,121553,-995,-6751,131551,97,19228,463,1,1402,0.0010009999999986974
12095000,2661,-2986,122448,12703,909,119901,134,19230,397,0,1403,0.0009990000000001942
12096003,8748,9165,125311,-5037,72,121546,134,19234,549,0,1404,0.0010030000000007533
12097000,7650,2712,125321,17865,-6650,128245,117,19228,479,0,1405,0.0009969999999999146
12098000,4722,-5789,125907,4835,-6461,138497,117,19230,479,1,1406,0.0009999999999994458
12099003,3648,70,129175,5795,6391,116336,134,19228,549,1,1407,0.0010030000000007533
12100000,3553,18982,127113,13984,6058,118703,109,19228,446,1,1408,0.0009969999999999146
12101000,9116,171,128884,-1298,-822,131090,105,19231,446,1,1409,0.0009999999999994458
12102000,8535,2366,128060,2235,-6285,124471,106,19225,430,0,1410,0.0010000000000012221
12103000,13801,-11067,125728,19071,-14852,136148,106,19230,434,0,1411,0.0009999999999994458
12104000,6290,-5588,129604,4216,8265,118144,103,19228,422,0,1412,0.0009999999999994458
12105000,2239,795,129281,-10895,-6104,134984,117,19224,479,1,1413,0.0009999999999994458
12106000,1228,371,130979,8469,12707,122804,112,19224,459,1,1414,0.0010000000000012221
12107000,-1861,20209,129837,5107,2768,128685,101,19229,459,1,1415,0.0009999999999994458
12108000,4251,-3208,125005,-6765,-13586,127965,133,19229,414,0,1416,0.0009999999999994458
12109000,8822,-4795,129945,6265,-5599,126721,133,19224,545,0,1417,0.0010000000000012221
12110000,10102,-12115,129398,19493,-15477,149180,101,19228,414,0,1418,0.0009999999999994458
12111000,1517,-1938,131257,-23123,6205,109689,102,19228,418,0,1419,0.0009999999999994458
12112000,1719,14939,134914,-9597,7662,132948,153,19228,627,1,1420,0.0010000000000012221
12113000,-9464,2055,126778,11290,-3371,129889,115,19229,627,1,1421,0.0009999999999994458
12114000,-4071,917,128149,-22861,-7404,127950,103,19231,471,1,1422,0.0009999999999994458
12115000,-2439,-8504,130127,-6733,-12225,139043,103,19225,422,0,1423,0.0010000000000012221
12116000,867,2929,128976,10854,5987,113659,122,19233,500,0,1424,0.0009999999999994458
12117000,1522,2217,132980,-7786,-4007,137279,107,19228,438,0,1425,0.0009999999999994458
12118000,-7953,-3006,130418,-18170,-3192,129123,120,19219,491,1,1426,0.0010000000000012221
12119000,-7230,2346,129286,-9793,-971,135676,114,19219,491,1,1427,0.0009999999999994458
12120000,-11209,6435,132004,-7269,9268,125389,105,19230,467,1,1428,0.0009999999999994458
12121000,-2671,19542,129286,-14110,8427,118282,105,19229,430,1,1429,0.0009999999999994458
12122000,-4136,-9255,126083,-2327,-14331,142603,127,19216,520,0,1430,0.0010000000000012221
12123028,-4465,4576,128123,-8284,1507,117379,97,19234,397,0,1431,0.0010279999999998068
12124000,2868,2853,129032,-5567,-3693,135087,104,19230,426,0,1432,0.0009719999999990847
12125000,-5268,10892,128135,-1555,13824,116033,144,19230,426,1,1433,0.0010000000000012221
12126001,-6857,11472,126924,-21251,4701,126762,122,19228,590,1,1434,0.0010009999999986974
12127000,-6904,84,126148,-4452,-9589,132177,122,19231,500,1,1435,0.0009990000000001942
12128000,-36,15417,125058,6830,3147,115228,107,19226,438,0,1436,0.0010000000000012221
12129000,-880,-2712,124743,-6076,-3488,132258,115,19230,471,0,1437,0.0009999999999994458
12130000,1524,4068,125129,-5411,2409,116405,105,19227,430,0,1438,0.0009999999999994458
12131000,3228,2849,126670,109,857,131079,117,19227,430,0,1439,0.0010000000000012221
12132000,-3804,6876,125296,-1223,9008,122606,143,19220,479,1,1440,0.0009999999999994458
12133000,-185,14042,126367,-8895,9066,119604,143,19230,586,1,1441,0.0009999999999994458
12134000,3826,7288,124950,10293,5077,129641,107,19230,438,1,1442,0.0009999999999994458
12135000,9183,-4351,123208,3131,-2374,121619,114,19228,467,0,1443,0.0010000000000012221
12136000,9587,-6233,126762,8832,-7995,127255,103,19224,422,0,1444,0.0009999999999994458
12137000,5347,2074,125821,8865,-7383,123574,114,19224,422,0,1445,0.0009999999999994458
12138000,3451,308,125555,-24,-5819,133515,140,19228,467,1,1446,0.0010000000000012221
12139000,-656,7345,127856,289,3206,118736,140,19222,573,1,1447,0.0009999999999994458
12140000,4911,14854,124466,2905,11506,125196,114,19230,467,1,1448,0.0009999999999994458
12141000,8466,3353,126780,11160,-719,124278,103,19228,422,1,1449,0.0010000000000012221
12142000,10604,6320,126306,1211,-8805,127203,150,19232,614,0,1450,0.0009999999999994458
12143000,11520,-9835,127791,9647,-12239,133055,109,19232,446,0,1451,0.0009999999999994458
12144000,3756,-5924,130878,10184,959,127954,107,19228,446,0,1452,0.0010000000000012221
12145000,4950,-6176,128875,-13220,5839,135663,129,19225,438,1,1453,0.0009999999999994458
12146000,100,16472,129332,5399,13066,115454,129,19225,528,1,1454,0.0009999999999994458
12147000,1411,10175,128535,-10058,-5098,135360,108,19229,442,1,1455,0.0010000000000012221
12148004,5232,-10916,127490,9100,-13189,128783,112,19220,459,0,1456,0.0010040000000000049
12149002,7258,-4944,131901,15432,-3012,121989,96,19220,393,0,1457,0.0009979999999991662
12150000,6832,3005,128368,-1693,-7294,137001,105,19231,393,0,1458,0.0009979999999991662
12151000,-688,-4938,133447,-14917,5531,124003,123,19229,430,0,1459,0.0010000000000012221
12152000,4562,2365,132673,-5846,-3559,136090,123,19223,504,1,1460,0.0009999999999994458
12153000,-9576,836,131762,4946,5132,125596,113,19231,463,1,1461,0.0009999999999994458
12154000,-4682,6457,129388,-18166,-3710,125583,100,19227,410,1,1462,0.0010000000000012221
12155000,-488,-6540,128417,-5675,-16226,139332,142,19227,582,0,1463,0.0009999999999994458
12156000,-728,-1513,128863,10382,746,120689,108,19231,582,0,1464,0.0009999999999994458
12157000,-2261,7592,129248,-13606,4308,125450,111,19230,442,0,1465,0.0010000000000012221
12158001,-7833,8600,131381,-20738,-4106,131391,111,19224,455,1,1466,0.0010009999999986974
12159002,-7624,2467,129523,-3065,-10945,141446,137,19228,561,1,1467,0.0010010000000004737
12160000,-8176,470,129506,-8515,6742,122509,112,19230,459,1,1468,0.0009980000000009426
12161000,-4656,20726,130954,-14093,12746,116349,107,19222,438,1,1469,0.0009999999999994458
12162000,-2721,-2029,124183,-5819,-15416,136542,146,19222,438,0,1470,0.0009999999999994458
12163000,-1636,-5827,127576,-554,-9867,129056,116,19230,598,0,1471,0.0010000000000012221
12164000,-309,364,128807,-12325,2035,129297,116,19223,475,0,1472,0.0009999999999994458
12165000,-5359,12833,129351,-9346,11937,115543,125,19220,512,1,1473,0.0009999999999994458
12166000,-4615,15865,128668,-10466,4958,126377,115,19230,471,1,1474,0.0009999999999994458
12167000,-4610,-1528,124166,-3784,-7930,138439,108,19232,442,1,1475,0.0010000000000012221
12168000,-2132,2450,124788,-2511,4331,114832,133,19232,442,0,1476,0.0009999999999994458
12169000,-2576,9623,126102,-10367,11483,120753,101,19230,545,0,1477,0.0009999999999994458
12170000,2073,7436,124063,8458,-7516,126294,101,19230,414,0,1478,0.0010000000000012221
12171001,3273,-8688,125450,895,-15705,136838,107,19226,438,1,1479,0.0010009999999986974
12172000,-3632,8108,126746,-9914,10243,121907,149,19228,610,1,1480,0.0009990000000001942
12173000,-1984,21050,125854,-247,19077,114158,112,19231,459,1,1481,0.0010000000000012221
12174000,7057,11123,123769,1795,3611,127796,97,19231,459,1,1482,0.0009999999999994458
12175000,7832,-5020,123059,7733,-9099,126889,96,19225,397,0,1483,0.0009999999999994458
12176000,10150,-1937,125296,3601,-5282,124246,96,19231,393,0,1484,0.0010000000000012221
12177000,5706,1288,126912,6304,-1163,121410,114,19230,467,0,1485,0.0009999999999994458
12178000,6733,2565,127764,5044,435,128024,123,19219,504,1,1486,0.0009999999999994458
12179020,2476,5209,127834,-2797,4059,128117,108,19231,442,1,1487,0.001020000000000465
12180000,1196,10200,126396,3570,4147,123435,101,19231,442,1,1488,0.000980000000000203
12181000,8010,6895,123773,6213,-651,120762,118,19233,414,0,1489,0.0009999999999994458
12182000,9893,536,126438,8361,-2468,124932,118,19227,483,0,1490,0.0009999999999994458
12183000,11355,-9739,125848,7413,-13841,135563,104,19235,426,0,1491,0.0010000000000012221
12184000,5829,-3217,129954,3215,-3689,121885,110,19232,451,0,1492,0.0009999999999994458
12185000,3857,10762,131456,-1277,7361,130003,143,19230,586,1,1493,0.0009999999999994458
12186001,-196,12283,130750,294,6702,128623,113,19230,463,1,1494,0.0010010000000004737
12187003,2558,2009,127340,2220,-3491,130273,100,19233,463,1,1495,0.0010019999999997253
12188000,8323,-5039,127085,-188,-7874,128388,100,19228,410,0,1496,0.0009969999999999146
12189000,9647,-4898,131124,10619,-2703,128006,141,19238,577,0,1497,0.0010000000000012221
12190000,6759,-1884,128536,9329,-12136,135171,106,19231,434,0,1498,0.0009999999999994458
12191000,794,-4156,132998,-17975,5654,123941,109,19224,446,1,1499,0.0009999999999994458
12192000,-3889,10357,132332,-3793,5589,133972,130,19224,532,1,1500,0.0010000000000012221
12193000,-7233,10402,130605,1620,-1692,123319,101,19228,532,1,1501,0.0009999999999994458
12194000,-4361,-4583,127553,-12080,-16337,136768,113,19233,414,1,1502,0.0009999999999994458
12195000,3028,-15954,129920,-8473,-3237,128734,113,19221,463,0,1503,0.0010000000000012221
12196000,923,7663,131712,3954,9124,119969,102,19228,418,0,1504,0.0009999999999994458
12197000,-2373,4755,131842,-11599,582,132582,114,19227,467,0,1505,0.0009999999999994458
12198000,-7411,-2056,130201,-14054,893,131311,140,19227,573,1,1506,0.0009999999999994458
12199000,-11829,-4581,130330,-10294,8040,127647,115,19224,573,1,1507,0.0010000000000012221
12200001,-7311,11401,129492,-7868,6386,125145,101,19228,471,1,1508,0.0010010000000004737
12201000,-4533,5473,127681,-5964,-4138,129079,101,19229,414,0,1509,0.0009989999999984178
12202000,-2825,-2591,125458,-11087,-5326,126416,155,19227,635,0,1510,0.0010000000000012221
12203000,-3294,-2283,127606,-3394,554,127754,105,19231,430,0,1511,0.0009999999999994458
12204000,-1706,5678,128612,-7886,4367,128243,105,19223,430,0,1512,0.0009999999999994458
12205000,-6741,10766,126626,-8015,1614,119398,131,19223,430,1,1513,0.0010000000000012221
12206000,-8664,8235,129070,-9996,5119,127109,108,19227,537,1,1514,0.0009999999999994458
12207000,-4068,7892,126872,-7946,2808,126834,108,19233,442,1,1515,0.0009999999999994458
12208000,2758,-2776,124386,4567,-1129,125992,111,19223,455,0,1516,0.0010000000000012221
12209001,1119,-7280,123698,-3978,-5162,128434,89,19232,365,0,1517,0.0010009999999986974
12210002,-352,3728,126446,-3761,8177,119626,107,19227,438,0,1518,0.0010010000000004737
12211000,-3246,9786,126620,-548,4851,123977,127,19227,438,1,1519,0.0009980000000009426
12212000,-1777,7711,126054,-5346,4124,126758,113,19218,520,1,1520,0.0009999999999994458
12213000,-1556,8479,126120,-3501,4848,126310,113,19232,463,1,1521,0.0009999999999994458
12214000,5942,6754,123022,6511,-1223,121166,97,19230,397,0,1522,0.0009999999999994458
12215000,8438,5018,123559,2029,-1277,121072,130,19234,532,0,1523,0.0010000000000012221
12216001,11052,-2555,126864,6798,-7011,133547,107,19225,438,0,1524,0.0010010000000004737
12217000,7807,-6524,127094,4807,3289,122707,110,19225,438,0,1525,0.0009989999999984178
12218003,3736,2053,129191,1564,4310,125955,136,19224,451,1,1526,0.0010030000000007533
12219000,1465,7447,128999,1650,4025,124938,136,19229,557,1,1527,0.0009969999999999146
12220002,5444,2849,124244,6825,-2370,127935,110,19231,451,1,1528,0.0010019999999997253
12221002,7128,-3401,127375,6548,-5779,129189,105,19223,430,0,1529,0.0009999999999994458
12222000,9957,14003,127700,2299,3174,119111,107,19231,438,0,1530,0.0009980000000009426
12223000,8526,-8139,126175,13338,-13521,134999,103,19231,438,0,1531,0.0009999999999994458
12224000,5494,-1645,129189,2676,-4681,125173,117,19233,422,1,1532,0.0010000000000012221
12225000,3783,4574,131309,-6058,3402,129315,117,19225,479,1,1533,0.0009999999999994458
12226003,3544,18904,132315,2916,21099,125118,112,19229,459,1,1534,0.001002999999998977
12227000,4635,-766,129792,-1941,-3884,127237,102,19230,418,1,1535,0.000997000000001691
12228000,9827,-5396,128807,5434,-10295,137618,137,19226,561,0,1536,0.0009999999999994458
12229000,4999,-12698,128587,10630,-9383,123384,103,19226,561,0,1537,0.0009999999999994458
12230000,7326,-2074,130215,9538,-6926,135904,106,19228,422,0,1538,0.0009999999999994458
12231000,232,3393,131854,-16212,5233,119835,106,19226,434,1,1539,0.0010000000000012221
12232000,-2687,14856,133647,-8027,10266,131311,150,19228,614,1,1540,0.0009999999999994458
12233000,-8733,11321,129203,6689,2333,128414,110,19232,451,1,1541,0.0009999999999994458
12234002,-2058,-10079,128134,-17103,-17345,138521,100,19223,410,0,1542,0.0010020000000015017
12235000,-2334,-9200,130826,-3015,-1542,130896,122,19223,500,0,1543,0.0009979999999991662
12236000,3871,199,128878,1991,8833,122584,111,19230,500,0,1544,0.0009999999999994458
12237001,-5876,9399,133480,-8660,1928,129085,122,19230,455,0,1545,0.0010010000000004737
12238002,-7286,-4712,129225,-19146,964,130124,122,19222,500,1,1546,0.0010010000000004737
12239002,-9189,4004,128760,-1063,7853,133217,112,19228,459,1,1547,0.0009999999999994458
12240006,-6173,13390,129696,-12900,8079,117714,106,19232,434,1,1548,0.0010040000000000049
12241001,-4322,8312,126226,-13726,-6083,131414,124,19232,508,0,1549,0.000994999999999635
12242000,-5514,-9670,125461,-3224,-13176,134664,98,19217,508,0,1550,0.0009990000000001942
12243000,-2849,-129,129497,-3905,3841,119417,104,19231,401,0,1551,0.0010000000000012221
12244000,-2254,9148,126984,-7766,-900,132297,104,19233,426,1,1552,0.0009999999999994458
12245000,-5589,5456,128378,-9995,14943,117402,143,19226,586,1,1553,0.0009999999999994458
12246000,-5922,18517,127865,-13003,1676,129249,117,19230,479,1,1554,0.0009999999999994458
12247000,-1799,3336,125172,1775,1809,124494,103,19230,422,1,1555,0.0010000000000012221
12248000,190,-2845,124049,3626,-5604,130087,122,19220,422,0,1556,0.0009999999999994458
12249000,-351,-7734,123995,-12490,-5696,123688,118,19228,500,0,1557,0.0009999999999994458
12250000,-560,8569,128280,-3837,11303,120806,118,19227,483,0,1558,0.0010000000000012221
12251000,584,4190,124064,10311,2717,130581,116,19224,475,1,1559,0.0009999999999994458
12252000,-384,14143,126006,-9790,7820,117854,141,19229,577,1,1560,0.0009999999999994458
12253002,-2066,11371,123659,-9866,-5595,131280,105,19236,430,1,1561,0.0010019999999997253
12254000,7534,5443,123982,16451,728,120947,117,19236,430,0,1562,0.0009980000000009426
12255000,8831,4799,124657,6235,-6183,125818,110,19225,479,0,1563,0.0009999999999994458
12256001,6403,-8101,126552,-2780,-7303,127611,110,19225,451,0,1564,0.0010010000000004737
12257001,6432,-3622,127473,5995,-4882,128413,114,19228,467,0,1565,0.0009999999999994458
12258000,4246,-2172,128088,7543,1481,128057,135,19227,553,1,1566,0.0009990000000001942
12259000,4171,18248,127001,-6616,14775,116741,115,19232,471,1,1567,0.0009999999999994458
12260000,5589,12576,124744,13539,2273,126531,99,19232,471,1,1568,0.0010000000000012221
12261000,10316,-2508,125354,3204,-4889,127150,150,19230,405,0,1569,0.0009999999999994458
12262000,9956,-8566,127667,8738,-14070,130575,150,19237,614,0,1570,0.0009999999999994458
12263000,6751,-12480,129600,17051,-3298,129821,102,19228,418,0,1571,0.0010000000000012221
12264000,4020,2935,129626,-9514,-7023,128420,102,19223,418,1,1572,0.0009999999999994458
12265002,-336,3451,131824,933,-1012,131342,119,19229,487,1,1573,0.0010019999999997253
12266002,1193,10194,127744,6736,7611,123321,110,19229,487,1,1574,0.0010000000000012221
12267000,3501,5621,126728,-6523,-6591,128911,113,19233,451,1,1575,0.0009979999999991662
12268000,9847,-694,129845,6816,-6133,126883,113,19218,463,0,1576,0.0009999999999994458
12269000,11205,-3973,129735,16231,-7212,130844,92,19232,377,0,1577,0.0010000000000012221
12270000,609,-5511,130506,-3231,-10689,131442,101,19230,414,0,1578,0.0009999999999994458
12271001,1606,4123,132945,-17963,764,122282,120,19220,491,1,1579,0.0010010000000004737
12272001,-5001,4042,130812,7887,587,137243,112,19220,491,1,1580,0.0009999999999994458
12273000,-6866,2998,130963,-3667,1717,123430,99,19232,459,1,1581,0.0009990000000001942
12274000,-3437,-1206,131577,-23214,-7534,131266,99,19226,405,0,1582,0.0009999999999994458
12275000,1785,-10552,128941,4007,-2934,128211,144,19229,590,0,1583,0.0009999999999994458
12276000,616,6462,129636,6998,3293,123378,104,19229,426,0,1584,0.0010000000000012221
12277000,-4152,-4860,130778,-21465,-6313,124065,110,19224,451,0,1585,0.0009999999999994458
12278000,-7399,10697,132661,-12881,9390,129417,138,19224,451,1,1586,0.0009999999999994458
12279000,-9381,-72,128016,-3670,-3541,132798,111,19230,565,1,1587,0.0010000000000012221
12280000,-5539,12967,130346,-12482,13633,121152,111,19232,455,1,1588,0.0009999999999994458
12281000,-5341,7308,123246,-13228,-2994,136783,104,19223,426,0,1589,0.0009999999999994458
12282000,-3564,-5740,125691,-7603,1658,121869,133,19229,545,0,1590,0.0010000000000012221
12283000,-679,7191,128885,-1740,1337,128743,105,19229,430,0,1591,0.0009999999999994458
12284000,-5108,710,126450,-12211,-1309,126764,119,19229,487,1,1592,0.0009999999999994458
12285000,-7071,8262,128284,-8984,6095,124307,117,19221,487,1,1593,0.0010000000000012221
12286000,-5104,8228,127846,-5249,-648,133524,104,19227,479,1,1594,0.0009999999999994458
12287000,-3738,14496,124344,-158,7717,113350,104,19225,426,0,1595,0.0009999999999994458
12288000,421,5991,123781,-10395,-9051,130892,133,19230,545,0,1596,0.0010000000000012221
12289000,3710,421,125450,5395,-8350,122393,110,19229,451,0,1597,0.0009999999999994458
12290000,4002,-2811,126318,226,-3015,129022,115,19229,471,0,1598,0.0009999999999994458
12291003,679,4640,128523,-9567,12225,120819,157,19225,471,1,1599,0.0010030000000007533
12292000,-1856,15820,126627,1764,10107,121191,110,19227,643,1,1600,0.0009969999999999146
12293000,3167,4176,123390,1623,-3317,132922,110,19231,451,1,1601,0.0009999999999994458
12294000,4907,3150,123645,6270,14,120455,99,19225,405,0,1602,0.0009999999999994458
12295000,5846,5443,123782,5776,-434,122705,97,19231,397,0,1603,0.0010000000000012221
12296000,7729,3230,125206,8966,-6085,125682,112,19227,459,0,1604,0.0009999999999994458
12297000,4036,-4735,124752,4335,-14420,133118,120,19227,459,1,1605,0.0009999999999994458
12298000,4786,3694,126903,-6282,1939,122112,110,19221,491,1,1606,0.0010000000000012221
12299000,2547,20050,128902,11309,13776,117262,110,19230,451,1,1607,0.0009999999999994458
12300000,10386,9814,124263,8341,-4637,131126,98,19232,401,1,1608,0.0009999999999994458
12301000,8007,-7641,128177,-3986,-5743,126983,124,19222,508,0,1609,0.0010000000000012221
12302000,11179,-4057,126664,12341,-12867,130407,97,19232,397,0,1610,0.0009999999999994458
12303000,7753,-12103,130363,13187,-311,127231,104,19232,397,0,1611,0.0009999999999994458
12304000,4615,5688,129610,-6705,7603,127054,139,19229,426,1,1612,0.0010000000000012221
12305000,1512,6896,129553,1236,2501,129958,139,19229,569,1,1613,0.0009999999999994458
12306000,-82,7930,127925,8930,-1768,126187,111,19230,455,1,1614,0.0009999999999994458
12307000,3029,3713,129391,-4711,-1815,125384,101,19227,414,0,1615,0.0009999999999994458
12308000,6617,-9114,126196,-2471,-18690,133313,141,19232,577,0,1616,0.0010000000000012221
12309004,8948,-6606,130010,24203,-5531,128183,106,19232,577,0,1617,0.0010040000000000049
12310002,4126,-2095,131007,-20219,2067,134585,112,19233,434,0,1618,0.0009979999999991662
12311001,821,8385,132378,-12077,10667,113547,112,19225,459,1,1619,0.0009990000000001942
12312000,-4089,12286,132513,13075,-482,135132,133,19223,545,1,1620,0.0009990000000001942
12313000,-5313,-7957,128513,-7647,-9777,135407,105,19236,430,1,1621,0.0009999999999994458
12314000,-4576,-6077,128160,-19333,-13902,126645,113,19221,463,0,1622,0.0010000000000012221
12315000,-202,-2369,132043,288,-1632,128299,90,19221,463,0,1623,0.0009999999999994458
12316000,-75,7708,128159,2990,3166,124783,109,19230,369,0,1624,0.0009999999999994458
12317000,-7154,3093,131985,-20113,2835,129280,109,19228,446,1,1625,0.0010000000000012221
12318000,-5568,-1454,130100,-14864,-5363,135525,143,19223,586,1,1626,0.0009999999999994458
12319000,-6918,7884,131785,-1852,13053,121892,117,19228,479,1,1627,0.0009999999999994458
12320000,-5095,13282,129246,-12285,6043,127923,99,19227,405,1,1628,0.0010000000000012221
12321000,-1730,-6885,125880,-8464,-9058,129688,153,19227,405,0,1629,0.0009999999999994458
12322000,-5974,-8365,128821,-7251,-7667,141356,102,19231,627,0,1630,0.0009999999999994458
12323000,-764,-447,127896,-5750,1156,116904,102,19228,418,0,1631,0.0009999999999994458
12324000,-4074,17990,129927,-4369,15031,127440,110,19229,451,1,1632,0.0010000000000012221
12325000,-7826,1988,124447,-11761,-5214,129563,129,19225,528,1,1633,0.0009999999999994458
12326000,-5159,2777,125616,-7836,-1617,127700,113,19230,463,1,1634,0.0009999999999994458
12327007,-158,11078,127452,-800,4803,122980,110,19230,451,0,1635,0.0010070000000013124
12328002,-439,10249,123435,2571,-5081,124353,98,19223,451,0,1636,0.000994999999999635
12329015,901,-3761,124792,-8357,-12024,136840,115,19229,401,0,1637,0.0010130000000003747
12330000,1743,-3926,126186,-7715,4948,119968,115,19231,471,0,1638,0.0009850000000000136
12331000,-811,16471,126810,4804,13700,120131,136,19218,557,1,1639,0.0009999999999994458
12332000,-1903,14028,127305,-6925,8455,121570,116,19227,475,1,1640,0.0009999999999994458
12333000,4383,8081,122964,9169,-6857,133883,96,19227,393,1,1641,0.0010000000000012221
12334003,7413,-9011,122786,3065,298,120972,130,19228,393,0,1642,0.001002999999998977
12335000,8580,3267,124853,-1035,6379,117122,110,19232,532,0,1643,0.0009969999999999146
12336000,8249,1865,128416,15481,-7577,133504,110,19231,451,0,1644,0.0010000000000012221
12337001,4003,-4044,125722,-491,-5744,122827,114,19222,467,1,1645,0.0010009999999986974
12338000,2643,32,130044,-3506,5352,132100,136,19225,557,1,1646,0.0009990000000001942
12339000,2836,6042,126741,9172,13904,117205,110,19229,451,1,1647,0.0009999999999994458
12340003,9730,14254,125245,8738,-2060,125263,102,19229,451,1,1648,0.0010030000000007533
12341000,9214,372,128164,-649,-4118,129912,106,19222,418,0,1649,0.0009969999999999146
12342000,11678,-9244,124679,12219,-14745,131587,106,19232,434,0,1650,0.0009999999999994458
12343000,6006,-13257,131347,7464,3725,125965,105,19226,430,0,1651,0.0010000000000012221
12344002,1125,5486,130850,-10008,2895,128949,118,19223,483,1,1652,0.0010019999999997253
12345000,-1134,4058,131360,9832,4966,129674,113,19228,463,1,1653,0.0009979999999991662
12346000,1978,14834,127810,1415,1913,123187,102,19228,463,1,1654,0.0010000000000012221
12347000,2762,-750,125749,-11534,-14973,132035,135,19228,418,0,1655,0.0009999999999994458
12348000,9722,-6096,129348,18598,-4106,126817,135,19228,553,0,1656,0.0009999999999994458
12349000,5951,-6498,126459,12291,-16466,137678,112,19231,459,0,1657,0.0010000000000012221
12350000,2614,-9131,133654,-23025,2617,125403,109,19225,446,0,1658,0.0009999999999994458
12351024,-53,12162,134611,-6961,13641,127193,152,19229,623,1,1659,0.0010239999999992477
12352000,-7519,2793,128600,10010,-337,132625,114,19229,623,1,1660,0.0009760000000014202
12353007,-7279,-1124,130796,-19548,-6537,130025,104,19227,467,1,1661,0.001006999999999536
12354000,-2000,-10431,127649,-6549,-15454,137549,104,19225,426,0,1662,0.0009929999999993555
12355000,1753,28,130897,8598,5709,117821,120,19233,491,0,1663,0.0009999999999994458
12356000,-630,11837,133034,-6221,1540,130335,107,19230,438,0,1664,0.0010000000000012221
12357000,-5631,-8369,130701,-9475,1569,132231,118,19222,483,1,1665,0.0009999999999994458
12358000,-9618,235,128979,-16499,-3783,128325,112,19222,483,1,1666,0.0009999999999994458
12359000,-10326,8149,132741,-12441,6733,127622,106,19227,459,1,1667,0.0010000000000012221
12360000,-3519,16588,126996,-5200,4367,121920,106,19231,434,1,1668,0.0009999999999994458
12361000,-7024,-1148,123765,-7366,-13487,131842,127,19216,520,0,1669,0.0009999999999994458
12362000,-2437,-6932,127810,-8810,-4664,127663,96,19231,393,0,1670,0.0010000000000012221
12363000,-1596,3286,129140,-9758,8283,124165,101,19232,414,0,1671,0.0009999999999994458
12364000,-1038,8037,129021,266,5932,125050,140,19232,414,1,1672,0.0009999999999994458
12365000,-9816,10741,127533,-12984,5550,123301,119,19228,573,1,1673,0.0010000000000012221
12366003,-6142,2072,125724,-17146,328,129823,119,19231,487,1,1674,0.001002999999998977
12367000,-585,5525,125769,8667,2848,122860,103,19224,422,0,1675,0.0009969999999999146
12368000,-269,-3297,125120,-3935,-8720,128461,114,19232,467,0,1676,0.0010000000000012221
12369000,1036,-1547,125916,-1799,1350,121161,109,19230,446,0,1677,0.0009999999999994458
12370001,-2258,8356,125019,-4830,1158,123333,115,19230,471,0,1678,0.0010010000000004737
12371000,908,6340,126489,-1594,5745,123174,132,19224,471,1,1679,0.0009989999999984178
12372000,-3796,18078,125311,-343,13117,121932,103,19228,541,1,1680,0.0010000000000012221
12373001,2862,6346,123531,-2870,3258,123038,103,19232,422,1,1681,0.0010009999999986974
12374000,10746,3019,126449,7040,-2524,129086,113,19229,463,0,1682,0.0009990000000001942
12375000,8702,-5979,124122,8369,-12133,125961,97,19228,397,0,1683,0.0010000000000012221
12376000,8781,-1336,128034,4866,5804,121824,109,19228,446,0,1684,0.0009999999999994458
12377000,2528,7381,126937,1124,-1010,127433,137,19225,446,1,1685,0.0009999999999994458
12378000,3255,2286,126810,2267,9324,126987,112,19229,561,1,1686,0.0010000000000012221
12379000,3471,7619,124880,6454,2149,127681,112,19228,459,1,1687,0.0009999999999994458
12380000,8161,6039,126665,4239,-3249,123020,98,19225,401,0,1688,0.0009999999999994458
12381000,11676,14134,127893,10240,-2182,123026,151,19232,618,0,1689,0.0010000000000012221
12382000,8611,-8749,124900,11902,-26615,138966,103,19232,422,0,1690,0.0009999999999994458
12383000,5839,-15488,130214,-1563,-3236,128437,107,19228,422,0,1691,0.0009999999999994458
12384000,2739,7785,130699,-3817,7082,128923,122,19227,438,1,1692,0.0009999999999994458
12385000,1878,12311,130859,6402,13960,118326,122,19228,500,1,1693,0.0010000000000012221
12386002,2755,14330,130159,-1922,649,131065,107,19232,438,1,1694,0.0010019999999997253
12387015,6670,-14912,124710,923,-20144,139397,113,19219,463,0,1695,0.0010130000000003747
12388001,7566,-15539,129298,19720,1762,120241,92,19230,377,0,1696,0.0009859999999992652
12389000,2874,9638,128878,169,-5430,132849,104,19230,377,0,1697,0.0009990000000001942
12390000,-421,2650,132834,-18360,2037,122290,125,19229,426,1,1698,0.0009999999999994458
12391004,-268,7068,133109,-228,-6479,139730,125,19225,512,1,1699,0.0010040000000000049
12392002,-7297,-7238,128746,3620,-5787,128791,113,19231,463,1,1700,0.0009980000000009426
12393000,-4151,14208,131253,-20623,-1131,120008,98,19229,401,1,1701,0.0009979999999991662
12394000,862,-1007,129482,-2222,-16139,142553,144,19230,590,0,1702,0.0010000000000012221
12395000,1400,-4968,128618,7844,868,121346,108,19230,590,0,1703,0.0009999999999994458
12396000,-2140,5387,132352,-16103,2408,128222,111,19230,442,0,1704,0.0009999999999994458
12397000,-8880,3102,128544,-17515,1196,125313,111,19223,455,1,1705,0.0010000000000012221
12398000,-5683,2590,131951,-1498,-716,139219,140,19229,573,1,1706,0.0009999999999994458
12399000,-10721,2307,129398,-6384,866,129882,112,19234,459,1,1707,0.0009999999999994458
12400003,-2712,13458,129868,-15471,9766,115928,108,19221,442,0,1708,0.0010030000000007533
12401000,-4029,308,125737,-4885,-9476,135194,136,19221,442,0,1709,0.0009969999999999146
12402000,-972,-9084,126170,692,-8185,127711,104,19228,557,0,1710,0.0009999999999994458
12403000,-522,5463,128621,-15701,1563,127158,104,19228,426,0,1711,0.0009999999999994458
12404000,-6367,4389,130526,-10498,14301,123522,121,19223,496,1,1712,0.0010000000000012221
12405001,-4426,12761,127298,-4719,3821,123504,116,19230,475,1,1713,0.0010009999999986974
12406000,-6708,156,128220,-9755,3854,131386,106,19227,434,1,1714,0.0009990000000001942
12407000,-159,5241,123218,-2143,2939,121458,138,19227,434,0,1715,0.0010000000000012221
12408000,-1818,966,124663,-3124,-3978,124876,112,19229,565,0,1716,0.0009999999999994458
12409000,1573,4504,125513,-3270,964,123276,112,19227,459,0,1717,0.0009999999999994458
12410000,1558,4969,126429,3869,5953,128405,109,19224,446,1,1718,0.0010000000000012221
12411000,-3389,2172,126802,-2730,-211,127103,156,19227,639,1,1719,0.0009999999999994458
12412000,-350,11582,126648,-8287,9189,121822,113,19232,463,1,1720,0.0009999999999994458
12413000,5000,10362,123309,1921,7258,121402,100,19232,463,0,1721,0.0010000000000012221
12414000,8713,7172,122695,13119,492,121422,93,19218,410,0,1722,0.0009999999999994458
12415000,11076,-1478,124977,1198,-4983,129127,93,19226,381,0,1723,0.0009999999999994458
12416000,4162,-13236,129333,-6216,-9957,132613,112,19230,459,0,1724,0.0009999999999994458
12417000,8524,2542,126267,15861,348,117679,117,19221,479,1,1725,0.0010000000000012221
12418000,1349,12819,129978,3537,12678,125799,110,19229,451,1,1726,0.0009999999999994458
12419001,3753,8112,124058,-2988,1658,129188,103,19229,422,1,1727,0.0010010000000004737
12420000,7538,-2711,125401,8339,-4503,125824,124,19230,422,0,1728,0.0009990000000001942
12421000,9879,3769,130039,8189,2925,123395,95,19223,508,0,1729,0.0009999999999994458
12422000,11166,2028,125117,10480,-20067,133231,95,19229,389,0,1730,0.0009999999999994458
12423000,4144,-13300,128556,2330,-7432,134487,99,19229,405,0,1731,0.0010000000000012221
12424000,6383,9316,132223,-2368,7631,119221,139,19228,569,1,1732,0.0009999999999994458
12425002,-527,15942,130036,1796,10534,124677,114,19228,467,1,1733,0.0010019999999997253
12426000,1550,9208,129785,-1602,-3168,125777,101,19229,467,1,1734,0.0009980000000009426
12427001,8510,-6236,124935,-1256,-24079,138968,140,19230,414,0,1735,0.0010009999999986974
12428000,10716,-15758,129310,21563,-8511,124581,140,19229,573,0,1736,0.0009990000000001942
12429000,5893,5917,129937,-1430,2766,128545,106,19228,434,0,1737,0.0010000000000012221
12430000,-53,-2733,131566,-25403,2925,130664,111,19221,455,1,1738,0.0009999999999994458
12431001,-3869,15715,133219,3833,5672,123507,124,19229,508,1,1739,0.0010010000000004737
12432002,-4109,-1930,129759,385,-8210,139583,104,19229,508,1,1740,0.0010009999999986974
12433000,-6947,-2658,128519,-12090,-675,121892,116,19229,426,0,1741,0.0009980000000009426
12434000,1290,-8138,128292,-14858,-12770,134519,116,19222,475,0,1742,0.0009999999999994458
12435000,3673,4835,132943,8978,7050,124656,96,19229,393,0,1743,0.0009999999999994458
12436001,-1365,2575,129884,-9636,-3597,130802,111,19230,455,0,1744,0.0010010000000004737
12437002,-7123,160,131932,-22336,3992,129840,143,19222,586,1,1745,0.0010010000000004737
12438002,-13652,3292,129588,-8175,13,128063,119,19222,586,1,1746,0.0009999999999994458
12439000,-5879,11347,133075,-2608,12981,131165,101,19232,487,1,1747,0.0009980000000009426
12440000,-2675,5560,125082,-9799,-7730,122341,101,19227,414,0,1748,0.0009999999999994458
12441002,-3116,-8406,125957,-15062,-6633,126456,160,19231,655,0,1749,0.0010019999999997253
12442000,-3067,670,128605,-1881,4170,131035,106,19229,434,0,1750,0.0009980000000009426
12443000,-1315,6271,126703,-3736,3629,119220,110,19224,451,1,1751,0.0009999999999994458
12444000,-6442,8892,130074,-9571,5468,134245,129,19224,451,1,1752,0.0009999999999994458
12445000,-10188,-758,125122,-16732,3232,121214,113,19227,528,1,1753,0.0010000000000012221
12446000,-1264,11305,130588,-901,10013,122340,113,19230,463,1,1754,0.0009999999999994458
12447006,371,4146,123333,5618,-7984,132256,114,19223,467,0,1755,0.0010060000000002844
12448007,1505,-10005,123288,-3379,-5928,124054,91,19231,373,0,1756,0.0010009999999986974
12449000,-1010,2572,125434,-9912,1820,127115,111,19227,455,0,1757,0.0009930000000011319
12450001,-1957,6072,127310,1794,16804,118963,133,19227,455,1,1758,0.0010010000000004737
12451002,-2732,8320,127435,3731,5759,133783,116,19217,545,1,1759,0.0010009999999986974
12452002,-2601,-1323,123140,-10534,-7626,119032,116,19232,475,1,1760,0.0010000000000012221
12453000,5796,10392,125755,4175,2705,123581,97,19231,397,0,1761,0.0009979999999991662
12454000,5379,1512,121023,13163,-7504,127385,130,19230,532,0,1762,0.0009999999999994458
12455003,10426,3856,125488,1345,-3152,117775,114,19227,467,0,1763,0.0010030000000007533
12456002,4757,-5703,127279,1829,-11813,138886,116,19227,467,0,1764,0.0009990000000001942
12457002,3294,1269,127754,3981,10514,116533,129,19224,475,1,1765,0.0009999999999994458
12458000,5936,10377,130215,2247,6293,126251,129,19227,528,1,1766,0.0009980000000009426
12459002,5273,2812,126556,5051,2181,128376,107,19230,438,1,1767,0.0010019999999997253
12460000,11592,-977,126720,5723,5,124584,103,19224,422,0,1768,0.0009979999999991662
12461000,8866,-93,127195,6299,-6331,127441,114,19231,467,0,1769,0.0010000000000012221
12462000,6609,-7106,127667,12714,-13545,131457,111,19231,455,0,1770,0.0009999999999994458
12463000,4571,-6572,130443,1570,-2175,131130,121,19230,455,1,1771,0.0009999999999994458
12464000,571,6242,130744,-2787,4212,123139,113,19219,496,1,1772,0.0009999999999994458
12465000,3555,8203,130405,-1278,5566,129262,113,19226,463,1,1773,0.0010000000000012221
12466001,1561,8097,129943,2481,2701,123945,101,19229,414,1,1774,0.0010009999999986974
12467001,6784,-6315,127250,2477,-12772,133891,134,19226,549,0,1775,0.0010000000000012221
12468002,9695,-11645,131444,8430,-10431,129137,100,19226,410,0,1776,0.0010010000000004737
12469000,2556,-3800,129732,10150,-6368,129011,103,19228,410,0,1777,0.0009979999999991662
12470000,3295,-437,130070,-17618,12632,126176,153,19226,422,1,1778,0.0009999999999994458
12471000,-6373,17710,134752,-8651,5570,124355,153,19230,627,1,1779,0.0010000000000012221
12472000,-7757,4959,129003,7206,-11620,138206,108,19231,442,1,1780,0.0009999999999994458
12473000,-1630,-8142,129078,-16215,-13016,131355,100,19224,410,0,1781,0.0009999999999994458
12474000,-3089,-7311,130618,1883,-12644,136176,121,19224,496,0,1782,0.0010000000000012221
12475001,6743,18568,130412,2243,11979,114181,107,19232,496,0,1783,0.0010009999999986974
12476000,-8516,7103,130913,-22850,-10135,138929,124,19229,438,0,1784,0.0009990000000001942
12477000,-3696,-11802,131896,-8284,768,134327,124,19223,508,1,1785,0.0010000000000012221
12478000,-10395,11489,129061,-4111,4488,122252,111,19228,455,1,1786,0.0009999999999994458
12479000,-8260,11960,129929,-14356,15365,126003,102,19231,418,1,1787,0.0009999999999994458
12480001,-1866,11575,131315,-7215,-14148,129633,122,19228,500,0,1788,0.0010010000000004737
12481000,-4089,-14571,124252,1701,-15198,134513,97,19228,500,0,1789,0.0009990000000001942
12482000,-2205,1608,128828,-11054,2758,123223,105,19233,397,0,1790,0.0009999999999994458
12483000,-6428,10178,128288,-11177,2310,123341,105,19227,430,1,1791,0.0009999999999994458
12484002,-2077,16380,130238,-895,9008,125944,146,19231,598,1,1792,0.0010020000000015017
12485000,-7983,6497,127026,-13819,-6212,129558,114,19228,467,1,1793,0.0009979999999991662
12486000,-2491,-256,125680,-8884,1757,123123,100,19226,410,1,1794,0.0009999999999994458
12487000,1571,21120,126952,2100,-3546,122283,115,19226,410,0,1795,0.0010000000000012221
12488000,3983,-6805,123310,539,-11293,132727,111,19234,471,0,1796,0.0009999999999994458
12489000,2250,-2067,125682,-7261,3258,124111,111,19227,455,0,1797,0.0009999999999994458
12490000,-2524,8080,124425,-6269,8818,119590,119,19224,487,1,1798,0.0010000000000012221
12491000,-1435,17511,126037,3113,16457,120782,137,19228,561,1,1799,0.0009999999999994458
12492000,1973,5581,126706,-2071,-4239,132609,101,19230,414,1,1800,0.0009999999999994458
12493000,6535,-4547,123188,6432,-2584,122025,111,19230,414,0,1801,0.0009999999999994458
12494000,6382,5637,125087,4615,-952,123499,109,19227,455,0,1802,0.0010000000000012221
12495003,5842,-3428,126392,6878,-4456,125803,109,19225,446,0,1803,0.001002999999998977
12496000,6012,-381,127688,2272,-11581,128778,118,19230,483,0,1804,0.0009969999999999146
12497000,1657,-3344,126748,4247,-1295,128803,142,19227,582,1,1805,0.0010000000000012221
12498002,2201,9906,130550,-2361,16606,118995,116,19230,475,1,1806,0.0010019999999997253
12499000,8373,17705,126628,5659,-1942,123997,97,19230,475,1,1807,0.0009979999999991662
12500001,9859,-4449,123231,15700,-9256,130449,147,19228,397,0,1808,0.0010010000000004737
12501000,9563,-4909,127120,765,-9452,130322,147,19236,602,0,1809,0.0009990000000001942
12502000,6284,-5254,127495,10066,-6708,125209,110,19227,451,0,1810,0.0009999999999994458
12503001,5862,5520,130689,3274,650,129732,110,19220,451,1,1811,0.0010010000000004737
12504000,1128,-1317,129255,-5990,-770,134464,127,19222,520,1,1812,0.0009990000000001942
12505000,1607,7593,130535,3946,5007,119944,107,19222,438,1,1813,0.0009999999999994458
12506000,5339,4372,126501,2053,134,131191,112,19227,438,1,1814,0.0010000000000012221
12507000,7840,-8489,125815,663,-9910,126191,88,19219,459,0,1815,0.0009999999999994458
12508000,10607,-5451,131575,15002,-9856,131914,88,19234,360,0,1816,0.0009999999999994458
12509000,1768,-11633,126210,-3548,-9596,133128,103,19229,422,0,1817,0.0009999999999994458
12510000,1062,8515,135218,-20575,11005,122106,125,19215,512,1,1818,0.0010000000000012221
12511000,-5439,3368,133944,6993,-2652,133176,113,19215,463,1,1819,0.0009999999999994458
12512000,-8610,-152,128182,740,-5933,132133,97,19230,463,1,1820,0.0009999999999994458
12513000,-2138,-10478,128935,-23887,-13878,133664,143,19224,397,0,1821,0.0010000000000012221
12514000,-2210,716,131000,1191,-1090,120057,143,19232,586,0,1822,0.0009999999999994458
12515000,4197,6098,130305,5138,3099,130701,107,19229,438,0,1823,0.0009999999999994458
12516000,-7505,4088,131972,-16163,-247,128308,111,19225,455,1,1824,0.0010000000000012221
12517000,-6543,-1038,128925,-16779,-2946,136700,137,19225,561,1,1825,0.0009999999999994458
12518000,-7671,6794,130248,-4161,10052,120717,112,19228,561,1,1826,0.0009999999999994458
12519000,-6418,14326,129585,-10230,1779,127153,105,19232,459,1,1827,0.0010000000000012221
12520000,-603,915,128680,-11663,-11664,130334,105,19224,430,0,1828,0.0009999999999994458
12521003,-4939,-5787,123476,-156,-13715,128687,133,19231,545,0,1829,0.001002999999998977
12522000,-197,12850,130496,-6556,8111,121967,101,19231,414,0,1830,0.000997000000001691
12523000,-4287,5088,126750,-9227,4923,124539,118,19220,483,1,1831,0.0009999999999994458
12524000,-6158,1582,129018,-17038,2859,130506,116,19220,483,1,1832,0.0009999999999994458
12525000,-4704,8791,128551,-4495,6320,123294,105,19229,475,1,1833,0.0009999999999994458
12526000,-3764,4714,124857,6088,-1760,126862,105,19231,430,0,1834,0.0010000000000012221
12527000,-1862,2545,125108,-13383,115,120696,134,19232,549,0,1835,0.0009999999999994458
12528000,3546,8136,125893,-3818,-7132,125823,102,19227,418,0,1836,0.0009999999999994458
12529000,4848,3141,126206,5804,-4624,132520,106,19227,434,0,1837,0.0010000000000012221
12530000,497,3836,126124,-8831,4871,122295,157,19227,434,1,1838,0.0009999999999994458
12531000,-4362,12748,126011,-4259,11099,119035,112,19238,643,1,1839,0.0009999999999994458
12532000,3727,15299,125979,4324,9551,124067,112,19232,459,1,1840,0.0010000000000012221
12533000,8073,-2322,120875,6131,-10360,130845,98,19225,401,0,1841,0.0009999999999994458
12534000,8051,-4521,126186,7597,-6722,119479,93,19228,381,0,1842,0.0009999999999994458
12535000,7272,1757,122731,5968,1069,121558,111,19227,455,0,1843,0.0010000000000012221
12536000,3084,4613,129823,1142,-1606,132364,123,19227,455,1,1844,0.0009999999999994458
12537000,7058,371,125700,-252,-1923,125357,110,19223,504,1,1845,0.0009999999999994458
12538000,2546,8956,127751,4788,10625,126293,110,19229,451,1,1846,0.0010000000000012221
12539000,9261,7778,127575,6182,2027,119697,99,19232,405,1,1847,0.0009999999999994458
12540000,10445,285,125307,9436,-6405,128618,122,19225,500,0,1848,0.0009999999999994458
12541000,11188,-4366,125882,6251,-11885,134495,100,19232,410,0,1849,0.0009999999999994458
12542000,6723,-9944,125379,3302,-2472,126470,103,19232,410,0,1850,0.0010000000000012221
12543000,3945,12163,132262,-2309,9224,122818,141,19228,422,1,1851,0.0009999999999994458
12544000,2277,10104,130147,5745,1526,128122,141,19229,577,1,1852,0.0009999999999994458
12545000,-1593,2379,130530,2636,383,134099,115,19230,471,1,1853,0.0010000000000012221
12546000,6682,-3065,129474,-3438,-9901,123999,101,19230,414,0,1854,0.0009999999999994458
12547000,10815,-8055,125194,9231,-6033,124023,135,19231,553,0,1855,0.0009999999999994458
12548003,5591,6578,134428,14342,-2887,129553,109,19231,446,0,1856,0.0010030000000007533
12549002,2328,-10029,127242,-19794,-15727,130583,113,19229,446,0,1857,0.0009990000000001942
12550011,-2394,8630,135197,-7558,11195,132560,113,19223,463,1,1858,0.0010089999999998156
12551001,-9017,-3075,131466,5423,8771,129062,127,19232,520,1,1859,0.0009899999999998244
12552000,-4330,-2364,130358,-12774,-6818,128014,105,19230,430,1,1860,0.0009990000000001942
12553000,-814,-7535,127845,-6827,-10640,135581,118,19222,483,0,1861,0.0009999999999994458
12554000,-2001,-5750,127295,3403,-5410,128625,97,19222,397,0,1862,0.0010000000000012221
12555000,237,4556,130522,-2922,3611,122044,109,19229,397,0,1863,0.0009999999999994458
12556001,-9146,5772,132570,-18543,-1998,131892,141,19223,446,1,1864,0.0010010000000004737
12557000,-6711,-3278,129980,-5187,-2941,138036,141,19226,577,1,1865,0.0009989999999984178
12558000,-12071,5819,130756,-11031,2231,122491,118,19229,483,1,1866,0.0010000000000012221
12559000,-3596,4564,128430,-16754,1962,124665,101,19225,414,1,1867,0.0009999999999994458
12560000,-3589,238,126272,2729,-4083,129305,160,19225,655,0,1868,0.0009999999999994458
12561000,-4035,-6197,124734,-7432,-11155,128735,111,19228,655,0,1869,0.0010000000000012221
12562000,-1818,5355,128093,-15038,6967,120037,110,19231,455,0,1870,0.0009999999999994458
12563000,-7729,13753,129788,-6934,1407,129933,110,19224,451,1,1871,0.0009999999999994458
12564000,-5263,5863,129221,-7469,2346,128208,134,19230,549,1,1872,0.0010000000000012221
12565000,-9626,945,126561,-10872,629,127270,113,19229,463,1,1873,0.0009999999999994458
12566000,-387,6328,125925,-7182,6265,120348,115,19229,471,0,1874,0.0009999999999994458
12567000,402,5441,123964,-731,3932,124533,91,19220,471,0,1875,0.0010000000000012221
12568000,4566,-2681,124559,-5033,-8051,132933,104,19228,373,0,1876,0.0009999999999994458
12569000,3078,10249,127142,-934,442,119447,104,19230,426,0,1877,0.0009999999999994458
12570000,-5403,2038,123626,-11208,4959,127979,127,19221,520,1,1878,0.0010000000000012221
12571000,-208,9928,130101,2613,11182,122903,115,19230,471,1,1879,0.0009999999999994458
12572000,1665,9567,123245,9360,1109,123813,100,19230,410,1,1880,0.0009999999999994458
12573000,6571,2605,121684,-3488,-1862,125215,124,19230,410,0,1881,0.0009999999999994458
12574000,9439,5850,124379,7417,-7306,123294,108,19232,508,0,1882,0.0010000000000012221
12575000,9225,275,124426,14011,-11946,129386,108,19225,442,0,1883,0.0009999999999994458
12576001,6477,-2550,128190,-725,6367,127047,113,19228,463,1,1884,0.0010010000000004737
12577002,-633,-1317,128907,-5001,2326,131052,129,19229,528,1,1885,0.0010010000000004737
12578000,4504,10747,127254,8321,8117,121341,111,19232,455,1,1886,0.0009979999999991662
12579000,4239,6729,125008,7070,-2963,127205,107,19232,455,1,1887,0.0009999999999994458
12580000,10968,568,127948,339,-4431,126868,98,19224,438,0,1888,0.0010000000000012221
12581000,12032,239,125293,13825,-16983,129690,98,19228,401,0,1889,0.0009999999999994458
12582000,5644,-8393,128202,-751,-10094,134280,103,19230,422,0,1890,0.0009999999999994458
12583000,8193,2732,129839,882,1013,125515,119,19223,487,1,1891,0.0010000000000012221
12584006,-2340,16841,134048,2666,17425,120014,113,19229,463,1,1892,0.001005999999998508
12585000,1094,13264,130668,-4410,2019,133130,101,19229,463,1,1893,0.0009940000000003835
12586001,4957,-12031,127145,3575,-14800,131480,135,19228,414,0,1894,0.0010010000000004737
12587000,10154,-13073,128065,11174,-11301,128979,135,19224,553,0,1895,0.0009990000000001942
12588000,5620,-306,129417,13519,-2622,128792,101,19231,414,0,1896,0.0009999999999994458
12589000,2624,-1657,129860,-18553,-1464,126983,105,19223,430,0,1897,0.0009999999999994458
12590000,1563,8408,133378,-7901,5362,130946,153,19229,627,1,1898,0.0010000000000012221
12591002,-9521,5466,131622,4945,2152,126734,111,19229,627,1,1899,0.0010019999999997253
12592000,-3945,2019,132584,-15032,2641,126589,100,19226,455,1,1900,0.0009979999999991662
12593000,-2361,-6401,127486,-12046,-19552,134954,100,19226,410,0,1901,0.0010000000000012221
12594002,3183,-6819,129256,8556,-11701,132864,126,19229,516,0,1902,0.0010019999999997253
12595002,-2064,116,131186,-2993,2429,122893,120,19224,491,0,1903,0.0009999999999994458
12596001,-8356,11356,132479,-22212,4130,125699,124,19222,508,1,1904,0.0009990000000001942
12597000,-9546,7247,131417,-10965,1630,131234,113,19222,463,1,1905,0.0009990000000001942
12598000,-9386,3559,128971,-7321,6089,128092,105,19230,463,1,1906,0.0009999999999994458
12599002,-3020,5152,129675,-6943,1887,125273,129,19230,430,1,1907,0.0010019999999997253
12600000,-5590,-1569,125520,-10055,-8685,126098,129,19220,528,0,1908,0.0009980000000009426
12601000,-1229,-3770,125673,-6527,-4856,129498,109,19230,446,0,1909,0.0009999999999994458
12602000,-113,2082,128911,-4862,-1000,127599,108,19227,442,0,1910,0.0010000000000012221
12603000,-3269,4526,127398,-5095,2371,125873,144,19227,590,1,1911,0.0009999999999994458
12604000,-9043,17331,129265,-14157,15568,116716,118,19228,590,1,1912,0.0009999999999994458
12605000,-4702,8978,127729,-10702,612,131681,107,19231,483,1,1913,0.0009999999999994458
12606000,2358,-3464,126378,6900,-9339,128109,107,19224,438,0,1914,0.0010000000000012221
12607000,31,-7964,122800,-4416,-6643,122981,117,19231,479,0,1915,0.0009999999999994458
12608000,285,3466,125489,-7048,592,123608,108,19233,442,0,1916,0.0009999999999994458
12609000,-761,10304,126495,-1210,8963,123566,112,19233,459,1,1917,0.0010000000000012221
12610000,1083,10281,125366,-414,5093,124813,130,19221,459,1,1918,0.0009999999999994458
12611000,-2747,9881,124727,-3269,8237,120596,101,19229,532,1,1919,0.0009999999999994458
12612000,5574,11177,124526,-1573,4001,124249,101,19225,414,1,1920,0.0010000000000012221
12613000,11503,5928,126060,9463,-11877,126142,114,19227,467,0,1921,0.0009999999999994458
12614000,11543,-6502,124048,6399,-11837,130479,101,19227,414,0,1922,0.0009999999999994458
12615000,6071,-6485,126286,-1573,-9821,127141,111,19227,455,0,1923,0.0010000000000012221
12616000,2097,11081,125788,10486,11301,117482,136,19227,455,1,1924,0.0009999999999994458
12617000,2813,9806,127598,-1346,5926,128783,113,19227,557,1,1925,0.0009999999999994458
12618000,5608,980,125679,22,1094,129968,113,19232,463,1,1926,0.0009999999999994458
12619000,9792,4054,126930,11833,4004,119194,97,19229,397,0,1927,0.0010000000000012221
12620000,12155,762,126602,6416,-6096,127204,145,19228,594,0,1928,0.0009999999999994458
12621000,8174,-7068,127660,12348,-15078,134593,109,19232,446,0,1929,0.0009999999999994458
12622000,4513,-5914,128968,-5202,-13372,131548,108,19232,446,0,1930,0.0010000000000012221
12623000,2548,5969,131816,-3654,7196,128927,125,19223,442,1,1931,0.0009999999999994458
12624000,-790,19096,132298,7609,12873,117742,125,19223,512,1,1932,0.0009999999999994458
12625000,2010,11389,129667,-6595,-7521,132850,107,19228,438,1,1933,0.0010000000000012221
12626000,8416,-14163,126392,5567,-20471,135037,113,19218,463,0,1934,0.0009999999999994458
12627000,9135,-6071,128906,22260,-9850,124861,88,19232,360,0,1935,0.0009999999999994458
12628000,2796,9636,130060,-6312,2924,125595,104,19232,360,0,1936,0.0010000000000012221
12629000,2785,4421,131503,-17892,1288,125263,127,19229,426,1,1937,0.0009999999999994458
12630002,535,-1072,133405,2920,-7414,141021,127,19220,520,1,1938,0.0010019999999997253
12631000,-6251,-783,128357,-5932,4710,119939,113,19231,463,1,1939,0.0009980000000009426
12632002,-4383,6603,130280,-22437,-1191,129297,97,19229,397,1,1940,0.0010019999999997253
12633000,4216,-9292,130068,6605,-9613,134046,144,19231,590,0,1941,0.0009979999999991662
12634000,2096,-279,127889,3441,-3101,126880,106,19231,590,0,1942,0.0009999999999994458
12635000,-4956,-163,128610,-23782,890,131036,112,19226,434,0,1943,0.0010000000000012221
12636000,-7843,6840,131304,-8449,5309,123867,112,19225,459,1,1944,0.0009999999999994458
12637000,-8167,3324,131243,-3714,2522,136111,135,19229,553,1,1945,0.0009999999999994458
12638000,-9537,6304,129819,-12160,4981,124582,109,19228,446,1,1946,0.0010000000000012221
12639000,-4637,2244,128518,-13276,2712,129411,104,19223,426,0,1947,0.0009999999999994458
12640002,-1182,-4079,127484,-3681,-6160,124914,132,19223,541,0,1948,0.0010019999999997253
12641002,-1677,390,125978,1904,-1385,125520,105,19230,541,0,1949,0.0010000000000012221
12642000,-1513,1675,129102,-20268,-2813,131716,125,19231,430,0,1950,0.0009979999999991662
12643000,-6740,7003,126958,-6036,7098,115797,125,19219,512,1,1951,0.0009999999999994458
12644000,-3437,14745,129327,-7944,5061,133104,115,19228,471,1,1952,0.0010000000000012221
12645000,-6854,-1812,125253,-1240,4121,124396,100,19228,410,1,1953,0.0009999999999994458
12646000,-3191,6896,125993,-8651,5422,119136,131,19228,537,0,1954,0.0009999999999994458
12647000,2624,-158,123629,-7123,-4818,131454,113,19231,537,0,1955,0.0010000000000012221
12648000,594,1165,124433,11335,1122,122361,115,19228,463,0,1956,0.0009999999999994458
12649003,2535,-3098,126162,-6694,-1670,131505,115,19225,471,1,1957,0.001002999999998977
12650000,-4520,6112,125859,-8736,8774,116313,161,19229,659,1,1958,0.0009969999999999146
12651000,613,12088,127867,320,3200,140546,109,19229,446,1,1959,0.0010000000000012221
12652000,5358,-5064,120688,7481,-2160,114089,98,19229,401,0,1960,0.0009999999999994458
12653001,4234,10597,125810,4200,4077,129091,89,19224,401,0,1961,0.0010010000000004737
12654000,8285,-6079,123724,-926,-12001,123009,115,19229,365,0,1962,0.0009990000000001942
12655000,6868,-1847,125311,10617,-3882,132466,115,19229,471,0,1963,0.0009999999999994458
12656000,4608,-933,128071,4996,-4823,125931,123,19221,504,1,1964,0.0009999999999994458
12657000,-1670,13803,128285,-8544,14535,111220,112,19230,459,1,1965,0.0010000000000012221
12658001,6914,10363,127921,10469,-11670,137650,96,19232,393,1,1966,0.0010009999999986974
12659000,8869,-11540,122329,11806,-1567,119134,124,19232,393,0,1967,0.0009990000000001942
12660000,9508,4659,125721,-4140,-3610,128238,98,19224,508,0,1968,0.0010000000000012221
12661000,9456,-5939,127158,15129,-7201,126971,98,19234,401,0,1969,0.0009999999999994458
12662000,7692,-55,128758,-4839,-8209,130476,106,19227,434,1,1970,0.0009999999999994458
12663000,2494,1734,134160,-1769,8485,130168,140,19228,573,1,1971,0.0010000000000012221
12664000,-857,10542,128522,3825,7601,119181,113,19235,463,1,1972,0.0009999999999994458
12665000,2255,7806,130410,4496,-993,131116,101,19235,463,1,1973,0.0009999999999994458
12666002,4719,-5651,127140,-1514,-18008,129380,135,19228,414,0,1974,0.0010019999999997253
12667001,9931,-12445,127668,13273,-6260,129801,135,19231,553,0,1975,0.0009990000000001942
12668000,7631,-2102,130058,4276,-7062,132893,107,19230,438,0,1976,0.0009990000000001942
12669000,-2257,9761,130872,-22902,4907,118908,113,19223,463,1,1977,0.0009999999999994458
12670001,-853,13781,132840,-3539,3301,134416,128,19229,524,1,1978,0.0010010000000004737
12671000,-7077,-2170,133182,7041,-9623,136482,101,19229,524,1,1979,0.0009990000000001942
12672000,-890,-5790,127979,-16886,-11140,126815,118,19228,414,0,1980,0.0009999999999994458
12673000,-3119,-4162,128190,-14401,-1797,127966,118,19223,483,0,1981,0.0010000000000012221
12674001,4020,8487,130002,11165,-2166,124618,96,19227,393,0,1982,0.0010009999999986974
12675000,1242,8384,130848,-11455,-1056,131613,107,19226,438,0,1983,0.0009990000000001942
12676009,-9685,-433,130589,-29748,-5140,133820,141,19228,577,1,1984,0.0010089999999998156
12677005,-8793,4841,131799,899,7014,129726,117,19228,577,1,1985,0.000996000000000663
12678008,-6636,6562,128818,-4055,6822,123413,101,19228,479,1,1986,0.0010030000000007533
12679000,-2871,4140,128957,-11420,-1052,129541,101,19227,414,0,1987,0.000992000000000104
12680000,-6392,-10876,125551,-11661,-18177,133644,160,19231,655,0,1988,0.0009999999999994458
12681000,-557,3395,126955,2041,5366,120785,103,19229,422,0,1989,0.0009999999999994458
12682001,-3754,11535,129999,-4975,7427,128665,110,19227,451,1,1990,0.0010010000000004737
12683000,-6293,6419,127350,-14173,2220,121928,134,19227,451,1,1991,0.0009990000000001942
12684000,-8029,2498,126111,-13988,-2003,132824,109,19230,549,1,1992,0.0009999999999994458
12685000,-3009,5612,126941,-4095,2082,120162,109,19232,446,1,1993,0.0009999999999994458
12686000,2097,6107,126974,13843,6890,122365,113,19218,463,0,1994,0.0010000000000012221
12687000,10,-706,124210,-11134,-13277,127575,91,19230,373,0,1995,0.0009999999999994458
12688000,1091,-1931,123931,-12760,-6003,127978,109,19226,446,0,1996,0.0009999999999994458
12689000,-146,2821,126266,9648,6050,128006,133,19226,545,1,1997,0.0010000000000012221
12690001,-3696,21831,128092,-9486,18789,112124,114,19226,545,1,1998,0.0010009999999986974
12691000,1324,13761,126262,-3308,2653,130267,96,19232,467,1,1999,0.0009990000000001942
12692000,3700,-10443,121464,13658,-9417,129731,96,19232,393,0,2000,0.0010000000000012221
12693003,12147,-2909,123318,-3711,-1372,118689,124,19234,508,0,2001,0.001002999999998977
12694000,7435,4006,126811,13311,-1499,120687,115,19224,471,0,2002,0.0009969999999999146
12695000,4797,-2369,125240,9410,-9780,129280,116,19224,475,0,2003,0.0010000000000012221
12696000,2649,-7973,126407,-10747,-5942,133219,133,19224,475,1,2004,0.0009999999999994458
12697000,832,11453,129829,2855,13647,120059,107,19227,545,1,2005,0.0009999999999994458
12698005,9160,5058,125459,16720,4366,123910,107,19232,438,1,2006,0.0010050000000010328
12699000,7875,1302,127320,-2173,-3272,126217,104,19221,426,0,2007,0.000994999999999635
12700000,10963,-5946,127161,-619,-15421,137566,98,19234,401,0,2008,0.0009999999999994458
12701000,5837,-14596,123590,24926,-12864,120681,106,19234,434,0,2009,0.0009999999999994458
12702000,1010,7304,131180,-5355,2107,131406,121,19230,434,1,2010,0.0010000000000012221
12703000,2209,-1584,128662,-10458,-2247,124039,113,19224,496,1,2011,0.0009999999999994458
12704000,1647,13678,131149,9446,1828,129433,113,19232,463,1,2012,0.0009999999999994458
12705000,4157,-612,126342,297,-6043,126996,100,19228,410,1,2013,0.0010000000000012221
12706000,6216,-2395,127611,-2074,-9412,125592,138,19224,565,0,2014,0.0009999999999994458
12707000,11957,-13462,129500,17280,-18751,141866,111,19225,455,0,2015,0.0009999999999994458
12708000,2835,-13046,127721,-16295,860,125036,108,19225,455,0,2016,0.0010000000000012221
12709002,1860,16672,133561,-17949,7149,125015,154,19229,442,1,2017,0.0010019999999997253
12710003,-6838,19950,132022,14376,13395,121841,154,19228,631,1,2018,0.0010009999999986974
12711000,-6212,-3843,129675,-13136,-11634,139906,110,19232,451,1,2019,0.000997000000001691
12712000,-685,-26584,128601,-16163,-20983,138367,105,19222,430,0,2020,0.0009999999999994458
12713000,-1494,-5534,129310,8260,10698,117441,116,19233,475,0,2021,0.0009999999999994458
12714000,2322,13721,132443,-1484,10120,125234,107,19233,475,0,2022,0.0009999999999994458
12715000,-6971,5150,130122,-19002,-9824,130948,119,19227,438,0,2023,0.0010000000000012221
12716000,-6710,-4043,130202,-11418,-6109,135648,119,19221,487,1,2024,0.0009999999999994458
12717000,-9899,2861,129686,-8073,6972,124692,113,19231,463,1,2025,0.0009999999999994458
12718000,-4269,22781,132505,-11829,16141,117185,103,19234,422,1,2026,0.0010000000000012221
12719000,-1208,3573,126790,-7848,-12070,136184,130,19218,532,0,2027,0.0009999999999994458
12720000,-4083,-14938,124131,-4832,-14910,133723,99,19218,532,0,2028,0.0009999999999994458
12721000,-1605,1869,127006,-3751,-3624,123786,102,19229,405,0,2029,0.0010000000000012221
12722002,-5653,14643,126172,-8038,17757,116981,102,19228,418,1,2030,0.0010019999999997253
12723001,-4247,17755,129795,-9438,8198,123797,145,19228,594,1,2031,0.0009990000000001942
12724000,-7935,157,127873,-13982,-4975,133346,119,19227,487,1,2032,0.0009990000000001942
12725000,365,-301,125463,-2908,-2691,123902,105,19228,430,0,2033,0.0009999999999994458
12726000,-502,2359,126041,5024,472,124682,110,19228,430,0,2034,0.0009999999999994458
12727000,3153,2051,125096,-10437,-5007,123463,107,19230,451,0,2035,0.0009999999999994458
12728001,2019,1209,125822,-6488,-2779,128182,107,19226,438,0,2036,0.0010010000000004737
12729002,-2041,7837,127492,1789,6251,125023,112,19223,459,1,2037,0.0010010000000004737
12730002,-2775,23010,126446,-4242,12017,110654,131,19230,537,1,2038,0.0009999999999994458
12731000,-695,10909,125814,-2084,1402,129118,103,19232,422,1,2039,0.0009980000000009426
12732001,9259,-1221,124469,6005,-6377,127890,118,19232,483,0,2040,0.0010009999999986974
12733000,9969,-7561,123822,8174,-5778,124916,99,19227,483,0,2041,0.0009990000000001942
12734000,6942,5826,128725,5589,-5884,122768,111,19228,405,0,2042,0.0010000000000012221
12735000,4724,-5244,123654,8380,-8623,129722,111,19230,455,1,2043,0.0009999999999994458
12736000,254,3573,127430,-2404,7646,128493,140,19230,573,1,2044,0.0009999999999994458
12737000,6214,13387,128130,-7183,9468,119317,113,19230,463,1,2045,0.0010000000000012221
12738000,7687,11406,125107,19606,5261,123640,98,19230,401,1,2046,0.0009999999999994458
12739000,12038,1980,126617,3363,-4373,124012,143,19228,401,0,2047,0.0009999999999994458
12740000,9774,-7416,126030,3481,-10281,130902,104,19231,586,0,2048,0.0010000000000012221
12741000,7997,-9219,129755,14495,-12794,136115,104,19230,426,0,2049,0.0009999999999994458
12742000,5498,2628,128382,-2271,5268,128060,109,19226,446,1,2050,0.0009999999999994458
12743000,-1332,12490,131617,-2703,8452,123216,117,19231,479,1,2051,0.0009999999999994458
12744000,2889,3569,129517,4048,-25,128618,106,19231,434,1,2052,0.0010000000000012221
12745000,4669,-3287,127335,-2109,-8919,134603,114,19233,434,0,2053,0.0009999999999994458
12746000,12397,-5085,127699,11988,-7695,122013,98,19219,467,0,2054,0.0009999999999994458
12747000,6512,-659,129933,11631,-5972,134129,98,19228,401,0,2055,0.0010000000000012221
12748000,-647,-6023,130209,-12382,-6493,127312,109,19225,446,0,2056,0.0009999999999994458
12749001,2329,2161,132233,-12539,3,135840,133,19221,545,1,2057,0.0010010000000004737
12750000,-7533,4992,132989,5307,4905,123363,114,19231,467,1,2058,0.0009990000000001942
12751000,-5511,10996,130960,-3850,-702,123056,97,19231,467,1,2059,0.0009999999999994458
12752002,-569,-7884,129222,-21539,-17641,140048,149,19232,397,0,2060,0.0010019999999997253
12753000,2005,-8220,127981,10329,-1278,121634,149,19234,610,0,2061,0.0009980000000009426
12754000,579,1597,129101,-173,2792,129914,109,19228,446,0,2062,0.0009999999999994458
12755005,-7762,4502,131866,-18370,4423,125564,113,19222,463,1,2063,0.0010049999999992565
12756007,-6594,3889,131553,-5904,-1966,132213,133,19227,545,1,2064,0.0010019999999997253
12757000,-7001,1378,130733,-7303,6043,128633,109,19227,545,1,2065,0.0009930000000011319
12758000,-6533,8544,127641,-13802,8669,118612,108,19230,446,1,2066,0.0009999999999994458
12759000,-2192,3980,128121,-9392,-5772,133303,108,19223,442,0,2067,0.0009999999999994458
12760000,-3638,-6951,125070,1166,-4555,124673,133,19229,545,0,2068,0.0010000000000012221
12761000,-601,-1069,129299,-9863,-4833,133524,104,19231,426,0,2069,0.0009999999999994458
12762000,-7858,1885,127454,-11709,5069,116978,124,19221,508,1,2070,0.0009999999999994458
12763000,-7144,26117,129253,-11782,10414,123283,113,19221,508,1,2071,0.0010000000000012221
12764000,-6672,1132,128609,-930,-3028,134962,103,19227,463,1,2072,0.0009999999999994458
12765000,-2639,2403,124585,-4223,3411,116714,103,19230,422,0,2073,0.0009999999999994458
12766000,1045,1467,124615,-8238,7928,128550,138,19231,565,0,2074,0.0010000000000012221
12767000,1141,495,124704,5804,-3360,121496,108,19230,442,0,2075,0.0009999999999994458
12768000,2458,-1061,125295,-5638,-8261,134978,111,19225,455,0,2076,0.0009999999999994458
12769000,-2074,-388,127560,-3031,4803,120636,160,19225,455,1,2077,0.0010000000000012221
12770000,-4545,19453,127065,-2973,15279,117660,112,19228,655,1,2078,0.0009999999999994458
12771000,4424,10839,125570,1404,-257,130877,112,19228,459,1,2079,0.0009999999999994458
12772000,7040,4552,123414,6869,-1838,118872,101,19222,414,0,2080,0.0010000000000012221
12773000,10688,-4281,122549,4719,-10332,132631,89,19228,365,0,2081,0.0009999999999994458
12774000,5118,-4204,125747,8709,-2577,118299,116,19229,475,0,2082,0.0009999999999994458
12775000,5512,6821,126036,2070,-1236,134030,124,19229,475,1,2083,0.0009999999999994458
12776001,2481,-1500,126548,-5107,2959,127565,111,19217,508,1,2084,0.0010010000000004737
12777000,3459,14971,127818,6524,10285,120495,111,19224,455,1,2085,0.0009990000000001942
12778000,8119,4695,126053,5746,-2258,127417,100,19230,410,1,2086,0.0009999999999994458
12779000,10192,518,126798,2620,-1741,121090,125,19226,512,0,2087,0.0010000000000012221
12780000,9066,-18173,127059,19509,-21398,146105,98,19224,401,0,2088,0.0009999999999994458
12781000,5753,-5812,125762,2295,-6067,117180,105,19224,430,0,2089,0.0009999999999994458
12782000,5459,15614,129277,-14032,8757,126958,144,19228,430,1,2090,0.0010000000000012221
12783000,985,10606,132784,8776,11484,129466,113,19232,590,1,2091,0.0009999999999994458
12784000,694,7943,128494,8782,4102,123139,113,19224,463,1,2092,0.0009999999999994458
12785000,3606,-7949,127514,-8478,-13886,139774,99,19225,405,0,2093,0.0010000000000012221
12786000,8280,-13226,125372,10491,-13978,124158,139,19231,569,0,2094,0.0009999999999994458
12787000,8498,-65,130084,18623,-4211,132066,116,19231,475,0,2095,0.0009999999999994458
12788000,3984,708,130271,-22428,646,126084,119,19229,475,0,2096,0.0010000000000012221
12789000,-3361,13143,135693,-4387,7182,126903,129,19223,487,1,2097,0.0009999999999994458
12790000,-5183,-2459,130216,3674,-6956,133973,129,19228,528,1,2098,0.0009999999999994458
12791000,-10263,260,130890,-12577,-4924,126628,102,19233,418,1,2099,0.0009999999999994458
12792001,51,-13828,129334,-8605,-11170,137371,115,19227,471,0,2100,0.0010010000000004737
12793000,-2869,6682,131070,4321,51,123293,95,19232,389,0,2101,0.0009990000000001942
12794002,912,-4950,128592,-8709,-9443,134274,109,19232,389,0,2102,0.0010019999999997253
12795000,-9602,7494,133056,-11723,3015,126618,142,19227,446,1,2103,0.0009980000000009426
12796000,-8010,-321,128726,-11302,-3675,130614,142,19227,582,1,2104,0.0009999999999994458
12797000,-7997,12540,132795,-11038,5547,125535,115,19231,471,1,2105,0.0009999999999994458
12798000,-4079,4021,127621,-11206,-3361,129778,99,19228,405,1,2106,0.0010000000000012221
12799000,178,-3531,125521,-2740,-4753,129734,159,19233,651,0,2107,0.0009999999999994458
12800001,-5837,-1973,125815,-5915,-3396,123890,104,19233,651,0,2108,0.0010010000000004737
12801000,648,1591,126693,-8599,6750,126066,110,19231,426,0,2109,0.0009990000000001942
12802000,-6875,14656,130453,-7000,3246,125664,110,19225,451,1,2110,0.0009999999999994458
12803000,-7233,6824,126068,-12562,-2478,128588,130,19226,532,1,2111,0.0009999999999994458
12804000,-6132,15123,127745,-4113,11342,119828,107,19231,438,1,2112,0.0010000000000012221
12805000,-1223,-2476,125584,-1887,-7917,129741,111,19224,455,0,2113,0.0009999999999994458
12806001,2818,-8830,124591,2444,-6644,128390,92,19224,455,0,2114,0.0010010000000004737
12807000,291,-412,124869,-5558,5804,121971,111,19234,377,0,2115,0.0009989999999984178
12808000,-589,7023,127251,-3568,15699,121872,111,19224,455,0,2116,0.0010000000000012221
12809000,-2559,12733,125556,-8887,3690,125476,132,19220,541,1,2117,0.0009999999999994458
12810000,-769,2565,125170,-123,1441,129823,115,19229,471,1,2118,0.0009999999999994458
12811000,2721,4277,124792,11392,2204,119425,96,19228,393,1,2119,0.0010000000000012221
12812007,6802,10078,124532,-5628,1112,121565,123,19228,393,0,2120,0.001006999999999536
12813001,11835,6759,125448,9651,-5929,126487,113,19232,504,0,2121,0.0009940000000003835
12814002,7114,-5962,124980,11410,-13298,132011,113,19228,463,0,2122,0.0010009999999986974
12815000,5306,-5442,125697,-1983,-8471,128759,113,19223,463,1,2123,0.0009980000000009426
12816000,-1614,17665,128515,-1992,17561,116086,131,19226,537,1,2124,0.0009999999999994458
12817000,6865,9565,127618,9715,398,131147,107,19232,438,1,2125,0.0010000000000012221
12818000,9074,-1670,124916,8836,282,121762,105,19232,438,0,2126,0.0009999999999994458
12819000,10883,5403,126654,-5729,1843,127078,108,19223,430,0,2127,0.0009999999999994458
12820000,12378,-14423,123827,16952,-14868,130248,108,19230,442,0,2128,0.0010000000000012221
12821001,6203,-332,128746,1931,-5422,127561,109,19229,446,0,2129,0.0010009999999986974
12822005,5576,-1969,129602,-11403,-5090,130638,121,19222,496,1,2130,0.0010040000000000049
12823000,-909,17667,132243,9994,23287,117378,112,19229,459,1,2131,0.000994999999999635
12824000,878,12345,130646,2504,-5706,133176,101,19229,414,1,2132,0.0010000000000012221
12825003,6632,-12292,125522,-5314,-15867,131691,141,19232,414,0,2133,0.001002999999998977
12826000,8633,-5677,130324,9907,-7457,129420,102,19230,577,0,2134,0.0009969999999999146
12827000,8522,-7459,128429,20636,-12257,134386,102,19227,418,0,2135,0.0010000000000012221
12828000,205,10067,131984,-22936,7549,118973,103,19225,422,1,2136,0.0009999999999994458
12829000,-1150,3195,133969,-7192,-5892,135640,152,19228,623,1,2137,0.0009999999999994458
12830000,-10345,4532,130994,10572,408,127865,109,19228,446,1,2138,0.0010000000000012221
12831000,-3077,3197,128843,-21921,-5766,123937,102,19231,446,1,2139,0.0009999999999994458
12832000,-2653,-6427,130101,-5581,-15031,133692,118,19224,418,0,2140,0.0009999999999994458
12833000,6922,1722,129185,7584,-353,122032,118,19230,483,0,2141,0.0010000000000012221
12834001,-3999,-1110,132187,-7388,-8398,133360,109,19229,446,0,2142,0.0010009999999986974
12835002,-4617,2502,130364,-19990,2908,124772,119,19217,487,1,2143,0.0010010000000004737
12836000,-11170,7239,130490,-11037,1941,133908,114,19217,467,1,2144,0.0009980000000009426
12837000,-11718,7273,129257,-5689,5812,123804,104,19229,467,1,2145,0.0009999999999994458
12838000,-2142,10528,130302,-11222,2657,122778,129,19230,426,1,2146,0.0009999999999994458
12839000,-6235,-16059,124389,-9608,-16150,137035,129,19218,528,0,2147,0.0009999999999994458
12840002,902,7980,128658,-2726,1926,123437,100,19231,410,0,2148,0.0010020000000015017
12841000,-1221,1163,125982,-2013,-4550,132416,103,19226,422,0,2149,0.0009979999999991662
12842000,-4911,11890,130602,-10660,10308,117684,144,19228,590,1,2150,0.0009999999999994458
12843000,-8709,12639,127767,-13798,6633,131653,117,19228,590,1,2151,0.0010000000000012221
12844000,-3115,6243,127012,-7260,4283,121818,104,19228,479,1,2152,0.0009999999999994458
12845000,3989,3345,124949,4277,-6005,127031,104,19225,426,0,2153,0.0009999999999994458
12846000,-4277,-6542,124188,-1935,-7718,127027,116,19233,475,0,2154,0.0010000000000012221
12847000,4204,3109,123139,-10722,854,119091,107,19229,438,0,2155,0.0009999999999994458
12848000,-1779,5678,125329,78,13654,127260,116,19224,475,1,2156,0.0009999999999994458
12849000,998,14088,127246,-7185,9791,120443,130,19224,475,1,2157,0.0010000000000012221
12850000,-829,6421,124498,4112,-2879,124333,100,19227,532,1,2158,0.0009999999999994458
12851000,1489,4245,124978,1358,-1069,128400,100,19228,410,1,2159,0.0009999999999994458
12852000,13766,-2654,122410,3774,-733,121521,114,19228,467,0,2160,0.0009999999999994458
12853000,9201,3411,125561,13121,-370,126858,99,19228,405,0,2161,0.0010000000000012221
12854000,6037,-3550,126244,-2381,-8867,131273,113,19227,463,0,2162,0.0009999999999994458
12855000,1077,-6403,125760,4261,2845,124102,142,19227,463,1,2163,0.0009999999999994458
12856002,-1368,21322,129970,4240,1914,121703,114,19230,582,1,2164,0.0010020000000015017
12857002,6373,11099,123030,-1770,4731,120596,114,19234,467,1,2165,0.0009999999999994458
12858000,9416,5650,128428,12659,-2283,127121,97,19225,397,0,2166,0.0009979999999991662
12859001,15719,-3285,126564,6788,-11776,128843,145,19223,594,0,2167,0.0010010000000004737
12860000,8211,-7558,126196,9087,-11475,128965,116,19228,475,0,2168,0.0009990000000001942
12861000,3118,-1549,131061,-1418,-2948,129855,113,19228,475,0,2169,0.0009999999999994458
12862000,4845,5392,128947,-6938,6813,121021,123,19223,463,1,2170,0.0010000000000012221
12863000,254,13274,132966,8299,8433,126355,123,19226,504,1,2171,0.0009999999999994458
12864001,4938,4422,128384,334,-8084,129316,109,19231,446,1,2172,0.0010010000000004737
12865000,2509,-1436,129423,-1043,-10472,129718,116,19217,475,0,2173,0.0009990000000001942
12866000,8831,-10325,126765,15821,-10208,129298,89,19226,365,0,2174,0.0009999999999994458
12867000,6854,2096,130613,4781,-407,131476,102,19226,365,0,2175,0.0009999999999994458
12868000,-581,3814,132895,-17913,2805,124708,124,19226,418,1,2176,0.0009999999999994458
12869000,-406,13793,132745,-4880,1024,130505,124,19221,508,1,2177,0.0010000000000012221
12870001,-7809,-4113,131330,5250,-5625,136760,113,19232,463,1,2178,0.0010010000000004737
12871002,-2793,-9310,127896,-15379,-8915,128666,102,19227,418,1,2179,0.0010009999999986974
12872000,-1807,-2432,131265,-8901,-5711,129600,152,19233,623,0,2180,0.0009980000000009426
12873000,1994,210,128450,5819,1860,125303,107,19233,438,0,2181,0.0009999999999994458
12874000,-5360,5974,130231,-14520,7260,130270,109,19229,438,0,2182,0.0009999999999994458
12875001,-4016,-1974,129134,-17739,-5667,130134,132,19224,446,1,2183,0.0010010000000004737
12876000,-9591,8802,130441,-7293,4637,126665,132,19229,541,1,2184,0.0009990000000001942
12877000,-7788,9772,131848,-10167,4746,128325,114,19225,467,1,2185,0.0009999999999994458
12878000,-2496,4492,130055,-9195,-2398,123867,112,19214,459,0,2186,0.0010000000000012221
12879000,-4861,-8453,126156,-9010,-13298,137607,129,19214,528,0,2187,0.0009999999999994458
12880000,-2659,-912,126726,-4168,676,122250,101,19230,528,0,2188,0.0009999999999994458
12881000,-2479,11732,128136,-12557,3362,124158,122,19228,414,1,2189,0.0010000000000012221
12882000,-5930,6539,126958,-7557,5660,123341,122,19223,500,1,2190,0.0009999999999994458
12883000,-4985,9886,127763,-10596,1831,126894,119,19227,487,1,2191,0.0009999999999994458
12884000,-3691,-3890,125159,-555,-7212,128907,106,19227,434,1,2192,0.0009999999999994458
12885000,-3668,9365,124627,-4766,7200,117066,141,19228,577,0,2193,0.0010000000000012221
12886000,630,273,125389,-4923,-3310,130154,103,19228,577,0,2194,0.0009999999999994458
12887000,1297,829,123990,8558,-2882,127152,108,19232,422,0,2195,0.0009999999999994458
12888000,2812,711,125332,-14581,-4047,130995,108,19222,442,1,2196,0.0010000000000012221
12889000,-3763,10664,127208,173,13023,113644,158,19233,647,1,2197,0.0009999999999994458
12890000,993,21507,128655,1698,14165,131243,112,19233,459,1,2198,0.0009999999999994458
12891002,7334,-5646,120797,-881,-5663,122164,101,19223,414,0,2199,0.0010020000000015017
12892000,5159,-2037,124126,6702,9679,121941,95,19223,414,0,2200,0.0009979999999991662
12893000,12609,-6457,122718,5200,-6154,127255,120,19229,389,0,2201,0.0009999999999994458
12894000,2853,3396,126102,11186,1405,122888,120,19226,491,0,2202,0.0010000000000012221
12895000,4729,-3119,127171,-9732,-4197,133756,128,19222,524,1,2203,0.0009999999999994458
12896000,1677,8871,129383,5716,14696,115857,112,19228,459,1,2204,0.0009999999999994458
12897000,8227,13937,127910,8461,-9133,133913,103,19232,422,1,2205,0.0010000000000012221
12898001,8914,709,124535,6248,-1157,119239,127,19232,422,0,2206,0.0010009999999986974
12899000,7790,-3668,124939,472,-7107,130414,99,19227,520,0,2207,0.0009990000000001942
12900000,12210,-14611,127759,19517,-10736,132757,99,19232,405,0,2208,0.0009999999999994458
12901000,3255,2193,127467,1285,11453,119592,105,19227,430,1,2209,0.0010000000000012221
12902000,1481,8738,132189,-12851,3679,134644,143,19230,586,1,2210,0.0009999999999994458
12903000,240,7555,128120,11136,2235,122060,113,19229,463,1,2211,0.0009999999999994458
12904000,3924,3504,127602,1739,-4924,131449,104,19229,463,1,2212,0.0010000000000012221
12905000,10380,-10445,127673,-1701,-8988,126193,144,19224,426,0,2213,0.0009999999999994458
12906000,9168,-212,131142,17567,-6712,130026,144,19233,590,0,2214,0.0009999999999994458
12907001,6114,-3785,129198,-5054,-13198,133635,107,19229,438,0,2215,0.0010010000000004737
12908000,-2254,6004,132140,-18481,8659,119842,112,19222,459,1,2216,0.0009990000000001942
12909002,-6063,9461,135080,-1582,-1044,141386,125,19226,512,1,2217,0.0010019999999997253
12910000,-4553,2202,128080,-2177,4899,122201,101,19226,512,1,2218,0.0009980000000009426
12911000,-3796,-4419,130060,-17898,-14616,137694,118,19232,414,0,2219,0.0009999999999994458
12912000,2236,-10807,126996,1613,982,121609,118,19223,483,0,2220,0.0009999999999994458
12913000,1397,12716,130295,4630,3652,123905,99,19229,405,0,2221,0.0010000000000012221
12914000,-2462,-3891,131556,-16896,-9087,137081,111,19226,455,0,2222,0.0009999999999994458
12915001,-8100,2342,132096,-16800,-3147,128661,141,19226,577,1,2223,0.0010010000000004737
12916000,-8792,4654,131887,-10536,4221,129694,117,19226,479,1,2224,0.0009989999999984178
12917000,-7386,14803,131068,-6844,12439,120365,101,19228,479,1,2225,0.0010000000000012221
12918000,-2895,-1752,127738,-7909,-14427,134897,162,19229,414,0,2226,0.0009999999999994458
12919000,-3403,-5016,124380,-8247,-10159,125116,162,19233,664,0,2227,0.0009999999999994458
12920000,-2174,6100,127726,-4520,2769,126568,106,19228,434,0,2228,0.0010000000000012221
12921000,-1056,3146,129253,-1846,-2667,127389,110,19220,451,1,2229,0.0009999999999994458
12922002,-8473,18836,127569,-14282,8009,119589,127,19220,520,1,2230,0.0010019999999997253
12923000,-8329,-1348,126572,-17768,-8383,136952,111,19227,520,1,2231,0.0009980000000009426
12924000,-1025,5034,127113,2718,6030,120635,114,19229,455,1,2232,0.0009999999999994458
12925000,2713,6286,124876,879,-468,124382,114,19225,467,0,2233,0.0009999999999994458
12926001,2658,3308,124755,-7096,-1250,122023,95,19228,389,0,2234,0.0010010000000004737
12927001,2263,-4862,124800,-4945,-13851,131640,110,19228,451,0,2235,0.0009999999999994458
12928002,-438,3416,127698,3181,280,123105,132,19220,541,1,2236,0.0010010000000004737
12929000,-4459,22218,127163,-7950,21010,117619,112,19220,541,1,2237,0.0009980000000009426
12930000,-516,9267,127184,-2795,2456,129052,97,19231,459,1,2238,0.0009999999999994458
12931000,4625,3609,121887,11529,-202,121168,97,19233,397,0,2239,0.0009999999999994458
12932000,9694,-4369,122095,-2810,-10795,127934,133,19232,545,0,2240,0.0009999999999994458
12933000,10915,-5439,127506,12070,-6612,121032,120,19228,491,0,2241,0.0010000000000012221
12934000,6187,9001,126903,9868,-53,136760,118,19223,483,0,2242,0.0009999999999994458
12935000,4043,-7183,126429,-4391,-10774,124922,133,19223,483,1,2243,0.0009999999999994458
12936000,2495,10032,128930,2723,7103,126942,110,19224,545,1,2244,0.0010000000000012221
12937000,5760,4874,125313,10180,-1556,123703,110,19232,451,1,2245,0.0009999999999994458
12938002,10486,9191,126628,1064,5412,119906,105,19222,430,0,2246,0.0010019999999997253
12939001,9828,-1839,128616,4186,-20624,144758,104,19234,426,0,2247,0.0009990000000001942
12940001,5633,-20401,123178,16289,-7072,123274,107,19232,438,0,2248,0.0009999999999994458
12941000,2841,3829,130638,-3382,-496,131116,118,19232,438,1,2249,0.0009990000000001942
12942000,-776,7456,130391,-2084,12673,121780,112,19219,483,1,2250,0.0010000000000012221
12943000,4945,20461,132845,-1327,2682,127451,112,19227,459,1,2251,0.0009999999999994458
12944005,4179,-3545,128073,2063,-11067,130108,97,19230,397,1,2252,0.0010049999999992565
12945000,9761,-7819,126325,3572,-350,124059,137,19225,561,0,2253,0.0009950000000014114
12946000,9108,-13523,128625,13531,-16604,137777,104,19231,426,0,2254,0.0009999999999994458
12947000,2514,-10749,127755,-13887,-1647,128900,107,19231,426,0,2255,0.0009999999999994458
12948000,4124,10679,132021,-13156,17108,124723,155,19224,438,1,2256,0.0009999999999994458
12949000,-7628,14024,133613,9006,7734,124653,155,19234,635,1,2257,0.0010000000000012221
12950000,-6068,4002,129082,-11543,-14566,132081,108,19231,442,1,2258,0.0009999999999994458
12951000,-1979,-16905,127892,-11707,-20426,141009,98,19225,401,0,2259,0.0009999999999994458
12952000,-471,-5815,129093,3216,7321,119418,121,19229,496,0,2260,0.0010000000000012221
12953000,4871,11835,131136,-792,5958,124599,111,19229,496,0,2261,0.0009999999999994458
12954000,-8019,1868,130664,-15574,-2841,131161,125,19228,455,0,2262,0.0009999999999994458
12955000,-7269,-4487,130609,-13987,-1481,133945,125,19217,512,1,2263,0.0010000000000012221
12956000,-9282,2574,129134,-4618,6982,123626,111,19228,455,1,2264,0.0009999999999994458
12957000,-6779,18742,131531,-14255,17147,119547,100,19231,410,1,2265,0.0009999999999994458
12958002,382,2793,127333,-5477,-7066,130304,122,19218,500,0,2266,0.0010019999999997253
12959003,-5105,-12671,124768,-5210,-14636,135401,98,19218,401,0,2267,0.0010010000000004737
12960000,-1362,-2473,127241,-7756,-1692,125324,105,19231,401,0,2268,0.0009969999999999146
12961000,-6614,12811,128687,-5003,7419,121896,146,19226,430,1,2269,0.0010000000000012221
12962000,-5034,20610,129960,-12009,12707,120826,146,19231,598,1,2270,0.0009999999999994458
12963000,-7586,7408,127993,-10882,-1443,129573,112,19230,459,1,2271,0.0009999999999994458
12964000,677,-4880,125942,-3531,464,129760,101,19224,414,0,2272,0.0009999999999994458
12965000,2303,-727,123315,2888,-646,119270,116,19224,475,0,2273,0.0010000000000012221
12966000,-1415,1091,124868,-6749,-1721,127602,110,19232,475,0,2274,0.0009999999999994458
12967000,3292,3430,124364,-6646,1933,122239,117,19228,451,0,2275,0.0009999999999994458
12968001,-4454,5830,127367,2584,681,128510,117,19224,479,1,2276,0.0010010000000004737
12969002,-1131,7092,127514,-4440,4759,124411,125,19229,512,1,2277,0.0010010000000004737
12970000,151,19251,125621,293,11586,117916,99,19232,405,1,2278,0.0009979999999991662
12971000,7451,2798,124549,6201,-5107,133232,114,19232,467,0,2279,0.0010000000000012221
12972000,9181,-3407,123217,6867,-4510,117901,98,19227,467,0,2280,0.0009999999999994458
12973001,7893,-990,125763,4832,-1111,134114,113,19229,401,0,2281,0.0010010000000004737
12974002,5131,-4701,125264,6795,-4818,124429,113,19226,463,1,2282,0.0010009999999986974
12975001,559,12381,127021,-551,3627,121756,139,19227,569,1,2283,0.0009990000000001942
12976000,8175,6599,126909,-6516,5392,131176,114,19231,467,1,2284,0.0009990000000001942
12977000,8650,8481,126839,16391,3135,118982,98,19225,401,1,2285,0.0009999999999994458
12978000,10204,3175,126181,4475,-771,124653,149,19225,401,0,2286,0.0010000000000012221
12979000,9889,-2488,127400,-979,-9967,127054,105,19231,610,0,2287,0.0009999999999994458
12980000,4430,-15299,127203,19293,-19581,139614,105,19228,430,0,2288,0.0009999999999994458
12981000,5446,-549,131386,-6386,-2769,117546,107,19224,438,1,2289,0.0010000000000012221
12982000,-3585,19829,131336,-6934,19226,122068,123,19227,504,1,2290,0.0009999999999994458
12983000,1237,11511,132193,8497,6705,133396,111,19231,455,1,2291,0.0009999999999994458
12984000,6969,-5712,126145,-1012,-11901,131620,114,19231,455,0,2292,0.0010000000000012221
12985000,11283,-5129,127770,2759,-781,122692,90,19217,467,0,2293,0.0009999999999994458
12986000,9551,2631,130781,16891,140,124858,90,19231,369,0,2294,0.0009999999999994458
12987001,1114,-10149,127619,-1506,-9214,133471,103,19229,422,0,2295,0.0010010000000004737
12988002,3241,3989,132040,-23043,-832,133540,126,19224,516,1,2296,0.0010010000000004737
12989000,-8295,4605,131570,8572,-707,127908,114,19232,467,1,2297,0.0009979999999991662
12990000,-3710,7665,130799,-17130,5228,120773,99,19232,467,1,2298,0.0010000000000012221
12991000,-880,1479,130600,-18907,-23197,137366,145,19230,405,0,2299,0.0009999999999994458
12992000,3208,-11927,125671,19683,5191,126184,145,19231,594,0,2300,0.0009999999999994458
12993000,-646,5241,130904,-12890,2893,125918,106,19227,434,0,2301,0.0009999999999994458
12994000,-6728,-1394,130396,-20403,3569,128904,114,19226,467,1,2302,0.0010000000000012221
12995000,-8327,5391,133193,-3077,-1784,134246,141,19229,577,1,2303,0.0009999999999994458
12996000,-9105,-4604,129110,-11490,2165,131501,115,19229,577,1,2304,0.0009999999999994458
12997000,-5966,14939,129888,-10490,14946,117132,108,19230,471,1,2305,0.0010000000000012221
12998001,-4998,1747,128073,-11892,-4130,129745,108,19223,442,0,2306,0.0010009999999986974
12999000,-1190,-11838,125651,-1822,-1407,128659,141,19225,577,0,2307,0.0009990000000001942
13000000,-2082,-302,128536,-7615,-1798,129698,109,19229,446,0,2308,0.0010000000000012221
13001000,-6806,-187,125140,-10533,4222,122457,127,19224,520,1,2309,0.0009999999999994458
13002000,-8366,19578,129145,-10235,11965,121124,120,19224,520,1,2310,0.0009999999999994458
13003000,-6401,4039,128467,-7330,-5914,135052,105,19228,491,1,2311,0.0010000000000012221
13004000,367,7164,124147,-528,9074,115542,105,19228,430,0,2312,0.0009999999999994458
13005000,-1690,5116,124958,-13094,-600,125888,139,19237,569,0,2313,0.0009999999999994458
13006000,4865,-3943,124110,14485,-2204,127030,102,19230,418,0,2314,0.0010000000000012221
13007001,1098,88,124961,-2978,-2296,126535,109,19226,446,0,2315,0.0010009999999986974
13008000,-2842,4313,126314,-16854,9541,124897,158,19226,647,1,2316,0.0009990000000001942
13009000,-1199,15893,128583,6222,11018,120377,110,19228,647,1,2317,0.0009999999999994458
13010000,2515,3478,124456,1552,-2967,125683,100,19234,451,1,2318,0.0010000000000012221
13011002,8408,1621,123765,-672,4084,122616,100,19223,410,0,2319,0.0010019999999997253
13012000,7809,4689,124912,7654,-7046,122222,93,19234,381,0,2320,0.0009979999999991662
13013000,9503,-4802,122830,13720,-8979,129948,112,19228,459,0,2321,0.0010000000000012221
13014000,2687,338,129390,-1426,-1793,127740,124,19228,508,1,2322,0.0009999999999994458
13015000,1406,-2327,127607,-10420,-4301,130833,112,19221,508,1,2323,0.0009999999999994458
13016000,4983,27163,129990,12858,17172,114911,101,19229,459,1,2324,0.0010000000000012221
13017000,4899,-4237,123963,24,-8665,137135,101,19229,414,1,2325,0.0009999999999994458
13018000,13631,-11760,124637,6634,-5700,124894,125,19222,512,0,2326,0.0009999999999994458
13019000,7611,-3278,125862,18839,-9226,128588,98,19230,401,0,2327,0.0010000000000012221
13020000,9144,-5515,125302,-2582,-5689,128102,102,19229,418,0,2328,0.0009999999999994458
13021000,4523,9478,132307,-3173,2490,124373,140,19229,418,1,2329,0.0009999999999994458
13022000,1904,9441,131625,7936,-685,132361,115,19229,573,1,2330,0.0010000000000012221
13023000,-436,6505,129063,3946,2158,123900,115,19232,471,1,2331,0.0009999999999994458
13024000,279,-1041,131047,-4797,-10510,133917,105,19225,430,0,2332,0.0009999999999994458
13025000,12515,-14892,124790,1998,-16418,130020,138,19230,565,0,2333,0.0009999999999994458
13026000,6293,-249,130845,18684,-2048,128505,105,19229,430,0,2334,0.0010000000000012221
13027000,6097,-9273,131496,-12730,-11480,131635,111,19229,430,0,2335,0.0009999999999994458
13028000,-4248,20336,131952,-10759,14874,129635,129,19224,455,1,2336,0.0009999999999994458
13029000,-6289,-548,131322,-2374,-9594,139573,129,19229,528,1,2337,0.0010000000000012221
13030000,-6529,-6800,129941,-2205,-6863,127127,105,19232,430,1,2338,0.0009999999999994458
13031001,-2778,-2088,130469,-14413,-5167,130819,117,19222,479,0,2339,0.0010010000000004737
13032000,-51,2468,130814,-3317,-25,124212,108,19226,442,0,2340,0.0009990000000001942
13033000,-359,3052,129362,3010,1318,133043,112,19226,442,0,2341,0.0009999999999994458
13034000,-4072,6428,131558,-14486,267,128550,141,19228,459,1,2342,0.0009999999999994458
13035000,-10076,2532,128540,-13981,6485,130362,141,19226,577,1,2343,0.0010000000000012221
13036000,-8443,10642,131529,-8354,5797,126768,119,19229,487,1,2344,0.0009999999999994458
13037001,-3808,3574,128947,-6038,-4167,131013,103,19228,422,1,2345,0.0010010000000004737
13038000,-3150,-7882,126219,-9022,-11853,129322,162,19228,664,0,2346,0.0009990000000001942
13039000,-3938,-3271,125519,-7871,10332,119410,100,19228,664,0,2347,0.0009999999999994458
13040000,-224,10102,127009,-10093,6951,121952,104,19229,410,0,2348,0.0009999999999994458
13041000,-2867,5980,127415,-2801,2180,131290,104,19222,426,1,2349,0.0009999999999994458
13042000,-7143,7547,128016,-15155,1316,125615,125,19228,512,1,2350,0.0010000000000012221
13043000,-6017,4365,126813,-9382,4273,124294,115,19231,471,1,2351,0.0009999999999994458
13044000,-1040,9052,129930,5342,-6930,124607,113,19224,463,0,2352,0.0009999999999994458
13045001,301,245,124226,1099,-13412,127556,91,19224,463,0,2353,0.0010010000000004737
13046001,-1638,-64,123808,-6645,3430,125424,107,19230,373,0,2354,0.0009999999999994458
13047000,-252,9464,127054,-3990,5867,119942,107,19227,438,0,2355,0.0009990000000001942
13048000,-1109,16480,126001,-3911,15785,119035,132,19218,541,1,2356,0.0010000000000012221
13049000,497,7832,127109,-1894,-4112,133571,117,19230,479,1,2357,0.0009999999999994458
13050000,3327,-4035,123005,9671,-2359,123512,97,19230,397,1,2358,0.0009999999999994458
13051000,8026,11272,123328,-6044,10226,118623,127,19230,520,0,2359,0.0010000000000012221
13052000,15119,1939,124724,14135,-3409,124067,111,19233,520,0,2360,0.0009999999999994458
13053000,6841,-8938,124091,9929,-14217,132941,113,19227,455,0,2361,0.0009999999999994458
13054000,4790,-1528,126633,-9212,-7637,123737,113,19224,463,1,2362,0.0010000000000012221
13055000,-15,15837,130194,5715,17651,120835,133,19227,545,1,2363,0.0009999999999994458
13056002,5511,13400,129354,13605,1304,130528,108,19231,442,1,2364,0.0010019999999997253
13057000,7033,2355,123908,3156,2030,120555,105,19231,430,0,2365,0.0009979999999991662
13058000,10869,-3961,126706,-4505,-12186,134621,100,19224,430,0,2366,0.0010000000000012221
13059000,13441,-8772,126194,25756,-5490,124030,107,19230,410,0,2367,0.0009999999999994458
13060000,4035,5101,129725,-1171,1386,127281,107,19230,438,0,2368,0.0009999999999994458
13061000,4538,-2220,129770,-15903,-4866,131860,119,19223,487,1,2369,0.0010000000000012221
13062000,553,11738,132018,19386,2305,122722,111,19227,455,1,2370,0.0009999999999994458
13063000,-1869,10294,132162,-3488,-1213,128535,101,19227,414,1,2371,0.0009999999999994458
13064000,6564,-4585,126604,-7996,-7133,124486,140,19229,414,0,2372,0.0010000000000012221
13065000,7911,-10687,131350,12962,-17943,136767,105,19225,573,0,2373,0.0009999999999994458
13066000,7446,-5322,126921,18748,-7200,127431,105,19229,430,0,2374,0.0009999999999994458
13067000,-2599,2329,129526,-28185,4115,125693,105,19228,430,1,2375,0.0010000000000012221
13068000,180,9118,136162,-7384,5841,127693,153,19224,627,1,2376,0.0009999999999994458
13069000,-8660,12511,129213,13639,-430,126627,108,19232,442,1,2377,0.0009999999999994458
13070000,-2328,-4377,129905,-23950,-7875,133471,101,19232,442,1,2378,0.0010000000000012221
13071000,-1146,-13526,128904,-7302,-17019,133001,119,19225,414,0,2379,0.0009999999999994458
13072000,4152,1339,128455,9462,1083,123980,119,19232,487,0,2380,0.0009999999999994458
13073000,-2246,4637,129564,-9012,-971,129655,110,19229,451,0,2381,0.0009999999999994458
13074000,-6864,382,130727,-17466,-659,124014,121,19218,496,1,2382,0.0010000000000012221
13075000,-7990,5388,131976,-11489,-71,126243,109,19227,446,1,2383,0.0009999999999994458
13076000,-11963,9727,129598,-4009,9197,117532,101,19227,446,1,2384,0.0009999999999994458
13077000,-3567,15791,132274,-11523,11091,132991,126,19232,414,0,2385,0.0010000000000012221
13078000,-4947,-11715,123601,-10430,-17208,129745,126,19216,516,0,2386,0.0009999999999994458
13079000,129,-860,127292,-4342,-1264,127859,99,19230,405,0,2387,0.0009999999999994458
13080000,78,4216,128368,-7258,11832,117441,105,19225,430,0,2388,0.0010000000000012221
13081002,-5808,11468,127094,-4844,14865,125870,145,19232,594,1,2389,0.0010019999999997253
13082000,-4594,3950,127430,-15982,-5795,134655,115,19232,594,1,2390,0.0009979999999991662
13083000,-6353,-733,124804,-7402,7700,124667,102,19228,471,1,2391,0.0010000000000012221
13084000,2342,10089,126898,1339,3124,121168,102,19226,418,0,2392,0.0009999999999994458
13085000,-3784,-1796,125247,-6825,-11988,127495,119,19230,487,0,2393,0.0009999999999994458
13086000,1960,-5787,123666,-4808,-6624,135465,117,19229,479,0,2394,0.0009999999999994458
13087000,659,3672,125915,1676,14136,118784,121,19221,496,1,2395,0.0010000000000012221
13088000,-3078,22343,127325,-5095,17139,119185,134,19221,496,1,2396,0.0009999999999994458
13089000,36,11425,125477,-3624,-3887,127715,103,19228,549,1,2397,0.0009999999999994458
13090000,4660,252,122645,2613,-1970,128379,103,19230,422,0,2398,0.0010000000000012221
13091001,11714,-4102,121463,7203,-2732,124785,114,19228,467,0,2399,0.0010009999999986974
13092000,10069,1052,125611,7674,6586,115123,98,19228,401,0,2400,0.0009990000000001942
13093003,7471,-4947,125497,1674,-11619,135094,115,19230,471,0,2401,0.0010030000000007533
13094002,3633,-5517,126756,2364,-233,127300,139,19230,569,1,2402,0.0009990000000001942
13095001,337,13513,127694,849,13575,122052,113,19228,569,1,2403,0.0009990000000001942
13096000,4631,14721,126735,8563,5233,120771,94,19229,463,1,2404,0.0009990000000001942
13097000,8109,4440,124580,638,-2637,122743,94,19228,385,0,2405,0.0009999999999994458
13098000,14297,-6253,129384,10166,-12289,135404,147,19233,602,0,2406,0.0009999999999994458
13099000,9026,-9320,124269,15514,-4457,125107,105,19229,430,0,2407,0.0010000000000012221
13100000,4706,-3350,129945,-6104,3482,133167,108,19229,442,0,2408,0.0009999999999994458
13101000,1985,5359,129840,-1208,6932,124203,120,19222,442,1,2409,0.0009999999999994458
13102000,1563,6329,127481,6385,4077,128147,106,19228,491,1,2410,0.0009999999999994458
13103000,3462,10311,131083,-6111,657,126239,106,19234,434,1,2411,0.0010000000000012221
13104001,7199,-6404,127655,2753,-10596,126598,112,19219,459,0,2412,0.0010010000000004737
13105000,10385,-11284,128982,21448,-6661,129484,91,19232,373,0,2413,0.0009989999999984178
13106002,2102,878,130727,-6277,-9066,130718,106,19232,434,0,2414,0.0010020000000015017
13107000,-395,-85,130880,-16737,4988,127597,131,19230,434,1,2415,0.0009979999999991662
13108001,-4217,10749,134614,2091,6404,132395,113,19220,537,1,2416,0.0010010000000004737
13109000,-8367,-5994,129347,-5413,-8611,133007,113,19234,463,1,2417,0.0009990000000001942
13110000,-1483,8937,132388,-16173,-1451,121683,96,19228,393,0,2418,0.0009999999999994458
13111000,678,-11002,126883,-5836,-16712,138140,145,19232,594,0,2419,0.0009999999999994458
13112000,4039,-1498,131434,11396,5841,125615,108,19228,442,0,2420,0.0010000000000012221
13113002,-3994,4817,130049,-17845,624,126363,113,19228,442,0,2421,0.0010019999999997253
13114000,-8361,3377,128112,-20457,3414,130796,137,19223,463,1,2422,0.0009979999999991662
13115000,-8438,7265,133441,-4587,596,129934,137,19229,561,1,2423,0.0010000000000012221
13116000,-7296,7687,128044,-7991,4403,127321,110,19230,451,1,2424,0.0009999999999994458
13117003,-2676,9833,130192,-9090,4239,120614,108,19217,442,0,2425,0.001002999999998977
13118002,-4487,-8358,125859,-10671,-12442,135630,136,19229,557,0,2426,0.0009990000000001942
13119000,37,-1321,126980,-3199,-4330,126002,105,19229,557,0,2427,0.0009980000000009426
13120000,-3824,3007,126185,-11787,1487,126451,119,19227,430,1,2428,0.0009999999999994458
13121000,-7705,9607,131065,-12132,8153,116828,119,19222,487,1,2429,0.0009999999999994458
13122000,-3785,15303,127039,-8180,5088,137722,115,19229,471,1,2430,0.0010000000000012221
13123000,-4202,-8145,124561,-7781,-12314,121845,102,19227,418,1,2431,0.0009999999999994458
13124000,1604,13659,126723,-3076,11214,120006,136,19232,557,0,2432,0.0009999999999994458
13125000,418,813,125120,3878,-4306,129090,104,19232,557,0,2433,0.0010000000000012221
13126000,1489,-5090,126071,-1617,-6234,131372,108,19227,426,0,2434,0.0009999999999994458
13127000,-2224,-4117,125549,-8610,74,128707,108,19223,442,1,2435,0.0009999999999994458
13128001,-3157,20324,127667,-2073,21503,112015,155,19229,635,1,2436,0.0010010000000004737
13129000,96,18564,127706,369,-1376,131002,110,19232,451,1,2437,0.0009990000000001942
13130000,4038,-5349,122612,329,-3513,124641,99,19226,405,0,2438,0.0009999999999994458
13131000,10154,2387,123913,5114,-4095,124037,100,19226,405,0,2439,0.0010000000000012221
13132000,7325,-4276,123284,12321,-4908,122880,119,19229,410,0,2440,0.0009999999999994458
13133000,6754,2610,127267,5298,8986,119182,119,19225,487,0,2441,0.0009999999999994458
13134000,3700,-6278,125590,-9773,-510,133817,123,19220,504,1,2442,0.0009999999999994458
13135000,5465,2029,128759,10573,8856,124138,113,19228,463,1,2443,0.0010000000000012221
13136003,5753,10988,126548,9704,-1610,125423,103,19231,422,1,2444,0.001002999999998977
13137000,8477,2428,125369,-3033,4018,120491,126,19231,516,0,2445,0.0009969999999999146
13138000,8542,2501,128135,13877,-13712,132131,99,19226,516,0,2446,0.0010000000000012221
13139001,8213,-18084,124470,10467,-12314,138011,102,19229,405,0,2447,0.0010009999999986974
13140001,4931,-2216,128811,-5426,7073,122563,102,19228,418,1,2448,0.0010000000000012221
13141000,-515,17366,132756,423,7084,126771,137,19229,561,1,2449,0.0009990000000001942
13142000,98,8835,127520,5333,5452,124340,112,19231,459,1,2450,0.0009999999999994458
13143000,2820,-2610,129291,-2314,-3833,135314,102,19231,418,1,2451,0.0009999999999994458
13144001,10378,-16321,125641,4354,-9260,128832,136,19225,418,0,2452,0.0010010000000004737
13145000,9797,3786,130805,19242,1673,120492,106,19232,557,0,2453,0.0009990000000001942
13146002,3060,-6697,128997,-6807,-11376,135985,106,19229,434,0,2454,0.0010019999999997253
13147002,-1067,-2294,132294,-18528,4745,125803,111,19230,455,1,2455,0.0009999999999994458
13148010,-7691,7848,132893,2454,4435,130385,129,19230,528,1,2456,0.001008000000000564
13149000,-6862,4844,131766,-713,-4188,128211,105,19230,430,1,2457,0.0009899999999998244
13150000,-2812,-412,127689,-15915,-10555,129455,116,19231,430,0,2458,0.0009999999999994458
13151000,-814,-5114,128355,-3968,-28,131425,93,19223,475,0,2459,0.0010000000000012221
13152000,4291,1656,129184,5539,545,126403,93,19227,381,0,2460,0.0009999999999994458
13153000,-4291,931,132064,-10826,-136,128451,108,19226,442,0,2461,0.0009999999999994458
13154000,-8846,131,129658,-21930,-884,133169,141,19227,577,1,2462,0.0010000000000012221
13155000,-9475,5354,131170,-9742,3679,128046,117,19227,479,1,2463,0.0009999999999994458
13156000,-4813,9315,130383,336,445,127816,100,19232,479,1,2464,0.0009999999999994458
13157000,-3745,7880,128321,-10780,1487,126653,160,19227,410,0,2465,0.0010000000000012221
13158000,-3932,-3201,124968,-12219,-4444,125350,160,19236,655,0,2466,0.0009999999999994458
13159000,530,1483,128476,-2452,-2634,130300,101,19231,414,0,2467,0.0009999999999994458
13160000,-3065,8578,126744,-5321,7161,121831,108,19223,442,1,2468,0.0010000000000012221
13161001,-8844,9771,128613,-13075,5545,127937,132,19227,541,1,2469,0.0010009999999986974
13162002,-8013,6666,127296,-14983,6885,125106,110,19227,541,1,2470,0.0010010000000004737
13163000,2256,7555,126270,-2029,2493,126367,113,19231,451,0,2471,0.0009980000000009426
13164003,3029,388,126150,2904,-3551,126887,113,19223,463,0,2472,0.001002999999998977
13165002,3520,1095,124529,-3288,-3026,121343,89,19228,365,0,2473,0.0009990000000001942
13166000,1242,2588,125061,-7844,-2006,128594,108,19229,442,0,2474,0.0009979999999991662
13167002,-2483,3556,126330,-700,2691,124411,132,19222,541,1,2475,0.0010020000000015017
13168004,-4114,11162,126963,-3482,6915,129710,116,19222,541,1,2476,0.0010019999999997253
13169002,-3500,9296,126289,-1859,4011,118332,93,19229,475,1,2477,0.0009979999999991662
13170002,6096,9146,123897,4608,3731,127308,93,19227,381,0,2478,0.0010000000000012221
13171000,7317,8173,125948,959,2376,123446,122,19232,500,0,2479,0.0009979999999991662
13172000,10781,-499,125223,8549,-3407,127098,111,19228,455,0,2480,0.0009999999999994458
13173000,6084,-6826,127717,7586,-1718,131294,113,19227,463,1,2481,0.0010000000000012221
13174000,2981,5730,128238,-1183,8364,118626,130,19227,463,1,2482,0.0009999999999994458
13175000,4885,8342,127452,-163,-1115,131599,107,19233,532,1,2483,0.0009999999999994458
13176000,7907,2208,124594,10352,3190,120610,107,19232,438,1,2484,0.0010000000000012221
13177000,11677,9593,126978,2352,3883,123772,104,19220,426,0,2485,0.0009999999999994458
13178000,9016,-2355,127169,16199,-15197,132317,97,19228,397,0,2486,0.0009999999999994458
13179000,8141,-12478,126793,8979,-15476,130735,102,19231,418,0,2487,0.0010000000000012221
13180000,1619,-10,129615,-11144,-712,132855,117,19231,418,1,2488,0.0009999999999994458
13181000,1141,13344,131045,4317,16391,117918,114,19224,479,1,2489,0.0009999999999994458
13182000,2882,12761,131835,5140,-357,132519,114,19227,467,1,2490,0.0009999999999994458
13183000,1315,204,130070,-4981,-9292,127046,102,19229,418,1,2491,0.0010000000000012221
13184000,10709,-13156,125620,6423,-18660,132294,138,19219,565,0,2492,0.0009999999999994458
13185001,7590,-8587,130348,19440,-4424,133285,114,19231,467,0,2493,0.0010010000000004737
13186001,2309,-3724,128356,-16434,11948,121099,109,19231,446,0,2494,0.0009999999999994458
13187000,2805,11013,133900,-18249,9764,126738,157,19224,446,1,2495,0.0009990000000001942
13188000,-5488,6827,132694,19959,-807,131286,112,19229,643,1,2496,0.0009999999999994458
13189002,-7998,-6022,128166,-14106,-14088,133618,112,19229,459,1,2497,0.0010019999999997253
13190000,-1404,-7465,128021,-20904,-12177,130793,106,19223,434,0,2498,0.0009980000000009426
13191000,1939,3099,130977,5652,2589,120530,117,19229,479,0,2499,0.0009999999999994458
13192000,4972,5438,131967,2953,2551,131267,105,19229,430,0,2500,0.0010000000000012221
13193003,-7844,3623,130210,-21089,316,126945,120,19230,430,1,2501,0.001002999999998977
13194000,-5383,542,129358,-17001,-2904,135865,115,19222,491,1,2502,0.0009969999999999146
13195000,-11254,5480,128415,1200,12218,121231,115,19228,471,1,2503,0.0010000000000012221
13196000,-4064,13333,130373,-16299,5336,128112,103,19229,422,1,2504,0.0009999999999994458
13197002,-3667,-1133,128107,-7053,-8431,127633,129,19226,528,0,2505,0.0010019999999997253
13198000,-6021,-10622,125143,-1156,-2075,129157,96,19226,393,0,2506,0.0009979999999991662
13199000,2038,-2960,128386,-11034,255,127190,101,19232,393,0,2507,0.0010000000000012221
13200000,-6047,13424,128559,-801,11254,120564,146,19228,414,1,2508,0.0009999999999994458
13201000,-6079,8971,127239,-11674,4700,128680,146,19228,598,1,2509,0.0009999999999994458
13202000,-9524,2844,127482,-13145,2470,125932,118,19230,483,1,2510,0.0010000000000012221
13203000,848,4922,126470,-1611,1050,122260,105,19226,430,0,2511,0.0009999999999994458
13204000,3314,4029,126679,5323,-2155,126052,108,19226,442,0,2512,0.0009999999999994458
13205000,-358,-2211,122475,-10256,-5296,124740,109,19226,442,0,2513,0.0010000000000012221
13206000,2955,7455,126812,-7938,11123,126292,115,19233,446,0,2514,0.0009999999999994458
13207000,-2837,6658,124806,6556,8090,123152,115,19226,471,1,2515,0.0009999999999994458
13208000,-1238,7513,124873,-6372,5749,123914,133,19228,545,1,2516,0.0010000000000012221
13209001,386,1872,126278,-5070,-4484,127744,104,19233,426,1,2517,0.0010009999999986974
13210000,8471,8277,122947,10163,5615,117655,118,19228,483,0,2518,0.0009990000000001942
13211000,6603,2276,126765,11197,-4453,126607,101,19228,483,0,2519,0.0009999999999994458
13212000,8249,-7965,125241,-3448,-12713,128670,114,19229,414,0,2520,0.0010000000000012221
13213001,2703,-766,128114,11618,-3162,126225,114,19227,467,1,2521,0.0010010000000004737
13214000,288,8150,127723,-4964,7272,123531,141,19227,577,1,2522,0.0009989999999984178
13215003,4312,10757,128318,-6606,6037,126093,115,19232,471,1,2523,0.0010030000000007533
13216000,7751,4401,123775,18675,2297,120772,97,19230,397,1,2524,0.0009969999999999146
13217000,12654,3164,124600,-7604,-1112,128744,143,19230,397,0,2525,0.0009999999999994458
13218000,10756,-5932,128489,16392,-10702,134302,108,19232,586,0,2526,0.0010000000000012221
13219000,7043,-8210,127376,13641,-11533,128920,108,19227,442,0,2527,0.0009999999999994458
13220000,2292,-548,131034,-12984,8188,127536,105,19231,430,1,2528,0.0009999999999994458
13221000,-2984,9929,131219,349,6016,125141,121,19228,496,1,2529,0.0010000000000012221
13222000,4201,15013,127615,7676,-4003,128897,106,19232,434,1,2530,0.0009999999999994458
13223001,3034,1623,128049,-2165,-9050,130249,113,19232,434,0,2531,0.0010010000000004737
13224000,12879,-13378,129415,6263,-4215,126036,90,19218,463,0,2532,0.0009990000000001942
13225000,8533,-1738,129133,17053,-8351,131788,90,19230,369,0,2533,0.0009999999999994458
13226000,-2194,-8186,128856,-24646,-2510,129519,106,19231,434,0,2534,0.0009999999999994458
13227000,1165,3946,131858,-3828,16791,123309,128,19220,524,1,2535,0.0009999999999994458
13228000,-9153,6348,132380,7980,2383,128527,110,19228,451,1,2536,0.0010000000000012221
13229000,408,-158,129582,-17625,-10339,131256,98,19228,401,1,2537,0.0009999999999994458
13230000,-2896,-7489,130640,-6485,-14392,136142,149,19227,401,0,2538,0.0009999999999994458
13231000,-308,-3675,129152,8336,2647,122181,118,19229,610,0,2539,0.0010000000000012221
13232000,-2576,8702,131732,-11886,2071,127911,118,19226,483,0,2540,0.0009999999999994458
13233000,-8619,-3712,130872,-21033,-460,135449,117,19225,479,1,2541,0.0009999999999994458
13234002,-7594,5420,132030,-2939,438,129378,132,19226,541,1,2542,0.0010020000000015017
13235000,-11081,5205,128022,-6362,4177,127705,110,19226,451,1,2543,0.0009979999999991662
13236000,-3062,13086,131998,-9390,9562,120954,108,19230,451,1,2544,0.0009999999999994458
13237000,-4720,-7411,125792,-8616,-14370,134640,133,19223,442,0,2545,0.0010000000000012221
13238002,-985,-8089,125364,-5728,-6394,129128,133,19236,545,0,2546,0.0010019999999997253
13239000,-2318,6022,126536,-5369,13228,116752,104,19231,426,0,2547,0.0009979999999991662
13240000,-5423,10874,128898,-11547,9567,127472,121,19223,496,1,2548,0.0010000000000012221
13241000,-6948,2047,126113,-5595,-5011,129449,114,19223,467,1,2549,0.0009999999999994458
13242000,-8078,5198,126644,-13680,8035,122150,102,19230,467,1,2550,0.0009999999999994458
13243000,806,11911,128176,2995,1526,120557,137,19229,418,0,2551,0.0009999999999994458
13244000,7,2742,123554,3100,-6182,127372,137,19231,561,0,2552,0.0010000000000012221
13245000,2607,-8722,123030,-9905,-10258,136922,107,19228,438,0,2553,0.0009999999999994458
13246000,-1771,3055,126377,617,7189,116732,109,19229,446,0,2554,0.0009999999999994458
13247002,-610,21614,128269,-1092,15559,123240,159,19228,651,1,2555,0.0010020000000015017
13248002,-2552,6587,125609,-4285,4234,126252,110,19228,651,1,2556,0.0009999999999994458
13249000,2911,5133,124922,-884,2285,124571,100,19232,451,1,2557,0.0009979999999991662
13250000,10820,2116,123108,8254,-8623,126324,100,19227,410,0,2558,0.0010000000000012221
13251000,7376,10459,123044,12575,8924,114453,96,19236,393,0,2559,0.0009999999999994458
13252001,8912,-11905,126189,-454,-17932,133290,112,19226,459,0,2560,0.0010010000000004737
13253000,3923,-6706,126639,1732,-5373,128767,122,19219,500,1,2561,0.0009990000000001942
13254002,724,17985,129782,3388,14862,119962,113,19219,500,1,2562,0.0010019999999997253
13255000,1293,10267,126951,1942,6714,122091,100,19225,463,1,2563,0.0009979999999991662
13256002,8597,61,126036,5584,-5107,127155,100,19230,410,1,2564,0.0010019999999997253
13257002,12385,-7279,126763,7136,-9737,137369,123,19228,504,0,2565,0.0010000000000012221
13258001,10583,1051,127074,15460,-2858,124413,98,19227,401,0,2566,0.0009990000000001942
13259000,5841,-2907,127863,5559,-4693,127936,103,19223,422,0,2567,0.0009989999999984178
13260002,4731,4516,129832,-11653,2637,129258,142,19223,422,1,2568,0.0010020000000015017
13261000,1512,6121,129675,7350,-535,129046,112,19228,582,1,2569,0.0009979999999991662
13262002,232,7459,129751,8096,1265,117793,112,19233,459,1,2570,0.0010019999999997253
13263001,4895,7801,128241,-12069,2818,135607,101,19223,414,0,2571,0.0009990000000001942
13264000,8850,-20341,127172,14428,-23091,134455,145,19232,594,0,2572,0.0009990000000001942
13265001,6831,-45,129866,14738,-4253,129187,106,19229,434,0,2573,0.0010010000000004737
13266002,1307,3097,130156,-22807,2624,121031,113,19229,434,0,2574,0.0010009999999986974
13267000,-141,19137,134585,-7564,7160,127351,122,19221,463,1,2575,0.0009980000000009426
13268002,-3068,-3872,130350,9712,-11769,138113,122,19225,500,1,2576,0.0010019999999997253
13269002,-8530,-11485,128740,-10958,-10621,131698,102,19230,418,1,2577,0.0009999999999994458
13270002,1041,-5598,130299,-23227,807,127147,116,19224,475,0,2578,0.0010000000000012221
13271000,-368,5504,131712,7527,1779,125821,97,19232,397,0,2579,0.0009979999999991662
13272001,-1759,3967,128982,-14427,3815,127039,113,19232,463,0,2580,0.0010010000000004737
13273002,-9649,2939,131951,-18612,-9417,136019,141,19226,463,1,2581,0.0010010000000004737
13274002,-8225,-7912,129283,-8702,14506,126921,114,19227,577,1,2582,0.0009999999999994458
13275000,-8601,19739,132807,-4407,3873,122968,114,19230,467,1,2583,0.0009979999999991662
13276002,-3344,7193,128467,-6890,-6715,127630,99,19228,405,1,2584,0.0010020000000015017
13277000,-4627,-4266,127424,-13979,-11885,133966,157,19225,643,0,2585,0.0009979999999991662
13278002,-4299,-7560,126052,-3061,-2647,124555,105,19225,430,0,2586,0.0010019999999997253
13279002,33,12196,128002,-10138,16060,118619,108,19233,430,0,2587,0.0010000000000012221
13280002,-4654,4339,126965,-9259,5568,128807,128,19225,442,1,2588,0.0009999999999994458
13281003,-7441,6105,128477,-11823,370,126003,128,19228,524,1,2589,0.0010010000000004737
13282002,-3515,4458,124882,-6075,-2393,128427,110,19232,451,1,2590,0.0009989999999984178
13283000,-2388,5926,128047,3853,4626,123907,112,19220,459,0,2591,0.0009980000000009426
13284000,-804,463,124759,-8383,-8250,125715,93,19220,381,0,2592,0.0009999999999994458
13285000,-450,787,123701,-5107,-2094,126392,109,19224,381,0,2593,0.0010000000000012221
13286001,310,6331,126939,-3881,5392,132861,127,19233,446,0,2594,0.0010009999999986974
13287000,-528,1984,123909,2475,6554,115915,127,19223,520,1,2595,0.0009990000000001942
13288002,-4373,17744,126721,-9191,17040,123243,113,19229,463,1,2596,0.0010019999999997253
13289002,7797,4023,123161,988,-817,127897,99,19229,405,1,2597,0.0010000000000012221
13290002,9950,684,124038,14989,733,122466,131,19233,537,0,2598,0.0009999999999994458
13291000,13385,-1992,122781,3302,-11962,128067,110,19233,537,0,2599,0.0009979999999991662
13292001,4812,-2059,125514,3799,3347,118988,112,19226,451,0,2600,0.0010010000000004737
13293000,4318,-3345,128816,820,-7947,136114,112,19224,459,1,2601,0.0009990000000001942
13294002,3173,6583,128579,2974,9838,120036,133,19230,545,1,2602,0.0010019999999997253
13295000,2034,16572,127503,5084,10226,124815,110,19232,451,1,2603,0.0009980000000009426
13296002,6803,3041,125888,3974,-2661,123685,103,19221,422,0,2604,0.0010019999999997253
13297000,11201,5545,126449,3535,-8698,121883,103,19221,422,0,2605,0.0009979999999991662
13298002,11864,-9586,128546,15757,-13492,142128,104,19231,422,0,2606,0.0010019999999997253
13299001,6356,-512,128854,-975,335,118211,104,19230,426,0,2607,0.0009990000000001942
13300002,3712,9546,132289,-4653,6088,130335,118,19222,483,1,2608,0.0010010000000004737
13301000,862,7854,129199,6448,1362,128868,114,19228,467,1,2609,0.0009980000000009426
13302002,1932,-1789,127360,-2577,-2827,130525,102,19227,418,1,2610,0.0010019999999997253
13303002,7827,139,127896,1607,-1579,126753,134,19227,418,0,2611,0.0009999999999994458
13304002,10608,33,127354,16212,-1122,118825,105,19225,549,0,2612,0.0009999999999994458
13305002,6263,-7488,129149,14027,-10902,136970,105,19229,430,0,2613,0.0010000000000012221
13306000,1894,-655,131441,-28610,632,130650,106,19227,434,1,2614,0.0009979999999991662
13307002,-2157,11969,132178,-1460,10849,126019,156,19229,639,1,2615,0.0010019999999997253
13308002,-8609,5760,132848,8049,1092,126644,110,19235,451,1,2616,0.0010000000000012221
13309002,-4043,-4627,128355,-25488,-7187,145184,100,19235,451,1,2617,0.0009999999999994458
13310000,826,-14794,129297,-5227,-18965,119944,122,19224,410,0,2618,0.0009979999999991662
13311002,3180,11413,130173,9824,8329,122863,122,19230,500,0,2619,0.0010020000000015017
13312002,-3608,3363,130974,-7211,47,131202,110,19227,451,0,2620,0.0009999999999994458
13313002,-7054,1536,131800,-17838,-4871,132630,125,19220,512,1,2621,0.0009999999999994458
13314000,-10789,-8341,131256,-13348,11229,130513,113,19229,463,1,2622,0.0009980000000009426
13315002,-10948,12950,130850,-4734,15107,114625,104,19229,463,1,2623,0.0010019999999997253
13316002,-2942,13976,127036,-10475,-8159,133940,125,19230,426,0,2624,0.0009999999999994458
13317002,-4345,-11887,124897,-8408,-11695,133055,125,19218,512,0,2625,0.0009999999999994458
13318002,510,-6075,126000,-3134,1351,123424,100,19228,410,0,2626,0.0010000000000012221
13319000,-1764,8258,130121,-6735,8226,123744,106,19228,434,0,2627,0.0009979999999991662
13320002,-6104,11600,127966,-11928,4864,123508,147,19228,602,1,2628,0.0010019999999997253
13321002,-9224,3024,126963,-5513,7825,135454,115,19228,471,1,2629,0.0010000000000012221
13322003,-4921,1656,125192,-7215,1288,117680,104,19225,471,1,2630,0.0010009999999986974
13323002,2105,6917,125001,996,4934,125288,115,19227,426,0,2631,0.0009990000000001942
13324000,-741,-4082,125492,-506,-9140,130359,115,19235,471,0,2632,0.0009980000000009426
13325002,2671,-442,125107,-7233,1438,121956,114,19227,467,0,2633,0.0010019999999997253
13326000,-1049,9703,127799,-1980,3366,129732,118,19220,483,1,2634,0.0009979999999991662
13327002,-4484,8185,126756,-1590,7789,119408,137,19220,561,1,2635,0.0010020000000015017
13328002,-849,15056,126787,479,3371,127840,103,19232,561,1,2636,0.0009999999999994458
13329002,3238,3358,123987,-299,-4563,125519,115,19232,422,0,2637,0.0009999999999994458
13330000,10789,4653,123648,10763,1881,121683,115,19228,471,0,2638,0.0009980000000009426
13331002,11063,-4728,124598,11486,-9704,127115,100,19228,410,0,2639,0.0010019999999997253
13332001,6704,-5675,124319,-6083,205,126069,116,19231,475,0,2640,0.0009990000000001942
13333002,4460,-3250,126390,11211,9808,128464,139,19231,569,1,2641,0.0010009999999986974
13334000,160,7335,128017,3318,11946,120467,115,19226,569,1,2642,0.0009980000000009426
13335002,6454,4380,126076,-194,-3604,131213,99,19229,471,1,2643,0.0010019999999997253
13336002,5979,-2850,125650,13477,-3689,122291,99,19228,405,0,2644,0.0009999999999994458
13337002,10965,6350,129180,11592,-7022,129436,147,19230,602,0,2645,0.0010000000000012221
13338000,7778,-16887,124817,6906,-20768,137133,112,19233,459,0,2646,0.0009979999999991662
13339002,4592,1236,131153,-3786,4219,122344,112,19226,459,1,2647,0.0010019999999997253
13340002,3898,6612,129738,2115,6295,130027,127,19226,459,1,2648,0.0010000000000012221
13341002,-1110,15336,129252,-444,14502,121610,109,19228,520,1,2649,0.0009999999999994458
13342000,3240,527,127691,-339,-3774,135470,109,19224,446,1,2650,0.0009979999999991662
13343002,6892,-12002,125884,4255,-14279,130506,112,19215,459,0,2651,0.0010020000000015017
13344002,9374,-4204,128396,15858,-9155,126070,88,19231,360,0,2652,0.0009999999999994458
13345000,7871,8951,129475,644,1333,128211,105,19232,430,0,2653,0.0009979999999991662
13346015,1782,-230,131871,-14541,5213,124730,126,19232,430,1,2654,0.0010150000000006543
13347005,-3845,852,134904,-1069,-6079,139426,112,19222,516,1,2655,0.0009899999999998244
13348000,-10245,9874,130299,-769,8039,120369,112,19228,459,1,2656,0.000994999999999635
13349000,-4016,790,128652,-18803,-6350,130667,98,19228,401,0,2657,0.0010000000000012221
13350000,1264,-12326,129866,-1824,-14375,134911,141,19229,577,0,2658,0.0009999999999994458
13351002,4564,-547,128747,4622,49,124573,111,19230,455,0,2659,0.0010019999999997253
13352000,-5144,8703,131616,-12349,4910,127474,113,19230,455,0,2660,0.0009979999999991662
13353002,-8518,4092,130443,-15548,-505,124486,139,19224,463,1,2661,0.0010020000000015017
13354002,-7686,4559,130562,-8303,2762,132875,139,19228,569,1,2662,0.0009999999999994458
13355001,-9758,5475,130042,-9019,2033,127411,114,19229,467,1,2663,0.0009990000000001942
13356002,-3149,2892,130523,-6325,-3942,126429,108,19222,442,0,2664,0.0010010000000004737
13357000,-4946,4689,125552,-11829,686,130275,132,19235,541,0,2665,0.0009979999999991662
13358002,-1963,-2637,127306,-7581,-3581,129504,102,19235,541,0,2666,0.0010019999999997253
13359002,-2006,4706,127903,-5140,1830,122902,120,19231,418,1,2667,0.0010000000000012221
13360000,-6104,19859,128850,-8301,1943,122903,120,19222,491,1,2668,0.0009979999999991662
13361001,-8315,5694,124858,-10033,7658,125567,117,19228,479,1,2669,0.0010010000000004737
13362002,-1052,8154,129854,-12924,-1365,124634,104,19229,426,1,2670,0.0010009999999986974
13363000,1046,-1246,125280,5275,-8536,124042,134,19233,549,0,2671,0.0009980000000009426
13364002,1196,-2584,124903,400,-1791,126101,102,19233,418,0,2672,0.0010019999999997253
13365003,1338,-971,125703,-8584,3234,124413,107,19229,418,0,2673,0.0010010000000004737
13366000,379,13494,126493,3203,13653,122013,157,19227,438,1,2674,0.0009969999999999146
13367015,-1503,10975,126239,-1904,-505,129154,157,19226,643,1,2675,0.001014999999998878
13368001,-343,-4645,124844,-6519,14364,121358,114,19232,467,1,2676,0.0009860000000010416
13369000,5129,13617,126210,6951,-3445,122478,99,19225,405,0,2677,0.0009990000000001942
13370001,7454,-4666,122362,14727,-10063,132383,101,19225,414,0,2678,0.0010010000000004737
13371001,7330,-1538,126157,2559,-3665,124135,121,19225,414,0,2679,0.0009999999999994458
13372002,2479,-470,125349,-3360,-5345,125559,125,19226,496,0,2680,0.0010010000000004737
13373002,4795,9597,127198,11150,11789,122332,125,19220,512,1,2681,0.0009999999999994458
13374001,3384,5114,129136,976,-3656,131853,113,19228,463,1,2682,0.0009990000000001942
13375000,9068,-2181,125296,-2052,1855,121099,102,19232,418,1,2683,0.0009990000000001942
13376002,9945,8917,127183,13755,1408,122728,123,19232,504,0,2684,0.0010019999999997253
13377001,8815,-3568,126096,6836,-6025,132468,96,19228,504,0,2685,0.0009990000000001942
13378001,7136,-9715,126944,9366,-13614,128593,103,19230,393,0,2686,0.0009999999999994458
13379000,626,-4027,130014,-3996,-3824,135407,103,19236,422,1,2687,0.0009990000000001942
13380002,2313,5356,130176,-8219,9550,121776,134,19227,549,1,2688,0.0010019999999997253
13381002,-165,11201,131532,10444,5192,122015,113,19229,463,1,2689,0.0009999999999994458
13382000,4220,-2387,129094,-2501,-13151,136183,101,19228,414,1,2690,0.0009980000000009426
13383000,8411,-10733,127076,151,-16862,129592,135,19228,414,0,2691,0.0009999999999994458
13384001,9565,-1695,131699,19554,941,127750,104,19232,553,0,2692,0.0010010000000004737
13385002,1847,1199,126634,-5238,-1062,127049,104,19225,426,0,2693,0.0010010000000004737
13386002,-1541,4021,131454,-21697,6524,128098,109,19222,446,1,2694,0.0009999999999994458
13387008,-4243,252,132650,4832,-3176,133676,129,19228,528,1,2695,0.0010060000000002844
13388003,-5870,2050,128383,6706,383,128690,103,19231,422,1,2696,0.000994999999999635
13389000,-2389,-3387,128300,-28015,-3600,129879,115,19231,422,0,2697,0.0009969999999999146
13390002,899,-3787,128578,-676,-6318,128860,103,19221,471,0,2698,0.0010019999999997253
13391001,4311,2193,128936,13292,-1412,127988,103,19222,422,0,2699,0.0009990000000001942
13392000,-6295,13194,133536,-24699,7612,129902,111,19228,455,0,2700,0.0009990000000001942
13393000,-3923,1885,128869,-15348,1249,126666,138,19222,565,1,2701,0.0009999999999994458
13394002,-6354,5286,132510,-3079,1167,132230,118,19233,483,1,2702,0.0010019999999997253
13395000,-6023,3764,128591,-9548,4165,125987,102,19233,483,1,2703,0.0009980000000009426
13396001,-3457,2799,128839,-13335,3398,125565,159,19228,418,0,2704,0.0010010000000004737
13397002,-4830,-7306,124627,-7883,-10430,131309,159,19230,651,0,2705,0.0010009999999986974
13398000,-1852,7206,127708,203,11327,119216,105,19230,430,0,2706,0.0009980000000009426
13399000,-3812,4803,128493,-10675,788,128802,106,19228,434,1,2707,0.0009999999999994458
13400001,-6979,3255,128593,-6332,1148,125862,130,19226,532,1,2708,0.0010010000000004737
13401002,-6148,8453,128590,-12644,5624,127815,111,19226,532,1,2709,0.0010010000000004737
13402002,-2045,8140,127221,-2897,3682,124455,113,19232,455,0,2710,0.0009999999999994458
13403000,137,4655,124759,2963,1847,134657,113,19222,463,0,2711,0.0009979999999991662
13404001,2405,-6790,125002,-9169,-8255,113412,87,19226,356,0,2712,0.0010010000000004737
13405002,4162,9616,123928,-1480,10989,124291,105,19229,430,0,2713,0.0010010000000004737
13406002,-254,2711,125269,7401,972,130297,127,19221,520,1,2714,0.0009999999999994458
13407002,-4141,8492,123850,-10043,11060,116308,113,19221,520,1,2715,0.0009999999999994458
13408003,2676,10307,125690,-8868,6211,129758,96,19234,463,1,2716,0.0010010000000004737
13409001,6472,6682,125534,15818,995,117775,96,19231,393,0,2717,0.0009980000000009426
13410002,9945,6444,123030,6868,-17425,131287,127,19240,520,0,2718,0.0010009999999986974
13411000,5439,-12262,123951,5641,-9185,128029,115,19224,471,0,2719,0.0009980000000009426
13412002,4599,1575,127810,4222,1083,127719,114,19224,467,1,2720,0.0010019999999997253
13413002,4401,6773,129061,683,8128,120160,130,19224,532,1,2721,0.0009999999999994458
13414002,1031,22219,130238,1974,6943,119364,109,19228,532,1,2722,0.0010000000000012221
13415002,6018,-4705,123462,8578,-5224,136938,106,19234,446,1,2723,0.0009999999999994458
13416001,11270,-3649,126099,6780,211,117286,106,19222,434,0,2724,0.0009990000000001942
13417002,11280,-1299,125781,8733,-9505,131173,100,19233,410,0,2725,0.0010010000000004737
13418001,8331,-6757,129435,7117,-8488,129442,103,19228,422,0,2726,0.0009989999999984178
13419000,4609,231,129607,-3451,2757,127752,117,19228,479,1,2727,0.0009990000000001942
13420002,-964,7174,131750,-1619,7667,131800,112,19225,479,1,2728,0.0010020000000015017
13421002,-1875,8010,129911,5276,2240,122381,103,19229,459,1,2729,0.0009999999999994458
13422000,5730,5761,129795,2956,-12444,133129,103,19234,422,0,2730,0.0009979999999991662
13423002,8217,-8721,126930,3967,-16937,127624,138,19225,565,0,2731,0.0010019999999997253
13424002,8135,-5439,128940,14530,-5659,133759,105,19236,430,0,2732,0.0010000000000012221
13425002,3549,63,129947,-17533,850,122746,105,19224,430,0,2733,0.0009999999999994458
13426002,1723,13502,135343,-10556,11226,124747,153,19224,430,1,2734,0.0009999999999994458
13427002,-5632,3105,132818,15060,-3589,140397,108,19230,627,1,2735,0.0010000000000012221
13428007,-8638,-10325,128311,-18752,-10313,126932,108,19230,442,1,2736,0.0010049999999992565
13429004,-534,-9945,128333,-14342,-10891,136439,102,19228,418,0,2737,0.0009969999999999146
13430002,-1401,6114,133067,14734,3373,120191,119,19231,487,0,2738,0.0009980000000009426
13431002,1354,-1318,127528,-5820,-4139,131443,109,19231,446,0,2739,0.0009999999999994458
13432002,-8089,7366,133425,-23672,4212,132096,120,19231,446,1,2740,0.0009999999999994458
13433000,-6476,-4606,126753,-10777,-2685,133739,110,19221,491,1,2741,0.0009980000000009426
13434001,-6266,11835,131745,436,14663,122795,110,19227,451,1,2742,0.0010009999999986974
13435002,-5099,10106,128864,-14428,2067,127882,104,19228,426,1,2743,0.0010010000000004737
13436002,-2293,-8109,125699,-8290,-11061,132879,126,19215,516,0,2744,0.0010000000000012221
13437001,-6115,-4694,126591,197,-8083,128298,108,19230,442,0,2745,0.0009989999999984178
13438000,-800,5888,127724,-13410,1604,123219,109,19230,442,0,2746,0.0009990000000001942
13439002,-3776,23815,129908,-390,18449,117565,146,19226,446,1,2747,0.0010019999999997253
13440001,-9194,-3732,126883,-13187,-5077,131444,146,19227,598,1,2748,0.0009990000000001942
13441002,-4267,-5137,128637,-8336,-5075,128256,117,19238,479,1,2749,0.0010010000000004737
13442001,-4754,10851,126499,1639,6260,119439,106,19225,434,0,2750,0.0009990000000001942
13443001,1289,7472,125486,-2434,735,124762,120,19233,491,0,2751,0.0009999999999994458
13444000,655,-6293,123342,-2809,-10585,126649,107,19233,491,0,2752,0.0009990000000001942
13445000,1056,-1467,124804,-11382,3824,127851,113,19229,438,0,2753,0.0009999999999994458
13446003,-568,15367,127958,3103,11563,119129,113,19221,463,1,2754,0.0010030000000007533
13447000,-3802,11554,125436,4036,7449,125296,133,19228,545,1,2755,0.0009969999999999146
13448005,2681,5602,124319,-10696,-108,128349,105,19231,430,1,2756,0.0010050000000010328
13449003,6730,297,124232,4855,-399,123411,114,19227,467,0,2757,0.0009979999999991662
13450001,10169,-1596,124999,16558,-7366,124269,100,19227,467,0,2758,0.0009979999999991662
13451002,7843,1914,123121,5746,-2972,126417,113,19229,410,0,2759,0.0010010000000004737
13452002,1125,744,126117,-2684,-3171,132744,142,19227,463,1,2760,0.0010000000000012221
13453002,4187,1815,126752,261,1435,120087,142,19226,582,1,2761,0.0009999999999994458
13454001,2780,16866,129098,10032,6272,123901,115,19238,471,1,2762,0.0009990000000001942
13455000,8160,2158,126080,2162,-3676,126000,99,19228,405,1,2763,0.0009990000000001942
13456002,10489,-1113,124807,2871,-9585,127609,146,19228,598,0,2764,0.0010019999999997253
13457002,10743,-5294,127607,9520,-11635,130291,111,19230,598,0,2765,0.0009999999999994458
13458000,7506,-6211,126860,9856,5185,125159,111,19230,455,0,2766,0.0009980000000009426
13459002,472,1068,130819,-4136,3765,130658,111,19227,455,1,2767,0.0010019999999997253
13460000,1148,5008,129921,6335,2910,126311,126,19233,516,1,2768,0.0009979999999991662
13461002,521,7640,127855,4333,198,128622,109,19230,446,1,2769,0.0010019999999997253
13462000,6403,-7179,130671,-5308,4747,123926,115,19230,471,0,2770,0.0009980000000009426
13463000,10222,2224,128987,13157,-8978,127040,89,19217,471,0,2771,0.0009999999999994458
13464000,5083,-8620,129254,11014,-21166,143504,102,19234,365,0,2772,0.0009999999999994458
13465002,510,-7746,130325,-19790,3026,120789,102,19230,418,0,2773,0.0010020000000015017
13466000,-1851,12306,133808,-5020,4967,131417,126,19225,516,1,2774,0.0009979999999991662
13467003,-5328,5241,132535,3534,10343,127195,113,19229,463,1,2775,0.0010030000000007533
13468007,-5128,-677,128631,-20107,-5918,129336,96,19229,393,1,2776,0.0010040000000000049
13469004,1983,-12385,129519,-565,-13189,133096,146,19228,393,0,2777,0.0009969999999999146
13470000,-2060,3229,127644,6423,7104,118887,116,19230,598,0,2778,0.0009959999999988867
13471002,-1492,1149,130715,-13195,-4502,138084,116,19230,475,0,2779,0.0010019999999997253
13472002,-7557,955,131823,-14577,228,125986,115,19223,471,1,2780,0.0010000000000012221
13473002,-7834,-664,131129,-10600,-3719,137392,134,19228,549,1,2781,0.0009999999999994458
13474002,-9459,7736,129994,-10989,18409,115638,111,19231,455,1,2782,0.0009999999999994458
13475002,-2373,14740,130881,-8901,-233,125928,107,19231,455,1,2783,0.0010000000000012221
13476000,-5207,-13371,124382,-4222,-13769,138325,131,19222,438,0,2784,0.0009979999999991662
13477000,-2220,1771,127552,-9063,-5202,122306,131,19230,537,0,2785,0.0009999999999994458
13478002,-1615,485,126681,-3832,6607,124688,102,19229,418,0,2786,0.0010020000000015017
13479002,-5023,15199,130116,-9185,10501,123327,120,19220,491,1,2787,0.0009999999999994458
13480002,-7926,-3181,124031,-8978,-4176,131628,115,19229,471,1,2788,0.0009999999999994458
13481002,-8719,10774,127964,-13365,6957,120051,101,19229,471,1,2789,0.0010000000000012221
13482000,1288,5479,123878,153,1815,123210,136,19228,414,0,2790,0.0009979999999991662
13483002,-1445,1960,126193,-219,-2054,124887,136,19230,557,0,2791,0.0010019999999997253
13484002,3593,-8397,122971,-8576,-12152,131778,104,19227,426,0,2792,0.0010000000000012221
13485002,-2245,1942,126551,1241,1476,122861,105,19227,430,0,2793,0.0009999999999994458
13486000,-2696,25893,128847,-5709,16587,116075,156,19228,639,1,2794,0.0009979999999991662
13487002,-433,5752,124703,-4575,2457,125925,109,19228,639,1,2795,0.0010019999999997253
13488001,2064,6478,127418,2864,2783,126188,99,19230,446,1,2796,0.0009990000000001942
13489004,10422,821,122159,1900,-2062,122836,99,19223,405,0,2797,0.0010030000000007533
13490003,8215,3003,124585,12571,-986,122221,98,19227,401,0,2798,0.0009990000000001942
13491000,6948,-7256,124979,3453,-14175,131901,118,19228,483,0,2799,0.0009969999999999146
13492000,5191,4,126366,4781,4369,125943,125,19222,512,1,2800,0.0009999999999994458
13493000,2235,8519,129395,1360,3719,125776,111,19222,512,1,2801,0.0009999999999994458
13494002,5223,7474,126695,7344,3219,124764,102,19230,455,1,2802,0.0010020000000015017
13495000,6444,11603,126750,-143,4361,120044,102,19229,418,0,2803,0.0009979999999991662
13496002,12332,916,126793,4761,-4015,129130,124,19224,508,0,2804,0.0010019999999997253
13497002,10437,-6895,126525,21423,-9726,130257,96,19234,393,0,2805,0.0010000000000012221
13498002,4755,-2790,129077,-6374,-3412,124269,99,19229,405,0,2806,0.0009999999999994458
13499001,7442,7076,128915,-6127,5407,129166,137,19229,561,1,2807,0.0009990000000001942
13500002,-226,8946,130449,14856,5031,128470,113,19230,561,1,2808,0.0010009999999986974
13501000,3492,5426,127918,-7696,3194,123484,113,19229,463,1,2809,0.0009980000000009426
13502002,7113,-6568,128524,-3118,-14346,136834,101,19224,414,0,2810,0.0010019999999997253
13503002,8897,-11065,129752,19120,-7127,127789,129,19232,528,0,2811,0.0009999999999994458
13504000,6004,7384,127902,5548,-10797,124869,105,19232,430,0,2812,0.0009980000000009426
13505002,-567,5278,131720,-18105,6081,130793,112,19232,459,1,2813,0.0010019999999997253
13506002,1471,4784,133549,6727,-3603,132252,128,19222,459,1,2814,0.0009999999999994458
13507003,-8848,-1079,131823,-5687,-3366,130273,102,19225,524,1,2815,0.0010010000000004737
13508002,-4957,1233,130741,-21392,-5223,126615,102,19232,418,1,2816,0.0009990000000001942
13509000,1642,-2265,129078,908,-3187,135325,113,19222,463,0,2817,0.0009979999999991662
13510000,4219,473,128718,4308,977,120313,93,19228,381,0,2818,0.0010000000000012221
13511000,-4059,4237,129586,-15250,-183,129507,109,19228,446,0,2819,0.0009999999999994458
13512000,-7323,-147,130932,-15489,-2156,130031,146,19228,446,1,2820,0.0009999999999994458
13513001,-9136,4720,131255,-5670,5067,129741,117,19226,598,1,2821,0.0010010000000004737
13514000,-7930,1726,129211,-9953,3465,133121,117,19229,479,1,2822,0.0009990000000001942
13515000,-3527,9532,130268,-10102,8227,117123,98,19228,401,1,2823,0.0009999999999994458
13516000,-4796,2283,125111,-9137,-12472,134252,157,19226,643,0,2824,0.0010000000000012221
13517000,1126,-7102,126588,174,-5341,128120,105,19226,430,0,2825,0.0009999999999994458
13518000,-3631,5562,127102,-11368,6270,123557,111,19230,430,0,2826,0.0009999999999994458
13519005,-5196,10441,128967,-12582,6376,124852,137,19224,455,1,2827,0.0010050000000010328
13520000,-7622,10775,127707,-5530,4004,124178,137,19227,561,1,2828,0.000994999999999635
13521000,-5968,670,127119,-7489,-2288,140478,108,19235,442,1,2829,0.0009999999999994458
13522000,748,451,123195,-3655,13129,115239,111,19224,455,0,2830,0.0010000000000012221
13523000,-484,4333,124998,-1622,-1166,126231,103,19225,422,0,2831,0.0009999999999994458
13524001,1832,-3574,123891,-2195,-4879,127524,115,19225,422,0,2832,0.0010010000000004737
13525001,-798,4409,125661,-2508,1491,125527,140,19229,471,1,2833,0.0009999999999994458
13526001,-3712,6647,127417,880,1873,130576,140,19216,573,1,2834,0.0009999999999994458
13527000,-4501,11280,126992,-7608,7572,116651,118,19225,483,1,2835,0.0009990000000001942
13528000,5627,10413,126869,-1223,749,130433,95,19231,389,0,2836,0.0009999999999994458
13529000,9642,875,123905,17215,-4704,123132,125,19231,512,0,2837,0.0010000000000012221
13530000,9759,-2666,122057,1158,-6367,125653,120,19231,512,0,2838,0.0009999999999994458
13531000,4936,-3753,125306,149,-174,128621,118,19227,491,0,2839,0.0009999999999994458
13532000,5618,2438,125475,7911,-1786,124998,118,19223,483,1,2840,0.0010000000000012221
13533001,4711,6662,129162,5000,7210,131364,131,19228,537,1,2841,0.0010009999999986974
13534001,4073,10688,125571,-441,9004,117310,110,19230,451,1,2842,0.0010000000000012221
13535000,10001,633,127138,8086,-3886,131913,109,19221,446,0,2843,0.0009990000000001942
13536001,9807,91,124892,9981,-3890,124166,94,19221,446,0,2844,0.0010009999999986974
13537000,10165,-6638,125351,6403,-13285,132036,101,19235,385,0,2845,0.0009990000000001942
13538000,5335,-3798,129148,1751,-6446,128230,101,19231,414,0,2846,0.0010000000000012221
13539000,3243,6977,131794,-1442,9153,124689,116,19224,475,1,2847,0.0009999999999994458
13540000,2129,12974,132363,7703,10026,133202,112,19233,459,1,2848,0.0009999999999994458
13541000,-201,2928,127542,-3728,-2153,127491,100,19229,410,1,2849,0.0009999999999994458
13542000,9393,-6664,128218,-740,-9782,131219,138,19229,410,0,2850,0.0010000000000012221
13543000,8827,-9122,127993,13680,-11158,129108,107,19224,565,0,2851,0.0009999999999994458
13544000,5441,-893,131531,12235,-5390,132735,107,19231,438,0,2852,0.0009999999999994458
13545000,2650,3180,130713,-16690,1736,122834,105,19231,430,1,2853,0.0010000000000012221
13546000,-3645,13899,132548,-14076,11926,129561,154,19228,631,1,2854,0.0009999999999994458
13547000,-4856,3698,131856,13471,-2191,133211,109,19231,446,1,2855,0.0009999999999994458
13548002,-5097,-8243,128958,-10432,-10885,126991,104,19231,426,1,2856,0.0010019999999997253
13549002,-727,-11427,128988,-19832,-12882,134265,116,19224,426,0,2857,0.0010000000000012221
13550000,4037,5881,131769,6448,6731,123159,108,19231,475,0,2858,0.0009979999999991662
13551001,-1653,6734,129611,-1496,3636,125419,108,19230,442,0,2859,0.0010010000000004737
13552000,-8196,5709,131966,-20330,1528,131547,123,19222,504,1,2860,0.0009990000000001942
13553000,-11181,-3922,128909,-4269,-3544,132636,114,19226,467,1,2861,0.0009999999999994458
13554000,-6372,9383,129791,-6479,14080,121740,104,19226,426,1,2862,0.0010000000000012221
13555000,-5816,11774,130494,-10202,-2427,130475,127,19230,426,0,2863,0.0009999999999994458
13556000,-3619,-14989,126285,-1624,-911,126111,98,19221,520,0,2864,0.0009999999999994458
13557000,-2124,1467,125775,-9760,-4740,129967,98,19231,401,0,2865,0.0009999999999994458
13558000,-2468,3091,127689,-6533,-409,126389,102,19228,418,1,2866,0.0010000000000012221
13559000,-5899,14999,127988,-3868,11343,123129,147,19227,602,1,2867,0.0009999999999994458
13560000,-10350,7459,128100,-18933,-3413,127958,118,19227,483,1,2868,0.0009999999999994458
13561000,-2386,7085,128406,-1074,9575,123078,102,19230,483,1,2869,0.0010000000000012221
13562000,-315,506,125773,4615,-11896,129232,108,19223,418,0,2870,0.0009999999999994458
13563000,2797,-5160,124402,-3207,-5489,121964,108,19232,442,0,2871,0.0009999999999994458
13564000,-1089,8685,125452,-7920,8201,123437,111,19229,455,0,2872,0.0010000000000012221
13565000,-201,5426,125341,-2673,8083,125560,115,19219,471,1,2873,0.0009999999999994458
13566002,-1328,12504,127000,-313,12923,122589,132,19229,541,1,2874,0.0010019999999997253
13567002,-2018,-2102,124545,-3321,-4936,130131,101,19229,541,1,2875,0.0009999999999994458
13568002,5527,3969,124356,5368,9764,114116,114,19229,414,0,2876,0.0010000000000012221
13569000,7096,5708,125753,6229,-6040,127826,114,19228,467,0,2877,0.0009979999999991662
13570000,11214,-11563,123678,9747,-13461,129485,102,19228,418,0,2878,0.0009999999999994458
13571000,2756,-3911,125977,5406,-2366,127342,114,19223,467,0,2879,0.0010000000000012221
13572000,3137,4980,127551,-4791,5634,124911,143,19229,586,1,2880,0.0009999999999994458
13573003,3563,16644,127783,6971,17111,117993,113,19229,586,1,2881,0.0010030000000007533
13574002,6213,2412,126642,7163,-7730,131967,100,19232,463,1,2882,0.0009990000000001942
13575001,11932,-4934,123639,1135,-1192,121333,100,19229,410,0,2883,0.0009989999999984178
13576000,7917,4947,127977,10909,1019,126381,142,19230,582,0,2884,0.0009990000000001942
13577000,7224,-12586,126324,13915,-20413,136250,106,19231,434,0,2885,0.0010000000000012221
13578000,3708,-3472,128157,-10211,-1715,126824,109,19222,446,1,2886,0.0009999999999994458
13579000,1269,6686,130661,-1173,4084,132077,123,19222,446,1,2887,0.0009999999999994458
13580000,1409,24236,130183,6375,27614,110799,104,19228,504,1,2888,0.0010000000000012221
13581000,4314,3244,128341,-5449,-6333,135082,104,19232,426,1,2889,0.0009999999999994458
13582000,10226,-19919,126183,5412,-24715,136019,116,19220,475,0,2890,0.0009999999999994458
13583000,7634,434,128219,14587,2245,117469,103,19226,422,0,2891,0.0010000000000012221
13584000,4481,-10031,130300,-1807,-9904,139402,113,19227,463,0,2892,0.0009999999999994458
13585000,1617,7258,132522,-13085,5106,119436,130,19227,463,1,2893,0.0009999999999994458
13586000,-7313,327,132427,-1851,-4402,138178,112,19226,532,1,2894,0.0009999999999994458
13587000,-8320,4441,129057,-2815,3674,121420,112,19228,459,1,2895,0.0010000000000012221
13588000,-1725,-2173,131599,-15937,-9814,127484,99,19230,405,0,2896,0.0009999999999994458
13589000,-2128,-10467,126775,2489,-12870,138517,150,19234,614,0,2897,0.0009999999999994458
13590000,5045,5829,130716,-3737,2553,118539,106,19228,434,0,2898,0.0010000000000012221
13591000,-6977,3867,132841,-10771,-1200,132702,109,19228,446,0,2899,0.0009999999999994458
13592000,-7474,8590,129332,-16538,8275,122899,129,19217,446,1,2900,0.0009999999999994458
13593000,-6588,5735,130451,-9126,3816,138366,110,19225,528,1,2901,0.0010000000000012221
13594000,-7825,2478,128306,-7065,-309,116395,110,19228,451,1,2902,0.0009999999999994458
13595000,-257,10863,128319,-10415,-5078,130424,110,19219,451,0,2903,0.0009999999999994458
13596000,-4450,-8021,126783,-6768,-9896,131985,131,19228,537,0,2904,0.0010000000000012221
13597000,-897,-5014,126747,-1459,-4361,124152,101,19228,414,0,2905,0.0009999999999994458
13598000,-3041,9607,129940,-14658,9578,124114,117,19229,414,1,2906,0.0009999999999994458
13599006,-5836,11999,127650,-899,5542,125493,114,19221,479,1,2907,0.0010060000000002844
13600000,-8947,10497,126540,-18321,7202,123164,114,19236,467,1,2908,0.0009940000000003835
13601000,-3876,8675,125992,-5671,-761,125563,102,19224,418,1,2909,0.0009999999999994458
13602000,2953,-300,126316,7927,-9061,126989,140,19233,573,0,2910,0.0009999999999994458
13603000,4699,-4086,125814,-4192,-6479,128928,107,19233,438,0,2911,0.0010000000000012221
13604000,294,499,124858,-6736,3759,119366,107,19221,438,0,2912,0.0009999999999994458
13605003,1219,13465,126611,1922,10288,124375,156,19226,438,1,2913,0.0010030000000007533
13606000,-2124,12429,126359,-1812,9407,125178,156,19225,639,1,2914,0.0009969999999999146
13607000,2615,7412,123741,-6903,761,121559,111,19233,455,1,2915,0.0009999999999994458
13608000,4848,4537,124435,8464,960,127462,100,19224,410,0,2916,0.0009999999999994458
13609000,10493,1520,124314,9075,-3824,120108,86,19229,352,0,2917,0.0010000000000012221
13610000,10581,-1637,125732,3300,-14114,131648,113,19229,352,0,2918,0.0009999999999994458
13611000,3505,-6136,125654,580,-8056,128630,122,19228,463,0,2919,0.0009999999999994458
13612001,3956,13356,129076,4081,4414,117974,122,19222,500,1,2920,0.0010010000000004737
13613000,730,16075,128926,1301,10114,125555,111,19228,455,1,2921,0.0009990000000001942
13614000,8743,5169,128025,3544,-4791,127269,101,19231,414,1,2922,0.0009999999999994458
13615000,9806,-4975,124065,5163,-6713,133547,127,19225,520,0,2923,0.0010000000000012221
13616000,11722,-3827,127735,13947,-8703,122854,101,19225,520,0,2924,0.0009999999999994458
13617000,4987,-11033,125586,14266,-7911,128121,103,19229,414,0,2925,0.0009999999999994458
13618000,1768,6342,133051,-9324,1178,132157,103,19223,422,1,2926,0.0009999999999994458
13619000,1147,2965,127755,-472,3472,125287,143,19229,586,1,2927,0.0010000000000012221
13620000,-717,13892,132296,11072,9675,125034,112,19232,459,1,2928,0.0009999999999994458
13621000,6262,6257,128702,-9446,-11799,125758,103,19224,422,1,2929,0.0009999999999994458
13622000,10067,-11448,126661,6348,-17363,133052,138,19224,422,0,2930,0.0010000000000012221
13623001,11062,-3128,131770,18608,-5329,132489,113,19232,565,0,2931,0.0010009999999986974
13624002,469,-7871,126642,-12507,-7007,129091,113,19229,463,0,2932,0.0010010000000004737
13625000,-2001,14874,133747,-16020,15572,122771,118,19222,483,1,2933,0.0009980000000009426
13626000,-3198,1864,131574,5605,-6419,136758,125,19226,512,1,2934,0.0009999999999994458
13627001,-6277,1537,130078,232,1966,130472,101,19227,414,1,2935,0.0010010000000004737
13628000,-159,-3976,130471,-22747,-11983,129108,120,19227,414,0,2936,0.0009990000000001942
13629000,-6,-7444,128673,1696,-4963,130495,100,19223,491,0,2937,0.0009999999999994458
13630000,913,6554,131034,5701,4145,128830,100,19232,410,0,2938,0.0009999999999994458
13631000,-7444,-810,129211,-22698,-4127,134760,108,19227,442,1,2939,0.0010000000000012221
13632000,-8077,4762,131941,-14434,4181,128088,141,19228,577,1,2940,0.0009999999999994458
13633000,-7137,6780,131229,-5714,7476,126443,117,19230,479,1,2941,0.0009999999999994458
13634000,-2671,3574,129941,-9702,414,129777,102,19230,479,1,2942,0.0009999999999994458
13635000,-3274,993,127487,-5568,-5876,127470,168,19227,418,0,2943,0.0010000000000012221
13636000,-5069,-7910,123668,-11233,-9864,133011,168,19232,688,0,2944,0.0009999999999994458
13637000,-2003,9975,129201,-3475,9340,123586,106,19232,434,0,2945,0.0009999999999994458
13638000,-7138,6857,128084,-9853,2807,133286,111,19225,455,1,2946,0.0010000000000012221
13639000,-5266,4236,129051,-8132,740,118525,129,19234,528,1,2947,0.0009999999999994458
13640002,-7342,8213,127377,-12351,6651,127598,111,19234,455,1,2948,0.0010019999999997253
13641001,934,11151,128513,1589,7078,124458,117,19230,455,0,2949,0.0009990000000001942
13642000,-228,-2359,122194,4965,-10863,125820,94,19219,479,0,2950,0.0009990000000001942
13643000,1850,-5568,125054,-13009,-2274,130236,94,19230,385,0,2951,0.0009999999999994458
13644000,1225,7515,126122,-4274,6049,120049,109,19229,446,0,2952,0.0010000000000012221
13645000,-751,11548,126234,6923,8188,126391,132,19222,541,1,2953,0.0009999999999994458
13646000,-2998,9432,126457,-8754,6396,122061,114,19222,467,1,2954,0.0009999999999994458
13647000,1814,7141,124092,3974,1533,123513,97,19228,467,1,2955,0.0010000000000012221
13648000,10704,4827,123120,9322,7621,123720,121,19228,397,0,2956,0.0009999999999994458
13649000,7851,-1820,123243,8050,-7239,125109,121,19228,496,0,2957,0.0009999999999994458
13650001,5922,-13151,124368,12983,-4790,131755,113,19226,463,0,2958,0.0010010000000004737
13651000,2901,3341,127349,-981,-6426,122721,116,19224,475,1,2959,0.0009990000000001942
13652000,2037,5830,127417,-3945,5360,128354,132,19224,541,1,2960,0.0009999999999994458
13653000,4396,12431,130307,8882,10520,122492,110,19227,541,1,2961,0.0009999999999994458
13654000,5354,8213,126278,4527,-1303,122996,105,19231,451,1,2962,0.0010000000000012221
13655000,11082,-113,126231,2817,-7305,129821,105,19220,430,0,2963,0.0009999999999994458
13656000,8229,-7442,125797,13941,-14938,128283,91,19230,373,0,2964,0.0009999999999994458
13657000,8663,-4298,126651,8367,-4629,130011,106,19235,434,0,2965,0.0010000000000012221
13658000,2358,8181,129960,-8739,11366,122247,123,19222,504,1,2966,0.0009999999999994458
13659000,1355,14298,132544,914,6431,130823,114,19222,504,1,2967,0.0009999999999994458
13660000,2467,4220,129221,9096,-189,124054,101,19228,467,1,2968,0.0010000000000012221
13661000,3123,-1336,128913,-5488,-10091,131323,101,19233,414,0,2969,0.0009999999999994458
13662000,10884,-15475,127334,13166,-9346,128326,139,19222,569,0,2970,0.0009999999999994458
13663000,5175,2374,131532,14972,-5245,124407,111,19232,455,0,2971,0.0010000000000012221
13664000,4882,-7862,130142,-23915,-10959,136626,111,19225,455,0,2972,0.0009999999999994458
13665000,-4188,12093,135751,-4638,16013,123211,156,19225,455,1,2973,0.0009999999999994458
13666002,-4991,5307,131381,5364,-4730,133715,109,19226,639,1,2974,0.0010019999999997253
13667002,-7637,-3183,129139,-12385,-3487,130583,109,19232,446,1,2975,0.0010000000000012221
13668000,-12,-11838,128379,-13294,-14358,132518,101,19223,414,0,2976,0.0009979999999991662
13669000,1490,2851,131203,13117,1881,124917,110,19231,451,0,2977,0.0009999999999994458
13670000,-1024,5681,129565,-3922,1096,125896,113,19228,463,0,2978,0.0010000000000012221
13671001,-8163,1251,132208,-21392,-4464,133650,124,19228,463,1,2979,0.0010009999999986974
13672000,-9126,-4956,128894,-11917,-2367,132475,113,19220,508,1,2980,0.0009990000000001942
13673016,-8442,12102,130178,-7514,12368,124067,113,19227,463,1,2981,0.0010159999999999059
13674001,-4391,15778,129148,-9585,13877,121476,102,19231,418,1,2982,0.0009850000000000136
13675000,-2500,-8275,125556,-5295,-16792,128510,126,19220,516,0,2983,0.0009990000000001942
13676000,-1703,-13852,125529,-3467,-14106,139410,98,19236,401,0,2984,0.0010000000000012221
13677000,-1950,6187,128134,-7768,6540,116150,106,19236,401,0,2985,0.0009999999999994458
13678000,-5789,14520,130157,-6004,11890,121521,148,19228,434,1,2986,0.0009999999999994458
13679000,-8700,6377,127850,-12611,-3574,132438,148,19227,606,1,2987,0.0009999999999994458
13680003,-7238,-4002,124952,-12450,-6485,128249,116,19230,475,1,2988,0.0010030000000007533
13681000,733,6347,127800,2555,5855,120629,101,19224,414,0,2989,0.0009969999999999146
13682000,-504,5411,124339,-713,-289,119282,114,19231,467,0,2990,0.0009999999999994458
13683001,647,-5197,122791,-7174,-9047,131314,112,19231,459,0,2991,0.0010010000000004737
13684000,295,444,125383,-5003,-2477,125577,121,19225,459,0,2992,0.0009990000000001942
13685000,-1355,11627,125683,2746,8671,123057,127,19224,496,1,2993,0.0009999999999994458
13686000,-4031,22545,126442,-7478,22240,120957,127,19227,520,1,2994,0.0010000000000012221
13687000,5538,1680,124958,-2925,-2384,132972,100,19235,410,1,2995,0.0009999999999994458
13688000,9564,-4723,122256,15972,-8320,122737,113,19227,463,0,2996,0.0009999999999994458
13689000,8829,5422,123726,486,3020,119486,98,19227,401,0,2997,0.0010000000000012221
13690000,8537,3702,125817,6225,-1832,127310,116,19226,401,0,2998,0.0009999999999994458
13691000,4140,-234,126954,10384,-8634,130200,142,19232,475,1,2999,0.0009999999999994458
13692000,2492,-5724,126467,-6694,8347,130279,142,19228,582,1,3000,0.0010000000000012221
13693000,2205,7948,127998,3995,10751,122048,114,19231,467,1,3001,0.0009999999999994458
13694000,9432,9669,125911,7709,833,121029,97,19231,397,1,3002,0.0009999999999994458
13695000,9655,4854,125414,-399,-3744,129191,148,19231,606,0,3003,0.0009999999999994458
13696000,11106,-13460,127811,12483,-22119,136965,106,19233,606,0,3004,0.0010000000000012221
13697000,6095,-9861,127382,6273,2019,124315,109,19228,434,0,3005,0.0009999999999994458
13698001,1149,15047,132720,-6986,-762,127845,109,19225,446,1,3006,0.0010010000000004737
13699000,2358,8016,129101,5909,4985,126296,121,19228,496,1,3007,0.0009990000000001942
13700000,769,8841,130295,1182,1291,131644,108,19232,442,1,3008,0.0009999999999994458
13701000,6209,-5585,126821,-2385,-8257,128860,114,19220,467,0,3009,0.0009999999999994458
13702000,7337,-7696,126859,13882,-4970,125462,88,19220,467,0,3010,0.0010000000000012221
13703000,7540,-1117,130101,10167,-12806,137682,106,19227,360,0,3011,0.0009999999999994458
13704000,3144,-4466,128709,-20742,-1374,123693,106,19229,434,0,3012,0.0009999999999994458
13705000,1311,12973,134629,-6771,10499,129192,128,19227,524,1,3013,0.0010000000000012221
13706000,-5704,6907,132134,9254,339,127456,115,19232,471,1,3014,0.0009999999999994458
13707000,-4325,3547,128175,-19406,-6047,128230,98,19230,401,1,3015,0.0009999999999994458
13708000,619,-10020,129847,-10825,-14726,138016,146,19230,401,0,3016,0.0010000000000012221
13709000,2758,-1423,128892,6074,1837,120520,104,19231,598,0,3017,0.0009999999999994458
13710001,-1124,11943,132054,-1510,2963,125707,104,19228,426,0,3018,0.0010010000000004737
13711000,-7770,-1059,131726,-17920,-7152,131212,111,19225,455,1,3019,0.0009989999999984178
13712000,-8177,-2124,130949,-12656,-293,132899,139,19227,569,1,3020,0.0010000000000012221
13713000,-11970,9032,130612,-8361,9344,124363,113,19231,463,1,3021,0.0009999999999994458
13714000,-1549,15092,129870,-9247,10070,120479,106,19231,463,1,3022,0.0009999999999994458
13715000,-6044,-5824,126408,-8096,-14401,134518,134,19220,434,0,3023,0.0010000000000012221
13716000,-2146,-7981,125767,-11355,-12744,128035,134,19230,549,0,3024,0.0009999999999994458
13717000,241,9075,129350,-7575,6639,124427,103,19229,422,0,3025,0.0009999999999994458
13718000,-5630,6698,128587,-249,6369,127223,122,19223,500,1,3026,0.0010000000000012221
13719000,-5948,10833,127010,-12811,5722,121998,118,19227,483,1,3027,0.0009999999999994458
13720000,-8755,4979,125076,-13220,7281,130338,104,19227,483,1,3028,0.0009999999999994458
13721000,1621,7995,124786,155,7663,128647,134,19231,426,0,3029,0.0010000000000012221
13722000,1408,-4724,123196,1285,-9609,122127,134,19231,549,0,3030,0.0009999999999994458
13723000,32,-1188,125028,-2289,-4656,124696,110,19224,451,0,3031,0.0009999999999994458
13724000,837,7754,128080,-6525,5887,126435,109,19224,446,0,3032,0.0010000000000012221
13725000,-1368,4429,125988,1397,1805,126722,159,19228,651,1,3033,0.0009999999999994458
13726000,-1801,14554,126629,-3950,10387,124223,112,19228,459,1,3034,0.0009999999999994458
13727000,2236,5576,124047,-4188,1802,119866,97,19231,459,1,3035,0.0009999999999994458
13728003,9299,-57,125603,10634,-3434,125449,91,19221,397,0,3036,0.0010030000000007533
13729013,8339,-3339,125576,3533,-11055,132193,91,19226,373,0,3037,0.0010100000000008436
13730000,4312,24,124775,1012,-1115,125439,113,19228,463,0,3038,0.0009869999999985168
13731000,4335,4704,129008,4789,1202,126643,121,19221,496,1,3039,0.0010000000000012221
13732000,1481,4955,126210,1800,3806,123588,109,19221,446,1,3040,0.0009999999999994458
13733000,4855,8034,129556,4489,3654,125274,99,19230,446,1,3041,0.0009999999999994458
13734000,9149,2769,122355,2511,2260,117915,125,19231,405,0,3042,0.0010000000000012221
13735003,12824,10274,129136,8519,147,129259,125,19223,512,0,3043,0.001002999999998977
13736000,10871,-15852,124185,14474,-23030,134471,99,19231,405,0,3044,0.0009969999999999146
13737000,4834,-11844,126984,1046,-1995,129330,102,19225,418,0,3045,0.0010000000000012221
13738001,1534,13507,133860,-9543,930,124377,140,19225,573,1,3046,0.0010009999999986974
13739002,2414,11738,128220,6441,14099,120083,112,19230,573,1,3047,0.0010010000000004737
13740002,908,10296,133940,-7273,-3089,132584,103,19231,459,1,3048,0.0009999999999994458
13741000,6687,-8406,126884,30,-22710,133346,103,19226,422,0,3049,0.0009980000000009426
13742000,8276,-10708,127887,26350,-3699,124594,141,19230,577,0,3050,0.0009999999999994458
13743000,2476,4589,130791,-6477,-4049,129407,107,19230,438,0,3051,0.0009999999999994458
13744001,553,2281,131121,-21176,8924,128501,110,19220,451,1,3052,0.0010010000000004737
13745000,-367,7347,135233,6447,-6823,132462,118,19220,451,1,3053,0.0009990000000001942
13746000,-7772,-4350,130773,184,-4943,129484,104,19230,483,1,3054,0.0009999999999994458
13747000,-4079,5531,130061,-25469,-3345,122807,104,19232,426,1,3055,0.0010000000000012221
13748000,121,-4362,128771,-983,-7397,134626,120,19224,491,0,3056,0.0009999999999994458
13749000,6349,219,127917,9737,2944,126693,98,19228,401,0,3057,0.0009999999999994458
13750000,-3609,4460,129082,-18855,1990,126289,109,19227,446,0,3058,0.0010000000000012221
13751000,-6033,6738,128415,-18520,2364,126443,139,19227,446,1,3059,0.0009999999999994458
13752000,-7486,4665,131519,1376,2754,132386,118,19224,569,1,3060,0.0009999999999994458
13753000,-8670,2641,128184,-9198,6440,128536,118,19230,483,1,3061,0.0010000000000012221
13754002,-2599,10926,131254,-16072,3851,120333,101,19228,414,0,3062,0.0010019999999997253
13755002,-5507,-6110,125554,-6664,-5309,133076,163,19227,668,0,3063,0.0009999999999994458
13756000,-371,-7667,126691,3054,-423,129546,105,19234,430,0,3064,0.0009980000000009426
13757000,-2669,3060,127449,-14898,-983,123443,107,19234,430,0,3065,0.0009999999999994458
13758002,-7459,7553,129181,-9779,6486,125712,125,19223,438,1,3066,0.0010019999999997253
13759000,-7397,10783,128768,-7395,4663,126311,125,19225,512,1,3067,0.0009979999999991662
13760000,-4472,2807,127455,-7415,1290,128655,112,19231,459,1,3068,0.0010000000000012221
13761000,-913,5787,124929,4662,5092,122875,114,19223,467,0,3069,0.0009999999999994458
13762003,-3866,-1847,123679,-9896,-4718,125135,91,19230,373,0,3070,0.0010030000000007533
13763000,3262,7488,124812,-750,1037,125744,109,19230,373,0,3071,0.0009969999999999146
13764000,-1038,2879,126262,3722,7207,128325,131,19228,446,1,3072,0.0009999999999994458
13765000,-922,3704,125858,-7260,4285,123099,131,19221,537,1,3073,0.0009999999999994458
13766000,-1791,10037,126674,-5951,4772,123356,115,19231,471,1,3074,0.0010000000000012221
13767000,6986,7236,123547,2984,437,126698,99,19230,405,0,3075,0.0009999999999994458
13768000,9501,11226,123601,21417,9763,116826,127,19232,520,0,3076,0.0009999999999994458
13769000,7190,-6553,123061,-3772,-13130,126592,111,19232,520,0,3077,0.0010000000000012221
13770000,7478,-13159,126292,-2792,-13643,135412,117,19226,455,0,3078,0.0009999999999994458
13771000,3596,9658,127849,15848,8681,121089,117,19223,479,1,3079,0.0009999999999994458
13772000,1488,14435,129575,-2570,12122,120711,131,19228,537,1,3080,0.0010000000000012221
13773000,4498,7729,126406,-2800,7113,128468,108,19231,442,1,3081,0.0009999999999994458
13774000,11035,-12570,122502,11748,-13160,131891,106,19226,434,0,3082,0.0009999999999994458
13775000,12185,-2148,126916,14019,-3864,123745,112,19226,459,0,3083,0.0009999999999994458
13776002,6360,-4049,127066,3615,-10701,126159,113,19225,459,0,3084,0.0010020000000015017
13777002,4739,-4495,129703,-1212,-6552,131244,125,19230,463,0,3085,0.0009999999999994458
13778000,2127,6495,131778,4509,3100,128429,125,19222,512,1,3086,0.0009979999999991662
13779000,529,8745,128896,89,4133,125808,112,19228,459,1,3087,0.0010000000000012221
13780000,2508,16689,129192,-217,12381,121581,100,19229,410,1,3088,0.0009999999999994458
13781000,8256,-10042,127577,2959,-13778,141197,136,19229,557,0,3089,0.0009999999999994458
13782001,11457,-20612,127995,10151,-21864,124214,103,19228,557,0,3090,0.0010010000000004737
13783001,4653,3689,129821,16239,-1411,129094,103,19230,422,0,3091,0.0009999999999994458
13784000,-956,4640,130196,-22094,12455,121297,103,19225,422,1,3092,0.0009990000000001942
13785000,-2289,17112,131772,-10931,2517,132334,152,19231,623,1,3093,0.0010000000000012221
13786000,-4417,-4704,131751,8029,-9266,140352,108,19233,442,1,3094,0.0009999999999994458
13787000,-3177,-7283,128667,-15193,-13248,127179,102,19233,418,1,3095,0.0009999999999994458
13788000,-1459,-7607,129115,-10577,-3354,130515,120,19224,418,0,3096,0.0010000000000012221
13789000,4643,9686,129516,9628,3880,120784,109,19232,491,0,3097,0.0009999999999994458
13790000,-3624,6792,131783,-13163,-2572,134744,109,19230,446,0,3098,0.0009999999999994458
13791001,-9172,-8889,131055,-22355,-2191,136617,120,19220,491,1,3099,0.0010010000000004737
13792000,-10763,16342,131016,-5584,5757,121861,112,19229,459,1,3100,0.0009990000000001942
13793000,-6979,9725,129723,-5629,4163,132944,102,19231,418,1,3101,0.0009999999999994458
13794000,-3394,1231,129191,-7423,-5897,127800,127,19231,418,0,3102,0.0009999999999994458
13795000,-3250,-9165,124664,-10831,-13837,130790,98,19220,520,0,3103,0.0010000000000012221
13796000,-3026,3969,126432,-4585,5349,119584,98,19233,401,0,3104,0.0009999999999994458
13797000,-707,13869,129823,-7732,6249,125510,103,19227,422,1,3105,0.0009999999999994458
13798000,-5981,8024,127810,-8422,2378,130614,143,19230,586,1,3106,0.0010000000000012221
13799000,-7118,4185,124589,-17806,2754,124653,114,19231,467,1,3107,0.0009999999999994458
13800000,-1044,6541,127557,-1069,6465,123767,102,19231,467,1,3108,0.0009999999999994458
13801002,2428,5913,126315,8193,-9936,123040,117,19222,418,0,3109,0.0010019999999997253
13802003,2372,-8944,122814,-6485,-12328,132250,117,19232,479,0,3110,0.0010010000000004737
13803000,-1397,-106,128130,-9954,3346,121606,111,19240,455,0,3111,0.0009969999999999146
13804000,-418,18029,126787,1565,11148,118598,113,19223,463,1,3112,0.0009999999999994458
13805000,-3037,10326,126713,20,1427,129840,136,19230,557,1,3113,0.0010000000000012221
13806000,-1332,3568,126423,-6789,783,127030,101,19230,557,1,3114,0.0009999999999994458
13807000,7758,6433,124746,9844,573,122301,112,19231,414,0,3115,0.0009999999999994458
13808000,8093,4151,123526,7176,3292,122572,112,19232,459,0,3116,0.0010000000000012221
13809000,12045,-3171,125006,-1035,-8947,125295,106,19226,434,0,3117,0.0009999999999994458
13810000,5157,-1876,126664,8949,-11491,125946,117,19227,479,0,3118,0.0009999999999994458
13811000,4561,4664,126839,1337,2539,127913,144,19226,590,1,3119,0.0010000000000012221
13812000,2460,11774,129540,-221,11962,120137,114,19226,590,1,3120,0.0009999999999994458
13813000,7942,9530,126936,10419,1365,124776,97,19229,467,1,3121,0.0009999999999994458
13814000,12646,-4785,122947,2625,-8391,128944,97,19229,397,0,3122,0.0010000000000012221
13815007,8774,5520,128624,2840,7247,125681,144,19233,590,0,3123,0.001006999999999536
13816002,9907,-11358,125558,17246,-15674,129477,106,19232,434,0,3124,0.000994999999999635
13817000,1850,-6025,129127,-1566,-8735,130768,109,19228,446,1,3125,0.0009980000000009426
13818001,944,2764,131005,-5154,339,131036,126,19228,516,1,3126,0.0010009999999986974
13819000,565,11470,129966,4893,11612,119013,106,19227,516,1,3127,0.0009990000000001942
13820002,2869,7577,129801,-2244,1241,129786,110,19227,434,1,3128,0.0010019999999997253
13821000,9067,-9978,126877,1548,-17972,130592,110,19217,451,0,3129,0.0009980000000009426
13822000,6316,-13901,129517,14483,-15374,127033,89,19233,365,0,3130,0.0009999999999994458
13823000,3774,-5944,129256,2250,-10462,137495,106,19230,434,0,3131,0.0009999999999994458
13824000,-1816,6451,132410,-19244,4944,125341,130,19230,532,1,3132,0.0010000000000012221
13825000,-4942,15837,134506,-3368,12390,127404,114,19218,532,1,3133,0.0009999999999994458
13826000,-8128,3646,128907,4742,730,127347,96,19231,467,1,3134,0.0009999999999994458
13827000,-1827,-11283,128485,-26448,-14792,135573,96,19229,393,0,3135,0.0010000000000012221
13828000,990,-10228,126176,2328,-12126,124897,140,19228,573,0,3136,0.0009999999999994458
13829000,5028,6213,130135,5706,3442,126296,107,19230,438,0,3137,0.0009999999999994458
13830000,-7225,6079,132795,-19560,-988,127440,113,19230,463,0,3138,0.0010000000000012221
13831000,-8376,-2881,129750,-15918,-9910,136864,139,19225,463,1,3139,0.0009999999999994458
13832000,-7429,6831,131056,-7360,11196,121849,109,19229,569,1,3140,0.0009999999999994458
13833000,-10534,14325,130789,-8349,13402,121300,109,19229,446,1,3141,0.0010000000000012221
13834000,-1766,3098,130542,-9748,-9834,131642,105,19222,430,0,3142,0.0009999999999994458
13835000,-5863,-9994,123410,-2565,-12458,129279,133,19233,545,0,3143,0.0009999999999994458
13836000,-1137,1808,127902,-6274,4355,124049,105,19228,430,0,3144,0.0009999999999994458
13837000,-3333,6539,128034,-4710,7953,124142,123,19228,430,1,3145,0.0010000000000012221
13838001,-6499,3984,126502,-16249,10317,126630,117,19224,504,1,3146,0.0010010000000004737
13839000,-5700,7466,130028,-11559,5888,123535,117,19232,479,1,3147,0.0009989999999984178
13840000,-2599,8363,124836,3925,4329,121362,102,19231,418,1,3148,0.0010000000000012221
13841000,1929,-303,125984,-4361,-15130,134285,136,19235,557,0,3149,0.0009999999999994458
13842000,-137,-8215,123365,-4937,-6351,121773,106,19228,434,0,3150,0.0009999999999994458
13843000,3489,9563,127042,-6155,5951,127033,111,19228,434,0,3151,0.0010000000000012221
13844000,-1465,8395,127526,3961,6196,122925,159,19225,455,1,3152,0.0009999999999994458
13845000,-4533,15624,125027,-3960,14292,119151,159,19228,651,1,3153,0.0009999999999994458
13846002,606,9563,124039,-4760,5480,128085,110,19229,451,1,3154,0.0010019999999997253
13847002,5988,2762,121950,11391,2184,121830,99,19222,405,0,3155,0.0010000000000012221
13848000,11994,-1060,124981,6785,-9106,126240,92,19230,377,0,3156,0.0009979999999991662
13849003,7882,-4714,125858,2173,-6473,124184,116,19230,377,0,3157,0.0010030000000007533
13850000,5019,-1317,127170,11770,-6533,140083,122,19224,475,0,3158,0.0009969999999999146
13851000,1439,-3526,125708,-2914,-790,117613,122,19222,500,1,3159,0.0009999999999994458
13852000,4181,21159,126893,-8758,15512,117897,110,19229,451,1,3160,0.0009999999999994458
13853000,6298,12400,128081,19610,3382,127330,102,19230,418,1,3161,0.0010000000000012221
13854000,12252,-2,124292,1298,-2847,118851,126,19226,516,0,3162,0.0009999999999994458
13855001,9963,-3825,129049,8195,-14555,138669,101,19226,516,0,3163,0.0010010000000004737
13856001,4761,-6596,126140,9671,-1288,124702,106,19236,414,0,3164,0.0009999999999994458
13857000,8485,7865,131644,-4991,1118,130121,106,19226,434,1,3165,0.0009990000000001942
13858000,-2453,4956,129947,3350,9471,124580,142,19224,582,1,3166,0.0009999999999994458
13859000,2694,9902,130369,-1061,2857,126700,115,19232,471,1,3167,0.0010000000000012221
13860000,6394,-3646,128004,769,-6695,130967,104,19226,426,1,3168,0.0009999999999994458
13861000,10976,-3858,127988,11156,-6965,123174,136,19226,557,0,3169,0.0009999999999994458
13862000,10731,-1889,129391,14526,-2965,135517,106,19234,557,0,3170,0.0010000000000012221
13863000,-2486,-8301,128272,-13285,-5912,123643,106,19233,434,0,3171,0.0009999999999994458
13864001,3701,9880,135193,-16241,5278,135951,111,19222,455,1,3172,0.0010010000000004737
13865000,-8306,-498,130284,11098,-2946,135383,128,19226,524,1,3173,0.0009990000000001942
13866000,-5510,3787,131382,-7096,4125,118543,104,19230,426,1,3174,0.0009999999999994458
13867000,464,1290,130314,-22656,-7265,134444,118,19230,483,0,3175,0.0009999999999994458
13868000,999,-5866,127591,10182,-9885,127445,95,19223,483,0,3176,0.0009999999999994458
13869003,-3,6794,132430,3338,1847,126995,109,19231,389,0,3177,0.0010030000000007533
13870002,-9622,-3946,129709,-25930,-7680,132185,109,19224,446,1,3178,0.0009990000000001942
13871003,-9261,8928,133572,-9198,7309,126202,140,19223,573,1,3179,0.0010010000000004737
13872002,-7377,440,130070,-8191,-1584,127133,116,19230,475,1,3180,0.0009990000000001942
13873000,-3838,10106,128728,-7870,7166,121185,101,19230,414,1,3181,0.0009979999999991662
13874000,-1164,8966,126734,-1374,5105,130301,161,19226,414,0,3182,0.0009999999999994458
13875000,-3254,-10648,122715,-13253,-11779,124608,117,19228,659,0,3183,0.0010000000000012221
13876000,1008,3321,130035,-2020,1125,130380,117,19229,479,0,3184,0.0009999999999994458
13877000,-7751,2042,126900,-6199,678,122150,115,19223,471,1,3185,0.0009999999999994458
13878000,-6843,12560,127876,-14704,6564,124618,137,19229,561,1,3186,0.0010000000000012221
13879000,-6027,8857,130031,-11070,1309,130787,112,19228,459,1,3187,0.0009999999999994458
13880002,382,465,123736,1904,6399,117735,115,19228,459,0,3188,0.0010019999999997253
13881002,953,195,125464,-10477,7330,127030,92,19220,471,0,3189,0.0009999999999994458
13882001,1306,1651,125124,-2564,-3318,123533,92,19229,377,0,3190,0.0009990000000001942
13883003,4148,-239,124011,5429,-4867,132593,107,19227,438,0,3191,0.0010019999999997253
13884002,-4038,2778,127511,-7343,3632,124952,126,19223,516,1,3192,0.0009990000000001942
13885000,-4055,8989,127877,-5188,13083,122181,111,19228,455,1,3193,0.0009980000000009426
13886000,4823,18179,125514,4161,4924,124163,97,19228,455,1,3194,0.0009999999999994458
13887000,6911,1102,123262,2424,-10799,130395,128,19230,397,0,3195,0.0009999999999994458
13888001,8235,-5725,121723,8360,-3198,122551,128,19232,524,0,3196,0.0010010000000004737
13889000,6805,5297,126225,8771,2663,118935,113,19227,463,0,3197,0.0009990000000001942
13890000,5200,704,125321,984,-2222,134251,113,19229,463,1,3198,0.0009999999999994458
13891003,3504,-1426,127632,-1334,3158,126606,126,19228,516,1,3199,0.0010030000000007533
13892000,3559,6275,126484,4909,6789,127965,111,19228,516,1,3200,0.0009969999999999146
13893000,7851,10699,125039,3427,7742,120021,106,19232,455,1,3201,0.0009999999999994458
13894000,8623,-29,126676,7488,-7968,127870,106,19222,434,0,3202,0.0010000000000012221
13895000,12066,-10365,126033,13874,-17013,135068,101,19232,414,0,3203,0.0009999999999994458
13896000,5850,-11857,125884,923,-9820,129421,107,19229,438,0,3204,0.0009999999999994458
13897001,5043,7055,132414,-3293,8454,120104,116,19225,475,1,3205,0.0010010000000004737
13898001,3103,27501,132774,2245,10107,123174,110,19225,475,1,3206,0.0009999999999994458
13899000,-2538,1633,129418,3142,-3917,137770,98,19232,451,1,3207,0.0009990000000001942
13900000,3013,-13638,127346,-2188,-11297,131702,98,19227,401,0,3208,0.0009999999999994458
13901001,6840,-8685,128013,4571,-10123,126336,138,19226,565,0,3209,0.0010010000000004737
13902001,8535,1239,129808,18073,-1720,128616,103,19225,422,0,3210,0.0009999999999994458
13903000,6610,879,130889,-22284,1808,126778,107,19225,438,0,3211,0.0009990000000001942
13904001,-220,8421,133897,-2514,5611,129760,148,19225,438,1,3212,0.0010010000000004737
13905000,-6109,3928,130994,3460,-3287,130676,110,19232,606,1,3213,0.0009990000000001942
13906000,-7826,-1054,131548,-13294,-6037,128323,110,19232,451,1,3214,0.0009999999999994458
13907000,-1248,-7851,129116,-10111,-11632,135401,101,19223,414,0,3215,0.0010000000000012221
13908000,2043,-533,130655,3458,-3498,129876,128,19231,524,0,3216,0.0009999999999994458
13909000,-1174,133,127953,611,7513,125183,117,19232,479,0,3217,0.0009999999999994458
13910000,-4418,11142,132039,-18077,5060,123780,121,19232,496,1,3218,0.0010000000000012221
13911000,-8459,-5649,128056,-10048,-9309,138726,111,19220,496,1,3219,0.0009999999999994458
13912000,-5935,9188,132391,-5956,6042,126362,105,19230,455,1,3220,0.0009999999999994458
13913000,-6188,6114,130087,-9668,910,126701,105,19229,430,1,3221,0.0010000000000012221
13914000,-3776,-4151,126592,-8324,-7219,129411,127,19220,520,0,3222,0.0009999999999994458
13915000,-2316,-2548,126522,-9784,-7403,127879,98,19233,401,0,3223,0.0009999999999994458
13916000,-1976,2082,127590,-2881,-2631,125985,102,19233,418,0,3224,0.0009999999999994458
13917000,-3957,18447,128623,-6877,16141,117309,141,19222,418,1,3225,0.0010000000000012221
13918001,-11217,13113,129270,-17985,8174,126111,116,19229,577,1,3226,0.0010009999999986974
13919000,-4784,1367,126270,-8703,-1113,128841,116,19229,475,1,3227,0.0009990000000001942
13920000,-796,-1078,127319,1210,-3807,130038,103,19230,422,0,3228,0.0010000000000012221
13921000,-2077,973,122847,-10330,226,116267,116,19229,475,0,3229,0.0009999999999994458
13922000,4848,1053,124026,-376,-4326,129624,107,19229,438,0,3230,0.0009999999999994458
13923000,-587,-4069,124920,1036,-6544,126394,113,19228,438,0,3231,0.0010000000000012221
13924000,412,13550,126094,-8360,12945,117219,133,19226,463,1,3232,0.0009999999999994458
13925000,-3791,10941,126787,-6194,6360,128379,133,19229,545,1,3233,0.0009999999999994458
13926000,2757,5873,124498,11942,-3979,124496,104,19228,426,1,3234,0.0010000000000012221
13927000,7780,4602,123929,-5737,-5300,123558,113,19228,463,0,3235,0.0009999999999994458
13928001,9455,1080,126072,17217,-5950,128171,99,19228,405,0,3236,0.0010010000000004737
13929000,6754,-1922,125945,1166,-6230,125000,113,19228,405,0,3237,0.0009989999999984178
13930000,3886,1801,125625,-2711,1534,125895,138,19228,463,1,3238,0.0010000000000012221
13931000,-1306,5598,129715,10737,9376,125775,138,19225,565,1,3239,0.0009999999999994458
13932000,3920,4700,126555,1485,-4735,129429,115,19227,471,1,3240,0.0009999999999994458
13933000,4993,10440,129681,8708,4163,116940,95,19227,389,1,3241,0.0010000000000012221
13934000,14166,388,125484,4536,-6776,131573,142,19233,582,0,3242,0.0009999999999994458
13935000,7959,-15252,126040,14761,-15640,134027,106,19233,582,0,3243,0.0009999999999994458
13936000,5728,2998,128083,-1980,-6848,121588,107,19225,434,0,3244,0.0010000000000012221
13937000,5265,372,127860,-5093,230,135364,107,19225,438,1,3245,0.0009999999999994458
13938000,-387,19362,135011,7024,21313,117071,125,19228,512,1,3246,0.0009999999999994458
13939000,2367,8982,127966,885,-3821,132328,105,19230,430,1,3247,0.0010000000000012221
13940000,5328,-13650,124799,-1245,-14046,129296,110,19217,451,0,3248,0.0009999999999994458
13941000,11706,-7856,129569,14533,-6320,130906,88,19217,451,0,3249,0.0009999999999994458
13942000,8501,-4353,127101,11805,-8118,129361,107,19230,360,0,3250,0.0010000000000012221
13943000,1547,11354,132707,-24946,7408,121120,107,19230,438,0,3251,0.0009999999999994458
13944000,-962,2180,133362,-6639,-3750,138850,129,19223,528,1,3252,0.0009999999999994458
13945000,-10072,8609,131453,11035,4539,116314,110,19230,451,1,3253,0.0009999999999994458
13946000,-3198,1830,130250,-21667,-9447,132454,96,19229,393,1,3254,0.0010000000000012221
13947000,-3291,-8715,129647,-7683,-10345,131777,146,19229,393,0,3255,0.0009999999999994458
13948001,7562,3205,130014,9366,-2484,123274,109,19233,598,0,3256,0.0010010000000004737
13949000,-2629,-1441,130805,-6437,-2605,135246,109,19228,446,0,3257,0.0009990000000001942
13950000,-6160,6908,131810,-19029,5163,119502,116,19227,475,1,3258,0.0009999999999994458
13951000,-8854,8255,129650,-13494,4978,135989,132,19226,541,1,3259,0.0009999999999994458
13952000,-10008,4583,129041,-4340,8251,124230,112,19231,459,1,3260,0.0010000000000012221
13953000,-2877,12222,128627,-7599,5304,125453,107,19231,459,1,3261,0.0009999999999994458
13954000,-5796,-6302,124206,-12409,-6583,130531,132,19220,438,0,3262,0.0009999999999994458
13955002,2173,-2768,125875,-4419,-1943,124045,108,19232,541,0,3263,0.0010019999999997253
13956002,859,2785,129493,-2012,-71,137807,108,19230,442,0,3264,0.0010000000000012221
13957000,-4458,11425,125741,-7300,11567,110834,125,19223,512,1,3265,0.0009979999999991662
13958002,-8712,15322,130122,-17555,7162,128451,116,19226,475,1,3266,0.0010019999999997253
13959000,-5732,689,126308,-7538,-1676,129429,105,19226,430,1,3267,0.0009980000000009426
13960000,2216,4205,126434,6985,134,122533,136,19228,430,0,3268,0.0009999999999994458
13961000,-2964,-3843,125566,-5282,-6429,132401,105,19228,557,0,3269,0.0009999999999994458
13962000,1160,5768,124823,-6208,2937,115082,105,19227,430,0,3270,0.0010000000000012221
13963000,235,9736,126824,77,8925,129754,112,19229,459,0,3271,0.0009999999999994458
13964000,-738,6002,124848,-2331,4719,119944,155,19228,635,1,3272,0.0009999999999994458
13965000,-1468,10219,125514,-4145,8094,126033,112,19228,459,1,3273,0.0010000000000012221
13966000,2119,2129,123087,-588,-2438,119027,98,19228,459,1,3274,0.0009999999999994458
13967000,12177,3862,124730,4829,767,127710,98,19227,401,0,3275,0.0009999999999994458
13968000,11610,-3488,126142,17668,-9325,125775,98,19228,401,0,3276,0.0010000000000012221
13969000,5504,-5444,123327,-467,-8651,124972,115,19227,471,0,3277,0.0009999999999994458
13970000,4327,-3,128349,-882,-3492,131332,122,19219,500,1,3278,0.0009999999999994458
13971000,-1474,13197,127194,5326,9244,113653,110,19227,451,1,3279,0.0010000000000012221
13972000,5941,13217,125202,1233,229,131577,100,19227,451,1,3280,0.0009999999999994458
13973000,7022,3172,125653,4601,-1367,119955,120,19228,410,0,3281,0.0009999999999994458
13974000,15074,1709,126769,5564,-7280,128062,120,19224,491,0,3282,0.0010000000000012221
13975000,10246,-11225,128531,16696,-15895,135675,98,19236,401,0,3283,0.0009999999999994458
13976000,3916,-8439,129321,-11704,-4900,129121,106,19227,434,0,3284,0.0009999999999994458
13977000,3177,3112,130123,-4028,7425,130921,141,19228,577,1,3285,0.0009999999999994458
13978000,-1708,18886,130626,11013,16347,115196,117,19228,577,1,3286,0.0010000000000012221
13979000,2272,5572,130069,-6055,-10481,138719,99,19228,479,1,3287,0.0009999999999994458
13980000,8286,-1868,129137,-1118,-17589,125876,99,19222,405,0,3288,0.0009999999999994458
13981000,9565,-9126,126355,16011,-10746,129867,143,19230,586,0,3289,0.0010000000000012221
13982000,6191,-1842,130597,3307,-793,132465,106,19229,434,0,3290,0.0009999999999994458
13983002,-1065,6621,132415,-18135,7781,119311,115,19223,471,1,3291,0.0010019999999997253
13984002,-757,5629,132518,-1930,-982,140486,136,19223,471,1,3292,0.0009999999999994458
13985000,-8768,-1375,130906,-345,-2383,125667,102,19230,557,1,3293,0.0009980000000009426
13986000,-67,-3527,128573,-19864,-2151,130250,102,19232,418,1,3294,0.0009999999999994458
13987000,2505,-9409,128294,1786,-7305,130622,115,19223,471,0,3295,0.0010000000000012221
13988000,2998,-826,128868,1420,-3020,127262,94,19230,385,0,3296,0.0009999999999994458
13989000,-4756,1371,130214,-19431,1668,132486,109,19227,446,0,3297,0.0009999999999994458
13990001,-8710,2461,130424,-12658,232,128132,137,19227,446,1,3298,0.0010010000000004737
13991001,-10406,1195,132118,-3818,2538,136039,116,19224,561,1,3299,0.0009999999999994458
13992000,-9790,15204,129591,-13079,5884,120678,116,19232,475,1,3300,0.0009990000000001942
13993000,-3198,5098,128953,-14108,-5401,130813,99,19225,405,0,3301,0.0009999999999994458
13994000,-2870,-8284,125924,-2181,-8931,131071,156,19227,639,0,3302,0.0010000000000012221
13995000,-1967,-742,127344,-4012,-1563,123742,106,19230,434,0,3303,0.0009999999999994458
13996001,-3228,4926,128143,-15587,3379,129094,110,19230,434,0,3304,0.0010010000000004737
13997000,-8782,6166,127274,-9827,3632,119152,133,19221,451,1,3305,0.0009990000000001942
13998000,-3439,9476,127289,-9908,4670,131214,133,19227,545,1,3306,0.0009999999999994458
13999000,-4889,3241,125425,1145,-3018,123592,111,19231,455,1,3307,0.0009999999999994458
14000000,-2040,8676,123886,-4675,5781,118969,113,19221,463,0,3308,0.0010000000000012221
14001001,1722,947,125374,-10542,-4316,129596,100,19230,410,0,3309,0.0010009999999986974
14002000,1127,-2115,125353,9876,-4049,125111,115,19230,471,0,3310,0.0009990000000001942
14003000,1322,-3525,126620,-3060,1576,132616,129,19226,471,1,3311,0.0010000000000012221
14004000,-6024,13789,126495,-12101,11844,115816,112,19222,528,1,3312,0.0009999999999994458
14005000,1965,12015,126793,-618,5234,129725,112,19228,459,1,3313,0.0009999999999994458
14006000,6107,83,123082,7073,-2967,126832,100,19235,410,0,3314,0.0010000000000012221
14007000,6737,4956,123868,5207,1778,118233,134,19233,549,0,3315,0.0009999999999994458
14008000,9742,-3765,124263,400,-9055,124321,112,19233,459,0,3316,0.0009999999999994458
14009000,6042,-2375,126683,7810,-6317,127824,111,19227,459,0,3317,0.0009999999999994458
14010000,4634,1996,128276,7466,-2549,121216,132,19225,455,1,3318,0.0010000000000012221
14011001,-295,15257,128835,-5108,16053,112819,132,19230,541,1,3319,0.0010009999999986974
14012000,7921,6830,127568,6320,2629,129647,110,19232,451,1,3320,0.0009990000000001942
14013000,9877,-3376,125816,13127,-8648,123226,105,19220,430,0,3321,0.0010000000000012221
14014002,11291,-1644,125262,-233,-4734,131964,108,19229,442,0,3322,0.0010019999999997253
14015000,8925,-4887,127665,9781,-5810,120786,106,19229,442,0,3323,0.0009979999999991662
14016001,4896,-2208,127930,4778,-6301,131645,112,19226,434,0,3324,0.0010010000000004737
14017000,3097,-2337,129677,-3319,-6757,132128,112,19222,459,1,3325,0.0009990000000001942
14018000,-1221,12477,129334,821,7823,119360,110,19228,451,1,3326,0.0009999999999994458
14019000,4648,6249,127976,586,-2399,127328,102,19232,418,1,3327,0.0010000000000012221
14020000,8451,-4091,128126,2233,-16663,130643,133,19224,545,0,3328,0.0009999999999994458
14021000,10835,-10785,129544,9408,-8962,136892,102,19224,545,0,3329,0.0009999999999994458
14022000,4858,-8000,129250,-8279,-8428,130025,105,19232,418,0,3330,0.0010000000000012221
14023001,-3921,12423,133161,-16161,13839,117705,105,19228,430,1,3331,0.0010009999999986974
14024000,-4740,12617,132473,-139,539,134103,146,19228,598,1,3332,0.0009990000000001942
14025000,-7594,-3547,130959,2281,-5199,134362,111,19231,455,1,3333,0.0009999999999994458
14026000,-2480,-11866,127925,-12075,-18168,134781,101,19225,414,1,3334,0.0010000000000012221
14027000,-762,2577,129647,-9438,7642,116282,121,19225,414,0,3335,0.0009999999999994458
14028000,5934,11669,129305,7903,2599,128107,109,19234,496,0,3336,0.0009999999999994458
14029002,-3611,-4704,131813,-12131,-9336,137410,109,19228,446,0,3337,0.0010020000000015017
14030002,-8098,-2937,128726,-21210,-3121,128128,117,19220,479,1,3338,0.0009999999999994458
14031000,-10997,8971,132422,-9911,8272,128230,109,19228,446,1,3339,0.0009979999999991662
14032000,-7816,11059,131069,-3348,6222,121916,105,19231,430,1,3340,0.0010000000000012221
14033000,-2524,391,128296,-1764,-6013,135392,123,19231,430,0,3341,0.0009999999999994458
14034001,-5883,-10609,124377,-14114,-9202,128487,97,19216,504,0,3342,0.0010010000000004737
14035001,-1978,5159,126920,-3114,8798,119559,97,19231,397,0,3343,0.0009999999999994458
14036000,-2557,12476,127870,-4634,5869,127037,105,19227,430,1,3344,0.0009990000000001942
14037000,-6473,6346,127613,-13403,283,126221,139,19227,569,1,3345,0.0009999999999994458
14038000,-7272,519,127187,-10742,-3076,129772,114,19232,467,1,3346,0.0009999999999994458
14039000,-2680,10550,129904,-3732,6641,119604,100,19232,467,1,3347,0.0010000000000012221
14040003,3702,8219,124637,7874,-2331,125479,129,19228,410,0,3348,0.001002999999998977
14041000,-21,-2503,124357,-11167,-5497,130165,129,19228,528,0,3349,0.0009969999999999146
14042000,1649,980,123453,-9087,352,121418,117,19225,479,0,3350,0.0010000000000012221
14043000,565,5507,126387,4006,4273,127793,117,19221,479,1,3351,0.0009999999999994458
14044000,-2170,24950,129088,-9177,18314,116644,138,19233,565,1,3352,0.0009999999999994458
14045000,159,8305,123927,1636,4130,128121,102,19233,418,1,3353,0.0010000000000012221
14046000,5708,-4590,122938,11689,-2541,127709,113,19234,418,0,3354,0.0009999999999994458
14047000,11057,4417,123449,-2865,1693,118642,99,19225,463,0,3355,0.0009999999999994458
14048000,10205,4380,126133,9900,2577,121810,99,19230,405,0,3356,0.0010000000000012221
14049002,6407,-1714,127699,8315,-10952,131676,111,19229,455,0,3357,0.0010019999999997253
14050000,3545,-9085,125707,-4063,-5975,133847,131,19227,537,1,3358,0.0009979999999991662
14051000,2659,9633,130044,5353,8397,117429,112,19227,459,1,3359,0.0010000000000012221
14052002,6698,6414,124497,8849,612,124240,97,19228,459,1,3360,0.0010019999999997253
14053002,9309,17895,129863,-597,10743,119780,154,19228,397,0,3361,0.0009999999999994458
14054002,10263,-2390,125206,5637,-11494,134072,154,19231,631,0,3362,0.0009999999999994458
14055000,5994,-11960,127270,18939,-14334,129061,109,19228,446,0,3363,0.0009980000000009426
14056000,3506,2261,129421,-5441,666,123841,106,19226,434,1,3364,0.0009999999999994458
14057000,2795,10336,130206,-353,4909,127985,126,19226,516,1,3365,0.0009999999999994458
14058000,2749,15975,130078,3700,12687,126163,108,19223,516,1,3366,0.0010000000000012221
14059003,5646,640,129132,-4600,-2891,129875,113,19233,442,1,3367,0.001002999999998977
14060002,7480,-4473,127809,6761,-8503,128287,113,19219,463,0,3368,0.0009990000000001942
14061002,9547,-16488,128769,13848,-19224,134664,110,19230,451,0,3369,0.0010000000000012221
14062000,1503,-2549,129953,3757,-5435,123652,111,19230,455,0,3370,0.0009979999999991662
14063000,4625,13286,130532,-27038,11628,124822,124,19221,508,1,3371,0.0009999999999994458
14064000,-3848,14092,135088,2912,11408,129443,116,19221,508,1,3372,0.0010000000000012221
14065000,-6168,-2567,129118,10923,-20213,132228,100,19227,475,1,3373,0.0009999999999994458
14066001,-2842,-19887,124569,-28400,-19621,139898,100,19230,410,0,3374,0.0010010000000004737
14067000,-693,2667,132503,-1614,12680,114851,143,19229,586,0,3375,0.0009990000000001942
14068002,4503,12427,131061,6920,3892,128756,104,19228,426,0,3376,0.0010019999999997253
14069002,-6972,2336,131900,-21039,-5330,131394,108,19223,442,0,3377,0.0009999999999994458
14070000,-8427,-2282,131039,-15427,-6602,137067,137,19223,442,1,3378,0.0009979999999991662
14071000,-7883,-1750,127311,-2052,10777,120145,114,19227,561,1,3379,0.0010000000000012221
14072000,-7430,23267,131186,-12273,18231,117045,114,19230,467,1,3380,0.0009999999999994458
14073000,-1684,-1509,128970,-12795,-12260,138400,109,19218,446,0,3381,0.0009999999999994458
14074000,-3311,-8806,125652,-175,-12907,124410,136,19233,557,0,3382,0.0010000000000012221
14075000,-1445,-907,128190,-10764,-1213,131095,104,19231,426,0,3383,0.0009999999999994458
14076000,-4372,10665,129020,-3810,14177,117790,118,19231,426,1,3384,0.0009999999999994458
14077000,-5657,12402,128245,-11644,8700,125241,114,19216,483,1,3385,0.0010000000000012221
14078001,-5505,-206,126996,-17311,-4760,135707,114,19228,467,1,3386,0.0010009999999986974
14079000,-2338,2266,124857,3393,10308,115894,105,19238,430,1,3387,0.0009990000000001942
14080000,2506,1500,126030,-1171,2457,129770,135,19229,553,0,3388,0.0010000000000012221
14081000,1854,-7015,124009,-7576,-7705,124241,103,19231,422,0,3389,0.0009999999999994458
14082000,3385,1499,125466,-4844,-2181,131124,107,19231,422,0,3390,0.0009999999999994458
14083000,-2967,10744,126255,1565,10974,120568,153,19225,438,1,3391,0.0010000000000012221
14084000,-4759,17090,126518,-4488,10312,118968,153,19229,627,1,3392,0.0009999999999994458
14085000,-19,1524,126858,-2806,-3856,133850,112,19231,459,1,3393,0.0009999999999994458
14086000,8863,5817,123613,6878,-4410,119389,99,19225,405,0,3394,0.0009999999999994458
14087002,7948,4726,124910,1039,-5963,125719,94,19231,385,0,3395,0.0010020000000015017
14088002,9528,-3558,125540,11493,-971,125405,117,19231,385,0,3396,0.0009999999999994458
14089000,2513,-4585,124814,6334,-1621,128647,124,19227,479,0,3397,0.0009979999999991662
14090000,3936,-908,126359,-9092,4172,127136,124,19221,508,1,3398,0.0010000000000012221
14091000,4188,13789,127910,7719,9086,120171,109,19229,446,1,3399,0.0009999999999994458
14092000,10131,3765,123228,6858,2998,125800,104,19224,426,1,3400,0.0009999999999994458
14093000,11019,-3149,126447,5194,-5318,124611,121,19227,496,0,3401,0.0010000000000012221
14094000,10125,-9936,127485,8934,-15808,136607,97,19227,397,0,3402,0.0009999999999994458
14095000,6696,-7582,128003,10426,-9446,128811,107,19233,397,0,3403,0.0009999999999994458
14096000,-356,8007,131799,-4823,3654,126848,137,19229,438,1,3404,0.0010000000000012221
14097001,440,1620,130195,-1916,9129,132212,137,19229,561,1,3405,0.0010009999999986974
14098000,433,15478,129315,7284,9715,120590,113,19227,463,1,3406,0.0009990000000001942
14099000,6699,-7495,126264,-4990,-15462,138709,101,19226,414,1,3407,0.0010000000000012221
14100000,10778,-4842,127327,7310,-6361,122324,147,19226,602,0,3408,0.0009999999999994458
14101000,7316,8174,132507,16663,254,125916,116,19229,602,0,3409,0.0009999999999994458
14102000,2652,-13520,128957,-7060,-16521,138402,115,19229,475,0,3410,0.0009999999999994458
14103000,-1149,4464,131815,-21356,4750,126063,115,19222,471,1,3411,0.0010000000000012221
14104001,-4715,10510,133273,6905,5909,121109,131,19228,537,1,3412,0.0010010000000004737
14105000,-6776,12569,128955,-506,9158,115390,105,19229,430,1,3413,0.0009989999999984178
14106003,1474,-11693,130678,-23843,-15213,140263,116,19223,475,0,3414,0.0010030000000007533
14107002,-568,-9961,128060,7220,-11892,119407,94,19223,475,0,3415,0.0009990000000001942
14108000,1174,6256,130742,1795,3213,133110,110,19230,385,0,3416,0.0009979999999991662
14109000,-8445,4560,130792,-17571,2242,120471,110,19228,451,1,3417,0.0010000000000012221
14110000,-7539,2697,132645,-14575,-361,135939,136,19224,557,1,3418,0.0009999999999994458
14111000,-6304,-7119,128140,-7085,-11309,129745,118,19227,483,1,3419,0.0009999999999994458
14112002,-5651,16930,131246,-5960,16359,115587,101,19228,414,1,3420,0.0010019999999997253
14113000,-4107,912,128092,-12275,-10599,133973,154,19228,414,0,3421,0.0009980000000009426
14114000,-4076,-2099,126214,-8733,-8186,127725,104,19226,631,0,3422,0.0009999999999994458
14115000,582,-8487,125533,-2689,906,132471,104,19230,426,0,3423,0.0010000000000012221
14116000,-6474,14147,131456,-5473,10025,114304,107,19226,438,1,3424,0.0009999999999994458
14117000,-8324,11429,125201,-10279,3371,127578,131,19224,537,1,3425,0.0009999999999994458
14118000,-8917,8354,129801,-15241,7617,123884,111,19230,455,1,3426,0.0009999999999994458
14119000,12,6818,125331,5464,-2376,125041,112,19230,455,0,3427,0.0010000000000012221
14120000,1888,-5131,123641,3347,-11353,130906,85,19216,459,0,3428,0.0009999999999994458
14121000,642,5092,124532,-9298,433,120464,85,19232,348,0,3429,0.0009999999999994458
14122000,3693,-1185,124879,229,5606,128518,108,19228,442,0,3430,0.0010000000000012221
14123001,7,9657,127823,678,8121,124213,127,19221,520,1,3431,0.0010009999999986974
14124000,-1375,4582,124728,-6781,5901,125261,115,19230,471,1,3432,0.0009990000000001942
14125000,1284,9567,125000,-350,7345,118739,94,19230,471,1,3433,0.0010000000000012221
14126000,7672,6185,124321,8830,-3967,126329,136,19229,385,0,3434,0.0009999999999994458
14127000,8192,-3896,122620,12061,-6818,128185,136,19232,557,0,3435,0.0009999999999994458
14128000,6318,-1987,127289,2862,-8047,124368,109,19228,446,0,3436,0.0010000000000012221
14129000,4099,-740,126757,-563,-1476,127980,115,19226,471,1,3437,0.0009999999999994458
14130000,1168,10857,129024,4977,8056,124558,142,19226,582,1,3438,0.0009999999999994458
14131000,3405,5567,126460,4595,1995,127248,111,19226,582,1,3439,0.0010000000000012221
14132000,7098,3138,126117,1960,-2636,124793,104,19232,455,1,3440,0.0009999999999994458
14133000,7716,2025,125739,5720,4122,124562,104,19223,426,0,3441,0.0009999999999994458
14134000,13161,-7479,126133,20703,-15829,131744,117,19232,479,0,3442,0.0009999999999994458
14135000,3725,-14186,125532,1485,-13672,133146,106,19231,434,0,3443,0.0010000000000012221
14136000,3761,4979,129648,-13415,4388,125432,119,19224,487,1,3444,0.0009999999999994458
14137000,921,12496,131377,9502,9612,125228,112,19224,459,1,3445,0.0009999999999994458
14138000,2095,7315,130278,5966,1133,124866,102,19225,459,1,3446,0.0010000000000012221
14139000,2250,-2762,128686,-6294,-9184,134482,131,19233,418,0,3447,0.0009999999999994458
14140001,9177,-17033,125654,7565,-17244,132658,131,19221,537,0,3448,0.0010010000000004737
14141000,6700,2438,129984,19311,1367,125807,110,19231,451,0,3449,0.0009990000000001942
14142000,464,-485,128706,-21527,1100,127571,109,19227,446,0,3450,0.0009999999999994458
14143000,1864,13958,133921,-9840,8829,124395,152,19227,623,1,3451,0.0009999999999994458
14144000,-2747,-8470,131590,10911,-8880,141601,112,19224,623,1,3452,0.0010000000000012221
14145002,-8966,4145,130187,-11088,-1958,120534,100,19229,459,1,3453,0.0010019999999997253
14146000,646,-3590,129647,-19126,-7146,131518,100,19225,410,0,3454,0.0009979999999991662
14147000,-1819,-3475,130407,8674,-6463,132757,119,19231,487,0,3455,0.0010000000000012221
14148001,856,4650,129962,1663,3024,123055,109,19231,446,0,3456,0.0010009999999986974
14149000,-9293,9364,132172,-25406,5641,130632,118,19231,483,1,3457,0.0009990000000001942
14150000,-5506,4454,129812,-10348,3024,127437,110,19220,483,1,3458,0.0009999999999994458
14151000,-6611,11323,130510,3542,7495,128902,103,19227,451,1,3459,0.0010000000000012221
14152000,-3204,4706,128102,-17213,4721,128512,103,19230,422,1,3460,0.0009999999999994458
14153000,-2294,1371,127208,-8163,-1640,124359,122,19220,500,0,3461,0.0009999999999994458
14154000,-2040,-8074,126356,-1897,-11128,125762,94,19228,385,0,3462,0.0010000000000012221
14155000,-256,5204,125644,-6999,3251,122492,104,19228,426,0,3463,0.0009999999999994458
14156000,-6093,7534,127710,-10457,3857,133867,138,19228,426,1,3464,0.0009999999999994458
14157000,-5061,6131,126919,-7283,3217,119668,118,19227,565,1,3465,0.0010000000000012221
14158002,-6591,9406,129056,-7315,5561,131973,118,19229,483,1,3466,0.0010019999999997253
14159000,-154,5363,126867,-5160,-117,119410,103,19224,422,0,3467,0.0009979999999991662
14160000,-3103,92,124259,1279,-9544,129512,118,19231,483,0,3468,0.0010000000000012221
14161000,757,2691,124257,-10147,-1837,123026,107,19232,438,0,3469,0.0009999999999994458
14162000,102,8520,124958,632,7778,121844,111,19232,438,0,3470,0.0009999999999994458
14163003,-890,11751,127150,-13189,1132,130477,136,19232,455,1,3471,0.0010030000000007533
14164000,990,7411,126289,-2090,8917,120270,136,19228,557,1,3472,0.0009969999999999146
14165000,5353,6866,126489,6184,-1163,129059,104,19233,426,1,3473,0.0009999999999994458
14166000,9718,1688,122831,7065,2757,117931,113,19225,463,0,3474,0.0009999999999994458
14167000,7826,5605,122949,3832,-4974,123715,96,19229,393,0,3475,0.0010000000000012221
14168003,8445,-12307,125579,5311,-13696,135923,111,19229,393,0,3476,0.001002999999998977
14169002,4212,9,125458,6203,2429,119955,132,19228,455,1,3477,0.0009990000000001942
14170000,108,21081,131447,-3443,11887,123626,132,19224,541,1,3478,0.0009980000000009426
14171000,3870,11440,125416,6465,3729,122998,115,19232,471,1,3479,0.0009999999999994458
14172000,10661,-1923,126636,5781,-5541,131159,99,19229,405,1,3480,0.0009999999999994458
14173000,11902,-2618,126549,5731,-1822,122117,152,19232,623,0,3481,0.0010000000000012221
14174000,10112,-5133,127322,11517,-11062,129561,103,19232,623,0,3482,0.0009999999999994458
14175001,6504,-10111,129455,-176,-9371,133486,106,19228,422,0,3483,0.0010010000000004737
14176000,2273,3412,129858,-2397,4049,127518,106,19224,434,1,3484,0.0009990000000001942
14177000,-305,14362,131178,3098,8916,126268,130,19225,532,1,3485,0.0009999999999994458
14178000,-1595,7602,130787,408,5208,122175,111,19230,455,1,3486,0.0009999999999994458
14179000,6284,-1476,127512,-1359,-17126,133132,113,19220,463,0,3487,0.0009999999999994458
14180000,12080,-12405,128429,11537,-13631,129937,105,19220,430,0,3488,0.0010000000000012221
14181000,5249,1963,130496,11164,-5600,126632,102,19232,430,0,3489,0.0009999999999994458
14182000,3794,3141,132184,-20807,3014,127726,124,19229,418,0,3490,0.0009999999999994458
14183000,-4131,8629,133875,-3365,2941,127491,124,19220,508,1,3491,0.0010000000000012221
14184002,-5961,-3264,130704,656,-5594,136971,113,19233,463,1,3492,0.0010019999999997253
14185000,-7245,305,128759,-16026,-4513,124927,98,19231,401,1,3493,0.0009979999999991662
14186000,2391,-9314,128281,-9504,-6984,129478,141,19231,577,0,3494,0.0010000000000012221
14187000,3154,857,130466,9925,-1165,127909,106,19228,577,0,3495,0.0009999999999994458
14188000,-3235,-1647,129713,-3878,-7252,135020,113,19229,434,0,3496,0.0009999999999994458
14189000,-3759,-1356,129746,-22131,-1300,130991,113,19224,463,1,3497,0.0010000000000012221
14190000,-12992,7169,131581,-9453,7608,127513,144,19231,590,1,3498,0.0009999999999994458
14191000,-7628,7492,129184,-1798,13290,130433,112,19234,459,1,3499,0.0009999999999994458
14192000,-4426,5177,128069,-13728,-4397,123382,106,19234,434,1,3500,0.0010000000000012221
14193000,-1794,-11278,123789,-13637,-13402,134455,144,19220,434,0,3501,0.0009999999999994458
14194000,-597,3832,127595,1172,3994,125047,106,19229,590,0,3502,0.0009999999999994458
14195000,-2757,9755,128632,-2768,4663,118517,106,19230,434,0,3503,0.0009999999999994458
14196000,-4006,4511,129494,-13236,-846,132104,117,19217,479,1,3504,0.0010000000000012221
14197000,-11766,-850,125598,-12734,-2859,126177,113,19228,463,1,3505,0.0009999999999994458
14198000,-2465,11170,127532,-6977,9752,123991,105,19228,430,1,3506,0.0009999999999994458
14199000,-1028,10663,126209,4619,4632,121130,132,19228,430,0,3507,0.0010000000000012221
14200002,-846,-12574,123306,-5397,-14967,129896,106,19228,541,0,3508,0.0010019999999997253
14201002,1831,212,126930,-6928,-1899,124038,106,19227,434,0,3509,0.0009999999999994458
14202001,-2067,9713,126486,-156,6480,124574,111,19226,455,0,3510,0.0009990000000001942
14203000,-1555,16534,126573,5383,15113,116688,149,19225,610,1,3511,0.0009990000000001942
14204000,-4040,5024,125961,-17668,1214,129961,111,19232,455,1,3512,0.0009999999999994458
14205000,7052,-5500,122750,176,-8676,126550,100,19232,455,1,3513,0.0010000000000012221
14206000,7034,5224,122910,19878,5944,119896,109,19227,410,0,3514,0.0009999999999994458
14207000,11093,3164,123225,-3892,-4164,122816,109,19229,446,0,3515,0.0009999999999994458
14208000,6239,-2890,124962,9653,-9123,131527,119,19227,487,0,3516,0.0010000000000012221
14209000,3913,-7794,125764,2945,-6130,130591,121,19223,496,1,3517,0.0009999999999994458
14210000,3538,14224,130568,9308,12103,117853,108,19232,442,1,3518,0.0009999999999994458
14211000,2523,14152,128471,5522,-528,125050,103,19232,442,1,3519,0.0009999999999994458
14212000,8357,-142,124133,1884,-3606,124243,122,19232,422,0,3520,0.0010000000000012221
14213000,10241,4293,128736,7343,-4699,129151,122,19225,500,0,3521,0.0009999999999994458
14214000,10139,-14075,123690,10097,-19130,135938,96,19231,393,0,3522,0.0009999999999994458
14215000,4582,5544,128973,-312,17975,116531,105,19224,430,0,3523,0.0010000000000012221
14216000,2609,2108,129620,-5321,-721,133727,134,19226,549,1,3524,0.0009999999999994458
14217001,4359,3653,128890,6516,8207,125177,115,19226,549,1,3525,0.0010010000000004737
14218002,1010,8119,130002,804,1276,128047,101,19229,471,1,3526,0.0010009999999986974
14219003,8923,-5836,127643,-557,-11611,128421,101,19224,414,0,3527,0.0010010000000004737
14220000,6159,-5880,128788,15453,-5212,127135,152,19231,623,0,3528,0.0009969999999999146
14221000,5603,-11644,129462,1993,-18549,140867,105,19231,430,0,3529,0.0010000000000012221
14222000,1694,3044,132551,-13974,10273,118430,105,19225,430,1,3530,0.0009999999999994458
14223000,-6858,14113,134565,-1919,11464,132547,137,19225,430,1,3531,0.0009999999999994458
14224000,-6830,2091,128559,-1972,531,128928,105,19225,561,1,3532,0.0010000000000012221
14225000,-1745,-8722,128170,-14821,-14305,133865,105,19230,430,1,3533,0.0009999999999994458
14226000,-551,-10405,127986,3744,-12196,137106,112,19221,459,0,3534,0.0009999999999994458
14227000,4938,19231,129555,-4334,14703,110076,91,19231,373,0,3535,0.0009999999999994458
14228002,-5266,5304,132391,-10496,-6273,138541,108,19229,442,0,3536,0.0010020000000015017
14229000,-3777,-12504,128754,-11082,-11530,135987,135,19229,553,1,3537,0.0009979999999991662
14230000,-10745,11423,131039,-13663,9763,122947,116,19224,553,1,3538,0.0009999999999994458
14231000,-10284,15266,130809,-10647,11433,122577,100,19234,475,1,3539,0.0010000000000012221
14232000,-2007,6426,130019,-6244,-42,127052,100,19226,410,0,3540,0.0009999999999994458
14233000,-4161,-12624,124808,-5539,-19959,140341,151,19228,618,0,3541,0.0009999999999994458
14234000,-5602,-5930,123916,-6351,56,117407,103,19230,422,0,3542,0.0010000000000012221
14235000,-3907,12850,129542,-17953,8594,123146,109,19230,446,0,3543,0.0009999999999994458
14236001,-2459,9713,128181,-1322,6398,125895,131,19224,446,1,3544,0.0010010000000004737
14237003,-8130,4561,126898,-5191,-2193,131045,112,19224,537,1,3545,0.0010019999999997253
14238000,-4815,-5082,125762,-16815,-4635,129638,112,19231,459,1,3546,0.0009969999999999146
14239000,-831,15240,127084,479,8324,113990,109,19216,446,0,3547,0.0009999999999994458
14240000,2864,-4917,123251,3207,-9557,133647,85,19230,348,0,3548,0.0010000000000012221
14241000,1195,-582,125470,-1070,-3863,124682,109,19230,446,0,3549,0.0009999999999994458
14242002,-4029,7994,126408,-6153,2213,120105,129,19227,446,1,3550,0.0010019999999997253
14243000,-2243,13800,126238,-5779,12451,123901,113,19223,528,1,3551,0.0009979999999991662
14244000,27,16324,128706,1340,10881,121639,113,19228,463,1,3552,0.0010000000000012221
14245000,7471,2238,123211,6098,-615,129916,95,19228,389,0,3553,0.0009999999999994458
14246000,7341,1188,122543,2318,-3073,121677,134,19231,549,0,3554,0.0009999999999994458
14247000,10971,-3986,125345,5434,-7873,126934,111,19229,455,0,3555,0.0010000000000012221
14248000,8606,1610,127193,10732,-1451,125702,116,19229,455,0,3556,0.0009999999999994458
14249000,2804,-3340,126582,-614,-7016,129176,136,19228,475,1,3557,0.0009999999999994458
14250006,1768,3905,128092,-471,2449,124763,136,19228,557,1,3558,0.0010060000000002844
14251000,7486,12215,127520,8142,8468,122872,110,19230,451,1,3559,0.0009940000000003835
14252000,9373,2235,124720,10516,-610,125634,100,19224,410,0,3560,0.0009999999999994458
14253000,7517,3148,128658,3631,-11028,130044,130,19228,532,0,3561,0.0010000000000012221
14254000,9041,-11022,125431,2759,-13952,130361,120,19228,532,0,3562,0.0009999999999994458
14255000,4581,-595,129567,10938,5112,128104,122,19228,491,1,3563,0.0009999999999994458
14256002,4277,6627,129905,-2486,-1916,129552,122,19221,500,1,3564,0.0010019999999997253
14257000,4091,15115,128934,107,7907,121610,112,19228,459,1,3565,0.0009980000000009426
14258000,5663,4243,128578,5536,-6921,133077,101,19229,414,1,3566,0.0009999999999994458
14259002,9694,-12247,127270,-427,-11484,128422,130,19224,532,0,3567,0.0010019999999997253
14260000,8314,540,129428,15933,-3799,123680,98,19224,532,0,3568,0.0009980000000009426
14261000,4828,-3307,129329,2224,-16550,135776,103,19229,401,0,3569,0.0009999999999994458
14262000,-2027,9738,133117,-24861,12011,120627,103,19232,422,1,3570,0.0009999999999994458
14263000,-3071,8139,133500,2838,-692,134351,145,19228,594,1,3571,0.0010000000000012221
14264002,-7852,-2237,130880,5118,-5660,131085,112,19230,459,1,3572,0.0010019999999997253
14265003,-1360,-2044,129536,-23695,-12968,128172,97,19226,397,0,3573,0.0010010000000004737
14266000,-1681,-9289,129218,-5798,-5108,134299,121,19226,397,0,3574,0.0009969999999999146
14267000,4526,7702,130635,11645,9232,120390,107,19234,496,0,3575,0.0009999999999994458
14268000,-7996,2525,129264,-17077,721,129201,107,19232,438,0,3576,0.0009999999999994458
14269000,-5402,2346,131840,-23486,-2239,132490,116,19220,475,1,3577,0.0010000000000012221
14270000,-7428,-807,128380,1066,-176,133718,112,19228,459,1,3578,0.0009999999999994458
14271000,-6418,12414,130625,-11685,11992,119813,106,19230,434,1,3579,0.0009999999999994458
14272002,-1194,10492,128861,-11827,-262,123325,121,19230,496,0,3580,0.0010019999999997253
14273000,-5840,-11742,125516,-5807,-15947,134140,92,19219,496,0,3581,0.0009980000000009426
14274000,967,-482,129689,-2990,-326,125042,102,19232,377,0,3582,0.0009999999999994458
14275000,-5218,11905,127559,-10729,8731,124295,102,19225,418,1,3583,0.0009999999999994458
14276002,-6680,12886,129180,-10705,9770,123169,139,19226,569,1,3584,0.0010020000000015017
14277000,-5438,6222,126801,-9201,184,127241,121,19228,496,1,3585,0.0009979999999991662
14278000,-877,-3224,125922,-4424,1005,138260,103,19228,422,1,3586,0.0009999999999994458
14279000,-677,-1233,124114,-1579,4103,112664,113,19230,422,0,3587,0.0010000000000012221
14280000,2302,4346,126395,-9073,182,127398,112,19233,463,0,3588,0.0009999999999994458
14281000,3367,-7353,122899,3449,-9148,133040,112,19226,459,0,3589,0.0009999999999994458
14282000,-1407,977,126967,680,-2567,128032,115,19224,471,1,3590,0.0010000000000012221
14283000,-3876,9873,125903,-9754,9025,121529,139,19226,569,1,3591,0.0009999999999994458
14284000,-1335,19369,128072,-690,14147,116435,104,19226,426,1,3592,0.0009999999999994458
14285000,7768,-4009,123376,7123,-8542,135443,109,19229,426,0,3593,0.0010000000000012221
14286000,6779,-1671,123223,6144,-6139,118175,111,19220,446,0,3594,0.0009999999999994458
14287000,4515,2826,123424,-1536,3472,126026,111,19221,455,0,3595,0.0009999999999994458
14288001,4593,1264,126356,6175,-59,126959,120,19226,491,0,3596,0.0010010000000004737
14289003,6048,3368,127102,6388,-1299,125396,143,19217,586,1,3597,0.0010019999999997253
14290000,5404,7142,129407,-2015,4254,127701,120,19230,491,1,3598,0.0009969999999999146
14291000,6352,9284,126270,6791,5439,117858,99,19230,491,1,3599,0.0009999999999994458
14292000,12675,-4377,125374,11324,-5352,131671,147,19228,405,0,3600,0.0010000000000012221
14293000,8972,-3042,125835,4330,-8445,129316,147,19233,602,0,3601,0.0009999999999994458
14294000,6747,-10105,126467,9871,-13043,130243,104,19229,426,0,3602,0.0009999999999994458
14295000,3517,9147,131279,-3026,8669,122325,105,19221,430,1,3603,0.0010000000000012221
14296000,1689,12844,131667,-2011,8239,129672,125,19223,512,1,3604,0.0009999999999994458
14297000,1287,2884,128835,11721,704,126392,108,19223,512,1,3605,0.0009999999999994458
14298000,4141,-808,128878,-5935,-4119,127741,109,19234,442,1,3606,0.0010000000000012221
14299000,12523,-11777,125869,-5200,-8127,128078,109,19221,446,0,3607,0.0009999999999994458
14300000,6914,5884,132499,28942,-4271,129244,108,19230,442,0,3608,0.0009999999999994458
14301000,3702,-11652,126880,-8786,-7010,131161,109,19226,446,0,3609,0.0010000000000012221
14302000,-941,9688,135265,-19596,11661,124696,124,19222,508,1,3610,0.0009999999999994458
14303000,-6555,2399,131995,5635,-7528,134005,113,19222,508,1,3611,0.0009999999999994458
14304000,-6086,2499,130359,-11981,-4216,128296,97,19231,463,1,3612,0.0009999999999994458
14305000,-635,-4849,129255,-12237,-11410,131522,97,19231,397,0,3613,0.0010000000000012221
14306000,192,-179,128101,5208,2875,124109,137,19232,561,0,3614,0.0009999999999994458
14307000,1855,6787,129641,-5093,2496,123723,106,19228,434,0,3615,0.0009999999999994458
14308000,-5711,4399,132628,-21907,-11075,135684,108,19224,442,0,3616,0.0010000000000012221
14309000,-4361,5718,130465,-3925,3715,127608,140,19224,442,1,3617,0.0009999999999994458
14310000,-11564,3794,130241,-12656,7428,126351,111,19231,573,1,3618,0.0009999999999994458
14311000,-3800,2213,131630,-11858,51,132406,111,19231,455,1,3619,0.0010000000000012221
14312000,-3773,4194,127500,2281,-3383,120023,107,19221,438,0,3620,0.0009999999999994458
14313000,-5579,-2809,125704,-9610,-2962,133786,137,19234,561,0,3621,0.0009999999999994458
14314002,-756,2926,127618,-11320,-709,121068,103,19230,422,0,3622,0.0010019999999997253
14315005,-5055,8082,127644,-1777,3056,127857,115,19230,471,1,3623,0.0010030000000007533
14316002,-5849,10831,130795,-7061,1639,125122,113,19220,471,1,3624,0.0009969999999999146
14317000,-10565,4733,127302,-11495,1292,125634,107,19230,463,1,3625,0.0009980000000009426
14318000,-832,4719,126579,-5643,1382,128082,107,19229,438,1,3626,0.0009999999999994458
14319000,1700,3839,124251,-406,-85,121111,133,19229,545,0,3627,0.0009999999999994458
14320000,3998,-1552,124475,-2618,-6538,131006,104,19229,426,0,3628,0.0009999999999994458
14321000,2204,11821,123989,-5917,9477,117105,107,19229,438,0,3629,0.0010000000000012221
14322000,-2236,785,125270,-7051,913,130367,148,19225,438,1,3630,0.0009999999999994458
14323000,285,4588,127028,4048,7290,124866,112,19224,606,1,3631,0.0009999999999994458
14324000,-1180,12169,124931,3659,3544,124505,112,19232,459,1,3632,0.0010000000000012221
14325000,5025,9175,123113,-3831,4528,118645,100,19225,410,0,3633,0.0009999999999994458
14326000,8666,1507,125559,9556,-6327,125280,108,19226,442,0,3634,0.0009999999999994458
14327000,10741,-12263,123849,15507,-14043,132763,118,19226,483,0,3635,0.0010000000000012221
14328000,2196,-48,127860,977,-3827,120676,119,19228,483,1,3636,0.0009999999999994458
14329000,1117,8810,128923,-5233,8490,124262,106,19219,487,1,3637,0.0009999999999994458
14330000,6057,8804,128405,6137,3907,127120,106,19230,434,1,3638,0.0010000000000012221
14331000,4281,729,125086,8208,918,128375,102,19233,418,1,3639,0.0009999999999994458
14332000,11139,-5134,125379,-1484,-6333,127676,119,19222,487,0,3640,0.0009999999999994458
14333000,9100,4191,125244,12314,-4951,121716,97,19228,397,0,3641,0.0010000000000012221
14334000,9379,-7741,126250,13470,-13290,134278,101,19228,397,0,3642,0.0009999999999994458
14335000,2915,-6053,128452,-8912,-5603,130613,134,19231,414,1,3643,0.0009999999999994458
14336000,-620,14588,132476,-1043,12849,119104,134,19231,549,1,3644,0.0009999999999994458
14337000,-74,14365,130816,7787,9126,130514,112,19233,459,1,3645,0.0010000000000012221
14338000,2677,-2417,127455,-5638,-9306,129030,99,19228,405,1,3646,0.0009999999999994458
14339000,10937,-10083,129020,1820,-12043,133633,151,19230,618,0,3647,0.0009999999999994458
14340000,10362,-8508,127588,21715,-9548,129868,106,19230,618,0,3648,0.0010000000000012221
14341002,736,-90,129698,-1143,-3005,129419,108,19229,434,0,3649,0.0010019999999997253
14342000,2160,4814,132190,-27816,631,126504,108,19220,442,1,3650,0.0009979999999991662
14343000,-6889,7121,131516,10580,4454,131403,135,19228,553,1,3651,0.0010000000000012221
14344000,-5210,-2540,132037,-544,-5680,124353,104,19232,426,1,3652,0.0009999999999994458
14345000,-3163,-5393,129408,-19985,-10114,134742,112,19218,459,0,3653,0.0009999999999994458
14346000,1873,-11481,129160,1208,-3410,131927,90,19218,459,0,3654,0.0010000000000012221
14347000,-2353,5984,133385,5923,-2786,126314,107,19229,369,0,3655,0.0009999999999994458
14348000,-8117,5814,131128,-19888,8568,125699,107,19227,438,1,3656,0.0009999999999994458
14349000,-10039,6037,132074,-16865,-2919,139666,135,19224,553,1,3657,0.0010000000000012221
14350001,-8441,-2290,126671,-5194,5911,120910,113,19229,463,1,3658,0.0010009999999986974
14351000,-4360,19215,130656,-12927,9242,121376,97,19229,397,1,3659,0.0009990000000001942
14352000,-2658,-2596,125141,-11122,-6749,128355,152,19229,397,0,3660,0.0009999999999994458
14353000,-1767,-4385,126630,-2917,-5643,128453,112,19224,623,0,3661,0.0010000000000012221
14354000,2223,-2020,127235,-7615,-2708,129360,112,19228,459,0,3662,0.0009999999999994458
14355000,-5212,9589,126881,-4614,6001,119962,112,19224,459,1,3663,0.0009999999999994458
14356000,-8993,19055,128635,-20107,11055,125621,130,19228,532,1,3664,0.0010000000000012221
14357000,-1181,3018,125172,-8631,-1359,123407,111,19227,455,1,3665,0.0009999999999994458
14358000,819,6088,129257,7567,-6036,130067,112,19227,455,0,3666,0.0009999999999994458
14359000,135,3601,124738,-6461,-7859,120175,87,19221,459,0,3667,0.0010000000000012221
14360000,147,-51,124776,-5344,1055,127265,87,19228,356,0,3668,0.0009999999999994458
14361000,1863,4583,126979,-1289,4964,125891,108,19231,442,0,3669,0.0009999999999994458
14362001,-701,14973,125868,975,14120,116864,126,19219,516,1,3670,0.0010010000000004737
14363000,-2820,7242,126396,-10495,-5366,130558,113,19230,463,1,3671,0.0009990000000001942
14364000,3531,2921,125224,1063,2876,122680,94,19230,385,1,3672,0.0009999999999994458
14365000,9870,9083,125632,11026,3761,123743,134,19229,385,0,3673,0.0010000000000012221
14366001,8586,-607,125181,6740,-7501,126544,107,19233,549,0,3674,0.0010009999999986974
14367000,7136,-7598,124261,7225,-17068,126591,107,19228,438,0,3675,0.0009990000000001942
14368000,839,-3511,128900,3342,-7390,130560,108,19227,442,1,3676,0.0009999999999994458
14369000,4571,15429,124927,-1067,19671,116710,136,19231,557,1,3677,0.0010000000000012221
14370000,3006,15852,130178,6409,8686,127464,111,19231,455,1,3678,0.0009999999999994458
14371000,12171,2243,122464,2265,-5299,123219,103,19232,455,1,3679,0.0009999999999994458
14372000,11792,-4784,125463,6026,-9229,130066,115,19221,422,0,3680,0.0010000000000012221
14373001,9707,-3070,129113,17745,-6403,127079,115,19234,471,0,3681,0.0010009999999986974
14374000,5524,-7019,128111,-1784,-11639,130298,102,19231,418,0,3682,0.0009990000000001942
14375000,1950,-5038,131145,-8601,-5771,136573,115,19225,471,1,3683,0.0010000000000012221
14376000,-222,11739,130804,10358,8784,121220,112,19225,459,1,3684,0.0009999999999994458
14377000,-1500,17624,129235,-2306,6608,121344,101,19232,459,1,3685,0.0009999999999994458
14378000,6044,-1426,129798,-3459,-7786,131050,131,19229,414,0,3686,0.0010000000000012221
14379000,11155,-13679,127959,13716,-13715,128578,131,19221,537,0,3687,0.0009999999999994458
14380000,4327,-2276,130750,8502,-5288,127500,101,19229,414,0,3688,0.0009999999999994458
14381000,1974,-2820,130024,-15603,-3995,129333,105,19229,430,0,3689,0.0010000000000012221
14382000,-1728,4054,132884,-5801,1726,136001,153,19231,627,1,3690,0.0009999999999994458
14383000,-6339,1413,130088,3419,50,127584,110,19231,627,1,3691,0.0009999999999994458
14384000,-3915,8399,132006,-15683,4014,123968,101,19230,451,1,3692,0.0009999999999994458
14385000,2533,-7009,129189,-9078,-11352,132893,101,19226,414,0,3693,0.0010000000000012221
14386000,-1780,-592,128090,7761,-955,131525,126,19229,516,0,3694,0.0009999999999994458
14387000,-1727,1738,129363,-11534,-1879,130481,116,19229,475,0,3695,0.0009999999999994458
14388000,-7053,525,129928,-14500,-2899,129315,126,19219,516,1,3696,0.0010000000000012221
14389000,-7771,6578,131776,-8927,4971,129591,115,19219,516,1,3697,0.0009999999999994458
14390001,-8667,7231,129884,-12209,3454,125647,106,19228,471,1,3698,0.0010010000000004737
14391000,-1582,7413,130803,-6781,4278,129226,106,19233,434,1,3699,0.0009990000000001942
14392002,-3807,-3066,125484,-6331,-7609,128362,121,19217,496,0,3700,0.0010019999999997253
14393000,-1769,-3815,126542,-7566,-3559,128521,93,19236,381,0,3701,0.0009979999999991662
14394000,-2634,910,126883,-7241,1175,122881,106,19228,434,0,3702,0.0010000000000012221
14395000,-4865,7015,128992,-8349,10770,128739,141,19228,434,1,3703,0.0009999999999994458
14396000,-6721,6755,126644,-6484,-670,126184,119,19228,577,1,3704,0.0009999999999994458
14397000,-9891,10534,127220,-9133,10342,122191,119,19228,487,1,3705,0.0009999999999994458
14398000,984,11641,124855,-530,-1252,126382,102,19227,418,0,3706,0.0010000000000012221
14399000,1027,-886,125383,6441,-2785,124486,113,19232,463,0,3707,0.0009999999999994458
14400000,2655,-3358,123819,-6030,-11084,132187,110,19229,451,0,3708,0.0009999999999994458
14401000,-1969,3292,125402,-6654,6874,118664,118,19229,451,0,3709,0.0010000000000012221
14402001,-801,18666,128188,-5753,3353,124490,142,19219,483,1,3710,0.0010009999999986974
14403000,731,14790,127709,5620,5757,124969,142,19224,582,1,3711,0.0009990000000001942
14404000,1639,4335,121437,-2687,12629,122032,104,19232,426,1,3712,0.0010000000000012221
14405000,10183,-2042,124933,3472,-2631,127646,110,19226,451,0,3713,0.0009999999999994458
14406000,11868,1532,122371,17163,991,118184,95,19229,389,0,3714,0.0009999999999994458
14407000,7363,-7209,124264,1973,-9821,134505,114,19229,467,0,3715,0.0010000000000012221
14408000,3163,-4146,127828,-2119,-1571,124835,139,19229,467,1,3716,0.0009999999999994458
14409000,819,10297,129341,4659,7727,122478,115,19224,569,1,3717,0.0009999999999994458
14410000,2704,14847,129519,9983,91,129883,115,19229,471,1,3718,0.0010000000000012221
14411000,5892,1177,125360,2717,-4513,123929,98,19227,401,1,3719,0.0009999999999994458
14412000,11004,6601,127098,1424,1446,123967,150,19233,614,0,3720,0.0009999999999994458
14413001,9381,-684,126688,14899,-10235,129782,103,19233,422,0,3721,0.0010010000000004737
14414000,6358,-7837,128716,-2102,-12746,132897,106,19227,422,0,3722,0.0009990000000001942
14415000,7033,15188,131892,3900,11609,122938,131,19227,434,1,3723,0.0009999999999994458
14416000,-2457,8358,128556,-2184,4217,126675,131,19228,537,1,3724,0.0009999999999994458
14417000,4796,4785,131042,5293,802,128559,112,19233,459,1,3725,0.0010000000000012221
14418000,5866,-1341,127228,3509,-9503,129909,110,19219,451,0,3726,0.0009999999999994458
14419001,10240,-10661,127572,1788,-12331,125220,101,19219,414,0,3727,0.0010010000000004737
14420000,6957,1469,132629,16037,-5462,130866,105,19232,414,0,3728,0.0009990000000001942
14421000,-479,-7671,130150,-14942,-4193,132072,125,19229,430,0,3729,0.0009999999999994458
14422000,-1074,15087,134050,-14059,10685,122657,125,19218,512,1,3730,0.0009999999999994458
14423000,-8855,5536,132504,9770,718,133948,114,19230,467,1,3731,0.0010000000000012221
14424000,-2409,-3272,128125,-8986,-4247,127493,98,19238,401,1,3732,0.0009999999999994458
14425000,-1965,-8503,129704,-21235,-13024,135547,140,19229,573,0,3733,0.0009999999999994458
14426000,5116,-4821,130285,10163,-5531,128226,107,19229,573,0,3734,0.0010000000000012221
14427000,-1012,9927,128907,3796,1546,123760,112,19228,438,0,3735,0.0009999999999994458
14428000,-8092,-3257,131098,-30301,-8280,133960,112,19226,459,1,3736,0.0009999999999994458
14429002,-9029,-283,130626,-8487,-826,133807,143,19228,586,1,3737,0.0010019999999997253
14430000,-10460,7073,129459,2061,5361,124528,115,19231,471,1,3738,0.0009980000000009426
14431002,-2430,14805,130385,-11223,9081,120134,106,19218,434,1,3739,0.0010019999999997253
14432000,-4390,-10495,124039,-12966,-16053,137367,140,19218,434,0,3740,0.0009979999999991662
14433000,-273,-7155,125736,236,-7072,125671,110,19224,573,0,3741,0.0010000000000012221
14434001,-2138,9564,128074,-5837,6600,118860,110,19228,451,0,3742,0.0010009999999986974
14435000,-7467,5622,126582,-10788,249,128139,120,19220,491,1,3743,0.0009990000000001942
14436000,-7275,5260,127238,-12644,98,134204,114,19227,467,1,3744,0.0010000000000012221
14437000,-3909,-558,127093,-10508,-3299,123777,105,19224,430,1,3745,0.0009999999999994458
14438000,-158,6199,127691,4281,3270,112997,129,19224,430,0,3746,0.0009999999999994458
14439000,-1542,-2290,124384,-6607,-6038,133214,101,19231,528,0,3747,0.0010000000000012221
14440000,2377,-9103,124642,-3968,-9470,128428,101,19227,414,0,3748,0.0009999999999994458
14441000,-1812,6487,126420,186,9511,124366,107,19228,438,1,3749,0.0009999999999994458
14442000,-5349,16130,127121,-2708,13034,118089,149,19227,610,1,3750,0.0010000000000012221
14443000,-3273,16136,126342,-3614,7719,124286,113,19234,463,1,3751,0.0009999999999994458
14444000,8367,-670,123163,-5099,-9603,130031,96,19234,463,1,3752,0.0009999999999994458
14445000,11105,907,123515,14312,2945,119224,98,19228,393,0,3753,0.0009999999999994458
14446000,13578,4760,123251,2638,-3495,122859,98,19230,401,0,3754,0.0010000000000012221
14447000,4789,-7500,125301,-360,-7228,127943,113,19231,463,0,3755,0.0009999999999994458
14448001,5176,-3616,127828,2731,1954,133631,119,19223,487,1,3756,0.0010010000000004737
14449002,1179,3266,126943,1899,7141,123400,109,19231,446,1,3757,0.0010010000000004737
14450002,3368,21112,127614,1303,19224,113821,102,19231,418,1,3758,0.0009999999999994458
14451000,9514,981,124597,6311,-7472,128712,118,19231,418,0,3759,0.0009979999999991662
14452000,10743,-11806,126362,10214,-15623,134063,118,19225,483,0,3760,0.0010000000000012221
14453001,11226,-10774,126343,13865,-12240,130193,97,19228,397,0,3761,0.0010009999999986974
14454000,2156,110,130765,-4358,5567,123331,105,19226,430,0,3762,0.0009990000000001942
14455000,1828,14741,131593,-5814,8146,126929,133,19227,545,1,3763,0.0010000000000012221
14456000,1462,5869,128995,3742,-797,132099,114,19227,467,1,3764,0.0009999999999994458
14457000,1419,199,129182,81,-479,126946,98,19235,467,1,3765,0.0009999999999994458
14458000,11488,-5405,126955,2264,-13836,128481,147,19226,401,0,3766,0.0010000000000012221
14459000,9119,-3011,129841,19143,-3387,129088,147,19230,602,0,3767,0.0009999999999994458
14460000,7826,-4891,126654,-2788,-7793,132539,107,19226,438,0,3768,0.0009999999999994458
14461000,-241,8491,132233,-18640,8718,124563,110,19220,451,1,3769,0.0009999999999994458
14462000,-5316,15373,132965,-806,11574,124770,132,19220,541,1,3770,0.0010000000000012221
14463000,-5498,-3046,129090,1996,-4752,133441,104,19230,541,1,3771,0.0009999999999994458
14464001,-2555,-10308,130276,-24021,-14661,134894,115,19238,426,1,3772,0.0010010000000004737
14465000,2913,-1171,128783,426,-2644,126641,115,19218,471,0,3773,0.0009990000000001942
14466000,4171,6732,129756,7501,2051,125287,94,19224,385,0,3774,0.0009999999999994458
14467000,-4835,4907,131298,-12924,1040,124218,110,19227,451,0,3775,0.0009999999999994458
14468000,-9490,-1399,130677,-22600,-5185,133188,133,19223,545,1,3776,0.0010000000000012221
14469000,-9027,842,131578,-8997,100,130310,113,19223,545,1,3777,0.0009999999999994458
14470000,-10524,19247,131066,-2032,16061,118478,102,19228,463,1,3778,0.0009999999999994458
14471000,-3723,236,128052,-15629,-8009,131468,102,19231,418,0,3779,0.0010000000000012221
14472000,-4089,-6448,126086,-3978,-8948,128133,154,19228,631,0,3780,0.0009999999999994458
14473000,754,-10929,126480,-4870,-16081,130792,105,19228,430,0,3781,0.0009999999999994458
14474000,-3207,19253,131590,-10647,19702,115599,104,19223,426,0,3782,0.0010000000000012221
14475000,-6763,12896,126986,-5718,7566,125929,127,19223,426,1,3783,0.0009999999999994458
14476002,-8433,-72,125343,-16002,-1024,137223,112,19229,520,1,3784,0.0010019999999997253
14477001,-3019,2496,123863,-9913,495,121740,112,19232,459,1,3785,0.0009990000000001942
14478001,2966,5579,125685,4415,3339,127982,112,19217,459,0,3786,0.0009999999999994458
14479000,1400,1525,125105,42,-2270,120633,97,19228,397,0,3787,0.0009990000000001942
14480000,1955,-1746,125675,-7569,-4280,128488,113,19227,463,0,3788,0.0009999999999994458
14481000,-1882,-965,126774,-3406,-3920,129625,126,19227,463,1,3789,0.0010000000000012221
14482000,-3438,13862,126446,-2328,11345,121109,114,19217,516,1,3790,0.0009999999999994458
14483000,-2320,8694,124521,-5225,4048,124556,114,19228,467,1,3791,0.0009999999999994458
14484000,4887,1908,125280,1658,-763,125564,98,19228,401,0,3792,0.0010000000000012221
14485001,8241,4960,125283,6259,1535,130440,136,19233,557,0,3793,0.0010009999999986974
14486000,10938,-3663,124589,7311,-7527,121320,108,19226,442,0,3794,0.0009990000000001942
14487000,3664,-2222,126350,10188,2102,125922,110,19226,442,0,3795,0.0010000000000012221
14488000,1810,7949,128144,-6048,4536,123893,135,19225,451,1,3796,0.0009999999999994458
14489000,4766,8080,126995,-2452,6094,125195,135,19228,553,1,3797,0.0009999999999994458
14490000,6476,7091,127300,18920,2535,124393,110,19230,451,1,3798,0.0010000000000012221
14491000,9136,3167,124400,-1981,-1477,120059,101,19224,414,0,3799,0.0009999999999994458
14492000,10649,-1800,129305,12969,-9927,136288,110,19235,451,0,3800,0.0009999999999994458
14493000,9216,-16580,126788,16653,-19314,132110,105,19235,451,0,3801,0.0009999999999994458
14494000,2102,4911,130126,-7628,-762,123599,116,19231,430,1,3802,0.0010000000000012221
14495000,-516,11439,130310,-6150,9489,126492,116,19221,475,1,3803,0.0009999999999994458
14496000,2115,10876,130880,8550,3787,122701,110,19231,451,1,3804,0.0009999999999994458
14497000,6524,5603,129006,981,-5696,135364,102,19231,418,1,3805,0.0010000000000012221
14498000,8387,-10464,126097,-4682,-13566,128145,131,19227,537,0,3806,0.0009999999999994458
14499000,10219,-3273,129939,23442,-4396,126376,101,19227,414,0,3807,0.0009999999999994458
14500000,3599,-5652,128890,-2112,-11194,137109,108,19229,414,0,3808,0.0010000000000012221
14501002,-346,-3788,130661,-25130,4304,126429,149,19227,442,1,3809,0.0010019999999997253
14502000,-5877,11432,135008,8756,3149,132329,149,19225,610,1,3810,0.0009979999999991662
14503000,-7210,10561,129140,441,483,120094,110,19229,451,1,3811,0.0010000000000012221
14504001,-411,8142,129373,-21944,-7159,132113,99,19226,405,0,3812,0.0010009999999986974
14505000,325,-15331,128703,4510,-16496,138068,120,19226,491,0,3813,0.0009990000000001942
14506000,4502,1229,128649,1384,5034,121476,115,19230,491,0,3814,0.0010000000000012221
14507000,-6251,10708,132550,-22246,6744,127133,121,19232,471,0,3815,0.0009999999999994458
14508000,-7060,3277,130965,-12973,281,128028,121,19222,496,1,3816,0.0009999999999994458
14509000,-5216,3844,130227,-2199,2749,135097,113,19229,463,1,3817,0.0009999999999994458
14510000,-8326,7478,127987,-17531,11434,119654,105,19229,430,1,3818,0.0010000000000012221
14511002,-358,8481,131209,-5028,4475,128305,122,19218,500,0,3819,0.0010019999999997253
14512000,-4871,-8578,124290,-2151,-11020,132937,95,19218,500,0,3820,0.0009979999999991662
14513000,-208,-6648,126008,-8774,-8894,128467,106,19230,389,0,3821,0.0010000000000012221
14514000,-5545,11818,131137,-10611,10161,122786,106,19227,434,1,3822,0.0009999999999994458
14515000,-6430,11857,128422,-2578,4807,123454,140,19224,573,1,3823,0.0009999999999994458
14516000,-7845,9068,128670,-11147,3998,128313,120,19229,491,1,3824,0.0010000000000012221
14517000,-3507,9639,126790,-10159,5022,123187,104,19228,426,1,3825,0.0009999999999994458
14518000,1992,1555,124875,6507,-3002,126129,125,19228,426,0,3826,0.0009999999999994458
14519000,1380,-6126,125119,-4689,-9524,127966,109,19233,512,0,3827,0.0010000000000012221
14520000,1807,-9513,124865,-9968,-8258,130511,109,19234,446,0,3828,0.0009999999999994458
14521000,1147,16936,126972,4740,14845,115968,114,19224,467,1,3829,0.0009999999999994458
14522000,-3882,9050,123785,-9598,1882,125934,144,19232,590,1,3830,0.0009999999999994458
14523000,1413,5378,124900,1250,2977,128649,107,19229,438,1,3831,0.0010000000000012221
14524000,4590,8567,124481,7821,5647,115602,111,19229,438,0,3832,0.0009999999999994458
14525000,8552,7768,125403,2016,4172,126453,92,19223,455,0,3833,0.0009999999999994458
14526001,6405,-9675,124132,4057,-14274,131266,92,19227,377,0,3834,0.0010010000000004737
14527000,6231,-2352,125930,5567,-6051,125439,113,19229,463,0,3835,0.0009990000000001942
14528000,4086,7911,129021,5578,5087,123566,133,19225,545,1,3836,0.0009999999999994458
14529000,2101,7297,127745,-1297,6621,126773,117,19232,479,1,3837,0.0010000000000012221
14530000,7225,1386,124900,7510,-3163,126457,97,19232,479,1,3838,0.0009999999999994458
14531000,10607,-796,124943,891,-3981,122035,147,19229,397,0,3839,0.0009999999999994458
14532000,11417,-6885,127419,8369,-11446,126339,147,19231,602,0,3840,0.0010000000000012221
14533000,6673,-7203,126524,17997,-10735,131954,107,19227,438,0,3841,0.0009999999999994458
14534001,5267,-3384,129962,-13377,-2357,134415,108,19228,442,1,3842,0.0010010000000004737
14535000,412,5994,131625,5565,9702,124912,131,19229,537,1,3843,0.0009990000000001942
14536000,-2576,14245,131215,8502,12668,118855,110,19229,537,1,3844,0.0009999999999994458
14537000,3070,5321,129387,-13877,-8228,136814,106,19226,451,1,3845,0.0009999999999994458
14538000,8658,-21705,125669,3168,-20295,132792,106,19221,434,0,3846,0.0009999999999994458
14539000,11054,-4347,128087,15299,1809,128210,109,19230,446,0,3847,0.0010000000000012221
14540000,-521,3216,127512,-19161,5537,122068,109,19229,446,0,3848,0.0009999999999994458
14541000,2453,12428,133432,-10988,6552,126705,126,19221,516,1,3849,0.0009999999999994458
14542000,-2806,-3528,132650,11687,-9990,141891,113,19221,463,1,3850,0.0010000000000012221
14543000,-8537,-3146,130365,-10280,-6224,124695,99,19223,463,1,3851,0.0009999999999994458
14544003,-1458,3297,129267,-22256,5417,123625,132,19232,405,0,3852,0.0010030000000007533
14545000,-532,-1871,130416,7962,-8176,128139,132,19232,541,0,3853,0.0009969999999999146
14546000,3075,-4171,129543,4099,-4690,133137,104,19226,426,0,3854,0.0009999999999994458
14547000,-8428,2302,131546,-27511,3758,128504,114,19224,467,0,3855,0.0009999999999994458
14548000,-7784,4831,130514,-10929,2464,125383,147,19224,602,1,3856,0.0010000000000012221
14549000,-7917,8769,132410,-4720,2391,131998,113,19228,602,1,3857,0.0009999999999994458
14550001,-5957,5040,127810,-11933,1908,124626,100,19232,463,1,3858,0.0010010000000004737
14551000,-4730,2435,130003,-8104,-4232,129735,100,19224,410,0,3859,0.0009990000000001942
14552000,-4087,-5102,124499,-4559,-7081,128360,142,19235,582,0,3860,0.0009999999999994458
14553000,-1769,3860,128467,-5366,3202,125176,107,19227,438,0,3861,0.0009999999999994458
14554000,-4428,7594,128392,-14105,3564,126256,119,19227,487,1,3862,0.0009999999999994458
14555002,-6136,8147,126773,-7467,3778,123801,113,19219,487,1,3863,0.0010020000000015017
14556002,-7430,8511,126564,-11343,7120,123318,102,19226,463,1,3864,0.0009999999999994458
14557000,806,5116,126776,-2542,1238,120262,102,19228,418,0,3865,0.0009979999999991662
14558000,-165,-533,123797,4898,-5562,130046,125,19231,512,0,3866,0.0010000000000012221
14559000,2387,519,124245,-13251,-4452,122334,103,19228,422,0,3867,0.0009999999999994458
14560000,2637,10541,126715,-1496,9148,121184,111,19227,455,0,3868,0.0009999999999994458
14561000,-299,5129,126555,5109,-1406,130983,147,19227,455,1,3869,0.0010000000000012221
14562001,-3161,5228,125814,-8883,3375,122596,111,19225,602,1,3870,0.0010009999999986974
14563000,3366,11247,128153,-2914,6862,122409,111,19231,455,1,3871,0.0009990000000001942
14564001,8431,11227,123700,8802,7143,119194,97,19226,397,0,3872,0.0010010000000004737
14565000,6722,-1872,123926,7805,-8102,125906,112,19228,459,0,3873,0.0009990000000001942
14566000,7507,-9403,124616,3472,-17442,125994,121,19225,496,0,3874,0.0009999999999994458
14567000,2309,-4034,126188,6070,-8141,129643,121,19225,496,1,3875,0.0010000000000012221
14568000,1870,18417,130921,-1862,18394,118578,113,19219,496,1,3876,0.0009999999999994458
14569000,5597,12002,128172,1376,6945,121117,113,19232,463,1,3877,0.0009999999999994458
14570000,6435,-2748,124600,7399,-6635,134024,104,19229,426,1,3878,0.0009999999999994458
14571001,12910,1213,124964,3943,-688,121999,118,19225,483,0,3879,0.0010010000000004737
14572001,10637,-3275,125058,14277,-6378,129850,95,19230,389,0,3880,0.0010000000000012221
14573000,9616,-8452,127913,10030,-11209,130018,102,19230,389,0,3881,0.0009989999999984178
14574000,3708,-5623,129162,-7960,-10018,131222,132,19227,418,1,3882,0.0010000000000012221
14575000,-1067,9436,130940,970,5952,123101,132,19229,541,1,3883,0.0009999999999994458
14576000,-1254,10308,129690,2719,6749,125150,115,19230,471,1,3884,0.0009999999999994458
14577000,3608,538,127406,-3996,-4102,128672,99,19226,405,1,3885,0.0010000000000012221
14578000,11723,-13547,127415,5452,-17465,134058,154,19232,631,0,3886,0.0009999999999994458
14579002,8358,-9049,130662,24375,-12495,132988,109,19232,631,0,3887,0.0010019999999997253
14580000,-555,3245,132095,-9982,476,121370,108,19229,446,0,3888,0.0009980000000009426
14581000,-1843,13383,133275,-21061,10470,127325,108,19225,442,1,3889,0.0009999999999994458
14582000,-9433,3377,133364,5834,249,134331,135,19232,553,1,3890,0.0009999999999994458
14583000,-2888,-8120,128491,-6182,-10540,130753,106,19229,434,1,3891,0.0010000000000012221
14584001,-4041,-9500,126509,-15866,-6694,127464,110,19222,451,0,3892,0.0010009999999986974
14585000,4168,6498,130566,-1396,5765,120625,88,19222,451,0,3893,0.0009990000000001942
14586002,-705,4193,130252,903,1395,129140,106,19229,360,0,3894,0.0010019999999997253
14587000,-4490,741,131597,-20015,-3793,131332,106,19228,434,1,3895,0.0009980000000009426
14588000,-11309,-118,129366,-15349,-994,132505,129,19224,528,1,3896,0.0009999999999994458
14589000,-7615,11245,130561,-3754,13158,119548,117,19232,479,1,3897,0.0009999999999994458
14590000,-2299,11631,130687,-9042,-1658,128336,99,19230,405,1,3898,0.0010000000000012221
14591000,-1781,-4757,125158,-11646,-9100,134582,147,19230,602,0,3899,0.0009999999999994458
14592000,-1930,759,125388,-3342,2603,118518,100,19226,602,0,3900,0.0009999999999994458
14593002,-2102,7233,130046,-5874,6104,128488,104,19234,410,0,3901,0.0010019999999997253
14594000,-4302,7166,127338,-6933,5848,124904,104,19224,426,1,3902,0.0009980000000009426
14595000,-10508,-154,129189,-15901,-3811,134030,129,19228,528,1,3903,0.0009999999999994458
14596000,-4990,4318,126329,-7215,5803,123162,112,19232,459,1,3904,0.0010000000000012221
14597000,-828,11419,128634,4292,992,121452,108,19232,442,0,3905,0.0009999999999994458
14598001,1444,1279,123985,-4588,-6931,128593,83,19223,442,0,3906,0.0010010000000004737
14599000,1354,-1390,124605,-5367,-3066,125167,107,19228,340,0,3907,0.0009990000000001942
14600001,-197,6127,126478,-2693,7418,126821,107,19228,438,0,3908,0.0010009999999986974
14601000,-1871,16339,126541,-183,13410,117055,123,19225,504,1,3909,0.0009990000000001942
14602001,-3448,11499,124600,-9488,5908,125025,111,19229,455,1,3910,0.0010010000000004737
14603000,7010,-10,126045,1911,-1291,136234,98,19229,401,1,3911,0.0009990000000001942
14604000,9084,2140,120591,14391,708,116109,134,19231,401,0,3912,0.0009999999999994458
14605000,9835,9187,126795,2707,1760,124492,108,19232,549,0,3913,0.0009999999999994458
14606000,7287,-1196,124225,6729,-7106,124457,108,19227,442,0,3914,0.0010000000000012221
14607003,4672,-5896,125834,5908,-10623,137676,111,19229,455,1,3915,0.001002999999998977
14608000,1247,8427,128804,-5234,6952,119264,141,19230,577,1,3916,0.0009969999999999146
14609000,3296,13409,128782,7110,8731,119491,110,19236,451,1,3917,0.0010000000000012221
14610000,9518,2818,126527,10959,-7327,131452,103,19236,451,1,3918,0.0009999999999994458
14611000,9646,6116,126797,-1955,2277,121969,122,19224,422,0,3919,0.0009999999999994458
14612000,11890,580,128027,10148,-4333,133885,122,19232,500,0,3920,0.0010000000000012221
14613013,3436,-2401,129137,12062,-2738,121256,104,19229,426,0,3921,0.0010129999999985984
14614002,4542,682,129742,-15218,-4152,129925,117,19224,479,1,3922,0.0009890000000005728
14615000,592,5990,131874,5039,1140,132307,109,19230,446,1,3923,0.0009980000000009426
14616000,1827,9327,128555,3635,4956,124973,102,19230,446,1,3924,0.0009999999999994458
14617000,6286,190,130390,-1497,-3788,130055,131,19231,418,0,3925,0.0009999999999994458
14618000,5863,-5650,128145,10392,-8497,119760,131,19222,537,0,3926,0.0009999999999994458
14619001,8105,-4596,128201,3561,-9052,142194,103,19235,422,0,3927,0.0010010000000004737
14620000,544,2869,132198,-9635,1139,126750,102,19227,418,0,3928,0.0009990000000001942
14621000,2188,9673,132916,-6819,4843,127109,147,19229,602,1,3929,0.0009999999999994458
14622000,-7305,2436,133479,4564,-1197,129968,111,19229,602,1,3930,0.0010000000000012221
14623000,-3236,-7328,129577,-12307,-11014,131396,100,19231,455,1,3931,0.0009999999999994458
14624001,-1232,-6749,129204,-10432,-10700,130103,100,19227,410,0,3932,0.0010010000000004737
14625000,-1778,6949,128716,1197,2975,117503,131,19232,537,0,3933,0.0009990000000001942
14626000,-5538,4196,131910,-7426,312,135507,109,19226,446,0,3934,0.0009999999999994458
14627000,-4579,-4839,130052,-13357,-7328,129650,117,19223,479,1,3935,0.0009999999999994458
14628000,-8853,1839,131140,-14039,4322,132927,117,19223,479,1,3936,0.0010000000000012221
14629000,-10416,7551,130887,-5446,7760,123141,106,19228,479,1,3937,0.0009999999999994458
14630000,-3365,16053,129936,-7314,6269,122672,106,19231,434,1,3938,0.0009999999999994458
14631000,-3962,-5203,126043,-12396,-10803,137523,120,19215,491,0,3939,0.0009999999999994458
14632000,-3953,-6193,124745,-4292,-2159,120448,90,19231,369,0,3940,0.0010000000000012221
14633000,2335,3279,125831,-13800,3982,129331,104,19227,426,0,3941,0.0009999999999994458
14634000,-2169,7130,129076,-9702,10033,119411,137,19227,561,1,3942,0.0009999999999994458
14635000,-5304,13249,128160,-2611,4293,129478,118,19232,561,1,3943,0.0010000000000012221
14636000,-7898,-2211,125402,-10790,-2288,130179,102,19229,483,1,3944,0.0009999999999994458
14637000,-3045,2035,125077,-7569,8921,122953,102,19228,418,0,3945,0.0009999999999994458
14638000,131,4340,123267,3982,12208,122828,125,19231,512,0,3946,0.0010000000000012221
14639000,1730,4773,123979,-2555,-1581,120763,117,19227,479,0,3947,0.0009999999999994458
14640000,264,-4986,126935,67,-12023,137451,118,19227,483,0,3948,0.0009999999999994458
14641003,-2882,2436,124818,-4512,11579,117901,142,19223,483,1,3949,0.0010030000000007533
14642001,-1176,15605,129574,-3791,9757,122593,106,19232,582,1,3950,0.0009979999999991662
14643000,3501,9906,126194,5623,1837,125395,106,19227,434,1,3951,0.0009990000000001942
14644000,6680,2149,122259,3038,-9417,124922,110,19226,451,0,3952,0.0010000000000012221
14645001,9863,-2231,123532,5016,271,126121,90,19227,369,0,3953,0.0010009999999986974
14646000,6605,3565,125762,7652,3371,123753,113,19227,463,0,3954,0.0009990000000001942
14647000,7363,-7881,124451,1938,-4869,133074,134,19231,463,1,3955,0.0009999999999994458
14648002,1028,7348,128644,1768,7659,122288,115,19226,549,1,3956,0.0010020000000015017
14649000,4214,8603,124456,765,1712,125979,115,19228,471,1,3957,0.0009979999999991662
14650001,8063,13540,124877,11764,12551,113437,97,19228,397,0,3958,0.0010010000000004737
14651000,9487,392,126819,4019,-3362,129237,145,19230,594,0,3959,0.0009990000000001942
14652000,14706,-18129,126448,5841,-20515,139197,103,19233,422,0,3960,0.0009999999999994458
14653000,4144,1801,129230,12720,1601,120901,105,19233,422,0,3961,0.0009999999999994458
14654000,3035,5412,131764,-7503,1057,131018,125,19226,430,1,3962,0.0010000000000012221
14655000,1216,11039,129473,-3258,10406,126994,125,19229,512,1,3963,0.0009999999999994458
14656000,1336,969,128284,9154,-1280,130575,109,19231,446,1,3964,0.0009999999999994458
14657000,8038,456,128730,-882,-2765,125002,105,19225,430,0,3965,0.0010000000000012221
14658000,7482,-2012,128724,28,-6681,124557,110,19232,451,0,3966,0.0009999999999994458
14659000,5960,-5228,130856,23207,-6113,133549,108,19232,451,0,3967,0.0009999999999994458
14660000,225,-2776,129168,-15021,-9407,129790,124,19231,442,0,3968,0.0010000000000012221
14661000,2309,1581,133056,-18098,-2593,133123,124,19221,508,1,3969,0.0009999999999994458
14662000,-8556,23752,135302,11751,18733,116482,113,19233,463,1,3970,0.0009999999999994458
14663000,-2756,-2885,127979,-11536,-5298,132899,97,19229,397,1,3971,0.0009999999999994458
14664000,-2327,-13037,130690,-20487,-16437,137298,133,19223,545,0,3972,0.0010000000000012221
14665000,4774,-2668,126196,13480,-5616,126846,104,19223,545,0,3973,0.0009999999999994458
14666000,-911,10500,129023,-13,9064,125412,110,19232,426,0,3974,0.0009999999999994458
14667000,-5798,7949,133030,-27317,5205,125105,110,19227,451,1,3975,0.0010000000000012221
14668000,-8155,-5386,129661,-6797,-9254,137994,141,19230,577,1,3976,0.0009999999999994458
14669000,-7587,3106,128852,-1844,222,124688,112,19230,459,1,3977,0.0009999999999994458
14670000,-6119,13056,131168,-13971,10312,126118,105,19222,430,1,3978,0.0010000000000012221
14671000,-3939,-2604,126558,-11356,-6329,129738,142,19222,430,0,3979,0.0009999999999994458
14672000,-1361,-6545,125746,-388,-9992,132117,103,19231,582,0,3980,0.0009999999999994458
14673000,-3072,-3428,129426,-3217,-7489,125533,103,19228,422,0,3981,0.0010000000000012221
14674000,-7529,20161,127736,-16535,5795,115347,115,19224,471,1,3982,0.0009999999999994458
14675000,-6471,12379,127145,-9962,2584,135134,114,19229,467,1,3983,0.0009999999999994458
14676000,-1530,2367,127482,-9730,1047,126027,106,19231,434,1,3984,0.0010000000000012221
14677000,-2133,4950,123676,5287,4250,118118,127,19231,520,0,3985,0.0009999999999994458
14678000,-843,3498,124489,-11871,-1842,124411,101,19226,520,0,3986,0.0009999999999994458
14679000,3266,-1779,125700,-2600,-308,127706,107,19227,414,0,3987,0.0009999999999994458
14680000,227,-2116,126839,3924,-1245,133994,107,19229,438,1,3988,0.0010000000000012221
14681000,-2261,4974,124324,-12093,12504,117840,149,19226,610,1,3989,0.0009999999999994458
14682000,-3725,17031,127911,897,12586,123475,113,19229,463,1,3990,0.0009999999999994458
14683001,6280,5883,125402,12289,-5233,123011,96,19229,393,1,3991,0.0010010000000004737
14684000,6170,-2140,122880,8331,-10673,129014,103,19225,393,0,3992,0.0009990000000001942
14685000,8623,-3935,124159,-6941,4289,125375,111,19234,422,0,3993,0.0009999999999994458
14686000,6789,1703,124680,9263,-4424,116541,111,19228,455,0,3994,0.0010000000000012221
14687000,5057,2248,126324,12661,-450,133914,121,19221,496,1,3995,0.0009999999999994458
14688000,1864,4870,129560,-9341,2563,125573,114,19229,467,1,3996,0.0009999999999994458
14689000,5050,10605,127522,5005,7163,120985,102,19229,418,1,3997,0.0010000000000012221
14690002,9808,3050,126820,14179,-2656,127144,113,19232,418,0,3998,0.0010019999999997253
14691000,8829,58,127001,-1098,-8798,127402,101,19222,463,0,3999,0.0009979999999991662
14692000,8760,-8323,126007,15934,-19913,129670,101,19228,414,0,4000,0.0010000000000012221
14693000,2734,1563,129283,-2145,1379,126422,108,19226,442,0,4001,0.0009999999999994458
14694000,4784,12140,134476,-8825,7329,129077,136,19226,557,1,4002,0.0009999999999994458
14695000,-204,12080,129267,13089,8586,121709,117,19228,479,1,4003,0.0009999999999994458
14696000,3630,1723,127671,-7203,-5956,131440,102,19228,479,1,4004,0.0010000000000012221
14697000,8050,-10917,128136,-1752,-12338,138257,153,19228,418,0,4005,0.0009999999999994458
14698000,10688,-1666,127585,23393,1961,119171,153,19232,627,0,4006,0.0009999999999994458
14699000,9128,-2506,129526,-3331,-9765,136812,101,19227,414,0,4007,0.0010000000000012221
14700001,-2036,-2588,132136,-14427,679,123876,109,19227,446,1,4008,0.0010009999999986974
14701000,-2303,8232,132158,-2461,-1946,134355,133,19229,545,1,4009,0.0009990000000001942
14702000,-10342,4618,131509,3555,2223,127496,105,19229,545,1,4010,0.0010000000000012221
14703001,-2085,2838,130272,-24307,-3994,125124,110,19231,430,1,4011,0.0010009999999986974
14704007,1740,-144,129001,-1698,-5147,130456,110,19223,451,0,4012,0.0010060000000002844
14705000,3185,2421,128051,7198,-2643,126252,90,19229,369,0,4013,0.0009930000000011319
14706000,-3583,4571,132228,-14836,-281,129132,111,19224,455,0,4014,0.0009999999999994458
14707000,-9978,4554,131475,-15874,1759,128368,137,19225,561,1,4015,0.0009999999999994458
14708000,-6418,4270,131182,-9385,3364,129264,121,19225,561,1,4016,0.0010000000000012221
14709000,-10200,9413,132457,-7308,5051,130176,101,19227,496,1,4017,0.0009999999999994458
14710000,-409,2130,126702,-13212,1156,126064,101,19228,414,0,4018,0.0009999999999994458
14711000,-3662,-1626,127209,-3662,-4565,130511,153,19224,627,0,4019,0.0009999999999994458
14712001,680,-1355,125756,-1085,-4564,126703,104,19230,426,0,4020,0.0010010000000004737
14713000,-935,9755,127197,-17248,7052,123054,107,19224,438,0,4021,0.0009990000000001942
14714000,-6098,8334,130846,-7156,5084,127860,133,19224,438,1,4022,0.0009999999999994458
14715000,-5821,4317,126179,-878,169,124861,113,19223,545,1,4023,0.0010000000000012221
14716000,-6988,6474,126808,-16044,1926,130374,113,19229,463,1,4024,0.0009999999999994458
14717000,74,7144,126156,-4879,4927,121442,111,19220,455,0,4025,0.0009999999999994458
14718000,3997,6231,125728,2690,3874,126756,84,19229,344,0,4026,0.0010000000000012221
14719000,1633,-236,125098,-1861,-2810,122413,112,19228,459,0,4027,0.0009999999999994458
14720004,-2578,-1042,124195,-5825,-4583,135597,126,19228,459,1,4028,0.0010040000000000049
14721000,-2291,3394,126381,-8144,460,117990,114,19218,516,1,4029,0.000996000000000663
14722000,622,16807,125911,-842,10770,122847,114,19232,467,1,4030,0.0009999999999994458
14723000,3141,5276,124975,9352,-2783,125690,100,19232,410,0,4031,0.0009999999999994458
14724000,8413,1888,122476,-1781,144,118221,135,19231,553,0,4032,0.0010000000000012221
14725000,10920,-3372,125834,6368,-8683,133830,117,19227,479,0,4033,0.0009999999999994458
14726005,6292,-5156,123964,7191,-1938,122022,115,19227,471,0,4034,0.0010049999999992565
14727002,4316,3188,128442,-5784,2657,124353,143,19218,471,1,4035,0.0009969999999999146
14728000,1814,8096,129552,489,4313,128090,114,19230,586,1,4036,0.0009980000000009426
14729002,5660,5989,124707,15200,2820,125301,114,19228,467,1,4037,0.0010019999999997253
14730000,9011,5593,127252,1210,4011,122365,104,19224,426,0,4038,0.0009979999999991662
14731000,9189,1323,126607,3246,-11570,127785,119,19232,487,0,4039,0.0010000000000012221
14732000,10315,-9993,125420,26175,-2489,132886,104,19232,426,0,4040,0.0009999999999994458
14733000,4791,-4076,128974,-7718,-6423,125951,113,19231,426,1,4041,0.0009999999999994458
14734000,2514,4138,129989,-6997,4432,125381,111,19224,463,1,4042,0.0010000000000012221
14735000,-233,16671,133264,14702,10118,126860,111,19223,455,1,4043,0.0009999999999994458
14736000,1512,3591,129162,-6438,-6626,130012,104,19230,426,1,4044,0.0009999999999994458
14737000,10168,-4512,128444,-6907,-13412,127544,130,19220,532,0,4045,0.0010000000000012221
14738000,9684,-5595,130293,28883,-6377,131776,101,19220,414,0,4046,0.0009999999999994458
14739001,6509,-8695,127324,-6314,-659,128955,102,19228,414,0,4047,0.0010010000000004737
14740000,2577,8590,133327,-26820,9020,124889,145,19226,418,1,4048,0.0009990000000001942
14741000,-6438,3295,131721,13781,-822,136200,145,19225,594,1,4049,0.0009999999999994458
14742003,-7262,3544,128641,-3606,6412,122444,113,19232,463,1,4050,0.001002999999998977
14743000,-3802,-2479,130912,-27094,-12529,134122,99,19231,405,0,4051,0.0009969999999999146
14744000,2636,-1241,127989,13148,2231,125036,129,19232,528,0,4052,0.0010000000000012221
14745001,1851,-3504,130380,-2435,-2819,132292,110,19232,528,0,4053,0.0010009999999986974
14746003,-1774,-5965,131539,-17786,-4273,132587,119,19227,451,0,4054,0.0010020000000015017
14747000,-8258,7060,130569,-7285,5146,126589,119,19219,487,1,4055,0.0009969999999999146
14748000,-8899,5618,130521,-10796,5879,132152,117,19228,479,1,4056,0.0009999999999994458
14749001,-6540,12176,130579,-13182,5614,124224,105,19232,430,1,4057,0.0010010000000004737
14750000,-3082,-5099,125509,-8334,-7425,127509,119,19217,487,0,4058,0.0009990000000001942
14751000,-5118,395,128448,-6735,-2625,127189,93,19217,487,0,4059,0.0009999999999994458
14752000,-448,516,127021,-7340,-937,127151,103,19230,381,0,4060,0.0009999999999994458
14753000,-4881,1138,127095,-6856,-2382,126792,103,19229,422,1,4061,0.0010000000000012221
14754000,-7709,11348,128080,-11496,9044,122705,135,19224,553,1,4062,0.0009999999999994458
14755000,-7803,6281,129195,-13055,-2511,126321,115,19230,471,1,4063,0.0009999999999994458
14756000,-863,16054,127005,1688,12423,120947,101,19225,414,1,4064,0.0009999999999994458
14757000,75,-5747,124071,-2597,-7863,128362,121,19225,414,0,4065,0.0010000000000012221
14758001,2097,-2096,125865,-3515,-4325,124737,110,19233,496,0,4066,0.0010010000000004737
14759000,2766,4953,124509,-1357,896,124977,110,19229,451,0,4067,0.0009989999999984178
14760000,-2188,11923,125425,-1485,11568,123296,116,19227,475,1,4068,0.0010000000000012221
14761008,-2608,10274,126769,-7374,5265,125698,141,19230,577,1,4069,0.0010079999999987876
14762000,2501,5009,124196,-415,2541,126248,103,19234,422,1,4070,0.000992000000000104
14763000,7304,8051,126108,7718,3166,122443,107,19234,422,0,4071,0.0010000000000012221
14764000,7530,-2571,122999,4883,-6623,120052,96,19225,438,0,4072,0.0009999999999994458
14765000,8497,-1975,126401,2980,-5028,129675,96,19227,393,0,4073,0.0009999999999994458
14766001,3443,-6297,124935,6188,-9821,129014,118,19228,483,0,4074,0.0010010000000004737
14767000,1525,2050,128602,6228,-1286,120747,135,19225,553,1,4075,0.0009990000000001942
14768000,2173,19782,127978,-5577,17457,124420,111,19231,455,1,4076,0.0009999999999994458
14769000,9248,4856,125873,6858,-8422,131261,93,19231,381,1,4077,0.0010000000000012221
14770001,12186,-838,124735,12174,385,122233,149,19232,381,0,4078,0.0010009999999986974
14771000,9150,2903,128027,1682,-6129,126238,105,19230,610,0,4079,0.0009990000000001942
14772000,6234,-8471,126575,11506,-6731,133206,105,19227,430,0,4080,0.0009999999999994458
14773000,5191,-8484,129080,-2412,-7425,136843,106,19224,434,1,4081,0.0010000000000012221
14774001,-230,1709,128995,7536,10413,125176,124,19228,508,1,4082,0.0010010000000004737
14775001,1144,20922,130418,-192,14370,118158,108,19228,442,1,4083,0.0009999999999994458
14776000,4151,2842,128660,-1250,-11688,134371,107,19231,442,1,4084,0.0009990000000001942
14777000,11589,-14386,125948,12596,-12751,128361,118,19223,438,0,4085,0.0009999999999994458
14778000,7817,-3313,129916,5260,-7845,132986,118,19233,483,0,4086,0.0009999999999994458
14779000,515,-3667,130590,-13140,6946,119628,113,19224,463,0,4087,0.0010000000000012221
14780000,3386,11659,134554,-5949,-1069,131929,124,19220,508,1,4088,0.0009999999999994458
14781000,-8608,-10034,130876,6519,-8042,142531,112,19220,459,1,4089,0.0009999999999994458
14782000,-7702,5530,130746,-16061,6585,117689,99,19231,459,1,4090,0.0010000000000012221
14783000,-1595,45,130370,-11020,-9956,133949,136,19226,405,0,4091,0.0009999999999994458
14784000,-1247,-7927,127646,12500,1293,124761,136,19228,557,0,4092,0.0009999999999994458
14785000,-266,1859,131294,-9094,-5058,130094,103,19228,422,0,4093,0.0010000000000012221
14786000,-8215,-454,129475,-14218,6,133196,109,19227,446,1,4094,0.0009999999999994458
14787003,-7106,7267,130956,-8023,4161,127676,142,19228,582,1,4095,0.001002999999998977
14788000,-7635,3316,130655,-10327,2021,131904,113,19228,582,1,4096,0.0009969999999999146
14789001,-4973,11724,129007,-12464,10699,118436,103,19230,463,1,4097,0.0010010000000004737
14790000,-2425,-664,127299,-6824,-8148,133461,103,19225,422,0,4098,0.0009990000000001942
14791000,-2819,-3911,124728,-8144,-2703,127340,147,19229,602,0,4099,0.0009999999999994458
14792000,262,2465,127389,-4825,-190,123994,110,19229,451,0,4100,0.0010000000000012221
14793001,-7688,-2111,127145,-7411,-2895,127104,120,19222,491,1,4101,0.0010009999999986974
14794000,-3986,20023,130524,-13672,14303,120179,114,19222,491,1,4102,0.0009990000000001942
14795001,-10610,-2048,128531,-4883,-10003,136168,106,19229,467,1,4103,0.0010010000000004737
14796000,-5022,9739,125420,-4877,8532,116406,106,19240,434,0,4104,0.0009990000000001942
14797000,764,9249,125488,-13228,-10,123586,129,19235,528,0,4105,0.0009999999999994458
14798000,3852,905,124619,10207,-1505,124779,99,19230,405,0,4106,0.0010000000000012221
14799000,5008,-4406,125564,-2805,-7705,130830,107,19227,438,0,4107,0.0009999999999994458
14800002,-4734,11670,126953,-8140,10807,125921,149,19227,610,1,4108,0.0010019999999997253
14801000,-628,22766,127257,-747,18711,116534,113,19227,610,1,4109,0.0009980000000009426
14802000,3572,1391,124517,1118,-3887,130288,113,19227,463,1,4110,0.0009999999999994458
14803000,8396,9280,125821,3335,6239,122792,98,19236,401,0,4111,0.0009999999999994458
14804000,10317,-2929,120030,5027,-5814,122638,105,19234,430,0,4112,0.0009999999999994458
14805000,6441,-865,126959,12953,-4674,126782,111,19225,455,0,4113,0.0010000000000012221
14806000,7300,-1879,125153,678,-7584,128121,119,19225,455,1,4114,0.0009999999999994458
14807000,1195,3746,127267,-1265,4224,127995,111,19221,487,1,4115,0.0009999999999994458
14808000,2900,15904,131628,3309,12144,119325,111,19229,455,1,4116,0.0010000000000012221
14809000,7357,2603,126007,5389,-3815,125616,103,19230,422,1,4117,0.0009999999999994458
14810000,10656,412,126365,3752,-4048,126226,117,19222,479,0,4118,0.0009999999999994458
14811000,11150,-4627,128896,10360,-7995,128206,93,19231,381,0,4119,0.0010000000000012221
14812000,6765,-3580,126905,12223,-6235,123695,102,19231,418,0,4120,0.0009999999999994458
14813000,2460,4738,130226,-5184,220,131341,134,19228,418,1,4121,0.0009999999999994458
14814000,-1898,7947,130049,-3784,4922,137530,116,19228,549,1,4122,0.0010000000000012221
14815000,980,7890,130902,7832,4804,117270,116,19226,475,1,4123,0.0009999999999994458
14816000,6521,1164,127987,-1728,-7043,128356,101,19225,414,0,4124,0.0009999999999994458
14817000,8408,-6577,128316,671,-14095,130260,153,19232,627,0,4125,0.0010000000000012221
14818000,10121,-846,129242,16282,-17940,128682,107,19232,438,0,4126,0.0009999999999994458
14819000,859,-7540,128490,-2638,2541,132727,110,19231,438,0,4127,0.0009999999999994458
14820000,-2416,16218,134702,-19577,15967,118569,137,19225,451,1,4128,0.0009999999999994458
14821000,-3349,6771,130877,7863,2070,130840,137,19230,561,1,4129,0.0010000000000012221
14822000,-4302,-5476,129830,-3536,-12846,133073,105,19232,430,1,4130,0.0009999999999994458
14823000,-1077,-12556,126705,-18834,-15488,134736,112,19213,459,0,4131,0.0009999999999994458
14824000,-667,633,129674,3792,8379,119700,97,19213,397,0,4132,0.0010000000000012221
14825000,1131,13065,132354,2882,4447,127620,116,19229,397,0,4133,0.0009999999999994458
14826000,-6842,-2543,131304,-20536,-1806,137962,137,19226,475,1,4134,0.0009999999999994458
14827000,-10945,389,129825,-16915,3008,125062,137,19224,561,1,4135,0.0010000000000012221
14828000,-9310,6392,129709,-5433,6612,128424,122,19231,500,1,4136,0.0009999999999994458
14829000,-3600,14107,131240,-4570,12112,121305,104,19228,426,1,4137,0.0009999999999994458
14830000,-2397,-5202,126100,-11645,-13342,133113,152,19225,623,0,4138,0.0010000000000012221
14831001,-2603,-9513,125765,-5610,-9944,132125,101,19225,623,0,4139,0.0010009999999986974
14832000,-3140,14396,128746,-5436,11135,115800,103,19229,414,0,4140,0.0009990000000001942
14833000,-3828,9629,128888,-8341,12585,128048,103,19224,422,1,4141,0.0010000000000012221
14834000,-8442,5469,128349,-9579,1050,125433,137,19226,561,1,4142,0.0009999999999994458
14835000,-5526,-1315,125777,-9728,960,132630,114,19229,467,1,4143,0.0009999999999994458
14836000,780,5065,125738,-678,10182,119829,113,19221,463,0,4144,0.0009999999999994458
14837002,1729,3868,124463,-1739,-4481,123701,85,19221,463,0,4145,0.0010020000000015017
14838001,2827,-4479,123934,4049,-5130,133187,107,19229,348,0,4146,0.0009989999999984178
14839000,-2535,-151,124057,-11730,4369,119868,107,19230,438,0,4147,0.0009990000000001942
14840000,528,11021,128121,-2264,12077,125889,125,19216,512,1,4148,0.0010000000000012221
14841000,-3740,16789,125688,3269,11428,120642,117,19226,479,1,4149,0.0009999999999994458
14842000,2222,2690,122980,-3933,-5064,128587,98,19229,401,1,4150,0.0009999999999994458
14843000,10365,5738,124885,2968,2264,122975,131,19229,401,0,4151,0.0010000000000012221
14844003,10819,6135,124898,14448,2860,119334,109,19233,537,0,4152,0.001002999999998977
14845000,9513,-2458,125757,5387,-240,131733,109,19226,446,0,4153,0.0009969999999999146
14846000,2596,-8061,125685,-2929,-10770,128297,114,19225,467,1,4154,0.0010000000000012221
14847000,2887,5164,127040,693,5651,126557,141,19227,577,1,4155,0.0009999999999994458
14848000,3570,14992,127456,6555,11898,120559,115,19229,471,1,4156,0.0009999999999994458
14849000,8157,1187,127058,2928,-7359,127172,101,19229,471,1,4157,0.0010000000000012221
14850000,13189,5403,127701,6961,2047,124574,113,19217,414,0,4158,0.0009999999999994458
14851000,9308,-14411,124027,10117,-17816,127789,113,19233,463,0,4159,0.0009999999999994458
14852000,5900,-6930,130056,12475,-10129,133225,104,19230,426,0,4160,0.0009999999999994458
14853000,70,11202,129264,-10742,8798,124434,121,19221,496,1,4161,0.0010000000000012221
14854001,2741,17490,130993,-3099,14859,128714,112,19227,459,1,4162,0.0010009999999986974
14855002,230,5989,130652,12439,2067,127443,102,19227,459,1,4163,0.0010010000000004737
14856000,8910,-4989,127223,-5374,-10912,130091,128,19228,418,0,4164,0.0009980000000009426
14857000,7262,-6580,131482,6250,-9952,128530,128,19222,524,0,4165,0.0009999999999994458
14858000,7040,-6292,127832,17769,-10463,132246,100,19228,410,0,4166,0.0009999999999994458
14859000,3127,6241,131631,-19517,3397,124109,107,19227,438,0,4167,0.0010000000000012221
14860000,-5104,15126,134975,-10241,12107,126902,147,19227,602,1,4168,0.0009999999999994458
14861000,-7347,-2725,131591,8971,-4985,131592,112,19227,459,1,4169,0.0009999999999994458
14862000,-4872,1281,129675,-14561,-1256,131740,97,19229,459,1,4170,0.0010000000000012221
14863000,1994,-9729,128276,-10473,-14105,135080,122,19227,397,0,4171,0.0009999999999994458
14864000,5861,6311,129320,10681,11951,120603,122,19233,500,0,4172,0.0009999999999994458
14865000,-4449,5356,130719,-1863,-4727,130745,112,19227,459,0,4173,0.0010000000000012221
14866001,-5396,-3525,129939,-20180,1103,130295,121,19221,496,1,4174,0.0010009999999986974
14867000,-8111,2357,130580,-12782,-3580,136278,117,19221,479,1,4175,0.0009990000000001942
14868000,-10430,7169,128867,-5242,18264,119786,106,19227,479,1,4176,0.0009999999999994458
14869000,-3932,16296,131639,-15208,425,121194,121,19231,434,1,4177,0.0010000000000012221
14870000,-4986,-9386,124439,-4678,-12596,136307,121,19216,496,0,4178,0.0009999999999994458
14871000,-172,-10347,126098,-5595,-4734,130157,92,19232,377,0,4179,0.0009999999999994458
14872000,-1201,833,127152,-9654,4287,121692,105,19225,430,0,4180,0.0010000000000012221
14873000,-4893,13617,129916,-1869,20880,120760,136,19225,557,1,4181,0.0009999999999994458
14874000,-8100,11244,127160,-13140,-2311,130497,118,19223,557,1,4182,0.0009999999999994458
14875000,-5591,-5558,125219,-8267,-6639,131457,103,19231,483,1,4183,0.0010000000000012221
14876000,1413,5967,126340,4324,3968,122815,103,19226,422,0,4184,0.0009999999999994458
14877000,-2481,1960,124761,-1620,-2102,122297,127,19234,520,0,4185,0.0009999999999994458
14878000,2605,3163,125192,-5991,1787,125543,109,19226,446,0,4186,0.0010000000000012221
14879012,-401,-36,125323,-1841,91,127863,112,19223,459,0,4187,0.0010119999999993468
14880000,-2309,7026,125396,2156,13310,125288,135,19223,459,1,4188,0.0009879999999995448
14881000,-1789,11025,125642,-8352,4556,117818,105,19226,553,1,4189,0.0009999999999994458
14882000,3157,5527,124257,1202,2904,127948,105,19234,430,1,4190,0.0010000000000012221
14883000,9693,3015,123988,9629,-3211,122842,110,19224,451,0,4191,0.0009999999999994458
14884000,8767,-3396,124721,4479,-8130,126151,93,19227,381,0,4192,0.0009999999999994458
14885000,6221,-9623,124287,3404,-3445,127676,114,19230,467,0,4193,0.0010000000000012221
14886000,2260,-733,127145,8029,-2964,126577,130,19230,467,1,4194,0.0009999999999994458
14887000,2946,7645,127571,-4513,10027,126316,112,19223,532,1,4195,0.0009999999999994458
14888000,3894,12379,127244,8668,6331,123655,112,19230,459,1,4196,0.0010000000000012221
14889001,7388,-619,124332,7615,873,125171,99,19229,405,0,4197,0.0010009999999986974
14890000,10138,30,125896,-546,-3673,123814,144,19236,590,0,4198,0.0009990000000001942
14891000,9917,-15001,125722,14587,-21431,138113,103,19230,422,0,4199,0.0010000000000012221
14892000,7018,-6182,129122,5361,-5179,132399,105,19230,422,0,4200,0.0009999999999994458
14893000,-305,7854,131292,-8130,6934,124030,123,19222,430,1,4201,0.0009999999999994458
14894000,1570,11459,130273,5134,6926,126990,123,19229,504,1,4202,0.0010000000000012221
14895000,2508,5698,128044,3074,-156,127060,111,19232,455,1,4203,0.0009999999999994458
14896000,6212,-6294,128727,-6327,-13293,132419,108,19224,442,0,4204,0.0009999999999994458
14897000,6888,4819,129743,5785,3954,120818,114,19230,467,0,4205,0.0009999999999994458
14898000,5916,-5434,129205,12868,-10499,130934,108,19230,467,0,4206,0.0010000000000012221
14899000,-1664,-9974,132225,-14994,-10262,133835,120,19233,442,1,4207,0.0009999999999994458
14900000,-3304,10295,133390,-9691,6403,131263,120,19215,491,1,4208,0.0009999999999994458
14901000,-8451,6056,129534,3240,4027,127259,109,19231,446,1,4209,0.0010000000000012221
14902003,-2422,8852,132173,-14737,4459,122235,97,19233,397,1,4210,0.001002999999998977
14903002,2369,-14207,126783,-8968,-18975,137725,132,19228,541,0,4211,0.0009990000000001942
14904000,4097,3257,130214,13983,11,125179,103,19228,422,0,4212,0.0009980000000009426
14905000,-4075,5238,130826,-9577,1264,128977,111,19228,422,0,4213,0.0009999999999994458
14906005,-7348,8569,131796,-18966,6311,126832,148,19225,455,1,4214,0.0010049999999992565
14907001,-9508,5371,130083,-9270,3224,136627,148,19227,606,1,4215,0.000996000000000663
14908000,-9804,7294,129344,-6839,4057,125715,113,19234,463,1,4216,0.0009990000000001942
14909000,-2189,10458,130010,-16031,8300,119096,101,19230,414,1,4217,0.0009999999999994458
14910000,-2870,-1615,125843,-6279,-4919,130656,152,19230,623,0,4218,0.0010000000000012221
14911000,1246,-3172,127881,-1705,-7340,130281,106,19232,623,0,4219,0.0009999999999994458
14912001,-2623,-3702,125582,-8014,1529,122598,117,19226,434,0,4220,0.0010010000000004737
14913000,-6544,14374,129359,-12220,10121,128233,117,19224,479,1,4221,0.0009989999999984178
14914000,-5639,6441,126488,-6235,1513,123553,109,19231,446,1,4222,0.0010000000000012221
14915000,-7059,12776,127378,-12022,11053,120712,101,19230,414,1,4223,0.0009999999999994458
14916000,3242,1735,124976,1102,-12418,132905,126,19230,516,0,4224,0.0009999999999994458
14917003,-480,-741,123272,6061,-1765,122363,112,19226,516,0,4225,0.0010030000000007533
14918002,3187,-2600,123095,-12645,-5381,129945,113,19226,459,0,4226,0.0009990000000001942
14919000,-2889,8074,127489,1099,12941,118952,113,19226,463,1,4227,0.0009979999999991662
14920000,-499,14136,127035,-5182,11910,132015,143,19223,586,1,4228,0.0010000000000012221
14921000,193,1529,125788,-1348,-4526,122107,110,19231,451,1,4229,0.0009999999999994458
14922000,3324,10192,124466,5545,7786,117149,97,19222,397,1,4230,0.0009999999999994458
14923000,9530,5014,125333,3088,-4352,127386,110,19222,397,0,4231,0.0010000000000012221
14924000,8953,-4234,122877,11494,-6906,123754,116,19229,451,0,4232,0.0009999999999994458
14925000,6908,-6570,126828,290,-12040,138308,116,19226,475,0,4233,0.0009999999999994458
14926000,663,11433,127125,-210,11493,111386,116,19223,475,1,4234,0.0010000000000012221
14927000,3950,15848,130166,7340,14238,127472,112,19230,459,1,4235,0.0009999999999994458
14928000,6541,-6747,127059,8727,-7137,131527,101,19233,414,1,4236,0.0009999999999994458
14929000,10576,2678,124713,-2634,2494,120761,115,19233,414,0,4237,0.0009999999999994458
14930000,12439,1314,126626,6699,-2510,131399,93,19221,471,0,4238,0.0010000000000012221
14931003,7149,-5611,126151,21047,-9047,121428,93,19230,381,0,4239,0.001002999999998977
14932001,6120,-6389,129193,-7938,-5534,143570,104,19223,426,0,4240,0.0009980000000009426
14933002,257,4407,130748,-7028,4198,120498,130,19228,532,1,4241,0.0010010000000004737
14934000,2294,13407,130671,13575,9539,125827,111,19229,455,1,4242,0.0009979999999991662
14935000,1299,13933,130406,-3999,1186,123664,99,19229,455,1,4243,0.0009999999999994458
14936000,7559,-14399,125958,-6946,-22082,137424,162,19226,405,0,4244,0.0010000000000012221
14937000,10606,-11911,132053,24532,-9257,129865,162,19234,664,0,4245,0.0009999999999994458
14938000,4904,8037,130135,5757,1825,123257,108,19229,442,0,4246,0.0009999999999994458
14939000,-1959,4344,132718,-27472,7387,127762,109,19222,446,1,4247,0.0010000000000012221
14940000,-3845,8486,134263,-4210,2610,128100,137,19230,561,1,4248,0.0009999999999994458
14941000,-5314,-8967,127994,12852,-11399,140163,103,19230,561,1,4249,0.0009999999999994458
14942004,-4186,-1704,128558,-20379,-3167,119271,109,19231,422,1,4250,0.0010040000000000049
14943000,-1128,-3914,130777,-15410,-11370,133428,109,19220,446,0,4251,0.000996000000000663
14944000,7888,7728,129689,17775,6394,131554,88,19230,360,0,4252,0.0009999999999994458
14945000,-6317,6312,128751,-12340,5666,122659,110,19227,451,0,4253,0.0009999999999994458
14946000,-5376,-468,132188,-24228,-2784,135553,133,19224,545,1,4254,0.0010000000000012221
14947000,-8046,6969,128719,688,4421,127389,119,19224,545,1,4255,0.0009999999999994458
14948000,-5512,3779,129097,-8184,1369,132925,101,19231,487,1,4256,0.0009999999999994458
14949000,-744,6503,130750,-11611,3791,122372,101,19226,414,0,4257,0.0010000000000012221
14950000,-4546,-3916,124077,-8259,-7822,131109,145,19223,594,0,4258,0.0009999999999994458
14951000,-2486,4246,127172,-6915,894,125062,103,19231,422,0,4259,0.0009999999999994458
14952000,-2203,5176,126601,-8482,1821,121243,106,19224,434,0,4260,0.0010000000000012221
14953000,-5174,5930,127485,-3586,2626,122354,141,19224,577,1,4261,0.0009999999999994458
14954000,-7344,8792,126949,-12409,5473,129240,116,19231,577,1,4262,0.0009999999999994458
14955002,-837,-1405,128185,-12446,-4949,128052,107,19231,475,1,4263,0.0010019999999997253
14956000,931,13207,126227,14683,12079,118561,107,19220,438,0,4264,0.0009980000000009426
14957000,1100,-4704,124191,-12852,-14545,134241,84,19228,344,0,4265,0.0009999999999994458
14958000,1204,3358,126857,-2112,7278,121704,113,19227,463,0,4266,0.0010000000000012221
14959000,-1277,9571,126444,4525,5352,124446,125,19227,512,1,4267,0.0009999999999994458
14960000,-5131,9009,126138,-8219,9414,122577,110,19216,512,1,4268,0.0009999999999994458
14961000,-2513,10186,126081,-5725,3336,128086,99,19230,451,1,4269,0.0009999999999994458
14962001,10368,1188,121630,13477,6924,122576,99,19232,405,0,4270,0.0010010000000004737
14963000,8848,8882,125735,15278,-5339,118496,129,19235,528,0,4271,0.0009990000000001942
14964000,8673,-9406,123449,-215,-14548,130193,109,19228,446,0,4272,0.0009999999999994458
14965000,3593,-3867,126863,-1789,-2436,127032,115,19226,471,0,4273,0.0010000000000012221
14966000,4716,2830,129262,9376,61,130788,145,19226,471,1,4274,0.0009999999999994458
14967000,2121,4784,127895,4186,21530,118524,113,19228,594,1,4275,0.0009999999999994458
14968000,5186,16440,125502,-4961,-1997,123464,113,19229,463,1,4276,0.0010000000000012221
14969000,11959,-5823,123833,7837,-11404,132780,99,19224,405,0,4277,0.0009999999999994458
14970000,12077,-1563,125951,17750,-3454,128809,120,19230,491,0,4278,0.0009999999999994458
14971000,5844,-5087,127112,6881,-1489,126329,106,19233,434,0,4279,0.0010000000000012221
14972000,4499,1004,129981,-10438,-500,129282,114,19233,434,1,4280,0.0009999999999994458
14973000,2073,17,129640,5480,6396,128617,108,19222,467,1,4281,0.0009999999999994458
14974000,1747,11350,132602,6497,7472,130282,108,19229,442,1,4282,0.0010000000000012221
14975000,2493,-177,126927,-6767,-4512,124497,104,19232,426,1,4283,0.0009999999999994458
14976000,9662,-10656,127425,5370,-13651,130780,125,19227,512,0,4284,0.0009999999999994458
14977000,12137,-7341,130711,24714,-9019,131858,96,19233,393,0,4285,0.0009999999999994458
14978000,470,-5096,128351,-9596,-4927,129318,106,19233,393,0,4286,0.0010000000000012221
14979000,2935,8871,134376,-25027,22567,122992,140,19227,434,1,4287,0.0009999999999994458
14980000,-8463,8799,132605,16576,2161,130857,140,19223,573,1,4288,0.0009999999999994458
14981001,-4713,-8809,128803,-7768,-13828,137980,112,19230,459,1,4289,0.0010010000000004737
14982000,-4702,-9300,128628,-19768,-13312,133618,99,19227,405,0,4290,0.0009990000000001942
14983000,1109,-975,130369,4538,-460,123213,137,19227,561,0,4291,0.0009999999999994458
14984000,3947,11081,131309,499,8405,124530,118,19227,561,0,4292,0.0010000000000012221
14985000,-7415,-3145,131474,-16251,-7327,132808,118,19227,483,0,4293,0.0009999999999994458
14986000,-7723,-3324,129719,-16044,-5235,137585,118,19221,483,1,4294,0.0009999999999994458
14987000,-12250,7036,128809,-8034,8831,122184,122,19231,500,1,4295,0.0010000000000012221
14988000,-4343,17747,131635,-9316,14012,123277,107,19231,438,1,4296,0.0009999999999994458
14989000,-4512,-4802,125729,-6067,-11858,131590,119,19216,487,0,4297,0.0009999999999994458
14990000,-3882,-11709,125570,-10657,-13906,131356,105,19216,487,0,4298,0.0009999999999994458
14991000,-1733,11760,127815,-9250,12036,119929,109,19235,430,0,4299,0.0010000000000012221
14992000,-4809,15820,128539,-1381,12376,117268,109,19228,446,1,4300,0.0009999999999994458
14993000,-4280,-665,128579,-10670,-5583,138718,134,19226,549,1,4301,0.0009999999999994458
14994000,-8342,-1166,125387,-16507,-1329,127094,119,19230,487,1,4302,0.0010000000000012221
14995000,-613,12133,128145,-2979,9217,119465,101,19227,414,1,4303,0.0009999999999994458
14996000,745,5705,124903,2725,775,122467,133,19227,545,0,4304,0.0009999999999994458
14997002,2020,-14585,123111,-4689,-18365,131062,104,19231,545,0,4305,0.0010020000000015017
14998002,625,5616,127832,-3503,3030,124728,105,19231,426,0,4306,0.0009999999999994458
14999001,-2645,19657,127155,-4406,18109,117158,105,19224,430,1,4307,0.0009990000000001942
15000002,-3840,16570,128257,297,14007,127330,142,19228,582,1,4308,0.0010009999999986974
15001000,-455,563,124519,-3815,-2355,128170,107,19230,438,1,4309,0.0009980000000009426
15002001,8410,-2675,123034,1943,-6415,127451,107,19230,438,0,4310,0.0010010000000004737
15003000,5871,9279,126351,6189,6857,116524,93,19223,438,0,4311,0.0009990000000001942
15004000,11753,-1339,124240,8738,-7506,128827,112,19228,381,0,4312,0.0009999999999994458
15005000,1780,-5566,126974,2802,-2074,129997,112,19228,459,0,4313,0.0009999999999994458
15006000,4806,5622,125594,-2353,10648,122503,131,19224,537,1,4314,0.0009999999999994458
15007002,4989,12092,127099,6949,4968,122768,117,19229,479,1,4315,0.0010020000000015017
15008000,8228,9399,126579,10610,-8003,126577,98,19229,401,1,4316,0.0009979999999991662
15009000,13270,-4968,125271,2379,-11751,129309,141,19229,401,0,4317,0.0009999999999994458
15010000,11411,228,129437,19372,-8691,128556,101,19233,577,0,4318,0.0010000000000012221
15011000,4775,-6627,127509,2464,-10015,131443,101,19229,414,0,4319,0.0009999999999994458
15012000,658,2938,130420,-10973,1832,127301,104,19225,426,1,4320,0.0009999999999994458
15013000,-472,9433,130497,8154,7433,127392,125,19225,512,1,4321,0.0010000000000012221
15014000,3030,4158,129350,-767,8793,129946,110,19231,451,1,4322,0.0009999999999994458
15015001,3624,2338,129533,1534,-5590,122955,106,19231,451,1,4323,0.0010010000000004737
15016000,11801,-11861,124604,15339,-16258,131849,119,19222,434,0,4324,0.0009990000000001942
15017000,5444,-4371,130994,5158,-3553,131154,119,19230,487,0,4325,0.0009999999999994458
15018001,2574,-6156,128586,-13344,-5629,127224,109,19233,446,0,4326,0.0010010000000004737
15019000,1636,10307,131512,-7225,8175,130507,122,19218,500,1,4327,0.0009990000000001942
15020000,-6942,7204,131247,3771,2100,125142,113,19230,463,1,4328,0.0009999999999994458
15021000,-6007,-2944,129969,-10801,-2479,128871,101,19230,463,1,4329,0.0009999999999994458
15022001,2214,-9501,130436,-12779,-14686,137193,134,19232,414,0,4330,0.0010010000000004737
15023000,-2398,-6029,127096,8324,-4096,129247,134,19231,549,0,4331,0.0009990000000001942
15024000,-43,10521,130384,-8566,10267,119373,102,19230,418,0,4332,0.0009999999999994458
15025000,-8196,5697,130777,-16959,1015,131315,107,19227,438,0,4333,0.0009999999999994458
15026000,-6238,-2950,129343,-8303,-2661,140708,137,19228,561,1,4334,0.0010000000000012221
15027000,-6309,6297,129838,-10821,5261,119103,114,19228,561,1,4335,0.0009999999999994458
15028000,-4794,15171,131071,-8611,9924,122043,106,19230,467,1,4336,0.0009999999999994458
15029000,-2915,-634,129196,-6365,-8357,131786,106,19226,434,0,4337,0.0010000000000012221
15030000,-5322,-13358,125667,-7539,-14942,133738,152,19229,623,0,4338,0.0009999999999994458
15031000,-2367,3801,127264,-7799,6654,124363,102,19232,418,0,4339,0.0009999999999994458
15032000,-4759,21719,129297,-10016,14722,116165,113,19220,463,1,4340,0.0010000000000012221
15033000,-7533,4728,126818,-1694,3858,129629,109,19220,463,1,4341,0.0009999999999994458
15034000,-6620,2782,127595,-18045,5186,129497,105,19228,446,1,4342,0.0009999999999994458
15035002,-1472,4550,125096,-4312,2456,125850,105,19230,430,0,4343,0.0010019999999997253
15036000,1536,3551,124828,5805,523,122747,128,19229,524,0,4344,0.0009980000000009426
15037002,4057,-5067,122494,-6610,-11709,129885,102,19228,418,0,4345,0.0010019999999997253
15038002,1052,-1169,127322,-3773,-2303,132801,108,19227,442,0,4346,0.0009999999999994458
15039000,852,13155,125756,-845,10976,117171,143,19227,442,1,4347,0.0009980000000009426
15040000,-3982,10725,127962,-2824,6935,126839,113,19224,586,1,4348,0.0009999999999994458
15041000,3544,8228,124496,-1817,4185,122877,98,19230,463,1,4349,0.0009999999999994458
15042000,6434,-170,122192,4919,-3221,126437,98,19226,401,0,4350,0.0010000000000012221
15043000,7805,7347,125224,8860,3731,127071,109,19232,446,0,4351,0.0009999999999994458
15044000,7366,-2833,123777,4987,-6356,122359,113,19228,463,0,4352,0.0009999999999994458
15045000,6435,4026,129198,516,1059,129332,118,19228,483,1,4353,0.0010000000000012221
15046000,2796,5245,128184,8588,1479,123110,113,19220,483,1,4354,0.0009999999999994458
15047000,4612,9333,128155,-495,6055,127523,103,19227,463,1,4355,0.0009999999999994458
15048000,7610,6222,127252,2466,3545,119884,103,19232,422,1,4356,0.0010000000000012221
15049000,8655,1571,125163,6950,-2106,131496,117,19222,479,0,4357,0.0009999999999994458
15050000,14312,-5421,128224,12082,-7170,126876,94,19233,385,0,4358,0.0009999999999994458
15051000,4549,-4698,126633,7887,-9892,128034,106,19233,434,0,4359,0.0010000000000012221
15052000,7261,10861,132839,-1554,-573,128647,132,19226,434,1,4360,0.0009999999999994458
15053000,-120,8382,129142,2815,9827,122764,112,19227,541,1,4361,0.0009999999999994458
15054000,2260,8675,131777,3514,1932,129711,112,19229,459,1,4362,0.0009999999999994458
15055002,6172,-2092,127280,-3150,-9501,127919,97,19229,397,0,4363,0.0010020000000015017
15056000,11008,-10628,127115,16789,-13400,132226,161,19229,659,0,4364,0.0009979999999991662
15057000,6710,912,128905,12034,-5151,130397,106,19229,434,0,4365,0.0009999999999994458
15058000,7,-2970,128677,-19816,427,126223,111,19229,434,0,4366,0.0010000000000012221
15059000,1377,7962,134954,-8495,4111,131094,137,19224,455,1,4367,0.0009999999999994458
15060000,-6726,3443,132832,8718,-1875,129716,137,19229,561,1,4368,0.0009999999999994458
15061000,-6896,-1953,129255,-7551,5908,127666,103,19232,422,1,4369,0.0010000000000012221
15062000,-803,-630,129618,-22983,-10575,128117,107,19220,438,0,4370,0.0009999999999994458
15063000,2732,-5083,127272,10314,-10574,130784,88,19228,360,0,4371,0.0009999999999994458
15064001,737,4168,132063,3833,167,126462,112,19228,360,0,4372,0.0010010000000004737
15065003,-8331,2849,132728,-27065,-5854,127040,135,19223,459,1,4373,0.0010019999999997253
15066000,-8827,7409,131928,-10416,6536,132654,135,19221,553,1,4374,0.0009969999999999146
15067000,-10492,2038,129118,-6890,2437,129940,114,19229,467,1,4375,0.0010000000000012221
15068000,-1320,7083,129443,-6709,6513,120398,97,19227,397,1,4376,0.0009999999999994458
15069000,-5245,155,126967,-7825,-8599,131010,147,19224,602,0,4377,0.0009999999999994458
15070000,-3634,-10509,124373,-5420,-9594,130083,104,19224,602,0,4378,0.0009999999999994458
15071001,-882,8203,130322,-5658,5352,125758,108,19226,426,0,4379,0.0010010000000004737
15072000,-6648,3465,127503,-6927,3535,125886,108,19225,442,1,4380,0.0009990000000001942
15073000,-8763,10384,128208,-6382,13450,121572,132,19228,541,1,4381,0.0009999999999994458
15074000,-6327,1768,127719,-15496,-4261,130462,111,19230,455,1,4382,0.0010000000000012221
15075001,2667,3218,126182,4043,-1153,128398,107,19225,438,0,4383,0.0010009999999986974
15076000,-1105,2136,123578,2210,300,126873,85,19225,438,0,4384,0.0009990000000001942
15077000,518,1962,124730,-10820,1669,118064,112,19227,348,0,4385,0.0010000000000012221
15078002,2939,2678,126160,631,2438,132145,112,19226,459,0,4386,0.0010019999999997253
15079000,-3330,-1872,124098,2725,-3846,126664,126,19217,516,1,4387,0.0009979999999991662
15080001,-1597,14324,125675,-9003,11471,119852,109,19231,446,1,4388,0.0010010000000004737
15081002,4084,9422,124053,1835,6189,120405,97,19231,397,1,4389,0.0010010000000004737
15082001,10078,4642,124101,12031,37,122060,130,19231,397,0,4390,0.0009990000000001942
15083000,9840,-9424,123090,5538,-15238,133057,108,19230,532,0,4391,0.0009990000000001942
15084000,4163,-4558,125611,4973,-7998,124278,108,19223,442,0,4392,0.0009999999999994458
15085000,4156,13125,127104,7951,12312,121222,113,19226,463,1,4393,0.0009999999999994458
15086000,-118,8503,129677,-6017,6004,123332,144,19230,590,1,4394,0.0009999999999994458
15087000,4431,793,126485,1781,-369,132531,114,19231,467,1,4395,0.0010000000000012221
15088000,7520,3836,123309,10903,1517,123187,99,19231,405,1,4396,0.0009999999999994458
15089000,11019,4874,127381,748,319,119004,121,19224,405,0,4397,0.0009999999999994458
15090000,11706,-10406,125513,14045,-15358,135581,104,19228,496,0,4398,0.0010000000000012221
15091000,5226,-12768,127473,6837,-15467,132143,104,19232,426,0,4399,0.0009999999999994458
15092000,2718,11637,132996,-9991,8881,129592,113,19225,463,1,4400,0.0009999999999994458
15093006,41,19817,130582,3399,14376,126577,109,19231,446,1,4401,0.0010060000000002844
15094000,1431,8986,129257,5897,5544,128413,101,19231,414,1,4402,0.0009940000000003835
15095002,7226,-6609,127565,-5582,-9296,135474,128,19232,414,0,4403,0.0010019999999997253
15096001,9555,-13541,127421,7368,-18036,128208,98,19221,524,0,4404,0.0009990000000001942
15097000,6817,11359,129299,18886,6253,126416,98,19230,401,0,4405,0.0009990000000001942
15098003,497,-2668,131273,-20908,1507,129634,103,19224,422,0,4406,0.001002999999998977
15099000,-3823,8933,134536,-10480,4962,129731,141,19226,577,1,4407,0.000997000000001691
15100000,-7422,-768,130459,5869,-5070,132937,114,19226,467,1,4408,0.0009999999999994458
15101001,-6647,-3270,128914,-9410,-7727,129672,99,19232,467,1,4409,0.0010010000000004737
15102000,4124,-7424,130071,-16161,-8583,131117,130,19223,405,0,4410,0.0009989999999984178
15103000,869,4873,129907,9112,346,124340,130,19233,532,0,4411,0.0010000000000012221
15104000,-2345,5784,131454,-17230,1564,124585,108,19230,442,0,4412,0.0009999999999994458
15105000,-8694,2377,131476,-19192,-1845,136801,116,19224,475,1,4413,0.0009999999999994458
15106000,-11011,724,129015,-3654,3730,128612,123,19229,504,1,4414,0.0010000000000012221
15107003,-9696,12155,130276,-10271,8869,124293,107,19229,504,1,4415,0.001002999999998977
15108002,-1813,374,129505,-12195,2683,128515,120,19229,438,1,4416,0.0009990000000001942
15109000,-1386,1772,126294,-3159,-11207,124740,120,19218,491,0,4417,0.0009980000000009426
15110003,-790,-4377,125388,-3600,-10955,134193,93,19230,381,0,4418,0.001002999999998977
15111000,-3340,2146,127987,-17028,7084,121383,102,19229,418,0,4419,0.0009969999999999146
15112000,-5416,17208,130117,-8985,11438,120718,133,19229,545,1,4420,0.0010000000000012221
15113000,-5933,7888,127101,-3911,-986,131623,119,19229,545,1,4421,0.0009999999999994458
15114000,-7373,1158,125923,-10749,-2571,125482,103,19229,487,1,4422,0.0009999999999994458
15115000,-369,4648,126365,-2571,-2754,123060,103,19222,422,0,4423,0.0009999999999994458
15116000,2166,2125,124582,3027,2506,122241,126,19232,516,0,4424,0.0010000000000012221
15117000,1056,2199,125963,-3261,-2101,128653,111,19230,455,0,4425,0.0009999999999994458
15118000,-783,4591,125306,-5718,3827,122552,113,19223,463,0,4426,0.0009999999999994458
15119000,-3139,8101,125718,-3191,3092,126834,146,19223,463,1,4427,0.0010000000000012221
15120000,-485,3042,125170,-7037,7183,128643,106,19232,598,1,4428,0.0009999999999994458
15121000,7744,8733,125314,8366,2641,116386,106,19229,434,1,4429,0.0009999999999994458
15122000,8843,-1434,122125,13627,-4226,127736,106,19220,434,0,4430,0.0010000000000012221
15123000,8175,1315,124693,341,-7069,123614,92,19226,377,0,4431,0.0009999999999994458
15124000,5620,-2485,125690,333,-10896,122511,110,19226,451,0,4432,0.0009999999999994458
15125001,2978,5832,127849,11656,5168,130817,128,19226,451,1,4433,0.0010010000000004737
15126000,1806,9801,129578,-6120,8292,119876,113,19225,524,1,4434,0.0009990000000001942
15127000,4337,5927,127548,7346,868,127705,113,19230,463,1,4435,0.0009999999999994458
15128003,9208,-6027,123094,11292,-8764,128665,96,19228,393,0,4436,0.0010030000000007533
15129000,11220,6732,129024,-962,3252,123201,146,19227,598,0,4437,0.0009969999999999146
15130000,7766,-6007,126983,12870,-10043,130347,111,19227,455,0,4438,0.0009999999999994458
15131001,6124,-5720,127893,2635,-8380,127754,106,19227,434,0,4439,0.0010010000000004737
15132002,1998,5153,130632,-5994,3521,139199,125,19227,434,1,4440,0.0010010000000004737
15133002,3789,10102,126996,4855,3893,114986,109,19225,512,1,4441,0.0009999999999994458
15134000,4063,9658,129990,3594,6455,128188,109,19229,446,1,4442,0.0009979999999991662
15135000,7892,-3953,128514,-4512,-8441,130524,110,19221,451,0,4443,0.0010000000000012221
15136001,8060,-13062,127636,9217,-15392,128266,117,19232,479,0,4444,0.0010009999999986974
15137000,5012,-3080,131496,15952,-8037,137911,104,19232,426,0,4445,0.0009990000000001942
15138002,-1327,1920,130402,-19095,830,122898,116,19233,426,1,4446,0.0010020000000015017
15139000,-1919,19610,134319,-10606,17113,127532,115,19221,475,1,4447,0.0009979999999991662
15140000,-6376,4864,130326,10974,714,129986,115,19234,471,1,4448,0.0009999999999994458
15141000,-720,-7866,127881,-12474,-11668,128579,100,19229,410,1,4449,0.0010000000000012221
15142000,-3496,-2026,130400,-15728,-4992,127995,136,19229,557,0,4450,0.0009999999999994458
15143000,7256,-584,128161,7370,-6065,128153,103,19229,422,0,4451,0.0009999999999994458
15144000,-3631,8389,135150,1758,5913,125785,108,19228,422,0,4452,0.0010000000000012221
15145000,-7057,-1168,128001,-23440,-282,127593,140,19224,442,1,4453,0.0009999999999994458
15146000,-8532,7288,131630,-12961,315,135034,140,19229,573,1,4454,0.0009999999999994458
15147000,-7939,8222,129474,-2164,9553,119228,117,19229,479,1,4455,0.0009999999999994458
15148000,-932,8340,129973,-10665,-5063,133604,107,19224,438,0,4456,0.0010000000000012221
15149000,-7273,-7543,124976,-11674,-5305,124579,135,19235,553,0,4457,0.0009999999999994458
15150000,123,5060,127794,-3538,-2098,127495,104,19235,553,0,4458,0.0009999999999994458
15151001,-900,4482,125976,-5386,1264,129460,116,19230,426,0,4459,0.0010010000000004737
15152000,-5829,10515,126964,-11125,11605,119266,116,19223,475,1,4460,0.0009990000000001942
15153000,-5812,10197,127986,-17255,3677,127693,112,19227,459,1,4461,0.0009999999999994458
15154000,455,6312,125740,-1882,5188,121412,107,19232,438,1,4462,0.0010000000000012221
15155000,2440,-4820,126339,6748,-10475,139655,130,19228,532,0,4463,0.0009999999999994458
15156000,-1429,-6927,123255,-9951,-6616,115737,101,19228,532,0,4464,0.0009999999999994458
15157000,651,9835,125669,-12385,4985,124950,110,19228,414,0,4465,0.0010000000000012221
15158000,-1141,6310,128510,7425,2014,128966,110,19224,451,1,4466,0.0009999999999994458
15159000,-2547,17088,126129,-3161,8625,116333,149,19224,610,1,4467,0.0009999999999994458
15160000,-1536,10346,126101,-6424,8357,133858,113,19228,463,1,4468,0.0010000000000012221
15161003,3768,3587,122620,4509,7603,115258,96,19226,393,0,4469,0.001002999999998977
15162001,14909,-1401,124799,10771,-8019,132198,117,19226,393,0,4470,0.0009980000000009426
15163000,5651,-4845,123708,7790,-8561,124659,122,19228,479,0,4471,0.0009989999999984178
15164000,6259,-2781,126227,-710,-7236,130726,122,19228,500,0,4472,0.0010000000000012221
15165000,1059,-2050,127394,6975,-1678,124155,122,19220,500,1,4473,0.0009999999999994458
15166000,3618,18136,129517,-2550,14458,119709,117,19230,479,1,4474,0.0009999999999994458
15167000,7667,2669,124888,18186,1327,132009,104,19232,426,1,4475,0.0010000000000012221
15168002,8302,4783,125623,1519,-1681,112909,117,19232,426,0,4476,0.0010019999999997253
15169000,12075,-5960,126035,-3283,-13169,138998,95,19223,479,0,4477,0.0009979999999991662
15170000,5140,-7235,128160,25285,-8286,129198,95,19231,389,0,4478,0.0010000000000012221
15171000,4787,3107,130839,-5571,-1183,128217,105,19229,430,1,4479,0.0009999999999994458
15172000,-166,5396,130514,-8058,4727,129553,132,19222,541,1,4480,0.0009999999999994458
15173000,449,13464,130840,8566,9518,122526,113,19229,463,1,4481,0.0010000000000012221
15174000,7012,-4253,126684,284,-10667,136641,98,19229,463,1,4482,0.0009999999999994458
15175000,8545,-5233,128367,1486,-8895,121000,161,19228,401,0,4483,0.0009999999999994458
15176000,11006,-3344,131887,13595,-6922,130455,161,19235,659,0,4484,0.0010000000000012221
15177001,-81,-1982,128113,8982,-3582,138403,106,19232,434,0,4485,0.0010009999999986974
15178000,91,4907,132430,-24839,1971,125173,109,19224,446,1,4486,0.0009990000000001942
15179000,-4138,14287,132595,3515,13927,130819,130,19230,532,1,4487,0.0009999999999994458
15180000,-6262,5532,130849,5450,1377,121629,103,19230,422,1,4488,0.0010000000000012221
15181000,3492,-11372,130111,-22388,-15445,137747,111,19231,422,0,4489,0.0009999999999994458
15182001,473,-9239,127538,1932,-12113,133672,89,19223,455,0,4490,0.0010010000000004737
15183000,3590,3099,128181,6678,-104,122123,89,19231,365,0,4491,0.0009990000000001942
15184001,-8285,8363,132440,-18584,4501,126185,110,19228,451,0,4492,0.0010009999999986974
15185000,-5994,-1524,129817,-18799,-4363,131778,131,19222,537,1,4493,0.0009990000000001942
15186000,-7792,1137,130593,-493,-305,137728,117,19222,479,1,4494,0.0010000000000012221
15187000,-7751,8360,128364,-7059,4293,118508,99,19229,479,1,4495,0.0009999999999994458
15188000,-774,7946,128637,-14860,5016,133343,149,19227,405,0,4496,0.0009999999999994458
15189003,-3147,-8879,124366,-5234,-12216,129377,149,19223,610,0,4497,0.0010030000000007533
15190002,-2393,332,129411,382,-3246,130806,105,19230,430,0,4498,0.0009990000000001942
15191002,-4683,10311,125998,-15558,6392,118338,106,19227,434,1,4499,0.0009999999999994458
15192001,-7885,12301,129433,-10171,9166,125209,129,19227,528,1,4500,0.0009990000000001942
15193000,-5245,1022,128483,-8571,-3117,135707,112,19227,528,1,4501,0.0009990000000001942
15194002,-3036,1699,123990,-6569,7689,113801,110,19232,459,1,4502,0.0010019999999997253
15195000,-257,11310,126456,-2059,7529,126453,110,19226,451,0,4503,0.0009979999999991662
15196001,2112,-3755,124641,1137,-9440,124531,89,19230,365,0,4504,0.0010010000000004737
15197000,3621,1300,124759,-4965,-4583,129192,113,19226,463,0,4505,0.0009990000000001942
15198000,190,3999,128198,-912,1894,123397,127,19217,520,1,4506,0.0009999999999994458
15199000,-7182,17109,127121,2415,18355,115614,113,19217,520,1,4507,0.0010000000000012221
15200000,2114,7475,127154,-8372,-7924,136037,98,19229,463,1,4508,0.0009999999999994458
15201000,6212,-2378,122790,9557,-2174,122835,98,19228,401,0,4509,0.0009999999999994458
15202000,8753,914,125273,9930,1701,125825,131,19232,537,0,4510,0.0010000000000012221
15203000,5497,6976,124544,3016,-3626,116781,104,19225,426,0,4511,0.0009999999999994458
15204000,4455,-2243,125116,4638,-7715,137626,111,19223,455,0,4512,0.0009999999999994458
15205000,5513,-11387,125537,1496,-326,130970,141,19223,455,1,4513,0.0010000000000012221
15206000,3623,20903,130307,2473,18195,111811,110,19224,577,1,4514,0.0009999999999994458
15207001,7855,8955,125786,6653,116,131135,110,19235,451,1,4515,0.0010010000000004737
15208000,10048,-7866,124396,4680,-8288,126357,99,19224,405,0,4516,0.0009990000000001942
15209000,10706,-8917,126559,7833,-12894,134607,125,19231,512,0,4517,0.0009999999999994458
15210000,8689,-3494,128051,10920,-6929,120421,105,19230,430,0,4518,0.0009999999999994458
15211000,2434,10738,131084,-5269,3362,125078,115,19230,430,1,4519,0.0009999999999994458
15212000,1222,6256,131734,-4099,1260,132567,110,19224,471,1,4520,0.0010000000000012221
15213000,13,2062,128890,9883,1605,129341,110,19228,451,1,4521,0.0009999999999994458
15214000,4447,-3396,128608,-3850,-277,128622,101,19229,414,1,4522,0.0009999999999994458
15215000,6876,3835,129751,2372,-5324,122969,124,19223,508,0,4523,0.0010000000000012221
15216000,12665,-14146,127150,17976,-18310,137760,99,19231,405,0,4524,0.0009999999999994458
15217000,264,-2226,131030,2585,-3987,130756,105,19231,405,0,4525,0.0009999999999994458
15218000,-746,1386,131060,-24516,54,124559,144,19227,430,1,4526,0.0010000000000012221
15219002,-2184,16709,134246,-1313,14944,127554,144,19227,590,1,4527,0.0010019999999997253
15220002,-5569,4210,130595,9368,-1147,129362,112,19231,459,1,4528,0.0009999999999994458
15221000,-1610,-10668,125980,-16751,-14158,133350,97,19228,397,0,4529,0.0009980000000009426
15222000,-3292,-9144,128441,-13135,-11817,131915,125,19228,512,0,4530,0.0009999999999994458
15223000,1139,3028,129979,13773,5109,123308,119,19228,487,0,4531,0.0009999999999994458
15224000,-6085,13697,133094,-14957,8593,123628,121,19227,487,0,4532,0.0010000000000012221
15225000,-7859,-877,129397,-26023,-4379,133410,115,19221,496,1,4533,0.0009999999999994458
15226000,-7727,6066,129640,-4888,6527,133061,115,19230,471,1,4534,0.0009999999999994458
15227000,-2110,6999,127665,-3387,4288,119057,107,19232,438,1,4535,0.0009999999999994458
15228000,-4252,6658,130359,-6073,866,125700,121,19211,496,0,4536,0.0010000000000012221
15229000,-2468,-13088,124769,-15772,-16632,136253,105,19211,430,0,4537,0.0009999999999994458
15230000,-3478,4213,129478,-987,2845,120706,105,19230,430,0,4538,0.0009999999999994458
15231000,-4892,9611,128419,-9704,6126,125908,137,19229,430,1,4539,0.0010000000000012221
15232000,-9212,13404,127305,-9091,10656,120953,137,19227,561,1,4540,0.0009999999999994458
15233000,-4939,4236,125944,-9567,2016,131090,117,19232,479,1,4541,0.0009999999999994458
15234000,2318,2281,126684,-6906,-2042,119582,104,19226,426,0,4542,0.0010000000000012221
15235000,892,8964,125959,7593,5536,122731,123,19226,504,0,4543,0.0009999999999994458
15236000,2675,-5864,123925,-10062,-9077,127573,105,19231,504,0,4544,0.0009999999999994458
15237000,276,1500,126260,-5518,-2474,124716,105,19227,430,0,4545,0.0010000000000012221
15238000,-682,4199,128478,-546,1872,126221,105,19228,430,1,4546,0.0009999999999994458
15239000,-4768,15312,122212,-1673,19751,114452,135,19229,553,1,4547,0.0009999999999994458
15240000,547,16372,128070,-6153,1729,129870,104,19230,426,1,4548,0.0009999999999994458
15241000,10883,8207,123103,3359,-8136,116033,109,19223,446,0,4549,0.0010000000000012221
15242000,9873,-1906,124339,12456,-13811,137691,94,19223,446,0,4550,0.0009999999999994458
15243000,7116,-10924,127885,604,-5177,120083,109,19227,385,0,4551,0.0009999999999994458
15244000,6333,6086,127346,1265,1959,123507,109,19226,446,1,4552,0.0010000000000012221
15245000,3704,5465,127441,-965,-2535,134679,130,19226,532,1,4553,0.0009999999999994458
15246000,1346,9443,126245,3597,13996,117532,115,19230,471,1,4554,0.0009999999999994458
15247000,8035,8903,127473,5203,1383,124918,99,19228,405,1,4555,0.0010000000000012221
15248000,9866,1921,126185,7221,-804,121562,148,19228,405,0,4556,0.0009999999999994458
15249001,12860,-12021,126983,14548,-21125,141947,100,19232,606,0,4557,0.0010010000000004737
15250001,7033,-12742,127497,4800,-14276,122651,100,19229,410,0,4558,0.0009999999999994458
15251000,2422,9169,130581,-8755,9944,124203,102,19224,418,1,4559,0.0009990000000001942
15252001,-3465,15027,134402,3782,11164,129404,126,19227,516,1,4560,0.0010010000000004737
15253000,-2320,5652,128656,905,-6469,125007,113,19232,463,1,4561,0.0009990000000001942
15254000,5310,-7118,127064,-2493,-13129,137426,112,19232,463,1,4562,0.0009999999999994458
15255000,11741,-7531,128949,12759,-5933,121977,103,19221,459,0,4563,0.0009999999999994458
15256000,9318,-2503,128416,13822,-5930,130093,103,19232,422,0,4564,0.0009999999999994458
15257000,5208,1078,130042,-24989,-5252,130204,102,19228,418,0,4565,0.0010000000000012221
15258000,-2259,3961,131669,479,536,131242,122,19222,500,1,4566,0.0009999999999994458
15259000,-10065,2319,131269,5842,-2210,127518,114,19233,467,1,4567,0.0009999999999994458
15260000,-7666,6855,130579,-25238,1943,125429,101,19233,467,1,4568,0.0010000000000012221
15261000,2017,-8369,130159,-493,-11898,144287,136,19226,414,0,4569,0.0009999999999994458
15262000,2388,3834,128757,6146,1807,114258,136,19229,557,0,4570,0.0009999999999994458
15263002,793,-1515,128526,-10256,-5716,131812,105,19228,430,0,4571,0.0010020000000015017
15264002,-8385,6185,132561,-12277,3640,127886,109,19228,446,1,4572,0.0009999999999994458
15265000,-8111,-61,129032,-13020,-2408,134109,145,19229,594,1,4573,0.0009979999999991662
15266000,-8835,10281,130885,-8086,8995,127327,115,19229,471,1,4574,0.0010000000000012221
15267000,-5239,13962,130104,-13473,12716,119458,104,19229,471,1,4575,0.0009999999999994458
15268000,-1019,-2716,125564,-4134,-7373,133873,144,19225,426,0,4576,0.0009999999999994458
15269004,-169,-11004,126515,-3033,-14263,131625,144,19228,590,0,4577,0.0010040000000000049
15270003,-384,1295,127095,-7134,1706,126854,112,19229,459,0,4578,0.0009990000000001942
15271000,-4657,15260,128947,-7373,11966,119948,121,19222,496,1,4579,0.0009969999999999146
15272000,-7701,8144,129646,-10343,2584,129364,113,19222,463,1,4580,0.0009999999999994458
15273000,-6510,9906,128518,571,8603,131818,106,19229,463,1,4581,0.0010000000000012221
15274003,-3100,2049,124571,-10640,-1313,118519,130,19235,434,0,4582,0.001002999999998977
15275000,1565,1247,128210,-2967,-1503,126587,130,19229,532,0,4583,0.0009969999999999146
15276001,2884,4353,122465,3077,1993,126464,102,19228,418,0,4584,0.0010010000000004737
15277000,-521,4904,125597,-7348,1645,124792,108,19224,442,0,4585,0.0009990000000001942
15278000,-1514,8154,126055,-3759,4156,126757,145,19224,594,1,4586,0.0009999999999994458
15279000,110,10574,126306,-2682,8335,122127,112,19227,594,1,4587,0.0010000000000012221
15280000,4205,5322,125974,2633,2544,126973,100,19229,459,1,4588,0.0009999999999994458
15281000,8445,3289,124695,6646,-713,123090,100,19226,410,0,4589,0.0009999999999994458
15282002,9358,-212,121308,5763,-5642,125522,101,19231,414,0,4590,0.0010019999999997253
15283002,6766,-866,125479,6207,-3940,125994,115,19227,471,0,4591,0.0010000000000012221
15284000,5439,-788,127548,6307,-4312,130893,119,19221,487,1,4592,0.0009979999999991662
15285000,2323,19016,128204,7101,15003,115938,107,19221,487,1,4593,0.0010000000000012221
15286000,2969,10485,126168,-7537,-616,130633,102,19228,438,1,4594,0.0009999999999994458
15287000,10230,-1659,126665,10539,3015,123454,102,19232,418,1,4595,0.0009999999999994458
15288000,12117,7597,125893,12388,2065,120660,118,19227,483,0,4596,0.0009999999999994458
15289000,10267,-5601,127358,937,-13068,136594,98,19231,401,0,4597,0.0010000000000012221
15290000,7971,-10968,128113,5432,-10186,127152,105,19231,430,0,4598,0.0009999999999994458
15291000,5754,782,130069,-1598,6105,127775,131,19231,430,1,4599,0.0009999999999994458
15292000,-761,15974,131584,3485,14359,119724,114,19226,537,1,4600,0.0010000000000012221
15293000,1702,10718,130618,788,-1811,129885,114,19229,467,1,4601,0.0009999999999994458
15294000,6433,-4448,127318,-2049,-11043,131416,101,19227,414,0,4602,0.0009999999999994458
15295000,8262,-4251,128536,11598,-10384,125612,163,19232,668,0,4603,0.0010000000000012221
15296000,6744,-8921,132297,8897,-7037,133909,105,19232,430,0,4604,0.0009999999999994458
15297000,2605,9133,132794,-14961,-1191,122232,108,19232,430,0,4605,0.0009999999999994458
15298003,-912,3525,132503,-8915,-6014,139412,136,19224,442,1,4606,0.0010030000000007533
15299002,-6645,1296,131698,3847,5323,124917,136,19230,557,1,4607,0.0009990000000001942
15300000,-9051,3595,129964,-12373,-1469,125911,107,19232,438,1,4608,0.0009979999999991662
15301000,677,-3564,129267,-11747,-9530,131701,114,19222,467,0,4609,0.0010000000000012221
15302000,56,-3117,129561,6878,-7419,129584,90,19230,369,0,4610,0.0009999999999994458
15303000,-962,-2297,130392,-4594,608,132837,108,19230,369,0,4611,0.0009999999999994458
15304000,-6843,6222,131068,-19089,-1424,123618,135,19226,442,1,4612,0.0009999999999994458
15305000,-9451,2633,130806,-11109,4050,134993,135,19223,553,1,4613,0.0010000000000012221
15306000,-8642,8285,129504,-5786,6346,125916,116,19229,475,1,4614,0.0009999999999994458
15307000,-2169,6195,129035,-9683,1074,126797,101,19228,414,1,4615,0.0009999999999994458
15308000,-5672,-7850,126727,-7610,-7885,129830,149,19224,610,0,4616,0.0010000000000012221
15309000,-2080,-3031,125907,-7741,-7065,126205,103,19224,610,0,4617,0.0009999999999994458
15310000,-27,3738,128709,-5160,-932,130877,106,19231,422,0,4618,0.0009999999999994458
15311000,-5602,3905,127439,-7451,1422,125418,106,19224,434,1,4619,0.0010000000000012221
15312000,-8479,12321,128157,-13649,7781,121712,130,19229,532,1,4620,0.0009999999999994458
15313001,-5705,8684,127589,-11745,4226,122040,113,19228,463,1,4621,0.0010010000000004737
15314001,1520,1626,125616,5225,-3446,128512,107,19222,438,0,4622,0.0009999999999994458
15315000,-2198,-10991,123228,-2188,-13827,128724,94,19222,385,0,4623,0.0009990000000001942
15316000,-1508,4740,125210,-8233,3005,113770,116,19232,385,0,4624,0.0009999999999994458
15317000,-1298,9477,127331,-3581,6147,128439,130,19228,475,0,4625,0.0010000000000012221
15318000,-727,6798,126454,2192,3626,126984,130,19216,532,1,4626,0.0009999999999994458
15319000,-802,6571,125419,-2721,4242,124373,114,19231,467,1,4627,0.0009999999999994458
15320000,3576,10673,123546,-5815,10646,121545,95,19229,389,1,4628,0.0009999999999994458
15321000,11679,3293,123319,11792,-1762,119727,133,19229,545,0,4629,0.0010000000000012221
15322001,13082,-13537,121360,15792,-20157,133792,109,19233,545,0,4630,0.0010009999999986974
15323000,5992,703,125051,291,-2121,125194,114,19230,446,0,4631,0.0009990000000001942
15324000,3999,2137,126863,-132,-389,124877,114,19225,467,1,4632,0.0010000000000012221
15325002,522,13103,130757,9260,10695,121016,136,19228,557,1,4633,0.0010019999999997253
15326000,4783,6082,125285,-2052,1650,128996,111,19232,455,1,4634,0.0009979999999991662
15327001,7822,2071,125630,4536,-869,126480,99,19232,405,1,4635,0.0010010000000004737
15328000,11548,9302,126412,11054,5841,125139,110,19228,405,0,4636,0.0009990000000001942
15329000,10054,-9893,125840,5873,-14014,132766,106,19231,451,0,4637,0.0009999999999994458
15330000,2912,-6798,129448,5124,-12385,132011,106,19229,434,0,4638,0.0010000000000012221
15331001,4684,-197,129661,-8062,-5003,132902,116,19223,475,1,4639,0.0010009999999986974
15332000,-2191,17890,129189,528,11839,112873,109,19225,446,1,4640,0.0009990000000001942
15333000,5362,9842,128657,7809,-4586,132495,99,19231,405,1,4641,0.0010000000000012221
15334000,9558,-16175,125656,-4337,-17088,133708,128,19231,405,0,4642,0.0009999999999994458
15335000,10857,-7098,128495,10073,-3050,123792,101,19227,524,0,4643,0.0009999999999994458
15336020,5240,1577,130243,-111,-7457,133353,101,19232,414,0,4644,0.001020000000000465
15337002,-3569,6550,134083,-17909,5351,121216,109,19230,446,0,4645,0.0009820000000004825
15338001,-1744,4591,133478,-5246,-6939,140009,146,19227,598,1,4646,0.0009989999999984178
15339000,-7369,990,130924,6056,538,125600,109,19229,446,1,4647,0.0009990000000001942
15340000,-5109,7574,130224,-18786,-2565,123640,99,19229,446,1,4648,0.0010000000000012221
15341000,1315,-4865,129984,-5068,-11641,133914,119,19223,405,0,4649,0.0009999999999994458
15342000,4369,4411,129771,11755,194,122106,119,19231,487,0,4650,0.0009999999999994458
15343000,-4816,448,131150,-20116,-4568,132544,109,19228,446,0,4651,0.0010000000000012221
15344000,-7900,6298,133719,-16322,-1379,122545,118,19219,483,1,4652,0.0009999999999994458
15345000,-8805,1820,130620,-2441,5450,136599,115,19231,471,1,4653,0.0009999999999994458
15346002,-8828,4606,130767,-14042,2014,128153,105,19231,471,1,4654,0.0010019999999997253
15347000,-2873,9919,127572,-10690,6582,117291,120,19231,430,1,4655,0.0009980000000009426
15348000,-2149,-2931,125939,-6722,-11290,137623,120,19217,491,0,4656,0.0009999999999994458
15349001,728,2321,126999,2367,3901,119732,90,19232,369,0,4657,0.0010010000000004737
15350000,-2159,3685,127893,-18157,-2234,131110,100,19228,410,0,4658,0.0009990000000001942
15351001,-4772,5870,127160,-13341,3297,123360,137,19222,561,1,4659,0.0010010000000004737
15352000,-4379,16521,127557,-2932,9535,125227,117,19222,561,1,4660,0.0009989999999984178
15353000,-4523,-4142,125210,-7133,-6693,133818,102,19227,479,1,4661,0.0010000000000012221
15354000,-2469,10003,125515,-3618,8938,111311,102,19228,418,0,4662,0.0009999999999994458
15355000,-1648,-211,123767,-6984,-6865,138797,124,19233,508,0,4663,0.0009999999999994458
15356000,6508,-1900,125742,5576,-3330,112755,107,19226,438,0,4664,0.0010000000000012221
15357002,480,4614,127360,2290,-1938,130636,111,19221,455,1,4665,0.0010019999999997253
15358003,-6102,8410,126739,-8427,7590,128785,137,19221,561,1,4666,0.0010010000000004737
15359000,-553,17879,126019,-7490,14236,114668,104,19231,561,1,4667,0.0009969999999999146
15360001,7116,329,126863,6646,-4737,137395,108,19232,426,1,4668,0.0010009999999986974
15361000,8719,8098,122041,11132,9066,109096,108,19226,442,0,4669,0.0009990000000001942
15362000,9077,-4955,124571,-1157,-14036,133437,89,19228,365,0,4670,0.0010000000000012221
15363000,7479,-7859,124919,5497,-11627,128437,110,19228,451,0,4671,0.0009999999999994458
15364000,5337,1915,127026,8018,-662,129036,135,19228,553,1,4672,0.0009999999999994458
15365000,714,10426,129310,-3246,10275,121537,116,19224,553,1,4673,0.0009999999999994458
15366000,6204,15223,128149,2713,9404,119314,99,19230,475,1,4674,0.0010000000000012221
15367000,8136,-3423,125632,15009,-9577,139619,99,19230,405,0,4675,0.0009999999999994458
15368001,10904,4784,126645,-2102,2161,114835,146,19235,598,0,4676,0.0010010000000004737
15369002,9141,-5952,128823,11983,-9747,131032,103,19228,422,0,4677,0.0010010000000004737
15370000,5423,-113,128119,7660,-2902,125764,110,19228,451,0,4678,0.0009979999999991662
15371000,2732,-1210,129255,-7908,-4949,132005,126,19224,451,1,4679,0.0009999999999994458
15372000,-627,8922,129967,3956,4577,132308,109,19232,516,1,4680,0.0010000000000012221
15373002,5314,10989,128638,1975,7417,117681,109,19231,446,1,4681,0.0010019999999997253
15374000,7259,-8385,129760,394,-10728,133289,110,19222,451,0,4682,0.0009979999999991662
15375000,9348,-15852,127728,5172,-19665,127923,114,19228,467,0,4683,0.0010000000000012221
15376000,4916,-154,130098,16615,-3984,130647,105,19229,430,0,4684,0.0009999999999994458
15377000,-3506,4055,130804,-10671,1001,122828,122,19229,430,1,4685,0.0009999999999994458
15378000,-2252,16200,135880,-24766,13720,127559,110,19221,500,1,4686,0.0010000000000012221
15379000,-4446,8817,133217,17681,4863,128908,110,19231,451,1,4687,0.0009999999999994458
15380000,-3332,-5583,127266,-5125,-13772,129882,97,19227,397,1,4688,0.0009999999999994458
15381000,-2231,-13197,129323,-25903,-11017,134928,136,19229,557,0,4689,0.0009999999999994458
15382000,4934,1043,129040,9785,6226,120744,105,19227,430,0,4690,0.0010000000000012221
15383000,-1754,11242,129955,4268,5591,128458,112,19227,430,0,4691,0.0009999999999994458
15384000,-8166,2925,132392,-25780,-2308,129850,140,19226,459,1,4692,0.0009999999999994458
15385000,-6608,2489,129258,-1462,-133,129391,140,19229,573,1,4693,0.0010000000000012221
15386000,-5765,8386,129680,-7065,10788,125597,114,19231,467,1,4694,0.0009999999999994458
15387000,-2491,10519,129165,-11385,2843,121403,106,19224,434,0,4695,0.0009999999999994458
15388000,-3506,-8032,125939,-12826,-16687,138242,154,19229,631,0,4696,0.0010000000000012221
15389000,-1673,-4221,126227,-879,813,123379,105,19229,631,0,4697,0.0009999999999994458
15390000,-3391,6688,131041,-7630,7099,129491,116,19228,430,0,4698,0.0009999999999994458
15391000,-7530,19011,128594,-9381,9865,116940,116,19219,475,1,4699,0.0010000000000012221
15392000,-8363,5092,124750,-19085,-4544,134475,113,19226,463,1,4700,0.0009999999999994458
15393000,-566,-4162,127180,-328,7823,131604,108,19230,442,1,4701,0.0009999999999994458
15394000,1870,11700,125468,6542,6292,112844,130,19225,532,0,4702,0.0010000000000012221
15395000,2271,-6029,123424,-8481,-11086,134552,104,19225,532,0,4703,0.0009999999999994458
15396000,-453,-2607,125670,-7058,-3424,124267,109,19226,426,0,4704,0.0009999999999994458
15397002,2541,3688,125916,1877,3205,127764,109,19227,446,1,4705,0.0010019999999997253
15398000,-6004,21829,127932,972,17483,117780,146,19225,598,1,4706,0.0009980000000009426
15399002,-3575,9417,124565,-9463,1169,125901,113,19230,463,1,4707,0.0010019999999997253
15400000,7284,2878,124373,-86,-333,124650,101,19226,414,0,4708,0.0009979999999991662
15401000,9145,2408,124894,13160,-3488,123538,109,19226,446,0,4709,0.0010000000000012221
15402000,9044,-11311,124123,11402,-7099,129691,111,19229,446,0,4710,0.0009999999999994458
15403000,2523,1481,125973,-5282,-4388,124784,117,19228,455,0,4711,0.0009999999999994458
15404001,5166,-6156,125704,-3331,-8876,134887,117,19222,479,1,4712,0.0010010000000004737
15405000,2280,16964,129579,14771,17417,118321,114,19228,467,1,4713,0.0009990000000001942
15406000,4249,11703,126512,-2142,5872,121883,105,19227,430,1,4714,0.0009999999999994458
15407000,10961,1702,125986,528,-2056,126384,117,19227,479,0,4715,0.0010000000000012221
15408000,11023,-11618,125538,13260,-16904,134724,91,19222,479,0,4716,0.0009999999999994458
15409000,10586,-10345,126430,19022,-13502,128918,101,19227,373,0,4717,0.0009999999999994458
15410000,-189,6391,131317,-8684,3000,119734,101,19228,414,1,4718,0.0010000000000012221
15411000,1395,16203,132587,-8030,14477,132431,131,19231,537,1,4719,0.0009999999999994458
15412000,-630,7909,129295,12738,5923,129914,114,19229,467,1,4720,0.0009999999999994458
15413000,2750,-2455,129067,-6290,-7116,128105,100,19229,410,1,4721,0.0009999999999994458
15414000,12702,-5344,126742,-3025,-6673,126210,161,19229,410,0,4722,0.0010000000000012221
15415002,10346,-6914,130379,28574,-9711,130192,112,19230,659,0,4723,0.0010019999999997253
15416000,5243,-10989,127865,762,-15041,137071,112,19223,459,0,4724,0.0009979999999991662
15417002,887,10553,133104,-30687,7957,121991,111,19224,455,1,4725,0.0010020000000015017
15418002,-7656,9344,134664,10741,6527,127179,135,19229,553,1,4726,0.0009999999999994458
15419000,-8200,2064,129877,-150,-755,129496,105,19231,430,1,4727,0.0009979999999991662
15420000,-3579,-10318,129517,-27912,-14420,139215,111,19231,430,0,4728,0.0010000000000012221
15421000,3524,-4482,127334,6658,-9659,128834,88,19220,455,0,4729,0.0009999999999994458
15422000,4027,12099,130550,5919,9582,125167,88,19232,360,0,4730,0.0009999999999994458
15423000,-3200,3923,129251,-16417,-556,127014,108,19228,442,0,4731,0.0010000000000012221
15424000,-6918,3013,130514,-13801,-99,136499,132,19225,541,1,4732,0.0009999999999994458
15425000,-6703,-2402,129033,-5325,-7188,128629,117,19231,479,1,4733,0.0009999999999994458
15426000,-9202,25025,130987,-9357,21301,113893,98,19231,479,1,4734,0.0010000000000012221
15427000,-196,-2531,126783,-15169,-11747,134320,143,19227,401,0,4735,0.0009999999999994458
15428000,-3418,-9397,127103,496,-9228,129916,143,19224,586,0,4736,0.0009999999999994458
15429000,531,-5076,125168,-5299,-5417,128959,103,19231,422,0,4737,0.0009999999999994458
15430000,-5935,16672,129563,-12228,16733,113898,107,19228,438,1,4738,0.0010000000000012221
15431000,-6404,18944,130739,-8018,2695,131003,132,19228,541,1,4739,0.0009999999999994458
15432000,-7104,-4855,127205,-9573,-7522,131604,113,19228,541,1,4740,0.0009999999999994458
15433002,-3593,4727,127599,-1681,3623,124357,109,19230,463,1,4741,0.0010020000000015017
15434000,837,2541,123854,-3456,3497,120770,109,19222,446,0,4742,0.0009979999999991662
15435000,3407,6789,124465,1453,5150,124436,82,19228,336,0,4743,0.0009999999999994458
15436000,5299,-2174,124447,-4991,-3494,129944,108,19227,442,0,4744,0.0010000000000012221
15437000,-1089,3148,124890,-437,5504,124265,123,19220,504,1,4745,0.0009999999999994458
15438000,-4586,14622,127598,-3297,9552,122168,114,19220,504,1,4746,0.0009999999999994458
15439000,3000,6503,125099,765,-791,123782,97,19230,467,1,4747,0.0010000000000012221
15440000,5454,-1670,124930,5615,-6730,132828,97,19229,397,0,4748,0.0009999999999994458
15441000,7211,4104,124071,866,2544,116028,130,19231,532,0,4749,0.0009999999999994458
15442000,7121,1630,125528,14333,-6151,127348,107,19229,438,0,4750,0.0010000000000012221
15443000,2406,-6922,125967,5782,-8170,130282,111,19225,455,0,4751,0.0009999999999994458
15444000,3402,6022,128206,-9470,3071,122825,143,19225,455,1,4752,0.0009999999999994458
15445000,5869,17131,130478,6828,9505,123140,111,19229,586,1,4753,0.0009999999999994458
15446000,9884,2571,126463,7247,2535,124614,111,19231,455,1,4754,0.0010000000000012221
15447000,8906,-2420,126334,5125,-8515,127165,99,19223,405,0,4755,0.0009999999999994458
15448007,9849,-9118,125023,7705,-15722,130463,120,19230,491,0,4756,0.001006999999999536
15449000,5866,-8903,127785,10288,-13340,132952,104,19228,426,0,4757,0.0009930000000011319
15450000,3262,8057,131993,-2994,5013,122058,114,19228,467,1,4758,0.0009999999999994458
15451000,1914,8780,130394,455,2732,125857,112,19223,467,1,4759,0.0009999999999994458
15452000,-1931,9746,131861,4346,6784,128354,102,19222,459,1,4760,0.0010000000000012221
15453002,5634,-995,127362,-3268,-5724,129572,102,19230,418,1,4761,0.0010019999999997253
15454000,11429,-5212,125507,4470,-4954,130580,129,19224,528,0,4762,0.0009979999999991662
15455000,8105,564,130121,18240,-3084,123816,98,19228,401,0,4763,0.0010000000000012221
15456000,3046,-12162,126840,-9421,-15633,135707,104,19228,426,0,4764,0.0009999999999994458
15457000,2748,5828,135838,-14677,-1563,128366,145,19231,426,1,4765,0.0009999999999994458
15458000,-5511,2082,131653,9049,-905,133303,113,19228,594,1,4766,0.0010000000000012221
15459003,-7077,10949,130857,-8412,9340,117997,113,19231,463,1,4767,0.001002999999998977
15460000,-1239,-3403,128786,-20999,-8616,131926,97,19227,397,0,4768,0.0009969999999999146
15461000,-1578,-7940,127699,5769,-11175,139263,118,19232,483,0,4769,0.0009999999999994458
15462000,1296,1201,129386,655,-1480,116512,113,19232,463,0,4770,0.0010000000000012221
15463000,-7410,6791,133406,-19332,4052,129361,120,19232,463,0,4771,0.0009999999999994458
15464000,-6051,4884,130938,-11611,1768,129138,113,19218,491,1,4772,0.0009999999999994458
15465000,-7788,3295,129953,-5755,43,131892,113,19228,463,1,4773,0.0010000000000012221
15466000,-5389,12923,130048,-12672,10265,130753,104,19232,426,1,4774,0.0009999999999994458
15467000,-4668,7527,127313,-7792,4804,120167,120,19215,491,0,4775,0.0009999999999994458
15468000,-1176,-8628,127418,-9280,-12552,136515,93,19236,381,0,4776,0.0010000000000012221
15469000,1539,-4550,127971,-2293,-7043,122345,107,19236,381,0,4777,0.0009999999999994458
15470000,-5663,9449,127940,-8479,6769,128666,141,19228,438,1,4778,0.0009999999999994458
15471000,-8276,6200,125686,-9833,1639,121053,141,19225,577,1,4779,0.0010000000000012221
15472000,-8369,12836,128183,-11371,10993,122158,119,19228,487,1,4780,0.0009999999999994458
15473000,1129,7946,128889,-7418,-253,124939,102,19230,418,0,4781,0.0009999999999994458
15474000,-882,4305,122967,5795,-7073,123596,125,19233,512,0,4782,0.0009999999999994458
15475000,4281,-2429,125172,-8599,-7946,132753,115,19233,512,0,4783,0.0010000000000012221
15476002,1763,676,122978,-2948,9100,115954,119,19228,471,0,4784,0.0010019999999997253
15477002,1062,11240,128346,-3181,7056,133297,119,19222,487,1,4785,0.0009999999999994458
15478000,-1947,5202,125496,-5419,4723,119325,145,19229,594,1,4786,0.0009980000000009426
15479000,998,14970,126664,-1610,5292,122647,105,19232,430,1,4787,0.0009999999999994458
15480000,8163,3110,125666,9816,4271,123740,105,19230,430,0,4788,0.0009999999999994458
15481001,6327,-52,123812,11500,-5534,121522,94,19230,430,0,4789,0.0010010000000004737
15482000,8451,-10640,124684,-1372,-14388,134691,115,19227,385,0,4790,0.0009990000000001942
15483000,3251,4536,127836,5048,3248,116845,115,19225,471,1,4791,0.0009999999999994458
15484000,1704,10748,130256,4510,1798,131800,134,19223,549,1,4792,0.0010000000000012221
15485000,4232,10047,128212,680,3240,119468,114,19231,467,1,4793,0.0009999999999994458
15486000,6571,7138,125496,-1712,-2348,126664,97,19229,397,1,4794,0.0009999999999994458
15487000,12065,523,126921,12669,2570,126556,144,19229,397,0,4795,0.0010000000000012221
15488000,11728,425,125439,15531,-10130,123632,105,19234,590,0,4796,0.0009999999999994458
15489001,6708,-15552,126381,-3357,-11623,138060,105,19230,430,0,4797,0.0010010000000004737
15490002,2931,9584,132861,-7562,7302,122482,106,19228,434,1,4798,0.0010009999999986974
15491000,1251,5479,129757,13048,-2583,135240,124,19228,508,1,4799,0.0009980000000009426
15492000,-1785,21918,130223,1079,15928,115051,110,19233,451,1,4800,0.0009999999999994458
15493000,6110,-873,128860,-16096,-15373,134803,110,19233,451,0,4801,0.0009999999999994458
15494001,11706,-16839,127118,19660,-12071,129968,110,19220,451,0,4802,0.0010010000000004737
15495000,8054,10228,132955,12025,1897,122878,105,19235,451,0,4803,0.0009990000000001942
15496000,-410,-12102,127993,-17752,-9715,136521,105,19228,430,0,4804,0.0009999999999994458
15497000,-124,16479,134822,-11461,9292,119257,122,19216,500,1,4805,0.0010000000000012221
15498000,-2774,-8198,130219,522,-13515,145896,111,19228,455,1,4806,0.0009999999999994458
15499001,-8662,5345,130884,2027,6427,118847,97,19228,397,1,4807,0.0010010000000004737
15500002,554,-1886,130145,-24940,-8519,130830,133,19233,397,0,4808,0.0010009999999986974
15501002,-612,-7141,128011,3976,-5945,134219,105,19228,545,0,4809,0.0010000000000012221
15502000,546,4083,129418,4464,1731,122773,105,19231,430,0,4810,0.0009979999999991662
15503000,-5984,3518,130624,-22169,2022,131200,110,19224,451,1,4811,0.0010000000000012221
15504000,-9769,9868,131815,-10559,5155,125024,149,19229,610,1,4812,0.0009999999999994458
15505000,-8117,1159,129980,-5338,-1698,135605,113,19229,463,1,4813,0.0009999999999994458
15506000,-3735,5087,129607,-13006,2870,125265,102,19232,463,1,4814,0.0009999999999994458
15507000,-4260,138,127391,-10159,-3851,125244,144,19221,418,0,4815,0.0010000000000012221
15508000,-2113,634,125507,2372,135,133557,144,19229,590,0,4816,0.0009999999999994458
15509000,-2168,479,126818,-8504,-3288,119260,102,19230,418,0,4817,0.0009999999999994458
15510000,-5785,1309,129347,-16173,-2719,134521,117,19220,479,1,4818,0.0010000000000012221
15511000,-6307,8362,127827,-4032,3681,121242,113,19230,463,1,4819,0.0009999999999994458
15512000,-7125,6330,128725,-3012,3895,125814,107,19230,463,1,4820,0.0009999999999994458
15513000,-1772,7250,125572,-12425,4371,124949,127,19230,438,0,4821,0.0010000000000012221
15514000,-2571,968,124440,399,-1610,123612,127,19228,520,0,4822,0.0009999999999994458
15515000,1459,-580,123749,1616,-5275,126800,100,19229,410,0,4823,0.0009999999999994458
15516000,198,7262,126644,-10178,5330,122066,109,19228,446,0,4824,0.0010000000000012221
15517000,-1647,8975,127049,2035,5100,126854,148,19223,606,1,4825,0.0009999999999994458
15518000,-1591,5118,125659,192,2326,125035,113,19223,606,1,4826,0.0009999999999994458
15519000,5137,3964,124015,-6907,-1447,128367,96,19229,463,1,4827,0.0010000000000012221
15520000,9899,10283,122442,11243,10524,116435,96,19225,393,0,4828,0.0009999999999994458
15521000,10351,-4817,123403,8535,-6774,127989,106,19230,434,0,4829,0.0009999999999994458
15522000,7359,-8442,124859,1076,-7496,129172,114,19227,467,0,4830,0.0009999999999994458
15523000,3503,964,126095,6203,2846,124737,117,19221,479,1,4831,0.0010000000000012221
15524000,1909,12702,128511,3150,9509,120951,114,19221,479,1,4832,0.0009999999999994458
15525001,4499,15705,128670,2838,3332,126925,102,19229,467,1,4833,0.0010010000000004737
15526003,9592,-4402,124872,9057,-8724,129526,102,19234,418,1,4834,0.0010019999999997253
15527001,10973,1864,127842,5397,1332,125028,117,19219,479,0,4835,0.0009979999999991662
15528000,8210,1725,126219,10576,-7889,128709,102,19228,418,0,4836,0.0009990000000001942
15529001,6836,-8199,126452,562,-7013,131427,108,19228,442,0,4837,0.0010010000000004737
15530000,4984,2827,131280,73,2657,127807,133,19228,442,1,4838,0.0009990000000001942
15531000,2181,10846,130369,5941,-12,128655,114,19230,545,1,4839,0.0009999999999994458
15532003,185,19714,131396,-1954,10054,117217,114,19231,467,1,4840,0.0010030000000007533
15533000,7678,-5841,128645,1505,-16609,135989,102,19226,418,0,4841,0.0009969999999999146
15534000,8388,-20556,127014,5634,-22351,138136,159,19229,651,0,4842,0.0009999999999994458
15535000,4947,4192,130613,19411,8294,115909,108,19231,442,0,4843,0.0010000000000012221
15536000,-3,3227,129189,-17333,-2832,134300,107,19231,442,0,4844,0.0009999999999994458
15537000,154,6068,132380,-11664,9916,124421,133,19228,438,1,4845,0.0009999999999994458
15538000,-3976,9443,131606,6393,-134,134702,133,19232,545,1,4846,0.0009999999999994458
15539000,-565,-3164,129798,-4600,-5152,128230,106,19232,434,1,4847,0.0010000000000012221
15540000,-4075,-7137,128387,-16038,-11817,130383,110,19220,451,0,4848,0.0009999999999994458
15541001,3871,-8027,129713,1811,-7365,134350,88,19231,360,0,4849,0.0010010000000004737
15542000,-2837,7563,129804,3601,1540,123527,109,19231,446,0,4850,0.0009990000000001942
15543000,-5741,1128,132186,-21877,-1965,133145,129,19229,446,1,4851,0.0009999999999994458
15544001,-14997,16228,132679,-16970,8977,120052,113,19223,528,1,4852,0.0010010000000004737
15545001,-7502,5264,128412,-1393,1107,132398,113,19231,463,1,4853,0.0009999999999994458
15546004,-5626,5796,131719,-7060,2669,128154,100,19229,410,1,4854,0.0010030000000007533
15547000,-3700,-7112,125509,-13833,-10477,126907,150,19224,614,0,4855,0.0009959999999988867
15548001,-952,-2671,126453,-6201,-1393,128607,102,19224,418,0,4856,0.0010010000000004737
15549002,-351,6265,128521,-5567,1414,122903,107,19229,418,0,4857,0.0010010000000004737
15550000,-5236,7755,126633,-4372,5143,125046,127,19223,438,1,4858,0.0009979999999991662
15551000,-7608,8166,126954,-17717,1730,127730,127,19227,520,1,4859,0.0010000000000012221
15552000,-4269,4604,126642,-11069,2644,124466,113,19229,463,1,4860,0.0009999999999994458
15553000,1780,10969,128358,6954,5966,123195,109,19220,446,0,4861,0.0009999999999994458
15554003,-148,-10102,122518,-2317,-13132,128351,84,19230,344,0,4862,0.0010030000000007533
15555000,-2026,-2842,124189,-7637,-4228,129875,110,19230,344,0,4863,0.0009969999999999146
15556000,1026,6895,126226,-2688,3820,119206,123,19226,451,0,4864,0.0009999999999994458
15557000,-2743,21296,127616,4871,18653,121061,123,19216,504,1,4865,0.0009999999999994458
15558000,-1545,8551,129904,-11510,5884,129147,111,19230,455,1,4866,0.0010000000000012221
15559000,4944,5335,123986,757,1619,119681,100,19231,410,1,4867,0.0009999999999994458
15560004,7169,-1238,123852,15842,-5061,128114,133,19230,545,0,4868,0.0010040000000000049
15561004,12002,776,122288,1587,-3519,120952,115,19230,545,0,4869,0.0009999999999994458
15562000,4887,-2532,126929,4993,-6079,124551,117,19227,471,0,4870,0.000996000000000663
15563000,6343,-7513,125316,3003,-11597,125302,117,19225,479,1,4871,0.0009999999999994458
15564000,2596,12577,129154,-3800,10482,123282,142,19229,582,1,4872,0.0010000000000012221
15565000,2559,5720,127688,8871,5255,127448,111,19231,455,1,4873,0.0009999999999994458
15566000,8988,-248,124704,3237,-2530,119820,100,19225,410,0,4874,0.0009999999999994458
15567000,7468,-320,129389,-324,-6296,135878,121,19225,410,0,4875,0.0010000000000012221
15568000,13814,-9622,123866,15502,-10940,128544,103,19234,496,0,4876,0.0009999999999994458
15569000,2317,-3780,127946,11306,-2697,129493,103,19233,422,0,4877,0.0009999999999994458
15570001,2255,9207,131800,-14441,2914,127051,113,19222,463,1,4878,0.0010010000000004737
15571000,1784,9770,127657,877,8750,128403,109,19227,446,1,4879,0.0009990000000001942
15572000,2094,10248,131044,-134,1105,127121,102,19230,418,1,4880,0.0009999999999994458
15573000,8748,-7985,125645,-2521,-14608,126501,124,19230,418,0,4881,0.0009999999999994458
15574000,3941,-8081,130612,24264,-4578,125356,99,19225,508,0,4882,0.0010000000000012221
15575000,8353,-9886,128855,-2258,-16128,139640,99,19228,405,0,4883,0.0009999999999994458
15576000,569,2208,131967,-17413,8599,120163,105,19232,430,1,4884,0.0009999999999994458
15577000,-4903,18772,134567,1691,10129,124620,147,19228,602,1,4885,0.0010000000000012221
15578000,-7588,-273,129429,-4232,-7737,131282,114,19230,467,1,4886,0.0009999999999994458
15579000,-1644,-5450,130895,-15639,-10330,131085,97,19230,467,1,4887,0.0009999999999994458
15580000,-982,-2468,128901,262,-8823,132543,129,19223,397,0,4888,0.0010000000000012221
15581001,5409,8239,129716,-838,9599,117992,129,19229,528,0,4889,0.0010009999999986974
15582000,-4547,8719,132527,-8412,-1503,130002,110,19228,451,0,4890,0.0009990000000001942
15583000,-3377,-8573,127303,-15415,-8246,134480,120,19220,491,1,4891,0.0009999999999994458
15584000,-10878,10789,132259,-10084,11259,123131,122,19229,500,1,4892,0.0010000000000012221
15585000,-8687,12740,130489,-12015,9840,126756,108,19229,442,1,4893,0.0009999999999994458
15586001,-1254,14476,128630,-5704,6908,120735,118,19229,442,1,4894,0.0010010000000004737
15587000,-4878,-11797,126026,-6013,-16981,139262,94,19216,483,0,4895,0.0009990000000001942
15588000,-1276,-3606,126958,-9947,-1279,120190,94,19230,385,0,4896,0.0009999999999994458
15589000,-3130,10390,128633,-9663,5681,125913,106,19225,434,0,4897,0.0009999999999994458
15590000,-4142,11560,128815,-5575,8851,124068,139,19230,569,1,4898,0.0010000000000012221
15591000,-6569,13335,127958,-10397,8003,122424,118,19230,483,1,4899,0.0009999999999994458
15592000,-5083,454,124839,-18148,-726,134084,105,19231,483,1,4900,0.0009999999999994458
15593000,1081,5990,126393,6848,2194,120513,123,19229,430,0,4901,0.0010000000000012221
15594002,1457,-3968,124399,2734,-6825,126548,123,19233,504,0,4902,0.0010019999999997253
15595000,5347,5756,127298,-12337,5262,124986,111,19232,455,0,4903,0.0009979999999991662
15596000,-3711,-1467,125762,4876,-7324,128096,117,19222,479,1,4904,0.0010000000000012221
15597000,-850,9416,124689,-182,7865,123913,149,19222,610,1,4905,0.0009999999999994458
15598000,-3345,17357,125988,-14725,12083,119759,107,19230,610,1,4906,0.0009999999999994458
15599000,6113,5980,124818,9490,3163,125151,108,19229,438,1,4907,0.0009999999999994458
15600001,10553,5370,123994,5803,90,123530,108,19224,442,0,4908,0.0010010000000004737
15601000,6872,-53,124144,771,-2294,127551,98,19227,401,0,4909,0.0009990000000001942
15602000,8737,-2099,125548,12355,-3984,131011,119,19227,487,0,4910,0.0009999999999994458
15603002,3127,-8156,124500,1238,-10887,123856,138,19225,565,1,4911,0.0010020000000015017
15604000,4594,11211,128949,-6778,8673,125662,118,19225,565,1,4912,0.0009979999999991662
15605000,6283,9347,127664,7972,5457,126367,99,19226,483,1,4913,0.0009999999999994458
15606000,8866,3307,125455,12769,-283,120468,99,19228,405,0,4914,0.0010000000000012221
15607000,10144,-1726,128060,-330,-4943,128634,141,19232,577,0,4915,0.0009999999999994458
15608000,5451,-10448,126322,6475,-14177,131570,104,19230,426,0,4916,0.0009999999999994458
15609000,7025,706,130913,9324,-3793,130361,108,19223,442,0,4917,0.0010000000000012221
15610000,-78,8366,131889,-2064,4980,124055,132,19223,442,1,4918,0.0009999999999994458
15611000,1690,13304,131744,-5644,9995,127369,112,19229,541,1,4919,0.0009999999999994458
15612000,3372,1897,130553,7180,-785,129652,112,19230,459,1,4920,0.0010000000000012221
15613000,7162,-5534,127491,1563,-8579,129792,108,19222,442,0,4921,0.0009999999999994458
15614000,10531,-2196,126910,8140,3261,123126,107,19231,438,0,4922,0.0009999999999994458
15615000,187,-5504,129581,12844,-6794,133324,104,19233,426,0,4923,0.0009999999999994458
15616000,5014,-2586,132383,-22505,1175,127724,124,19233,426,1,4924,0.0010000000000012221
15617000,-7064,8226,134539,-4504,3315,130883,115,19214,508,1,4925,0.0009999999999994458
15618000,-7089,5410,129959,7708,431,125450,115,19233,471,1,4926,0.0009999999999994458
15619000,-3476,-205,127954,-23794,-12945,132937,97,19229,397,1,4927,0.0010000000000012221
15620002,1661,-11591,128772,1521,-4116,132317,130,19228,532,0,4928,0.0010019999999997253
15621000,3682,5875,130310,6676,5820,124870,104,19228,426,0,4929,0.0009979999999991662
15622000,-5449,2910,128788,-23732,-335,127295,111,19228,426,0,4930,0.0010000000000012221
15623000,-5549,5349,131275,-14081,-404,132380,149,19222,455,1,4931,0.0009999999999994458
15624000,-7276,-4596,128737,-1961,-258,134583,149,19228,610,1,4932,0.0009999999999994458
15625000,-6067,12605,131505,-10753,7084,120657,116,19230,475,1,4933,0.0010000000000012221
15626001,-3754,19194,129251,-14408,5004,122663,104,19220,426,0,4934,0.0010009999999986974
15627000,-2767,-13895,123946,-10880,-10478,135955,150,19231,614,0,4935,0.0009990000000001942
15628000,-1326,-4759,128545,2354,-4047,127163,115,19231,614,0,4936,0.0010000000000012221
15629000,-2576,7547,127537,-11705,6013,122926,122,19229,471,0,4937,0.0009999999999994458
15630000,-8042,12714,127490,-11027,12921,118492,114,19217,500,1,4938,0.0009999999999994458
15631000,-3710,4524,129289,-11924,-1389,132879,114,19227,467,1,4939,0.0009999999999994458
15632000,-1292,1017,124346,4229,-650,127914,107,19229,438,1,4940,0.0010000000000012221
15633001,-3682,7276,125567,-2926,5189,122271,129,19226,528,0,4941,0.0010010000000004737
15634001,2176,3156,124655,-11677,1856,122651,101,19226,414,0,4942,0.0009999999999994458
15635000,3060,1621,126071,6149,-3411,128823,106,19227,414,0,4943,0.0009990000000001942
15636000,3046,-4221,124723,-774,-1177,133032,145,19227,434,1,4944,0.0009999999999994458
15637001,-4677,5978,125997,-3287,4402,120754,145,19226,594,1,4945,0.0010010000000004737
15638000,393,21643,125800,-2985,15229,118679,112,19232,459,1,4946,0.0009990000000001942
15639000,8089,6621,123682,7053,-1392,126635,97,19228,397,0,4947,0.0009999999999994458
15640000,6338,-3301,124398,8639,-7874,126660,105,19228,430,0,4948,0.0009999999999994458
15641000,7120,-1391,125107,751,-4220,122359,114,19231,430,0,4949,0.0010000000000012221
15642001,3157,1094,126740,3163,-1383,125256,116,19228,467,0,4950,0.0010009999999986974
15643001,7620,4679,128732,8562,892,129080,116,19223,475,1,4951,0.0010000000000012221
15644000,846,3212,126625,-1774,2130,125424,112,19231,459,1,4952,0.0009990000000001942
15645000,8259,14675,128517,1379,13345,126053,103,19233,422,1,4953,0.0009999999999994458
15646002,9271,-2137,124528,12545,-5627,123973,116,19221,475,0,4954,0.0010019999999997253
15647000,10784,-3964,128392,5415,-8681,130493,102,19221,475,0,4955,0.0009979999999991662
15648000,6778,-15537,125898,8460,-18967,132581,108,19232,418,0,4956,0.0010000000000012221
15649000,3097,432,130570,-3735,-1110,128509,108,19224,442,1,4957,0.0009999999999994458
15650000,2219,10762,130364,1352,5467,126103,131,19228,537,1,4958,0.0009999999999994458
15651002,-2583,3421,129167,8095,838,128010,113,19231,463,1,4959,0.0010020000000015017
15652002,4215,1742,129596,-9754,-1719,129659,101,19232,414,1,4960,0.0009999999999994458
15653000,10362,-7125,127598,3103,-10814,126194,159,19232,414,0,4961,0.0009979999999991662
15654000,9114,-507,131125,25039,-3548,131062,112,19229,651,0,4962,0.0010000000000012221
15655001,3085,-4169,128329,-5593,-7877,130093,112,19228,459,0,4963,0.0010009999999986974
15656000,-1936,1949,132796,-20933,-2072,129031,110,19223,451,1,4964,0.0009990000000001942
15657000,-5253,8936,133334,4818,7020,130975,133,19231,545,1,4965,0.0010000000000012221
15658000,-7905,1258,130510,-3459,-1216,131105,107,19233,438,1,4966,0.0009999999999994458
15659000,-1334,-7905,131551,-17791,-9650,130770,111,19233,438,0,4967,0.0009999999999994458
15660000,-650,-1542,128272,1920,-6135,127719,98,19220,455,0,4968,0.0010000000000012221
15661000,-259,2758,128889,-2186,8071,124135,98,19230,401,0,4969,0.0009999999999994458
15662000,-3659,6562,132041,-8696,1085,128906,109,19227,446,0,4970,0.0009999999999994458
15663003,-7910,-5127,129532,-12831,-9314,138654,129,19224,528,1,4971,0.0010030000000007533
15664000,-8347,11302,130389,-11858,6569,121092,115,19231,471,1,4972,0.0009969999999999146
15665000,-6721,10303,130551,-12144,794,130737,102,19231,471,1,4973,0.0009999999999994458
15666000,170,1718,127305,792,-2682,124534,149,19229,418,0,4974,0.0009999999999994458
15667000,-3162,-659,125286,-5403,-3417,127373,149,19226,610,0,4975,0.0010000000000012221
15668000,-1351,-3300,127692,-9555,1364,127200,100,19232,410,0,4976,0.0009999999999994458
15669000,-5304,8871,127539,-3436,7668,120785,102,19225,418,1,4977,0.0009999999999994458
15670000,-8235,9342,128941,-11945,-939,131473,126,19228,516,1,4978,0.0010000000000012221
15671000,-7864,6682,128128,-5491,2803,122359,112,19228,516,1,4979,0.0009999999999994458
15672000,-4111,2687,126126,-311,-8975,127213,110,19235,459,1,4980,0.0009999999999994458
15673000,2512,5332,128195,-5767,-3141,123274,110,19221,451,0,4981,0.0010000000000012221
15674002,4643,5561,122914,5,1995,121903,84,19229,344,0,4982,0.0010019999999997253
15675002,1043,3977,127261,-6406,3348,131641,106,19229,434,0,4983,0.0009999999999994458
15676000,-614,6390,123916,-3720,6083,116984,123,19218,504,1,4984,0.0009980000000009426
15677001,-4021,6565,125423,-1980,2717,132068,113,19218,463,1,4985,0.0010009999999986974
15678000,2344,1610,126645,2578,1140,124408,96,19229,463,1,4986,0.0009990000000001942
15679002,5661,10631,123807,4364,4735,116064,132,19229,393,0,4987,0.0010019999999997253
15680001,10655,7615,123525,3564,4349,128188,132,19232,541,0,4988,0.0009990000000001942
15681002,8893,-3111,124089,16913,-9931,121470,108,19227,442,0,4989,0.0010010000000004737
15682002,4419,2217,129005,2318,-6855,127025,111,19225,455,0,4990,0.0009999999999994458
15683000,1305,3603,128102,-3723,3344,124486,142,19225,582,1,4991,0.0009980000000009426
15684000,2804,13130,130737,5119,8646,124145,109,19229,582,1,4992,0.0009999999999994458
15685000,8963,1054,126314,6916,-6212,127374,101,19230,446,1,4993,0.0009999999999994458
15686006,8916,7719,124908,465,4157,118403,101,19224,414,0,4994,0.0010060000000002844
15687000,8821,-3703,128455,11688,-7396,135015,121,19233,496,0,4995,0.0009940000000003835
15688000,9845,-5361,125950,12298,-6152,121234,105,19228,430,0,4996,0.0009999999999994458
15689001,4769,-2305,129636,-3428,-5622,137637,115,19220,471,1,4997,0.0010010000000004737
15690000,-787,8774,130111,-2767,6145,119008,110,19220,471,1,4998,0.0009990000000001942
15691002,3081,14184,131471,6891,5736,122913,101,19228,451,1,4999,0.0010019999999997253
15692000,1336,-1645,129177,-1536,-4286,136905,101,19227,414,1,5000,0.0009980000000009426
15693000,6527,-8291,128749,-7204,-11560,124249,129,19222,528,0,5001,0.0009999999999994458
15694000,10059,-9775,129541,20960,-13305,133326,102,19234,418,0,5002,0.0009999999999994458
15695000,592,4972,127824,1993,1544,124760,105,19227,430,0,5003,0.0009999999999994458
15696000,1642,1236,131041,-25595,-1385,135367,145,19227,430,1,5004,0.0010000000000012221
15697000,-4644,13874,133093,5208,11805,121990,112,19224,594,1,5005,0.0009999999999994458
15698000,-2439,3425,129064,-780,-139,123876,112,19229,459,1,5006,0.0009999999999994458
15699000,-6189,-8425,129653,-15475,-13136,137581,101,19226,414,0,5007,0.0010000000000012221
15700000,2267,-11720,129299,-6986,-15564,133322,129,19235,528,0,5008,0.0009999999999994458
15701000,-2821,6312,132215,7470,3447,131543,110,19229,451,0,5009,0.0009999999999994458
15702000,-5426,11918,132017,-17072,9033,120685,118,19229,451,1,5010,0.0010000000000012221
15703000,-7552,6084,131303,-15518,3466,128622,118,19222,483,1,5011,0.0009999999999994458
15704000,-6611,-979,128527,-6457,-4291,131262,118,19229,483,1,5012,0.0009999999999994458
15705000,-5897,13200,130757,-8633,10825,122633,106,19233,434,1,5013,0.0010000000000012221
15706000,-5811,2957,128023,-12327,850,125795,120,19218,491,0,5014,0.0009999999999994458
15707000,-2871,-3281,124811,-11212,-7893,131137,90,19234,369,0,5015,0.0009999999999994458
15708000,907,-1327,127979,6348,891,129219,103,19234,369,0,5016,0.0009999999999994458
15709000,-2414,4289,124626,-13451,14386,115104,138,19229,422,1,5017,0.0010000000000012221
15710000,-6716,14495,130765,-13210,9145,128061,138,19227,565,1,5018,0.0009999999999994458
15711000,-4178,5603,127490,-7371,1742,126341,117,19228,479,1,5019,0.0009999999999994458
15712000,499,4737,126391,-5274,-7461,128659,106,19224,434,0,5020,0.0010000000000012221
15713000,-2282,-1731,124981,-1604,-2863,126070,128,19229,524,0,5021,0.0009999999999994458
15714000,-226,1870,124056,-10343,1630,119031,115,19229,524,0,5022,0.0009999999999994458
15715000,2725,-533,125793,-219,1955,130083,117,19224,471,0,5023,0.0010000000000012221
15716000,-690,10306,127811,1743,7694,120080,117,19225,479,1,5024,0.0009999999999994458
15717002,-3723,16179,124138,-8730,8807,123802,145,19227,594,1,5025,0.0010019999999997253
15718002,1491,8871,125616,-252,8810,124533,110,19230,451,1,5026,0.0009999999999994458
15719000,9044,-2738,124445,6199,-12500,130093,108,19229,442,0,5027,0.0009980000000009426
15720000,10577,7366,125567,10681,309,120206,91,19229,373,0,5028,0.0009999999999994458
15721000,5844,-6489,124657,-1562,-11807,128885,109,19230,373,0,5029,0.0010000000000012221
15722000,6042,-9654,127478,10737,-9288,132808,135,19229,446,1,5030,0.0009999999999994458
15723000,43,15115,127272,3203,16520,116091,135,19223,553,1,5031,0.0009999999999994458
15724000,3508,13360,126848,-6177,8627,126200,117,19232,479,1,5032,0.0009999999999994458
15725000,7938,6954,127126,12949,-9,123321,96,19228,393,1,5033,0.0010000000000012221
15726000,12529,1848,125213,2958,-9547,127468,139,19228,569,0,5034,0.0009999999999994458
15727000,12995,2650,127089,11221,2354,129993,101,19231,569,0,5035,0.0009999999999994458
15728000,5661,-6414,129535,5474,-8805,129351,103,19230,414,0,5036,0.0010000000000012221
15729002,7987,-4233,128635,-8811,-3629,133299,103,19226,422,1,5037,0.0010019999999997253
15730000,-1395,14886,130942,8855,10994,122654,127,19228,520,1,5038,0.0009979999999991662
15731001,2800,4223,129576,-2648,378,129444,113,19229,463,1,5039,0.0010010000000004737
15732000,5301,7745,127821,-4213,35,123100,107,19219,438,0,5040,0.0009990000000001942
15733003,9199,-9696,127816,13211,-14684,131350,107,19219,438,0,5041,0.0010030000000007533
15734000,6942,-3615,129382,8356,-5571,129384,104,19232,438,0,5042,0.0009969999999999146
15735001,151,6166,133656,-17412,5760,124571,104,19231,426,0,5043,0.0010009999999986974
15736000,2861,4286,133640,-2227,-1241,135766,123,19217,504,1,5044,0.0009990000000001942
15737003,-8730,810,132381,4131,56,128964,114,19230,467,1,5045,0.0010030000000007533
15738002,-4814,9256,131298,-16214,4552,125864,98,19227,401,1,5046,0.0009990000000001942
15739000,3035,-5082,129394,-8756,-7853,135052,130,19227,401,0,5047,0.0009979999999991662
15740000,-639,-484,128723,13813,-4320,125553,103,19228,532,0,5048,0.0009999999999994458
15741000,567,-667,130088,-12365,-5035,133178,103,19227,422,0,5049,0.0010000000000012221
15742001,-7806,1208,130789,-16883,-1800,124331,111,19227,455,1,5050,0.0010010000000004737
15743000,-7756,1134,132950,-4628,-483,136941,151,19227,618,1,5051,0.0009989999999984178
15744000,-10409,12140,128998,-12519,8074,124673,113,19230,463,1,5052,0.0010000000000012221
15745000,-3675,2223,127398,-11125,-1466,126738,104,19230,463,1,5053,0.0009999999999994458
15746000,-2019,-1174,127625,-6544,-3814,131724,145,19224,426,0,5054,0.0009999999999994458
15747000,-1445,-1266,126353,-1976,-4111,121903,145,19231,594,0,5055,0.0010000000000012221
15748000,-520,3510,130028,-6456,-227,131213,105,19232,430,0,5056,0.0009999999999994458
15749000,-6630,-4010,126670,-12629,-7989,126644,117,19221,479,1,5057,0.0009999999999994458
15750000,-7330,14063,129185,-8577,9545,122892,113,19229,463,1,5058,0.0010000000000012221
15751000,-8593,8903,126242,-12023,5511,121384,105,19229,463,1,5059,0.0009999999999994458
15752000,-1801,6687,124460,-1708,3043,121136,126,19228,430,0,5060,0.0009999999999994458
15753000,366,-546,126138,-3041,-2204,132881,126,19230,516,0,5061,0.0010000000000012221
15754000,2765,-10425,122566,1274,-13851,124696,103,19228,422,0,5062,0.0009999999999994458
15755000,-887,5105,126642,-1506,9920,127197,110,19226,451,0,5063,0.0009999999999994458
15756006,-1413,4678,125768,-10095,10638,117984,151,19223,618,1,5064,0.0010060000000002844
15757000,-1259,15530,129587,3269,8111,127353,113,19223,618,1,5065,0.0009940000000003835
15758000,1120,-3689,122503,3706,-10804,131524,97,19228,463,1,5066,0.0009999999999994458
15759000,7436,4490,123157,-2959,6044,113427,97,19226,397,0,5067,0.0009999999999994458
15760001,11546,10240,127572,18354,-545,126963,105,19228,430,0,5068,0.0010010000000004737
15761000,6417,-3308,123125,348,-6537,124057,112,19227,459,0,5069,0.0009990000000001942
15762000,4897,-6374,128382,-1529,-2736,137971,119,19220,487,1,5070,0.0009999999999994458
15763000,-1344,-2652,127639,9244,2773,121714,116,19220,487,1,5071,0.0010000000000012221
15764000,2267,12879,126694,1723,5340,125132,103,19230,475,1,5072,0.0009999999999994458
15765002,5972,2620,125576,4542,-4821,127808,117,19227,422,1,5073,0.0010019999999997253
15766000,12514,-701,126683,8124,-10956,124933,117,19220,479,0,5074,0.0009980000000009426
15767002,10744,4081,128520,9696,-949,127966,94,19228,385,0,5075,0.0010019999999997253
15768000,7252,-5620,127559,4162,-7385,127670,103,19227,422,0,5076,0.0009979999999991662
15769000,3999,-5189,128483,-926,-5158,134272,133,19227,545,1,5077,0.0010000000000012221
15770000,-633,14771,127850,-4208,13337,122444,114,19224,545,1,5078,0.0009999999999994458
15771000,4019,8931,129310,3906,4530,130904,98,19229,467,1,5079,0.0009999999999994458
15772000,4308,-369,130078,6945,-7544,123488,98,19231,401,0,5080,0.0009999999999994458
15773000,8511,-15509,126540,-2295,-21677,137284,153,19235,627,0,5081,0.0010000000000012221
15774000,5152,-6946,129503,24737,-2108,128707,106,19232,434,0,5082,0.0009999999999994458
15775000,-941,-2628,128246,-10934,-3284,130961,111,19232,455,0,5083,0.0009999999999994458
15776000,1483,12931,132001,-25188,13791,122548,137,19220,455,1,5084,0.0010000000000012221
15777000,-5441,16112,134486,9896,7733,123756,104,19229,561,1,5085,0.0009999999999994458
15778000,-3171,-7187,129094,2558,-13603,133617,104,19234,426,1,5086,0.0009999999999994458
15779000,-3603,-13672,130118,-27296,-17691,136060,110,19218,451,0,5087,0.0010000000000012221
15780001,2079,-1009,129121,6028,-4846,129778,89,19228,365,0,5088,0.0010009999999986974
15781000,-2063,19997,132361,6482,17955,118548,110,19228,451,0,5089,0.0009990000000001942
15782000,-6165,9853,131255,-30110,2939,127635,134,19228,451,1,5090,0.0010000000000012221
15783000,-11936,-3702,131656,-14228,-5973,139206,117,19221,549,1,5091,0.0009999999999994458
15784000,-5950,6684,129388,2121,5342,121267,117,19231,479,1,5092,0.0009999999999994458
15785001,-6636,18137,131342,-10937,13384,119677,101,19231,414,1,5093,0.0010010000000004737
15786000,-990,-2387,125980,-11436,-7406,131509,148,19226,606,0,5094,0.0009990000000001942
15787000,-1670,-14963,124611,-1231,-16498,134472,106,19225,434,0,5095,0.0009999999999994458
15788001,-2720,9264,129422,-9068,8082,119614,108,19225,434,0,5096,0.0010010000000004737
15789000,-6239,19189,128799,-7395,15377,117545,135,19226,442,1,5097,0.0009990000000001942
15790000,-6569,10093,126385,-11780,5985,132430,135,19227,553,1,5098,0.0009999999999994458
15791000,-775,-1050,125205,-11425,-4007,127720,112,19230,459,1,5099,0.0009999999999994458
15792000,375,12162,126764,2914,9071,119384,108,19222,442,0,5100,0.0010000000000012221
15793001,2005,-3570,124540,-795,-6105,128515,87,19229,356,0,5101,0.0010009999999986974
15794000,-434,-8382,124486,-2292,-11974,128698,113,19229,356,0,5102,0.0009990000000001942
15795000,-392,1936,127019,-7720,-1038,130607,126,19228,463,0,5103,0.0010000000000012221
15796000,-3592,21087,127435,-5027,18133,113792,126,19219,516,1,5104,0.0009999999999994458
15797000,-2123,14899,127422,1454,13152,122896,111,19229,455,1,5105,0.0009999999999994458
15798000,5391,1292,122058,-50,-1514,123040,98,19230,401,1,5106,0.0010000000000012221
15799000,7813,12105,125219,1027,9939,122556,134,19234,549,0,5107,0.0009999999999994458
15800001,13022,-2352,124759,13776,-6208,126309,113,19234,549,0,5108,0.0010010000000004737
15801000,7027,-4039,127293,9509,-7116,124795,117,19226,463,0,5109,0.0009990000000001942
15802002,4016,-5471,127876,123,70,137220,117,19223,479,1,5110,0.0010019999999997253
15803000,860,8071,125299,-3484,14029,115217,138,19229,565,1,5111,0.0009979999999991662
15804000,6470,12618,128109,3640,10539,128457,111,19231,455,1,5112,0.0009999999999994458
15805000,7939,4701,125706,9767,-619,122415,101,19223,414,0,5113,0.0010000000000012221
15806000,11922,-6637,124641,7621,-16546,135330,122,19223,500,0,5114,0.0009999999999994458
15807003,8377,-10865,127756,19688,-18307,129562,108,19229,500,0,5115,0.0010030000000007533
15808000,4942,4866,129460,-10741,-2449,121640,108,19232,442,0,5116,0.0009969999999999146
15809000,2200,4980,133092,1738,7190,131619,114,19220,467,1,5117,0.0009999999999994458
15810000,-1052,22255,133250,1402,10843,123324,109,19231,446,1,5118,0.0009999999999994458
15811000,2386,-1371,125991,-6079,-10772,133501,103,19229,422,1,5119,0.0010000000000012221
15812000,8051,-6863,127511,10459,-10793,124927,127,19229,520,0,5120,0.0009999999999994458
15813000,11187,-9085,129397,9929,-15429,133889,110,19226,520,0,5121,0.0009999999999994458
15814000,7379,1410,129742,7130,2630,125304,111,19229,451,0,5122,0.0010000000000012221
15815000,1369,7149,132453,-27183,7717,125231,111,19229,455,1,5123,0.0009999999999994458
15816002,-5325,3614,132938,7236,-4434,133109,144,19226,590,1,5124,0.0010019999999997253
15817000,-10975,7456,130084,2537,1377,120727,114,19232,467,1,5125,0.0009980000000009426
15818000,-1521,-8101,128136,-32177,-12315,139215,100,19232,410,1,5126,0.0009999999999994458
15819000,267,-5825,131327,7681,-4341,124992,130,19226,410,0,5127,0.0009999999999994458
15820000,9437,9124,128970,3251,2924,125215,111,19230,532,0,5128,0.0009999999999994458
15821000,-6275,-1617,130919,-12909,-3431,132180,111,19228,455,0,5129,0.0010000000000012221
15822000,-7932,-1183,130438,-17306,-59,129323,117,19220,479,1,5130,0.0009999999999994458
15823002,-9629,2795,129457,-8838,1385,136541,118,19229,483,1,5131,0.0010019999999997253
15824000,-11333,15758,129694,-6637,13911,116106,105,19229,430,1,5132,0.0009980000000009426
15825002,-2251,-813,130400,-18166,-7528,133411,118,19228,430,1,5133,0.0010019999999997253
15826000,-1117,240,124959,355,-4083,126110,91,19216,483,0,5134,0.0009979999999991662
15827001,1420,-5007,126617,-6750,-10474,133405,91,19231,373,0,5135,0.0010010000000004737
15828000,-2399,11614,128794,-7118,12342,120637,105,19229,430,0,5136,0.0009990000000001942
15829000,-5968,22474,130310,-9281,17219,118194,136,19224,557,1,5137,0.0009999999999994458
15830000,-7210,248,126846,-11084,-3127,133022,117,19229,479,1,5138,0.0010000000000012221
15831000,-5059,8,126537,-6561,-4212,127919,102,19229,479,1,5139,0.0009999999999994458
15832000,3496,3651,123940,-1408,2725,123562,131,19228,418,0,5140,0.0009999999999994458
15833001,-632,9619,126650,-1190,8710,118668,131,19232,537,0,5141,0.0010010000000004737
15834001,6371,-1741,124307,-6844,-3915,130351,108,19227,442,0,5142,0.0009999999999994458
15835000,-1696,3014,124475,3709,-136,126032,113,19222,463,1,5143,0.0009990000000001942
15836000,-3822,7282,125048,-5214,4275,124728,140,19232,573,1,5144,0.0009999999999994458
15837000,-450,5869,127071,-10374,2988,123578,105,19232,573,1,5145,0.0010000000000012221
15838000,7414,10314,125245,8791,6237,119291,107,19233,430,0,5146,0.0009999999999994458
15839000,11641,-9316,121321,7243,-14306,134203,107,19223,438,0,5147,0.0009999999999994458
15840000,6314,-1274,126120,2107,-4470,122366,89,19227,365,0,5148,0.0010000000000012221
15841000,5667,343,125768,10575,-3975,126058,114,19226,467,0,5149,0.0009999999999994458
15842000,1932,10060,128091,1995,6205,124422,133,19225,545,1,5150,0.0009999999999994458
15843000,2624,11392,128944,-8566,8680,127395,114,19225,545,1,5151,0.0010000000000012221
15844003,8979,3064,125087,14533,-1022,121198,98,19228,467,1,5152,0.001002999999998977
15845000,9365,4598,126744,8459,1830,119886,98,19228,401,0,5153,0.0009969999999999146
15846000,10381,-1946,128137,-1963,-5697,133043,142,19230,582,0,5154,0.0010000000000012221
15847000,6793,-10561,128243,13781,-13071,133198,103,19225,422,0,5155,0.0009999999999994458
15848000,3195,-1842,130035,1739,-6966,128210,105,19227,430,0,5156,0.0009999999999994458
15849001,984,10427,131225,-6165,20079,118197,130,19227,430,1,5157,0.0010010000000004737
15850000,-693,6232,130502,4027,2903,126777,110,19227,532,1,5158,0.0009990000000001942
15851000,6709,-5338,128219,-173,-14784,137105,110,19231,451,1,5159,0.0009999999999994458
15852000,8170,-3655,126973,187,-8819,124380,107,19223,438,0,5160,0.0009999999999994458
15853000,7017,3238,130331,13241,3527,125450,133,19232,545,0,5161,0.0010000000000012221
15854000,4272,-2411,129249,-1794,-8905,133781,111,19229,455,0,5162,0.0009999999999994458
15855000,451,-4050,131265,-17028,-1288,131542,123,19229,504,1,5163,0.0009999999999994458
15856001,-3995,4809,132279,1585,2056,132599,115,19217,504,1,5164,0.0010010000000004737
15857000,-5305,7356,129546,-329,5379,118291,101,19225,471,1,5165,0.0009990000000001942
15858003,-150,-2418,129178,-20263,-6721,134128,101,19229,414,1,5166,0.0010030000000007533
15859007,-1584,-10551,128955,1956,-12009,133106,130,19231,532,0,5167,0.0010040000000000049
15860000,885,1027,128456,2302,-4227,125530,102,19229,418,0,5168,0.0009929999999993555
15861000,-8647,16257,133585,-24709,15784,125323,106,19229,434,0,5169,0.0009999999999994458
15862000,-6297,3328,130037,-9659,-796,127479,144,19225,434,1,5170,0.0010000000000012221
15863000,-3925,-3027,131791,-5256,-4659,138772,117,19228,590,1,5171,0.0009999999999994458
15864000,-7409,8422,128573,-11246,10675,120369,117,19228,479,1,5172,0.0009999999999994458
15865000,-2501,6302,129633,-9940,951,124844,105,19222,430,0,5173,0.0009999999999994458
15866001,-5228,-5387,125583,-5488,-10551,132104,140,19232,573,0,5174,0.0010010000000004737
15867000,-974,-4869,127225,-5092,-6199,129881,102,19232,418,0,5175,0.0009990000000001942
15868000,-5356,1913,127651,-9316,7843,124004,113,19228,418,1,5176,0.0009999999999994458
15869000,-6865,18167,129014,-10985,13196,118553,115,19220,463,1,5177,0.0010000000000012221
15870000,-6617,-960,124100,-4845,-6968,135330,115,19226,471,1,5178,0.0009999999999994458
15871000,-2499,12230,126596,-9766,8358,115361,107,19228,438,1,5179,0.0009999999999994458
15872000,1554,777,125136,7180,-6213,132329,122,19233,500,0,5180,0.0010000000000012221
15873001,245,5838,126059,-4474,4436,119105,96,19229,393,0,5181,0.0010009999999986974
15874000,4620,2405,125273,-7760,-1617,127895,106,19229,393,0,5182,0.0009990000000001942
15875000,-2336,2239,126493,4041,726,130009,149,19228,434,1,5183,0.0010000000000012221
15876001,4,16111,125907,-8321,12699,118981,149,19224,610,1,5184,0.0010009999999986974
15877000,-506,4792,124716,-2787,2392,129325,114,19231,467,1,5185,0.0009990000000001942
15878000,8614,9276,125177,6613,6579,118787,97,19221,397,0,5186,0.0010000000000012221
15879000,6652,-4696,122414,7272,-11984,126954,110,19229,451,0,5187,0.0009999999999994458
15880000,8395,-5060,125974,9143,-8144,121380,111,19229,451,0,5188,0.0009999999999994458
15881000,4192,-4662,126684,-1072,-7843,129013,119,19228,455,0,5189,0.0009999999999994458
15882002,2486,9137,129218,3744,7101,124894,119,19223,487,1,5190,0.0010020000000015017
15883000,2060,13212,128555,4452,9546,121182,115,19230,471,1,5191,0.0009979999999991662
15884000,4829,-6660,124503,1042,-10869,132686,105,19231,430,1,5192,0.0009999999999994458
15885002,11910,4117,128057,5488,866,119702,114,19223,467,0,5193,0.0010020000000015017
15886000,10478,4325,126098,11018,1115,126052,91,19223,467,0,5194,0.0009979999999991662
15887001,6294,-7587,127215,13848,-11318,133143,105,19230,373,0,5195,0.0010010000000004737
15888003,2926,-4072,128301,-7633,-8094,127798,105,19229,430,1,5196,0.0010019999999997253
15889002,1725,7069,130192,-3414,3610,131342,133,19225,545,1,5197,0.0009990000000001942
15890002,-1022,12870,131312,10848,10572,121478,116,19230,475,1,5198,0.0009999999999994458
15891000,3572,5570,129138,-7180,3253,132388,100,19228,410,1,5199,0.0009980000000009426
15892000,13248,-12412,125682,1608,-14430,133713,157,19228,410,0,5200,0.0009999999999994458
15893000,8833,-3990,129441,24782,-8069,128769,107,19233,643,0,5201,0.0009999999999994458
15894002,2903,-340,129784,-3578,-3780,126217,110,19230,438,0,5202,0.0010019999999997253
15895002,-1358,13154,133236,-17488,8180,124099,110,19227,451,1,5203,0.0010000000000012221
15896002,-3578,-4096,131714,-2938,-9290,149489,133,19223,545,1,5204,0.0009999999999994458
15897000,-9006,-2053,129083,4575,-695,118158,108,19232,442,1,5205,0.0009979999999991662
15898001,-678,3327,129650,-23380,-6167,126904,110,19232,451,0,5206,0.0010010000000004737
15899000,-2577,759,130865,-4258,-4609,130258,91,19218,451,0,5207,0.0009990000000001942
15900000,4105,-3662,128763,2692,-2393,128206,111,19230,373,0,5208,0.0009999999999994458
15901000,-7590,7465,132989,-22032,-927,128542,111,19230,455,0,5209,0.0010000000000012221
15902000,-8906,-1013,129059,-10178,-987,129760,133,19219,545,1,5210,0.0009999999999994458
15903000,-7822,9511,133108,-8747,4520,129240,118,19229,483,1,5211,0.0009999999999994458
15904000,-4817,5497,129407,-12890,-3899,130529,100,19229,410,1,5212,0.0010000000000012221
15905001,-2104,3444,127283,-5003,3403,125395,145,19227,410,0,5213,0.0010009999999986974
15906000,-3381,-3451,124560,-5126,-8172,130553,105,19224,594,0,5214,0.0009990000000001942
15907000,-748,3400,125601,-9094,4448,118423,105,19229,430,0,5215,0.0010000000000012221
15908001,-3525,11462,129100,-12759,6903,130844,108,19223,442,1,5216,0.0010009999999986974
15909000,-4909,6834,127894,-4528,6362,124451,136,19227,557,1,5217,0.0009990000000001942
15910000,-7094,7031,128848,-7069,1065,128560,119,19227,487,1,5218,0.0010000000000012221
15911000,-3791,1562,125265,-11456,-1846,126160,112,19228,487,1,5219,0.0009999999999994458
15912000,2423,7046,125560,1625,2471,122913,87,19222,459,0,5220,0.0009999999999994458
15913000,4681,-3820,124260,-1866,-8150,128893,87,19232,356,0,5221,0.0009999999999994458
15914000,337,4831,125603,-7022,4936,118270,111,19225,455,0,5222,0.0010000000000012221
15915000,-1379,6701,127888,-3786,653,129185,125,19215,512,1,5223,0.0009999999999994458
15916000,-4496,9186,126776,3945,10765,128218,112,19215,459,1,5224,0.0009999999999994458
15917000,2530,6807,122871,-3168,4044,122873,101,19230,459,1,5225,0.0010000000000012221
15918000,6964,6488,124354,-49,4958,119462,131,19230,414,0,5226,0.0009999999999994458
15919000,9933,5419,124008,11404,-1367,120452,131,19234,537,0,5227,0.0009999999999994458
15920000,13123,-12228,125949,13127,-17011,134490,109,19224,446,0,5228,0.0010000000000012221
15921000,974,-2050,126118,-1624,-2254,122949,114,19225,467,0,5229,0.0009999999999994458
15922000,4079,6479,130005,-732,4430,131487,145,19228,594,1,5230,0.0009999999999994458
15923000,1636,16113,127750,8146,12889,116655,113,19228,594,1,5231,0.0010000000000012221
15924000,5711,5208,126179,2658,-1277,128380,103,19232,463,1,5232,0.0009999999999994458
15925000,9913,2043,125755,-2269,-927,127001,103,19223,422,0,5233,0.0009999999999994458
15926002,11989,-758,127004,18146,-5681,123687,121,19231,496,0,5234,0.0010019999999997253
15927002,9142,-8449,129425,16005,-10150,133590,108,19229,442,0,5235,0.0010000000000012221
15928001,2618,-3510,129879,-11411,-8761,127777,114,19220,467,1,5236,0.0009990000000001942
15929000,1514,9467,131141,1499,7246,131824,106,19220,467,1,5237,0.0009989999999984178
15930002,-2598,14132,130932,9732,11137,123424,102,19228,434,1,5238,0.0010020000000015017
15931000,4503,-8229,128678,-13125,-12365,129452,102,19232,418,1,5239,0.0009979999999991662
15932000,10784,-5715,128955,4643,-9135,125120,123,19219,504,0,5240,0.0009999999999994458
15933000,10412,-9838,126724,21288,-13215,136369,97,19230,397,0,5241,0.0010000000000012221
15934000,1655,1553,129983,1850,-1360,130679,107,19226,438,0,5242,0.0009999999999994458
15935000,-1391,12423,133293,-25769,8802,122350,138,19226,438,1,5243,0.0009999999999994458
15936000,-4385,11785,132635,6448,8600,131391,112,19228,565,1,5244,0.0010000000000012221
15937000,-5981,1193,129635,-1122,-1435,127160,112,19228,459,1,5245,0.0009999999999994458
15938000,-17,-11450,128412,-17707,-14351,136193,98,19227,401,0,5246,0.0009999999999994458
15939000,3074,-4390,128620,-1382,-12092,123369,134,19233,549,0,5247,0.0010000000000012221
15940000,-573,4354,131402,4929,646,130849,112,19227,459,0,5248,0.0009999999999994458
15941000,-4855,531,131003,-17687,-4223,123657,118,19227,459,0,5249,0.0009999999999994458
15942000,-10530,7466,131047,-16914,4792,135021,123,19217,483,1,5250,0.0009999999999994458
15943000,-7374,-5009,127368,-5302,13660,119707,123,19229,504,1,5251,0.0010000000000012221
15944000,-5640,20317,132009,-9615,10769,121451,105,19232,430,1,5252,0.0009999999999994458
15945000,-2195,-11406,124986,-14140,-17159,138715,116,19216,475,0,5253,0.0009999999999994458
15946000,-3056,-5402,126825,-2310,-3319,124559,99,19228,405,0,5254,0.0010000000000012221
15947000,-1320,-562,128290,-6523,-1603,130878,107,19228,438,0,5255,0.0009999999999994458
15948000,-5294,13151,128039,-7857,18183,116546,130,19228,438,1,5256,0.0009999999999994458
15949000,-10619,10978,129511,-14438,-4,133421,117,19223,532,1,5257,0.0010000000000012221
15950000,-4127,-2075,126196,-4621,-492,125955,117,19228,479,1,5258,0.0009999999999994458
15951000,-2801,11239,127807,4150,10718,118639,101,19230,414,0,5259,0.0009999999999994458
15952001,-437,-5409,124445,-4999,-9759,128659,141,19233,577,0,5260,0.0010010000000004737
15953000,1457,-1037,124264,-3159,-5063,125294,113,19233,463,0,5261,0.0009990000000001942
15954002,-350,-888,124594,-3410,-2914,129360,115,19226,463,0,5262,0.0010019999999997253
15955000,-2566,26211,127829,1093,30736,109875,151,19224,471,1,5263,0.0009980000000009426
15956002,-3048,9049,125966,-7729,-1359,128479,151,19228,618,1,5264,0.0010019999999997253
15957000,4433,-4743,124335,1852,-3774,131770,104,19236,426,1,5265,0.0009979999999991662
15958000,11098,8781,124052,9933,4549,119003,104,19220,426,0,5266,0.0009999999999994458
15959000,7606,1213,125110,5800,-852,121349,88,19220,360,0,5267,0.0010000000000012221
15960000,7968,-893,125793,4010,-8185,131200,116,19230,360,0,5268,0.0009999999999994458
15961000,3725,-14702,123233,6090,-13285,135011,128,19226,475,1,5269,0.0009999999999994458
15962000,361,11927,129894,-3223,13668,116207,128,19223,524,1,5270,0.0010000000000012221
15963000,3029,19437,128209,-2580,11763,117603,111,19228,455,1,5271,0.0009999999999994458
15964000,9382,2767,124963,10980,-967,127533,97,19233,397,1,5272,0.0009999999999994458
15965000,12325,-3032,126486,5456,-7255,127586,137,19227,561,0,5273,0.0010000000000012221
15966001,8853,-11582,126552,11926,-18339,132802,104,19227,561,0,5274,0.0010009999999986974
15967000,4322,1015,128402,4076,100,123487,104,19234,426,0,5275,0.0009990000000001942
15968000,4956,2835,131943,-9372,-584,132697,104,19224,426,1,5276,0.0010000000000012221
15969000,-1257,8705,129863,8895,8558,128603,129,19232,528,1,5277,0.0009999999999994458
15970000,1140,15097,128418,-934,10015,122717,111,19233,455,1,5278,0.0009999999999994458
15971000,6890,-4583,126790,-4005,-10037,130909,106,19223,434,0,5279,0.0010000000000012221
15972000,12215,-5109,127358,17101,-8073,125830,128,19223,434,0,5280,0.0009999999999994458
15973000,6655,-1624,129625,6509,-7536,133409,107,19232,524,0,5281,0.0009999999999994458
15974001,1538,-3019,132389,-10464,-3431,127494,107,19230,438,0,5282,0.0010010000000004737
15975000,-1015,10490,133954,-8687,6332,129912,116,19218,475,1,5283,0.0009990000000001942
15976000,-8627,2027,130935,1518,-1097,132149,109,19230,446,1,5284,0.0009999999999994458
15977000,-5733,7866,131189,-10895,5173,120675,101,19231,414,1,5285,0.0009999999999994458
15978000,2641,-17138,128795,-11689,-21995,141263,126,19231,414,0,5286,0.0010000000000012221
15979008,217,7356,129956,7610,4602,117028,101,19225,516,0,5287,0.0010079999999987876
15980001,-2160,5026,129799,-4720,1697,126130,101,19228,414,0,5288,0.0009930000000011319
15981001,-7884,-4424,129570,-20601,-8333,133630,111,19226,455,1,5289,0.0009999999999994458
15982000,-8972,4938,132542,-8501,2478,126115,154,19229,631,1,5290,0.0009990000000001942
15983001,-9492,5218,128687,-10439,1501,135294,117,19230,479,1,5291,0.0010010000000004737
15984001,-4137,11298,128601,-10646,8051,116004,100,19230,479,1,5292,0.0009999999999994458
15985000,-2179,-1651,126865,-8140,-3994,135336,164,19225,410,0,5293,0.0009990000000001942
15986000,1368,-3100,124918,-869,-6905,122820,164,19230,672,0,5294,0.0009999999999994458
15987000,-2206,1243,127969,-4118,-3218,131884,103,19229,422,0,5295,0.0010000000000012221
15988000,-5390,13762,129090,-14020,8802,112670,116,19218,475,1,5296,0.0009999999999994458
15989000,-5312,16243,127871,-9401,12775,133131,113,19229,463,1,5297,0.0009999999999994458
15990000,-9930,-6132,125124,2130,573,132575,106,19229,434,1,5298,0.0009999999999994458
15991000,1261,11072,126998,-15883,5309,108486,119,19229,434,0,5299,0.0010000000000012221
15992000,-1918,1711,124946,-986,-3452,130678,108,19231,487,0,5300,0.0009999999999994458
15993000,1347,775,127401,4653,-4651,126810,108,19226,442,0,5301,0.0009999999999994458
15994000,1097,-6777,125489,-3080,-7126,130251,114,19227,467,0,5302,0.0010000000000012221
15995000,-3485,10439,127165,-2273,19399,122223,144,19224,590,1,5303,0.0009999999999994458
15996000,558,14183,126345,-4936,6620,119748,115,19224,471,1,5304,0.0009999999999994458
15997000,3131,9936,125392,5300,-5382,124547,95,19231,471,1,5305,0.0010000000000012221
15998000,10906,3325,122068,1290,-6869,127529,110,19228,389,0,5306,0.0009999999999994458
15999000,8817,1461,124889,4696,427,123291,110,19231,451,0,5307,0.0009999999999994458
16000001,8952,5811,126782,11854,-434,122569,113,19227,463,0,5308,0.00100100000000225
16001000,4318,-6386,124184,-2338,-11299,131375,117,19222,479,1,5309,0.0009989999999966415
16002000,243,8655,130201,-3908,12844,129012,126,19222,516,1,5310,0.0010000000000012221
16003000,6430,9798,126366,12049,6264,121358,105,19227,516,1,5311,0.0010000000000012221
16004000,8487,1569,124295,7045,-694,125012,112,19231,430,1,5312,0.0009999999999976694
16005000,10775,2360,128445,551,-5919,126049,112,19218,459,0,5313,0.0010000000000012221
16006000,10261,-14999,125356,14354,-22803,131259,96,19228,393,0,5314,0.0010000000000012221
16007000,6506,-5691,128371,4156,-3030,130331,107,19232,438,0,5315,0.0009999999999976694
16008000,2219,10473,131684,-8438,9379,121146,129,19225,528,1,5316,0.0010000000000012221
16009000,791,6726,129527,5330,-30,130381,116,19225,528,1,5317,0.0010000000000012221
16010000,768,-405,128521,2422,-5808,130957,103,19233,475,1,5318,0.0009999999999976694
16011002,6092,-1574,129110,-2763,-7838,128150,103,19227,422,0,5319,0.0010019999999997253
16012000,8922,-9843,127935,5326,-10691,128600,154,19230,631,0,5320,0.000998000000002719
16013000,5243,529,130757,15926,-4403,124217,103,19227,422,0,5321,0.0009999999999976694
16014000,-868,-7343,130039,-10340,-9920,140961,104,19224,426,0,5322,0.0010000000000012221
16015000,-897,15097,130914,-23826,15297,116926,139,19224,426,1,5323,0.0010000000000012221
16016000,-5282,12905,134091,10445,7488,134169,110,19229,569,1,5324,0.0009999999999976694
16017000,-1616,-3794,127582,1829,-8374,128678,110,19232,451,1,5325,0.0010000000000012221
16018000,418,-13025,127770,-26767,-18607,134492,109,19220,446,0,5326,0.0010000000000012221
16019001,2889,-2502,130671,4640,-5698,129099,101,19227,414,0,5327,0.0010009999999986974
16020000,310,15815,129992,10467,14234,117006,106,19229,434,0,5328,0.0009990000000001942
16021000,-8396,3034,132561,-28487,-741,136967,127,19229,434,1,5329,0.0010000000000012221
16022000,-10737,-5629,129273,-15025,-7903,131112,117,19225,520,1,5330,0.0009999999999976694
16023000,-7584,7436,129829,-305,5589,130827,117,19229,479,1,5331,0.0010000000000012221
16024000,-4741,16390,130620,-9979,13925,120299,105,19227,430,1,5332,0.0010000000000012221
16025000,-4102,-7693,127481,-13821,-11405,127938,141,19219,577,0,5333,0.0009999999999976694
16026000,-792,-7551,126524,-2729,-10681,135612,101,19230,414,0,5334,0.0010000000000012221
16027000,-2279,11362,126725,-7433,8311,117528,105,19230,414,0,5335,0.0010000000000012221
16028000,-5864,10815,129476,-5415,7490,130065,140,19225,430,1,5336,0.0009999999999976694
16029000,-6700,8476,126756,-7401,5129,121893,140,19227,573,1,5337,0.0010000000000012221
16030000,-1965,390,127586,-13875,-3693,139276,117,19230,479,1,5338,0.0009999999999976694
16031001,-340,12061,127217,2015,9513,116520,108,19224,442,0,5339,0.00100100000000225
16032000,1846,2065,123883,-1044,-1062,131879,107,19224,438,0,5340,0.0009990000000001942
16033000,-440,-1801,123093,-4367,-8618,123889,114,19224,438,0,5341,0.0009999999999976694
16034001,452,3046,124678,-5663,-1822,126933,124,19229,467,0,5342,0.00100100000000225
16035000,332,16031,127686,-984,12519,118100,122,19216,508,1,5343,0.0009990000000001942
16036002,-2845,11333,125524,1611,11048,126881,122,19230,500,1,5344,0.0010019999999997253
16037002,5108,-5116,124017,-8241,2841,126952,103,19233,422,1,5345,0.0009999999999976694
16038000,7867,8565,125090,5730,-1542,118620,125,19230,512,0,5346,0.000998000000002719
16039001,12130,-5344,123562,10048,-9175,131740,111,19230,455,0,5347,0.0010009999999986974
16040000,4834,-2599,127699,9381,-9456,126717,115,19229,455,0,5348,0.0009990000000001942
16041000,1521,6977,127225,1054,2944,125598,153,19226,471,1,5349,0.0010000000000012221
16042000,4171,11081,127326,2567,14678,124922,153,19227,627,1,5350,0.0009999999999976694
16043000,4268,6498,127369,6535,4024,123392,114,19229,467,1,5351,0.0010000000000012221
16044002,13808,4353,124359,7675,537,125689,100,19222,410,0,5352,0.0010019999999997253
16045000,9037,5578,126464,4959,-3359,125090,126,19222,516,0,5353,0.0009979999999991662
16046000,11887,-12466,126169,15040,-14534,133195,105,19235,516,0,5354,0.0010000000000012221
16047000,3708,-3504,129113,-2822,1744,126489,108,19227,430,0,5355,0.0010000000000012221
16048000,2512,6810,130226,-8287,1216,128445,108,19222,442,1,5356,0.0009999999999976694
16049000,3865,21039,130388,15071,21262,121719,105,19224,430,1,5357,0.0010000000000012221
16050000,-1306,4776,128985,-7953,-3926,125656,102,19230,418,1,5358,0.0010000000000012221
16051000,11849,-14106,128748,185,-22201,137216,123,19221,504,0,5359,0.0009999999999976694
16052000,5684,-6722,129700,24097,-2871,124767,96,19221,504,0,5360,0.0010000000000012221
16053000,6132,-2220,130856,3283,-5003,130254,103,19233,393,0,5361,0.0010000000000012221
16054000,-668,8560,132234,-24117,5305,124119,103,19229,422,1,5362,0.0009999999999976694
16055000,-4660,5861,132485,-632,-488,131730,134,19224,549,1,5363,0.0010000000000012221
16056000,-7551,-2324,130218,7807,-3699,132372,111,19231,455,1,5364,0.0010000000000012221
16057000,-4269,-3324,131273,-23845,-9994,122095,97,19231,397,1,5365,0.0009999999999976694
16058000,-990,-3948,130093,-2380,-7194,136061,142,19231,397,0,5366,0.0010000000000012221
16059000,5701,5560,129437,4229,3842,126816,107,19234,582,0,5367,0.0009999999999976694
16060000,-5618,1738,129205,-8713,-4961,129710,107,19231,438,0,5368,0.0010000000000012221
16061000,-5562,8056,128781,-18381,10217,126059,112,19222,459,1,5369,0.0010000000000012221
16062000,-8072,6470,130144,-9643,4766,130990,121,19228,496,1,5370,0.0009999999999976694
16063001,-7013,808,130922,-5251,-1464,130364,111,19230,455,1,5371,0.00100100000000225
16064000,-3687,13887,129822,-13174,7946,119502,116,19230,455,1,5372,0.0009990000000001942
16065000,-5282,-9955,125050,-8352,-13669,136100,109,19220,475,0,5373,0.0009999999999976694
16066002,-1247,-506,127737,-5600,-3175,122585,109,19238,446,0,5374,0.001002000000003278
16067000,-2474,2309,127460,-11863,-995,129851,103,19232,422,0,5375,0.0009979999999991662
16068000,-5811,13315,128847,192,11395,119083,127,19223,520,1,5376,0.0009999999999976694
16069000,-7699,1978,126277,-14534,-3550,120839,119,19223,487,1,5377,0.0010000000000012221
16070001,-3108,531,125240,-12022,-2461,134436,104,19223,487,1,5378,0.0010009999999986974
16071000,-31,7279,126449,6296,4334,117309,139,19228,426,0,5379,0.0009990000000001942
16072003,766,-9889,125005,-1544,-12385,128382,139,19231,569,0,5380,0.0010030000000007533
16073002,567,10805,125518,-8143,7798,120351,112,19228,459,0,5381,0.0009990000000001942
16074000,280,3580,124059,-1198,201,128255,111,19223,455,1,5382,0.0009979999999991662
16075000,-2228,15592,127726,3514,11904,122880,151,19227,618,1,5383,0.0010000000000012221
16076000,-1150,9065,124942,-8837,5633,121934,107,19227,618,1,5384,0.0010000000000012221
16077001,5900,3465,123781,613,-882,125776,105,19236,438,0,5385,0.0010009999999986974
16078000,10440,-2505,123897,13040,-6043,122030,105,19226,430,0,5386,0.0009990000000001942
16079000,9253,-3906,123936,3481,-6992,123951,87,19232,356,0,5387,0.0010000000000012221
16080001,6497,1760,125822,3126,-2551,127201,112,19226,459,0,5388,0.0010009999999986974
16081002,509,486,126819,9450,-2341,125556,130,19219,532,1,5389,0.0010009999999986974
16082000,5556,13550,129717,-10898,11372,123591,114,19219,467,1,5390,0.000998000000002719
16083000,6424,4545,126623,11349,2689,128639,97,19231,467,1,5391,0.0009999999999976694
16084000,12218,-1146,125066,14842,4296,120533,136,19232,397,0,5392,0.0010000000000012221
16085002,7656,4709,127129,-5055,-8024,126338,136,19226,557,0,5393,0.0010019999999997253
16086000,8995,-10442,126066,12835,-14917,140256,103,19229,422,0,5394,0.0009979999999991662
16087000,3683,-9240,128782,6073,-1581,128474,106,19220,434,0,5395,0.0010000000000012221
16088000,-141,13542,132964,-4067,11542,122607,132,19220,541,1,5396,0.0010000000000012221
16089000,2436,11206,128704,8261,8650,125955,109,19227,541,1,5397,0.0009999999999976694
16090000,4296,-883,127465,-813,-7706,131167,104,19229,446,1,5398,0.0010000000000012221
16091000,10131,-7138,127461,-1396,-12268,129577,104,19222,426,0,5399,0.0009999999999976694
16092000,9554,853,129446,15814,-1409,122488,125,19236,512,0,5400,0.0010000000000012221
16093000,3035,-2289,130061,-1434,-7579,134220,106,19227,434,0,5401,0.0010000000000012221
16094000,144,-561,132817,-19307,-1636,129630,120,19227,491,1,5402,0.0009999999999976694
16095000,-5561,2174,131589,4118,-1833,132715,109,19218,491,1,5403,0.0010000000000012221
16096000,-8585,11965,131384,-4605,17907,126308,97,19228,446,1,5404,0.0010000000000012221
16097000,2691,-281,127862,-19861,-7674,121304,97,19233,397,1,5405,0.0009999999999976694
16098000,-1277,-7001,128978,4976,-14113,136879,124,19224,508,0,5406,0.0010000000000012221
16099001,3413,-677,130306,-1319,-3151,125621,111,19229,455,0,5407,0.0010009999999986974
16100000,-7800,5471,132816,-14758,-86,126374,116,19224,475,0,5408,0.0009990000000001942
16101000,-6615,4470,132787,-15413,2075,133071,151,19224,475,1,5409,0.0010000000000012221
16102000,-7642,9309,130535,-8297,6078,127635,115,19224,618,1,5410,0.0010000000000012221
16103000,-7033,2467,128578,-10666,199,127675,115,19231,471,1,5411,0.0009999999999976694
16104000,-2103,5954,129891,-9415,-2096,123099,102,19221,418,0,5412,0.0010000000000012221
16105000,-5257,62,125416,-9843,-3167,132936,169,19231,692,0,5413,0.0010000000000012221
16106000,-107,121,128257,-4701,-1392,126038,111,19228,455,0,5414,0.0009999999999976694
16107000,-6109,1017,126821,-8652,-986,125195,115,19228,455,1,5415,0.0010000000000012221
16108000,-2656,12952,128971,-14318,13050,131647,112,19226,471,1,5416,0.0010000000000012221
16109000,-7268,-667,123375,-214,-2084,125367,112,19227,459,1,5417,0.0009999999999976694
16110000,-388,8469,126220,-11700,5886,124141,108,19229,442,1,5418,0.0010000000000012221
16111000,1828,8500,124474,-4733,4113,121853,121,19226,496,0,5419,0.0010000000000012221
16112000,2497,-3930,124418,7571,-8251,127792,101,19226,414,0,5420,0.0009999999999976694
16113001,4448,-6419,125466,-7431,-9876,130386,105,19226,414,0,5421,0.00100100000000225
16114000,-5685,11318,127057,-2807,10163,123010,138,19226,430,1,5422,0.0009990000000001942
16115000,-436,18434,128459,-5135,14750,122081,138,19224,565,1,5423,0.0009999999999976694
16116000,-1296,608,125966,-1240,-2400,127700,112,19231,459,1,5424,0.0010000000000012221
16117000,7250,8128,124343,2987,4756,123399,96,19227,393,0,5425,0.0010000000000012221
16118000,6896,-247,122955,2892,-4348,123091,111,19232,455,0,5426,0.0009999999999976694
16119000,8743,-5903,124925,15327,-8708,121227,110,19232,455,0,5427,0.0010000000000012221
16120000,7438,-7111,127085,1171,-11308,135877,114,19230,451,0,5428,0.0010000000000012221
16121000,1330,5268,127310,-3433,2473,122971,114,19223,467,1,5429,0.0009999999999976694
16122000,4919,18690,131232,6871,17045,122438,115,19225,471,1,5430,0.0010000000000012221
16123000,4503,1989,124217,7580,592,126647,107,19232,438,1,5431,0.0009999999999976694
16124000,10202,1032,127117,-2169,-1831,127496,113,19220,463,0,5432,0.0010000000000012221
16125000,10853,-2776,128341,7173,-5782,129168,89,19220,463,0,5433,0.0010000000000012221
16126000,9051,331,125932,21872,-2758,125451,105,19231,365,0,5434,0.0009999999999976694
16127000,2611,-2103,129121,-4639,-8557,132311,129,19225,430,1,5435,0.0010000000000012221
16128000,1411,4440,129689,-12153,-2032,126028,129,19225,528,1,5436,0.0010000000000012221
16129002,2325,8913,130742,13526,5694,125387,115,19227,471,1,5437,0.0010019999999997253
16130000,1183,5696,128769,407,5439,122815,101,19231,414,1,5438,0.0009979999999991662
16131000,11634,-12455,127717,-14307,-18243,140530,153,19231,627,0,5439,0.0010000000000012221
16132000,6337,-10437,128965,28592,-12729,122332,105,19228,627,0,5440,0.0009999999999976694
16133000,5198,-242,129181,-2334,2992,127898,105,19228,430,0,5441,0.0010000000000012221
16134000,-1018,13152,135924,-19767,10488,125649,105,19225,430,1,5442,0.0010000000000012221
16135000,-3944,-1397,130738,10150,-9442,134653,141,19227,577,1,5443,0.0009999999999976694
16136000,-9866,-3090,129365,-13318,-2829,132517,108,19230,442,1,5444,0.0010000000000012221
16137000,-4415,-1693,130181,-21804,-3984,124632,107,19230,438,0,5445,0.0010000000000012221
16138000,2033,2496,129775,12957,1886,129187,87,19218,438,0,5446,0.0009999999999976694
16139000,1179,5583,129296,246,-2773,127724,107,19229,356,0,5447,0.0010000000000012221
16140000,-6377,2139,129827,-23350,4790,128089,107,19226,438,0,5448,0.0010000000000012221
16141000,-6309,2360,131962,-10378,-2509,132058,133,19222,545,1,5449,0.0009999999999976694
16142000,-5140,11683,130651,-4769,9088,126116,119,19230,487,1,5450,0.0010000000000012221
16143000,-2971,17561,131058,-4380,13481,127582,102,19233,418,1,5451,0.0010000000000012221
16144000,-4429,-3120,125758,-14012,-6897,123158,140,19233,418,0,5452,0.0009999999999976694
16145000,-1595,-8200,127300,-4909,-11583,135482,102,19225,573,0,5453,0.0010000000000012221
16146000,-98,3188,126921,-919,4117,122658,102,19232,418,0,5454,0.0010000000000012221
16147000,-5832,13645,129828,-8560,10802,120643,108,19226,442,1,5455,0.0009999999999976694
16148000,-7556,8090,128184,-15099,2409,128145,141,19230,577,1,5456,0.0010000000000012221
16149000,-7604,3087,127554,-10292,3208,130807,115,19229,471,1,5457,0.0010000000000012221
16150000,1016,2403,125691,1905,2539,124476,106,19229,471,1,5458,0.0009999999999976694
16151000,-464,7297,126521,-1348,-327,119184,97,19223,434,0,5459,0.0010000000000012221
16152000,3014,-4136,122756,-7294,-7503,130314,97,19228,397,0,5460,0.0010000000000012221
16153000,-11,100,125897,-4284,1159,124418,111,19227,455,0,5461,0.0009999999999976694
16154005,-1098,7625,126090,2167,2587,126762,121,19224,496,1,5462,0.0010049999999992565
16155000,-4134,19569,124819,1878,18854,117552,111,19230,455,1,5463,0.000994999999999635
16156002,1912,4149,124823,-10505,378,126684,98,19230,455,1,5464,0.001002000000003278
16157001,11908,779,124238,11681,-2171,126766,125,19231,401,0,5465,0.0009989999999966415
16158000,7084,8411,123642,13337,4675,123367,125,19231,512,0,5466,0.0009990000000001942
16159000,7758,-5009,124465,1865,-8693,126125,105,19229,430,0,5467,0.0010000000000012221
16160000,4481,-2900,127332,317,-7074,129000,112,19226,459,0,5468,0.0010000000000012221
16161000,3808,1171,128069,4206,-657,131556,150,19229,614,1,5469,0.0009999999999976694
16162000,2041,17933,129367,3388,14436,116285,111,19229,614,1,5470,0.0010000000000012221
16163000,5954,5747,126165,4146,1616,124653,101,19229,455,1,5471,0.0010000000000012221
16164000,10766,-1460,125112,164,-4464,128910,101,19226,414,0,5472,0.0009999999999976694
16165000,9746,-6913,128165,14240,-10819,127792,127,19231,520,0,5473,0.0010000000000012221
16166000,6575,-10944,129148,11197,-13623,128814,105,19231,430,0,5474,0.0010000000000012221
16167000,1586,14746,130905,-10249,11927,125396,109,19222,446,1,5475,0.0009999999999976694
16168000,-148,12161,131059,833,7250,129821,106,19222,446,1,5476,0.0010000000000012221
16169000,870,5419,129890,10080,1421,130921,107,19227,434,1,5477,0.0010000000000012221
16170000,5063,1840,127848,-7930,-1219,122035,107,19226,438,1,5478,0.0009999999999976694
16171000,12757,-6828,127354,1704,-10053,130443,125,19224,512,0,5479,0.0010000000000012221
16172000,11432,-9913,128517,28232,-14712,132362,97,19232,397,0,5480,0.0010000000000012221
16173000,2669,-5976,128924,-4124,-9794,129319,104,19224,426,0,5481,0.0009999999999976694
16174000,-565,14657,133270,-27907,8451,119451,136,19224,557,1,5482,0.0010000000000012221
16175003,-6354,11491,131101,11750,11708,135200,113,19225,557,1,5483,0.0010030000000007533
16176000,-4127,-1,130775,-1231,-3505,130295,99,19229,463,1,5484,0.0009969999999981383
16177001,-1454,-10855,127547,-18701,-16938,135178,99,19227,405,0,5485,0.00100100000000225
16178000,3872,-5478,133624,401,12274,119816,144,19233,590,0,5486,0.0009990000000001942
16179001,209,17083,131727,3941,-3504,125167,108,19229,442,0,5487,0.0010009999999986974
16180000,-6668,-641,131857,-13696,-7479,136399,115,19229,471,1,5488,0.0009990000000001942
16181000,-10879,-4019,130431,-18352,-7473,135541,129,19224,471,1,5489,0.0010000000000012221
16182000,-11502,10891,131270,-2606,18145,118512,109,19231,528,1,5490,0.0009999999999976694
16183000,-3794,16987,131125,-14263,11729,122558,109,19232,446,1,5491,0.0010000000000012221
16184000,-2470,-9779,126572,-6563,-16292,135304,113,19220,463,0,5492,0.0009999999999976694
16185000,-2090,-11108,124175,-4148,-10885,131597,111,19230,455,0,5493,0.0010000000000012221
16186000,902,7213,126917,-5534,9410,119000,104,19229,426,0,5494,0.0010000000000012221
16187000,-4836,20877,128401,-3488,18500,120974,132,19229,426,1,5495,0.0009999999999976694
16188000,-5908,2498,128214,-14479,-5928,133089,118,19226,541,1,5496,0.0010000000000012221
16189000,-5377,-143,126601,-8218,-1459,127187,118,19228,483,1,5497,0.0010000000000012221
16190000,198,8116,126953,-980,9347,123048,102,19227,418,0,5498,0.0009999999999976694
16191000,54,2937,124702,1237,-421,120283,139,19232,569,0,5499,0.0010000000000012221
16192000,852,-4912,123144,-6559,-7945,132576,120,19228,491,0,5500,0.0010000000000012221
16193000,26,2766,125733,-6429,5477,125868,117,19228,491,0,5501,0.0009999999999976694
16194000,-1921,14251,127011,2709,12445,116940,153,19225,479,1,5502,0.0010000000000012221
16195002,-1945,7523,127187,-4068,290,124650,153,19227,627,1,5503,0.0010019999999997253
16196001,2775,1804,124961,-196,-4839,128727,107,19231,438,1,5504,0.0009990000000001942
16197000,7605,-1422,123890,5831,-3709,124678,104,19226,426,0,5505,0.0009990000000001942
16198000,9036,5745,125569,5573,1509,117100,87,19230,356,0,5506,0.0010000000000012221
16199000,5642,-2579,124558,4379,-7906,131733,112,19230,356,0,5507,0.0009999999999976694
16200000,3876,-3725,126592,3171,-5392,127633,125,19228,459,1,5508,0.0010000000000012221
16201003,1885,10803,128573,805,10001,121859,125,19225,512,1,5509,0.0010030000000007533
16202000,1888,12398,126972,-1657,10038,126571,111,19231,455,1,5510,0.0009969999999981383
16203000,11902,813,123093,10969,-2010,121354,96,19231,393,1,5511,0.0010000000000012221
16204000,11983,-7831,125814,6284,-12678,127457,136,19233,557,0,5512,0.0010000000000012221
16205000,10980,-4338,126752,9647,-8947,132330,101,19233,557,0,5513,0.0009999999999976694
16206000,3541,-6478,126983,5904,-9957,129459,104,19228,414,0,5514,0.0010000000000012221
16207000,2002,10268,133907,-5654,6282,129127,104,19228,426,1,5515,0.0010000000000012221
16208000,209,6597,129184,2401,2826,124468,131,19223,537,1,5516,0.0009999999999976694
16209000,3787,5345,131192,4554,2169,128114,108,19228,442,1,5517,0.0010000000000012221
16210006,4448,606,128213,-3287,-4049,129489,104,19222,426,0,5518,0.0010060000000002844
16211002,8195,-9352,124819,3582,-13187,128211,124,19222,426,0,5519,0.000996000000000663
16212000,4878,1921,131787,14187,-1419,127135,107,19232,508,0,5520,0.0009979999999991662
16213000,729,-10955,130429,-9927,-14913,129870,107,19228,438,0,5521,0.0010000000000012221
16214000,1655,12206,136758,-14289,10229,130329,117,19220,479,1,5522,0.0009999999999976694
16215000,-9424,5790,131766,4399,4319,124586,109,19230,446,1,5523,0.0010000000000012221
16216000,-4545,-995,129339,-8808,-4748,130176,99,19229,405,1,5524,0.0009999999999976694
16217000,345,-9047,128658,-15382,-12012,133159,127,19229,520,0,5525,0.0010000000000012221
16218000,637,-4852,126995,6312,-10457,131133,105,19228,520,0,5526,0.0010000000000012221
16219000,-2417,16592,133027,-3880,13470,120991,112,19228,430,0,5527,0.0009999999999976694
16220000,-5048,681,128897,-17818,-8,134569,112,19225,459,1,5528,0.0010000000000012221
16221000,-7541,334,129792,-8988,-5466,129968,146,19225,598,1,5529,0.0010000000000012221
16222000,-10519,5593,128825,-9855,729,123376,115,19228,471,1,5530,0.0009999999999976694
16223000,-1188,13125,129532,-12106,9941,121057,104,19228,426,1,5531,0.0010000000000012221
16224000,-4254,-874,127280,-5876,-2913,131890,149,19225,426,0,5532,0.0010000000000012221
16225000,-282,-11058,125477,-5443,-10599,139169,107,19234,610,0,5533,0.0009999999999976694
16226000,-1593,-162,127103,-6600,1789,114237,107,19232,438,0,5534,0.0010000000000012221
16227000,-5686,19201,129770,-9543,13317,122721,115,19224,471,1,5535,0.0010000000000012221
16228000,-7515,6671,126787,-5001,-1748,130680,113,19224,463,1,5536,0.0009999999999976694
16229000,-8874,7415,126636,-18088,6807,118526,109,19224,446,1,5537,0.0010000000000012221
16230000,426,8303,127378,5340,-2930,132246,123,19226,446,0,5538,0.0010000000000012221
16231000,-1456,3411,122898,5559,446,114957,100,19228,504,0,5539,0.0009999999999976694
16232001,4739,487,125736,-8830,-6192,133037,100,19228,410,0,5540,0.00100100000000225
16233000,498,2535,125982,-123,9997,122548,114,19224,467,0,5541,0.0009990000000001942
16234000,1625,14259,126037,-1285,12313,121643,144,19222,590,1,5542,0.0009999999999976694
16235000,-1240,5059,126453,-4323,979,127404,115,19230,471,1,5543,0.0010000000000012221
16236003,3873,7756,123624,786,4963,118574,99,19230,471,1,5544,0.0010030000000007533
16237000,9749,3031,123981,9633,-2300,134979,110,19228,405,0,5545,0.0009969999999981383
16238000,9846,-1340,122996,9186,-3468,116177,110,19231,451,0,5546,0.0010000000000012221
16239000,6481,-1813,125954,157,-10259,129479,117,19228,479,0,5547,0.0010000000000012221
16240000,2791,5432,128746,4586,2279,127578,122,19220,500,1,5548,0.0009999999999976694
16241000,1773,10187,128695,4197,8592,123618,125,19228,512,1,5549,0.0010000000000012221
16242000,4027,7672,130245,3439,510,132593,103,19228,512,1,5550,0.0010000000000012221
16243000,7564,7390,124720,7166,4973,116997,110,19231,422,1,5551,0.0009999999999976694
16244000,13424,716,127864,6431,-5505,131180,110,19224,451,0,5552,0.0010000000000012221
16245000,9592,-6116,126495,11856,-12732,127733,89,19230,365,0,5553,0.0010000000000012221
16246000,7540,-4572,128439,1777,-5644,129398,106,19230,434,0,5554,0.0009999999999976694
16247000,2000,7456,131327,-1092,3913,129243,129,19222,528,1,5555,0.0010000000000012221
16248000,-6,15597,129857,-226,8961,122295,113,19222,528,1,5556,0.0009999999999976694
16249000,6047,11323,129852,6751,6091,129013,97,19232,463,1,5557,0.0010000000000012221
16250000,6550,-7422,126911,-2564,-10441,128389,97,19225,397,0,5558,0.0010000000000012221
16251000,11857,-10153,130399,8167,-12182,128940,151,19237,618,0,5559,0.0009999999999976694
16252000,4989,134,129132,18495,-4311,133178,108,19228,442,0,5560,0.0010000000000012221
16253000,-800,186,130867,-20261,-1515,125475,111,19225,455,0,5561,0.0010000000000012221
16254000,-1723,14206,134980,-17004,11723,129314,144,19225,455,1,5562,0.0009999999999976694
16255000,-6935,2189,130994,11892,-571,130122,105,19228,590,1,5563,0.0010000000000012221
16256000,-2124,-3563,130224,-8557,-7468,127927,105,19230,430,1,5564,0.0010000000000012221
16257000,-3047,-6785,128459,-20195,-11543,137727,105,19222,430,0,5565,0.0009999999999976694
16258000,6993,3383,128665,11584,-834,124004,100,19231,410,0,5566,0.0010000000000012221
16259000,-4185,6485,132734,207,3550,129460,113,19227,463,0,5567,0.0010000000000012221
16260000,-7719,-2734,132057,-26170,-6247,129393,131,19227,463,1,5568,0.0009999999999976694
16261000,-7559,11652,131248,-5129,10142,127588,114,19221,537,1,5569,0.0010000000000012221
16262000,-10216,5210,128425,-7934,1682,128864,114,19229,467,1,5570,0.0010000000000012221
16263000,-694,6978,129923,-8506,3292,125207,101,19228,414,1,5571,0.0009999999999976694
16264000,-4468,-3483,124911,-6095,-6233,130061,137,19224,561,0,5572,0.0010000000000012221
16265000,-2313,-2913,126212,-8566,-4775,123693,103,19230,422,0,5573,0.0010000000000012221
16266002,-3109,5169,129350,-7663,1880,126660,110,19230,451,0,5574,0.0010019999999997253
16267000,-5945,3189,126545,-7136,-764,122913,144,19223,451,1,5575,0.0009979999999991662
16268002,-6958,10482,127692,-9194,7672,128170,115,19228,590,1,5576,0.0010019999999997253
16269000,-3849,2990,126123,-11091,-35,125667,115,19229,471,1,5577,0.0009979999999991662
16270000,1084,7059,126141,5304,5593,125134,107,19220,438,0,5578,0.0010000000000012221
16271000,-1128,-8614,123269,-5615,-9941,129857,106,19229,434,0,5579,0.0010000000000012221
16272000,588,-3608,127137,-8466,8691,119387,110,19229,451,0,5580,0.0009999999999976694
16273000,302,18845,128186,1406,5023,126829,117,19228,451,0,5581,0.0010000000000012221
16274000,-5108,3152,123342,460,-1383,127094,115,19222,479,1,5582,0.0010000000000012221
16275000,-2409,12305,125301,-6639,15638,124549,115,19231,471,1,5583,0.0009999999999976694
16276001,7325,10526,122644,4999,6588,119460,99,19234,405,1,5584,0.00100100000000225
16277000,13552,7181,124775,11249,1559,122556,125,19232,512,0,5585,0.0009990000000001942
16278000,11617,-14714,123203,4312,-20967,133581,106,19225,434,0,5586,0.0009999999999976694
16279000,6154,-9300,125023,3736,-4168,124646,116,19225,434,0,5587,0.0010000000000012221
16280000,3003,7535,128628,3244,6266,129498,149,19227,475,1,5588,0.0009999999999976694
16281001,1196,11386,127944,1427,11767,120753,149,19231,610,1,5589,0.00100100000000225
16282000,6449,12782,128178,2947,2641,127385,115,19231,471,1,5590,0.0009990000000001942
16283000,7642,-3684,124275,5453,-6933,125446,101,19227,414,0,5591,0.0009999999999976694
16284001,12420,3345,128023,10267,6239,124136,120,19229,491,0,5592,0.00100100000000225
16285002,9936,-11588,125794,15389,-17862,133659,104,19229,491,0,5593,0.0010009999999986974
16286000,4141,-5895,129054,-4552,-6407,130407,110,19230,426,0,5594,0.0009979999999991662
16287002,1286,11398,131843,-4471,10643,127723,110,19222,451,1,5595,0.0010019999999997253
16288002,-627,15862,130383,5888,10398,122716,111,19229,455,1,5596,0.0010000000000012221
16289000,3108,3031,129257,-1632,-434,128852,105,19226,430,1,5597,0.0009979999999991662
16290000,10191,-13852,127619,567,-22586,136016,120,19219,491,0,5598,0.0010000000000012221
16291000,9415,-7387,128113,21725,-8147,123966,106,19219,491,0,5599,0.0010000000000012221
16292000,4977,5284,131568,923,132,128378,108,19226,434,0,5600,0.0009999999999976694
16293000,1458,7672,132369,-23734,10138,127918,108,19229,442,1,5601,0.0010000000000012221
16294000,-6892,6648,132558,7976,2136,132244,136,19229,557,1,5602,0.0010000000000012221
16295000,-6985,-6161,128432,-2608,-8405,131617,114,19232,467,1,5603,0.0009999999999976694
16296000,-3110,-950,129159,-26257,-1233,125577,99,19230,405,1,5604,0.0010000000000012221
16297001,4516,-5522,129834,6918,-8875,131074,142,19230,405,0,5605,0.0010009999999986974
16298000,4544,-2299,128410,6626,-7677,129113,118,19225,582,0,5606,0.0009990000000001942
16299000,-4716,-762,129754,-18660,-1134,129628,118,19228,483,0,5607,0.0010000000000012221
16300000,-9022,3229,131887,-16425,-766,128346,117,19226,479,1,5608,0.0010000000000012221
16301001,-9815,9675,130096,-6141,8810,131053,128,19229,524,1,5609,0.0010009999999986974
16302000,-8932,9609,130788,-9121,5574,126841,108,19232,442,1,5610,0.0009990000000001942
16303000,-4108,1262,127775,-12656,-1684,125245,116,19232,442,0,5611,0.0010000000000012221
16304000,-1707,-1045,126985,-6868,-4364,127377,116,19219,475,0,5612,0.0009999999999976694
16305000,-2969,-1266,126249,-4188,-4497,128419,116,19228,475,0,5613,0.0010000000000012221
16306001,-3139,12071,129133,-11779,8639,119620,105,19231,430,0,5614,0.0010009999999986974
16307000,-6789,5238,128212,-8030,2013,130161,128,19224,524,1,5615,0.0009990000000001942
16308000,-8930,9962,128773,-11473,8154,128699,116,19227,475,1,5616,0.0010000000000012221
16309000,-2232,1187,125086,-9662,-1904,119769,102,19227,418,1,5617,0.0009999999999976694
16310001,2192,-752,127427,1766,-2996,125590,145,19226,418,0,5618,0.00100100000000225
16311000,4987,-3783,122392,1455,-5754,126424,103,19234,594,0,5619,0.0009990000000001942
16312000,-875,4572,124444,-2245,2420,125330,103,19228,422,0,5620,0.0009999999999976694
16313002,-1108,11580,127961,-8615,9189,124659,106,19223,434,1,5621,0.001002000000003278
16314002,-4008,13231,127005,-1954,9625,124280,144,19228,590,1,5622,0.0009999999999976694
16315000,-520,6266,126181,-592,1803,128925,106,19228,434,1,5623,0.0009979999999991662
16316000,7045,-4768,122565,-4489,-8930,122472,108,19234,434,0,5624,0.0010000000000012221
16317000,8483,7653,125297,6868,4395,120178,92,19223,442,0,5625,0.0010000000000012221
16318000,9747,-4921,123274,10215,-7906,127874,92,19227,377,0,5626,0.0009999999999976694
16319001,3212,-2213,125340,7561,-4806,130768,112,19227,459,0,5627,0.00100100000000225
16320001,3480,3370,129348,-10400,4549,120074,123,19225,504,1,5628,0.0009999999999976694
16321000,5802,12796,128375,3375,7005,118621,113,19225,463,1,5629,0.0009990000000001942
16322000,5733,6182,128555,12915,-2568,133004,98,19229,463,1,5630,0.0010000000000012221
16323002,11230,-5160,123361,-488,-7663,121305,139,19229,401,0,5631,0.0010019999999997253
16324002,8629,-6441,126884,15644,-8245,136978,139,19230,569,0,5632,0.0010000000000012221
16325000,8353,-5825,127520,10245,-4331,123796,100,19237,410,0,5633,0.0009979999999991662
16326000,2144,3599,130079,-4745,-4041,129243,100,19227,410,1,5634,0.0010000000000012221
16327000,1761,6773,129792,-2323,9919,127798,127,19228,520,1,5635,0.0009999999999976694
16328000,1812,9642,129244,7537,7924,123617,111,19228,520,1,5636,0.0010000000000012221
16329000,4736,564,127988,2790,-5824,129970,106,19229,455,1,5637,0.0010000000000012221
16330000,9342,-7075,127386,-3753,-14952,123653,106,19224,434,0,5638,0.0009999999999976694
16331002,7318,-4873,131308,20412,-6830,140888,125,19234,512,0,5639,0.0010019999999997253
16332000,2976,-6415,127519,-2168,-12100,125819,103,19230,422,0,5640,0.000998000000002719
16333000,-1642,7702,133062,-20952,5987,123873,114,19219,467,1,5641,0.0009999999999976694
16334000,-5397,8091,132666,5336,1848,132349,111,19219,467,1,5642,0.0010000000000012221
16335000,-4641,6361,129037,-609,4075,121783,102,19228,455,1,5643,0.0010000000000012221
16336003,-191,-4293,129921,-19498,-10901,139051,102,19232,418,0,5644,0.0010029999999972006
16337000,-27,-8035,127272,2141,-9294,127078,126,19227,516,0,5645,0.000997000000001691
16338000,549,3615,129960,1110,735,126234,102,19230,418,0,5646,0.0010000000000012221
16339000,-5790,16720,133653,-17820,11443,122813,110,19227,451,0,5647,0.0009999999999976694
16340004,-6551,-139,129505,-13733,-2530,133308,154,19227,631,1,5648,0.0010040000000017812
16341000,-7882,6906,131414,-6738,7584,128874,117,19228,631,1,5649,0.0009959999999971103
16342000,-5207,13400,129339,-13037,9439,120139,117,19227,479,1,5650,0.0010000000000012221
16343000,-568,2566,131957,-2373,-2574,140831,104,19226,426,0,5651,0.0010000000000012221
16344000,-6243,-7343,123500,-10286,-9697,125002,161,19234,659,0,5652,0.0009999999999976694
16345003,678,4132,130032,-7994,2934,127872,105,19230,430,0,5653,0.0010030000000007533
16346000,-4692,11521,126469,-3780,8253,122703,118,19230,430,1,5654,0.000997000000001691
16347000,-6214,6711,126782,-7237,2746,127600,120,19222,483,1,5655,0.0009999999999976694
16348000,-6733,8975,127160,-17177,8005,128841,107,19228,491,1,5656,0.0010000000000012221
16349002,449,11576,126264,-5603,8041,116538,107,19229,438,1,5657,0.0010019999999997253
16350002,5211,-733,127134,9046,-4433,131590,121,19228,496,0,5658,0.0010000000000012221
16351002,2201,-7060,122899,-3722,-10370,127586,99,19229,405,0,5659,0.0009999999999976694
16352000,799,1276,124854,-6386,-2158,128113,111,19229,455,0,5660,0.000998000000002719
16353001,-1687,17168,128147,-1920,14866,118715,144,19224,455,1,5661,0.0010009999999986974
16354001,-2005,5891,126177,-5913,2584,124715,113,19218,590,1,5662,0.0010000000000012221
16355000,2401,9054,127820,5401,7827,126915,113,19230,463,1,5663,0.0009990000000001942
16356002,2644,9564,122083,-4101,5942,115858,92,19227,377,0,5664,0.0010019999999997253
16357000,9267,8419,126629,7079,3269,130088,108,19232,442,0,5665,0.0009979999999991662
16358002,7914,-7522,123355,13765,-11798,125706,116,19232,475,0,5666,0.0010019999999997253
16359000,6420,-1254,127002,-2114,-5456,128909,120,19227,475,0,5667,0.0009979999999991662
16360000,2362,2790,127445,582,-2935,126985,126,19222,491,1,5668,0.0010000000000012221
16361003,6489,12926,128581,7397,9520,125958,126,19227,516,1,5669,0.0010030000000007533
16362009,7939,940,126079,5930,-2094,125210,105,19230,430,1,5670,0.0010060000000002844
16363000,9837,-1042,126307,1028,-2685,124611,111,19220,455,0,5671,0.000990999999999076
16364000,10624,-2500,126486,8419,-2694,130785,90,19220,369,0,5672,0.0010000000000012221
16365000,3317,-5599,126340,15812,-13586,125993,107,19229,369,0,5673,0.0009999999999976694
16366000,1132,-5257,132779,-11053,-1358,134722,128,19227,438,1,5674,0.0010000000000012221
16367000,1523,16208,132129,6119,4496,122433,128,19224,524,1,5675,0.0010000000000012221
16368000,445,13823,131108,5454,3124,125321,114,19228,467,1,5676,0.0009999999999976694
16369000,3307,-1352,129631,-4610,-7287,132664,100,19230,410,1,5677,0.0010000000000012221
16370000,7893,-13324,125556,9534,-18467,128584,153,19229,627,0,5678,0.0010000000000012221
16371000,10760,-4361,130270,9452,-668,131463,107,19229,627,0,5679,0.0009999999999976694
16372000,-1507,-1661,129447,-10630,-889,123546,107,19228,438,0,5680,0.0010000000000012221
16373000,6101,7402,132121,-8846,933,130647,107,19222,438,1,5681,0.0009999999999976694
16374000,-7095,500,131355,3358,94,135694,138,19228,565,1,5682,0.0010000000000012221
16375000,-6747,-1837,127864,-11003,-3551,124703,106,19234,434,1,5683,0.0010000000000012221
16376001,1036,3563,130543,-18151,260,130864,106,19221,434,0,5684,0.0010009999999986974
16377000,86,-3968,127860,5615,-8790,129145,96,19221,434,0,5685,0.0009990000000001942
16378002,2488,3413,131000,3248,9208,126518,113,19230,393,0,5686,0.0010019999999997253
16379000,-8084,2470,131569,-27841,-5396,128475,113,19226,463,0,5687,0.0009979999999991662
16380000,-6111,-3032,130251,-7181,-2822,136337,129,19225,528,1,5688,0.0010000000000012221
16381000,-8482,9677,131609,-4785,5978,127310,117,19228,479,1,5689,0.0010000000000012221
16382000,-6876,11641,128917,-14640,9463,120291,102,19230,418,1,5690,0.0009999999999976694
16383000,-3341,3332,128311,-12282,1636,129757,137,19230,418,0,5691,0.0010000000000012221
16384000,-1852,-13591,124312,-2164,-16828,132573,102,19222,561,0,5692,0.0010000000000012221
16385000,-994,3763,128260,2104,2100,124248,102,19230,418,0,5693,0.0009999999999976694
16386000,-5121,12189,128906,-18278,9934,122615,108,19225,442,1,5694,0.0010000000000012221
16387000,-6848,7590,128670,-5420,5683,126126,144,19230,590,1,5695,0.0010000000000012221
16388000,-5700,-1170,127003,-5656,-3090,133080,116,19229,475,1,5696,0.0009999999999976694
16389000,-891,6845,124323,-7414,6479,122176,106,19229,475,1,5697,0.0010000000000012221
16390001,283,10496,124105,2933,10595,119758,100,19223,434,0,5698,0.0010009999999986974
16391000,3955,-6037,123805,-5302,-11031,126354,100,19230,410,0,5699,0.0009990000000001942
16392000,3528,-3316,125172,-8128,-5070,133212,111,19223,455,0,5700,0.0010000000000012221
16393000,-468,3744,126108,6667,1930,125154,122,19218,500,1,5701,0.0010000000000012221
16394000,-6917,15112,126135,-2590,12829,118923,121,19232,496,1,5702,0.0009999999999976694
16395000,3780,16765,126446,-14373,12865,124086,99,19232,496,1,5703,0.0010000000000012221
16396000,7646,3987,124856,15074,-158,123700,121,19230,405,0,5704,0.0010000000000012221
16397000,8797,-4253,124514,12213,-8923,126038,121,19228,496,0,5705,0.0009999999999976694
16398000,6169,-2489,127179,-2126,-5365,124813,105,19228,430,0,5706,0.0010000000000012221
16399000,4802,1945,128296,5258,-1164,126525,115,19226,471,0,5707,0.0010000000000012221
16400000,1966,2849,128447,6695,-1720,129734,149,19229,610,1,5708,0.0009999999999976694
16401000,1526,13122,127741,-3344,10544,124287,113,19229,463,1,5709,0.0010000000000012221
16402001,7381,9184,122841,-3030,5269,122761,97,19228,463,1,5710,0.0010009999999986974
16403000,12103,824,126179,14040,-2633,122570,129,19227,397,0,5711,0.0009990000000001942
16404000,14531,-13516,125847,9882,-16796,134748,129,19234,528,0,5712,0.0010000000000012221
16405000,6284,-5600,127653,7400,-10132,127414,107,19229,438,0,5713,0.0009999999999976694
16406000,3933,2775,129623,-3893,-3087,128674,113,19221,463,1,5714,0.0010000000000012221
16407000,-343,12539,131859,2360,10061,127696,109,19221,446,1,5715,0.0010000000000012221
16408000,-1587,8322,129676,900,5557,128424,105,19234,446,1,5716,0.0009999999999976694
16409000,5306,-1703,129170,-7808,-5643,129584,118,19232,430,1,5717,0.0010000000000012221
16410000,8610,-8686,128691,8414,-12609,131309,118,19219,483,0,5718,0.0010000000000012221
16411000,11292,-9657,129773,18110,-13872,129034,96,19234,393,0,5719,0.0009999999999976694
16412001,-631,386,130170,-2136,-1916,128843,106,19227,434,0,5720,0.00100100000000225
16413003,-1602,7620,130751,-21104,7079,125388,136,19227,557,1,5721,0.0010019999999997253
16414000,-7814,20858,135059,-5939,7016,126086,113,19223,557,1,5722,0.0009969999999981383
16415000,-3034,-3271,129538,3870,-10912,132326,97,19231,463,1,5723,0.0010000000000012221
16416000,-899,-14100,128604,-8919,-19687,136537,97,19226,397,0,5724,0.0010000000000012221
16417000,2039,-1008,130148,1759,959,120545,150,19232,614,0,5725,0.0009999999999976694
16418000,345,6561,130565,2979,1774,128467,106,19228,434,0,5726,0.0010000000000012221
16419000,-5382,4093,132253,-19186,2172,128528,114,19224,467,1,5727,0.0010000000000012221
16420000,-13733,3220,128968,-16608,-4577,133074,135,19224,467,1,5728,0.0009999999999976694
16421000,-7319,7502,128922,-2888,13086,124929,108,19229,553,1,5729,0.0010000000000012221
16422000,-5096,11443,131033,-4980,4893,121762,108,19230,442,1,5730,0.0010000000000012221
16423000,123,-4896,126458,-6876,-13184,131998,114,19220,467,0,5731,0.0009999999999976694
16424001,-4110,-9405,125077,-7284,-10474,131030,120,19232,491,0,5732,0.00100100000000225
16425000,-800,-2341,127599,-9292,4768,130366,104,19227,426,0,5733,0.0009990000000001942
16426000,-4489,16299,128869,-2623,10153,113283,126,19227,426,1,5734,0.0009999999999976694
16427001,-10230,11278,126997,-10785,4182,129334,117,19223,516,1,5735,0.00100100000000225
16428000,-4236,-3,127990,-13257,-2615,132459,117,19229,479,1,5736,0.0009990000000001942
16429002,-1032,13641,127750,4882,6077,116984,106,19226,434,0,5737,0.0010019999999997253
16430000,2637,-1628,123385,-2307,-6733,132151,142,19231,582,0,5738,0.0009979999999991662
16431000,-76,-1573,125323,-4915,-1035,120843,106,19233,434,0,5739,0.0010000000000012221
16432002,79,6504,124946,-6469,3808,126655,110,19233,434,0,5740,0.0010019999999997253
16433000,-1204,16304,125698,2158,11866,124484,154,19226,451,1,5741,0.0009979999999991662
16434000,-2950,8795,126461,-2755,7978,123498,154,19228,631,1,5742,0.0009999999999976694
16435000,6882,6318,126260,-1030,2971,123569,112,19233,459,1,5743,0.0010000000000012221
16436001,8758,2607,123933,7520,-1406,122346,105,19224,430,0,5744,0.00100100000000225
16437000,11347,-4152,124746,8561,-11917,137556,85,19227,348,0,5745,0.0009989999999966415
16438017,5533,-5628,123313,8928,-10451,115540,111,19227,455,0,5746,0.0010170000000009338
16439001,2712,6547,127859,101,4443,126115,126,19226,455,1,5747,0.0009839999999989857
16440000,1409,10292,130166,-2773,8250,125192,114,19221,516,1,5748,0.0009990000000001942
16441000,4627,12007,126923,7625,8390,119782,114,19229,467,1,5749,0.0010000000000012221
16442000,7441,33,125576,7115,-4333,132076,101,19232,414,1,5750,0.0010000000000012221
16443000,9518,3481,126929,515,953,115726,136,19224,557,0,5751,0.0009999999999976694
16444000,11682,-5950,129080,14598,-8453,137667,110,19224,451,0,5752,0.0010000000000012221
16445000,4364,-6617,126546,8644,-10706,131565,107,19225,451,0,5753,0.0010000000000012221
16446000,3234,5922,130783,-10439,1668,128845,132,19224,438,1,5754,0.0009999999999976694
16447000,-467,15452,130791,3652,12491,118980,132,19229,541,1,5755,0.0010000000000012221
16448000,3482,8408,129962,3994,5419,128724,113,19230,463,1,5756,0.0010000000000012221
16449000,7785,-10921,128957,-126,-14218,137321,107,19224,438,0,5757,0.0009999999999976694
16450000,7827,-6129,126754,7254,-8900,119532,126,19224,516,0,5758,0.0010000000000012221
16451000,6884,420,129745,9649,-4105,133837,105,19231,516,0,5759,0.0010000000000012221
16452000,-1042,-4577,131293,-4073,-8257,130012,114,19231,430,0,5760,0.0009999999999976694
16453003,898,5855,132667,-19744,1819,132427,114,19220,467,1,5761,0.0010030000000007533
16454002,-9537,8156,132695,5794,5656,125753,118,19233,483,1,5762,0.0009990000000001942
16455000,-1276,-198,128123,-6372,-3358,127876,98,19228,401,1,5763,0.0009979999999991662
16456000,-609,-9632,130353,-16271,-11520,139994,123,19228,504,0,5764,0.0010000000000012221
16457000,1292,-3571,128063,3516,-9413,119907,101,19226,504,0,5765,0.0010000000000012221
16458000,-4028,15437,133425,-1504,13475,128238,109,19227,414,0,5766,0.0009999999999976694
16459000,-6836,1007,130054,-16829,-2866,129204,109,19226,446,1,5767,0.0010000000000012221
16460000,-10418,2510,131708,-12970,-1725,135270,148,19230,606,1,5768,0.0010000000000012221
16461000,-10221,7019,129132,-4061,6356,121483,115,19232,471,1,5769,0.0009999999999976694
16462000,-1631,19940,130008,-14923,8907,119062,101,19226,414,1,5770,0.0010000000000012221
16463000,-1397,-8046,127295,-5781,-13517,141000,170,19226,414,0,5771,0.0010000000000012221
16464000,-1735,-7929,125675,-4567,-5520,122796,105,19233,696,0,5772,0.0009999999999976694
16465000,-198,2282,126008,-22593,7360,125436,105,19232,430,0,5773,0.0010000000000012221
16466000,-3629,14018,130450,-1828,9588,122494,113,19220,463,1,5774,0.0009999999999976694
16467000,-6379,5179,124549,-1875,3658,126003,124,19229,508,1,5775,0.0010000000000012221
16468000,-8967,4009,127598,-23979,2874,127439,108,19232,442,1,5776,0.0010000000000012221
16469000,-1246,2430,126343,3121,-1941,123403,118,19232,442,0,5777,0.0009999999999976694
16470000,928,50,125518,4571,-4399,128305,98,19229,483,0,5778,0.0010000000000012221
16471000,-173,-191,125255,-4866,-2781,125669,98,19228,401,0,5779,0.0010000000000012221
16472000,-2581,736,127497,-590,9165,125248,109,19227,446,0,5780,0.0009999999999976694
16473000,-3356,17028,126159,-7105,11208,121235,137,19222,561,1,5781,0.0010000000000012221
16474000,1758,4861,123962,-7574,2391,130979,116,19233,475,1,5782,0.0010000000000012221
16475000,4421,6009,125503,8141,2473,123551,96,19233,475,1,5783,0.0009999999999976694
16476000,7243,4374,123045,5704,-2151,119592,130,19232,393,0,5784,0.0010000000000012221
16477001,11461,418,125314,1290,-5530,128114,130,19229,532,0,5785,0.0010009999999986974
16478001,4486,-7848,124884,9526,-11262,130434,127,19225,520,0,5786,0.0010000000000012221
16479000,6967,5595,126771,3725,2662,125467,120,19223,491,1,5787,0.0009990000000001942
16480002,-174,13771,128427,-5655,13246,120498,128,19231,524,1,5788,0.0010019999999997253
16481002,5481,6426,127309,9381,3179,128223,110,19231,524,1,5789,0.0010000000000012221
16482001,9289,2994,126140,3592,-814,127071,113,19231,451,1,5790,0.0009990000000001942
16483000,9650,7873,126771,6890,6999,124743,113,19224,463,0,5791,0.0009990000000001942
16484000,12611,-7168,126434,14163,-9042,128976,86,19230,352,0,5792,0.0009999999999976694
16485000,6757,-6095,128725,-986,-8484,126428,102,19232,418,0,5793,0.0010000000000012221
16486000,5782,848,130684,-943,-2814,137558,123,19226,504,1,5794,0.0010000000000012221
16487000,711,8703,128608,6159,5621,123566,113,19226,463,1,5795,0.0009999999999976694
16488000,152,10070,130299,-2462,5896,123023,100,19227,463,1,5796,0.0010000000000012221
16489001,11254,-4830,126755,-97,-7643,133036,146,19228,410,0,5797,0.0010009999999986974
16490000,7373,-8181,127909,11182,-11798,129044,146,19231,598,0,5798,0.0009990000000001942
16491000,7315,2849,130644,13169,-1640,133664,102,19228,418,0,5799,0.0010000000000012221
16492000,-1755,8267,131788,-14776,6793,124965,106,19224,434,0,5800,0.0010000000000012221
16493005,300,12556,134571,-15217,8184,128234,148,19224,606,1,5801,0.0010049999999992565
16494000,-7072,1460,131995,12304,-2553,136137,109,19226,606,1,5802,0.000994999999999635
16495000,-2474,-4571,128606,-10316,-7173,125069,102,19230,446,1,5803,0.0010000000000012221
16496000,-1507,4877,130178,-18593,970,130215,102,19224,418,0,5804,0.0009999999999976694
16497000,5013,-727,128326,7412,-6528,125114,105,19232,430,0,5805,0.0010000000000012221
16498000,-2913,-2919,132193,2970,-5642,133209,109,19226,446,0,5806,0.0009999999999976694
16499000,-8309,4686,131272,-26298,1439,127886,127,19226,520,1,5807,0.0010000000000012221
16500000,-9369,6962,131188,-12195,3527,128610,116,19216,520,1,5808,0.0010000000000012221
16501000,-7926,2194,128710,-2273,274,127623,101,19231,475,1,5809,0.0009999999999976694
16502000,-1179,7334,129914,-13042,5044,128969,101,19228,414,1,5810,0.0010000000000012221
16503002,-4983,-6792,123808,-9343,-10362,129915,130,19224,532,0,5811,0.0010019999999997253
16504000,-1458,4388,128510,-4354,-171,121166,100,19231,410,0,5812,0.0009979999999991662
16505000,-1324,8082,128332,-5627,5434,129250,107,19226,438,0,5813,0.0010000000000012221
16506000,-7581,4321,127475,-8193,3592,126150,145,19226,438,1,5814,0.0010000000000012221
16507000,-6859,6001,127587,-12335,-888,128989,115,19227,594,1,5815,0.0009999999999976694
16508000,-4005,15672,127152,-14163,9569,120515,115,19228,471,1,5816,0.0010000000000012221
16509000,965,2586,124912,8380,-970,130352,104,19221,426,0,5817,0.0010000000000012221
16510000,-123,-12149,123497,-3591,-12086,127026,110,19225,451,0,5818,0.0009999999999976694
16511017,2204,7808,126230,-3301,6058,121047,117,19228,479,0,5819,0.0010170000000009338
16512000,-1429,4925,127469,6100,3616,126730,124,19228,479,0,5820,0.0009830000000015104
16513003,-2018,7822,127739,-9145,3058,122939,126,19222,508,1,5821,0.0010029999999972006
16514000,-2513,3991,124274,-4806,1194,129322,126,19227,516,1,5822,0.000997000000001691
16515000,5131,9199,125258,9140,10070,122501,100,19237,410,1,5823,0.0010000000000012221
16516000,9974,5605,124132,8508,-596,120225,122,19232,500,0,5824,0.0009999999999976694
16517000,8306,-5030,123782,4708,-10911,129222,105,19230,430,0,5825,0.0010000000000012221
16518000,7003,-10363,124469,2383,-9055,133000,112,19230,430,0,5826,0.0010000000000012221
16519000,4017,-6557,127224,6189,-167,125429,147,19227,459,1,5827,0.0009999999999976694
16520000,2311,18981,128714,2215,11354,119648,147,19229,602,1,5828,0.0010000000000012221
16521000,5462,5614,124118,3106,-1772,128694,110,19230,451,1,5829,0.0010000000000012221
16522000,7775,-1266,127016,9636,-3400,127040,95,19228,389,0,5830,0.0009999999999976694
16523000,11672,-2930,126572,6540,-9117,125662,130,19232,532,0,5831,0.0010000000000012221
16524000,6937,-3786,127565,14736,-9851,130786,105,19232,532,0,5832,0.0010000000000012221
16525000,4349,1340,129528,-4617,231,127768,110,19230,430,0,5833,0.0009999999999976694
16526000,2985,6279,129839,-5291,5032,127954,110,19219,451,1,5834,0.0010000000000012221
16527000,-113,11257,129396,12374,10761,130155,111,19230,455,1,5835,0.0010000000000012221
16528000,4416,447,126321,-2959,-2355,125153,102,19229,418,1,5836,0.0009999999999976694
16529000,10694,-8950,128762,2350,-13753,130899,118,19219,483,0,5837,0.0010000000000012221
16530000,10870,-6374,128163,18874,-7601,129685,93,19219,483,0,5838,0.0009999999999976694
16531000,3744,-4458,128471,-3143,-6528,132907,102,19234,381,0,5839,0.0010000000000012221
16532000,2876,5860,133129,-17116,3217,119016,102,19230,418,1,5840,0.0010000000000012221
16533000,-8193,5781,132430,7231,1034,131894,137,19221,561,1,5841,0.0009999999999976694
16534000,-8469,-1747,131808,-6475,-5621,134692,114,19228,467,1,5842,0.0010000000000012221
16535003,-5804,-1064,130952,-23021,-3575,127586,97,19229,397,1,5843,0.0010030000000007533
16536002,2831,300,128944,4175,-2277,131256,136,19229,557,0,5844,0.0009990000000001942
16537000,1775,14366,130561,6542,9485,118736,115,19229,557,0,5845,0.0009979999999991662
16538000,-4737,-3740,129951,-17047,-7004,132644,120,19228,471,0,5846,0.0010000000000012221
16539000,-4676,7254,131401,-15606,5513,129526,120,19226,491,1,5847,0.0009999999999976694
16540000,-8961,3268,130835,-2855,1239,132982,128,19230,524,1,5848,0.0010000000000012221
16541003,-7441,14791,131265,-7807,11884,120427,111,19232,455,1,5849,0.0010030000000007533
16542002,-3321,-37,127636,-15919,-1883,128562,114,19232,467,0,5850,0.0009990000000001942
16543002,-3450,-5498,127959,-4441,-7034,137458,104,19215,467,0,5851,0.0009999999999976694
16544002,45,1939,125258,-3135,-1329,117412,102,19230,426,0,5852,0.0010000000000012221
16545000,-4869,14860,130710,-12242,12333,122959,102,19227,418,0,5853,0.0009979999999991662
16546000,-6896,12225,128316,-8195,8385,131613,129,19224,528,1,5854,0.0010000000000012221
16547000,-7240,-742,126407,-10287,-4345,128713,119,19229,487,1,5855,0.0010000000000012221
16548000,-2623,6561,128030,-10981,641,130834,102,19229,418,1,5856,0.0009999999999976694
16549000,2981,11688,124998,1316,9693,120414,141,19232,418,0,5857,0.0010000000000012221
16550000,4860,-8085,124352,1779,-7977,135002,105,19233,577,0,5858,0.0010000000000012221
16551000,2331,-3537,124935,-3753,-4983,122239,105,19227,430,0,5859,0.0009999999999976694
16552000,-2059,11091,126217,-4273,6963,125206,109,19228,446,1,5860,0.0010000000000012221
16553000,-3670,12047,127100,-552,10551,121115,145,19228,594,1,5861,0.0010000000000012221
16554000,-3239,7026,125578,-5598,-5756,129874,108,19232,442,1,5862,0.0009999999999976694
16555000,6804,3855,127058,-194,-7703,116861,103,19232,442,0,5863,0.0010000000000012221
16556000,7990,11387,123505,7313,5984,120431,85,19231,422,0,5864,0.0010000000000012221
16557000,7716,-3196,128458,11773,-8434,135799,85,19228,348,0,5865,0.0009999999999976694
16558000,7391,-1845,123143,900,-1382,117699,112,19226,459,0,5866,0.0010000000000012221
16559000,3714,473,127691,1511,-904,136567,129,19220,528,1,5867,0.0009999999999976694
16560000,3519,10273,129568,1490,13658,114307,116,19229,475,1,5868,0.0010000000000012221
16561000,8793,9446,126455,8863,-2203,128181,100,19229,475,1,5869,0.0010000000000012221
16562000,9630,-10309,124919,5726,-7251,131253,135,19228,410,0,5870,0.0009999999999976694
16563001,10273,2115,128101,4750,-10746,124810,135,19224,553,0,5871,0.00100100000000225
16564000,7492,-6570,127664,14641,-13799,128993,102,19231,418,0,5872,0.0009990000000001942
16565000,2729,7227,131346,-4235,3346,123777,106,19226,434,1,5873,0.0009999999999976694
16566000,-1195,-1079,130165,-3322,1176,136587,135,19228,553,1,5874,0.0010000000000012221
16567001,1907,12512,129724,7278,9805,115912,111,19228,553,1,5875,0.0010009999999986974
16568002,2983,1041,125937,-7513,-5766,130680,106,19232,455,1,5876,0.00100100000000225
16569008,8564,-5609,129019,2165,-6574,129339,106,19222,434,0,5877,0.0010060000000002844
16570000,10543,-3605,129619,19634,-8502,125096,129,19232,528,0,5878,0.000992000000000104
16571000,2507,-11401,128339,-1051,-14817,140236,107,19229,438,0,5879,0.0009999999999976694
16572000,-828,8516,132968,-19514,7017,121727,116,19221,475,1,5880,0.0010000000000012221
16573000,-4625,6455,132012,-204,1496,131246,108,19221,475,1,5881,0.0010000000000012221
16574000,-7146,12655,131353,199,13077,124135,102,19230,442,1,5882,0.0009999999999976694
16575000,-213,-9805,127848,-17380,-15253,132789,102,19230,418,0,5883,0.0010000000000012221
16576000,266,-8819,128562,-1306,-11547,132642,125,19220,512,0,5884,0.0010000000000012221
16577000,1641,1054,129668,2058,-292,126002,110,19228,451,0,5885,0.0009999999999976694
16578000,-4853,10110,133095,-6912,10352,128444,112,19226,459,0,5886,0.0010000000000012221
16579002,-7583,-908,130027,-21733,-6561,129386,149,19226,610,1,5887,0.0010019999999997253
16580001,-7152,1803,130700,-10537,-277,133574,115,19228,610,1,5888,0.0009990000000001942
16581001,-6995,13693,131108,-5032,11014,124754,105,19228,471,1,5889,0.0010000000000012221
16582000,-3752,1757,128369,-8617,-1568,125112,105,19227,430,0,5890,0.0009990000000001942
16583000,-3499,-3705,127367,-10432,-7239,134894,173,19232,709,0,5891,0.0009999999999976694
16584000,-1682,-3465,125843,-4708,-6383,126495,101,19231,414,0,5892,0.0010000000000012221
16585000,-1893,18040,131046,-5849,14331,120419,108,19231,442,1,5893,0.0010000000000012221
16586000,-6105,7501,127038,-8506,4855,128097,116,19224,442,1,5894,0.0009999999999976694
16587000,-8410,6214,126589,-13185,4261,124360,109,19232,475,1,5895,0.0010000000000012221
16588000,-1247,12214,128200,-12015,8298,126662,109,19231,446,1,5896,0.0010000000000012221
16589000,2804,-28,124414,7856,-2324,122789,122,19227,500,0,5897,0.0009999999999976694
16590000,5946,7173,123981,6085,2790,127953,97,19229,397,0,5898,0.0010000000000012221
16591002,1031,-7498,121520,-11552,-13122,126936,105,19229,430,0,5899,0.0010019999999997253
16592001,4604,10127,128585,-1393,5938,124197,138,19230,430,1,5900,0.0009990000000001942
16593000,-2608,14465,126171,4686,12261,124298,115,19220,565,1,5901,0.0009990000000001942
16594000,461,9003,124215,-6872,3874,119723,115,19229,471,1,5902,0.0009999999999976694
16595001,6199,766,124594,-1587,133,127740,97,19230,397,0,5903,0.00100100000000225
16596000,8566,-3501,123285,10127,-7786,123430,118,19232,483,0,5904,0.0009990000000001942
16597001,9308,-863,127266,12319,-4217,127919,109,19228,446,0,5905,0.0010009999999986974
16598000,258,1940,128194,-4428,-695,123450,116,19228,446,0,5906,0.0009990000000001942
16599000,5402,11527,127738,-62,4869,125898,128,19219,475,1,5907,0.0010000000000012221
16600000,1291,8300,127855,11278,6536,127524,128,19229,524,1,5908,0.0009999999999976694
16601000,8471,3409,127225,62,-1922,125633,107,19231,438,1,5909,0.0010000000000012221
16602000,10895,12055,124092,-900,3687,119827,111,19216,455,0,5910,0.0010000000000012221
16603000,10882,-3970,127453,11706,-15202,134242,85,19228,348,0,5911,0.0009999999999976694
16604000,8197,-17356,124698,15565,-17493,132285,104,19228,348,0,5912,0.0010000000000012221
16605000,2742,7566,131484,-12348,10929,123562,126,19228,426,1,5913,0.0010000000000012221
16606000,3060,12678,131529,7702,7753,126687,126,19224,516,1,5914,0.0009999999999976694
16607000,-1086,10690,131671,8057,2088,123608,116,19227,475,1,5915,0.0010000000000012221
16608000,3789,441,128896,-13113,-13826,135997,98,19230,401,1,5916,0.0010000000000012221
16609000,9961,-13268,125871,11891,-12725,131843,149,19231,610,0,5917,0.0009999999999976694
16610000,8895,2225,131079,19899,1175,121461,106,19231,610,0,5918,0.0010000000000012221
16611000,2506,-1419,128798,-20589,-1640,132010,109,19234,434,0,5919,0.0010000000000012221
16612000,195,9018,133204,-10554,2847,128301,109,19221,446,1,5920,0.0009999999999976694
16613000,-4092,-13897,133739,12126,-11874,142122,139,19228,569,1,5921,0.0010000000000012221
16614000,-9235,8945,129891,-12234,4500,119478,108,19230,442,1,5922,0.0010000000000012221
16615002,-888,-2995,128779,-18462,-11770,133495,103,19224,422,0,5923,0.0010019999999997253
16616000,604,-8304,128535,7924,-7894,133674,106,19224,422,0,5924,0.0009979999999991662
16617000,105,7367,130558,1961,5827,124848,111,19225,434,0,5925,0.0010000000000012221
16618003,-6881,7926,130437,-22570,2864,127413,111,19230,455,0,5926,0.0010029999999972006
16619000,-6033,2099,131729,-10790,342,131881,129,19221,528,1,5927,0.000997000000001691
16620000,-7477,3981,130921,-3619,1539,131772,115,19228,471,1,5928,0.0010000000000012221
16621000,-4291,10744,128306,-13416,11110,124739,100,19230,410,1,5929,0.0009999999999976694
16622000,-5433,2331,127257,-7519,-2505,125875,133,19230,410,0,5930,0.0010000000000012221
16623000,-2223,-10412,124575,-5326,-13517,133943,101,19225,545,0,5931,0.0009999999999976694
16624000,-668,2041,128512,-5414,34,122672,106,19238,414,0,5932,0.0010000000000012221
16625000,-5473,6662,129600,-10030,4074,127015,106,19230,434,1,5933,0.0010000000000012221
16626000,-6810,8870,128875,-6522,2975,121754,142,19227,582,1,5934,0.0009999999999976694
16627000,-8050,2633,127860,-6614,-2717,129072,114,19228,467,1,5935,0.0010000000000012221
16628001,-1042,6686,127548,-5713,5461,127153,103,19228,422,0,5936,0.0010009999999986974
16629000,-3025,4561,124563,-73,1367,117187,117,19223,422,0,5937,0.0009990000000001942
16630000,1768,-72,124179,-8145,-3869,128788,122,19223,479,0,5938,0.0010000000000012221
16631000,3925,2907,125699,-3328,379,123674,122,19235,500,0,5939,0.0010000000000012221
16632000,-2485,3791,126122,6483,290,129868,124,19219,508,1,5940,0.0009999999999976694
16633000,-1563,14345,125354,-6842,12038,122215,125,19228,512,1,5941,0.0010000000000012221
16634000,2843,12961,124601,-9769,9804,122277,100,19228,410,1,5942,0.0010000000000012221
16635000,11296,3765,124285,18463,-158,124239,121,19230,410,0,5943,0.0009999999999976694
16636000,8737,-7476,122820,4680,-10218,119878,102,19226,496,0,5944,0.0010000000000012221
16637000,4452,-1448,126879,-4909,-5320,136967,102,19228,418,0,5945,0.0010000000000012221
16638000,7714,1126,125696,12371,-2537,117030,108,19227,442,1,5946,0.0009999999999976694
16639000,1245,6568,130228,8377,3811,127686,145,19226,594,1,5947,0.0010000000000012221
16640000,1592,10239,126395,-8244,6219,128072,114,19233,467,1,5948,0.0010000000000012221
16641001,6498,3321,126060,4248,2558,120967,96,19233,467,1,5949,0.0010009999999986974
16642000,11093,4512,126656,11668,-114,128140,129,19226,393,0,5950,0.0009990000000001942
16643000,12419,-4814,126650,8215,-6043,131162,129,19229,528,0,5951,0.0010000000000012221
16644000,5610,-16979,126969,11118,-19401,135646,102,19229,418,0,5952,0.0009999999999976694
16645000,5134,-116,131225,-3771,1273,126606,109,19222,446,1,5953,0.0010000000000012221
16646000,-2736,23088,132968,-2313,17669,125276,110,19228,451,1,5954,0.0010000000000012221
16647000,-3912,10623,129559,6577,-953,125946,104,19228,451,1,5955,0.0009999999999976694
16648000,5863,-6370,128257,-7843,-18027,129543,115,19230,426,0,5956,0.0010000000000012221
16649000,10046,-11585,130068,2377,-12937,127679,115,19220,471,0,5957,0.0010000000000012221
16650000,8877,5803,128828,26077,-3953,126839,93,19233,381,0,5958,0.0009999999999976694
16651000,2893,3225,132222,-6605,2187,130685,104,19226,426,0,5959,0.0010000000000012221
16652000,543,8136,130902,-4433,6489,124561,140,19224,573,1,5960,0.0009999999999976694
16653000,-7242,1514,130162,6211,-1845,135953,115,19224,573,1,5961,0.0010000000000012221
16654000,-5581,3245,131570,-14686,-5544,121393,97,19226,471,1,5962,0.0010000000000012221
16655000,349,-11901,127474,-12457,-17733,137684,97,19226,397,0,5963,0.0009999999999976694
16656000,4267,1080,131664,8901,4493,124116,131,19235,537,0,5964,0.0010000000000012221
16657000,-940,1607,130218,-611,-6454,129901,108,19229,442,0,5965,0.0010000000000012221
16658000,-7406,2096,130401,-23119,744,131106,117,19222,479,1,5966,0.0009999999999976694
16659000,-13501,2200,130949,-14945,-684,131503,133,19222,479,1,5967,0.0010000000000012221
16660000,-8570,9035,131128,-3892,10459,128493,109,19228,545,1,5968,0.0010000000000012221
16661000,-4028,14797,129994,-7575,8946,118401,109,19232,446,1,5969,0.0009999999999976694
16662000,-4519,-7843,125078,-11738,-15215,131887,110,19219,451,0,5970,0.0010000000000012221
16663000,727,-2217,126760,-6115,-2294,126435,103,19233,422,0,5971,0.0010000000000012221
16664000,-1182,6447,127481,-4116,3163,121742,106,19227,434,0,5972,0.0009999999999976694
16665000,-2546,12762,130074,-8767,9253,127781,133,19227,434,1,5973,0.0010000000000012221
16666002,-10531,5985,126345,-13559,957,123863,120,19222,545,1,5974,0.0010019999999997253
16667002,-4631,4290,126757,-11471,1683,128977,120,19226,491,1,5975,0.0010000000000012221
16668000,668,8192,127131,3438,5333,121357,104,19230,426,0,5976,0.0009979999999991662
16669000,-954,-10018,122695,-2209,-11940,127824,140,19231,573,0,5977,0.0010000000000012221
16670000,1425,-1921,124541,-7897,-4071,123082,114,19226,467,0,5978,0.0009999999999976694
16671000,-3483,12244,126129,-3670,8955,121130,118,19226,483,0,5979,0.0010000000000012221
16672000,93,16294,127165,4155,15275,133279,158,19226,483,1,5980,0.0010000000000012221
16673000,-3745,2999,124543,-6410,844,118155,106,19227,647,1,5981,0.0009999999999976694
16674000,6731,2614,125663,-6013,-342,128843,106,19230,434,1,5982,0.0010000000000012221
16675000,10280,5936,123765,15516,2105,121647,103,19221,422,0,5983,0.0010000000000012221
16676002,10190,-2111,123561,9516,-7333,123413,84,19228,344,0,5984,0.0010019999999997253
16677000,7610,-4231,125669,-688,-7737,132728,115,19228,471,0,5985,0.0009979999999991662
16678000,848,3951,126457,3775,1136,122521,130,19228,471,1,5986,0.0010000000000012221
16679000,4168,9298,129318,5144,6320,125956,114,19221,532,1,5987,0.0009999999999976694
16680000,1368,9323,126289,770,6167,122683,114,19229,467,1,5988,0.0010000000000012221
16681000,10828,4936,127181,5978,2327,130168,97,19230,397,1,5989,0.0010000000000012221
16682000,11433,6090,127964,5843,1970,121407,136,19228,557,0,5990,0.0009999999999976694
16683000,9564,-5846,128904,14312,-7267,129880,103,19228,422,0,5991,0.0010000000000012221
16684000,6329,-6127,127271,12184,-10275,136275,104,19226,422,0,5992,0.0009999999999976694
16685000,520,1496,129407,-13062,-2811,121929,132,19226,426,1,5993,0.0010000000000012221
16686000,4590,7082,132199,3094,2663,132878,132,19225,541,1,5994,0.0010000000000012221
16687002,962,14666,128649,9191,12383,119260,109,19228,446,1,5995,0.0010019999999997253
16688002,5188,-6721,127124,-8387,-9445,127766,103,19220,422,0,5996,0.0010000000000012221
16689002,8432,-8255,127925,5230,-11452,133956,126,19232,516,0,5997,0.0009999999999976694
16690000,4895,-3559,129337,18395,-3920,137382,107,19232,516,0,5998,0.0009979999999991662
16691000,3746,1361,134229,-11079,-6768,125046,117,19232,438,0,5999,0.0010000000000012221
16692000,-1784,17132,134498,-15151,14699,127550,117,19219,479,1,6000,0.0010000000000012221
16693000,-4836,5914,131021,8256,437,128885,115,19229,471,1,6001,0.0009999999999976694
16694001,-5813,-454,129867,-6138,-9936,128431,100,19231,410,1,6002,0.00100100000000225
16695000,886,-14856,128291,-18253,-17036,141564,125,19222,512,0,6003,0.0009990000000001942
16696000,4440,12786,128425,11319,11243,113207,102,19222,512,0,6004,0.0009999999999976694
16697000,-4726,9525,130833,-6335,-897,132002,109,19232,418,0,6005,0.0010000000000012221
16698000,-3196,-1210,130337,-17476,-1031,130432,109,19227,446,1,6006,0.0010000000000012221
16699000,-9828,2907,130127,-10317,3467,127014,153,19231,627,1,6007,0.0009999999999976694
16700000,-9060,11401,131814,-11230,11973,126733,117,19229,479,1,6008,0.0010000000000012221
16701002,-2087,10946,129898,-9378,1871,122611,102,19226,418,1,6009,0.0010019999999997253
16702000,-2992,-11472,125483,-6747,-13461,137483,165,19226,418,0,6010,0.0009979999999991662
16703000,-2108,-5341,126709,-1673,-1236,123387,104,19229,676,0,6011,0.0010000000000012221
16704000,-1875,1981,126845,-9955,559,121842,104,19230,426,0,6012,0.0010000000000012221
16705000,-3551,16667,129876,-4283,14991,126440,113,19220,463,1,6013,0.0009999999999976694
16706000,-9379,2225,125043,-9033,-5067,129047,121,19232,496,1,6014,0.0010000000000012221
16707000,-5647,4142,127420,-15808,13573,123765,108,19232,442,1,6015,0.0010000000000012221
16708000,-587,11001,125350,2924,-2634,123292,118,19232,442,0,6016,0.0009999999999976694
16709000,1609,-9165,122399,2201,-13154,130875,95,19224,483,0,6017,0.0010000000000012221
16710001,1914,-2559,125669,-5544,-5326,128537,95,19231,389,0,6018,0.0010009999999986974
16711000,-2739,7332,128043,-2471,8111,118633,108,19228,442,0,6019,0.0009990000000001942
16712000,-1010,22492,129497,-904,15854,122131,138,19219,565,1,6020,0.0010000000000012221
16713001,-3943,1485,124578,-6664,-4008,132269,115,19230,471,1,6021,0.0010009999999986974
16714000,4695,6805,125862,1770,6358,119681,96,19230,393,1,6022,0.0009990000000001942
16715000,8039,4439,123237,5767,1433,123712,110,19227,393,0,6023,0.0010000000000012221
16716000,10922,-1098,122718,10499,-4144,124386,116,19232,451,0,6024,0.0009999999999976694
16717000,8192,-8211,124088,2180,-11648,132282,116,19227,475,0,6025,0.0010000000000012221
16718000,3444,-2466,126727,414,-4352,127619,119,19224,487,1,6026,0.0010000000000012221
16719000,2107,9944,129558,4066,9742,121040,124,19227,508,1,6027,0.0009999999999976694
16720000,5313,8700,127920,3456,3313,127277,106,19227,434,1,6028,0.0010000000000012221
16721000,8532,-6051,124262,8368,-10453,129328,112,19233,434,1,6029,0.0010000000000012221
16722000,9864,-1212,127094,3348,-4717,126167,87,19218,459,0,6030,0.0009999999999976694
16723000,9355,-2640,127357,12967,-6825,125010,87,19232,356,0,6031,0.0010000000000012221
16724000,4086,554,129229,1300,-3137,128963,105,19231,430,0,6032,0.0010000000000012221
16725000,2408,1859,131994,-4839,-1769,136146,123,19223,504,1,6033,0.0009999999999976694
16726002,-1099,11031,128555,6754,6107,123769,113,19223,463,1,6034,0.0010019999999997253
16727002,2911,13857,131599,2041,9977,125738,101,19226,463,1,6035,0.0010000000000012221
16728000,10084,-7718,125660,-1407,-10866,130467,151,19229,414,0,6036,0.0009979999999991662
16729000,10254,-12930,129958,10248,-16006,132237,151,19226,618,0,6037,0.0010000000000012221
16730000,5394,-2144,129171,15480,-7356,132180,114,19229,467,0,6038,0.0010000000000012221
16731000,-2380,7004,131980,-17772,2885,127108,109,19225,446,0,6039,0.0009999999999976694
16732000,-189,11955,134847,-15714,9934,123796,141,19232,577,1,6040,0.0010000000000012221
16733000,-7690,-1912,131249,15177,-4622,137193,108,19232,577,1,6041,0.0010000000000012221
16734000,-2000,-2266,128393,-11486,-6230,128391,107,19230,442,1,6042,0.0009999999999976694
16735000,-1842,-4148,128336,-18371,-8640,125981,107,19223,438,0,6043,0.0010000000000012221
16736000,5850,1021,127738,9351,-6317,128867,113,19228,463,0,6044,0.0010000000000012221
16737000,-4913,9063,131855,-1656,7290,131311,114,19227,467,0,6045,0.0009999999999976694
16738000,-6529,-3548,130390,-25631,-7227,132448,125,19223,512,1,6046,0.0010000000000012221
16739001,-7560,9711,133104,-6853,10052,126750,115,19223,512,1,6047,0.0010009999999986974
16740000,-8418,4289,128182,-2976,720,130777,103,19231,471,1,6048,0.0009990000000001942
16741000,-1307,9771,129983,-11002,3819,119392,103,19228,422,1,6049,0.0010000000000012221
16742000,-5357,-7214,125344,-9155,-18199,137616,137,19221,561,0,6050,0.0010000000000012221
16743001,-2513,936,126722,-10887,8144,120683,109,19231,446,0,6051,0.0010009999999986974
16744000,-1018,14335,128168,-830,7310,122994,106,19226,434,0,6052,0.0009990000000001942
16745000,-6788,3465,127719,-4867,2806,129650,144,19226,434,1,6053,0.0010000000000012221
16746000,-4616,9449,126423,-15948,4466,123270,116,19229,590,1,6054,0.0009999999999976694
16747001,-3847,2813,127456,-2395,-2912,130884,116,19233,475,1,6055,0.00100100000000225
16748002,1237,6686,127204,7178,1320,119988,105,19224,430,0,6056,0.0010009999999986974
16749002,-867,-5962,124236,-7848,-9217,128198,108,19230,442,0,6057,0.0010000000000012221
16750000,722,-160,127687,-6725,-1035,126565,103,19228,422,0,6058,0.0009979999999991662
16751000,-277,9306,126433,1814,3040,124657,114,19228,422,1,6059,0.0009999999999976694
16752000,-5856,11217,125412,-4497,6682,124490,116,19223,467,1,6060,0.0010000000000012221
16753000,-2224,14479,127008,-6924,4990,115525,116,19229,475,1,6061,0.0010000000000012221
16754000,7700,1099,123529,7922,-302,129735,99,19231,405,1,6062,0.0009999999999976694
16755000,10991,4558,126035,8640,-4236,121494,120,19230,491,0,6063,0.0010000000000012221
16756000,8266,-3172,123312,5600,-7096,123077,108,19225,442,0,6064,0.0010000000000012221
16757000,4150,-2658,126858,1537,-5950,132083,115,19225,442,0,6065,0.0009999999999976694
16758000,3486,237,126084,2699,2574,123438,149,19224,471,1,6066,0.0010000000000012221
16759002,4328,15159,128602,2432,13818,125362,149,19227,610,1,6067,0.0010019999999997253
16760002,7197,13014,125821,2893,7632,122940,113,19230,463,1,6068,0.0010000000000012221
16761000,11322,-1524,125189,8175,-5106,123337,98,19226,401,0,6069,0.0009979999999991662
16762000,10548,-13961,127712,9815,-17826,131401,129,19230,528,0,6070,0.0010000000000012221
16763000,6443,-16851,125914,10848,-18665,135257,106,19230,434,0,6071,0.0009999999999976694
16764001,2066,1563,128291,-1872,-27,124243,112,19229,434,0,6072,0.00100100000000225
16765000,601,16194,132046,-5639,11872,123090,107,19221,459,1,6073,0.0009990000000001942
16766000,2508,5195,128533,3275,1639,138075,107,19226,438,1,6074,0.0009999999999976694
16767001,4331,-1853,129680,3436,-5891,118432,104,19230,426,1,6075,0.00100100000000225
16768000,8436,-6770,127270,-2896,-11209,130183,119,19220,487,0,6076,0.0009990000000001942
16769000,7664,-8325,128856,19897,-10639,132379,94,19220,385,0,6077,0.0009999999999976694
16770001,2876,-6112,126121,2645,-9461,126562,105,19224,385,0,6078,0.00100100000000225
16771000,1098,8895,133591,-27435,6220,127365,138,19228,430,1,6079,0.0009990000000001942
16772003,-9068,19373,134037,7135,17997,120236,138,19224,565,1,6080,0.0010029999999972006
16773000,-4483,-5720,129029,-2226,-10163,135108,113,19229,463,1,6081,0.000997000000001691
16774000,-3462,-6251,130238,-18383,-10343,132720,99,19230,405,1,6082,0.0010000000000012221
16775000,4257,-8707,129038,-2126,-12731,135368,146,19232,598,0,6083,0.0009999999999976694
16776000,-262,12828,131167,6459,10369,118367,110,19232,598,0,6084,0.0010000000000012221
16777000,-4382,3799,130359,-14476,-310,130519,114,19230,451,0,6085,0.0009999999999976694
16778001,-6524,1498,131550,-15890,-88,137705,114,19220,467,1,6086,0.00100100000000225
16779001,-8448,4849,128383,-6874,-371,126681,133,19228,545,1,6087,0.0010000000000012221
16780000,-4366,25763,134140,-11037,24774,119132,110,19230,451,1,6088,0.0009989999999966415
16781000,-3098,-4609,125648,-8079,-5698,132091,111,19219,455,0,6089,0.0010000000000012221
16782000,-3896,-8665,127150,-3365,-13270,132542,115,19219,455,0,6090,0.0010000000000012221
16783000,-2063,-264,126306,-7129,-4770,131974,106,19232,471,0,6091,0.0009999999999976694
16784000,-4216,13401,129139,-7897,10101,118336,106,19233,434,0,6092,0.0010000000000012221
16785001,-5461,10887,131314,-6694,11074,132652,131,19223,537,1,6093,0.0010009999999986974
16786000,-7824,5752,125831,-13281,937,126076,118,19227,483,1,6094,0.0009990000000001942
16787000,-343,9518,126416,-5390,3660,121294,101,19230,414,1,6095,0.0010000000000012221
16788000,-591,7415,126897,-3,-4748,123632,145,19230,414,0,6096,0.0010000000000012221
16789000,3756,-2247,123322,-2322,-6485,128037,106,19232,594,0,6097,0.0009999999999976694
16790000,4711,3327,125670,4236,2897,127509,106,19228,434,0,6098,0.0010000000000012221
16791000,-726,10464,125760,-6636,12945,119004,111,19223,455,1,6099,0.0010000000000012221
16792000,701,13188,126185,-6369,5127,127017,153,19226,627,1,6100,0.0009999999999976694
16793000,-547,6237,125618,-584,547,126042,108,19227,442,1,6101,0.0010000000000012221
16794000,7952,4089,124536,394,-2593,122405,103,19227,442,0,6102,0.0010000000000012221
16795000,8076,4896,126225,3149,59,123188,80,19223,422,0,6103,0.0009999999999976694
16796000,9139,-3002,126225,14020,-12899,125618,80,19228,328,0,6104,0.0010000000000012221
16797000,1579,-2362,125752,8158,-8718,127509,114,19231,467,0,6105,0.0010000000000012221
16798002,1849,10565,128191,-10200,7388,124661,131,19222,537,1,6106,0.0010019999999997253
16799000,6198,13276,129380,7932,14084,121912,117,19226,479,1,6107,0.0009979999999991662
16800000,8265,12433,127025,12210,7434,122802,101,19226,479,1,6108,0.0010000000000012221
16801000,10646,-9659,124793,-3036,-10033,130166,130,19233,414,0,6109,0.0009999999999976694
16802001,10360,1154,127109,8306,-10592,126118,130,19232,532,0,6110,0.00100100000000225
16803000,9316,-15248,125676,12807,-15381,137485,100,19227,410,0,6111,0.0009990000000001942
16804000,4209,1095,129942,1656,4149,127141,108,19225,442,1,6112,0.0009999999999976694
16805000,-2682,11800,131710,-3560,6180,124349,144,19229,590,1,6113,0.0010000000000012221
16806000,2500,15339,130056,-460,11299,125844,113,19229,463,1,6114,0.0010000000000012221
16807000,3802,3802,128154,3049,-5502,130434,104,19233,463,1,6115,0.0009999999999976694
16808000,13030,-9019,127902,4329,-9368,126793,129,19224,426,0,6116,0.0010000000000012221
16809000,8605,602,131261,15260,-2909,125630,129,19231,528,0,6117,0.0009999999999976694
16810000,924,-16534,128547,-923,-20385,136123,108,19229,442,0,6118,0.0010000000000012221
16811000,2045,7532,134549,-18707,4351,127700,118,19224,483,1,6119,0.0010000000000012221
16812000,-9602,445,132263,1367,-2000,134870,119,19224,487,1,6120,0.0009999999999976694
16813000,-8623,6869,132411,-2004,5536,118642,101,19227,487,1,6121,0.0010000000000012221
16814000,-400,-660,130685,-22820,-6810,131243,121,19232,414,0,6122,0.0010000000000012221
16815000,-1297,-12659,128222,614,-17173,138071,121,19223,496,0,6123,0.0009999999999976694
16816000,1583,1636,130129,2711,-715,123375,101,19228,414,0,6124,0.0010000000000012221
16817002,-7650,2350,131336,-17415,-824,131915,112,19223,459,0,6125,0.0010019999999997253
16818000,-7065,7944,131300,-12324,5567,126552,148,19225,606,1,6126,0.0009979999999991662
16819000,-8078,-1004,128922,-10212,-5172,137802,117,19225,606,1,6127,0.0010000000000012221
16820000,-3390,13173,129657,-7717,10869,122202,101,19228,479,1,6128,0.0010000000000012221
16821000,-2578,674,125556,-10177,-2328,126932,101,19226,414,0,6129,0.0009999999999976694
16822000,-3160,-3360,125287,-7555,-8097,125213,160,19235,655,0,6130,0.0010000000000012221
16823000,1708,-2518,127575,-4995,-5534,131954,106,19231,434,0,6131,0.0010000000000012221
16824000,-7804,-1437,125755,-5817,-7557,128252,113,19222,463,1,6132,0.0009999999999976694
16825001,-5305,22981,129006,-11036,17266,116741,121,19222,463,1,6133,0.00100100000000225
16826000,-9512,-1718,127306,-6706,-2879,134505,106,19225,496,1,6134,0.0009990000000001942
16827000,406,9354,126607,-9159,5606,117983,106,19229,434,1,6135,0.0009999999999976694
16828000,1322,27,127103,-775,-1105,128521,116,19222,475,0,6136,0.0010000000000012221
16829000,1636,-3454,124376,7945,-6911,122732,98,19231,401,0,6137,0.0010000000000012221
16830000,3037,-4421,125281,-11140,-9452,132255,110,19227,451,0,6138,0.0009999999999976694
16831000,-4960,10562,127106,-1253,4470,118094,138,19227,451,1,6139,0.0010000000000012221
16832002,-327,15509,126790,-2608,15372,124981,113,19222,565,1,6140,0.0010019999999997253
16833000,155,7751,124556,-4312,2324,123270,113,19233,463,1,6141,0.0009979999999991662
16834000,8335,6009,123354,4931,2454,124489,96,19229,393,0,6142,0.0010000000000012221
16835000,9677,-2960,122461,5165,-6436,125014,122,19230,500,0,6143,0.0010000000000012221
16836000,7046,2291,126056,11068,-8288,125690,112,19224,459,0,6144,0.0009999999999976694
16837000,2737,-2248,124460,-4065,-4397,129641,115,19224,459,0,6145,0.0010000000000012221
16838000,2325,9729,130044,4288,11610,119014,132,19223,471,1,6146,0.0010000000000012221
16839002,5336,8965,128329,7850,-175,132319,132,19229,541,1,6147,0.0010019999999997253
16840000,6430,4726,124879,106,4050,119548,105,19232,430,1,6148,0.0009979999999991662
16841000,11615,6246,127303,1817,-202,123900,108,19218,442,0,6149,0.0009999999999976694
16842000,11737,-4007,127575,19669,-9195,135861,92,19230,377,0,6150,0.0010000000000012221
16843000,4813,-13284,124264,10433,-10566,127411,104,19230,377,0,6151,0.0010000000000012221
16844000,3732,3546,131997,-16718,2652,129769,120,19226,426,1,6152,0.0009999999999976694
16845000,1912,15624,130504,4663,12846,120518,120,19227,491,1,6153,0.0010000000000012221
16846002,1548,9879,130997,9258,4214,129071,113,19233,463,1,6154,0.0010019999999997253
16847002,3436,-363,130111,-7548,-7287,127744,102,19231,418,1,6155,0.0010000000000012221
16848002,9969,-24897,124812,6427,-29070,136960,148,19228,606,0,6156,0.0009999999999976694
16849000,6233,8232,134264,19121,5468,123429,103,19228,606,0,6157,0.000998000000002719
16850000,3013,-1299,126904,-15306,-4190,128574,104,19228,422,0,6158,0.0009999999999976694
16851000,-1595,12530,135584,-13246,11238,127978,104,19223,426,1,6159,0.0010000000000012221
16852001,-3397,1464,132108,7602,-5359,130600,142,19227,582,1,6160,0.0010009999999986974
16853000,-8381,-2112,128660,-1376,-5302,132930,108,19234,442,1,6161,0.0009990000000001942
16854000,1218,-616,131389,-22589,-6917,126580,105,19221,430,0,6162,0.0010000000000012221
16855000,-3005,-1325,129278,5775,-5430,127773,99,19221,405,0,6163,0.0010000000000012221
16856000,3513,-725,129894,1362,-3078,128380,111,19232,405,0,6164,0.0009999999999976694
16857000,-10463,2622,132835,-20805,-1969,128663,125,19226,455,0,6165,0.0010000000000012221
16858000,-7976,-1229,129286,-14227,-4835,131219,125,19220,512,1,6166,0.0010000000000012221
16859000,-9000,11541,131231,-8292,8826,124060,113,19227,463,1,6167,0.0009999999999976694
16860000,-5231,3335,129029,-7331,160,130391,101,19229,414,1,6168,0.0010000000000012221
16861000,-2376,7804,127372,-9222,3431,119012,136,19229,557,0,6169,0.0010000000000012221
16862000,-5867,-5710,125304,-5137,-9436,133379,101,19225,557,0,6170,0.0009999999999976694
16863000,-152,3529,128815,-7392,1878,127579,107,19231,414,0,6171,0.0010000000000012221
16864000,-5088,11118,128176,-9804,7174,118764,107,19225,438,1,6172,0.0010000000000012221
16865000,-6197,5083,127866,-8074,1090,134463,143,19226,586,1,6173,0.0009999999999976694
16866000,-6133,2930,126271,-9084,-798,122708,113,19230,463,1,6174,0.0010000000000012221
16867001,-1147,5023,126091,-7893,2023,125507,104,19224,426,0,6175,0.0010009999999986974
16868000,3135,2159,124334,2253,-1184,126336,106,19224,426,0,6176,0.0009990000000001942
16869000,8,-5316,122703,-2154,-9826,126194,110,19232,434,0,6177,0.0010000000000012221
16870000,1158,10110,127042,-9837,8409,126451,110,19229,451,0,6178,0.0010000000000012221
16871000,-1138,9096,124975,-2817,5600,118975,117,19216,479,1,6179,0.0009999999999976694
16872000,-3047,9690,128951,4293,6356,132173,116,19227,475,1,6180,0.0010000000000012221
16873000,4880,6009,121822,-3636,1999,118202,97,19229,397,1,6181,0.0009999999999976694
16874000,7914,7638,124087,72,4496,120661,121,19229,397,0,6182,0.0010000000000012221
16875000,11190,900,125233,13734,-2175,126728,105,19224,496,0,6183,0.0010000000000012221
16876000,9446,-12702,124112,7714,-15625,125434,105,19228,430,0,6184,0.0009999999999976694
16877000,58,-3404,129043,1683,-9500,134949,114,19227,467,1,6185,0.0010000000000012221
16878000,1401,12994,128556,-2805,9285,116803,144,19232,590,1,6186,0.0010000000000012221
16879000,2964,15174,130195,3491,18053,127193,112,19232,459,1,6187,0.0009999999999976694
16880000,6653,8984,125881,10294,4016,124950,97,19232,459,1,6188,0.0010000000000012221
16881000,11991,775,125563,-3190,-4295,124796,142,19225,397,0,6189,0.0010000000000012221
16882000,10542,-3451,126664,14757,-10462,124397,142,19229,582,0,6190,0.0009999999999976694
16883002,6720,-8548,127403,17289,-12843,128843,115,19229,471,0,6191,0.0010019999999997253
16884007,4895,1521,132284,-7994,2452,132617,113,19221,463,1,6192,0.0010050000000028092
16885000,979,15902,131361,-3580,15015,122859,115,19229,471,1,6193,0.0009929999999975792
16886000,-25,8886,128573,7291,5477,128931,107,19229,471,1,6194,0.0010000000000012221
16887000,5787,-3218,127223,-3344,-15217,127491,120,19229,438,1,6195,0.0010000000000012221
16888001,11323,-20529,126432,3200,-26979,133227,120,19216,491,0,6196,0.0010009999999986974
16889000,8538,2920,133206,28861,3788,124941,91,19226,373,0,6197,0.0009990000000001942
16890002,-2141,2856,129979,-22588,-2283,127789,104,19231,426,0,6198,0.0010019999999997253
16891002,-614,7668,133369,-22941,6838,125516,131,19221,537,1,6199,0.0010000000000012221
16892000,-9847,10641,130996,21950,1404,134217,114,19221,537,1,6200,0.0009979999999991662
16893000,-459,-2950,128695,-11722,-7571,127892,99,19229,467,1,6201,0.0010000000000012221
16894000,-3634,-8012,129480,-21433,-10453,132180,99,19230,405,0,6202,0.0009999999999976694
16895000,4715,-5434,131462,5094,-5388,128890,151,19234,618,0,6203,0.0010000000000012221
16896000,1788,10719,130538,6719,1512,125357,105,19226,430,0,6204,0.0010000000000012221
16897000,-9538,5666,130728,-27548,2273,126512,112,19225,459,1,6205,0.0009999999999976694
16898000,-9242,6903,130663,-16805,3925,136008,129,19225,528,1,6206,0.0010000000000012221
16899000,-9717,4078,128657,3920,4096,123271,110,19230,528,1,6207,0.0010000000000012221
16900000,-1769,22386,132851,-13664,17503,121056,112,19230,451,1,6208,0.0009999999999976694
16901000,-4204,-11249,124258,-11607,-17522,135956,112,19221,459,0,6209,0.0010000000000012221
16902000,-499,-3977,126520,-2570,-2801,122704,129,19232,528,0,6210,0.0009999999999976694
16903000,740,4880,128694,-5126,1341,131476,104,19232,426,0,6211,0.0010000000000012221
16904001,-6358,11115,126997,-4359,7911,117658,128,19232,524,1,6212,0.00100100000000225
16905000,-8785,10245,128560,-15762,7543,131006,119,19227,524,1,6213,0.0009989999999966415
16906000,-4199,-4998,123684,-15224,-7513,130809,104,19225,487,1,6214,0.0010000000000012221
16907000,3390,6975,128886,10145,4241,120491,104,19230,426,0,6215,0.0010000000000012221
16908000,-2494,-697,124212,-2042,-5456,127482,139,19232,569,0,6216,0.0009999999999976694
16909000,1849,-5467,122227,-18057,-9498,124358,108,19230,442,0,6217,0.0010000000000012221
16910000,-1881,5146,128495,3850,2974,131522,114,19230,467,0,6218,0.0010000000000012221
16911000,-2786,18215,126583,3103,15157,116121,154,19223,467,1,6219,0.0009999999999976694
16912002,-1709,10770,126463,-8697,6806,123475,109,19227,631,1,6220,0.0010019999999997253
16913000,1325,-5121,124442,-2387,-8833,131365,109,19231,446,1,6221,0.000998000000002719
16914000,13729,8363,123193,10003,4563,123135,99,19225,405,0,6222,0.0009999999999976694
16915000,6153,7447,125237,11819,2177,122269,93,19229,381,0,6223,0.0010000000000012221
16916000,5770,-8626,125618,-2791,-12722,123463,117,19227,479,0,6224,0.0010000000000012221
16917000,3514,-5346,125744,5330,-8982,133989,127,19227,479,1,6225,0.0009999999999976694
16918000,104,10475,127212,1479,7479,120700,117,19221,520,1,6226,0.0010000000000012221
16919000,6373,14767,126582,2288,7987,126137,117,19229,479,1,6227,0.0010000000000012221
16920000,7976,3115,125962,7583,98,123347,101,19230,414,1,6228,0.0009999999999976694
16921000,15758,-9907,127320,-445,-11967,130343,128,19222,524,0,6229,0.0010000000000012221
16922002,7475,-4370,128381,18474,-9397,130318,96,19230,393,0,6230,0.0010019999999997253
16923000,2784,-1638,128947,7098,-4448,130104,102,19230,393,0,6231,0.0009979999999991662
16924000,4410,8803,129735,-14504,-2008,132694,137,19230,418,1,6232,0.0010000000000012221
16925003,683,13758,131569,8724,7855,126237,137,19228,561,1,6233,0.0010030000000007533
16926000,5926,7836,128012,6511,3382,124163,113,19229,463,1,6234,0.0009969999999981383
16927000,5476,2865,130398,-7076,664,130082,105,19225,430,0,6235,0.0010000000000012221
16928000,9102,-10374,126553,12232,-17226,131073,129,19232,528,0,6236,0.0010000000000012221
16929000,5021,-133,129311,12249,-5137,131163,105,19232,528,0,6237,0.0009999999999976694
16930000,491,2049,132746,-14294,66,126622,113,19232,430,0,6238,0.0010000000000012221
16931000,-76,11773,132594,-8621,6287,126360,113,19219,463,1,6239,0.0010000000000012221
16932000,-7845,1798,131211,6502,-1743,130880,113,19230,463,1,6240,0.0009999999999976694
16933000,497,-4961,129541,-11179,-10255,131076,101,19230,414,1,6241,0.0010000000000012221
16934000,436,-544,129847,1844,-1049,128131,122,19229,500,0,6242,0.0009999999999976694
16935001,2935,8415,130424,1057,2075,120731,99,19229,500,0,6243,0.00100100000000225
16936000,-3823,4878,129915,-16267,-2241,131834,109,19227,405,0,6244,0.0009990000000001942
16937000,-6671,-6179,129584,-10107,-6781,133417,109,19224,446,1,6245,0.0009999999999976694
16938000,-8669,9268,131396,-8101,9103,126352,145,19229,594,1,6246,0.0010000000000012221
16939000,-11332,12852,131794,-13569,9716,120849,117,19228,479,1,6247,0.0010000000000012221
16940000,-2425,10643,129911,-9174,4768,124469,102,19225,418,1,6248,0.0009999999999976694
16941000,-3553,-8683,127570,-5401,-16442,138459,166,19225,680,0,6249,0.0010000000000012221
16942000,-1165,-8784,126219,-1431,-9779,126823,109,19231,680,0,6250,0.0010000000000012221
16943000,-2887,12561,128837,-13740,8550,123394,113,19231,446,0,6251,0.0009999999999976694
16944000,-5414,10574,126782,-8084,9967,118780,113,19221,463,1,6252,0.0010000000000012221
16945000,-3745,11274,128665,-7731,3179,131705,122,19228,500,1,6253,0.0010000000000012221
16946000,-5844,-3736,123882,-4720,-5917,128760,111,19228,455,1,6254,0.0009999999999976694
16947003,-1745,15075,126111,-5560,14078,116382,120,19228,491,0,6255,0.0010030000000007533
16948000,1190,783,125758,-5059,-3122,129175,93,19227,491,0,6256,0.000997000000001691
16949000,2852,492,124845,5792,-1739,126167,107,19228,381,0,6257,0.0009999999999976694
16950000,786,-7765,124633,-5822,-10976,135456,107,19232,438,0,6258,0.0010000000000012221
16951000,-3517,6110,126347,-7710,5209,111978,132,19220,541,1,6259,0.0010000000000012221
16952002,174,20747,129486,-1193,14733,125036,113,19227,463,1,6260,0.0010019999999997253
16953000,3688,-1221,121637,2209,-5504,128214,96,19227,393,1,6261,0.0009979999999991662
16954000,6449,1979,126090,8406,-2277,120722,120,19228,393,0,6262,0.0010000000000012221
16955000,8073,-1479,122695,1761,-6665,127596,110,19232,491,0,6263,0.0009999999999976694
16956000,6498,2403,126346,12087,-775,119424,110,19227,451,0,6264,0.0010000000000012221
16957000,4273,-5391,128084,738,-8708,137586,113,19221,463,1,6265,0.0010000000000012221
16958000,1910,13972,129330,-7138,11826,116625,127,19227,520,1,6266,0.0009999999999976694
16959000,5573,5447,126563,11102,1637,128751,108,19227,442,1,6267,0.0010000000000012221
16960000,8319,-9005,124437,9861,-12817,123721,107,19227,442,0,6268,0.0010000000000012221
16961000,8331,-1422,125346,-852,-5336,125990,85,19220,438,0,6269,0.0009999999999976694
16962000,9219,-9042,125489,9033,-12575,135852,85,19237,348,0,6270,0.0010000000000012221
16963000,3698,1431,129693,7918,-2744,118521,105,19228,430,0,6271,0.0010000000000012221
16964000,3402,6513,132174,-7665,2737,134297,123,19224,504,1,6272,0.0009999999999976694
16965000,-980,8071,129041,2464,4516,126056,113,19229,463,1,6273,0.0010000000000012221
16966000,2589,9325,128388,4682,3117,130790,97,19229,463,1,6274,0.0009999999999976694
16967000,10314,-4795,126620,-1764,-7512,123377,145,19229,397,0,6275,0.0010000000000012221
16968000,9528,-9030,128971,9146,-12636,129278,145,19230,594,0,6276,0.0010000000000012221
16969000,6973,-6263,130704,15722,-8286,135077,106,19229,434,0,6277,0.0009999999999976694
16970001,-1890,-3109,130636,-14795,-6526,126063,108,19221,442,1,6278,0.00100100000000225
16971000,-5188,13934,134408,-15792,11491,129604,145,19226,594,1,6279,0.0009990000000001942
16972000,-7147,4704,129451,6652,2381,130906,106,19226,594,1,6280,0.0009999999999976694
16973000,-3837,-7967,127779,-6081,-8778,130950,101,19231,434,1,6281,0.0010000000000012221
16974000,3,-1723,130372,-17116,-9788,130171,101,19222,414,0,6282,0.0010000000000012221
16975000,3671,2466,128156,2879,-4621,122741,112,19231,459,0,6283,0.0009999999999976694
16976000,-2282,10815,132186,1991,2959,128715,119,19228,487,0,6284,0.0010000000000012221
16977000,-6894,-2910,130139,-21167,-7414,130867,130,19222,532,1,6285,0.0010000000000012221
16978000,-9072,8791,132621,-15677,6557,132416,116,19222,532,1,6286,0.0009999999999976694
16979000,-5337,6043,127396,-7940,7342,123733,102,19228,475,1,6287,0.0010000000000012221
16980001,-1665,9542,130779,-7312,1664,124201,102,19230,418,1,6288,0.0010009999999986974
16981002,-3372,-7593,124338,-11454,-15311,130660,137,19223,561,0,6289,0.00100100000000225
16982001,-2102,-2605,126915,-4409,-4923,130021,105,19227,430,0,6290,0.0009990000000001942
16983001,-2738,7845,128870,-5788,3287,119088,107,19226,438,0,6291,0.0009999999999976694
16984002,-8518,12854,129070,-10852,9932,120816,145,19226,438,1,6292,0.00100100000000225
16985001,-7694,7159,128350,-16893,56,131699,113,19231,594,1,6293,0.0009990000000001942
16986000,-963,6993,126440,-2285,-684,124756,113,19234,463,1,6294,0.0009990000000001942
16987000,734,11839,125532,5306,6372,122675,106,19226,434,0,6295,0.0009999999999976694
16988000,2492,-2754,124622,-5853,-4457,123992,109,19229,446,0,6296,0.0010000000000012221
16989000,1773,616,127079,-5059,244,127207,111,19228,455,0,6297,0.0010000000000012221
16990000,1352,2223,125623,-1167,260,129999,118,19228,483,1,6298,0.0009999999999976694
16991000,-3135,20406,127182,-7593,18742,115685,116,19214,483,1,6299,0.0010000000000012221
16992000,-1508,8845,125926,4789,2739,130907,99,19231,475,1,6300,0.0010000000000012221
16993000,5957,621,121940,1343,-720,120788,99,19235,405,1,6301,0.0009999999999976694
16994006,11602,5112,125790,-283,-1303,127442,120,19229,491,0,6302,0.0010060000000002844
16995000,10267,-432,125367,21378,-3931,121817,103,19227,422,0,6303,0.0009940000000021598
16996000,7405,4522,127611,-1804,-2652,125542,115,19227,471,0,6304,0.0009999999999976694
16997000,2121,-7076,127394,-1960,-9271,136294,146,19224,471,1,6305,0.0010000000000012221
16998000,3570,15598,131318,8689,11488,117257,113,19225,598,1,6306,0.0009999999999976694
16999000,6665,7292,125064,2954,3550,126588,113,19229,463,1,6307,0.0010000000000012221
17000000,8357,6666,127582,3955,3640,119538,98,19228,401,0,6308,0.0010000000000012221
17001000,8913,-9460,125509,3142,-14073,134265,142,19232,582,0,6309,0.0009999999999976694
17002002,8840,-10822,126064,16318,-13867,126227,106,19232,434,0,6310,0.001002000000003278
17003000,4534,2901,129746,-5049,-637,126646,111,19235,434,0,6311,0.0009979999999991662
17004000,-300,9161,131008,-3424,5873,129751,114,19224,455,1,6312,0.0009999999999976694
17005000,2257,16984,131782,4780,14306,120456,114,19231,467,1,6313,0.0010000000000012221
17006000,2779,-5516,128276,-2084,-9169,137925,105,19229,430,1,6314,0.0010000000000012221
17007000,8472,-4832,127268,-520,-8577,120123,117,19218,479,0,6315,0.0009999999999976694
17008003,11734,-8594,128224,20112,-11012,133996,89,19230,365,0,6316,0.0010030000000007533
17009000,4467,-8509,127779,7733,-12137,134603,106,19230,365,0,6317,0.000997000000001691
17010000,2587,11615,134208,-23578,7177,122958,136,19228,434,1,6318,0.0009999999999976694
17011000,-6369,10421,132467,-453,8302,129409,136,19226,557,1,6319,0.0010000000000012221
17012002,-9281,2389,130007,4424,321,124217,114,19228,467,1,6320,0.0010019999999997253
17013000,-1242,-6634,128967,-21467,-14898,145864,95,19227,389,1,6321,0.0009979999999991662
17014000,-1054,-3101,129814,-3286,-7634,124509,144,19235,590,0,6322,0.0010000000000012221
17015000,5753,4005,131942,-967,1126,128618,110,19235,590,0,6323,0.0010000000000012221
17016000,-6831,5297,131297,-3630,2499,128880,117,19228,451,0,6324,0.0009999999999976694
17017000,-9674,-3793,130465,-17813,-4169,126659,117,19224,479,1,6325,0.0010000000000012221
17018000,-9726,1981,130945,-16305,-1281,139283,131,19225,537,1,6326,0.0010000000000012221
17019001,-8379,15845,129619,-6432,11056,119911,109,19233,446,1,6327,0.0010009999999986974
17020000,-1513,3764,128333,-11491,4124,132792,109,19219,446,0,6328,0.0009990000000001942
17021000,-4869,-6866,125077,-5982,-12919,127672,113,19219,446,0,6329,0.0010000000000012221
17022000,1149,-4697,125507,-3112,-13651,130330,105,19231,463,0,6330,0.0009999999999976694
17023000,-4900,6842,126748,-11398,11560,117753,105,19227,430,0,6331,0.0010000000000012221
17024000,-3358,17396,130036,-6103,6460,127000,129,19227,528,1,6332,0.0010000000000012221
17025000,-7155,7240,126016,-7704,7055,125969,118,19229,483,1,6333,0.0009999999999976694
17026000,-4462,-500,126850,-13146,-190,124946,101,19229,414,1,6334,0.0010000000000012221
17027000,4457,-1662,125831,-3668,-3554,127557,142,19229,414,0,6335,0.0009999999999976694
17028000,388,3066,124893,-2362,-1635,121261,107,19232,582,0,6336,0.0010000000000012221
17029000,1669,7855,126662,-10483,4382,123680,107,19229,438,0,6337,0.0010000000000012221
17030000,-2032,7902,126326,-2159,3464,126103,111,19228,455,1,6338,0.0009999999999976694
17031000,-3158,9992,125686,371,12672,127663,153,19231,627,1,6339,0.0010000000000012221
17032000,1771,9161,125827,-286,7051,122144,110,19231,451,1,6340,0.0010000000000012221
17033000,5167,5019,124255,2898,1991,124844,102,19231,418,0,6341,0.0009999999999976694
17034000,10441,1011,123259,5273,-2985,124413,85,19222,418,0,6342,0.0010000000000012221
17035000,8784,-4638,126582,8314,-10090,128917,113,19230,348,0,6343,0.0010000000000012221
17036000,5964,-9926,125711,8788,-15918,130721,113,19226,463,0,6344,0.0009999999999976694
17037002,350,16588,128152,-1204,15741,117122,124,19225,508,1,6345,0.0010019999999997253
17038000,5342,10934,128758,-7541,7789,125261,113,19228,463,1,6346,0.000998000000002719
17039000,7896,4101,124312,19294,-1692,128813,99,19228,405,1,6347,0.0009999999999976694
17040000,8806,11145,126087,5081,7140,118472,131,19232,405,0,6348,0.0010000000000012221
17041000,10205,1461,126380,-1543,-3699,128352,99,19228,537,0,6349,0.0010000000000012221
17042001,8808,-17938,130459,21909,-20598,135177,99,19228,405,0,6350,0.0010009999999986974
17043001,6461,-1564,129672,-3930,-5697,132174,103,19227,422,1,6351,0.0010000000000012221
17044000,-2826,12276,132049,-6558,7783,121368,136,19230,557,1,6352,0.0009990000000001942
17045000,-516,13303,131445,7151,9840,121794,115,19230,471,1,6353,0.0009999999999976694
17046001,5297,-1087,127386,-3196,-7402,135619,105,19234,471,1,6354,0.00100100000000225
17047000,9477,-9032,127774,3968,-11989,125940,129,19224,430,0,6355,0.0009990000000001942
17048000,10931,-4647,132187,19210,-7895,127874,129,19230,528,0,6356,0.0009999999999976694
17049000,1452,2142,128351,-2389,-1742,132177,103,19235,422,0,6357,0.0010000000000012221
17050003,2073,2461,131921,-15851,-45,130549,113,19221,463,1,6358,0.0010030000000007533
17051000,-5724,842,132416,550,-1628,135432,114,19232,467,1,6359,0.0009969999999981383
17052000,-6018,10142,129642,-1168,6603,120288,103,19232,467,1,6360,0.0010000000000012221
17053000,669,-808,128988,-19687,-4472,129168,123,19234,422,0,6361,0.0010000000000012221
17054000,2713,-10221,128072,1479,-14195,133504,123,19226,504,0,6362,0.0009999999999976694
17055000,1067,-2472,129206,6213,-6269,129773,99,19232,405,0,6363,0.0010000000000012221
17056001,-7363,4067,131398,-21260,575,125491,108,19229,442,0,6364,0.0010009999999986974
17057002,-9654,7861,131827,-14602,5968,124589,144,19228,590,1,6365,0.00100100000000225
17058000,-7855,1375,129117,-7089,-1936,137706,117,19228,590,1,6366,0.0009979999999991662
17059000,-6746,10223,129072,-7617,7216,121818,103,19231,479,1,6367,0.0009999999999976694
17060000,-1996,204,127789,-9219,-4609,129667,103,19228,422,0,6368,0.0010000000000012221
17061000,-2454,-2305,126187,-9332,-3581,122154,170,19231,696,0,6369,0.0010000000000012221
17062000,-91,-2229,128236,2467,-6477,128448,106,19236,434,0,6370,0.0009999999999976694
17063000,-7435,-1827,126763,-10839,-6078,134945,112,19221,459,1,6371,0.0010000000000012221
17064000,-9816,19746,128904,-15027,14652,112223,120,19221,459,1,6372,0.0010000000000012221
17065000,-5521,7563,130024,-10917,9545,131934,111,19226,491,1,6373,0.0009999999999976694
17066000,-2873,3019,124280,1857,-2648,118984,111,19228,455,1,6374,0.0010000000000012221
17067000,743,1828,124776,-5559,893,128550,118,19223,483,0,6375,0.0010000000000012221
17068000,2585,2572,125311,-7056,671,120085,104,19229,426,0,6376,0.0009999999999976694
17069000,2665,-232,125133,3895,-5639,132902,113,19229,463,0,6377,0.0010000000000012221
17070000,-1764,2676,127007,-6020,6834,122569,137,19229,463,1,6378,0.0010000000000012221
17071002,-3634,18358,126241,-4928,13955,117009,117,19222,561,1,6379,0.0010019999999997253
17072002,3723,4657,124467,-2746,1649,136048,117,19235,479,1,6380,0.0009999999999976694
17073002,11868,-1155,121887,9272,4813,115823,95,19227,389,0,6381,0.0010000000000012221
17074002,9395,-217,122908,8383,-6373,127844,122,19231,500,0,6382,0.0010000000000012221
17075000,6092,-2186,124524,1042,-5123,124720,113,19226,463,0,6383,0.0009979999999991662
17076000,4649,-4077,126897,7645,-6639,130599,112,19226,459,0,6384,0.0010000000000012221
17077000,1653,4772,129571,3208,3240,122811,131,19227,459,1,6385,0.0009999999999976694
17078000,1985,16556,128868,-847,10616,120545,105,19226,537,1,6386,0.0010000000000012221
17079000,7706,-4400,125544,6839,-11016,132811,105,19233,430,1,6387,0.0010000000000012221
17080001,10924,3811,125667,9612,1777,118225,106,19220,434,0,6388,0.0010009999999986974
17081000,10995,-5435,126108,7148,-10928,136482,93,19230,381,0,6389,0.0009990000000001942
17082003,4881,-3783,129345,12230,-5558,121965,106,19230,434,0,6390,0.0010030000000007533
17083002,3491,7548,130503,-10743,442,126895,121,19224,434,1,6391,0.0009990000000001942
17084002,31,4590,131307,276,394,133186,112,19224,496,1,6392,0.0009999999999976694
17085000,874,5595,128498,11704,1059,121607,112,19229,459,1,6393,0.000998000000002719
17086000,4172,-1963,129117,-5653,-8182,128589,98,19227,401,1,6394,0.0009999999999976694
17087000,11179,-11523,126555,1880,-14803,129276,143,19226,586,0,6395,0.0010000000000012221
17088000,7923,1256,129470,20900,-1852,131316,104,19226,426,0,6396,0.0010000000000012221
17089000,387,-5056,129926,-15454,-7923,131126,107,19233,426,0,6397,0.0009999999999976694
17090000,-3179,14931,133674,-14620,12210,118252,153,19224,438,1,6398,0.0010000000000012221
17091000,-2614,2266,133577,5198,-3514,138727,153,19229,627,1,6399,0.0009999999999976694
17092002,-7641,1807,130470,-1317,-2343,128987,108,19232,442,1,6400,0.001002000000003278
17093002,1998,-7849,128464,-24175,-12337,130628,101,19223,414,0,6401,0.0009999999999976694
17094002,-4602,8696,131041,5819,6356,122172,117,19228,479,0,6402,0.0010000000000012221
17095000,1108,6511,129607,647,2494,121702,112,19228,479,0,6403,0.0009979999999991662
17096000,-6712,3070,133494,-19948,-98,136444,127,19228,459,0,6404,0.0010000000000012221
17097000,-9241,2942,130093,-12301,652,129339,127,19220,520,1,6405,0.0009999999999976694
17098000,-6300,13706,132511,-6531,10854,128025,115,19227,471,1,6406,0.0010000000000012221
17099000,-4690,3393,129016,-8215,908,125504,104,19230,426,1,6407,0.0010000000000012221
17100000,1469,-6076,127088,-9325,-8979,133527,131,19217,537,0,6408,0.0009999999999976694
17101000,-6080,674,124906,-2181,-2570,126525,99,19217,537,0,6409,0.0010000000000012221
17102001,374,7796,126275,-8959,4547,120280,105,19233,405,0,6410,0.0010009999999986974
17103000,-3091,11090,129454,-13061,8405,126536,105,19227,430,1,6411,0.0009990000000001942
17104002,-7352,4450,126985,-802,593,131275,150,19228,614,1,6412,0.0010019999999997253
17105000,-5250,3266,126409,-10539,-445,125260,118,19224,483,1,6413,0.000998000000002719
17106000,-1948,9833,128547,-14443,6742,121056,103,19224,422,0,6414,0.0009999999999976694
17107000,4589,3310,123574,5782,-2021,126238,109,19224,422,0,6415,0.0010000000000012221
17108000,-985,-5424,121958,-1024,-8490,124572,111,19232,446,0,6416,0.0010000000000012221
17109000,659,5091,126397,-15127,1195,126243,111,19230,455,0,6417,0.0009999999999976694
17110001,-1574,10224,126831,3578,7586,126437,119,19221,487,1,6418,0.00100100000000225
17111000,-1766,10292,128032,-479,8812,120037,130,19227,532,1,6419,0.0009990000000001942
17112000,6118,8444,126891,-7421,9655,128460,100,19232,410,1,6420,0.0009999999999976694
17113000,2242,7586,122111,13643,-1283,118216,116,19232,410,0,6421,0.0010000000000012221
17114000,13156,5721,123824,-2582,-182,124413,102,19227,475,0,6422,0.0010000000000012221
17115000,7884,-3956,126572,10660,-10268,125656,102,19230,418,0,6423,0.0009999999999976694
17116000,6426,-4656,124257,15049,-9577,129241,117,19226,479,1,6424,0.0010000000000012221
17117000,1679,1785,129251,-12786,4113,124509,145,19231,594,1,6425,0.0010000000000012221
17118000,1842,10271,128538,2653,8236,125346,115,19230,471,1,6426,0.0009999999999976694
17119001,11326,3082,123340,18547,2949,125369,96,19230,393,1,6427,0.00100100000000225
17120000,3532,2904,127167,-6834,3203,120719,136,19226,393,0,6428,0.0009990000000001942
17121002,15244,-11935,126658,-5934,-23528,137194,109,19236,557,0,6429,0.0010019999999997253
17122000,4321,-1400,128237,18359,-107,122396,109,19231,446,0,6430,0.0009979999999991662
17123000,1556,5849,132497,-16692,209,131588,109,19227,446,1,6431,0.0009999999999976694
17124000,2181,6369,130614,-2127,5571,123858,124,19230,508,1,6432,0.0010000000000012221
17125000,-606,13063,130136,16568,7833,127155,105,19230,430,1,6433,0.0010000000000012221
17126000,8033,-6794,127559,-7146,-12782,132555,114,19232,430,0,6434,0.0009999999999976694
17127000,6450,-6248,128103,-4673,-4511,121958,99,19215,467,0,6435,0.0010000000000012221
17128000,10109,-6452,129212,26694,-12681,138444,99,19232,405,0,6436,0.0010000000000012221
17129000,426,-3207,130365,-16157,-2743,123322,113,19229,463,0,6437,0.0009999999999976694
17130000,-172,15912,136228,-26044,4819,131562,136,19224,557,1,6438,0.0010000000000012221
17131000,-6983,10799,131052,17510,8172,124301,113,19224,463,1,6439,0.0010000000000012221
17132000,-4808,3269,129264,-15957,1327,125015,96,19232,463,1,6440,0.0009999999999976694
17133000,1233,-12511,130764,-15506,-17412,140737,151,19231,393,0,6441,0.0010000000000012221
17134000,1711,103,127323,13881,-2154,121690,151,19233,618,0,6442,0.0010000000000012221
17135000,193,5459,131575,-5153,2412,130162,109,19230,446,0,6443,0.0009999999999976694
17136000,-6177,-2524,131985,-21858,-3573,130775,112,19222,459,1,6444,0.0010000000000012221
17137000,-8759,4551,130263,-8469,2349,129776,133,19222,545,1,6445,0.0010000000000012221
17138000,-12193,10470,129799,-6523,6032,128427,109,19228,545,1,6446,0.0009999999999976694
17139000,-2542,14987,129860,-16511,13531,124329,107,19229,446,1,6447,0.0010000000000012221
17140000,-3030,-5078,123577,-3448,-10306,131042,107,19221,438,0,6448,0.0010000000000012221
17141000,34,-3671,127817,-4164,-5875,128450,128,19232,524,0,6449,0.0009999999999976694
17142000,2037,1766,129371,-5911,-1900,127432,102,19229,418,0,6450,0.0010000000000012221
17143000,-6239,14342,128345,-2507,11217,121642,123,19224,504,1,6451,0.0010000000000012221
17144000,-8149,13223,127371,-17994,8502,124198,117,19224,504,1,6452,0.0009999999999976694
17145002,-6768,2366,127195,-8948,-93,130663,102,19231,479,1,6453,0.0010019999999997253
17146001,2609,9911,127495,3806,6780,120527,102,19228,418,0,6454,0.0009990000000001942
17147001,-1959,-7167,123827,-2794,-10082,126913,140,19230,573,0,6455,0.0010000000000012221
17148002,2600,-1625,125325,-7703,-5575,126840,108,19228,442,0,6456,0.0010009999999986974
17149000,202,2022,126015,-2429,-792,125178,110,19228,451,0,6457,0.000998000000002719
17150001,-2349,15950,125873,3085,11799,122850,161,19228,451,1,6458,0.0010009999999986974
17151000,-2654,13541,126248,-8433,13382,119107,108,19228,659,1,6459,0.0009990000000001942
17152000,3233,6310,124594,-1217,2238,126945,108,19235,442,1,6460,0.0009999999999976694
17153000,11839,-3192,123672,10186,-6009,127841,103,19223,422,0,6461,0.0010000000000012221
17154000,9354,-7988,124742,8897,-17150,129312,88,19228,360,0,6462,0.0010000000000012221
17155001,6294,6042,126742,4043,7165,118475,114,19224,467,0,6463,0.0010009999999986974
17156000,3869,-5849,124792,1958,-10619,132483,124,19224,467,1,6464,0.0009990000000001942
17157000,-264,14775,129640,3889,7445,126539,113,19222,508,1,6465,0.0010000000000012221
17158000,4042,11685,124980,-3476,7170,119844,113,19229,463,1,6466,0.0009999999999976694
17159000,9793,6719,126739,5754,4903,122568,99,19231,405,1,6467,0.0010000000000012221
17160000,13993,-3844,125949,13274,-6968,133040,129,19225,528,0,6468,0.0010000000000012221
17161000,9651,-14236,125477,8559,-20080,130792,98,19229,401,0,6469,0.0009999999999976694
17162000,4548,597,130531,4898,-7094,128103,103,19229,401,0,6470,0.0010000000000012221
17163000,2956,2334,130012,-4590,-686,130490,133,19226,422,1,6471,0.0010000000000012221
17164000,-229,12152,129496,2413,8789,121419,133,19234,545,1,6472,0.0009999999999976694
17165000,1307,5617,128465,2690,-3407,131927,112,19232,459,1,6473,0.0010000000000012221
17166000,8506,-7374,127735,-2361,-5895,127242,104,19223,426,0,6474,0.0010000000000012221
17167001,11404,-7100,129377,12766,-4779,125779,135,19230,553,0,6475,0.0010009999999986974
17168001,3108,840,130934,1989,-7992,133931,110,19230,451,0,6476,0.0010000000000012221
17169002,-1156,3074,131439,-19363,788,123998,115,19225,451,0,6477,0.0010009999999986974
17170000,-3733,4935,134475,-2681,893,134910,123,19220,471,1,6478,0.0009979999999991662
17171000,-6603,3992,130388,4889,-628,125625,123,19232,504,1,6479,0.0010000000000012221
17172000,-2953,2023,130359,-18705,-5559,126870,101,19235,414,1,6480,0.0010000000000012221
17173000,1382,-8623,130288,-7366,-13562,134360,121,19222,496,0,6481,0.0009999999999976694
17174000,6489,545,128093,15205,2036,123599,99,19222,405,0,6482,0.0010000000000012221
17175000,-7012,6455,130079,-15960,3285,129198,105,19227,405,0,6483,0.0010000000000012221
17176000,-6489,7859,130048,-18992,1976,125861,139,19225,430,1,6484,0.0009999999999976694
17177001,-8728,261,129893,-1762,-4191,136432,139,19230,569,1,6485,0.00100100000000225
17178000,-9380,13784,132409,-11984,13171,125097,115,19232,471,1,6486,0.0009990000000001942
17179000,380,7588,127688,-11152,4879,117664,99,19228,405,1,6487,0.0009999999999976694
17180000,-2461,-11472,127514,-5395,-16267,138856,168,19228,688,0,6488,0.0010000000000012221
17181000,-478,-3623,125305,-4252,-6793,127586,103,19232,688,0,6489,0.0010000000000012221
17182000,-4202,6604,127147,-12907,4694,125171,105,19230,422,0,6490,0.0009999999999976694
17183000,-6087,9256,128814,-8591,7344,121966,105,19224,430,1,6491,0.0010000000000012221
17184000,-5698,11111,127029,-8480,4796,125041,118,19229,483,1,6492,0.0009999999999976694
17185000,-3048,2327,127066,-7521,-3741,131582,109,19229,446,1,6493,0.0010000000000012221
17186000,-308,6708,125312,3588,2879,118760,118,19220,483,0,6494,0.0010000000000012221
17187000,-826,7516,126239,-11911,5838,121620,99,19220,483,0,6495,0.0009999999999976694
17188000,3104,3388,126274,3057,7,123658,109,19227,405,0,6496,0.0010000000000012221
17189000,-1670,-3815,124911,5689,-7699,129491,109,19228,446,0,6497,0.0010000000000012221
17190000,-2952,3303,128126,-15574,1293,132996,131,19224,537,1,6498,0.0009999999999976694
17191003,-809,23623,127399,-256,20943,111360,113,19229,463,1,6499,0.0010030000000007533
17192000,6971,8184,126417,5087,4409,131247,97,19231,397,1,6500,0.000997000000001691
17193000,8471,-5062,120859,5809,-8809,121677,125,19231,397,0,6501,0.0009999999999976694
17194000,9363,-4469,125555,3403,-7872,129871,111,19231,512,0,6502,0.0010000000000012221
17195000,6155,2805,125705,7900,-484,123075,111,19225,455,0,6503,0.0010000000000012221
17196000,3607,9495,129018,5557,7591,121452,110,19224,451,1,6504,0.0009999999999976694
17197001,4249,-742,127738,-3855,-4032,138010,129,19232,528,1,6505,0.00100100000000225
17198000,5844,11045,127428,5342,10477,117308,106,19234,434,1,6506,0.0009990000000001942
17199000,9932,2245,125678,8171,-1973,128851,105,19234,434,0,6507,0.0009999999999976694
17200000,8127,5872,127411,7540,3752,119173,93,19219,430,0,6508,0.0010000000000012221
17201000,9827,-15778,124673,4194,-19778,136377,93,19233,381,0,6509,0.0010000000000012221
17202000,5745,-2124,129298,6512,-7750,130069,101,19229,414,0,6510,0.0009999999999976694
17203000,1877,10025,130396,-365,10113,119026,121,19227,496,1,6511,0.0010000000000012221
17204000,-232,8833,131452,-3180,5953,134953,113,19227,463,1,6512,0.0010000000000012221
17205000,3514,-1791,126360,4650,-2640,119593,102,19227,463,1,6513,0.0009999999999976694
17206000,7535,-11949,127777,2445,-13171,136724,143,19231,418,0,6514,0.0010000000000012221
17207002,9202,3099,129921,932,-5811,120649,143,19230,586,0,6515,0.0010019999999997253
17208000,4063,-3357,130072,18463,-4122,139485,103,19229,422,0,6516,0.0009979999999991662
17209000,1082,-1219,131349,-21190,-10634,121513,106,19220,434,1,6517,0.0010000000000012221
17210000,-5675,6029,132701,-9711,6014,134344,144,19228,590,1,6518,0.0010000000000012221
17211000,-4412,-1223,129514,7541,-3205,128182,109,19228,446,1,6519,0.0009999999999976694
17212001,-6257,764,129306,-13552,-11837,125312,105,19231,446,1,6520,0.00100100000000225
17213000,3294,-7514,129417,-13793,-3771,137012,115,19226,430,0,6521,0.0009990000000001942
17214000,1260,12264,128972,3150,10778,114414,115,19230,471,0,6522,0.0009999999999976694
17215000,-2422,969,132071,-2626,-7771,137912,109,19228,446,0,6523,0.0010000000000012221
17216000,-7756,-12,129908,-16042,-1448,128168,126,19221,516,1,6524,0.0009999999999976694
17217000,-10317,3174,129611,-9284,1767,132415,116,19221,475,1,6525,0.0010000000000012221
17218000,-3874,16739,132328,-7651,13745,121821,103,19232,475,1,6526,0.0010000000000012221
17219000,-5233,2104,126917,-6485,-1988,128236,130,19228,422,0,6527,0.0009999999999976694
17220001,-1871,-5318,126227,-10950,-7216,129890,130,19221,532,0,6528,0.00100100000000225
17221000,-3164,6744,127279,-7062,7476,119419,101,19231,414,0,6529,0.0009990000000001942
17222000,-970,1446,127248,-7195,1475,130337,107,19228,438,0,6530,0.0009999999999976694
17223000,-6956,12771,129863,-7207,9216,122669,149,19228,610,1,6531,0.0010000000000012221
17224000,-7407,-253,125796,-20705,-7743,131969,118,19232,610,1,6532,0.0010000000000012221
17225000,1381,15468,130243,5293,13271,120725,104,19230,483,1,6533,0.0009999999999976694
17226000,-30,-898,124102,-1111,-3359,123855,104,19224,426,0,6534,0.0010000000000012221
17227000,3438,-2002,126567,-3167,-3342,128707,117,19230,479,0,6535,0.0010000000000012221
17228000,-2772,5754,124666,-1390,863,121773,117,19228,479,0,6536,0.0009999999999976694
17229000,5,11738,125670,-6544,10629,128290,123,19224,504,1,6537,0.0010000000000012221
17230000,-4330,10499,127464,-5405,8695,121908,133,19224,504,1,6538,0.0010000000000012221
17231000,470,6233,126067,-6430,1112,125548,103,19233,545,1,6539,0.0009999999999976694
17232000,8642,7145,125264,10687,2059,123661,103,19228,422,0,6540,0.0010000000000012221
17233001,5830,312,122592,5239,-3298,123714,117,19228,479,0,6541,0.0010009999999986974
17234001,10656,61,125138,51,-2801,124884,101,19229,414,0,6542,0.0010000000000012221
17235002,3688,384,126444,8538,-3578,126790,112,19228,459,0,6543,0.0010009999999986974
17236000,6529,-2927,128869,927,-6165,130291,144,19228,459,1,6544,0.000998000000002719
17237000,3160,16435,128800,2405,14642,118314,115,19229,590,1,6545,0.0009999999999976694
17238000,6534,10415,126331,3334,6950,127839,115,19231,471,1,6546,0.0010000000000012221
17239000,13494,1665,124630,12091,-1495,128731,96,19225,393,0,6547,0.0010000000000012221
17240000,6752,7908,129849,5129,4976,120675,135,19234,553,0,6548,0.0009999999999976694
17241000,10318,-10042,124994,8310,-14018,133932,102,19232,418,0,6549,0.0010000000000012221
17242000,3582,1728,130137,2396,-1514,125945,108,19232,418,0,6550,0.0010000000000012221
17243000,2781,6250,129398,209,1118,131159,116,19225,442,1,6551,0.0009999999999976694
17244002,2291,13040,131980,349,10443,123733,116,19228,475,1,6552,0.0010019999999997253
17245000,2909,3510,130427,-1681,1702,126876,108,19229,442,1,6553,0.000998000000002719
17246000,11510,-9409,127744,2892,-11403,133278,116,19214,475,0,6554,0.0009999999999976694
17247000,3429,-1421,130603,12214,-5230,127130,90,19228,369,0,6555,0.0010000000000012221
17248000,6489,-12284,129057,2214,-17392,141215,103,19228,369,0,6556,0.0009999999999976694
17249000,1952,13092,132883,-11336,11448,118633,131,19228,422,1,6557,0.0010000000000012221
17250000,-4241,7210,133499,-5652,8639,127884,131,19222,537,1,6558,0.0010000000000012221
17251000,-7581,1942,129764,1099,-2555,132062,116,19228,475,1,6559,0.0009999999999976694
17252001,-2017,-9876,128346,-12728,-12232,128641,97,19228,397,1,6560,0.00100100000000225
17253000,-1214,-2639,128908,-5618,-11511,138907,151,19228,618,0,6561,0.0009990000000001942
17254000,3350,5301,129555,-1534,2554,122095,107,19228,618,0,6562,0.0009999999999976694
17255000,-4348,5096,132543,-5606,93,135008,113,19229,438,0,6563,0.0010000000000012221
17256001,-6342,-3393,128085,-15099,-8045,129884,113,19228,463,1,6564,0.0010009999999986974
17257000,-7844,6129,130228,-11985,4704,127946,136,19227,557,1,6565,0.0009990000000001942
17258000,-5084,10103,130336,-8074,10772,124709,111,19231,455,1,6566,0.0010000000000012221
17259000,-3279,5244,128039,-8766,-3989,127641,110,19222,451,0,6567,0.0010000000000012221
17260000,-5713,-8871,124650,-7466,-6789,130788,128,19222,524,0,6568,0.0009999999999976694
17261000,-2133,454,128815,-8323,882,121443,104,19237,524,0,6569,0.0010000000000012221
17262000,-3819,2929,128426,-7499,1852,132166,122,19230,426,0,6570,0.0010000000000012221
17263001,-4740,11261,128963,-10986,9631,120152,122,19223,500,1,6571,0.0010009999999986974
17264000,-9303,6425,128256,-12265,7718,126658,119,19227,487,1,6572,0.0009990000000001942
17265000,-1136,3473,124972,-8646,4188,129744,103,19229,422,1,6573,0.0010000000000012221
17266000,1993,-2607,122636,3049,-5788,122727,139,19229,569,0,6574,0.0009999999999976694
17267001,1865,-3873,125658,46,-6824,130544,107,19236,569,0,6575,0.00100100000000225
17268000,2127,7532,123364,-8622,9592,120108,111,19231,438,0,6576,0.0009990000000001942
17269000,-927,7214,127468,-1494,2522,128041,111,19225,455,1,6577,0.0009999999999976694
17270000,-727,7158,125126,3160,5890,125734,166,19227,680,1,6578,0.0010000000000012221
17271001,-410,7713,124355,-5515,1840,123103,110,19229,451,1,6579,0.0010009999999986974
17272000,4818,12274,125637,773,12136,119547,101,19222,414,0,6580,0.0009990000000001942
17273000,10766,-604,123792,9325,-6910,122939,83,19222,414,0,6581,0.0010000000000012221
17274000,7377,-9934,125765,10428,-9713,135881,111,19232,340,0,6582,0.0010000000000012221
17275000,4600,-5321,125759,-2966,-8022,122626,111,19230,455,0,6583,0.0009999999999976694
17276007,3266,3476,126550,4682,2923,126913,124,19220,508,1,6584,0.0010070000000013124
17277000,3328,15437,128752,3846,9904,121740,110,19232,451,1,6585,0.0009929999999975792
17278000,7521,-390,124939,2057,-3373,127452,98,19236,401,1,6586,0.0010000000000012221
17279000,9107,2083,126483,9365,-1040,123348,128,19236,401,0,6587,0.0010000000000012221
17280000,11987,1546,127597,9110,-4303,128642,108,19223,524,0,6588,0.0009999999999976694
17281002,6805,-4810,127915,11362,-7300,129739,108,19229,442,0,6589,0.001002000000003278
17282000,3624,1257,131699,-1957,-2441,129418,109,19228,446,1,6590,0.0009979999999991662
17283001,-630,1681,129833,-2184,-1955,133638,141,19231,577,1,6591,0.0010009999999986974
17284000,-719,19347,132111,3091,17735,119730,113,19231,463,1,6592,0.0009990000000001942
17285002,7359,-575,126992,-2543,-4274,131436,102,19231,463,1,6593,0.0010019999999997253
17286000,10930,-10290,125941,2585,-14282,128945,129,19227,418,0,6594,0.0009979999999991662
17287000,13060,-2928,129974,16798,-6437,129234,129,19233,528,0,6595,0.0010000000000012221
17288002,-151,-6137,126730,3924,-9135,130276,105,19227,430,0,6596,0.0010019999999997253
17289002,3759,8212,134542,-24920,5642,123478,111,19221,455,1,6597,0.0010000000000012221
17290002,-8849,3453,132265,2512,1531,135516,113,19228,463,1,6598,0.0009999999999976694
17291000,-3830,900,129635,1873,-2723,127651,100,19228,463,1,6599,0.000998000000002719
17292001,-3637,-365,130838,-17698,-791,126210,122,19231,410,0,6600,0.0010009999999986974
17293003,2143,-5645,129858,-5763,-8794,132466,122,19227,500,0,6601,0.0010019999999997253
17294000,-224,7876,131980,12166,5533,121521,102,19229,418,0,6602,0.000997000000001691
17295000,-8785,996,131666,-20766,-2674,131411,109,19225,446,0,6603,0.0009999999999976694
17296000,-8046,6510,131628,-16780,4695,124994,145,19227,594,1,6604,0.0010000000000012221
17297000,-11045,585,128999,-1768,769,137156,117,19227,594,1,6605,0.0010000000000012221
17298000,-4075,10886,131574,-13742,5365,128353,101,19232,479,1,6606,0.0009999999999976694
17299000,-5280,3156,128354,-9087,5022,121155,101,19231,414,0,6607,0.0010000000000012221
17300000,-1144,-7330,124905,-9739,-9793,130812,171,19231,700,0,6608,0.0010000000000012221
17301000,-1072,7368,128704,1350,5152,123567,105,19232,430,0,6609,0.0009999999999976694
17302000,-4818,8132,126872,-13317,3818,124724,109,19222,446,1,6610,0.0010000000000012221
17303000,-8676,7902,127760,-9623,1512,123663,121,19222,496,1,6611,0.0010000000000012221
17304000,-3847,2980,128991,-13113,2872,130252,110,19228,496,1,6612,0.0009999999999976694
17305000,937,8166,125319,-2641,6090,120740,118,19230,451,1,6613,0.0010000000000012221
17306000,-4038,-733,122410,5467,-6473,125607,118,19225,483,0,6614,0.0010000000000012221
17307000,3410,-2293,124592,-14764,1549,133322,97,19229,397,0,6615,0.0009999999999976694
17308000,2323,5542,125723,634,1872,120174,107,19230,438,0,6616,0.0010000000000012221
17309000,1709,7309,126550,2767,7771,127781,133,19230,545,1,6617,0.0009999999999976694
17310000,-3556,9998,127149,-3379,3018,122103,113,19221,545,1,6618,0.0010000000000012221
17311002,3922,5153,124817,-2045,-3072,125076,96,19228,463,1,6619,0.0010019999999997253
17312003,8411,8710,125966,10126,1374,124431,96,19226,393,0,6620,0.00100100000000225
17313000,4788,2540,124808,6502,-1170,120285,128,19231,524,0,6621,0.0009969999999981383
17314000,7979,-1545,125376,1924,-6432,127529,117,19228,479,0,6622,0.0010000000000012221
17315000,2363,-5308,125596,6378,-4644,127748,117,19228,479,0,6623,0.0009999999999976694
17316000,5715,7730,129092,-666,8372,124921,136,19224,479,1,6624,0.0010000000000012221
17317000,2900,14300,127773,4657,9286,119830,109,19228,557,1,6625,0.0010000000000012221
17318000,8606,1292,125616,3127,-6116,128935,109,19233,446,1,6626,0.0009999999999976694
17319000,10808,-6921,126868,9211,-12074,129488,110,19222,451,0,6627,0.0010000000000012221
17320000,8673,-8365,126753,10830,-11346,123170,93,19231,381,0,6628,0.0010000000000012221
17321000,5796,-5306,128231,5698,-8722,132988,101,19229,414,0,6629,0.0009999999999976694
17322000,2258,12492,130168,-4286,9782,122339,120,19229,414,1,6630,0.0010000000000012221
17323000,2046,8390,128794,-94,2994,134460,115,19223,491,1,6631,0.0010000000000012221
17324000,-1058,1387,129311,6800,-119,123926,115,19229,471,1,6632,0.0009999999999976694
17325000,6591,2944,129600,-3739,-1349,126814,100,19231,410,1,6633,0.0010000000000012221
17326000,10141,-11769,126565,6223,-16334,133932,144,19226,590,0,6634,0.0010000000000012221
17327000,5842,7981,129845,16920,4341,123705,103,19234,422,0,6635,0.0009999999999976694
17328000,2807,-4508,128661,-19564,-7866,134866,106,19234,422,0,6636,0.0010000000000012221
17329000,-4007,15722,135211,-9470,14089,115983,141,19224,434,1,6637,0.0010000000000012221
17330001,-4004,-1855,133077,2574,-6078,140582,141,19230,577,1,6638,0.0010009999999986974
17331002,-6991,-464,130024,-3023,-1956,125482,108,19232,442,1,6639,0.0010009999999986974
17332002,1205,-5495,129640,-23189,-9609,129203,103,19225,422,0,6640,0.0010000000000012221
17333002,-515,5014,130824,7995,1465,129357,103,19230,422,0,6641,0.0010000000000012221
17334002,-1970,3317,129399,4099,1072,121664,112,19230,422,0,6642,0.0009999999999976694
17335002,-8168,2259,132851,-25449,-883,133082,125,19229,459,1,6643,0.0010000000000012221
17336000,-10754,228,128819,-12832,-2184,129854,125,19220,512,1,6644,0.0009979999999991662
17337000,-5556,12172,131021,-5996,8252,128387,115,19230,471,1,6645,0.0010000000000012221
17338000,-4416,8384,130726,-7887,6219,125966,102,19231,418,1,6646,0.0010000000000012221
17339000,-1245,-4329,125994,-10907,-6047,130791,132,19220,541,0,6647,0.0009999999999976694
17340000,-2519,-2455,125806,-4536,-5988,130071,109,19220,541,0,6648,0.0010000000000012221
17341001,-2513,6555,127685,-6537,2045,123149,109,19228,446,0,6649,0.0010009999999986974
17342000,-3344,13021,128385,-13799,5738,124503,109,19225,446,1,6650,0.0009990000000001942
17343000,-7855,5983,127449,-1058,8372,125366,147,19228,602,1,6651,0.0010000000000012221
17344000,-3283,-575,125637,-13876,-5317,131570,114,19225,467,1,6652,0.0009999999999976694
17345000,-1429,10190,128861,-4807,5740,123049,105,19225,430,0,6653,0.0010000000000012221
17346000,1108,8513,125035,5963,3711,121309,110,19225,430,0,6654,0.0010000000000012221
17347000,1391,-1814,124021,-4313,-3835,125969,110,19228,451,0,6655,0.0009999999999976694
17348000,-1863,-1346,125024,-9611,-7706,127746,110,19232,451,0,6656,0.0010000000000012221
17349000,835,12919,126560,1684,6526,119285,119,19219,487,1,6657,0.0010000000000012221
17350000,-2586,12582,126404,-1774,10626,124437,120,19230,491,1,6658,0.0009999999999976694
17351000,7547,-2168,125378,-6202,1300,128402,100,19228,410,1,6659,0.0010000000000012221
17352000,5310,-734,123004,11740,493,123774,117,19228,479,0,6660,0.0010000000000012221
17353000,10472,3808,122267,578,2601,123189,101,19225,479,0,6661,0.0009999999999976694
17354000,7420,4718,123397,2747,4048,117739,110,19231,414,0,6662,0.0010000000000012221
17355002,3081,-1700,127650,14192,-7876,133300,110,19229,451,1,6663,0.0010019999999997253
17356002,5950,-1814,128403,-8505,100,129018,144,19227,590,1,6664,0.0010000000000012221
17357001,1708,10925,129662,19086,8074,123629,113,19230,463,1,6665,0.0009990000000001942
17358000,8940,5940,125773,4889,2198,121990,98,19230,401,1,6666,0.0009990000000001942
17359000,8338,6995,126245,-5778,826,124766,138,19224,401,0,6667,0.0009999999999976694
17360003,10939,-15315,125964,16038,-22760,138986,104,19239,565,0,6668,0.0010030000000007533
17361000,7121,-2964,127751,9446,1504,121294,104,19229,426,0,6669,0.000997000000001691
17362000,965,11486,132566,-10170,6472,128429,109,19224,446,1,6670,0.0009999999999976694
17363000,3661,4608,129349,3566,-701,126640,118,19226,483,1,6671,0.0010000000000012221
17364000,457,9590,130459,8067,1275,130800,106,19223,434,1,6672,0.0010000000000012221
17365000,7538,-2641,126638,-8665,-6401,131111,115,19223,434,0,6673,0.0009999999999976694
17366000,7421,7448,130846,4856,5474,115449,88,19218,471,0,6674,0.0010000000000012221
17367000,7872,-9522,128056,21207,-13566,140315,88,19231,360,0,6675,0.0010000000000012221
17368001,2492,-6416,131616,-19671,-6621,130697,104,19230,426,0,6676,0.0010009999999986974
17369000,-1379,11564,133345,-13215,9270,126290,135,19220,553,1,6677,0.0009990000000001942
17370002,-7617,9272,131085,13374,6887,128833,113,19230,463,1,6678,0.0010019999999997253
17371000,-2197,9,128224,-19251,-5190,123497,97,19230,463,1,6679,0.0009979999999991662
17372000,-1376,-12720,129289,-11515,-16748,140628,139,19227,397,0,6680,0.0010000000000012221
17373001,5187,5802,129502,9469,2309,125206,139,19228,569,0,6681,0.0010009999999986974
17374000,-4682,10407,132719,-2879,6005,127498,112,19220,459,0,6682,0.0009990000000001942
17375000,-4374,2195,132242,-20515,-1026,131560,119,19225,487,1,6683,0.0010000000000012221
17376002,-6513,-2434,130036,-9051,-4087,130993,134,19226,549,1,6684,0.0010019999999997253
17377000,-10309,6752,129726,-1083,3499,129795,113,19226,549,1,6685,0.0009979999999991662
17378000,-4426,21647,129311,-19720,19420,114774,110,19229,463,1,6686,0.0010000000000012221
17379000,-5677,-6348,124503,-7070,-9432,134404,110,19218,451,0,6687,0.0009999999999976694
17380001,-1568,-4849,127069,-6571,-9122,127876,135,19230,553,0,6688,0.00100100000000225
17381000,862,8187,128631,-7206,5286,124698,109,19226,446,0,6689,0.0009990000000001942
17382000,-5097,3892,126785,325,183,128703,129,19223,528,1,6690,0.0009999999999976694
17383001,-4416,9234,128586,-14546,6297,118848,118,19223,528,1,6691,0.00100100000000225
17384000,-5863,4272,126335,-11262,1378,132117,106,19229,483,1,6692,0.0009990000000001942
17385000,1923,8383,125883,5232,5522,119493,106,19224,434,0,6693,0.0009999999999976694
17386000,-2447,-2880,125728,-2540,-3837,129245,141,19236,577,0,6694,0.0010000000000012221
17387000,3069,-1646,125299,-7663,-5171,126272,102,19232,418,0,6695,0.0010000000000012221
17388000,-528,8967,128136,276,5468,123892,107,19225,438,0,6696,0.0009999999999976694
17389000,-1714,5072,125114,3922,-1040,127186,153,19225,438,1,6697,0.0010000000000012221
17390000,-1222,16098,125687,-12023,15442,118280,108,19233,627,1,6698,0.0010000000000012221
17391000,3369,2023,122545,2018,-656,124624,108,19232,442,1,6699,0.0009999999999976694
17392000,11409,-2913,124221,8087,-5710,121989,101,19221,414,0,6700,0.0010000000000012221
17393000,8766,-3855,124460,3919,-7767,126735,82,19229,336,0,6701,0.0010000000000012221
17394000,7411,385,125528,7493,-3106,125828,109,19226,446,0,6702,0.0009999999999976694
17395000,3466,-677,127458,4407,-1793,127357,125,19226,512,1,6703,0.0010000000000012221
17396000,1060,8191,128088,-821,1338,124155,114,19223,512,1,6704,0.0010000000000012221
17397000,5093,6203,126016,3276,5776,127015,98,19228,467,1,6705,0.0009999999999976694
17398000,7666,3998,125278,5068,4398,118190,98,19232,401,1,6706,0.0010000000000012221
17399001,12714,2984,127336,5280,-7276,126805,129,19229,528,0,6707,0.0010009999999986974
17400000,7991,-16239,123796,14289,-13274,136962,101,19230,414,0,6708,0.0009990000000001942
17401000,3638,-6436,130707,4034,-2216,133684,104,19230,426,0,6709,0.0010000000000012221
17402001,4954,6453,130255,-7832,1038,124854,138,19229,426,1,6710,0.0010009999999986974
17403003,-1873,9397,127651,9919,6874,121778,115,19229,565,1,6711,0.0010019999999997253
17404002,2271,9475,132729,-11525,-1817,130956,115,19228,471,1,6712,0.0009990000000001942
17405000,8438,-15148,125579,6455,-19552,131814,104,19224,426,0,6713,0.0009979999999991662
17406000,8353,2704,130836,21179,1557,124801,130,19232,532,0,6714,0.0010000000000012221
17407000,1765,4218,130165,-7757,-2796,127563,101,19232,414,0,6715,0.0010000000000012221
17408000,-209,3028,131847,-16480,3026,124633,113,19230,414,0,6716,0.0009999999999976694
17409000,-1755,1108,134949,8198,-5881,141651,116,19225,463,1,6717,0.0010000000000012221
17410000,-9060,-7594,128531,-1041,-8308,127474,116,19227,475,1,6718,0.0010000000000012221
17411000,-1790,13776,132752,-22616,11607,119436,103,19232,422,1,6719,0.0009999999999976694
17412000,1169,-9689,126913,-1340,-19130,139386,123,19225,504,0,6720,0.0010000000000012221
17413000,5333,3432,130528,12829,1500,125754,99,19230,405,0,6721,0.0010000000000012221
17414000,-5771,779,128489,-20828,-2451,129833,110,19230,405,0,6722,0.0009999999999976694
17415000,-7319,4799,131830,-16564,3479,125903,150,19227,451,1,6723,0.0010000000000012221
17416000,-6451,6640,131325,-936,1944,134971,150,19228,614,1,6724,0.0010000000000012221
17417000,-7001,1524,127858,-11187,-423,131677,117,19229,479,1,6725,0.0009999999999976694
17418001,-4391,10969,130176,-10949,6978,117668,105,19224,430,1,6726,0.00100100000000225
17419000,-2989,216,126118,-9167,-2776,128244,164,19232,672,0,6727,0.0009990000000001942
17420000,95,-1500,126196,-2676,-4552,125977,105,19232,672,0,6728,0.0009999999999976694
17421000,-4546,7515,129097,-13418,5668,127751,113,19230,430,0,6729,0.0010000000000012221
17422000,-5072,7157,126551,-9975,3969,122972,113,19224,463,1,6730,0.0010000000000012221
17423000,-6979,4393,128218,-4068,-75,127575,124,19226,508,1,6731,0.0009999999999976694
17424000,-3571,4231,125505,-16832,1451,124359,112,19229,459,1,6732,0.0010000000000012221
17425000,1546,9328,127894,2572,7291,124588,118,19223,483,0,6733,0.0010000000000012221
17426000,-701,692,122777,-902,-1615,122677,97,19223,483,0,6734,0.0009999999999976694
17427000,2423,6079,127401,-5067,3705,124472,111,19232,397,0,6735,0.0010000000000012221
17428002,-129,5652,126347,2990,3755,130826,111,19223,455,0,6736,0.0010019999999997253
17429000,-1466,7611,127740,-3779,4450,126182,138,19219,565,1,6737,0.0009979999999991662
17430002,-2272,8006,127103,-5444,3272,125751,115,19227,471,1,6738,0.0010019999999997253
17431000,9064,14217,124243,3065,11216,116970,95,19226,389,1,6739,0.000998000000002719
17432000,7198,-4171,122528,9466,-5782,129164,124,19226,389,0,6740,0.0009999999999976694
17433000,7176,-986,123545,4150,-4427,122313,110,19234,508,0,6741,0.0010000000000012221
17434000,7656,-2407,125096,-528,-6902,127407,110,19227,451,0,6742,0.0009999999999976694
17435001,2070,2835,128103,9016,-1258,125734,118,19223,483,1,6743,0.00100100000000225
17436001,3177,4103,128610,-6370,1817,123070,134,19231,549,1,6744,0.0010000000000012221
17437000,5367,3937,127201,6059,7072,128834,106,19231,434,1,6745,0.0009989999999966415
17438000,11084,4930,125334,4245,4755,121651,109,19231,434,0,6746,0.0010000000000012221
17439000,7071,-2898,128146,8834,-6959,129732,91,19221,446,0,6747,0.0010000000000012221
17440001,7110,-4951,125713,15483,-8188,124483,91,19231,373,0,6748,0.0010009999999986974
17441000,4848,-7248,129770,-7499,-11454,136632,105,19231,430,0,6749,0.0009990000000001942
17442000,839,13709,132095,606,5043,120890,122,19223,500,1,6750,0.0010000000000012221
17443000,3701,11623,129450,10080,9152,128328,115,19233,471,1,6751,0.0009999999999976694
17444000,1691,922,127472,-1393,571,126477,101,19233,414,1,6752,0.0010000000000012221
17445000,9095,-7090,128894,-6409,-3684,133085,146,19232,414,0,6753,0.0010000000000012221
17446000,9941,-15075,128757,8983,-10706,127153,104,19228,598,0,6754,0.0009999999999976694
17447000,2044,8186,133890,21671,3779,129262,104,19231,426,0,6755,0.0010000000000012221
17448000,-548,-5282,127889,-20706,-1696,129355,107,19225,438,1,6756,0.0010000000000012221
17449000,-6953,14165,133842,-16914,11426,119832,149,19229,610,1,6757,0.0009999999999976694
17450000,-1678,-1129,131470,7625,-8776,140492,108,19229,442,1,6758,0.0010000000000012221
17451002,-3118,-5892,128707,-7545,-8219,127295,103,19231,442,1,6759,0.0010019999999997253
17452000,-2627,-8075,129186,-16809,-10564,130519,111,19222,422,0,6760,0.0009979999999991662
17453000,5006,4976,129168,4938,4021,127005,111,19228,455,0,6761,0.0010000000000012221
17454000,-4694,8932,129745,-5644,5188,125654,109,19229,446,0,6762,0.0010000000000012221
17455000,-5033,5213,131144,-21409,2502,131980,123,19215,504,1,6763,0.0009999999999976694
17456000,-9542,3489,129010,-10853,4292,128459,115,19232,471,1,6764,0.0010000000000012221
17457000,-1492,10857,130573,-1599,7813,123078,103,19232,471,1,6765,0.0010000000000012221
17458000,-3802,4085,128580,-5549,-3544,131635,136,19230,422,0,6766,0.0009999999999976694
17459000,-3365,-11777,124344,-12763,-14823,129962,136,19223,557,0,6767,0.0010000000000012221
17460000,-4273,15696,128909,-2713,15655,118518,101,19230,414,0,6768,0.0010000000000012221
17461000,-3166,6817,128515,-11575,4535,126475,103,19225,422,0,6769,0.0009999999999976694
17462000,-5209,4679,128947,-1115,3263,126034,149,19228,610,1,6770,0.0010000000000012221
17463000,-8987,3338,126774,-17411,2227,131560,115,19228,610,1,6771,0.0010000000000012221
17464000,945,8008,125594,-7602,7177,118196,103,19235,471,1,6772,0.0009999999999976694
17465002,2682,6093,127769,8733,-1945,125120,103,19224,422,0,6773,0.0010019999999997253
17466000,3172,-17793,120762,-4757,-18035,133139,116,19229,475,0,6774,0.0009979999999991662
17467000,-1571,6985,128112,-5523,4898,121001,117,19224,479,0,6775,0.0010000000000012221
17468000,-1533,9110,124669,-4915,6411,128519,120,19221,491,1,6776,0.0010000000000012221
17469000,-2627,21560,126710,-545,18992,116151,128,19221,491,1,6777,0.0009999999999976694
17470000,710,4452,125073,-4031,735,130957,102,19231,524,1,6778,0.0010000000000012221
17471000,8266,2113,124283,1929,-1909,122535,102,19232,418,0,6779,0.0010000000000012221
17472000,6821,12366,124039,13511,9126,121472,121,19226,496,0,6780,0.0009999999999976694
17473000,9838,-3984,124173,3088,-7239,127683,107,19225,438,0,6781,0.0010000000000012221
17474000,4112,-1782,126272,1550,-6620,126438,113,19226,463,0,6782,0.0010000000000012221
17475000,5129,8049,127684,4499,4583,128309,143,19226,463,1,6783,0.0009999999999976694
17476002,4589,15515,128429,1408,13864,118036,111,19228,586,1,6784,0.0010019999999997253
17477002,8648,-1818,128164,7629,-3450,130168,111,19231,455,1,6785,0.0010000000000012221
17478002,11850,-6120,124258,8197,-10469,126914,98,19227,401,0,6786,0.0010000000000012221
17479001,9563,2998,128080,3749,658,122126,133,19231,545,0,6787,0.0009990000000001942
17480000,7251,-3666,129072,13484,-6889,135894,105,19231,430,0,6788,0.0009990000000001942
17481000,1834,498,129721,-2246,-3502,128976,109,19231,430,1,6789,0.0009999999999976694
17482000,-301,8773,132413,-3660,3436,129777,110,19228,446,1,6790,0.0010000000000012221
17483000,1488,5910,132937,5853,5983,123490,110,19228,451,1,6791,0.0010000000000012221
17484000,3707,5757,128502,-4342,6426,125590,105,19232,430,1,6792,0.0009999999999976694
17485000,10834,-11480,125923,2298,-12507,130528,117,19219,479,0,6793,0.0010000000000012221
17486000,6568,-5064,130015,18715,-10217,128826,93,19230,381,0,6794,0.0010000000000012221
17487000,4115,-6000,129078,-1924,-8682,135376,105,19230,430,0,6795,0.0009999999999976694
17488000,3050,9547,134036,-13964,6579,123894,131,19227,430,1,6796,0.0010000000000012221
17489000,-6210,6049,132509,-2951,7714,129353,111,19221,537,1,6797,0.0010000000000012221
17490000,-8117,1403,129835,-229,-1173,130569,111,19228,455,1,6798,0.0009999999999976694
17491000,1272,-7703,127552,-15668,-12971,133467,95,19231,389,0,6799,0.0010000000000012221
17492000,-2132,-5212,128742,2296,-9752,126762,154,19231,631,0,6800,0.0010000000000012221
17493000,4504,9877,130555,-1065,8458,122849,109,19231,446,0,6801,0.0009999999999976694
17494000,-6120,1425,131022,-10297,-7630,135571,115,19228,446,0,6802,0.0010000000000012221
17495002,-6174,-7619,129706,-8476,1319,131916,133,19229,471,1,6803,0.0010019999999997253
17496000,-7432,11182,130795,-16651,5979,125787,133,19228,545,1,6804,0.0009979999999991662
17497000,-7494,6053,128754,-8962,3771,125079,107,19233,438,1,6805,0.0010000000000012221
17498000,-3077,3731,130059,-9435,-5407,130641,108,19220,442,0,6806,0.0009999999999976694
17499000,-5258,-9723,125007,-4775,-15194,133385,127,19220,520,0,6807,0.0010000000000012221
17500000,-3102,5341,127507,-3485,3523,118516,103,19232,520,0,6808,0.0010000000000012221
17501000,-2164,14942,129679,-13214,11506,124405,127,19230,422,1,6809,0.0009999999999976694
17502000,-7458,6230,127374,-1047,2413,125514,127,19226,520,1,6810,0.0010000000000012221
17503000,-8147,4520,127076,-13512,2430,127032,117,19231,479,1,6811,0.0010000000000012221
17504000,-4718,1256,125242,-13662,-426,126609,104,19231,426,1,6812,0.0009999999999976694
17505000,3535,6161,126063,8130,3453,120779,142,19232,582,0,6813,0.0010000000000012221
17506000,2384,-5184,123200,-223,-11018,131459,105,19232,582,0,6814,0.0010000000000012221
17507000,-628,7007,125964,-15577,6449,126384,111,19229,430,0,6815,0.0009999999999976694
17508001,2648,7919,124570,1544,3874,119066,111,19226,455,1,6816,0.00100100000000225
17509004,-2669,8594,128127,9254,4870,121471,161,19228,659,1,6817,0.0010030000000007533
17510002,3625,11717,126393,-8571,7043,126722,107,19232,438,1,6818,0.0009979999999991662
17511000,1606,1271,123345,1123,-2783,126337,100,19220,410,0,6819,0.0009979999999991662
17512000,8193,4799,126031,10896,-641,122324,81,19220,410,0,6820,0.0010000000000012221
17513000,7433,-7121,124084,6419,-10480,125869,112,19228,332,0,6821,0.0009999999999976694
17514000,4326,1973,129164,1918,159,127152,112,19230,459,0,6822,0.0010000000000012221
17515000,3690,4878,125910,4482,1714,127571,126,19223,516,1,6823,0.0010000000000012221
17516000,4065,16440,128228,286,13551,123574,115,19226,471,1,6824,0.0009999999999976694
17517000,10217,2547,125348,7717,-365,126505,98,19229,401,1,6825,0.0010000000000012221
17518001,8470,-5312,123689,8641,-9540,118836,129,19229,401,0,6826,0.0010009999999986974
17519000,12487,-4367,128805,2830,-8021,141034,98,19223,528,0,6827,0.0009990000000001942
17520000,6961,-7473,124269,13690,-10331,124024,98,19235,401,0,6828,0.0010000000000012221
17521000,3020,7578,133205,636,2346,129416,105,19226,430,1,6829,0.0010000000000012221
17522000,1154,2828,129203,-8155,-1113,130469,137,19230,561,1,6830,0.0009999999999976694
17523000,536,8625,130160,6652,4630,123349,113,19232,463,1,6831,0.0010000000000012221
17524001,5346,5831,130219,-270,2840,128001,104,19232,463,1,6832,0.0010009999999986974
17525001,9756,-10522,124868,-710,-13464,126046,126,19220,426,0,6833,0.0010000000000012221
17526000,9106,-4660,131643,18869,-9065,132541,126,19229,516,0,6834,0.0009990000000001942
17527000,-540,-7632,127049,-1138,-11267,128745,106,19228,434,0,6835,0.0009999999999976694
17528000,-688,15019,135222,-21538,11707,124514,117,19221,479,1,6836,0.0010000000000012221
17529000,-6085,3784,132404,-492,2170,132410,122,19232,500,1,6837,0.0010000000000012221
17530000,-6647,-884,129661,4086,-3034,126101,102,19232,418,1,6838,0.0009999999999976694
17531000,284,-5991,129541,-20771,-8014,134333,121,19233,418,0,6839,0.0010000000000012221
17532000,-1299,-945,129367,-2452,-4785,127694,97,19222,496,0,6840,0.0010000000000012221
17533000,365,6549,132774,7879,4150,128657,97,19233,397,0,6841,0.0009999999999976694
17534000,-11000,-3028,130394,-15503,-4088,129876,110,19230,451,0,6842,0.0010000000000012221
17535001,-7812,10618,132371,-21671,3456,131022,151,19226,618,1,6843,0.0010009999999986974
17536000,-11690,8315,130053,-5544,8840,122266,120,19226,491,1,6844,0.0009990000000001942
17537000,-1258,12063,129138,-7614,6231,123208,101,19230,491,1,6845,0.0010000000000012221
17538000,-3436,-857,127786,-9536,751,133785,166,19225,414,0,6846,0.0010000000000012221
17539012,-3427,-8245,122899,-7147,-11384,125682,166,19229,680,0,6847,0.0010119999999993468
17540002,459,5498,129847,-5952,4686,126510,105,19231,430,0,6848,0.000989999999998048
17541000,-8207,6685,129166,-7502,3741,123739,116,19218,475,1,6849,0.000998000000002719
17542000,-5727,8650,127841,-12963,6013,130214,127,19218,520,1,6850,0.0009999999999976694
17543000,-8284,2285,126683,-10625,-2665,123654,111,19229,520,1,6851,0.0010000000000012221
17544000,2631,12258,126496,-8437,3584,120444,116,19231,455,0,6852,0.0010000000000012221
17545000,-601,2363,124755,-923,-5473,128765,116,19229,475,0,6853,0.0009999999999976694
17546002,1558,-3203,123724,-12447,-2197,122818,95,19230,389,0,6854,0.0010019999999997253
17547000,3381,4738,127770,2150,3113,131637,109,19228,446,0,6855,0.000998000000002719
17548000,-5456,6751,123710,1010,4814,120948,138,19223,565,1,6856,0.0009999999999976694
17549000,272,14203,126927,-13741,10729,123402,115,19223,565,1,6857,0.0010000000000012221
17550000,3238,4861,125223,5988,1032,126678,97,19229,471,1,6858,0.0010000000000012221
17551003,13097,3097,123536,12359,-2295,123693,97,19228,397,0,6859,0.0010029999999972006
17552002,7936,-3312,123731,6974,-9900,125923,116,19233,475,0,6860,0.0009990000000001942
17553000,6071,-2411,125988,4316,-10355,123502,115,19228,471,0,6861,0.000998000000002719
17554000,6762,10524,127466,12550,8386,130770,115,19224,471,0,6862,0.0009999999999976694
17555000,-1878,8960,127812,-4633,11751,118281,133,19224,471,1,6863,0.0010000000000012221
17556000,8120,12593,128752,931,8454,127675,111,19228,545,1,6864,0.0010000000000012221
17557000,6429,2857,123391,14269,193,124051,111,19232,455,1,6865,0.0009999999999976694
17558000,14164,2124,127713,2552,-513,123406,110,19219,451,0,6866,0.0010000000000012221
17559000,12286,-11984,125534,10093,-16786,134352,88,19235,360,0,6867,0.0009999999999976694
17560000,6292,-4802,127483,11192,-6676,126385,105,19229,430,0,6868,0.0010000000000012221
17561000,3842,5430,132081,-6021,2727,131187,121,19229,430,1,6869,0.0010000000000012221
17562001,-2430,18762,131372,-3326,14799,120113,113,19221,496,1,6870,0.0010009999999986974
17563002,3676,5416,129809,8906,1490,130641,113,19227,463,1,6871,0.00100100000000225
17564000,5113,-3648,128598,404,-6629,127000,102,19227,418,1,6872,0.0009979999999991662
17565000,10015,-13048,128712,3765,-17099,130446,144,19224,590,0,6873,0.0009999999999976694
17566000,6729,5416,128920,20837,2219,125389,116,19227,475,0,6874,0.0010000000000012221
17567001,-545,-1506,130767,-18325,-5323,129399,110,19227,475,0,6875,0.0010009999999986974
17568000,128,7273,134517,-15275,3756,131274,150,19226,451,1,6876,0.0009990000000001942
17569000,-9078,5023,130138,13936,1724,127057,150,19228,614,1,6877,0.0010000000000012221
17570000,-4178,-3832,128736,-11462,-5496,129539,111,19233,455,1,6878,0.0010000000000012221
17571000,799,-8217,129509,-22109,-12523,136819,105,19221,430,0,6879,0.0009999999999976694
17572000,3927,4051,130712,10224,-1673,125653,111,19232,455,0,6880,0.0010000000000012221
17573000,-2368,7364,130207,4551,2872,127437,110,19232,451,0,6881,0.0010000000000012221
17574000,-9339,7550,131759,-25542,4461,125783,122,19226,451,1,6882,0.0009999999999976694
17575000,-6935,-3920,128315,-11654,-7699,137467,112,19219,500,1,6883,0.0010000000000012221
17576000,-11182,10872,131695,-1335,6775,127371,112,19228,459,1,6884,0.0010000000000012221
17577000,-1327,4472,130752,-15221,3230,124771,103,19229,422,1,6885,0.0009999999999976694
17578000,-2404,2065,127940,-8728,4312,120185,131,19221,537,0,6886,0.0010000000000012221
17579000,-1153,-10003,124652,-3555,-12739,133460,101,19221,414,0,6887,0.0010000000000012221
17580001,-1774,4318,126465,-5261,-6489,129952,105,19230,414,0,6888,0.0010009999999986974
17581000,-6088,15991,128604,-7701,11241,114297,146,19224,430,1,6889,0.0009990000000001942
17582000,-6543,9255,128829,-8540,8079,129877,146,19228,598,1,6890,0.0010000000000012221
17583000,-5320,133,125339,-13576,-4286,128154,117,19234,479,1,6891,0.0009999999999976694
17584000,2249,730,127436,-4160,-400,125669,104,19225,426,0,6892,0.0010000000000012221
17585000,-638,2643,123874,6951,-803,120511,115,19225,471,0,6893,0.0010000000000012221
17586000,-297,1070,124871,-6614,-2747,125844,108,19236,471,0,6894,0.0009999999999976694
17587002,-1084,10530,128055,-9318,9622,124367,115,19224,442,0,6895,0.0010019999999997253
17588002,-1405,7336,126011,457,2683,125205,115,19219,471,1,6896,0.0010000000000012221
17589000,-1939,7103,127567,1100,11017,123140,125,19228,512,1,6897,0.0009979999999991662
17590003,4661,6475,124447,-7307,-3548,124901,99,19234,405,1,6898,0.0010030000000007533
17591002,10339,-1660,123151,6219,-6764,127260,119,19234,487,0,6899,0.0009990000000001942
17592000,10460,1342,124504,4948,-3790,124049,103,19228,487,0,6900,0.0009979999999991662
17593000,3443,-4773,124810,5424,-7266,125189,113,19228,422,0,6901,0.0010000000000012221
17594000,3223,4967,127039,-1436,3196,126062,113,19226,463,1,6902,0.0009999999999976694
17595000,2998,5128,128857,2086,2199,128763,142,19226,582,1,6903,0.0010000000000012221
17596000,4379,10659,127035,10333,5961,122381,112,19229,459,1,6904,0.0010000000000012221
17597000,8295,3454,125491,151,-1414,123391,96,19227,393,1,6905,0.0009999999999976694
17598000,10024,3425,127443,5226,788,124650,145,19227,393,0,6906,0.0010000000000012221
17599000,11556,-6870,126134,13713,-11033,136693,106,19232,594,0,6907,0.0010000000000012221
17600000,2776,-5303,129068,789,-6518,127734,106,19229,434,0,6908,0.0009999999999976694
17601002,3213,10907,130356,-8964,9755,125864,109,19221,446,1,6909,0.0010019999999997253
17602001,3454,7643,128618,9619,2814,124745,115,19229,471,1,6910,0.0009990000000001942
17603000,4188,4507,129721,6679,-261,130345,105,19236,430,1,6911,0.0009990000000001942
17604002,7588,-7592,126549,-7732,-11766,131521,116,19236,430,0,6912,0.0010019999999997253
17605000,6773,-3287,129220,7545,-4822,120802,103,19217,475,0,6913,0.000998000000002719
17606002,2872,1299,130654,14838,-4270,133707,103,19229,422,0,6914,0.0010019999999997253
17607000,822,-3851,131148,-18063,-6343,130390,112,19224,459,0,6915,0.0009979999999991662
17608001,-1167,8099,135112,-6988,5595,128219,132,19220,541,1,6916,0.0010009999999986974
17609000,-6423,6773,132165,7920,4133,128154,113,19229,463,1,6917,0.0009990000000001942
17610000,-6326,5374,129559,-17080,1462,121935,98,19229,463,1,6918,0.0010000000000012221
17611000,35,-11767,129574,-13272,-15531,139657,148,19230,401,0,6919,0.0010000000000012221
17612000,827,-1448,127192,12509,-6671,129588,148,19233,606,0,6920,0.0009999999999976694
17613000,-4986,11161,133131,-15878,8273,126993,108,19230,442,0,6921,0.0010000000000012221
17614000,-3173,4593,130936,-13896,1610,123224,109,19222,446,1,6922,0.0010000000000012221
17615002,-8538,-1718,130489,-4127,-4063,133319,130,19230,532,1,6923,0.0010019999999997253
17616000,-7000,3328,127946,-10850,-736,132647,110,19230,532,1,6924,0.0009979999999991662
17617000,-5176,17175,129950,-11453,17128,117308,109,19227,451,1,6925,0.0010000000000012221
17618000,-3400,-2864,126530,-6753,-5520,132754,109,19221,446,0,6926,0.0009999999999976694
17619000,-1477,-889,127625,-6107,-4732,125951,121,19232,496,0,6927,0.0010000000000012221
17620000,-914,-575,127338,-7213,-4297,126872,104,19228,426,0,6928,0.0009999999999976694
17621000,-4844,12384,127664,-5094,7163,125107,123,19220,504,1,6929,0.0010000000000012221
17622000,-7067,5259,125726,-8276,-317,126751,114,19220,467,1,6930,0.0010000000000012221
17623000,-4050,12224,128464,-16374,9205,119033,102,19227,467,1,6931,0.0009999999999976694
17624000,-662,-315,124270,-552,-3347,123649,138,19228,418,0,6932,0.0010000000000012221
17625002,1154,-7628,126480,2684,-6304,132464,138,19235,565,0,6933,0.0010019999999997253
17626000,1431,-668,125023,-6012,-2684,124895,105,19228,430,0,6934,0.0009979999999991662
17627003,-915,11590,129250,-5082,6921,124373,110,19227,451,0,6935,0.0010030000000007533
17628000,-2094,14019,126916,896,10775,120834,156,19227,639,1,6936,0.000997000000001691
17629000,-811,5217,123977,-3600,1237,129078,109,19227,639,1,6937,0.0009999999999976694
17630000,3383,4496,123942,-1685,321,118596,99,19231,446,1,6938,0.0010000000000012221
17631000,8642,5118,124012,6249,4026,123483,99,19221,405,0,6939,0.0010000000000012221
17632000,13253,-4917,123587,9086,-7477,130450,79,19230,324,0,6940,0.0009999999999976694
17633000,6076,-1286,124980,8868,-5361,126854,116,19225,475,0,6941,0.0010000000000012221
17634000,3382,-734,125930,-1513,1545,124254,126,19225,516,1,6942,0.0010000000000012221
17635000,406,9499,130723,6042,3749,118126,113,19221,516,1,6943,0.0009999999999976694
17636000,4865,5272,126691,412,-1582,141119,99,19230,463,1,6944,0.0010000000000012221
17637000,6190,-2191,124757,4560,-5418,117174,99,19229,405,1,6945,0.0010000000000012221
17638000,10440,7608,127558,4876,617,119500,126,19225,516,0,6946,0.0009999999999976694
17639000,7615,-12104,127114,18297,-17060,136460,100,19232,410,0,6947,0.0010000000000012221
17640000,3512,-5430,128681,-8151,-8248,125065,108,19224,442,0,6948,0.0010000000000012221
17641000,2639,9696,132360,-3126,9147,135599,142,19224,442,1,6949,0.0009999999999976694
17642000,344,16107,127877,7738,13962,116996,113,19228,582,1,6950,0.0010000000000012221
17643002,3947,6119,129060,-774,454,126409,113,19229,463,1,6951,0.0010019999999997253
17644002,9324,-18107,127205,-810,-26955,135757,101,19220,414,0,6952,0.0010000000000012221
17645002,9127,-9096,127635,20262,-10893,129619,136,19232,557,0,6953,0.0009999999999976694
17646000,5254,1365,129325,-93,-1920,129083,109,19233,446,0,6954,0.000998000000002719
17647000,-1083,11633,133233,-20374,9799,117926,115,19233,446,0,6955,0.0009999999999976694
17648000,-2037,4495,132978,5655,-1331,143175,123,19224,471,1,6956,0.0010000000000012221
17649000,-10498,-3951,128448,-1376,-5058,125320,123,19227,504,1,6957,0.0010000000000012221
17650000,-978,2318,131520,-23154,-768,127038,103,19231,422,1,6958,0.0009999999999976694
17651000,631,-1558,127957,2425,-6128,131180,118,19224,483,0,6959,0.0010000000000012221
17652000,5554,-3006,127635,5663,-5742,126204,99,19229,405,0,6960,0.0009999999999976694
17653000,-5242,3759,132161,-13197,-1528,130972,108,19229,405,0,6961,0.0010000000000012221
17654001,-7994,4843,130234,-18755,2358,126435,144,19235,442,1,6962,0.00100100000000225
17655000,-6509,10389,133677,-5908,9260,129479,144,19227,590,1,6963,0.0009989999999966415
17656000,-8110,4834,130196,-5325,2157,130403,118,19230,483,1,6964,0.0010000000000012221
17657000,-635,4858,126844,-8677,999,126200,102,19225,418,1,6965,0.0010000000000012221
17658000,-3617,-3074,125585,-7593,-5996,128714,166,19232,680,0,6966,0.0009999999999976694
17659000,-214,1566,127793,-2577,-1044,127257,104,19232,680,0,6967,0.0010000000000012221
17660000,178,14149,127973,-4784,11001,123834,111,19231,426,0,6968,0.0010000000000012221
17661000,-8100,11128,128013,-13835,7162,126834,111,19223,455,1,6969,0.0009999999999976694
17662000,-3310,7189,127795,-8681,3326,128484,127,19228,520,1,6970,0.0010000000000012221
17663000,-3430,3219,125965,-4783,-1071,129773,111,19228,455,1,6971,0.0010000000000012221
17664000,2564,8193,126354,559,6375,119647,117,19224,479,0,6972,0.0009999999999976694
17665000,2588,-3639,124274,-5125,-4926,128869,92,19224,377,0,6973,0.0010000000000012221
17666002,2627,-2069,126215,-3000,-6925,126337,108,19229,377,0,6974,0.0010019999999997253
17667003,-598,8648,128572,253,7292,124240,134,19228,442,0,6975,0.0010009999999986974
17668002,-8018,9167,125167,-3212,4917,124985,134,19222,549,1,6976,0.0009990000000001942
17669000,393,9796,125132,-7407,6498,120809,115,19231,471,1,6977,0.000998000000002719
17670000,5248,11596,124841,-2919,8575,129157,97,19234,397,1,6978,0.0009999999999976694
17671000,10887,-317,124778,14171,-2377,121733,126,19234,516,0,6979,0.0010000000000012221
17672000,9735,-1037,125577,12771,-2502,120463,110,19233,516,0,6980,0.0010000000000012221
17673000,4769,-5581,125531,-5996,-11388,129209,114,19228,451,0,6981,0.0009999999999976694
17674000,6843,-2577,125839,6563,-9858,133211,114,19225,467,1,6982,0.0010000000000012221
17675000,-1019,20396,130634,9831,15419,119421,134,19229,549,1,6983,0.0010000000000012221
17676000,6638,11167,126060,-6463,12094,123517,110,19232,451,1,6984,0.0009999999999976694
17677000,9832,-4610,125505,4863,-9203,128378,106,19232,434,0,6985,0.0010000000000012221
17678000,11954,-3875,127645,11956,-5679,129255,100,19222,434,0,6986,0.0010000000000012221
17679000,8096,-5342,128370,11029,-5238,122156,104,19230,410,0,6987,0.0009999999999976694
17680000,1240,6538,130782,2048,-424,130507,104,19231,426,0,6988,0.0010000000000012221
17681000,4154,4900,131695,-6021,7068,128972,121,19224,496,1,6989,0.0010000000000012221
17682000,-721,16148,131232,9753,11541,124656,115,19234,471,1,6990,0.0009999999999976694
17683002,3459,-1484,129541,-2261,-2763,126736,101,19228,414,1,6991,0.0010019999999997253
17684000,9091,-3074,128129,-3792,-13110,129371,141,19228,414,0,6992,0.0009979999999991662
17685000,13155,-18170,128463,11962,-20689,140859,99,19225,577,0,6993,0.0010000000000012221
17686001,2794,-1769,128470,-592,-1283,124103,99,19230,405,0,6994,0.00100100000000225
17687001,-393,10474,133375,-24592,6328,124063,105,19225,430,1,6995,0.0009999999999976694
17688004,-5657,16755,133147,3959,9964,128628,145,19232,594,1,6996,0.0010030000000007533
17689000,-7400,2838,130165,-394,-3454,129242,109,19233,446,1,6997,0.000996000000000663
17690000,-1382,-8356,130929,-14983,-16477,134515,103,19233,446,1,6998,0.0009999999999976694
17691000,956,-6523,128487,-3050,-8051,123636,121,19225,422,0,6999,0.0010000000000012221
17692000,1739,6661,132364,6238,2157,126430,121,19232,496,0,7000,0.0010000000000012221
17693000,-3676,-2347,129532,-14344,-2999,129899,111,19227,455,0,7001,0.0009999999999976694
17694000,-10912,2883,131182,-20429,696,131296,125,19221,512,1,7002,0.0010000000000012221
17695000,-9005,2671,127144,-8213,8045,130926,113,19228,463,1,7003,0.0010000000000012221
17696001,-4665,20500,131647,-4505,15867,114440,101,19228,463,1,7004,0.0010009999999986974
17697002,-1740,-5504,127372,-10201,-12533,141049,126,19229,414,0,7005,0.0010009999999986974
17698000,-2140,-10667,124608,-7362,-13520,128313,126,19219,516,0,7006,0.000998000000002719
17699000,-505,221,128408,-2777,-1775,128773,99,19233,405,0,7007,0.0009999999999976694
17700000,-3197,13950,127503,-7462,12169,119605,105,19225,430,0,7008,0.0010000000000012221
17701000,-8788,13769,129214,-9880,8188,126974,146,19227,598,1,7009,0.0010000000000012221
17702000,-6822,-2433,127390,-15164,-4786,135201,116,19227,598,1,7010,0.0009999999999976694
17703000,-573,13619,127949,-4734,11700,116128,104,19232,475,1,7011,0.0010000000000012221
17704000,155,5032,126944,3985,1944,123571,104,19226,426,0,7012,0.0010000000000012221
17705000,2462,-8317,122480,-5231,-12099,129642,116,19234,475,0,7013,0.0009999999999976694
17706000,422,-5597,123659,-5690,-9353,131437,114,19227,467,0,7014,0.0010000000000012221
17707000,-2437,16556,125797,-5521,13877,116798,120,19222,491,1,7015,0.0010000000000012221
17708000,-78,14918,126210,1785,11676,118700,136,19222,557,1,7016,0.0009999999999976694
17709001,416,-811,124759,-1499,-3834,132472,100,19232,557,1,7017,0.00100100000000225
17710000,8315,3762,123848,-1661,166,122818,117,19231,410,0,7018,0.0009990000000001942
17711000,8685,4481,125169,9564,-178,122367,117,19226,479,0,7019,0.0009999999999976694
17712000,5707,-1193,127759,10090,-2521,125800,101,19227,414,0,7020,0.0010000000000012221
17713000,3366,-5940,125429,-3198,-11790,131683,112,19228,459,0,7021,0.0010000000000012221
17714000,1230,4876,128866,4582,991,127494,142,19228,582,1,7022,0.0009999999999976694
17715000,3349,15585,127726,3671,10953,120205,112,19228,582,1,7023,0.0010000000000012221
17716000,8115,4569,124719,955,1227,120083,96,19234,459,1,7024,0.0009999999999976694
17717000,12907,-1420,125980,9324,-2447,127559,96,19228,393,0,7025,0.0010000000000012221
17718000,10414,-13807,124709,3978,-12715,128720,150,19232,614,0,7026,0.0010000000000012221
17719000,3075,-3869,131445,11294,-4246,131238,110,19231,451,0,7027,0.0009999999999976694
17720000,4767,-555,129353,-4309,-9545,127740,111,19231,455,1,7028,0.0010000000000012221
17721003,-2358,6543,130945,-907,-148,132432,120,19224,455,1,7029,0.0010030000000007533
17722000,759,21114,130819,6326,17871,121146,108,19226,491,1,7030,0.0009969999999981383
17723000,4752,-256,125146,-6488,-1923,126613,108,19231,442,1,7031,0.0010000000000012221
17724001,12503,-9554,128309,6337,-19264,131288,112,19218,459,0,7032,0.0010009999999986974
17725000,10228,-5114,128149,16187,-9509,127884,85,19232,348,0,7033,0.0009990000000001942
17726000,2369,-5016,128767,676,-6005,129087,102,19228,418,0,7034,0.0010000000000012221
17727000,5180,13400,133655,-16393,5077,129301,128,19228,418,1,7035,0.0010000000000012221
17728000,-8703,-2360,131098,1831,-7848,135889,113,19223,524,1,7036,0.0009999999999976694
17729000,-6217,4179,130678,-1892,5637,120092,113,19229,463,1,7037,0.0010000000000012221
17730002,-1312,-1980,131096,-20324,-12923,138041,97,19230,397,0,7038,0.0010019999999997253
17731000,3944,-6398,128231,-3712,-6127,121373,143,19233,586,0,7039,0.0009979999999991662
17732000,-2107,9787,131619,12148,251,126392,108,19232,442,0,7040,0.0010000000000012221
17733000,-7576,-2028,131469,-25067,-6154,132675,114,19232,442,0,7041,0.0010000000000012221
17734000,-8942,8686,131992,-2173,3346,120729,135,19224,467,1,7042,0.0009999999999976694
17735000,-7588,384,130407,-13377,-1941,139562,135,19227,553,1,7043,0.0010000000000012221
17736000,-6705,14033,130166,-11331,13878,112296,110,19230,451,1,7044,0.0010000000000012221
17737000,-4280,1401,127603,-8192,-8704,130606,107,19224,438,0,7045,0.0009999999999976694
17738000,-913,-9829,125500,-5088,-13299,135086,121,19230,496,0,7046,0.0010000000000012221
17739000,-1166,1339,127066,-1733,-2633,125979,106,19230,496,0,7047,0.0010000000000012221
17740000,-5460,3117,127155,-14844,1459,123718,126,19228,434,1,7048,0.0009999999999976694
17741000,-8179,19737,129418,-11806,16279,116446,126,19221,516,1,7049,0.0010000000000012221
17742000,-5653,-1566,127354,-3984,-8649,144734,117,19227,479,1,7050,0.0010000000000012221
17743000,-4093,9873,124122,-3534,8220,113027,102,19231,418,1,7051,0.0009999999999976694
17744000,93,10987,125066,-12068,7008,121526,138,19235,565,0,7052,0.0010000000000012221
17745000,5623,1513,126415,5412,-2067,129724,108,19235,565,0,7053,0.0009999999999976694
17746000,4197,-3237,123773,-1706,-7694,126353,114,19226,442,0,7054,0.0010000000000012221
17747000,-1622,161,127268,-4932,-2379,136183,114,19222,467,1,7055,0.0010000000000012221
17748000,-4476,22742,127829,-1933,20736,108971,158,19230,647,1,7056,0.0009999999999976694
17749000,4392,5969,126103,-4913,3227,132194,107,19232,438,1,7057,0.0010000000000012221
17750000,6323,-100,124030,9427,-3223,124559,101,19225,414,0,7058,0.0010000000000012221
17751000,7341,-1681,123511,4689,-6571,122003,101,19225,414,0,7059,0.0009999999999976694
17752000,6155,-453,126004,4732,-3013,123825,121,19231,414,0,7060,0.0010000000000012221
17753001,5220,149,127732,5404,-3072,125831,121,19228,496,0,7061,0.0010009999999986974
17754000,4524,-85,130061,9067,-3630,140452,129,19220,528,1,7062,0.0009990000000001942
17755000,2393,16754,126681,-6301,13903,108858,111,19229,455,1,7063,0.0010000000000012221
17756002,8292,387,126677,6015,-2239,133383,102,19231,418,1,7064,0.0010019999999997253
17757000,11845,372,124538,11412,-5374,124526,129,19231,528,0,7065,0.0009979999999991662
17758000,11963,-3408,125691,4533,-5384,127228,100,19222,528,0,7066,0.0010000000000012221
17759001,6675,-8019,127660,11997,-12262,132553,104,19229,410,0,7067,0.0010009999999986974
17760000,7127,7295,129857,182,4903,119475,104,19228,426,1,7068,0.0009990000000001942
17761000,-2085,4345,131739,-1887,4106,134868,140,19228,573,1,7069,0.0010000000000012221
17762000,-157,9447,129961,1192,5363,123205,111,19234,455,1,7070,0.0010000000000012221
17763002,4465,-1800,129042,2518,-3004,129238,101,19234,414,1,7071,0.0010019999999997253
17764000,6929,-5959,127542,2678,-7298,128482,136,19224,414,0,7072,0.0009979999999991662
17765000,7501,-12005,129931,8321,-12558,130599,104,19233,557,0,7073,0.0010000000000012221
17766002,2299,1463,130987,9498,-2681,134689,104,19230,426,0,7074,0.0010019999999997253
17767000,-2218,16633,131169,-21728,9475,115841,113,19219,463,1,7075,0.0009979999999991662
17768000,-3522,1695,131984,-5305,2653,132909,118,19231,483,1,7076,0.0010000000000012221
17769000,-5300,-4029,129015,5935,-6718,133295,101,19231,414,1,7077,0.0009999999999976694
17770002,-797,-10228,126858,-17882,-12075,133219,117,19233,414,0,7078,0.0010019999999997253
17771002,-2363,5801,130746,-11056,-5012,118358,98,19225,479,0,7079,0.0010000000000012221
17772002,4206,6468,131145,7101,5959,130412,98,19228,401,0,7080,0.0010000000000012221
17773002,-7330,-2066,130154,-7227,-4241,131815,110,19226,451,0,7081,0.0009999999999976694
17774000,-11773,3629,131041,-21080,-5952,131299,146,19229,598,1,7082,0.000998000000002719
17775000,-8405,9501,130246,-9929,10175,123995,117,19230,479,1,7083,0.0009999999999976694
17776000,-3457,13752,131198,-3792,7439,126294,101,19230,479,1,7084,0.0010000000000012221
17777000,-3794,-10561,126726,-9631,-10626,131649,161,19225,414,0,7085,0.0009999999999976694
17778000,-4589,1311,126130,-8295,-2924,124580,161,19231,659,0,7086,0.0010000000000012221
17779000,647,2055,127032,-8054,-2814,127766,112,19236,459,0,7087,0.0010000000000012221
17780000,-5808,9624,131810,1610,4799,124728,115,19224,471,1,7088,0.0009999999999976694
17781000,-7808,8187,127671,-16729,2575,124411,127,19228,520,1,7089,0.0010000000000012221
17782000,-6903,3768,128284,-11493,947,129561,113,19228,520,1,7090,0.0010000000000012221
17783002,314,2631,126181,3103,380,124794,117,19232,463,0,7091,0.0010019999999997253
17784000,1936,-360,123979,774,-4072,125122,117,19223,479,0,7092,0.0009979999999991662
17785003,-1641,6809,124876,-5484,2711,120713,94,19228,385,0,7093,0.0010030000000007533
17786002,247,848,125324,-6902,-2391,128171,106,19228,434,0,7094,0.0009990000000001942
17787002,-1413,14822,127215,231,15705,126016,133,19222,545,1,7095,0.0009999999999976694
17788001,599,8728,125115,-5371,6192,124763,115,19222,545,1,7096,0.0009990000000001942
17789000,2618,9035,122883,7658,11897,122814,99,19232,471,1,7097,0.0009990000000001942
17790000,10290,2884,122238,-2361,-3548,124818,99,19228,405,0,7098,0.0010000000000012221
17791002,13479,-5078,123968,8725,-10703,128247,124,19231,508,0,7099,0.0010019999999997253
17792000,5847,1525,126880,20233,-3227,124614,108,19229,442,0,7100,0.0009979999999991662
17793000,5153,-5741,127118,-8594,-9163,128283,112,19224,459,1,7101,0.0010000000000012221
17794000,-294,10336,129597,540,9217,120535,131,19224,459,1,7102,0.0010000000000012221
17795000,2930,8643,126904,7825,4550,129886,108,19231,537,1,7103,0.0009999999999976694
17796000,7236,6732,125364,3638,2303,122818,108,19233,442,1,7104,0.0010000000000012221
17797000,10099,7200,129467,5710,4781,120401,105,19219,430,0,7105,0.0010000000000012221
17798001,12488,-15233,125536,10976,-18241,134244,100,19229,410,0,7106,0.0010009999999986974
17799000,5318,-5016,129102,12585,-9159,125105,102,19231,418,0,7107,0.0009990000000001942
17800001,3527,233,129380,-7736,-4303,134509,118,19231,483,1,7108,0.0010009999999986974
17801001,-1518,22921,129430,-3112,18981,116392,113,19226,483,1,7109,0.0010000000000012221
17802000,788,6930,131004,5555,3640,133107,99,19226,463,1,7110,0.0009990000000001942
17803000,8388,-11687,127097,-2175,-15252,132065,99,19228,405,1,7111,0.0010000000000012221
17804001,7581,-5389,128756,7878,-9490,123677,142,19226,582,0,7112,0.0010009999999986974
17805000,8207,-4343,128643,13624,-8533,139332,102,19232,418,0,7113,0.0009990000000001942
17806000,3967,10587,131036,-10406,7068,120139,105,19232,430,0,7114,0.0010000000000012221
17807000,-3987,6017,134468,-11817,4179,132494,144,19229,430,1,7115,0.0009999999999976694
17808000,-8604,4028,130318,6771,-1895,128429,110,19230,590,1,7116,0.0010000000000012221
17809000,-3400,-2513,128857,-14856,-3697,127265,110,19231,451,1,7117,0.0009999999999976694
17810001,66,-8566,128055,-11451,-14138,134951,102,19224,418,0,7118,0.00100100000000225
17811000,6362,4163,129866,4582,-2318,123294,115,19224,471,0,7119,0.0009990000000001942
17812000,-4486,688,131141,-3026,-344,128302,114,19224,467,0,7120,0.0009999999999976694
17813000,-7233,8804,131326,-19961,4156,126550,125,19227,467,1,7121,0.0010000000000012221
17814000,-9697,7741,130727,-9696,2182,130969,115,19220,512,1,7122,0.0010000000000012221
17815002,-11781,5016,129858,-5972,84,131469,115,19228,471,1,7123,0.0010019999999997253
17816002,-2171,13861,130860,-14942,9813,122167,106,19226,434,1,7124,0.0009999999999976694
17817000,-4479,-1275,125074,-6533,-3821,127460,132,19221,541,0,7125,0.000998000000002719
17818000,1184,-7246,126666,-3414,-12240,126049,101,19232,414,0,7126,0.0009999999999976694
17819000,-717,1568,127848,-8765,-2427,128714,102,19232,414,0,7127,0.0010000000000012221
17820000,-4895,9534,127967,-4067,2958,120284,145,19224,418,1,7128,0.0010000000000012221
17821000,-6893,19108,129357,-12296,13012,125644,145,19225,594,1,7129,0.0009999999999976694
17822000,-6335,-146,125012,-16639,-3491,130634,116,19233,475,1,7130,0.0010000000000012221
17823000,3334,-243,125927,458,-928,124420,105,19224,430,0,7131,0.0010000000000012221
17824000,-1656,-5224,126043,2217,-7726,126883,113,19233,463,0,7132,0.0009999999999976694
17825000,444,9110,126192,-13452,1771,122942,105,19233,463,0,7133,0.0010000000000012221
17826000,-3404,9052,126036,-1985,2436,126404,116,19228,430,0,7134,0.0010000000000012221
17827000,-2897,8959,127237,-4305,8224,125247,116,19219,475,1,7135,0.0009999999999976694
17828000,-1643,10239,126736,-6807,7568,119381,125,19229,512,1,7136,0.0010000000000012221
17829000,3873,7606,125907,2423,3893,128790,102,19233,418,1,7137,0.0010000000000012221
17830000,12723,2592,122519,9449,-2938,121650,117,19227,479,0,7138,0.0009999999999976694
17831001,9222,-3093,124229,5026,-7651,127721,99,19227,479,0,7139,0.00100100000000225
17832000,9946,-8772,124378,4807,-8750,130613,112,19227,405,0,7140,0.0009990000000001942
17833002,1973,-2286,124923,8234,-5266,124375,112,19225,459,1,7141,0.0010019999999997253
17834000,3823,12532,128587,-7079,11103,125012,141,19229,577,1,7142,0.0009979999999991662
17835000,4146,10347,125364,10400,5456,121639,115,19231,471,1,7143,0.0010000000000012221
17836000,7735,-1618,124450,6309,-1209,130419,98,19227,401,1,7144,0.0009999999999976694
17837000,12777,-3779,125647,1130,-8063,119585,132,19227,401,0,7145,0.0010000000000012221
17838000,8290,-5121,128215,16405,-10639,130672,105,19231,541,0,7146,0.0010000000000012221
17839000,4664,-2728,129490,133,-5955,134032,105,19232,430,0,7147,0.0009999999999976694
17840000,654,4979,131023,-6850,1692,124659,111,19226,455,1,7148,0.0010000000000012221
17841000,-21,6006,129857,6719,1309,132142,119,19229,487,1,7149,0.0009999999999976694
17842000,3871,6612,128114,1400,2648,116833,105,19230,430,1,7150,0.0010000000000012221
17843000,6938,-3761,128739,66,-7581,133405,113,19230,430,0,7151,0.0010000000000012221
17844000,8786,-9502,127291,5127,-12764,128529,88,19219,463,0,7152,0.0009999999999976694
17845000,1665,-3997,131457,10853,-7991,127724,106,19230,360,0,7153,0.0010000000000012221
17846000,44,-1808,132633,-14344,-4531,131329,106,19224,434,0,7154,0.0010000000000012221
17847000,-2839,9744,132756,-10199,6613,127084,131,19225,537,1,7155,0.0009999999999976694
17848000,-7534,3847,135063,7707,295,143303,113,19234,463,1,7156,0.0010000000000012221
17849000,-2956,5598,126600,-14720,2069,113234,95,19234,389,1,7157,0.0010000000000012221
17850000,199,-9505,129594,-14805,-12053,135311,150,19228,389,0,7158,0.0009999999999976694
17851000,3145,-1998,127562,14435,-6438,125654,109,19232,614,0,7159,0.0010000000000012221
17852000,-4515,2787,129159,-9337,-388,125676,109,19228,446,0,7160,0.0010000000000012221
17853000,-7929,6284,131808,-22106,3828,130791,117,19224,479,1,7161,0.0009999999999976694
17854002,-8028,6522,131175,-6767,6175,124478,134,19225,549,1,7162,0.0010019999999997253
17855000,-7307,-451,128977,-7945,-3950,136258,111,19225,455,1,7163,0.000998000000002719
17856000,-3707,10128,130806,-9283,7240,119667,108,19227,455,1,7164,0.0009999999999976694
17857000,-3238,-8744,125522,-9419,-9170,134008,135,19219,442,0,7165,0.0010000000000012221
17858000,-403,6098,127811,-4020,-229,125851,135,19232,553,0,7166,0.0010000000000012221
17859000,-2667,-1769,126817,-5143,-1427,128783,108,19228,442,0,7167,0.0009999999999976694
17860000,-4925,16820,130309,-7579,5697,131221,125,19222,512,1,7168,0.0010000000000012221
17861000,-4852,14535,128169,-11274,14918,116077,116,19227,475,1,7169,0.0010000000000012221
17862000,-4784,1354,126507,-2552,-5390,138457,102,19227,475,1,7170,0.0009999999999976694
17863000,2205,13585,125243,-5131,11808,111524,139,19228,418,0,7171,0.0010000000000012221
17864000,19,-5874,124712,-4668,-5185,132520,139,19234,569,0,7172,0.0010000000000012221
17865000,2051,-2157,125373,5230,-6895,120916,108,19230,442,0,7173,0.0009999999999976694
17866000,594,-1535,126603,-9724,-2861,132562,113,19225,463,0,7174,0.0010000000000012221
17867000,-2316,17599,128395,-1005,11484,114941,161,19226,659,1,7175,0.0010000000000012221
17868000,-428,12691,125599,-1216,13996,127139,108,19226,659,1,7176,0.0009999999999976694
17869000,4481,7227,124262,-247,3871,120521,101,19233,442,1,7177,0.0010000000000012221
17870000,9289,6709,122668,3497,3098,121351,101,19224,414,0,7178,0.0009999999999976694
17871000,8588,-5902,124590,4188,-8955,130076,89,19232,365,0,7179,0.0010000000000012221
17872000,9160,323,124512,17389,-4885,121773,117,19231,479,0,7180,0.0010000000000012221
17873001,5233,-4044,126405,-3801,-8501,133566,126,19221,516,1,7181,0.0010009999999986974
17874000,3172,16406,130184,13851,20688,116923,112,19221,516,1,7182,0.0009990000000001942
17875000,6249,8626,126524,7994,736,128114,99,19228,459,1,7183,0.0010000000000012221
17876000,7306,-4055,125011,-2979,-5601,127972,99,19231,405,0,7184,0.0009999999999976694
17877000,10012,-1701,127897,5346,-7881,122825,125,19227,512,0,7185,0.0010000000000012221
17878000,11346,-8769,126635,24305,-13837,132653,100,19228,410,0,7186,0.0010000000000012221
17879000,1078,243,129939,-4307,-3084,124748,108,19228,442,0,7187,0.0009999999999976694
17880000,541,7183,131908,-13683,5617,129981,146,19228,442,1,7188,0.0010000000000012221
17881000,38,9978,129966,11059,6976,125718,114,19228,598,1,7189,0.0010000000000012221
17882000,1335,4960,129595,-709,334,125170,114,19228,467,1,7190,0.0009999999999976694
17883000,9212,-5694,126761,-4800,-6866,133703,101,19232,414,0,7191,0.0010000000000012221
17884000,8779,-12419,127533,21402,-13915,125256,139,19231,569,0,7192,0.0010000000000012221
17885000,7226,-9101,129387,2589,-15791,140323,114,19231,467,0,7193,0.0009999999999976694
17886000,-2355,10175,132693,-20781,9349,120838,120,19231,467,0,7194,0.0010000000000012221
17887000,-3961,10919,134831,-5816,6504,126054,129,19224,491,1,7195,0.0010000000000012221
17888000,-7617,2566,131413,5000,82,135482,129,19230,528,1,7196,0.0009999999999976694
17889000,-5956,-3863,127017,-18380,-8905,127883,102,19231,418,1,7197,0.0010000000000012221
17890003,3666,-6318,128446,-8663,-9627,135584,118,19228,483,0,7198,0.0010030000000007533
17891002,2862,5998,129735,13226,2507,118816,97,19229,397,0,7199,0.0009990000000001942
17892000,1246,7854,133508,-13246,5340,131027,111,19229,455,0,7200,0.0009979999999991662
17893000,-7078,493,130528,-22001,-2549,129117,141,19226,455,1,7201,0.0010000000000012221
17894000,-8424,3272,131945,-2966,1200,133542,115,19228,577,1,7202,0.0009999999999976694
17895000,-8219,18943,127957,-7156,15303,124170,115,19232,471,1,7203,0.0010000000000012221
17896000,-5350,922,128593,-13500,-1842,124425,97,19225,397,1,7204,0.0010000000000012221
17897001,35,-8733,127059,-8184,-12985,137091,161,19232,659,0,7205,0.0010009999999986974
17898002,-1297,-3292,124311,580,-8063,127188,106,19232,434,0,7206,0.0010009999999986974
17899002,-2964,13681,129931,-10968,10228,119051,111,19228,434,0,7207,0.0010000000000012221
17900000,-6309,11493,128501,-11473,9066,127069,131,19221,455,1,7208,0.0009979999999991662
17901000,-9923,2191,125538,-6508,-1230,130408,131,19229,537,1,7209,0.0010000000000012221
17902000,-5428,5861,128315,-8656,1077,128433,109,19229,446,1,7210,0.0009999999999976694
17903000,-924,10368,124358,-2555,7239,114916,112,19222,459,0,7211,0.0010000000000012221
17904000,1670,-1668,124305,2421,-3900,127912,91,19222,373,0,7212,0.0010000000000012221
17905000,2895,-4480,123925,-4776,-12178,129160,112,19228,373,0,7213,0.0009999999999976694
17906000,-1129,7955,127850,-5505,7100,124006,132,19229,459,1,7214,0.0010000000000012221
17907000,-1869,26440,126981,-2444,24537,115548,132,19219,541,1,7215,0.0010000000000012221
17908000,-3168,3369,125583,499,4122,125552,113,19231,463,1,7216,0.0009999999999976694
17909000,4899,-5230,122877,-1576,-11869,134809,95,19229,389,1,7217,0.0010000000000012221
17910000,9342,12940,125683,3465,7637,117505,123,19235,504,0,7218,0.0010000000000012221
17911000,11174,2730,124687,16212,-514,122602,113,19235,504,0,7219,0.0009999999999976694
17912000,5836,-9119,126555,1676,-8642,131548,116,19225,463,0,7220,0.0010000000000012221
17913002,1997,-1965,127558,-2196,-11912,131238,116,19223,475,1,7221,0.0010019999999997253
17914000,2329,19645,128740,2406,9173,116342,132,19229,541,1,7222,0.0009979999999991662
17915001,4291,12958,127655,6579,10580,127873,109,19233,446,1,7223,0.00100100000000225
17916000,7042,2125,124699,6300,-3111,124850,106,19223,434,0,7224,0.0009990000000001942
17917000,12441,-10001,124907,-1632,-16607,134005,98,19223,434,0,7225,0.0009999999999976694
17918000,10021,-8958,128988,18930,-10606,128047,104,19229,401,0,7226,0.0010000000000012221
17919000,5133,7139,129644,250,89,125800,104,19226,426,0,7227,0.0010000000000012221
17920000,3289,7556,130970,-10132,5079,128264,119,19227,487,1,7228,0.0009999999999976694
17921000,2104,11875,132000,9800,6402,127637,114,19233,467,1,7229,0.0010000000000012221
17922000,296,2585,128130,-8607,-3188,127080,101,19231,414,1,7230,0.0010000000000012221
17923000,6091,-4002,128915,1452,-7727,127135,139,19231,414,0,7231,0.0009999999999976694
17924000,14240,-10744,131271,25044,-14842,132311,103,19224,569,0,7232,0.0010000000000012221
17925000,5371,-5211,128061,209,-6543,130089,103,19229,422,0,7233,0.0010000000000012221
17926000,-106,8277,132933,-31943,8810,126392,104,19225,426,1,7234,0.0009999999999976694
17927000,-1463,11544,132847,10305,6124,127765,152,19229,623,1,7235,0.0010000000000012221
17928000,-8776,3491,130436,3000,-164,129669,110,19233,451,1,7236,0.0010000000000012221
17929000,-3141,-8066,129561,-25051,-13837,132460,101,19233,451,1,7237,0.0009999999999976694
17930000,-656,-11309,129040,297,-10531,133174,116,19224,414,0,7238,0.0010000000000012221
17931000,3674,10838,131734,9162,6303,122413,116,19231,475,0,7239,0.0010000000000012221
17932000,-1767,-277,128453,-13207,-3850,131912,110,19228,451,0,7240,0.0009999999999976694
17933000,-7062,4807,131951,-22213,2939,130146,121,19220,496,1,7241,0.0010000000000012221
17934000,-10036,3455,129314,-5612,1300,133198,114,19229,467,1,7242,0.0009999999999976694
17935001,-10649,17348,130427,-5267,14375,117834,107,19229,467,1,7243,0.00100100000000225
17936000,-3690,-995,127821,-11092,-4484,129870,129,19228,438,0,7244,0.0009990000000001942
17937000,-6512,-12169,122793,-7906,-16052,130767,129,19218,528,0,7245,0.0009999999999976694
17938000,362,-2524,127318,-8743,-6169,125695,106,19226,434,0,7246,0.0010000000000012221
17939001,-749,12961,130224,-3947,11001,122389,105,19227,430,0,7247,0.0010009999999986974
17940000,-5597,13380,127916,-9464,9709,119300,145,19230,594,1,7248,0.0009990000000001942
17941000,-6219,-659,129346,-16580,-1927,131887,118,19230,483,1,7249,0.0010000000000012221
17942001,-3316,3087,127115,-8018,-851,131825,104,19232,483,1,7250,0.0010009999999986974
17943001,2663,5530,124123,9917,2941,111913,121,19224,426,0,7251,0.0010000000000012221
17944000,-2576,-2528,123697,-2917,-6288,125792,121,19227,496,0,7252,0.0009990000000001942
17945001,1249,-3742,124220,-12940,-6674,131617,113,19226,463,0,7253,0.0010009999999986974
17946000,-175,9193,126374,5007,4939,123597,116,19221,475,1,7254,0.0009990000000001942
17947000,-1329,18345,127315,-3283,15113,123585,131,19221,537,1,7255,0.0010000000000012221
17948000,-915,8938,124100,-6679,8187,119424,104,19230,537,1,7256,0.0010000000000012221
17949000,3755,-4765,124502,8641,-5764,131717,113,19230,426,0,7257,0.0009999999999976694
17950000,11607,-4138,124527,6901,-5822,124247,113,19227,463,0,7258,0.0010000000000012221
17951000,10042,828,127781,1806,338,123657,100,19227,410,0,7259,0.0010000000000012221
17952000,9223,-2365,125141,5093,-6505,128159,108,19228,442,0,7260,0.0009999999999976694
17953000,3515,5346,127414,7829,2684,123240,137,19228,561,1,7261,0.0010000000000012221
17954000,1225,9373,129850,-7503,7402,135140,113,19228,561,1,7262,0.0010000000000012221
17955002,8230,13043,125583,8990,7692,114874,97,19231,463,1,7263,0.0010019999999997253
17956000,7375,3908,126298,13096,2095,122570,97,19228,397,0,7264,0.0009979999999991662
17957000,11286,-6796,125484,-2285,-9231,130729,142,19230,582,0,7265,0.0010000000000012221
17958000,7500,-18095,125745,16825,-20943,133877,105,19230,430,0,7266,0.0009999999999976694
17959000,3631,-161,132407,-3390,-4858,124582,104,19225,426,1,7267,0.0010000000000012221
17960002,334,15968,129990,-6826,11292,124833,116,19225,426,1,7268,0.0010019999999997253
17961002,-872,11023,129029,8534,9695,127269,108,19228,475,1,7269,0.0010000000000012221
17962001,4392,-5695,126874,-4839,-9054,129627,108,19227,442,1,7270,0.0009990000000001942
17963000,7779,-11571,126573,1666,-11740,128185,116,19222,475,0,7271,0.0009989999999966415
17964001,9367,2941,130899,18661,184,125293,92,19228,377,0,7272,0.00100100000000225
17965000,2945,-3373,129186,-2993,-5861,133076,104,19228,426,0,7273,0.0009990000000001942
17966000,690,5869,133631,-12609,1373,127617,130,19228,426,1,7274,0.0009999999999976694
17967001,-4467,-298,130408,-1997,-3502,132080,111,19223,532,1,7275,0.00100100000000225
17968000,-7098,6430,133483,-7509,3097,119859,111,19229,455,1,7276,0.0009990000000001942
17969000,-1642,-4383,129807,-16984,-15102,134053,98,19229,401,0,7277,0.0009999999999976694
17970001,3944,-6934,129002,7982,-5175,131034,149,19231,610,0,7278,0.00100100000000225
17971000,4624,6982,130816,-409,5412,121507,108,19229,442,0,7279,0.0009990000000001942
17972000,-5334,1472,129246,-21720,-2542,130143,112,19229,442,0,7280,0.0009999999999976694
17973000,-7036,6277,132359,-6954,3028,131816,133,19224,459,1,7281,0.0010000000000012221
17974000,-9587,5431,129194,-9192,4050,132334,133,19227,545,1,7282,0.0010000000000012221
17975001,-10291,11685,128722,-12681,11192,119128,112,19229,459,1,7283,0.0010009999999986974
17976000,-4963,5637,128139,-9582,-1799,126496,110,19223,451,0,7284,0.0009990000000001942
17977000,-2555,-4769,124746,2712,-5293,135218,132,19231,541,0,7285,0.0010000000000012221
17978000,1726,-2276,127422,-8400,-3710,123311,104,19231,426,0,7286,0.0009999999999976694
17979003,-5410,9579,128608,-19141,5700,125917,122,19231,426,1,7287,0.0010030000000007533
17980002,-6201,15778,128587,-2957,11550,120438,122,19221,500,1,7288,0.0009990000000001942
17981000,-5889,2105,129341,-8114,-318,131438,116,19230,475,1,7289,0.0009979999999991662
17982000,-2624,10,126747,-8391,-3585,125048,104,19229,426,1,7290,0.0010000000000012221
17983000,-1250,10502,125391,-3890,8576,117049,139,19229,569,0,7291,0.0010000000000012221
17984002,2239,-1189,123787,-2055,-5837,128003,105,19229,430,0,7292,0.0010019999999997253
17985000,5177,5400,127448,231,3187,125404,110,19230,430,0,7293,0.0009979999999991662
17986000,1118,4336,125682,-2443,1750,133718,161,19225,451,1,7294,0.0010000000000012221
17987000,-4173,15873,128603,-6265,13750,114484,161,19229,659,1,7295,0.0009999999999976694
17988002,-3626,8713,126596,-5344,5719,126928,110,19235,451,1,7296,0.0010019999999997253
17989000,5925,4187,120736,19898,-178,125768,101,19227,414,0,7297,0.000998000000002719
17990000,7970,-2822,122915,2458,-6912,121816,86,19227,352,0,7298,0.0009999999999976694
17991000,7343,-9943,124634,-8103,-14420,131642,117,19233,352,0,7299,0.0010000000000012221
17992000,8233,4356,127097,17414,414,123548,127,19225,479,0,7300,0.0010000000000012221
17993000,3503,6401,129060,4022,3470,128067,127,19219,520,1,7301,0.0009999999999976694
17994000,1641,17942,129514,-11418,17803,120894,112,19228,459,1,7302,0.0010000000000012221
17995000,6729,1860,126988,9831,1279,132392,101,19232,414,1,7303,0.0009999999999976694
17996000,10891,1712,127511,16116,-3706,123998,124,19232,508,0,7304,0.0010000000000012221
17997000,10433,-801,128101,1524,-2910,125032,101,19224,508,0,7305,0.0010000000000012221
17998000,6256,-9355,125336,10905,-12731,133060,107,19234,414,0,7306,0.0009999999999976694
17999000,6855,6594,130431,2388,-1210,127529,107,19229,438,1,7307,0.0010000000000012221
18000000,977,10401,131762,-4061,7850,129287,144,19230,590,1,7308,0.0010000000000012221
18001000,-132,19871,129564,6218,17650,118711,111,19231,455,1,7309,0.0009999999999976694
18002000,2933,-3673,128512,-2329,-5524,129613,101,19225,414,1,7310,0.0010000000000012221
18003000,7202,-17638,127561,-735,-20842,141088,138,19225,414,0,7311,0.0010000000000012221
18004000,9572,2172,129502,16241,-5994,125717,117,19231,565,0,7312,0.0009999999999976694
18005000,3039,5194,130844,3842,2850,131764,117,19230,479,0,7313,0.0010000000000012221
18006000,198,6068,131392,-21334,668,119695,119,19221,487,1,7314,0.0010000000000012221
18007000,-3710,13297,134132,-10473,12528,133179,127,19229,520,1,7315,0.0009999999999976694
18008000,-4791,-3669,128916,13305,-4460,129787,101,19230,414,1,7316,0.0010000000000012221
18009000,-3092,-13318,127303,-11045,-15603,134622,115,19230,414,0,7317,0.0010000000000012221
18010000,-1939,-3745,130056,-19426,-4478,129212,97,19220,471,0,7318,0.0009999999999976694
18011001,3156,6273,129148,7386,2653,124497,97,19231,397,0,7319,0.00100100000000225
18012000,-3744,7493,134174,-4353,748,133911,110,19227,451,0,7320,0.0009990000000001942
18013000,-8104,7135,129361,-24486,2435,126861,139,19225,569,1,7321,0.0009999999999976694
18014000,-9026,8763,130071,-3009,5666,130592,115,19230,471,1,7322,0.0010000000000012221
18015002,-6352,9827,129624,-6232,6862,124355,99,19230,471,1,7323,0.0010019999999997253
18016000,383,68,127394,-11185,-7212,128754,158,19230,405,0,7324,0.0009979999999991662
18017000,-6739,-8903,124995,-6475,-6952,130406,158,19231,647,0,7325,0.0010000000000012221
18018000,-3018,6391,129398,-8369,5027,124409,104,19229,426,0,7326,0.0010000000000012221
18019001,-1975,9788,127930,-2731,5941,125653,110,19224,451,1,7327,0.0010009999999986974
18020000,-8086,14353,128236,-9973,10470,121672,131,19228,537,1,7328,0.0009990000000001942
18021000,-6270,3177,126876,-16621,2618,135921,108,19228,537,1,7329,0.0010000000000012221
18022000,-2008,3067,126228,3495,850,122170,113,19233,442,0,7330,0.0009999999999976694
18023003,2926,-5643,124960,4656,-10380,131020,113,19221,463,0,7331,0.0010030000000007533
18024000,612,-4996,123367,-7828,-5055,123913,91,19231,373,0,7332,0.000997000000001691
18025000,-1859,9252,127570,-6418,4261,123397,108,19231,442,0,7333,0.0009999999999976694
18026000,58,6160,124645,2893,3814,127678,130,19222,532,1,7334,0.0010000000000012221
18027000,-2262,17540,127661,-8502,16293,120662,115,19222,471,1,7335,0.0009999999999976694
18028000,1721,5666,123810,6155,1583,124512,97,19233,471,1,7336,0.0010000000000012221
18029000,3664,5607,123834,1254,621,120314,134,19230,397,0,7337,0.0010000000000012221
18030000,11914,-2928,124496,5751,-6823,133191,134,19234,549,0,7338,0.0009999999999976694
18031001,9141,-6225,124587,19187,-10183,123534,110,19227,451,0,7339,0.00100100000000225
18032000,4847,-253,126316,-5982,-4730,127881,111,19226,455,1,7340,0.0009990000000001942
18033000,1567,10183,129690,-2327,7764,124878,130,19226,532,1,7341,0.0009999999999976694
18034000,4355,12016,128376,11359,9054,122197,111,19226,532,1,7342,0.0010000000000012221
18035000,7648,-2137,125237,4475,-5628,129984,105,19234,455,1,7343,0.0010000000000012221
18036000,8620,4239,127330,-149,87,122121,105,19225,430,0,7344,0.0009999999999976694
18037000,10817,-13447,125610,16366,-15489,133291,108,19232,442,0,7345,0.0010000000000012221
18038000,7484,-7266,127090,13953,-12368,126836,102,19228,418,0,7346,0.0010000000000012221
18039000,1726,3748,130447,-10721,-1814,134504,117,19228,479,1,7347,0.0009999999999976694
18040000,-252,20387,130865,-428,14861,117281,112,19224,479,1,7348,0.0010000000000012221
18041000,838,9063,130088,6417,6499,131592,101,19232,459,1,7349,0.0010000000000012221
18042000,4256,-7612,125704,-1476,-13004,130320,101,19228,414,0,7350,0.0009999999999976694
18043000,9659,-10385,130033,3561,-13867,127188,137,19223,561,0,7351,0.0010000000000012221
18044000,9453,-7633,129120,16999,-12638,136520,109,19227,446,0,7352,0.0010000000000012221
18045001,4204,4267,132082,-10387,590,121979,109,19226,446,0,7353,0.0010009999999986974
18046000,3139,11549,134633,-19657,9945,130372,159,19226,446,1,7354,0.0009990000000001942
18047000,-8049,4417,129407,11479,1456,127749,113,19228,651,1,7355,0.0010000000000012221
18048000,-5384,3583,132516,-13606,2755,134701,113,19228,463,1,7356,0.0009999999999976694
18049002,-1851,-12756,125991,-11887,-15895,128899,101,19228,414,0,7357,0.0010019999999997253
18050000,1090,2565,133200,9935,-1795,128544,114,19229,467,0,7358,0.000998000000002719
18051002,1747,7949,130088,-5875,5671,128396,112,19226,459,0,7359,0.0010019999999997253
18052000,-7700,-4805,129734,-14283,-2140,126341,122,19226,459,1,7360,0.0009979999999991662
18053000,-5747,3025,130409,-12859,129,130259,113,19220,500,1,7361,0.0010000000000012221
18054000,-10117,10912,129901,-8562,8212,124349,113,19226,463,1,7362,0.0009999999999976694
18055000,-3622,11295,130367,-10534,11945,121959,102,19230,418,1,7363,0.0010000000000012221
18056000,-1566,-8353,126274,-9684,-9323,133555,127,19219,520,0,7364,0.0010000000000012221
18057000,-3217,-8207,125494,-2581,-11541,128195,98,19232,401,0,7365,0.0009999999999976694
18058000,-260,7957,128314,-9823,3650,122678,103,19232,401,0,7366,0.0010000000000012221
18059001,-5198,12669,127451,-8343,14417,120834,143,19232,422,1,7367,0.0010009999999986974
18060000,-6025,15331,131412,-10613,3688,126879,143,19225,586,1,7368,0.0009990000000001942
18061000,-10076,4900,124529,-12680,806,128231,116,19236,475,1,7369,0.0010000000000012221
18062001,-2344,1777,127318,-1181,-511,128015,102,19224,418,0,7370,0.0010009999999986974
18063000,1445,-903,124009,2117,-1131,121836,116,19233,475,0,7371,0.0009990000000001942
18064001,16,3242,125066,-5584,-350,129602,107,19233,475,0,7372,0.0010009999999986974
18065000,3149,4522,125097,-4992,4916,123960,115,19226,438,0,7373,0.0009990000000001942
18066000,-4131,12789,126809,2389,8998,120371,115,19221,471,1,7374,0.0010000000000012221
18067000,-1921,9466,126708,-5205,1690,125359,127,19232,520,1,7375,0.0010000000000012221
18068000,1299,5616,124837,2384,3818,123236,102,19234,418,1,7376,0.0009999999999976694
18069000,8228,1876,125160,6573,-630,123483,117,19232,479,0,7377,0.0010000000000012221
18070000,8472,2590,124299,6300,-2832,121844,99,19232,479,0,7378,0.0010000000000012221
18071000,7141,-7733,125083,2085,-11034,133173,111,19230,405,0,7379,0.0009999999999976694
18072000,6070,-8074,125571,10491,-8259,126509,137,19227,455,1,7380,0.0010000000000012221
18073002,-1011,16585,128645,-8936,13576,117027,137,19229,561,1,7381,0.0010019999999997253
18074000,6301,12300,128869,5866,8013,130958,115,19235,471,1,7382,0.0009979999999991662
18075000,8164,-3169,123573,17651,-7604,120244,99,19228,405,1,7383,0.0010000000000012221
18076000,12429,-6234,127216,-4693,-10427,126350,153,19228,627,0,7384,0.0010000000000012221
18077000,8228,-4751,127731,10749,-7583,129186,103,19229,627,0,7385,0.0009999999999976694
18078000,9224,-3331,128713,8073,-7779,131070,105,19234,422,0,7386,0.0010000000000012221
18079000,5451,3866,131015,-7208,-280,131704,105,19226,430,1,7387,0.0010000000000012221
18080000,-1465,17238,129303,1642,13862,120678,123,19230,504,1,7388,0.0009999999999976694
18081001,3345,5041,128362,4116,1978,127020,107,19234,438,1,7389,0.00100100000000225
18082000,2936,102,127958,12,-4260,127418,115,19234,471,0,7390,0.0009990000000001942
18083000,10084,-8988,129455,8437,-12115,132911,94,19219,471,0,7391,0.0009999999999976694
18084000,9656,-7478,127638,6354,-9867,123632,104,19229,385,0,7392,0.0010000000000012221
18085000,1783,-2386,132821,-19369,-5549,128116,104,19232,426,0,7393,0.0010000000000012221
18086000,1749,3163,132352,-3615,930,136065,127,19222,520,1,7394,0.0009999999999976694
18087000,-5928,2789,129714,4072,-1602,125004,113,19230,463,1,7395,0.0010000000000012221
18088000,-4610,7023,131884,-17072,5642,127525,100,19230,410,1,7396,0.0009999999999976694
18089002,-1037,-7063,127002,-12800,-11154,132127,147,19231,410,0,7397,0.001002000000003278
18090001,1131,6585,131265,13264,199,125126,104,19230,602,0,7398,0.0009990000000001942
18091002,-1320,-3089,129571,-7723,-6631,133816,104,19229,426,0,7399,0.0010009999999986974
18092000,-8905,4488,130110,-20180,1495,124414,112,19227,459,1,7400,0.0009979999999991662
18093003,-6074,8527,132416,-10857,3050,136172,139,19226,569,1,7401,0.0010030000000007533
18094000,-8536,7858,130582,-6325,5969,127148,113,19232,463,1,7402,0.0009969999999981383
18095000,-5585,19931,132048,646,19650,124280,109,19232,463,1,7403,0.0010000000000012221
18096000,-3785,-8947,124194,-15689,-12085,127950,136,19228,446,0,7404,0.0010000000000012221
18097000,-2060,-1182,130593,-6596,-5372,129985,136,19232,557,0,7405,0.0009999999999976694
18098000,-1006,-1115,125609,1926,-6131,132869,105,19231,430,0,7406,0.0010000000000012221
18099000,-6928,18722,128456,-15039,12642,114275,121,19222,496,1,7407,0.0010000000000012221
18100000,-6111,2623,128308,-11959,7485,133660,116,19227,475,1,7408,0.0009999999999976694
18101000,-11310,4092,123892,-3997,-3733,119688,104,19227,475,1,7409,0.0010000000000012221
18102002,2088,19272,127592,-9576,11823,124601,135,19227,426,0,7410,0.0010019999999997253
18103000,-1286,-4916,122937,5578,-3413,125513,135,19230,553,0,7411,0.0009979999999991662
18104000,832,-7135,124207,-1457,-8963,132741,114,19231,467,0,7412,0.0010000000000012221
18105000,674,486,124375,-11407,765,127112,112,19224,459,0,7413,0.0010000000000012221
18106000,-3751,20201,128126,4631,14743,118346,161,19224,659,1,7414,0.0009999999999976694
18107000,1302,10921,125087,1959,4218,126527,110,19224,659,1,7415,0.0010000000000012221
18108000,-1740,5992,125530,-5427,1296,123142,100,19232,451,1,7416,0.0010000000000012221
18109000,12190,3070,122950,9601,-52,123988,100,19226,410,0,7417,0.0009999999999976694
18110000,6117,5414,125183,12740,857,118491,93,19229,381,0,7418,0.0010000000000012221
18111000,7592,-3592,126749,-4570,-11478,133074,115,19228,471,0,7419,0.0010000000000012221
18112000,6373,-4120,126651,3285,-2796,130381,120,19219,491,1,7420,0.0009999999999976694
18113000,-113,17298,131121,6818,16743,119642,109,19219,491,1,7421,0.0010000000000012221
18114000,5812,7874,126570,6250,3382,125641,100,19231,446,1,7422,0.0010000000000012221
18115000,4168,1448,125231,212,-2233,125231,100,19231,410,0,7423,0.0009999999999976694
18116000,12588,-7647,125598,5116,-11580,133453,124,19224,508,0,7424,0.0010000000000012221
18117000,11822,-2318,126688,19238,-4934,126461,98,19228,401,0,7425,0.0010000000000012221
18118000,4221,-9300,129341,-8886,-11657,131619,104,19227,426,0,7426,0.0009999999999976694
18119000,5617,12289,132934,-5391,7637,123705,137,19227,561,1,7427,0.0010000000000012221
18120000,410,11183,130047,13562,4797,132578,112,19229,561,1,7428,0.0009999999999976694
18121000,1887,3314,127994,-4859,1157,127526,100,19229,459,1,7429,0.0010000000000012221
18122000,2573,-377,130822,-5306,-4613,121497,100,19226,410,0,7430,0.0010000000000012221
18123000,12511,-9315,128968,21154,-11759,136171,145,19229,594,0,7431,0.0009999999999976694
18124001,8590,-461,129316,6908,-3988,128497,107,19230,438,0,7432,0.00100100000000225
18125006,2045,-1021,132660,-21733,-3838,130287,112,19230,459,1,7433,0.0010049999999992565
18126000,-928,13598,132940,-6612,10027,124534,131,19222,459,1,7434,0.0009939999999986071
18127000,-7731,1312,131785,7004,-1819,133634,102,19229,537,1,7435,0.0010000000000012221
18128002,-6609,-7734,128216,-14052,-11383,132116,102,19231,418,1,7436,0.0010019999999997253
18129002,-947,-1654,129018,-14452,-5321,132852,114,19219,467,0,7437,0.0010000000000012221
18130000,-1520,2630,128286,11138,-3550,128326,94,19230,385,0,7438,0.0009979999999991662
18131001,2033,11235,133602,-3912,9045,120858,108,19230,442,0,7439,0.0010009999999986974
18132002,-7926,-9037,129256,-21814,-10264,137005,139,19230,442,1,7440,0.00100100000000225
18133000,-9602,3478,130401,-7911,-1680,133419,118,19226,569,1,7441,0.0009979999999991662
18134003,-8186,9486,130967,-6093,8157,122122,118,19229,483,1,7442,0.0010030000000007533
18135000,-4790,7886,128414,-10606,3615,127494,99,19227,405,1,7443,0.0009969999999981383
18136003,-1367,-5635,125612,-12730,-9571,126594,154,19228,631,0,7444,0.0010030000000007533
18137000,-2075,-5829,126120,955,-11183,134988,106,19235,434,0,7445,0.000997000000001691
18138001,-2319,13661,127902,-10359,9923,118057,112,19235,434,0,7446,0.0010009999999986974
18139003,-6217,7472,129063,-8446,7448,122866,127,19220,459,1,7447,0.0010019999999997253
18140000,-8595,5184,127314,-3075,2505,132620,127,19228,520,1,7448,0.000997000000001691
18141000,-5674,1129,124690,-12161,-4542,128241,112,19228,459,1,7449,0.0009999999999976694
18142000,721,16058,127934,-3492,10387,121744,110,19223,451,0,7450,0.0010000000000012221
18143000,-387,-4282,123176,3887,-3090,122848,96,19229,393,0,7451,0.0010000000000012221
18144000,1379,-4116,126158,-1060,-11477,132220,113,19229,393,0,7452,0.0009999999999976694
18145001,-1273,9604,126596,-8457,5619,125193,137,19232,463,1,7453,0.00100100000000225
18146000,-1418,15472,125716,-4559,10850,119047,137,19215,561,1,7454,0.0009990000000001942
18147000,-2521,5757,125242,4652,6037,130750,116,19227,475,1,7455,0.0009999999999976694
18148000,3231,-7944,120704,-4461,-6668,124724,97,19228,397,1,7456,0.0010000000000012221
18149000,9502,8172,125899,3900,4895,122728,129,19235,528,0,7457,0.0010000000000012221
18150000,11532,-6576,123121,13487,-1576,124064,106,19235,528,0,7458,0.0009999999999976694
18151001,9948,-3997,127313,1971,-8799,127628,116,19229,434,0,7459,0.00100100000000225
18152001,2088,423,127796,2103,-1004,131586,116,19225,475,1,7460,0.0009999999999976694
18153001,3002,9485,128464,-163,8192,121378,133,19228,545,1,7461,0.0010000000000012221
18154000,3086,16091,128152,462,9915,121958,107,19235,438,1,7462,0.0009990000000001942
18155001,9052,3538,124065,13293,-1194,125723,99,19222,405,0,7463,0.0010009999999986974
18156000,12759,-7388,126518,7498,-7421,134350,116,19222,405,0,7464,0.0009990000000001942
18157000,8634,-12909,125912,15501,-14900,127098,113,19231,475,0,7465,0.0010000000000012221
18158000,6449,-2902,128676,-5085,-5951,130475,113,19233,463,0,7466,0.0009999999999976694
18159000,2178,12898,132057,-3463,9512,122686,121,19218,496,1,7467,0.0010000000000012221
18160000,3940,10291,131298,6091,4299,127457,113,19226,463,1,7468,0.0010000000000012221
18161000,-333,-3707,128822,943,-9267,132779,99,19227,405,1,7469,0.0009999999999976694
18162000,6731,-7678,127669,2575,-10449,127961,136,19227,557,0,7470,0.0010000000000012221
18163004,11032,-3770,131007,17042,-5146,128502,101,19229,557,0,7471,0.0010040000000017812
18164000,5393,881,128572,7089,-3419,128877,104,19230,414,0,7472,0.0009959999999971103
18165000,318,2708,131471,-29363,979,129368,104,19224,426,1,7473,0.0010000000000012221
18166000,-3388,9106,132956,8116,5680,123113,151,19228,618,1,7474,0.0010000000000012221
18167003,-8052,2935,129714,4952,-605,130132,109,19232,446,1,7475,0.0010029999999972006
18168000,-3478,-7713,129351,-26246,-12121,134924,100,19232,410,1,7476,0.000997000000001691
18169000,49,-9330,129151,390,-13232,128439,112,19222,410,0,7477,0.0010000000000012221
18170000,7042,5373,131314,7235,3330,128108,110,19230,459,0,7478,0.0009999999999976694
18171000,-3755,4164,131155,-15358,903,124505,110,19231,451,0,7479,0.0010000000000012221
18172000,-6110,6356,131690,-20452,3056,129531,121,19222,496,1,7480,0.0010000000000012221
18173000,-10259,1673,128556,-7542,-1481,137744,114,19228,467,1,7481,0.0009999999999976694
18174000,-10424,18404,129752,-3665,15851,116459,104,19228,426,1,7482,0.0010000000000012221
18175000,-3682,2827,127805,-11892,968,125266,127,19229,426,0,7483,0.0010000000000012221
18176000,-6001,-8704,124780,-10509,-11983,130816,99,19220,520,0,7484,0.0009999999999976694
18177000,-280,3283,130290,-3334,-1201,132954,99,19228,405,0,7485,0.0010000000000012221
18178000,128,5251,124647,-5965,1627,117395,102,19227,418,0,7486,0.0010000000000012221
18179000,-6748,18543,130229,-11887,16568,119336,145,19229,594,1,7487,0.0009999999999976694
18180000,-7220,-3762,127292,-15177,-5198,135710,119,19233,487,1,7488,0.0010000000000012221
18181000,-2935,2454,126779,-4240,-1314,122803,103,19233,487,1,7489,0.0010000000000012221
18182000,3397,2091,126215,3201,-133,128723,114,19226,422,0,7490,0.0009999999999976694
18183000,-4491,3979,123657,-2222,2471,117585,114,19231,467,0,7491,0.0010000000000012221
18184000,5791,4699,127471,-11047,5791,130235,111,19228,455,0,7492,0.0009999999999976694
18185000,-167,5777,125808,2485,1175,129038,117,19220,479,1,7493,0.0010000000000012221
18186000,-1536,20738,126882,-3428,17954,115727,133,19233,545,1,7494,0.0010000000000012221
18187000,-1314,7189,124565,-5200,4783,124132,105,19233,545,1,7495,0.0009999999999976694
18188000,3472,-114,124527,5508,-2290,125651,117,19230,430,0,7496,0.0010000000000012221
18189000,11076,-681,125516,13006,-4829,134091,117,19231,479,0,7497,0.0010000000000012221
18190000,6522,1620,124635,-900,-3810,116244,105,19227,430,0,7498,0.0009999999999976694
18191000,8215,-3442,127362,-228,-5186,127747,116,19226,475,0,7499,0.0010000000000012221
18192002,678,4040,125663,12064,-9,128188,143,19225,586,1,7500,0.0010019999999997253
18193003,2596,12768,128029,-3102,14013,122611,117,19225,586,1,7501,0.00100100000000225
18194002,6343,5154,126077,6086,3844,122225,99,19227,479,1,7502,0.0009989999999966415
18195002,8499,2649,127003,11304,2975,124696,99,19228,405,0,7503,0.0010000000000012221
18196001,14573,-6357,127141,5167,-7497,133083,149,19232,610,0,7504,0.0009990000000001942
18197000,7494,-13841,128359,16916,-14666,132870,103,19228,422,0,7505,0.0009990000000001942
18198000,5614,1704,131376,-5743,2589,128942,108,19224,442,1,7506,0.0010000000000012221
18199003,2483,12953,130794,-5914,8707,122688,119,19224,442,1,7507,0.0010029999999972006
18200002,1088,6222,130122,11022,-274,130109,107,19230,487,1,7508,0.0009990000000001942
18201002,5259,2234,128086,809,-8967,124530,107,19231,438,1,7509,0.0010000000000012221
18202000,5559,-11362,125675,-4602,-13900,128656,111,19220,455,0,7510,0.0009979999999991662
18203000,10597,5250,131846,17531,1392,128467,90,19228,369,0,7511,0.0010000000000012221
18204000,2697,-5577,127520,-13576,-6611,126903,105,19229,430,0,7512,0.0010000000000012221
18205000,-450,5121,134096,-13902,77,131078,128,19229,430,1,7513,0.0009999999999976694
18206001,-2242,-2177,129431,8595,-4903,133861,115,19222,524,1,7514,0.00100100000000225
18207000,-9282,11203,131140,-11963,9679,119703,115,19234,471,1,7515,0.0009990000000001942
18208002,928,-133,130482,-14149,-4160,132333,97,19230,397,0,7516,0.0010019999999997253
18209000,-1747,-8910,127690,8932,-13423,131131,145,19230,594,0,7517,0.0009979999999991662
18210000,4297,6525,129993,-7208,4728,123919,109,19228,446,0,7518,0.0010000000000012221
18211000,-7065,5191,131982,-20465,1091,127958,112,19228,459,0,7519,0.0009999999999976694
18212000,-5924,-10,132558,-7607,-62,132996,138,19227,459,1,7520,0.0010000000000012221
18213000,-7017,11497,130590,-10257,5370,126616,110,19228,565,1,7521,0.0009999999999976694
18214000,-11196,1852,127278,-15565,-673,129736,110,19234,451,1,7522,0.0010000000000012221
18215000,-67,1918,129243,-3133,279,124995,107,19221,438,0,7523,0.0010000000000012221
18216000,-6782,-1249,126915,-3624,-5413,128696,134,19230,549,0,7524,0.0009999999999976694
18217001,-487,5499,129115,-8153,2603,128414,104,19230,426,0,7525,0.00100100000000225
18218000,-2483,-1112,124719,-10497,-3906,126771,120,19233,426,1,7526,0.0009990000000001942
18219012,-7203,16311,129121,-10293,12656,123923,115,19222,491,1,7527,0.0010119999999993468
18220000,-4895,4439,124729,-3868,757,126235,115,19227,471,1,7528,0.0009879999999995448
18221000,-7437,9678,126980,-7996,6220,126288,105,19228,430,1,7529,0.0010000000000012221
18222000,1437,1317,123762,-6686,-1766,123538,139,19232,569,0,7530,0.0009999999999976694
18223000,-789,-2225,125117,5137,-5809,125900,107,19232,438,0,7531,0.0010000000000012221
18224000,5142,-3236,125181,-3308,-9092,132073,108,19227,438,0,7532,0.0010000000000012221
18225000,-586,5791,127120,-4511,2872,123390,154,19220,442,1,7533,0.0009999999999976694
18226000,-3009,13849,128016,-6075,12578,124837,154,19225,631,1,7534,0.0010000000000012221
18227000,2288,5477,124655,1237,3215,124920,110,19230,451,1,7535,0.0010000000000012221
18228000,3699,10942,126199,8112,7714,121996,99,19222,405,0,7536,0.0009999999999976694
18229000,9410,-827,121888,1680,-8018,124479,94,19231,385,0,7537,0.0010000000000012221
18230001,7108,-4435,125443,9580,-9745,125891,114,19231,385,0,7538,0.0010009999999986974
18231000,8276,-2014,126068,8446,-6910,131924,123,19228,467,0,7539,0.0009990000000001942
18232002,2713,12904,128379,-2975,7259,119411,123,19221,504,1,7540,0.0010019999999997253
18233000,1433,11062,130968,19,9071,128426,109,19229,446,1,7541,0.000998000000002719
18234000,7414,-2768,124605,12972,-5443,131155,104,19228,426,1,7542,0.0009999999999976694
18235000,8420,1151,125971,2310,-3623,122787,124,19225,508,0,7543,0.0010000000000012221
18236000,11211,8814,127647,4869,2514,126983,97,19225,508,0,7544,0.0010000000000012221
18237000,6843,-9665,126458,17333,-11156,129471,103,19231,397,0,7545,0.0009999999999976694
18238000,5867,-4943,131484,-2156,-12587,136495,103,19226,422,1,7546,0.0010000000000012221
18239000,350,14894,131919,-5476,10097,127774,138,19228,565,1,7547,0.0010000000000012221
18240000,-1798,7346,128527,5831,10038,119833,114,19234,467,1,7548,0.0009999999999976694
18241000,2972,1645,128584,-397,3564,130286,103,19227,422,1,7549,0.0010000000000012221
18242000,9004,-19368,125867,-1614,-19047,134985,143,19227,422,0,7550,0.0010000000000012221
18243000,11585,-3820,130297,21307,-11693,127628,107,19234,586,0,7551,0.0009999999999976694
18244000,3864,1445,130948,361,-658,124102,107,19228,438,0,7552,0.0010000000000012221
18245000,-671,10188,133037,-22415,7177,127571,111,19221,455,1,7553,0.0009999999999976694
18246000,-4513,3530,132760,11,-3625,135258,132,19233,541,1,7554,0.0010000000000012221
18247000,-6294,-677,128329,7739,-7124,131358,103,19230,422,1,7555,0.0010000000000012221
18248000,-4167,1990,129120,-23186,945,124568,115,19230,422,0,7556,0.0009999999999976694
18249000,362,4221,129745,-6826,1565,127131,97,19222,471,0,7557,0.0010000000000012221
18250000,2985,-537,130037,4907,-5959,133852,97,19230,397,0,7558,0.0010000000000012221
18251002,-4676,-227,130291,-22474,-1918,126733,111,19224,455,0,7559,0.0010019999999997253
18252000,-11226,3793,131624,-15185,585,132834,140,19224,573,1,7560,0.0009979999999991662
18253000,-8703,8176,129339,-2623,6475,123926,115,19229,471,1,7561,0.0010000000000012221
18254000,-5675,8802,130663,-7287,4843,126815,98,19229,401,1,7562,0.0009999999999976694
18255000,-2830,-5120,125280,-14826,-10141,131781,158,19226,401,0,7563,0.0010000000000012221
18256000,-3196,-2990,126279,-33,-5268,124625,114,19226,647,0,7564,0.0010000000000012221
18257000,-1295,9743,129400,-5628,6697,124072,114,19227,467,0,7565,0.0009999999999976694
18258000,-746,5705,128191,-9766,2651,124040,114,19221,467,1,7566,0.0010000000000012221
18259002,-7542,2996,127723,-9255,-1793,127942,127,19228,520,1,7567,0.0010019999999997253
18260002,-7135,7026,128337,-11844,2586,127127,112,19228,459,1,7568,0.0010000000000012221
18261000,630,10699,125074,4142,8589,121141,114,19231,459,0,7569,0.0009979999999991662
18262003,1900,-2988,126719,-6145,-7187,131816,92,19221,467,0,7570,0.0010030000000007533
18263000,2822,-1971,123185,-4866,-4506,124806,92,19227,377,0,7571,0.0009969999999981383
18264000,-940,6125,126271,-1087,3199,127430,110,19230,451,0,7572,0.0010000000000012221
18265000,-2257,9584,126570,-343,5800,117478,127,19224,520,1,7573,0.0010000000000012221
18266000,-4687,15220,126560,73,13208,123270,114,19224,467,1,7574,0.0009999999999976694
18267000,-554,423,121027,-5962,-2967,131688,95,19232,467,1,7575,0.0010000000000012221
18268000,8149,18255,125541,9853,15096,114087,131,19229,389,0,7576,0.0010000000000012221
18269000,10325,-1948,123200,14574,-6858,127362,131,19234,537,0,7577,0.0009999999999976694
18270000,8732,-7065,125610,6322,-11052,127149,113,19230,463,0,7578,0.0010000000000012221
18271000,2465,-4483,126636,-1152,-8538,128655,112,19225,459,1,7579,0.0010000000000012221
18272000,2459,8403,128371,2811,5304,125425,130,19227,532,1,7580,0.0009999999999976694
18273000,3973,15124,126891,7103,11648,115878,109,19227,532,1,7581,0.0010000000000012221
18274003,3568,-4965,125637,987,-7381,128667,104,19232,446,1,7582,0.0010030000000007533
18275000,13581,-4468,124195,-1180,-7983,124472,104,19223,426,0,7583,0.0009969999999981383
18276000,10315,-6986,126399,22522,-10850,134364,105,19232,430,0,7584,0.0010000000000012221
18277000,8888,2083,129621,4605,-4362,124512,104,19228,426,0,7585,0.0009999999999976694
18278000,2755,566,130463,-12185,-3833,130151,120,19224,491,1,7586,0.0010000000000012221
18279001,-2160,13895,132328,4612,8749,130119,112,19224,491,1,7587,0.00100100000000225
18280000,1753,10505,127733,4444,8423,124144,99,19228,459,1,7588,0.0009989999999966415
18281000,1361,-2235,126697,-1972,-5879,125250,99,19229,405,0,7589,0.0010000000000012221
18282000,12124,-13029,128811,6323,-17713,130751,137,19222,561,0,7590,0.0010000000000012221
18283000,9812,-9703,129054,18225,-13080,137367,101,19232,414,0,7591,0.0009999999999976694
18284000,3821,11371,132604,-15519,5010,119354,106,19227,434,0,7592,0.0010000000000012221
18285000,2806,8760,133235,-15019,11871,123525,156,19227,434,1,7593,0.0010000000000012221
18286000,-9197,-2557,130704,13139,-983,134589,109,19225,639,1,7594,0.0009999999999976694
18287002,-5478,-11262,128290,-18413,-13372,131574,109,19230,446,1,7595,0.0010019999999997253
18288000,-1491,-4579,131336,-9853,-8950,126184,102,19224,418,0,7596,0.000998000000002719
18289000,4418,15389,131174,6287,9829,119065,127,19232,520,0,7597,0.0009999999999976694
18290001,1579,-912,129729,-3275,-1747,134655,115,19229,471,0,7598,0.00100100000000225
18291000,-6527,2237,131587,-15787,-1653,128538,125,19229,471,1,7599,0.0009990000000001942
18292000,-6004,-419,129925,-15708,-6144,133069,113,19219,512,1,7600,0.0009999999999976694
18293000,-10503,16390,131235,-3190,16836,118545,113,19226,463,1,7601,0.0010000000000012221
18294000,-3589,8405,129860,-14004,-2906,126803,107,19229,438,1,7602,0.0010000000000012221
18295000,-2281,-7273,125481,-4817,-11344,130541,125,19216,512,0,7603,0.0009999999999976694
18296000,-4135,-2864,126448,-2184,-5293,127741,94,19234,385,0,7604,0.0010000000000012221
18297001,39,11219,129166,-10885,9447,121724,105,19234,430,0,7605,0.0010009999999986974
18298000,-6741,17285,128860,-2582,12226,120737,145,19230,430,1,7606,0.0009990000000001942
18299000,-6627,-1300,125994,-14155,-8607,136935,116,19226,594,1,7607,0.0010000000000012221
18300000,-7962,2993,127153,-6949,-581,121090,116,19230,475,1,7608,0.0010000000000012221
18301000,-2145,12430,125738,-1333,8268,122286,104,19224,426,0,7609,0.0009999999999976694
18302000,2482,-964,125491,-3103,-2659,126893,112,19230,459,0,7610,0.0010000000000012221
18303000,3974,-4224,124441,834,-6987,127892,109,19230,446,0,7611,0.0010000000000012221
18304000,-90,4318,124897,-4500,1667,126967,116,19228,446,0,7612,0.0009999999999976694
18305000,-3456,15994,126996,-3277,13379,117786,143,19221,475,1,7613,0.0010000000000012221
18306000,-2070,-159,126790,-5280,-3644,131257,143,19224,586,1,7614,0.0010000000000012221
18307000,4946,4166,122816,2571,-954,123330,104,19235,426,1,7615,0.0009999999999976694
18308002,4968,3776,123078,2746,-1086,121914,111,19228,455,0,7616,0.0010019999999997253
18309002,9192,-1556,125353,11005,-5185,126475,110,19228,451,0,7617,0.0010000000000012221
18310000,7182,4460,127213,10362,278,124055,120,19225,451,0,7618,0.0009979999999991662
18311000,2233,6139,126441,-2578,2972,131556,142,19228,491,1,7619,0.0010000000000012221
18312000,2396,14034,129664,-5792,12062,118490,142,19226,582,1,7620,0.0009999999999976694
18313000,5562,8215,126465,14636,5251,125907,117,19229,479,1,7621,0.0010000000000012221
18314000,9520,-2087,124408,9089,-5183,127001,99,19230,405,1,7622,0.0010000000000012221
18315000,9365,3174,126988,-3352,-1965,125490,148,19233,606,0,7623,0.0009999999999976694
18316000,9835,-11705,126375,12202,-15134,133801,108,19233,606,0,7624,0.0010000000000012221
18317002,4443,893,130489,7283,-2826,126979,108,19229,442,0,7625,0.0010019999999997253
18318000,2400,722,129437,-10395,-4111,132930,108,19225,442,1,7626,0.0009979999999991662
18319000,1906,11644,129550,3796,8815,120361,128,19227,524,1,7627,0.0010000000000012221
18320000,-595,-5752,127734,1450,-6136,132248,109,19228,446,1,7628,0.0010000000000012221
18321000,10139,-3042,127841,5223,-8543,129069,114,19220,467,0,7629,0.0009999999999976694
18322000,8946,2409,129761,5760,271,120904,91,19220,467,0,7630,0.0010000000000012221
18323000,8045,-5934,129917,5779,-10622,135880,101,19227,373,0,7631,0.0010000000000012221
18324000,587,-1538,132837,-11317,-7683,129219,101,19228,414,0,7632,0.0009999999999976694
18325000,316,5425,132546,-9016,2067,130239,123,19223,504,1,7633,0.0010000000000012221
18326000,-7395,6909,129609,5210,2832,124789,113,19229,463,1,7634,0.0010000000000012221
18327000,-4725,4023,130862,-18126,2387,131299,99,19229,405,1,7635,0.0009999999999976694
18328000,4003,-10408,127731,-9751,-15934,136340,143,19229,405,0,7636,0.0010000000000012221
18329000,-1758,8207,131545,11467,141,124090,106,19230,586,0,7637,0.0010000000000012221
18330000,-401,9791,129023,-6746,-90,130418,106,19228,434,0,7638,0.0009999999999976694
18331000,-10669,288,130818,-19641,-1350,124888,109,19226,446,1,7639,0.0010000000000012221
18332000,-6487,-5172,131832,-9710,-6565,140836,138,19228,565,1,7640,0.0010000000000012221
18333000,-9105,11766,129484,-5843,3298,127251,113,19231,463,1,7641,0.0009999999999976694
18334000,-5130,8083,129682,-12724,8765,116147,109,19231,463,1,7642,0.0010000000000012221
18335001,-3511,-2756,126508,-8989,-5392,131153,135,19222,446,0,7643,0.0010009999999986974
18336000,-2839,-1627,125680,-4594,-10573,130793,135,19234,553,0,7644,0.0009990000000001942
18337000,558,4678,128338,-796,-5247,120307,104,19228,426,0,7645,0.0010000000000012221
18338000,-7360,17585,129917,-12724,16215,122230,120,19220,491,1,7646,0.0009999999999976694
18339000,-8775,1003,123822,-9335,-2699,131147,115,19226,471,1,7647,0.0010000000000012221
18340000,-8113,9098,127888,-7819,7596,121659,104,19226,471,1,7648,0.0010000000000012221
18341000,205,197,125130,-9320,-7276,128521,135,19227,426,0,7649,0.0009999999999976694
18342000,-2927,10002,123942,5990,9577,115421,135,19229,553,0,7650,0.0010000000000012221
18343000,3482,-4031,125068,-7711,-8333,134387,114,19226,467,0,7651,0.0010000000000012221
18344002,239,2743,126109,6965,6105,121809,113,19222,463,0,7652,0.0010019999999997253
18345000,-2425,20920,127096,-7106,16259,123040,157,19227,643,1,7653,0.0009979999999991662
18346003,-1121,3780,123639,-4297,1266,124099,112,19227,459,1,7654,0.0010030000000007533
18347000,969,8367,126527,3960,1991,123271,100,19234,459,1,7655,0.0009969999999981383
18348000,10138,-8026,121812,6493,-11075,128606,103,19227,410,0,7656,0.0010000000000012221
18349000,6585,3963,127067,10014,757,118371,103,19229,422,0,7657,0.0010000000000012221
18350000,8269,-6244,125112,-1818,-11611,133362,117,19229,479,0,7658,0.0009999999999976694
18351000,5889,7304,127367,2502,5243,119505,121,19223,496,1,7659,0.0010000000000012221
18352000,4535,10601,129992,6664,6801,126087,111,19223,455,1,7660,0.0010000000000012221
18353000,3433,-3611,125835,5239,-8213,128511,102,19228,455,1,7661,0.0009999999999976694
18354000,5550,17136,128901,3146,13170,119090,125,19233,418,0,7662,0.0010000000000012221
18355000,13527,-4195,125748,7410,-7724,133254,125,19224,512,0,7663,0.0010000000000012221
18356000,10219,-4070,127365,14964,-7238,125451,97,19229,397,0,7664,0.0009999999999976694
18357000,4716,-548,128755,-7456,-3993,129044,101,19224,414,0,7665,0.0010000000000012221
18358000,4039,13119,130646,-2652,10007,128484,136,19224,557,1,7666,0.0010000000000012221
18359000,325,3106,129401,15236,-30,127742,112,19228,557,1,7667,0.0009999999999976694
18360000,1055,583,128638,-7725,-3271,127181,101,19230,459,1,7668,0.0010000000000012221
18361000,4552,-7328,127476,-4505,-10008,130100,101,19226,414,0,7669,0.0010000000000012221
18362000,8835,-3569,129625,27399,-6697,130208,140,19232,573,0,7670,0.0009999999999976694
18363000,5936,4208,129657,-3105,1588,130336,105,19228,430,0,7671,0.0010000000000012221
18364000,607,4233,132970,-17032,331,128896,109,19218,446,1,7672,0.0010000000000012221
18365000,-1508,2429,134028,5660,543,129047,126,19218,446,1,7673,0.0009999999999976694
18366000,-7641,-969,130697,-340,-2865,131629,101,19230,516,1,7674,0.0010000000000012221
18367000,-3933,-1732,129847,-16265,-3629,126977,101,19232,414,1,7675,0.0010000000000012221
18368000,2803,-2933,129576,-6714,-7251,132651,117,19225,479,0,7676,0.0009999999999976694
18369003,908,1073,129397,6138,-4313,126598,97,19228,397,0,7677,0.0010030000000007533
18370000,-441,9403,132001,-11447,5637,125563,107,19225,438,0,7678,0.0009969999999981383
18371000,-7097,-2650,129408,-18117,-4533,129689,137,19225,438,1,7679,0.0010000000000012221
18372000,-9201,5383,131404,-4425,1473,131310,114,19225,561,1,7680,0.0010000000000012221
18373000,-9269,5058,128613,-9587,5780,128380,114,19233,467,1,7681,0.0009999999999976694
18374000,-3511,11055,129015,-8047,5074,122168,100,19230,410,0,7682,0.0010000000000012221
18375000,-4770,-841,125366,-10557,-4458,127297,160,19229,655,0,7683,0.0010000000000012221
18376000,-2210,-3460,125002,-2496,-9902,128132,105,19231,430,0,7684,0.0009999999999976694
18377000,-2154,12130,128931,-11284,3730,126374,107,19231,430,0,7685,0.0010000000000012221
18378000,-6119,8206,126983,-9305,3072,121842,124,19224,438,1,7686,0.0010000000000012221
18379000,-6719,4590,128244,-4835,6014,124854,124,19225,508,1,7687,0.0009999999999976694
18380000,-6984,2503,126271,-14215,-2467,133847,110,19233,451,1,7688,0.0010000000000012221
18381001,160,2020,125416,2581,4215,123593,113,19221,463,0,7689,0.0010009999999986974
18382002,-66,-1620,126246,-2068,1966,124052,99,19225,405,0,7690,0.00100100000000225
18383002,1061,7175,125861,-6984,909,121277,111,19225,405,0,7691,0.0009999999999976694
18384000,3524,4118,127159,740,2417,131563,130,19227,455,1,7692,0.000998000000002719
18385000,-1319,6097,125244,2285,-298,120836,130,19216,532,1,7693,0.0009999999999976694
18386000,-2856,11745,126138,-9064,15973,124981,113,19231,463,1,7694,0.0010000000000012221
18387000,6975,8463,124679,1816,6266,121248,97,19228,397,0,7695,0.0010000000000012221
18388000,9655,3291,123593,13623,-4756,120011,131,19233,537,0,7696,0.0009999999999976694
18389000,12388,-14484,125645,3461,-18417,138688,109,19233,446,0,7697,0.0010000000000012221
18390000,6905,-373,124515,4262,1661,118678,111,19226,446,0,7698,0.0010000000000012221
18391000,5014,3488,129293,3985,-228,127202,133,19223,455,1,7699,0.0009999999999976694
18392000,-64,12261,127385,-587,7749,122170,133,19231,545,1,7700,0.0010000000000012221
18393000,4216,1271,123923,3503,-5666,133643,108,19230,442,1,7701,0.0010000000000012221
18394000,7429,749,126655,7140,-162,118573,103,19224,422,0,7702,0.0009999999999976694
18395002,11598,-763,126558,8658,-7286,126793,105,19224,430,0,7703,0.0010019999999997253
18396000,12370,-10566,127139,15359,-15475,134567,104,19230,430,0,7704,0.000998000000002719
18397000,7573,-1091,130299,-8816,-3799,126866,119,19228,426,1,7705,0.0009999999999976694
18398000,4067,11748,132742,-4371,6757,126956,119,19221,487,1,7706,0.0010000000000012221
18399000,-566,12315,131106,8524,10295,122515,112,19228,459,1,7707,0.0010000000000012221
18400001,1849,-11796,127138,-7070,-15944,128930,99,19229,405,1,7708,0.0010009999999986974
18401000,7936,-8428,127615,2186,-13185,132448,137,19229,561,0,7709,0.0009990000000001942
18402000,10571,-5275,126077,17291,-7596,126650,101,19226,561,0,7710,0.0009999999999976694
18403000,6945,2593,131762,5820,493,129852,105,19231,414,0,7711,0.0010000000000012221
18404000,-654,207,129882,-26582,-3538,126986,105,19223,430,1,7712,0.0010000000000012221
18405002,-3014,15020,134115,2342,13094,128570,153,19227,627,1,7713,0.0010019999999997253
18406000,-7807,1342,129985,3106,-1970,129632,111,19229,455,1,7714,0.0009979999999991662
18407000,-5388,-8815,126839,-18942,-12724,130419,100,19224,410,1,7715,0.0010000000000012221
18408000,441,-7885,128616,-5214,-12411,135819,112,19224,410,0,7716,0.0009999999999976694
18409000,2385,6881,131169,10104,3678,122373,110,19231,459,0,7717,0.0010000000000012221
18410000,-890,3354,131767,-14535,-823,129618,110,19229,451,0,7718,0.0010000000000012221
18411000,-9334,8526,132452,-19987,8791,125207,125,19222,512,1,7719,0.0009999999999976694
18412000,-9844,-4512,127580,-8390,-10699,141803,115,19229,471,1,7720,0.0010000000000012221
18413000,-4340,17202,132102,-6273,18061,113209,104,19230,426,1,7721,0.0010000000000012221
18414000,-6777,-6030,127311,-18192,-6678,132022,126,19230,426,0,7722,0.0009999999999976694
18415000,-1065,-1333,126812,-2528,-4748,128543,97,19215,516,0,7723,0.0010000000000012221
18416000,-2904,-782,126873,-3357,-3420,127374,97,19233,397,0,7724,0.0010000000000012221
18417001,1004,15427,128297,-13456,9119,127331,103,19227,422,1,7725,0.0010009999999986974
18418000,-8411,11846,128515,-6277,9618,118881,146,19230,598,1,7726,0.0009990000000001942
18419000,-6051,413,127098,-16982,-3529,133534,120,19227,491,1,7727,0.0010000000000012221
18420001,-4579,13079,127053,1533,6414,122453,103,19227,491,1,7728,0.0010009999999986974
18421001,-1173,-6781,121940,668,-6468,127696,117,19228,422,0,7729,0.0010000000000012221
18422000,174,526,124464,-5435,-7404,126746,117,19231,479,0,7730,0.0009990000000001942
18423001,-2245,3669,125218,-6020,261,124419,115,19227,471,0,7731,0.0010009999999986974
18424000,793,23239,126696,5052,9874,127442,118,19224,483,1,7732,0.0009990000000001942
18425000,-4868,4024,124684,-6157,9711,115276,139,19229,569,1,7733,0.0010000000000012221
18426000,-105,-341,128159,-13355,-939,137028,105,19229,569,1,7734,0.0009999999999976694
18427000,8015,10345,124514,13333,5971,121436,114,19229,430,0,7735,0.0010000000000012221
18428000,7870,2320,126682,6888,-3120,120932,114,19224,467,0,7736,0.0010000000000012221
18429000,13296,-1400,125274,-2334,-4678,124929,97,19223,397,0,7737,0.0009999999999976694
18430000,1406,-9841,124074,11613,-13008,132994,111,19228,455,0,7738,0.0010000000000012221
18431000,5003,5989,128758,1038,-761,118823,138,19228,565,1,7739,0.0010000000000012221
18432002,447,16714,129556,-2839,17999,122152,116,19228,475,1,7740,0.0010019999999997253
18433002,4811,4747,123178,12838,-651,126942,99,19228,475,1,7741,0.0009999999999976694
18434000,12093,1959,127121,3350,-5181,121863,99,19228,405,0,7742,0.0009979999999991662
18435000,7779,-9207,128680,-535,-23587,135251,148,19234,606,0,7743,0.0010000000000012221
18436000,11487,943,126776,22206,-1700,122610,101,19233,414,0,7744,0.0010000000000012221
18437000,1464,6468,132522,-4036,3332,132499,108,19224,442,1,7745,0.0009999999999976694
18438000,5154,7268,130195,4894,5857,124806,120,19224,491,1,7746,0.0010000000000012221
18439000,-1688,16490,128723,5900,10923,122662,110,19229,491,1,7747,0.0010000000000012221
18440000,2976,-3880,128931,-6767,-9621,132322,114,19232,451,1,7748,0.0009999999999976694
18441000,10602,-6760,126454,8489,-8504,123722,114,19218,467,0,7749,0.0010000000000012221
18442001,2805,-1551,130645,14213,-6980,132063,103,19229,422,0,7750,0.0010009999999986974
18443000,7209,-9777,129537,-6016,-12939,129803,110,19230,451,0,7751,0.0009990000000001942
18444002,-1681,13387,133958,-19529,8624,124380,127,19230,520,1,7752,0.0010019999999997253
18445000,-2357,5021,132088,7484,1612,129146,114,19219,520,1,7753,0.000998000000002719
18446000,-7359,3240,131208,-5637,-470,123162,99,19228,467,1,7754,0.0009999999999976694
18447000,-133,-16193,130615,-16359,-21869,140219,99,19229,405,0,7755,0.0010000000000012221
18448000,-141,2965,128098,4628,131,121291,146,19231,598,0,7756,0.0010000000000012221
18449000,5779,8233,130269,-3879,4987,125263,105,19228,430,0,7757,0.0009999999999976694
18450000,-5178,-2930,130264,-15179,-6352,136027,109,19223,446,0,7758,0.0010000000000012221
18451000,-6443,9116,130321,-10904,7183,121736,129,19223,446,1,7759,0.0010000000000012221
18452000,-9298,9610,129829,-11450,5425,133532,111,19227,528,1,7760,0.0009999999999976694
18453000,-12141,7155,128133,-10079,4270,123538,111,19234,455,1,7761,0.0010000000000012221
18454000,-2552,-5264,128193,-2515,-8490,132450,107,19223,438,0,7762,0.0010000000000012221
18455000,-4780,-6274,125393,-2105,-9791,134613,133,19233,545,0,7763,0.0009999999999976694
18456000,-1993,3350,126146,-8000,422,118759,101,19229,414,0,7764,0.0010000000000012221
18457000,-3111,9886,129897,-14064,6054,126480,120,19229,414,1,7765,0.0010000000000012221
18458000,-3578,6507,126756,-5082,2858,126313,117,19220,491,1,7766,0.0009999999999976694
18459000,-7092,6606,128555,-2774,2615,128640,117,19227,479,1,7767,0.0010000000000012221
18460000,-6352,8311,126236,-13450,8114,120394,105,19230,430,1,7768,0.0010000000000012221
18461000,3062,61,124460,-1188,-1645,124115,134,19233,549,0,7769,0.0009999999999976694
18462000,3990,-1132,125845,789,-7613,133028,102,19229,418,0,7770,0.0010000000000012221
18463000,6471,3307,125427,-3381,-3290,118696,109,19229,418,0,7771,0.0009999999999976694
18464000,-3092,8776,126725,21,7402,128462,156,19230,446,1,7772,0.0010000000000012221
18465000,-4520,7747,124727,-10231,3231,125970,156,19225,639,1,7773,0.0010000000000012221
18466000,392,12065,126273,410,8994,120887,110,19230,451,1,7774,0.0009999999999976694
18467000,3418,3302,123091,11389,-711,129310,98,19221,401,0,7775,0.0010000000000012221
18468000,7839,4120,123792,2388,-204,118104,93,19229,381,0,7776,0.0010000000000012221
18469000,8377,-6117,124602,7208,-10228,129565,112,19229,381,0,7777,0.0009999999999976694
18470000,6922,-642,126193,9111,-5871,127987,125,19228,459,0,7778,0.0010000000000012221
18471000,4504,15620,129302,-1163,-133,127752,125,19216,512,1,7779,0.0010000000000012221
18472002,-35,8226,126923,576,5274,117838,109,19228,446,1,7780,0.0010019999999997253
18473002,6889,-3726,125985,10342,-2413,130830,100,19230,410,1,7781,0.0009999999999976694
18474002,8471,-569,126477,595,-4022,128237,121,19226,496,0,7782,0.0010000000000012221
18475000,10864,-1640,129381,9557,-1859,119969,97,19226,496,0,7783,0.0009979999999991662
18476000,8337,-7444,127163,13431,-12685,131109,104,19229,397,0,7784,0.0010000000000012221
18477000,5838,6507,131822,-4456,1076,129412,104,19228,426,1,7785,0.0010000000000012221
18478000,1837,5551,129423,-693,2792,126917,141,19224,577,1,7786,0.0009999999999976694
18479000,769,13589,131026,1070,6383,121653,112,19227,459,1,7787,0.0010000000000012221
18480003,3863,3385,129802,4085,-9371,133587,100,19223,410,1,7788,0.0010030000000007533
18481002,8019,-10797,127304,1511,-11013,127550,144,19223,590,0,7789,0.0009990000000001942
18482000,10332,-14,130679,16040,-5188,129920,106,19235,590,0,7790,0.0009979999999991662
18483000,223,-2237,130114,-854,-281,131227,112,19229,434,0,7791,0.0010000000000012221
18484000,1926,12744,131997,-10414,10260,123578,112,19220,459,1,7792,0.0009999999999976694
18485000,-5826,-325,132484,10048,-2973,135979,123,19229,504,1,7793,0.0010000000000012221
18486000,-8082,352,128164,-13929,-4245,123839,102,19230,418,1,7794,0.0010000000000012221
18487003,-2119,-10166,129411,-17745,-14465,135577,113,19230,463,0,7795,0.0010029999999972006
18488001,-1023,2589,130375,11904,-2342,122775,96,19222,463,0,7796,0.000998000000002719
18489000,3426,1511,129632,19,-3690,128609,111,19229,393,0,7797,0.0009990000000001942
18490003,-8038,-601,131363,-26148,-4329,128601,111,19226,455,1,7798,0.0010029999999972006
18491000,-4157,4867,132442,-10534,1252,129798,141,19223,577,1,7799,0.000997000000001691
18492000,-5882,4557,129264,-4192,993,130232,115,19228,471,1,7800,0.0010000000000012221
18493000,-4187,13751,131067,-11591,10155,117649,100,19228,410,1,7801,0.0009999999999976694
18494000,-2562,-13457,124666,-11976,-17168,134305,157,19229,410,0,7802,0.0010000000000012221
18495001,-3632,-3664,127368,-2702,-6408,128632,105,19229,643,0,7803,0.0010009999999986974
18496000,-849,9025,127678,-5217,5042,122582,105,19232,430,0,7804,0.0009990000000001942
18497000,-5257,7646,127592,-10781,4276,127382,110,19226,451,1,7805,0.0010000000000012221
18498001,-6029,4237,126481,-10257,218,122389,131,19230,537,1,7806,0.0010009999999986974
18499000,-6177,8380,128344,-9959,5415,131294,111,19226,455,1,7807,0.0009990000000001942
18500000,621,12312,125895,1962,9413,116798,113,19226,455,0,7808,0.0010000000000012221
18501000,-395,-1876,126094,-4970,-3504,127479,93,19224,463,0,7809,0.0009999999999976694
18502000,3811,-1902,123606,-7505,-5872,127991,93,19228,381,0,7810,0.0010000000000012221
18503000,1679,3933,126734,1252,485,127229,113,19230,463,0,7811,0.0010000000000012221
18504000,-1311,7246,125484,-1767,2453,125330,135,19222,553,1,7812,0.0009999999999976694
18505000,-5252,13982,126241,-7942,12296,119351,116,19228,475,1,7813,0.0010000000000012221
18506000,-141,4583,123464,-3571,1831,128814,97,19228,475,1,7814,0.0010000000000012221
18507000,9810,206,123248,15799,-1610,117263,133,19232,397,0,7815,0.0009999999999976694
18508000,5915,-3064,124795,5730,-4421,123935,133,19235,545,0,7816,0.0010000000000012221
18509000,7083,-4200,125778,3199,-6170,131930,113,19227,463,0,7817,0.0010000000000012221
18510000,4896,584,126918,10694,-4309,124352,115,19222,471,1,7818,0.0009999999999976694
18511000,4526,10925,129444,1037,5932,130731,136,19228,557,1,7819,0.0010000000000012221
18512000,1427,10911,126784,-4502,8967,116610,108,19228,557,1,7820,0.0010000000000012221
18513000,9162,9319,126786,8360,318,127851,102,19230,442,1,7821,0.0009999999999976694
18514000,10724,-2531,125078,10501,-7661,127825,102,19224,418,0,7822,0.0010000000000012221
18515000,9977,-6405,125740,8579,-14032,130855,105,19232,430,0,7823,0.0010000000000012221
18516003,6368,-3972,128887,7080,-6854,128127,105,19231,430,0,7824,0.0010029999999972006
18517000,2354,13271,130221,-9535,4692,124854,122,19223,500,1,7825,0.000997000000001691
18518000,26,13612,130973,5549,4573,135581,111,19223,500,1,7826,0.0010000000000012221
18519000,-621,12080,126827,2559,5212,117709,99,19229,455,1,7827,0.0009999999999976694
18520000,5158,1468,127396,-10818,-7253,130739,99,19229,405,0,7828,0.0010000000000012221
18521000,11279,-10885,128370,13560,-13326,131204,137,19225,561,0,7829,0.0010000000000012221
18522001,10939,-4055,128128,16573,-9897,130365,104,19229,426,0,7830,0.0010009999999986974
18523000,1968,-2071,133277,-20040,-269,120682,108,19224,442,0,7831,0.0009990000000001942
18524000,-1371,10983,132510,-11466,7012,133323,154,19224,442,1,7832,0.0010000000000012221
18525000,-7491,488,131280,11224,-3139,129504,108,19228,631,1,7833,0.0009999999999976694
18526000,-6269,1335,130329,-15907,-1970,128479,108,19228,442,1,7834,0.0010000000000012221
18527000,-1882,-8785,127944,-14275,-9946,130322,102,19223,418,0,7835,0.0009999999999976694
18528000,5184,2520,129277,6893,7594,117291,122,19230,500,0,7836,0.0010000000000012221
18529000,-341,5193,130850,1319,-9200,135241,111,19225,455,0,7837,0.0010000000000012221
18530000,-7518,-7361,130009,-16476,4306,127157,125,19225,512,1,7838,0.0009999999999976694
18531000,-7041,2121,131742,-16902,2702,132713,112,19222,512,1,7839,0.0010000000000012221
18532002,-11599,10493,132144,-6903,12284,126294,102,19231,459,1,7840,0.0010019999999997253
18533000,-4578,5987,127127,-8444,158,123348,102,19233,418,1,7841,0.0009979999999991662
18534000,-5264,-2999,125118,-7777,-10514,133203,125,19216,512,0,7842,0.0010000000000012221
18535002,-1599,-7491,126273,-7239,-3186,124056,97,19231,397,0,7843,0.0010019999999997253
18536002,-701,3118,129247,-7694,5298,124938,105,19231,430,0,7844,0.0010000000000012221
18537002,-4499,14776,130344,-11558,9660,121269,145,19228,430,1,7845,0.0009999999999976694
18538003,-6913,4115,126892,-9774,-2759,131134,117,19226,594,1,7846,0.00100100000000225
18539000,-8226,-3030,126000,-1264,-4479,129862,117,19232,479,1,7847,0.0009969999999981383
18540000,-56,3577,125807,-8905,4243,119793,103,19225,422,0,7848,0.0010000000000012221
18541000,-425,4333,126540,-2002,-3710,124996,115,19232,471,0,7849,0.0010000000000012221
18542000,6405,10853,125831,2833,9117,116928,112,19227,459,0,7850,0.0009999999999976694
18543000,1202,-2502,126706,-5002,-2960,136762,114,19227,459,0,7851,0.0010000000000012221
18544000,-2719,-2108,125309,3740,2931,124498,139,19222,467,1,7852,0.0010000000000012221
18545000,-3440,11531,126194,-5295,9970,120736,139,19228,569,1,7853,0.0009999999999976694
18546000,-113,9211,124044,-2472,8611,123382,104,19228,426,1,7854,0.0010000000000012221
18547000,8915,9739,123297,8855,-3198,124265,113,19228,463,0,7855,0.0010000000000012221
18548000,8585,-6367,122473,11631,-13656,130359,99,19226,405,0,7856,0.0009999999999976694
18549000,5545,-4915,125923,4329,-3853,123037,114,19226,405,0,7857,0.0010000000000012221
18550000,4667,2287,126718,-2888,-2056,126236,140,19224,467,1,7858,0.0010000000000012221
18551000,2442,11923,129469,6387,9947,121518,140,19224,573,1,7859,0.0009999999999976694
18552000,4100,14382,127009,2684,5355,129237,115,19231,471,1,7860,0.0010000000000012221
18553001,7840,-5043,126191,6938,-8277,129380,96,19225,393,1,7861,0.0010009999999986974
18554000,9958,10461,129555,5505,8690,115015,149,19228,610,0,7862,0.0009990000000001942
18555000,12658,-7875,125922,10206,-18609,140244,112,19228,610,0,7863,0.0010000000000012221
18556000,7544,-13166,130099,6855,-4348,123975,111,19232,459,0,7864,0.0009999999999976694
18557000,4583,7897,130421,-7231,4169,128090,111,19223,455,1,7865,0.0010000000000012221
18558000,-849,9221,129567,3653,9081,124089,121,19231,496,1,7866,0.0010000000000012221
18559000,2618,16076,127320,7191,-3106,127790,109,19228,446,1,7867,0.0009999999999976694
18560000,4385,-7107,127183,-5974,-12644,133357,112,19218,459,0,7868,0.0010000000000012221
18561002,9570,-5472,129968,5489,-2913,126474,92,19218,459,0,7869,0.0010019999999997253
18562000,6831,-4298,131393,21061,-3886,130444,104,19230,377,0,7870,0.0009979999999991662
18563002,1790,-4127,131353,-19358,-7879,127146,104,19227,426,0,7871,0.001002000000003278
18564000,-793,4434,133210,-11924,3356,132354,125,19220,512,1,7872,0.0009979999999991662
18565000,-6158,2653,129811,9544,4251,128749,113,19230,463,1,7873,0.0009999999999976694
18566000,-4413,14941,130941,-13604,3743,122096,96,19230,393,1,7874,0.0010000000000012221
18567001,-1060,-14395,127795,-15308,-23866,139963,142,19230,393,0,7875,0.0010009999999986974
18568000,-732,-9818,128479,8705,-9870,129493,105,19232,582,0,7876,0.0009990000000001942
18569000,-49,6325,133427,-2932,8948,123034,105,19230,430,0,7877,0.0010000000000012221
18570001,-8869,13550,132019,-20969,9005,129520,110,19223,451,1,7878,0.0010009999999986974
18571000,-6909,-4293,129176,-9383,-7363,136698,137,19231,561,1,7879,0.0009990000000001942
18572000,-10202,2282,130705,-5227,1920,122216,112,19231,459,1,7880,0.0010000000000012221
18573000,-2807,13165,129075,-12775,12366,120303,108,19231,442,1,7881,0.0010000000000012221
18574000,-3568,-14,126907,-2845,-6323,133802,134,19220,442,0,7882,0.0009999999999976694
18575001,-2954,-12609,126388,-6652,-7289,129149,102,19231,549,0,7883,0.00100100000000225
18576005,-2695,12882,130213,-7962,12572,123482,102,19230,418,0,7884,0.0010039999999982285
18577006,-4145,16449,126991,-6600,15064,125162,117,19223,479,1,7885,0.00100100000000225
18578000,-9241,14559,125675,-6970,7567,121868,114,19228,467,1,7886,0.0009939999999986071
18579000,-6909,7731,126771,-11771,-2690,133334,103,19228,422,1,7887,0.0010000000000012221
18580000,-1407,9975,124664,4033,-3018,120446,137,19233,422,0,7888,0.0009999999999976694
18581001,-1610,-383,125035,-1126,-12387,132896,107,19233,561,0,7889,0.00100100000000225
18582000,1990,-6858,125094,-4531,-1018,122817,107,19228,438,0,7890,0.0009990000000001942
18583000,894,9736,128431,-1178,12822,120847,108,19228,442,0,7891,0.0009999999999976694
18584000,-1395,10634,126172,-3604,2248,129707,153,19227,627,1,7892,0.0010000000000012221
18585000,-938,6064,125170,-4936,9741,118822,112,19227,459,1,7893,0.0010000000000012221
18586000,3950,10179,124179,821,2761,125433,98,19234,459,1,7894,0.0009999999999976694
18587001,10744,3282,125144,10465,522,120303,105,19225,401,0,7895,0.00100100000000225
18588002,8746,-2402,123618,6696,-21213,132521,105,19231,430,0,7896,0.0010009999999986974
18589002,5313,-5708,127443,-3431,-2322,126772,119,19228,487,0,7897,0.0010000000000012221
18590002,5232,9725,125773,6616,6313,121854,125,19226,512,1,7898,0.0009999999999976694
18591000,1328,9534,127117,3239,1223,128517,111,19228,455,1,7899,0.0009979999999991662
18592000,4186,11269,125952,891,999,122965,102,19228,455,1,7900,0.0010000000000012221
18593000,8287,-3967,124386,6029,-4379,129732,123,19232,418,0,7901,0.0010000000000012221
18594000,11258,5550,129090,12849,1491,120438,123,19224,504,0,7902,0.0009999999999976694
18595000,10949,-1934,125369,8081,-14691,131941,96,19232,393,0,7903,0.0010000000000012221
18596000,5530,-12555,130587,-5663,-2469,130210,101,19230,414,0,7904,0.0010000000000012221
18597000,5401,5051,130811,815,-4867,134859,141,19230,577,1,7905,0.0009999999999976694
18598000,51,15572,129864,5783,3813,117105,114,19230,577,1,7906,0.0010000000000012221
18599000,1569,20156,129740,-7331,2961,127405,102,19230,467,1,7907,0.0010000000000012221
18600000,10169,-8639,123431,866,-21325,133518,102,19229,418,0,7908,0.0009999999999976694
18601000,9567,-9199,132487,22673,-910,122677,143,19233,586,0,7909,0.0010000000000012221
18602000,8003,2573,128430,-3888,-6424,133234,107,19228,438,0,7910,0.0010000000000012221
18603002,-162,2776,135773,-14949,9895,121632,113,19221,463,1,7911,0.0010019999999997253
18604000,1384,6395,131610,-899,-6322,138859,123,19221,463,1,7912,0.0009979999999991662
18605002,-5693,-8449,129184,184,-3390,132100,102,19228,504,1,7913,0.0010019999999997253
18606000,-6102,7901,130563,-16928,2305,118599,102,19229,418,1,7914,0.0009979999999991662
18607000,1749,239,126874,-3609,-11534,132090,116,19218,475,0,7915,0.0010000000000012221
18608000,557,669,129377,6616,-986,125725,93,19232,381,0,7916,0.0010000000000012221
18609000,-1627,-228,128966,-13233,-5531,133570,111,19230,455,0,7917,0.0009999999999976694
18610000,-8656,5773,131091,-16920,1965,122412,145,19230,455,1,7918,0.0010000000000012221
18611000,-10669,4396,131482,-5965,3812,134765,117,19224,594,1,7919,0.0010000000000012221
18612000,-9610,1259,128851,-8865,-3167,130526,117,19232,479,1,7920,0.0009999999999976694
18613000,-2597,9655,128293,-8673,7391,119057,100,19231,410,0,7921,0.0010000000000012221
18614001,-4438,2153,125298,-11972,-3968,129891,155,19230,635,0,7922,0.0010009999999986974
18615000,57,-2511,126848,184,-805,125188,106,19230,434,0,7923,0.0009990000000001942
18616000,-1508,1240,128817,-9958,704,129472,112,19230,459,0,7924,0.0010000000000012221
18617000,-4476,5783,129244,-15122,6101,126002,131,19225,459,1,7925,0.0010000000000012221
18618000,-4825,10334,128541,-2525,3616,124929,112,19228,537,1,7926,0.0009999999999976694
18619000,-6721,4733,126719,-8237,2289,126140,112,19231,459,1,7927,0.0010000000000012221
18620000,30,6140,124668,-6859,2678,124758,111,19225,455,0,7928,0.0009999999999976694
18621000,-1488,-2418,122451,1699,-4018,124140,89,19230,365,0,7929,0.0010000000000012221
18622002,1413,1949,124411,-6418,7466,121390,111,19230,455,0,7930,0.0010019999999997253
18623002,-1606,7117,125511,-3137,-4728,129735,136,19225,455,1,7931,0.0010000000000012221
18624000,-3890,3100,127405,1469,4172,126862,113,19226,557,1,7932,0.0009979999999991662
18625001,-1498,7482,125075,-8313,10295,117324,113,19236,463,1,7933,0.0010009999999986974
18626000,4918,8277,125961,-2813,7425,125085,95,19229,389,0,7934,0.0009990000000001942
18627001,9865,4929,123500,11249,-6045,123649,134,19236,549,0,7935,0.00100100000000225
18628000,9901,-8032,124470,2024,-9862,128183,115,19236,471,0,7936,0.0009990000000001942
18629000,7307,-6120,128276,2496,-4580,126933,119,19228,471,0,7937,0.0009999999999976694
18630000,1590,-445,128579,4476,11225,118905,137,19225,487,1,7938,0.0010000000000012221
18631000,5550,12790,130166,-42,7411,127818,137,19228,561,1,7939,0.0010000000000012221
18632000,3460,7704,126052,6415,-3597,127068,109,19230,446,1,7940,0.0009999999999976694
18633001,7528,2655,123659,5260,-8381,122644,104,19225,426,0,7941,0.00100100000000225
18634000,10752,4635,129019,10427,-4700,124848,107,19230,438,0,7942,0.0009990000000001942
18635000,8256,-4797,125536,3897,-23411,135392,108,19230,438,0,7943,0.0009999999999976694
18636001,8731,-3233,131718,3591,5193,124089,121,19228,442,1,7944,0.00100100000000225
18637002,1550,6902,129285,-3169,10303,125892,121,19222,496,1,7945,0.0010009999999986974
18638002,2987,8789,130463,5027,-1191,131422,113,19229,463,1,7946,0.0010000000000012221
18639002,1288,5894,128352,1625,632,124227,102,19233,418,1,7947,0.0009999999999976694
18640003,6626,-4082,126751,-4477,-11795,133388,133,19226,545,0,7948,0.00100100000000225
18641001,11009,-12311,128890,18085,-11739,128249,104,19226,545,0,7949,0.0009979999999991662
18642002,573,1816,130685,6269,-1148,130122,107,19229,426,0,7950,0.0010009999999986974
18643000,2609,-3545,129300,-31110,-4226,127840,107,19227,438,1,7951,0.000998000000002719
18644000,-4698,16065,137877,3433,16483,122617,154,19229,631,1,7952,0.0009999999999976694
18645003,-2426,10863,129085,3350,-7617,134441,112,19232,459,1,7953,0.0010030000000007533
18646000,-2778,-7883,128892,-14750,-8222,127959,101,19224,414,0,7954,0.000997000000001691
18647000,-392,-12113,130688,-15555,-22162,139183,121,19224,414,0,7955,0.0009999999999976694
18648000,6298,6513,132283,11828,16266,116340,110,19235,496,0,7956,0.0010000000000012221
18649000,-4610,5385,130545,-15803,1196,131591,110,19226,451,0,7957,0.0010000000000012221
18650000,-4873,959,132156,-18022,3100,129445,122,19220,500,1,7958,0.0009999999999976694
18651000,-14793,730,128379,-7774,1874,132795,111,19229,455,1,7959,0.0010000000000012221
18652000,-5340,8523,130396,-7314,9418,121528,105,19234,430,1,7960,0.0009999999999976694
18653000,-5192,11895,126867,-6546,-4372,130746,124,19234,430,0,7961,0.0010000000000012221
18654000,-1709,-14699,123520,-12569,-12805,131642,113,19217,508,0,7962,0.0010000000000012221
18655000,-5307,1799,128767,-2934,5257,123364,113,19228,463,0,7963,0.0009999999999976694
18656000,-3565,7987,127910,-12803,5522,123873,115,19227,471,1,7964,0.0010000000000012221
18657000,-6769,11484,127947,-3864,6820,122952,151,19228,618,1,7965,0.0010000000000012221
18658000,-7793,1699,126901,-17169,-2267,134023,120,19229,491,1,7966,0.0009999999999976694
18659000,-405,2238,127135,-3892,822,122119,105,19229,491,1,7967,0.0010000000000012221
18660000,-981,15816,125081,4051,4092,122628,117,19224,430,0,7968,0.0010000000000012221
18661000,2487,-11531,122503,-6257,-16674,130323,117,19233,479,0,7969,0.0009999999999976694
18662000,-1921,-688,126889,-1377,1730,126020,107,19229,438,0,7970,0.0010000000000012221
18663000,106,10760,126783,-4589,11782,120433,113,19220,463,1,7971,0.0010000000000012221
18664000,-3271,23408,127046,-584,18368,117001,135,19231,553,1,7972,0.0009999999999976694
18665000,-349,414,123455,-4876,-8643,132309,103,19231,422,1,7973,0.0010000000000012221
18666000,7322,252,125055,2312,515,118214,112,19231,422,0,7974,0.0010000000000012221
18667024,9481,7874,126035,11077,-11,121517,99,19227,459,0,7975,0.0010239999999974714
18668000,11547,-4040,124987,4961,-7841,127250,99,19228,405,0,7976,0.0009760000000014202
18669000,3151,-7176,127670,2008,-5981,131677,113,19230,463,0,7977,0.0010000000000012221
18670000,4563,-5367,126758,-1807,10902,121827,137,19225,561,1,7978,0.0009999999999976694
18671000,2915,13030,128432,8593,18181,117148,115,19225,471,1,7979,0.0010000000000012221
18672000,4793,13381,124852,5757,-5713,128878,100,19229,471,1,7980,0.0010000000000012221
18673000,10160,-7737,124946,3068,-8875,128118,145,19227,410,0,7981,0.0009999999999976694
18674001,8496,-2433,127322,10837,-8128,131924,145,19227,594,0,7982,0.00100100000000225
18675000,8607,-5375,128453,7708,-3239,125986,103,19228,422,0,7983,0.0009990000000001942
18676000,1520,4367,130370,-6656,2394,128338,105,19223,430,1,7984,0.0009999999999976694
18677000,2217,3116,131376,413,3429,128465,130,19223,532,1,7985,0.0010000000000012221
18678000,1904,5699,130964,4454,6938,127894,108,19230,532,1,7986,0.0010000000000012221
18679000,5226,744,129498,-2416,-3444,125944,113,19232,442,1,7987,0.0009999999999976694
18680000,10923,-3569,128393,6141,-9540,123257,113,19216,463,0,7988,0.0010000000000012221
18681000,7885,-4610,131681,10413,-5885,132952,89,19232,365,0,7989,0.0009999999999976694
18682000,6379,-9003,129774,-5470,-12758,132796,106,19228,434,0,7990,0.0010000000000012221
18683000,-681,187,134428,-18867,11670,123981,128,19225,524,1,7991,0.0010000000000012221
18684000,-5069,9323,131526,3967,3989,127566,114,19225,524,1,7992,0.0009999999999976694
18685000,-9042,6007,130362,-5669,-5231,128176,98,19230,467,1,7993,0.0010000000000012221
18686000,1890,-4608,128559,-14687,-11841,134828,98,19231,401,0,7994,0.0010000000000012221
18687000,-2611,-10340,128302,3360,-4697,130447,144,19228,590,0,7995,0.0009999999999976694
18688000,3096,8052,130977,-3100,6285,119635,120,19222,491,0,7996,0.0010000000000012221
18689000,-5892,6649,131173,-16397,-4029,133810,117,19228,479,0,7997,0.0010000000000012221
18690000,-6700,-3424,129506,-10251,1115,129995,138,19228,479,1,7998,0.0009999999999976694
18691000,-7367,10273,129595,-10884,-195,126856,115,19229,565,1,7999,0.0010000000000012221
18692002,-7260,11094,129692,-12700,5041,124565,115,19232,471,1,8000,0.0010019999999997253
18693000,-1939,8147,127292,-6560,-3624,128322,109,19221,446,0,8001,0.0009979999999991662
18694000,-2393,-10144,124387,-1180,-18036,134955,137,19227,561,0,8002,0.0010000000000012221
18695000,-5359,-402,129978,-13091,9438,120432,101,19229,414,0,8003,0.0010000000000012221
18696000,-60,10874,127927,-13257,8051,124590,118,19229,414,1,8004,0.0009999999999976694
18697000,-3570,6345,130843,3221,6975,127580,115,19223,483,1,8005,0.0010000000000012221
18698000,-7112,6393,126472,-16913,2847,125434,115,19227,471,1,8006,0.0010000000000012221
18699000,-5187,3691,124720,-10302,-506,125833,107,19229,438,0,8007,0.0009999999999976694
18700000,2290,11560,124751,4980,2253,120184,133,19233,545,0,8008,0.0010000000000012221
18701000,6218,-1620,123486,-1266,-8290,131720,104,19230,426,0,8009,0.0010000000000012221
18702000,435,-2496,126127,-2924,-2636,125144,105,19230,426,0,8010,0.0009999999999976694
18703000,-112,6676,126625,-10317,3269,125273,151,19224,430,1,8011,0.0010000000000012221
18704000,-2624,14500,127171,-4087,10717,122928,151,19230,618,1,8012,0.0010000000000012221
18705000,1259,15450,123491,7775,6464,121827,112,19231,459,1,8013,0.0009999999999976694
18706000,4405,4073,121941,-13,-7118,123360,97,19226,397,0,8014,0.0010000000000012221
18707000,6800,1798,123308,2604,-4645,124929,91,19230,373,0,8015,0.0010000000000012221
18708000,12241,-3619,124722,13072,-5151,126936,109,19230,446,0,8016,0.0009999999999976694
18709000,4931,4326,129959,5794,4967,124847,121,19224,446,1,8017,0.0010000000000012221
18710002,5481,791,126755,-5269,-3854,126180,112,19220,496,1,8018,0.0010019999999997253
18711001,2128,5556,128372,4176,8699,126144,112,19232,459,1,8019,0.0009990000000001942
18712000,7137,6910,125246,7858,5869,119664,102,19232,418,1,8020,0.0009990000000001942
18713000,10884,1359,127029,6037,-3388,124119,124,19221,508,0,8021,0.0009999999999976694
18714000,7942,-1512,126526,9704,-9624,135041,95,19221,389,0,8022,0.0010000000000012221
18715000,8934,-13342,125528,5942,-21380,127002,103,19231,389,0,8023,0.0010000000000012221
18716000,3285,1261,130670,1890,438,127930,140,19228,422,1,8024,0.0009999999999976694
18717000,-767,9698,127508,-3379,4997,122640,140,19228,573,1,8025,0.0010000000000012221
18718000,-2167,7688,133397,-758,3964,134297,114,19228,467,1,8026,0.0010000000000012221
18719000,2241,1706,125030,2249,-12801,130058,102,19229,418,1,8027,0.0009999999999976694
18720020,8530,-6221,129001,1359,-7620,127293,140,19230,573,0,8028,0.001020000000000465
18721000,10206,1710,130297,19042,-3858,130214,104,19230,573,0,8029,0.0009800000000019793
18722000,3013,-8363,126302,-13652,-6038,132114,112,19231,426,0,8030,0.0009999999999976694
18723000,-661,4705,136721,-14592,13288,122639,112,19221,459,1,8031,0.0010000000000012221
18724000,-8795,14250,130794,12885,-5169,128883,131,19228,537,1,8032,0.0010000000000012221
18725000,-3403,1271,132133,-9111,-1191,126798,103,19228,422,1,8033,0.0009999999999976694
18726000,-2965,-4837,128000,-21514,-20125,138309,118,19220,483,0,8034,0.0010000000000012221
18727000,1704,-11480,129531,11456,2829,119146,98,19220,483,0,8035,0.0010000000000012221
18728000,2932,8001,130634,-299,3148,126944,109,19226,401,0,8036,0.0009999999999976694
18729000,-6263,426,132608,-26197,-4126,128193,109,19228,446,1,8037,0.0010000000000012221
18730000,-7088,7018,132941,-8528,2713,133813,141,19223,577,1,8038,0.0010000000000012221
18731000,-8786,-5040,127921,-6113,4021,128272,117,19229,479,1,8039,0.0009999999999976694
18732003,-4849,15656,132520,-10866,15091,117553,102,19227,418,1,8040,0.0010030000000007533
18733000,-1558,4021,124686,-6687,-13391,131367,159,19227,418,0,8041,0.000997000000001691
18734000,-3876,-13037,125896,-9017,-7188,131116,105,19230,651,0,8042,0.0009999999999976694
18735000,-713,5778,129258,-7977,5026,124158,105,19228,430,0,8043,0.0010000000000012221
18736000,-6460,9639,126128,-4618,6625,121095,110,19224,451,1,8044,0.0010000000000012221
18737000,-6446,9717,127751,-11756,724,130803,133,19229,545,1,8045,0.0009999999999976694
18738000,-7314,2090,126944,-10690,-2760,126976,112,19226,459,1,8046,0.0010000000000012221
18739000,-950,14156,126526,3828,8902,120448,113,19226,459,0,8047,0.0010000000000012221
18740001,-21,2755,122381,-4008,-6157,124527,89,19215,463,0,8048,0.0010009999999986974
18741000,3210,-1566,127273,-11856,-2154,124443,89,19229,365,0,8049,0.0009990000000001942
18742013,6081,3056,126432,3648,6954,128445,109,19228,446,0,8050,0.0010130000000003747
18743002,-2637,4103,127066,-3808,10825,121506,129,19224,528,1,8051,0.0009890000000005728
18744003,1183,9384,127720,-3045,6209,127072,116,19231,475,1,8052,0.0010009999999986974
18745000,-943,7261,125959,5644,4218,121615,98,19231,475,1,8053,0.0009969999999981383
18746000,8302,11143,123430,3772,-4253,125474,127,19228,401,0,8054,0.0010000000000012221
18747000,8273,-1581,122600,7120,-6890,124740,127,19233,520,0,8055,0.0010000000000012221
18748000,6991,979,123403,5900,-4898,123418,113,19228,463,0,8056,0.0009999999999976694
18749000,4848,-2260,126506,4991,-4632,129921,114,19224,467,1,8057,0.0010000000000012221
18750000,562,10088,128606,-1725,9812,121034,132,19226,541,1,8058,0.0010000000000012221
18751000,4656,8559,127936,2118,9092,129028,110,19226,451,1,8059,0.0009999999999976694
18752000,7313,7242,126523,8941,7607,119633,104,19232,451,1,8060,0.0010000000000012221
18753000,12666,-4383,125789,3779,-10551,131095,102,19224,426,0,8061,0.0010000000000012221
18754000,11727,-563,125167,12248,-9115,125780,102,19230,418,0,8062,0.0009999999999976694
18755000,5922,-11876,129580,4137,-14968,135119,106,19228,434,0,8063,0.0010000000000012221
18756000,5760,-5363,131571,-4511,1400,131165,119,19221,487,1,8064,0.0010000000000012221
18757000,-1304,20509,131075,6298,18914,118455,112,19221,459,1,8065,0.0009999999999976694
18758000,-1532,10700,128277,-1446,2949,130865,100,19228,459,1,8066,0.0010000000000012221
18759000,4863,-4189,126671,-4720,-6876,129289,130,19229,410,0,8067,0.0010000000000012221
18760000,12144,-13504,128171,13041,-16314,132489,130,19220,532,0,8068,0.0009999999999976694
18761000,9547,868,131341,16897,2619,119219,103,19231,422,0,8069,0.0010000000000012221
18762000,3031,3847,131560,-17416,72,135009,109,19229,446,0,8070,0.0010000000000012221
18763002,-331,1666,132528,-11402,4739,127770,153,19231,627,1,8071,0.0010019999999997253
18764000,-8461,4348,130704,8147,-7234,134206,110,19231,627,1,8072,0.0009979999999991662
18765000,-6770,-9650,128217,-12129,6772,122904,99,19233,451,1,8073,0.0010000000000012221
18766000,-3018,7624,128655,-14394,-7271,129721,99,19227,405,0,8074,0.0009999999999976694
18767000,2949,-4380,128483,-591,-7104,131962,117,19233,479,0,8075,0.0010000000000012221
18768000,859,-2772,131306,-9314,6869,123322,113,19228,463,0,8076,0.0010000000000012221
18769000,-8238,7356,131340,-21796,-1330,134104,124,19222,508,1,8077,0.0009999999999976694
18770001,-8689,-306,133075,-6915,9819,128561,111,19222,508,1,8078,0.00100100000000225
18771000,-9579,6289,129318,-10297,2924,129233,102,19228,455,1,8079,0.0009990000000001942
18772000,-3436,3169,129777,-7461,1979,125786,102,19230,418,1,8080,0.0009999999999976694
18773000,-2318,1866,126459,-5157,-6462,124743,124,19216,508,0,8081,0.0010000000000012221
18774001,-2506,-8850,126709,-5344,-3006,134526,94,19233,385,0,8082,0.0010009999999986974
18775000,-817,1418,129108,-11109,9612,118614,107,19232,438,0,8083,0.0009990000000001942
18776000,-4149,13653,130147,-8507,5485,126454,144,19232,438,1,8084,0.0010000000000012221
18777000,-9112,1749,126282,-8649,15478,126188,117,19232,590,1,8085,0.0009999999999976694
18778000,-9048,3492,125094,-14381,-3628,126794,117,19230,479,1,8086,0.0010000000000012221
18779000,889,-374,128049,203,1962,128519,102,19228,418,0,8087,0.0010000000000012221
18780000,-205,5719,122257,1798,218,119906,122,19232,500,0,8088,0.0009999999999976694
18781000,3167,559,125515,-2206,-1704,126987,121,19239,496,0,8089,0.0010000000000012221
18782000,-976,2230,127239,-5122,1346,125711,122,19239,496,0,8090,0.0010000000000012221
18783000,-2193,4077,125424,-5213,5704,127029,135,19219,500,1,8091,0.0009999999999976694
18784000,-1696,12276,127636,1634,13740,120747,135,19231,553,1,8092,0.0010000000000012221
18785000,2297,10246,123472,-3086,729,121850,101,19227,414,1,8093,0.0010000000000012221
18786001,9938,-399,124874,6568,2485,128414,113,19229,463,0,8094,0.0010009999999986974
18787000,8282,-2983,122850,11299,-10432,124910,95,19230,389,0,8095,0.0009990000000001942
18788000,9667,-6498,128396,3487,-6175,127115,112,19230,389,0,8096,0.0010000000000012221
18789002,2628,7248,127216,-1452,8384,121649,136,19225,459,1,8097,0.0010019999999997253
18790002,3672,5506,128761,2029,5085,123716,136,19223,557,1,8098,0.0009999999999976694
18791003,5105,4381,126538,8792,-1787,130470,114,19226,467,1,8099,0.00100100000000225
18792000,5486,2314,126415,4105,532,123750,98,19229,401,1,8100,0.0009969999999981383
18793000,11895,5162,127748,82,1548,122178,152,19236,623,0,8101,0.0010000000000012221
18794002,10487,-2254,127642,16218,-12271,131865,103,19236,422,0,8102,0.0010019999999997253
18795000,7732,-13323,128247,4443,-9308,135448,107,19232,422,0,8103,0.0009979999999991662
18796000,488,697,130378,-6515,1558,126382,124,19223,438,1,8104,0.0010000000000012221
18797000,-146,14530,131636,2292,10831,122666,124,19225,508,1,8105,0.0010000000000012221
18798001,1974,12818,128250,2828,3521,127001,107,19236,438,1,8106,0.0010009999999986974
18799000,5279,-4153,127638,-4691,-11573,131472,110,19220,451,0,8107,0.0009990000000001942
18800000,11004,-13947,128919,10101,-20977,130950,99,19220,405,0,8108,0.0010000000000012221
18801000,4011,5915,127646,17994,-3873,126977,104,19229,405,0,8109,0.0009999999999976694
18802000,3278,-1831,132620,-20951,1269,130622,126,19231,426,0,8110,0.0010000000000012221
18803000,663,6768,134276,-13931,5341,130760,126,19223,516,1,8111,0.0010000000000012221
18804000,-5589,5317,130674,14112,3362,127433,114,19232,467,1,8112,0.0009999999999976694
18805000,-5041,6167,129023,-16359,392,124637,97,19228,397,1,8113,0.0010000000000012221
18806000,-548,-7652,128691,-11956,-13400,135157,138,19228,565,0,8114,0.0009999999999976694
18807000,3264,-2738,129379,12123,-6351,123790,106,19232,565,0,8115,0.0010000000000012221
18808000,-256,6931,132213,-7124,3516,128741,112,19228,434,0,8116,0.0010000000000012221
18809000,-7658,1866,130577,-20720,-2900,130591,112,19223,459,1,8117,0.0009999999999976694
18810000,-9012,1335,128203,-10895,-4933,130621,135,19229,553,1,8118,0.0010000000000012221
18811000,-11172,8188,130647,-8667,11734,123528,112,19231,459,1,8119,0.0010000000000012221
18812000,-3189,13560,127975,-11803,-2993,133433,103,19231,422,1,8120,0.0009999999999976694
18813000,-6465,-3480,123599,-2670,-13188,124692,129,19219,422,0,8121,0.0010000000000012221
18814000,-2056,1772,128547,-10009,169,122166,106,19234,528,0,8122,0.0010000000000012221
18815000,-1197,3055,127096,-8856,820,131630,106,19228,434,0,8123,0.0009999999999976694
18816000,-3613,1224,128356,-5614,8403,119979,123,19217,504,1,8124,0.0010000000000012221
18817000,-6010,11954,128822,-15167,8474,125953,114,19228,467,1,8125,0.0010000000000012221
18818000,-6238,6430,126884,-4981,6077,122325,102,19233,418,1,8126,0.0009999999999976694
18819000,1711,7670,126578,5194,-3288,128411,130,19233,418,0,8127,0.0010000000000012221
18820000,-1230,-11698,122566,-5332,-13216,131480,104,19230,532,0,8128,0.0010000000000012221
18821000,-308,-53,125957,-3586,12560,117087,104,19230,426,0,8129,0.0009999999999976694
18822002,-1960,10553,125726,614,2099,125785,111,19222,455,1,8130,0.0010019999999997253
18823000,-1153,15292,126925,-2713,3495,120183,157,19228,643,1,8131,0.000998000000002719
18824000,-2363,3726,126859,-2449,3050,136621,109,19236,446,1,8132,0.0009999999999976694
18825000,4237,2472,122400,4274,6848,114937,98,19236,446,1,8133,0.0010000000000012221
18826000,10354,13145,126513,8218,3468,123734,98,19224,401,0,8134,0.0010000000000012221
18827000,8112,-4794,122248,3617,-17363,133363,98,19233,401,0,8135,0.0009999999999976694
18828000,6760,-10152,127299,2258,-3199,125586,115,19227,471,0,8136,0.0010000000000012221
18829000,2919,5317,128925,4348,1538,127770,123,19221,504,1,8137,0.0010000000000012221
18830000,1413,9111,128099,4258,13667,117250,109,19230,446,1,8138,0.0009999999999976694
18831000,5143,10634,124851,4193,-7035,132247,100,19230,446,1,8139,0.0010000000000012221
18832000,6970,6368,125374,4578,-7680,119650,122,19232,410,0,8140,0.0010000000000012221
18833000,14040,9158,127179,8694,3718,122700,122,19222,500,0,8141,0.0009999999999976694
18834000,9681,-7807,126122,12746,-12998,132032,98,19230,401,0,8142,0.0010000000000012221
18835000,8033,-6699,131352,-11452,-10270,126127,105,19225,430,0,8143,0.0010000000000012221
18836000,6546,5830,132233,2422,-210,138650,137,19229,561,1,8144,0.0009999999999976694
18837000,-141,5588,129046,4929,13565,117589,113,19229,561,1,8145,0.0010000000000012221
18838000,3576,17414,132308,-3110,10455,127624,102,19230,463,1,8146,0.0009999999999976694
18839000,4382,-8415,123225,3607,-22419,135254,102,19223,418,0,8147,0.0010000000000012221
18840000,9187,-16951,130851,11875,-11146,126686,146,19229,598,0,8148,0.0010000000000012221
18841000,3543,15052,126989,5925,-4629,127531,105,19230,430,0,8149,0.0009999999999976694
18842000,-538,2422,131221,-16699,6581,120088,111,19223,455,1,8150,0.0010000000000012221
18843000,2607,10117,132339,-8587,-388,135437,135,19223,553,1,8151,0.0010000000000012221
18844000,-7533,-6924,129438,9798,-10999,135083,101,19229,553,1,8152,0.0009999999999976694
18845000,-2452,4021,131952,-19152,2600,120296,116,19232,414,1,8153,0.0010000000000012221
18846000,-1637,-2083,130690,-12582,-8339,134799,116,19217,475,0,8154,0.0010000000000012221
18847000,4029,-3236,129810,9969,-3803,124367,93,19226,381,0,8155,0.0009999999999976694
18848000,-344,11283,129619,-9463,4391,125875,110,19231,451,0,8156,0.0010000000000012221
18849000,-8140,-840,131467,-25695,-1314,130948,139,19231,569,1,8157,0.0010000000000012221
18850000,-6918,6648,131173,-1712,3800,133670,119,19224,569,1,8158,0.0009999999999976694
18851000,-9870,3599,129943,-2032,3530,129507,101,19233,487,1,8159,0.0010000000000012221
18852003,-1752,13306,129466,-18606,12657,120508,101,19228,414,0,8160,0.0010030000000007533
18853000,-4077,-3594,124599,-9324,-10746,133820,156,19228,639,0,8161,0.0009969999999981383
18854000,73,-4641,127059,4698,-4933,122942,102,19231,418,0,8162,0.0010000000000012221
18855002,-1464,7680,128968,-15158,4765,126347,106,19231,434,0,8163,0.0010019999999997253
18856000,-6731,5808,127540,-8051,2938,122961,129,19226,434,1,8164,0.0009979999999991662
18857000,-6357,10654,127991,-7578,3055,128340,114,19229,528,1,8165,0.0010000000000012221
18858000,-6094,1124,127121,-17403,6782,124928,114,19229,467,1,8166,0.0010000000000012221
18859000,241,395,122652,6241,8235,118667,110,19221,451,0,8167,0.0009999999999976694
18860000,-1600,5739,124320,-3334,-5152,126543,89,19233,365,0,8168,0.0010000000000012221
18861000,1129,1114,126083,-14202,-3600,129918,108,19227,442,0,8169,0.0010000000000012221
18862000,2100,1144,124199,10884,2175,127351,130,19227,442,1,8170,0.0009999999999976694
18863000,-2732,10004,127676,-9619,8266,122958,113,19220,532,1,8171,0.0010000000000012221
18864000,-3065,9828,126192,-5343,11418,122888,113,19229,463,1,8172,0.0010000000000012221
18865000,4379,8180,123206,7576,-2298,127904,96,19231,393,0,8173,0.0009999999999976694
18866000,10165,1138,124194,12661,-3099,121144,130,19232,532,0,8174,0.0010000000000012221
18867000,8473,1181,126416,3889,-5609,124403,109,19228,446,0,8175,0.0010000000000012221
18868000,5047,-10558,126098,-2156,-3360,132166,113,19228,446,0,8176,0.0009999999999976694
18869000,7674,-3697,131104,5043,10097,124281,135,19225,463,1,8177,0.0010000000000012221
18870000,1969,12534,129005,3377,7080,124341,135,19229,553,1,8178,0.0009999999999976694
18871000,3961,5214,125368,1845,11643,119314,111,19230,455,1,8179,0.0010000000000012221
18872000,7564,556,125767,5663,-9214,128319,102,19223,418,0,8180,0.0010000000000012221
18873000,11722,-8488,127671,12906,-12128,133998,109,19228,446,0,8181,0.0009999999999976694
18874000,10097,-6371,126620,9675,-8316,125659,105,19228,446,0,8182,0.0010000000000012221
18875000,2531,2996,131352,-5148,3299,126777,117,19229,430,1,8183,0.0010000000000012221
18876000,4071,10697,131501,-559,7232,127676,117,19222,479,1,8184,0.0009999999999976694
18877000,-789,4772,130390,2192,5736,128382,112,19228,459,1,8185,0.0010000000000012221
18878000,3831,4524,129394,-905,1273,124725,101,19236,414,1,8186,0.0010000000000012221
18879000,9240,-3740,127480,2486,-10941,125713,134,19224,549,0,8187,0.0009999999999976694
18880002,12611,-11229,131434,16104,-4622,135729,111,19224,549,0,8188,0.0010019999999997253
18881000,5450,-6129,128740,230,-8891,131388,107,19228,455,0,8189,0.000998000000002719
18882000,31,-4781,134689,-26932,3472,126346,107,19227,438,1,8190,0.0009999999999976694
18883000,-5414,21037,132908,3403,22787,117764,150,19230,614,1,8191,0.0010000000000012221
18884000,-5489,2011,127554,2690,-8175,136246,112,19228,459,1,8192,0.0010000000000012221
18885000,-2592,-15476,128907,-17958,-16610,138782,101,19224,414,0,8193,0.0009999999999976694
18886002,-934,-10579,130135,-6168,-4944,125491,123,19224,504,0,8194,0.0010019999999997253
18887002,4148,13510,132049,7570,14358,117992,109,19235,504,0,8195,0.0010000000000012221
18888000,-3717,10462,131298,-13948,565,130758,118,19228,446,0,8196,0.0009979999999991662
18889000,-6734,-4502,128060,-19906,-9061,137790,118,19218,483,1,8197,0.0010000000000012221
18890000,-11347,479,129685,-5299,1626,129594,109,19229,446,1,8198,0.0010000000000012221
18891000,-7245,15917,131464,-9114,14220,114918,105,19230,430,1,8199,0.0009999999999976694
18892001,-993,9599,124432,-9085,-5960,129541,125,19230,512,0,8200,0.00100100000000225
18893000,-2424,-13412,124916,-8403,-14824,133983,96,19217,512,0,8201,0.0009990000000001942
18894000,-2312,-257,128397,-4407,-3571,125634,100,19230,393,0,8202,0.0009999999999976694
18895000,-4368,18929,128273,-8573,13840,115518,100,19229,410,1,8203,0.0010000000000012221
18896007,-5839,11036,128227,-6236,6729,128751,139,19227,569,1,8204,0.0010070000000013124
18897000,-7714,-1436,126470,-16614,-5518,132911,117,19232,479,1,8205,0.0009929999999975792
18898000,-679,6580,129326,-5847,8203,119148,104,19232,426,1,8206,0.0010000000000012221
18899000,1120,6391,125019,7100,-403,126740,114,19228,426,0,8207,0.0010000000000012221
18900000,3337,-9904,122983,-2434,-11776,128174,109,19234,467,0,8208,0.0009999999999976694
18901000,637,111,126766,-8312,62,126072,109,19225,446,0,8209,0.0010000000000012221
18902000,-1340,12267,125245,-3113,8497,115998,112,19221,459,1,8210,0.0009999999999976694
18903000,-3089,14307,126995,256,9419,129015,141,19227,577,1,8211,0.0010000000000012221
18904000,-2497,10787,123233,-8900,-2498,126777,101,19233,414,1,8212,0.0010000000000012221
18905000,7726,1554,122615,1797,-5813,126836,112,19233,414,0,8213,0.0009999999999976694
18906000,7555,-643,122135,20568,1265,122742,98,19230,459,0,8214,0.0010000000000012221
18907000,7039,6659,125907,-3239,-7353,121218,98,19229,401,0,8215,0.0010000000000012221
18908000,7271,901,127948,-528,-5846,132915,113,19227,463,0,8216,0.0009999999999976694
18909001,2469,336,128301,-5714,3417,127749,137,19226,561,1,8217,0.00100100000000225
18910000,5311,8967,127602,-1269,8115,119418,113,19232,463,1,8218,0.0009990000000001942
18911000,7077,4629,127139,13863,3155,126764,96,19232,463,1,8219,0.0009999999999976694
18912000,12750,-483,125751,3056,-959,127269,152,19229,393,0,8220,0.0010000000000012221
18913001,9266,-3879,126936,9919,-11253,132254,152,19234,623,0,8221,0.0010009999999986974
18914000,5996,-6774,128713,10416,-7881,131428,105,19228,430,0,8222,0.0009990000000001942
18915001,1337,-1339,128868,-6714,5135,122692,106,19222,434,1,8223,0.00100100000000225
18916000,7,9990,131499,6659,6917,127345,123,19228,504,1,8224,0.0009990000000001942
18917000,1923,9389,128606,1870,-2303,128386,107,19228,504,1,8225,0.0009999999999976694
18918001,4528,-1517,132104,-4923,1430,131648,109,19232,438,1,8226,0.00100100000000225
18919000,11093,-3932,126583,12270,-11116,122293,109,19216,446,0,8227,0.0009990000000001942
18920001,7314,-5207,130519,8498,-8372,131731,97,19234,397,0,8228,0.0010009999999986974
18921000,3349,-11440,130321,-8409,-10230,134667,107,19228,438,0,8229,0.0009990000000001942
18922000,850,6640,131544,-9183,3203,125402,126,19220,516,1,8230,0.0010000000000012221
18923002,-5740,13243,134811,3175,10295,125940,112,19220,516,1,8231,0.0010019999999997253
18924002,-8418,9733,127525,-8831,-2659,126501,95,19230,459,1,8232,0.0009999999999976694
18925002,-1814,-11971,129345,-11321,-15858,137253,95,19230,389,0,8233,0.0010000000000012221
18926000,-1107,-10872,129076,6100,-13413,131653,141,19228,577,0,8234,0.0009979999999991662
18927000,2984,7337,131465,-1828,15267,116975,108,19228,442,0,8235,0.0010000000000012221
18928000,-7135,8317,131078,-20422,-482,132799,114,19225,467,0,8236,0.0010000000000012221
18929000,-4727,-4335,131136,-6655,-414,129596,141,19225,467,1,8237,0.0009999999999976694
18930000,-7934,3740,130666,-9419,121,138256,111,19223,577,1,8238,0.0010000000000012221
18931000,-5950,8550,130153,-12109,19601,112168,111,19228,455,1,8239,0.0009999999999976694
18932000,-2505,14742,127485,-6653,-1791,129920,104,19216,426,0,8240,0.0010000000000012221
18933000,-3166,-14795,123740,-7286,-18143,135616,136,19231,557,0,8241,0.0010000000000012221
18934000,-2343,-1190,129283,-6081,2345,122391,109,19229,446,0,8242,0.0009999999999976694
18935000,-3408,9866,127773,-7260,1064,127679,123,19229,504,1,8243,0.0010000000000012221
18936000,-6373,13742,127468,-8587,10803,114059,113,19216,504,1,8244,0.0010000000000012221
18937000,-6409,13870,126373,-21429,-1772,134288,101,19230,463,1,8245,0.0009999999999976694
18938001,-866,2042,124617,551,2601,121899,101,19230,414,0,8246,0.00100100000000225
18939001,1085,11421,124844,4996,767,122839,131,19230,537,0,8247,0.0009999999999976694
18940000,1855,-9476,125478,-10747,-1238,129818,105,19228,430,0,8248,0.0009990000000001942
18941002,1993,5845,127436,-5672,5977,118031,111,19228,455,0,8249,0.0010019999999997253
18942000,2809,689,125519,3056,-3655,137547,154,19223,455,1,8250,0.000998000000002719
18943000,-2665,13441,126594,-2129,17466,112727,112,19224,631,1,8251,0.0009999999999976694
18944002,-165,12517,124227,-4100,3413,131166,112,19231,459,1,8252,0.0010019999999997253
18945000,5559,2323,123962,8380,576,119818,96,19228,393,0,8253,0.000998000000002719
18946000,9764,455,124235,5155,-6318,130041,97,19230,397,0,8254,0.0009999999999976694
18947003,7534,-10737,126748,8735,-10313,117716,118,19226,483,0,8255,0.0010030000000007533
18948002,4105,11887,127834,2636,7033,132006,123,19226,483,1,8256,0.0009990000000001942
18949002,4938,-756,128222,2408,235,124114,108,19220,504,1,8257,0.0010000000000012221
18950000,3059,12481,126363,2864,9902,123998,108,19232,442,1,8258,0.0009979999999991662
18951000,8190,11928,125416,2041,3238,125274,97,19231,397,1,8259,0.0010000000000012221
18952000,9800,10301,126169,8200,-989,118762,120,19227,491,0,8260,0.0009999999999976694
18953000,10423,-9179,124883,5110,-24103,146241,100,19231,410,0,8261,0.0010000000000012221
18954000,9885,-12800,129572,15165,-793,118520,107,19231,410,0,8262,0.0010000000000012221
18955000,1925,9113,130409,-8882,-724,134953,139,19228,438,1,8263,0.0009999999999976694
18956000,782,6474,129602,2124,9649,124214,139,19228,569,1,8264,0.0010000000000012221
18957000,-1413,16760,127124,-169,-4632,126060,114,19231,467,1,8265,0.0010000000000012221
18958000,6213,-3251,126709,-9496,-13388,133524,99,19227,405,1,8266,0.0009999999999976694
18959000,10455,-7859,129730,17668,-4279,121213,141,19234,577,0,8267,0.0010000000000012221
18960000,13202,-1391,129434,12699,-8114,135101,109,19234,577,0,8268,0.0010000000000012221
18961000,863,-4912,132326,-23213,-207,121812,113,19228,446,0,8269,0.0009999999999976694
18962000,-134,5819,133093,-8954,2626,135702,113,19221,463,1,8270,0.0010000000000012221
18963002,-4505,-2427,130557,10273,3869,129200,129,19224,528,1,8271,0.0010019999999997253
18964002,-9535,10683,130916,-16840,-431,122274,101,19231,414,1,8272,0.0010000000000012221
18965000,-1546,-11278,128312,-8070,-5538,133893,113,19224,463,0,8273,0.0009979999999991662
18966000,376,-5323,128239,8298,-4858,119836,94,19224,463,0,8274,0.0009999999999976694
18967000,4245,-1091,132492,-4010,-3264,133313,113,19226,385,0,8275,0.0010000000000012221
18968000,-7973,6345,130129,-20694,5940,124442,113,19224,463,1,8276,0.0010000000000012221
18969000,-9102,6521,129750,-12781,3244,131400,138,19224,565,1,8277,0.0009999999999976694
18970000,-5980,12,131121,-9975,5473,130161,117,19228,479,1,8278,0.0010000000000012221
18971000,-5484,3104,128251,-9805,3096,122261,99,19232,405,1,8279,0.0010000000000012221
18972000,-2787,4539,128560,-3815,400,128440,155,19232,405,0,8280,0.0009999999999976694
18973000,-4897,-3394,125342,-6028,-6002,127319,107,19230,635,0,8281,0.0010000000000012221
18974000,-777,-2341,129231,-7159,8884,128618,107,19229,438,0,8282,0.0010000000000012221
18975001,-5518,986,126885,-8764,3143,128653,112,19226,459,1,8283,0.0010009999999986974
18976000,-9314,5690,128290,-11819,2817,122543,131,19228,537,1,8284,0.0009990000000001942
18977000,-6852,10850,127815,-4375,15170,123502,108,19232,442,1,8285,0.0010000000000012221
18978000,-2294,3771,123725,-721,-601,123783,108,19232,442,0,8286,0.0009999999999976694
18979000,1574,-4738,124398,-3124,-8966,129355,86,19223,442,0,8287,0.0010000000000012221
18980000,1263,554,125449,-3808,-248,121748,114,19229,352,0,8288,0.0010000000000012221
18981000,1828,6834,127237,-839,7553,123909,114,19225,467,0,8289,0.0009999999999976694
18982000,-795,7848,127489,-1300,6098,127707,130,19223,532,1,8290,0.0010000000000012221
18983000,-3264,3430,125925,-8344,1898,125711,113,19232,463,1,8291,0.0010000000000012221
18984000,4134,7815,127468,3559,12162,123357,95,19232,389,1,8292,0.0009999999999976694
18985001,8178,8310,123019,10196,2398,118467,138,19229,389,0,8293,0.00100100000000225
18986000,8155,-3806,124052,4195,-10786,131505,110,19231,565,0,8294,0.0009990000000001942
18987000,7259,-6918,125300,5436,-8499,126985,110,19226,451,0,8295,0.0009999999999976694
18988000,2425,-473,127816,4828,-5549,126436,117,19225,479,1,8296,0.0010000000000012221
18989000,2414,17351,128851,777,17170,118257,141,19228,577,1,8297,0.0010000000000012221
18990000,3562,7722,124997,-173,1483,127167,109,19228,446,1,8298,0.0009999999999976694
18991000,9240,-2890,125619,9321,-4419,129388,102,19231,446,1,8299,0.0010000000000012221
18992001,9981,5609,127798,4709,766,117606,117,19222,418,0,8300,0.0010009999999986974
18993001,10168,-1656,127019,10855,-4359,132806,117,19230,479,0,8301,0.0010000000000012221
18994000,6399,-12654,128471,12903,-15513,131984,107,19229,438,0,8302,0.0009990000000001942
18995000,2756,793,131895,-10542,-1149,126956,117,19223,479,1,8303,0.0009999999999976694
18996000,2106,17009,129086,-145,13662,121860,111,19229,455,1,8304,0.0010000000000012221
18997000,24,12077,128301,10861,5681,128893,102,19229,455,1,8305,0.0010000000000012221
18998001,7296,2634,127310,-3682,-5839,131295,130,19231,418,0,8306,0.0010009999999986974
18999000,9038,-17595,127514,1655,-14125,133110,130,19224,532,0,8307,0.0009990000000001942
19000003,7795,1320,129940,24113,1126,127082,101,19228,414,0,8308,0.0010030000000007533
19001001,1291,9446,131509,-18655,485,124342,104,19228,426,0,8309,0.0009979999999991662
19002001,1428,10586,134784,-18324,4080,130821,147,19232,602,1,8310,0.0010000000000012221
19003000,-5542,308,128717,15688,-10949,135036,112,19232,602,1,8311,0.0009990000000001942
19004000,-4312,-5738,130561,-18089,-6108,125744,100,19228,459,1,8312,0.0009999999999976694
19005000,-1872,-3613,129152,-11352,-1956,131472,100,19225,410,0,8313,0.0010000000000012221
19006000,2167,-2041,127909,11702,1321,125357,123,19229,504,0,8314,0.0010000000000012221
19007000,-1075,5395,130751,-10664,463,129764,110,19229,451,0,8315,0.0009999999999976694
19008001,-8668,2175,130625,-24414,-681,130668,119,19220,487,1,8316,0.00100100000000225
19009000,-10363,3528,129573,-2078,4917,131005,117,19220,487,1,8317,0.0009990000000001942
19010000,-7937,10194,130875,-5924,5555,124669,106,19226,479,1,8318,0.0009999999999976694
19011000,-4345,8737,128604,-12666,-1508,130017,106,19230,434,1,8319,0.0010000000000012221
19012000,-1168,-10920,126096,-10011,-4301,130552,123,19214,504,0,8320,0.0010000000000012221
19013000,-3138,1909,127557,2480,-1330,120826,93,19229,381,0,8321,0.0009999999999976694
19014001,-3150,3750,128034,-10565,-285,127368,104,19227,426,0,8322,0.00100100000000225
19015000,-4001,7041,129620,-12470,11890,126140,140,19227,426,1,8323,0.0009990000000001942
19016000,-7392,10596,127202,-2287,-1121,127048,118,19225,573,1,8324,0.0009999999999976694
19017000,-6766,2175,126467,-9174,900,128701,118,19225,483,1,8325,0.0010000000000012221
19018000,-1844,6041,125787,-8809,6278,118724,102,19226,418,0,8326,0.0010000000000012221
19019000,1656,3423,125495,4763,-3290,127889,119,19227,487,0,8327,0.0009999999999976694
19020000,1833,-3704,123860,2910,-7253,127131,115,19229,471,0,8328,0.0010000000000012221
19021000,-2804,6373,126485,-7034,8968,121710,115,19229,471,0,8329,0.0010000000000012221
19022000,-2267,7857,126492,-2438,11552,122952,142,19217,471,1,8330,0.0009999999999976694
19023000,-1834,10512,126028,1880,6760,124647,142,19228,582,1,8331,0.0010000000000012221
19024000,4916,1849,127411,-9043,1986,131783,105,19232,430,1,8332,0.0010000000000012221
19025000,11023,-631,121812,12323,-2835,117431,110,19224,451,0,8333,0.0009999999999976694
19026001,4587,-3014,125321,15467,-531,125716,93,19230,381,0,8334,0.00100100000000225
19027002,6889,-270,124369,-7926,-7573,127893,108,19230,442,0,8335,0.0010009999999986974
19028000,3797,-3279,128168,10971,-381,129080,134,19228,442,1,8336,0.0009979999999991662
19029000,-931,9475,129157,2144,6948,123522,113,19225,549,1,8337,0.0010000000000012221
19030000,3487,15800,124940,-2218,-209,117977,113,19232,463,1,8338,0.0009999999999976694
19031000,6742,48,124178,15226,-6955,132845,96,19228,393,0,8339,0.0010000000000012221
19032000,12721,-2241,126820,643,-1885,123492,149,19233,610,0,8340,0.0010000000000012221
19033000,10454,47,129155,9525,-4933,129612,110,19233,451,0,8341,0.0009999999999976694
19034001,4743,-8949,130726,6672,-7134,129722,108,19228,451,0,8342,0.00100100000000225
19035000,3996,3233,129582,-7032,-4309,125027,128,19224,442,1,8343,0.0009990000000001942
19036000,477,13266,131154,4989,11962,130460,128,19228,524,1,8344,0.0009999999999976694
19037000,4495,5736,125621,1957,-117,124144,108,19234,442,1,8345,0.0010000000000012221
19038000,6882,1369,130457,-4509,-7334,130995,111,19218,455,0,8346,0.0010000000000012221
19039000,9452,-4877,127222,6733,-13929,123088,102,19232,418,0,8347,0.0009999999999976694
19040000,6578,-3105,130262,13916,-7358,135382,102,19232,418,0,8348,0.0010000000000012221
19041000,1006,-2633,130807,-14001,-1725,128782,120,19226,418,0,8349,0.0010000000000012221
19042000,-225,8162,133309,-12125,6132,129089,120,19226,491,1,8350,0.0009999999999976694
19043000,-6588,9669,130317,3685,5386,129138,111,19230,455,1,8351,0.0010000000000012221
19044000,-3318,-103,128280,-7185,-5740,130645,97,19228,397,1,8352,0.0010000000000012221
19045002,1038,-1517,129735,-13131,-7067,130851,141,19228,577,0,8353,0.0010019999999997253
19046000,2082,-270,129472,4174,-262,124399,107,19228,577,0,8354,0.0009979999999991662
19047000,-2052,4641,132769,-933,-1478,138185,108,19223,438,0,8355,0.0010000000000012221
19048000,-3706,2441,130181,-18055,-11896,121660,108,19224,442,1,8356,0.0009999999999976694
19049000,-10892,7287,131590,-13547,8128,129713,135,19229,553,1,8357,0.0010000000000012221
19050000,-7631,8274,129706,-6923,6316,125693,115,19231,471,1,8358,0.0010000000000012221
19051000,-794,11887,127863,-4028,-3000,122982,109,19217,446,1,8359,0.0009999999999976694
19052000,-4388,-9948,125346,-14171,-13260,139409,143,19217,446,0,8360,0.0010000000000012221
19053000,-3045,-4766,127593,-6552,7932,113862,104,19233,586,0,8361,0.0010000000000012221
19054001,611,12871,129340,-5104,2715,132705,104,19227,426,0,8362,0.0010009999999986974
19055000,-4418,2917,126021,-3197,2884,122559,117,19220,479,1,8363,0.0009990000000001942
19056002,-10135,11172,127387,-18999,3752,127041,113,19229,463,1,8364,0.0010019999999997253
19057000,-5131,4588,126875,-8214,7090,124330,106,19230,434,1,8365,0.0009979999999991662
19058000,813,11071,125504,8310,-168,124120,133,19230,434,0,8366,0.0010000000000012221
19059000,441,-14605,126037,865,-5696,138393,104,19232,545,0,8367,0.0009999999999976694
19060000,-1428,-2022,124714,-9513,5293,110471,104,19230,426,0,8368,0.0010000000000012221
19061000,383,9358,129569,-4341,1710,133554,109,19229,446,1,8369,0.0010000000000012221
19062000,-1009,8889,124548,5773,9046,120686,149,19223,610,1,8370,0.0009999999999976694
19063000,-2571,14904,124427,-9469,2577,125662,114,19232,467,1,8371,0.0010000000000012221
19064000,5317,4581,123813,-426,1755,122767,98,19232,467,1,8372,0.0010000000000012221
19065006,6889,10257,124982,11892,-3401,118936,111,19224,401,0,8373,0.0010060000000002844
19066000,14377,-5714,127307,8719,-5668,133453,111,19230,455,0,8374,0.0009939999999986071
19067000,2518,-3706,126816,-1110,517,121079,119,19230,487,0,8375,0.0010000000000012221
19068000,5961,-5309,127497,323,3660,130841,124,19223,508,1,8376,0.0009999999999976694
19069000,2325,6654,128010,10542,12436,118453,111,19228,455,1,8377,0.0010000000000012221
19070006,3988,11381,124867,-2079,-1742,131548,102,19228,418,1,8378,0.0010060000000002844
19071002,10274,-8437,125688,16336,7788,121019,120,19232,418,0,8379,0.000996000000000663
19072000,6982,3837,125439,2586,-4092,123201,97,19225,491,0,8380,0.0009979999999991662
19073001,12292,-16479,127916,8784,-18256,139393,97,19228,397,0,8381,0.0010009999999986974
19074002,1972,3703,130735,5332,5072,118952,104,19225,426,0,8382,0.00100100000000225
19075002,3263,6076,130092,-8259,-1409,137783,136,19225,557,1,8383,0.0009999999999976694
19076000,887,10548,131449,7439,11934,118472,113,19225,463,1,8384,0.000998000000002719
19077000,1972,8305,128003,-723,-4299,132583,98,19224,463,1,8385,0.0009999999999976694
19078000,11667,-12409,126520,942,-14131,131638,152,19228,401,0,8386,0.0010000000000012221
19079001,7185,-1345,132660,14212,-338,121461,152,19227,623,0,8387,0.0010009999999986974
19080000,6503,-3912,127572,1155,-10528,140133,105,19230,430,0,8388,0.0009990000000001942
19081000,-3207,2867,132972,-16358,5551,115076,111,19222,455,1,8389,0.0010000000000012221
19082000,608,3879,132750,-5256,-10759,140659,137,19227,561,1,8390,0.0010000000000012221
19083000,-7283,7094,129099,8716,10493,123315,103,19227,561,1,8391,0.0009999999999976694
19084000,-3695,3166,129999,-24093,-3940,126050,110,19232,422,1,8392,0.0010000000000012221
19085001,3888,-14641,130099,-4359,-13484,140906,110,19224,451,0,8393,0.0010009999999986974
19086000,2036,3089,126828,15316,4427,116143,93,19228,381,0,8394,0.0009990000000001942
19087000,-5474,4930,130434,-16576,3849,132624,112,19225,459,0,8395,0.0010000000000012221
19088000,-6491,1915,130566,-21566,-4661,128733,138,19222,565,1,8396,0.0009999999999976694
19089000,-8540,-2915,130531,-2317,-2756,135185,114,19222,565,1,8397,0.0010000000000012221
19090000,-9303,8894,131618,-7064,7486,116383,98,19230,467,1,8398,0.0010000000000012221
19091000,-4779,12223,128538,-15141,6431,128588,98,19228,401,0,8399,0.0009999999999976694
19092001,-2378,-2538,126026,-8060,-7869,131118,149,19227,610,0,8400,0.00100100000000225
19093000,322,-7110,124659,4163,-354,124725,105,19231,430,0,8401,0.0009990000000001942
19094000,-3667,7586,129677,-11128,10149,125298,112,19221,459,0,8402,0.0009999999999976694
19095000,-5720,19339,128084,-14815,3830,121124,129,19221,459,1,8403,0.0010000000000012221
19096000,-4577,4772,127955,-2697,-9545,140105,109,19232,528,1,8404,0.0010000000000012221
19097000,-5588,-6409,125704,-7743,3555,119947,109,19230,446,1,8405,0.0009999999999976694
19098001,-1250,12473,124761,-1969,8386,117454,109,19221,446,0,8406,0.00100100000000225
19099000,-375,5642,125039,2976,1945,127504,87,19225,356,0,8407,0.0009990000000001942
19100000,1670,-471,125200,-9758,-3679,125551,110,19227,451,0,8408,0.0009999999999976694
19101001,975,-3237,126969,412,2104,132609,129,19227,451,1,8409,0.00100100000000225
19102000,-2683,6627,127183,2084,10995,117912,114,19219,528,1,8410,0.0009990000000001942
19103000,-1535,14888,126288,-6123,5120,127613,114,19231,467,1,8411,0.0009999999999976694
19104000,3979,10779,127321,5537,-4028,121090,96,19230,393,0,8412,0.0010000000000012221
19105000,8091,3818,123821,11175,-8264,126175,134,19232,549,0,8413,0.0010000000000012221
19106000,10612,-10240,124337,4255,2565,123339,109,19226,446,0,8414,0.0009999999999976694
19107002,4495,5903,127865,1150,-5168,123760,114,19226,467,0,8415,0.0010019999999997253
19108002,5440,-3037,125419,6740,-4703,134573,138,19227,467,1,8416,0.0010000000000012221
19109000,1835,4814,127611,-492,12981,118776,138,19228,565,1,8417,0.0009979999999991662
19110000,6181,13874,128380,4974,8790,126472,109,19233,446,1,8418,0.0010000000000012221
19111000,8101,-1939,122796,6132,-1265,124155,99,19221,405,0,8419,0.0010000000000012221
19112000,11306,-655,126740,8693,-9873,130097,115,19233,471,0,8420,0.0009999999999976694
19113000,9623,-15000,125102,12003,-14756,132812,107,19233,438,0,8421,0.0010000000000012221
19114000,4877,-2215,129100,-4234,5244,123039,119,19226,438,1,8422,0.0010000000000012221
19115000,2116,7614,131519,1544,11092,132194,119,19222,487,1,8423,0.0009999999999976694
19116000,194,9366,130280,5314,5512,125836,109,19228,446,1,8424,0.0010000000000012221
19117000,865,1945,127836,-4394,-2833,128599,101,19228,414,1,8425,0.0010000000000012221
19118000,6261,-7732,128556,-3706,-5498,128752,131,19220,537,0,8426,0.0009999999999976694
19119000,11623,-12862,127159,20351,-11912,130255,104,19220,426,0,8427,0.0010000000000012221
19120000,1985,-1797,131079,14159,-3273,132201,108,19229,426,0,8428,0.0009999999999976694
19121000,-1849,745,130509,-30906,-3259,129939,149,19227,442,1,8429,0.0010000000000012221
19122000,-5063,14314,132599,-3388,17484,120600,149,19228,610,1,8430,0.0010000000000012221
19123000,-3252,11164,133022,8356,-769,133656,109,19233,446,1,8431,0.0009999999999976694
19124000,-1559,-9785,128117,-8772,-15517,129864,97,19227,397,0,8432,0.0010000000000012221
19125000,-2502,-15835,127693,-18838,-19385,135532,121,19227,496,0,8433,0.0010000000000012221
19126000,5042,8131,130870,5945,10035,119887,110,19233,496,0,8434,0.0009999999999976694
19127000,-3616,6970,128499,-2716,5622,127519,119,19227,451,0,8435,0.0010000000000012221
19128002,-9037,5518,131659,-23048,4732,128398,119,19220,487,1,8436,0.0010019999999997253
19129000,-12538,-321,127937,-10286,-7769,134021,110,19228,451,1,8437,0.0009979999999991662
19130000,-6429,12850,129718,-9030,19331,124465,101,19230,414,1,8438,0.0010000000000012221
19131000,-1177,10533,130332,-4837,75,121726,120,19216,491,0,8439,0.0010000000000012221
19132000,-1975,-13703,125155,-8683,-18325,133639,105,19216,491,0,8440,0.0009999999999976694
19133000,-3009,-1343,127262,-10986,-2987,128115,110,19236,430,0,8441,0.0010000000000012221
19134003,-3883,4795,129547,-6672,3101,125096,110,19228,451,1,8442,0.0010030000000007533
19135000,-6938,18639,128367,-4026,13908,119037,142,19227,582,1,8443,0.0009969999999981383
19136000,-9315,4880,127265,-18780,-1654,130394,115,19232,471,1,8444,0.0010000000000012221
19137000,-371,1363,126329,-5167,1846,123855,100,19226,410,1,8445,0.0010000000000012221
19138000,2884,11315,127152,5218,1757,127300,113,19226,410,0,8446,0.0009999999999976694
19139001,4207,3048,122951,1019,-428,122304,111,19229,463,0,8447,0.00100100000000225
19140000,-175,2659,126659,-10565,339,130025,111,19229,455,0,8448,0.0009990000000001942
19141000,453,5684,126706,-940,10599,125583,113,19224,463,1,8449,0.0009999999999976694
19142018,-2049,17616,125899,-1452,5478,116398,136,19228,557,1,8450,0.0010180000000019618
19143000,-1530,7017,122296,-4975,4807,124266,102,19232,418,1,8451,0.0009820000000004825
19144001,7934,9001,125962,378,-1095,125808,109,19232,418,0,8452,0.0010009999999986974
19145002,11015,-6213,122454,12077,-12496,126304,93,19226,446,0,8453,0.0010009999999986974
19146000,9906,-1978,125246,4711,-3402,126558,93,19227,381,0,8454,0.000998000000002719
19147000,3640,6425,127453,-1087,-5469,120609,114,19226,467,0,8455,0.0009999999999976694
19148000,4042,9321,127116,2650,9829,124666,133,19229,545,1,8456,0.0010000000000012221
19149000,5831,8654,129621,1108,-4487,131492,114,19231,467,1,8457,0.0010000000000012221
19150003,8796,4232,124769,3836,-2260,122360,98,19231,467,1,8458,0.0010029999999972006
19151000,12296,4994,125525,7795,-3265,123333,149,19228,401,0,8459,0.000997000000001691
19152002,9583,1583,129239,10828,-11999,132795,149,19230,610,0,8460,0.0010019999999997253
19153000,8416,-14320,125231,7514,-10973,137602,103,19231,422,0,8461,0.0009979999999991662
19154000,2508,-1192,130925,-7814,2515,121680,105,19225,430,1,8462,0.0010000000000012221
19155000,-116,12282,130098,2119,12461,119461,124,19228,508,1,8463,0.0009999999999976694
19156000,-913,23044,133989,5301,-1455,126642,110,19228,508,1,8464,0.0010000000000012221
19157001,3969,-5258,127458,-2920,-15113,136805,111,19230,451,1,8465,0.0010009999999986974
19158000,12100,-10911,129091,7669,-7493,125859,111,19224,455,0,8466,0.0009990000000001942
19159000,6400,1621,131496,11755,-2990,126523,101,19228,414,0,8467,0.0010000000000012221
19160000,5593,-10031,127080,-6365,-9117,133445,104,19230,426,0,8468,0.0010000000000012221
19161001,-299,3882,131799,-14734,8224,127652,122,19222,500,1,8469,0.0010009999999986974
19162000,-5972,1973,132600,3668,9977,129316,113,19222,463,1,8470,0.0009990000000001942
19163000,-7236,6104,130534,-4767,-1421,124311,99,19231,463,1,8471,0.0010000000000012221
19164000,-660,-8476,129761,-16594,-17173,138981,140,19232,405,0,8472,0.0009999999999976694
19165000,-753,-11541,126951,9082,-6514,129918,140,19227,573,0,8473,0.0010000000000012221
19166000,1608,8647,128983,-5686,13523,117585,113,19230,463,0,8474,0.0010000000000012221
19167000,-4809,6002,131679,-17949,-1683,133046,115,19226,471,0,8475,0.0009999999999976694
19168000,-6293,1814,130110,-5876,237,130045,145,19226,594,1,8476,0.0010000000000012221
19169000,-7704,1171,129352,-14346,-19,133290,115,19230,594,1,8477,0.0010000000000012221
19170001,-5959,12165,130402,-10799,14103,118931,108,19231,471,1,8478,0.0010009999999986974
19171000,-3920,10333,129142,-3716,-2374,127723,108,19221,442,0,8479,0.0009990000000001942
19172000,-1237,-15408,126307,-6789,-9601,137002,135,19232,553,0,8480,0.0010000000000012221
19173000,-3522,-5740,126731,-9751,-1093,123733,100,19226,410,0,8481,0.0009999999999976694
19174001,-1883,9411,127101,-11734,15916,121944,118,19226,483,1,8482,0.00100100000000225
19175001,-5791,9851,128274,-517,5168,126062,117,19223,483,1,8483,0.0009999999999976694
19176001,-8235,2057,127472,-16230,-1140,127392,106,19232,479,1,8484,0.0010000000000012221
19177001,-1237,14605,127453,-3441,9762,122843,106,19230,434,0,8485,0.0010000000000012221
19178002,-1707,-2055,124721,3449,-3853,124007,131,19226,537,0,8486,0.0010009999999986974
19179002,6415,-5210,127570,-2429,-10054,132119,103,19228,422,0,8487,0.0010000000000012221
19180000,-739,-1375,123185,-2328,-88,123404,110,19228,451,0,8488,0.0009979999999991662
19181000,-1149,12822,127100,-6255,14042,121007,151,19228,451,1,8489,0.0009999999999976694
19182000,-2768,14155,126290,-1892,9855,127573,113,19225,618,1,8490,0.0010000000000012221
19183000,2623,2219,123073,1200,1846,124056,113,19229,463,1,8491,0.0010000000000012221
19184000,6396,4602,123696,3908,-666,124453,98,19224,401,0,8492,0.0009999999999976694
19185002,6198,1278,123999,8968,-6944,124699,108,19229,442,0,8493,0.001002000000003278
19186000,10233,-901,124450,3461,-2960,129549,120,19228,491,0,8494,0.0009979999999991662
19187000,2698,-3641,126830,3333,1458,125259,123,19228,491,1,8495,0.0009999999999976694
19188000,5590,7146,128236,1855,5434,125976,109,19222,504,1,8496,0.0010000000000012221
19189002,4835,17397,127051,5253,6464,122106,109,19229,446,1,8497,0.0010019999999997253
19190000,6804,6803,127131,3112,-13547,132884,104,19230,426,1,8498,0.0009979999999991662
19191000,13220,-1705,125629,6171,-4953,118561,122,19220,500,0,8499,0.0010000000000012221
19192000,7565,3521,125615,8271,-11251,129515,97,19229,397,0,8500,0.0010000000000012221
19193000,8187,-10836,127410,-1784,-4865,131484,101,19229,397,0,8501,0.0009999999999976694
19194000,5332,1748,130449,2580,2947,128345,134,19228,414,1,8502,0.0010000000000012221
19195001,1370,8530,132174,3228,4531,126813,134,19226,549,1,8503,0.0010009999999986974
19196002,128,9883,130897,-2659,7427,120620,114,19227,467,1,8504,0.00100100000000225
19197000,4236,1955,129322,-172,-10142,134862,103,19230,422,0,8505,0.0009979999999991662
19198000,11585,-13893,127256,14310,-13200,126011,148,19236,606,0,8506,0.0010000000000012221
19199000,6316,-1670,130746,8564,-10013,132671,109,19236,606,0,8507,0.0009999999999976694
19200000,1835,-13372,129803,-17294,9388,122347,110,19228,446,0,8508,0.0010000000000012221
19201000,-217,24140,132420,-8715,6251,125664,110,19223,451,1,8509,0.0010000000000012221
19202000,-4969,1379,130944,6575,-10551,139495,137,19228,561,1,8510,0.0009999999999976694
19203000,-5844,-1817,129203,-11072,-2879,122608,107,19232,438,1,8511,0.0010000000000012221
19204000,-1373,-3578,129764,-15607,-11250,133015,114,19221,467,0,8512,0.0010000000000012221
19205000,635,3938,130827,9117,-441,120995,91,19221,373,0,8513,0.0009999999999976694
19206000,1120,3424,131258,-1571,-3484,133370,105,19229,373,0,8514,0.0010000000000012221
19207000,-7503,-2807,131685,-20086,-3056,129798,131,19229,430,1,8515,0.0010000000000012221
19208000,-9268,6647,130662,-13592,7633,124684,131,19223,537,1,8516,0.0009999999999976694
19209000,-9131,6494,130877,-5331,5979,134906,117,19231,479,1,8517,0.0010000000000012221
19210000,-2791,5674,128973,-7185,2951,122528,100,19228,410,1,8518,0.0010000000000012221
19211000,-3248,-1961,126984,-9079,-8535,135296,155,19228,635,0,8519,0.0009999999999976694
19212000,-4651,-9268,124982,-7844,3341,119649,102,19229,635,0,8520,0.0010000000000012221
19213000,-218,12212,129873,-2945,2081,126040,106,19226,418,0,8521,0.0009999999999976694
19214000,-6046,-1375,126592,-5257,-5705,134114,106,19223,434,1,8522,0.0010000000000012221
19215000,-7912,7829,128522,-16438,9498,122578,132,19230,541,1,8523,0.0010000000000012221
19216000,-7497,9227,130053,-6791,4560,128872,109,19229,446,1,8524,0.0009999999999976694
19217006,74,8830,125576,3813,6557,123482,111,19229,455,0,8525,0.0010060000000002844
19218000,514,-8487,122997,-7105,-10649,132254,98,19224,455,0,8526,0.0009940000000021598
19219000,987,-7468,124027,-4286,-6982,122314,113,19229,401,0,8527,0.0009999999999976694
19220000,2255,12173,125715,-405,10454,122979,113,19227,463,0,8528,0.0010000000000012221
19221000,-5267,9190,126461,550,7037,127616,129,19219,528,1,8529,0.0010000000000012221
19222000,-3077,9893,124758,-7443,7467,120144,117,19230,479,1,8530,0.0009999999999976694
19223000,3411,1833,123184,614,-1678,130879,99,19227,405,1,8531,0.0010000000000012221
19224000,9205,10283,124931,9307,8527,117244,136,19227,405,0,8532,0.0010000000000012221
19225000,12276,-1464,123945,8727,-9633,124812,109,19234,557,0,8533,0.0009999999999976694
19226000,6445,-9922,125629,7808,-12271,130352,109,19226,446,0,8534,0.0010000000000012221
19227001,4050,-1440,126828,-1664,-3649,128525,112,19222,459,1,8535,0.0010009999999986974
19228000,-78,1527,127387,75,3582,120421,134,19230,549,1,8536,0.0009990000000001942
19229000,1989,18932,128221,4995,12177,120782,108,19231,442,1,8537,0.0010000000000012221
19230000,6605,491,124580,938,-7329,128907,102,19231,442,1,8538,0.0010000000000012221
19231000,9213,-3828,126306,8323,-6338,127078,112,19221,418,0,8539,0.0009999999999976694
19232000,12461,-3634,127522,13890,-10154,131037,112,19228,459,0,8540,0.0010000000000012221
19233000,5204,-44,127959,6332,216,124226,105,19227,430,0,8541,0.0010000000000012221
19234000,3193,8239,129697,-6305,1372,130208,116,19223,475,1,8542,0.0009999999999976694
19235000,1049,8762,130012,1959,3524,130541,110,19227,451,1,8543,0.0010000000000012221
19236000,-914,6974,129786,1791,-1834,121879,99,19227,451,1,8544,0.0010000000000012221
19237000,10026,-3670,126464,-8,-13864,130747,132,19230,405,0,8545,0.0009999999999976694
19238000,10081,-11589,127574,8872,-2943,129726,132,19228,541,0,8546,0.0010000000000012221
19239001,8738,-4331,127254,5204,-6433,130919,103,19232,422,0,8547,0.0010009999999986974
19240001,2627,-920,130677,-19971,5719,126916,105,19221,430,0,8548,0.0010000000000012221
19241000,-2259,15769,135393,3859,4912,127185,150,19227,614,1,8549,0.0009990000000001942
19242002,-7361,1170,131996,-3594,-7994,134029,109,19227,446,1,8550,0.0010019999999997253
19243002,-6174,-2703,130955,-19670,-9862,130957,97,19233,446,1,8551,0.0010000000000012221
19244000,110,-6301,129295,1877,-10233,133540,97,19227,397,0,8552,0.0009979999999991662
19245000,1405,6591,130127,2649,23,121391,121,19232,496,0,8553,0.0009999999999976694
19246000,-2151,8461,130673,-12235,-7138,129139,109,19228,446,0,8554,0.0010000000000012221
19247002,-7740,-1775,130767,-19107,5011,134035,121,19220,496,1,8555,0.0010019999999997253
19248000,-5385,7140,132813,-6436,-2387,126662,110,19220,451,1,8556,0.0009979999999991662
19249000,-8862,8320,128978,-3187,12739,119192,104,19225,451,1,8557,0.0010000000000012221
19250000,-3604,14364,130538,-19694,-6948,131005,120,19232,426,1,8558,0.0010000000000012221
19251000,-1430,-5746,124940,-6884,-12955,128885,120,19220,491,0,8559,0.0009999999999976694
19252000,-1542,-2169,127249,-5376,-2881,130130,93,19232,381,0,8560,0.0010000000000012221
19253000,1079,4530,127977,-8200,4944,119939,105,19228,430,0,8561,0.0010000000000012221
19254001,-4740,17067,128576,-5352,6710,123348,141,19228,577,1,8562,0.0010009999999986974
19255000,-5772,6248,127422,-14810,-554,131516,117,19223,577,1,8563,0.0009990000000001942
19256001,-6876,-3554,125145,-5850,6939,125359,104,19228,479,1,8564,0.0010009999999986974
19257000,1502,9319,128833,1529,4882,123913,104,19224,426,0,8565,0.0009990000000001942
19258002,-1715,1054,123434,-3428,-4431,123886,121,19228,496,0,8566,0.0010019999999997253
19259001,-834,-5259,124365,-6321,-6948,141196,116,19227,475,0,8567,0.0009990000000001942
19260000,1329,-614,125109,2299,5267,115557,116,19227,475,0,8568,0.0009990000000001942
19261000,-3294,16312,126433,-1260,16731,120270,141,19222,475,1,8569,0.0010000000000012221
19262000,-2090,8993,127516,-5405,4242,127254,103,19230,577,1,8570,0.0010000000000012221
19263000,3917,-845,123456,4972,-4930,125724,103,19232,422,1,8571,0.0009999999999976694
19264000,8961,8680,124234,7612,1526,123793,110,19227,451,0,8572,0.0010000000000012221
19265000,7979,6988,123780,1352,2429,118527,97,19229,397,0,8573,0.0010000000000012221
19266001,9390,-5146,126517,11651,-10220,133228,113,19227,463,0,8574,0.0010009999999986974
19267000,3755,-6920,125131,1792,-5088,127194,137,19227,463,1,8575,0.0009990000000001942
19268000,2803,9156,128286,-9763,13016,123984,114,19223,561,1,8576,0.0010000000000012221
19269000,2431,12446,128961,17919,9068,121413,114,19230,467,1,8577,0.0009999999999976694
19270000,9692,6633,124523,2639,-4595,123471,96,19231,393,0,8578,0.0010000000000012221
19271002,9635,-2468,127882,2204,-5939,133874,153,19232,627,0,8579,0.0010019999999997253
19272003,10352,-4920,123769,14642,-11196,125145,104,19229,426,0,8580,0.0010009999999986974
19273000,7884,-4393,131161,3977,-7979,130546,107,19229,426,0,8581,0.000997000000001691
19274003,856,7513,132095,-4218,4531,128208,123,19221,438,1,8582,0.0010030000000007533
19275001,1582,2141,128886,-152,531,129236,123,19228,504,1,8583,0.0009979999999991662
19276000,1588,11444,129436,5328,8409,123717,108,19235,442,1,8584,0.0009990000000001942
19277000,7053,-828,127552,-2526,-6549,132326,112,19221,459,0,8585,0.0009999999999976694
19278000,10163,-11496,127951,4934,-12935,126439,99,19229,405,0,8586,0.0010000000000012221
19279000,4749,1711,130559,18380,-2249,137232,105,19229,405,0,8587,0.0010000000000012221
19280000,450,-7429,128028,-16452,-5836,124169,127,19230,430,1,8588,0.0009999999999976694
19281000,408,13335,134366,-16418,6390,128075,127,19225,520,1,8589,0.0010000000000012221
19282000,-6956,5164,132231,5883,-4222,130992,112,19232,459,1,8590,0.0010000000000012221
19283000,-1181,10055,129791,-2099,-4666,123498,97,19230,397,1,8591,0.0009999999999976694
19284000,1137,-9036,131421,-22779,-16418,138739,141,19233,577,0,8592,0.0010000000000012221
19285001,2773,-5243,129079,15911,3162,122309,105,19233,577,0,8593,0.0010009999999986974
19286000,-1466,5146,129180,-17163,3902,128501,110,19230,430,0,8594,0.0009990000000001942
19287002,-7550,3725,131828,-19965,1940,131103,110,19228,451,1,8595,0.0010019999999997253
19288000,-10706,4362,131419,-4478,919,132817,146,19232,598,1,8596,0.000998000000002719
19289000,-7301,5303,129550,-5502,6721,124471,112,19231,459,1,8597,0.0009999999999976694
19290003,-4918,10037,131310,-11804,3342,121804,107,19220,438,0,8598,0.0010030000000007533
19291000,-3692,-6599,124987,-10961,-13223,132233,136,19220,438,0,8599,0.000997000000001691
19292000,-944,-2802,126959,-1435,-3338,128706,106,19233,557,0,8600,0.0009999999999976694
19293000,-1327,3485,127238,-8799,1429,122126,106,19229,434,0,8601,0.0010000000000012221
19294000,-6774,7829,129887,-4645,22035,121246,121,19224,496,1,8602,0.0010000000000012221
19295000,-5802,18427,127857,-13681,-10403,130599,115,19231,471,1,8603,0.0009999999999976694
19296000,-7269,514,123836,-12427,-1017,127599,105,19229,430,1,8604,0.0010000000000012221
19297000,3515,13253,127473,6300,6656,119745,131,19229,537,0,8605,0.0010000000000012221
19298000,-796,1070,124779,3614,-6996,122996,107,19230,537,0,8606,0.0009999999999976694
19299000,1761,-4097,124995,-12828,-2156,135392,111,19231,438,0,8607,0.0010000000000012221
19300000,-1246,-6600,124769,-1186,1185,126058,111,19224,455,1,8608,0.0010000000000012221
19301000,212,16599,127285,1572,19588,118584,153,19230,627,1,8609,0.0009999999999976694
19302000,-1727,15251,126476,-3951,5264,123947,111,19233,455,1,8610,0.0010000000000012221
19303000,1849,-1237,123973,633,-4108,126643,98,19233,401,0,8611,0.0010000000000012221
19304000,10298,47,125063,8373,-7751,126563,98,19227,401,0,8612,0.0009999999999976694
19305000,8342,327,123826,11589,-1454,121775,113,19229,401,0,8613,0.0010000000000012221
19306000,4493,-1372,128394,3062,-2057,124114,113,19228,463,0,8614,0.0009999999999976694
19307000,1054,-72,126643,-2717,-7194,129026,120,19222,491,1,8615,0.0010000000000012221
19308000,3096,10131,127875,7452,9119,129186,109,19229,446,1,8616,0.0010000000000012221
19309000,5171,6121,126272,10936,2961,126071,103,19229,422,1,8617,0.0009999999999976694
19310000,5901,6929,126233,-1972,4748,117802,121,19230,422,0,8618,0.0010000000000012221
19311000,14317,1305,127037,3851,-7479,133914,96,19224,496,0,8619,0.0010000000000012221
19312000,9331,-17473,125086,25601,-21094,131836,96,19227,393,0,8620,0.0009999999999976694
19313000,4589,-3119,127997,-6071,-150,126603,104,19231,426,0,8621,0.0010000000000012221
19314002,1625,11313,131121,-12209,8653,128575,137,19228,561,1,8622,0.0010019999999997253
19315000,2223,14092,129282,14412,7523,124525,113,19234,463,1,8623,0.0009979999999991662
19316000,3883,4445,129387,-419,-1560,127796,101,19234,463,1,8624,0.0010000000000012221
19317000,4189,-3471,128672,-10117,-10379,133831,150,19225,414,0,8625,0.0010000000000012221
19318000,9361,-9167,126071,22112,475,127398,150,19228,614,0,8626,0.0009999999999976694
19319002,3926,1041,131012,6737,-4598,129700,115,19224,471,0,8627,0.0010019999999997253
19320000,2386,-2534,130855,-25805,1574,125956,115,19225,471,1,8628,0.000998000000002719
19321002,-1837,18158,135398,-109,13051,126775,138,19230,565,1,8629,0.0010019999999997253
19322000,-5301,-7501,130469,8238,-11656,135930,106,19230,565,1,8630,0.0009979999999991662
19323000,-5763,-5436,127691,-20573,-9989,127409,116,19232,434,1,8631,0.0010000000000012221
19324000,-480,-6119,130126,-11338,-9508,131266,116,19220,475,0,8632,0.0009999999999976694
19325000,2951,3282,128772,13685,1937,122651,93,19226,381,0,8633,0.0010000000000012221
19326000,-3644,9009,131260,-12117,6637,126832,105,19226,430,0,8634,0.0010000000000012221
19327000,-7646,3424,129147,-21308,976,132251,133,19223,545,1,8635,0.0009999999999976694
19328000,-6472,767,128038,-4113,6124,128193,116,19223,545,1,8636,0.0010000000000012221
19329000,-8124,8132,130318,-4000,2928,130108,101,19229,475,1,8637,0.0010000000000012221
19330000,-2501,8724,127579,-19317,-2035,121520,101,19225,414,0,8638,0.0009999999999976694
19331000,-2983,-4233,127152,-5812,-14706,138174,154,19230,631,0,8639,0.0010000000000012221
19332000,-2935,-13595,125611,-461,3709,123634,101,19230,414,0,8640,0.0010000000000012221
19333000,-971,11285,128190,-10694,14850,117807,104,19224,426,1,8641,0.0009999999999976694
19334000,-9223,14411,129428,-6494,7253,127582,130,19224,426,1,8642,0.0010000000000012221
19335000,-5351,7601,127391,-12137,-4762,129614,112,19229,532,1,8643,0.0010000000000012221
19336000,-5224,2224,126821,-2583,-3631,126760,112,19228,459,1,8644,0.0009999999999976694
19337000,508,6510,127404,4516,1858,123087,111,19221,455,0,8645,0.0010000000000012221
19338000,297,149,125322,-9303,-7072,124768,97,19226,397,0,8646,0.0009999999999976694
19339000,1076,2705,125689,-8335,-851,125274,110,19229,451,0,8647,0.0010000000000012221
19340000,840,3898,125623,2625,4532,126858,131,19229,537,1,8648,0.0010000000000012221
19341002,-4201,5193,127133,-2576,16945,124345,117,19220,537,1,8649,0.0010019999999997253
19342003,-2073,17809,127933,-7357,4804,118177,97,19228,479,1,8650,0.0010009999999986974
19343000,7412,2945,122070,12368,-3134,128558,97,19230,397,0,8651,0.000997000000001691
19344000,8747,-142,124550,10987,-137,128127,134,19232,549,0,8652,0.0009999999999976694
19345000,10532,-5601,124130,2274,-16065,123861,108,19227,442,0,8653,0.0010000000000012221
19346000,4186,-2266,125687,4446,-2351,130544,109,19227,446,0,8654,0.0010000000000012221
19347000,3856,5861,130190,1607,3739,125678,133,19225,446,1,8655,0.0009999999999976694
19348000,2525,11148,127375,2107,7249,120504,108,19231,545,1,8656,0.0010000000000012221
19349001,6145,6225,125456,5830,-240,129153,108,19229,442,1,8657,0.0010009999999986974
19350000,9553,-4112,126008,1047,-305,125654,104,19224,426,0,8658,0.0009990000000001942
19351000,12871,5093,127281,12017,-8669,125361,109,19234,446,0,8659,0.0010000000000012221
19352000,9993,-9600,126100,9019,-14307,132705,100,19234,410,0,8660,0.0010000000000012221
19353000,1933,-8312,127613,-12138,-4501,137918,113,19228,410,1,8661,0.0009999999999976694
19354000,2610,7549,131719,8345,4483,115885,109,19223,463,1,8662,0.0010000000000012221
19355001,655,18711,129914,8612,10871,126510,109,19229,446,1,8663,0.0010009999999986974
19356002,1241,4261,130719,-13878,-6922,130581,101,19228,414,1,8664,0.00100100000000225
19357000,9126,-13894,126600,7436,-18194,127774,134,19226,549,0,8665,0.0009979999999991662
19358000,12366,-6076,129144,25420,-3974,133856,101,19228,414,0,8666,0.0010000000000012221
19359000,422,-1287,128913,-5313,-4784,125362,103,19228,414,0,8667,0.0009999999999976694
19360003,4079,9723,132092,-32021,9501,125395,151,19224,422,1,8668,0.0010030000000007533
19361000,-5660,8804,133069,16715,4582,132034,151,19231,618,1,8669,0.000997000000001691
19362000,-5628,-4209,129279,1510,-3155,129432,111,19231,455,1,8670,0.0009999999999976694
19363000,-4769,-508,129303,-22743,-10175,127910,101,19224,414,0,8671,0.0010000000000012221
19364000,1170,-12682,127425,-873,-11641,132552,119,19229,487,0,8672,0.0010000000000012221
19365000,5981,15376,133644,7910,12162,125476,111,19229,487,0,8673,0.0009999999999976694
19366000,-6684,-4735,128554,-15167,-7439,127840,122,19224,455,0,8674,0.0010000000000012221
19367002,-6640,7801,131842,-20511,3246,130509,122,19224,500,1,8675,0.0010019999999997253
19368002,-10350,-4751,128089,-4575,-5422,135099,113,19228,463,1,8676,0.0010000000000012221
19369002,-3447,19858,130886,-7774,20732,116319,105,19232,430,1,8677,0.0009999999999976694
19370000,-4475,5129,128816,-10373,-5634,134977,124,19215,508,0,8678,0.0009979999999991662
19371000,-5998,-10703,123882,-7910,-10376,125558,94,19215,508,0,8679,0.0010000000000012221
19372000,2511,3799,129552,-8759,3105,129002,106,19224,385,0,8680,0.0010000000000012221
19373001,-4496,6508,127883,-2420,4007,118309,106,19227,434,1,8681,0.0010009999999986974
19374000,-5384,13669,129906,-10752,13376,126186,143,19227,586,1,8682,0.0009990000000001942
19375000,-7527,-4420,126705,-19319,-5882,126964,120,19225,491,1,8683,0.0010000000000012221
19376000,-1431,6740,126122,-1782,4799,126767,103,19229,422,0,8684,0.0009999999999976694
19377000,2251,5774,128956,8493,-8843,122767,118,19229,422,0,8685,0.0010000000000012221
19378000,-946,-4220,121843,-10223,-267,121880,117,19231,483,0,8686,0.0010000000000012221
19379000,3897,6940,129045,-6367,2085,131375,117,19232,479,0,8687,0.0009999999999976694
19380000,-2581,9589,124534,5394,5799,115304,121,19222,496,1,8688,0.0010000000000012221
19381000,-1098,16812,126143,-9770,2039,127869,143,19228,586,1,8689,0.0010000000000012221
19382000,-2207,-1402,124220,-2787,3694,121685,104,19229,426,1,8690,0.0009999999999976694
19383000,10741,10543,125020,13381,1944,123449,110,19229,451,0,8691,0.0010000000000012221
19384000,8626,-2140,123415,6745,-8024,126611,100,19226,451,0,8692,0.0010000000000012221
19385000,7415,-4100,127779,-1477,-5381,126432,113,19236,410,0,8693,0.0009999999999976694
19386000,5569,-4374,125044,9991,-8691,130685,113,19226,463,0,8694,0.0010000000000012221
19387000,1376,6006,127873,120,17951,116864,137,19225,561,1,8695,0.0010000000000012221
19388002,3262,5463,128721,7181,5590,134817,114,19229,467,1,8696,0.0010019999999997253
19389000,7751,10605,125998,4162,-2468,112507,96,19229,393,1,8697,0.0009979999999991662
19390000,11897,11579,125203,-690,-10052,129677,151,19229,393,0,8698,0.0010000000000012221
19391000,10088,-7537,129091,20422,-10463,132674,105,19233,618,0,8699,0.0009999999999976694
19392000,6012,-6732,128512,5279,-13578,129180,105,19229,430,0,8700,0.0010000000000012221
19393001,1767,-4923,129791,-15966,-1472,134700,108,19224,442,1,8701,0.0010009999999986974
19394000,451,13088,131269,10660,9715,119587,123,19225,504,1,8702,0.0009990000000001942
19395000,2348,11822,130206,6561,6878,128500,108,19225,442,1,8703,0.0010000000000012221
19396000,3446,2105,127495,-9104,-8492,125256,109,19229,442,1,8704,0.0010000000000012221
19397000,10160,-11585,128168,14244,-19570,135282,100,19219,446,0,8705,0.0009999999999976694
19398000,7379,2084,130724,16585,-6136,123959,100,19231,410,0,8706,0.0010000000000012221
19399000,1771,-1056,127965,-21336,-7244,128333,107,19227,438,0,8707,0.0009999999999976694
19400000,1714,-955,135238,-4011,9753,130701,126,19220,516,1,8708,0.0010000000000012221
19401000,-5984,6234,132303,5759,-2303,127254,112,19230,459,1,8709,0.0010000000000012221
19402000,-5504,-174,129331,-17005,-7495,133157,97,19230,459,1,8710,0.0009999999999976694
19403000,-664,-953,131127,-10836,-7248,129473,139,19228,397,0,8711,0.0010000000000012221
19404000,-234,-10033,126927,8947,-6127,132576,139,19229,569,0,8712,0.0010000000000012221
19405000,1679,6399,131271,-6479,10854,122217,107,19228,438,0,8713,0.0009999999999976694
19406001,-8149,1909,130231,-20349,-6278,133168,113,19223,463,1,8714,0.00100100000000225
19407000,-5912,3517,129256,-4372,5028,131269,141,19228,577,1,8715,0.0009990000000001942
19408001,-8285,8551,130951,-11338,3616,127664,111,19228,577,1,8716,0.0010009999999986974
19409002,-3915,7456,129495,-11938,8232,124878,105,19230,455,1,8717,0.0010009999999986974
19410002,-2960,4245,129331,-2233,-3786,126091,105,19224,430,0,8718,0.0010000000000012221
19411000,-4521,-8215,125369,-6257,-11488,134399,133,19233,545,0,8719,0.0009979999999991662
19412000,-948,3472,126911,-3313,7349,122163,107,19227,438,0,8720,0.0010000000000012221
19413000,-7969,3686,127402,-12584,5680,121060,121,19220,496,1,8721,0.0010000000000012221
19414000,-4485,12865,130138,-8545,7420,129676,114,19220,496,1,8722,0.0009999999999976694
19415000,-9112,-937,125761,-5327,-828,124690,104,19228,467,1,8723,0.0010000000000012221
19416000,-2063,10748,127755,-12265,11257,121037,104,19230,426,0,8724,0.0010000000000012221
19417001,1222,144,123201,3177,-6246,124425,131,19228,537,0,8725,0.0010009999999986974
19418000,2468,44,124889,-1651,-3915,129447,104,19230,426,0,8726,0.0009990000000001942
19419000,3248,-3332,125092,-7752,-5268,124471,111,19231,455,0,8727,0.0010000000000012221
19420000,-4014,14419,128229,1484,15072,117652,151,19231,455,1,8728,0.0009999999999976694
19421000,-1293,12832,126971,-4916,9571,132010,113,19234,618,1,8729,0.0010000000000012221
19422000,530,1368,123709,-1548,1049,120694,113,19235,463,1,8730,0.0010000000000012221
19423000,7601,9405,123580,7900,-4632,126434,98,19224,401,0,8731,0.0009999999999976694
19424000,6960,5421,121016,3316,-1677,117013,97,19226,397,0,8732,0.0010000000000012221
19425000,9556,-1695,126514,9919,-17012,136638,115,19229,471,0,8733,0.0010000000000012221
19426000,6810,-17406,124639,4512,-1799,126670,123,19229,471,1,8734,0.0009999999999976694
19427000,2172,12888,128334,214,20301,116223,108,19217,504,1,8735,0.0010000000000012221
19428000,3612,13686,129030,5011,3123,128002,108,19229,442,1,8736,0.0010000000000012221
19429000,7653,2746,125028,8426,-9052,126828,101,19228,414,1,8737,0.0009999999999976694
19430000,10058,-9075,124296,2457,-5740,132685,123,19223,504,0,8738,0.0010000000000012221
19431000,10097,-1126,128749,12099,-2263,122884,108,19228,442,0,8739,0.0009999999999976694
19432002,5647,534,128114,5565,-7217,127186,112,19228,459,0,8740,0.001002000000003278
19433000,4603,3187,131013,-6871,-825,129665,142,19227,459,1,8741,0.0009979999999991662
19434000,-1570,5914,130237,5108,1627,127937,114,19226,582,1,8742,0.0009999999999976694
19435000,886,2775,129189,2847,6969,125760,114,19230,467,1,8743,0.0010000000000012221
19436000,3643,15285,131380,-1504,-6153,123219,100,19224,410,0,8744,0.0010000000000012221
19437001,12316,-13951,125447,11558,-21108,135896,139,19228,569,0,8745,0.0010009999999986974
19438000,9841,-5102,131952,11451,-4263,130917,106,19228,434,0,8746,0.0009990000000001942
19439001,1291,-6291,127962,-14155,-5013,124219,110,19228,434,0,8747,0.0010009999999986974
19440000,-700,15238,133424,-13510,12339,126560,130,19223,451,1,8748,0.0009990000000001942
19441000,-5108,6797,133077,6024,-2210,129838,130,19236,532,1,8749,0.0010000000000012221
19442001,-6118,-1444,130246,-7407,-11052,132256,103,19231,422,1,8750,0.0010009999999986974
19443000,-703,-6376,128300,-20051,-6745,129576,111,19220,455,0,8751,0.0009990000000001942
19444000,-2203,-1684,130187,7579,-4038,126726,97,19220,397,0,8752,0.0010000000000012221
19445000,3535,7766,131463,1247,2653,124321,111,19227,397,0,8753,0.0010000000000012221
19446000,-8766,1354,131816,-23417,-7632,136842,138,19231,455,1,8754,0.0009999999999976694
19447000,-8298,-5858,131431,-16986,2219,131334,138,19225,565,1,8755,0.0010000000000012221
19448001,-10787,14661,132453,2172,3777,123323,115,19232,471,1,8756,0.0010009999999986974
19449000,-4456,7480,127712,-5784,717,128563,99,19227,405,1,8757,0.0009990000000001942
19450002,-3939,-1106,128887,-16566,-7508,129389,153,19224,627,0,8758,0.0010019999999997253
19451000,-3997,-7908,124259,-4954,-5406,126754,109,19224,627,0,8759,0.000998000000002719
19452000,1119,9441,128195,-3364,7117,124602,110,19228,446,0,8760,0.0009999999999976694
19453000,-4107,11166,127415,-8478,4823,123939,110,19223,451,1,8761,0.0010000000000012221
19454000,-7325,8172,126926,-14382,5460,125712,132,19229,541,1,8762,0.0010000000000012221
19455000,-4054,1352,127443,-10924,-2150,130428,110,19228,451,1,8763,0.0009999999999976694
19456000,945,7676,127192,4419,7757,119448,112,19221,459,0,8764,0.0010000000000012221
19457000,2132,1547,124971,-4425,-8978,127265,86,19221,459,0,8765,0.0010000000000012221
19458001,-838,-8660,123110,-6175,-7515,127019,106,19228,352,0,8766,0.0010009999999986974
19459000,166,6936,126226,-8689,9288,131033,106,19227,434,0,8767,0.0009990000000001942
19460000,-1537,7712,124818,733,8419,115827,124,19220,508,1,8768,0.0010000000000012221
19461000,-3493,18774,127565,4324,10487,120970,113,19228,463,1,8769,0.0009999999999976694
19462000,2358,5984,125902,-5677,-5962,127990,97,19232,397,1,8770,0.0010000000000012221
19463000,11902,2523,123665,6901,2321,120475,131,19232,397,0,8771,0.0009999999999976694
19464000,9868,2653,126454,18001,-1290,129225,114,19230,537,0,8772,0.0010000000000012221
19465000,6868,-1765,123752,1576,-5205,125923,114,19230,467,0,8773,0.0010000000000012221
19466003,4496,-5463,126962,806,-9584,137487,113,19226,463,1,8774,0.0010030000000007533
19467000,518,2582,128243,3661,5624,117443,136,19229,557,1,8775,0.0009969999999981383
19468000,4960,16026,127018,2577,17471,119417,112,19231,459,1,8776,0.0010000000000012221
19469002,7394,5208,125877,6666,2167,122249,105,19231,459,1,8777,0.0010019999999997253
19470000,12728,-1083,125460,4255,-6056,134034,105,19224,430,0,8778,0.0009979999999991662
19471002,10015,-14882,128837,12156,-16785,128870,105,19232,430,0,8779,0.0010019999999997253
19472000,5600,-7436,126879,8710,-1960,126326,101,19231,414,0,8780,0.0009979999999991662
19473000,1295,3692,131613,-6438,12342,127256,114,19225,467,1,8781,0.0010000000000012221
19474000,-383,18196,131635,4419,6917,126406,113,19229,463,1,8782,0.0010000000000012221
19475000,849,-4146,126447,3853,-3040,132718,103,19229,422,1,8783,0.0009999999999976694
19476000,5078,1937,131541,-1576,-3274,122760,134,19230,422,0,8784,0.0010000000000012221
19477000,8720,-9213,126802,19996,-14510,132326,98,19225,549,0,8785,0.0010000000000012221
19478000,5118,-8651,128377,4730,-10784,134939,98,19229,401,0,8786,0.0009999999999976694
19479000,2186,-1889,129980,-23862,5692,126271,101,19228,414,0,8787,0.0010000000000012221
19480000,-2819,20753,134636,2992,10416,118105,152,19228,623,1,8788,0.0010000000000012221
19481000,-9063,10885,131468,3093,-1099,130247,113,19228,463,1,8789,0.0009999999999976694
19482000,-5508,-11467,129470,-21079,-20162,143335,103,19229,463,1,8790,0.0010000000000012221
19483000,3189,-11870,128977,-1225,-8673,121623,120,19226,422,0,8791,0.0010000000000012221
19484001,914,8445,130700,4473,4645,122520,120,19230,491,0,8792,0.0010009999999986974
19485000,-382,8421,131389,-11358,-867,128376,109,19228,446,0,8793,0.0009990000000001942
19486000,-7838,612,132365,-18469,-6442,131280,120,19219,491,1,8794,0.0010000000000012221
19487000,-9311,-1442,128874,-11080,-1482,138910,111,19219,455,1,8795,0.0009999999999976694
19488000,-10988,14355,131621,-3687,18717,111496,104,19229,455,1,8796,0.0010000000000012221
19489000,-2171,17465,129331,-12773,1657,125166,126,19231,426,1,8797,0.0010000000000012221
19490000,-1479,-10230,126099,-9179,-13020,135707,126,19216,516,0,8798,0.0009999999999976694
19491000,-1166,-10624,126120,-1704,-10138,130352,97,19230,397,0,8799,0.0010000000000012221
19492000,615,10934,127389,-9024,4243,120132,104,19227,426,0,8800,0.0010000000000012221
19493002,-6068,16005,129073,-8598,11211,122070,142,19228,582,1,8801,0.0010019999999997253
19494000,-8612,5838,129361,-7366,758,134943,119,19228,582,1,8802,0.0009979999999991662
19495000,-6011,34,125690,-12722,-4584,124325,103,19231,487,1,8803,0.0009999999999976694
19496000,524,7845,126086,-349,2607,121033,103,19223,422,0,8804,0.0010000000000012221
19497000,-2320,9126,125729,4963,-3434,125569,121,19232,496,0,8805,0.0010000000000012221
19498003,1412,-3046,122314,-7954,-3879,128839,108,19231,442,0,8806,0.0010030000000007533
19499000,1466,4693,126541,-1654,6915,128094,113,19223,463,1,8807,0.0009969999999981383
19500000,-2590,9659,126226,-122,8882,120079,141,19223,463,1,8808,0.0010000000000012221
19501000,1332,14917,125391,-5928,8388,121390,105,19228,577,1,8809,0.0009999999999976694
19502000,2259,2616,125740,2423,-6217,131480,105,19232,430,1,8810,0.0010000000000012221
19503005,10015,-1107,122617,10797,-5148,123075,113,19227,463,0,8811,0.0010049999999992565
19504002,9484,5308,125933,3735,-1258,123637,97,19233,397,0,8812,0.000997000000001691
19505002,6780,-2103,126192,4104,-8317,127194,114,19224,467,0,8813,0.0009999999999976694
19506000,3793,5396,125280,17073,7833,125942,137,19224,467,1,8814,0.000998000000002719
19507000,-1051,6797,126694,-13655,10462,124835,117,19223,561,1,8815,0.0009999999999976694
19508000,6977,11145,128807,3789,7549,124540,117,19233,479,1,8816,0.0010000000000012221
19509000,7474,7027,125393,23384,5038,122964,100,19227,410,0,8817,0.0010000000000012221
19510000,11984,1686,126392,-8865,-2260,123635,151,19235,618,0,8818,0.0009999999999976694
19511000,11069,-11737,128093,12195,-17247,135817,106,19231,434,0,8819,0.0010000000000012221
19512002,5053,-8116,128008,9844,-9342,127168,107,19231,434,0,8820,0.0010019999999997253
19513000,5040,7512,131866,-7948,5173,125087,131,19227,438,1,8821,0.0009979999999991662
19514000,-2359,14653,131279,4651,10102,124900,131,19229,537,1,8822,0.0010000000000012221
19515000,3553,4430,127768,229,3023,131322,107,19228,438,1,8823,0.0010000000000012221
19516000,6551,-3941,127318,2987,-7565,127629,113,19220,463,0,8824,0.0009999999999976694
19517000,9431,-2269,129831,8300,-7491,128679,107,19234,438,0,8825,0.0010000000000012221
19518000,6561,7188,128595,13693,-7312,128682,107,19234,438,0,8826,0.0010000000000012221
19519000,-2407,-6261,133314,-15737,-5584,133697,126,19230,438,1,8827,0.0009999999999976694
19520003,2959,-2326,133664,6863,-2306,132403,112,19218,516,1,8828,0.0010030000000007533
19521002,-12210,5317,129640,2542,11143,121968,112,19229,459,1,8829,0.0009990000000001942
19522000,-2379,9856,131422,-26872,-3025,126726,99,19229,405,1,8830,0.0009979999999991662
19523000,679,-5966,128586,1730,-18512,136080,141,19231,577,0,8831,0.0010000000000012221
19524000,4726,-7665,128116,7945,1526,125803,107,19231,438,0,8832,0.0009999999999976694
19525000,-3846,5779,130578,-21571,2289,126462,113,19227,438,0,8833,0.0010000000000012221
19526000,-6512,4156,130595,-15593,6479,126454,137,19224,463,1,8834,0.0010000000000012221
19527000,-7899,5892,131338,-4953,-1642,137619,137,19230,561,1,8835,0.0009999999999976694
19528000,-7628,-893,127625,-10524,2748,126566,114,19232,467,1,8836,0.0010000000000012221
19529002,-3142,8075,129512,-8318,6730,121694,105,19225,430,0,8837,0.0010019999999997253
19530002,-4884,5083,125833,-11435,-6688,131108,138,19225,565,0,8838,0.0010000000000012221
19531000,765,-5586,126501,-252,-5685,133356,113,19231,565,0,8839,0.0009979999999991662
19532000,-3459,-1166,128053,-8624,-267,127392,122,19233,463,0,8840,0.0010000000000012221
19533000,-8101,6578,126732,-15077,18803,118229,122,19222,500,1,8841,0.0009999999999976694
19534000,-5092,17016,127828,-8750,6383,128388,116,19227,475,1,8842,0.0010000000000012221
19535000,-4863,-2063,126176,-545,-7620,133588,106,19230,434,1,8843,0.0010000000000012221
19536000,-623,1530,123565,-4882,5733,116641,131,19231,537,0,8844,0.0009999999999976694
19537000,-1337,8957,127825,-3030,1947,123682,105,19231,537,0,8845,0.0010000000000012221
19538000,3052,-3917,124455,5284,-9727,129813,110,19227,430,0,8846,0.0010000000000012221
19539000,-40,-1320,127656,-7310,-4361,130123,110,19229,451,1,8847,0.0009999999999976694
19540000,-3974,10584,126432,-5575,15071,120202,149,19224,610,1,8848,0.0010000000000012221
19541000,-1072,17288,128422,-694,12244,118958,110,19232,451,1,8849,0.0010000000000012221
19542000,5583,4926,121849,2671,1197,128789,96,19230,393,0,8850,0.0009999999999976694
19543000,9663,-3821,123080,7204,-11936,126698,103,19230,393,0,8851,0.0010000000000012221
19544000,9224,-2418,122487,6543,-4879,123248,114,19232,422,0,8852,0.0010000000000012221
19545000,5226,1206,126337,3319,-5331,125280,114,19226,467,0,8853,0.0009999999999976694
19546000,3852,2302,128055,1441,2663,126944,120,19221,491,1,8854,0.0010000000000012221
19547000,3419,8976,129743,890,4545,127046,109,19229,446,1,8855,0.0010000000000012221
19548003,4913,6062,126152,7165,1309,127049,99,19228,405,1,8856,0.0010029999999972006
19549000,7419,1928,125160,6731,-2233,122168,117,19228,405,0,8857,0.000997000000001691
19550000,10797,610,126676,1954,-2700,126204,97,19223,479,0,8858,0.0010000000000012221
19551000,11080,-12052,126869,14674,-15398,136105,97,19230,397,0,8859,0.0009999999999976694
19552000,4385,-3668,127444,2088,493,124901,106,19228,434,1,8860,0.0010000000000012221
19553000,1940,13535,131477,-11315,13940,129006,136,19239,557,1,8861,0.0010000000000012221
19554000,3664,9462,127230,7329,2258,124091,111,19223,455,1,8862,0.0009999999999976694
19555000,4458,-461,128793,6190,-4294,131967,99,19223,455,1,8863,0.0010000000000012221
19556000,6870,-4955,129700,-6048,-13770,131881,155,19225,405,0,8864,0.0009999999999976694
19557000,9605,-8871,128550,16725,-10484,123070,155,19235,635,0,8865,0.0010000000000012221
19558000,4440,1707,131758,7451,-2330,136080,107,19229,438,0,8866,0.0010000000000012221
19559000,-154,-375,129385,-23930,1298,123375,112,19219,459,1,8867,0.0009999999999976694
19560000,-5389,17067,134117,-831,11063,136010,129,19230,528,1,8868,0.0010000000000012221
19561000,-5843,-1964,129900,7445,-7220,130311,102,19230,528,1,8869,0.0010000000000012221
19562000,-5335,-4043,129689,-17969,-5615,130015,108,19232,418,0,8870,0.0009999999999976694
19563000,2081,-8479,129223,-13194,-9286,126200,108,19223,442,0,8871,0.0010000000000012221
19564000,2487,7049,129367,12984,-4273,123627,102,19228,418,0,8872,0.0010000000000012221
19565000,-3803,3220,129307,-17249,1660,129309,115,19229,471,0,8873,0.0009999999999976694
19566000,-6265,1457,130245,-15278,430,132655,140,19222,573,1,8874,0.0010000000000012221
19567000,-5681,3335,130525,-2111,4908,127127,117,19222,479,1,8875,0.0010000000000012221
19568000,-7137,12387,130759,-11950,4325,123355,102,19230,479,1,8876,0.0009999999999976694
19569000,-3229,5029,129894,-7759,-15247,134726,152,19226,418,0,8877,0.0010000000000012221
19570000,-3216,146,125992,-268,-7114,123301,152,19227,623,0,8878,0.0010000000000012221
19571000,-5482,729,126457,-7778,2560,127203,109,19229,446,0,8879,0.0009999999999976694
19572000,-1631,7655,129386,-13749,7891,121908,109,19223,446,1,8880,0.0010000000000012221
19573002,-4987,13501,128216,-3067,4436,125794,131,19223,537,1,8881,0.0010019999999997253
19574000,-5954,2346,127007,-7964,-3422,130672,112,19224,537,1,8882,0.0009979999999991662
19575000,-3561,936,127224,-7458,8306,119836,112,19231,459,1,8883,0.0010000000000012221
19576000,-1783,-193,126627,3879,335,130360,112,19220,459,0,8884,0.0010000000000012221
19577000,3957,-485,127244,-791,-4257,121488,88,19230,360,0,8885,0.0009999999999976694
19578000,-1441,950,122402,-6757,-1003,124742,105,19222,430,0,8886,0.0010000000000012221
19579000,-1919,13337,127742,-4814,3935,124574,125,19222,512,1,8887,0.0010000000000012221
19580000,-1938,11399,124205,-1198,9358,119843,110,19230,512,1,8888,0.0009999999999976694
19581000,2070,9612,128496,2501,1470,132911,95,19223,451,1,8889,0.0010000000000012221
19582000,5355,603,122849,4616,2207,115855,95,19231,389,0,8890,0.0010000000000012221
19583000,8023,7229,123635,-1540,379,125057,138,19236,565,0,8891,0.0009999999999976694
19584000,10817,-5602,124386,16413,-7019,128598,105,19222,430,0,8892,0.0010000000000012221
19585000,6119,-2873,125460,5825,-7779,124989,110,19224,451,0,8893,0.0010000000000012221
19586000,3123,6967,127256,-8579,-278,127782,129,19224,451,1,8894,0.0009999999999976694
19587001,1627,14253,131627,4169,4011,119130,111,19225,528,1,8895,0.00100100000000225
19588000,6649,6398,127063,14733,-9730,137960,111,19234,455,1,8896,0.0009989999999966415
19589000,8645,1099,127323,-2122,-364,114307,104,19221,426,0,8897,0.0010000000000012221
19590000,8521,3612,127145,3722,-5743,128683,100,19230,410,0,8898,0.0010000000000012221
19591000,8930,-5227,128083,19929,-8701,128942,105,19225,430,0,8899,0.0009999999999976694
19592000,3023,-2062,127728,-3872,-7313,128964,116,19225,430,1,8900,0.0010000000000012221
19593000,1775,-222,130920,-8468,4019,132521,110,19224,475,1,8901,0.0010000000000012221
19594000,1438,19186,131721,10349,17737,117516,110,19229,451,1,8902,0.0009999999999976694
19595000,4803,-726,127658,1115,-10449,136593,99,19230,405,1,8903,0.0010000000000012221
19596000,8654,-7258,127093,-4609,-11131,125258,131,19224,537,0,8904,0.0010000000000012221
19597000,10557,-7427,129681,20475,-18132,133133,101,19232,414,0,8905,0.0009999999999976694
19598007,3053,-2190,128628,6919,-5946,128555,108,19232,414,0,8906,0.0010070000000013124
19599000,605,13770,134758,-28227,6818,123462,153,19232,442,1,8907,0.0009930000000011319
19600002,-6429,1903,131850,12091,930,139241,153,19238,627,1,8908,0.0010019999999997253
19601000,-7597,4521,128612,-3208,1649,118542,108,19231,442,1,8909,0.0009979999999991662
19602002,-2385,-4466,129709,-25084,-10704,135733,100,19224,410,0,8910,0.0010019999999997253
19603000,-1273,-2302,129238,6058,-1097,127246,119,19232,487,0,8911,0.0009979999999991662
19604000,4503,-2147,129835,2038,-7634,128822,112,19232,487,0,8912,0.0010000000000012221
19605000,-6256,1134,131697,-16390,719,132519,122,19232,459,0,8913,0.0010000000000012221
19606000,-5895,5226,130793,-15591,18,126288,122,19216,500,1,8914,0.0009999999999976694
19607000,-8363,9053,130714,-6265,8929,127530,111,19235,455,1,8915,0.0010000000000012221
19608000,-4526,12293,129926,-11340,9951,123205,104,19231,426,1,8916,0.0010000000000012221
19609001,-4776,2221,127095,-7756,-3272,129930,122,19219,500,0,8917,0.0010009999999986974
19610000,-4870,-5644,125628,-8737,-8574,122957,95,19219,389,0,8918,0.0009990000000001942
19611000,1416,3288,127948,-3764,-7362,134115,106,19230,389,0,8919,0.0010000000000012221
19612001,-2057,7885,128191,4018,5365,118448,106,19226,434,1,8920,0.0010009999999986974
19613000,-8857,9172,127003,-17081,5610,125312,143,19219,586,1,8921,0.0009990000000001942
19614000,-6644,4428,129998,-18081,4205,127801,118,19229,483,1,8922,0.0010000000000012221
19615000,-308,4876,124477,4424,1574,120610,104,19226,426,0,8923,0.0009999999999976694
19616000,583,-1343,124359,-10927,-6564,131417,113,19226,463,0,8924,0.0010000000000012221
19617001,3229,55,124184,-5356,-1095,119759,109,19232,463,0,8925,0.0010009999999986974
19618000,3036,1256,125487,468,4461,125894,117,19228,446,0,8926,0.0009990000000001942
19619000,1125,6603,127798,1747,7916,126002,117,19224,479,1,8927,0.0010000000000012221
19620000,-6009,12530,125858,-7304,7013,120077,141,19226,577,1,8928,0.0009999999999976694
19621000,-1527,11694,124715,-4780,5512,127919,105,19232,430,1,8929,0.0010000000000012221
19622000,6911,5213,124437,11663,-2176,121078,110,19232,451,0,8930,0.0010000000000012221
19623000,8553,-2389,124657,12208,-8678,127472,94,19227,451,0,8931,0.0009999999999976694
19624000,8732,4260,125829,-1435,-8681,123904,113,19230,385,0,8932,0.0010000000000012221
19625000,3604,-9033,125727,6805,-11573,136228,113,19227,463,1,8933,0.0010000000000012221
19626000,4276,-551,127523,3154,12148,121744,138,19227,565,1,8934,0.0009999999999976694
19627002,2893,20903,128847,-4188,15264,116828,115,19232,471,1,8935,0.0010019999999997253
19628000,7429,9148,125649,11707,-1970,129371,97,19226,397,1,8936,0.000998000000002719
19629000,11476,-3500,124515,3157,-7171,124159,149,19226,397,0,8937,0.0009999999999976694
19630000,10791,-6825,126544,9348,-11625,133805,102,19227,610,0,8938,0.0010000000000012221
19631000,8472,-7403,128550,12740,-4200,127157,102,19227,418,0,8939,0.0010000000000012221
19632002,3038,4993,130296,-12153,-3612,131824,108,19225,442,1,8940,0.0010019999999997253
19633000,-25,11514,129983,1052,7760,126886,127,19227,520,1,8941,0.0009979999999991662
19634000,-962,11597,130350,6430,7435,122911,109,19230,446,1,8942,0.0010000000000012221
19635000,7389,-5790,129308,-4993,-4346,130884,107,19230,446,1,8943,0.0009999999999976694
19636000,11701,2862,128236,9585,-9847,124966,101,19221,438,0,8944,0.0010000000000012221
19637000,10350,-8028,128734,12262,-14844,137317,101,19234,414,0,8945,0.0010000000000012221
19638000,2556,-11190,127746,-14050,-2980,126918,101,19230,414,0,8946,0.0009999999999976694
19639001,-442,14082,135375,-9384,9520,123996,126,19222,516,1,8947,0.00100100000000225
19640000,-5850,1493,132004,5934,-5241,137019,114,19227,467,1,8948,0.0009990000000001942
19641000,-8113,5793,131821,-12953,3490,123937,96,19227,467,1,8949,0.0009999999999976694
19642000,1345,-2266,128963,-16644,-12493,136260,138,19228,393,0,8950,0.0010000000000012221
19643000,1736,-5730,126910,11846,-1197,120812,138,19228,565,0,8951,0.0010000000000012221
19644001,-209,8246,132325,-5004,2390,123665,105,19229,430,0,8952,0.0010009999999986974
19645000,-5396,473,131782,-23314,-5053,130538,114,19224,467,1,8953,0.0009990000000001942
19646000,-8336,2236,132197,-5497,-197,131057,145,19232,594,1,8954,0.0010000000000012221
19647000,-7944,2054,130505,-11319,11368,131873,113,19232,594,1,8955,0.0009999999999976694
19648000,-6291,12943,129119,-12543,7160,114567,104,19231,463,1,8956,0.0010000000000012221
19649000,-2624,-4514,127412,-6507,-12015,137840,104,19222,426,0,8957,0.0009999999999976694
19650000,-2520,-7359,126072,-2037,-10690,131392,135,19232,553,0,8958,0.0010000000000012221
19651001,-2626,5830,128782,-1107,66,121209,105,19231,430,0,8959,0.00100100000000225
19652000,-5772,5286,128765,-14701,3485,129007,120,19222,491,1,8960,0.0009989999999966415
19653000,-7819,12966,128141,-10915,11638,118320,115,19222,491,1,8961,0.0010000000000012221
19654000,-6161,3167,128358,-4249,-5955,131569,105,19229,471,1,8962,0.0010000000000012221
19655000,-1958,5695,123443,-970,5610,111503,105,19230,430,0,8963,0.0009999999999976694
19656000,17,8739,126191,-11465,6191,132618,131,19227,537,0,8964,0.0010000000000012221
19657000,2895,-3063,124584,-288,-6634,121826,113,19229,463,0,8965,0.0010000000000012221
19658002,4581,-10,124681,-2316,-9701,134631,110,19225,451,0,8966,0.0010019999999997253
19659002,-2589,-1773,123715,-7433,21117,119207,153,19225,627,1,8967,0.0009999999999976694
19660000,-1776,13414,127562,3456,14161,118993,116,19228,627,1,8968,0.000998000000002719
19661000,4036,1463,125319,-828,-5138,137154,100,19224,475,1,8969,0.0009999999999976694
19662000,5915,3186,123212,4777,4149,113326,100,19224,410,0,8970,0.0010000000000012221
19663000,7156,5918,124737,3550,-7144,129132,97,19230,397,0,8971,0.0010000000000012221
19664003,5270,-3057,124357,9958,-3952,122814,112,19226,459,0,8972,0.0010029999999972006
19665000,6876,-495,128074,870,-10176,134697,118,19226,483,1,8973,0.000997000000001691
19666000,2649,-1009,127403,-3502,10341,122185,107,19222,483,1,8974,0.0010000000000012221
19667000,3994,20745,129273,5926,12866,117774,101,19230,438,1,8975,0.0009999999999976694
19668005,7727,-448,124697,9805,-2373,134359,101,19232,414,1,8976,0.0010050000000028092
19669000,10296,-6581,124792,2483,-545,122474,120,19227,491,0,8977,0.000994999999999635
19670000,10963,-7300,126755,12075,-19509,138229,93,19232,381,0,8978,0.0009999999999976694
19671000,4204,614,129811,5844,-2366,116490,101,19232,414,0,8979,0.0010000000000012221
19672001,6834,4251,129366,-940,2511,133651,133,19227,414,1,8980,0.0010009999999986974
19673000,-2241,5191,132591,102,5259,130708,114,19227,545,1,8981,0.0009990000000001942
19674003,173,11448,128065,280,-1062,121999,114,19232,467,1,8982,0.0010030000000007533
19675000,5819,444,127395,3624,-4738,132461,101,19225,414,0,8983,0.000997000000001691
19676000,7903,-4590,129625,2986,-9234,125283,148,19230,606,0,8984,0.0009999999999976694
19677000,10550,-11799,127590,22176,-8297,135102,105,19229,430,0,8985,0.0010000000000012221
19678000,167,-2444,130759,-10051,-5128,129331,109,19229,430,0,8986,0.0010000000000012221
19679000,-1665,6473,130554,-21774,9301,125489,134,19222,446,1,8987,0.0009999999999976694
19680000,-5007,18766,133520,6181,4811,125939,134,19228,549,1,8988,0.0010000000000012221
19681000,-3418,-1475,129803,1573,-9305,132284,105,19234,430,1,8989,0.0009999999999976694
19682000,-3181,-15399,127126,-22763,-20162,138434,111,19220,455,0,8990,0.0010000000000012221
19683000,-346,-1174,131777,535,-2600,118175,91,19230,373,0,8991,0.0010000000000012221
19684000,23,12973,132135,9738,8154,126268,109,19230,373,0,8992,0.0009999999999976694
19685001,-8067,8081,132909,-25528,1024,129470,137,19226,446,1,8993,0.00100100000000225
19686006,-11072,-61,129723,-15998,-8186,132004,137,19224,561,1,8994,0.0010049999999992565
19687000,-8235,6636,129860,-2315,4801,127859,117,19228,479,1,8995,0.0009939999999986071
19688000,-3982,15181,131676,-9153,11879,116820,100,19228,410,1,8996,0.0010000000000012221
19689000,-2904,4462,129568,-13758,-7554,130848,155,19229,635,0,8997,0.0010000000000012221
19690000,332,-13398,123545,-5192,-16576,132898,105,19229,635,0,8998,0.0009999999999976694
19691000,-3749,3345,127611,-3261,2225,126555,108,19233,430,0,8999,0.0010000000000012221
19692000,-2790,16100,127960,-12173,8004,117028,108,19223,442,1,9000,0.0010000000000012221
19693000,-10074,16155,128267,-9348,7970,125018,133,19229,545,1,9001,0.0009999999999976694
19694000,-3509,-5432,126799,-10853,-8868,140987,113,19228,463,1,9002,0.0010000000000012221
19695000,1028,8041,126203,4066,7843,111837,111,19225,455,0,9003,0.0010000000000012221
19696000,-1336,10590,124319,-3239,4611,127934,90,19225,455,0,9004,0.0009999999999976694
19697000,1753,-4944,122535,-5534,-5997,125503,108,19238,369,0,9005,0.0010000000000012221
19698000,360,-127,125785,-4903,-614,128699,108,19226,442,0,9006,0.0010000000000012221
19699000,1945,12074,125522,945,11794,125025,129,19225,528,1,9007,0.0009999999999976694
19700000,-6832,20351,127851,359,13646,115427,115,19231,471,1,9008,0.0010000000000012221
19701000,5378,593,124129,-8561,-3893,126652,99,19232,405,1,9009,0.0010000000000012221
19702000,10225,5296,124600,10145,1773,122160,137,19232,561,0,9010,0.0009999999999976694
19703000,11082,-3922,123737,15711,-9632,125212,115,19234,561,0,9011,0.0010000000000012221
19704000,5287,-2952,125183,2049,-8224,123955,117,19227,471,0,9012,0.0010000000000012221
19705000,1712,3416,128526,-2805,-10717,131682,117,19224,479,1,9013,0.0009999999999976694
19706000,5237,6540,129599,11124,10801,121104,136,19229,557,1,9014,0.0010000000000012221
19707000,-1078,15172,127531,1043,7534,123861,109,19232,446,1,9015,0.0010000000000012221
19708000,10337,3309,126531,-1937,-1224,124877,105,19232,430,0,9016,0.0009999999999976694
19709000,11447,467,125322,9225,-12743,127991,119,19222,430,0,9017,0.0010000000000012221
19710000,10728,-12914,123801,14622,-15795,136223,110,19225,487,0,9018,0.0010000000000012221
19711000,5656,513,129273,-9657,3682,119683,110,19230,451,0,9019,0.0009999999999976694
19712002,2786,7096,130867,-1903,2110,133080,118,19221,483,1,9020,0.0010019999999997253
19713002,2551,16305,134105,12633,4919,125561,110,19227,451,1,9021,0.0010000000000012221
19714001,-2666,8248,128883,-10223,-8956,127491,103,19227,422,1,9022,0.0009990000000001942
19715000,9678,-7890,128422,493,-9129,129190,132,19228,422,0,9023,0.0009990000000001942
19716000,8643,-8680,129571,21913,-7810,125724,104,19224,541,0,9024,0.0009999999999976694
19717001,8452,-5034,128443,3122,-11183,137107,104,19231,426,0,9025,0.00100100000000225
19718000,1522,12476,133007,-26025,6974,117821,106,19227,434,0,9026,0.0009990000000001942
19719000,-3378,6381,132417,-3485,1501,134571,145,19229,594,1,9027,0.0009999999999976694
19720000,-7099,1106,132557,11728,2923,130904,109,19229,446,1,9028,0.0010000000000012221
19721000,-4855,-6906,127443,-22661,-16038,129149,98,19229,446,1,9029,0.0010000000000012221
19722000,106,-5271,128520,-5914,-3251,130028,123,19224,401,0,9030,0.0009999999999976694
19723000,4000,4889,130390,5308,3616,120180,123,19231,504,0,9031,0.0010000000000012221
19724001,593,6307,130779,-7791,1895,130148,111,19228,455,0,9032,0.0010009999999986974
19725000,-8040,2029,131543,-19842,304,127257,121,19221,496,1,9033,0.0009990000000001942
19726000,-9376,447,129903,-12353,-3201,137259,112,19229,459,1,9034,0.0010000000000012221
19727000,-9820,8303,129009,-4197,14078,120954,106,19229,459,1,9035,0.0010000000000012221
19728000,-3374,13565,129613,-14513,4758,122491,125,19233,434,1,9036,0.0009999999999976694
19729000,-3544,-11941,127052,-3627,-9309,135884,125,19216,512,0,9037,0.0010000000000012221
19730000,-598,2584,126139,-5358,-7654,123013,101,19227,414,0,9038,0.0010000000000012221
19731001,-1415,-1541,126217,-17489,-686,133061,106,19225,434,0,9039,0.0010009999999986974
19732010,-3410,14848,130111,-2313,18279,114942,141,19226,577,1,9040,0.0010089999999998156
19733000,-6768,10425,128156,-9759,-1553,133754,117,19226,577,1,9041,0.0009900000000016007
19734000,-6692,-2753,125337,-14162,-2920,127424,104,19230,479,1,9042,0.0009999999999976694
19735002,-2054,5321,127640,600,197,123858,104,19228,426,0,9043,0.0010019999999997253
19736000,1371,1172,124042,2903,1782,123981,125,19233,512,0,9044,0.000998000000002719
19737001,467,7735,125491,-3833,3182,120999,109,19228,446,0,9045,0.0010009999999986974
19738000,-1078,3398,126013,-6067,2173,128597,112,19224,459,1,9046,0.0009990000000001942
19739000,-1682,12903,126233,-1073,10330,121170,134,19224,459,1,9047,0.0010000000000012221
19740000,-65,6962,126133,-2647,5952,130303,104,19229,549,1,9048,0.0009999999999976694
19741000,6100,-1884,124089,3954,7427,122770,104,19233,426,1,9049,0.0010000000000012221
19742000,9710,1635,123539,2874,-6696,123499,112,19230,459,0,9050,0.0010000000000012221
19743000,12248,-5667,123156,6208,-11013,131565,101,19228,414,0,9051,0.0009999999999976694
19744000,6429,-5440,124004,11042,-8544,123306,115,19230,471,0,9052,0.0010000000000012221
19745000,1085,2818,126754,1589,-131,125820,134,19230,471,1,9053,0.0009999999999976694
19746000,1795,15670,129895,-8652,12968,120410,113,19229,549,1,9054,0.0010000000000012221
19747000,5542,5731,127662,12265,695,129026,113,19231,463,1,9055,0.0010000000000012221
19748000,7798,440,124913,11185,-3033,118133,97,19230,397,0,9056,0.0009999999999976694
19749000,8443,8784,127689,-3435,4743,128923,150,19231,614,0,9057,0.0010000000000012221
19750000,9895,-11710,126751,12918,-14850,137758,105,19228,430,0,9058,0.0010000000000012221
19751000,5218,-8366,131117,6552,-11638,126912,108,19228,442,0,9059,0.0009999999999976694
19752000,2454,6558,130958,-9505,3481,128888,127,19224,442,1,9060,0.0010000000000012221
19753000,-88,12750,129803,4003,16157,116812,106,19229,520,1,9061,0.0010000000000012221
19754000,3499,5518,129436,6755,-9970,134169,106,19234,434,1,9062,0.0009999999999976694
19755000,9205,-12171,125932,-3109,-9455,129015,109,19214,446,0,9063,0.0010000000000012221
19756000,8247,-41,130121,9403,1758,121958,108,19230,442,0,9064,0.0010000000000012221
19757000,4878,-1147,130818,-1298,-12744,134679,112,19230,459,0,9065,0.0009999999999976694
19758000,-594,2384,132091,-17519,-3084,127278,126,19229,459,1,9066,0.0010000000000012221
19759000,-1738,111,131026,80,-143,137341,111,19215,516,1,9067,0.0010000000000012221
19760001,-7496,4750,131467,-1344,7696,121533,111,19231,455,1,9068,0.0010009999999986974
19761002,-369,5844,128536,-17783,-1327,126147,98,19227,401,1,9069,0.0010009999999986974
19762000,-898,-9135,128011,2568,-14056,140627,139,19230,569,0,9070,0.000998000000002719
19763002,4274,-5177,126763,2256,-925,124055,110,19226,451,0,9071,0.0010019999999997253
19764002,-5356,2332,130265,-14627,-3727,134105,110,19226,451,0,9072,0.0009999999999976694
19765002,-9044,10993,133027,-14473,11032,120365,140,19224,451,1,9073,0.0010000000000012221
19766000,-7003,8815,131399,-8206,-3984,136069,140,19231,573,1,9074,0.0009979999999991662
19767000,-8992,-2041,128764,-9244,2980,129904,111,19230,455,1,9075,0.0010000000000012221
19768002,-2805,14405,128375,-11012,2037,118226,106,19220,434,0,9076,0.0010019999999997253
19769002,-3889,-4318,125743,-7382,-4557,133803,133,19230,545,0,9077,0.0010000000000012221
19770001,1220,-218,127771,-2292,-4104,123035,105,19230,545,0,9078,0.0009990000000001942
19771003,-1760,-1588,127312,-9361,3111,129365,118,19227,430,0,9079,0.0010019999999997253
19772002,-6395,11721,128857,-10184,7995,124165,118,19226,483,1,9080,0.0009990000000001942
19773000,-8378,4844,125108,-11009,5751,124755,113,19232,463,1,9081,0.0009979999999991662
19774000,-3106,18446,128351,-9334,11952,120740,102,19231,418,1,9082,0.0009999999999976694
19775000,1600,2533,123887,6594,-3931,127305,130,19229,532,0,9083,0.0010000000000012221
19776001,484,-10728,125496,597,-17110,131056,101,19229,532,0,9084,0.00100100000000225
19777000,945,1025,127734,-4350,-5395,119511,107,19229,414,0,9085,0.0009989999999966415
19778000,-1689,11657,126636,6152,16682,124128,107,19225,438,1,9086,0.0010000000000012221
19779000,-3170,13710,129187,-8330,6893,127882,151,19228,618,1,9087,0.0010000000000012221
19780000,-1082,4130,122091,-5178,2712,121492,112,19230,459,1,9088,0.0009999999999976694
19781008,4177,7160,124458,4313,3554,127481,97,19223,397,0,9089,0.0010080000000023404
19782009,11242,2839,124190,9786,2664,118155,108,19223,397,0,9090,0.0010009999999986974
19783000,9456,555,124484,9271,-7063,128725,111,19233,442,0,9091,0.000990999999999076
19784002,7101,-14331,123566,-3113,-13431,135983,111,19226,455,0,9092,0.0010019999999997253
19785000,3390,6180,127892,4758,6432,118301,121,19220,496,1,9093,0.000998000000002719
19786000,2519,18040,130946,5898,6817,121240,110,19229,451,1,9094,0.0009999999999976694
19787000,4384,2093,126111,2761,-3300,130071,104,19231,426,1,9095,0.0010000000000012221
19788002,7448,-2412,126339,1167,-2187,131038,118,19231,426,0,9096,0.0010019999999997253
19789001,10366,-4334,127668,7563,-10276,119861,94,19227,483,0,9097,0.0009990000000001942
19790000,6214,-5530,125069,19485,-9080,127993,94,19230,385,0,9098,0.0009990000000001942
19791001,2198,-1338,132166,-11484,-6547,132180,104,19226,426,1,9099,0.0010009999999986974
19792000,2868,8540,129918,-3767,8091,126307,137,19227,561,1,9100,0.0009990000000001942
19793000,-1056,8933,129961,12570,3335,129925,117,19230,479,1,9101,0.0010000000000012221
19794001,2921,6340,128504,-6689,2389,120269,99,19230,405,1,9102,0.0010009999999986974
19795000,10043,-14432,127099,-1067,-25894,136912,156,19223,405,0,9103,0.0009990000000001942
19796000,9276,-7039,129397,22706,-6206,124419,113,19227,639,0,9104,0.0010000000000012221
19797001,4921,-1995,128453,-2665,-7216,126980,113,19229,463,0,9105,0.0010009999999986974
19798000,-3359,9380,132430,-18759,6964,124605,114,19223,467,1,9106,0.0009990000000001942
19799000,-2376,7018,131740,-4790,675,133318,136,19226,557,1,9107,0.0010000000000012221
19800000,-8595,-2653,130812,8840,-7919,132190,105,19226,430,1,9108,0.0010000000000012221
19801000,-125,1532,128157,-19789,-2023,123838,113,19231,430,0,9109,0.0009999999999976694
19802000,-1173,-1007,129644,-8014,-6818,134842,91,19218,463,0,9110,0.0010000000000012221
19803000,6914,500,128070,9228,-1795,122351,91,19231,373,0,9111,0.0010000000000012221
19804000,-6426,7743,130826,-21623,-5721,135210,109,19227,446,0,9112,0.0009999999999976694
19805000,-7678,-65,130859,-12444,3380,126104,137,19227,561,1,9113,0.0010000000000012221
19806002,-8310,13778,132736,-5972,6385,125546,119,19227,487,1,9114,0.0010019999999997253
19807000,-6288,4241,130017,-11181,-1935,132062,104,19230,487,1,9115,0.0009979999999991662
19808000,-622,3483,128416,-6770,-2445,123017,153,19228,426,0,9116,0.0010000000000012221
19809000,-4378,-8719,126184,-7393,-8019,132694,153,19222,627,0,9117,0.0009999999999976694
19810000,-715,398,127276,-6624,8782,117204,104,19241,426,0,9118,0.0010000000000012221
19811000,-4722,13223,127906,-12126,-1488,128402,106,19224,434,1,9119,0.0010000000000012221
19812000,-4685,12424,129216,-4949,680,122454,135,19224,553,1,9120,0.0009999999999976694
19813000,-7433,5007,124617,-15887,3679,125467,115,19224,553,1,9121,0.0010000000000012221
19814000,614,3859,128652,-3222,4046,129192,111,19223,471,1,9122,0.0010000000000012221
19815000,1881,7020,124893,5770,-644,118700,111,19220,455,0,9123,0.0009999999999976694
19816000,4026,-5036,122655,-13543,-6857,131577,86,19227,352,0,9124,0.0010000000000012221
19817000,1046,2037,127067,-6011,6192,119338,109,19230,446,0,9125,0.0010000000000012221
19818000,174,9116,125924,7256,1243,128259,127,19219,520,1,9126,0.0009999999999976694
19819000,-6149,8696,126183,-5467,8821,125014,114,19219,520,1,9127,0.0010000000000012221
19820000,-2218,10695,126822,-11720,-241,123463,99,19229,467,1,9128,0.0010000000000012221
19821001,8565,11372,124593,14261,9654,118410,99,19229,405,0,9129,0.0010009999999986974
19822000,9033,7573,124631,6914,-60,123526,135,19232,553,0,9130,0.0009990000000001942
19823000,9165,-15786,123715,2408,-12789,131682,109,19230,446,0,9131,0.0010000000000012221
19824000,6576,753,126214,3835,-871,122411,110,19225,451,0,9132,0.0009999999999976694
19825000,5249,4584,126771,-959,3325,127095,142,19225,451,1,9133,0.0010000000000012221
19826000,3033,14526,131725,5612,11878,123820,113,19227,582,1,9134,0.0010000000000012221
19827000,6368,3663,125781,938,559,124792,113,19230,463,1,9135,0.0009999999999976694
19828000,9693,-3020,125117,7425,-5145,128447,103,19223,422,0,9136,0.0010000000000012221
19829000,8109,-1717,127136,8331,-9119,126844,117,19233,479,0,9137,0.0010000000000012221
19830000,9591,-1351,126235,12595,-6657,124979,105,19228,430,0,9138,0.0009999999999976694
19831000,1986,3824,131253,-2841,-43,129679,116,19228,430,1,9139,0.0010000000000012221
19832000,2555,7901,132177,-4659,5376,125831,113,19223,475,1,9140,0.0010000000000012221
19833000,-549,9762,131340,6980,6462,127808,113,19230,463,1,9141,0.0009999999999976694
19834000,4489,-2247,127658,-5883,-4249,128150,104,19231,426,1,9142,0.0010000000000012221
19835000,10245,-13650,127330,4789,-9044,132022,130,19224,532,0,9143,0.0010000000000012221
19836000,10779,-4838,128753,20417,-9637,127577,102,19227,418,0,9144,0.0009999999999976694
19837000,4483,-7431,127861,-8466,-11936,133534,105,19227,430,0,9145,0.0010000000000012221
19838000,-450,3489,132889,-15533,3568,125377,145,19227,430,1,9146,0.0009999999999976694
19839000,-7454,16049,133344,3007,10074,128481,113,19227,594,1,9147,0.0010000000000012221
19840000,-5073,642,129714,-6393,-3826,131979,113,19231,463,1,9148,0.0010000000000012221
19841000,-4861,-6107,129596,-15582,-8638,131887,101,19225,414,0,9149,0.0009999999999976694
19842000,4307,-7062,127638,-2519,-8027,122312,125,19231,512,0,9150,0.0010000000000012221
19843000,733,8407,130425,6771,5137,127158,110,19231,451,0,9151,0.0010000000000012221
19844000,-3291,-518,131645,-15388,-3985,132595,120,19230,451,0,9152,0.0009999999999976694
19845000,-7037,-2245,130311,-19346,-6614,133630,117,19220,491,1,9153,0.0010000000000012221
19846001,-10110,7411,131641,-4952,9619,123698,117,19228,479,1,9154,0.0010009999999986974
19847000,-5249,16354,129679,-6972,9443,121059,105,19231,430,1,9155,0.0009990000000001942
19848000,-4532,-6503,126918,-12644,-6625,130786,120,19217,491,0,9156,0.0010000000000012221
19849000,-1430,-13111,124354,-8360,-10264,131060,90,19217,369,0,9157,0.0010000000000012221
19850001,-409,3066,127470,-534,12986,118848,106,19225,369,0,9158,0.0010009999999986974
19851000,-4989,14071,129871,-8290,6552,123061,139,19226,434,1,9159,0.0009990000000001942
19852000,-7520,6111,129104,-15834,-4119,133468,139,19225,569,1,9160,0.0010000000000012221
19853000,-8138,-2769,126596,-7762,285,127087,118,19235,483,1,9161,0.0009999999999976694
19854000,-957,10148,128268,3165,10375,119345,101,19229,414,0,9162,0.0010000000000012221
19855000,1055,7119,125683,-1900,-3038,123389,131,19234,537,0,9163,0.0010000000000012221
19856004,2326,-7175,122791,-6994,-9915,130846,111,19234,537,0,9164,0.0010039999999982285
19857000,2947,-1502,125116,-3859,5249,125556,116,19227,455,0,9165,0.000996000000000663
19858000,-1550,10470,125522,2652,6401,122082,116,19224,475,1,9166,0.0010000000000012221
19859000,-4301,25021,126440,-8466,15083,118068,137,19229,561,1,9167,0.0009999999999976694
19860003,508,4544,125283,-2828,-4527,129896,103,19229,422,1,9168,0.0010030000000007533
19861002,9102,-3988,124723,14704,-6946,127626,109,19222,446,0,9169,0.0009990000000001942
19862000,8268,5310,124106,7064,-814,118237,97,19222,446,0,9170,0.0009979999999991662
19863001,7803,-2476,125201,918,-5758,127314,115,19227,397,0,9171,0.00100100000000225
19864000,5613,2512,126745,9804,-1517,127654,115,19225,471,1,9172,0.0009990000000001942
19865000,3802,-1632,126177,-1672,81,128277,133,19225,545,1,9173,0.0009999999999976694
19866000,3616,13085,129194,2886,18051,120919,112,19229,459,1,9174,0.0010000000000012221
19867000,7136,8564,125778,7139,88,124939,95,19229,389,1,9175,0.0009999999999976694
19868000,13088,-812,124027,6920,-637,129300,147,19229,389,0,9176,0.0010000000000012221
19869000,11484,-4598,126058,12859,-11275,131834,106,19228,602,0,9177,0.0010000000000012221
19870000,6870,-15503,126365,8047,-16845,134118,106,19228,434,0,9178,0.0009999999999976694
19871000,3604,12538,130879,-6578,10150,119715,106,19224,434,1,9179,0.0010000000000012221
19872000,93,8083,131297,6093,4865,130324,125,19229,512,1,9180,0.0010000000000012221
19873000,394,11848,131636,-805,5905,126177,108,19225,442,1,9181,0.0009999999999976694
19874000,2820,1758,128057,-6322,-5672,126986,107,19225,442,1,9182,0.0010000000000012221
19875002,11314,-8580,127250,15464,-10029,131030,119,19222,438,0,9183,0.0010019999999997253
19876002,8000,-3850,129884,12988,-7702,127830,119,19235,487,0,9184,0.0010000000000012221
19877000,3348,-8273,129693,-14705,-9379,133803,109,19222,446,0,9185,0.0009979999999991662
19878000,2555,12583,134157,-7738,12597,125278,120,19217,491,1,9186,0.0010000000000012221
19879002,-9486,6473,132457,6332,4561,127586,110,19229,451,1,9187,0.0010019999999997253
19880000,-7045,3285,130779,-11117,-3393,129872,98,19229,451,1,9188,0.0009979999999991662
19881000,-695,-11682,128252,-12097,-18696,138649,138,19230,401,0,9189,0.0010000000000012221
19882000,238,-9971,129244,5848,-4076,128181,138,19229,565,0,9190,0.0009999999999976694
19883000,713,16060,133035,-3130,7530,115162,107,19228,438,0,9191,0.0010000000000012221
19884000,-8149,-1061,129486,-12414,-5784,138002,109,19223,446,1,9192,0.0010000000000012221
19885000,-8578,-1513,130340,-13171,-776,131428,141,19233,577,1,9193,0.0009999999999976694
19886000,-9442,9887,129981,-13615,8148,125470,111,19233,455,1,9194,0.0010000000000012221
19887001,-4948,15662,129503,-9129,13821,122346,105,19226,455,1,9195,0.0010009999999986974
19888000,-1786,348,128443,-5371,-7400,126437,139,19224,430,0,9196,0.0009990000000001942
19889000,-3380,-15698,124390,-5597,-20534,127690,139,19231,569,0,9197,0.0010000000000012221
19890000,-2920,3368,128515,-11848,2673,120865,106,19225,434,0,9198,0.0010000000000012221
19891000,-5543,13763,130117,-10410,7278,127868,116,19222,475,1,9199,0.0009999999999976694
19892003,-5526,15075,128771,-4807,5819,121561,111,19224,455,1,9200,0.0010030000000007533
19893002,-11263,5210,127424,-13258,-8500,132134,103,19224,455,1,9201,0.0009990000000001942
19894000,-2303,3730,126397,-10964,2986,126730,127,19234,422,0,9202,0.0009979999999991662
19895000,4129,2103,124269,9392,-2486,125056,127,19229,520,0,9203,0.0010000000000012221
19896001,940,-3850,124900,-1035,-415,127379,104,19226,426,0,9204,0.0010009999999986974
19897002,1871,7290,126152,-12784,5832,120864,108,19224,442,0,9205,0.00100100000000225
19898002,-2134,3439,125181,1337,1844,131768,145,19224,594,1,9206,0.0009999999999976694
19899000,-1121,9897,126171,-1103,14020,115891,111,19229,594,1,9207,0.0009979999999991662
19900000,2814,13511,125837,-1867,6520,120991,97,19233,455,1,9208,0.0010000000000012221
19901000,7869,3654,123341,6035,-12116,131635,97,19228,397,0,9209,0.0010000000000012221
19902002,10431,-4965,123117,8259,-10521,125103,109,19225,446,0,9210,0.0010019999999997253
19903000,6377,-201,127738,3552,-4371,123986,115,19228,471,0,9211,0.0009979999999991662
19904000,4263,6757,128120,3922,-194,124662,117,19220,479,1,9212,0.0010000000000012221
19905000,-285,6313,127964,1108,-421,126669,114,19220,479,1,9213,0.0009999999999976694
19906000,4484,10953,128770,-3083,1025,127021,102,19228,467,1,9214,0.0010000000000012221
19907000,10516,5669,123820,16584,4038,121123,102,19232,418,1,9215,0.0010000000000012221
19908000,10439,7068,127508,5727,-895,126395,117,19223,479,0,9216,0.0009999999999976694
19909000,13127,-8166,125285,2243,-15543,130700,95,19227,389,0,9217,0.0010000000000012221
19910000,7269,-15175,126709,10270,-8905,135185,104,19226,426,0,9218,0.0010000000000012221
19911000,4131,3590,131776,-4564,5452,125241,131,19226,426,1,9219,0.0009999999999976694
19912001,-2855,15243,129528,1209,6169,117085,112,19228,537,1,9220,0.00100100000000225
19913001,1548,13652,132288,6926,2128,135614,112,19231,459,1,9221,0.0009999999999976694
19914000,6570,-11940,126016,-5238,-15554,129250,101,19228,414,0,9222,0.0009990000000001942
19915001,10360,-8711,128860,9979,-733,122763,165,19232,676,0,9223,0.00100100000000225
19916000,8427,241,129605,15535,-4345,130889,110,19229,451,0,9224,0.0009990000000001942
19917000,-2803,-6918,127957,-17675,-6102,127107,110,19229,451,0,9225,0.0009999999999976694
19918000,1506,9564,136235,-16505,7424,130092,131,19225,451,1,9226,0.0010000000000012221
19919001,-7428,4940,130496,9776,-939,129588,131,19233,537,1,9227,0.0010009999999986974
19920002,-4241,4829,130883,-6478,1049,126492,105,19235,430,1,9228,0.00100100000000225
19921002,-238,-5003,129575,-19119,-19956,130653,111,19221,455,0,9229,0.0009999999999976694
19922000,3215,-5215,128015,8396,487,129382,89,19230,365,0,9230,0.000998000000002719
19923000,-559,7903,133207,-554,4739,124974,109,19230,365,0,9231,0.0009999999999976694
19924000,-7302,4930,130022,-25438,4809,126385,134,19226,446,1,9232,0.0010000000000012221
19925000,-7186,2105,130928,-12327,-3013,136934,134,19223,549,1,9233,0.0010000000000012221
19926000,-10044,-677,128544,-1234,1604,128049,118,19230,483,1,9234,0.0009999999999976694
19927000,-2137,18402,130978,-15089,18812,116995,100,19230,410,1,9235,0.0010000000000012221
19928001,-3289,-2809,125925,-8936,-7376,130723,148,19221,606,0,9236,0.0010009999999986974
19929000,-2904,-11798,126241,-485,-4075,133963,103,19221,422,0,9237,0.0009990000000001942
19930002,486,4761,125927,-10431,-868,122918,106,19232,422,0,9238,0.0010019999999997253
19931000,-7074,5654,127216,-12454,5267,126612,135,19225,434,1,9239,0.0009979999999991662
19932000,-6008,10220,129834,-6167,8660,125183,135,19225,553,1,9240,0.0010000000000012221
19933000,-5904,6601,126971,-8118,1234,125379,115,19228,471,1,9241,0.0010000000000012221
19934001,1789,6927,127010,1865,1416,128347,108,19221,442,0,9242,0.0010009999999986974
19935000,-2454,-3363,122888,-5114,-3425,121184,83,19221,340,0,9243,0.0009990000000001942
19936000,3783,3599,124726,-4412,1748,127334,110,19231,340,0,9244,0.0010000000000012221
19937000,-482,4337,126545,1709,328,126534,127,19229,451,0,9245,0.0009999999999976694
19938000,-1227,6444,125379,-2537,7538,124079,127,19217,520,1,9246,0.0010000000000012221
19939000,-2988,12029,126107,-8483,10885,121614,114,19228,467,1,9247,0.0010000000000012221
19940000,5357,9731,125131,-1915,1409,126599,97,19226,397,1,9248,0.0009999999999976694
19941000,12210,1465,124514,16876,6597,119505,128,19226,524,0,9249,0.0010000000000012221
19942000,6223,-4091,123357,3921,-9089,125663,116,19229,524,0,9250,0.0010000000000012221
19943000,6857,-9861,124612,-5100,-9071,131327,120,19228,475,0,9251,0.0009999999999976694
19944001,3177,2840,127251,12611,8161,120350,120,19223,491,1,9252,0.00100100000000225
19945000,1537,14481,129654,-5379,10683,125926,147,19232,602,1,9253,0.0009990000000001942
19946000,5244,8831,128261,2089,-3231,127431,113,19231,463,1,9254,0.0009999999999976694
19947000,6336,2287,125935,12026,-13087,123981,101,19223,414,1,9255,0.0010000000000012221
19948000,13322,1565,124794,4363,-1498,125739,129,19223,414,0,9256,0.0010000000000012221
19949000,8235,-1748,127987,7361,-8595,130135,114,19230,528,0,9257,0.0009999999999976694
19950007,7868,-11501,126126,130,-2516,128365,114,19235,467,0,9258,0.0010070000000013124
19951000,4479,11234,132117,-2524,6890,125835,119,19218,487,1,9259,0.0009930000000011319
19952000,1177,9912,129821,3385,-5638,132268,112,19225,459,1,9260,0.0009999999999976694
19953001,1654,11788,128578,2128,12162,118161,103,19230,422,1,9261,0.00100100000000225
19954000,4168,-4009,129435,-3821,-15212,135459,124,19230,422,0,9262,0.0009990000000001942
19955000,11425,-22297,127265,20156,-15889,129529,105,19222,508,0,9263,0.0009999999999976694
19956000,3880,10482,131795,3768,2156,124991,105,19229,430,0,9264,0.0010000000000012221
19957000,951,-254,129699,-21382,-112,125400,104,19225,426,0,9265,0.0010000000000012221
19958000,-1263,18070,135431,-1009,9620,122913,142,19225,582,1,9266,0.0009999999999976694
19959000,-4329,-4473,130957,3776,-13083,140756,113,19228,463,1,9267,0.0010000000000012221
19960001,-6131,-5532,129309,-15366,-8504,125612,98,19228,463,1,9268,0.0010009999999986974
19961000,2347,-4771,130132,-10428,-6132,130620,126,19222,401,0,9269,0.0009990000000001942
19962000,-1144,2550,128509,7817,4278,127528,126,19232,516,0,9270,0.0010000000000012221
19963000,169,6054,129750,-10581,4090,123738,103,19232,422,0,9271,0.0009999999999976694
19964000,-10005,1184,132226,-17688,-11475,139129,113,19221,463,1,9272,0.0010000000000012221
19965000,-9724,7139,127386,-9505,11300,124607,121,19228,496,1,9273,0.0010000000000012221
19966000,-9112,10839,131125,-6610,5234,129146,105,19228,496,1,9274,0.0009999999999976694
19967000,-1807,1354,129590,-8203,-68,130979,117,19230,430,1,9275,0.0010000000000012221
19968000,-585,-343,125844,-8308,-7200,125389,117,19216,479,0,9276,0.0010000000000012221
19969000,-4418,-855,126174,-3503,417,129764,90,19235,369,0,9277,0.0009999999999976694
19970000,1660,9241,128436,-11611,7437,118629,100,19231,410,0,9278,0.0010000000000012221
19971000,-6585,4014,127572,-3316,1136,134357,133,19226,545,1,9279,0.0010000000000012221
19972000,-6453,7360,127928,-11956,3705,123976,119,19226,487,1,9280,0.0009999999999976694
19973000,-6814,7407,126132,-11016,4287,123437,103,19230,487,1,9281,0.0010000000000012221
19974000,1339,1382,126860,4934,152,134958,122,19228,422,0,9282,0.0010000000000012221
19975000,2018,-8524,122481,-541,-12007,123045,122,19234,500,0,9283,0.0009999999999976694
19976000,-791,-3603,126151,-3873,-5295,132021,107,19231,438,0,9284,0.0010000000000012221
19977000,-2072,16976,126144,-2816,12172,113630,111,19224,455,1,9285,0.0010000000000012221
19978000,-3730,10447,126830,-3597,4780,126088,138,19224,565,1,9286,0.0009999999999976694
19979000,-444,2548,126842,-4978,537,130837,108,19227,565,1,9287,0.0010000000000012221
19980000,2294,2129,124055,6933,342,121764,108,19235,442,1,9288,0.0010000000000012221
19981000,6210,5988,123366,2614,4261,122763,108,19224,442,0,9289,0.0009999999999976694
19982002,13252,3241,124468,3615,-4624,121957,99,19226,405,0,9290,0.0010019999999997253
19983000,4903,-8623,123677,16472,-9842,129486,113,19228,463,0,9291,0.000998000000002719
19984000,5698,-2651,126165,-6756,-5930,121962,135,19228,553,1,9292,0.0009999999999976694
19985000,-487,10215,129148,-1396,7818,125385,117,19223,553,1,9293,0.0010000000000012221
19986000,6899,11455,128357,16056,4263,125990,97,19231,479,1,9294,0.0010000000000012221
19987000,6603,-1535,124751,3075,-4459,126541,97,19232,397,0,9295,0.0009999999999976694
19988000,9433,-558,129277,-2615,-5031,130827,144,19232,590,0,9296,0.0010000000000012221
19989000,12030,-7932,125374,19518,-6621,123500,101,19227,414,0,9297,0.0010000000000012221
19990000,2706,5748,128552,9401,-961,131362,101,19225,414,0,9298,0.0009999999999976694
19991002,1981,-1531,129957,-9561,633,129427,126,19225,414,1,9299,0.0010019999999997253
19992000,2110,8766,130037,14723,12473,123890,108,19230,516,1,9300,0.0009979999999991662
19993000,2501,7873,130082,2222,-2366,131525,108,19231,442,1,9301,0.0010000000000012221
19994000,6695,-9897,125812,-8435,-11701,125104,107,19225,438,0,9302,0.0010000000000012221
19995000,6762,-4891,129612,21951,-6552,133977,112,19232,459,0,9303,0.0009999999999976694
19996000,7651,-8713,127453,3795,-10421,130645,102,19231,418,0,9304,0.0010000000000012221
19997000,655,4172,131935,-23371,11574,124041,120,19231,418,1,9305,0.0010000000000012221
19998000,-3458,9163,134112,4224,-2904,132862,113,19220,491,1,9306,0.0009999999999976694
19999000,-7390,2781,129176,-1092,-6287,125031,113,19231,463,1,9307,0.0010000000000012221
20000000,-3487,5216,130966,-21895,-3798,133294,95,19233,389,1,9308,0.0010000000000012221
20001003,1210,-6734,126535,3991,-9624,128921,132,19230,541,0,9309,0.0010030000000007533
20002002,6312,6312,128833,-2476,-4336,126058,105,19229,430,0,9310,0.0009989999999966415
20003002,-3464,5815,132912,-17724,-6540,130423,110,19229,430,0,9311,0.0010000000000012221
20004000,-4148,-1373,130778,-9393,-1660,128075,141,19226,451,1,9312,0.0009979999999991662
20005000,-10257,9730,133701,-8775,4492,130315,141,19231,577,1,9313,0.0010000000000012221
20006001,-9700,8011,129614,-13034,4969,124139,113,19233,463,1,9314,0.0010009999999986974
20007000,-4651,8356,129311,-6903,-2273,127056,105,19225,430,0,9315,0.0009990000000001942
20008000,-4965,-4372,125902,-9510,-9495,129971,145,19230,594,0,9316,0.0010000000000012221
20009000,352,-2713,127526,-2147,2923,122337,112,19230,594,0,9317,0.0010000000000012221
20010000,-2989,2150,128403,-4900,-3400,129382,120,19227,459,0,9318,0.0009999999999976694
20011000,-5159,15639,127225,-11632,12412,116747,120,19219,491,1,9319,0.0010000000000012221
20012000,-5972,8588,128567,-11963,4555,131874,112,19230,459,1,9320,0.0010000000000012221
20013000,-1507,1299,124113,-4147,3598,125531,105,19232,430,1,9321,0.0009999999999976694
20014000,2663,8949,125856,2499,4007,124842,129,19232,528,0,9322,0.0010000000000012221
20015000,1233,-5090,122993,-5938,-7705,125589,103,19232,422,0,9323,0.0010000000000012221
20016003,4775,963,126216,-677,-66,129107,107,19229,422,0,9324,0.0010029999999972006
20017000,-2243,3171,125317,-1315,2251,125008,107,19224,438,1,9325,0.000997000000001691
20018000,-2072,17891,126892,-7114,17497,116805,145,19226,594,1,9326,0.0010000000000012221
20019000,-3201,10258,125632,769,1169,128282,112,19235,459,1,9327,0.0009999999999976694
20020000,3847,5957,124962,2750,-1966,123148,97,19226,397,0,9328,0.0010000000000012221
20021000,9859,5512,124871,4566,3975,120036,112,19226,459,0,9329,0.0010000000000012221
20022003,8519,-1614,127535,8547,-3264,125008,113,19233,459,0,9330,0.0010029999999972006
20023002,9256,-7391,124897,4198,-9778,130198,118,19225,463,0,9331,0.0009990000000001942
20024000,2160,-5058,126878,2255,-6432,127432,118,19219,483,1,9332,0.0009979999999991662
20025000,3272,13224,127853,-4585,17356,118992,106,19225,434,1,9333,0.0010000000000012221
20026000,5660,12420,128634,7577,5113,126951,104,19230,426,1,9334,0.0010000000000012221
20027000,9486,-16,124173,9490,-3489,124070,118,19230,483,0,9335,0.0009999999999976694
20028000,10027,-2334,127125,549,-10731,130617,95,19227,483,0,9336,0.0010000000000012221
20029000,7763,-3391,127763,16504,-8896,124384,104,19232,389,0,9337,0.0010000000000012221
20030000,7741,-537,129512,938,-4505,131514,104,19227,426,1,9338,0.0009999999999976694
20031000,1586,7615,132518,-8709,6092,125676,135,19225,553,1,9339,0.0010000000000012221
20032000,726,10630,129384,6752,7481,127834,114,19226,467,1,9340,0.0010000000000012221
20033000,676,10424,127590,-965,6258,129724,101,19226,414,1,9341,0.0009999999999976694
20034000,6768,-6102,127861,-6684,-10368,132303,159,19224,414,0,9342,0.0010000000000012221
20035000,11111,-8890,128878,24732,2360,127030,105,19231,651,0,9343,0.0010000000000012221
20036000,7553,-6664,127971,342,-999,126906,105,19230,430,0,9344,0.0009999999999976694
20037000,3663,6803,133423,-20251,4669,128907,107,19221,438,1,9345,0.0010000000000012221
20038000,-6024,5407,133102,3855,-8036,131140,135,19231,553,1,9346,0.0010000000000012221
20039000,-9219,1492,130007,-16547,-1433,128808,107,19230,438,1,9347,0.0009999999999976694
20040000,-4045,1050,132294,-17988,-6518,131219,113,19230,438,0,9348,0.0010000000000012221
20041000,1184,-7129,128669,10025,-5525,127794,103,19222,463,0,9349,0.0010000000000012221
20042000,3049,4139,129395,-2241,-869,127617,103,19227,422,0,9350,0.0009999999999976694
20043000,-5248,1428,130414,-20747,955,127314,114,19223,467,0,9351,0.0010000000000012221
20044000,-5622,1859,129953,-6489,3212,131570,137,19224,561,1,9352,0.0010000000000012221
20045003,-8977,11308,130865,-7529,2791,127683,118,19229,483,1,9353,0.0010029999999972006
20046003,-7795,10383,130571,-14973,-629,127251,102,19229,483,1,9354,0.0010000000000012221
20047001,722,6908,127779,-6990,403,123724,150,19228,418,0,9355,0.0009979999999991662
20048000,-5602,-8631,125776,-11982,-10759,130640,150,19234,614,0,9356,0.0009990000000001942
20049000,2947,-5074,128994,142,-4700,129715,103,19231,422,0,9357,0.0010000000000012221
20050000,-3945,6321,126559,-4719,8046,117347,104,19224,426,1,9358,0.0010000000000012221
20051000,-7037,17485,128791,-20981,13898,122876,129,19228,528,1,9359,0.0009999999999976694
20052000,-5069,8900,127815,-3278,-5785,133437,111,19228,528,1,9360,0.0010000000000012221
20053000,-4942,-105,124976,-4378,1983,120605,110,19234,455,1,9361,0.0010000000000012221
20054000,1926,10863,127927,-6983,3249,123710,110,19221,451,0,9362,0.0009999999999976694
20055000,469,1860,125339,5114,232,126825,85,19230,348,0,9363,0.0010000000000012221
20056000,6007,-6440,122523,-9175,-6372,133035,110,19228,451,0,9364,0.0009999999999976694
20057000,-1267,-3862,125710,-3246,3393,124560,125,19220,512,1,9365,0.0010000000000012221
20058001,-2732,21113,127714,1914,11997,116944,112,19220,512,1,9366,0.00100100000000225
20059000,648,17261,125838,-895,3577,126464,98,19229,459,1,9367,0.0009989999999966415
20060000,3005,-941,123636,549,-3947,126894,98,19232,401,0,9368,0.0010000000000012221
20061000,11601,-4686,123877,6445,-5886,125667,132,19236,541,0,9369,0.0010000000000012221
20062000,6034,4102,124702,14406,2107,117171,109,19227,446,0,9370,0.0009999999999976694
20063000,5746,3383,126768,-1239,-7547,129600,112,19225,459,0,9371,0.0010000000000012221
20064000,3645,-8,125957,-2974,-896,131316,142,19225,582,1,9372,0.0010000000000012221
20065000,3720,11334,128972,7116,14236,121866,111,19229,582,1,9373,0.0009999999999976694
20066000,6637,8644,127248,8890,3496,125519,101,19232,455,1,9374,0.0010000000000012221
20067002,10067,-432,124839,865,-4607,121981,101,19224,414,0,9375,0.0010019999999997253
20068002,11104,-3194,127546,8664,-9089,137180,121,19230,496,0,9376,0.0010000000000012221
20069000,7920,-9739,127079,14703,-14807,130043,105,19228,430,0,9377,0.0009979999999991662
20070000,4817,-2077,130127,-3408,-1078,131353,114,19228,467,1,9378,0.0010000000000012221
20071000,-513,18340,132291,-2396,9096,121903,109,19221,467,1,9379,0.0009999999999976694
20072000,-399,4316,129113,5690,-1483,130519,103,19228,446,1,9380,0.0010000000000012221
20073000,3707,5119,129909,-541,668,131340,103,19233,422,1,9381,0.0010000000000012221
20074000,9549,261,126977,-1717,-3630,124238,128,19221,524,0,9382,0.0009999999999976694
20075000,13169,-6707,131379,22174,-7852,130647,101,19232,414,0,9383,0.0010000000000012221
20076000,3748,-5796,127819,640,-10878,132374,105,19232,430,0,9384,0.0010000000000012221
20077001,369,1767,131949,-24653,1773,126059,144,19221,430,1,9385,0.0010009999999986974
20078000,-5580,10851,132552,2622,9462,127160,111,19228,590,1,9386,0.0009990000000001942
20079000,-6329,1494,130021,3719,-3967,131780,111,19231,455,1,9387,0.0010000000000012221
20080010,-3116,-6578,128820,-18844,-10621,126985,99,19224,405,0,9388,0.0010099999999972908
20081000,-439,-4982,128653,-6701,-6204,129258,136,19232,557,0,9389,0.0009900000000016007
20082000,2305,-1389,131069,9104,10165,118450,116,19228,475,0,9390,0.0010000000000012221
20083000,-4734,10854,131337,-8427,-397,129917,121,19228,475,0,9391,0.0009999999999976694
20084000,-7518,-3809,129838,-22031,-5510,137951,112,19220,496,1,9392,0.0010000000000012221
20085000,-7827,3781,131334,-6300,7006,123211,112,19229,459,1,9393,0.0010000000000012221
20086000,-6357,9556,129767,-8280,6882,125529,108,19232,442,1,9394,0.0009999999999976694
20087000,-3489,4196,128683,-12682,-4710,125730,118,19216,483,0,9395,0.0010000000000012221
20088000,-2542,-10525,124351,-3399,-7140,132708,93,19233,381,0,9396,0.0009999999999976694
20089000,-1749,1362,128149,-3337,5684,123399,100,19233,381,0,9397,0.0010000000000012221
20090000,-3933,12193,127248,-9467,8550,120511,138,19230,410,1,9398,0.0010000000000012221
20091000,-9054,10174,128816,-12134,4340,130973,138,19224,565,1,9399,0.0009999999999976694
20092000,-7490,2242,129085,-6548,-5270,126802,118,19230,483,1,9400,0.0010000000000012221
20093000,-1657,4208,126698,2887,-2524,126312,103,19229,422,0,9401,0.0010000000000012221
20094000,-439,10813,127234,-4627,5394,120170,119,19233,487,0,9402,0.0009999999999976694
20095000,3520,-4309,122809,-4375,-7127,125451,106,19233,487,0,9403,0.0010000000000012221
20096000,1504,-4998,124999,-2794,-4856,133594,113,19231,434,0,9404,0.0010000000000012221
20097000,-1326,7869,126306,-5076,15438,117784,113,19224,463,1,9405,0.0009999999999976694
20098000,-3145,16269,126895,3067,12787,123083,137,19229,561,1,9406,0.0010000000000012221
20099000,-103,6125,124452,-2723,-456,126863,106,19228,434,1,9407,0.0010000000000012221
20100000,8702,-1023,122085,2215,1303,126241,107,19227,438,0,9408,0.0009999999999976694
20101000,9464,-1913,124918,17821,-6549,124208,88,19227,438,0,9409,0.0010000000000012221
20102000,9674,-882,125591,6719,-8486,126379,111,19228,360,0,9410,0.0010000000000012221
20103000,1201,-2346,126533,-4305,-4004,128857,111,19229,455,1,9411,0.0009999999999976694
20104000,2395,3109,129378,1152,1282,125590,135,19225,553,1,9412,0.0010000000000012221
20105000,2562,8552,126805,7976,3435,124170,117,19226,479,1,9413,0.0010000000000012221
20106000,3482,10379,128509,2270,5058,125057,97,19228,397,1,9414,0.0009999999999976694
20107003,14629,5569,124105,1735,2660,121646,145,19228,594,0,9415,0.0010030000000007533
20108002,9642,-5516,127025,13531,-10511,134044,102,19228,594,0,9416,0.0009990000000001942
20109003,9202,-13468,125228,10639,-17672,131539,106,19229,418,0,9417,0.0010009999999986974
20110000,3355,-7142,128238,-5038,-8475,126553,106,19231,434,1,9418,0.000997000000001691
20111000,-1217,21078,135042,-1050,18854,123806,128,19230,524,1,9419,0.0010000000000012221
20112000,2383,8033,128964,3111,-1398,128682,110,19230,451,1,9420,0.0009999999999976694
20113000,2120,-635,130001,1459,-4745,128256,107,19230,438,0,9421,0.0010000000000012221
20114000,9184,-13677,124524,2678,-18479,131416,108,19219,438,0,9422,0.0010000000000012221
20115000,8493,-2922,129031,23010,-2281,126906,105,19225,442,0,9423,0.0009999999999976694
20116002,3768,-785,130370,-14425,1568,128650,105,19229,430,0,9424,0.0010019999999997253
20117000,3922,12335,133475,-19838,10922,121939,125,19219,512,1,9425,0.0009979999999991662
20118000,-7471,9232,132963,17009,2331,129008,114,19223,467,1,9426,0.0010000000000012221
20119000,-8012,-4119,129063,-8930,-12490,130646,97,19223,397,1,9427,0.0010000000000012221
20120000,-2536,-11689,129848,-24257,-13634,137009,133,19232,397,0,9428,0.0009999999999976694
20121000,899,2610,131242,8368,1810,122125,106,19230,545,0,9429,0.0010000000000012221
20122001,2173,5534,129399,3635,1874,126467,106,19228,434,0,9430,0.0010009999999986974
20123002,-8877,5555,131942,-19857,159,126291,114,19225,467,1,9431,0.00100100000000225
20124002,-7181,-3402,128940,-16492,-5959,137619,144,19228,590,1,9432,0.0010000000000012221
20125002,-8520,7851,131094,-3094,7919,116391,116,19228,475,1,9433,0.0009999999999976694
20126000,-5563,16441,129355,-11314,14543,128921,105,19228,475,1,9434,0.0009979999999991662
20127000,-2308,1807,125630,-10221,-2277,131584,147,19221,430,0,9435,0.0010000000000012221
20128000,-4884,-6831,124256,-3290,-8383,126134,147,19232,602,0,9436,0.0010000000000012221
20129000,2345,-2127,126937,-5987,7968,130743,105,19231,430,0,9437,0.0009999999999976694
20130000,-3986,14810,129367,-8802,16197,112747,120,19222,491,1,9438,0.0010000000000012221
20131000,-6177,13995,129452,-10330,1174,134789,116,19228,475,1,9439,0.0010000000000012221
20132000,-8534,-718,127111,-11800,-3174,126194,107,19228,475,1,9440,0.0009999999999976694
20133000,-2197,2587,125974,1839,604,126041,129,19230,438,0,9441,0.0010000000000012221
20134000,104,4595,126457,-636,-4357,124191,129,19225,528,0,9442,0.0010000000000012221
20135002,-2353,-414,123947,-6918,-1945,122240,120,19226,491,0,9443,0.0010019999999997253
20136000,3108,8494,127708,-4584,-981,130946,117,19224,479,0,9444,0.0009979999999991662
20137000,-246,8767,127025,735,10847,115153,153,19223,627,1,9445,0.0010000000000012221
20138004,-746,11556,125385,-5721,5922,127540,115,19223,627,1,9446,0.0010039999999982285
20139002,2068,8201,124334,-876,-191,124207,101,19229,471,1,9447,0.0009979999999991662
20140002,10747,3607,122837,5708,-6187,123872,101,19223,414,0,9448,0.0010000000000012221
20141000,11062,1130,126157,9121,-4717,128620,106,19233,434,0,9449,0.0009979999999991662
20142000,8280,-7251,123602,4515,-3475,120969,110,19230,451,0,9450,0.0010000000000012221
20143000,4411,-1236,127638,5972,-1923,132968,115,19221,471,1,9451,0.0010000000000012221
20144000,1,7693,126749,-6737,10524,119239,115,19221,471,1,9452,0.0009999999999976694
20145000,5503,13506,127417,11760,3897,126545,103,19229,471,1,9453,0.0010000000000012221
20146000,7192,8304,127185,7301,-4088,120669,103,19232,422,1,9454,0.0010000000000012221
20147000,10514,3232,126398,-2247,-3952,123654,116,19217,475,0,9455,0.0009999999999976694
20148000,13472,-10929,130187,19014,-18215,140656,93,19230,381,0,9456,0.0010000000000012221
20149000,6434,-11310,127253,1626,-9198,127350,101,19227,414,0,9457,0.0009999999999976694
20150000,2982,3591,129965,-8153,2217,128987,132,19227,414,1,9458,0.0010000000000012221
20151000,-3185,15239,132322,5888,11603,122507,114,19227,541,1,9459,0.0010000000000012221
20152000,1609,3504,127639,-710,-8479,132580,114,19229,467,1,9460,0.0009999999999976694
20153000,8676,4341,128844,1062,-1910,125987,100,19226,410,0,9461,0.0010000000000012221
20154000,8454,-2739,127824,3608,-10500,123233,155,19239,635,0,9462,0.0010000000000012221
20155000,8750,-3511,130567,18467,-10126,132631,104,19232,426,0,9463,0.0009999999999976694
20156000,217,-3768,131639,-14411,-4069,129224,109,19232,446,0,9464,0.0010000000000012221
20157000,181,5065,132688,-16713,1752,131488,135,19223,446,1,9465,0.0010000000000012221
20158000,-7837,10725,132861,6326,6764,125234,104,19228,553,1,9466,0.0009999999999976694
20159001,-2225,3066,130010,-10519,-5803,125679,104,19234,426,1,9467,0.00100100000000225
20160000,923,-6463,130233,-7601,-8761,134733,111,19218,455,0,9468,0.0009990000000001942
20161000,-289,-2530,128171,6208,-5218,126417,89,19230,365,0,9469,0.0009999999999976694
20162000,863,701,129362,-8055,-488,129221,108,19230,442,0,9470,0.0010000000000012221
20163000,-7920,4745,132012,-17476,3689,128617,134,19225,442,1,9471,0.0010000000000012221
20164000,-8100,-4620,131357,-11903,-6063,136265,116,19223,549,1,9472,0.0009999999999976694
20165003,-9211,14994,129957,-9594,7735,122441,116,19231,475,1,9473,0.0010030000000007533
20166000,-3251,11080,129216,-12067,4923,126685,102,19229,418,1,9474,0.000997000000001691
20167000,-2845,-6178,126132,-2398,-9828,133030,151,19224,618,0,9475,0.0009999999999976694
20168000,-2262,-3394,127237,-6007,-3905,125233,106,19224,434,0,9476,0.0010000000000012221
20169000,-2133,5645,127757,-10099,5634,125998,108,19226,434,0,9477,0.0010000000000012221
20170000,-5303,13879,129726,-6419,7139,127808,127,19224,442,1,9478,0.0009999999999976694
20171000,-8232,2257,124699,-5662,89,123222,127,19224,520,1,9479,0.0010000000000012221
20172000,-6640,12510,127421,-15575,12907,121098,113,19233,463,1,9480,0.0010000000000012221
20173000,1668,2880,124621,2271,-2690,125566,110,19221,451,0,9481,0.0009999999999976694
20174002,1143,2976,126141,2986,-451,128906,86,19227,352,0,9482,0.0010019999999997253
20175000,2966,-9992,121567,-8301,-7149,127800,110,19227,352,0,9483,0.000998000000002719
20176002,-2239,3135,130114,331,22896,114107,125,19222,451,0,9484,0.0010019999999997253
20177000,-252,18474,127177,-2627,-1027,130366,125,19220,512,1,9485,0.0009979999999991662
20178000,-2184,3228,124844,-7179,348,127606,113,19228,463,1,9486,0.0010000000000012221
20179000,3589,10226,125228,3367,6932,120216,97,19229,397,1,9487,0.0009999999999976694
20180000,8001,6684,123593,8361,1713,118581,135,19232,553,0,9488,0.0010000000000012221
20181000,10246,6071,125000,9212,-10757,130183,111,19232,553,0,9489,0.0009999999999976694
20182000,6687,-17349,123082,495,-13748,134694,115,19227,455,0,9490,0.0010000000000012221
20183000,4493,1308,126779,3408,13073,119246,115,19223,471,1,9491,0.0010000000000012221
20184000,1616,16168,129256,4018,9080,121868,140,19228,573,1,9492,0.0009999999999976694
20185000,4146,7290,126221,4854,-376,126165,110,19228,451,1,9493,0.0010000000000012221
20186000,8387,-208,127636,2451,-6830,125245,104,19222,426,0,9494,0.0010000000000012221
20187000,12356,-2512,126059,8186,-4181,125530,122,19222,426,0,9495,0.0009999999999976694
20188000,10661,2880,127594,16269,221,122561,105,19233,500,0,9496,0.0010000000000012221
20189000,4964,-6974,128007,-9620,-11626,131118,105,19228,430,0,9497,0.0010000000000012221
20190000,4634,54,130774,-846,-2953,135326,114,19222,467,1,9498,0.0009999999999976694
20191000,-743,9699,128771,8977,14352,119324,108,19232,442,1,9499,0.0010000000000012221
20192001,1943,15225,131972,-6973,10621,119945,103,19229,422,1,9500,0.0010009999999986974
20193000,5477,-3414,127675,2162,-19669,136391,129,19229,422,0,9501,0.0009990000000001942
20194000,8951,-19414,128002,19017,-16021,131805,101,19224,528,0,9502,0.0010000000000012221
20195000,5061,-48,130449,2835,-6372,130436,101,19229,414,0,9503,0.0010000000000012221
20196000,-2615,6188,132248,-20405,10105,119634,106,19228,434,1,9504,0.0009999999999976694
20197000,-61,11995,135113,-3528,1481,132504,144,19227,590,1,9505,0.0010000000000012221
20198001,-8680,-6796,132030,5934,-11731,134749,108,19230,442,1,9506,0.0010009999999986974
20199000,-4190,401,128530,-20080,-4358,126354,98,19230,442,1,9507,0.0009990000000001942
20200000,-2629,3475,128873,-9673,2541,129350,128,19226,401,0,9508,0.0010000000000012221
20201000,6793,-1422,127217,12499,2417,123438,113,19232,524,0,9509,0.0010000000000012221
20202000,-2829,-1863,128995,-12902,-3108,135895,113,19226,463,0,9510,0.0009999999999976694
20203001,-5519,-795,129658,-21656,-1150,127281,119,19219,487,1,9511,0.00100100000000225
20204000,-8435,8386,132003,-3494,2575,131154,117,19230,479,1,9512,0.0009990000000001942
20205000,-8612,6451,129892,-8456,640,129411,106,19230,434,1,9513,0.0009999999999976694
20206000,-3657,8054,129856,-14867,5512,119471,119,19227,434,1,9514,0.0010000000000012221
20207000,-4230,-3326,127373,-9527,-9852,134408,97,19219,487,0,9515,0.0010000000000012221
20208000,-637,-3434,125250,4695,-3809,124763,97,19229,397,0,9516,0.0009999999999976694
20209000,-5808,11413,128347,-15414,7514,123857,107,19226,438,0,9517,0.0010000000000012221
20210000,-4097,5802,128474,-14201,3124,124875,135,19225,553,1,9518,0.0010000000000012221
20211000,-6806,3444,128475,1266,-6022,126585,115,19225,471,1,9519,0.0009999999999976694
20212000,-5725,7578,129153,-16139,4094,125091,101,19233,471,1,9520,0.0010000000000012221
20213000,622,9262,124322,284,5374,120563,133,19229,414,0,9521,0.0009999999999976694
20214000,-3402,-6728,124485,408,-9805,133869,133,19232,545,0,9522,0.0010000000000012221
20215004,4603,1005,122826,-8415,2359,118412,110,19229,451,0,9523,0.0010040000000017812
20216000,-378,10068,125804,2210,7017,129788,111,19223,455,1,9524,0.0009959999999971103
20217000,-184,6655,126499,2897,5166,121996,135,19233,553,1,9525,0.0010000000000012221
20218000,-1196,17099,127486,-5672,7849,129530,103,19233,553,1,9526,0.0010000000000012221
20219000,7623,738,123679,-155,-1694,123473,107,19234,422,1,9527,0.0009999999999976694
20220000,9513,8421,124704,11357,6392,120333,107,19228,438,0,9528,0.0010000000000012221
20221000,10191,5257,123549,9932,1271,126827,97,19230,397,0,9529,0.0010000000000012221
20222000,6428,-8157,123777,352,-11159,128650,112,19227,459,0,9530,0.0009999999999976694
20223000,1749,-4921,126673,5344,3472,139654,132,19228,541,1,9531,0.0010000000000012221
20224000,5360,13348,130198,-35,14072,107620,113,19228,541,1,9532,0.0010000000000012221
20225000,4763,14782,127652,7254,3690,128847,98,19229,463,1,9533,0.0009999999999976694
20226000,7473,-3454,127403,4921,265,127960,98,19228,401,0,9534,0.0010000000000012221
20227000,11247,-9303,124098,16070,-12067,128139,149,19229,610,0,9535,0.0010000000000012221
20228000,7934,-11859,127486,11201,-7260,132084,106,19230,434,0,9536,0.0009999999999976694
20229000,4341,3115,128940,-9366,5384,119685,106,19230,434,0,9537,0.0010000000000012221
20230000,2403,9624,131664,5203,5150,135663,126,19230,434,1,9538,0.0010000000000012221
20231000,756,5244,127988,3102,1970,124664,109,19228,516,1,9539,0.0009999999999976694
20232000,3012,3543,128969,-4977,-4173,131097,109,19234,446,1,9540,0.0010000000000012221
20233000,9239,422,127084,4437,-10786,127186,108,19221,442,0,9541,0.0010000000000012221
20234000,11657,-7765,127026,15737,-8384,127338,119,19232,487,0,9542,0.0009999999999976694
20235000,3862,-2507,130761,2628,-5293,138158,112,19229,459,0,9543,0.0010000000000012221
20236000,-1325,775,129988,-21777,848,118604,126,19229,459,1,9544,0.0010000000000012221
20237000,-6144,17935,134268,1145,9560,131863,112,19220,516,1,9545,0.0009999999999976694
20238000,-3246,789,133815,559,-4697,131209,112,19229,459,1,9546,0.0010000000000012221
20239000,-2781,-9075,128103,-13325,-18408,132368,98,19232,401,1,9547,0.0010000000000012221
20240003,-882,-10454,128537,-6810,-5500,128844,137,19231,561,0,9548,0.0010029999999972006
20241000,3508,12119,130388,2499,5068,119785,107,19230,438,0,9549,0.000997000000001691
20242000,-2490,4208,131820,-9714,-158,135165,111,19230,438,0,9550,0.0009999999999976694
20243000,-7103,1064,131783,-20329,-2473,130902,143,19227,455,1,9551,0.0010000000000012221
20244000,-10884,3727,129397,-10271,2233,129579,143,19228,586,1,9552,0.0010000000000012221
20245000,-6203,19384,131176,-5029,9208,118804,114,19227,467,1,9553,0.0009999999999976694
20246000,-1618,2056,127916,-9582,-7122,131868,104,19222,426,0,9554,0.0010000000000012221
20247000,-773,-8917,127136,-8780,-8570,130758,142,19231,582,0,9555,0.0010000000000012221
20248000,-2111,6726,125683,-7488,6366,118142,105,19231,430,0,9556,0.0009999999999976694
20249001,-83,6288,129997,-1879,1888,130949,118,19229,430,1,9557,0.00100100000000225
20250000,-7473,9742,127692,-3908,3778,120978,112,19224,483,1,9558,0.0009990000000001942
20251000,-6603,486,126649,-20604,-4100,135908,112,19228,459,1,9559,0.0009999999999976694
20252000,-1894,8766,127800,-3918,8475,117211,108,19232,442,1,9560,0.0010000000000012221
20253000,2090,10928,125750,7551,-427,123576,125,19224,512,0,9561,0.0010000000000012221
20254000,2529,-5082,123723,-4460,-4557,132539,102,19224,418,0,9562,0.0009999999999976694
20255000,-612,-801,124758,-7521,-2975,123030,111,19229,418,0,9563,0.0010000000000012221
20256000,1192,5831,126848,-1440,5316,129007,148,19227,455,1,9564,0.0010000000000012221
20257001,-3722,17430,127769,-1756,11920,117307,148,19225,606,1,9565,0.0010009999999986974
20258000,-2924,-317,126580,-8400,-9491,133723,112,19230,459,1,9566,0.0009990000000001942
20259000,8019,9581,125467,5553,2665,119821,99,19225,405,0,9567,0.0010000000000012221
20260002,5225,232,121636,6809,-6853,124561,110,19230,451,0,9568,0.0010019999999997253
20261002,10562,975,126417,6725,-782,124986,115,19230,451,0,9569,0.0009999999999976694
20262000,5127,7165,126309,4945,1907,120423,121,19229,471,0,9570,0.000998000000002719
20263000,5255,4171,126096,2728,4917,135732,121,19220,496,1,9571,0.0009999999999976694
20264000,1520,8510,128479,436,6737,122281,119,19229,487,1,9572,0.0010000000000012221
20265005,10550,5894,125166,8404,2727,126368,104,19227,426,1,9573,0.0010049999999992565
20266001,11993,1345,124873,9404,-763,120874,114,19221,467,0,9574,0.000996000000000663
20267002,9240,-907,128451,-125,-4770,137219,92,19221,467,0,9575,0.0010009999999986974
20268000,8578,-12398,125893,11798,-15655,125865,105,19230,377,0,9576,0.000998000000002719
20269000,1871,-705,129418,1116,-2076,127577,105,19229,430,1,9577,0.0009999999999976694
20270000,-141,-335,131485,-6301,13149,123283,131,19225,537,1,9578,0.0010000000000012221
20271000,72,25447,131982,-270,-1046,122030,114,19223,467,1,9579,0.0010000000000012221
20272000,4076,1729,129191,-3920,-16163,137311,101,19224,414,1,9580,0.0009999999999976694
20273000,8816,-6902,129415,10403,-8053,121664,160,19224,414,0,9581,0.0010000000000012221
20274000,6007,-2557,130886,3055,-6701,132180,114,19228,655,0,9582,0.0009999999999976694
20275001,5922,-9271,129649,-3739,-6702,132228,114,19231,467,0,9583,0.00100100000000225
20276000,-1974,993,130973,-14550,2316,128870,112,19223,459,1,9584,0.0009990000000001942
20277000,-2430,9338,132255,3011,13838,125134,143,19227,586,1,9585,0.0009999999999976694
20278000,-9940,10515,130601,-4414,-4865,126521,108,19232,442,1,9586,0.0010000000000012221
20279000,1664,-13317,128012,-13773,-18105,138208,111,19232,442,0,9587,0.0010000000000012221
20280000,-1262,-8686,128847,740,-4884,125482,89,19218,455,0,9588,0.0009999999999976694
20281000,4980,5435,128257,-2183,10905,122209,89,19230,365,0,9589,0.0010000000000012221
20282000,-4709,11271,132319,-14594,10349,126850,108,19228,442,0,9590,0.0010000000000012221
20283000,-5866,-5517,128184,-13181,-3490,134419,132,19223,541,1,9591,0.0009999999999976694
20284000,-7484,-728,129440,-8697,-2217,134469,117,19228,479,1,9592,0.0010000000000012221
20285000,-7474,11475,129969,-8276,15804,115342,103,19228,479,1,9593,0.0010000000000012221
20286000,-2439,11354,130557,-6884,3166,129631,143,19230,422,0,9594,0.0009999999999976694
20287000,-4901,-12289,125595,-6451,-18359,133827,143,19224,586,0,9595,0.0010000000000012221
20288002,-4864,-1612,126890,-6797,541,125714,101,19228,414,0,9596,0.0010019999999997253
20289002,-3117,4829,128357,-10876,10540,128262,104,19223,426,1,9597,0.0010000000000012221
20290000,-4675,14022,128215,-4251,12149,115393,133,19227,545,1,9598,0.0009979999999991662
20291000,-7955,7086,128620,-15394,-1083,133589,115,19227,471,1,9599,0.0010000000000012221
20292000,-2471,398,125807,-6454,-922,121049,106,19228,471,1,9600,0.0009999999999976694
20293001,1703,4768,127104,6916,-5406,129040,85,19219,434,0,9601,0.00100100000000225
20294000,-274,-4063,121981,-4517,2773,120970,85,19230,348,0,9602,0.0009990000000001942
20295000,1098,6035,126571,-12564,6957,121193,109,19229,446,0,9603,0.0009999999999976694
20296002,771,635,126012,3225,-558,134434,123,19220,504,1,9604,0.0010019999999997253
20297000,-2701,13254,124967,1145,14007,115485,111,19220,455,1,9605,0.000998000000002719
20298000,821,10647,125451,-7061,9920,127603,99,19232,455,1,9606,0.0009999999999976694
20299000,5559,2844,123562,6863,-2390,122140,129,19230,405,0,9607,0.0010000000000012221
20300000,10205,-4542,123114,8807,-12991,130285,129,19234,528,0,9608,0.0010000000000012221
20301001,6569,-5900,126819,6233,-7100,126043,107,19235,438,0,9609,0.0010009999999986974
20302000,3877,6891,127767,282,1476,120366,113,19222,463,0,9610,0.0009990000000001942
20303000,2656,-37,126704,4804,-1608,131953,145,19222,594,1,9611,0.0010000000000012221
20304001,2473,11578,128483,-795,7217,120623,112,19226,594,1,9612,0.0010009999999986974
20305004,9061,5933,125151,3202,-3554,127225,101,19232,459,1,9613,0.0010030000000007533
20306000,8401,13609,127778,11326,10699,114521,101,19228,414,0,9614,0.0009959999999971103
20307000,11713,-3930,126539,1820,-8472,134569,120,19230,491,0,9615,0.0010000000000012221
20308000,6124,-16878,125970,12810,-16420,136731,105,19228,430,0,9616,0.0010000000000012221
20309000,4559,6340,130901,-2965,3872,124243,114,19221,467,1,9617,0.0009999999999976694
20310003,1810,8446,128431,-4789,6994,127020,107,19221,467,1,9618,0.0010030000000007533
20311000,1372,12148,132512,8988,9594,121869,104,19230,438,1,9619,0.000997000000001691
20312000,8138,-7701,126257,-3403,-15325,137941,104,19231,426,1,9620,0.0009999999999976694
20313000,8941,-9421,126726,4722,-11478,120677,123,19220,504,0,9621,0.0010000000000012221
20314000,10683,5346,132168,15485,3191,132699,104,19234,426,0,9622,0.0010000000000012221
20315000,-868,-6881,126228,-2459,-8886,122995,107,19227,438,0,9623,0.0009999999999976694
20316000,2469,6080,132070,-18291,4957,136847,138,19227,438,1,9624,0.0010000000000012221
20317000,-4680,28,131475,9899,1827,128966,112,19227,565,1,9625,0.0010000000000012221
20318000,-6084,10883,131095,-743,-1697,118542,112,19231,459,1,9626,0.0009999999999976694
20319000,740,699,131206,-21284,-17900,140397,97,19231,397,0,9627,0.0010000000000012221
20320001,-460,-10142,129572,987,-3290,125235,133,19231,545,0,9628,0.0010009999999986974
20321000,2301,4445,130703,4369,2739,128859,111,19228,455,0,9629,0.0009990000000001942
20322000,-8471,-61,131142,-20974,1608,129545,115,19228,455,1,9630,0.0010000000000012221
20323000,-6117,9940,131669,-7032,5123,125553,120,19221,471,1,9631,0.0010000000000012221
20324002,-9690,2307,129934,-8122,-3927,135170,120,19226,491,1,9632,0.0010019999999997253
20325002,-3140,8211,129706,-10122,5655,119743,107,19227,438,1,9633,0.0009999999999976694
20326000,-4164,9646,128899,-5937,-11092,132734,119,19210,487,0,9634,0.000998000000002719
20327000,-2272,-5329,124434,-5049,-233,125465,96,19231,393,0,9635,0.0009999999999976694
20328002,-2174,3470,128277,-6190,3066,125590,103,19231,393,0,9636,0.0010019999999997253
20329002,-4265,-1007,126486,-9867,2114,132356,128,19228,422,1,9637,0.0010000000000012221
20330000,-5449,9115,126344,-9236,9714,115088,128,19225,524,1,9638,0.0009979999999991662
20331000,-7193,7323,129372,-8814,2511,132818,115,19231,471,1,9639,0.0010000000000012221
20332000,-455,7109,126504,1708,3592,120834,103,19228,422,0,9640,0.0010000000000012221
20333000,-1312,-658,123873,-8020,-4907,128226,125,19227,512,0,9641,0.0009999999999976694
20334000,1734,-549,124205,-3517,-3006,124236,111,19227,455,0,9642,0.0010000000000012221
20335000,1491,14208,126838,4254,-504,119300,110,19228,455,0,9643,0.0010000000000012221
20336000,-986,-532,125059,-5348,-2221,134707,141,19220,451,1,9644,0.0009999999999976694
20337000,-2520,10911,129461,-6317,11745,118880,141,19232,577,1,9645,0.0010000000000012221
20338000,3508,13681,125622,706,6653,123288,105,19228,430,1,9646,0.0009999999999976694
20339001,8265,8239,125785,7068,-2608,124666,109,19225,446,0,9647,0.00100100000000225
20340000,6473,-7911,122142,3940,-14769,123526,102,19225,418,0,9648,0.0009990000000001942
20341000,8834,-7927,127619,6174,-7126,133793,117,19227,418,0,9649,0.0009999999999976694
20342001,3192,2137,124680,7105,4661,120369,131,19227,479,1,9650,0.00100100000000225
20343000,4028,10918,129919,-1577,2722,127350,131,19223,537,1,9651,0.0009990000000001942
20344002,4158,11316,127696,2368,-805,119700,115,19230,471,1,9652,0.0010019999999997253
20345003,7555,-29,125186,7890,-5468,134431,100,19230,410,1,9653,0.0010009999999986974
20346000,8514,3252,128475,4309,355,118783,146,19230,598,0,9654,0.000997000000001691
20347000,10797,1442,126505,7255,-9069,128587,105,19229,598,0,9655,0.0009999999999976694
20348000,7626,-15586,126128,12110,-17608,137452,104,19228,430,0,9656,0.0010000000000012221
20349000,2518,7371,130271,-6392,8630,120706,104,19226,426,1,9657,0.0010000000000012221
20350000,3415,11363,131768,-2312,3824,132117,131,19229,537,1,9658,0.0009999999999976694
20351000,-2222,12090,130060,12142,5174,119979,111,19230,455,1,9659,0.0010000000000012221
20352000,5519,-3831,128371,-6684,-14068,132885,107,19219,438,0,9660,0.0010000000000012221
20353000,10861,-18630,127461,3405,-23646,128861,117,19219,438,0,9661,0.0009999999999976694
20354000,5909,4327,131360,19977,1263,125642,108,19229,479,0,9662,0.0010000000000012221
20355000,3161,-5734,129246,-15976,-7825,135466,108,19228,442,0,9663,0.0010000000000012221
20356000,-2593,12994,134194,-11411,11500,116686,120,19220,491,1,9664,0.0009999999999976694
20357000,-3458,1296,130594,2560,-4273,142056,112,19236,459,1,9665,0.0010000000000012221
20358000,-9248,-941,130160,-4149,-3337,124195,99,19229,405,1,9666,0.0010000000000012221
20359002,2701,-6213,128975,-21251,-10636,133804,133,19229,405,0,9667,0.0010019999999997253
20360002,-1133,3867,130127,6424,962,122339,105,19225,545,0,9668,0.0009999999999976694
20361003,771,1256,128129,1528,-2885,131938,105,19228,430,0,9669,0.00100100000000225
20362000,-7483,6828,134551,-22798,3565,125146,108,19230,442,1,9670,0.0009969999999981383
20363000,-9263,-1341,128894,-10121,-3814,130330,146,19228,598,1,9671,0.0010000000000012221
20364000,-7464,11557,132596,-7005,13357,124921,114,19233,467,1,9672,0.0010000000000012221
20365000,-5313,9006,129063,-11888,-8061,125789,104,19233,467,1,9673,0.0009999999999976694
20366000,1053,-6305,125181,-13379,-8676,131268,149,19223,426,0,9674,0.0010000000000012221
20367000,-5196,-1397,127606,3191,-5377,129093,149,19232,610,0,9675,0.0009999999999976694
20368000,-489,5463,127580,-6336,8503,117594,104,19228,426,0,9676,0.0010000000000012221
20369000,-4005,12016,128985,-6768,7545,131496,113,19216,463,1,9677,0.0010000000000012221
20370000,-11499,4491,128035,-9070,-2904,126766,110,19225,451,1,9678,0.0009999999999976694
20371001,-2533,5280,123582,-11989,6799,122279,104,19225,451,1,9679,0.00100100000000225
20372000,-2728,8222,129074,1012,-428,126309,129,19230,426,0,9680,0.0009990000000001942
20373000,2568,-11,124321,6228,-6790,124272,129,19226,528,0,9681,0.0009999999999976694
20374000,953,-1534,123368,-10143,-1723,128595,105,19227,430,0,9682,0.0010000000000012221
20375002,280,3277,126578,-6932,5582,122415,109,19229,446,0,9683,0.0010019999999997253
20376000,-1631,17165,126347,7892,22075,116225,141,19225,577,1,9684,0.0009979999999991662
20377000,-3145,5371,125174,-14175,249,127987,112,19225,577,1,9685,0.0010000000000012221
20378000,6836,-329,126037,7678,-7157,128200,100,19236,459,1,9686,0.0010000000000012221
20379000,4823,7645,122938,12985,302,118819,100,19229,410,0,9687,0.0009999999999976694
20380000,10896,7175,123900,-3404,5554,121283,114,19230,467,0,9688,0.0010000000000012221
20381000,7075,-2042,126842,11982,-9862,130719,119,19227,487,0,9689,0.0010000000000012221
20382000,4768,-5216,125070,1755,-4826,129481,120,19220,491,1,9690,0.0009999999999976694
20383000,3392,7975,128580,-3493,12425,121795,113,19220,463,1,9691,0.0010000000000012221
20384001,2028,12339,129930,12479,2719,127511,103,19229,463,1,9692,0.0010009999999986974
20385000,9717,-905,123418,5576,-2306,123935,118,19228,422,1,9693,0.0009990000000001942
20386001,7966,6034,129957,-522,-2231,126900,118,19220,483,0,9694,0.00100100000000225
20387000,12707,-7399,126324,15949,-17654,132662,104,19229,426,0,9695,0.0009990000000001942
20388001,3694,8629,127975,7115,8253,117099,108,19230,442,0,9696,0.0010009999999986974
20389003,4630,4167,130136,-14953,-270,135543,128,19230,524,1,9697,0.0010019999999997253
20390000,6096,1027,130230,11705,5534,124308,117,19226,524,1,9698,0.000997000000001691
20391000,1593,16161,130128,6417,12603,124073,101,19231,479,1,9699,0.0009999999999976694
20392000,7116,-1710,128731,-10195,-11538,131038,101,19224,414,0,9700,0.0010000000000012221
20393000,9049,-12366,127016,9957,-15365,129021,159,19230,651,0,9701,0.0010000000000012221
20394000,6533,-7799,129741,17368,-8013,137316,109,19227,446,0,9702,0.0009999999999976694
20395000,550,788,130304,-20074,3732,118503,104,19227,426,0,9703,0.0010000000000012221
20396000,917,15970,135063,-11944,10351,126389,133,19225,426,1,9704,0.0010000000000012221
20397000,-8211,6976,130842,10920,948,133167,108,19231,545,1,9705,0.0009999999999976694
20398000,-4200,-375,128789,-14953,-7785,123944,108,19231,442,1,9706,0.0010000000000012221
20399001,-1446,-10490,132049,-12874,-17509,137867,109,19219,446,0,9707,0.0010009999999986974
20400000,1373,14418,131221,8428,10741,114751,86,19234,352,0,9708,0.0009990000000001942
20401000,-1481,980,130443,-5788,-1471,132113,106,19227,434,0,9709,0.0010000000000012221
20402001,-7368,-6028,131448,-18552,-10831,134816,130,19227,434,1,9710,0.0010009999999986974
20403000,-8868,5737,128477,-10521,5775,123879,115,19221,532,1,9711,0.0009990000000001942
20404000,-10683,12057,130015,-9511,10377,126373,115,19229,471,1,9712,0.0010000000000012221
20405000,-405,10965,131346,-10265,7238,122982,100,19227,410,1,9713,0.0009999999999976694
20406000,-6090,-12541,123355,-4796,-19727,138582,145,19223,594,0,9714,0.0010000000000012221
20407001,-1885,-1078,127798,-8067,-3997,119142,100,19234,410,0,9715,0.0010009999999986974
20408000,-78,8662,128570,-5639,6651,128836,105,19234,410,0,9716,0.0009990000000001942
20409000,-4377,6765,126894,-3699,3574,123628,129,19225,430,1,9717,0.0010000000000012221
20410000,-6770,11104,127070,-14019,5592,129010,129,19227,528,1,9718,0.0010000000000012221
20411000,-6466,-1919,127725,-6835,6402,123353,115,19232,471,1,9719,0.0009999999999976694
20412000,1130,12157,126345,-692,-4197,123582,106,19222,434,0,9720,0.0010000000000012221
20413000,-3460,-4611,124627,-1913,-10300,131348,85,19229,348,0,9721,0.0010000000000012221
20414000,1473,1411,124751,-8660,5504,120440,109,19229,348,0,9722,0.0009999999999976694
20415000,-86,6460,126354,-2320,10742,128336,126,19230,446,0,9723,0.0010000000000012221
20416001,-683,4331,124861,-4201,11754,122202,126,19220,516,1,9724,0.0010009999999986974
20417000,2527,12794,125856,-4939,1204,125256,115,19229,471,1,9725,0.0009990000000001942
20418000,1715,4200,122651,4154,-1060,124751,98,19227,401,1,9726,0.0010000000000012221
20419000,11369,4823,124621,5058,-2384,122752,129,19227,528,0,9727,0.0010000000000012221
20420000,8445,-1908,124560,4691,-6029,127209,113,19227,528,0,9728,0.0009999999999976694
20421000,7873,1181,127034,224,-3483,127051,115,19226,463,0,9729,0.0010000000000012221
20422000,4383,-4739,124436,6174,-3265,127246,115,19224,471,1,9730,0.0010000000000012221
20423000,1391,10102,128644,-2158,21554,120958,146,19227,598,1,9731,0.0009999999999976694
20424000,7282,8111,125031,3476,3302,123700,111,19228,455,1,9732,0.0010000000000012221
20425000,6840,-1354,124874,16640,-3043,128101,100,19224,410,0,9733,0.0010000000000012221
20426000,11688,1453,128275,-924,-6967,128381,119,19224,487,0,9734,0.0009999999999976694
20427000,7558,-8132,126276,10909,-14147,127478,104,19232,487,0,9735,0.0010000000000012221
20428000,4542,-332,132133,5093,939,131495,113,19233,426,0,9736,0.0010000000000012221
20429000,4016,-132,128302,-4187,-4171,130201,113,19225,463,1,9737,0.0009999999999976694
20430000,-1423,8156,129527,5631,10374,121985,109,19228,446,1,9738,0.0010000000000012221
20431000,4333,14156,130322,-2534,1138,127305,101,19226,414,1,9739,0.0009999999999976694
20432003,7243,-6328,125902,-453,-11818,131131,125,19226,512,0,9740,0.0010030000000007533
20433000,10725,-665,130416,15371,-5830,126839,100,19225,512,0,9741,0.000997000000001691
20434000,3615,-958,128746,2901,-9936,130436,104,19230,410,0,9742,0.0009999999999976694
20435000,-1085,-1505,132725,-20680,5510,131613,104,19226,426,1,9743,0.0010000000000012221
20436000,507,4985,132713,1952,-121,130591,145,19225,594,1,9744,0.0010000000000012221
20437000,-8284,-342,129196,1562,-3105,130343,112,19227,459,1,9745,0.0009999999999976694
20438000,-3651,5423,131158,-21944,392,124037,99,19227,405,1,9746,0.0010000000000012221
20439000,357,-10166,129437,-3161,-19065,139011,116,19225,405,0,9747,0.0010000000000012221
20440000,3713,3660,131224,10887,6181,121447,109,19230,475,0,9748,0.0009999999999976694
20441000,-6829,4979,129863,-19723,-2681,128552,109,19230,446,0,9749,0.0010000000000012221
20442000,-5281,627,131175,-17002,-4099,129442,118,19221,483,1,9750,0.0010000000000012221
20443000,-9062,7160,131918,1021,2140,129952,115,19227,471,1,9751,0.0009999999999976694
20444000,-8759,2112,129794,-13182,-344,130650,106,19229,434,1,9752,0.0010000000000012221
20445000,-5065,17280,131596,-16422,10427,115430,120,19229,434,0,9753,0.0010000000000012221
20446000,-2629,-7070,125239,-7754,-13941,134061,99,19214,491,0,9754,0.0009999999999976694
20447000,411,-3160,127703,2553,-6120,129992,99,19229,405,0,9755,0.0010000000000012221
20448000,-3823,4871,127372,-15921,1647,124122,109,19230,446,0,9756,0.0010000000000012221
20449000,-5501,9143,128956,-10606,6549,125529,141,19228,577,1,9757,0.0009999999999976694
20450000,-5872,6524,126362,-4972,696,124902,121,19229,496,1,9758,0.0010000000000012221
20451000,-2075,4522,127860,-11904,72,129841,103,19229,496,1,9759,0.0010000000000012221
20452000,-2481,16916,126797,3536,11857,118856,121,19226,422,0,9760,0.0009999999999976694
20453000,-791,-1619,122990,-2730,-4655,125227,121,19232,496,0,9761,0.0010000000000012221
20454000,3708,1368,126130,-7499,568,126434,108,19229,442,0,9762,0.0010000000000012221
20455000,2191,2246,125665,4555,196,125402,115,19224,471,1,9763,0.0009999999999976694
20456000,-1458,4941,126415,-562,2286,123348,139,19233,569,1,9764,0.0010000000000012221
20457000,-2289,4074,126678,-8729,476,120743,105,19233,569,1,9765,0.0010000000000012221
20458000,6189,8229,123899,-1992,3488,134148,106,19234,430,0,9766,0.0009999999999976694
20459002,8037,991,122882,14295,-5692,115353,106,19224,434,0,9767,0.0010019999999997253
20460000,9135,1209,123305,2648,-4828,126147,90,19227,369,0,9768,0.0009979999999991662
20461000,6055,2132,128761,2537,-13099,127820,110,19230,451,0,9769,0.0010000000000012221
20462000,4021,787,126094,10269,366,126277,133,19220,545,1,9770,0.0010000000000012221
20463000,2404,11501,131831,-3901,8312,127288,116,19220,545,1,9771,0.0009999999999976694
20464000,3669,9526,125855,2825,3831,118073,98,19232,475,1,9772,0.0010000000000012221
20465000,12199,1146,124946,13538,-7624,131542,98,19228,401,0,9773,0.0010000000000012221
20466000,7557,-2907,127027,6058,-4414,125399,145,19232,594,0,9774,0.0009999999999976694
20467000,10223,-9427,125683,6886,-13710,133377,105,19229,430,0,9775,0.0010000000000012221
20468000,5390,-4454,129405,1890,7063,122765,109,19231,446,0,9776,0.0010000000000012221
20469000,3687,14799,132226,-1656,2752,126856,127,19231,520,1,9777,0.0009999999999976694
20470000,483,6723,128738,7097,4913,127677,110,19226,520,1,9778,0.0010000000000012221
20471000,2167,3119,128983,-4168,-1577,123526,109,19230,451,1,9779,0.0010000000000012221
20472000,9169,-6832,129446,3622,-17876,136423,109,19220,446,0,9780,0.0009999999999976694
20473000,6123,-4391,129380,20542,-6361,121394,112,19234,459,0,9781,0.0010000000000012221
20474000,4490,1010,132292,-1501,-9966,137536,105,19230,430,0,9782,0.0010000000000012221
20475000,-2142,-5668,130146,-19687,-703,125596,122,19230,500,1,9783,0.0009999999999976694
20476000,-5175,22270,134434,-2225,16058,121971,111,19220,500,1,9784,0.0010000000000012221
20477000,-3890,1985,130877,3300,-5731,135517,99,19232,455,1,9785,0.0010000000000012221
20478000,-3345,-1604,130000,-10834,-13943,125862,99,19231,405,0,9786,0.0009999999999976694
20479000,-828,-14461,127201,-11591,-11829,132368,133,19227,545,0,9787,0.0010000000000012221
20480000,2056,12681,130946,2600,8482,119355,104,19228,426,0,9788,0.0010000000000012221
20481000,-1729,7801,130871,-8971,-916,130825,110,19228,451,0,9789,0.0009999999999976694
20482002,-6137,4041,129475,-16654,5202,129470,149,19225,451,1,9790,0.0010019999999997253
20483000,-9496,-1685,129176,-13489,4494,128584,114,19227,610,1,9791,0.000998000000002719
20484000,-3738,9589,131813,-1166,11450,126014,114,19231,467,1,9792,0.0009999999999976694
20485000,-2441,9822,127916,-3983,3017,129341,105,19224,430,0,9793,0.0010000000000012221
20486000,-5894,-10648,124073,-14628,-12059,129377,153,19224,627,0,9794,0.0010000000000012221
20487000,-1623,4399,128097,-8117,6061,125715,110,19230,451,0,9795,0.0009999999999976694
20488000,-1595,3566,127298,-4711,3156,124851,120,19230,451,1,9796,0.0010000000000012221
20489000,-5646,12818,131191,-5379,6536,125758,112,19222,491,1,9797,0.0010000000000012221
20490000,-7362,3050,125873,-18578,-2755,127523,112,19228,459,1,9798,0.0009999999999976694
20491000,-1712,6853,127589,-4641,5434,123699,107,19232,438,1,9799,0.0010000000000012221
20492000,2468,6040,127949,6584,-3257,124664,129,19228,528,0,9800,0.0009999999999976694
20493000,697,-8032,123822,-4055,-13285,129486,102,19229,418,0,9801,0.0010000000000012221
20494000,-1000,17577,127341,-6104,13625,116562,106,19229,418,0,9802,0.0010000000000012221
20495000,-1060,634,124593,-6262,47,128291,147,19225,434,1,9803,0.0009999999999976694
20496000,-2096,11343,126569,518,12502,124470,147,19227,602,1,9804,0.0010000000000012221
20497000,1126,10995,124152,-3480,9436,119891,112,19231,459,1,9805,0.0010000000000012221
20498000,4433,6594,123298,5900,2182,124259,99,19226,405,0,9806,0.0009999999999976694
20499000,9311,-4145,122534,2165,-6466,126558,105,19227,430,0,9807,0.0010000000000012221
20500001,11603,-3426,124738,5387,-7139,125903,112,19227,430,0,9808,0.0010009999999986974
20501000,4274,1570,127329,14759,-2900,125043,115,19227,459,0,9809,0.0009990000000001942
20502000,4058,-1749,127264,-5219,-3614,126346,115,19223,471,1,9810,0.0010000000000012221
20503000,2025,8483,128805,-677,5868,128300,112,19229,459,1,9811,0.0010000000000012221
20504000,7691,6500,126407,10976,1632,125658,104,19232,426,1,9812,0.0009999999999976694
20505000,8696,-820,127197,5755,5895,115069,117,19223,479,0,9813,0.0010000000000012221
20506000,7206,11160,128242,2241,-17599,137214,93,19223,479,0,9814,0.0010000000000012221
20507001,7250,-22374,124235,13707,-18108,135976,102,19229,381,0,9815,0.0010009999999986974
20508000,3613,3052,131929,2927,5445,124936,102,19230,418,1,9816,0.0009990000000001942
20509000,-276,11041,131030,-9573,10009,122548,134,19228,549,1,9817,0.0010000000000012221
20510000,811,19778,132131,5112,10737,126088,113,19231,463,1,9818,0.0009999999999976694
20511000,2045,-3911,128768,-1993,-14519,136595,100,19227,410,1,9819,0.0010000000000012221
20512000,9782,-17136,124631,4023,-12649,126130,155,19227,410,0,9820,0.0010000000000012221
20513000,10212,-1456,131067,15450,-6476,130667,105,19228,635,0,9821,0.0009999999999976694
20514000,4852,-2685,129379,-9063,-4806,123284,105,19229,430,0,9822,0.0010000000000012221
20515000,5873,10292,132222,-16272,8336,133675,109,19223,446,1,9823,0.0010000000000012221
20516000,-8630,1019,132194,6004,1361,130508,135,19225,553,1,9824,0.0009999999999976694
20517000,-6770,1875,129103,-12858,7569,122559,107,19231,438,1,9825,0.0010000000000012221
20518002,-42,-625,129009,-14463,-16516,134898,112,19231,459,0,9826,0.0010019999999997253
20519000,731,-12032,127638,4626,-9892,131991,100,19217,459,0,9827,0.0009979999999991662
20520000,3941,3811,130861,-2750,8249,123762,115,19227,410,0,9828,0.0010000000000012221
20521001,-8074,6251,132342,-16366,-3048,128381,115,19228,471,0,9829,0.0010009999999986974
20522000,-4945,3837,131300,-11620,3625,129424,134,19223,549,1,9830,0.0009990000000001942
20523000,-9563,3993,129556,-9822,-1356,134165,118,19230,483,1,9831,0.0010000000000012221
20524000,-6545,10800,129279,-12900,9443,120268,104,19230,426,1,9832,0.0009999999999976694
20525000,-3220,9282,129237,-5293,-1428,126341,150,19230,426,0,9833,0.0010000000000012221
20526000,-3688,-9246,125020,-6471,-11442,131163,100,19225,614,0,9834,0.0010000000000012221
20527001,2486,1963,129224,-6967,-2867,126062,100,19230,410,0,9835,0.0010009999999986974
20528001,-5674,1016,126025,-3882,1963,129002,103,19222,422,1,9836,0.0010000000000012221
20529000,-5191,17281,128854,-18836,26572,116051,126,19230,516,1,9837,0.0009990000000001942
20530000,-7448,6839,128184,-5344,3031,128122,113,19230,463,1,9838,0.0009999999999976694
20531000,-380,-4148,123884,2056,-7201,132027,110,19225,463,0,9839,0.0010000000000012221
20532000,3072,-4075,124291,-2889,-7961,126115,83,19230,451,0,9840,0.0010000000000012221
20533000,-151,-499,126149,-1230,-2746,119385,83,19229,340,0,9841,0.0009999999999976694
20534000,4399,11891,126831,-4056,6220,125879,106,19229,434,0,9842,0.0010000000000012221
20535000,-4343,6297,126202,-372,2062,127365,123,19217,504,1,9843,0.0010000000000012221
20536001,-3699,12400,126571,-4011,10294,122033,112,19229,459,1,9844,0.0010009999999986974
20537001,480,7731,124278,-2723,3647,122537,100,19229,459,1,9845,0.0010000000000012221
20538000,7087,7092,126417,5690,4445,124665,133,19226,410,0,9846,0.0009990000000001942
20539000,10248,701,124222,7451,-9301,124305,133,19232,545,0,9847,0.0009999999999976694
20540000,7678,-6645,125754,3595,-13252,128063,106,19227,434,0,9848,0.0010000000000012221
20541000,1033,-3764,130127,5785,-3504,129954,111,19225,455,1,9849,0.0010000000000012221
20542000,2140,33,124963,-103,1607,120074,138,19229,565,1,9850,0.0009999999999976694
20543000,4500,12653,128820,-3878,6252,129366,110,19229,565,1,9851,0.0010000000000012221
20544000,7125,5036,122847,12939,1246,122852,101,19231,451,1,9852,0.0010000000000012221
20545000,13300,-1850,124046,4306,-5222,125141,101,19227,414,0,9853,0.0009999999999976694
20546000,8515,-6410,129269,8510,-9359,129650,117,19229,479,0,9854,0.0010000000000012221
20547000,8037,-9145,127088,12789,-14373,129953,105,19228,430,0,9855,0.0010000000000012221
20548000,2695,2592,130428,-4152,395,126149,112,19221,459,1,9856,0.0009999999999976694
20549001,-2546,10561,130157,-5387,7700,123933,112,19221,459,1,9857,0.00100100000000225
20550002,1126,3816,128771,5565,-218,126313,104,19234,459,1,9858,0.0010009999999986974
20551002,3799,-7147,128464,26,-13040,130411,104,19228,426,1,9859,0.0010000000000012221
20552000,11029,-11228,128682,1257,-7931,136037,129,19224,528,0,9860,0.0009979999999991662
20553000,6011,2386,130412,16951,-8510,121666,100,19234,410,0,9861,0.0010000000000012221
20554001,-516,-4465,129417,-4713,2672,128626,105,19238,430,0,9862,0.0010009999999986974
20555000,317,8043,135109,-19752,-584,132740,143,19238,430,1,9863,0.0009990000000001942
20556002,-8327,806,130977,7503,-7193,129925,113,19226,586,1,9864,0.0010019999999997253
20557000,-4699,7992,132152,-18853,2691,124417,113,19230,463,1,9865,0.0009979999999991662
20558000,-7,-2823,128605,-7441,-11978,132824,100,19226,410,0,9866,0.0010000000000012221
20559003,928,-2516,127804,11218,-240,125146,126,19232,516,0,9867,0.0010030000000007533
20560000,741,3147,130695,-8989,-7662,131819,110,19229,451,0,9868,0.0009969999999981383
20561000,-8941,-2361,129656,-17293,-311,131256,120,19229,491,1,9869,0.0010000000000012221
20562000,-6708,8775,132538,-8617,10038,123511,118,19220,491,1,9870,0.0009999999999976694
20563000,-9500,5358,129606,-5915,-2008,129354,107,19229,483,1,9871,0.0010000000000012221
20564000,-3116,8843,130007,-5727,5355,129949,107,19231,438,1,9872,0.0010000000000012221
20565000,-4308,-4624,126189,-9471,-10716,127970,122,19218,500,0,9873,0.0009999999999976694
20566000,-3595,308,126349,-8097,2042,125206,92,19232,377,0,9874,0.0010000000000012221
20567000,-875,5512,129024,-2958,-5715,129277,107,19232,438,0,9875,0.0010000000000012221
20568000,-7729,-1727,125328,-9641,1457,123534,138,19226,438,1,9876,0.0009999999999976694
20569000,-4928,19176,130714,-14464,9099,124340,117,19224,565,1,9877,0.0010000000000012221
20570000,-9106,3805,125945,-1288,-741,128320,117,19231,479,1,9878,0.0010000000000012221
20571000,784,9846,126464,-7217,8646,118373,103,19228,422,0,9879,0.0009999999999976694
20572000,343,4692,124953,-6755,-1882,126241,133,19232,545,0,9880,0.0010000000000012221
20573000,4412,-3698,123105,8092,-6703,129939,112,19232,459,0,9881,0.0010000000000012221
20574000,634,1169,123794,-7490,-1610,124630,116,19229,459,0,9882,0.0009999999999976694
20575000,-3586,10619,126903,-10982,13187,120710,137,19220,475,1,9883,0.0010000000000012221
20576000,2006,16476,128651,9228,12873,123575,137,19230,561,1,9884,0.0010000000000012221
20577000,815,5400,124453,674,-2982,124383,103,19232,422,1,9885,0.0009999999999976694
20578000,9603,8933,124985,458,1813,125241,109,19226,446,0,9886,0.0010000000000012221
20579000,6872,2509,123113,13175,369,120591,97,19225,397,0,9887,0.0010000000000012221
20580000,9271,-1665,125527,10068,-5439,127229,116,19225,397,0,9888,0.0009999999999976694
20581000,5469,-2162,126757,-2685,-6730,130637,134,19229,475,1,9889,0.0010000000000012221
20582000,1506,6686,128735,-3897,9952,120237,134,19224,549,1,9890,0.0010000000000012221
20583001,6983,17008,130125,11862,13245,122479,116,19228,475,1,9891,0.0010009999999986974
20584000,4268,1277,124869,4173,-5058,127412,101,19234,414,1,9892,0.0009990000000001942
20585000,10743,-3141,126081,-3191,-4408,127414,143,19234,586,0,9893,0.0009999999999976694
20586011,9631,3653,128601,14859,-6021,127095,106,19234,586,0,9894,0.0010110000000018715
20587002,5972,-7322,128115,9605,-16181,129334,109,19228,434,0,9895,0.000990999999999076
20588000,6084,12749,132740,-5624,9945,122462,109,19225,446,1,9896,0.0009979999999991662
20589000,-1091,5780,130594,-4628,5155,129702,127,19224,520,1,9897,0.0010000000000012221
20590000,4296,3808,129853,14129,-17,129398,112,19231,459,1,9898,0.0010000000000012221
20591000,558,7350,128617,-740,1976,121010,108,19228,442,0,9899,0.0009999999999976694
20592000,10745,-17121,124808,-9196,-20690,138365,120,19228,442,0,9900,0.0010000000000012221
20593000,8129,-6209,131002,28677,-7247,125869,108,19232,491,0,9901,0.0010000000000012221
20594000,4044,-6625,127639,-11071,-10872,135055,108,19232,442,0,9902,0.0009999999999976694
20595000,-473,24177,134944,-21910,22865,116938,122,19218,500,1,9903,0.0010000000000012221
20596001,-4259,2695,131763,7214,-3146,142971,112,19232,459,1,9904,0.0010009999999986974
20597000,-4363,-9514,128220,1848,-11327,130056,99,19228,405,1,9905,0.0009990000000001942
20598002,-3910,-7336,129227,-24302,-12235,130138,132,19228,405,0,9906,0.0010019999999997253
20599000,-392,-1044,132027,-265,5431,121671,107,19228,541,0,9907,0.000998000000002719
20600000,1265,13954,129881,9546,-854,128046,107,19234,438,0,9908,0.0009999999999976694
20601000,-7164,1176,132246,-24255,-8812,138389,112,19226,459,1,9909,0.0010000000000012221
20602000,-9626,1264,129530,-11222,6645,125582,155,19228,635,1,9910,0.0010000000000012221
20603000,-9336,13431,131512,-6085,4491,125301,115,19230,471,1,9911,0.0009999999999976694
20604000,-3592,7956,128782,-10835,8007,123511,101,19230,471,1,9912,0.0010000000000012221
20605000,-1370,-5756,126901,-11977,-12811,133258,158,19224,414,0,9913,0.0010000000000012221
20606000,-1745,-10228,125246,-769,-3256,129238,158,19229,647,0,9914,0.0009999999999976694
20607000,-55,8990,127344,-10155,11297,115131,106,19233,434,0,9915,0.0010000000000012221
20608000,-5461,9340,127550,-8018,7012,128252,119,19218,487,1,9916,0.0010000000000012221
20609000,-7249,6879,128071,-11904,1563,131176,110,19222,451,1,9917,0.0009999999999976694
20610000,-5223,45,125152,-10494,183,127084,105,19222,430,1,9918,0.0010000000000012221
20611000,-309,5845,129437,5368,16532,117398,121,19227,430,0,9919,0.0010000000000012221
20612000,-436,4763,122521,-3345,-9383,124809,111,19219,496,0,9920,0.0009999999999976694
20613000,310,-11021,123348,-5395,-11468,138442,111,19228,455,0,9921,0.0010000000000012221
20614000,256,2249,125908,-118,8346,119808,115,19226,471,0,9922,0.0010000000000012221
20615000,-2894,18970,127382,-6250,13308,118517,150,19222,614,1,9923,0.0009999999999976694
20616000,-831,18526,128716,-5584,11162,123154,117,19222,479,1,9924,0.0010000000000012221
20617000,3594,-5960,123371,9965,-16439,134485,97,19234,479,1,9925,0.0009999999999976694
20618000,7820,-3227,122496,822,896,122059,109,19228,397,0,9926,0.0010000000000012221
20619000,10986,16985,126040,5091,4025,115666,109,19232,446,0,9927,0.0010000000000012221
20620000,8407,2240,125317,12306,-4563,128168,113,19225,463,0,9928,0.0009999999999976694
20621000,7553,-7054,127075,-5580,-10937,135131,118,19219,483,1,9929,0.0010000000000012221
20622000,-1096,4619,127903,3278,14811,124575,117,19228,479,1,9930,0.0010000000000012221
20623000,6549,15990,125886,5666,16710,118326,100,19228,479,1,9931,0.0009999999999976694
20624000,8833,2831,126281,7706,417,123730,113,19231,410,1,9932,0.0010000000000012221
20625001,13665,-2382,126311,936,-7962,132789,113,19221,463,0,9933,0.0010009999999986974
20626000,12836,-12785,124695,14666,-15529,131353,91,19230,373,0,9934,0.0009990000000001942
20627000,3033,98,130474,7017,2102,122633,104,19228,426,0,9935,0.0010000000000012221
20628000,5006,1713,129750,-13710,-1753,133504,130,19225,532,1,9936,0.0010000000000012221
20629000,251,15753,130850,7344,11771,119873,114,19225,532,1,9937,0.0009999999999976694
20630000,146,8906,130702,6434,2028,133114,100,19228,467,1,9938,0.0010000000000012221
20631000,5903,-2507,126509,-4791,-4685,126225,100,19227,410,0,9939,0.0010000000000012221
20632000,9202,-9401,129109,4686,-12809,130421,156,19231,639,0,9940,0.0009999999999976694
20633001,9140,-2056,131349,24653,-4955,131626,105,19225,430,0,9941,0.00100100000000225
20634000,1005,3892,130196,-22123,-282,125077,109,19227,446,0,9942,0.0009990000000001942
20635000,-1218,14361,136520,-19973,14237,127947,138,19227,446,1,9943,0.0009999999999976694
20636000,-7365,3780,129152,18508,-975,125526,106,19229,565,1,9944,0.0010000000000012221
20637000,-2988,-3323,130416,-16099,-8986,135804,106,19230,434,1,9945,0.0010000000000012221
20638000,-1378,-9343,128976,-19825,-13433,129990,110,19220,451,0,9946,0.0009999999999976694
20639000,4282,3551,130723,12537,877,124144,87,19229,356,0,9947,0.0010000000000012221
20640000,-1897,3915,131405,-429,-570,131036,109,19225,446,0,9948,0.0010000000000012221
20641000,-8167,3336,130604,-21444,-1404,123826,131,19225,446,1,9949,0.0009999999999976694
20642000,-11665,-3530,130180,-17380,-6067,132876,117,19223,537,1,9950,0.0010000000000012221
20643000,-10498,11545,130856,-5489,10352,119743,117,19235,479,1,9951,0.0010000000000012221
20644000,-3897,9587,129986,-12264,4663,129614,98,19230,401,1,9952,0.0009999999999976694
20645001,-7024,-12620,124871,-9434,-17245,128765,145,19223,594,0,9953,0.00100100000000225
20646000,-994,-4972,126951,-5480,-1606,132288,105,19230,430,0,9954,0.0009990000000001942
20647000,-2353,5562,129649,-11078,4984,118486,105,19230,430,0,9955,0.0009999999999976694
20648000,-4155,18688,126478,-2120,13547,117520,131,19220,430,1,9956,0.0010000000000012221
20649000,-7789,9642,127743,-11647,-2129,135177,131,19226,537,1,9957,0.0009999999999976694
20650001,-4954,3948,126580,-16012,-2514,119986,114,19230,467,1,9958,0.00100100000000225
20651000,3894,-668,125482,9351,-4565,135601,108,19222,442,0,9959,0.0009990000000001942
20652000,-2078,-305,126442,-7233,3887,113891,82,19231,336,0,9960,0.0009999999999976694
20653000,123,10198,125855,-7279,1378,126170,110,19231,451,0,9961,0.0010000000000012221
20654000,-739,-3633,124928,2255,-6238,135608,123,19228,451,1,9962,0.0010000000000012221
20655000,-1612,8365,126374,-2253,16917,115335,112,19218,504,1,9963,0.0009999999999976694
20656000,-2295,13409,127905,843,11754,122260,112,19231,459,1,9964,0.0010000000000012221
20657000,2233,5476,125286,2149,-1565,122542,96,19230,393,1,9965,0.0010000000000012221
20658002,11024,-5487,122867,4630,-8112,139520,128,19234,524,0,9966,0.0010019999999997253
20659003,9207,-7773,124349,9959,-6834,115490,109,19234,446,0,9967,0.0010009999999986974
20660001,7176,6889,125763,1118,-2698,124415,115,19228,446,0,9968,0.0009979999999991662
20661000,359,-1132,127670,6986,-3716,132224,145,19228,471,1,9969,0.0009990000000001942
20662000,2163,8886,126880,-4924,4937,121747,145,19229,594,1,9970,0.0010000000000012221
20663000,7359,8489,126996,7796,4717,131246,111,19232,455,1,9971,0.0010000000000012221
20664000,5158,11919,125612,13963,2257,113923,98,19227,401,0,9972,0.0009999999999976694
20665000,12940,1160,125802,-2305,-9118,130818,121,19227,496,0,9973,0.0010000000000012221
20666000,7683,-12140,126608,15087,-13892,134569,106,19230,496,0,9974,0.0010000000000012221
20667001,6706,-5630,129216,-392,-3743,129323,114,19229,434,0,9975,0.0010009999999986974
20668000,3006,5734,130075,-1307,8068,121371,114,19223,467,1,9976,0.0009990000000001942
20669000,-763,15406,130533,3913,14216,122656,111,19228,455,1,9977,0.0010000000000012221
20670000,6348,-782,127769,-2197,-6989,141335,105,19233,430,1,9978,0.0009999999999976694
20671000,5269,-8529,125954,5291,-9303,121285,127,19221,520,0,9979,0.0010000000000012221
20672000,11651,-1168,129451,12408,-3787,128904,101,19221,520,0,9980,0.0010000000000012221
20673000,1261,-1921,130087,5309,-8240,129590,105,19236,414,0,9981,0.0009999999999976694
20674001,2207,-2609,131212,-18284,-1089,131409,105,19229,430,1,9982,0.00100100000000225
20675000,-4842,7565,133586,-1540,2230,135585,145,19224,594,1,9983,0.0009990000000001942
20676000,-10090,6121,129593,-72,4851,118750,115,19234,471,1,9984,0.0009999999999976694
20677000,-2656,8600,133929,-19981,-451,124530,99,19225,405,1,9985,0.0010000000000012221
20678000,928,-11235,128969,-1352,-18538,139523,131,19225,405,0,9986,0.0010000000000012221
20679000,2992,4169,129394,11007,1917,124720,111,19233,537,0,9987,0.0009999999999976694
20680000,-5858,10861,129836,-22587,6149,123656,111,19229,455,0,9988,0.0010000000000012221
20681000,-5704,3630,130596,-16023,-67,125638,117,19222,479,1,9989,0.0009999999999976694
20682000,-6344,8648,134229,2503,4660,138212,125,19230,512,1,9990,0.0010000000000012221
20683000,-7821,4413,127071,-14412,6378,123300,109,19234,446,1,9991,0.0010000000000012221
20684002,-3179,10944,130998,-10565,8488,124166,117,19234,446,0,9992,0.0010019999999997253
20685002,-2392,661,124845,-5508,-4038,129008,92,19219,479,0,9993,0.0010000000000012221
20686000,1863,-3816,124779,-2849,-4332,130872,92,19232,377,0,9994,0.0009979999999991662
20687000,-1553,-1042,129306,-14736,-1350,129904,104,19228,426,0,9995,0.0009999999999976694
20688001,-5860,14553,127543,-7616,12617,116904,134,19225,549,1,9996,0.00100100000000225
20689000,-3810,15119,128660,-7837,8475,135707,120,19231,491,1,9997,0.0009990000000001942
20690000,-5857,-4709,124985,-5021,-7371,122242,104,19231,491,1,9998,0.0009999999999976694
20691001,304,8101,125687,-4494,5620,123130,136,19228,426,0,9999,0.00100100000000225
20692000,-1048,4491,126025,-4786,1465,123570,136,19230,557,0,10000,0.0009990000000001942
20693001,3716,-1236,127438,264,-8461,131689,109,19229,446,0,10001,0.0010009999999986974
20694000,1710,6210,126929,3959,-9374,126150,111,19223,455,1,10002,0.0009990000000001942
20695000,-6582,15161,125353,-10393,14798,118811,147,19229,602,1,10003,0.0010000000000012221
20696000,2371,15511,127736,-3714,9129,127810,109,19229,602,1,10004,0.0009999999999976694
20697000,6454,5674,123809,10541,4902,119403,111,19232,446,0,10005,0.0010000000000012221
20698001,10362,-3350,121787,-2624,-8953,131668,92,19221,455,0,10006,0.0010009999999986974
20699000,8013,-7511,124013,8100,-8115,123587,92,19227,377,0,10007,0.0009990000000001942
20700000,9140,1061,125781,12053,-2226,126756,113,19227,463,0,10008,0.0010000000000012221
20701000,3922,-240,127834,537,7151,126506,132,19225,541,1,10009,0.0010000000000012221
20702000,-1109,12991,130247,-6202,3748,121476,117,19225,479,1,10010,0.0009999999999976694
20703000,6580,6707,126552,8848,-6830,129442,102,19230,479,1,10011,0.0010000000000012221
20704000,7702,4312,126588,7185,-4204,122320,141,19227,418,0,10012,0.0010000000000012221
20705000,11401,-2308,128723,9129,5700,125971,141,19230,577,0,10013,0.0009999999999976694
20706001,8738,-5859,126583,10357,-16773,129899,103,19228,422,0,10014,0.00100100000000225
20707000,6176,-7725,127030,-5230,-9964,134394,107,19225,438,1,10015,0.0009990000000001942
20708000,2852,9163,131389,3287,11910,124630,131,19225,537,1,10016,0.0009999999999976694
20709000,-2286,15390,129130,-956,11502,120699,112,19228,537,1,10017,0.0010000000000012221
20710001,5574,6831,130920,-5881,-38,128157,106,19229,459,1,10018,0.0010009999999986974
20711000,6037,-10129,127040,7433,-20153,133733,106,19221,434,0,10019,0.0009990000000001942
20712000,11581,-11400,128899,14925,-13919,128688,121,19233,496,0,10020,0.0010000000000012221
20713000,4990,4908,130206,-667,-1084,125847,107,19228,438,0,10021,0.0009999999999976694
20714005,-310,1953,132710,-16184,2837,127705,119,19214,487,1,10022,0.0010050000000028092
20715002,-2583,14141,133795,-7180,12675,127547,112,19214,487,1,10023,0.0009969999999981383
20716000,-8523,1074,130708,3248,-2952,133433,103,19227,459,1,10024,0.0009979999999991662
20717001,-2508,-7272,126737,-9707,-3062,124519,103,19227,422,0,10025,0.00100100000000225
20718000,-818,-10199,129290,-13305,-11888,132584,131,19228,537,0,10026,0.0009990000000001942
20719001,5006,-6382,129994,7653,-4137,130734,100,19228,410,0,10027,0.0010009999999986974
20720000,-2623,9793,132499,-6557,1839,127381,109,19216,446,0,10028,0.0009990000000001942
20721000,-9364,2355,130096,-22190,2090,134021,156,19216,446,1,10029,0.0010000000000012221
20722000,-8565,9412,130599,-11856,9156,126969,115,19229,639,1,10030,0.0009999999999976694
20723000,-5660,5835,128665,-4204,3584,131039,115,19229,471,1,10031,0.0010000000000012221
20724000,-773,6794,128662,-3841,1354,124648,103,19224,422,0,10032,0.0010000000000012221
20725001,-4040,-4189,125420,-14476,-8620,128095,157,19233,643,0,10033,0.0010009999999986974
20726001,-1659,-2250,127171,-4489,-2021,126999,103,19229,422,0,10034,0.0010000000000012221
20727001,-1991,10233,129044,-4900,8660,129695,115,19229,422,1,10035,0.0009999999999976694
20728000,-8158,7547,126416,-10784,5430,123871,110,19218,471,1,10036,0.0009990000000001942
20729000,-7651,17352,128297,-16527,16309,119751,110,19220,451,1,10037,0.0010000000000012221
20730000,673,-428,126575,-5172,-2276,130264,106,19229,434,1,10038,0.0010000000000012221
20731001,4484,-8600,125228,8664,-10503,127861,125,19228,512,0,10039,0.0010009999999986974
20732000,1625,-2959,124111,-4400,-4489,128113,100,19231,410,0,10040,0.0009990000000001942
20733000,-1094,4125,124157,-7312,2652,120474,109,19231,410,0,10041,0.0010000000000012221
20734001,-1097,7674,127520,1038,3879,126077,143,19228,446,1,10042,0.0010009999999986974
20735000,-3210,8810,126218,-9518,5959,123591,143,19223,586,1,10043,0.0009990000000001942
20736002,-404,9434,127048,1368,6370,125921,114,19232,467,1,10044,0.0010019999999997253
20737002,3182,6807,123511,8304,2990,118362,97,19227,397,0,10045,0.0010000000000012221
20738000,10610,5863,124606,-8559,489,127943,108,19235,442,0,10046,0.0009979999999991662
20739000,8840,-6621,125660,20360,-9188,126413,115,19235,442,0,10047,0.0010000000000012221
20740000,4047,-6242,125747,4593,-9094,131834,116,19227,471,0,10048,0.0009999999999976694
20741000,583,6307,128229,-14170,8261,120032,116,19221,475,1,10049,0.0010000000000012221
20742000,5847,17212,129618,10339,8848,124931,118,19227,483,1,10050,0.0009999999999976694
20743000,5433,-2886,125519,8834,-779,128452,105,19231,430,1,10051,0.0010000000000012221
20744000,9579,3598,126624,-2271,-181,118939,114,19220,467,0,10052,0.0010000000000012221
20745000,11305,-3463,125543,16713,-13669,136942,92,19220,377,0,10053,0.0009999999999976694
20746000,6126,-5949,127078,13002,-7152,123897,103,19230,377,0,10054,0.0010000000000012221
20747000,3999,-367,129885,-13289,-4670,134426,127,19228,422,1,10055,0.0010000000000012221
20748001,-469,4932,130907,635,15041,122362,127,19227,520,1,10056,0.0010009999999986974
20749000,1450,16764,130877,9608,8287,127503,113,19228,463,1,10057,0.0009990000000001942
20750000,3138,-3097,128422,-1023,-6806,130519,102,19232,418,1,10058,0.0010000000000012221
20751000,8502,-10759,125890,2772,-15190,126903,157,19232,643,0,10059,0.0009999999999976694
20752000,11454,-16778,129766,17452,-9278,142447,113,19231,643,0,10060,0.0010000000000012221
20753000,663,3093,129483,-8337,3236,113678,110,19228,463,0,10061,0.0010000000000012221
20754002,3735,11097,133653,-20133,3983,133232,110,19222,451,1,10062,0.0010019999999997253
20755000,-9885,5470,134572,11069,832,131235,140,19229,573,1,10063,0.0009979999999991662
20756003,-7221,1137,129273,-11170,-10319,127426,107,19229,438,1,10064,0.0010030000000007533
20757000,-2353,-7214,128672,-16572,-13455,138817,107,19229,438,0,10065,0.0009969999999981383
20758000,579,3791,131616,8794,1290,116555,94,19222,438,0,10066,0.0010000000000012221
20759000,3711,5295,129215,-582,-3858,131657,109,19230,385,0,10067,0.0010000000000012221
20760001,-6701,1009,131263,-18331,-2368,126945,109,19228,446,0,10068,0.0010009999999986974
20761002,-6649,5164,131092,-12790,466,131384,126,19223,516,1,10069,0.0010009999999986974
20762002,-9306,2504,128711,-2493,7445,128213,114,19230,467,1,10070,0.0010000000000012221
20763000,-6333,13729,129763,-12407,12055,120495,100,19231,410,1,10071,0.0009979999999991662
20764000,-1546,-5139,126379,-14455,-11799,140870,141,19231,410,0,10072,0.0010000000000012221
20765000,-2790,-4765,123457,3476,-8393,117111,103,19220,577,0,10073,0.0010000000000012221
20766000,-1489,4152,128579,-6731,-5424,130278,103,19232,422,0,10074,0.0009999999999976694
20767000,-3985,13419,128890,-11547,9670,118594,105,19224,430,1,10075,0.0010000000000012221
20768000,-7176,16880,130225,-6466,11605,123526,133,19223,545,1,10076,0.0010000000000012221
20769000,-8634,-55,127840,-12828,-1415,136390,111,19231,455,1,10077,0.0009999999999976694
20770001,-2174,9612,125207,-6015,8547,112874,105,19231,455,1,10078,0.00100100000000225
20771000,1663,4030,126688,1809,-1207,132155,89,19224,430,0,10079,0.0009990000000001942
20772000,4648,-6037,123076,-202,-7648,124012,89,19236,365,0,10080,0.0009999999999976694
20773000,2941,5110,125980,-9054,2015,128681,110,19229,451,0,10081,0.0010000000000012221
20774001,-1222,11794,125410,-78,14390,118734,123,19220,504,1,10082,0.0010009999999986974
20775000,-1913,15750,126035,2207,9814,118671,110,19229,451,1,10083,0.0009990000000001942
20776000,1227,4717,127910,-4337,-3597,137971,96,19229,451,1,10084,0.0010000000000012221
20777000,7120,5865,121596,3755,4038,116195,128,19231,393,0,10085,0.0009999999999976694
20778000,7731,2489,127291,7035,-664,125491,128,19229,524,0,10086,0.0010000000000012221
20779000,9270,-974,125566,6824,-3703,124083,108,19229,442,0,10087,0.0010000000000012221
20780000,4720,-8860,124322,4366,-13646,134723,115,19227,471,1,10088,0.0009999999999976694
20781001,-338,4125,128820,2193,3226,127642,145,19225,594,1,10089,0.00100100000000225
20782000,6295,22186,129647,-5819,19803,110586,111,19225,594,1,10090,0.0009990000000001942
20783000,7771,861,125787,14424,-3302,131745,98,19233,455,1,10091,0.0009999999999976694
20784000,9917,-867,125105,6054,-6286,123500,98,19228,401,0,10092,0.0010000000000012221
20785000,10965,-4367,128130,1143,-9184,135381,119,19232,487,0,10093,0.0010000000000012221
20786000,4307,-932,129081,18224,-3180,128250,108,19229,442,0,10094,0.0009999999999976694
20787000,2782,1827,130804,-9605,-4354,137730,113,19226,463,1,10095,0.0010000000000012221
20788000,93,8463,132350,1669,9045,118173,106,19226,434,1,10096,0.0010000000000012221
20789006,-204,12736,127472,6356,-192,124865,102,19227,434,1,10097,0.0010060000000002844
20790000,6630,1882,128761,-5120,-6125,132830,124,19228,418,1,10098,0.0009939999999986071
20791000,11931,-4872,127041,6970,-12072,124807,124,19222,508,0,10099,0.0010000000000012221
20792000,10561,-9298,128785,9045,-6408,136579,105,19232,430,0,10100,0.0009999999999976694
20793000,-677,-2326,129645,-11857,-124,122357,109,19228,446,0,10101,0.0010000000000012221
20794000,1919,6074,132707,-10432,-222,131277,139,19228,569,1,10102,0.0010000000000012221
20795000,-6562,4023,132945,5877,2102,132143,110,19224,569,1,10103,0.0009999999999976694
20796000,-5878,3056,130362,-10858,-826,123923,98,19231,451,1,10104,0.0010000000000012221
20797000,793,-6358,128903,-16779,-11373,133810,98,19225,401,0,10105,0.0010000000000012221
20798001,-1054,-3317,129281,12503,-5657,126025,137,19238,561,0,10106,0.0010009999999986974
20799002,612,-4346,130360,2275,6807,134055,110,19229,451,0,10107,0.0010009999999986974
20800000,-8053,6772,132088,-30066,-1251,123540,113,19229,463,1,10108,0.000998000000002719
20801000,-7851,4026,129112,-11335,-2838,134606,121,19221,463,1,10109,0.0009999999999976694
20802000,-7475,5503,130526,608,6453,127664,108,19228,496,1,10110,0.0010000000000012221
20803000,-4917,12173,129508,-12912,5513,116199,108,19230,442,1,10111,0.0010000000000012221
20804000,-2067,2011,129027,-11412,-7389,134184,117,19219,479,0,10112,0.0009999999999976694
20805000,-3833,-6331,124921,-4596,-6180,125610,101,19231,414,0,10113,0.0010000000000012221
20806000,1335,4393,129925,-2157,762,129400,105,19235,430,0,10114,0.0009999999999976694
20807000,-7757,2034,125843,-8874,1027,121471,130,19235,430,1,10115,0.0010000000000012221
20808000,-7431,14782,129029,-17729,11494,123601,116,19224,532,1,10116,0.0010000000000012221
20809000,-4674,2896,129359,-458,-1589,133201,116,19233,475,1,10117,0.0009999999999976694
20810000,-1097,-295,122182,-804,3303,115677,102,19228,418,0,10118,0.0010000000000012221
20811000,765,9886,126387,-8554,12039,125018,128,19230,524,0,10119,0.0010000000000012221
20812000,721,-2313,122571,2708,-7518,125791,109,19228,446,0,10120,0.0009999999999976694
20813000,4873,-13363,125361,-6851,-13787,138533,113,19228,446,0,10121,0.0010000000000012221
20814003,-3514,8770,127256,-1042,11393,120713,143,19224,463,1,10122,0.0010030000000007533
20815001,-3123,23218,127769,-1807,18832,115652,143,19230,586,1,10123,0.0009979999999991662
20816002,5347,5287,124994,-1259,2552,131439,105,19233,430,1,10124,0.0010009999999986974
20817002,5656,-6511,122904,6906,-11890,127201,105,19226,430,0,10125,0.0010000000000012221
20818000,11160,4233,122951,8435,2036,120023,91,19226,373,0,10126,0.0009979999999991662
20819000,2666,5259,126264,9651,-137,120419,115,19226,373,0,10127,0.0010000000000012221
20820000,6700,-125,127829,577,-4332,134646,132,19225,471,1,10128,0.0010000000000012221
20821002,1879,3095,127666,-2741,2976,132238,132,19226,541,1,10129,0.0010019999999997253
20822002,4671,14807,127951,8472,15252,118383,115,19226,471,1,10130,0.0009999999999976694
20823000,10604,13116,125945,8464,7423,120920,97,19230,397,1,10131,0.000998000000002719
20824000,9891,-4863,124731,1319,-8883,126507,140,19227,573,0,10132,0.0009999999999976694
20825000,15732,-15224,128020,11881,-19971,141717,106,19227,573,0,10133,0.0010000000000012221
20826000,3543,-556,127147,13873,765,121114,108,19239,434,0,10134,0.0010000000000012221
20827000,4659,9871,132182,-11718,5404,124055,108,19227,442,1,10135,0.0009999999999976694
20828000,-1056,8284,130559,2085,2553,130662,130,19231,532,1,10136,0.0010000000000012221
20829000,374,6846,129346,5944,2361,130403,108,19231,442,1,10137,0.0010000000000012221
20830000,5381,3775,129089,-3231,2341,125753,106,19221,434,0,10138,0.0009999999999976694
20831000,8643,-5235,128926,4630,-9103,127185,118,19221,434,0,10139,0.0010000000000012221
20832000,11727,-1011,130024,17995,-5858,138025,112,19230,483,0,10140,0.0010000000000012221
20833000,-272,-5945,129157,-9377,-9092,121756,112,19228,459,0,10141,0.0009999999999976694
20834000,-292,13466,133640,-15647,8716,128695,121,19220,496,1,10142,0.0010000000000012221
20835000,-5467,12596,132011,1165,4236,128663,110,19232,451,1,10143,0.0009999999999976694
20836002,-4063,-2656,129693,-873,-14970,133904,98,19230,401,1,10144,0.001002000000003278
20837000,2363,-17227,127508,-19030,-14157,132869,131,19230,537,0,10145,0.0009979999999991662
20838000,-2505,7887,129621,-171,4439,115840,108,19225,537,0,10146,0.0009999999999976694
20839000,1816,10261,129901,-7537,2952,129938,114,19230,442,0,10147,0.0010000000000012221
20840000,-6808,6379,133699,-21370,-6677,133830,114,19227,467,1,10148,0.0010000000000012221
20841001,-8205,-4156,130113,-5449,-428,132310,152,19230,623,1,10149,0.0010009999999986974
20842002,-10960,10315,131589,-9100,10414,123134,116,19235,475,1,10150,0.00100100000000225
20843000,-4354,9501,129604,-8165,3407,125053,101,19235,414,1,10151,0.0009979999999991662
20844000,-4395,-8094,125953,-1311,-5845,136213,156,19224,414,0,10152,0.0009999999999976694
20845000,-3986,-9152,125982,-6993,-9428,126507,114,19231,639,0,10153,0.0010000000000012221
20846000,-2722,3955,127461,-10758,10877,121749,114,19228,467,0,10154,0.0010000000000012221
20847000,-6314,17256,129602,-6162,6376,125710,118,19222,483,1,10155,0.0009999999999976694
20848000,-7040,3439,127414,-3909,-2218,129350,113,19229,463,1,10156,0.0010000000000012221
20849000,-7981,1542,127203,-14601,-1419,132906,106,19230,434,1,10157,0.0010000000000012221
20850000,83,7425,125579,-422,5340,115594,122,19230,434,0,10158,0.0009999999999976694
20851000,636,8760,125893,4963,-481,126484,98,19226,500,0,10159,0.0010000000000012221
20852000,1543,-8433,122531,-7411,-8494,129255,98,19229,401,0,10160,0.0010000000000012221
20853000,-895,2561,126267,-3660,6660,124492,106,19225,434,0,10161,0.0009999999999976694
20854002,-1318,13258,125778,-5368,12787,121206,140,19224,573,1,10162,0.0010019999999997253
20855000,-1462,17082,127693,-1474,9819,120466,113,19229,463,1,10163,0.000998000000002719
20856000,1569,927,123444,6160,1369,133519,96,19229,463,1,10164,0.0009999999999976694
20857000,10080,-7819,121272,-2582,-5780,119930,108,19224,393,0,10165,0.0010000000000012221
20858000,11624,2743,124854,11246,-2026,129165,108,19231,442,0,10166,0.0010000000000012221
20859000,6989,-4943,124032,14628,-10934,120721,111,19231,455,0,10167,0.0009999999999976694
20860001,1796,-3026,127457,-1588,-7033,129295,117,19223,479,1,10168,0.00100100000000225
20861000,-37,4490,131562,-5398,4279,131557,118,19232,483,1,10169,0.0009990000000001942
20862000,3573,13360,126490,10792,10938,118923,105,19232,483,1,10170,0.0009999999999976694
20863000,6128,7944,125189,8143,7955,125480,111,19228,430,1,10171,0.0010000000000012221
20864000,13156,1950,125019,-5860,-5309,122211,111,19222,455,0,10172,0.0010000000000012221
20865000,9406,-18984,123531,20548,-21903,139893,99,19229,405,0,10173,0.0009999999999976694
20866000,7098,-5396,127973,8236,-5480,124810,107,19229,438,0,10174,0.0010000000000012221
20867000,3413,12043,131534,-13680,7553,126289,133,19224,545,1,10175,0.0009999999999976694
20868000,-260,17708,129491,9316,15223,122509,117,19224,545,1,10176,0.0010000000000012221
20869001,217,2091,129220,6105,-7292,131212,101,19228,479,1,10177,0.00100100000000225
20870000,7173,-3872,128405,-8595,-5962,135251,101,19226,414,0,10178,0.0009989999999966415
20871000,11155,-6309,128191,10557,-9500,120726,153,19231,627,0,10179,0.0010000000000012221
20872000,6349,-322,131356,20613,-4825,133368,102,19228,418,0,10180,0.0010000000000012221
20873000,3090,2151,130845,-25201,-187,126440,106,19227,434,0,10181,0.0009999999999976694
20874000,-3794,3287,131998,-8867,944,131498,141,19227,434,1,10182,0.0010000000000012221
20875000,-9376,9382,133077,15429,4193,125291,108,19228,577,1,10183,0.0010000000000012221
20876000,-3423,-434,127917,-21779,-4124,125366,108,19236,442,1,10184,0.0009999999999976694
20877000,-351,-9172,128933,-14072,-11734,133415,106,19219,434,0,10185,0.0010000000000012221
20878000,5699,5742,130059,13522,215,125744,90,19229,369,0,10186,0.0010000000000012221
20879000,-2610,-1144,128552,-5548,-5343,128814,107,19229,438,0,10187,0.0009999999999976694
20880000,-6935,11259,133924,-18897,10164,129034,130,19229,532,1,10188,0.0010000000000012221
20881000,-10354,4225,129106,-13749,-5203,137750,117,19224,532,1,10189,0.0010000000000012221
20882012,-7878,9095,132109,-3360,10886,114425,100,19228,479,1,10190,0.0010119999999993468
20883000,-3488,13430,128153,-9493,-1727,126832,100,19232,410,1,10191,0.0009879999999995448
20884000,-4731,-1381,126174,-11635,-12397,130156,144,19223,590,0,10192,0.0010000000000012221
20885000,1357,-2406,126009,-2552,-5728,126055,103,19232,422,0,10193,0.0009999999999976694
20886000,502,-698,129316,-7263,2037,132281,106,19232,434,0,10194,0.0010000000000012221
20887011,-7008,13787,127952,-8297,18045,111331,140,19225,434,1,10195,0.0010109999999983188
20888000,-7962,13192,129041,-19117,-606,135755,115,19228,573,1,10196,0.0009890000000005728
20889000,-2275,-6200,125278,-1950,-2153,129498,115,19232,471,1,10197,0.0010000000000012221
20890000,961,1725,126036,6198,703,122785,107,19224,438,0,10198,0.0010000000000012221
20891000,-852,-2034,125143,-9826,-3565,124129,84,19230,344,0,10199,0.0009999999999976694
20892000,14,10091,126118,-2537,-4109,123299,112,19230,459,0,10200,0.0010000000000012221
20893000,-873,7410,127480,3911,-222,136254,124,19228,459,1,10201,0.0010000000000012221
20894000,-2043,9080,125393,-9055,10875,112855,112,19219,508,1,10202,0.0009999999999976694
20895001,-2403,15551,126870,-6432,9837,124079,112,19231,459,1,10203,0.00100100000000225
20896000,7859,5008,124588,7415,53,124986,100,19232,410,1,10204,0.0009990000000001942
20897000,10787,-74,122955,7488,-7489,124049,130,19232,532,0,10205,0.0009999999999976694
20898000,10154,-2978,125128,2279,-5521,129669,115,19229,471,0,10206,0.0010000000000012221
20899000,5492,-941,124543,3815,1103,119741,115,19229,471,0,10207,0.0009999999999976694
20900000,5547,-2814,125640,6003,-1804,132929,145,19225,471,1,10208,0.0010000000000012221
20901000,2915,9775,128029,-3025,6077,119643,145,19228,594,1,10209,0.0010000000000012221
20902001,6102,9212,126699,8475,-949,125112,113,19231,463,1,10210,0.0010009999999986974
20903000,10365,1042,126772,7623,4329,121714,102,19224,418,0,10211,0.0009990000000001942
20904001,8710,-1490,128930,2389,-8474,127621,123,19231,504,0,10212,0.0010009999999986974
20905000,8739,-15934,125774,23628,-14669,140404,106,19231,504,0,10213,0.0009990000000001942
20906000,1030,-7630,128422,-8839,-12671,125118,112,19225,434,0,10214,0.0010000000000012221
20907000,3940,5463,131229,-12173,8096,129644,112,19224,459,1,10215,0.0010000000000012221
20908002,2036,17610,130770,17726,12336,120773,106,19231,434,1,10216,0.0010019999999997253
20909002,1535,2271,127350,-3081,-7288,133203,103,19232,422,1,10217,0.0009999999999976694
20910000,8591,-9600,127261,-7519,-15952,130605,126,19221,516,0,10218,0.000998000000002719
20911000,5622,-7422,127306,22515,-8873,120105,106,19221,516,0,10219,0.0009999999999976694
20912001,6985,1917,129536,3387,-5210,135379,106,19227,434,0,10220,0.00100100000000225
20913001,-767,3971,132299,-22674,4755,122106,106,19230,434,1,10221,0.0009999999999976694
20914000,-330,1970,132801,1981,-4889,138413,139,19226,569,1,10222,0.0009990000000001942
20915000,-8050,2069,128445,1333,4144,124475,113,19231,463,1,10223,0.0010000000000012221
20916000,-1358,1273,131116,-22415,-3609,127944,100,19226,410,1,10224,0.0010000000000012221
20917000,2854,2008,128246,6353,888,132493,135,19226,410,0,10225,0.0009999999999976694
20918001,724,-1094,127302,-287,-6133,123165,108,19231,553,0,10226,0.00100100000000225
20919000,-2690,2531,134188,-16523,1333,134773,108,19228,442,0,10227,0.0009990000000001942
20920000,-7349,2940,129595,-10211,1578,124580,116,19220,475,1,10228,0.0009999999999976694
20921000,-8544,8443,133093,-9546,7266,131819,121,19227,496,1,10229,0.0010000000000012221
20922001,-9168,9694,130019,-10655,3799,127975,106,19231,434,1,10230,0.0010009999999986974
20923000,-1815,3554,128717,-10602,1712,127289,115,19231,471,0,10231,0.0009990000000001942
20924000,-5365,-2819,128045,-4131,-5008,128317,98,19223,471,0,10232,0.0010000000000012221
20925000,-2295,-792,127676,-7252,-4041,128519,103,19231,401,0,10233,0.0010000000000012221
20926000,163,6505,127453,-10272,3269,120410,103,19227,422,0,10234,0.0009999999999976694
20927000,-5540,16086,128611,-6296,13902,126932,132,19227,541,1,10235,0.0010000000000012221
20928000,-5608,2726,124071,-6563,5848,124321,116,19225,475,1,10236,0.0010000000000012221
20929000,-3568,22113,126629,-11160,6882,122109,103,19225,422,1,10237,0.0009999999999976694
20930000,2598,-2288,124402,-1752,-11313,131349,129,19226,422,0,10238,0.0010000000000012221
20931002,5522,-5949,124495,5716,-4011,124320,111,19232,528,0,10239,0.0010019999999997253
20932003,1174,-803,125859,-3966,-2059,126244,111,19232,455,0,10240,0.0010009999999986974
20933000,44,11310,127435,-584,9795,119339,110,19220,451,1,10241,0.000997000000001691
20934000,-2995,15477,128216,-2935,-200,133028,144,19228,590,1,10242,0.0009999999999976694
20935000,335,2054,124523,-2493,4163,121519,105,19228,430,1,10243,0.0010000000000012221
20936001,4541,14227,126188,6828,5851,119055,107,19230,430,0,10244,0.0010009999999986974
20937000,7113,3568,123969,6986,-7426,125650,93,19225,438,0,10245,0.0009990000000001942
20938000,11168,-3236,123510,9328,-7928,128533,93,19227,381,0,10246,0.0010000000000012221
20939000,4981,-9050,127045,1941,-8931,128931,115,19224,471,0,10247,0.0010000000000012221
20940000,5243,3319,128148,204,12713,119557,130,19222,532,1,10248,0.0009999999999976694
20941000,395,21795,129992,5703,4309,124484,112,19230,459,1,10249,0.0010000000000012221
20942001,6683,-1282,124708,4375,-10531,134809,97,19230,459,1,10250,0.0010009999999986974
20943000,10554,-5957,124169,3881,654,123032,141,19230,397,0,10251,0.0009990000000001942
20944002,7971,11441,129251,14337,4138,120564,141,19230,577,0,10252,0.0010019999999997253
20945001,8328,-7020,125214,11387,-16868,132059,105,19228,430,0,10253,0.0009990000000001942
20946000,4132,-4040,130279,-3708,-7092,132353,104,19224,426,1,10254,0.0009990000000001942
20947000,1706,2060,129701,1256,4177,130727,126,19227,516,1,10255,0.0010000000000012221
20948001,-349,14491,130682,448,14455,114493,111,19227,516,1,10256,0.0010009999999986974
20949000,4420,9464,130886,-1006,-1723,129273,107,19232,455,1,10257,0.0009990000000001942
20950000,9696,-16708,125825,5321,-20539,137394,107,19227,438,0,10258,0.0010000000000012221
20951000,9187,-9385,129218,17489,-9147,126739,118,19230,483,0,10259,0.0010000000000012221
20952000,3415,-10544,129680,-5776,-8190,132731,107,19228,438,0,10260,0.0009999999999976694
20953000,-2322,13411,133122,-15365,10637,117542,119,19222,487,1,10261,0.0010000000000012221
20954000,-5332,2484,133569,1182,-7006,140877,107,19222,487,1,10262,0.0010000000000012221
20955000,-8543,2245,130073,458,254,129528,100,19233,438,1,10263,0.0009999999999976694
20956000,-3898,-2490,129037,-20811,-11380,127667,100,19229,410,0,10264,0.0010000000000012221
20957000,-1110,-3030,129067,-6095,-845,129246,133,19227,545,0,10265,0.0010000000000012221
20958000,6042,6664,130005,8238,5335,124491,104,19225,426,0,10266,0.0009999999999976694
20959000,-5855,-3359,129512,-13818,-8342,137647,109,19224,446,0,10267,0.0010000000000012221
20960000,-8253,1963,130552,-19688,1216,125438,149,19224,446,1,10268,0.0009999999999976694
20961000,-8087,6606,130406,-7753,6154,131961,114,19231,610,1,10269,0.0010000000000012221
20962000,-4031,7967,129896,-2636,6348,124200,114,19231,467,1,10270,0.0010000000000012221
20963000,-3483,2002,127384,-8753,-3644,127390,102,19227,418,0,10271,0.0009999999999976694
20964002,-4219,-5454,123372,-18590,-3556,137942,156,19230,639,0,10272,0.001002000000003278
20965000,-141,6453,127314,3828,3697,108932,113,19233,463,0,10273,0.0009979999999991662
20966000,-4344,3507,130019,-3262,-2664,135808,118,19233,463,1,10274,0.0009999999999976694
20967001,-6070,7925,126431,-15986,4539,123151,111,19230,483,1,10275,0.00100100000000225
20968000,-8244,9445,130494,-10802,7809,123615,111,19227,455,1,10276,0.0009990000000001942
20969000,204,4544,126372,-2462,1339,129628,106,19230,434,1,10277,0.0009999999999976694
20970000,-541,6661,125918,3823,2571,118258,126,19228,516,0,10278,0.0010000000000012221
20971000,1941,-9766,123997,-10328,-12048,127306,102,19228,418,0,10279,0.0010000000000012221
20972003,2620,7870,126430,-5250,5380,121416,108,19228,442,0,10280,0.0010029999999972006
20973001,-789,7226,126365,5243,4181,131273,141,19228,442,1,10281,0.000998000000002719
20974000,-3111,14576,125706,-356,12698,116310,112,19228,577,1,10282,0.0009990000000001942
20975001,-576,12869,125100,-8671,-1253,129454,112,19229,459,1,10283,0.0010009999999986974
20976002,7711,5707,126575,903,973,117961,100,19226,410,0,10284,0.0010009999999986974
20977000,13013,5582,122492,16509,-8134,125698,110,19228,451,0,10285,0.000998000000002719
20978000,6880,-10550,124887,6594,-13004,133834,117,19228,479,0,10286,0.0009999999999976694
20979004,6352,607,124364,847,-3101,121603,117,19228,479,0,10287,0.0010040000000017812
20980000,4849,320,126215,4062,5788,130911,114,19220,479,1,10288,0.000996000000000663
20981000,3944,19639,131121,-53,16976,113057,114,19229,467,1,10289,0.0009999999999976694
20982000,7541,7011,124860,468,3811,130567,102,19231,418,1,10290,0.0010000000000012221
20983001,11238,-11238,125803,12086,-8573,129842,114,19221,467,0,10291,0.0010009999999986974
20984000,9304,-7684,125584,13754,-13960,130752,92,19221,377,0,10292,0.0009990000000001942
20985000,5887,-10389,125863,3029,-7019,126625,106,19228,377,0,10293,0.0010000000000012221
20986001,2034,13171,132267,-4965,6540,124655,130,19230,434,1,10294,0.0010009999999986974
20987000,1841,6450,131742,-562,4364,137870,130,19223,532,1,10295,0.0009990000000001942
20988001,-633,6161,132407,4658,3498,118749,111,19230,455,1,10296,0.00100100000000225
20989001,2046,4284,128472,-2039,-5475,128069,98,19228,401,1,10297,0.0009999999999976694
20990001,11172,-13326,125644,4352,-11854,131834,159,19237,651,0,10298,0.0010000000000012221
20991000,7365,-8772,127923,19392,-10003,128749,108,19237,651,0,10299,0.0009990000000001942
20992000,8129,-3789,129548,-20887,-668,127759,108,19228,442,0,10300,0.0009999999999976694
20993000,-1252,20923,136228,-3283,18038,119391,108,19224,442,1,10301,0.0010000000000012221
20994000,-7141,2199,131084,4143,-9269,136027,137,19230,561,1,10302,0.0010000000000012221
20995000,-8052,-6556,129926,-15356,-12748,132229,105,19232,430,1,10303,0.0009999999999976694
20996000,-3053,-12917,128351,-10162,-12999,134160,110,19217,451,0,10304,0.0010000000000012221
20997000,3198,5019,132650,4924,6898,119830,97,19217,451,0,10305,0.0010000000000012221
20998000,-2652,2304,130629,-3038,-4935,129275,116,19229,397,0,10306,0.0009999999999976694
20999000,-5997,-195,130483,-17590,-3364,140023,116,19227,475,0,10307,0.0010000000000012221
21000000,-9054,-2123,128034,-12806,-6507,124468,136,19224,557,1,10308,0.0010000000000012221
21001000,-6892,14820,131571,-7196,17876,117869,115,19227,471,1,10309,0.0009999999999976694
21002000,-5205,12066,130937,-12456,3996,128981,101,19224,414,1,10310,0.0010000000000012221
21003000,-4396,-9188,125259,-8789,-16584,131462,146,19224,414,0,10311,0.0010000000000012221
21004000,-1493,-6367,125321,-3353,-7126,132659,104,19222,598,0,10312,0.0009999999999976694
21005000,-3165,4061,127399,-5717,5792,118750,104,19230,426,0,10313,0.0010000000000012221
21006000,-2109,16841,129876,-9005,13619,121281,105,19224,430,1,10314,0.0010000000000012221
21007002,-7016,5251,128394,-11297,-1284,134129,139,19227,569,1,10315,0.0010019999999997253
21008000,-6212,91,125701,-8187,-1021,125784,113,19229,463,1,10316,0.0009979999999991662
21009000,-2308,11226,127946,-4549,8741,120708,108,19229,463,0,10317,0.0010000000000012221
21010000,1440,1347,124636,-75,-2623,127155,94,19220,442,0,10318,0.0009999999999976694
21011000,6078,562,124953,2320,-1476,132584,94,19227,385,0,10319,0.0010000000000012221
21012000,271,-89,122974,-9378,-2251,119674,106,19227,434,0,10320,0.0010000000000012221
21013000,1369,12975,128535,-1653,9638,121998,122,19213,500,1,10321,0.0009999999999976694
21014000,-4465,9163,125728,349,6856,126989,112,19232,459,1,10322,0.0010000000000012221
21015000,3841,1397,125808,-5554,-3101,125229,100,19232,410,1,10323,0.0010000000000012221
21016000,6544,2773,124200,6903,-1272,126499,127,19229,410,0,10324,0.0009999999999976694
21017000,6716,1700,124217,6982,-2769,120190,107,19232,520,0,10325,0.0010000000000012221
21018000,10133,-1007,126170,7456,-4635,129041,107,19226,438,0,10326,0.0010000000000012221
21019000,907,5633,128739,5791,2215,126063,113,19227,463,1,10327,0.0009999999999976694
21020000,4504,10108,127047,-722,7329,123527,144,19228,590,1,10328,0.0010000000000012221
21021000,2462,18196,129325,458,15998,123743,116,19228,475,1,10329,0.0010000000000012221
21022000,9739,2132,124588,8808,-9877,128641,103,19232,475,1,10330,0.0009999999999976694
21023000,13361,4442,124613,12862,-5303,123009,120,19226,422,0,10331,0.0010000000000012221
21024000,11292,-4369,127394,1935,-13905,132911,120,19233,491,0,10332,0.0009999999999976694
21025000,10901,-9820,126981,11568,-3988,126437,107,19228,438,0,10333,0.0010000000000012221
21026000,-45,9715,130959,4974,6140,126044,115,19222,471,1,10334,0.0010000000000012221
21027000,881,10073,129887,-2325,1408,125069,109,19222,446,1,10335,0.0009999999999976694
21028000,1958,8924,131347,7933,-2790,130925,103,19228,446,1,10336,0.0010000000000012221
21029000,6266,-3457,129219,-915,-8842,128800,123,19229,422,0,10337,0.0010000000000012221
21030000,8822,-3405,128926,6733,-3382,122662,123,19224,504,0,10338,0.0009999999999976694
21031000,5511,-2173,129950,11989,-13940,137006,97,19229,397,0,10339,0.0010000000000012221
21032000,3732,-10026,129407,-13642,-7003,128779,109,19227,446,0,10340,0.0010000000000012221
21033000,-2611,11810,135148,-6919,9123,128112,142,19224,582,1,10341,0.0009999999999976694
21034000,-5739,2130,133969,4505,4117,129953,113,19224,582,1,10342,0.0010000000000012221
21035000,-5410,9929,128538,-14373,-4578,125155,97,19230,463,1,10343,0.0010000000000012221
21036000,297,-5940,128526,-11114,-18540,138043,97,19225,397,0,10344,0.0009999999999976694
21037000,1485,-8616,126440,9782,241,124247,125,19226,512,0,10345,0.0010000000000012221
21038000,-386,12276,133656,-6240,7430,122487,110,19228,451,0,10346,0.0010000000000012221
21039000,-6588,5660,129951,-18882,-3982,133381,120,19222,491,1,10347,0.0009999999999976694
21040002,-7017,-2484,130779,-12475,-2928,133606,121,19222,491,1,10348,0.0010019999999997253
21041000,-9160,4817,129912,-3587,6667,126049,106,19230,496,1,10349,0.000998000000002719
21042000,-2535,16146,130038,-12796,13430,119974,106,19234,434,1,10350,0.0009999999999976694
21043000,-5062,-674,126120,-6820,-7787,132344,116,19216,475,0,10351,0.0010000000000012221
21044000,-2043,-9814,126064,-4836,-11949,129758,92,19229,377,0,10352,0.0010000000000012221
21045000,-591,3935,127984,-10613,9413,123870,106,19230,434,0,10353,0.0009999999999976694
21046000,-7237,-3156,129119,-3407,1089,128611,137,19230,434,1,10354,0.0010000000000012221
21047000,-6788,15781,129050,-13113,6795,122512,118,19224,561,1,10355,0.0010000000000012221
21048003,-7292,3623,126306,-11342,-3017,132409,118,19228,483,1,10356,0.0010029999999972006
21049000,-60,3929,127495,5282,3911,123352,103,19226,422,0,10357,0.000997000000001691
21050000,-362,201,125747,-2883,-6662,124778,133,19232,545,0,10358,0.0010000000000012221
21051000,-902,-1577,123071,-6677,-255,126642,111,19229,455,0,10359,0.0009999999999976694
21052000,1771,8878,127324,-2374,7537,123453,113,19229,455,0,10360,0.0010000000000012221
21053000,-1373,3306,124363,3096,1250,128013,150,19217,463,1,10361,0.0009999999999976694
21054000,-1271,16654,125692,-8285,17769,120765,150,19227,614,1,10362,0.0010000000000012221
21055000,2957,4096,123320,-481,938,124497,108,19238,442,1,10363,0.0010000000000012221
21056000,12469,5925,124275,13930,331,126250,109,19224,446,0,10364,0.0009999999999976694
21057000,7520,-9917,121710,2324,-17255,126759,89,19230,365,0,10365,0.0010000000000012221
21058000,5536,-1196,126452,1734,233,124695,113,19230,463,0,10366,0.0010000000000012221
21059000,5140,2129,127810,7439,-3333,126409,131,19228,463,1,10367,0.0009999999999976694
21060000,-643,1326,127667,1791,-1523,131075,116,19223,537,1,10368,0.0010000000000012221
21061000,3345,17034,128801,1348,12890,121585,116,19232,475,1,10369,0.0010000000000012221
21062000,7484,4709,125873,1672,2297,120845,97,19230,397,1,10370,0.0009999999999976694
21063000,12228,10333,128743,10326,7346,124954,139,19228,569,0,10371,0.0010000000000012221
21064000,10376,-14458,123501,15597,-19306,136850,102,19228,418,0,10372,0.0010000000000012221
21065000,5271,-8758,128172,1291,-11287,124706,105,19226,418,0,10373,0.0009999999999976694
21066001,5446,13051,132620,-6159,9611,128500,129,19221,430,1,10374,0.00100100000000225
21067000,2295,11251,129510,4845,6658,122982,129,19229,528,1,10375,0.0009990000000001942
21068000,2104,11836,130071,8888,8259,129424,110,19232,451,1,10376,0.0009999999999976694
21069000,6445,-9285,125957,-7279,-12732,136868,106,19220,434,0,10377,0.0010000000000012221
21070000,8443,-6074,127783,2855,2405,118749,124,19220,508,0,10378,0.0010000000000012221
21071000,9036,8203,130947,21272,-5021,131992,105,19235,508,0,10379,0.0009999999999976694
21072000,567,-3233,129766,-9810,1355,126244,119,19229,430,0,10380,0.0010000000000012221
21073007,2006,7978,133523,-6537,1487,131741,119,19214,487,1,10381,0.0010070000000013124
21074001,-8651,-2368,132368,9034,-8406,134156,109,19224,446,1,10382,0.0009939999999986071
21075003,-3735,6135,131397,-16509,201,119799,100,19236,410,1,10383,0.0010019999999997253
21076000,-1317,-5697,131389,-13900,-15941,141074,130,19228,532,0,10384,0.000997000000001691
21077000,1659,-6916,129180,12277,-2438,125670,102,19228,532,0,10385,0.0009999999999976694
21078000,-2584,9203,130055,-9524,4790,125604,108,19232,418,0,10386,0.0010000000000012221
21079000,-10438,4637,130328,-25852,77,128370,108,19226,442,1,10387,0.0010000000000012221
21080000,-6450,10296,131180,-5436,2004,130385,153,19228,627,1,10388,0.0009999999999976694
21081000,-7514,-6019,127901,-6541,-4888,135772,114,19232,467,1,10389,0.0010000000000012221
21082000,-1987,20370,132736,-8272,9340,111336,102,19226,418,1,10390,0.0010000000000012221
21083000,-4272,-908,124473,-7673,-8838,137130,157,19226,418,0,10391,0.0009999999999976694
21084000,-1325,-9166,125961,-6181,-5864,128868,105,19232,643,0,10392,0.0010000000000012221
21085000,-714,6533,127075,-8620,6473,122006,105,19232,430,0,10393,0.0009999999999976694
21086000,-5026,5970,127497,-8197,5172,129142,114,19220,467,1,10394,0.0010000000000012221
21087000,-6094,12139,128799,-9548,8665,119603,107,19229,438,1,10395,0.0010000000000012221
21088000,-5413,3554,126582,-10012,-997,132207,105,19229,430,1,10396,0.0009999999999976694
21089000,1744,3937,125060,4728,1599,122497,121,19229,430,0,10397,0.0010000000000012221
21090000,-3499,-2284,123982,-5634,-5177,125524,110,19222,496,0,10398,0.0010000000000012221
21091000,1062,243,126296,-7441,24,120995,110,19235,451,0,10399,0.0009999999999976694
21092000,-1058,3993,127900,3637,-5091,129837,114,19224,467,0,10400,0.0010000000000012221
21093000,-3273,2208,125320,-7126,2293,131291,142,19223,582,1,10401,0.0010000000000012221
21094001,-1243,10481,127582,-5188,4598,113785,114,19232,467,1,10402,0.0010009999999986974
21095000,3997,7719,124582,6838,6150,124194,97,19232,467,1,10403,0.0009990000000001942
21096000,9233,6232,126162,5519,1157,125126,110,19230,397,0,10404,0.0010000000000012221
21097000,9507,-6487,121991,4670,-13754,124710,110,19229,451,0,10405,0.0009999999999976694
21098000,5996,-4371,125162,6352,-6289,132414,110,19226,451,0,10406,0.0010000000000012221
21099000,3086,2744,125756,3254,1871,118491,114,19224,467,1,10407,0.0010000000000012221
21100001,3284,8258,129899,-1296,1546,123367,116,19230,475,1,10408,0.0010009999999986974
21101002,3950,6087,127104,7671,1307,130510,103,19230,475,1,10409,0.0010009999999986974
21102002,10360,-1131,123856,2898,-3752,126331,114,19234,422,0,10410,0.0010000000000012221
21103000,10066,1488,127292,10093,-2432,120086,114,19220,467,0,10411,0.0009979999999991662
21104000,9325,-13649,125103,9722,-18868,134344,92,19230,377,0,10412,0.0010000000000012221
21105000,7333,-5984,129582,-1248,-6799,136947,102,19230,418,0,10413,0.0010000000000012221
21106000,1137,12991,130799,1031,10044,119156,128,19226,524,1,10414,0.0009999999999976694
21107000,1839,14746,129260,1874,9757,126504,114,19226,467,1,10415,0.0010000000000012221
21108000,40,1757,128445,-752,-2872,124921,101,19227,467,1,10416,0.0010000000000012221
21109001,9287,-19516,125676,2458,-24972,131373,159,19228,414,0,10417,0.0010009999999986974
21110000,10312,-6216,128829,8664,-8380,131720,159,19232,651,0,10418,0.0009990000000001942
21111000,3068,6106,130383,15194,1645,122540,104,19227,426,0,10419,0.0010000000000012221
21112000,-36,-4038,130220,-21205,-6668,126978,108,19225,442,1,10420,0.0009999999999976694
21113000,-4709,8983,133845,-9383,6368,133024,140,19225,573,1,10421,0.0010000000000012221
21114000,-5384,-128,131687,7930,-3983,131512,107,19230,573,1,10422,0.0010000000000012221
21115002,-4240,5237,128719,-10123,2155,124344,109,19232,438,1,10423,0.0010019999999997253
21116002,967,-9957,127551,-16897,-14555,132312,109,19218,446,0,10424,0.0009999999999976694
21117000,7624,8797,129463,12384,6797,118105,89,19225,365,0,10425,0.0009979999999991662
21118000,-4362,4078,129803,-2410,-5534,132738,109,19227,446,0,10426,0.0010000000000012221
21119000,-5235,2818,132568,-23922,-950,130713,130,19227,532,1,10427,0.0010000000000012221
21120000,-13356,4991,130691,-11319,701,126796,118,19222,532,1,10428,0.0009999999999976694
21121000,-6380,11505,131248,-8454,6693,126083,102,19230,483,1,10429,0.0010000000000012221
21122000,-4206,6226,130325,-7948,-11900,130816,102,19229,418,1,10430,0.0010000000000012221
21123000,-2863,-8990,124913,-9827,-9108,127808,145,19230,594,0,10431,0.0009999999999976694
21124000,-1444,9594,129477,-2280,5815,118243,101,19228,414,0,10432,0.0010000000000012221
21125000,-2471,7119,128361,-6569,-774,128022,103,19226,422,0,10433,0.0010000000000012221
21126000,-5770,12596,127314,-9421,2868,125724,141,19226,422,1,10434,0.0009999999999976694
21127000,-8303,5896,125979,-17317,-1365,128199,115,19227,577,1,10435,0.0010000000000012221
21128000,-682,3424,128012,-1166,14073,122860,115,19232,471,1,10436,0.0010000000000012221
21129000,4123,13214,127443,2357,-8623,124361,110,19222,451,0,10437,0.0009999999999976694
21130000,1760,-10290,120127,-10260,-11190,130193,86,19228,352,0,10438,0.0010000000000012221
21131000,291,1240,126838,-642,2484,127087,111,19230,455,0,10439,0.0010000000000012221
21132000,-1303,8439,126399,-688,10907,117719,124,19230,455,1,10440,0.0009999999999976694
21133000,-1781,19115,127383,-8071,12420,124988,110,19219,508,1,10441,0.0010000000000012221
21134000,-3316,2444,126327,-4857,-6502,130787,110,19231,451,1,10442,0.0010000000000012221
21135000,8128,6757,124764,15246,-4744,122438,98,19230,401,1,10443,0.0009999999999976694
21136001,6106,9571,122912,2433,10414,120468,129,19231,528,0,10444,0.00100100000000225
21137000,11042,2483,126714,-1677,-3184,124864,109,19224,446,0,10445,0.0009990000000001942
21138000,10394,-6084,124503,15077,-8593,129331,113,19224,446,0,10446,0.0009999999999976694
21139000,685,1284,128046,-879,-7259,128948,142,19230,463,1,10447,0.0010000000000012221
21140000,194,-2057,128833,959,2843,123945,142,19228,582,1,10448,0.0010000000000012221
21141002,6838,15760,129086,7242,5419,122907,112,19232,459,1,10449,0.0010019999999997253
21142000,10426,-4477,124334,2230,-10338,132327,101,19224,414,0,10450,0.0009979999999991662
21143002,9288,5269,128670,6990,525,121774,120,19231,491,0,10451,0.0010019999999997253
21144002,6151,-3629,126190,12442,-14781,128272,106,19231,491,0,10452,0.0010000000000012221
21145000,5190,150,128484,-4198,-1663,128967,110,19227,434,0,10453,0.0009979999999991662
21146000,27,1984,131367,1512,1231,129660,110,19222,451,1,10454,0.0010000000000012221
21147000,4438,11656,129401,343,12491,124033,106,19230,434,1,10455,0.0009999999999976694
21148000,2491,10788,128719,-2318,5062,125778,104,19231,426,1,10456,0.0010000000000012221
21149000,7257,-9135,127812,5737,-15943,132893,125,19218,512,0,10457,0.0009999999999976694
21150001,8804,-14936,126928,8076,-13505,130804,99,19218,405,0,10458,0.00100100000000225
21151000,3977,-6646,129271,8854,-11570,131369,105,19228,405,0,10459,0.0009990000000001942
21152001,2332,8624,131620,-14349,12131,124949,138,19227,430,1,10460,0.0010009999999986974
21153002,-5471,20674,134804,-11071,13986,122800,138,19224,565,1,10461,0.00100100000000225
21154000,-6718,-3672,130607,7796,-9459,139432,111,19232,455,1,10462,0.0009979999999991662
21155000,-1789,-8760,128791,-14306,-12689,129708,99,19227,405,1,10463,0.0009999999999976694
21156000,-3320,-3796,130877,-7971,-6379,128765,133,19227,545,0,10464,0.0010000000000012221
21157000,6755,7182,130209,3081,4051,123442,112,19233,545,0,10465,0.0010000000000012221
21158000,-8297,3140,130958,-7668,-1188,128371,113,19227,459,0,10466,0.0009999999999976694
21159001,-5993,-7065,129298,-19113,-10203,129877,113,19220,463,1,10467,0.00100100000000225
21160000,-9333,12924,131504,-12440,12379,124066,124,19227,508,1,10468,0.0009990000000001942
21161000,-8294,10080,129809,-4670,7861,125040,105,19230,430,1,10469,0.0009999999999976694
21162000,-1913,7180,129234,-9573,3457,127084,118,19230,483,0,10470,0.0010000000000012221
21163000,-4786,-14551,123351,-8265,-18308,138799,99,19217,483,0,10471,0.0010000000000012221
21164000,-235,4392,126804,-6102,12471,113849,105,19228,405,0,10472,0.0009999999999976694
21165000,-1114,10228,127192,-7571,5248,126467,105,19227,430,0,10473,0.0010000000000012221
21166000,-3801,7684,129185,-1927,7234,124749,131,19225,537,1,10474,0.0010000000000012221
21167000,-6197,6917,126617,-14229,199,127011,117,19231,479,1,10475,0.0009999999999976694
21168000,-2899,2533,126243,-3419,3702,124405,101,19227,414,1,10476,0.0010000000000012221
21169000,3298,11401,126089,2184,-3707,120905,140,19227,414,0,10477,0.0010000000000012221
21170000,-14,-4680,124347,-6260,-11886,131263,107,19233,573,0,10478,0.0009999999999976694
21171000,2813,-1811,126305,-10575,8447,126726,107,19229,438,0,10479,0.0010000000000012221
21172000,-542,5970,125938,3007,6541,123891,111,19224,455,1,10480,0.0010000000000012221
21173001,-2432,16786,126528,-1576,14736,120647,142,19228,582,1,10481,0.0010009999999986974
21174000,-459,13051,125109,-6422,2216,122954,107,19231,438,1,10482,0.0009990000000001942
21175000,4772,-3983,124523,7665,-9868,131756,105,19231,438,0,10483,0.0010000000000012221
21176000,9721,7849,126410,9907,-810,117776,88,19223,430,0,10484,0.0009999999999976694
21177001,8292,-3962,124743,2227,-8288,129136,88,19226,360,0,10485,0.00100100000000225
21178000,6963,-4448,127091,7422,-5540,129390,114,19231,467,0,10486,0.0009989999999966415
21179000,590,397,124985,-755,2712,123303,129,19222,528,1,10487,0.0010000000000012221
21180001,5336,14662,127212,-7178,24625,124507,113,19230,463,1,10488,0.00100100000000225
21181000,7732,8402,126118,22969,4816,123661,97,19230,463,1,10489,0.0009989999999966415
21182000,13004,-4895,122439,753,-7052,125727,139,19229,397,0,10490,0.0010000000000012221
21183000,10095,-4176,127401,2705,-12297,129951,139,19224,569,0,10491,0.0010000000000012221
21184000,7531,-13673,128100,19828,-13548,133572,103,19229,422,0,10492,0.0009999999999976694
21185001,4134,1168,131032,-6214,-3929,128053,105,19228,430,1,10493,0.00100100000000225
21186000,-3335,9487,132225,-8436,3007,126641,132,19228,541,1,10494,0.0009990000000001942
21187000,184,10392,130336,5455,4039,124938,109,19228,541,1,10495,0.0009999999999976694
21188000,2925,6346,129232,2766,-1327,125239,102,19231,446,1,10496,0.0010000000000012221
21189001,10470,-4002,128213,3668,-11343,130101,102,19221,418,0,10497,0.0010009999999986974
21190001,9451,-7234,130879,15156,-6386,127507,126,19232,516,0,10498,0.0010000000000012221
21191000,1336,-6851,129076,-298,-11537,134548,107,19229,438,0,10499,0.0009990000000001942
21192000,1838,-3342,130523,-20186,4067,130189,118,19221,483,1,10500,0.0010000000000012221
21193000,-6886,10727,134008,2080,2578,128972,108,19221,483,1,10501,0.0009999999999976694
21194000,-3852,-556,126631,1937,-560,127404,97,19228,442,1,10502,0.0010000000000012221
21195020,-1121,-591,130750,-20859,-7091,129394,126,19230,397,0,10503,0.001020000000000465
21196000,2126,-13863,127411,-260,-16376,136868,126,19222,516,0,10504,0.0009799999999984266
21197000,126,7777,131181,7472,4354,121206,102,19230,418,0,10505,0.0010000000000012221
21198000,-7469,-1158,130873,-22433,-7431,132639,111,19228,455,0,10506,0.0010000000000012221
21199007,-9416,8322,132188,-14639,7840,128889,148,19228,606,1,10507,0.0010069999999977597
21200003,-8759,2468,129150,-6505,-1180,129066,115,19225,606,1,10508,0.000996000000000663
21201000,-7114,11883,130353,-8919,9721,120867,101,19229,471,1,10509,0.000997000000001691
21202000,-3349,6849,130217,-10644,1654,123206,101,19227,414,0,10510,0.0009999999999976694
21203000,-1709,-15645,125102,-8232,-19561,135199,168,19233,688,0,10511,0.0010000000000012221
21204000,-2103,1071,128964,201,-938,126654,106,19228,434,0,10512,0.0010000000000012221
21205000,-5918,4829,126907,-14298,1974,125717,113,19228,463,1,10513,0.0009999999999976694
21206000,-8293,13610,127449,-10649,10717,123936,112,19220,463,1,10514,0.0010000000000012221
21207000,-4201,5814,128604,-9312,3231,135294,108,19226,459,1,10515,0.0010000000000012221
21208000,-1568,7418,124720,-819,5017,114892,108,19228,442,1,10516,0.0009999999999976694
21209000,468,9563,124689,-5640,6407,120004,123,19222,504,0,10517,0.0010000000000012221
21210000,3368,-36,126274,-5056,-3557,123759,107,19226,438,0,10518,0.0009999999999976694
21211000,5293,-5415,124876,8801,-7086,131966,116,19228,475,0,10519,0.0010000000000012221
21212000,-1286,-251,123200,-9524,9741,123513,143,19228,475,1,10520,0.0010000000000012221
21213000,-3337,21436,129033,-6372,20949,117578,113,19224,586,1,10521,0.0009999999999976694
21214000,5855,9278,123868,142,-1716,126278,113,19228,463,1,10522,0.0010000000000012221
21215000,6573,-2205,123079,5787,-6885,129611,97,19231,397,0,10523,0.0010000000000012221
21216000,7350,-875,124618,4195,-7835,120663,111,19230,455,0,10524,0.0009999999999976694
21217000,7191,5471,126773,10171,-4570,117920,113,19229,463,0,10525,0.0010000000000012221
21218001,2468,2485,129060,7979,-8677,136023,116,19229,463,0,10526,0.0010009999999986974
21219000,3689,-2633,127551,-11996,1331,125438,124,19222,475,1,10527,0.0009990000000001942
21220001,4122,17424,129907,8533,11570,119704,124,19228,508,1,10528,0.00100100000000225
21221001,6491,10745,125223,12104,-999,124702,102,19228,418,1,10529,0.0009999999999976694
21222000,10090,-9334,125703,-1955,-6717,129304,109,19223,446,0,10530,0.0009990000000001942
21223001,10828,-6698,128977,10609,-15717,131459,86,19229,352,0,10531,0.00100100000000225
21224000,7701,-6514,124570,10139,-6756,126225,105,19229,352,0,10532,0.0009990000000001942
21225000,1745,11543,132072,-3435,4046,124375,127,19224,430,1,10533,0.0009999999999976694
21226000,2032,10375,132254,-814,-1526,126199,127,19224,520,1,10534,0.0010000000000012221
21227000,233,2209,127928,7011,1002,131918,113,19227,463,1,10535,0.0010000000000012221
21228001,2090,4926,131373,-5379,-3649,124901,102,19228,418,1,10536,0.0010009999999986974
21229000,11458,-10657,125458,5019,-17647,128661,153,19230,627,0,10537,0.0009990000000001942
21230000,6749,-3188,130006,19355,-2328,131865,115,19230,627,0,10538,0.0010000000000012221
21231000,4213,-5727,129041,-16800,-10503,133047,113,19228,471,0,10539,0.0009999999999976694
21232000,-578,15346,132932,-10864,15822,117406,113,19224,463,1,10540,0.0010000000000012221
21233000,-3590,10635,133176,5079,-5471,133948,147,19230,602,1,10541,0.0010000000000012221
21234000,-9435,-8559,130651,957,-11990,132085,105,19231,430,1,10542,0.0009999999999976694
21235000,-475,-5832,129666,-25117,-12404,125918,106,19221,434,0,10543,0.0010000000000012221
21236000,-2551,2659,131777,-5869,-4879,131483,97,19221,434,0,10544,0.0010000000000012221
21237001,620,4875,129633,13660,5801,123410,109,19230,397,0,10545,0.0010009999999986974
21238000,-7490,8729,132646,-22135,2421,127815,109,19229,446,0,10546,0.0009990000000001942
21239000,-7449,-8056,127746,-16957,-6087,137114,130,19223,532,1,10547,0.0010000000000012221
21240000,-7966,13155,132834,-3215,9883,122704,115,19230,471,1,10548,0.0009999999999976694
21241000,-1264,8448,127331,-7526,5699,129495,99,19227,405,1,10549,0.0010000000000012221
21242000,-2799,2483,127677,-6611,-2476,123014,140,19227,573,0,10550,0.0009999999999976694
21243000,-4872,-9532,124424,-9976,-11365,138033,102,19224,573,0,10551,0.0010000000000012221
21244000,429,-906,126514,-4796,-2341,122900,105,19240,418,0,10552,0.0010000000000012221
21245000,-4671,16359,130264,-6301,11835,120575,105,19223,430,1,10553,0.0009999999999976694
21246000,-6793,11259,127216,-5543,10879,126980,137,19229,561,1,10554,0.0010000000000012221
21247000,-8257,1576,127649,-13683,-3162,125077,116,19231,475,1,10555,0.0010000000000012221
21248000,-22,-8498,126161,-10362,-10470,134936,107,19231,438,0,10556,0.0009999999999976694
21249000,-466,11348,125902,8688,8030,117032,101,19228,438,0,10557,0.0010000000000012221
21250000,756,895,125262,-4454,-4427,123955,111,19227,414,0,10558,0.0010000000000012221
21251000,-89,2520,125545,-12263,1052,126688,111,19226,455,0,10559,0.0009999999999976694
21252000,-1280,7795,126246,-2271,6046,130045,120,19220,491,1,10560,0.0010000000000012221
21253000,-2285,13223,124706,6469,9937,121771,115,19232,471,1,10561,0.0010000000000012221
21254000,1811,13018,126296,-3960,10221,126502,101,19232,414,1,10562,0.0009999999999976694
21255000,10701,-593,122007,-3023,-3778,122339,126,19233,414,0,10563,0.0010000000000012221
21256000,10371,2451,125430,14920,-2225,130650,106,19232,516,0,10564,0.0010000000000012221
21257001,9571,-12503,122361,13715,-17608,127869,106,19228,434,0,10565,0.0010009999999986974
21258000,1856,6075,126218,-1598,12773,118989,112,19226,459,1,10566,0.0009990000000001942
21259000,1975,-31,128928,-5468,2292,133543,149,19229,610,1,10567,0.0010000000000012221
21260002,5385,7918,128406,9388,5763,120535,112,19231,459,1,10568,0.0010019999999997253
21261000,4636,12004,126865,7511,-1784,121179,99,19231,459,1,10569,0.0009979999999991662
21262000,9326,3580,126944,-4280,-2210,124597,122,19225,405,0,10570,0.0010000000000012221
21263000,12915,-6202,127341,23915,-17007,135413,122,19233,500,0,10571,0.0009999999999976694
21264000,6945,-12673,127093,2272,-8355,130195,104,19229,426,0,10572,0.0010000000000012221
21265000,2705,3947,130915,-13327,4846,124638,112,19217,459,1,10573,0.0010000000000012221
21266000,-1078,16689,132797,10719,9590,124653,108,19228,442,1,10574,0.0009999999999976694
21267002,538,7276,129055,658,47,129256,101,19228,442,1,10575,0.0010019999999997253
21268000,6931,-3601,128970,-7910,-10513,128324,124,19228,414,0,10576,0.000998000000002719
21269000,9912,-9746,128012,15675,-16035,131663,124,19225,508,0,10577,0.0009999999999976694
21270000,8992,6397,129280,16062,-12918,123859,97,19232,397,0,10578,0.0010000000000012221
21271000,2766,1804,130436,-31287,648,130116,103,19227,422,0,10579,0.0010000000000012221
21272000,676,4236,135072,-6301,5286,131126,138,19225,565,1,10580,0.0009999999999976694
21273001,-7993,11906,130447,14804,8563,122869,116,19225,565,1,10581,0.00100100000000225
21274002,-3044,2625,128227,-27528,-6269,131322,97,19233,475,1,10582,0.0010009999999986974
21275002,-2048,-13973,129438,-4352,-16239,135654,97,19225,397,0,10583,0.0010000000000012221
21276003,5842,-1277,129853,10560,35,126452,139,19232,569,0,10584,0.0010009999999986974
21277000,-1525,6124,131800,-6109,2054,127358,105,19229,430,0,10585,0.0009969999999981383
21278000,-6347,714,132024,-18127,-2794,128979,117,19216,479,1,10586,0.0010000000000012221
21279000,-9511,5563,130321,-15303,-1116,135018,127,19216,479,1,10587,0.0010000000000012221
21280000,-10694,5281,129640,-6582,2686,124390,109,19228,520,1,10588,0.0009999999999976694
21281000,-740,14577,131619,-6406,9866,123513,109,19231,446,1,10589,0.0010000000000012221
21282001,-6266,4366,125611,-6689,-4983,126418,114,19216,467,0,10590,0.0010009999999986974
21283000,478,-7527,125001,-5911,-8242,130170,105,19231,430,0,10591,0.0009990000000001942
21284000,-378,-2217,129368,-5090,-3884,131593,104,19231,426,0,10592,0.0010000000000012221
21285000,-4882,10166,126863,-7418,12863,117488,133,19231,426,1,10593,0.0010000000000012221
21286000,-8993,15413,129805,-16348,9726,126511,117,19224,545,1,10594,0.0009999999999976694
21287000,-2990,-1580,125834,-9360,-6287,129919,102,19229,479,1,10595,0.0010000000000012221
21288000,1195,1162,125726,8794,-1604,125244,102,19226,418,0,10596,0.0010000000000012221
21289001,-2876,-3727,124572,-6697,-7109,123685,130,19231,532,0,10597,0.0010009999999986974
21290000,1305,5634,124833,-6423,2691,121136,111,19228,455,0,10598,0.0009990000000001942
21291000,-2168,6252,126867,-666,1374,129441,112,19228,459,0,10599,0.0010000000000012221
21292002,-2211,7835,126348,-1911,4478,119457,151,19222,459,1,10600,0.0010019999999997253
21293006,-3011,3663,125620,-7954,5879,130136,107,19231,618,1,10601,0.0010039999999982285
21294000,3895,5495,124849,1982,1622,120266,107,19231,438,1,10602,0.0009940000000021598
21295001,12062,7581,122597,13526,1785,123621,105,19221,430,0,10603,0.0010009999999986974
21296000,7530,-1613,126508,3377,-6520,131848,85,19229,348,0,10604,0.0009990000000001942
21297000,8325,-7594,124292,3115,-10855,120818,112,19229,459,0,10605,0.0010000000000012221
21298000,3211,-5685,126489,12859,-10100,130473,128,19225,459,1,10606,0.0009999999999976694
21299000,465,11367,126853,-5428,10045,121916,113,19225,524,1,10607,0.0010000000000012221
21300000,4118,11517,125100,-1221,6443,122728,113,19230,463,1,10608,0.0010000000000012221
21301000,8746,417,125409,15789,-3061,123529,98,19229,401,1,10609,0.0009999999999976694
21302000,13128,1828,127127,-965,-716,127681,139,19222,569,0,10610,0.0010000000000012221
21303000,8136,-10261,128456,12783,-14820,131673,101,19232,414,0,10611,0.0009999999999976694
21304002,6531,-9132,128722,10180,-13269,124813,101,19232,414,0,10612,0.001002000000003278
21305002,2152,306,130675,-17164,1219,134874,125,19226,414,1,10613,0.0009999999999976694
21306000,1704,8832,126876,11799,19770,119831,125,19230,512,1,10614,0.0009979999999991662
21307000,2366,7137,128869,7407,3511,131842,113,19227,463,1,10615,0.0010000000000012221
21308000,6704,-5216,127847,-12003,-16796,129187,107,19220,438,0,10616,0.0010000000000012221
21309000,9346,-10222,126550,11386,-7063,128986,123,19230,504,0,10617,0.0009999999999976694
21310000,2789,4236,131476,3245,-5333,131401,104,19230,504,0,10618,0.0010000000000012221
21311000,-2077,875,131439,-20169,364,121881,116,19231,426,0,10619,0.0010000000000012221
21312003,243,4100,135344,-1582,-5625,139772,116,19218,475,1,10620,0.0010030000000007533
21313003,-8699,-1117,131298,5863,-2198,125743,113,19230,463,1,10621,0.0009999999999976694
21314000,-3369,8912,130509,-23194,-315,124377,99,19230,405,1,10622,0.000997000000001691
21315000,650,-3834,128939,-2412,-12391,134899,133,19225,545,0,10623,0.0009999999999976694
21316001,1376,-4762,128801,10595,-2633,122700,103,19225,545,0,10624,0.00100100000000225
21317000,-2587,4013,132055,-16284,-3390,132456,109,19228,422,0,10625,0.0009990000000001942
21318000,-8963,5441,129199,-16121,4462,122409,109,19227,446,1,10626,0.0009999999999976694
21319000,-8801,7593,132720,-4701,108,136326,155,19229,635,1,10627,0.0010000000000012221
21320000,-9162,-2232,128296,-6894,-323,127340,117,19229,479,1,10628,0.0010000000000012221
21321000,-2124,11342,130432,-14244,6966,122340,103,19226,422,1,10629,0.0009999999999976694
21322000,-4114,-1715,127244,-7736,-8322,129699,161,19226,422,0,10630,0.0010000000000012221
21323000,-173,1345,125775,-1442,-3303,125357,105,19233,659,0,10631,0.0010000000000012221
21324000,-1315,-988,127308,-12050,-7107,133785,105,19227,430,0,10632,0.0009999999999976694
21325000,-7870,9688,127404,-9558,10830,114491,114,19224,467,1,10633,0.0010000000000012221
21326003,-3195,17522,128893,-9225,3918,127446,111,19228,455,1,10634,0.0010030000000007533
21327000,-7896,6160,126883,-2483,-3318,128859,109,19227,446,1,10635,0.0009969999999981383
21328003,-1070,8218,123454,-6274,5235,118994,123,19227,446,0,10636,0.0010030000000007533
21329000,268,3161,126733,-7471,-1472,123949,100,19226,504,0,10637,0.000997000000001691
21330000,1970,1960,124275,4643,-3080,122429,100,19228,410,0,10638,0.0009999999999976694
21331000,1387,-4158,126909,-5142,-7898,136590,109,19227,446,0,10639,0.0010000000000012221
21332000,-5434,8039,126946,-2730,8451,115376,142,19230,582,1,10640,0.0010000000000012221
21333000,1367,15636,128525,-2763,8106,125259,114,19230,467,1,10641,0.0009999999999976694
21334000,2044,8025,124502,818,1977,123628,96,19230,393,1,10642,0.0010000000000012221
21335000,10982,8446,123626,7267,4396,121365,110,19227,393,0,10643,0.0009999999999976694
21336000,9026,-1374,123791,7619,-5788,128573,113,19229,451,0,10644,0.0010000000000012221
21337000,5881,383,125098,5246,-3426,122447,113,19227,463,0,10645,0.0010000000000012221
21338000,6797,-4780,127464,1421,-8039,136749,119,19219,487,1,10646,0.0009999999999976694
21339000,-666,15608,129378,1748,14644,115323,120,19230,491,1,10647,0.0010000000000012221
21340000,7816,11005,126745,9370,9517,132651,103,19230,422,1,10648,0.0010000000000012221
21341000,5050,-5964,124479,4974,-9124,122289,111,19232,422,0,10649,0.0009999999999976694
21342000,13112,1214,126665,-3408,-5540,123178,100,19216,455,0,10650,0.0010000000000012221
21343000,9283,-7088,127859,19410,-12028,135421,100,19229,410,0,10651,0.0010000000000012221
21344001,4610,221,129106,7203,-2364,119894,112,19227,459,0,10652,0.0010009999999986974
21345000,3598,2234,132605,-14591,-1329,135827,129,19223,528,1,10653,0.0009990000000001942
21346000,-2803,12389,127916,8919,8919,122533,114,19225,467,1,10654,0.0010000000000012221
21347001,4695,1912,128099,7045,-2490,128990,100,19225,467,1,10655,0.0010009999999986974
21348000,5176,-665,129224,-8452,-4219,126914,156,19228,410,0,10656,0.0009990000000001942
21349001,12340,-12620,127276,4779,-15399,132635,156,19232,639,0,10657,0.0010009999999986974
21350000,5973,-3081,130709,25386,-8385,130544,110,19230,451,0,10658,0.0009990000000001942
21351000,-3716,-2307,130136,-16864,-6013,126697,107,19224,438,1,10659,0.0010000000000012221
21352000,-245,13274,131685,-19626,18048,124043,139,19225,569,1,10660,0.0010000000000012221
21353000,-9424,8054,133957,7951,-1106,132006,105,19225,569,1,10661,0.0009999999999976694
21354003,-488,-8571,127666,-5178,-16575,130551,106,19234,430,1,10662,0.0010030000000007533
21355000,-2843,-6499,128513,-18769,-5380,126516,106,19224,434,0,10663,0.000997000000001691
21356000,5148,939,129777,2871,-3681,127676,96,19231,393,0,10664,0.0009999999999976694
21357000,218,12561,131695,-9477,9919,125151,109,19230,446,0,10665,0.0010000000000012221
21358000,-8051,827,130392,-25522,-6837,134456,127,19220,520,1,10666,0.0010000000000012221
21359000,-8677,1419,131750,-4315,4639,127971,115,19220,520,1,10667,0.0009999999999976694
21360000,-11763,10338,128938,-6438,8456,122051,98,19226,471,1,10668,0.0010000000000012221
21361000,-613,5745,128976,-10444,-1569,127494,98,19228,401,0,10669,0.0010000000000012221
21362000,-4189,-2794,126795,-11014,-9535,132693,140,19223,573,0,10670,0.0009999999999976694
21363001,-606,-5876,125006,-5539,-5303,125906,104,19232,426,0,10671,0.00100100000000225
21364000,-1723,22423,130037,-8377,13631,118903,107,19225,438,0,10672,0.0009990000000001942
21365001,-7094,2847,127000,-8079,-207,129671,141,19225,438,1,10673,0.0010009999999986974
21366000,-6680,4303,128118,-13169,2999,129011,115,19227,577,1,10674,0.0009990000000001942
21367000,-2307,9126,127694,-7221,7448,121288,115,19231,471,1,10675,0.0009999999999976694
21368000,3013,10642,125184,7739,5323,121928,105,19223,430,0,10676,0.0010000000000012221
21369000,2288,-6804,125187,-5096,-12570,133042,91,19230,373,0,10677,0.0010000000000012221
21370001,1128,-5638,123124,-6382,-4544,126047,112,19224,459,0,10678,0.0010009999999986974
21371001,-1389,12909,128761,-2766,8874,123429,123,19224,459,1,10679,0.0010000000000012221
21372000,-2318,20132,127420,-8638,15238,116811,112,19220,504,1,10680,0.0009990000000001942
21373000,-2111,9301,126706,3710,-2117,129136,112,19230,459,1,10681,0.0009999999999976694
21374000,4761,-2864,123551,-132,-8277,128334,96,19234,393,0,10682,0.0010000000000012221
21375000,10746,6960,125788,5526,95,120493,121,19227,496,0,10683,0.0010000000000012221
21376000,9227,9689,126537,15323,1933,121229,120,19224,491,0,10684,0.0009999999999976694
21377001,7331,-6748,125095,-5410,-14282,130867,121,19224,496,0,10685,0.00100100000000225
21378000,2030,1173,127490,3336,1388,130754,150,19223,496,1,10686,0.0009990000000001942
21379002,3090,15913,127703,6318,15257,119686,114,19228,614,1,10687,0.0010019999999997253
21380002,8037,9361,126646,1715,6434,122100,114,19239,467,1,10688,0.0009999999999976694
21381000,12073,3935,127365,9847,-2303,126417,100,19226,410,0,10689,0.000998000000002719
21382000,12749,-9335,123087,5772,-14520,134229,118,19231,483,0,10690,0.0009999999999976694
21383001,9025,-3690,127538,16014,-3322,125322,105,19231,430,0,10691,0.00100100000000225
21384000,5083,1370,129427,-405,-1984,128086,109,19230,430,0,10692,0.0009990000000001942
21385000,1936,7121,130247,-6583,3671,124507,105,19223,446,1,10693,0.0009999999999976694
21386000,1729,15094,132284,2118,9723,126793,105,19224,430,1,10694,0.0010000000000012221
21387000,1732,-3323,128728,1663,-5465,134659,103,19230,422,1,10695,0.0010000000000012221
21388000,9075,-1055,128417,2753,-5870,120855,121,19222,496,0,10696,0.0009999999999976694
21389008,8882,-12224,131054,15920,-15395,136509,94,19232,385,0,10697,0.0010080000000023404
21390002,5144,-3767,128640,5795,-6592,130780,104,19232,385,0,10698,0.0009939999999986071
21391000,-1249,12049,134537,-20243,9556,122151,139,19228,426,1,10699,0.0009979999999991662
21392001,-5014,9892,132693,-4039,5643,127958,139,19222,569,1,10700,0.00100100000000225
21393000,-8239,-1651,130264,7584,-4801,130586,112,19230,459,1,10701,0.0009990000000001942
21394000,-2604,-16233,127492,-22311,-20229,137003,95,19225,389,0,10702,0.0009999999999976694
21395000,970,378,130416,-5475,-3882,121009,136,19232,557,0,10703,0.0010000000000012221
21396000,5046,7715,128810,8323,3689,127332,107,19232,557,0,10704,0.0010000000000012221
21397000,-5514,1416,130045,-9073,-1579,128541,116,19230,438,0,10705,0.0009999999999976694
21398000,-7873,-3975,128955,-24118,-7979,136210,116,19223,475,1,10706,0.0010000000000012221
21399000,-7970,2390,129092,-11508,11890,124491,129,19234,528,1,10707,0.0009999999999976694
21400000,-6229,15591,129675,1587,15396,118125,107,19230,438,1,10708,0.0010000000000012221
21401001,-2450,-2857,128582,-11237,-12220,136599,114,19216,467,0,10709,0.0010009999999986974
21402001,-4452,-9764,125321,-12072,-8788,129681,105,19216,467,0,10710,0.0010000000000012221
21403000,-4075,686,127422,-4106,774,125860,102,19232,430,0,10711,0.0009990000000001942
21404001,-3503,15849,129307,-6069,16127,115972,102,19227,418,1,10712,0.0010009999999986974
21405000,-5720,12647,130055,-8072,5308,127638,130,19221,532,1,10713,0.0009990000000001942
21406000,-8852,-5074,128495,-12217,-15358,134668,117,19225,479,1,10714,0.0010000000000012221
21407000,-2508,1031,125778,-3299,6738,120947,100,19225,410,1,10715,0.0010000000000012221
21408000,-338,11800,128351,59,6045,122360,127,19225,410,0,10716,0.0009999999999976694
21409000,2849,2576,123122,1913,-1609,122703,109,19231,520,0,10717,0.0010000000000012221
21410000,262,-7727,123254,-10029,-9974,130815,109,19220,446,0,10718,0.0010000000000012221
21411002,-422,8180,128861,-2368,12370,122019,110,19225,451,1,10719,0.0010019999999997253
21412002,-407,18985,124897,5683,17366,117185,146,19232,598,1,10720,0.0009999999999976694
21413002,484,6928,126574,-4580,-1850,134779,106,19239,434,1,10721,0.0010000000000012221
21414000,7037,-5631,121484,52,-3900,121671,108,19239,434,0,10722,0.0009979999999991662
21415000,7811,319,123837,10499,-4661,124305,90,19221,442,0,10723,0.0010000000000012221
21416000,9817,-2160,127941,13568,-10184,125780,90,19228,369,0,10724,0.0010000000000012221
21417001,925,3478,125292,4377,-5260,123394,111,19228,455,0,10725,0.0010009999999986974
21418000,3430,-2659,127557,-8054,-4153,133581,130,19224,532,1,10726,0.0009990000000001942
21419000,4840,12224,129339,6393,12384,119127,114,19230,467,1,10727,0.0010000000000012221
21420000,7091,12325,127084,13282,344,124819,96,19230,467,1,10728,0.0009999999999976694
21421000,9799,8968,123987,-2053,586,119085,137,19227,393,0,10729,0.0010000000000012221
21422000,8600,-4802,127288,6012,-14295,134464,137,19230,561,0,10730,0.0010000000000012221
21423000,11075,-16128,128255,18383,-12563,132442,102,19229,418,0,10731,0.0009999999999976694
21424000,2743,2936,129003,-3214,2532,120826,105,19224,430,1,10732,0.0010000000000012221
21425000,-1813,11950,132783,-4977,7838,133607,129,19230,528,1,10733,0.0010000000000012221
21426002,2354,4720,125875,5433,1560,121572,113,19230,463,1,10734,0.0010019999999997253
21427000,5362,-2337,128938,4157,-4939,136043,107,19229,463,1,10735,0.0009979999999991662
21428000,10309,2629,129359,-2845,-3311,119955,121,19223,438,0,10736,0.0009999999999976694
21429000,9481,-4461,128786,19673,-8068,129180,121,19231,496,0,10737,0.0010000000000012221
21430002,2587,-7144,129968,-407,-12161,139809,106,19229,434,0,10738,0.0010019999999997253
21431000,101,-2693,129791,-21487,-3543,128820,119,19219,487,1,10739,0.0009979999999991662
21432001,-7124,6408,133195,5897,4906,128132,111,19219,455,1,10740,0.00100100000000225
21433000,-6434,14766,131569,-3119,7297,115586,100,19228,455,1,10741,0.0009990000000001942
21434002,-111,-3665,128695,-17792,-7650,139360,129,19230,410,0,10742,0.0010019999999997253
21435000,-1716,-8804,128779,1926,-11985,126595,129,19227,528,0,10743,0.0009979999999991662
21436000,625,-1673,130113,-3575,-4453,124944,104,19228,426,0,10744,0.0010000000000012221
21437000,-7640,8036,133330,-12359,3998,130480,111,19227,455,0,10745,0.0009999999999976694
21438000,-7886,2315,132265,-13194,-182,128912,156,19230,639,1,10746,0.0010000000000012221
21439000,-9344,6514,130673,-11467,4266,138189,115,19230,639,1,10747,0.0010000000000012221
21440000,-6807,17096,129387,-11017,15725,116227,102,19232,471,1,10748,0.0009999999999976694
21441000,-2552,5020,127629,-6690,1210,127251,102,19221,418,0,10749,0.0010000000000012221
21442000,-2711,-5687,126380,-7999,-8803,128250,157,19226,643,0,10750,0.0010000000000012221
21443000,-936,-5467,126097,-8138,-8286,127994,114,19229,467,0,10751,0.0009999999999976694
21444000,-4058,10380,129478,-8545,6742,118945,121,19220,496,1,10752,0.0010000000000012221
21445000,-7245,4274,125835,-4498,1234,129370,116,19220,496,1,10753,0.0010000000000012221
21446000,-6702,9131,127813,-9172,7229,122126,107,19226,475,1,10754,0.0009999999999976694
21447000,-3454,7136,124870,-15613,4499,122797,107,19232,438,1,10755,0.0010000000000012221
21448000,4876,891,126236,3490,-3562,128845,122,19226,500,0,10756,0.0010000000000012221
21449000,3065,-9425,122713,4703,-17159,129437,97,19231,397,0,10757,0.0009999999999976694
21450000,187,4874,126582,-6730,1237,123251,107,19227,438,0,10758,0.0010000000000012221
21451000,-695,19687,128219,-800,13836,121793,143,19227,438,1,10759,0.0010000000000012221
21452000,-4168,6503,125659,-5123,8103,124884,114,19224,586,1,10760,0.0009999999999976694
21453000,4876,9853,127227,-442,7919,122464,114,19230,467,1,10761,0.0010000000000012221
21454000,5199,4730,123147,8496,-3080,122759,97,19221,397,0,10762,0.0010000000000012221
21455000,8858,-1256,122573,6631,-6847,126053,109,19230,446,0,10763,0.0009999999999976694
21456001,8978,-7829,126742,4378,-6275,128232,112,19225,459,0,10764,0.00100100000000225
21457000,4719,-4784,127178,-907,-6071,128907,118,19225,459,0,10765,0.0009990000000001942
21458000,3183,19338,129857,2953,7532,119383,123,19225,483,1,10766,0.0009999999999976694
21459000,690,4376,126237,447,-5692,125662,123,19226,504,1,10767,0.0010000000000012221
21460000,9672,4528,128226,8106,-2971,128709,106,19231,434,1,10768,0.0009999999999976694
21461000,7848,7081,125554,6327,5843,117698,116,19218,475,0,10769,0.0010000000000012221
21462000,12981,1958,127236,10954,-12130,131540,90,19232,369,0,10770,0.0010000000000012221
21463000,4957,-14806,126256,5793,-15991,131029,103,19232,369,0,10771,0.0009999999999976694
21464000,4125,2683,130861,-10849,137,131566,128,19226,422,1,10772,0.0010000000000012221
21465001,1541,11593,131560,8856,10953,125595,117,19224,524,1,10773,0.0010009999999986974
21466000,-2406,15555,129900,1362,10884,117849,117,19226,479,1,10774,0.0009990000000001942
21467000,7879,-422,129126,-9441,-15484,136843,102,19236,418,1,10775,0.0010000000000012221
21468000,8313,-14655,125898,16154,-20010,129256,155,19235,635,0,10776,0.0010000000000012221
21469000,11514,-471,132983,7278,-5732,130299,102,19235,418,0,10777,0.0009999999999976694
21470000,-939,9585,131100,-15152,7653,119261,108,19230,418,0,10778,0.0010000000000012221
21471001,1791,12184,133251,-12625,833,130775,141,19225,442,1,10779,0.0010009999999986974
21472000,-5384,-12512,129560,8400,-12986,141250,141,19228,577,1,10780,0.0009990000000001942
21473000,-9082,8055,132217,-8279,4381,117611,110,19237,451,1,10781,0.0010000000000012221
21474000,2073,177,130181,-22055,-2402,129966,107,19220,438,0,10782,0.0010000000000012221
21475000,-680,-2738,129737,7969,-7966,129638,97,19220,397,0,10783,0.0009999999999976694
21476000,2853,-703,128648,4239,-3218,129234,113,19228,397,0,10784,0.0010000000000012221
21477000,-10910,7588,131667,-24465,5714,129939,131,19231,463,1,10785,0.0010000000000012221
21478000,-6334,2484,130562,-12663,974,127114,131,19222,537,1,10786,0.0009999999999976694
21479000,-7296,9524,132696,-3318,4211,133507,118,19229,483,1,10787,0.0010000000000012221
21480000,-1236,4425,127488,-11192,1508,126789,103,19229,422,1,10788,0.0010000000000012221
21481000,-4352,1913,129320,-7504,636,126820,143,19223,586,0,10789,0.0009999999999976694
21482000,-2830,-6617,125258,-5791,-11715,129882,101,19223,586,0,10790,0.0010000000000012221
21483000,1713,4766,125993,-2495,3536,125612,104,19232,414,0,10791,0.0010000000000012221
21484000,-6239,7581,128786,-10247,3940,130378,104,19226,426,1,10792,0.0009999999999976694
21485003,-6970,10290,127804,-8563,6988,117542,138,19227,565,1,10793,0.0010030000000007533
21486000,-6175,9259,129227,-10547,6430,133117,115,19229,471,1,10794,0.000997000000001691
21487000,1767,-3824,123586,-5482,-7181,126060,107,19225,438,0,10795,0.0009999999999976694
21488000,-886,3050,124981,6982,90,122997,95,19225,438,0,10796,0.0010000000000012221
21489000,2227,2292,122029,-14038,-2537,119454,107,19231,389,0,10797,0.0010000000000012221
21490000,1421,7970,127967,605,4986,129569,107,19221,438,0,10798,0.0009999999999976694
21491000,-1663,-3404,125799,4809,-6357,131316,121,19220,496,1,10799,0.0010000000000012221
21492000,-3490,8420,126500,-12818,5597,117856,112,19229,459,1,10800,0.0009999999999976694
21493000,2869,13121,126344,1099,8762,122062,100,19231,410,1,10801,0.0010000000000012221
21494000,11791,3281,123713,11951,-2879,120622,125,19231,410,0,10802,0.0010000000000012221
21495000,6305,-5651,122538,6109,-8678,129944,109,19232,512,0,10803,0.0009999999999976694
21496001,6965,-10368,124011,533,-2130,126000,109,19227,446,0,10804,0.00100100000000225
21497001,4354,4908,127893,6600,4329,123048,113,19229,463,1,10805,0.0009999999999976694
21498000,2657,8763,129426,768,10338,125847,144,19231,590,1,10806,0.0009990000000001942
21499002,3129,7001,126939,2346,459,127086,113,19231,463,1,10807,0.0010019999999997253
21500002,5801,-1588,125729,5129,-4137,127461,100,19231,463,1,10808,0.0010000000000012221
21501000,12581,3688,125421,9094,1058,120427,120,19224,410,0,10809,0.0009979999999991662
21502000,8532,-1057,127961,9602,-10425,131216,120,19233,491,0,10810,0.0010000000000012221
21503000,7216,-7519,127627,379,-7131,131541,105,19227,430,0,10811,0.0010000000000012221
21504000,2967,1844,130051,1940,-4638,128781,112,19222,459,1,10812,0.0009999999999976694
21505000,-1656,22576,132756,693,18936,122856,107,19229,438,1,10813,0.0010000000000012221
21506000,2612,2940,129717,-2430,2776,124048,104,19229,438,1,10814,0.0010000000000012221
21507000,6937,-8890,129240,3092,-18295,137498,124,19231,426,0,10815,0.0009999999999976694
21508003,11536,-11267,125871,5223,-11502,126815,124,19220,508,0,10816,0.0010030000000007533
21509000,4778,1033,129951,20023,-314,129595,97,19230,397,0,10817,0.000997000000001691
21510001,256,-2979,130056,-20499,-3633,129731,104,19229,426,0,10818,0.0010009999999986974
21511000,-1292,13271,133243,-13181,11410,121550,135,19231,553,1,10819,0.0009990000000001942
21512000,-6031,4599,133028,9502,-5204,136592,112,19231,459,1,10820,0.0010000000000012221
21513000,-2979,-3527,130025,-6833,-7960,128978,98,19232,459,1,10821,0.0009999999999976694
21514000,-3223,-9644,128178,-19655,-18764,133343,132,19228,401,0,10822,0.0010000000000012221
21515000,4061,7682,130513,6788,5289,120916,132,19231,541,0,10823,0.0010000000000012221
21516000,-2988,10445,131017,6102,1482,124660,111,19226,455,0,10824,0.0009999999999976694
21517000,-5559,470,134729,-23131,-5807,132973,114,19220,467,1,10825,0.0010000000000012221
21518000,-13922,5084,130112,-14547,1178,130610,121,19220,496,1,10826,0.0010000000000012221
21519000,-9016,5868,130456,-6455,4910,129413,108,19229,496,1,10827,0.0009999999999976694
21520000,-2628,13566,129647,-8392,8300,117162,115,19230,442,1,10828,0.0010000000000012221
21521000,-3741,-13415,124978,-9773,-20489,139468,115,19223,471,0,10829,0.0010000000000012221
21522000,-558,-2742,125698,-3000,-3668,120888,97,19232,397,0,10830,0.0009999999999976694
21523001,-3731,14968,129766,-6168,5782,119950,104,19228,426,0,10831,0.00100100000000225
21524000,-2585,4938,126747,-6252,4132,131295,129,19228,528,1,10832,0.0009989999999966415
21525001,-9447,8047,128983,-11161,2137,124673,117,19224,528,1,10833,0.00100100000000225
21526000,-3844,2552,125986,-13576,-240,128284,103,19230,479,1,10834,0.0009990000000001942
21527000,744,16244,127186,5530,11140,116280,103,19226,422,0,10835,0.0009999999999976694
21528000,344,-8890,122596,-1810,-12035,134391,138,19236,565,0,10836,0.0010000000000012221
21529000,1161,1023,125064,-7120,-1456,121397,108,19230,442,0,10837,0.0010000000000012221
21530000,-2172,11402,126030,-3040,9513,124126,113,19228,463,0,10838,0.0009999999999976694
21531000,-936,13786,128333,713,9842,123863,138,19228,463,1,10839,0.0010000000000012221
21532000,-2676,7660,126890,-4841,3979,120813,108,19228,565,1,10840,0.0010000000000012221
21533000,5843,-943,124622,-3726,-3968,134364,108,19232,442,1,10841,0.0009999999999976694
21534001,5644,8238,123992,16122,5664,115488,106,19220,434,0,10842,0.00100100000000225
21535000,11032,3935,123504,-595,-844,123195,86,19228,352,0,10843,0.0009990000000001942
21536000,7957,-5541,125110,7785,-10126,129685,114,19227,467,0,10844,0.0009999999999976694
21537000,4742,-2477,126565,8035,-5326,127776,129,19227,467,1,10845,0.0010000000000012221
21538000,2991,6939,128989,-6182,4740,119007,114,19223,528,1,10846,0.0010000000000012221
21539000,1264,11508,128181,6196,9487,125466,114,19230,467,1,10847,0.0009999999999976694
21540001,10564,-5041,124988,8816,-7132,135285,97,19233,397,1,10848,0.00100100000000225
21541000,8136,-4367,125766,-398,1799,122099,139,19225,569,0,10849,0.0009990000000001942
21542000,9999,-4246,128076,9857,-14846,136506,104,19240,426,0,10850,0.0009999999999976694
21543000,3629,-2961,126637,9555,-1963,122166,107,19240,426,0,10851,0.0010000000000012221
21544000,1689,1170,130132,-4437,-3368,137438,129,19231,438,1,10852,0.0010000000000012221
21545000,1634,11745,130441,2365,11788,120388,129,19231,528,1,10853,0.0009999999999976694
21546000,1493,15711,129798,-2322,3168,125270,109,19226,446,1,10854,0.0010000000000012221
21547000,8800,-3837,129180,5364,-13522,133371,102,19223,418,0,10855,0.0010000000000012221
21548000,6304,-11981,126878,8888,-12557,127360,127,19236,520,0,10856,0.0009999999999976694
21549000,6503,-8971,128137,6986,-9408,137215,108,19236,520,0,10857,0.0010000000000012221
21550000,-660,1901,132514,-15931,10540,118268,121,19231,442,0,10858,0.0010000000000012221
21551000,-487,11773,134508,-12270,1096,132885,121,19216,496,1,10859,0.0009999999999976694
21552000,-9145,11657,132320,8847,4871,126067,111,19229,455,1,10860,0.0010000000000012221
21553000,-3334,-13364,126647,-20060,-18154,133403,98,19234,401,1,10861,0.0009999999999976694
21554000,-494,-10898,131650,263,-9589,134289,126,19225,516,0,10862,0.0010000000000012221
21555000,1414,7286,129784,4463,3323,119771,106,19225,434,0,10863,0.0010000000000012221
21556000,-2857,8492,129872,-14119,4878,132337,112,19233,434,0,10864,0.0009999999999976694
21557000,-6588,-5343,130034,-15332,-6955,129737,151,19227,459,1,10865,0.0010000000000012221
21558000,-7823,8873,129945,-10749,8849,126159,151,19228,618,1,10866,0.0010000000000012221
21559002,-9530,10037,130773,-4886,5044,126027,113,19234,463,1,10867,0.0010019999999997253
21560003,-2710,11322,130022,-10606,4991,121359,100,19225,410,1,10868,0.0010009999999986974
21561001,-3014,-7553,124850,-13395,-14835,134683,166,19225,680,0,10869,0.0009979999999991662
21562000,-4064,-5336,125358,-4608,584,124231,106,19233,680,0,10870,0.0009990000000001942
21563000,-171,4194,129013,-12309,-566,127004,111,19229,434,0,10871,0.0010000000000012221
21564001,-3751,16168,128075,-4528,11393,120124,111,19221,455,1,10872,0.0010009999999986974
21565000,-7041,14370,128116,-15567,6800,124022,115,19227,471,1,10873,0.0009990000000001942
21566000,-1735,214,127133,-5710,-3018,133099,108,19230,442,1,10874,0.0010000000000012221
21567000,-379,11995,126670,6457,9081,119105,125,19230,512,0,10875,0.0010000000000012221
21568000,-336,-1924,124580,-7938,-3760,127306,110,19224,512,0,10876,0.0009999999999976694
21569000,-1103,-2477,125561,-6721,-3597,126475,113,19229,451,0,10877,0.0010000000000012221
21570000,2771,8160,126480,-1826,5162,124584,113,19227,463,0,10878,0.0010000000000012221
21571000,-1863,11740,126360,2877,11346,123673,143,19225,586,1,10879,0.0009999999999976694
21572000,-1298,12571,126920,-4294,8486,119998,112,19230,459,1,10880,0.0010000000000012221
21573000,5208,-1147,123393,-5190,-6059,130197,99,19230,405,1,10881,0.0010000000000012221
21574000,9825,6783,125439,10343,3413,123737,111,19226,405,0,10882,0.0009999999999976694
21575000,9346,-7499,124793,7186,-10180,126890,113,19231,455,0,10883,0.0010000000000012221
21576000,6631,5756,127981,-1730,-402,123290,113,19228,463,0,10884,0.0010000000000012221
21577001,3030,-6550,123954,9112,-9794,135948,115,19222,471,1,10885,0.0010009999999986974
21578000,3069,7689,129016,-952,7613,125237,120,19231,491,1,10886,0.0009990000000001942
21579000,6383,23459,129301,4299,19235,113222,105,19232,430,1,10887,0.0010000000000012221
21580000,9540,1883,123845,11671,-1995,128735,113,19232,430,0,10888,0.0009999999999976694
21581000,9883,-7483,126030,-1220,-11162,128038,89,19221,463,0,10889,0.0010000000000012221
21582000,9881,-13577,127710,14181,-16536,136200,89,19234,365,0,10890,0.0010000000000012221
21583000,5225,2101,129361,4425,-2072,124796,103,19231,422,0,10891,0.0009999999999976694
21584000,-139,6794,132203,-5494,2469,129392,125,19224,512,1,10892,0.0010000000000012221
21585000,3297,10717,130932,3866,7851,125000,113,19230,463,1,10893,0.0009999999999976694
21586000,2488,2751,128700,2257,1831,130156,99,19230,463,1,10894,0.0010000000000012221
21587000,7727,-1888,129318,594,-7230,120278,153,19229,405,0,10895,0.0010000000000012221
21588014,11428,-262,130190,6357,-6670,128569,153,19232,627,0,10896,0.00101399999999785
21589000,2665,-12703,128108,14297,-18705,139184,106,19228,434,0,10897,0.0009860000000010416
21590000,-1175,-2304,131708,-17451,6356,124881,107,19227,438,1,10898,0.0010000000000012221
21591003,-5263,12135,134787,-12193,7095,131238,140,19228,573,1,10899,0.0010030000000007533
21592000,-6335,4991,128978,8426,3764,123752,105,19228,573,1,10900,0.0009969999999981383
21593000,-1698,1506,130167,-22692,-14415,133561,105,19232,430,1,10901,0.0010000000000012221
21594000,254,-13028,126969,2407,-12265,129751,105,19226,430,0,10902,0.0009999999999976694
21595000,3484,9570,129955,6413,8095,119820,97,19228,397,0,10903,0.0010000000000012221
21596000,-5014,953,130941,-18057,-195,133871,109,19226,446,0,10904,0.0010000000000012221
21597000,-6471,419,130838,-12226,134,131597,131,19222,537,1,10905,0.0009999999999976694
21598000,-9932,-418,128246,-6534,-6450,136803,115,19222,537,1,10906,0.0010000000000012221
21599000,-8054,15863,129823,-12025,20978,113618,98,19230,471,1,10907,0.0010000000000012221
21600000,-1941,10388,128274,-6252,2977,125668,98,19230,401,0,10908,0.0009999999999976694
21601000,-3359,-13306,126140,-10315,-16991,137536,138,19221,565,0,10909,0.0010000000000012221
21602000,1226,1909,127305,-2251,2866,121554,101,19230,414,0,10910,0.0010000000000012221
21603000,-5912,-992,128189,-10697,1109,129933,106,19228,434,0,10911,0.0009999999999976694
21604000,-5341,12566,128843,-12441,12299,115733,145,19228,594,1,10912,0.0010000000000012221
21605000,-7249,9478,128120,-6247,-1472,137909,113,19229,594,1,10913,0.0010000000000012221
21606000,-3650,-616,124315,-5777,-96,123105,104,19229,463,1,10914,0.0009999999999976694
21607000,-256,13211,128455,-7351,10401,114719,104,19224,426,0,10915,0.0010000000000012221
21608000,1584,698,125972,3698,-6460,130875,93,19228,381,0,10916,0.0010000000000012221
21609000,4033,-1310,124111,2607,-4424,130067,110,19232,451,0,10917,0.0009999999999976694
21610000,-3177,-3997,125668,-3024,-4504,131767,122,19232,500,1,10918,0.0010000000000012221
21611000,-3397,25302,128686,-8784,26379,110247,114,19221,500,1,10919,0.0010000000000012221
21612002,2947,16398,124756,1819,13494,126226,97,19229,467,1,10920,0.0010019999999997253
21613000,6134,-8917,122134,4809,-10947,133482,97,19231,397,0,10921,0.0009979999999991662
21614000,12832,1654,122277,1005,-2517,119751,125,19231,512,0,10922,0.0010000000000012221
21615000,6686,-1412,123071,11266,-4155,124133,106,19229,434,0,10923,0.0009999999999976694
21616000,7113,1539,129425,8655,-2373,124136,113,19229,463,0,10924,0.0010000000000012221
21617000,2317,-5682,126002,-7166,-10828,134949,151,19228,463,1,10925,0.0009999999999976694
21618000,2204,11367,131764,3420,11441,122978,114,19228,618,1,10926,0.0010000000000012221
21619000,5471,14639,126836,14241,7298,119360,114,19230,467,1,10927,0.0010000000000012221
21620000,7863,-1414,125854,-1787,-5042,126024,99,19222,405,0,10928,0.0009999999999976694
21621000,11376,1181,128018,4270,-1709,130312,122,19230,500,0,10929,0.0010000000000012221
21622000,7351,-22671,124928,22123,-24623,133414,104,19236,426,0,10930,0.0010000000000012221
21623000,3353,9814,130932,-833,4639,120205,111,19236,426,1,10931,0.0009999999999976694
21624000,-247,7345,129158,-9822,3467,131840,107,19223,455,1,10932,0.0010000000000012221
21625000,935,3474,131079,6557,2041,130993,107,19230,438,1,10933,0.0010000000000012221
21626000,4236,7879,129827,3738,3661,121617,104,19222,426,1,10934,0.0009999999999976694
21627001,8941,-6135,126564,-6467,-10975,132657,122,19221,500,0,10935,0.00100100000000225
21628000,9015,-5014,131125,18314,-6467,126467,98,19226,401,0,10936,0.0009990000000001942
21629000,3299,-6236,126860,6262,-10482,135921,105,19226,401,0,10937,0.0009999999999976694
21630000,-729,7965,132973,-21758,4609,125401,141,19230,430,1,10938,0.0010000000000012221
21631000,-5535,10766,134265,-4158,9425,135037,141,19221,577,1,10939,0.0010000000000012221
21632000,-5836,-4049,130704,4856,-7219,129270,114,19231,467,1,10940,0.0009999999999976694
21633000,-5085,-6749,128035,-13487,-7837,130332,99,19225,405,0,10941,0.0010000000000012221
21634000,-830,-9328,129130,-16020,-13428,137675,137,19232,561,0,10942,0.0010000000000012221
21635000,2914,3238,128635,12428,7136,118150,109,19232,561,0,10943,0.0009999999999976694
21636000,-6824,10573,132634,-6872,3910,130661,117,19228,446,0,10944,0.0010000000000012221
21637000,-7480,1556,130844,-28174,-5340,130246,117,19222,479,1,10945,0.0010000000000012221
21638001,-7894,-854,129665,-3308,291,132725,131,19229,537,1,10946,0.0010009999999986974
21639000,-5604,8495,130177,-2528,5156,125036,109,19231,446,1,10947,0.0009990000000001942
21640000,-4591,12870,128570,-7022,-2203,119212,113,19216,463,0,10948,0.0010000000000012221
21641000,-5264,-4523,126698,-6512,-10522,138979,105,19216,463,0,10949,0.0009999999999976694
21642000,-1770,-4617,126636,-1519,-2807,122284,106,19229,430,0,10950,0.0010000000000012221
21643000,-4682,10615,127078,-9631,12365,123791,106,19232,434,1,10951,0.0010000000000012221
21644000,-8516,8323,128863,-11207,8147,124382,134,19223,549,1,10952,0.0009999999999976694
21645000,-6419,-1204,126934,-9650,-6906,129162,120,19229,491,1,10953,0.0010000000000012221
21646000,663,3517,128180,-3701,2920,130553,103,19224,422,1,10954,0.0010000000000012221
21647000,551,6447,123337,1828,3880,116493,142,19224,582,0,10955,0.0009999999999976694
21648000,2176,-270,126068,-3690,-10984,131003,109,19235,582,0,10956,0.0010000000000012221
21649000,422,1258,124327,-8463,-4914,121029,112,19229,446,0,10957,0.0009999999999976694
21650000,14,7371,126179,-2368,8471,129107,112,19225,459,1,10958,0.0010000000000012221
21651000,-2673,16262,129026,1598,14306,120955,149,19229,610,1,10959,0.0010000000000012221
21652000,-1759,11156,122977,-5578,7024,121150,109,19234,446,1,10960,0.0009999999999976694
21653000,7983,1432,124185,-1149,-2535,129836,104,19234,426,0,10961,0.0010000000000012221
21654000,9496,4178,124025,18444,2503,117988,89,19225,426,0,10962,0.0010000000000012221
21655000,10866,-578,125085,5939,-6905,127687,114,19228,365,0,10963,0.0009999999999976694
21656000,2351,-5559,126521,-3081,-2090,125826,114,19228,467,0,10964,0.0010000000000012221
21657000,5012,-1546,128470,1315,-3701,126864,129,19224,528,1,10965,0.0010000000000012221
21658000,6981,8285,130077,8361,3041,123647,116,19231,475,1,10966,0.0009999999999976694
21659000,3970,13589,125055,1216,9866,120428,100,19231,410,1,10967,0.0010000000000012221
21660000,11907,604,127695,3362,-3230,130811,137,19229,410,0,10968,0.0010000000000012221
21661000,9805,-2153,125450,17757,-7149,123964,104,19230,561,0,10969,0.0009999999999976694
21662000,8196,-14654,126645,9950,-19976,135655,104,19234,426,0,10970,0.0010000000000012221
21663002,1588,-1746,129912,-12339,640,123736,108,19225,442,1,10971,0.0010019999999997253
21664002,2856,15205,131636,3799,10714,122672,135,19229,553,1,10972,0.0010000000000012221
21665000,-2014,8267,130904,9709,4254,132110,113,19228,463,1,10973,0.0009979999999991662
21666000,2204,-3617,127441,-13999,-11051,124126,103,19228,463,1,10974,0.0010000000000012221
21667000,10254,-12460,128844,5327,-16003,128560,128,19225,422,0,10975,0.0009999999999976694
21668000,8880,1053,129471,21338,-687,129341,128,19228,524,0,10976,0.0010000000000012221
21669001,-1159,-11420,129000,-10698,-12900,132171,112,19228,459,0,10977,0.0010009999999986974
21670000,2189,16199,133421,-26825,10302,119948,117,19216,479,1,10978,0.0009990000000001942
21671000,-6596,6020,129753,9953,2615,131946,109,19223,446,1,10979,0.0010000000000012221
21672000,-4684,-1548,132096,4385,-2816,133559,102,19223,446,1,10980,0.0010000000000012221
21673003,-4348,-4583,128714,-23483,-9466,128506,129,19230,418,0,10981,0.0010029999999972006
21674000,2392,-3509,128180,-1944,-8220,131900,129,19224,528,0,10982,0.000997000000001691
21675000,583,10846,133427,4757,9523,123516,105,19227,430,0,10983,0.0010000000000012221
21676000,-5921,-984,129918,-14025,-4514,129124,109,19226,446,0,10984,0.0009999999999976694
21677000,-7681,7276,131599,-18468,4916,131125,149,19226,610,1,10985,0.0010000000000012221
21678000,-10980,3061,128122,-7066,-624,123968,116,19226,610,1,10986,0.0009999999999976694
21679001,-1582,16054,131503,-6993,13350,122981,103,19231,475,1,10987,0.00100100000000225
21680000,-5367,-1671,127843,-12660,-1783,133395,103,19227,422,0,10988,0.0009990000000001942
21681000,-4004,-9211,125370,-9274,-15414,122968,157,19232,643,0,10989,0.0009999999999976694
21682000,1492,6433,130148,-5925,1973,125853,102,19228,418,0,10990,0.0010000000000012221
21683000,-4921,4352,126635,-7087,4439,124979,110,19222,451,1,10991,0.0010000000000012221
21684000,-6715,14683,129153,-7117,8691,126198,115,19222,451,1,10992,0.0009999999999976694
21685000,-6633,712,126671,-16054,-1483,127250,107,19226,471,1,10993,0.0010000000000012221
21686000,3120,11564,126996,-123,5684,122024,107,19231,438,0,10994,0.0010000000000012221
21687000,443,-2874,124037,-4357,-9606,128048,123,19227,504,0,10995,0.0009999999999976694
21688000,3125,-3096,123938,-3190,-2845,124759,99,19227,405,0,10996,0.0010000000000012221
21689000,1997,6339,125776,-4085,4028,125717,108,19226,442,0,10997,0.0010000000000012221
21690000,-2367,11242,125851,1418,12327,122419,139,19226,442,1,10998,0.0009999999999976694
21691000,-2446,13889,127189,-6646,6371,124420,114,19224,569,1,10999,0.0010000000000012221
21692000,1233,-343,123760,-1978,-10688,126653,114,19233,467,1,11000,0.0010000000000012221
21693002,8911,19632,125415,13724,12300,116676,97,19230,397,0,11001,0.0010019999999997253
21694000,7412,342,124007,6233,-7710,125559,118,19232,483,0,11002,0.0009979999999991662
21695000,9321,-10923,126927,2420,-9196,131102,113,19228,463,0,11003,0.0010000000000012221
21696000,3810,-261,126092,8531,371,125940,117,19228,479,0,11004,0.0009999999999976694
21697000,575,8378,126894,615,14804,120315,118,19223,479,1,11005,0.0010000000000012221
21698000,4869,14736,128082,1702,4334,125785,104,19228,483,1,11006,0.0010000000000012221
21699000,8370,-3034,123664,10011,-4719,129301,104,19232,426,1,11007,0.0009999999999976694
21700000,13878,221,126078,2849,-254,122216,111,19214,455,0,11008,0.0010000000000012221
21701001,10193,-158,129012,14109,-10223,128581,87,19231,356,0,11009,0.0010009999999986974
21702000,6138,-4609,127792,10119,-12086,130871,106,19231,434,0,11010,0.0009990000000001942
21703000,1596,198,130200,-11618,951,134327,125,19229,434,1,11011,0.0010000000000012221
21704000,-979,9496,131608,4193,5488,123748,111,19223,512,1,11012,0.0010000000000012221
21705000,628,20805,128913,6623,17672,115878,111,19230,455,1,11013,0.0009999999999976694
21706000,5336,-2359,127852,-7222,-9091,133650,100,19228,410,1,11014,0.0010000000000012221
21707001,10856,-15840,127464,10074,-18491,130739,152,19229,623,0,11015,0.0010009999999986974
21708002,5888,587,130998,9795,-1993,126426,112,19228,459,0,11016,0.00100100000000225
21709002,901,116,131215,-14215,-1113,125605,108,19228,459,0,11017,0.0009999999999976694
21710000,1886,5562,133629,-7317,-970,130899,137,19223,442,1,11018,0.0009979999999991662
21711000,-8581,-2789,131207,5378,-6146,138732,137,19230,561,1,11019,0.0010000000000012221
21712002,-6457,4237,130897,-14308,1295,123612,107,19231,438,1,11020,0.0010019999999997253
21713000,504,421,131368,-12911,-3432,129613,105,19223,430,0,11021,0.0009979999999991662
21714000,878,-1778,127617,9839,-5531,130897,93,19231,381,0,11022,0.0010000000000012221
21715000,1149,5633,130374,-3994,2111,128600,110,19231,381,0,11023,0.0010000000000012221
21716000,-7862,-5812,131015,-16526,-9393,133041,125,19226,451,1,11024,0.0009999999999976694
21717000,-7282,12312,132208,-9428,10657,124546,125,19224,512,1,11025,0.0010000000000012221
21718000,-9350,5418,127825,-9790,812,130920,113,19228,463,1,11026,0.0010000000000012221
21719000,-3449,3965,130789,-11386,1521,127399,101,19230,414,1,11027,0.0009999999999976694
21720000,-3176,1707,127173,-8226,-1627,126236,141,19222,577,0,11028,0.0010000000000012221
21721000,-2032,-1815,127030,-5147,-4551,129414,102,19222,577,0,11029,0.0010000000000012221
21722000,-213,1881,128171,-3340,-2121,126909,103,19228,418,0,11030,0.0009999999999976694
21723000,-7463,5493,127786,-10319,3065,122760,103,19224,422,1,11031,0.0010000000000012221
21724000,-5542,16863,128924,-15342,12840,123186,137,19227,561,1,11032,0.0010000000000012221
21725000,-9147,-4989,125460,-359,-8737,126403,112,19229,459,1,11033,0.0009999999999976694
21726000,-471,12035,126894,-10438,8918,116957,107,19224,438,0,11034,0.0010000000000012221
21727000,-293,2603,125307,-5062,2303,129301,97,19224,438,0,11035,0.0010000000000012221
21728001,2260,-2545,123326,8268,-3537,130773,107,19230,397,0,11036,0.0010009999999986974
21729001,4081,-5901,125435,-8144,-1879,127003,107,19229,438,0,11037,0.0010000000000012221
21730000,-4767,11774,125898,300,12662,116381,118,19217,483,1,11038,0.0009990000000001942
21731000,-1909,20514,130199,-6275,-291,131954,112,19232,459,1,11039,0.0009999999999976694
21732001,107,-1892,122298,-4840,-2850,123346,99,19234,405,1,11040,0.00100100000000225
21733000,9584,12076,126854,8415,4789,122690,124,19234,405,0,11041,0.0009990000000001942
21734000,7695,-2186,121295,7526,-5468,121206,105,19228,508,0,11042,0.0009999999999976694
21735000,7534,5229,126737,5739,-4341,126989,105,19227,430,0,11043,0.0010000000000012221
21736000,7539,-11165,124197,-299,-12776,133405,111,19225,455,1,11044,0.0010000000000012221
21737000,1608,13019,129726,-166,19310,116285,143,19228,586,1,11045,0.0009999999999976694
21738000,4675,9863,128586,12275,9756,129866,114,19232,467,1,11046,0.0010000000000012221
21739000,5806,-8693,123428,1214,-11773,124164,98,19232,401,1,11047,0.0010000000000012221
21740000,12265,3734,127069,61,-405,133153,120,19225,401,0,11048,0.0009999999999976694
21741000,9813,-3323,123632,18114,-4294,123732,106,19233,491,0,11049,0.0010000000000012221
21742000,7044,853,129350,1837,-2469,127280,106,19228,434,0,11050,0.0009999999999976694
21743000,3845,-491,131255,-8036,-2526,133116,115,19223,471,1,11051,0.0010000000000012221
21744000,280,3006,129244,8414,1741,130739,108,19229,442,1,11052,0.0010000000000012221
21745000,1224,14005,130877,2064,9397,121858,104,19229,426,1,11053,0.0009999999999976694
21746000,4970,4546,127697,-8629,-2485,124192,120,19231,426,0,11054,0.0010000000000012221
21747000,9995,-16883,127822,12810,-16963,136996,97,19219,491,0,11055,0.0010000000000012221
21748000,5894,-7729,129386,19245,-7899,129104,97,19233,397,0,11056,0.0009999999999976694
21749002,-331,-168,129717,-21134,-2467,128435,107,19228,438,0,11057,0.0010019999999997253
21750000,-1645,14780,133845,-10849,18735,119836,137,19224,561,1,11058,0.000998000000002719
21751001,-4717,88,132851,6130,-6861,132296,113,19224,463,1,11059,0.0010009999999986974
21752000,-3617,-5700,131239,-4122,-7259,135045,99,19230,463,1,11060,0.0009990000000001942
21753000,-2968,-3303,127516,-24496,-6822,127128,135,19224,405,0,11061,0.0010000000000012221
21754000,937,6321,131956,5331,2291,128261,135,19231,553,0,11062,0.0009999999999976694
21755000,787,3787,129134,7240,-283,124857,111,19228,455,0,11063,0.0010000000000012221
21756000,-6680,-456,131697,-25133,-6517,136697,120,19224,491,1,11064,0.0010000000000012221
21757000,-12432,1412,131949,-15132,-795,122711,134,19227,549,1,11065,0.0009999999999976694
21758000,-7449,15276,130661,-4564,12687,123656,109,19227,549,1,11066,0.0010000000000012221
21759000,-3762,7452,129108,-6824,2193,130662,114,19228,446,1,11067,0.0010000000000012221
21760000,-4577,-5296,125165,-8850,-8202,124949,114,19216,467,0,11068,0.0009999999999976694
21761000,-1572,-7719,125997,-10754,-9720,133764,117,19234,479,0,11069,0.0010000000000012221
21762003,-2609,14343,128568,-3041,14059,114690,105,19225,430,0,11070,0.0010030000000007533
21763000,-3733,1011,128299,-8691,-3435,130222,131,19221,537,1,11071,0.0009969999999981383
21764000,-5902,4734,126207,-10432,-296,124858,118,19221,537,1,11072,0.0010000000000012221
21765000,-5412,8132,126001,-12013,3572,125508,104,19229,483,1,11073,0.0010000000000012221
21766000,573,10555,128118,4157,8681,127510,104,19228,426,0,11074,0.0009999999999976694
21767000,-24,155,124581,-4565,-2093,118288,139,19233,569,0,11075,0.0010000000000012221
21768000,618,-5349,125423,-7056,-8973,136391,110,19227,451,0,11076,0.0010000000000012221
21769000,-1783,6474,125571,-3747,2670,120831,115,19226,471,0,11077,0.0009999999999976694
21770000,-1550,12502,127149,437,10348,123247,155,19226,471,1,11078,0.0010000000000012221
21771003,-3756,12856,126061,-3763,10093,123945,109,19228,635,1,11079,0.0010030000000007533
21772002,5431,3292,123328,-6468,-316,129114,109,19234,446,1,11080,0.0009990000000001942
21773000,11167,2278,124427,12473,-1229,120220,102,19221,418,0,11081,0.0009979999999991662
21774000,11097,4644,124541,7660,4108,127187,87,19226,356,0,11082,0.0009999999999976694
21775000,5418,-8667,125168,3758,-13145,126959,116,19229,475,0,11083,0.0010000000000012221
21776000,3351,4146,129610,6829,1599,125786,131,19229,475,1,11084,0.0010000000000012221
21777000,2331,10302,128277,-7074,7237,125148,116,19220,537,1,11085,0.0009999999999976694
21778000,3688,16515,128334,8714,8629,120973,116,19226,475,1,11086,0.0010000000000012221
21779002,8064,3315,124821,9537,-5666,127054,100,19224,410,1,11087,0.0010019999999997253
21780000,12917,-2778,125883,-1280,-5208,128896,133,19228,545,0,11088,0.0009979999999991662
21781000,11164,-11742,125705,17520,-17240,131244,104,19230,426,0,11089,0.0010000000000012221
21782000,7142,-4229,128473,1450,-2140,128638,105,19230,426,0,11090,0.0010000000000012221
21783000,1077,11006,130795,-10604,3769,124387,141,19228,430,1,11091,0.0009999999999976694
21784000,2516,12742,131884,2485,7339,130585,114,19229,577,1,11092,0.0010000000000012221
21785000,444,2987,128968,7607,-1142,126977,114,19235,467,1,11093,0.0010000000000012221
21786000,6848,-2001,128363,-6415,-21831,130744,102,19231,418,0,11094,0.0009999999999976694
21787000,9757,-1339,127494,23665,2754,122936,123,19223,504,0,11095,0.0010000000000012221
21788000,6372,-7046,129965,2925,-14552,133590,106,19223,434,0,11096,0.0010000000000012221
21789003,3973,-2049,133047,-21004,7938,129792,118,19231,434,0,11097,0.0010029999999972006
21790000,-4353,17342,132960,3160,11341,122402,115,19219,483,1,11098,0.000997000000001691
21791000,-9138,779,129811,1287,-1687,131623,115,19232,471,1,11099,0.0010000000000012221
21792000,-4727,-6110,128596,-23971,-18092,131867,100,19234,410,1,11100,0.0009999999999976694
21793000,1633,-10827,128066,698,-6900,133033,124,19224,508,0,11101,0.0010000000000012221
21794000,6536,10817,132082,6716,7413,121395,99,19224,405,0,11102,0.0010000000000012221
21795000,-4869,8702,130459,-12098,1735,125012,109,19225,405,0,11103,0.0009999999999976694
21796000,-6875,853,130449,-20134,-3133,134584,151,19227,446,1,11104,0.0010000000000012221
21797000,-7916,-3389,128674,-7604,818,133092,151,19229,618,1,11105,0.0010000000000012221
21798000,-10492,14069,131151,-547,13962,122466,117,19231,479,1,11106,0.0009999999999976694
21799000,-2234,16755,127081,-15864,10748,118303,100,19225,410,1,11107,0.0010000000000012221
21800000,-3196,-9227,125752,-4406,-11974,136292,162,19228,664,0,11108,0.0010000000000012221
21801000,611,-11452,126467,-4267,-9421,134324,108,19228,664,0,11109,0.0009999999999976694
21802000,-1333,10708,126966,-11588,12916,115482,115,19232,442,0,11110,0.0010000000000012221
21803000,-6538,21784,131580,-5207,17062,121543,115,19221,471,1,11111,0.0009999999999976694
21804000,-4598,3518,125703,-12378,-4423,131540,120,19228,491,1,11112,0.0010000000000012221
21805001,-6004,-4134,126045,-9355,-5235,132101,109,19229,446,1,11113,0.00100100000000225
21806000,1611,7845,127788,1729,6339,119947,118,19224,483,0,11114,0.0009989999999966415
21807000,-2448,6705,125196,-118,3784,120060,93,19224,483,0,11115,0.0010000000000012221
21808000,2978,-165,125414,-4724,-2998,129918,106,19232,381,0,11116,0.0010000000000012221
21809000,-2855,525,126551,-7515,-1820,129898,106,19236,434,0,11117,0.0009999999999976694
21810000,-3474,9112,125817,826,7420,122699,138,19222,565,1,11118,0.0010000000000012221
21811000,-1591,23091,126579,-6021,18923,114369,116,19230,475,1,11119,0.0010000000000012221
21812000,5701,-3567,123521,-1363,-7662,131868,96,19231,393,1,11120,0.0009999999999976694
21813000,9711,-5177,124163,10191,-9566,126496,109,19231,393,0,11121,0.0010000000000012221
21814000,10210,4113,125317,6646,726,119949,114,19233,446,0,11122,0.0010000000000012221
21815000,4575,-1095,124270,5196,-4122,126696,114,19233,467,0,11123,0.0009999999999976694
21816002,2902,-189,127269,2312,-3775,129500,116,19224,475,1,11124,0.0010019999999997253
21817000,3474,10008,128453,-3552,6492,126768,125,19229,512,1,11125,0.000998000000002719
21818000,7488,12478,127504,10969,9701,121005,108,19232,442,1,11126,0.0009999999999976694
21819000,7639,5899,126531,7963,3675,123115,110,19232,442,0,11127,0.0010000000000012221
21820000,9679,579,128291,-258,-2320,132849,97,19219,451,0,11128,0.0010000000000012221
21821000,8109,-10006,128632,13972,-13180,132758,97,19226,397,0,11129,0.0009999999999976694
21822000,4531,-2673,130601,8884,-7143,123865,110,19228,451,0,11130,0.0010000000000012221
21823000,1613,14371,131411,-9229,12595,126093,127,19223,520,1,11131,0.0010000000000012221
21824000,2240,6167,128886,3707,729,130477,114,19229,467,1,11132,0.0009999999999976694
21825000,3777,1901,128286,7550,-1627,129863,102,19229,467,1,11133,0.0010000000000012221
21826000,9759,-2099,128112,-8226,-8534,124053,153,19230,418,0,11134,0.0010000000000012221
21827000,8917,-875,129936,9125,-4289,128631,153,19232,627,0,11135,0.0009999999999976694
21828000,5487,-11706,128370,-7063,-17509,136600,103,19229,422,0,11136,0.0010000000000012221
21829000,734,-2524,131533,-19606,3538,127964,105,19225,430,1,11137,0.0010000000000012221
21830000,-4364,9876,133749,5810,5685,126919,142,19228,582,1,11138,0.0009999999999976694
21831000,-6562,10705,128687,-4058,3646,123989,107,19228,438,1,11139,0.0010000000000012221
21832002,-2047,-1023,130844,-19041,-10960,134607,105,19230,438,1,11140,0.0010019999999997253
21833001,-646,-13450,126528,2896,-16950,132180,104,19222,430,0,11141,0.0009990000000001942
21834000,2727,7883,129885,-7372,13944,125249,104,19229,426,0,11142,0.0009990000000001942
21835000,-4776,6110,131559,-13203,-1202,123352,112,19232,459,0,11143,0.0009999999999976694
21836003,-7001,-1289,131011,-8378,-5636,135554,125,19219,512,1,11144,0.0010030000000007533
21837002,-7583,999,129848,-13004,-562,133788,116,19219,475,1,11145,0.0009990000000001942
21838000,-9221,13968,131365,-6877,9555,118450,99,19229,475,1,11146,0.0009979999999991662
21839002,-1277,8076,128665,-6076,795,128194,135,19227,405,0,11147,0.001002000000003278
21840002,-5857,-3943,126506,-9600,-8043,128813,135,19221,553,0,11148,0.0009999999999976694
21841000,-860,-7516,125585,-6216,-5347,127193,104,19229,426,0,11149,0.0009979999999991662
21842000,-3639,8423,128484,-6890,5809,125853,106,19225,434,0,11150,0.0010000000000012221
21843000,-7606,11716,126281,-7777,11406,125578,144,19227,590,1,11151,0.0010000000000012221
21844000,-6984,6472,126189,-14943,10742,123590,115,19227,590,1,11152,0.0009999999999976694
21845000,-2703,5223,127051,-5819,448,124039,103,19231,471,1,11153,0.0010000000000012221
21846001,2629,-1722,126556,2948,-6762,137617,103,19224,422,0,11154,0.0010009999999986974
21847000,3672,-7115,121691,-1852,-8394,119960,108,19236,442,0,11155,0.0009990000000001942
21848003,1561,3024,127513,-4044,2432,128372,111,19227,455,0,11156,0.0010030000000007533
21849000,-507,10260,125294,-2610,8455,122963,117,19216,479,1,11157,0.000997000000001691
21850000,-4085,9641,126235,-3649,5777,127403,117,19216,479,1,11158,0.0009999999999976694
21851000,-559,6687,125566,-2380,5143,122341,98,19230,479,1,11159,0.0010000000000012221
21852000,4992,12628,124767,2520,10198,116234,98,19231,401,0,11160,0.0010000000000012221
21853002,10341,-1329,124920,8210,-6868,129938,122,19228,500,0,11161,0.0010019999999997253
21854000,8119,-9585,123977,7623,-10842,127445,113,19225,463,0,11162,0.0009979999999991662
21855000,4378,-1805,126517,-229,-5952,127626,115,19224,471,0,11163,0.0010000000000012221
21856001,3310,2934,128179,5087,1720,118289,149,19224,471,1,11164,0.0010009999999986974
21857000,2953,5512,128814,4804,3011,125307,112,19225,610,1,11165,0.0009990000000001942
21858000,6792,1916,125783,1435,-3283,133964,112,19229,459,1,11166,0.0010000000000012221
21859000,10081,4456,125544,4701,1473,116160,99,19226,405,0,11167,0.0009999999999976694
21860000,9247,-278,128772,12558,-3467,130150,126,19232,516,0,11168,0.0010000000000012221
21861000,7356,-10356,125731,9661,-13830,129689,105,19231,430,0,11169,0.0010000000000012221
21862000,2900,293,130211,-6364,-3965,132873,108,19231,430,1,11170,0.0009999999999976694
21863000,2467,12088,131443,664,8063,129186,112,19223,442,1,11171,0.0010000000000012221
21864000,392,10280,128344,7860,7342,117043,112,19230,459,1,11172,0.0010000000000012221
21865000,6209,-4656,128127,-1628,-8514,127597,104,19232,426,1,11173,0.0009999999999976694
21866000,11042,-17622,124987,-413,-21454,127107,121,19215,496,0,11174,0.0010000000000012221
21867000,9149,441,129498,19062,-2945,126044,105,19225,430,0,11175,0.0009999999999976694
21868000,506,5640,129056,-448,3061,128400,107,19225,430,0,11176,0.0010000000000012221
21869000,351,2145,132058,-22189,-909,137045,135,19228,438,1,11177,0.0010000000000012221
21870000,-5742,-2662,133190,1691,-4445,131805,135,19224,553,1,11178,0.0009999999999976694
21871000,-6692,5180,130085,-443,4357,119631,114,19232,467,1,11179,0.0010000000000012221
21872000,-1477,5239,130446,-17140,-6903,132639,99,19223,405,0,11180,0.0010000000000012221
21873000,592,-12375,127613,-1490,-11705,132470,145,19232,594,0,11181,0.0009999999999976694
21874000,2370,723,130519,5225,1633,125689,109,19232,446,0,11182,0.0010000000000012221
21875000,-9445,7807,131928,-22920,-145,125458,114,19228,446,0,11183,0.0010000000000012221
21876000,-6294,4049,130792,-7623,517,127928,127,19222,467,1,11184,0.0009999999999976694
21877000,-7609,2395,132344,-6689,-5798,135536,127,19229,520,1,11185,0.0010000000000012221
21878001,-7130,3965,127189,-13113,6860,122594,111,19231,455,1,11186,0.0010009999999986974
21879000,-3186,7532,130233,-9701,-2053,126101,114,19214,467,0,11187,0.0009990000000001942
21880000,-3244,1162,125345,-2357,-13012,128743,109,19214,446,0,11188,0.0010000000000012221
21881002,-267,7889,125985,3649,5784,128429,105,19232,446,0,11189,0.0010019999999997253
21882000,-7594,6584,127917,-21054,497,119575,126,19228,430,1,11190,0.0009979999999991662
21883000,-4228,8551,130140,-5857,5518,125326,126,19223,516,1,11191,0.0010000000000012221
21884000,-6500,5484,127090,-5962,2633,129393,117,19230,479,1,11192,0.0010000000000012221
21885001,-622,7553,126536,-11084,5667,120472,104,19229,426,1,11193,0.0010009999999986974
21886028,845,4748,123872,1961,-3754,126884,137,19235,561,0,11194,0.0010270000000005552
21887000,2256,-2096,123124,-5450,-6226,125125,109,19235,561,0,11195,0.0009720000000008611
21888001,3994,5480,126365,-5177,6987,123695,112,19227,446,0,11196,0.0010009999999986974
21889000,672,9839,127770,442,2583,126216,112,19225,459,1,11197,0.0009990000000001942
21890000,-2877,5578,124320,1191,3338,125579,148,19226,606,1,11198,0.0010000000000012221
21891003,1418,8196,127545,-6279,2238,123426,107,19232,438,1,11199,0.0010029999999972006
21892002,8877,6783,124499,7922,-394,124037,104,19221,426,0,11200,0.0009990000000001942
21893000,8037,11041,123733,17415,8419,119177,89,19221,426,0,11201,0.000998000000002719
21894000,6683,-7305,124653,-4689,-9021,128304,114,19226,365,0,11202,0.0009999999999976694
21895000,5616,-7046,126369,6127,-8752,130680,114,19226,467,0,11203,0.0010000000000012221
21896000,2830,8190,127639,9826,7998,122529,128,19224,524,1,11204,0.0009999999999976694
21897000,3186,14273,130016,-4890,9867,120457,113,19227,463,1,11205,0.0010000000000012221
21898000,8634,3836,126595,2528,-260,131782,98,19233,401,1,11206,0.0010000000000012221
21899000,11188,-5552,124217,11755,-8329,128062,137,19233,401,0,11207,0.0009999999999976694
21900000,8837,2017,129026,11037,-4329,123022,111,19227,561,0,11208,0.0010000000000012221
21901000,5869,-5665,128018,4553,-10203,129960,111,19228,455,0,11209,0.0010000000000012221
21902000,6187,373,129636,-2982,-1571,130203,108,19225,442,1,11210,0.0009999999999976694
21903000,-500,12029,132478,3092,9099,128918,137,19223,561,1,11211,0.0010000000000012221
21904001,562,2524,129139,555,-1805,124289,111,19227,455,1,11212,0.0010009999999986974
21905000,4895,8592,129472,-717,5234,122531,105,19227,455,1,11213,0.0009990000000001942
21906000,7481,-13406,126251,1150,-16798,136984,123,19221,430,0,11214,0.0010000000000012221
21907000,12585,-7693,129420,14980,-11606,128406,123,19231,504,0,11215,0.0010000000000012221
21908000,-81,7488,131958,7335,4758,126207,105,19230,430,0,11216,0.0009999999999976694
21909000,-996,5246,129578,-27218,3349,127575,114,19214,467,1,11217,0.0010000000000012221
21910000,-8563,11306,135770,-5750,9706,124082,108,19228,442,1,11218,0.0010000000000012221
21911000,-2007,-5024,131351,5316,-7072,137030,100,19228,442,1,11219,0.0009999999999976694
21912000,-5159,-6444,126900,-9286,-9906,125625,126,19229,410,0,11220,0.0010000000000012221
21913000,-2589,-9041,129970,-16032,-12766,132248,126,19224,516,0,11221,0.0010000000000012221
21914000,1255,6294,130963,6651,4330,121941,103,19228,422,0,11222,0.0009999999999976694
21915000,-6093,7613,132342,-8234,3603,134169,109,19228,446,0,11223,0.0010000000000012221
21916000,-9944,-846,130920,-21160,-4566,124356,150,19229,614,1,11224,0.0010000000000012221
21917000,-7454,11241,129106,-9796,10921,127576,113,19229,614,1,11225,0.0009999999999976694
21918002,-2577,7383,129745,-4360,3817,126126,100,19232,463,1,11226,0.0010019999999997253
21919002,-1811,-5012,127321,-2478,-14504,132826,100,19222,410,0,11227,0.0010000000000012221
21920000,-3779,-5203,125192,-13597,-3964,124113,166,19231,680,0,11228,0.0009979999999991662
21921000,-2767,12146,129876,-4626,11168,120320,113,19231,463,0,11229,0.0010000000000012221
21922000,-1958,5269,128270,-4508,-812,130590,116,19223,475,1,11230,0.0010000000000012221
21923000,-10012,3456,128373,-6989,-1377,126766,119,19223,487,1,11231,0.0009999999999976694
21924000,-5913,7053,127008,-18086,4443,123769,106,19229,487,1,11232,0.0010000000000012221
21925000,-1304,13431,128809,4357,9946,118315,119,19234,434,0,11233,0.0010000000000012221
21926000,2390,-1117,124962,2738,-14216,132233,119,19227,487,0,11234,0.0009999999999976694
21927000,1765,-9035,122554,-9375,-2601,124946,96,19230,393,0,11235,0.0010000000000012221
21928000,-1344,7308,124367,-12574,15777,121237,104,19226,426,0,11236,0.0009999999999976694
21929002,2992,14016,127629,4951,12734,121391,137,19226,561,1,11237,0.001002000000003278
21930000,-1786,8773,123855,2466,4262,127457,113,19220,561,1,11238,0.0009979999999991662
21931000,3551,-987,124887,-8544,-4948,130816,94,19228,463,1,11239,0.0009999999999976694
21932000,7897,6879,123685,9058,2255,117841,94,19225,385,0,11240,0.0010000000000012221
21933000,8355,5591,125088,12872,-2558,126387,113,19231,463,0,11241,0.0010000000000012221
21934000,7566,-3071,124438,3513,-8125,124678,116,19230,475,0,11242,0.0009999999999976694
21935000,1798,-2369,127157,-313,-4610,128299,117,19223,479,1,11243,0.0010000000000012221
21936000,3555,11325,127655,708,15161,123510,124,19223,479,1,11244,0.0010000000000012221
21937000,3418,15674,127562,6388,13852,121559,106,19227,508,1,11245,0.0009999999999976694
21938000,8989,-5004,125953,6050,-6373,130249,106,19229,434,1,11246,0.0010000000000012221
21939000,9877,-5772,125057,4680,-9454,122343,110,19219,451,0,11247,0.0010000000000012221
21940000,9297,-3703,128246,6222,-6707,135991,85,19232,348,0,11248,0.0009999999999976694
21941000,10031,-5797,127092,10885,-7382,126019,101,19229,414,0,11249,0.0010000000000012221
21942000,1741,-51,129726,-2850,-2299,130351,127,19229,414,1,11250,0.0010000000000012221
21943000,-1298,16399,130602,-4620,13421,123359,112,19225,520,1,11251,0.0009999999999976694
21944000,1312,14294,129319,4442,6550,127291,112,19229,459,1,11252,0.0010000000000012221
21945001,6203,-3026,129101,3464,-6870,133482,101,19229,414,0,11253,0.0010009999999986974
21946000,9980,-5566,127885,3573,-5619,121353,147,19233,602,0,11254,0.0009990000000001942
21947000,6959,-1265,131160,11105,-7188,136093,101,19235,414,0,11255,0.0010000000000012221
21948000,2899,-4680,129971,-5234,-6300,129433,108,19235,414,0,11256,0.0010000000000012221
21949000,-1245,9753,133373,-15331,6768,129380,145,19225,442,1,11257,0.0009999999999976694
21950000,-7753,8673,133059,5726,8608,124797,145,19228,594,1,11258,0.0010000000000012221
21951000,-4878,-8020,128829,-10179,-14075,127169,106,19231,434,1,11259,0.0010000000000012221
21952000,1440,-6570,133073,-12268,-10637,138707,104,19216,426,0,11260,0.0009999999999976694
21953000,-2255,-1678,127106,3925,-4876,123123,105,19229,430,0,11261,0.0010000000000012221
21954002,-4448,5349,132362,-5954,1986,125485,113,19229,430,0,11262,0.0010019999999997253
21955000,-5213,-1934,130434,-13944,-4989,126993,132,19226,463,1,11263,0.0009979999999991662
21956002,-10604,1294,128602,-11465,-2253,133784,132,19223,541,1,11264,0.0010019999999997253
21957000,-11675,10642,131177,-13252,7514,123831,118,19226,483,1,11265,0.000998000000002719
21958003,-2538,11462,128826,-9743,9148,118002,99,19230,405,1,11266,0.0010029999999972006
21959000,-2645,-9696,125827,-4256,-12789,136173,137,19226,561,0,11267,0.000997000000001691
21960000,-2248,-8588,125653,-4248,-12432,125696,99,19226,561,0,11268,0.0009999999999976694
21961000,-2878,4734,125615,-10343,122,120443,105,19232,405,0,11269,0.0010000000000012221
21962000,-2097,20728,128496,-9578,17516,123310,105,19227,430,1,11270,0.0010000000000012221
21963000,-7736,1229,125000,-737,-1314,140070,137,19229,561,1,11271,0.0009999999999976694
21964000,-6830,6084,128553,-12594,5219,113504,115,19229,471,1,11272,0.0010000000000012221
21965001,-2277,8658,126019,-12146,4724,123882,106,19222,434,0,11273,0.0010009999999986974
21966000,496,3297,128194,6152,-5413,128861,97,19222,397,0,11274,0.0009990000000001942
21967000,1805,-4614,122149,1323,-6428,124386,112,19228,397,0,11275,0.0010000000000012221
21968002,-2999,1238,126465,-8020,3993,129709,127,19227,459,0,11276,0.0010019999999997253
21969000,-1065,14158,125598,-3957,16173,114136,127,19216,520,1,11277,0.0009979999999991662
21970000,304,15856,128235,1891,7063,127242,116,19234,475,1,11278,0.0010000000000012221
21971000,5571,3594,124508,313,-5238,127419,98,19235,401,1,11279,0.0010000000000012221
21972002,6943,-4266,122824,3828,-2406,125660,122,19235,500,0,11280,0.0010019999999997253
21973000,10833,-1518,125414,7076,-7301,122403,105,19231,500,0,11281,0.0009979999999991662
21974000,7008,3311,124912,6872,-9362,126977,112,19227,430,0,11282,0.0010000000000012221
21975001,4628,797,126716,3661,-1924,136476,112,19226,459,1,11283,0.0010009999999986974
21976000,-21,3788,127057,-332,5483,114549,149,19228,610,1,11284,0.0009990000000001942
21977000,5439,9706,126826,4817,3719,128320,113,19232,463,1,11285,0.0010000000000012221
21978000,9007,3383,126818,9767,1313,124353,97,19232,397,1,11286,0.0009999999999976694
21979000,10776,974,124969,1443,-2639,123877,123,19228,397,0,11287,0.0010000000000012221
21980001,10592,-9188,126936,7130,-18540,136437,104,19235,504,0,11288,0.0010009999999986974
21981001,5424,-4933,126767,8370,-827,120934,104,19231,426,0,11289,0.0010000000000012221
21982000,5014,-199,132001,-1586,-5526,135903,113,19224,463,1,11290,0.0009990000000001942
21983000,-998,9099,129787,-1545,6878,124005,109,19225,446,1,11291,0.0010000000000012221
21984000,1432,10643,128691,1911,2987,127097,105,19232,430,1,11292,0.0009999999999976694
21985000,6395,-9174,128145,4330,-11402,130412,123,19232,430,0,11293,0.0010000000000012221
21986000,7410,-9846,129244,2663,-16614,128885,95,19219,504,0,11294,0.0010000000000012221
21987000,7132,563,130218,18314,-5677,135593,95,19231,389,0,11295,0.0009999999999976694
21988002,-1382,4771,129411,-17778,5795,119253,104,19228,426,0,11296,0.0010019999999997253
21989000,2589,9235,135549,-10131,4881,133068,139,19224,569,1,11297,0.000998000000002719
21990000,-8698,-421,130219,13432,-5067,128549,116,19235,475,1,11298,0.0009999999999976694
21991001,-3878,-2055,129052,-16446,-9551,125591,97,19235,475,1,11299,0.00100100000000225
21992000,-823,-3415,130054,-18285,-7247,135246,140,19229,397,0,11300,0.0009989999999966415
21993000,4039,4565,128561,11614,3572,118676,140,19234,573,0,11301,0.0010000000000012221
21994001,-3411,1266,130933,211,-3702,134813,108,19230,442,0,11302,0.0010009999999986974
21995000,-7833,-1059,129924,-26458,-4279,129275,115,19221,471,1,11303,0.0009990000000001942
21996000,-8052,5469,130944,-10282,3977,130917,130,19229,532,1,11304,0.0010000000000012221
21997000,-7359,10859,130552,-1104,9099,128071,108,19229,532,1,11305,0.0010000000000012221
21998000,-2671,1426,129659,-12959,-3190,121539,114,19231,442,1,11306,0.0009999999999976694
21999000,-3465,2447,126348,-6826,-485,130289,114,19220,467,0,11307,0.0010000000000012221
22000000,-1649,-5395,123034,-7408,-8727,127549,107,19231,438,0,11308,0.0010000000000012221
22001000,-1261,5870,130980,-2232,2672,128594,103,19226,422,0,11309,0.0009999999999976694
22002000,-5477,7545,127377,-6084,4899,120697,132,19220,541,1,11310,0.0010000000000012221
22003000,-6146,11355,128549,-17283,7681,125932,120,19220,491,1,11311,0.0010000000000012221
22004000,-5797,1366,126657,-7912,-2405,130130,101,19230,491,1,11312,0.0009999999999976694
22005000,1933,6321,125098,3558,3293,122039,101,19226,414,0,11313,0.0010000000000012221
22006000,-1928,656,124139,-3662,-636,123946,136,19227,557,0,11314,0.0010000000000012221
22007000,137,611,125328,-8496,-2236,126297,116,19226,475,0,11315,0.0009999999999976694
22008000,856,8146,128246,-527,5553,128200,113,19223,463,0,11316,0.0010000000000012221
22009000,-4448,9186,125115,2201,4968,121285,150,19223,614,1,11317,0.0010000000000012221
22010000,-904,11733,128249,-10249,7374,119046,107,19233,614,1,11318,0.0009999999999976694
22011000,4899,10849,124361,348,9984,125162,103,19234,438,1,11319,0.0010000000000012221
22012000,12746,-3165,121757,8182,-13464,130065,103,19226,422,0,11320,0.0010000000000012221
22013000,9921,-7474,123639,11286,-6566,125097,87,19228,356,0,11321,0.0009999999999976694
22014000,5063,-1009,126769,5209,-819,123907,111,19226,455,0,11322,0.0010000000000012221
22015000,5621,719,126998,754,2177,129460,127,19226,520,1,11323,0.0010000000000012221
22016000,-597,7108,129405,2599,3922,125343,113,19225,520,1,11324,0.0009999999999976694
22017000,7234,8277,126968,4473,-1122,122928,97,19229,463,1,11325,0.0010000000000012221
22018001,5583,9282,126338,5805,4215,120674,97,19230,397,0,11326,0.0010009999999986974
22019004,10808,-4,127930,4972,-8718,130108,139,19227,569,0,11327,0.0010030000000007533
22020000,10723,-16679,125701,16359,-17804,133381,102,19233,418,0,11328,0.000996000000000663
22021000,2430,-1840,129690,-5192,-2104,123314,103,19233,422,0,11329,0.0009999999999976694
22022001,1573,11626,132469,-9212,15647,123964,129,19225,422,1,11330,0.00100100000000225
22023000,-889,14961,130994,7352,8796,125546,111,19235,528,1,11331,0.0009990000000001942
22024000,4442,-5580,127566,-2159,-12334,136638,111,19230,455,1,11332,0.0009999999999976694
22025000,6531,-10442,126431,1272,-14282,127435,105,19220,430,0,11333,0.0010000000000012221
22026000,10223,-6328,130168,18106,-10553,122360,121,19230,496,0,11334,0.0010000000000012221
22027000,5540,2532,129596,2222,-1737,132807,104,19231,426,0,11335,0.0009999999999976694
22028000,-597,2304,132237,-21938,-434,127008,119,19231,426,1,11336,0.0010000000000012221
22029000,-5358,7819,132833,1881,4045,130611,110,19215,487,1,11337,0.0010000000000012221
22030000,-8083,2679,130010,-739,-1540,126280,110,19230,451,1,11338,0.0009999999999976694
22031000,-3121,-3058,129529,-18259,-6551,133613,100,19234,410,1,11339,0.0010000000000012221
22032003,3523,-8251,128522,-3784,-6220,131312,128,19228,524,0,11340,0.0010030000000007533
22033000,3976,7642,127582,7332,1869,119622,101,19229,414,0,11341,0.0009969999999981383
22034002,-4935,9661,130346,-18124,7045,125652,108,19229,414,0,11342,0.0010019999999997253
22035000,-6617,2994,131193,-18085,-2014,129736,153,19225,442,1,11343,0.000998000000002719
22036000,-9612,-4886,131273,-2536,-4770,138511,153,19227,627,1,11344,0.0009999999999976694
22037000,-8569,17385,131245,-13579,15704,119220,117,19231,479,1,11345,0.0010000000000012221
22038000,-3735,8814,129082,-10176,3578,124166,104,19225,426,0,11346,0.0010000000000012221
22039000,-2201,-6792,125911,-3706,-10748,133466,157,19232,643,0,11347,0.0009999999999976694
22040000,-927,-6325,126083,-6573,-7866,126334,101,19232,643,0,11348,0.0010000000000012221
22041000,-2597,12533,129867,-8765,12322,123207,112,19231,414,0,11349,0.0010000000000012221
22042000,-6683,14857,128409,-8196,10888,120308,112,19220,459,1,11350,0.0009999999999976694
22043000,-6682,4039,126246,-12055,246,131759,109,19227,446,1,11351,0.0010000000000012221
22044000,-2242,-872,124868,-7783,-2409,130568,109,19229,446,1,11352,0.0010000000000012221
22045000,419,-614,124187,4966,-4910,116834,123,19227,504,0,11353,0.0009999999999976694
22046000,2973,3243,126082,-6574,788,128954,101,19227,504,0,11354,0.0010000000000012221
22047000,2240,3551,124027,-4315,1920,119924,105,19228,414,0,11355,0.0010000000000012221
22048000,-2912,4040,127458,3149,311,130718,105,19225,430,1,11356,0.0009999999999976694
22049001,-2180,9871,125611,-7358,6904,122457,141,19222,577,1,11357,0.00100100000000225
22050000,-3011,14448,125290,-5001,10888,123431,113,19228,463,1,11358,0.0009990000000001942
22051000,8493,3877,125963,4579,544,126485,96,19227,393,0,11359,0.0009999999999976694
22052000,8388,3997,123672,9925,334,120673,108,19227,393,0,11360,0.0010000000000012221
22053000,8615,-6211,123828,6374,-11253,130985,112,19231,442,0,11361,0.0009999999999976694
22054000,7202,-4971,124544,2515,-10094,122125,112,19224,459,0,11362,0.0010000000000012221
22055000,3557,8657,128429,5718,5793,124933,117,19222,479,1,11363,0.0010000000000012221
22056000,4159,12852,126494,3002,6885,120521,122,19229,500,1,11364,0.0009999999999976694
22057000,7315,1308,126330,4762,-918,138984,105,19237,430,1,11365,0.0010000000000012221
22058000,12445,-2382,127086,8222,-6691,111857,112,19237,459,0,11366,0.0010000000000012221
22059000,10045,7749,127932,4517,-2956,130672,91,19219,459,0,11367,0.0009999999999976694
22060000,4096,-8525,128587,10226,-14971,134183,103,19229,373,0,11368,0.0010000000000012221
22061000,4573,-2435,128009,-1115,-1083,124767,103,19233,422,0,11369,0.0010000000000012221
22062000,226,1967,129574,-893,12622,133567,127,19226,520,1,11370,0.0009999999999976694
22063000,1618,16172,131178,2213,17442,116449,114,19229,467,1,11371,0.0010000000000012221
22064000,5166,2502,128152,165,-12208,135033,100,19229,410,1,11372,0.0010000000000012221
22065000,10719,-13101,126191,5444,-13462,129394,153,19224,410,0,11373,0.0009999999999976694
22066000,8415,-4392,131442,12553,-4846,130580,107,19229,627,0,11374,0.0010000000000012221
22067000,5972,-11286,127371,-2679,-11421,133789,107,19228,438,0,11375,0.0010000000000012221
22068000,-364,9563,131880,-21258,3873,124702,108,19227,442,1,11376,0.0009999999999976694
22069001,-7637,8381,133044,88,6680,136660,139,19225,569,1,11377,0.00100100000000225
22070002,-7040,6263,128541,3089,3859,119071,104,19225,426,1,11378,0.0010009999999986974
22071000,-841,-6598,129635,-19951,-15196,138601,107,19232,426,1,11379,0.0009979999999991662
22072001,-1094,-12584,127213,2100,-10086,130476,94,19222,438,0,11380,0.00100100000000225
22073003,4378,3967,129743,-559,1399,124955,94,19229,385,0,11381,0.0010019999999997253
22074006,-5165,4650,132113,-11784,916,133705,111,19229,455,0,11382,0.0010030000000007533
22075008,-7982,786,130367,-13215,-1594,124727,129,19224,528,1,11383,0.0010019999999997253
22076002,-7650,3448,131593,-13100,2079,135893,117,19228,479,1,11384,0.0009939999999986071
22077000,-7240,8910,129803,-6345,7386,122568,100,19228,479,1,11385,0.0009979999999991662
22078001,-1119,5391,127617,-7888,-2079,123955,144,19232,410,0,11386,0.00100100000000225
22079000,-5676,-12641,125304,-9341,-16352,134658,144,19221,590,0,11387,0.0009990000000001942
22080000,-2074,-562,126829,-7104,-5874,118939,105,19232,430,0,11388,0.0009999999999976694
22081000,-2428,9184,131502,-3778,3334,135175,109,19226,446,1,11389,0.0010000000000012221
22082000,-9716,9320,124805,-8833,9954,117054,141,19232,577,1,11390,0.0010000000000012221
22083000,-6876,13882,131366,-17363,9082,127237,112,19232,577,1,11391,0.0009999999999976694
22084000,-1988,3265,124013,-1142,1043,125850,106,19231,459,1,11392,0.0010000000000012221
22085000,3537,-2404,124747,3380,-8313,128576,106,19223,434,0,11393,0.0009999999999976694
22086000,1253,-9381,124310,-3817,-11660,130781,102,19231,418,0,11394,0.0010000000000012221
22087000,2357,10355,125507,-7083,9890,114492,109,19229,446,0,11395,0.0010000000000012221
22088000,1085,7307,127960,-1492,3129,131426,121,19224,496,1,11396,0.0009999999999976694
22089000,-4514,6176,124710,2421,667,122819,111,19224,496,1,11397,0.0010000000000012221
22090000,1498,12062,126026,-7279,9114,123954,99,19230,455,1,11398,0.0010000000000012221
22091000,3529,9156,124589,2689,5648,121412,99,19228,405,0,11399,0.0009999999999976694
22092000,10288,-3570,127275,7743,-9401,125093,125,19228,512,0,11400,0.0010000000000012221
22093002,8989,-6116,125469,14178,-8593,131469,109,19226,446,0,11401,0.0010019999999997253
22094004,2208,-374,125617,-5728,-2880,122518,117,19225,479,0,11402,0.0010019999999997253
22095000,4399,4757,128008,6297,699,129878,146,19225,479,1,11403,0.000996000000000663
22096000,2935,18425,128102,9810,17016,118176,112,19228,598,1,11404,0.0010000000000012221
22097000,9447,4527,124676,-5297,1429,130316,112,19231,459,1,11405,0.0009999999999976694
22098000,10516,-3069,125154,9010,-6703,120130,99,19224,405,0,11406,0.0010000000000012221
22099000,13792,-3726,126735,12576,-6310,124623,120,19231,491,0,11407,0.0010000000000012221
22100000,6442,-13469,125875,14417,-17689,137434,108,19233,442,0,11408,0.0009999999999976694
22101000,2303,2787,130853,-8321,-1574,125806,115,19233,471,1,11409,0.0010000000000012221
22102000,2984,10794,131139,-4155,5994,124393,106,19222,471,1,11410,0.0010000000000012221
22103002,-2733,13958,130083,12129,11335,121053,102,19231,434,1,11411,0.0010019999999997253
22104001,4387,-3649,130444,-13577,-9030,134485,102,19229,418,1,11412,0.0009990000000001942
22105000,11918,-12545,123843,5666,-13069,126397,120,19224,491,0,11413,0.0009990000000001942
22106002,10399,-5605,129641,24079,-9140,135319,108,19229,442,0,11414,0.0010019999999997253
22107000,301,-739,129980,-5904,3959,121546,113,19229,463,0,11415,0.0009979999999991662
22108000,-229,12404,134853,-17951,6270,129760,141,19227,463,1,11416,0.0010000000000012221
22109000,-6399,-2044,132474,1692,-7251,138538,113,19220,577,1,11417,0.0009999999999976694
22110000,-11838,452,128949,-2972,-3190,120580,113,19237,463,1,11418,0.0010000000000012221
22111000,2736,-788,129987,-9527,-7685,134787,96,19228,393,0,11419,0.0010000000000012221
22112000,-1853,-4814,129435,12902,-5230,126182,135,19232,553,0,11420,0.0009999999999976694
22113000,2160,3953,130314,-5049,-947,128411,112,19227,459,0,11421,0.0010000000000012221
22114003,-7569,4031,131217,-22640,-179,129416,115,19227,459,0,11422,0.0010030000000007533
22115003,-9181,3646,130887,-6067,961,128532,125,19224,471,1,11423,0.0009999999999976694
22116000,-6628,14892,131106,-3357,19071,122785,125,19225,512,1,11424,0.000997000000001691
22117000,-7081,3211,128093,-18524,-2502,126583,105,19229,430,1,11425,0.0009999999999976694
22118000,304,-2735,128564,-7900,-9061,131561,114,19220,467,0,11426,0.0010000000000012221
22119001,-3591,-4156,124877,1066,-7496,127762,105,19239,430,0,11427,0.0010009999999986974
22120000,-1408,4586,129313,-8129,3917,122976,104,19239,430,0,11428,0.0009990000000001942
22121000,-7141,7543,129005,-11688,4546,126526,129,19223,426,1,11429,0.0010000000000012221
22122000,-8559,7444,127224,-13315,2200,125847,129,19222,528,1,11430,0.0010000000000012221
22123000,-5949,9074,129761,-8467,4825,123905,117,19230,479,1,11431,0.0009999999999976694
22124000,-3406,10443,126166,42,4598,121032,101,19227,414,1,11432,0.0010000000000012221
22125000,392,1734,124537,-5248,-2670,128220,141,19234,577,0,11433,0.0010000000000012221
22126000,889,-5353,123125,-8895,-7752,124425,110,19234,577,0,11434,0.0009999999999976694
22127000,5057,4564,128397,1505,1703,124795,114,19228,451,0,11435,0.0010000000000012221
22128000,-2446,14185,123947,2179,14214,118983,114,19226,467,1,11436,0.0010000000000012221
22129000,-3976,2299,127201,-11352,-1002,128892,145,19228,594,1,11437,0.0009999999999976694
22130000,5984,-158,125032,759,-1648,128454,107,19231,438,1,11438,0.0010000000000012221
22131000,6892,9832,123471,13008,4770,121287,103,19224,422,0,11439,0.0010000000000012221
22132000,6836,2682,124289,2298,-1329,120728,86,19224,422,0,11440,0.0009999999999976694
22133000,7083,-3816,124609,3305,-8423,126904,114,19230,352,0,11441,0.0010000000000012221
22134000,5639,-1504,126335,9140,-7717,134031,114,19227,467,0,11442,0.0010000000000012221
22135000,2548,13499,129265,5859,13422,118779,129,19224,528,1,11443,0.0009999999999976694
22136000,3373,19270,130421,-6049,15947,119390,116,19228,475,1,11444,0.0010000000000012221
22137000,8699,1165,125032,6329,-3865,129466,98,19230,401,1,11445,0.0010000000000012221
22138001,10757,-4006,125092,10375,-7269,126835,135,19230,401,0,11446,0.0010009999999986974
22139000,8541,-9100,126266,6523,-12903,127161,101,19229,553,0,11447,0.0009990000000001942
22140000,5591,6339,128776,3788,4498,122714,101,19236,414,0,11448,0.0010000000000012221
22141001,5945,3107,129956,-792,-530,127153,104,19225,426,1,11449,0.0010009999999986974
22142000,-525,6368,131677,3389,3568,132600,131,19227,537,1,11450,0.0009990000000001942
22143000,177,9979,128941,-1896,7228,122958,111,19232,455,1,11451,0.0010000000000012221
22144001,6767,2041,128406,1271,-663,126739,107,19232,438,1,11452,0.0010009999999986974
22145001,10800,-10562,127413,6254,-14027,128920,132,19225,438,0,11453,0.0010000000000012221
22146000,8968,-1153,129448,13576,-5461,130475,112,19237,541,0,11454,0.0009989999999966415
22147000,-520,-7510,127904,-3152,-11194,135342,112,19230,459,0,11455,0.0010000000000012221
22148000,-1297,12839,133696,-17357,9458,119405,121,19220,496,1,11456,0.0010000000000012221
22149000,-4201,8532,132190,-906,6452,134395,110,19223,451,1,11457,0.0009999999999976694
22150001,-2512,-3347,129295,2985,-6972,131052,99,19223,405,1,11458,0.00100100000000225
22151001,-1163,-14799,127577,-11809,-18258,134303,126,19233,405,0,11459,0.0009999999999976694
22152002,-1520,9392,131606,-14797,4679,114075,100,19227,516,0,11460,0.00100100000000225
22153000,91,11545,131196,8893,-3818,133664,100,19227,410,0,11461,0.0009979999999991662
22154000,-6978,-2450,132536,-10828,-6555,135104,107,19224,438,1,11462,0.0010000000000012221
22155002,-9578,6847,130759,-21637,6624,123557,152,19232,623,1,11463,0.0010019999999997253
22156001,-7888,4419,129929,-7034,9502,128786,116,19232,475,1,11464,0.0009990000000001942
22157000,-65,10932,130250,-903,8694,121631,101,19230,475,1,11465,0.0009990000000001942
22158000,-3358,-9171,124990,-10245,-14940,137063,166,19226,414,0,11466,0.0009999999999976694
22159000,-2919,-3199,124007,-11534,5396,121583,166,19233,680,0,11467,0.0010000000000012221
22160000,-1187,13708,130599,-23,8015,123930,103,19229,422,0,11468,0.0010000000000012221
22161000,-3254,3008,127282,-6175,-752,128243,114,19220,467,1,11469,0.0009999999999976694
22162000,-8397,7559,128722,-15184,-2430,126115,112,19223,459,1,11470,0.0010000000000012221
22163000,-6415,-2636,125789,-14215,10671,137302,109,19223,459,1,11471,0.0010000000000012221
22164000,3332,12828,127412,9300,8612,106982,120,19231,446,0,11472,0.0009999999999976694
22165000,-1037,-806,123809,3356,-9368,133136,120,19226,491,0,11473,0.0010000000000012221
22166000,-451,-4554,125069,-13087,-6429,128435,97,19228,397,0,11474,0.0010000000000012221
22167001,-1909,7986,126481,-2641,7038,120058,108,19225,442,0,11475,0.0010009999999986974
22168000,1735,8434,127104,2618,10969,128992,139,19223,569,1,11476,0.0009990000000001942
22169000,-2546,13532,126419,-5973,9155,116066,114,19223,569,1,11477,0.0010000000000012221
22170002,3617,-1497,123136,-2052,-3527,133590,95,19230,467,1,11478,0.0010019999999997253
22171002,9283,-5361,121034,13198,-6816,122609,95,19229,389,0,11479,0.0009999999999976694
22172000,8155,7914,124518,1666,3442,120776,113,19229,463,0,11480,0.000998000000002719
22173000,7114,556,126048,6201,-5387,125971,111,19228,455,0,11481,0.0009999999999976694
22174000,4063,-4570,127514,7343,-13116,127468,117,19221,479,1,11482,0.0010000000000012221
22175000,868,-2142,129219,-6187,-3464,143243,123,19221,479,1,11483,0.0010000000000012221
22176000,3515,13393,126310,4462,10399,109356,105,19232,504,1,11484,0.0009999999999976694
22177000,9681,9498,126491,12718,5172,125482,105,19232,430,1,11485,0.0010000000000012221
22178000,9435,758,126913,-2215,-3438,125932,111,19218,455,0,11486,0.0009999999999976694
22179000,12885,-11668,123373,12326,-14013,132488,87,19228,356,0,11487,0.0010000000000012221
22180000,3892,-13864,126054,15697,-16050,130694,106,19229,434,0,11488,0.0010000000000012221
22181000,4673,13160,130139,-10748,10347,121160,128,19229,434,1,11489,0.0009999999999976694
22182000,757,7570,130428,671,3626,131210,114,19225,524,1,11490,0.0010000000000012221
22183000,2638,9083,130402,6765,4934,125797,114,19231,467,1,11491,0.0010000000000012221
22184000,6695,-3699,128872,-3619,-8369,133033,101,19226,414,0,11492,0.0009999999999976694
22185002,4390,-9975,128075,7362,-13155,126052,152,19234,623,0,11493,0.0010019999999997253
22186001,7072,-6177,130359,9705,-12618,133130,105,19225,430,0,11494,0.0009990000000001942
22187001,665,-2421,131631,-6847,-4361,136691,107,19225,430,0,11495,0.0010000000000012221
22188000,797,14582,133817,-16195,11992,118837,149,19224,438,1,11496,0.0009990000000001942
22189000,-9309,6719,133118,10267,3808,126426,149,19230,610,1,11497,0.0010000000000012221
22190002,-1600,-6483,127861,-7363,-9272,131997,110,19233,451,1,11498,0.0010019999999997253
22191002,-1802,-12276,128064,-18337,-16173,138960,109,19216,446,0,11499,0.0009999999999976694
22192000,976,1261,131478,4151,-2958,123641,100,19231,410,0,11500,0.000998000000002719
22193000,-1563,11039,131254,738,8372,119712,109,19231,446,0,11501,0.0009999999999976694
22194000,-7158,-6071,130530,-18184,-8006,136935,129,19228,446,1,11502,0.0010000000000012221
22195000,-8871,2230,130046,-11918,-1122,131646,120,19223,528,1,11503,0.0010000000000012221
22196001,-12112,11716,129178,-9190,7867,125326,120,19228,491,1,11504,0.0010009999999986974
22197000,-2153,19212,131107,-12002,17106,118293,103,19231,422,1,11505,0.0009990000000001942
22198000,-6413,-11552,125322,-8092,-11491,141376,139,19222,569,0,11506,0.0010000000000012221
22199001,-904,-7418,125278,-4959,-11733,122090,101,19222,414,0,11507,0.0010009999999986974
22200000,-1465,6864,127079,-9815,1544,125699,105,19225,414,0,11508,0.0009990000000001942
22201000,-3293,11645,130620,-703,7035,123760,148,19226,430,1,11509,0.0010000000000012221
22202000,-7254,13733,127596,-8696,7931,125142,148,19228,606,1,11510,0.0009999999999976694
22203000,-5919,1055,127476,-18709,-1150,132769,118,19234,483,1,11511,0.0010000000000012221
22204000,729,3745,124793,1949,2256,120237,107,19219,438,0,11512,0.0010000000000012221
22205000,477,-1567,123525,-2231,-7427,127248,94,19219,385,0,11513,0.0009999999999976694
22206000,151,2228,125928,-1437,-2270,122936,111,19231,385,0,11514,0.0010000000000012221
22207002,-1261,3891,126718,-1486,-1220,127571,121,19228,455,0,11515,0.0010019999999997253
22208000,-1706,9328,126241,-5852,11921,123342,121,19219,496,1,11516,0.0009979999999991662
22209000,-2511,18779,127162,-4671,15032,117132,120,19228,491,1,11517,0.0010000000000012221
22210000,5033,4274,122298,10920,12679,126583,101,19232,414,1,11518,0.0009999999999976694
22211000,9111,-4947,123276,-740,-13083,123759,124,19229,508,0,11519,0.0010000000000012221
22212000,12725,-7539,123304,5560,-9404,129776,107,19229,508,0,11520,0.0010000000000012221
22213000,4975,55,126724,8835,-792,127186,115,19225,438,0,11521,0.0009999999999976694
22214000,3184,-698,127073,4000,-6549,124440,115,19221,471,1,11522,0.0010000000000012221
22215000,-1015,4422,129156,219,1,125979,149,19228,610,1,11523,0.0010000000000012221
22216000,2236,11126,127176,-6401,4193,124257,114,19233,467,1,11524,0.0009999999999976694
22217000,8969,9020,126165,19205,2682,122491,99,19226,405,1,11525,0.0010000000000012221
22218000,9014,7043,127162,5089,-543,120861,124,19226,405,0,11526,0.0010000000000012221
22219002,10028,-12948,125643,592,-18007,135539,107,19234,508,0,11527,0.0010019999999997253
22220000,4375,-10321,130914,11739,-10872,130965,107,19231,438,0,11528,0.0009979999999991662
22221000,3495,9285,130780,-6336,5378,130793,113,19222,463,1,11529,0.0010000000000012221
22222000,-165,20704,128677,3651,22170,114889,113,19235,463,1,11530,0.0009999999999976694
22223002,986,5448,130717,2335,-3964,129574,106,19228,434,1,11531,0.0010019999999997253
22224000,10517,-21624,124286,-4803,-27156,135151,122,19228,434,0,11532,0.000998000000002719
22225000,6777,-989,130335,11625,-3169,121497,95,19220,500,0,11533,0.0009999999999976694
22226001,5091,-157,129053,8038,-4493,129391,95,19228,389,0,11534,0.00100100000000225
22227000,-836,4671,131084,-16806,1825,125069,105,19229,430,0,11535,0.0009990000000001942
22228000,-2183,-1071,133655,-8142,-5907,140042,133,19224,545,1,11536,0.0009999999999976694
22229000,-8745,688,130460,9341,-1071,127808,112,19232,459,1,11537,0.0010000000000012221
22230003,-3072,10248,131056,-18856,7530,120782,99,19232,459,1,11538,0.0010030000000007533
22231000,1867,-4755,127642,-10240,-9871,134420,139,19224,405,0,11539,0.0009969999999981383
22232000,6522,-582,127693,14743,-5180,125308,139,19232,569,0,11540,0.0010000000000012221
22233000,-4838,2907,131044,-7205,-725,131790,109,19227,446,0,11541,0.0010000000000012221
22234000,-8147,12324,131246,-22756,10407,122434,114,19224,467,1,11542,0.0009999999999976694
22235000,-7833,10180,133267,-8204,7710,132757,127,19228,520,1,11543,0.0010000000000012221
22236000,-7231,1522,129010,-1443,-1023,133925,110,19228,451,1,11544,0.0010000000000012221
22237000,-2412,11766,129196,-13326,9190,119379,114,19230,451,1,11545,0.0009999999999976694
22238000,-3780,-1088,126269,-7607,-4602,128620,124,19217,467,0,11546,0.0010000000000012221
22239000,2265,-432,126780,-3559,-3352,127901,124,19234,508,0,11547,0.0010000000000012221
22240000,-1926,-658,128128,-6330,-3614,130088,104,19229,426,0,11548,0.0009999999999976694
22241000,-6344,10212,128271,-9047,5560,121897,128,19225,524,1,11549,0.0010000000000012221
22242000,-4999,19201,128431,-15441,14576,123846,117,19225,479,1,11550,0.0009999999999976694
22243001,-6254,482,124064,-293,-3082,127461,104,19228,479,1,11551,0.00100100000000225
22244000,2962,5497,125269,-4953,1925,124363,144,19225,426,0,11552,0.0009990000000001942
22245000,759,-2759,124262,-7682,-3640,124686,144,19235,590,0,11553,0.0009999999999976694
22246000,4713,8185,125613,3129,5482,127346,108,19228,442,0,11554,0.0010000000000012221
22247000,-452,-3772,124236,-2044,-8200,133231,110,19227,451,0,11555,0.0010000000000012221
22248000,-4712,12658,126971,-6909,19041,116984,146,19227,598,1,11556,0.0009999999999976694
22249000,1145,21303,127653,-2432,9541,120733,107,19233,598,1,11557,0.0010000000000012221
22250000,4914,6623,123138,2811,1964,123382,104,19231,438,1,11558,0.0010000000000012221
22251001,11026,4676,125606,5443,-9175,125833,104,19228,426,0,11559,0.0010009999999986974
22252001,9576,-10622,120828,11489,-4415,125168,81,19228,332,0,11560,0.0010000000000012221
22253003,7080,2147,128274,4482,-1170,126090,115,19227,471,0,11561,0.0010019999999997253
22254002,2332,-1804,126255,-1433,1246,126732,127,19227,520,1,11562,0.0009990000000001942
22255001,2870,12910,129406,1958,9964,123550,112,19227,520,1,11563,0.0009990000000001942
22256000,7143,8911,128369,9775,2107,128651,100,19230,459,1,11564,0.0009990000000001942
22257001,7352,-7294,125218,388,1489,125243,100,19234,410,0,11565,0.0010009999999986974
22258000,13043,1812,129026,7614,-5114,124736,133,19226,545,0,11566,0.0009990000000001942
22259000,7543,-14868,124167,19241,-23473,138930,102,19231,418,0,11567,0.0010000000000012221
22260001,3521,-912,128857,-6705,2119,123121,103,19225,422,0,11568,0.0010009999999986974
22261000,2467,17794,132490,-6743,15698,123575,132,19225,422,1,11569,0.0009990000000001942
22262000,2568,13873,129400,8076,7957,128292,111,19225,541,1,11570,0.0010000000000012221
22263000,5175,4969,129016,1256,-505,125109,111,19231,455,1,11571,0.0009999999999976694
22264002,6431,-11999,128585,-3913,-20795,136188,101,19223,414,0,11572,0.0010019999999997253
22265002,9584,-13954,127515,21851,-10233,127958,128,19235,524,0,11573,0.0010000000000012221
22266000,3039,2380,130607,1768,-1245,133880,106,19226,434,0,11574,0.0009979999999991662
22267000,2074,5356,131516,-24900,3843,119607,115,19226,434,1,11575,0.0010000000000012221
22268001,-4799,19922,135188,5357,9123,126243,117,19220,471,1,11576,0.0010009999999986974
22269002,-2555,-12551,129307,-6892,-13877,143616,117,19228,479,1,11577,0.00100100000000225
22270000,-3141,-5865,129405,-6547,-9703,121071,97,19231,397,1,11578,0.0009979999999991662
22271000,1084,-7622,128165,-6389,-12372,134524,121,19225,496,0,11579,0.0009999999999976694
22272001,1675,7157,130014,1558,3627,121887,103,19232,422,0,11580,0.00100100000000225
22273000,-5766,708,130794,-8887,-2689,130292,112,19232,422,0,11581,0.0009990000000001942
22274000,-8284,235,130699,-19572,-1635,133839,148,19226,459,1,11582,0.0009999999999976694
22275000,-10201,7634,129868,-8359,5160,125646,148,19229,606,1,11583,0.0010000000000012221
22276002,-7415,11147,132123,-8834,7110,123314,111,19228,455,1,11584,0.0010019999999997253
22277000,-451,-1063,127632,-6639,-5596,131154,100,19227,410,0,11585,0.0009979999999991662
22278000,-4211,-9300,125367,-8170,-12684,130549,171,19236,700,0,11586,0.0010000000000012221
22279000,-4309,2282,128366,-6406,-1975,122885,105,19236,700,0,11587,0.0010000000000012221
22280000,-2017,8148,127152,-8948,4614,124001,113,19230,430,0,11588,0.0009999999999976694
22281000,-7852,14077,131654,-7735,11046,131290,115,19222,463,1,11589,0.0010000000000012221
22282000,-6170,5447,124661,-11789,2467,120339,115,19227,471,1,11590,0.0010000000000012221
22283000,-1591,7265,128086,-6715,3998,126230,105,19234,430,1,11591,0.0009999999999976694
22284000,1962,848,123844,3991,-2472,126156,120,19235,491,0,11592,0.0010000000000012221
22285000,2357,-5935,122700,-4331,-9124,129264,105,19235,430,0,11593,0.0010000000000012221
22286000,664,2937,126800,-5826,-46,128257,116,19228,430,0,11594,0.0009999999999976694
22287000,-515,9574,126247,519,8074,116708,139,19226,475,1,11595,0.0010000000000012221
22288000,-3118,8760,128025,-5884,7664,124670,139,19216,569,1,11596,0.0010000000000012221
22289000,450,3821,125551,-6684,996,128812,114,19229,467,1,11597,0.0009999999999976694
22290000,3021,6804,122843,10848,3839,120771,95,19230,389,0,11598,0.0010000000000012221
22291000,7905,5001,124467,-1623,1869,115968,117,19230,479,0,11599,0.0010000000000012221
22292000,9999,-5411,125252,1400,-9181,136746,112,19234,479,0,11600,0.0009999999999976694
22293000,5736,-4984,126848,17582,-8304,122716,113,19235,459,0,11601,0.0010000000000012221
22294000,4413,4164,125182,-7801,4329,121775,113,19224,463,1,11602,0.0010000000000012221
22295000,1143,16599,131906,3007,11880,125374,128,19228,524,1,11603,0.0009999999999976694
22296000,9944,-780,122974,10767,-96,126958,104,19232,426,1,11604,0.0010000000000012221
22297000,8957,-5700,125553,4111,-405,129519,108,19221,442,0,11605,0.0010000000000012221
22298000,8781,1922,127396,1456,-7720,125971,98,19221,442,0,11606,0.0009999999999976694
22299000,7466,-7428,123593,17881,-9476,126961,109,19230,401,0,11607,0.0010000000000012221
22300000,897,-755,131574,-5964,-3430,132880,109,19228,446,0,11608,0.0010000000000012221
22301002,2919,468,129437,-6873,1402,127098,128,19224,524,1,11609,0.0010019999999997253
22302000,-25,23115,133569,13043,11719,123127,115,19228,471,1,11610,0.0009979999999991662
22303000,2612,5684,128326,-6014,249,128090,99,19229,405,1,11611,0.0009999999999976694
22304000,9311,-14779,126385,3242,-11592,133938,147,19229,405,0,11612,0.0010000000000012221
22305003,10858,-10727,129411,21306,-8933,129669,103,19230,602,0,11613,0.0010030000000007533
22306002,5153,-6873,126458,-2016,-7941,128166,103,19231,422,0,11614,0.0009990000000001942
22307000,-443,11507,134261,-21254,9819,127679,107,19223,438,1,11615,0.0009979999999991662
22308000,-5149,3307,130943,6591,-1148,129423,141,19226,577,1,11616,0.0010000000000012221
22309000,-8818,3760,130609,928,625,129262,108,19232,442,1,11617,0.0009999999999976694
22310000,-2922,-5068,129688,-23933,-12119,131443,106,19232,442,1,11618,0.0010000000000012221
22311000,35,-1232,128693,3688,-3096,127086,93,19222,434,0,11619,0.0010000000000012221
22312000,4049,7138,131156,4029,3843,126395,93,19231,381,0,11620,0.0009999999999976694
22313000,-5602,-1248,130474,-17192,-4204,130799,109,19224,446,0,11621,0.0010000000000012221
22314000,-8627,-314,131100,-12293,-3048,127119,125,19221,512,1,11622,0.0010000000000012221
22315000,-9461,11979,130540,-11730,9867,126782,117,19229,479,1,11623,0.0009999999999976694
22316000,-4741,13790,130300,-2267,13590,124144,101,19229,479,1,11624,0.0010000000000012221
22317000,-6092,-3146,127079,-13367,-8333,123398,135,19233,414,0,11625,0.0010000000000012221
22318000,-2726,-9786,125912,-14260,-13428,134386,135,19222,553,0,11626,0.0009999999999976694
22319000,-1207,1740,127443,3549,-764,125124,103,19230,422,0,11627,0.0010000000000012221
22320000,-3704,7512,128059,-7180,4869,124265,106,19230,434,1,11628,0.0010000000000012221
22321000,-5694,15720,128295,-11307,13060,123139,143,19226,586,1,11629,0.0009999999999976694
22322000,-9122,3728,127722,-15286,-740,128904,116,19226,586,1,11630,0.0010000000000012221
22323000,1114,7531,127966,-2826,3726,128564,105,19230,475,1,11631,0.0010000000000012221
22324000,1025,4242,125159,6547,1597,122854,105,19226,430,0,11632,0.0009999999999976694
22325000,616,-4732,123717,-11334,-7550,125755,105,19221,430,0,11633,0.0010000000000012221
22326000,2870,5436,125629,-4713,1647,124908,111,19229,455,0,11634,0.0010000000000012221
22327000,-146,8545,126009,2346,6168,126033,122,19218,500,1,11635,0.0009999999999976694
22328001,-1844,23506,127084,-555,21957,118424,111,19218,455,1,11636,0.00100100000000225
22329002,-1801,4141,125335,-5409,782,122160,97,19230,455,1,11637,0.0010009999999986974
22330002,9578,-3822,124504,3517,-6775,132632,121,19230,397,0,11638,0.0010000000000012221
22331000,7536,6400,123639,7631,1843,118453,121,19222,496,0,11639,0.0009979999999991662
22332000,7466,3634,127758,5732,1638,123992,114,19226,467,0,11640,0.0010000000000012221
22333000,5750,-5018,125719,1670,-7693,131124,116,19226,475,0,11641,0.0009999999999976694
22334000,2184,-2101,127903,6119,-6125,129146,151,19226,618,1,11642,0.0010000000000012221
22335001,5626,13966,128647,2531,11055,122696,113,19230,618,1,11643,0.0010009999999986974
22336000,7268,14966,125358,5076,13146,118130,98,19231,463,1,11644,0.0009990000000001942
22337001,13500,1584,126625,12288,-484,128971,98,19224,401,0,11645,0.0010009999999986974
22338000,9552,-8853,125264,2509,-11763,132129,129,19236,528,0,11646,0.0009990000000001942
22339000,7131,-14433,128279,16622,-17168,131907,104,19229,426,0,11647,0.0010000000000012221
22340000,4108,10531,129867,-260,7567,125255,106,19229,434,1,11648,0.0010000000000012221
22341000,434,6645,131041,-9324,-4479,130944,108,19224,434,1,11649,0.0009999999999976694
22342000,85,9819,132408,9312,4780,125195,105,19228,442,1,11650,0.0010000000000012221
22343000,1764,7080,128620,-1606,-4203,126300,105,19226,430,1,11651,0.0010000000000012221
22344000,9547,-10238,126754,-3196,-16483,131108,117,19218,479,0,11652,0.0009999999999976694
22345000,10121,-4417,130139,18640,-5813,127876,94,19232,385,0,11653,0.0010000000000012221
22346000,3674,-4598,127257,-11928,-4548,131858,103,19227,422,0,11654,0.0010000000000012221
22347000,2815,12057,132881,-13491,13530,123451,137,19227,422,1,11655,0.0009999999999976694
22348000,-5637,4950,131536,10164,-5030,134203,113,19224,561,1,11656,0.0010000000000012221
22349000,-4842,-5218,128897,-10169,-6736,127780,113,19228,463,1,11657,0.0010000000000012221
22350000,-846,-1309,133064,-18372,-12103,133157,95,19229,389,0,11658,0.0009999999999976694
22351000,930,-15471,128489,8567,-2138,132391,132,19231,541,0,11659,0.0010000000000012221
22352000,67,16828,131458,-484,6299,118229,108,19227,442,0,11660,0.0010000000000012221
22353000,-8732,-3851,128037,-22308,-10526,137276,116,19227,442,0,11661,0.0009999999999976694
22354000,-6515,-554,130920,-8796,1001,130171,127,19223,475,1,11662,0.0010000000000012221
22355000,-9319,11404,132154,-5138,6810,125671,127,19228,520,1,11663,0.0010000000000012221
22356000,-5402,14678,130967,-13772,11256,124142,110,19230,451,1,11664,0.0009999999999976694
22357000,-2623,2200,127783,-9546,-3679,127385,111,19218,455,0,11665,0.0010000000000012221
22358000,-3608,-12875,125552,-126,-16200,136277,112,19229,459,0,11666,0.0010000000000012221
22359000,-239,1642,126310,-9311,8718,121363,109,19229,459,0,11667,0.0009999999999976694
22360000,-6163,6077,127387,-11523,1252,125704,132,19231,446,1,11668,0.0010000000000012221
22361000,-4978,14502,128469,-10157,12074,119480,132,19222,541,1,11669,0.0010000000000012221
22362000,-3191,4598,128615,-7212,-2404,134265,120,19227,491,1,11670,0.0009999999999976694
22363001,-4555,-3304,123840,-1447,1917,126601,103,19228,422,1,11671,0.00100100000000225
22364000,1603,9286,126711,-8371,3876,114102,137,19234,561,0,11672,0.0009989999999966415
22365000,928,38,123799,768,-5621,132437,104,19234,561,0,11673,0.0010000000000012221
22366000,4535,805,126580,293,-1974,127077,111,19226,426,0,11674,0.0010000000000012221
22367000,-3612,703,125466,-7122,-2272,125631,111,19224,455,1,11675,0.0009999999999976694
22368000,-3632,21724,128547,-2753,23556,123356,145,19233,594,1,11676,0.0010000000000012221
22369000,6480,6047,124139,51,2427,123927,107,19234,438,1,11677,0.0010000000000012221
22370000,6196,-4286,124392,12815,-9517,130579,103,19223,422,0,11678,0.0009999999999976694
22371000,10607,3073,122964,-1589,-246,119718,82,19223,336,0,11679,0.0010000000000012221
22372001,5451,-1808,124803,7927,-5496,124277,111,19230,336,0,11680,0.0010009999999986974
22373000,6164,229,128532,11765,-4052,127814,128,19228,455,1,11681,0.0009990000000001942
22374000,1589,-1610,126010,-7399,-5087,130368,128,19224,524,1,11682,0.0010000000000012221
22375000,1291,25746,131548,-6226,24086,121440,114,19228,467,1,11683,0.0010000000000012221
22376000,10490,1104,124417,18104,-2677,120523,99,19228,405,1,11684,0.0009999999999976694
22377000,9947,-2633,127261,7014,-6582,132201,130,19228,532,0,11685,0.0010000000000012221
22378000,11362,-4926,124948,-1269,-9761,130685,101,19224,532,0,11686,0.0010000000000012221
22379000,8080,-7999,126714,18137,-12232,129130,102,19231,414,0,11687,0.0009999999999976694
22380000,5489,6613,130655,-443,2103,125847,102,19226,418,1,11688,0.0010000000000012221
22381000,1110,7084,131494,-9482,5441,127197,136,19229,557,1,11689,0.0010000000000012221
22382000,65,3885,129327,8874,1537,127607,112,19228,459,1,11690,0.0009999999999976694
22383000,5196,-2723,128447,4635,-5464,128808,104,19228,426,1,11691,0.0010000000000012221
22384000,8827,-2270,128798,-6345,-4447,122661,127,19222,426,0,11692,0.0010000000000012221
22385000,7576,-5737,129319,18587,-8934,135274,103,19230,520,0,11693,0.0009999999999976694
22386000,2246,-11361,129315,-805,-16201,128664,103,19230,422,0,11694,0.0010000000000012221
22387000,-2436,12269,136330,-20998,8376,121505,117,19217,479,1,11695,0.0010000000000012221
22388000,-6207,7275,130523,2753,-1560,132867,109,19229,446,1,11696,0.0009999999999976694
22389000,-5023,1579,131621,-458,-2172,129436,102,19235,418,1,11697,0.0010000000000012221
22390002,-111,-11794,127121,-16736,-18525,133476,127,19235,418,0,11698,0.0010019999999997253
22391000,128,3749,129151,-4329,9603,121595,109,19223,520,0,11699,0.0009979999999991662
22392000,-619,6158,130852,4528,-4811,128706,109,19226,446,0,11700,0.0010000000000012221
22393000,-5708,1501,131319,-18187,-1333,126945,113,19225,463,1,11701,0.0010000000000012221
22394000,-10468,2179,130441,-13218,-1796,137275,154,19228,631,1,11702,0.0009999999999976694
22395000,-8362,2897,130084,-5411,4941,125883,120,19230,491,1,11703,0.0010000000000012221
22396001,-4643,12724,130483,-5729,2475,121671,105,19230,491,1,11704,0.0010009999999986974
22397000,-3920,-5244,124667,-8909,-6214,132372,153,19227,430,0,11705,0.0009990000000001942
22398000,-3304,-2891,126181,-6710,700,126469,153,19232,627,0,11706,0.0010000000000012221
22399000,-124,2000,127422,-2505,120,122965,103,19231,422,0,11707,0.0009999999999976694
22400000,-5680,10047,126990,-7770,9902,121000,112,19222,459,1,11708,0.0010000000000012221
22401000,-9950,6810,129272,-14393,-1406,131773,119,19228,487,1,11709,0.0010000000000012221
22402000,-5392,3088,126424,-7285,2783,124535,110,19228,487,1,11710,0.0009999999999976694
22403000,973,7773,127576,891,527,128578,123,19229,451,0,11711,0.0010000000000012221
22404002,-1903,-2926,123744,58,-3463,123426,123,19225,504,0,11712,0.0010019999999997253
22405000,1463,4713,125180,-5810,-3980,119383,96,19228,393,0,11713,0.0009979999999991662
22406000,-654,-192,124498,-3271,-1207,134147,108,19226,442,0,11714,0.0010000000000012221
22407000,-2207,15946,128714,-275,12583,117157,140,19226,573,1,11715,0.0010000000000012221
22408000,-308,11379,125608,-7046,6441,123912,115,19226,573,1,11716,0.0009999999999976694
22409000,1209,10400,123393,5532,7732,123299,98,19230,471,1,11717,0.0010000000000012221
22410000,11822,2988,122892,7075,751,130988,98,19228,401,0,11718,0.0010000000000012221
22411000,11453,2104,123100,4038,-2227,115347,115,19232,471,0,11719,0.0009999999999976694
22412000,8683,2567,126338,13670,-2165,125479,110,19227,451,0,11720,0.0010000000000012221
22413002,5509,-12182,125285,-2313,-16351,132995,118,19221,483,1,11721,0.0010019999999997253
22414000,409,2884,129544,-984,2632,119520,129,19221,483,1,11722,0.0009979999999991662
22415000,3852,10444,127824,9537,7321,131821,106,19229,528,1,11723,0.0010000000000012221
22416000,3542,9253,124673,739,6277,116362,106,19230,434,1,11724,0.0010000000000012221
22417000,12139,3405,129368,4912,-1816,126456,109,19218,446,0,11725,0.0009999999999976694
22418000,11756,-16773,124404,13100,-19861,135960,88,19225,360,0,11726,0.0010000000000012221
22419000,4285,1631,129800,9488,-646,123587,104,19228,426,0,11727,0.0010000000000012221
22420000,3604,5711,129570,-9810,751,129762,125,19228,512,1,11728,0.0009999999999976694
22421000,654,15402,130798,1878,10671,123176,113,19224,512,1,11729,0.0010000000000012221
22422000,3846,8392,130155,14154,5519,131334,99,19225,463,1,11730,0.0010000000000012221
22423001,4110,-11340,125574,-9624,-15416,122856,99,19232,405,0,11731,0.0010009999999986974
22424001,10334,-8963,130335,3928,-11985,130226,152,19231,623,0,11732,0.0010000000000012221
22425001,5401,-2045,126868,22257,-6945,133227,106,19227,434,0,11733,0.0009999999999976694
22426005,-262,-2425,129773,-15685,-5726,122138,107,19227,438,0,11734,0.0010040000000017812
22427002,-1741,10278,135779,-22951,8962,129000,144,19224,438,1,11735,0.0009969999999981383
22428000,-9453,6725,131043,12384,4049,128632,106,19234,590,1,11736,0.0009979999999991662
22429000,-4616,-2966,129976,-5119,-4539,129585,106,19233,434,1,11737,0.0010000000000012221
22430000,-2222,-12483,129588,-22044,-14775,134603,104,19224,426,0,11738,0.0010000000000012221
22431000,3593,6033,129146,4673,1393,121069,113,19228,463,0,11739,0.0009999999999976694
22432000,-4531,7181,130738,2449,5531,130925,117,19228,479,0,11740,0.0010000000000012221
22433000,-6573,-5090,131976,-19944,-3496,131113,131,19228,479,1,11741,0.0010000000000012221
22434000,-8344,13569,129422,-8055,13154,128901,114,19219,537,1,11742,0.0009999999999976694
22435000,-12346,3761,129324,-10858,-3259,132288,114,19231,467,1,11743,0.0010000000000012221
22436000,-622,14020,131119,-9220,8379,117551,102,19229,418,1,11744,0.0010000000000012221
22437000,-4750,-852,125418,-4705,-14300,131655,138,19220,565,0,11745,0.0009999999999976694
22438000,874,-2535,127337,-2338,-4517,125477,102,19232,418,0,11746,0.0010000000000012221
22439000,-1124,-736,126726,-7058,-4385,129008,105,19232,418,0,11747,0.0010000000000012221
22440000,-3068,15377,128789,-6102,16895,116705,136,19225,430,1,11748,0.0009999999999976694
22441000,-6598,16385,127885,-6659,9465,125459,136,19230,557,1,11749,0.0010000000000012221
22442000,-6521,-5791,125883,-15328,-9594,134151,112,19233,459,1,11750,0.0010000000000012221
22443000,1659,2715,125052,-100,1649,120635,105,19222,430,0,11751,0.0009999999999976694
22444000,-1502,1999,125757,-820,-1956,129897,100,19230,410,0,11752,0.0010000000000012221
22445002,3279,-6787,124542,1074,2361,121935,109,19230,410,0,11753,0.0010019999999997253
22446000,-3057,9320,126763,-6621,-1713,128028,120,19228,446,0,11754,0.0009979999999991662
22447000,-1453,1894,123416,-7428,1440,128035,120,19218,491,1,11755,0.0010000000000012221
22448000,-33,16105,127127,5775,11420,118462,108,19231,442,1,11756,0.0010000000000012221
22449000,3927,12317,126666,3407,-498,124333,100,19232,410,1,11757,0.0009999999999976694
22450000,10916,2894,123116,768,-1109,121584,121,19229,496,0,11758,0.0010000000000012221
22451000,10218,-3334,126283,8714,-6944,131919,103,19229,496,0,11759,0.0010000000000012221
22452000,8614,-3179,123637,7054,-5168,123477,113,19230,422,0,11760,0.0009999999999976694
22453002,3067,5600,125797,953,3874,123552,113,19224,463,1,11761,0.0010019999999997253
22454001,-314,7936,128598,-1582,8858,127167,149,19228,610,1,11762,0.0009990000000001942
22455000,9327,10540,127662,2997,5067,122226,114,19231,467,1,11763,0.0009990000000001942
22456000,7022,344,125807,14291,-2622,132996,96,19225,393,1,11764,0.0010000000000012221
22457000,12011,1188,127022,-960,1759,117598,128,19225,393,0,11765,0.0010000000000012221
22458000,11004,-10484,128780,11458,-19090,131783,106,19234,524,0,11766,0.0009999999999976694
22459000,5211,-10936,129403,8799,-12703,138352,106,19232,434,0,11767,0.0010000000000012221
22460000,1798,4118,129409,-10770,3512,125684,112,19224,459,1,11768,0.0009999999999976694
22461000,-1308,14166,131348,3591,10153,120750,109,19225,446,1,11769,0.0010000000000012221
22462000,4606,7814,126800,6524,3688,128958,102,19230,418,1,11770,0.0010000000000012221
22463001,6411,-13444,127008,-2803,-17100,133195,120,19230,491,0,11771,0.0010009999999986974
22464000,8866,-3798,129878,4160,-6125,126376,97,19218,491,0,11772,0.0009990000000001942
22465000,5345,4878,129596,15745,362,125521,104,19234,397,0,11773,0.0010000000000012221
22466000,-1587,-3165,131084,-13475,-5290,129885,104,19226,426,0,11774,0.0009999999999976694
22467000,-2564,3053,133812,-16139,-1255,133282,138,19228,565,1,11775,0.0010000000000012221
22468001,-7852,3555,130640,7922,365,131873,111,19228,455,1,11776,0.0010009999999986974
22469002,-3715,14888,132151,-14775,12712,121282,96,19228,393,1,11777,0.00100100000000225
22470000,594,-5391,129493,-12211,-9147,130834,133,19229,393,0,11778,0.0009979999999991662
22471000,5565,-12765,128763,12629,-17434,136765,109,19233,545,0,11779,0.0010000000000012221
22472000,-4381,2800,130495,-6552,-991,128721,109,19226,446,0,11780,0.0009999999999976694
22473000,-8048,7870,130598,-20901,3861,125279,115,19225,471,1,11781,0.0010000000000012221
22474002,-5725,7166,130641,-11088,5580,129073,124,19228,508,1,11782,0.0010019999999997253
22475000,-8866,489,128951,-3324,-1811,131813,108,19228,442,1,11783,0.0009979999999991662
22476000,-411,6613,129593,-11725,4369,125598,114,19231,442,1,11784,0.0010000000000012221
22477000,-5749,-5850,125858,-7940,-6548,124509,116,19219,467,0,11785,0.0010000000000012221
22478000,-68,4585,129061,-3501,272,125971,116,19228,475,0,11786,0.0009999999999976694
22479000,-2910,-3814,124736,-9002,-6352,129951,105,19226,430,0,11787,0.0010000000000012221
22480006,-9143,6776,128732,-9170,1773,118997,128,19224,524,1,11788,0.0010060000000002844
22481000,-5687,18849,129708,-21501,15944,126985,115,19230,471,1,11789,0.0009939999999986071
22482000,-3828,2556,124021,5632,-3450,125916,102,19230,471,1,11790,0.0010000000000012221
22483000,1165,8074,126795,-4531,6427,121222,142,19227,418,0,11791,0.0010000000000012221
22484000,2257,835,124266,-14136,-5228,124541,142,19228,582,0,11792,0.0009999999999976694
22485000,2781,-4954,123980,14426,619,132194,117,19229,479,0,11793,0.0010000000000012221
22486000,1843,-7544,125695,-5559,-5228,127185,114,19224,467,1,11794,0.0010000000000012221
22487001,-4998,17368,126886,431,17272,117433,142,19229,582,1,11795,0.0010009999999986974
22488002,835,11883,125174,-3057,2628,129469,108,19229,582,1,11796,0.0010009999999986974
22489000,3326,1130,124962,5623,-1205,123033,109,19236,442,1,11797,0.0009979999999991662
22490003,9126,3833,123935,5967,-2872,124915,109,19224,446,0,11798,0.0010030000000007533
22491000,7121,-307,123411,9952,-1555,121850,86,19231,352,0,11799,0.000997000000001691
22492000,6298,-6791,126551,3171,-7871,132278,109,19228,446,0,11800,0.0009999999999976694
22493000,5919,-3680,127503,1361,-8204,125702,127,19227,520,1,11801,0.0010000000000012221
22494000,1582,17428,127898,7132,22274,117697,113,19227,520,1,11802,0.0010000000000012221
22495000,5519,8264,128007,6707,1801,133071,100,19229,463,1,11803,0.0009999999999976694
22496001,8975,-4098,123172,660,-8234,122185,100,19232,410,0,11804,0.00100100000000225
22497000,11614,3228,127443,4414,-2652,130532,136,19229,557,0,11805,0.0009990000000001942
22498000,9324,-4960,127818,20665,-5694,125914,103,19225,422,0,11806,0.0009999999999976694
22499000,4421,-169,128764,-2289,-4343,126645,104,19226,426,0,11807,0.0010000000000012221
22500000,1201,1089,130918,-9065,-217,137897,133,19226,426,1,11808,0.0010000000000012221
22501000,-290,11449,129381,8138,9676,120958,114,19229,545,1,11809,0.0009999999999976694
22502000,3384,10342,129639,955,4201,124355,114,19230,467,1,11810,0.0010000000000012221
22503000,8268,166,127912,-4348,-2397,129690,104,19223,426,0,11811,0.0010000000000012221
22504000,10012,-13557,128992,20382,-13122,139661,128,19230,524,0,11812,0.0009999999999976694
22505000,7250,-2284,129616,5748,-6776,127035,105,19227,430,0,11813,0.0010000000000012221
22506000,-427,6649,131598,-21561,6597,118080,119,19227,430,1,11814,0.0010000000000012221
22507000,-5943,11454,135860,-747,5825,132324,116,19220,487,1,11815,0.0009999999999976694
22508001,-6648,-9856,128798,481,-13728,133568,116,19223,475,1,11816,0.00100100000000225
22509000,-6182,-3706,130038,-14616,-7888,131952,101,19231,414,1,11817,0.0009990000000001942
22510000,-422,1645,129523,-9275,-1094,124093,125,19220,512,0,11818,0.0009999999999976694
22511000,2180,6927,129035,5677,3490,121545,100,19231,410,0,11819,0.0010000000000012221
22512000,-1705,949,132225,-7161,-3568,132517,111,19231,455,0,11820,0.0010000000000012221
22513000,-9067,-4671,128818,-17369,-7708,128946,156,19226,455,1,11821,0.0009999999999976694
22514000,-9554,6092,130658,-7934,4198,130804,119,19228,639,1,11822,0.0010000000000012221
22515000,-7331,17499,130168,-9817,15097,119594,119,19228,487,1,11823,0.0010000000000012221
22516001,-245,426,129076,-4924,-2093,134081,104,19224,426,0,11824,0.0010009999999986974
22517027,-5222,-4635,125142,-8659,-8369,125233,164,19230,672,0,11825,0.0010259999999995273
22518000,-1868,-1883,126318,-7655,-5237,127472,107,19230,438,0,11826,0.000973000000001889
22519000,-2612,12502,127303,-8751,8553,122723,116,19233,438,0,11827,0.0009999999999976694
22520000,-6455,8594,128012,-7526,5792,124286,123,19223,475,1,11828,0.0010000000000012221
22521000,-6586,-920,127117,-7134,-2657,133446,123,19229,504,1,11829,0.0009999999999976694
22522000,-4319,7337,127134,-11827,5085,121619,110,19230,451,1,11830,0.0010000000000012221
22523000,1413,7372,127080,-3283,4451,124148,122,19227,500,0,11831,0.0010000000000012221
22524000,3492,312,125226,4999,-811,125089,98,19228,401,0,11832,0.0009999999999976694
22525000,896,-3432,123415,-2975,-8260,127178,110,19228,401,0,11833,0.0010000000000012221
22526000,-2106,4854,127504,-8323,3005,122617,142,19226,451,1,11834,0.0010000000000012221
22527000,-5527,9181,127018,-3908,10612,127511,142,19222,582,1,11835,0.0009999999999976694
22528000,1045,13384,126366,7084,12770,123736,120,19228,491,1,11836,0.0010000000000012221
22529000,4324,2922,121857,-6369,-1700,123693,96,19228,393,0,11837,0.0010000000000012221
22530000,10464,2186,125504,5725,-297,123561,108,19230,442,0,11838,0.0009999999999976694
22531000,10206,-1086,124815,18536,-14517,122791,113,19230,442,0,11839,0.0010000000000012221
22532000,2730,-7984,125567,3910,-13769,135218,119,19229,463,0,11840,0.0010000000000012221
22533000,1255,3391,130366,-4752,-107,124015,119,19222,487,1,11841,0.0009999999999976694
22534012,4865,15557,128705,8928,13216,120798,127,19229,520,1,11842,0.0010120000000028995
22535000,6035,7240,126874,9642,639,129140,108,19227,442,1,11843,0.0009879999999995448
22536000,8983,1217,124794,-5503,-4848,122340,110,19220,451,0,11844,0.0009999999999976694
22537000,11648,-5017,124673,12361,-10424,131176,87,19220,451,0,11845,0.0010000000000012221
22538000,8667,-6637,127825,14245,-7479,128158,105,19230,356,0,11846,0.0010000000000012221
22539000,4075,-13171,130198,-7697,-8517,131860,105,19228,430,1,11847,0.0009999999999976694
22540000,-127,14536,131369,-4980,9161,121605,127,19226,520,1,11848,0.0010000000000012221
22541000,-989,7863,128004,4082,-2635,135118,115,19228,471,1,11849,0.0010000000000012221
22542000,3440,-3335,127773,298,-2413,127387,102,19224,418,1,11850,0.0009999999999976694
22543001,8211,1684,129397,952,-7896,123272,149,19224,418,0,11851,0.00100100000000225
22544000,13906,-10855,129878,17663,-14433,136725,102,19228,610,0,11852,0.0009990000000001942
22545000,231,-1049,129688,3154,1467,127726,102,19229,418,0,11853,0.0009999999999976694
22546000,3982,3213,130450,-30153,2175,130220,105,19224,430,1,11854,0.0010000000000012221
22547000,-8630,11696,131466,11836,8013,124615,145,19225,594,1,11855,0.0010000000000012221
22548000,-6795,2571,131066,-558,-3803,128317,111,19233,455,1,11856,0.0009999999999976694
22549000,21,-7050,128456,-23520,-11506,133846,109,19233,455,0,11857,0.0010000000000012221
22550002,647,-503,130705,2934,-1797,129611,97,19216,446,0,11858,0.0010019999999997253
22551002,3998,2959,130043,8347,4847,124309,97,19230,397,0,11859,0.0010000000000012221
22552001,-7284,2254,131989,-19992,-3517,126162,110,19228,451,0,11860,0.0009990000000001942
22553002,-6861,-1870,131225,-19888,-5558,138497,126,19221,516,1,11861,0.0010009999999986974
22554002,-9640,4216,129387,-147,3597,131258,117,19230,479,1,11862,0.0010000000000012221
22555003,-5965,22379,131791,-11387,20229,114400,105,19230,430,1,11863,0.0010009999999986974
22556000,-2643,-1002,127374,-11335,-5424,132523,135,19229,430,0,11864,0.0009969999999981383
22557000,-4149,-5678,124724,-8133,-8036,130051,101,19219,553,0,11865,0.0010000000000012221
22558000,1384,1384,127742,-5604,-1429,127505,101,19230,414,0,11866,0.0010000000000012221
22559000,-5030,16840,128787,-6038,14844,118387,104,19227,426,1,11867,0.0009999999999976694
22560000,-5619,11043,128608,-11669,7416,123441,144,19229,590,1,11868,0.0010000000000012221
22561000,-7572,-6200,127198,-14955,-8026,137779,118,19229,483,1,11869,0.0010000000000012221
22562000,1260,6764,127782,-2943,2678,127117,106,19230,483,1,11870,0.0009999999999976694
22563000,-302,12979,123998,4999,10054,120035,105,19220,434,0,11871,0.0010000000000012221
22564000,3996,-926,125436,-6103,-3261,124510,105,19230,430,0,11872,0.0010000000000012221
22565000,4507,-8474,123635,-4030,-13286,133962,110,19228,451,0,11873,0.0009999999999976694
22566000,-2971,17061,127733,2242,14214,125215,121,19220,496,1,11874,0.0010000000000012221
22567000,-3200,12406,124976,-7949,9215,116793,127,19220,520,1,11875,0.0010000000000012221
22568000,144,10372,127673,-2131,8198,125363,101,19226,520,1,11876,0.0009999999999976694
22569000,9916,-5159,121751,3702,-8798,130434,123,19230,414,0,11877,0.0010000000000012221
22570000,7061,2148,125954,8524,-2830,121283,123,19229,504,0,11878,0.0010000000000012221
22571000,7508,289,127070,3442,-409,124162,103,19228,422,0,11879,0.0009999999999976694
22572000,3991,-7080,126570,3685,-9882,127352,113,19226,463,0,11880,0.0010000000000012221
22573000,1087,6369,128709,7324,3093,127748,148,19227,606,1,11881,0.0010000000000012221
22574001,4379,8218,127240,-4494,6549,120627,115,19227,606,1,11882,0.0010009999999986974
22575000,6219,22720,127469,5955,20029,116849,97,19228,471,1,11883,0.0009990000000001942
22576000,12347,-158,126090,10469,-2623,130133,97,19227,397,0,11884,0.0010000000000012221
22577000,10649,-7117,128445,2728,-11168,131230,137,19233,561,0,11885,0.0009999999999976694
22578000,4758,-10721,126481,16319,-14603,132533,107,19228,438,0,11886,0.0010000000000012221
22579002,4692,2381,129708,-7353,2068,126665,109,19223,446,1,11887,0.0010019999999997253
22580000,375,12812,131859,-3167,8892,125297,110,19223,446,1,11888,0.0009979999999991662
22581000,1978,10970,129706,395,7015,126835,105,19235,451,1,11889,0.0010000000000012221
22582000,3524,1122,127786,-5439,-7101,128657,105,19232,430,1,11890,0.0010000000000012221
22583000,11426,-12514,127748,16495,-19563,128663,118,19220,483,0,11891,0.0009999999999976694
22584003,8860,2259,130330,7225,-3905,126995,93,19230,381,0,11892,0.0010030000000007533
22585000,752,-10377,130172,-9092,-9157,134321,106,19226,434,0,11893,0.0009969999999981383
22586000,1553,-181,133654,-9618,-2169,129398,131,19226,434,1,11894,0.0010000000000012221
22587000,-9755,6389,132856,3384,-1422,127176,110,19222,537,1,11895,0.0010000000000012221
22588002,-8563,7020,128978,-7698,2566,125961,110,19235,451,1,11896,0.0010019999999997253
22589002,849,-8307,130843,-15861,-14105,136397,97,19230,397,0,11897,0.0010000000000012221
22590000,-911,-7809,126727,6702,-4733,126792,155,19232,635,0,11898,0.0009979999999991662
22591000,554,9968,130866,-4110,5989,123645,109,19229,446,0,11899,0.0009999999999976694
22592000,-6845,1125,130416,-16155,-4479,131699,113,19229,446,0,11900,0.0010000000000012221
22593000,-6975,1099,129819,-8402,235,132406,134,19223,463,1,11901,0.0010000000000012221
22594000,-8133,4154,129341,-12779,-978,131532,134,19228,549,1,11902,0.0009999999999976694
22595000,-4905,16134,130977,-8091,13437,121099,107,19231,438,1,11903,0.0010000000000012221
22596000,-1761,4669,128003,-5002,-3858,125680,111,19222,455,0,11904,0.0010000000000012221
22597000,-3282,-9168,125139,-2017,-10725,134145,123,19231,504,0,11905,0.0009999999999976694
22598000,-1262,-6149,125608,-9119,-6973,128346,104,19231,426,0,11906,0.0010000000000012221
22599000,-3757,13613,130463,-7122,12599,116733,125,19227,426,1,11907,0.0010000000000012221
22600000,-8610,15611,127691,-4050,10149,124413,114,19222,512,1,11908,0.0009999999999976694
22601000,-10087,6822,128355,-15812,3932,127443,114,19227,467,1,11909,0.0010000000000012221
22602000,-1738,4015,126743,-8272,-165,122164,104,19231,426,0,11910,0.0010000000000012221
22603000,2839,-6231,124704,7158,-9593,128789,145,19233,594,0,11911,0.0009999999999976694
22604000,2015,2109,125296,-1191,226,121207,114,19233,467,0,11912,0.0010000000000012221
22605000,-1787,2474,125623,-10081,-853,129857,115,19228,467,0,11913,0.0010000000000012221
22606000,-1077,12223,126903,-4018,9226,125600,156,19223,471,1,11914,0.0009999999999976694
22607003,-2730,8911,126938,449,7045,125917,156,19227,639,1,11915,0.0010030000000007533
22608000,3803,11823,124327,-1780,8411,120115,107,19236,438,1,11916,0.000997000000001691
22609000,7305,14486,123479,7727,11548,116842,97,19224,397,0,11917,0.0009999999999976694
22610000,10880,-9380,122685,4621,-14290,138073,82,19224,336,0,11918,0.0010000000000012221
22611000,9440,-4990,123993,12958,-9864,118067,113,19232,336,0,11919,0.0010000000000012221
22612000,4465,-2959,126055,2566,-6780,123485,123,19227,463,1,11920,0.0009999999999976694
22613000,1534,10470,128347,-421,7639,125257,123,19221,504,1,11921,0.0010000000000012221
22614000,2551,3715,126428,1138,928,127332,111,19230,455,1,11922,0.0009999999999976694
22615000,9999,621,127238,5905,-2712,131463,96,19229,393,1,11923,0.0010000000000012221
22616000,7788,6960,127050,10472,2862,115296,130,19230,532,0,11924,0.0010000000000012221
22617000,13588,-7022,127358,4601,-8847,130822,101,19230,532,0,11925,0.0009999999999976694
22618000,4692,-6496,127030,14547,-11562,131052,105,19229,414,0,11926,0.0010000000000012221
22619000,3474,6434,130596,-3851,1400,129636,105,19230,430,1,11927,0.0010000000000012221
22620000,-959,14385,131155,-4720,7366,122664,135,19225,553,1,11928,0.0009999999999976694
22621000,-1243,5300,128532,9438,7828,132310,113,19234,463,1,11929,0.0010000000000012221
22622001,9360,-3156,130300,-560,-6959,130316,101,19222,414,1,11930,0.0010009999999986974
22623000,9026,-10375,124576,-2310,-16358,126501,135,19222,414,0,11931,0.0009990000000001942
22624001,10239,1779,133799,20015,1065,132588,112,19232,553,0,11932,0.00100100000000225
22625000,-859,-5039,126968,2295,-6663,125283,112,19228,459,0,11933,0.0009990000000001942
22626003,1577,6390,132057,-26075,7473,133129,122,19220,500,1,11934,0.0010029999999972006
22627000,-6810,9278,133834,-959,3096,125076,112,19229,459,1,11935,0.000997000000001691
22628000,-4160,-578,126941,-6354,-5657,128186,99,19236,405,1,11936,0.0010000000000012221
22629003,-662,-8940,130525,-21646,-9674,135566,124,19236,405,0,11937,0.0010029999999972006
22630002,934,-10044,128702,12247,-13712,129854,101,19225,508,0,11938,0.0009990000000001942
22631000,622,6402,129909,619,8399,122745,101,19227,414,0,11939,0.000998000000002719
22632000,-10524,6592,133278,-27815,-2101,129147,110,19226,451,1,11940,0.0009999999999976694
22633000,-11948,-7762,131659,-6578,-4696,136644,147,19227,602,1,11941,0.0010000000000012221
22634000,-9963,6909,130863,-5292,-3474,127211,115,19231,471,1,11942,0.0010000000000012221
22635000,-5469,6610,127884,-17296,3720,125327,101,19231,471,1,11943,0.0009999999999976694
22636000,-2804,4663,129944,-3020,-3024,125876,174,19227,414,0,11944,0.0010000000000012221
22637000,-4013,-6434,123501,-3600,-9953,128709,174,19233,713,0,11945,0.0010000000000012221
22638000,-914,13639,130125,-10487,4322,123667,104,19228,426,0,11946,0.0009999999999976694
22639000,-7041,5618,126204,-7550,2684,123262,110,19222,451,1,11947,0.0010000000000012221
22640000,-4493,13317,128873,-11452,7904,124252,117,19229,479,1,11948,0.0010000000000012221
22641000,-5500,2705,126332,-10926,-1635,129071,107,19229,479,1,11949,0.0009999999999976694
22642000,1709,1933,126095,2820,-1571,124989,120,19231,438,0,11950,0.0010000000000012221
22643000,538,481,124600,-4107,-2914,124617,120,19226,491,0,11951,0.0010000000000012221
22644000,-162,-171,123765,-7849,499,124936,99,19228,405,0,11952,0.0009999999999976694
22645000,928,2554,125568,1911,2914,126373,107,19228,438,0,11953,0.0010000000000012221
22646000,-2365,7868,125304,-7557,2635,121145,136,19223,557,1,11954,0.0009999999999976694
22647000,-340,5049,126947,-4426,-1608,127035,115,19223,471,1,11955,0.0010000000000012221
22648003,2766,6571,125490,6381,4016,125198,97,19232,471,1,11956,0.0010030000000007533
22649002,8138,10474,125213,-441,6706,119126,118,19226,397,0,11957,0.0009990000000001942
22650000,13297,1972,123822,13675,-2848,127217,118,19234,483,0,11958,0.0009979999999991662
22651000,7105,-9649,122481,10917,-13391,130496,112,19228,459,0,11959,0.0010000000000012221
22652000,5889,-806,126758,-399,-3640,125751,116,19226,475,1,11960,0.0009999999999976694
22653000,2006,13098,130050,1596,10957,122094,127,19226,520,1,11961,0.0010000000000012221
22654000,4453,10857,125896,4799,7203,125014,107,19226,520,1,11962,0.0010000000000012221
22655000,7306,-490,125813,5989,-3808,126588,108,19228,438,1,11963,0.0009999999999976694
22656000,10267,-2326,126345,55,-5620,124195,108,19219,442,0,11964,0.0010000000000012221
22657000,12028,960,125837,16058,-1877,127771,87,19229,356,0,11965,0.0010000000000012221
22658000,3330,-5396,128814,7580,-8551,128670,103,19228,422,0,11966,0.0009999999999976694
22659000,4618,-4924,130376,-9594,-9292,135971,126,19228,516,1,11967,0.0010000000000012221
22660007,654,19139,131884,3967,14735,121372,113,19225,516,1,11968,0.0010070000000013124
22661000,-129,2761,130740,2557,1443,127495,101,19229,463,1,11969,0.0009929999999975792
22662000,7305,3547,126783,-7025,-2817,127417,101,19228,414,0,11970,0.0010000000000012221
22663001,7416,-14275,127469,6710,-15727,131016,144,19227,590,0,11971,0.0010009999999986974
22664000,6181,-12098,126786,20665,-17401,136097,103,19230,422,0,11972,0.0009990000000001942
22665000,2333,9245,133658,-19580,8107,118804,108,19227,442,0,11973,0.0010000000000012221
22666001,-1897,12811,134284,-14231,10617,132304,150,19227,442,1,11974,0.0010009999999986974
22667002,-8785,2127,130975,15096,537,128309,109,19226,614,1,11975,0.00100100000000225
22668000,-6368,-8319,129517,-16223,-7730,137956,109,19231,446,1,11976,0.0009979999999991662
22669000,-1966,157,126930,-16343,-7541,121386,102,19222,418,0,11977,0.0010000000000012221
22670000,4605,7119,132389,7930,-485,128452,107,19230,438,0,11978,0.0009999999999976694
22671000,-2166,-2931,130099,505,-2751,130471,110,19227,451,0,11979,0.0010000000000012221
22672000,-6618,9511,129835,-19629,6638,124257,129,19227,451,1,11980,0.0010000000000012221
22673000,-9548,-1001,131567,-14798,-1983,135914,117,19224,528,1,11981,0.0009999999999976694
22674000,-10338,12471,130417,-3674,11381,115227,117,19231,479,1,11982,0.0010000000000012221
22675000,-2195,6420,129354,-15259,-3108,133963,99,19230,405,1,11983,0.0010000000000012221
22676000,-4907,-5478,126801,-5323,-7634,126775,134,19214,549,0,11984,0.0009999999999976694
22677000,337,-3499,126046,-4912,-4629,124842,98,19230,401,0,11985,0.0010000000000012221
22678001,-1199,2496,127504,-9048,1679,128871,106,19230,401,0,11986,0.0010009999999986974
22679000,-5067,9037,128596,-3990,5606,121826,145,19225,434,1,11987,0.0009990000000001942
22680000,-6728,4054,127387,-12586,-4106,131588,145,19228,594,1,11988,0.0010000000000012221
22681000,-7856,13486,126851,-12032,8644,118484,117,19230,479,1,11989,0.0009999999999976694
22682000,1138,6705,126103,5793,-294,125607,103,19224,422,0,11990,0.0010000000000012221
22683000,-2164,-1808,124399,-1362,-3064,130808,110,19229,451,0,11991,0.0010000000000012221
22684000,2368,-3169,123575,-9500,-4690,122154,117,19229,451,0,11992,0.0009999999999976694
22685000,-1019,14071,129043,1310,11813,126119,124,19226,479,0,11993,0.0010000000000012221
22686000,1218,13203,125592,566,8574,119897,124,19223,508,1,11994,0.0010000000000012221
22687000,-1854,5977,125831,-5939,1299,130059,126,19232,516,1,11995,0.0009999999999976694
22688000,4284,-566,123731,-42,-2688,126491,101,19233,414,1,11996,0.0010000000000012221
22689000,9290,10198,123928,8793,6519,118061,120,19229,491,0,11997,0.0010000000000012221
22690000,10497,1830,125713,6983,-4850,126926,101,19229,414,0,11998,0.0009999999999976694
22691000,9847,-10221,124309,5796,-12482,130979,111,19226,414,0,11999,0.0010000000000012221
22692000,175,-2450,127205,7519,-3656,129577,145,19227,455,1,12000,0.0010000000000012221
22693002,2385,15654,128074,-4758,13457,119283,145,19232,594,1,12001,0.0010019999999997253
22694000,6929,11612,127917,9799,7570,123597,114,19231,467,1,12002,0.0009979999999991662
22695000,6316,374,125300,10685,-3575,127695,99,19226,405,0,12003,0.0010000000000012221
22696000,11527,2809,127550,-7370,-1635,121224,129,19226,528,0,12004,0.0009999999999976694
22697000,7775,-11790,127659,20535,-15782,135644,100,19232,528,0,12005,0.0010000000000012221
22698003,7506,-7708,129174,3536,-10616,130381,108,19230,410,0,12006,0.0010030000000007533
22699002,-1279,8708,131183,-10340,5436,126867,108,19227,442,1,12007,0.0009990000000001942
22700000,485,14508,129582,6191,9856,126965,111,19231,455,1,12008,0.0009979999999991662
22701000,3688,7384,128123,2045,3785,126358,106,19229,434,1,12009,0.0010000000000012221
22702000,8323,-3573,128014,-969,-6434,129852,118,19229,483,0,12010,0.0009999999999976694
22703000,13041,-590,128875,11385,-3462,126536,91,19218,483,0,12011,0.0010000000000012221
22704000,3334,482,129564,11969,-3402,136542,103,19232,373,0,12012,0.0010000000000012221
22705001,2050,-3141,131513,-13079,-6258,124124,103,19232,422,0,12013,0.0010009999999986974
22706000,-4401,8219,133530,-10176,4212,132891,133,19223,545,1,12014,0.0009990000000001942
22707000,-7447,5825,130803,5247,1733,132378,118,19238,483,1,12015,0.0010000000000012221
22708000,-1559,3809,130847,-14982,3556,118653,96,19223,393,1,12016,0.0009999999999976694
22709000,-35,-10594,128570,-13064,-14362,139383,133,19223,393,0,12017,0.0010000000000012221
22710001,4215,2693,130151,15012,-2440,122151,106,19231,545,0,12018,0.0010009999999986974
22711000,-4874,-3017,129956,-6544,-4671,127513,106,19230,434,0,12019,0.0009990000000001942
22712002,-7819,3638,131475,-21736,-8,129241,115,19224,471,1,12020,0.0010019999999997253
22713000,-9244,6337,131021,-9318,5480,130516,129,19227,528,1,12021,0.0009979999999991662
22714000,-8158,7200,129917,-7681,3640,124173,111,19231,455,1,12022,0.0010000000000012221
22715000,-2401,9209,129646,-6761,11263,124184,113,19231,455,1,12023,0.0010000000000012221
22716001,-3766,-9751,126626,-10817,-14512,137049,116,19220,463,0,12024,0.0010009999999986974
22717000,-245,5827,127182,-2911,-3047,121599,116,19232,475,0,12025,0.0009990000000001942
22718000,-4323,960,127020,-4414,1457,131992,105,19228,430,0,12026,0.0010000000000012221
22719000,-6094,10681,127003,-11382,10972,117923,129,19224,528,1,12027,0.0009999999999976694
22720000,-5785,779,126974,-11138,-13138,139380,120,19228,491,1,12028,0.0010000000000012221
22721001,-3856,4609,126362,-4735,8201,115559,104,19228,491,1,12029,0.0010009999999986974
22722001,219,18908,127803,-7026,5730,119116,140,19230,426,0,12030,0.0010000000000012221
22723000,419,-5998,125333,5002,-9241,131555,140,19239,573,0,12031,0.0009990000000001942
22724000,3344,-6847,124099,-8072,-10308,129882,111,19223,455,0,12032,0.0010000000000012221
22725000,-2769,-1026,126043,-2847,2305,126186,113,19218,463,1,12033,0.0009999999999976694
22726000,-2121,24567,129013,-2500,22225,112953,159,19225,651,1,12034,0.0010000000000012221
22727000,116,3365,125531,-4484,-6746,133343,109,19225,651,1,12035,0.0010000000000012221
22728000,6333,-1602,124698,4464,1044,123195,103,19233,446,1,12036,0.0009999999999976694
22729000,8464,-2551,121287,1665,-4401,120844,103,19230,422,0,12037,0.0010000000000012221
22730000,6591,2967,124670,12143,2050,124406,82,19228,336,0,12038,0.0010000000000012221
22731000,6456,-747,125054,2650,-9568,127554,114,19223,467,0,12039,0.0009999999999976694
22732000,3775,-8134,125901,-3340,-5543,132322,127,19223,520,1,12040,0.0010000000000012221
22733001,3087,18956,131912,6341,15799,116307,113,19223,463,1,12041,0.0010009999999986974
22734002,7345,5459,124968,9015,849,128071,99,19230,463,1,12042,0.00100100000000225
22735000,8834,-562,125415,2373,-3606,125718,134,19231,405,0,12043,0.0009979999999991662
22736003,9562,-5338,126815,-176,-10920,131405,134,19226,549,0,12044,0.0010030000000007533
22737000,8547,-6834,125702,20951,-5680,126329,110,19230,451,0,12045,0.0009969999999981383
22738000,1695,-4291,129015,-1361,-5537,125849,108,19224,442,0,12046,0.0010000000000012221
22739000,3257,-436,130705,-9145,-5082,139361,134,19224,549,1,12047,0.0009999999999976694
22740000,301,4221,126765,10002,-319,120686,114,19228,549,1,12048,0.0010000000000012221
22741000,3173,8219,131576,-5769,4025,123446,107,19229,467,1,12049,0.0010000000000012221
22742000,5454,-1512,130035,-3062,-7494,130317,107,19225,438,0,12050,0.0009999999999976694
22743000,7507,-17204,128164,20262,-19791,131179,127,19234,520,0,12051,0.0010000000000012221
22744002,5270,1215,130062,4331,-2165,135783,105,19230,430,0,12052,0.0010019999999997253
22745000,-4088,3418,130928,-22060,2745,119627,113,19230,463,1,12053,0.0009979999999991662
22746000,998,17927,134270,-3719,13625,122905,109,19219,463,1,12054,0.0010000000000012221
22747000,-9011,-9485,128824,10118,-13728,137939,100,19234,446,1,12055,0.0010000000000012221
22748000,-2987,-7754,127249,-15787,-11114,129463,100,19232,410,1,12056,0.0009999999999976694
22749001,-2626,-1996,129514,-19275,-4958,129047,125,19228,512,0,12057,0.00100100000000225
22750001,3266,7385,129317,11890,3389,124708,101,19228,414,0,12058,0.0009999999999976694
22751000,-507,17219,132134,1547,13112,128698,107,19227,438,0,12059,0.0009990000000001942
22752000,-9373,-7251,128148,-29133,-10474,132186,145,19227,438,1,12060,0.0010000000000012221
22753001,-2419,4298,132608,-8909,1275,133231,114,19227,594,1,12061,0.0010009999999986974
22754000,-8495,9125,129314,3914,6611,125944,114,19230,467,1,12062,0.0009990000000001942
22755000,-652,6772,129101,-14399,5149,121898,102,19227,418,0,12063,0.0010000000000012221
22756001,-5511,-3356,125630,-13810,-6176,129680,168,19231,688,0,12064,0.0010009999999986974
22757000,-3786,-8691,125634,-843,-12342,133512,103,19239,422,0,12065,0.0009990000000001942
22758000,-927,15829,129356,-10276,11271,115450,110,19239,422,0,12066,0.0010000000000012221
22759000,-8991,9811,129309,-8214,8494,126155,115,19212,451,1,12067,0.0010000000000012221
22760000,-5131,2737,126419,-7491,-201,128712,115,19224,471,1,12068,0.0009999999999976694
22761000,-3698,1083,127072,-14261,-2281,127814,109,19232,446,1,12069,0.0010000000000012221
22762000,2945,12536,126775,32,12312,118290,118,19227,483,0,12070,0.0010000000000012221
22763000,2789,6782,122120,7670,992,125384,97,19232,397,0,12071,0.0009999999999976694
22764020,-113,-4478,126432,-15220,-7209,127193,109,19232,397,0,12072,0.001020000000000465
22765000,2863,5078,125699,-5974,9539,122165,137,19227,446,1,12073,0.0009800000000019793
22766000,-4264,19053,127195,6321,17013,121245,137,19220,561,1,12074,0.0009999999999976694
22767000,1569,12819,124847,-4254,1497,120926,114,19225,467,1,12075,0.0010000000000012221
22768000,6098,-1209,122357,-3042,-6958,130914,97,19229,397,0,12076,0.0010000000000012221
22769000,11693,-801,124846,7461,-2458,123116,121,19232,496,0,12077,0.0009999999999976694
22770000,8215,3221,127442,16010,-1726,121747,119,19232,496,0,12078,0.0010000000000012221
22771000,2870,-2771,126215,-4464,-9044,131258,117,19230,487,0,12079,0.0009999999999976694
22772000,4876,-3234,127082,-3647,-2674,127763,117,19222,479,1,12080,0.0010000000000012221
22773000,2760,9508,130707,10540,3484,121919,128,19228,524,1,12081,0.0010000000000012221
22774000,5576,3226,127029,5721,-686,122795,108,19232,442,1,12082,0.0009999999999976694
22775003,6979,13827,127237,-4366,2860,121004,110,19218,451,0,12083,0.0010030000000007533
22776000,11081,-12397,124895,12957,-19519,137503,86,19218,352,0,12084,0.000997000000001691
22777000,7910,-10015,126396,21799,-8791,128859,105,19231,352,0,12085,0.0009999999999976694
22778000,1656,2060,130256,-14547,-331,125571,124,19232,430,1,12086,0.0010000000000012221
22779000,2323,15718,132173,-3010,15960,123092,124,19224,508,1,12087,0.0010000000000012221
22780000,6,6192,129135,14134,-840,134213,115,19233,471,1,12088,0.0009999999999976694
22781001,5079,-8588,126244,-8210,-12422,130323,99,19230,405,1,12089,0.00100100000000225
22782001,10356,-7438,127303,791,-11256,119527,148,19230,606,0,12090,0.0009999999999976694
22783000,11427,-4167,130330,26131,-9397,135950,103,19231,606,0,12091,0.0009990000000001942
22784000,243,-2722,127857,-6435,-5461,128449,106,19233,422,0,12092,0.0010000000000012221
22785000,1906,4724,135437,-28822,1124,129462,106,19224,434,1,12093,0.0010000000000012221
22786000,-10621,525,131461,17412,-2901,128287,144,19226,590,1,12094,0.0009999999999976694
22787000,-5793,8517,131922,-5270,2375,124993,106,19233,434,1,12095,0.0010000000000012221
22788000,-2322,-11137,128412,-23392,-15941,140162,104,19233,426,0,12096,0.0010000000000012221
22789000,1233,-3631,129781,6641,-5553,125155,104,19226,426,0,12097,0.0009999999999976694
22790000,1177,7794,131765,2774,4056,123666,109,19230,426,0,12098,0.0010000000000012221
22791000,-7308,-1988,131437,-17930,-5924,129315,109,19227,446,0,12099,0.0010000000000012221
22792002,-6222,1341,131153,-14846,-1956,131061,126,19224,516,1,12100,0.0010019999999997253
22793000,-12217,1300,128294,-6594,-131,136819,113,19230,463,1,12101,0.0009979999999991662
22794001,-3051,24180,129747,-12252,21035,112672,100,19230,410,1,12102,0.0010009999999986974
22795000,-5325,-3452,126322,-6946,-6854,133240,139,19231,410,0,12103,0.0009990000000001942
22796001,-1648,-8691,124813,-8093,-12037,130453,103,19223,569,0,12104,0.00100100000000225
22797000,2769,5578,129361,-3231,3150,130152,103,19230,422,0,12105,0.0009990000000001942
22798000,-6218,12450,126763,-5503,8283,123320,103,19230,422,1,12106,0.0009999999999976694
22799002,-4209,15690,129626,-9274,12538,116788,135,19229,553,1,12107,0.0010019999999997253
22800000,-8298,-7908,125888,-11873,-11309,141780,114,19230,467,1,12108,0.000998000000002719
22801000,2856,6096,126117,-4257,1580,119484,105,19230,467,1,12109,0.0009999999999976694
22802000,-1993,3593,127178,5494,3495,123451,98,19220,430,0,12110,0.0010000000000012221
22803000,3628,-139,122767,-6974,-4172,123908,98,19233,401,0,12111,0.0009999999999976694
22804000,775,1357,127160,-4611,-596,125199,109,19229,446,0,12112,0.0010000000000012221
22805000,-3416,5475,125758,3236,1157,130777,120,19219,491,1,12113,0.0010000000000012221
22806000,-1255,18584,126852,-7969,17533,115515,110,19232,451,1,12114,0.0009999999999976694
22807000,-2051,9801,126752,-1933,6403,127706,99,19232,451,1,12115,0.0010000000000012221
22808000,10169,3927,124335,4374,1427,122347,123,19232,405,0,12116,0.0010000000000012221
22809000,7380,5837,124497,9198,-1341,122926,123,19232,504,0,12117,0.0009999999999976694
22810000,6287,-484,126216,-1030,-8092,128793,105,19229,430,0,12118,0.0010000000000012221
22811000,9226,-2504,124464,11870,-7957,124332,112,19221,459,0,12119,0.0010000000000012221
22812002,1005,5950,127969,9548,8804,126951,149,19229,610,1,12120,0.0010019999999997253
22813000,7107,8777,125901,-9753,3525,123122,112,19229,610,1,12121,0.0009979999999991662
22814000,7354,5177,125522,9003,-1626,125652,96,19232,459,1,12122,0.0010000000000012221
22815000,12467,7485,127248,12820,4800,122156,96,19226,393,0,12123,0.0009999999999976694
22816000,10090,-3159,127324,-3380,-14531,128569,128,19232,524,0,12124,0.0010000000000012221
22817000,4701,-15901,128789,14630,-18441,139734,104,19231,426,0,12125,0.0010000000000012221
22818001,3490,1652,130567,-15710,6332,127486,112,19223,459,1,12126,0.0010009999999986974
22819001,-1424,13712,129886,1817,16165,124897,111,19223,459,1,12127,0.0010000000000012221
22820000,1600,14224,132349,9183,8506,121974,105,19227,455,1,12128,0.0009990000000001942
22821000,5495,-7137,125935,-9371,-14780,132597,105,19229,430,1,12129,0.0009999999999976694
22822000,9135,-7339,130575,10537,-10962,129567,118,19220,483,0,12130,0.0010000000000012221
22823000,6103,-1253,128226,12168,-6219,125972,96,19228,393,0,12131,0.0010000000000012221
22824000,1546,-4904,130940,-16858,-3581,132546,106,19230,434,0,12132,0.0009999999999976694
22825000,2446,6296,134592,-5090,932,127097,138,19230,565,1,12133,0.0010000000000012221
22826000,-7421,-4900,129928,5449,-5970,137007,112,19225,565,1,12134,0.0010000000000012221
22827002,-7098,10572,132636,-16332,8728,120415,97,19227,459,1,12135,0.0010019999999997253
22828002,1141,-3213,127094,-12750,-8170,131755,97,19226,397,0,12136,0.0009999999999976694
22829000,1072,-6635,127388,11559,-8468,132909,136,19230,557,0,12137,0.000998000000002719
22830000,-336,-506,128570,-4707,-1445,125602,117,19226,479,0,12138,0.0009999999999976694
22831001,-9156,2229,130955,-21699,-348,125840,122,19226,500,0,12139,0.00100100000000225
22832000,-6635,3619,133326,-5777,1557,131879,135,19222,500,1,12140,0.0009990000000001942
22833000,-9974,-2008,128202,-9744,-4932,137778,112,19230,553,1,12141,0.0009999999999976694
22834000,-4100,6473,129255,-14520,3564,115306,112,19229,459,1,12142,0.0010000000000012221
22835002,-5535,4944,127003,-9285,1356,126549,112,19220,459,0,12143,0.0010019999999997253
22836000,-3526,-7377,127776,-1006,-11836,134231,126,19230,516,0,12144,0.0009979999999991662
22837000,-1762,-3715,127434,-5465,-7319,122596,109,19230,446,0,12145,0.0010000000000012221
22838000,-7256,2539,127754,-14948,-5,132289,132,19230,446,1,12146,0.0009999999999976694
22839000,-7984,22634,129023,-8460,20047,111390,120,19224,541,1,12147,0.0010000000000012221
22840003,-7114,2131,125723,-2656,-2735,134975,120,19234,491,1,12148,0.0010030000000007533
22841001,-2253,368,122954,-10319,-2631,125065,106,19233,434,0,12149,0.0009979999999991662
22842000,-88,7486,125868,-4490,4311,120180,139,19234,569,0,12150,0.0009990000000001942
22843000,2585,61,123574,4061,-3759,125736,110,19228,451,0,12151,0.0010000000000012221
22844000,4069,-1515,126293,-8530,-4678,126886,111,19228,451,0,12152,0.0009999999999976694
22845003,-2542,-4414,125545,5420,-9500,138534,144,19225,455,1,12153,0.0010030000000007533
22846000,-2145,19076,126792,-4885,18222,107322,144,19230,590,1,12154,0.000997000000001691
22847000,2934,7735,124440,-10558,5907,128697,107,19232,438,1,12155,0.0009999999999976694
22848000,6166,6427,125801,14108,4677,121764,105,19225,430,0,12156,0.0010000000000012221
22849000,8925,-4048,122912,4240,-7337,122089,83,19231,340,0,12157,0.0010000000000012221
22850000,5236,-5634,125721,5400,-10771,131007,109,19231,340,0,12158,0.0009999999999976694
22851000,5093,3286,127406,7414,456,121440,126,19231,446,1,12159,0.0010000000000012221
22852001,3357,8529,129325,-2247,4580,130551,126,19222,516,1,12160,0.0010009999999986974
22853000,3136,16724,128868,6471,12758,121996,115,19226,471,1,12161,0.0009990000000001942
22854000,8723,-5773,122960,8662,-9316,128685,99,19230,405,1,12162,0.0010000000000012221
22855000,11258,3114,125516,974,-2801,121297,132,19228,541,0,12163,0.0010000000000012221
22856000,12904,-2274,125630,10930,-2441,135750,98,19228,541,0,12164,0.0009999999999976694
22857001,10659,-411,126234,22493,-11659,120892,103,19228,401,0,12165,0.00100100000000225
22858001,2270,5501,131648,-10911,-633,129244,103,19227,422,1,12166,0.0009999999999976694
22859000,3755,3071,129390,-8966,4102,131160,133,19230,545,1,12167,0.0009990000000001942
22860000,-1688,14788,129951,16956,5795,120646,115,19231,471,1,12168,0.0010000000000012221
22861000,6641,-944,127397,-7715,-11290,131723,103,19226,422,0,12169,0.0010000000000012221
22862001,10716,-13623,128683,-4060,-12380,130092,125,19226,422,0,12170,0.0010009999999986974
22863000,7964,-4935,130200,27600,-3299,131604,104,19232,512,0,12171,0.0009990000000001942
22864000,-902,-3654,128849,-21209,-1056,128886,104,19231,426,0,12172,0.0009999999999976694
22865000,-2200,17070,133982,-15058,13578,121575,121,19227,496,1,12173,0.0010000000000012221
22866000,-3471,2070,131160,10496,-5808,136564,109,19230,446,1,12174,0.0010000000000012221
22867000,-5762,-2348,130067,-6904,-4120,124624,101,19230,414,1,12175,0.0009999999999976694
22868000,-1261,-15983,131323,-20424,-25578,140220,125,19230,512,0,12176,0.0010000000000012221
22869000,1636,12289,129632,10088,7258,117310,107,19229,512,0,12177,0.0010000000000012221
22870000,-357,6096,129461,-4257,-2394,130505,112,19228,438,0,12178,0.0009999999999976694
22871000,-7779,-216,131638,-18433,-988,131201,112,19223,459,1,12179,0.0010000000000012221
22872000,-12106,5768,130337,-10524,506,124531,155,19230,635,1,12180,0.0010000000000012221
22873000,-8343,8005,130184,-6138,6572,130993,121,19230,496,1,12181,0.0009999999999976694
22874001,-4985,9639,130841,-10350,61,123378,101,19230,414,1,12182,0.00100100000000225
22875000,-3865,-9450,125533,-7825,-9788,130549,166,19224,414,0,12183,0.0009990000000001942
22876000,-2368,-1891,126583,-7186,-4456,127270,103,19229,680,0,12184,0.0009999999999976694
22877001,-1920,4013,126597,-4900,1103,124272,103,19230,422,0,12185,0.00100100000000225
22878000,-6028,12456,128783,-6191,7845,125481,109,19221,446,1,12186,0.0009990000000001942
22879000,-6056,2079,125983,-16504,-3596,126979,117,19226,479,1,12187,0.0009999999999976694
22880000,-5552,-3976,128979,-5125,-6215,128803,109,19226,446,1,12188,0.0010000000000012221
22881000,879,14160,127729,1629,6842,121717,120,19229,446,0,12189,0.0010000000000012221
22882001,-935,-5912,122712,-4649,-8599,129360,96,19229,491,0,12190,0.0010009999999986974
22883000,-972,-1459,125670,-4265,-3302,127368,96,19228,393,0,12191,0.0009990000000001942
22884000,-1774,9483,125619,-3231,6826,121506,107,19225,438,0,12192,0.0010000000000012221
22885000,-2087,15952,126641,-1772,12273,120311,141,19220,577,1,12193,0.0009999999999976694
22886000,-131,-331,127990,-6371,-3900,128718,116,19230,475,1,12194,0.0010000000000012221
22887000,5260,-1106,123316,5969,-4607,129357,97,19230,475,1,12195,0.0010000000000012221
22888000,6065,9612,123734,5962,6246,117947,111,19228,397,0,12196,0.0009999999999976694
22889000,11605,4158,123371,286,-693,120274,111,19237,455,0,12197,0.0010000000000012221
22890001,7912,-6032,126463,17881,-9225,131755,110,19229,451,0,12198,0.0010009999999986974
22891000,4135,-4794,125113,-185,-7706,131541,116,19224,475,1,12199,0.0009990000000001942
22892000,675,10529,129202,-4621,6678,122843,129,19228,528,1,12200,0.0010000000000012221
22893000,7087,12831,128550,11876,10637,117891,107,19228,528,1,12201,0.0010000000000012221
22894000,8278,-8087,123181,6541,-10318,134681,111,19230,438,1,12202,0.0009999999999976694
22895000,9706,5620,129139,-1840,1462,123689,111,19221,455,0,12203,0.0010000000000012221
22896000,9855,-4872,126084,14816,-6716,127484,86,19234,352,0,12204,0.0009999999999976694
22897000,4155,525,128472,9451,-3186,125619,102,19231,418,0,12205,0.0010000000000012221
22898000,2759,-1121,130647,-10856,-3057,132105,125,19225,512,1,12206,0.0010000000000012221
22899000,344,7798,129823,3103,2177,128020,115,19225,512,1,12207,0.0009999999999976694
22900000,1235,17430,131760,5660,17617,121021,101,19228,471,1,12208,0.0010000000000012221
22901000,6443,-7886,126440,-3918,-9724,130559,101,19227,414,0,12209,0.0010000000000012221
22902000,6027,-8989,127946,6319,-13234,127820,149,19228,610,0,12210,0.0009999999999976694
22903001,8792,-5920,128157,13021,-10705,137847,104,19228,426,0,12211,0.00100100000000225
22904000,-688,8475,130492,-9435,-2255,115845,108,19225,442,0,12212,0.0009990000000001942
22905000,982,13957,135712,-12813,11242,130769,137,19225,442,1,12213,0.0009999999999976694
22906000,-8782,-5620,128582,8904,-7523,135773,109,19228,561,1,12214,0.0010000000000012221
22907000,-508,-7284,127754,-12041,-8644,129009,109,19232,446,1,12215,0.0010000000000012221
22908000,-6530,-5125,128591,-14129,-11066,130911,108,19223,442,0,12216,0.0009999999999976694
22909002,7848,12790,130376,4130,9586,115338,102,19231,418,0,12217,0.0010019999999997253
22910000,-5302,6137,132772,-305,-5812,136404,109,19229,446,0,12218,0.000998000000002719
22911000,-3980,-7502,131075,-13524,-7634,128593,128,19229,524,1,12219,0.0009999999999976694
22912000,-10583,11072,131128,-11407,7478,128653,114,19222,524,1,12220,0.0010000000000012221
22913000,-12292,8018,130056,-9613,8492,127118,114,19227,467,1,12221,0.0010000000000012221
22914001,-1998,16327,131221,-9909,7720,119216,100,19231,410,1,12222,0.0010009999999986974
22915001,-4977,-14026,124293,-6690,-24525,140480,141,19221,577,0,12223,0.0010000000000012221
22916000,-2409,8018,129715,-5625,7979,113761,100,19232,410,0,12224,0.0009990000000001942
22917000,826,2086,126525,-14140,1705,130537,105,19232,430,0,12225,0.0009999999999976694
22918000,-4023,4117,128951,8,4511,126327,140,19225,430,1,12226,0.0010000000000012221
22919000,-6965,12599,126827,-12748,8581,125057,116,19226,573,1,12227,0.0010000000000012221
22920000,-6539,3208,123929,-15849,938,132818,116,19231,475,1,12228,0.0009999999999976694
22921000,103,6098,127987,3180,3464,118371,105,19228,430,0,12229,0.0010000000000012221
22922000,3109,-1798,124251,2072,-4978,128277,114,19226,467,0,12230,0.0010000000000012221
22923000,993,4434,125434,-286,1863,124513,119,19226,487,0,12231,0.0009999999999976694
22924000,-97,-490,125275,-10233,-2654,129106,124,19222,487,0,12232,0.0010000000000012221
22925000,-2063,16882,126888,-493,14355,118214,121,19220,508,1,12233,0.0010000000000012221
22926001,-945,9356,125877,992,8664,127027,121,19229,496,1,12234,0.0010009999999986974
22927000,2557,-6367,122300,-4368,-9481,124382,101,19234,414,1,12235,0.0009990000000001942
22928000,9465,-2003,124960,5637,-8461,125705,121,19229,496,0,12236,0.0009999999999976694
22929000,10441,1176,122860,10081,-1831,123608,103,19227,422,0,12237,0.0010000000000012221
22930000,5519,2026,129842,6297,-1223,125545,110,19227,422,0,12238,0.0010000000000012221
22931000,5428,-9756,124597,418,-12838,130488,140,19230,451,1,12239,0.0009999999999976694
22932000,-1087,10759,128001,2131,9110,126756,140,19229,573,1,12240,0.0010000000000012221
22933000,7049,15029,128095,1960,11549,119335,111,19232,455,1,12241,0.0010000000000012221
22934000,8799,2867,124806,10716,-714,122665,96,19222,393,0,12242,0.0009999999999976694
22935000,9832,223,126224,3663,-3543,132648,127,19231,520,0,12243,0.0010000000000012221
22936000,11463,-12016,124615,7821,-16575,131919,103,19231,520,0,12244,0.0010000000000012221
22937000,5205,2119,130945,9893,-1314,125495,110,19228,422,0,12245,0.0009999999999976694
22938000,3357,8782,129891,-7134,4132,128900,110,19222,451,1,12246,0.0010000000000012221
22939000,-1380,5943,131748,-1138,2220,132129,106,19228,434,1,12247,0.0010000000000012221
22940001,4735,289,127609,7132,-2160,124499,104,19229,426,1,12248,0.0010009999999986974
22941000,7566,-1883,126791,-4125,-5696,127663,123,19220,504,0,12249,0.0009990000000001942
22942000,8849,-4632,129547,8166,-5879,125776,95,19220,504,0,12250,0.0010000000000012221
22943000,5850,-9301,129127,14322,-10835,130931,104,19228,389,0,12251,0.0009999999999976694
22944000,-1484,6209,134625,-17764,289,128947,104,19232,426,1,12252,0.0010000000000012221
22945000,-6488,5912,132492,-7044,3995,124972,135,19225,553,1,12253,0.0010000000000012221
22946001,-6472,3314,130392,5223,-375,129953,113,19233,463,1,12254,0.0010009999999986974
22947000,-4090,-5441,129357,-13466,-5942,131022,97,19228,397,1,12255,0.0009990000000001942
22948000,1007,-9076,128258,-13486,-16254,131473,130,19228,397,0,12256,0.0010000000000012221
22949000,2654,6400,130709,10627,2385,125279,110,19230,532,0,12257,0.0009999999999976694
22950000,-5004,7223,128803,-5379,534,125131,110,19227,451,0,12258,0.0010000000000012221
22951000,-6497,5285,134068,-18610,2542,132057,115,19222,471,1,12259,0.0010000000000012221
22952002,-8536,-2607,128263,-13395,-9025,132497,124,19226,508,1,12260,0.0010019999999997253
22953000,-6076,14093,131670,-6812,11880,122533,109,19231,446,1,12261,0.0009979999999991662
22954000,-2342,3600,127262,-6337,-7553,127848,116,19231,446,0,12262,0.0010000000000012221
22955000,-2539,-7189,124961,-11397,-9940,131916,111,19217,475,0,12263,0.0009999999999976694
22956001,-2517,-638,128274,-5158,-2528,124202,111,19231,455,0,12264,0.00100100000000225
22957000,-1682,10216,128558,-4370,7360,123484,105,19228,430,0,12265,0.0009989999999966415
22958000,-8534,9215,129022,-11106,2993,127147,132,19226,541,1,12266,0.0010000000000012221
22959000,-7545,4146,126710,-12539,682,128131,119,19230,487,1,12267,0.0010000000000012221
22960000,-445,6527,126372,-3950,3710,124963,105,19230,430,1,12268,0.0009999999999976694
22961000,-624,2513,125310,3467,-1897,121991,141,19228,430,0,12269,0.0010000000000012221
22962000,1433,-6436,124838,-8890,-15347,128644,109,19236,577,0,12270,0.0010000000000012221
22963000,2317,6679,126461,-3044,1301,119240,109,19227,446,0,12271,0.0009999999999976694
22964000,67,7586,125105,-478,5688,129821,112,19224,459,1,12272,0.0010000000000012221
22965000,-4227,7086,125799,2573,5922,126727,150,19235,614,1,12273,0.0010000000000012221
22966000,287,10821,125281,-3702,11594,118341,107,19235,438,1,12274,0.0009999999999976694
22967003,9541,8120,124114,1625,3741,127546,104,19231,438,0,12275,0.0010030000000007533
22968004,7934,1757,123058,12471,-2405,122389,86,19225,426,0,12276,0.00100100000000225
22969000,11335,-5507,123743,4388,-9942,127662,86,19231,352,0,12277,0.0009959999999971103
22970000,3498,-4563,125311,4448,-4725,126815,113,19228,463,0,12278,0.0010000000000012221
22971000,4747,-1864,127546,3150,-5113,127026,127,19224,520,1,12279,0.0010000000000012221
22972000,2871,9654,128570,-1315,6213,122802,113,19224,463,1,12280,0.0009999999999976694
22973000,6192,5957,125932,5140,-82,125888,97,19230,463,1,12281,0.0010000000000012221
22974000,8219,-9842,127967,8724,-14141,128241,137,19230,397,0,12282,0.0010000000000012221
22975000,7826,1199,127823,2961,-5334,121997,137,19227,561,0,12283,0.0009999999999976694
22976000,5741,-18219,125955,8672,-21930,139263,104,19226,426,0,12284,0.0010000000000012221
22977000,-180,5133,130828,-602,2993,123995,108,19224,442,0,12285,0.0010000000000012221
22978000,1365,14209,130285,-4617,9581,125154,130,19229,532,1,12286,0.0009999999999976694
22979000,-408,8494,130444,6419,6535,126918,111,19229,532,1,12287,0.0010000000000012221
22980000,3839,-8033,126495,-3155,-13252,126755,104,19230,455,1,12288,0.0010000000000012221
22981000,12071,-11391,125306,5051,-15459,133245,104,19224,426,0,12289,0.0009999999999976694
22982000,9350,-877,127549,17678,-3299,124980,124,19230,508,0,12290,0.0010000000000012221
22983000,3706,-4488,129135,-849,-8860,131193,107,19227,438,0,12291,0.0010000000000012221
22984000,1913,5517,133962,-19715,2494,129122,120,19220,491,1,12292,0.0009999999999976694
22985000,-8223,-284,132001,1839,-3192,131652,110,19220,491,1,12293,0.0010000000000012221
22986000,-7786,6523,130298,3074,1102,130273,97,19230,451,1,12294,0.0010000000000012221
22987000,-2956,-1869,130390,-24285,-3565,123728,97,19232,397,0,12295,0.0009999999999976694
22988000,1448,-11310,128804,-205,-15492,137428,123,19226,504,0,12296,0.0010000000000012221
22989000,95,5139,131446,6827,4400,123049,102,19231,418,0,12297,0.0009999999999976694
22990000,-8040,3930,132268,-15179,1424,125800,111,19227,455,0,12298,0.0010000000000012221
22991000,-8145,4939,133248,-19342,5944,129461,153,19227,455,1,12299,0.0010000000000012221
22992000,-9780,3539,130845,-6107,-434,133967,116,19224,627,1,12300,0.0009999999999976694
22993003,-5979,7721,129306,-6597,5545,128050,116,19233,475,1,12301,0.0010030000000007533
22994000,-3239,4965,128043,-12959,3233,119779,99,19224,405,0,12302,0.000997000000001691
22995000,-1949,-5140,125762,-4652,-6771,133065,162,19230,664,0,12303,0.0009999999999976694
22996000,458,-1519,125099,-2816,-6253,123283,105,19228,430,0,12304,0.0010000000000012221
22997000,-5081,13525,128774,-13636,5908,126037,114,19228,430,1,12305,0.0010000000000012221
22998000,-6797,21979,126650,-10008,13193,115762,112,19224,467,1,12306,0.0009999999999976694
22999000,-7693,2636,127562,-6871,2367,132496,112,19228,459,1,12307,0.0010000000000012221
23000000,287,-534,127335,-11011,-3847,128591,105,19232,430,1,12308,0.0010000000000012221
23001002,2628,8659,124528,-251,7146,115580,121,19224,496,0,12309,0.0010019999999997253
23002005,4492,256,125080,4222,-7910,129546,97,19231,397,0,12310,0.0010030000000007533
23003002,1689,-65,124691,-3653,-3110,125977,109,19231,397,0,12311,0.0009969999999981383
23004000,-2590,6833,126208,-6541,2312,128484,141,19227,446,1,12312,0.0009979999999991662
23005000,-3123,15745,127897,-1274,13192,119172,141,19221,577,1,12313,0.0010000000000012221
23006000,1318,14666,126662,-2227,3564,122114,113,19229,463,1,12314,0.0010000000000012221
23007000,6672,4438,124910,3680,-3434,123924,93,19228,381,0,12315,0.0009999999999976694
23008000,10290,3079,124216,9550,-3844,123079,108,19232,442,0,12316,0.0010000000000012221
23009000,6022,-9470,124574,12708,-16774,128990,113,19232,463,0,12317,0.0010000000000012221
23010000,1816,14151,127700,-8395,12846,116840,117,19228,463,0,12318,0.0009999999999976694
23011000,5209,2431,127134,1079,1407,130258,125,19222,479,1,12319,0.0010000000000012221
23012000,4330,9371,130432,10176,7225,123880,125,19224,512,1,12320,0.0010000000000012221
23013000,8645,5005,123953,-384,-1020,125657,105,19228,430,1,12321,0.0009999999999976694
23014000,9685,3970,125469,3261,1760,121086,110,19220,451,0,12322,0.0010000000000012221
23015000,13107,-6241,127079,15954,-14645,132371,84,19220,344,0,12323,0.0010000000000012221
23016000,6988,-12241,127690,9138,-16541,130578,104,19230,344,0,12324,0.0009999999999976694
23017000,2383,6008,131088,-8037,2677,125759,129,19231,426,1,12325,0.0010000000000012221
23018000,-1681,10397,131975,-1736,7836,124800,129,19232,528,1,12326,0.0010000000000012221
23019000,991,15969,130005,10504,10493,122402,117,19230,479,1,12327,0.0009999999999976694
23020000,2938,-9171,127213,-6324,-13395,136744,101,19230,414,1,12328,0.0010000000000012221
23021000,10613,-11262,128005,1043,-15064,126977,148,19227,606,0,12329,0.0009999999999976694
23022000,6194,4227,131384,22335,15,127221,112,19227,606,0,12330,0.0010000000000012221
23023001,2864,-5604,128042,-8908,-8258,131250,109,19232,459,0,12331,0.00100100000000225
23024000,143,2439,134665,-17886,-89,131545,109,19224,446,1,12332,0.0009989999999966415
23025000,-6226,3609,130705,4310,-158,133477,148,19230,606,1,12333,0.0010000000000012221
23026000,-5343,9243,129164,-5022,7129,120322,109,19235,446,1,12334,0.0010000000000012221
23027000,1126,-5410,129366,-16627,-10151,130925,107,19220,438,0,12335,0.0009999999999976694
23028000,1659,-9595,126392,2982,-14417,134123,97,19220,438,0,12336,0.0010000000000012221
23029000,1849,-2249,129247,238,-5246,130098,109,19229,397,0,12337,0.0010000000000012221
23030000,-7284,8152,133848,-17643,4821,125238,109,19228,446,0,12338,0.0009999999999976694
23031000,-6645,2377,129519,-10365,-1263,130373,129,19219,528,1,12339,0.0010000000000012221
23032000,-9580,4192,129616,-8317,397,129815,117,19231,479,1,12340,0.0010000000000012221
23033000,-6534,5936,128547,-14623,1300,127091,99,19224,405,1,12341,0.0009999999999976694
23034000,-2130,-2997,126843,-4142,-5236,123918,137,19224,405,0,12342,0.0010000000000012221
23035000,-4516,-4024,126240,-5549,-7442,127527,102,19222,561,0,12343,0.0010000000000012221
23036000,-1597,-1698,129015,-7953,-4212,132161,102,19229,418,0,12344,0.0009999999999976694
23037000,-4244,13376,129628,-7916,10469,117431,105,19225,430,1,12345,0.0010000000000012221
23038000,-11065,4967,127480,-6950,4357,129899,136,19227,557,1,12346,0.0010000000000012221
23039000,-7519,12671,127224,-13271,6938,121031,115,19231,471,1,12347,0.0009999999999976694
23040001,-676,8744,126711,-7530,7977,123363,105,19231,471,0,12348,0.00100100000000225
23041000,3022,-5421,123670,5759,-10192,132397,95,19225,430,0,12349,0.0009990000000001942
23042000,3957,-2871,124210,-3014,-5942,128140,95,19237,389,0,12350,0.0009999999999976694
23043000,854,-2213,124084,-4191,-8135,122789,109,19228,446,0,12351,0.0010000000000012221
23044000,562,19674,126287,181,13295,115285,120,19223,491,1,12352,0.0010000000000012221
23045000,-3197,2317,125990,-5748,-1920,141138,117,19232,479,1,12353,0.0009999999999976694
23046000,4662,6358,120915,-2072,1879,111600,98,19232,479,1,12354,0.0010000000000012221
23047001,7796,11508,127045,2685,1395,127479,124,19232,401,0,12355,0.0010009999999986974
23048001,9838,-4112,122789,8107,-10658,125722,124,19235,508,0,12356,0.0010000000000012221
23049002,8200,-6258,124981,7737,-12974,134479,105,19228,430,0,12357,0.0010009999999986974
23050000,1750,-76,127728,298,972,123198,111,19227,455,1,12358,0.000998000000002719
23051000,2289,17601,129378,647,16327,114773,152,19229,623,1,12359,0.0009999999999976694
23052000,1891,5415,127682,5602,2196,137329,113,19229,463,1,12360,0.0010000000000012221
23053000,9452,-1117,124310,2579,-1443,124783,100,19231,463,1,12361,0.0009999999999976694
23054000,12228,1629,126036,3188,-3138,122706,125,19227,410,0,12362,0.0010000000000012221
23055003,11205,853,128069,19436,-6254,124922,125,19233,512,0,12363,0.0010030000000007533
23056002,6169,-6684,126040,-1294,-13674,130178,105,19229,430,0,12364,0.0009990000000001942
23057000,4959,12,132774,-8582,-1313,134872,111,19222,455,1,12365,0.0009979999999991662
23058001,1197,13191,129505,10186,8864,122002,106,19222,434,1,12366,0.0010009999999986974
23059000,-1328,12291,131425,2229,7600,123184,106,19228,434,1,12367,0.0009990000000001942
23060000,5817,-2061,128604,-8903,-10884,130770,124,19228,434,1,12368,0.0010000000000012221
23061000,9765,-17498,126139,12330,-16220,138241,124,19220,508,0,12369,0.0010000000000012221
23062000,8015,3375,128965,14336,2211,125444,95,19230,389,0,12370,0.0009999999999976694
23063000,977,4436,131480,-16472,1404,123926,104,19228,426,0,12371,0.0010000000000012221
23064000,149,12140,132684,-11767,8244,127297,137,19228,561,1,12372,0.0010000000000012221
23065000,-4355,-5119,133006,9388,-10711,141038,114,19227,561,1,12373,0.0009999999999976694
23066000,-4945,-1128,128785,-7160,-4309,127147,97,19233,467,1,12374,0.0010000000000012221
23067000,523,-1765,130554,-19327,-5342,126699,97,19225,397,0,12375,0.0010000000000012221
23068000,-1239,-3691,130211,6244,-10663,130615,143,19228,586,0,12376,0.0009999999999976694
23069000,1090,5150,130116,2760,1266,124292,107,19225,438,0,12377,0.0010000000000012221
23070000,-8338,-498,130367,-26882,-3999,130568,114,19220,467,1,12378,0.0010000000000012221
23071000,-10123,5540,132126,-5776,3762,127289,130,19220,467,1,12379,0.0009999999999976694
23072000,-9904,7470,129520,-5350,3128,126379,108,19229,532,1,12380,0.0010000000000012221
23073001,-2189,2200,128591,-16538,-421,128950,108,19232,442,1,12381,0.0010009999999986974
23074000,-6533,-2570,126769,-4842,-6733,125213,113,19220,463,0,12382,0.0009990000000001942
23075001,1073,-8742,123992,-3460,-11877,132040,109,19231,446,0,12383,0.00100100000000225
23076000,-3568,11282,128641,-7518,7927,119915,105,19230,430,0,12384,0.0009990000000001942
23077000,-5127,3679,127506,-11584,-988,126352,130,19230,430,1,12385,0.0009999999999976694
23078000,-7266,5505,126969,-7880,1525,127276,117,19227,532,1,12386,0.0010000000000012221
23079000,-9088,-457,127629,-11834,-2319,128882,117,19232,479,1,12387,0.0010000000000012221
23080000,1297,12337,125564,947,5852,124746,102,19230,418,0,12388,0.0009999999999976694
23081001,-2720,2084,125286,-3496,1749,119230,136,19234,557,0,12389,0.00100100000000225
23082000,575,-10782,123272,-11243,-15709,135391,111,19229,455,0,12390,0.0009989999999966415
23083000,-1091,8842,127371,-1243,5413,122140,111,19229,455,0,12391,0.0010000000000012221
23084000,-3208,9756,126388,2653,6397,124243,149,19222,455,1,12392,0.0010000000000012221
23085000,-2835,18050,127805,-5959,15515,120111,149,19230,610,1,12393,0.0009999999999976694
23086002,3788,1529,123072,-8439,-1276,130546,105,19232,430,1,12394,0.001002000000003278
23087002,13073,4687,123618,15573,300,122135,105,19230,430,0,12395,0.0009999999999976694
23088000,9310,-5928,125694,12538,-1950,117557,88,19227,360,0,12396,0.0009979999999991662
23089000,4767,-10038,125098,1650,-12418,132176,114,19227,360,0,12397,0.0010000000000012221
23090000,3771,153,127327,-170,-3477,130707,129,19228,467,1,12398,0.0010000000000012221
23091000,-943,9033,128344,5204,250,123721,129,19222,528,1,12399,0.0009999999999976694
23092000,4018,22384,125550,3706,13988,115444,113,19231,463,1,12400,0.0010000000000012221
23093000,6837,-5405,125418,-265,-3559,133388,98,19232,401,1,12401,0.0010000000000012221
23094000,17068,-4777,125399,3004,-6470,125788,138,19227,565,0,12402,0.0009999999999976694
23095000,10555,-4219,126159,19483,-7652,128326,101,19227,565,0,12403,0.0010000000000012221
23096000,3779,-5220,128689,9189,-2496,127489,103,19230,414,0,12404,0.0010000000000012221
23097000,4824,-3846,129065,-12780,-6328,132578,103,19223,422,1,12405,0.0009999999999976694
23098000,-1183,11914,130614,4233,11425,128234,127,19229,520,1,12406,0.0010000000000012221
23099000,783,12646,129602,-3991,1016,123564,111,19230,455,1,12407,0.0010000000000012221
23100000,4354,-1453,128428,-5023,-9764,126113,105,19221,430,0,12408,0.0009999999999976694
23101000,11092,-11613,129199,17666,-16368,133668,125,19221,512,0,12409,0.0010000000000012221
23102000,5518,-8449,128751,15875,-14080,132136,109,19233,512,0,12410,0.0010000000000012221
23103000,-55,6858,134218,-26596,1980,125062,117,19228,446,0,12411,0.0009999999999976694
23104000,-2964,23782,132978,-5300,20044,121207,117,19219,479,1,12412,0.0010000000000012221
23105000,-8281,102,131328,7838,-3333,131244,107,19228,438,1,12413,0.0010000000000012221
23106000,-2344,-15531,128818,-19234,-20153,134318,99,19232,405,1,12414,0.0009999999999976694
23107000,-491,-11908,126873,-5599,-13330,132279,132,19232,541,0,12415,0.0010000000000012221
23108000,5387,13449,129591,5378,9059,120519,104,19223,541,0,12416,0.0010000000000012221
23109000,-2149,-2499,129191,-6065,-4363,131192,108,19229,426,0,12417,0.0009999999999976694
23110000,-7585,5007,130559,-17379,302,131176,108,19226,442,1,12418,0.0010000000000012221
23111000,-10226,974,129075,-14397,-2889,135509,151,19230,618,1,12419,0.0010000000000012221
23112000,-9593,20583,131565,-3249,21609,115878,114,19232,467,1,12420,0.0009999999999976694
23113000,-767,13488,130681,-11524,6188,125996,101,19225,414,1,12421,0.0010000000000012221
23114000,-5225,-16448,123351,-6702,-20935,135478,162,19225,414,0,12422,0.0009999999999976694
23115000,415,-5540,129045,-5091,-8917,125581,106,19233,664,0,12423,0.0010000000000012221
23116000,-3027,13126,127603,-9632,11609,121795,106,19226,434,0,12424,0.0010000000000012221
23117000,-7063,17237,130112,-4285,13143,119853,112,19220,459,1,12425,0.0009999999999976694
23118000,-6156,2315,127195,-15892,-2259,132693,114,19229,467,1,12426,0.0010000000000012221
23119000,-4991,3274,126188,-9838,424,125178,107,19232,438,1,12427,0.0010000000000012221
23120000,2197,7754,126785,5605,5113,119528,122,19232,438,0,12428,0.0009999999999976694
23121000,173,-4270,124247,-3116,-6848,127723,99,19224,500,0,12429,0.0010000000000012221
23122000,993,-1813,123668,-6624,-5495,127214,99,19232,405,0,12430,0.0010000000000012221
23123000,-1528,7156,126286,-2426,4110,126294,109,19226,446,0,12431,0.0009999999999976694
23124000,-2605,24012,127538,-2843,21198,120817,138,19224,565,1,12432,0.0010000000000012221
23125000,-693,10101,125428,-4105,6591,124634,113,19234,463,1,12433,0.0010000000000012221
23126000,6783,-1387,125207,983,-5326,130910,96,19234,463,1,12434,0.0009999999999976694
23127000,11208,948,122133,7890,-4918,121314,110,19227,393,0,12435,0.0010000000000012221
23128000,9763,-971,125058,8451,-3316,122001,110,19230,451,0,12436,0.0010000000000012221
23129002,5715,-6142,124554,3787,-9900,129651,117,19223,479,0,12437,0.0010019999999997253
23130002,1521,2493,128185,2297,-1935,131961,118,19223,483,1,12438,0.0009999999999976694
23131000,1980,12721,128625,-1583,9643,119304,120,19230,491,1,12439,0.000998000000002719
23132000,6262,11729,128047,6631,11429,120766,104,19230,491,1,12440,0.0009999999999976694
23133000,10421,5368,125508,9303,46,128889,112,19233,426,1,12441,0.0010000000000012221
23134000,12067,-312,125659,3390,-6521,125265,112,19219,459,0,12442,0.0010000000000012221
23135000,7409,-9238,128662,15943,-12355,134119,98,19227,401,0,12443,0.0009999999999976694
23136000,4797,-2974,128776,2334,-11373,128761,108,19227,442,0,12444,0.0010000000000012221
23137000,2030,5182,131110,-8506,1407,130457,128,19226,524,1,12445,0.0010000000000012221
23138000,3478,11894,128989,7287,3470,120790,114,19226,524,1,12446,0.0009999999999976694
23139000,2931,6066,128304,-1539,1331,133289,101,19228,467,1,12447,0.0010000000000012221
23140001,11862,-9161,126183,604,-7857,125672,101,19227,414,0,12448,0.0010009999999986974
23141000,8342,-5320,128552,11824,-7861,128377,154,19232,631,0,12449,0.0009990000000001942
23142000,4916,-3819,129010,8684,-9732,136290,105,19229,430,0,12450,0.0010000000000012221
23143000,157,3239,132695,-13629,4414,123890,106,19225,434,0,12451,0.0010000000000012221
23144000,-2431,10396,134380,-7004,1847,131391,139,19225,569,1,12452,0.0009999999999976694
23145000,-8161,1690,129653,4831,1522,121847,106,19228,569,1,12453,0.0010000000000012221
23146000,-1844,-750,131999,-22694,-9774,133304,106,19230,434,1,12454,0.0009999999999976694
23147000,2616,-9829,127813,6953,-11119,133420,106,19220,434,0,12455,0.0010000000000012221
23148000,1330,8601,128649,1764,7457,120270,98,19232,401,0,12456,0.0010000000000012221
23149000,-4905,6305,132660,-21944,755,129162,108,19227,442,0,12457,0.0009999999999976694
23150002,-7629,53,129735,-7859,-4606,126432,129,19227,528,1,12458,0.001002000000003278
23151000,-7512,3074,133098,-9153,2090,139430,114,19220,528,1,12459,0.0009979999999991662
23152000,-8731,8261,129516,-7592,6056,122484,100,19232,467,1,12460,0.0009999999999976694
23153000,-2876,7866,129481,-9355,4112,126972,100,19228,410,1,12461,0.0010000000000012221
23154000,-2769,-7650,125188,-7916,-11557,132334,141,19221,577,0,12462,0.0010000000000012221
23155000,-1595,-3973,126057,-4085,-7571,126997,103,19232,422,0,12463,0.0009999999999976694
23156000,-1169,5433,129213,-10950,4435,123287,104,19232,426,0,12464,0.0010000000000012221
23157000,-6839,19520,128731,-7170,15198,120783,136,19226,426,1,12465,0.0010000000000012221
23158000,-6232,-1104,125213,-8739,-4804,134561,115,19231,557,1,12466,0.0009999999999976694
23159000,-4343,11002,126584,-14303,9255,119376,115,19227,471,1,12467,0.0010000000000012221
23160000,1813,-1703,124441,2458,-5734,128499,107,19221,438,0,12468,0.0010000000000012221
23161000,2641,-3758,124767,4257,-7519,117688,91,19231,373,0,12469,0.0009999999999976694
23162000,695,-3751,125631,-11874,-10300,132113,110,19229,451,0,12470,0.0010000000000012221
23163000,-798,3703,126134,-514,2466,123019,123,19229,451,1,12471,0.0010000000000012221
23164000,-5343,22299,130103,-931,19133,116746,113,19221,504,1,12472,0.0009999999999976694
23165000,-1981,3740,125070,-7895,128,133824,113,19227,463,1,12473,0.0010000000000012221
23166001,5280,12963,125669,5007,8958,113978,100,19226,410,1,12474,0.0010009999999986974
23167000,10791,-4292,123154,9492,-8675,135967,126,19226,516,0,12475,0.0009990000000001942
23168000,7769,1335,124263,6893,-1037,114848,113,19225,463,0,12476,0.0010000000000012221
23169000,7613,-6132,124729,1513,-11027,132575,117,19225,463,0,12477,0.0010000000000012221
23170000,5263,-1197,125927,3625,-5265,126360,155,19226,479,1,12478,0.0009999999999976694
23171000,3211,10844,127677,2599,8452,122863,155,19228,635,1,12479,0.0010000000000012221
23172000,7407,4628,125413,2646,1331,131372,114,19228,467,1,12480,0.0010000000000012221
23173002,10008,2098,126046,10381,-417,115941,100,19224,410,0,12481,0.0010019999999997253
23174002,10873,-7863,127075,4607,-12809,139430,120,19232,491,0,12482,0.0009999999999976694
23175002,7546,-3252,125618,10744,-6523,120939,104,19232,491,0,12483,0.0010000000000012221
23176000,3671,108,129735,-2700,-3977,129450,112,19227,426,0,12484,0.0009979999999991662
23177000,-255,10179,132301,-743,5302,131852,112,19221,459,1,12485,0.0010000000000012221
23178000,-29,4035,128315,5884,-1357,120093,108,19228,442,1,12486,0.0009999999999976694
23179000,3584,70,128324,-5950,-4780,132436,104,19228,426,1,12487,0.0010000000000012221
23180000,9445,-2545,127133,-1197,-4457,125618,120,19223,491,0,12488,0.0010000000000012221
23181001,12691,-13798,128570,15337,-18209,131706,96,19223,491,0,12489,0.0010009999999986974
23182000,3201,394,131410,10772,-3365,127680,106,19230,393,0,12490,0.0009990000000001942
23183000,-2684,-874,130254,-21262,-5461,131095,106,19228,434,1,12491,0.0010000000000012221
23184000,-4573,14612,134346,-11345,12372,124563,140,19222,573,1,12492,0.0009999999999976694
23185000,-8887,2054,130555,9234,-41,133891,115,19231,471,1,12493,0.0010000000000012221
23186000,1121,-6155,126158,-4932,-16492,126812,96,19230,393,1,12494,0.0010000000000012221
23187000,-3278,-9960,128219,-21931,-10559,133493,136,19230,557,0,12495,0.0009999999999976694
23188006,7006,-3550,129946,2520,263,127531,111,19229,557,0,12496,0.0010060000000002844
23189000,-9703,12466,133352,7628,7132,124941,117,19230,455,0,12497,0.0009940000000021598
23190000,-9652,-3868,130236,-27093,-7896,134453,117,19222,479,1,12498,0.0009999999999976694
23191000,-8246,8850,132017,-15800,2424,129625,129,19233,528,1,12499,0.0010000000000012221
23192000,-7072,474,128331,-128,755,129798,107,19231,438,1,12500,0.0010000000000012221
23193000,-626,10348,130646,-7644,4614,119920,114,19231,467,0,12501,0.0009999999999976694
23194000,-6125,-4372,125474,-12607,-13050,131748,102,19216,467,0,12502,0.0010000000000012221
23195000,-920,-1780,125584,-3045,-678,125494,104,19231,418,0,12503,0.0010000000000012221
23196000,-5090,13450,130281,-6063,4657,122940,104,19228,426,0,12504,0.0009999999999976694
23197000,-7922,5574,127069,-14775,1892,128613,131,19223,537,1,12505,0.0010000000000012221
23198000,-6169,18268,128909,-9856,14297,119461,119,19227,487,1,12506,0.0010000000000012221
23199000,-478,-4022,125074,-6654,-5547,131396,101,19227,414,1,12507,0.0009999999999976694
23200000,4871,1740,126226,5958,-3353,124047,129,19224,414,0,12508,0.0010000000000012221
23201000,677,-1158,124106,-3775,-5551,123968,109,19234,528,0,12509,0.0010000000000012221
23202000,1659,5521,125122,-9153,4377,124183,109,19226,446,0,12510,0.0009999999999976694
23203000,-2526,4753,125998,-2431,1671,125761,112,19219,459,1,12511,0.0010000000000012221
23204000,-2368,8997,125745,-3507,4768,124672,150,19228,614,1,12512,0.0010000000000012221
23205000,-317,10205,126971,4768,3958,120462,107,19233,438,1,12513,0.0009999999999976694
23206000,6062,4667,123256,-1965,978,123204,105,19233,438,0,12514,0.0010000000000012221
23207000,10810,6851,125832,6589,1564,123965,91,19223,430,0,12515,0.0009999999999976694
23208000,7628,-8644,124815,14211,-13826,126360,91,19231,373,0,12516,0.0010000000000012221
23209000,3830,-6868,129061,-32,-12256,130005,116,19228,475,0,12517,0.0010000000000012221
23210000,1549,11999,128167,-2640,9883,121798,128,19225,524,1,12518,0.0009999999999976694
23211000,4478,11720,126602,5540,9331,126351,114,19232,467,1,12519,0.0010000000000012221
23212000,6373,8915,124998,8903,5375,124414,97,19232,467,1,12520,0.0010000000000012221
23213002,11989,3605,124482,-2868,564,120978,137,19232,397,0,12521,0.0010019999999997253
23214000,12017,-4232,127750,9467,-7575,124370,137,19228,561,0,12522,0.0009979999999991662
23215000,7668,-12738,126085,19428,-16773,135941,102,19228,418,0,12523,0.0010000000000012221
23216000,3843,-4860,127975,-9181,-8243,130978,104,19228,426,1,12524,0.0009999999999976694
23217000,-2248,14253,132449,-1307,10624,123338,128,19228,524,1,12525,0.0010000000000012221
23218000,2235,13359,130748,3393,11725,126157,112,19228,524,1,12526,0.0010000000000012221
23219000,4841,-702,128336,-1805,-5013,127600,106,19229,459,1,12527,0.0009999999999976694
23220000,8943,-11067,127478,1658,-13635,129642,106,19223,434,0,12528,0.0010000000000012221
23221000,9706,-12119,127132,20508,-17725,132176,125,19233,512,0,12529,0.0010000000000012221
23222000,1896,-1221,130287,1604,-4377,125132,108,19228,442,0,12530,0.0009999999999976694
23223000,2337,7132,132887,-25360,3558,128264,118,19218,483,1,12531,0.0010000000000012221
23224000,-8713,8987,133160,5896,6870,129561,109,19218,483,1,12532,0.0010000000000012221
23225001,-7669,2539,130776,-736,1481,127207,99,19227,446,1,12533,0.0010009999999986974
23226000,-3121,-11128,129506,-23483,-12341,134070,99,19228,405,0,12534,0.0009990000000001942
23227000,2651,-851,130661,3315,-8302,129811,128,19223,524,0,12535,0.0010000000000012221
23228000,748,2666,130327,5000,751,127692,100,19231,410,0,12536,0.0009999999999976694
23229001,-6984,6937,131141,-15290,1395,128030,108,19225,442,0,12537,0.00100100000000225
23230000,-7631,2266,130382,-16674,699,129843,150,19225,614,1,12538,0.0009990000000001942
23231000,-9466,3328,129633,-7526,-292,123289,113,19233,614,1,12539,0.0009999999999976694
23232000,-3969,14746,129986,-8279,10990,124612,102,19232,463,1,12540,0.0010000000000012221
23233000,-4132,-3094,124376,-12044,-8985,130087,102,19226,418,0,12541,0.0010000000000012221
23234000,-473,-7242,125846,-4075,-8667,126329,163,19229,668,0,12542,0.0009999999999976694
23235000,-238,-4300,126099,-1877,-7619,132170,109,19231,446,0,12543,0.0010000000000012221
23236000,-4990,8830,128418,-9522,9858,121450,117,19231,479,1,12544,0.0010000000000012221
23237000,-8780,14797,131047,-11228,7513,124576,109,19222,479,1,12545,0.0009999999999976694
23238000,-7096,6740,128057,-13029,-219,130307,106,19225,446,1,12546,0.0010000000000012221
23239000,106,7958,126481,-5976,3434,119449,106,19230,434,1,12547,0.0009999999999976694
23240001,-2483,-1136,125874,1743,-6633,129062,125,19226,512,0,12548,0.00100100000000225
23241000,2999,-1207,122374,-12170,2368,123924,101,19230,414,0,12549,0.0009990000000001942
23242000,1144,7143,126097,-5426,7927,126607,107,19230,438,0,12550,0.0009999999999976694
23243000,728,9674,126924,4989,6479,124085,137,19229,438,1,12551,0.0010000000000012221
23244000,-2215,12459,124562,-2002,4397,119304,113,19228,561,1,12552,0.0010000000000012221
23245000,1415,4374,127275,-7416,1920,132352,113,19233,463,1,12553,0.0009999999999976694
23246000,12760,-391,122085,12874,-46,118036,97,19226,397,0,12554,0.0010000000000012221
23247000,6297,2686,126224,7114,-5417,127482,109,19230,446,0,12555,0.0010000000000012221
23248002,8258,-9190,123786,-524,-14040,127094,112,19226,459,0,12556,0.0010019999999997253
23249002,2285,-3265,125094,11318,-3751,127277,115,19226,459,0,12557,0.0009999999999976694
23250002,155,15916,130350,-5486,14663,127366,118,19225,471,1,12558,0.0010000000000012221
23251000,5343,17394,126427,-348,13641,117666,118,19230,483,1,12559,0.0009979999999991662
23252000,7913,4766,127772,15802,-1156,127951,104,19233,426,1,12560,0.0010000000000012221
23253000,14825,-1321,125047,-1477,-5101,123812,114,19220,467,0,12561,0.0010000000000012221
23254001,9749,-6197,128210,13486,-10704,131502,91,19230,373,0,12562,0.0010009999999986974
23255000,5259,-8894,128625,11321,-13136,133377,103,19230,373,0,12563,0.0009990000000001942
23256000,3350,4400,129215,-11558,-109,121809,124,19230,422,1,12564,0.0010000000000012221
23257000,-1598,12605,134470,4546,8318,130216,124,19229,508,1,12565,0.0009999999999976694
23258001,2213,12025,128214,6805,8622,120062,111,19231,455,1,12566,0.00100100000000225
23259000,4505,6184,131645,-6285,3576,135572,101,19224,414,1,12567,0.0009990000000001942
23260000,11195,-10738,124471,6610,-13839,127062,158,19238,647,0,12568,0.0009999999999976694
23261000,8922,-305,131261,16464,-4531,130931,103,19238,647,0,12569,0.0010000000000012221
23262000,-161,-6366,129565,-5513,-10041,130960,107,19230,422,0,12570,0.0010000000000012221
23263001,2674,10326,133146,-21935,7383,124032,107,19225,438,1,12571,0.0010009999999986974
23264000,-7173,-2866,131538,7569,-5630,137909,140,19228,573,1,12572,0.0009990000000001942
23265006,-3852,1110,129446,-411,-1534,122923,107,19233,438,1,12573,0.0010060000000002844
23266000,-18,-4203,128546,-25541,-8209,129220,110,19220,451,0,12574,0.0009939999999986071
23267000,-612,-3980,129934,5388,-7229,130766,102,19220,451,0,12575,0.0010000000000012221
23268000,568,3071,130911,4333,-1013,127690,113,19226,418,0,12576,0.0010000000000012221
23269000,-9044,-1685,129762,-18713,-5122,129175,113,19229,463,0,12577,0.0009999999999976694
23270000,-8941,8363,131661,-15383,4409,127162,131,19220,537,1,12578,0.0010000000000012221
23271000,-8122,5419,129848,-5593,1470,133215,117,19228,479,1,12579,0.0009999999999976694
23272000,-2102,6388,128222,-5416,2960,119449,103,19228,422,1,12580,0.0010000000000012221
23273000,-3315,-3885,127515,-10183,-4975,132500,144,19228,422,0,12581,0.0010000000000012221
23274000,-3887,848,125073,-9617,-7445,126634,102,19220,590,0,12582,0.0009999999999976694
23275000,-67,5306,129661,-3138,4310,125653,102,19232,418,0,12583,0.0010000000000012221
23276000,-7611,60,126384,-6678,-6662,130413,105,19225,430,1,12584,0.0010000000000012221
23277000,-5149,12946,128670,-15146,11702,116645,129,19228,528,1,12585,0.0009999999999976694
23278000,-7939,-1785,125560,-7582,-109,127093,115,19230,471,1,12586,0.0010000000000012221
23279000,416,8579,124495,-4030,-1665,114958,110,19230,451,0,12587,0.0010000000000012221
23280000,1207,3049,126680,-8525,400,129987,90,19224,451,0,12588,0.0009999999999976694
23281001,-1570,-4463,122553,4123,-7437,123690,110,19228,369,0,12589,0.00100100000000225
23282001,5292,-4971,125515,-11532,-5737,136966,110,19225,451,0,12590,0.0009999999999976694
23283001,-5917,11848,126761,-1365,16173,115632,122,19220,500,1,12591,0.0010000000000012221
23284000,1012,20515,127496,295,11111,122403,111,19228,455,1,12592,0.0009990000000001942
23285000,4884,295,123372,-6562,-1878,130601,99,19228,405,1,12593,0.0010000000000012221
23286000,7796,-737,123471,11337,3193,120563,127,19230,405,0,12594,0.0009999999999976694
23287000,11885,-1840,123660,4716,-7737,125769,108,19229,520,0,12595,0.0010000000000012221
23288000,2350,1459,125750,11954,-2047,122359,108,19225,442,0,12596,0.0010000000000012221
23289000,5853,-6284,125912,-4123,-13125,135820,113,19225,463,1,12597,0.0009999999999976694
23290002,-2836,4088,129166,-3612,8789,118335,148,19232,606,1,12598,0.0010019999999997253
23291003,4592,16318,130449,4836,4396,126557,110,19229,451,1,12599,0.00100100000000225
23292000,7797,2139,124704,10776,-2961,123584,98,19229,451,1,12600,0.0009969999999981383
23293000,8029,-357,126655,-7776,-437,123532,123,19227,401,0,12601,0.0010000000000012221
23294000,13226,-14122,126905,18481,-20774,143061,123,19232,504,0,12602,0.0010000000000012221
23295000,1515,-1470,125002,17683,3359,116110,107,19229,438,0,12603,0.0009999999999976694
23296000,5642,9534,130492,-25438,4515,134134,113,19218,463,1,12604,0.0010000000000012221
23297000,3819,6096,128170,6396,2491,126974,110,19227,451,1,12605,0.0010000000000012221
23298002,3914,10986,129079,16244,4509,126423,102,19227,451,1,12606,0.0010019999999997253
23299000,3579,-3667,129312,-9627,-8973,129164,124,19230,418,0,12607,0.0009979999999991662
23300000,8263,-13497,126870,1853,-16058,129597,124,19219,508,0,12608,0.0010000000000012221
23301000,6431,132,131342,22619,-5958,137150,99,19231,405,0,12609,0.0009999999999976694
23302000,6,5138,129839,-20120,2382,120959,109,19223,446,0,12610,0.0010000000000012221
23303000,-1872,14591,138958,-16820,10872,125616,141,19224,577,1,12611,0.0009999999999976694
23304000,-5446,4681,129882,13379,1024,126449,112,19224,577,1,12612,0.0010000000000012221
23305000,-6297,-6881,129680,-11473,-10732,134366,97,19232,459,1,12613,0.0010000000000012221
23306000,322,-8735,129431,-17269,-12445,131713,97,19224,397,0,12614,0.0009999999999976694
23307000,-1942,7024,130198,7829,3689,117614,138,19235,565,0,12615,0.0010000000000012221
23308000,-715,2602,130130,-2570,-878,129078,112,19232,459,0,12616,0.0010000000000012221
23309003,-8190,-1892,131110,-22834,-4501,130915,116,19220,475,1,12617,0.0010030000000007533
23310000,-7534,4017,129513,-9136,1389,131916,126,19220,475,1,12618,0.0009969999999981383
23311000,-9015,14700,130880,-5834,11743,122268,107,19227,516,1,12619,0.0010000000000012221
23312001,-2862,5951,128535,-11342,3786,124518,107,19231,438,1,12620,0.0010009999999986974
23313000,-2541,-4464,126150,-7332,-5531,130768,115,19215,471,0,12621,0.0009990000000001942
23314000,-3415,-9471,123886,-5265,-14440,132539,103,19233,422,0,12622,0.0010000000000012221
23315000,-1359,10202,131042,-6467,5882,123772,105,19234,430,0,12623,0.0009999999999976694
23316000,-5982,15228,126890,-9264,14758,117593,134,19234,430,1,12624,0.0010000000000012221
23317001,-6003,548,127129,-11546,-1226,131657,119,19222,549,1,12625,0.0010009999999986974
23318000,-5275,1972,126925,-8211,-3565,129887,119,19228,487,1,12626,0.0009990000000001942
23319000,-289,11588,126127,-2922,8971,118578,103,19234,422,0,12627,0.0010000000000012221
23320003,-346,3139,125661,1573,3534,122702,130,19232,532,0,12628,0.0010030000000007533
23321002,91,-10830,124204,-8689,-12482,130530,115,19228,471,0,12629,0.0009990000000001942
23322000,-971,2376,126548,-4182,-1335,130925,117,19228,479,0,12630,0.0009979999999991662
23323000,-2886,19990,126545,-764,14228,116428,150,19224,479,1,12631,0.0010000000000012221
23324000,-973,15953,126350,-2942,9403,123682,111,19226,614,1,12632,0.0009999999999976694
23325000,4057,-2440,121478,6692,-4237,125459,111,19237,455,1,12633,0.0010000000000012221
23326001,11505,940,122995,-5641,-6947,126917,104,19224,426,0,12634,0.0010009999999986974
23327000,10751,1257,123979,16134,-5841,117461,88,19230,360,0,12635,0.0009990000000001942
23328000,9171,-5719,125720,12744,-5458,131288,111,19230,455,0,12636,0.0010000000000012221
23329000,2479,-12410,125763,-6317,-10310,133113,130,19228,455,1,12637,0.0010000000000012221
23330000,2288,11612,129986,2421,13992,121477,115,19224,532,1,12638,0.0009999999999976694
23331000,2965,9568,127789,6244,3888,119740,115,19229,471,1,12639,0.0010000000000012221
23332000,5228,11325,126574,3617,3345,122883,97,19229,397,1,12640,0.0009999999999976694
23333000,12371,-5846,125943,1529,-17111,135334,137,19230,561,0,12641,0.0010000000000012221
23334000,7712,-14527,126039,20622,-12136,125959,101,19230,414,0,12642,0.0010000000000012221
23335001,6371,26,130045,-5264,282,128557,103,19232,414,0,12643,0.0010009999999986974
23336000,996,3758,130152,-7730,376,128806,136,19228,422,1,12644,0.0009990000000001942
23337000,947,17156,130394,9961,14338,126488,136,19226,557,1,12645,0.0010000000000012221
23338000,2402,2816,128350,-1895,-5024,133652,112,19232,459,1,12646,0.0009999999999976694
23339000,6161,-2040,126724,-5924,-3520,121974,104,19223,426,0,12647,0.0010000000000012221
23340000,13618,-8846,129908,19994,-12490,127920,128,19230,524,0,12648,0.0010000000000012221
23341001,4773,-13252,127757,9702,-17506,140369,109,19230,524,0,12649,0.0010009999999986974
23342001,1458,5306,131556,-29467,6736,122450,121,19231,446,0,12650,0.0010000000000012221
23343000,-7367,11846,132494,1027,9660,127904,121,19220,496,1,12651,0.0009990000000001942
23344000,-6988,7456,130149,5336,1774,126861,110,19228,451,1,12652,0.0009999999999976694
23345000,-2865,-8604,129050,-21071,-12236,133913,101,19230,414,1,12653,0.0010000000000012221
23346000,2062,-11462,128000,-1948,-13804,133987,127,19228,520,0,12654,0.0010000000000012221
23347000,8348,8329,129822,8232,5688,117844,101,19228,520,0,12655,0.0009999999999976694
23348000,-6120,1517,131755,-8613,-3799,133852,108,19228,414,0,12656,0.0010000000000012221
23349000,-6055,-3607,129642,-19760,-7214,128046,108,19226,442,1,12657,0.0010000000000012221
23350003,-11079,5318,131511,-7646,1876,133795,152,19226,623,1,12658,0.0010029999999972006
23351000,-9441,19677,133024,-11784,19239,123412,113,19232,463,1,12659,0.000997000000001691
23352002,-2692,11618,129656,-6124,8088,118635,102,19225,418,1,12660,0.0010019999999997253
23353000,-5495,-13638,124969,-9356,-17733,139509,155,19225,418,0,12661,0.0009979999999991662
23354000,3076,-438,127501,-8821,-2766,123079,102,19234,635,0,12662,0.0010000000000012221
23355000,-3070,2334,127116,-770,-1193,131055,102,19230,418,0,12663,0.0010000000000012221
23356000,-4047,22939,130267,-8290,20318,115471,110,19222,451,1,12664,0.0009999999999976694
23357000,-9805,3246,125732,-15997,612,126679,108,19227,442,1,12665,0.0010000000000012221
23358000,-286,-3454,126071,-8960,-7338,133796,105,19232,430,1,12666,0.0010000000000012221
23359005,2695,-395,123141,7880,-3317,119304,123,19232,430,0,12667,0.0010049999999992565
23360000,445,727,125409,-3357,-1219,127345,99,19225,504,0,12668,0.000994999999999635
23361001,2752,5681,125261,-7946,3100,118885,99,19225,405,0,12669,0.0010009999999986974
23362000,-2778,-1749,126187,1110,-3986,130961,108,19229,442,0,12670,0.0009990000000001942
23363002,-879,13779,126483,-3450,10023,123405,140,19222,573,1,12671,0.0010019999999997253
23364000,-4799,17126,125834,-2689,15335,116614,112,19232,459,1,12672,0.0009979999999991662
23365000,6004,5510,125935,3292,2489,130517,97,19232,397,1,12673,0.0010000000000012221
23366000,11115,-7429,122809,3037,-10348,123815,109,19229,397,0,12674,0.0010000000000012221
23367000,7836,4456,126355,11403,-4023,128049,110,19231,446,0,12675,0.0009999999999976694
23368000,6161,1724,124353,5132,-4799,121040,110,19225,451,0,12676,0.0010000000000012221
23369000,2913,202,126925,-368,-5417,130309,115,19220,471,1,12677,0.0010000000000012221
23370000,4275,9250,127902,2361,5539,128636,120,19230,491,1,12678,0.0009999999999976694
23371000,8305,4774,124485,3049,521,122567,103,19230,422,1,12679,0.0010000000000012221
23372000,10980,7295,128248,8186,6094,120494,113,19232,422,0,12680,0.0010000000000012221
23373000,11410,-7956,124796,3916,-10416,127374,91,19218,463,0,12681,0.0009999999999976694
23374001,7794,-16217,128570,11843,-17760,140968,91,19229,373,0,12682,0.00100100000000225
23375000,1849,-192,128008,5450,-7708,123435,104,19228,426,0,12683,0.0009990000000001942
23376000,2019,14504,130959,-11516,6297,128204,128,19226,524,1,12684,0.0009999999999976694
23377000,823,12047,130031,8607,7768,124945,114,19226,467,1,12685,0.0010000000000012221
23378001,3750,-670,129051,6291,-11100,132748,100,19229,467,1,12686,0.0010009999999986974
23379000,9900,-3322,129281,-9366,-9344,126577,157,19226,410,0,12687,0.0009990000000001942
23380001,7098,-2355,129847,12052,-2599,128293,157,19233,643,0,12688,0.00100100000000225
23381000,4967,-1659,128458,-7729,-3474,129502,106,19229,434,0,12689,0.0009990000000001942
23382000,1367,4842,132747,-18753,1952,128345,109,19229,446,1,12690,0.0009999999999976694
23383000,-4562,867,132712,9756,-2885,133379,140,19230,573,1,12691,0.0010000000000012221
23384000,-8606,4337,131006,-5666,609,123792,106,19230,573,1,12692,0.0010000000000012221
23385000,-1770,473,130938,-28162,-3411,130736,109,19232,434,1,12693,0.0009999999999976694
23386001,3744,-6414,129042,10444,-6428,133889,109,19223,446,0,12694,0.00100100000000225
23387000,2755,-1820,127029,1037,-2217,125107,95,19228,389,0,12695,0.0009990000000001942
23388000,-6545,6943,131622,-20502,5678,128530,112,19226,459,0,12696,0.0009999999999976694
23389010,-6096,2040,130120,-8408,-2732,129536,129,19221,528,1,12697,0.0010100000000008436
23390000,-6496,871,130373,-6898,642,135772,116,19221,528,1,12698,0.0009900000000016007
23391000,-10179,4476,130815,-14319,4598,125072,99,19229,475,1,12699,0.0009999999999976694
23392000,-4231,6026,127945,-12366,738,119580,99,19228,405,0,12700,0.0010000000000012221
23393000,-4963,-3620,126913,-4328,-9666,133822,142,19222,582,0,12701,0.0010000000000012221
23394001,-2248,-6461,126699,-1710,-8901,128782,105,19229,430,0,12702,0.0010009999999986974
23395000,-4431,5861,127564,-11557,2191,124970,109,19227,446,0,12703,0.0009990000000001942
23396000,-9141,10819,128341,-13076,6494,120707,135,19227,446,1,12704,0.0009999999999976694
23397000,-5952,13259,130014,-15040,10407,123936,113,19229,553,1,12705,0.0010000000000012221
23398000,-2249,4602,125266,5063,1133,130091,113,19234,463,1,12706,0.0010000000000012221
23399000,-2517,5871,124396,-10630,3360,119508,109,19228,446,0,12707,0.0009999999999976694
23400000,3543,3770,124778,-6820,364,125835,88,19231,360,0,12708,0.0010000000000012221
23401000,4458,3888,125786,10635,970,124151,109,19226,446,0,12709,0.0010000000000012221
23402001,1569,-8458,125584,-5026,-10826,129793,123,19226,446,1,12710,0.0010009999999986974
23403000,-7342,7403,126855,-7220,4093,121494,110,19220,504,1,12711,0.0009990000000001942
23404000,2737,16594,125650,-6454,14267,117678,110,19231,451,1,12712,0.0010000000000012221
23405000,4887,7146,124540,10159,5005,126635,99,19228,405,0,12713,0.0009999999999976694
23406002,4367,257,123686,6805,-2003,121429,128,19231,524,0,12714,0.0010019999999997253
23407000,7656,-5634,124433,-5245,-8941,127312,108,19228,442,0,12715,0.000998000000002719
23408000,6028,-45,127419,9552,-4174,125315,114,19228,442,0,12716,0.0009999999999976694
23409001,5722,2738,128124,8036,-3848,131116,144,19228,467,1,12717,0.00100100000000225
23410002,743,11563,127266,-8340,12521,118122,144,19228,590,1,12718,0.0010009999999986974
23411001,8899,-460,125398,2095,-3740,128931,109,19232,446,1,12719,0.0009990000000001942
23412000,11643,-5679,123469,18234,-12817,127926,101,19223,414,0,12720,0.0009990000000001942
23413000,7973,4367,125780,863,1550,118281,123,19233,504,0,12721,0.0010000000000012221
23414001,9083,-7586,127213,7465,-7855,134347,108,19233,442,0,12722,0.0010009999999986974
23415000,4165,-6889,127664,1624,-13453,129639,111,19228,442,0,12723,0.0009990000000001942
23416000,2011,12495,133816,2521,5754,129147,106,19220,455,1,12724,0.0010000000000012221
23417001,-1645,11332,129347,-240,8915,125989,106,19231,434,1,12725,0.0010009999999986974
23418001,2860,4650,129455,-2081,4245,123632,104,19231,426,1,12726,0.0010000000000012221
23419000,8439,-12221,127249,3066,-13778,133044,124,19224,508,0,12727,0.0009990000000001942
23420001,11571,-12553,129066,10527,-17534,133516,111,19224,455,0,12728,0.0010009999999986974
23421000,3949,-5822,127819,11906,-14468,123501,110,19226,455,0,12729,0.0009990000000001942
23422000,-1551,7355,133434,-22005,6415,125165,142,19224,451,1,12730,0.0010000000000012221
23423000,-5182,833,130497,-8211,5976,138279,142,19223,582,1,12731,0.0009999999999976694
23424000,-6332,-2928,130780,5458,-4476,129891,112,19229,459,1,12732,0.0010000000000012221
23425000,-5815,-614,128732,-10742,-6348,128062,100,19223,410,1,12733,0.0010000000000012221
23426000,2663,-1410,128319,-13773,-701,126294,137,19223,561,0,12734,0.0009999999999976694
23427012,2460,9408,132807,7420,2585,125442,109,19231,561,0,12735,0.0010119999999993468
23428000,-1857,-2074,129519,-11550,-5484,134799,113,19229,446,0,12736,0.0009879999999995448
23429001,-10747,4432,130565,-21084,4714,124434,113,19221,463,1,12737,0.00100100000000225
23430000,-9030,6716,130905,-9335,4734,127094,122,19231,500,1,12738,0.0009990000000001942
23431000,-4053,9460,129813,-3739,6458,126683,105,19230,430,1,12739,0.0009999999999976694
23432000,-4247,-3111,128148,-8160,-11531,134918,114,19216,467,0,12740,0.0010000000000012221
23433000,-4821,3491,124951,-13277,3281,118408,102,19216,467,0,12741,0.0010000000000012221
23434000,-696,5272,127948,-2791,2383,125232,103,19233,418,0,12742,0.0009999999999976694
23435000,-1700,-2229,128600,-1650,-4463,131467,103,19227,422,1,12743,0.0010000000000012221
23436000,-7769,10168,127441,-15996,9376,121855,130,19228,532,1,12744,0.0010000000000012221
23437000,-7754,6865,127428,-14886,3723,126970,117,19230,479,1,12745,0.0009999999999976694
23438000,45,6428,126281,1127,1297,121815,101,19221,414,1,12746,0.0010000000000012221
23439000,2788,-1863,126381,4281,-8106,129255,132,19221,414,0,12747,0.0010000000000012221
23440000,47,-1198,123767,-6213,-3338,124602,115,19231,541,0,12748,0.0009999999999976694
23441000,812,11404,128438,-9749,8379,123048,115,19228,471,0,12749,0.0010000000000012221
23442000,230,12072,125132,2401,9608,124206,112,19225,459,1,12750,0.0010000000000012221
23443001,-3698,8408,126356,-2489,3863,125387,152,19228,623,1,12751,0.0010009999999986974
23444000,2892,1056,125711,-3769,-2647,131927,107,19229,438,1,12752,0.0009990000000001942
23445001,6091,14873,125149,7411,12234,117686,104,19229,438,0,12753,0.0010009999999986974
23446001,9276,1209,123829,7471,-2854,124831,87,19225,426,0,12754,0.0010000000000012221
23447000,10270,-5272,125778,1633,-9132,123979,87,19228,356,0,12755,0.0009990000000001942
23448000,4061,-324,126450,9609,-3061,128166,108,19228,442,0,12756,0.0010000000000012221
23449000,2932,9411,126550,-769,6531,124411,129,19224,528,1,12757,0.0009999999999976694
23450000,4564,11669,130905,458,8569,122769,113,19229,463,1,12758,0.0010000000000012221
23451000,9516,-1781,124185,10708,-4042,129157,98,19229,463,1,12759,0.0010000000000012221
23452000,9997,526,125230,4700,-3498,123353,139,19226,401,0,12760,0.0009999999999976694
23453000,10875,-55,129251,4467,-2851,127474,139,19226,569,0,12761,0.0010000000000012221
23454001,7279,-10085,125391,13768,-13190,131385,101,19229,414,0,12762,0.0010009999999986974
23455001,1632,3671,130594,-2885,-1294,124776,102,19228,418,1,12763,0.0010000000000012221
23456000,485,1660,130629,-2941,-2175,130583,131,19228,537,1,12764,0.0009990000000001942
23457000,-319,9296,129915,3490,11213,121958,110,19228,451,1,12765,0.0009999999999976694
23458001,6699,-2340,127574,-211,-3236,129464,106,19229,451,1,12766,0.00100100000000225
23459000,7767,-10139,128545,1908,-12647,132530,121,19218,434,0,12767,0.0009990000000001942
23460000,8176,-1288,129617,15277,-5063,124832,121,19227,496,0,12768,0.0009999999999976694
23461000,1606,-3822,129653,2598,-7941,137658,103,19230,422,0,12769,0.0010000000000012221
23462000,1947,9727,132274,-16433,4031,125578,117,19221,479,1,12770,0.0010000000000012221
23463002,-7129,11895,133420,-2280,8352,125102,113,19221,463,1,12771,0.0010019999999997253
23464006,-3227,-4290,128635,2114,-4211,132458,98,19229,463,1,12772,0.0010039999999982285
23465002,-856,-10578,129260,-15081,-16736,133288,131,19229,401,0,12773,0.000996000000000663
23466000,-1786,-861,129072,-3350,-7093,121658,131,19228,537,0,12774,0.0009979999999991662
23467000,1192,5563,130579,-2165,1610,125367,102,19232,418,0,12775,0.0010000000000012221
23468000,-8435,-4774,130910,-10299,-3401,145010,108,19223,442,0,12776,0.0010000000000012221
23469000,-5401,182,129073,-15090,-4864,119298,147,19223,602,1,12777,0.0009999999999976694
23470000,-11274,12226,130218,-8582,10335,128625,117,19229,602,1,12778,0.0010000000000012221
23471000,-2448,9945,130971,-11914,7946,122737,104,19231,479,1,12779,0.0010000000000012221
23472003,-3989,958,128405,-8059,-7944,133183,104,19218,426,0,12780,0.0010029999999972006
23473000,-2536,-7487,124698,-8174,-8521,131436,142,19234,582,0,12781,0.000997000000001691
23474000,-3515,9657,127301,-2622,11141,116270,102,19231,418,0,12782,0.0010000000000012221
23475000,-3167,3949,128268,-14748,6807,131207,115,19220,471,1,12783,0.0009999999999976694
23476000,-4157,7901,127006,-506,4860,122403,111,19220,471,1,12784,0.0010000000000012221
23477000,-8809,1212,127690,-10077,-3508,134167,109,19229,455,1,12785,0.0010000000000012221
23478000,-2126,4864,124355,-9966,5747,116088,109,19227,446,0,12786,0.0009999999999976694
23479000,-1349,7480,127314,1609,934,123573,126,19228,516,0,12787,0.0010000000000012221
23480001,4601,-7603,125489,3875,-9621,137190,100,19225,410,0,12788,0.0010009999999986974
23481000,-992,5935,124272,-6089,4505,119375,108,19230,442,0,12789,0.0009990000000001942
23482003,-1839,7879,126758,-8055,7025,128213,143,19230,442,1,12790,0.0010030000000007533
23483000,-472,15602,125737,3816,12576,116679,115,19226,586,1,12791,0.000997000000001691
23484000,3624,7420,124488,-1684,5640,134034,115,19232,471,1,12792,0.0009999999999976694
23485000,7146,-4165,122261,2491,-5944,122898,98,19224,401,0,12793,0.0010000000000012221
23486001,8636,4399,124644,8348,274,118598,109,19230,446,0,12794,0.0010009999999986974
23487000,9824,-2701,125330,8312,-9115,130684,112,19227,459,0,12795,0.0009990000000001942
23488000,5099,-1845,127324,5670,-4644,125796,117,19227,459,0,12796,0.0010000000000012221
23489000,1121,3380,127867,-2026,1436,129960,121,19220,479,1,12797,0.0009999999999976694
23490000,551,19728,127908,1896,16017,116219,121,19228,496,1,12798,0.0010000000000012221
23491000,7878,7556,124685,2579,3825,123411,104,19232,426,1,12799,0.0010000000000012221
23492000,10322,-3039,127141,10615,-4012,126670,114,19226,467,0,12800,0.0009999999999976694
23493002,10312,1770,126429,2459,-1813,129172,104,19227,426,0,12801,0.001002000000003278
23494000,8428,-6468,128146,12020,-10414,135688,110,19227,426,0,12802,0.0009979999999991662
23495000,5298,1081,131216,5369,-2575,125443,133,19227,451,1,12803,0.0009999999999976694
23496000,1529,2441,129783,-9547,-1960,133211,133,19223,545,1,12804,0.0010000000000012221
23497000,-112,15262,131404,3734,12657,118091,114,19232,467,1,12805,0.0010000000000012221
23498001,7318,-4581,126700,6050,-8136,130885,103,19228,422,1,12806,0.0010009999999986974
23499000,7630,-10803,127124,787,-14704,130777,157,19237,643,0,12807,0.0009990000000001942
23500000,5559,-3743,130512,12292,-7121,127968,105,19237,643,0,12808,0.0010000000000012221
23501000,2008,-3308,129723,-3150,-8569,133112,106,19229,430,0,12809,0.0009999999999976694
23502000,-256,18343,135529,-16863,15406,119338,129,19221,434,1,12810,0.0010000000000012221
23503000,-9070,-2523,130352,-301,-7695,137890,129,19226,528,1,12811,0.0010000000000012221
23504000,-6017,3467,129200,2080,3229,121792,103,19228,422,1,12812,0.0009999999999976694
23505002,1485,-10970,128461,-27861,-14680,134753,108,19220,442,0,12813,0.0010019999999997253
23506000,2169,3841,131491,6256,-3416,128380,87,19220,356,0,12814,0.000998000000002719
23507000,-357,2794,129425,11813,856,123327,109,19230,356,0,12815,0.0009999999999976694
23508000,-8016,3528,132130,-26190,1569,133680,129,19232,446,1,12816,0.0010000000000012221
23509002,-11112,1861,130365,-17433,-283,129286,129,19221,528,1,12817,0.0010019999999997253
23510002,-8004,7985,129465,-1030,3387,128874,113,19228,463,1,12818,0.0010000000000012221
23511002,-4283,12908,130345,-8856,13085,119073,98,19228,401,1,12819,0.0009999999999976694
23512002,-3278,-8694,124702,-14164,-10166,130474,145,19228,594,0,12820,0.0010000000000012221
23513000,-1145,-4275,126308,-6250,-10256,123401,104,19225,594,0,12821,0.0009979999999991662
23514000,233,6342,127708,-2954,1161,126491,107,19228,426,0,12822,0.0010000000000012221
23515000,-4140,7872,128412,-8192,3384,121842,107,19226,438,1,12823,0.0010000000000012221
23516000,-9315,4105,127374,-14885,4346,128143,135,19228,553,1,12824,0.0009999999999976694
23517000,-4143,2704,127877,-16105,-473,132925,113,19227,463,1,12825,0.0010000000000012221
23518000,-657,9505,124944,8143,4703,117768,107,19223,438,0,12826,0.0010000000000012221
23519002,-2110,-4294,124246,-404,-4990,127208,93,19223,438,0,12827,0.0010019999999997253
23520002,2096,-2245,125329,-14443,-4767,123459,109,19228,381,0,12828,0.0009999999999976694
23521002,777,5688,126447,-2315,-1686,129800,109,19225,446,0,12829,0.0010000000000012221
23522000,-3505,11499,126104,2739,9461,123713,122,19215,500,1,12830,0.0009979999999991662
23523000,-5202,13889,126196,-14319,10346,116491,110,19232,451,1,12831,0.0010000000000012221
23524002,6350,5762,123809,-372,2973,128685,97,19231,397,1,12832,0.0010019999999997253
23525000,10801,5041,123831,17543,357,123227,126,19231,397,0,12833,0.0009979999999991662
23526000,13150,-3174,121453,5801,-12206,127671,106,19233,516,0,12834,0.0010000000000012221
23527000,4777,2089,124767,3504,2650,118328,106,19228,434,0,12835,0.0009999999999976694
23528000,6485,-2460,127170,-865,-2873,130580,113,19225,463,1,12836,0.0010000000000012221
23529002,4374,-3809,127618,8478,-1629,130032,140,19228,573,1,12837,0.0010019999999997253
23530000,506,19495,127757,1455,14547,115908,112,19232,459,1,12838,0.0009979999999991662
23531001,6730,3753,124031,-1822,-259,127231,98,19232,459,1,12839,0.00100100000000225
23532001,12257,-3070,127000,12729,-7670,124437,132,19223,401,0,12840,0.0009999999999976694
23533000,11127,-14856,126784,13537,-18198,138050,132,19229,541,0,12841,0.0009990000000001942
23534000,3862,-72,129625,-934,-1198,124415,113,19234,463,0,12842,0.0010000000000012221
23535000,1954,16563,131627,-6334,12122,122331,116,19221,475,1,12843,0.0010000000000012221
23536000,2485,12746,129847,5618,7360,131880,108,19230,442,1,12844,0.0009999999999976694
23537001,212,-4166,127422,2460,-6410,129016,105,19230,442,1,12845,0.00100100000000225
23538000,9520,-11047,127985,-1030,-16318,133818,123,19230,430,0,12846,0.0009990000000001942
23539000,10021,3228,127367,10854,1050,121395,123,19222,504,0,12847,0.0009999999999976694
23540003,5818,1131,129640,13084,-2647,130082,97,19234,397,0,12848,0.0010030000000007533
23541000,2014,-6169,130427,-24265,-9851,131217,103,19228,422,0,12849,0.000997000000001691
23542000,-3983,12655,134446,139,9838,123952,140,19224,573,1,12850,0.0009999999999976694
23543000,-8632,-1394,129407,6065,-4839,133014,111,19224,573,1,12851,0.0010000000000012221
23544000,-3555,-973,131467,-22315,-3602,127342,98,19229,455,1,12852,0.0010000000000012221
23545000,1776,-10712,128779,-4779,-15031,138240,98,19232,401,0,12853,0.0009999999999976694
23546000,3265,7988,130107,9589,2822,120024,125,19229,512,0,12854,0.0010000000000012221
23547000,-5108,1194,129518,-10050,-1727,123898,108,19227,442,0,12855,0.0010000000000012221
23548000,-6517,-590,130790,-16035,-2574,130343,117,19222,479,1,12856,0.0009999999999976694
23549000,-9063,-3233,129055,-11412,-5383,135213,121,19222,496,1,12857,0.0010000000000012221
23550000,-9876,7114,132771,-826,3014,128550,104,19228,496,1,12858,0.0010000000000012221
23551000,-3210,12344,129241,-19424,13581,117672,114,19235,426,1,12859,0.0009999999999976694
23552000,-4678,-9094,125136,-2957,-9850,131876,114,19219,467,0,12860,0.0010000000000012221
23553000,449,-5788,127006,-304,-9532,133553,87,19230,356,0,12861,0.0009999999999976694
23554000,-3265,10726,127261,-15239,5125,120623,104,19224,426,0,12862,0.0010000000000012221
23555000,-7100,18370,130010,-2950,16332,120152,136,19224,557,1,12863,0.0010000000000012221
23556000,-5013,2821,125508,-13154,-1574,132081,115,19224,557,1,12864,0.0009999999999976694
23557000,-6693,-224,125989,-8791,-5674,129529,102,19228,471,1,12865,0.0010000000000012221
23558000,2373,8351,126063,-1645,3701,124844,102,19225,418,0,12866,0.0010000000000012221
23559000,1554,2450,123880,-3073,3615,119426,131,19232,537,0,12867,0.0009999999999976694
23560000,3052,-1632,125210,-2738,-2110,129585,108,19226,442,0,12868,0.0010000000000012221
23561000,-1714,-2991,124643,-6832,-4595,127555,114,19226,467,0,12869,0.0010000000000012221
23562000,-4069,7406,127000,5435,7400,122173,140,19220,467,1,12870,0.0009999999999976694
23563000,1064,10599,127305,-6543,15298,121809,104,19230,573,1,12871,0.0010000000000012221
23564000,2390,849,123436,577,1527,129528,104,19234,426,1,12872,0.0010000000000012221
23565005,7635,9519,127150,5159,-2932,118920,106,19224,434,0,12873,0.0010049999999992565
23566000,8826,388,123449,3326,-3492,124669,91,19232,373,0,12874,0.000994999999999635
23567000,4784,-747,127621,15314,-2523,129422,114,19227,467,0,12875,0.0010000000000012221
23568000,4884,3847,125530,246,2578,121790,133,19227,467,1,12876,0.0009999999999976694
23569000,1214,9536,128705,3517,6413,128318,113,19225,545,1,12877,0.0010000000000012221
23570002,9422,5916,125625,9702,985,124891,113,19229,463,1,12878,0.0010019999999997253
23571002,9326,4346,126059,5631,2124,123036,98,19230,401,1,12879,0.0010000000000012221
23572000,10767,5220,127247,3888,-1061,125472,141,19232,577,0,12880,0.0009979999999991662
23573000,9824,-16333,125284,16468,-22029,135367,102,19224,418,0,12881,0.0010000000000012221
23574000,2343,5191,132065,-2818,1146,128438,106,19224,418,0,12882,0.0009999999999976694
23575000,4720,4239,127623,-6855,4065,125508,130,19226,434,1,12883,0.0010000000000012221
23576000,163,12957,131785,9448,12123,120921,130,19227,532,1,12884,0.0010000000000012221
23577000,4827,7286,128678,-776,-1237,132778,111,19231,455,1,12885,0.0009999999999976694
23578000,7473,-12373,124087,-5991,-13301,131022,105,19221,430,0,12886,0.0010000000000012221
23579000,8082,-536,132783,16610,-1432,124339,107,19230,438,0,12887,0.0010000000000012221
23580000,7045,-6139,128545,10719,-9255,134309,106,19230,438,0,12888,0.0009999999999976694
23581000,-749,3790,133849,-19894,2195,124152,119,19229,434,0,12889,0.0010000000000012221
23582000,-3824,3493,133882,-6926,-1914,139300,119,19219,487,1,12890,0.0009999999999976694
23583000,-8628,11669,130184,6471,12111,123029,114,19234,467,1,12891,0.0010000000000012221
23584001,-2608,5030,130003,-18374,-234,125670,100,19231,410,1,12892,0.00100100000000225
23585002,-464,-7160,127125,-6601,-10472,134658,132,19228,541,0,12893,0.0010009999999986974
23586002,6643,2334,130379,10169,-1282,128191,104,19228,541,0,12894,0.0010000000000012221
23587000,-5074,5885,131811,-8069,3733,127310,112,19227,426,0,12895,0.0009979999999991662
23588000,-5589,5963,132417,-20812,3181,127616,112,19221,459,1,12896,0.0009999999999976694
23589000,-8082,76,128657,-6937,-2127,133443,149,19230,610,1,12897,0.0010000000000012221
23590000,-7770,4509,128950,-8411,483,129882,116,19232,475,1,12898,0.0010000000000012221
23591000,-2549,10398,129333,-9998,9049,118016,106,19224,434,1,12899,0.0009999999999976694
23592000,-5577,-7885,125109,-9108,-11350,132516,148,19224,606,0,12900,0.0010000000000012221
23593000,859,-9619,125799,-6523,-13896,128980,113,19229,606,0,12901,0.0010000000000012221
23594000,-3174,8950,129474,-5829,5264,124042,122,19229,463,0,12902,0.0009999999999976694
23595000,-5316,13259,128136,-9011,10515,123044,122,19223,500,1,12903,0.0010000000000012221
23596000,-10643,7429,127412,-6260,3204,124834,113,19228,463,1,12904,0.0010000000000012221
23597000,-1304,12068,127205,-19638,9854,121787,109,19231,446,1,12905,0.0009999999999976694
23598001,-140,2469,124585,8250,-1983,127259,127,19231,520,0,12906,0.00100100000000225
23599000,2056,-2260,126084,477,-4072,124158,101,19227,520,0,12907,0.0009990000000001942
23600000,1758,-3092,125996,-8738,-8498,133286,108,19229,414,0,12908,0.0009999999999976694
23601001,-487,8649,126350,4302,3459,117176,108,19228,442,0,12909,0.00100100000000225
23602000,-407,8420,126065,-5957,8321,124936,145,19226,594,1,12910,0.0009990000000001942
23603000,-4382,5998,123123,-1797,4180,124342,114,19230,467,1,12911,0.0009999999999976694
23604000,6570,4365,123898,-3548,4495,120183,98,19230,401,1,12912,0.0010000000000012221
23605000,6228,914,125456,9227,908,125818,111,19228,401,0,12913,0.0010000000000012221
23606000,9866,-6176,124421,11555,-6828,124758,110,19230,455,0,12914,0.0009999999999976694
23607000,3892,-7020,125931,-1311,-10576,125128,110,19227,451,0,12915,0.0010000000000012221
23608002,3104,9948,129285,2051,6933,123500,115,19223,471,1,12916,0.0010019999999997253
23609002,3739,6603,127311,1620,7573,131172,120,19230,491,1,12917,0.0010000000000012221
23610000,2079,6832,124431,5949,1969,121835,104,19230,426,1,12918,0.0009979999999991662
23611000,13805,-2447,125842,-5675,-2773,130218,117,19230,426,0,12919,0.0010000000000012221
23612001,9092,1948,126942,15754,-2380,123191,92,19218,479,0,12920,0.0010009999999986974
23613001,7616,-8617,125534,20834,-16906,133238,92,19230,377,0,12921,0.0010000000000012221
23614000,5398,-3406,130119,-11072,932,129214,103,19233,422,0,12922,0.0009989999999966415
23615000,1559,16032,131443,-4471,9485,128124,125,19227,512,1,12923,0.0010000000000012221
23616000,2770,10200,129658,7987,5852,123998,115,19229,471,1,12924,0.0010000000000012221
23617000,1033,6931,130346,-13057,297,123359,101,19229,471,1,12925,0.0009999999999976694
23618002,13244,-19050,126576,5372,-21956,142444,161,19228,414,0,12926,0.001002000000003278
23619001,8579,706,128833,29369,5409,122239,161,19229,659,0,12927,0.0009989999999966415
23620000,4733,-2603,128390,-17097,-8375,133364,105,19231,430,0,12928,0.0009990000000001942
23621000,3985,18728,134565,-7080,17531,117258,107,19228,438,1,12929,0.0010000000000012221
23622000,-5886,-2339,131468,3674,-8316,135867,129,19224,528,1,12930,0.0010000000000012221
23623000,-6449,-10239,131405,-2251,-9936,137251,108,19224,528,1,12931,0.0009999999999976694
23624000,-3646,-447,129950,-18862,-4910,123119,109,19231,442,1,12932,0.0010000000000012221
23625000,-874,-113,129430,-876,-2341,130457,109,19221,446,0,12933,0.0010000000000012221
23626000,2772,3404,129068,1304,-380,123990,96,19227,393,0,12934,0.0009999999999976694
23627000,-5529,-720,130595,-14915,-2130,134126,117,19228,479,0,12935,0.0010000000000012221
23628002,-7466,1358,129740,-9813,-1951,127856,134,19222,549,1,12936,0.0010019999999997253
23629000,-7356,9599,131399,-7321,7141,127784,119,19222,549,1,12937,0.0009979999999991662
23630000,-5036,7627,129340,-9946,4661,129194,105,19232,487,1,12938,0.0010000000000012221
23631000,-3085,-45,127205,-8837,-3523,122955,105,19230,430,0,12939,0.0010000000000012221
23632000,-4730,-7306,126010,-9092,-11880,137905,147,19221,602,0,12940,0.0009999999999976694
23633000,-1352,11659,125777,-2087,10297,115143,112,19228,459,0,12941,0.0010000000000012221
23634000,-5641,10700,128001,-13734,6603,126239,110,19223,451,0,12942,0.0010000000000012221
23635000,-4389,4954,128255,-8087,990,127637,138,19223,451,1,12943,0.0009999999999976694
23636000,-6661,2718,127972,-6401,1319,124878,115,19228,565,1,12944,0.0010000000000012221
23637000,-2121,5307,127784,-7928,3106,125157,115,19232,471,1,12945,0.0010000000000012221
23638001,914,1189,124491,2651,-2545,124214,109,19224,446,0,12946,0.0010009999999986974
23639000,1579,-7063,123571,-6648,-9814,132050,88,19231,360,0,12947,0.0009990000000001942
23640001,2757,12154,126364,-7276,7476,118544,106,19230,434,0,12948,0.0010009999999986974
23641000,-1850,5924,126340,6965,5056,127165,119,19230,487,1,12949,0.0009990000000001942
23642003,-3005,5756,124909,-6746,1165,125306,109,19217,487,1,12950,0.0010030000000007533
23643000,2253,8844,126937,-10137,6994,123393,99,19231,446,1,12951,0.000997000000001691
23644000,8523,1211,124913,11092,-3383,130490,99,19233,405,0,12952,0.0009999999999976694
23645000,7678,6880,123573,10353,6369,112556,125,19233,512,0,12953,0.0010000000000012221
23646000,6007,-18838,124019,-338,-20347,133490,105,19229,430,0,12954,0.0009999999999976694
23647000,5196,-606,126542,2921,-7195,128981,112,19229,459,0,12955,0.0010000000000012221
23648000,687,12299,129420,8167,9048,123242,137,19219,459,1,12956,0.0010000000000012221
23649000,4708,13467,129986,-2052,16243,116827,113,19228,561,1,12957,0.0009999999999976694
23650000,6214,-6138,124479,3901,-5579,130436,113,19233,463,1,12958,0.0010000000000012221
23651000,11700,-5515,125604,10433,-9865,131462,99,19227,405,0,12959,0.0010000000000012221
23652000,10171,2896,126385,4883,-424,122019,115,19236,471,0,12960,0.0009999999999976694
23653000,5597,-3201,128611,13833,-4786,128507,105,19225,430,0,12961,0.0010000000000012221
23654000,5709,-3826,129129,-5034,-7673,133924,114,19225,430,1,12962,0.0010000000000012221
23655000,-1699,1102,130501,-560,-2518,129277,107,19222,467,1,12963,0.0009999999999976694
23656001,-379,7448,130927,8336,8729,120793,107,19230,438,1,12964,0.00100100000000225
23657000,5067,1186,127830,-7603,5029,129558,102,19228,418,1,12965,0.0009990000000001942
23658000,8106,-12509,127799,6549,-13000,136059,124,19222,508,0,12966,0.0009999999999976694
23659001,10585,-6801,129439,10588,-7111,129419,97,19230,397,0,12967,0.00100100000000225
23660000,2134,-2058,129074,5619,-3539,128226,106,19230,397,0,12968,0.0009990000000001942
23661000,1111,15207,133460,-23520,14075,121849,141,19225,434,1,12969,0.0009999999999976694
23662000,-6278,6935,130418,75,-16,133926,141,19224,577,1,12970,0.0010000000000012221
23663000,-5053,-7891,130367,-6900,-9277,132472,109,19229,446,1,12971,0.0010000000000012221
23664000,-3162,-6950,127985,-12889,-11037,128022,97,19226,397,0,12972,0.0009999999999976694
23665000,2320,-19,130042,-3268,-525,126322,126,19230,516,0,12973,0.0010000000000012221
23666000,-333,6250,131071,4014,1919,124169,110,19230,516,0,12974,0.0010000000000012221
23667002,-7763,-1362,130780,-14423,-6626,133486,119,19226,451,0,12975,0.0010019999999997253
23668000,-10274,4692,129324,-22996,4703,130232,119,19221,487,1,12976,0.0009979999999991662
23669000,-8623,9950,130910,-4299,5826,121793,117,19227,479,1,12977,0.0010000000000012221
23670000,-3287,9904,130614,-5994,5552,126893,105,19234,430,1,12978,0.0009999999999976694
23671000,-4005,-119,126762,-11424,-6640,130291,114,19219,467,0,12979,0.0010000000000012221
23672000,-3148,-7111,126465,-8116,-9912,127142,92,19219,467,0,12980,0.0010000000000012221
23673000,-1215,9268,127497,-2133,8447,122854,109,19230,377,0,12981,0.0009999999999976694
23674000,-3299,8345,127136,-5333,4733,124887,109,19223,446,1,12982,0.0010000000000012221
23675000,-8308,5874,128749,-13585,2215,128282,134,19223,549,1,12983,0.0009999999999976694
23676000,-5279,2605,126815,-12349,-466,127355,117,19228,479,1,12984,0.0010000000000012221
23677000,-205,11845,128924,2204,9250,122171,101,19228,414,1,12985,0.0010000000000012221
23678000,-272,-141,124159,654,-3679,124716,129,19228,528,0,12986,0.0009999999999976694
23679000,1974,2300,122738,-4401,-2341,126519,109,19232,528,0,12987,0.0010000000000012221
23680000,-614,4434,126831,-11506,2914,131527,109,19228,446,0,12988,0.0010000000000012221
23681000,2174,13043,125373,6380,10595,116451,111,19228,455,1,12989,0.0009999999999976694
23682000,-4710,20387,129450,-1682,17894,128109,137,19229,561,1,12990,0.0010000000000012221
23683000,-2253,-1872,120677,-11681,-6366,131395,105,19232,430,1,12991,0.0010000000000012221
23684000,5181,7240,126453,11401,3641,121557,105,19232,430,0,12992,0.0009999999999976694
23685000,6204,566,123388,9775,-3216,123318,90,19223,430,0,12993,0.0010000000000012221
23686000,10174,-1762,125307,2248,-4820,121127,113,19228,369,0,12994,0.0010000000000012221
23687000,5126,-9896,125869,7316,-13543,134843,113,19228,463,0,12995,0.0009999999999976694
23688001,4970,7021,127411,345,3699,123785,134,19222,549,1,12996,0.00100100000000225
23689000,5686,17701,130061,69,14948,118590,115,19226,471,1,12997,0.0009990000000001942
23690000,5403,3897,127022,8958,2554,125754,98,19226,401,1,12998,0.0009999999999976694
23691000,11088,2645,125157,2971,1200,122413,139,19229,401,0,12999,0.0010000000000012221
23692000,8651,-7182,128263,9798,-10131,136238,103,19232,569,0,13000,0.0010000000000012221
23693000,6523,-9336,127350,15660,-13202,129191,103,19228,422,0,13001,0.0009999999999976694
23694000,3666,9052,132848,-10273,1934,123858,108,19221,442,1,13002,0.0010000000000012221
23695000,3874,7258,129380,-1553,5731,127934,131,19229,537,1,13003,0.0010000000000012221
23696000,1351,13265,129368,8779,10100,125388,110,19229,451,1,13004,0.0009999999999976694
23697000,1725,-3501,128044,-6813,-3878,132438,106,19231,451,1,13005,0.0010000000000012221
23698000,9453,-10712,127639,5263,-12743,124093,121,19227,434,0,13006,0.0010000000000012221
23699000,7180,-1274,130723,18460,-4644,129036,121,19232,496,0,13007,0.0009999999999976694
23700000,6403,-5859,130097,-4031,-11946,138689,105,19228,430,0,13008,0.0010000000000012221
23701000,909,12083,132628,-13310,3309,128032,123,19221,504,1,13009,0.0010000000000012221
23702000,-5395,2487,132884,192,4514,129117,113,19232,463,1,13010,0.0009999999999976694
23703000,-10205,1169,130044,-4247,5153,138173,98,19232,463,1,13011,0.0010000000000012221
23704000,512,-10143,127385,-16085,-11647,131835,133,19231,401,0,13012,0.0010000000000012221
23705000,1004,-5111,128444,2481,-12063,123998,133,19230,545,0,13013,0.0009999999999976694
23706000,4484,9471,131850,798,8136,125824,107,19228,438,0,13014,0.0010000000000012221
23707000,-7990,-3145,129110,-15580,-8762,132817,117,19228,479,0,13015,0.0009999999999976694
23708001,-9142,2327,131618,-10988,4843,132911,149,19235,610,1,13016,0.00100100000000225
23709000,-9650,13889,129421,-12069,13465,123399,114,19235,610,1,13017,0.0009990000000001942
23710000,-7735,12292,129975,-7256,7898,124464,103,19230,467,1,13018,0.0009999999999976694
23711000,-2102,-6576,127457,-2428,-12301,133846,103,19223,422,0,13019,0.0010000000000012221
23712000,-4536,-11588,124985,-7129,-12047,131564,156,19231,639,0,13020,0.0010000000000012221
23713003,-2173,2328,126567,-8856,2849,122687,109,19228,446,0,13021,0.0010030000000007533
23714006,-2180,16294,131126,-8311,10697,121970,119,19224,487,1,13022,0.0010029999999972006
23715002,-5561,10921,127103,4822,4636,133448,111,19224,487,1,13023,0.000996000000000663
23716000,-8685,8398,126153,-20639,5949,117980,107,19228,455,1,13024,0.0009979999999991662
23717000,-4746,6060,128747,-5940,3561,127529,107,19229,438,0,13025,0.0010000000000012221
23718000,1603,-3804,123218,10428,-6568,125436,125,19228,512,0,13026,0.0010000000000012221
23719000,3034,-4242,123412,-5627,-6936,126216,112,19229,459,0,13027,0.0009999999999976694
23720000,1873,2582,125515,-8524,-350,127429,114,19226,467,0,13028,0.0010000000000012221
23721001,-2376,17249,126375,279,15624,115809,147,19226,602,1,13029,0.0010009999999986974
23722001,679,10170,128261,439,7853,128400,113,19223,602,1,13030,0.0010000000000012221
23723002,-1928,5231,123743,-2055,773,122810,113,19231,463,1,13031,0.0010009999999986974
23724000,3746,6949,123838,4134,2989,124085,97,19226,397,0,13032,0.000998000000002719
23725000,9035,1107,123947,9253,-3462,121976,110,19232,451,0,13033,0.0009999999999976694
23726000,9826,-5884,125622,7432,-9979,132201,114,19227,467,0,13034,0.0010000000000012221
23727001,4728,-2435,123478,8050,-5066,126962,117,19227,467,1,13035,0.0010009999999986974
23728000,1067,10132,127004,-3297,6497,119621,115,19222,479,1,13036,0.0009990000000001942
23729001,1073,5257,126846,4521,510,132649,115,19226,471,1,13037,0.00100100000000225
23730000,7298,6601,126485,9948,3937,120531,105,19230,430,1,13038,0.0009990000000001942
23731000,8338,-104,127556,4207,-3593,125178,115,19221,471,0,13039,0.0009999999999976694
23732000,9432,-13556,125946,6835,-17501,134820,90,19231,369,0,13040,0.0010000000000012221
23733000,9285,-5627,128761,11856,-9554,128514,103,19231,422,0,13041,0.0010000000000012221
23734000,6814,11843,132237,-3790,6317,129506,130,19230,422,1,13042,0.0009999999999976694
23735000,771,12747,130011,-3367,7335,124588,115,19224,532,1,13043,0.0010000000000012221
23736000,-897,6367,129403,6478,2176,125416,115,19228,471,1,13044,0.0010000000000012221
23737000,4280,-7215,127002,-2831,-10910,134141,101,19226,414,0,13045,0.0009999999999976694
23738000,9669,-15372,129840,-865,-20225,130141,157,19231,643,0,13046,0.0010000000000012221
23739000,13774,5533,130569,19850,1968,123664,105,19231,430,0,13047,0.0009999999999976694
23740000,-74,-5932,128183,-7477,-9369,131776,108,19234,430,0,13048,0.0010000000000012221
23741000,238,5211,132499,-20400,-1522,131270,140,19225,442,1,13049,0.0010000000000012221
23742000,-8549,9340,133690,8692,8030,129400,140,19231,573,1,13050,0.0009999999999976694
23743000,-7611,5160,129693,-2505,3403,126025,107,19230,438,1,13051,0.0010000000000012221
23744000,-1786,-11227,129908,-21620,-11021,130459,109,19216,446,0,13052,0.0010000000000012221
23745001,58,-2890,128209,420,-10692,128266,89,19228,365,0,13053,0.0010009999999986974
23746000,5508,5595,130357,12109,3041,126156,110,19228,365,0,13054,0.0009990000000001942
23747003,-8173,-827,130784,-23079,-1069,129637,134,19225,451,1,13055,0.0010030000000007533
23748000,-5743,4168,133420,-19579,2958,132593,134,19225,549,1,13056,0.0009969999999981383
23749000,-8648,2672,129394,-3755,347,128843,120,19227,491,1,13057,0.0010000000000012221
23750001,-5116,3678,131830,-7208,4660,117936,99,19229,405,1,13058,0.0010009999999986974
23751000,-2711,-4,126637,-11485,9941,131311,142,19224,582,0,13059,0.0009990000000001942
23752000,-2707,-10781,124195,-9448,-10294,131524,101,19224,582,0,13060,0.0010000000000012221
23753000,2143,4843,128554,2166,2367,126635,109,19230,414,0,13061,0.0010000000000012221
23754001,-5567,7816,127878,-11366,2354,119897,109,19223,446,1,13062,0.0010009999999986974
23755000,-7502,14790,127351,-16079,10153,127109,144,19230,590,1,13063,0.0009990000000001942
23756000,-6754,-2551,127125,-9376,-6974,132861,115,19228,471,1,13064,0.0010000000000012221
23757000,1362,7570,125086,6914,5445,117362,104,19218,426,0,13065,0.0009999999999976694
23758000,630,435,124205,-8402,-4397,127274,84,19218,426,0,13066,0.0010000000000012221
23759000,1416,-2295,124303,-4268,-2812,123255,110,19231,344,0,13067,0.0010000000000012221
23760002,2513,5332,126952,574,-146,131121,110,19229,451,0,13068,0.0010019999999997253
23761000,-1111,2464,124207,-1336,1819,123753,126,19219,516,1,13069,0.0009979999999991662
23762001,-4453,20704,126776,-9939,19110,110916,112,19234,459,1,13070,0.0010009999999986974
23763000,228,3252,124559,1555,-4298,125990,99,19232,405,1,13071,0.0009990000000001942
23764001,10568,424,123864,16364,-4812,127591,129,19232,405,0,13072,0.00100100000000225
23765000,11217,-3805,123455,2839,-8542,127106,118,19230,528,0,13073,0.0009990000000001942
23766001,7078,-2293,126994,2590,-3917,121980,118,19225,483,0,13074,0.0010009999999986974
23767000,3866,3310,127739,5671,-441,128658,115,19229,471,1,13075,0.0009990000000001942
23768002,2074,3972,128165,-1661,981,129454,147,19230,602,1,13076,0.0010019999999997253
23769004,3020,14166,126932,4945,12851,118941,115,19231,471,1,13077,0.0010019999999997253
23770000,7482,2836,124499,5821,-1070,124610,103,19231,471,1,13078,0.000996000000000663
23771002,10253,-780,125989,5042,-5375,125409,120,19224,422,0,13079,0.0010019999999997253
23772000,11833,-16588,125483,13839,-21403,131888,120,19231,491,0,13080,0.0009979999999991662
23773000,7650,-2317,129040,2307,-4894,132463,104,19231,426,0,13081,0.0010000000000012221
23774000,3130,16209,129965,-13444,12237,119806,110,19228,451,1,13082,0.0009999999999976694
23775000,531,9546,130616,9028,5000,128637,107,19229,438,1,13083,0.0010000000000012221
23776000,190,-1485,127849,6000,-5024,131831,106,19229,434,1,13084,0.0010000000000012221
23777000,1993,-6605,127485,-9516,-10067,131109,126,19232,434,0,13085,0.0009999999999976694
23778000,11256,-3088,129330,14164,-7154,126442,95,19224,516,0,13086,0.0010000000000012221
23779000,9384,1041,130113,19812,-705,128041,95,19229,389,0,13087,0.0010000000000012221
23780001,4540,-174,130491,-28283,-4916,128333,102,19228,418,0,13088,0.0010009999999986974
23781001,738,12962,134499,-7335,9814,126350,138,19225,565,1,13089,0.0010000000000012221
23782000,-6284,1467,129462,12276,-2299,133377,113,19225,463,1,13090,0.0009990000000001942
23783001,-7831,-982,130073,-22686,-5284,129286,98,19231,463,1,13091,0.0010009999999986974
23784000,846,-7009,130013,-10581,-11335,135195,133,19227,401,0,13092,0.0009990000000001942
23785000,833,2692,130000,15794,-1811,123998,133,19228,545,0,13093,0.0010000000000012221
23786000,-30,8092,131751,-8307,4057,127339,106,19228,434,0,13094,0.0009999999999976694
23787001,-7835,8145,130558,-20441,4853,125079,114,19224,467,1,13095,0.00100100000000225
23788001,-7014,-4303,127578,-11574,-8589,137456,125,19224,512,1,13096,0.0009999999999976694
23789001,-9097,13482,132107,-4160,8426,124763,107,19229,512,1,13097,0.0010000000000012221
23790000,-5827,8500,127835,-16131,2709,125838,114,19231,438,1,13098,0.0009990000000001942
23791000,-2914,-7696,125415,-3318,-11123,128617,114,19216,467,0,13099,0.0010000000000012221
23792003,-4722,-3327,126905,-667,-6467,129735,94,19232,385,0,13100,0.0010029999999972006
23793000,427,8597,127014,-12482,2568,123380,102,19228,418,0,13101,0.000997000000001691
23794000,-5701,13536,130229,-1459,10522,121478,132,19221,541,1,13102,0.0010000000000012221
23795003,-7448,-266,126706,-13382,-1758,131390,116,19221,541,1,13103,0.0010029999999972006
23796002,-6103,5318,127528,-11647,643,123161,101,19229,475,1,13104,0.0009990000000001942
23797000,-1044,4291,126793,5298,14007,134965,101,19227,414,0,13105,0.000998000000002719
23798000,1313,-5162,122856,-2182,-5565,115288,125,19232,512,0,13106,0.0009999999999976694
23799000,4099,7164,125987,-4150,-1817,127331,108,19228,442,0,13107,0.0010000000000012221
23800000,1896,8613,125903,-5091,8671,124430,113,19222,463,0,13108,0.0009999999999976694
23801000,-440,9437,126541,788,5895,122281,144,19222,463,1,13109,0.0010000000000012221
23802000,-2981,3927,126052,-4440,696,131494,105,19228,590,1,13110,0.0010000000000012221
23803000,2632,5409,124250,-2575,2972,118789,105,19232,430,1,13111,0.0009999999999976694
23804000,7909,4918,124517,8968,-2023,126574,102,19224,418,0,13112,0.0010000000000012221
23805002,8803,-4920,123144,5097,-11200,127138,93,19229,381,0,13113,0.0010019999999997253
23806000,7349,-8916,123735,2138,-8087,128270,114,19226,467,0,13114,0.0009979999999991662
23807000,4088,7766,127940,-2107,7554,120761,133,19226,467,1,13115,0.0010000000000012221
23808000,2420,18022,129253,5530,14308,124791,114,19222,545,1,13116,0.0010000000000012221
23809001,4577,2793,127059,6808,-4582,138991,114,19229,467,1,13117,0.0010009999999986974
23810000,9416,-427,125251,4963,-1753,116962,96,19227,393,0,13118,0.0009990000000001942
23811000,7915,4737,128980,2550,178,125918,143,19228,586,0,13119,0.0010000000000012221
23812000,11359,-11116,126423,15900,-15279,134009,105,19228,430,0,13120,0.0009999999999976694
23813000,5732,-5352,128835,-1253,-6897,130603,110,19228,430,0,13121,0.0010000000000012221
23814000,2942,6211,130645,-8372,1301,131123,127,19219,451,1,13122,0.0010000000000012221
23815000,-456,16682,130853,8408,15215,115004,127,19227,520,1,13123,0.0009999999999976694
23816000,3178,4190,130166,2389,65,133514,110,19235,451,1,13124,0.0010000000000012221
23817000,5124,-7170,126905,-6170,-11674,131690,105,19225,430,0,13125,0.0010000000000012221
23818000,7733,-692,130569,14793,-2518,128274,126,19228,516,0,13126,0.0009999999999976694
23819000,7920,-5375,130347,9642,-9182,132211,115,19228,471,0,13127,0.0010000000000012221
23820000,-1644,4149,132401,-20805,1132,124700,124,19233,471,1,13128,0.0010000000000012221
23821000,1822,5271,134650,-902,2451,139920,111,19219,508,1,13129,0.0009999999999976694
23822000,-8865,6508,127301,4527,3118,122030,111,19233,455,1,13130,0.0010000000000012221
23823000,-3409,-1071,130176,-19435,-5221,130752,98,19230,401,1,13131,0.0010000000000012221
23824000,-1887,-10734,127280,-573,-13934,132853,130,19228,532,0,13132,0.0009999999999976694
23825000,-471,824,129520,1893,-3323,124670,105,19228,430,0,13133,0.0010000000000012221
23826001,-786,4428,132739,-9505,1747,132111,109,19229,430,0,13134,0.0010009999999986974
23827000,-9713,5192,129810,-15292,1453,124750,149,19226,446,1,13135,0.0009990000000001942
23828000,-5329,7862,129642,-9824,3872,132749,149,19224,610,1,13136,0.0010000000000012221
23829000,-15048,9253,128990,-5698,4102,127563,113,19229,463,1,13137,0.0010000000000012221
23830000,-1936,2996,128196,-10541,896,124174,104,19223,426,1,13138,0.0009999999999976694
23831000,-5701,-5476,127230,-6065,-10338,133780,154,19223,631,0,13139,0.0010000000000012221
23832000,-1683,-1938,126836,-13360,-7877,126133,103,19228,631,0,13140,0.0009999999999976694
23833002,2219,8669,128424,1187,4548,121437,114,19230,422,0,13141,0.001002000000003278
23834000,-7827,7312,126211,-12053,6929,124277,114,19219,467,1,13142,0.0009979999999991662
23835000,-5689,-148,126623,-6815,-5636,131324,111,19225,455,1,13143,0.0009999999999976694
23836000,-8383,14912,128228,-7520,13073,116311,105,19229,430,1,13144,0.0010000000000012221
23837000,1983,4411,127267,-4494,4232,127601,122,19228,500,0,13145,0.0010000000000012221
23838000,1091,-9299,124487,2386,-9013,125056,101,19228,500,0,13146,0.0009999999999976694
23839000,4269,-8264,125656,-5880,-12027,131950,112,19228,414,0,13147,0.0010000000000012221
23840000,1763,16114,126395,-1436,8400,121065,112,19224,459,1,13148,0.0010000000000012221
23841000,-3572,14066,126042,-4178,14280,120154,145,19226,594,1,13149,0.0009999999999976694
23842000,1033,7415,124570,-8409,4217,122086,112,19231,459,1,13150,0.0010000000000012221
23843000,46,1078,123816,2556,-503,128536,96,19228,393,0,13151,0.0010000000000012221
23844000,10581,-3254,123331,4181,-7272,118972,109,19228,393,0,13152,0.0009999999999976694
23845000,11741,-1442,125348,15952,4697,127238,114,19231,446,0,13153,0.0010000000000012221
23846000,5412,-13462,123700,-1287,-14053,136691,114,19227,467,0,13154,0.0010000000000012221
23847000,9046,10922,129313,1247,13506,116560,120,19221,491,1,13155,0.0009999999999976694
23848000,-681,16133,129635,8928,9962,125971,117,19228,479,1,13156,0.0010000000000012221
23849000,4400,2062,124987,385,-77,127434,104,19232,426,1,13157,0.0010000000000012221
23850000,6735,-4901,125911,768,-10820,128171,113,19232,426,0,13158,0.0009999999999976694
23851000,13240,-4925,127652,17024,-7773,128682,92,19220,463,0,13159,0.0010000000000012221
23852001,10384,-3886,125987,9969,-2076,126837,92,19234,377,0,13160,0.0010009999999986974
23853001,4799,-2566,128827,-9059,-1123,132322,106,19230,434,0,13161,0.0010000000000012221
23854000,5148,8417,129869,2375,5296,129687,131,19222,537,1,13162,0.0009990000000001942
23855000,-792,6418,129034,7099,3415,123062,113,19231,463,1,13163,0.0010000000000012221
23856000,3026,10492,130911,-2958,9450,120114,97,19231,463,1,13164,0.0009999999999976694
23857000,4921,-17571,126587,1756,-25670,137980,157,19227,397,0,13165,0.0010000000000012221
23858002,8963,-17057,129134,25608,-17767,135875,157,19231,643,0,13166,0.0010019999999997253
23859000,6534,3641,128904,-12116,1359,125269,107,19228,438,0,13167,0.0009979999999991662
23860000,357,15522,133535,-15159,15450,120956,111,19224,455,1,13168,0.0010000000000012221
23861000,-87,4174,131885,3330,-565,132540,136,19230,557,1,13169,0.0010000000000012221
23862000,-7394,-9127,128641,2071,-12510,134289,103,19230,557,1,13170,0.0009999999999976694
23863001,-6274,-7778,129324,-18038,-10583,130696,108,19232,422,1,13171,0.00100100000000225
23864002,1915,1867,130458,-1668,-928,125435,108,19221,442,0,13172,0.0010009999999986974
23865002,284,2693,130081,2940,-1039,128856,86,19228,352,0,13173,0.0010000000000012221
23866004,-487,2503,131311,-16746,-967,130628,109,19227,446,0,13174,0.0010019999999997253
23867002,-8468,2487,130013,-14674,444,130816,131,19219,537,1,13175,0.0009979999999991662
23868000,-7677,17455,130671,-8492,15409,119479,113,19219,463,1,13176,0.0009979999999991662
23869000,-8001,8959,129367,-6816,5317,127363,99,19234,463,1,13177,0.0010000000000012221
23870000,-2593,-9232,127373,-8655,-11489,133881,145,19229,405,0,13178,0.0009999999999976694
23871000,-3006,-2052,124585,-10410,-5469,125547,145,19221,594,0,13179,0.0010000000000012221
23872003,-3321,6480,128444,-3354,2499,125044,105,19230,430,0,13180,0.0010030000000007533
23873002,195,13277,129327,-11989,12574,120199,106,19225,434,1,13181,0.0009990000000001942
23874002,-5361,5313,128421,-11009,1836,128760,137,19225,561,1,13182,0.0009999999999976694
23875000,-5551,4263,127618,-10250,1931,127135,111,19229,561,1,13183,0.000998000000002719
23876000,-3344,7911,127423,-3836,4484,123052,108,19229,455,1,13184,0.0009999999999976694
23877000,-667,2272,124159,1583,477,124619,108,19223,442,0,13185,0.0010000000000012221
23878000,-126,-6792,123126,-9273,-9128,126458,85,19228,348,0,13186,0.0010000000000012221
23879001,-1067,1570,126795,-2026,-1859,127899,110,19229,451,0,13187,0.0010009999999986974
23880000,26,15618,127055,325,17910,120381,122,19229,500,1,13188,0.0009990000000001942
23881001,-2778,11025,125085,-7142,7624,122189,110,19219,500,1,13189,0.0010009999999986974
23882000,-640,8547,127587,-5099,6676,127924,97,19230,451,1,13190,0.0009990000000001942
23883000,8314,5926,122945,7409,1443,121896,97,19232,397,0,13191,0.0010000000000012221
23884000,9816,1891,125392,9870,317,124500,128,19231,524,0,13192,0.0010000000000012221
23885000,11203,-10527,124842,2831,-15735,129140,110,19225,451,0,13193,0.0009999999999976694
23886000,5774,1123,128429,528,-2671,126096,114,19229,467,0,13194,0.0010000000000012221
23887000,2390,5586,127647,5186,1409,127683,143,19229,467,1,13195,0.0010000000000012221
23888000,2653,14004,128552,1105,12299,118845,112,19228,586,1,13196,0.0009999999999976694
23889000,5039,3531,125251,4345,8857,124708,112,19230,459,1,13197,0.0010000000000012221
23890002,8800,-724,125403,6163,-2166,126910,101,19223,414,0,13198,0.0010019999999997253
23891002,12309,-9124,126982,13924,-8308,134110,123,19230,504,0,13199,0.0010000000000012221
23892000,5952,-2468,129167,9126,-8800,122889,102,19228,418,0,13200,0.0009979999999991662
23893000,8512,3228,129734,-5337,722,129783,113,19228,418,1,13201,0.0010000000000012221
23894000,853,13331,133776,2299,12814,128019,109,19222,463,1,13202,0.0009999999999976694
23895000,2128,6381,128211,934,7935,127086,109,19228,446,1,13203,0.0010000000000012221
23896003,2209,-2466,126433,-2591,-6163,130792,103,19231,422,1,13204,0.0010030000000007533
23897001,8057,-8306,127600,8094,-8304,124981,123,19223,504,0,13205,0.0009979999999991662
23898000,11947,-5551,128241,13926,-14322,133133,96,19228,393,0,13206,0.0009990000000001942
23899000,2822,-4665,130858,-15497,-3829,129893,105,19228,393,0,13207,0.0009999999999976694
23900000,1532,10439,134746,-10856,6495,124327,144,19232,430,1,13208,0.0010000000000012221
23901000,-8264,5749,130827,7170,2827,129143,144,19230,590,1,13209,0.0010000000000012221
23902000,-5500,-3195,130027,-16198,-8439,131585,112,19231,459,1,13210,0.0009999999999976694
23903000,-869,-6819,129700,-11897,-11284,139568,97,19221,397,0,13211,0.0010000000000012221
23904000,1906,6046,129159,2219,4405,116314,127,19232,520,0,13212,0.0010000000000012221
23905000,4514,4749,132039,3479,145,126673,110,19232,520,0,13213,0.0009999999999976694
23906000,-6415,-2317,130696,-19205,-5305,135114,118,19229,451,0,13214,0.0010000000000012221
23907000,-5938,-1807,129226,-17210,-1590,132826,118,19223,483,1,13215,0.0010000000000012221
23908001,-13208,11949,131258,-8103,10158,127837,123,19229,504,1,13216,0.0010009999999986974
23909000,-4890,17002,130105,-8848,13536,118280,108,19233,442,1,13217,0.0009990000000001942
23910002,-6920,-7595,125301,-5973,-12835,134661,117,19216,479,0,13218,0.0010019999999997253
23911000,-92,-9132,126508,-8479,-10493,131171,92,19216,377,0,13219,0.0009979999999991662
23912000,-299,8201,128730,-794,5243,123264,105,19228,377,0,13220,0.0010000000000012221
23913000,-4636,15861,129750,-9323,12956,123340,136,19230,430,1,13221,0.0010000000000012221
23914001,-4989,4633,128447,-14132,725,126479,136,19227,557,1,13222,0.0010009999999986974
23915000,-9462,-2914,130386,-10219,-6623,142116,117,19229,479,1,13223,0.0009990000000001942
23916000,896,8632,123930,-2136,4794,115587,100,19226,410,1,13224,0.0010000000000012221
23917000,-1141,2018,125113,1683,-1142,123323,122,19226,500,0,13225,0.0009999999999976694
23918000,3635,-5011,122163,-7025,-9702,128794,109,19231,500,0,13226,0.0010000000000012221
23919000,-215,4344,126097,-976,1461,126538,115,19227,446,0,13227,0.0010000000000012221
23920001,-2449,8754,127713,-5115,7061,123511,115,19224,471,1,13228,0.0010009999999986974
23921000,-2599,15769,127492,-3511,14009,117789,145,19229,594,1,13229,0.0009990000000001942
23922000,-1372,2351,124087,704,861,129965,107,19233,438,1,13230,0.0010000000000012221
23923000,9455,576,123159,3599,-4789,123612,106,19233,434,0,13231,0.0009999999999976694
23924000,8758,3647,124145,8906,-345,123312,91,19224,434,0,13232,0.0010000000000012221
23925000,8903,1480,124535,7229,-4193,126016,114,19230,373,0,13233,0.0009999999999976694
23926000,6043,-4340,125964,-1940,-11229,124223,114,19229,467,0,13234,0.0010000000000012221
23927000,2659,2704,129982,8436,-1298,137136,134,19217,549,1,13235,0.0010000000000012221
23928000,2028,14807,125468,-53,11828,115295,116,19228,475,1,13236,0.0009999999999976694
23929002,7027,6409,127817,3812,2022,126532,98,19230,401,1,13237,0.001002000000003278
23930000,8738,-1019,125555,10859,-5595,126975,143,19230,401,0,13238,0.0009979999999991662
23931000,9300,-6714,126567,6220,-6268,130881,112,19228,586,0,13239,0.0009999999999976694
23932000,6346,-8145,129262,11498,-14028,132971,112,19228,459,0,13240,0.0010000000000012221
23933000,3517,12229,130670,-6651,3804,121178,109,19227,446,1,13241,0.0010000000000012221
23934000,3530,14090,130077,957,3334,132355,131,19229,537,1,13242,0.0009999999999976694
23935000,452,10981,129498,6072,7414,122814,111,19231,455,1,13243,0.0010000000000012221
23936001,2633,-5631,129170,-4280,-5585,130621,109,19231,455,1,13244,0.0010009999999986974
23937000,7393,-8558,127193,7194,-14936,126381,111,19219,446,0,13245,0.0009990000000001942
23938003,6603,-919,131091,9774,-6377,135436,111,19231,455,0,13246,0.0010030000000007533
23939002,10298,-1752,131042,-587,-6810,123088,104,19232,426,0,13247,0.0009990000000001942
23940002,506,8657,134299,-11559,5250,130584,118,19224,483,1,13248,0.0010000000000012221
23941000,-4322,883,130715,261,1056,129882,110,19230,451,1,13249,0.0009979999999991662
23942000,-10747,-1991,129021,-4498,-5242,130493,101,19230,451,1,13250,0.0010000000000012221
23943000,-304,-6117,128331,-18080,-6489,136864,131,19231,414,0,13251,0.0009999999999976694
23944000,-2672,-1266,129389,2202,-3161,125228,131,19229,537,0,13252,0.0010000000000012221
23945000,4804,11977,130917,-5025,7816,123641,105,19229,430,0,13253,0.0010000000000012221
23946000,-8245,-1773,130823,-14297,-8524,134385,110,19225,451,1,13254,0.0009999999999976694
23947000,-5816,998,130545,-11654,1616,129281,148,19227,606,1,13255,0.0010000000000012221
23948001,-7235,6910,130391,-11009,4149,130140,116,19227,606,1,13256,0.0010009999999986974
23949001,-6996,11211,129677,-10166,8070,120960,104,19232,475,1,13257,0.0010000000000012221
23950000,-1977,3728,127448,2417,269,128145,104,19224,426,0,13258,0.0009990000000001942
23951000,-3805,-12282,126045,-12600,-14737,130914,147,19232,602,0,13259,0.0010000000000012221
23952000,-1651,-6966,129611,-7290,-12228,128230,106,19231,434,0,13260,0.0009999999999976694
23953001,-3322,20323,129581,-2718,19637,120566,117,19218,479,1,13261,0.00100100000000225
23954000,-2725,5892,124839,-11377,952,126142,110,19218,451,1,13262,0.0009990000000001942
23955000,-8478,9266,128002,-10701,7234,124416,103,19229,451,1,13263,0.0009999999999976694
23956000,-4119,1226,123972,-6432,-4606,128869,125,19231,422,0,13264,0.0010000000000012221
23957000,2539,-2702,125873,5190,-3782,125364,125,19230,512,0,13265,0.0009999999999976694
23958000,2224,471,126058,-889,-3272,126175,99,19228,405,0,13266,0.0010000000000012221
23959000,2849,3115,124324,-10160,-13,125618,108,19227,442,0,13267,0.0010000000000012221
23960000,-1355,11870,126336,-582,8334,121964,144,19227,590,1,13268,0.0009999999999976694
23961000,-2186,-461,124193,1607,-3097,125269,112,19225,590,1,13269,0.0010000000000012221
23962000,-62,14486,122466,382,10912,115327,95,19227,459,1,13270,0.0010000000000012221
23963001,3848,-1096,125703,488,-4262,128455,95,19228,389,0,13271,0.0010009999999986974
23964000,11039,-4280,123873,10095,-8860,124732,113,19229,463,0,13272,0.0009990000000001942
23965000,9140,-3613,126058,10007,-7608,127857,123,19227,504,0,13273,0.0010000000000012221
23966000,4912,3796,127222,-2127,-680,126483,122,19227,500,1,13274,0.0009999999999976694
23967000,5831,15275,129319,427,13848,120176,115,19219,500,1,13275,0.0010000000000012221
23968000,3791,1395,126939,5979,-2573,132222,102,19228,471,1,13276,0.0010000000000012221
23969000,9249,5055,126092,4647,106,123646,102,19231,418,1,13277,0.0009999999999976694
23970000,8587,4279,125564,5810,-512,120246,116,19222,475,0,13278,0.0010000000000012221
23971000,9151,-7677,125705,9489,-9591,130322,94,19232,385,0,13279,0.0010000000000012221
23972000,8861,-8651,127610,6631,-12852,132312,105,19229,430,0,13280,0.0009999999999976694
23973000,2302,4438,131860,-3304,1218,129812,128,19229,430,1,13281,0.0010000000000012221
23974000,359,19476,129404,-1686,16812,117169,111,19226,524,1,13282,0.0010000000000012221
23975000,433,9355,130935,1744,5800,125531,111,19227,455,1,13283,0.0009999999999976694
23976000,3960,-10970,126064,-800,-13054,137053,98,19236,401,0,13284,0.0010000000000012221
23977000,10922,-4662,129743,3651,-10344,126276,159,19230,651,0,13285,0.0010000000000012221
23978000,10652,1736,131175,17857,-1900,129250,108,19230,442,0,13286,0.0009999999999976694
23979000,272,-3544,129059,-9404,-11396,124433,109,19230,442,0,13287,0.0010000000000012221
23980000,463,11278,135362,-21970,8648,129521,135,19222,446,1,13288,0.0010000000000012221
23981000,-7483,563,129925,9077,802,135023,135,19227,553,1,13289,0.0009999999999976694
23982000,-5421,108,130182,-1997,1062,121227,103,19235,422,1,13290,0.0010000000000012221
23983000,-1630,-8328,129871,-24123,-11049,134176,107,19222,438,0,13291,0.0010000000000012221
23984000,591,-1477,127108,5808,-4618,124795,88,19231,360,0,13292,0.0009999999999976694
23985000,4971,5933,134217,9621,2128,129338,110,19231,360,0,13293,0.0010000000000012221
23986000,-8706,9378,131598,-27081,8631,126398,130,19228,451,1,13294,0.0010000000000012221
23987000,-5680,248,130931,-14125,-461,136552,130,19226,532,1,13295,0.0009999999999976694
23988000,-10036,4745,129604,-3569,6458,126715,114,19228,467,1,13296,0.0010000000000012221
23989001,-4437,11570,128642,-12701,7681,121008,100,19229,410,1,13297,0.0010009999999986974
23990004,-4201,-4980,124413,-9043,-7539,131502,144,19227,590,0,13298,0.0010030000000007533
23991000,-3279,-2836,126460,-5184,-3083,123474,104,19227,590,0,13299,0.000996000000000663
23992000,-228,2919,127347,-6878,-98,130773,106,19229,426,0,13300,0.0009999999999976694
23993000,-7330,8696,127482,-11842,4537,122444,106,19222,434,1,13301,0.0010000000000012221
23994000,-7421,13947,128562,-12723,7539,125229,139,19230,569,1,13302,0.0010000000000012221
23995000,-7743,1430,126711,-5522,-1419,129092,112,19233,459,1,13303,0.0009999999999976694
23996000,1791,4528,126593,1809,1857,121226,108,19221,442,0,13304,0.0010000000000012221
23997001,2778,164,124580,-12340,-1737,133618,95,19221,442,0,13305,0.0010009999999986974
23998000,2591,5544,124622,-116,3283,115229,109,19226,389,0,13306,0.0009990000000001942
23999000,3004,5670,128167,4073,1807,129441,124,19230,446,0,13307,0.0010000000000012221
24000004,-3252,11204,126971,-10590,9922,124030,124,19216,508,1,13308,0.0010040000000017812
24001002,-2909,8225,125875,-1765,3246,122134,111,19231,455,1,13309,0.0009979999999991662
24002000,1514,2776,124144,4394,359,128519,98,19231,401,1,13310,0.0009979999999991662
24003001,8777,6982,123522,4170,2379,117668,126,19231,516,0,13311,0.0010009999999986974
24004003,9559,-6450,123551,8547,-10631,129721,118,19232,516,0,13312,0.0010019999999997253
24005002,9373,-4855,125732,7276,-8438,126753,118,19226,483,0,13313,0.0009990000000001942
24006000,3427,4685,128425,-5284,1812,126840,118,19226,483,1,13314,0.000998000000002719
24007002,499,14116,128920,3127,11814,123213,146,19229,598,1,13315,0.0010019999999997253
24008000,4010,763,126357,7967,-2234,123191,113,19227,463,1,13316,0.0009979999999991662
24009000,8466,363,127206,-7116,-3360,133213,99,19227,405,1,13317,0.0010000000000012221
24010000,12153,-244,123824,8857,-3734,117595,120,19226,405,0,13318,0.0009999999999976694
24011000,13597,-9426,126400,21836,-14271,132775,106,19228,491,0,13319,0.0010000000000012221
24012000,4891,-4500,128507,-4696,-8450,131100,106,19229,434,0,13320,0.0010000000000012221
24013000,3442,6109,130237,-4043,1047,125697,113,19220,463,1,13321,0.0009999999999976694
24014000,-771,20225,133905,7334,18366,126318,111,19226,455,1,13322,0.0010000000000012221
24015000,2781,4672,128662,-4713,4266,126369,100,19226,410,1,13323,0.0010000000000012221
24016001,5207,-4234,129461,2054,-5355,130350,126,19230,410,0,13324,0.0010009999999986974
24017002,9786,-15265,128366,10218,-19940,132759,99,19225,516,0,13325,0.0010009999999986974
24018000,8129,-806,129086,11478,-6504,132668,99,19231,405,0,13326,0.000998000000002719
24019000,4093,11742,132489,-17851,8981,124264,105,19226,430,0,13327,0.0009999999999976694
24020000,917,12086,133374,-6990,7567,127282,143,19227,586,1,13328,0.0010000000000012221
24021000,-6622,336,131766,4201,-1006,134173,110,19230,451,1,13329,0.0009999999999976694
24022000,-7441,-15236,127025,-14166,-15889,133073,98,19230,451,1,13330,0.0010000000000012221
24023000,-242,-4575,129789,-10245,-13619,134790,127,19224,401,0,13331,0.0010000000000012221
24024000,297,11312,130732,9059,3835,123859,127,19230,520,0,13332,0.0009999999999976694
24025000,1515,3512,129459,-3598,-1336,129616,110,19226,451,0,13333,0.0010000000000012221
24026000,-9772,3689,132524,-19681,299,130197,118,19224,483,1,13334,0.0010000000000012221
24027000,-9352,2430,127977,-13818,-795,130942,121,19228,496,1,13335,0.0009999999999976694
24028000,-9231,16824,131064,-2632,10555,122544,105,19228,496,1,13336,0.0010000000000012221
24029000,-4080,2464,128988,-9822,4270,127518,118,19231,430,1,13337,0.0010000000000012221
24030000,-3049,-7210,125017,-11070,-14099,130694,118,19213,483,0,13338,0.0009999999999976694
24031000,-5789,1747,128187,-4569,-5731,124931,104,19232,426,0,13339,0.0010000000000012221
24032000,-613,15673,127174,-9537,1951,124055,110,19228,451,0,13340,0.0010000000000012221
24033000,-4039,10281,128062,986,6957,120289,138,19223,565,1,13341,0.0009999999999976694
24034000,-9993,1954,126061,-16831,3519,128717,120,19223,565,1,13342,0.0010000000000012221
24035001,-4438,6804,128375,-11869,2809,126945,104,19230,491,1,13343,0.0010009999999986974
24036000,-1685,714,124769,9541,-3458,121938,104,19226,426,0,13344,0.0009990000000001942
24037000,907,-6789,125867,-5161,-9815,133376,123,19234,504,0,13345,0.0010000000000012221
24038002,-486,1734,124035,-8681,3562,120466,108,19231,442,0,13346,0.0010019999999997253
24039000,718,17564,127803,1444,14165,123158,111,19227,455,0,13347,0.0009979999999991662
24040000,-949,11303,125995,-1113,5200,123939,144,19227,590,1,13348,0.0010000000000012221
24041000,-3551,6967,124681,-6628,5571,125606,107,19230,590,1,13349,0.0010000000000012221
24042000,4380,4110,123175,4477,6713,128557,107,19230,438,1,13350,0.0009999999999976694
24043000,8667,2502,124033,12797,-2278,120481,109,19227,446,0,13351,0.0010000000000012221
24044000,8116,218,124406,10638,-1623,132799,98,19231,401,0,13352,0.0010000000000012221
24045001,8445,-8823,123598,-1588,-11960,122152,117,19228,479,0,13353,0.0010009999999986974
24046000,113,1401,129045,3474,-2044,129603,135,19228,553,1,13354,0.0009990000000001942
24047000,1790,11442,128760,-2732,10475,124152,117,19224,553,1,13355,0.0010000000000012221
24048000,5146,10343,127146,13836,5845,121327,100,19230,479,1,13356,0.0009999999999976694
24049000,11090,-2249,125260,5425,-6183,127719,100,19228,410,0,13357,0.0010000000000012221
24050000,9722,1697,127415,-1920,-1937,123641,144,19234,590,0,13358,0.0009999999999976694
24051000,13723,-13163,127796,17824,-16017,140424,101,19229,414,0,13359,0.0010000000000012221
24052000,6932,4857,132354,2858,2249,122713,103,19229,422,0,13360,0.0010000000000012221
24053000,-158,6745,132034,-11066,2090,131435,134,19225,422,1,13361,0.0009999999999976694
24054000,79,10499,130636,4724,8952,122143,111,19232,549,1,13362,0.0010000000000012221
24055000,1058,-3851,126592,3490,-7767,132338,111,19232,455,1,13363,0.0010000000000012221
24056000,6333,-555,126782,7993,-4621,126226,107,19221,438,0,13364,0.0009999999999976694
24057000,10642,-1572,130640,7456,-3239,121893,111,19228,455,0,13365,0.0010000000000012221
24058000,7007,-17526,129289,6128,-20542,142717,104,19228,426,0,13366,0.0010000000000012221
24059000,-1077,11711,133492,-16522,6157,122830,121,19231,426,1,13367,0.0009999999999976694
24060001,-2846,4496,130886,-3208,1353,133090,112,19222,496,1,13368,0.00100100000000225
24061001,-8385,8428,130310,2997,5908,125523,112,19229,459,1,13369,0.0009999999999976694
24062000,-2789,-7772,129297,-20560,-11063,130327,99,19231,405,1,13370,0.0009990000000001942
24063000,2861,-4488,129204,4103,-11385,131449,133,19224,545,0,13371,0.0010000000000012221
24064000,467,3857,131991,4728,2923,121408,113,19227,463,0,13372,0.0010000000000012221
24065000,-3402,-4911,129766,-15226,-8264,135595,113,19227,463,0,13373,0.0009999999999976694
24066000,-6134,4021,133941,-16081,3995,126962,150,19225,463,1,13374,0.0010000000000012221
24067002,-9036,168,130070,-7995,-180,132276,150,19228,614,1,13375,0.0010019999999997253
24068000,-11183,16599,129545,-2721,17709,116116,115,19234,471,1,13376,0.0009979999999991662
24069000,-2671,-2687,125889,-14052,-1897,122926,103,19224,422,0,13377,0.0010000000000012221
24070000,-2693,-8703,125373,-6165,-13376,138008,148,19229,606,0,13378,0.0010000000000012221
24071000,1224,7515,128980,-3382,5775,120173,103,19229,606,0,13379,0.0009999999999976694
24072000,-3210,3124,127266,-9062,313,127215,113,19228,422,0,13380,0.0010000000000012221
24073000,-4905,10063,128552,-13523,5627,121203,113,19221,463,1,13381,0.0010000000000012221
24074001,-6474,973,127757,-8297,578,132314,111,19231,455,1,13382,0.0010009999999986974
24075000,-6640,8993,123900,-1101,2019,126514,106,19231,434,1,13383,0.0009990000000001942
24076000,2864,10345,126273,-10287,12651,112093,125,19229,512,0,13384,0.0010000000000012221
24077000,-1605,-5187,124711,-1218,-7326,132355,101,19229,512,0,13385,0.0009999999999976694
24078000,4227,-8040,124496,6878,-6785,128703,108,19230,414,0,13386,0.0010000000000012221
24079000,-403,2121,127511,-4875,-5932,128117,108,19226,442,1,13387,0.0010000000000012221
24080000,-4381,30489,127276,-8891,26661,111980,143,19228,586,1,13388,0.0009999999999976694
24081000,237,7636,125990,-2523,11184,132652,111,19231,455,1,13389,0.0010000000000012221
24082000,4879,-2440,122994,6730,-4951,126190,98,19228,401,0,13390,0.0009999999999976694
24083001,8147,4015,124193,880,144,119169,106,19228,401,0,13391,0.00100100000000225
24084000,9297,3279,125970,6816,1212,121813,112,19231,434,0,13392,0.0009990000000001942
24085000,8642,-7292,125639,15237,-12851,133456,112,19229,459,0,13393,0.0009999999999976694
24086000,2781,-6439,125758,-13250,-1654,133204,115,19222,471,1,13394,0.0010000000000012221
24087000,4328,22590,130454,6588,21360,112375,113,19229,463,1,13395,0.0010000000000012221
24088002,4370,7163,125718,13945,21,126851,103,19232,422,1,13396,0.0010019999999997253
24089002,5876,-5551,125633,-3703,-8624,127653,117,19232,479,0,13397,0.0009999999999976694
24090000,12401,-12957,126913,8758,-17897,135143,94,19219,479,0,13398,0.000998000000002719
24091000,9091,-8428,126162,17969,-7224,128450,102,19230,385,0,13399,0.0009999999999976694
24092000,5270,13908,131493,-4629,9520,117989,102,19230,418,1,13400,0.0010000000000012221
24093000,4291,6096,131362,-5505,1739,137264,129,19226,528,1,13401,0.0010000000000012221
24094000,2317,7531,129078,5102,5192,124376,114,19231,467,1,13402,0.0009999999999976694
24095000,3666,1666,130415,3813,-2009,128593,99,19231,405,1,13403,0.0010000000000012221
24096000,4630,-13983,125584,-2031,-17822,129571,159,19224,405,0,13404,0.0010000000000012221
24097001,10046,-5179,130569,19109,-7735,132475,108,19234,651,0,13405,0.0010009999999986974
24098000,4839,-3614,127363,-5843,-7365,137264,108,19232,442,0,13406,0.0009990000000001942
24099000,2882,19269,133869,-16880,16752,112615,109,19223,446,1,13407,0.0010000000000012221
24100000,-5519,4793,133114,1672,1876,134505,135,19229,553,1,13408,0.0009999999999976694
24101002,-4996,-5443,129216,2231,-8417,132258,105,19229,430,1,13409,0.0010019999999997253
24102002,-5406,-10127,128877,-19934,-15059,132626,107,19229,430,0,13410,0.0010000000000012221
24103000,2527,3584,130525,-12113,-448,128422,86,19217,438,0,13411,0.0009979999999991662
24104000,1537,674,129506,11433,-2007,121477,86,19231,352,0,13412,0.0010000000000012221
24105000,-2994,1451,131035,-13208,-3816,133507,109,19226,446,0,13413,0.0010000000000012221
24106000,-7542,4603,129804,-22842,2007,128631,135,19223,553,1,13414,0.0009999999999976694
24107000,-9204,8105,130385,-5112,4337,129134,117,19229,479,1,13415,0.0010000000000012221
24108000,-6333,11675,131061,-4802,10071,124066,99,19229,479,1,13416,0.0010000000000012221
24109000,-1377,-5617,126796,-10560,-7037,127247,144,19228,405,0,13417,0.0009999999999976694
24110000,-4626,-5606,127201,-9470,-9414,129956,144,19224,590,0,13418,0.0010000000000012221
24111000,-373,2633,127880,-4351,-188,125801,104,19230,426,0,13419,0.0010000000000012221
24112000,-2293,14850,128191,-10148,10059,123869,108,19224,442,1,13420,0.0009999999999976694
24113000,-4764,12082,129059,-7130,10520,120817,131,19227,537,1,13421,0.0010000000000012221
24114000,-5873,1,125753,-12482,-5439,133023,111,19227,537,1,13422,0.0009999999999976694
24115000,-3267,8592,129532,-14012,7138,128723,103,19233,455,1,13423,0.0010000000000012221
24116000,3628,1169,123692,8689,-2289,118705,103,19223,422,0,13424,0.0010000000000012221
24117000,-1568,-1814,125033,1877,-4636,126116,93,19228,381,0,13425,0.0009999999999976694
24118000,-848,-1390,122920,-13439,-4849,129408,118,19227,483,0,13426,0.0010000000000012221
24119000,-1896,13058,125798,-290,5827,124029,129,19217,528,1,13427,0.0010000000000012221
24120000,-1712,14049,127453,-3510,16323,121467,112,19217,528,1,13428,0.0009999999999976694
24121001,485,8391,125539,2526,7245,123037,96,19230,459,1,13429,0.00100100000000225
24122000,2592,-4906,121027,5502,-7864,128287,96,19230,393,0,13430,0.0009990000000001942
24123002,11723,9155,127023,-5218,2041,124848,129,19233,528,0,13431,0.0010019999999997253
24124002,10226,4138,125088,18452,1087,125986,109,19230,446,0,13432,0.0009999999999976694
24125000,6870,-2199,127142,5050,-9281,128427,113,19225,463,0,13433,0.000998000000002719
24126000,1989,11635,128038,-7535,-6316,124446,141,19225,463,1,13434,0.0009999999999976694
24127000,3171,5518,127733,5506,5588,121786,109,19229,577,1,13435,0.0010000000000012221
24128000,8508,4981,125916,11884,2270,118268,109,19229,446,1,13436,0.0010000000000012221
24129000,5558,10615,130047,642,947,129034,97,19224,397,0,13437,0.0009999999999976694
24130004,10822,-17168,122860,-793,-19453,132628,121,19232,496,0,13438,0.0010040000000017812
24131002,7537,-4069,129265,21537,-8092,130426,106,19231,434,0,13439,0.0009979999999991662
24132000,793,780,130573,-5333,1117,123376,114,19231,434,1,13440,0.0009979999999991662
24133000,3189,14977,131487,3220,11665,124119,109,19219,467,1,13441,0.0010000000000012221
24134000,454,17827,132109,11804,451,131277,109,19226,446,1,13442,0.0010000000000012221
24135000,2390,-2258,125397,-10472,-12218,128646,102,19232,418,1,13443,0.0009999999999976694
24136000,8457,-7001,128119,5093,-8033,125954,128,19224,524,0,13444,0.0010000000000012221
24137000,11246,-4175,129033,23822,-12229,133793,100,19230,410,0,13445,0.0010000000000012221
24138000,2769,-11349,129875,-13175,3045,130804,104,19230,426,0,13446,0.0009999999999976694
24139003,612,7354,132311,-23862,4633,121749,146,19227,426,1,13447,0.0010030000000007533
24140001,-6009,5978,131215,17760,2753,128246,113,19227,598,1,13448,0.0009979999999991662
24141002,-7954,4518,130116,-10928,-43,131722,113,19234,463,1,13449,0.00100100000000225
24142000,-1679,-7426,127684,-21321,-13865,134452,97,19224,397,0,13450,0.0009979999999991662
24143000,-2106,-11318,131091,9175,-413,128946,131,19232,537,0,13451,0.0010000000000012221
24144000,3738,7565,130775,2881,4283,125738,109,19232,446,0,13452,0.0009999999999976694
24145000,-6863,-1213,131685,-19083,-4892,132732,120,19227,446,0,13453,0.0010000000000012221
24146000,-6824,-1138,131896,-14347,674,130988,115,19220,491,1,13454,0.0009999999999976694
24147000,-12175,4265,129235,-8914,5889,131495,115,19229,471,1,13455,0.0010000000000012221
24148000,-4986,16287,129982,-10888,11625,117500,110,19226,451,1,13456,0.0010000000000012221
24149001,-3158,4797,125813,-4859,-11647,133397,117,19216,479,0,13457,0.0010009999999986974
24150000,-7220,-5629,126161,-3459,-6100,130872,93,19235,381,0,13458,0.0009990000000001942
24151000,885,1236,127479,-7177,-3939,124627,103,19235,381,0,13459,0.0010000000000012221
24152000,-3342,4839,129969,-5565,3316,126357,139,19229,422,1,13460,0.0009999999999976694
24153000,-5957,15369,128274,-8806,10493,119835,139,19225,569,1,13461,0.0010000000000012221
24154000,-8170,7094,127341,-15932,-3897,131587,123,19228,504,1,13462,0.0010000000000012221
24155000,1850,1966,127104,-357,2883,126495,103,19228,422,0,13463,0.0009999999999976694
24156000,358,-3573,123564,890,-6828,125377,124,19232,508,0,13464,0.0010000000000012221
24157000,4105,4214,127736,-8144,3005,122250,108,19232,508,0,13465,0.0010000000000012221
24158000,1848,2651,124620,-3302,-2790,127829,113,19229,442,0,13466,0.0009999999999976694
24159000,-2662,4496,124139,3055,694,125944,113,19223,463,1,13467,0.0010000000000012221
24160002,-2369,14135,125624,-8090,10188,120030,147,19227,602,1,13468,0.0010019999999997253
24161000,-2330,13154,125840,-1636,4612,123668,105,19236,430,1,13469,0.0009979999999991662
24162000,8366,13224,124379,18085,8102,121481,107,19225,438,0,13470,0.0010000000000012221
24163000,8906,-7549,123607,218,-10675,124496,93,19225,438,0,13471,0.0010000000000012221
24164000,9332,-9948,124875,4229,-9952,131569,116,19228,381,0,13472,0.0009999999999976694
24165000,6437,-1353,128983,11728,2921,122195,116,19225,475,1,13473,0.0010000000000012221
24166000,2310,9928,128915,-1443,10635,124402,137,19222,561,1,13474,0.0010000000000012221
24167000,3948,4724,126964,-6386,1058,125305,114,19231,467,1,13475,0.0009999999999976694
24168000,8032,3413,124455,16758,-3493,122857,97,19225,397,1,13476,0.0010000000000012221
24169000,11858,1266,125523,7302,-5270,126830,144,19225,397,0,13477,0.0010000000000012221
24170000,8540,2008,126098,1223,-7741,124617,107,19231,590,0,13478,0.0009999999999976694
24171001,5700,-8029,129563,17268,-13693,134788,107,19229,438,0,13479,0.00100100000000225
24172000,1865,-2159,130167,-6856,-329,127443,106,19227,434,1,13480,0.0009990000000001942
24173000,185,5099,132033,-3981,-1139,130367,135,19229,553,1,13481,0.0009999999999976694
24174000,323,19146,129665,12734,19458,120548,108,19231,442,1,13482,0.0010000000000012221
24175001,3800,3001,126360,-7563,-4433,137686,106,19231,442,1,13483,0.0010009999999986974
24176001,11693,-22543,128672,6332,-5183,125706,117,19221,434,0,13484,0.0010000000000012221
24177000,8584,367,130868,15217,3680,126203,117,19228,479,0,13485,0.0009990000000001942
24178000,2250,-2492,132320,-5816,-3836,129442,109,19225,446,0,13486,0.0009999999999976694
24179000,2492,7950,133908,-15354,-213,131571,124,19220,508,1,13487,0.0010000000000012221
24180000,-5428,-2246,130967,7604,-4226,135241,112,19229,459,1,13488,0.0010000000000012221
24181000,-7616,2535,130345,-12210,3696,117635,99,19229,405,1,13489,0.0009999999999976694
24182000,-586,4262,129899,-14504,-15651,139626,134,19231,405,0,13490,0.0010000000000012221
24183000,-1094,-11058,128409,11800,-6679,125572,104,19224,549,0,13491,0.0010000000000012221
24184000,3589,7341,131749,-10116,4386,124067,104,19226,426,0,13492,0.0009999999999976694
24185000,-8150,-1043,130652,-18837,1127,136565,109,19225,446,1,13493,0.0010000000000012221
24186001,-6033,16542,130899,-6858,3537,122374,144,19228,590,1,13494,0.0010009999999986974
24187000,-7418,3039,127923,-8140,-7513,143035,114,19228,467,1,13495,0.0009990000000001942
24188000,-5525,896,129443,-14190,15104,113396,104,19230,467,1,13496,0.0010000000000012221
24189000,-2019,11184,127311,-5750,-9172,130532,146,19223,426,0,13497,0.0010000000000012221
24190000,-5244,-7831,127530,-551,-6573,130882,146,19231,598,0,13498,0.0009999999999976694
24191000,-14,1244,126358,-12509,-4797,130200,105,19229,430,0,13499,0.0010000000000012221
24192000,-6059,-42,128147,-8386,3957,122602,114,19219,467,1,13500,0.0010000000000012221
24193000,-4958,24445,128716,-10716,19963,114595,108,19219,442,1,13501,0.0009999999999976694
24194000,-6639,2526,123713,-3175,-15980,141484,107,19225,442,1,13502,0.0010000000000012221
24195000,-3548,5074,126320,-3511,6517,109594,129,19230,438,0,13503,0.0010000000000012221
24196000,3657,6737,124317,-9608,-3865,130239,129,19226,528,0,13504,0.0009999999999976694
24197000,2852,-2944,125757,7065,4309,120058,104,19229,426,0,13505,0.0010000000000012221
24198000,5740,8540,127025,-8223,-6730,129653,107,19227,438,0,13506,0.0010000000000012221
24199000,-858,-8257,126728,-1432,-2474,133101,145,19224,594,1,13507,0.0009999999999976694
24200000,-2637,20630,128299,-2176,19957,113141,112,19224,594,1,13508,0.0010000000000012221
24201000,3051,9983,123021,-981,-3686,131299,98,19230,459,1,13509,0.0010000000000012221
24202000,5100,6974,125302,5919,7828,117539,98,19227,401,0,13510,0.0009999999999976694
24203000,10711,-1855,120663,7569,-18063,131237,110,19230,451,0,13511,0.0010000000000012221
24204002,4736,-4766,127384,11010,-3212,119535,115,19225,471,0,13512,0.0010019999999997253
24205000,5794,5111,125903,-1121,-1174,129191,117,19221,479,1,13513,0.0009979999999991662
24206000,1732,1040,128835,-4035,8762,123996,114,19221,479,1,13514,0.0010000000000012221
24207000,5709,19832,128454,8928,13466,120862,104,19229,467,1,13515,0.0009999999999976694
24208000,7294,-6224,122889,5517,-15841,135061,104,19232,426,1,13516,0.0010000000000012221
24209000,10956,566,129510,-5311,9623,115860,118,19224,483,0,13517,0.0010000000000012221
24210001,12024,-1814,124385,17329,-16535,130318,94,19226,385,0,13518,0.0010009999999986974
24211000,7130,-7523,128797,13815,-9109,130276,103,19230,422,0,13519,0.0009990000000001942
24212000,2202,4851,130402,-13819,109,129545,129,19230,422,1,13520,0.0010000000000012221
24213000,-1033,10611,127026,942,3362,124946,113,19223,528,1,13521,0.0009999999999976694
24214000,-265,13439,130655,11213,9533,122294,113,19231,463,1,13522,0.0010000000000012221
24215000,5448,1005,125538,-8510,-9465,131553,100,19226,410,0,13523,0.0010000000000012221
24216000,11320,-10238,129941,6226,-13257,126694,161,19226,659,0,13524,0.0009999999999976694
24217001,10277,-3273,129339,21789,-7881,132194,115,19226,471,0,13525,0.00100100000000225
24218000,-501,-6663,132041,-15488,-4515,119676,113,19226,471,0,13526,0.0009990000000001942
24219000,-1367,12853,134584,-17622,14005,130838,136,19222,463,1,13527,0.0009999999999976694
24220000,-5111,1422,130395,6670,-2608,129643,136,19231,557,1,13528,0.0010000000000012221
24221000,-5818,-435,127994,-9863,-5888,124943,106,19231,434,1,13529,0.0010000000000012221
24222000,1950,-11367,129088,-14177,-16801,129267,111,19217,455,0,13530,0.0009999999999976694
24223000,-2014,-429,129475,2039,3143,125743,87,19230,356,0,13531,0.0010000000000012221
24224000,2362,1945,131632,3123,-444,129987,110,19230,356,0,13532,0.0010000000000012221
24225000,-10003,5032,130824,-18730,455,131362,129,19228,451,1,13533,0.0009999999999976694
24226000,-9613,1495,130936,-14511,815,128378,129,19222,528,1,13534,0.0010000000000012221
24227000,-9601,9297,130100,-5016,9079,124801,113,19229,463,1,13535,0.0010000000000012221
24228000,-2506,6405,128928,-9184,-2426,130017,98,19228,401,1,13536,0.0009999999999976694
24229000,-1617,-2671,125507,-8759,-7934,127275,145,19223,594,0,13537,0.0010000000000012221
24230003,-4048,-4843,127897,-5578,2042,123455,105,19223,430,0,13538,0.0010030000000007533
24231002,-315,4878,128406,-8293,11818,125350,106,19237,430,0,13539,0.0009990000000001942
24232000,-7163,1874,126220,-9409,3258,131243,129,19225,434,1,13540,0.0009979999999991662
24233000,-9776,4509,127144,-9211,4822,123986,129,19228,528,1,13541,0.0010000000000012221
24234000,-7425,9062,126691,-8288,4403,120506,113,19230,463,1,13542,0.0009999999999976694
24235000,-149,10346,127400,3072,340,127519,108,19220,442,0,13543,0.0010000000000012221
24236000,597,-4376,123199,-1093,-14791,128488,84,19220,344,0,13544,0.0010000000000012221
24237000,2221,-3561,125166,-6902,-1163,127990,110,19231,344,0,13545,0.0009999999999976694
24238000,-945,5940,127041,-1529,10575,119494,124,19229,451,0,13546,0.0010000000000012221
24239002,-2133,18500,127577,-7042,14784,120260,124,19219,508,1,13547,0.0010019999999997253
24240000,-465,6125,125706,224,4761,133833,111,19231,455,1,13548,0.0009979999999991662
24241000,1604,-5756,122081,1051,64,121076,96,19229,393,1,13549,0.0010000000000012221
24242002,9822,8831,126441,2049,3846,121143,132,19232,541,0,13550,0.0010019999999997253
24243002,8565,6826,124250,15895,-6884,122051,108,19232,541,0,13551,0.0010000000000012221
24244002,6684,-5004,128067,7810,-11019,143412,114,19226,442,0,13552,0.0009999999999976694
24245000,3378,-12924,124301,-5490,-8581,121275,114,19228,467,1,13553,0.0009979999999991662
24246000,510,14020,131850,3207,17872,117132,142,19230,582,1,13554,0.0010000000000012221
24247000,3678,15990,125037,9201,3441,128087,110,19230,451,1,13555,0.0010000000000012221
24248002,7795,1100,124743,-385,-1572,121019,101,19225,414,0,13556,0.0010019999999997253
24249000,12548,-2122,129033,4384,1693,135864,121,19225,414,0,13557,0.0009979999999991662
24250000,7543,-12442,126485,15949,-9134,126275,105,19230,496,0,13558,0.0010000000000012221
24251000,9293,-6049,132316,3665,-8093,130035,105,19230,430,0,13559,0.0009999999999976694
24252000,572,1405,130000,-6861,1685,129300,115,19226,471,1,13560,0.0010000000000012221
24253000,1500,16632,130129,-299,13005,125200,110,19230,451,1,13561,0.0010000000000012221
24254000,1549,9442,128930,10019,833,128033,104,19229,426,1,13562,0.0009999999999976694
24255000,4639,2690,126276,-7664,-16882,127476,124,19229,426,0,13563,0.0010000000000012221
24256002,10802,-8137,131818,14170,-10961,133024,101,19226,508,0,13564,0.0010019999999997253
24257002,5052,-13440,126803,11713,-11222,130569,101,19230,414,0,13565,0.0010000000000012221
24258000,5775,4563,135247,-22150,8979,126267,105,19228,430,0,13566,0.0009979999999991662
24259000,-4093,12527,133043,-978,11191,125466,147,19227,602,1,13567,0.0010000000000012221
24260000,-7072,2777,129449,3046,-3257,131106,109,19231,446,1,13568,0.0009999999999976694
24261000,-6354,-8067,128892,-16589,-15495,133592,97,19231,446,1,13569,0.0010000000000012221
24262002,-537,-6920,130191,-5622,-9110,131108,128,19224,397,0,13570,0.0010019999999997253
24263000,4129,6822,128986,6810,3216,122459,128,19231,524,0,13571,0.0009979999999991662
24264002,-3281,4684,131063,-4648,-3178,129084,111,19229,455,0,13572,0.0010019999999997253
24265000,-6546,541,129999,-19728,-2764,131446,120,19223,491,1,13573,0.000998000000002719
24266000,-10501,310,131487,-13509,2286,129588,122,19229,500,1,13574,0.0009999999999976694
24267000,-9162,14669,131737,-2191,10076,124131,104,19229,500,1,13575,0.0010000000000012221
24268000,-1019,17025,128078,-3384,10316,128009,117,19233,426,1,13576,0.0009999999999976694
24269000,-4544,-9978,123485,-13249,-12239,135351,117,19214,479,0,13577,0.0010000000000012221
24270001,444,-13626,129006,-3367,-732,125845,94,19233,385,0,13578,0.00100100000000225
24271000,-3249,8250,128242,-2851,10673,118183,107,19227,438,0,13579,0.0009989999999966415
24272016,-5525,12564,130452,-13134,7932,126327,136,19225,557,1,13580,0.0010159999999999059
24273000,-8251,10731,126400,-12890,-3565,132902,119,19225,487,1,13581,0.0009840000000025384
24274000,-5197,-3291,124302,-5197,2526,121774,100,19236,487,1,13582,0.0009999999999976694
24275000,2598,9471,126865,4557,7958,122636,121,19228,410,0,13583,0.0010000000000012221
24276000,-3285,5316,121119,-3892,-12285,126851,121,19234,496,0,13584,0.0010000000000012221
24277003,2028,-3841,125015,-8130,-2465,127519,110,19228,451,0,13585,0.0010030000000007533
24278000,-1338,5568,127110,-2169,8281,123930,113,19223,463,1,13586,0.0009969999999981383
24279000,431,9355,126258,2712,15311,120253,144,19223,590,1,13587,0.0010000000000012221
24280000,-1653,23585,125963,-8517,-761,125529,104,19232,590,1,13588,0.0009999999999976694
24281003,3872,-3381,122225,-1549,-10386,132397,108,19231,426,1,13589,0.0010030000000007533
24282000,12437,-1836,124950,16540,3311,119942,108,19223,442,0,13590,0.000997000000001691
24283000,7105,8739,127146,870,-3833,121752,98,19228,401,0,13591,0.0009999999999976694
24284000,8024,-4170,125719,1851,-4863,129033,118,19225,483,0,13592,0.0010000000000012221
24285000,1511,-5303,124996,5753,-7777,133094,133,19225,545,1,13593,0.0010000000000012221
24286000,4309,6636,128711,-5625,11038,119391,115,19224,545,1,13594,0.0009999999999976694
24287000,5219,20270,125815,16103,10668,121119,98,19229,471,1,13595,0.0010000000000012221
24288000,6856,1798,124583,1341,-2579,125382,98,19233,401,0,13596,0.0010000000000012221
24289000,15333,-4044,129165,-883,-5394,128652,144,19233,590,0,13597,0.0009999999999976694
24290000,7625,-14483,125781,17770,-23081,139272,103,19231,422,0,13598,0.0010000000000012221
24291000,8226,-8582,131583,-464,8924,120626,104,19227,426,0,13599,0.0010000000000012221
24292000,28,18547,132766,-5540,6621,127716,120,19227,426,1,13600,0.0009999999999976694
24293000,1723,5356,129223,4240,-3074,134462,109,19228,491,1,13601,0.0010000000000012221
24294000,4338,-3985,126613,2463,-3797,126649,109,19228,446,1,13602,0.0010000000000012221
24295000,4234,4633,129262,-1018,-4778,127910,108,19221,442,0,13603,0.0009999999999976694
24296000,10163,-4731,129417,10455,-6004,124177,109,19233,446,0,13604,0.0010000000000012221
24297001,2465,-2843,129585,12987,-11514,137109,105,19232,430,0,13605,0.0010009999999986974
24298000,-1866,-11111,130885,-21727,-8585,131953,119,19232,430,1,13606,0.0009990000000001942
24299000,-60,14001,133907,-9040,13375,119667,112,19222,487,1,13607,0.0010000000000012221
24300000,-6910,14983,131082,10940,6019,129360,112,19231,459,1,13608,0.0009999999999976694
24301000,-692,947,126674,-16520,-10262,128184,99,19233,405,1,13609,0.0010000000000012221
24302002,-733,-17408,128846,-11808,-22923,138836,133,19230,545,0,13610,0.0010019999999997253
24303002,3689,-7824,130496,9629,9925,117169,103,19228,422,0,13611,0.0010000000000012221
24304000,-3700,15844,132663,-8680,6699,123031,108,19228,422,0,13612,0.0009979999999991662
24305000,-6328,981,131566,-21110,-8950,139202,148,19226,442,1,13613,0.0010000000000012221
24306000,-9362,346,128075,-6792,-1078,129898,148,19228,606,1,13614,0.0009999999999976694
24307001,-9185,7095,130266,-5933,4847,126616,113,19231,463,1,13615,0.00100100000000225
24308000,-2137,15715,129118,-9327,9592,118990,102,19222,418,0,13616,0.0009990000000001942
24309001,-3219,-7288,124872,-9754,-14419,136184,147,19229,602,0,13617,0.0010009999999986974
24310000,-2154,-4550,127907,-4913,-4927,129479,103,19229,602,0,13618,0.0009990000000001942
24311000,-2529,6691,127856,-8067,3405,117496,113,19226,422,0,13619,0.0010000000000012221
24312000,-4632,14125,128888,-7881,16223,123510,113,19225,463,1,13620,0.0009999999999976694
24313000,-7702,5057,125625,-9382,-1600,128819,108,19230,442,1,13621,0.0010000000000012221
24314000,-3814,3537,129141,-16691,1876,126634,105,19232,430,1,13622,0.0010000000000012221
24315000,1957,10191,125095,-3643,9062,118728,126,19230,516,0,13623,0.0009999999999976694
24316000,1834,-5193,122766,9147,-9739,130721,102,19230,516,0,13624,0.0010000000000012221
24317000,684,-9330,125742,-4349,-5619,130778,111,19226,418,0,13625,0.0010000000000012221
24318000,-1130,7339,126577,-8416,15476,117270,111,19224,455,1,13626,0.0009999999999976694
24319000,-2313,20022,126741,851,11098,126237,148,19226,606,1,13627,0.0010000000000012221
24320000,-2409,10237,123765,-615,-5546,124045,113,19231,463,1,13628,0.0010000000000012221
24321000,5810,7170,124066,6837,-7443,121073,97,19226,397,0,13629,0.0009999999999976694
24322000,7656,-480,121773,8160,-6414,125026,107,19226,438,0,13630,0.0010000000000012221
24323000,12542,437,127855,5558,-1094,121912,114,19231,438,0,13631,0.0010000000000012221
24324000,7421,1684,127077,1658,-2110,127818,118,19224,467,0,13632,0.0009999999999976694
24325000,4186,-2093,126860,636,-1930,128113,118,19220,483,1,13633,0.0010000000000012221
24326000,1595,5594,127998,6993,7688,127161,112,19231,459,1,13634,0.0010000000000012221
24327000,2124,12704,125080,5982,881,119238,101,19232,414,1,13635,0.0009999999999976694
24328000,10998,3104,125556,5514,2113,124611,117,19232,479,0,13636,0.0010000000000012221
24329000,10155,-1618,128821,10294,-10841,134598,105,19221,479,0,13637,0.0010000000000012221
24330000,10578,-6407,126117,11318,-18788,124229,108,19228,430,0,13638,0.0009999999999976694
24331000,4350,-7189,132742,-6294,5663,130067,108,19226,442,1,13639,0.0010000000000012221
24332006,2882,11429,131462,-2714,9076,127043,131,19229,537,1,13640,0.0010060000000002844
24333000,4249,5813,128654,9524,3760,124241,114,19230,467,1,13641,0.0009939999999986071
24334000,1341,6170,129990,-3695,984,131639,103,19229,422,1,13642,0.0010000000000012221
24335000,8684,-11170,126443,-1426,-17444,133229,159,19229,422,0,13643,0.0009999999999976694
24336000,7052,-12197,130436,26532,-2457,125192,108,19235,651,0,13644,0.0010000000000012221
24337000,3681,3440,128476,-11688,-6317,131168,108,19232,442,0,13645,0.0010000000000012221
24338000,-659,5022,133747,-18393,7777,126897,105,19225,430,1,13646,0.0009999999999976694
24339000,-4508,8530,130528,8277,553,128238,131,19228,537,1,13647,0.0010000000000012221
24340002,-6418,-1790,129098,66,-4342,130228,107,19231,438,1,13648,0.0010019999999997253
24341000,-6975,-2027,129448,-24715,-8825,127472,114,19231,438,0,13649,0.0009979999999991662
24342000,1353,-4143,129480,-885,-5069,129177,90,19218,467,0,13650,0.0010000000000012221
24343000,4185,-57,130304,8067,-359,130371,90,19229,369,0,13651,0.0010000000000012221
24344000,-3734,6333,132970,-18032,7450,121679,108,19228,442,0,13652,0.0009999999999976694
24345000,-9846,1152,130888,-20666,-1208,133543,131,19224,537,1,13653,0.0010000000000012221
24346001,-6057,1944,130179,-2208,1316,129207,115,19231,471,1,13654,0.0010009999999986974
24347000,-8434,6740,129805,-4189,3216,130360,104,19231,471,1,13655,0.0009990000000001942
24348000,-2979,2591,126574,-15942,-468,124375,151,19229,426,0,13656,0.0010000000000012221
24349000,-5238,-693,125966,-6834,-9965,129589,151,19224,618,0,13657,0.0010000000000012221
24350002,-894,-3284,130317,770,-934,136064,102,19236,418,0,13658,0.0010019999999997253
24351002,-2191,5842,127039,-9271,8866,114820,105,19226,430,1,13659,0.0009999999999976694
24352000,-9638,10824,129998,-10649,7275,126528,140,19227,573,1,13660,0.000998000000002719
24353000,-6143,5215,126936,-12559,2438,128713,113,19227,573,1,13661,0.0009999999999976694
24354000,-1975,-34,125959,-1140,-913,127801,111,19230,463,1,13662,0.0010000000000012221
24355000,694,3882,125734,4616,719,126121,111,19221,455,0,13663,0.0010000000000012221
24356000,383,638,123715,-14149,-3243,119074,85,19230,348,0,13664,0.0009999999999976694
24357000,2882,1288,126725,-4564,-2044,128937,110,19228,451,0,13665,0.0010000000000012221
24358000,917,3507,123458,8181,-4183,123563,128,19214,524,1,13666,0.0010000000000012221
24359000,-7815,12803,126881,-9884,10188,123483,112,19214,524,1,13667,0.0009999999999976694
24360000,-3016,14701,124517,-10876,10090,119832,100,19227,459,1,13668,0.0010000000000012221
24361001,8936,8617,125024,11617,908,129756,100,19231,410,0,13669,0.0010009999999986974
24362000,12311,392,123524,16100,-9203,124811,130,19230,532,0,13670,0.0009990000000001942
24363000,4710,-4763,124378,-1693,-5041,123061,119,19225,487,0,13671,0.0010000000000012221
24364000,8095,342,128551,-2115,-2347,132960,119,19223,487,0,13672,0.0009999999999976694
24365000,4612,2409,129149,13289,9902,116889,144,19223,590,1,13673,0.0010000000000012221
24366000,2162,8314,128092,164,6143,132684,114,19229,590,1,13674,0.0010000000000012221
24367000,7267,1303,126591,-5036,-3710,120355,101,19230,467,1,13675,0.0009999999999976694
24368001,11032,7766,127552,14022,-3693,127576,101,19223,414,0,13676,0.00100100000000225
24369000,13488,-7518,125365,12553,-13224,131667,120,19232,491,0,13677,0.0009990000000001942
24370000,5778,-3785,127987,132,-4660,126181,104,19232,426,0,13678,0.0009999999999976694
24371000,4075,-5132,130097,-6437,-3643,133524,112,19232,459,1,13679,0.0010000000000012221
24372001,557,15088,131988,8251,16060,117256,107,19220,459,1,13680,0.0010009999999986974
24373000,233,9355,129498,-65,-1129,137120,99,19228,438,1,13681,0.0009990000000001942
24374000,5510,3576,126619,-8065,-8652,122242,99,19230,405,1,13682,0.0010000000000012221
24375000,7838,-11098,128963,7176,-13461,135644,126,19224,516,0,13683,0.0010000000000012221
24376003,12654,-10524,129306,21169,-5391,132423,103,19232,422,0,13684,0.0010029999999972006
24377002,410,1615,131706,-16303,827,120439,106,19232,434,0,13685,0.0009990000000001942
24378002,2164,6126,134371,-15035,9752,131618,143,19235,434,1,13686,0.0010000000000012221
24379000,-7990,6281,131218,9623,4259,127044,112,19224,586,1,13687,0.0009979999999991662
24380000,-4572,-1631,129508,-9255,-12025,134224,112,19231,459,1,13688,0.0010000000000012221
24381000,-3004,-6691,129251,-13134,-12865,130176,97,19224,397,0,13689,0.0010000000000012221
24382000,1160,-5496,129166,336,652,125738,128,19230,524,0,13690,0.0009999999999976694
24383000,3890,5397,131563,1011,1804,127918,110,19228,451,0,13691,0.0010000000000012221
24384000,-6921,8577,130171,-14701,-4884,130847,117,19228,451,0,13692,0.0010000000000012221
24385000,-8629,-9629,130166,-13162,3881,136222,116,19224,479,1,13693,0.0009999999999976694
24386000,-10940,14493,130913,-12925,7474,121465,116,19227,475,1,13694,0.0010000000000012221
24387000,-5800,9537,130630,-10578,-1326,130035,105,19230,430,1,13695,0.0010000000000012221
24388000,-2545,-67,124987,-998,-9569,131969,119,19217,487,0,13696,0.0009999999999976694
24389000,-5742,-5991,124035,-12449,-9894,127558,90,19232,369,0,13697,0.0010000000000012221
24390000,540,3422,128862,-6979,11624,123086,102,19232,369,0,13698,0.0010000000000012221
24391000,-4961,11830,126674,-4548,563,124692,135,19230,418,1,13699,0.0009999999999976694
24392000,-5398,5051,129729,-11269,1413,127682,135,19223,553,1,13700,0.0010000000000012221
24393000,-8723,8748,126822,-10659,1264,124429,119,19228,487,1,13701,0.0009999999999976694
24394000,-949,3644,127205,914,5980,123178,102,19226,418,0,13702,0.0010000000000012221
24395000,2762,3504,124197,-1668,-4701,127644,121,19231,496,0,13703,0.0010000000000012221
24396000,3194,-7870,124852,-5288,-8583,126512,107,19231,496,0,13704,0.0009999999999976694
24397000,1632,1547,127809,-2631,17553,122512,114,19229,438,0,13705,0.0010000000000012221
24398002,-294,9097,126466,-4265,4204,123508,114,19224,467,1,13706,0.0010019999999997253
24399000,-1226,6850,128104,43,1045,129967,143,19229,586,1,13707,0.0009979999999991662
24400000,-736,6635,123237,-3233,-475,126427,106,19232,434,1,13708,0.0010000000000012221
24401000,7515,4795,123397,6076,-2315,119559,106,19224,434,0,13709,0.0010000000000012221
24402000,6846,10274,121945,11768,-3235,121223,97,19224,434,0,13710,0.0009999999999976694
24403000,6115,-11729,123510,1879,-14529,132365,116,19228,397,0,13711,0.0010000000000012221
24404000,3630,2410,127790,2295,1003,124930,116,19223,475,1,13712,0.0010000000000012221
24405000,3228,10340,128748,5901,7385,119869,136,19225,557,1,13713,0.0009999999999976694
24406000,5901,9896,127233,1140,5930,127409,116,19228,475,1,13714,0.0010000000000012221
24407001,7024,1171,124614,6340,-4188,128873,98,19228,401,1,13715,0.0010009999999986974
24408001,12519,-4812,128031,4734,-4493,125721,142,19228,582,0,13716,0.0010000000000012221
24409000,9273,6291,127942,8018,3083,125150,101,19233,582,0,13717,0.0009990000000001942
24410000,6124,-11405,127378,10009,-18991,137554,107,19229,414,0,13718,0.0010000000000012221
24411001,5550,-10696,129107,-3932,1048,127422,107,19225,438,1,13719,0.0010009999999986974
24412000,-2017,14385,131350,688,17444,119477,127,19227,520,1,13720,0.0009990000000001942
24413000,2126,18242,127928,2171,1295,128055,109,19234,446,1,13721,0.0010000000000012221
24414000,3667,1236,129801,-1749,-13379,131354,107,19234,438,0,13722,0.0009999999999976694
24415000,11703,-11527,127841,13173,-12717,130638,111,19224,438,0,13723,0.0010000000000012221
24416000,6224,-6199,129515,7722,-7648,131954,108,19231,455,0,13724,0.0010000000000012221
24417000,1673,-5727,133432,-17348,-1505,126864,108,19228,442,0,13725,0.0009999999999976694
24418001,3713,6139,133855,-4980,5611,129564,124,19223,508,1,13726,0.00100100000000225
24419000,-6679,8264,131886,4816,6191,127259,112,19229,459,1,13727,0.0009990000000001942
24420013,-6981,5244,128824,-11585,-10636,133280,95,19225,389,1,13728,0.001012999999996822
24421000,-2225,-3331,126642,-6156,-15306,132152,132,19225,389,0,13729,0.0009870000000020696
24422000,-578,-3536,128539,6302,-5673,126738,103,19229,541,0,13730,0.0010000000000012221
24423000,-82,5846,130682,-7662,236,124345,103,19229,422,0,13731,0.0009999999999976694
24424000,-6016,3638,131111,-15699,-3522,129952,113,19223,463,1,13732,0.0010000000000012221
24425000,-7145,1989,130472,-10820,2839,132022,150,19228,614,1,13733,0.0009999999999976694
24426000,-8093,6867,129860,-11054,6882,122464,115,19231,471,1,13734,0.0010000000000012221
24427000,-2801,15367,130419,-7965,11212,123611,101,19231,471,1,13735,0.0010000000000012221
24428000,-2788,-877,124732,-5100,-14179,133445,148,19224,414,0,13736,0.0009999999999976694
24429000,-2660,-13344,126763,-5387,-5952,128425,148,19232,606,0,13737,0.0010000000000012221
24430000,-2723,2363,128233,-12454,3695,124585,110,19228,451,0,13738,0.0010000000000012221
24431000,-3880,11630,128770,-3962,6225,123251,118,19220,483,1,13739,0.0009999999999976694
24432000,-6897,10758,127395,-4541,7293,126100,113,19228,463,1,13740,0.0010000000000012221
24433000,-10789,5490,125659,-14036,1301,124088,106,19228,463,1,13741,0.0010000000000012221
24434000,291,8074,125696,5802,-281,123726,129,19233,434,0,13742,0.0009999999999976694
24435000,1471,330,126477,-2240,-4673,132744,129,19232,528,0,13743,0.0010000000000012221
24436000,4424,-2695,124811,-7088,-1607,119622,102,19228,418,0,13744,0.0010000000000012221
24437000,496,3548,127319,-4131,3052,130374,106,19228,434,0,13745,0.0009999999999976694
24438000,410,5380,126659,-2951,17189,121869,144,19223,590,1,13746,0.0010000000000012221
24439000,-3571,13369,126275,913,10330,123108,110,19223,590,1,13747,0.0010000000000012221
24440000,2993,3304,124247,-3913,-396,127590,97,19232,451,1,13748,0.0009999999999976694
24441000,7508,5853,123915,6114,853,119955,97,19229,397,0,13749,0.0010000000000012221
24442000,8594,-2333,122690,16334,-11008,129340,106,19232,434,0,13750,0.0010000000000012221
24443001,7297,-4758,126224,1695,-8894,125499,112,19227,459,0,13751,0.0010009999999986974
24444000,3310,-193,129936,-3346,420,134958,113,19220,463,1,13752,0.0009990000000001942
24445000,2047,2332,126851,9411,4409,116552,113,19220,463,1,13753,0.0010000000000012221
24446001,1820,12842,127028,-83,8669,120918,103,19228,463,1,13754,0.0010009999999986974
24447000,7113,11685,125972,1617,6971,128601,103,19231,422,1,13755,0.0009990000000001942
24448000,11510,-1929,124757,10701,-5798,124155,118,19221,483,0,13756,0.0010000000000012221
24449000,11148,-9623,128977,10750,-14467,136586,95,19226,389,0,13757,0.0009999999999976694
24450000,7729,-1767,129979,3256,-2511,120956,102,19229,418,0,13758,0.0010000000000012221
24451000,3426,2858,129112,-2491,-3566,135856,129,19229,528,1,13759,0.0010000000000012221
24452000,-1377,6692,131132,2264,7058,125337,113,19227,528,1,13760,0.0009999999999976694
24453000,2095,12771,128725,282,6643,131227,100,19236,463,1,13761,0.0010000000000012221
24454000,5490,-1808,126116,998,-7452,124600,100,19229,410,0,13762,0.0010000000000012221
24455000,11094,-6278,128944,8383,-11710,131125,160,19237,655,0,13763,0.0009999999999976694
24456000,10027,-1177,128849,9533,-9590,129671,108,19228,442,0,13764,0.0010000000000012221
24457000,1103,-3356,132313,-13055,923,123996,107,19228,438,0,13765,0.0009999999999976694
24458000,1038,14644,134516,-11029,-923,138099,134,19222,438,1,13766,0.0010000000000012221
24459000,-8028,-3917,127871,7163,-1255,122206,105,19227,549,1,13767,0.0010000000000012221
24460000,-4952,-1317,131029,-11367,-6810,136288,105,19234,430,1,13768,0.0009999999999976694
24461000,384,-3690,128828,-14698,-3881,124452,114,19217,467,0,13769,0.0010000000000012221
24462000,266,909,129440,7750,5024,126505,100,19229,410,0,13770,0.0010000000000012221
24463000,-988,3646,130042,-17085,-6687,135611,117,19225,479,0,13771,0.0009999999999976694
24464000,-10034,-5132,130459,-15713,1266,127836,136,19225,479,1,13772,0.0010000000000012221
24465002,-7128,3686,132258,-9552,9834,131046,118,19227,557,1,13773,0.0010019999999997253
24466000,-10610,7782,130054,-6874,8048,121896,118,19230,483,1,13774,0.0009979999999991662
24467000,-1578,8644,129045,-8200,5918,128264,103,19229,422,1,13775,0.0010000000000012221
24468000,-1215,-1560,125605,-11910,-14753,127742,153,19222,627,0,13776,0.0010000000000012221
24469000,-2313,-2195,127160,-9713,-381,124497,103,19222,422,0,13777,0.0009999999999976694
24470000,201,5013,130175,-4446,1518,129630,104,19229,422,0,13778,0.0010000000000012221
24471000,-6121,5640,127489,-8084,2494,122237,128,19223,426,1,13779,0.0010000000000012221
24472000,-5671,6776,129311,-15703,4666,128799,128,19228,524,1,13780,0.0009999999999976694
24473000,-6241,5027,126035,-4010,10059,122639,113,19229,463,1,13781,0.0010000000000012221
24474000,1103,6339,123865,3861,-346,126460,111,19222,455,0,13782,0.0010000000000012221
24475000,-3156,1298,123386,-8217,-4018,121937,86,19228,352,0,13783,0.0009999999999976694
24476000,320,1415,126081,-2663,77,127869,109,19228,352,0,13784,0.0010000000000012221
24477000,1923,4891,125459,7721,-1825,126052,125,19228,446,0,13785,0.0010000000000012221
24478000,-4800,4901,126528,-10105,5285,124550,125,19218,512,1,13786,0.0009999999999976694
24479000,-1705,3226,125005,-6282,14638,125910,113,19227,463,1,13787,0.0010000000000012221
24480000,4899,10994,124654,8426,8714,116226,98,19232,401,1,13788,0.0010000000000012221
24481000,10874,6524,125020,-639,-9531,129769,135,19232,553,0,13789,0.0009999999999976694
24482002,8818,-7024,125109,9908,-2180,125106,109,19232,553,0,13790,0.0010019999999997253
24483000,5607,-5947,124984,4363,-6242,127804,113,19226,446,0,13791,0.000998000000002719
24484000,6424,-4393,128352,1064,-4437,129462,113,19226,463,1,13792,0.0009999999999976694
24485000,-1701,11080,128595,645,5429,124401,139,19227,569,1,13793,0.0010000000000012221
24486000,4625,9695,126318,5038,4466,125310,111,19231,455,1,13794,0.0010000000000012221
24487000,5660,5056,127403,7882,-198,122540,103,19223,422,0,13795,0.0009999999999976694
24488000,9900,-3088,125509,2559,-10128,130870,120,19223,422,0,13796,0.0010000000000012221
24489000,10205,-6505,127006,13787,-12040,129880,105,19230,491,0,13797,0.0009999999999976694
24490000,4441,-620,129278,-250,-2348,126844,105,19229,430,0,13798,0.0010000000000012221
24491000,4999,-5512,132650,-4189,17257,130760,112,19223,459,1,13799,0.0010000000000012221
24492000,371,10819,129205,5158,2398,124503,108,19228,442,1,13800,0.0009999999999976694
24493001,931,-5390,132566,-4096,-10495,137367,104,19226,426,1,13801,0.00100100000000225
24494000,5151,-1270,126347,3417,-6146,125373,131,19226,426,0,13802,0.0009990000000001942
24495000,7805,-5998,129943,13082,-8831,127359,110,19220,537,0,13803,0.0009999999999976694
24496000,6707,424,129010,6536,-4235,130896,110,19233,451,0,13804,0.0010000000000012221
24497000,-542,-5470,132638,-21375,-4908,129731,110,19227,451,1,13805,0.0010000000000012221
24498000,-1792,13085,133978,2274,7487,129546,145,19225,594,1,13806,0.0009999999999976694
24499000,-8289,2364,131098,553,757,130187,113,19231,463,1,13807,0.0010000000000012221
24500003,-4502,-5436,129330,-18816,-9317,136122,101,19231,414,1,13808,0.0010030000000007533
24501000,927,-4940,127321,-2377,-8239,125144,132,19226,414,0,13809,0.0009969999999981383
24502000,1115,4117,129789,7505,-690,129933,109,19232,541,0,13810,0.0010000000000012221
24503000,-2442,13253,129984,-7980,8420,121252,109,19229,446,0,13811,0.0010000000000012221
24504000,-8677,-1433,129378,-19106,-7346,140361,116,19224,475,1,13812,0.0009999999999976694
24505000,-8424,-8398,130726,-9875,3985,129292,119,19226,487,1,13813,0.0010000000000012221
24506000,-10407,12476,130737,-5672,9636,121694,107,19226,438,1,13814,0.0010000000000012221
24507000,-3387,10353,127703,-11665,-1052,126496,121,19233,438,0,13815,0.0009999999999976694
24508001,-1669,1555,125882,-6455,-10103,130849,91,19216,496,0,13816,0.00100100000000225
24509000,-1101,-9130,125521,-4340,-6036,131173,91,19231,373,0,13817,0.0009990000000001942
24510000,-1501,12862,128327,-7166,11200,115280,102,19230,418,0,13818,0.0009999999999976694
24511000,-5891,13734,129061,-8321,3159,130577,136,19227,557,1,13819,0.0010000000000012221
24512001,-6607,7467,127172,-10498,-2729,127948,118,19227,483,1,13820,0.0010009999999986974
24513000,-6541,2104,126769,-8217,-2508,126904,104,19230,483,1,13821,0.0009990000000001942
24514000,1486,4556,126572,3658,285,129514,123,19229,426,0,13822,0.0010000000000012221
24515000,-364,14774,122958,-1356,-3968,118108,123,19233,504,0,13823,0.0010000000000012221
24516000,1589,-2253,124889,-5445,-5607,134709,117,19228,479,0,13824,0.0009999999999976694
24517000,-619,1629,126213,-3597,4778,122545,116,19222,475,1,13825,0.0010000000000012221
24518000,-1522,12182,126937,-4239,9147,120762,141,19226,577,1,13826,0.0009999999999976694
24519000,-1551,17938,126744,-998,5210,122610,106,19226,577,1,13827,0.0010000000000012221
24520001,6958,2785,120953,8525,-9281,129164,108,19231,434,0,13828,0.00100100000000225
24521000,7988,-5402,124233,3891,-1745,124316,108,19230,442,0,13829,0.0009989999999966415
24522002,10985,6346,126465,1431,2510,118568,91,19227,373,0,13830,0.001002000000003278
24523000,8017,89,127728,11708,-1968,129516,111,19226,455,0,13831,0.0009979999999991662
24524000,3646,3337,127285,425,-4395,127518,131,19226,537,1,13832,0.0009999999999976694
24525000,1410,2037,128073,-789,1886,125815,113,19226,537,1,13833,0.0010000000000012221
24526000,4543,7323,125902,13671,1777,129902,97,19231,463,1,13834,0.0010000000000012221
24527001,6831,4805,125792,6357,-3001,122131,97,19228,397,0,13835,0.0010009999999986974
24528000,11057,6943,125249,4115,-10144,128444,143,19231,586,0,13836,0.0009990000000001942
24529000,7564,-10369,126351,11387,-13634,133666,102,19231,418,0,13837,0.0010000000000012221
24530003,4770,2501,129125,-929,330,122173,105,19224,430,0,13838,0.0010029999999972006
24531013,2353,6012,130552,-2270,3197,128954,126,19224,430,1,13839,0.0010100000000008436
24532000,3909,10239,130405,2916,5306,125032,109,19231,516,1,13840,0.0009870000000020696
24533000,2431,2773,129060,2935,-6523,133630,109,19229,446,1,13841,0.0009999999999976694
24534000,7733,-5872,128374,-2668,-6595,127230,108,19225,442,0,13842,0.0010000000000012221
24535002,8906,-4305,129371,12342,-6032,128098,106,19231,434,0,13843,0.0010019999999997253
24536000,5364,-8186,129344,12766,-12384,138190,104,19230,426,0,13844,0.0009979999999991662
24537000,1326,3029,130905,-23550,4905,120558,123,19230,426,1,13845,0.0010000000000012221
24538000,-783,5132,135635,-8605,12195,135402,113,19220,504,1,13846,0.0010000000000012221
24539000,-7478,7294,128495,10613,3750,119383,113,19229,463,1,13847,0.0009999999999976694
24540001,-3596,-2353,130303,-13279,-13574,136102,99,19233,405,1,13848,0.00100100000000225
24541000,-1380,-18608,128568,-11292,-18049,139152,134,19227,549,0,13849,0.0009990000000001942
24542000,1994,5839,131950,7107,6429,118297,103,19230,422,0,13850,0.0009999999999976694
24543000,-2038,7064,133016,-9746,3601,132799,110,19230,451,0,13851,0.0010000000000012221
24544000,-6027,6052,130694,-19112,3266,124417,141,19225,451,1,13852,0.0010000000000012221
24545003,-9335,-6027,128919,-6481,-8134,139109,112,19228,577,1,13853,0.0010029999999972006
24546002,-7227,7067,132414,-10767,11975,120676,112,19229,459,1,13854,0.0009990000000001942
24547000,-4484,9192,126796,-9821,4650,125198,104,19225,426,0,13855,0.000998000000002719
24548000,-4684,-6570,124916,-8068,-12207,125244,145,19236,594,0,13856,0.0009999999999976694
24549000,-2130,-1849,127589,-7653,-4286,126703,103,19236,422,0,13857,0.0010000000000012221
24550000,-1727,5021,130231,-9878,72,128454,116,19231,422,1,13858,0.0009999999999976694
24551000,-3516,10176,126411,-1256,9523,121653,116,19221,475,1,13859,0.0010000000000012221
24552000,-7646,10783,129216,-13337,2134,132696,116,19227,475,1,13860,0.0010000000000012221
24553000,-3446,7765,125605,-11881,2856,118178,110,19230,451,1,13861,0.0009999999999976694
24554000,-300,969,123928,5731,-11646,137150,127,19226,520,0,13862,0.0010000000000012221
24555000,-660,-9292,124115,-2204,-427,119013,100,19226,410,0,13863,0.0010000000000012221
24556000,939,4133,125637,-8072,9329,121327,107,19227,410,0,13864,0.0009999999999976694
24557000,-745,10045,127086,979,3684,131126,148,19227,438,1,13865,0.0010000000000012221
24558000,-544,8380,124772,-1647,7471,119326,148,19223,606,1,13866,0.0010000000000012221
24559000,-2007,10340,124772,-3286,1574,129143,114,19231,467,1,13867,0.0009999999999976694
24560000,4403,6965,124610,8177,4777,116851,97,19229,397,0,13868,0.0010000000000012221
24561000,9112,6296,124568,6142,-8243,131273,106,19228,434,0,13869,0.0010000000000012221
24562000,11134,-8443,124974,8140,-14013,127073,110,19228,434,0,13870,0.0009999999999976694
24563000,6302,-1379,127130,-211,1339,121491,119,19229,451,0,13871,0.0010000000000012221
24564000,3837,3255,130731,5358,6392,128915,119,19222,487,1,13872,0.0010000000000012221
24565000,2355,6349,127218,2134,8123,119281,117,19230,479,1,13873,0.0009999999999976694
24566000,8627,5620,127653,-141,1652,130777,103,19230,422,1,13874,0.0010000000000012221
24567000,8988,2538,126136,10717,5415,115576,116,19224,475,0,13875,0.0010000000000012221
24568001,12058,4768,125253,10911,-12184,132716,96,19224,475,0,13876,0.0010009999999986974
24569003,8099,-15845,128251,7278,-19509,134507,102,19232,393,0,13877,0.0010019999999997253
24570000,4330,-269,131577,-9966,1328,127727,102,19227,418,1,13878,0.000997000000001691
24571000,3267,3618,129211,3190,3626,128172,134,19231,549,1,13879,0.0009999999999976694
24572000,-3303,21916,130965,7178,17309,114607,114,19228,467,1,13880,0.0010000000000012221
24573000,2959,3836,126977,-10927,-5909,142307,100,19226,410,1,13881,0.0010000000000012221
24574000,10234,-22555,125722,10954,-16901,123340,160,19226,410,0,13882,0.0009999999999976694
24575000,9354,4546,131347,12136,-3736,125151,107,19232,655,0,13883,0.0010000000000012221
24576000,4244,-161,129966,-6549,-3000,129055,107,19229,438,0,13884,0.0010000000000012221
24577000,0,7602,132090,-13101,499,127750,111,19224,455,1,13885,0.0009999999999976694
24578000,-2572,-7223,131264,4060,-10251,145575,134,19228,549,1,13886,0.0010000000000012221
24579000,-12583,3689,128975,-9117,8115,114576,104,19231,426,1,13887,0.0010000000000012221
24580000,-43,9198,131643,-17966,45,129611,109,19231,426,0,13888,0.0009999999999976694
24581000,326,-10816,126235,10002,-11840,133257,89,19214,446,0,13889,0.0010000000000012221
24582000,5023,-4176,128283,915,-2412,130557,89,19233,365,0,13890,0.0009999999999976694
24583000,-6287,686,130540,-23224,2928,128411,109,19227,446,0,13891,0.0010000000000012221
24584000,-6620,5818,131455,-7095,4792,124906,132,19222,541,1,13892,0.0010000000000012221
24585000,-9850,1652,130527,-1534,15420,138161,114,19229,467,1,13893,0.0009999999999976694
24586000,-8779,-1861,128512,-18721,-5616,122185,99,19229,405,1,13894,0.0010000000000012221
24587000,-2940,5276,127358,-11731,403,125689,149,19227,405,0,13895,0.0010000000000012221
24588000,-5128,-2503,127526,-321,-8219,134735,107,19230,610,0,13896,0.0009999999999976694
24589000,-1033,398,126650,-1174,-3479,117800,107,19233,438,0,13897,0.0010000000000012221
24590000,-4667,5279,130770,-20368,-2047,134181,107,19224,438,1,13898,0.0010000000000012221
24591000,-8499,6776,128215,-4067,3287,118577,129,19227,528,1,13899,0.0009999999999976694
24592000,-7617,10084,128995,-4736,5262,126566,112,19227,459,1,13900,0.0010000000000012221
24593000,-3678,7379,125774,-16700,2833,125453,108,19229,459,1,13901,0.0010000000000012221
24594000,-178,2002,123467,8550,4,121975,91,19222,442,0,13902,0.0009999999999976694
24595001,1879,-2359,124757,-3186,-5521,125006,91,19228,373,0,13903,0.00100100000000225
24596001,2612,2640,125176,-10058,2239,126834,114,19228,467,0,13904,0.0009999999999976694
24597000,2965,11146,126596,11072,11394,124747,126,19218,516,1,13905,0.0009990000000001942
24598001,-3970,2699,126398,-6421,408,123681,111,19218,455,1,13906,0.00100100000000225
24599003,1415,2521,126462,-12411,12238,126308,97,19232,455,1,13907,0.0010019999999997253
24600001,7169,6784,125163,11553,5467,120344,133,19232,397,0,13908,0.0009979999999991662
24601000,7935,4164,123551,11826,-6696,124263,133,19235,545,0,13909,0.0009990000000001942
24602000,7550,-2177,124869,-2184,-12290,129202,110,19226,451,0,13910,0.0010000000000012221
24603000,2738,-6593,126575,6935,-1107,126508,113,19225,463,0,13911,0.0009999999999976694
24604000,6209,7618,128935,5071,7680,125065,138,19229,565,1,13912,0.0010000000000012221
24605002,1283,11251,130445,-1912,9829,123030,107,19229,565,1,13913,0.0010019999999997253
24606000,7374,8496,125544,3927,-7072,129330,100,19233,438,1,13914,0.0009979999999991662
24607000,9644,-2857,125228,12021,-2331,124656,100,19226,410,0,13915,0.0010000000000012221
24608000,9756,-4995,126081,5953,-10329,137035,121,19232,496,0,13916,0.0010000000000012221
24609000,8632,-5359,127366,5880,-5047,125102,105,19228,430,0,13917,0.0009999999999976694
24610000,2530,-1217,129533,-2746,2,131697,113,19222,463,1,13918,0.0010000000000012221
24611000,3409,5502,131449,6188,7270,126519,110,19222,463,1,13919,0.0010000000000012221
24612000,-3378,13916,128839,411,9084,119565,103,19229,451,1,13920,0.0009999999999976694
24613000,5769,4877,128258,-2226,-7959,133349,103,19229,422,1,13921,0.0010000000000012221
24614000,9070,-12534,127901,7214,-24235,132775,126,19223,516,0,13922,0.0009999999999976694
24615001,10686,-6147,131090,20419,-3060,128071,111,19230,455,0,13923,0.00100100000000225
24616003,1766,1502,129763,-18857,-3756,130915,108,19235,442,0,13924,0.0010019999999997253
24617000,-568,-602,130891,-14764,10693,125839,149,19235,442,1,13925,0.0009969999999981383
24618000,-5073,12831,133817,9414,4715,131276,111,19228,610,1,13926,0.0010000000000012221
24619002,-4886,-1728,129668,-5056,-6321,131025,111,19230,455,1,13927,0.0010019999999997253
24620000,-5800,-9214,128724,-14529,-14437,136395,99,19226,405,0,13928,0.0009979999999991662
24621000,1118,-2173,127957,-2535,-5225,124517,116,19232,475,0,13929,0.0010000000000012221
24622000,316,4832,131276,7629,-7036,133221,110,19228,451,0,13930,0.0010000000000012221
24623001,-6094,1980,131934,-17389,2587,128472,118,19228,451,1,13931,0.0010009999999986974
24624000,-8838,12232,131328,-22633,2605,126510,109,19218,483,1,13932,0.0009990000000001942
24625001,-10001,7582,129281,-3709,5060,126773,109,19229,446,1,13933,0.0010009999999986974
24626000,-2181,10361,131761,-5802,3320,126888,103,19231,422,1,13934,0.0009990000000001942
24627000,-2367,-4306,126241,-4827,-12230,130128,119,19221,487,0,13935,0.0010000000000012221
24628000,-3932,-2677,125323,-12625,454,124195,95,19227,389,0,13936,0.0010000000000012221
24629001,-2372,7085,129209,-6068,3943,125016,103,19227,389,0,13937,0.0010009999999986974
24630000,-3794,4852,126688,-1372,4311,126030,136,19229,422,1,13938,0.0009990000000001942
24631000,-9451,7499,128807,-14209,-788,128211,136,19226,557,1,13939,0.0010000000000012221
24632003,-6405,-5376,126822,-12067,2791,131866,115,19231,471,1,13940,0.0010029999999972006
24633000,800,20353,128277,2103,10930,114401,102,19228,418,0,13941,0.000997000000001691
24634003,2005,-3062,123953,4093,-13478,135079,123,19232,504,0,13942,0.0010030000000007533
24635000,2092,-9490,123510,-7875,-8934,125366,110,19232,451,0,13943,0.0009969999999981383
24636002,-2080,12290,126786,-7507,7033,121942,114,19226,451,0,13944,0.0010019999999997253
24637000,-862,13428,125747,2,13179,125306,138,19220,467,1,13945,0.000998000000002719
24638000,-2475,17032,128103,-5148,12930,120285,138,19225,565,1,13946,0.0009999999999976694
24639000,4597,-1972,123926,763,-6024,133215,104,19231,426,1,13947,0.0010000000000012221
24640000,5705,4139,122377,11574,1987,119055,107,19226,438,0,13948,0.0010000000000012221
24641000,7418,3122,124967,-4526,-2006,125345,93,19226,381,0,13949,0.0009999999999976694
24642000,11071,2855,126517,17148,-2850,125499,112,19230,381,0,13950,0.0010000000000012221
24643000,3000,-5919,125638,6507,-11577,133050,134,19228,459,1,13951,0.0009999999999976694
24644000,4549,377,127845,-15024,2315,120219,134,19226,549,1,13952,0.0010000000000012221
24645000,4578,17360,130679,15969,11010,124099,114,19232,467,1,13953,0.0010000000000012221
24646000,9104,3351,123968,14559,-2523,127903,99,19227,405,1,13954,0.0009999999999976694
24647000,7992,4564,128897,-8745,-3170,123863,148,19227,606,0,13955,0.0010000000000012221
24648000,9948,-8034,125030,7731,-19423,136584,105,19232,606,0,13956,0.0010000000000012221
24649000,7784,-7421,125688,20900,3114,120893,105,19231,430,0,13957,0.0009999999999976694
24650000,2149,4597,131360,-14388,-6316,136296,105,19227,430,1,13958,0.0010000000000012221
24651000,-79,3129,129915,5260,16704,121520,126,19229,516,1,13959,0.0010000000000012221
24652000,2828,17021,131953,7758,1383,128410,110,19229,451,1,13960,0.0009999999999976694
24653000,3554,-5183,128874,-3979,-12621,130657,109,19220,446,0,13961,0.0010000000000012221
24654000,7922,-6001,127310,9225,-7139,121164,109,19220,446,0,13962,0.0010000000000012221
24655000,10073,-7002,129567,17562,-22857,144699,105,19230,446,0,13963,0.0009999999999976694
24656000,1251,3703,133041,-20684,6600,114433,105,19230,430,0,13964,0.0010000000000012221
24657000,3756,14058,132037,-8873,3460,131592,123,19222,504,1,13965,0.0010000000000012221
24658000,-8988,299,134112,6452,-1970,134265,113,19227,463,1,13966,0.0009999999999976694
24659000,-2968,-2105,127386,-19322,-8889,124984,99,19229,405,1,13967,0.0010000000000012221
24660007,-2250,-7331,129582,-4435,-6754,138494,136,19229,405,0,13968,0.0010070000000013124
24661000,1054,3387,130882,5028,7987,113195,106,19230,557,0,13969,0.0009929999999975792
24662000,-1245,7665,131096,-5832,-3663,136189,106,19228,434,0,13970,0.0010000000000012221
24663000,-6869,-8925,130004,-18966,-5845,132650,113,19226,463,1,13971,0.0010000000000012221
24664000,-7319,1184,130038,-9874,5718,130696,143,19229,586,1,13972,0.0009999999999976694
24665000,-10380,6882,130043,-7953,9706,125529,115,19231,471,1,13973,0.0010000000000012221
24666000,-2692,19172,130250,-10570,11441,116520,105,19231,471,1,13974,0.0010000000000012221
24667001,-5894,-9472,125996,-4071,-15074,142375,144,19223,430,0,13975,0.0010009999999986974
24668000,-2489,-10391,128105,-3303,-3785,115421,144,19232,590,0,13976,0.0009990000000001942
24669000,-751,6508,126331,-9867,2241,131390,103,19230,422,0,13977,0.0010000000000012221
24670000,-3936,9352,128927,-8518,11029,122753,119,19220,487,1,13978,0.0009999999999976694
24671000,-4564,16867,127536,-7970,5846,120640,117,19227,479,1,13979,0.0010000000000012221
24672000,-7827,-7819,127086,-14532,-3858,141135,107,19227,479,1,13980,0.0010000000000012221
24673000,-613,2433,126493,471,2766,113966,127,19229,438,0,13981,0.0009999999999976694
24674000,-472,6808,124602,-1746,-539,129027,127,19228,520,0,13982,0.0010000000000012221
24675000,2037,3433,124030,-4010,2466,120791,104,19228,426,0,13983,0.0009999999999976694
24676001,88,-1,126493,-501,-5574,130942,112,19229,459,0,13984,0.00100100000000225
24677001,-3168,2118,124429,-1380,4492,123238,154,19223,631,1,13985,0.0010000000000012221
24678000,-3536,19391,127759,-8354,13614,116672,114,19223,467,1,13986,0.0009989999999966415
24679000,3738,5099,125687,5373,5919,132723,97,19232,467,1,13987,0.0010000000000012221
24680000,10457,-670,124737,8138,-5810,116484,104,19225,397,0,13988,0.0010000000000012221
24681000,7032,-4837,121654,135,1036,127182,104,19232,426,0,13989,0.0009999999999976694
24682000,6930,-2451,126043,9890,-4792,126902,113,19226,463,0,13990,0.0010000000000012221
24683000,5366,-5492,124048,11495,-12924,129333,120,19224,491,1,13991,0.0010000000000012221
24684000,-241,6846,127800,-6217,8241,127035,115,19224,471,1,13992,0.0009999999999976694
24685001,3450,15216,129409,-3522,13161,116975,103,19232,471,1,13993,0.00100100000000225
24686000,10378,4893,125783,19108,-2430,129305,117,19230,422,1,13994,0.0009990000000001942
24687000,9255,2368,124765,4259,-2579,124528,117,19221,479,0,13995,0.0009999999999976694
24688000,10625,-6004,125368,929,-9538,134765,93,19231,381,0,13996,0.0010000000000012221
24689000,6811,-8850,128959,15158,-7506,124944,102,19224,418,0,13997,0.0010000000000012221
24690000,4060,3178,130066,-4324,3708,129254,133,19224,545,1,13998,0.0009999999999976694
24691000,536,8956,129420,312,10867,124657,115,19228,545,1,13999,0.0010000000000012221
24692000,744,5167,128594,4548,120,126525,101,19230,471,1,14000,0.0010000000000012221
24693000,5212,-7430,127520,-4533,-4389,129717,101,19226,414,0,14001,0.0009999999999976694
24694000,8166,-5774,128738,5368,-9396,125171,156,19233,639,0,14002,0.0010000000000012221
24695000,6326,-4537,128345,16316,-6233,134132,105,19231,430,0,14003,0.0010000000000012221
24696000,1436,-1536,130257,-9904,3841,124703,109,19223,446,0,14004,0.0009999999999976694
24697000,-1451,7077,133137,-5903,1453,128793,137,19223,446,1,14005,0.0010000000000012221
24698000,-4688,1761,133711,5883,2490,132595,106,19224,561,1,14006,0.0010000000000012221
24699000,-6191,993,130187,-17609,-8897,127593,106,19230,434,1,14007,0.0009999999999976694
24700000,-116,-8019,127934,-11292,-7288,134290,112,19217,459,0,14008,0.0010000000000012221
24701001,-2191,582,129218,8865,-50,122865,89,19231,365,0,14009,0.0010009999999986974
24702000,869,2777,129339,-11451,-5468,133445,109,19229,446,0,14010,0.0009990000000001942
24703000,-7328,17245,133443,-19304,-2651,126269,135,19229,446,1,14011,0.0010000000000012221
24704002,-9119,-2774,130699,-9755,162,135544,116,19224,553,1,14012,0.0010019999999997253
24705000,-6838,2998,131895,-2486,6145,127480,116,19230,475,1,14013,0.0009979999999991662
24706000,-6193,14896,129470,-9939,8178,117429,99,19228,405,1,14014,0.0010000000000012221
24707000,-3648,-2760,124478,-13884,-11163,137712,151,19224,618,0,14015,0.0009999999999976694
24708000,-3597,-4372,127524,-1836,-7660,125970,103,19230,422,0,14016,0.0010000000000012221
24709000,-82,677,126280,-6316,1383,129795,107,19230,422,0,14017,0.0010000000000012221
24710000,-5355,7955,129659,-8770,10830,118268,129,19224,438,1,14018,0.0009999999999976694
24711000,-7136,15639,127989,-13759,7074,126982,129,19227,528,1,14019,0.0010000000000012221
24712000,-3152,2412,126195,-765,-6173,134807,113,19229,463,1,14020,0.0010000000000012221
24713000,-3483,1048,123658,-4345,3436,118077,107,19222,438,0,14021,0.0009999999999976694
24714000,-566,2517,125920,-8721,1969,126972,84,19231,344,0,14022,0.0010000000000012221
24715002,829,12326,125649,9231,-8085,122988,109,19231,344,0,14023,0.0010019999999997253
24716000,97,-4385,126556,-5499,-15654,139463,125,19225,446,1,14024,0.0009979999999991662
24717000,-2767,-142,127308,-5532,5962,118215,125,19218,512,1,14025,0.0010000000000012221
24718000,-3057,26906,128935,-1889,19337,113346,113,19232,463,1,14026,0.0010000000000012221
24719000,5088,14163,125360,2137,0,128504,98,19231,401,1,14027,0.0009999999999976694
24720000,7859,-3708,122893,6155,-12609,125273,132,19232,541,0,14028,0.0010000000000012221
24721000,12394,-7440,122720,6151,-9314,129514,109,19232,541,0,14029,0.0010000000000012221
24722000,3918,3266,125416,6612,5117,117447,114,19228,446,0,14030,0.0009999999999976694
24723000,7282,3256,127576,1111,-3080,130580,114,19226,467,1,14031,0.0010000000000012221
24724000,2713,2650,127543,-458,3963,128387,140,19229,573,1,14032,0.0010000000000012221
24725000,3870,8259,126490,5013,6971,124917,110,19231,451,1,14033,0.0009999999999976694
24726002,8769,-7657,125930,10039,-4560,128659,99,19226,405,0,14034,0.0010019999999997253
24727000,9046,9695,126720,1534,-3958,121267,125,19226,512,0,14035,0.000998000000002719
24728000,11194,-14953,124417,11606,-23985,143665,115,19230,512,0,14036,0.0009999999999976694
24729000,2868,-5372,128936,2724,1366,123028,118,19226,471,0,14037,0.0010000000000012221
24730002,2702,12648,131638,-7627,5899,125367,118,19220,483,1,14038,0.0010019999999997253
24731000,-460,14293,130461,6637,9163,127731,111,19227,455,1,14039,0.0009979999999991662
24732002,700,4396,128789,-1335,-1804,128456,102,19231,418,1,14040,0.0010019999999997253
24733002,8155,-9352,126628,91,-10887,132944,129,19231,528,0,14041,0.0010000000000012221
24734000,9230,-5774,127412,12164,-5120,121480,101,19227,528,0,14042,0.0009979999999991662
24735000,6243,-3365,130686,10458,-9325,137794,106,19231,414,0,14043,0.0010000000000012221
24736000,1017,-6028,130969,-17475,-6859,122965,106,19228,434,1,14044,0.0010000000000012221
24737000,-5339,12368,134041,-7072,9290,132138,144,19226,590,1,14045,0.0009999999999976694
24738000,-7200,704,131378,-2947,-187,121486,109,19232,446,1,14046,0.0010000000000012221
24739000,-6033,2940,130369,-7085,-2411,134262,96,19229,393,1,14047,0.0009999999999976694
24740000,3858,-16337,127302,-7884,-9883,133733,130,19229,393,0,14048,0.0010000000000012221
24741000,870,9175,130403,3025,9257,115688,110,19232,532,0,14049,0.0010000000000012221
24742002,-1759,7057,131181,-3962,892,134301,110,19227,451,0,14050,0.0010019999999997253
24743000,-6426,1095,130672,-18280,-1822,131136,116,19220,475,1,14051,0.0009979999999991662
24744000,-11662,-893,130490,-8795,2327,132711,116,19228,475,1,14052,0.0010000000000012221
24745000,-9510,4554,130193,-11799,8679,123591,103,19230,422,1,14053,0.0009999999999976694
24746001,-3059,12754,129813,-4771,1063,122363,120,19230,422,0,14054,0.00100100000000225
24747000,-1292,-4527,125721,-7701,-10136,134314,93,19216,491,0,14055,0.0009990000000001942
24748001,-789,-5478,125992,-5005,-3974,126017,93,19232,381,0,14056,0.0010009999999986974
24749000,-2452,1611,126049,-8472,425,127809,106,19223,434,0,14057,0.0009990000000001942
24750000,-5044,25981,130429,-15001,14427,115970,137,19227,561,1,14058,0.0010000000000012221
24751000,-5373,8011,125700,-6027,-2800,131067,116,19227,475,1,14059,0.0009999999999976694
24752000,-5623,-2779,127625,-7895,-5290,131765,102,19227,475,1,14060,0.0010000000000012221
24753000,1463,5070,124389,-4463,2676,115484,124,19228,418,0,14061,0.0010000000000012221
24754000,2377,1402,125012,5323,5320,127470,124,19230,508,0,14062,0.0009999999999976694
24755000,1938,1195,126279,-4284,-5001,126565,110,19227,451,0,14063,0.0010000000000012221
24756002,-1076,440,123853,-8542,4315,124173,114,19220,467,1,14064,0.0010019999999997253
24757002,-3568,12488,129167,-771,6682,127989,137,19229,561,1,14065,0.0010000000000012221
24758000,-1686,6858,125501,5601,3586,122705,105,19229,561,1,14066,0.0009979999999991662
24759000,4161,13666,125354,-5447,6061,121362,108,19233,430,0,14067,0.0010000000000012221
24760000,7857,1745,123099,6131,-6091,126068,108,19224,442,0,14068,0.0009999999999976694
24761000,11481,-3793,124780,19801,-8048,124026,102,19227,418,0,14069,0.0010000000000012221
24762001,4546,192,128366,-2069,-15362,126621,115,19224,471,0,14070,0.0010009999999986974
24763000,4625,453,125256,574,5668,126253,136,19223,557,1,14071,0.0009990000000001942
24764000,1924,13085,130606,763,9214,127512,115,19223,557,1,14072,0.0010000000000012221
24765000,8147,8671,125382,5081,3335,120584,100,19227,471,1,14073,0.0010000000000012221
24766000,8272,1174,125163,7459,-5538,130335,100,19229,410,0,14074,0.0009999999999976694
24767000,9858,-2661,127562,1791,-7333,124148,145,19231,594,0,14075,0.0010000000000012221
24768000,11476,-2193,125872,17454,-6522,127873,101,19230,414,0,14076,0.0009999999999976694
24769000,4563,-5850,129159,-1707,-6946,133246,104,19225,426,1,14077,0.0010000000000012221
24770000,3641,3904,129846,-3487,3572,124679,125,19225,512,1,14078,0.0010000000000012221
24771000,1141,20972,131187,5046,10596,125238,109,19229,512,1,14079,0.0009999999999976694
24772000,3196,8184,128280,-5409,2152,125926,109,19232,446,1,14080,0.0010000000000012221
24773000,9242,-9466,129940,2892,-7728,131723,109,19220,446,0,14081,0.0010000000000012221
24774000,10124,-14149,129583,19907,-16748,128668,109,19231,446,0,14082,0.0009999999999976694
24775001,4008,-3046,128070,4095,-4853,128237,105,19232,430,0,14083,0.00100100000000225
24776000,-372,3075,132933,-24949,4683,130081,125,19232,512,1,14084,0.0009990000000001942
24777000,-4626,8313,131408,5086,4784,125164,113,19219,512,1,14085,0.0009999999999976694
24778000,-7228,6588,130876,822,2377,130265,98,19228,463,1,14086,0.0010000000000012221
24779000,-4071,-1622,129874,-22321,-8359,128505,98,19228,401,0,14087,0.0010000000000012221
24780000,836,-11121,128438,-867,-9170,134717,136,19233,557,0,14088,0.0009999999999976694
24781002,5243,3221,129544,5575,192,128415,104,19231,426,0,14089,0.0010019999999997253
24782002,-4300,-4993,128633,-12879,-4214,126207,113,19231,463,0,14090,0.0010000000000012221
24783000,-6629,9403,131880,-15308,9808,130135,142,19223,463,1,14091,0.0009979999999991662
24784000,-8949,-1929,128471,-7703,-6519,127120,115,19228,582,1,14092,0.0010000000000012221
24785000,-5630,17184,130303,-3470,22063,122104,115,19233,471,1,14093,0.0010000000000012221
24786000,-4621,2750,127190,-14968,-2425,132991,105,19222,430,0,14094,0.0009999999999976694
24787009,-3052,-7225,124720,-10244,-1318,126218,137,19227,561,0,14095,0.0010089999999998156
24788003,-1154,1073,128346,-1505,-1566,126543,113,19229,463,0,14096,0.0009940000000021598
24789000,-3880,-2706,126786,-6324,9360,126823,124,19229,463,1,14097,0.0009969999999981383
24790000,-7567,13947,130063,-8029,1862,123016,116,19219,508,1,14098,0.0010000000000012221
24791000,-9106,3119,126477,-10908,2225,128623,116,19229,475,1,14099,0.0010000000000012221
24792000,-1070,10407,129299,2993,5792,122599,106,19226,434,1,14100,0.0009999999999976694
24793000,-12,1577,126974,-278,-10266,130697,132,19226,541,0,14101,0.0010000000000012221
24794000,-227,-9585,123751,-9042,-3066,123202,103,19229,422,0,14102,0.0010000000000012221
24795000,756,3836,125978,-4824,3330,125227,107,19229,422,0,14103,0.0009999999999976694
24796000,-668,10779,125056,2070,7464,121345,149,19227,438,1,14104,0.0010000000000012221
24797000,-1033,21129,127192,-4456,7144,123631,149,19225,610,1,14105,0.0010000000000012221
24798000,-2788,-5091,121616,-6338,9162,129491,114,19231,467,1,14106,0.0009999999999976694
24799000,8702,5430,126799,13178,3099,123874,99,19224,405,0,14107,0.0010000000000012221
24800000,7883,42,121910,8969,-1749,120788,109,19229,446,0,14108,0.0009999999999976694
24801000,8574,-3694,125745,-171,-6249,130328,110,19229,446,0,14109,0.0010000000000012221
24802000,4458,-10113,125552,10442,-11799,128500,119,19229,451,0,14110,0.0010000000000012221
24803000,1938,4074,126270,499,9552,122069,119,19223,487,1,14111,0.0009999999999976694
24804001,3612,16400,130337,-1793,5959,125202,113,19228,463,1,14112,0.00100100000000225
24805000,5686,7154,128252,10191,1092,124673,105,19230,430,1,14113,0.0009990000000001942
24806000,11294,5290,124838,715,-3470,124526,119,19223,487,0,14114,0.0009999999999976694
24807000,7312,-4000,126691,10388,-3671,130138,93,19223,487,0,14115,0.0010000000000012221
24808000,6804,-16010,125847,12381,-23844,139034,101,19229,381,0,14116,0.0010000000000012221
24809000,6911,4640,129767,-8552,699,122278,101,19229,414,1,14117,0.0009999999999976694
24810000,-767,13774,130205,-2196,5718,127989,133,19225,545,1,14118,0.0010000000000012221
24811000,2966,10943,133078,10276,8722,125048,118,19228,483,1,14119,0.0010000000000012221
24812000,2713,2103,126730,-4091,-6173,128992,103,19226,422,1,14120,0.0009999999999976694
24813000,10846,-7702,127152,2329,-13089,130003,155,19226,635,0,14121,0.0010000000000012221
24814001,9395,730,129019,17383,-3370,122872,103,19231,635,0,14122,0.0010009999999986974
24815003,4408,-8067,129144,-6052,-7764,135669,110,19231,422,0,14123,0.0010019999999997253
24816000,2679,1814,132122,-13366,2156,127949,110,19224,451,1,14124,0.000997000000001691
24817000,-10077,5076,133051,8942,-1993,133156,138,19231,565,1,14125,0.0010000000000012221
24818003,-6637,5279,129262,-11935,2701,124189,108,19231,442,1,14126,0.0010029999999972006
24819002,-2065,1358,132036,-17365,-7743,130906,111,19231,455,0,14127,0.0009990000000001942
24820002,1158,-21122,127676,12478,-12409,137730,89,19224,455,0,14128,0.0010000000000012221
24821000,2367,10916,129747,-9429,-1136,118081,107,19231,365,0,14129,0.0009979999999991662
24822001,-7721,1911,131163,-19283,-9536,136771,107,19226,438,0,14130,0.00100100000000225
24823000,-5108,970,130791,-4349,2759,127606,135,19221,553,1,14131,0.0009990000000001942
24824001,-10996,9195,132191,-11078,3327,129465,118,19229,483,1,14132,0.0010009999999986974
24825000,-6907,16170,130797,-11405,8211,121851,100,19229,410,1,14133,0.0009990000000001942
24826002,-3611,1820,126434,-8188,-4358,129187,149,19227,410,0,14134,0.0010019999999997253
24827000,-3735,-6049,126847,-3216,-9660,132434,111,19221,610,0,14135,0.0009979999999991662
24828000,-2109,3320,126009,-8191,-3,119872,111,19232,455,0,14136,0.0010000000000012221
24829000,-4647,3661,128196,-13087,2742,124552,111,19230,455,1,14137,0.0010000000000012221
24830000,-3299,13664,130604,-4078,7851,129678,135,19229,553,1,14138,0.0009999999999976694
24831003,-10229,-1238,124822,-10675,-4062,123433,117,19230,479,1,14139,0.0010030000000007533
24832000,-2258,12453,127462,-16092,15697,114125,111,19230,479,0,14140,0.0009969999999981383
24833000,2475,-358,124332,6689,-8665,131427,85,19219,455,0,14141,0.0010000000000012221
24834000,5616,-5524,125013,3582,-13017,127886,85,19231,348,0,14142,0.0010000000000012221
24835000,2780,-3138,124481,-8682,4432,125001,109,19228,446,0,14143,0.0009999999999976694
24836001,-3550,12400,128699,-2149,16835,118176,124,19215,508,1,14144,0.00100100000000225
24837001,-1719,16599,126939,-1561,2299,127795,113,19229,463,1,14145,0.0009999999999976694
24838000,-570,-1007,122969,271,-2436,127498,100,19229,463,1,14146,0.0009990000000001942
24839000,6412,4288,124235,5082,3761,121147,134,19232,410,0,14147,0.0010000000000012221
24840000,7983,6420,123230,11774,1729,117566,134,19232,549,0,14148,0.0010000000000012221
24841000,9941,-143,126565,5299,-11536,132427,107,19228,438,0,14149,0.0009999999999976694
24842000,5566,-11167,125654,930,-4807,131897,113,19227,463,1,14150,0.0010000000000012221
24843000,2278,3011,128907,-220,1159,121621,138,19230,565,1,14151,0.0010000000000012221
24844000,2785,19742,129481,2101,16797,115469,111,19230,565,1,14152,0.0009999999999976694
24845000,7078,5475,125994,8103,-4192,129709,103,19230,455,1,14153,0.0010000000000012221
24846000,11638,-7283,125827,2323,-7673,128202,103,19224,422,0,14154,0.0010000000000012221
24847000,10516,-215,126977,12791,-6873,126606,120,19233,491,0,14155,0.0009999999999976694
24848000,7771,-9869,127883,6917,-7129,130179,106,19228,434,0,14156,0.0010000000000012221
24849001,4634,6542,130363,-5162,6544,127371,114,19224,467,1,14157,0.0010009999999986974
24850000,-157,3147,128744,1068,899,134358,109,19224,467,1,14158,0.0009990000000001942
24851000,29,5235,130505,4700,9292,122357,101,19226,446,1,14159,0.0010000000000012221
24852000,2629,6931,130004,-1556,-8376,129697,101,19231,414,1,14160,0.0010000000000012221
24853000,9967,-11296,126082,3906,-13589,131070,130,19224,532,0,14161,0.0009999999999976694
24854003,11682,-2581,131450,18942,-6258,131044,103,19229,422,0,14162,0.0010030000000007533
24855001,-639,-11548,126458,-7249,-13332,134005,107,19228,438,0,14163,0.0009979999999991662
24856000,-2486,18904,133403,-23864,17821,114570,145,19228,438,1,14164,0.0009990000000001942
24857000,-3214,4513,132413,9660,-834,138640,110,19225,594,1,14165,0.0010000000000012221
24858000,-4783,-2671,130601,-3155,-3691,128700,110,19228,451,1,14166,0.0010000000000012221
24859000,-242,-4337,126333,-25097,-8787,128682,96,19229,393,0,14167,0.0009999999999976694
24860000,-1755,-6812,128746,3240,-7750,129112,136,19233,557,0,14168,0.0010000000000012221
24861000,2957,5204,131445,8905,5571,119632,117,19228,479,0,14169,0.0009999999999976694
24862000,-8983,2035,132546,-24307,-5981,136596,119,19228,487,1,14170,0.0010000000000012221
24863000,-8042,2645,130827,-19902,3261,126489,118,19220,487,1,14171,0.0010000000000012221
24864000,-9440,9340,131589,615,3619,128136,106,19228,483,1,14172,0.0009999999999976694
24865001,-3983,8860,127968,-9715,6717,123497,106,19234,434,1,14173,0.00100100000000225
24866000,-2491,2721,129004,-9451,-7677,128311,119,19215,487,0,14174,0.0009990000000001942
24867000,-4251,-17398,124291,-5785,-11994,133981,90,19233,369,0,14175,0.0009999999999976694
24868002,-908,15552,131715,-5072,9092,114113,102,19233,418,0,14176,0.001002000000003278
24869000,-6620,9498,126781,-3420,2908,130799,136,19230,418,1,14177,0.0009979999999991662
24870000,-7822,413,127494,-17253,4911,128856,121,19223,557,1,14178,0.0009999999999976694
24871000,-5171,1327,126979,-9756,2157,124783,121,19228,496,1,14179,0.0010000000000012221
24872000,2497,10908,126584,4117,3836,127793,100,19228,410,0,14180,0.0010000000000012221
24873000,1371,5447,124427,-444,1189,119335,122,19232,500,0,14181,0.0009999999999976694
24874000,1389,-3338,124957,-10971,-8735,128537,110,19232,451,0,14182,0.0010000000000012221
24875000,1567,-1724,124384,-2553,-887,129457,113,19231,451,0,14183,0.0010000000000012221
24876001,-2312,12714,125909,1776,11692,121333,141,19225,463,1,14184,0.0010009999999986974
24877000,-4198,15649,125685,-3223,11887,120841,141,19228,577,1,14185,0.0009990000000001942
24878000,3091,7899,124657,-6780,2623,124791,103,19230,422,1,14186,0.0010000000000012221
24879000,9870,4720,123258,11580,7383,128484,105,19228,430,0,14187,0.0009999999999976694
24880003,11536,-7788,121954,12621,-3945,121641,91,19232,373,0,14188,0.0010030000000007533
24881000,7391,-3632,126167,6743,-1868,128400,114,19232,373,0,14189,0.000997000000001691
24882000,2453,-258,128868,-1760,-2324,126861,135,19228,467,1,14190,0.0009999999999976694
24883000,4111,1096,127433,1663,3125,128269,135,19221,553,1,14191,0.0010000000000012221
24884000,484,13105,129451,8829,12896,119242,113,19232,463,1,14192,0.0010000000000012221
24885000,7959,7169,124544,-507,-89,120935,96,19232,393,1,14193,0.0009999999999976694
24886000,10535,-1116,125614,11984,-8482,132490,141,19233,577,0,14194,0.0010000000000012221
24887002,12200,-6623,127601,13189,-17302,130800,101,19233,577,0,14195,0.0010019999999997253
24888000,6499,-2019,126743,-2678,-6140,123390,105,19227,414,0,14196,0.0009979999999991662
24889002,1006,8421,130715,-7670,8257,128850,105,19224,430,1,14197,0.0010019999999997253
24890001,1609,12356,132714,6007,-532,128256,125,19225,512,1,14198,0.0009990000000001942
24891000,5,9610,129323,2638,-3385,129118,107,19231,438,1,14199,0.0009990000000001942
24892000,6411,-6356,128008,-6791,-10659,130786,106,19221,434,0,14200,0.0010000000000012221
24893003,12226,-9327,127742,18701,-7618,127063,111,19221,434,0,14201,0.0010030000000007533
24894000,7194,-207,128638,13215,-1521,129062,105,19228,455,0,14202,0.0009969999999981383
24895000,1681,-5214,129902,-28547,3381,125534,105,19235,430,0,14203,0.0010000000000012221
24896000,-2524,10924,135896,5684,3017,130671,123,19220,504,1,14204,0.0009999999999976694
24897000,-6872,950,129881,951,-2531,129584,114,19227,467,1,14205,0.0010000000000012221
24898000,-6387,-1692,130127,-23666,-1963,131729,99,19227,405,1,14206,0.0010000000000012221
24899001,146,-10945,129711,-1333,-11605,133714,137,19227,405,0,14207,0.0010009999999986974
24900000,3526,2741,128319,7829,4786,122053,107,19226,561,0,14208,0.0009990000000001942
24901004,-2180,3642,130335,-12337,-1783,130778,113,19226,438,0,14209,0.0010040000000017812
24902002,-8382,444,131081,-16990,-73,126012,113,19224,463,1,14210,0.0009979999999991662
24903000,-7143,8190,131348,-10806,-5171,136284,144,19228,590,1,14211,0.0009979999999991662
24904000,-10572,6005,129388,-8381,10529,121018,115,19230,471,1,14212,0.0010000000000012221
24905000,-5399,15015,132630,-10762,5133,128096,106,19230,434,1,14213,0.0009999999999976694
24906000,-2341,-9639,125349,-5758,-11216,130133,147,19222,434,0,14214,0.0010000000000012221
24907000,-4684,-3377,125843,-4311,-7529,130740,106,19232,602,0,14215,0.0010000000000012221
24908000,674,-2157,127441,-9943,-2156,125750,106,19230,434,0,14216,0.0009999999999976694
24909000,-5083,18223,128814,-3043,16498,116442,119,19222,487,1,14217,0.0010000000000012221
24910000,-8465,6915,130476,-11390,-5007,137004,115,19226,471,1,14218,0.0010000000000012221
24911000,-7434,-2005,125138,-7076,-1876,125777,107,19226,438,1,14219,0.0009999999999976694
24912000,-1153,6256,126872,-3135,2996,125760,131,19231,438,0,14220,0.0010000000000012221
24913000,-935,6250,124628,-4845,4030,119027,110,19226,537,0,14221,0.0010000000000012221
24914000,1914,-10235,123929,1300,-6752,133745,110,19227,451,0,14222,0.0009999999999976694
24915000,2161,-6,125390,-3203,-8364,123940,110,19228,451,0,14223,0.0010000000000012221
24916002,-3750,11949,124347,-7058,7745,121250,150,19225,614,1,14224,0.0010019999999997253
24917000,-1957,11615,126772,964,8041,129121,114,19225,467,1,14225,0.0009979999999991662
24918000,1131,13108,126975,3141,5556,116939,101,19234,467,1,14226,0.0010000000000012221
24919000,9874,3822,123907,694,-3155,129519,107,19230,414,0,14227,0.0010000000000012221
24920000,7789,1001,124825,4024,-4258,122041,107,19230,438,0,14228,0.0009999999999976694
24921000,10077,-5039,123307,15944,-7553,127638,110,19228,451,0,14229,0.0010000000000012221
24922000,3251,365,125337,576,-514,126348,117,19222,479,1,14230,0.0010000000000012221
24923000,683,6883,128163,-9691,9220,123911,116,19228,475,1,14231,0.0009999999999976694
24924000,5939,5888,127225,12383,2152,125066,105,19228,475,1,14232,0.0010000000000012221
24925000,8158,2180,124991,5933,-4196,125266,120,19232,430,0,14233,0.0009999999999976694
24926000,8913,-8524,125376,1650,-7049,122618,120,19223,491,0,14234,0.0010000000000012221
24927001,11014,-9514,127136,11807,-15302,133911,94,19227,385,0,14235,0.00100100000000225
24928001,6268,-12822,126932,4184,-9150,130916,104,19229,426,0,14236,0.0009999999999976694
24929000,1730,7895,131675,-2609,11026,124408,133,19225,545,1,14237,0.0009990000000001942
24930000,-2782,13888,130867,252,7971,123205,116,19225,545,1,14238,0.0010000000000012221
24931000,2068,10607,129078,894,-968,128810,100,19234,475,1,14239,0.0009999999999976694
24932000,4228,-6371,127039,-703,-11974,133416,100,19220,410,0,14240,0.0010000000000012221
24933000,10957,-10597,126358,16977,-349,122648,155,19231,635,0,14241,0.0010000000000012221
24934000,4483,2976,129605,5297,-11402,133372,105,19228,430,0,14242,0.0009999999999976694
24935000,1481,-7626,129550,-17954,57,128404,109,19225,446,0,14243,0.0010000000000012221
24936000,-23,6915,134383,-3462,791,132777,134,19225,446,1,14244,0.0010000000000012221
24937000,-8359,1471,131521,2459,-5504,128577,105,19228,549,1,14245,0.0009999999999976694
24938000,-3849,13132,130135,-18030,8804,118274,105,19233,430,1,14246,0.0010000000000012221
24939000,-327,-6236,129577,-4595,-15777,136008,111,19224,455,0,14247,0.0010000000000012221
24940000,2638,-8316,127910,7766,-2670,126578,90,19228,369,0,14248,0.0009999999999976694
24941000,-1907,2995,130268,-12646,3323,130315,110,19228,451,0,14249,0.0010000000000012221
24942000,-7956,113,132506,-16227,2029,127329,133,19228,451,1,14250,0.0010000000000012221
24943001,-9507,12328,132614,-9053,3978,132140,117,19225,545,1,14251,0.0010009999999986974
24944002,-10728,104,128798,-7286,1076,129705,117,19229,479,1,14252,0.0010009999999986974
24945002,-3493,11234,130888,-6057,3187,121327,101,19228,414,1,14253,0.0010000000000012221
24946000,-4788,-5199,125539,-11746,-11238,132375,151,19225,618,0,14254,0.0009979999999991662
24947000,-1193,-119,128579,-5472,-1248,126949,104,19228,426,0,14255,0.0010000000000012221
24948000,-39,-184,126892,-6265,-4274,128172,105,19228,426,0,14256,0.0010000000000012221
24949000,-5121,13928,128458,-10851,10208,121053,132,19224,430,1,14257,0.0009999999999976694
24950000,-8329,15728,125920,-7750,770,127681,132,19226,541,1,14258,0.0010000000000012221
24951000,-6444,7199,125529,-10831,5986,118185,114,19235,467,1,14259,0.0010000000000012221
24952000,3424,9419,126877,-1300,153,128971,111,19219,455,0,14260,0.0009999999999976694
24953000,-181,-2835,125362,6006,-5611,123617,85,19229,348,0,14261,0.0010000000000012221
24954000,3347,2096,124031,-9176,-3630,125340,107,19229,438,0,14262,0.0010000000000012221
24955001,-424,-3088,127182,-1642,-4486,131349,125,19226,438,1,14263,0.0010009999999986974
24956000,-1021,14692,127527,1234,14527,118807,112,19218,512,1,14264,0.0009990000000001942
24957000,-1287,10915,127182,-6694,2289,129670,112,19231,459,1,14265,0.0009999999999976694
24958000,2977,9931,124368,-139,9084,115536,98,19232,401,1,14266,0.0010000000000012221
24959000,10643,2835,124114,7932,-9961,129202,134,19234,549,0,14267,0.0010000000000012221
24960000,9553,-3867,123526,13186,-10860,121493,109,19234,446,0,14268,0.0009999999999976694
24961000,6393,-4093,126375,939,-11031,131356,113,19226,446,0,14269,0.0010000000000012221
24962000,2513,1482,126216,-2481,1927,119506,142,19224,463,1,14270,0.0010000000000012221
24963000,3980,19283,130096,7584,13759,119671,142,19228,582,1,14271,0.0009999999999976694
24964000,3086,-651,125228,4620,-4917,135928,112,19235,459,1,14272,0.0010000000000012221
24965000,8389,1571,126222,-41,-809,117840,102,19221,418,0,14273,0.0010000000000012221
24966001,13548,4461,125999,7480,1897,127957,121,19221,496,0,14274,0.0010009999999986974
24967000,10522,-5747,127463,19033,-12743,128510,105,19231,496,0,14275,0.0009990000000001942
24968002,5421,-10141,126774,-4421,-14179,131354,115,19229,430,0,14276,0.0010019999999997253
24969000,1216,6757,131807,-9596,4332,126646,115,19221,471,1,14277,0.0009979999999991662
24970000,785,14601,129448,12117,9836,125080,110,19229,451,1,14278,0.0010000000000012221
24971001,936,8283,129947,-579,2794,124090,101,19231,414,1,14279,0.0010009999999986974
24972000,7797,-4997,128599,-7881,-13087,139193,129,19225,528,0,14280,0.0009990000000001942
24973002,8860,-23027,126861,19201,-24782,126900,100,19225,528,0,14281,0.0010019999999997253
24974000,6693,8052,132757,15669,4432,127157,105,19229,410,0,14282,0.000998000000002719
24975000,-3174,915,130469,-22148,4154,126302,105,19231,430,1,14283,0.0009999999999976694
24976000,-3710,13687,134179,-11741,2238,132365,148,19232,606,1,14284,0.0010000000000012221
24977000,-5500,-3871,130631,5490,-7340,134534,111,19229,455,1,14285,0.0010000000000012221
24978000,-4733,-3280,128081,-9012,-3419,120281,98,19226,401,1,14286,0.0009999999999976694
24979001,1826,-1929,128654,-7500,-3686,130221,117,19226,401,0,14287,0.00100100000000225
24980000,3022,-4792,127460,6153,-2365,127484,112,19232,479,0,14288,0.0009990000000001942
24981000,229,8691,129598,-12386,3968,124502,112,19231,459,0,14289,0.0009999999999976694
24982000,-8546,809,130232,-19715,-7449,136573,121,19221,496,1,14290,0.0010000000000012221
24983000,-7177,2150,131309,-6678,11167,122091,111,19224,455,1,14291,0.0010000000000012221
24984000,-7623,10590,130640,-10504,-4911,130719,104,19228,426,1,14292,0.0009999999999976694
24985000,-1412,11517,127800,-10661,5965,122548,118,19228,426,0,14293,0.0010000000000012221
24986000,-3134,-3061,125028,-6891,-8590,131017,91,19216,483,0,14294,0.0009999999999976694
24987000,-2580,-12058,125843,-4713,2216,129153,91,19230,373,0,14295,0.0010000000000012221
24988000,-220,6557,127585,-12869,9344,118876,108,19229,442,0,14296,0.0010000000000012221
24989000,-8750,7599,130355,-6607,5201,133229,141,19227,577,1,14297,0.0009999999999976694
24990000,-6419,7686,127354,-9423,1703,122945,116,19231,475,1,14298,0.0010000000000012221
24991000,-6191,4251,127679,-8365,-255,128676,102,19231,475,1,14299,0.0010000000000012221
24992000,-1165,4209,126659,2774,-2052,124752,120,19227,418,0,14300,0.0009999999999976694
24993006,3054,1296,125118,-5115,-7021,124376,120,19232,491,0,14301,0.0010060000000002844
24994002,-841,250,125671,-5830,-649,127749,110,19231,451,0,14302,0.000996000000000663
24995000,904,8064,127689,-920,8310,121823,115,19226,471,1,14303,0.0009979999999991662
24996000,-8422,3429,123856,-1331,11906,123821,143,19230,586,1,14304,0.0010000000000012221
24997001,-626,13640,127858,-8605,2335,126957,100,19230,410,1,14305,0.0010009999999986974
24998000,7380,6961,118584,7323,8542,120221,107,19229,410,0,14306,0.0009990000000001942
24999000,9897,10948,127176,11720,427,126457,91,19226,438,0,14307,0.0010000000000012221
25000000,14583,-10797,122186,4628,-16229,125616,91,19228,373,0,14308,0.0010000000000012221
25001000,4483,-10248,125544,4113,-11532,137796,114,19226,467,0,14309,0.0009999999999976694
25002000,3784,2482,128143,1180,3660,121983,134,19225,549,1,14310,0.0010000000000012221
25003000,899,19680,128718,1468,17048,116699,117,19225,479,1,14311,0.0010000000000012221
25004000,4832,6208,127473,4927,-127,132859,98,19230,479,1,14312,0.0009999999999976694
25005001,9138,2098,124576,2844,2838,122906,146,19225,401,0,14313,0.00100100000000225
25006000,11346,-1263,125156,8627,-5827,128999,146,19232,598,0,14314,0.0009990000000001942
25007000,8878,-7804,129275,14571,-12506,126084,104,19229,426,0,14315,0.0009999999999976694
25008000,3124,-6845,129157,-8896,-10173,133822,107,19225,438,1,14316,0.0010000000000012221
25009000,3647,5044,133084,-1558,1251,129391,125,19225,512,1,14317,0.0010000000000012221
25010000,-1774,18280,129562,5871,14237,123604,111,19228,512,1,14318,0.0009999999999976694
25011000,902,1226,129703,-5555,-5864,130820,109,19229,455,1,14319,0.0010000000000012221
25012000,9073,-7795,127018,4756,-14010,123977,109,19223,446,0,14320,0.0010000000000012221
25013000,12039,-8380,129005,16231,-10565,138042,120,19229,491,0,14321,0.0009999999999976694
25014000,4321,-465,128534,6285,825,126436,110,19229,451,0,14322,0.0010000000000012221
25015000,2450,6917,130813,-27243,6558,125948,127,19218,520,1,14323,0.0010000000000012221
25016000,-5748,10530,133138,5551,5245,130708,116,19218,520,1,14324,0.0009999999999976694
25017000,-7247,-1535,128337,2624,-6022,131235,100,19229,475,1,14325,0.0010000000000012221
25018001,-2129,-6220,129699,-23280,-12277,133206,100,19227,410,0,14326,0.0010009999999986974
25019000,721,-2824,129896,-1731,-5611,122922,134,19228,549,0,14327,0.0009990000000001942
25020000,4798,1912,130214,8320,-41,128957,104,19230,426,0,14328,0.0010000000000012221
25021000,-6813,-662,132278,-12270,-6593,126983,108,19226,442,0,14329,0.0009999999999976694
25022000,-6897,-3410,129598,-28865,-3953,138687,148,19226,442,1,14330,0.0010000000000012221
25023000,-13870,4983,131054,1003,12183,122574,114,19229,606,1,14331,0.0010000000000012221
25024002,-6990,16874,130436,-7323,9301,124122,114,19230,467,1,14332,0.0010019999999997253
25025002,-2713,3928,128328,-14351,-9839,132112,102,19223,418,0,14333,0.0010000000000012221
25026000,-5254,-12148,124168,-8435,-9957,129119,145,19235,594,0,14334,0.0009979999999991662
25027001,4969,-933,126755,-1322,6437,124461,102,19231,418,0,14335,0.0010009999999986974
25028000,-5716,12303,128498,-6211,8578,122210,115,19231,418,1,14336,0.0009990000000001942
25029000,-6983,9540,125905,-15353,827,128616,112,19229,471,1,14337,0.0010000000000012221
25030000,-9425,5327,127104,-9224,848,128121,112,19228,459,1,14338,0.0009999999999976694
25031000,1090,824,125554,-1190,-1459,125929,105,19230,430,1,14339,0.0010000000000012221
25032000,2163,12981,127514,5998,7506,118147,126,19229,516,0,14340,0.0010000000000012221
25033000,-3,-9989,121877,-15229,-12112,129773,101,19229,414,0,14341,0.0009999999999976694
25034000,3898,-1203,127064,-726,4503,125791,107,19229,414,0,14342,0.0010000000000012221
25035000,-3710,14140,126241,7662,11809,119227,146,19229,438,1,14343,0.0010000000000012221
25036000,-2823,10507,127127,-10484,8344,124789,146,19228,598,1,14344,0.0009999999999976694
25037000,-2721,8621,126962,-2057,-5451,129750,113,19229,463,1,14345,0.0010000000000012221
25038000,7107,-828,123080,10703,-2615,125007,94,19228,385,0,14346,0.0010000000000012221
25039000,11367,6241,125278,10434,2632,118395,108,19227,442,0,14347,0.0009999999999976694
25040002,5298,-2816,125786,-1417,-3676,129441,113,19227,463,0,14348,0.0010019999999997253
25041002,7172,-6883,124341,3611,-3932,129906,118,19226,463,0,14349,0.0010000000000012221
25042000,-335,1052,126669,5097,1857,124780,113,19221,483,1,14350,0.0009979999999991662
25043000,4689,12089,127712,-2612,1184,125159,113,19229,463,1,14351,0.0010000000000012221
25044000,6715,19022,125248,8700,10660,114476,101,19235,414,1,14352,0.0010000000000012221
25045000,13908,-244,126272,3545,-4958,131136,117,19220,479,0,14353,0.0009999999999976694
25046000,13360,-10363,127395,13822,-12419,132949,96,19220,393,0,14354,0.0010000000000012221
25047000,3525,-3673,125973,11212,-6676,125888,104,19233,393,0,14355,0.0010000000000012221
25048000,3371,524,129314,-12872,159,128984,130,19228,426,1,14356,0.0009999999999976694
25049001,1843,6984,130826,2336,9631,127683,130,19227,532,1,14357,0.00100100000000225
25050000,2531,2414,129568,8831,4631,128930,113,19226,463,1,14358,0.0009989999999966415
25051001,3111,3696,129111,-6214,-848,124574,99,19226,405,1,14359,0.00100100000000225
25052000,9375,-6879,125382,6196,-13716,129767,159,19234,651,0,14360,0.0009990000000001942
25053000,7394,-5423,130153,14908,-5290,128836,108,19234,651,0,14361,0.0009999999999976694
25054000,3338,-10976,128649,-7690,-14625,134325,110,19232,442,0,14362,0.0010000000000012221
25055000,1463,1550,134551,-12351,-2501,129329,110,19224,451,1,14363,0.0010000000000012221
25056002,-8571,23154,136172,2541,12663,116906,132,19229,541,1,14364,0.0010019999999997253
25057001,-7615,467,128591,-8155,-5702,135673,103,19230,422,1,14365,0.0009990000000001942
25058002,-847,-13289,129651,-15009,-13474,134099,112,19224,459,0,14366,0.0010009999999986974
25059000,-1306,-6902,126363,6061,-4770,125083,92,19224,459,0,14367,0.0009979999999991662
25060000,3025,12134,129563,-5298,11287,122594,111,19229,377,0,14368,0.0010000000000012221
25061000,-5993,3904,131867,-16027,-4558,131816,111,19227,455,0,14369,0.0010000000000012221
25062000,-4964,-7021,128808,-4677,-7870,135564,133,19224,545,1,14370,0.0009999999999976694
25063000,-6859,5948,129423,-14350,3203,125693,114,19229,467,1,14371,0.0010000000000012221
25064000,-5837,12844,131388,-8072,10127,121069,99,19227,405,1,14372,0.0010000000000012221
25065000,-1641,5647,127997,-5445,-2743,133656,150,19227,405,0,14373,0.0009999999999976694
25066000,-5102,-12536,124725,-10117,-15806,128748,105,19223,614,0,14374,0.0010000000000012221
25067002,-1605,-6126,127426,-2380,-8268,125769,105,19227,430,0,14375,0.0010019999999997253
25068000,-6029,17546,129406,-12037,12808,118193,106,19225,434,1,14376,0.0009979999999991662
25069000,-6087,12807,128441,-9150,-3813,136838,129,19226,528,1,14377,0.0010000000000012221
25070000,-10758,-2268,127934,-11998,7887,120897,113,19228,463,1,14378,0.0010000000000012221
25071000,-2844,15594,127206,-13276,4869,124745,109,19228,463,0,14379,0.0009999999999976694
25072000,1498,-387,124593,6717,-7740,125891,85,19225,446,0,14380,0.0010000000000012221
25073000,4324,-2874,124687,-6104,-4604,127938,85,19229,348,0,14381,0.0010000000000012221
25074000,1974,-4319,124057,-5307,-1864,127904,108,19225,442,0,14382,0.0009999999999976694
25075000,709,13045,126016,-1054,19527,114955,123,19214,504,1,14383,0.0010000000000012221
25076000,-3575,15803,127228,-1770,185,131281,112,19232,459,1,14384,0.0010000000000012221
25077000,1452,10341,125146,-287,-2489,117107,96,19232,459,1,14385,0.0009999999999976694
25078000,6396,5942,121981,3167,-8518,128014,134,19231,393,0,14386,0.0010000000000012221
25079000,9660,1847,124757,8959,3703,119891,134,19230,549,0,14387,0.0010000000000012221
25080000,12286,1203,124163,7155,-6141,122355,108,19229,442,0,14388,0.0009999999999976694
25081000,4421,-9648,126004,-260,-14267,137981,113,19225,463,1,14389,0.0010000000000012221
25082000,2831,5572,128613,1401,12260,116798,142,19230,582,1,14390,0.0009999999999976694
25083000,3224,13702,129829,1842,6040,128307,110,19230,582,1,14391,0.0010000000000012221
25084000,7312,8645,126869,9352,4498,121292,102,19231,451,1,14392,0.0010000000000012221
25085000,10241,2426,126137,3610,-14327,128722,102,19226,418,0,14393,0.0009999999999976694
25086000,11241,-2969,126535,10765,-16584,127212,120,19226,491,0,14394,0.0010000000000012221
25087000,8970,-4787,127774,8221,-8260,127684,105,19231,430,0,14395,0.0010000000000012221
25088001,4084,6614,133044,-8012,8370,129351,114,19224,467,1,14396,0.0010009999999986974
25089000,-297,11283,130260,2667,7612,124267,107,19224,438,1,14397,0.0009990000000001942
25090002,620,6074,129476,4330,-2723,127205,101,19230,438,1,14398,0.0010019999999997253
25091002,4546,3797,129417,-5328,-6427,131784,129,19233,414,0,14399,0.0010000000000012221
25092000,13421,-11791,124219,6034,-10012,127953,129,19222,528,0,14400,0.0009979999999991662
25093000,12321,-1976,132647,18591,-1976,130016,102,19230,418,0,14401,0.0010000000000012221
25094000,1260,-7345,127486,-11567,-10967,130823,106,19226,434,0,14402,0.0009999999999976694
25095000,-1893,5960,131197,-22236,9996,128148,144,19226,590,1,14403,0.0010000000000012221
25096000,-5455,14145,134894,10958,8140,127737,110,19228,590,1,14404,0.0010000000000012221
25097000,-7232,-2946,127828,-1138,-4606,127534,99,19233,451,1,14405,0.0009999999999976694
25098000,454,-4019,130697,-24381,-10683,130529,99,19220,405,0,14406,0.0010000000000012221
25099000,-1313,-9493,129200,7420,-11706,133882,131,19229,537,0,14407,0.0010000000000012221
25100000,3078,3368,130671,6464,3640,122108,110,19228,451,0,14408,0.0009999999999976694
25101002,-10546,11726,133272,-25798,7268,128337,119,19228,487,1,14409,0.0010019999999997253
25102002,-9164,-4685,129925,-17373,-4682,131350,118,19220,487,1,14410,0.0010000000000012221
25103000,-8625,12882,133170,-304,4255,128926,104,19228,483,1,14411,0.0009979999999991662
25104000,-4806,4349,127406,-13235,4380,127913,104,19230,426,1,14412,0.0010000000000012221
25105000,-1839,2213,128559,-8226,-1935,124712,119,19215,487,0,14413,0.0010000000000012221
25106000,-3056,-9290,124941,-2588,-11203,133775,93,19231,381,0,14414,0.0009999999999976694
25107000,1342,5785,126497,-5931,7068,121825,107,19226,438,0,14415,0.0010000000000012221
25108000,-9248,8347,130738,-10342,433,125017,136,19226,438,1,14416,0.0010000000000012221
25109000,-8165,9552,127088,-12194,7186,123893,117,19226,557,1,14417,0.0009999999999976694
25110001,-4790,3714,128131,-9506,785,132109,117,19230,479,1,14418,0.00100100000000225
25111000,-952,3016,126581,2760,2067,121098,103,19223,422,0,14419,0.0009989999999966415
25112000,775,4005,124028,-3612,-519,125247,124,19233,508,0,14420,0.0010000000000012221
25113000,163,-6655,122764,-8576,-8464,125156,111,19228,455,0,14421,0.0010000000000012221
25114000,1230,-2614,126111,-2030,-6180,131469,115,19228,455,0,14422,0.0009999999999976694
25115000,-2679,2519,125376,-1474,10591,119252,141,19222,471,1,14423,0.0010000000000012221
25116000,-6141,16807,125952,-7012,15706,119992,141,19228,577,1,14424,0.0010000000000012221
25117000,2388,11015,126916,-2292,-4658,129508,104,19232,426,1,14425,0.0009999999999976694
25118000,9680,75,122200,10767,-1463,123031,111,19223,455,0,14426,0.0010000000000012221
25119000,10631,3599,125377,7947,-14439,130190,93,19226,381,0,14427,0.0010000000000012221
25120000,5084,-6860,124298,2616,-1551,122046,113,19226,381,0,14428,0.0009999999999976694
25121000,6298,4109,129157,6388,-3914,130927,136,19228,463,1,14429,0.0010000000000012221
25122004,-936,1277,126162,-1072,8879,124440,136,19225,557,1,14430,0.0010040000000017812
25123000,3157,11041,125229,3052,10635,122841,115,19230,471,1,14431,0.0009959999999971103
25124000,9240,6190,125561,9285,838,122926,98,19228,401,1,14432,0.0010000000000012221
25125000,12297,4578,125026,1372,-10189,124001,145,19229,594,0,14433,0.0010000000000012221
25126000,13780,-7575,127632,16748,-9375,135487,111,19229,594,0,14434,0.0009999999999976694
25127000,4752,-18891,126206,-1753,-8017,126089,112,19230,455,0,14435,0.0010000000000012221
25128000,4060,7270,131701,-5274,4412,127914,112,19221,459,1,14436,0.0010000000000012221
25129000,-2006,18458,131972,6714,13425,124076,132,19227,541,1,14437,0.0009999999999976694
25130000,65,6788,129431,-3575,-2792,130865,110,19233,451,1,14438,0.0010000000000012221
25131000,5903,-877,128200,-1947,-8739,128387,109,19220,446,0,14439,0.0010000000000012221
25132000,7853,-12316,125822,17107,-11956,129089,108,19220,442,0,14440,0.0009999999999976694
25133000,9955,-3401,130135,10653,-6874,131012,105,19229,442,0,14441,0.0010000000000012221
25134000,3086,939,130306,-24572,4420,125313,122,19231,430,0,14442,0.0010000000000012221
25135000,1012,15340,134549,-2154,10685,129479,122,19220,500,1,14443,0.0009999999999976694
25136000,-9155,2102,131195,5482,-1128,127813,114,19225,467,1,14444,0.0010000000000012221
25137000,-7104,-3046,130318,-22144,-20600,136648,97,19229,397,1,14445,0.0010000000000012221
25138000,1857,-6099,127032,-3631,-2320,127308,132,19229,541,0,14446,0.0009999999999976694
25139000,949,1733,130742,3155,4773,126901,102,19226,541,0,14447,0.0010000000000012221
25140000,4362,-2032,129911,-716,-1074,128869,111,19226,418,0,14448,0.0010000000000012221
25141000,-11464,8229,130755,-19436,6256,126704,111,19226,455,1,14449,0.0009999999999976694
25142000,-7245,-483,128702,-17892,-1902,135529,150,19227,614,1,14450,0.0010000000000012221
25143000,-11963,12221,130415,-1562,12019,119280,112,19228,459,1,14451,0.0009999999999976694
25144002,-1832,5782,129932,-13953,-238,130145,101,19228,414,1,14452,0.001002000000003278
25145000,-3770,-2592,128359,-5129,-9027,127998,141,19223,414,0,14453,0.0009979999999991662
25146000,-3498,-8578,126073,-7035,-11857,131983,104,19232,577,0,14454,0.0009999999999976694
25147000,1426,6025,127014,-8459,4617,121467,104,19229,426,0,14455,0.0010000000000012221
25148000,-7602,13121,129178,-6150,6907,123956,116,19220,475,1,14456,0.0010000000000012221
25149000,-6389,6454,129325,-12544,-5503,128571,113,19224,463,1,14457,0.0009999999999976694
25150000,-9920,18880,127841,-7148,12060,118972,106,19231,434,1,14458,0.0010000000000012221
25151000,1194,1578,125777,-4393,-3563,129276,125,19231,434,0,14459,0.0010000000000012221
25152000,-1150,-2829,125086,4831,-3646,123830,101,19230,512,0,14460,0.0009999999999976694
25153000,3584,-3760,121874,-6664,-2814,126645,101,19228,414,0,14461,0.0010000000000012221
25154001,1232,10254,126474,-5307,11019,123077,109,19226,446,0,14462,0.0010009999999986974
25155003,-2317,8380,126384,1485,3624,126241,149,19225,610,1,14463,0.0010019999999997253
25156002,842,7340,125179,-5785,3175,125349,113,19234,463,1,14464,0.0009990000000001942
25157000,2554,5388,125178,1303,995,123208,97,19234,463,1,14465,0.000998000000002719
25158000,10685,-1419,124940,8019,-5894,122666,114,19227,397,0,14466,0.0009999999999976694
25159000,9304,2716,124165,5839,-6371,128503,114,19228,467,0,14467,0.0010000000000012221
25160001,3475,-7404,124637,7269,-4386,127381,118,19228,483,0,14468,0.0010009999999986974
25161001,3231,-3226,127350,2252,-6582,121389,121,19220,496,1,14469,0.0010000000000012221
25162000,1024,17010,130180,-3989,6791,126227,112,19225,459,1,14470,0.0009990000000001942
25163000,5416,8290,127288,8643,-2756,130114,105,19225,459,1,14471,0.0010000000000012221
25164000,8716,-1775,123343,10072,-1462,124163,119,19230,430,0,14472,0.0009999999999976694
25165000,11031,4438,128755,61,-2857,124410,119,19220,487,0,14473,0.0010000000000012221
25166000,10989,-10525,126091,13211,-13254,137836,91,19228,373,0,14474,0.0010000000000012221
25167000,5965,-14528,127364,-4331,-3051,129004,100,19230,410,0,14475,0.0009999999999976694
25168001,2584,9190,129583,-5374,6966,124056,131,19227,537,1,14476,0.00100100000000225
25169000,1385,14256,127621,7579,13314,121769,114,19227,537,1,14477,0.0009990000000001942
25170002,2987,10543,129440,-68,-3873,130713,102,19229,467,1,14478,0.0010019999999997253
25171000,8709,-8695,126461,-531,-14388,131189,102,19225,418,0,14479,0.0009979999999991662
25172000,9404,-8051,128845,18663,-6556,127209,157,19230,643,0,14480,0.0010000000000012221
25173000,5049,-3679,129617,-1785,-4305,131955,102,19230,418,0,14481,0.0009999999999976694
25174000,2445,1244,130400,-18345,2505,124513,106,19224,434,1,14482,0.0010000000000012221
25175000,-4155,-256,132819,5411,-2122,138987,134,19224,549,1,14483,0.0009999999999976694
25176000,-7995,3211,131230,-3949,6916,120171,106,19231,549,1,14484,0.0010000000000012221
25177000,-3170,6739,130762,-20288,-4322,128945,109,19232,434,1,14485,0.0010000000000012221
25178000,-10,-7687,129334,4694,-11977,132955,109,19217,446,0,14486,0.0009999999999976694
25179000,2828,2195,129130,474,4,123561,87,19228,356,0,14487,0.0010000000000012221
25180000,-5595,-2461,130949,-15515,-7228,135524,108,19228,442,0,14488,0.0010000000000012221
25181000,-6147,6469,132047,-11605,1303,124839,134,19228,549,1,14489,0.0009999999999976694
25182000,-11306,7047,131296,-11221,2523,132735,115,19220,549,1,14490,0.0010000000000012221
25183000,-9636,10246,130335,-10989,12011,122258,101,19233,471,1,14491,0.0010000000000012221
25184000,-2180,6436,129270,-3679,-8709,128364,101,19227,414,0,14492,0.0009999999999976694
25185000,-4801,-856,125176,-16275,-440,126775,147,19222,602,0,14493,0.0010000000000012221
25186001,3659,-1806,125772,-5627,437,123825,103,19230,422,0,14494,0.0010009999999986974
25187000,-740,3249,128214,-1335,2280,130881,107,19230,438,0,14495,0.0009990000000001942
25188000,-3060,7768,126556,-11886,4116,121143,132,19223,438,1,14496,0.0010000000000012221
25189000,-9807,8855,127224,-15020,5877,128701,113,19229,541,1,14497,0.0010000000000012221
25190000,-3612,9241,127971,-4739,3101,122702,113,19235,463,1,14498,0.0009999999999976694
25191000,1920,8633,124983,6540,356,123676,107,19221,438,0,14499,0.0010000000000012221
25192000,-990,-8365,125543,-8785,-13323,132881,86,19231,352,0,14500,0.0010000000000012221
25193000,2197,-1500,125134,-2205,1055,119437,111,19227,455,0,14501,0.0009999999999976694
25194001,-3123,15070,128381,-930,14071,128511,126,19227,455,1,14502,0.00100100000000225
25195000,137,10017,124246,-6094,8972,121564,114,19219,516,1,14503,0.0009990000000001942
25196000,-3135,2973,126097,-3021,-4036,125960,114,19233,467,1,14504,0.0009999999999976694
25197000,7151,10096,125922,-2895,8543,123064,95,19229,389,0,14505,0.0010000000000012221
25198000,10791,5581,121864,13635,3884,121440,129,19234,528,0,14506,0.0010000000000012221
25199000,9176,-6758,125254,8938,-13967,134892,110,19227,451,0,14507,0.0009999999999976694
25200000,7438,-6100,123022,-4110,-6228,122489,113,19227,451,0,14508,0.0010000000000012221
25201001,2874,1636,126826,5930,1591,130201,142,19224,463,1,14509,0.0010009999999986974
25202000,2479,11611,131599,7222,9291,121761,142,19229,582,1,14510,0.0009990000000001942
25203000,4165,15856,125413,-3378,6310,122737,106,19232,434,1,14511,0.0010000000000012221
25204000,9164,790,126352,7083,-2169,131483,100,19226,410,0,14512,0.0010000000000012221
25205001,12794,25,128215,10714,-3297,128479,122,19231,500,0,14513,0.0010009999999986974
25206000,8322,-7158,126004,10814,-11999,129258,107,19231,500,0,14514,0.0009990000000001942
25207000,2943,-943,130420,-4001,-3244,128127,117,19227,438,0,14515,0.0009999999999976694
25208000,3915,1839,130558,-6539,-3540,139980,117,19222,479,1,14516,0.0010000000000012221
25209000,-2064,7191,132139,10294,14512,112221,108,19223,442,1,14517,0.0010000000000012221
25210000,645,12636,129984,-7030,-7948,132527,99,19236,405,1,14518,0.0009999999999976694
25211000,7535,-12353,129843,-5337,-20046,134848,129,19225,528,0,14519,0.0010000000000012221
25212000,7896,-4001,128005,23349,-9554,123187,102,19225,528,0,14520,0.0010000000000012221
25213000,6468,2292,128489,778,2076,130403,107,19231,418,0,14521,0.0009999999999976694
25214001,-2424,7098,132790,-15401,8537,121503,107,19222,438,1,14522,0.00100100000000225
25215002,2205,2734,132391,7995,-6427,139242,146,19226,598,1,14523,0.0010009999999986974
25216000,-7058,-4182,129029,-4063,-3471,126546,112,19233,459,1,14524,0.0009979999999991662
25217003,-3069,-2470,128723,-22425,-1686,128971,100,19226,410,1,14525,0.0010030000000007533
25218000,590,-4422,128015,3478,-946,129018,125,19226,410,0,14526,0.000997000000001691
25219000,4360,2788,128282,3727,-2122,123727,118,19227,512,0,14527,0.0009999999999976694
25220000,-4909,1949,130839,-21484,3156,132728,118,19228,483,0,14528,0.0010000000000012221
25221000,-7607,-3369,130321,-13990,3808,126194,123,19221,504,1,14529,0.0010000000000012221
25222000,-6712,7529,131360,-4536,3894,132730,113,19227,463,1,14530,0.0009999999999976694
25223000,-9445,4879,130627,-9365,5370,126782,108,19228,442,1,14531,0.0010000000000012221
25224000,-3866,5169,127244,-10892,-1074,124144,123,19228,504,0,14532,0.0010000000000012221
25225000,-4788,-3664,127751,-7637,-11532,135619,109,19217,504,0,14533,0.0009999999999976694
25226000,-2595,-1009,125757,-737,1297,119652,109,19229,446,0,14534,0.0010000000000012221
25227000,-2680,11562,129497,-14947,7805,127314,109,19230,446,1,14535,0.0010000000000012221
25228000,-4919,5914,128496,-8882,1232,124771,140,19225,573,1,14536,0.0009999999999976694
25229000,-5066,5006,126070,-5812,8468,126375,121,19226,496,1,14537,0.0010000000000012221
25230000,-2945,1068,125845,-9484,3885,129513,107,19226,438,1,14538,0.0010000000000012221
25231000,-1312,5931,122207,1439,-1128,116901,124,19227,438,0,14539,0.0009999999999976694
25232000,1862,7752,124436,-4087,3627,127346,107,19232,508,0,14540,0.0010000000000012221
25233000,2623,-2173,123813,-9105,4406,119557,107,19226,438,0,14541,0.0010000000000012221
25234000,4075,6289,130531,12705,-118,133441,112,19221,459,1,14542,0.0009999999999976694
25235002,-4310,994,122964,-7314,3407,123489,135,19226,553,1,14543,0.0010019999999997253
25236000,-1206,16556,127258,-11358,10382,120322,105,19237,430,1,14544,0.0009979999999991662
25237000,6145,11124,125655,11922,4248,125493,107,19237,430,0,14545,0.0010000000000012221
25238001,9297,2226,122544,5856,1796,119311,94,19227,438,0,14546,0.00100100000000225
25239000,8414,-9722,125518,4512,-8606,133411,94,19228,385,0,14547,0.0009989999999966415
25240000,3748,-4894,125335,3640,-5276,122217,112,19226,459,0,14548,0.0010000000000012221
25241000,7027,3156,126623,3134,333,128930,134,19223,549,1,14549,0.0010000000000012221
25242000,137,9949,130508,1530,12821,122293,116,19228,475,1,14550,0.0009999999999976694
25243000,6821,2831,127001,-732,-6656,130428,95,19228,475,1,14551,0.0010000000000012221
25244000,9628,1785,125089,9581,-4749,123367,145,19230,389,0,14552,0.0010000000000012221
25245001,8340,1818,126394,5650,-3590,125522,145,19235,594,0,14553,0.0010009999999986974
25246000,10631,-14670,126853,14290,-16472,137147,101,19221,414,0,14554,0.0009990000000001942
25247000,3033,5778,130165,-1043,8002,120756,107,19225,438,1,14555,0.0010000000000012221
25248000,2660,9110,129473,-5242,8599,134244,126,19227,516,1,14556,0.0009999999999976694
25249000,-835,6279,128632,2697,5121,125172,112,19227,516,1,14557,0.0010000000000012221
25250007,6003,912,127302,1044,-5470,132563,109,19230,459,1,14558,0.0010070000000013124
25251002,8097,-5352,128507,1891,-10497,130982,109,19223,446,0,14559,0.000994999999999635
25252000,11632,-9225,130788,11988,-10099,130106,110,19231,451,0,14560,0.0009979999999991662
25253001,4217,-1332,131251,9936,-6017,133820,107,19228,438,0,14561,0.0010009999999986974
25254000,-1263,-906,129269,-24299,-1887,120192,122,19222,500,1,14562,0.0009990000000001942
25255002,-8565,12336,136138,-5452,8054,129818,112,19222,500,1,14563,0.0010019999999997253
25256000,-5223,4906,131314,2062,-6733,131146,100,19231,459,1,14564,0.000998000000002719
25257000,-4325,-6606,129184,-9515,-22313,138283,100,19230,410,0,14565,0.0009999999999976694
25258000,493,-14366,128915,-10475,2027,125530,133,19224,545,0,14566,0.0010000000000012221
25259000,-446,11449,130892,5798,5231,123556,111,19228,455,0,14567,0.0010000000000012221
25260000,-3378,968,130586,-8053,4935,131553,115,19225,471,0,14568,0.0009999999999976694
25261000,-9184,3337,131490,-20551,-5923,132074,144,19225,471,1,14569,0.0010000000000012221
25262000,-6999,-2659,127348,-917,6128,129639,116,19230,590,1,14570,0.0010000000000012221
25263000,-5280,15742,130982,-9163,10940,118119,116,19228,475,1,14571,0.0009999999999976694
25264001,-2856,1189,127383,-10425,-8357,134068,104,19223,426,0,14572,0.00100100000000225
25265000,-606,-12136,124517,-8415,-2453,130377,144,19230,590,0,14573,0.0009990000000001942
25266000,-3095,3505,128155,-4297,-2685,123251,103,19231,422,0,14574,0.0009999999999976694
25267000,-3373,7446,125466,-4051,17854,122843,115,19231,471,1,14575,0.0010000000000012221
25268000,-9163,14596,129495,-13772,2151,123870,116,19227,471,1,14576,0.0009999999999976694
25269000,-6895,-5666,125956,-9146,-9119,135473,109,19228,475,1,14577,0.0010000000000012221
25270000,164,7489,128438,1695,7468,119969,109,19229,446,1,14578,0.0010000000000012221
25271000,283,3782,127247,16,-4351,127335,128,19232,524,0,14579,0.0009999999999976694
25272000,1874,-776,124260,-6103,-1529,123391,99,19227,405,0,14580,0.0010000000000012221
25273001,7,1713,124029,-7690,-3987,129481,107,19227,438,0,14581,0.0010009999999986974
25274000,-617,3255,126043,4113,10536,124987,148,19226,438,1,14582,0.0009990000000001942
25275000,-3344,19801,127158,-4233,8118,115244,114,19226,606,1,14583,0.0010000000000012221
25276000,387,6228,125117,-5920,-142,128916,114,19230,467,1,14584,0.0010000000000012221
25277000,8667,3542,125270,13872,-3121,124233,100,19226,410,0,14585,0.0009999999999976694
25278000,7086,-1587,121368,7437,-6263,123515,105,19231,430,0,14586,0.0010000000000012221
25279000,8993,4333,124653,-219,7053,121997,106,19231,434,0,14587,0.0010000000000012221
25280000,6036,-1585,125773,8141,-1710,128653,118,19231,434,0,14588,0.0009999999999976694
25281000,7803,-4239,126216,2510,1326,129197,117,19220,483,1,14589,0.0010000000000012221
25282002,3585,11645,128914,-1067,8531,120761,117,19226,479,1,14590,0.0010019999999997253
25283001,6025,328,126034,7631,-970,128354,104,19230,426,1,14591,0.0009990000000001942
25284000,10274,1057,125809,7134,-4088,121969,117,19223,479,0,14592,0.0009990000000001942
25285000,7444,-2772,127093,5432,-10903,135156,92,19229,377,0,14593,0.0010000000000012221
25286000,6536,-8998,127448,10967,-9619,129404,102,19229,377,0,14594,0.0009999999999976694
25287000,1404,6424,131590,-2884,648,122677,137,19233,418,1,14595,0.0010000000000012221
25288000,622,8883,130706,-1964,6763,131011,137,19228,561,1,14596,0.0010000000000012221
25289000,1777,8965,132773,4991,836,127269,117,19227,479,1,14597,0.0009999999999976694
25290000,3538,-3742,127706,-2856,-9905,131073,101,19228,414,1,14598,0.0010000000000012221
25291000,10142,5322,129244,3514,1384,120137,158,19233,647,0,14599,0.0010000000000012221
25292000,7441,-8024,127137,13546,-9824,131791,107,19233,647,0,14600,0.0009999999999976694
25293000,4004,-13720,129658,-7822,-14729,134366,111,19228,438,0,14601,0.0010000000000012221
25294000,3947,10747,131573,-13200,10501,125610,111,19220,455,1,14602,0.0010000000000012221
25295000,-7513,8688,132311,3850,8470,127057,136,19229,557,1,14603,0.0009999999999976694
25296002,-6148,5056,131128,-8547,-862,126228,104,19232,426,1,14604,0.0010019999999997253
25297002,-538,-12335,128423,-12968,-18692,140266,108,19218,442,0,14605,0.0010000000000012221
25298000,-1949,-5951,128885,3145,-4668,126658,92,19218,442,0,14606,0.0009979999999991662
25299000,110,10188,132163,-4330,9056,127166,109,19233,377,0,14607,0.0010000000000012221
25300000,-5252,3677,130749,-15060,-2580,132258,109,19228,446,1,14608,0.0009999999999976694
25301000,-7630,-2599,129697,-5563,-4250,132893,134,19225,549,1,14609,0.0010000000000012221
25302000,-9505,-88,130496,-16607,-3183,130220,117,19231,479,1,14610,0.0010000000000012221
25303000,-4240,16236,132356,-14356,11216,112683,98,19228,401,1,14611,0.0009999999999976694
25304000,-5019,7188,128047,-867,-10600,137032,149,19228,401,0,14612,0.0010000000000012221
25305000,-4818,-11400,125908,-11292,-9302,127292,105,19224,610,0,14613,0.0010000000000012221
25306000,-2227,1289,126597,-8004,2355,124905,105,19228,430,0,14614,0.0009999999999976694
25307000,-3744,3454,127869,-7109,5342,129141,108,19223,442,1,14615,0.0010000000000012221
25308000,-5133,14405,129312,-11930,7679,118578,130,19228,532,1,14616,0.0010000000000012221
25309000,-8636,7388,128030,-13774,2188,131722,111,19234,455,1,14617,0.0009999999999976694
25310000,-1912,-683,125461,5685,1662,124630,108,19234,455,0,14618,0.0010000000000012221
25311000,138,2070,123642,-1718,-2989,127295,94,19224,442,0,14619,0.0010000000000012221
25312000,2623,-3303,121478,-3288,2778,122608,94,19228,385,0,14620,0.0009999999999976694
25313000,29,6806,125043,-6329,832,123475,115,19232,471,0,14621,0.0010000000000012221
25314000,1252,2296,125521,616,10122,131364,128,19218,524,1,14622,0.0010000000000012221
25315002,-1528,9022,127390,420,7443,117857,111,19227,455,1,14623,0.0010019999999997253
25316000,1050,11414,125666,-2041,3871,124795,97,19227,397,1,14624,0.0009979999999991662
25317000,5097,9040,125135,3763,-386,123262,133,19226,397,0,14625,0.0010000000000012221
25318000,8542,-6096,123111,9971,-12692,130255,108,19232,545,0,14626,0.0009999999999976694
25319000,8600,-6265,126262,8760,-7516,127593,108,19227,442,0,14627,0.0010000000000012221
25320000,2947,8494,127040,-919,424,117948,111,19225,455,1,14628,0.0010000000000012221
25321001,3658,5474,127084,350,2494,130313,135,19228,553,1,14629,0.0010009999999986974
25322000,4065,11619,129240,1625,7235,124211,112,19228,459,1,14630,0.0009990000000001942
25323000,10372,5562,124954,5980,4048,123736,101,19230,459,1,14631,0.0010000000000012221
25324000,9127,7404,125895,8514,2180,121551,110,19223,414,0,14632,0.0009999999999976694
25325000,13405,-7872,125900,2971,-18332,128877,110,19231,451,0,14633,0.0010000000000012221
25326000,8995,-13162,128784,14539,-3536,135446,106,19235,434,0,14634,0.0010000000000012221
25327000,2699,890,129629,-6375,2958,126838,115,19222,471,1,14635,0.0009999999999976694
25328000,-716,11896,132332,-84,8582,125891,110,19232,451,1,14636,0.0010000000000012221
25329002,-1235,18386,130866,6820,3608,123530,102,19232,451,1,14637,0.0010019999999997253
25330000,7946,-9152,125036,-5943,-16969,139751,129,19232,418,0,14638,0.0009979999999991662
25331000,9671,-2741,131352,10756,-4606,118084,129,19224,528,0,14639,0.0010000000000012221
25332003,10377,3449,128597,12370,-5206,128497,101,19232,414,0,14640,0.0010030000000007533
25333000,1878,-3707,131075,-15141,-3331,130681,106,19220,434,0,14641,0.0009969999999981383
25334000,-691,5856,133893,-11333,1630,129768,150,19223,614,1,14642,0.0010000000000012221
25335000,-4703,364,131356,5586,-3254,134568,110,19223,614,1,14643,0.0009999999999976694
25336000,-10166,7857,130666,-9183,4698,117778,97,19230,451,1,14644,0.0010000000000012221
25337000,1998,-8494,130531,-21990,-16185,136580,97,19227,397,0,14645,0.0010000000000012221
25338001,2881,3044,129188,10532,2582,126177,119,19232,487,0,14646,0.0010009999999986974
25339000,17,1591,127863,-307,-717,129162,110,19231,451,0,14647,0.0009990000000001942
25340002,-7589,1008,131939,-21351,1003,131193,123,19221,504,1,14648,0.0010019999999997253
25341000,-8597,4055,129839,-8884,3781,127301,116,19221,504,1,14649,0.0009979999999991662
25342000,-7297,4112,130227,-8917,1582,137081,105,19226,475,1,14650,0.0010000000000012221
25343000,-5145,7445,129374,-11331,6788,119045,105,19231,430,1,14651,0.0010000000000012221
25344000,-2110,4748,124850,-10204,1318,127819,118,19220,483,0,14652,0.0009999999999976694
25345000,-1291,-8754,125251,-4633,-12558,129751,93,19232,381,0,14653,0.0010000000000012221
25346000,-806,-1361,128091,-1151,-2722,129629,109,19229,446,0,14654,0.0010000000000012221
25347000,-6491,2812,128294,-10955,-2360,122346,141,19229,446,1,14655,0.0009999999999976694
25348000,-10384,13234,128377,-13255,9687,125760,118,19221,577,1,14656,0.0010000000000012221
25349000,-6928,1569,129444,-9239,-5323,130175,118,19226,483,1,14657,0.0010000000000012221
25350000,-1675,10843,126082,2176,6368,118199,103,19227,422,0,14658,0.0009999999999976694
25351000,-1461,2026,124233,-10739,-7594,133181,121,19231,496,0,14659,0.0010000000000012221
25352000,796,2785,126346,96,-439,123177,113,19227,463,0,14660,0.0010000000000012221
25353000,-580,6142,126031,138,6127,125327,116,19227,463,0,14661,0.0009999999999976694
25354003,-844,5047,127231,-9036,9316,126460,144,19224,475,1,14662,0.0010030000000007533
25355000,-3403,2593,125071,-5135,8463,124077,144,19228,590,1,14663,0.000997000000001691
25356000,8378,2747,122610,4217,5077,127035,102,19231,418,1,14664,0.0009999999999976694
25357003,9199,7037,123850,10365,3070,119710,109,19226,446,0,14665,0.0010030000000007533
25358002,8821,-246,122469,6099,-10599,128377,94,19229,385,0,14666,0.0009990000000001942
25359000,5534,-7586,124586,1506,-4971,126561,115,19229,471,0,14667,0.0009979999999991662
25360002,2790,2485,128669,2269,-3437,129226,134,19227,471,1,14668,0.0010019999999997253
25361000,3200,2708,127226,4643,22136,119652,112,19222,549,1,14669,0.0009979999999991662
25362001,2170,17781,127798,2701,1962,122440,112,19230,459,1,14670,0.00100100000000225
25363004,9252,-5028,125136,6469,-12713,134640,96,19229,393,1,14671,0.0010030000000007533
25364005,10964,-2821,125751,6162,4349,121905,146,19231,598,0,14672,0.0010009999999986974
25365001,8085,-7059,127330,13200,-6272,134483,104,19231,426,0,14673,0.000996000000000663
25366000,8664,-9956,125893,-2911,1096,122590,108,19228,426,0,14674,0.0009990000000001942
25367000,2121,8118,129827,-4972,1001,129720,125,19226,442,1,14675,0.0009999999999976694
25368000,3261,6519,129980,5506,6904,130604,125,19226,512,1,14676,0.0010000000000012221
25369000,104,12161,130117,3986,4781,118185,110,19232,451,1,14677,0.0010000000000012221
25370000,5733,-6927,128218,-4177,-17711,137635,111,19221,455,0,14678,0.0009999999999976694
25371000,9152,-14600,128051,13235,-9924,125368,112,19221,459,0,14679,0.0010000000000012221
25372000,5284,1334,130252,12192,-6572,134507,106,19228,459,0,14680,0.0010000000000012221
25373000,2903,81,128374,-23580,20839,123152,119,19230,434,0,14681,0.0009999999999976694
25374000,-4293,10552,133698,-4766,11475,124560,119,19222,487,1,14682,0.0010000000000012221
25375000,-2966,-14246,130027,9106,-17572,146379,112,19230,459,1,14683,0.0010000000000012221
25376000,-6948,-1963,127442,-13627,-773,122217,100,19228,410,1,14684,0.0009999999999976694
25377000,-1142,-5558,130856,-12648,-12198,131688,136,19227,557,0,14685,0.0010000000000012221
25378000,1435,11028,130580,10648,5674,120163,104,19227,557,0,14686,0.0010000000000012221
25379000,-2696,2728,129015,-9370,-3989,133620,109,19228,426,0,14687,0.0009999999999976694
25380000,-6577,481,133303,-19523,-3275,131241,109,19225,446,1,14688,0.0010000000000012221
25381003,-10953,10209,129150,-10858,7382,123053,146,19230,598,1,14689,0.0010030000000007533
25382000,-8985,6432,130792,-7546,5435,131408,115,19229,471,1,14690,0.0009969999999981383
25383000,-3380,10088,130493,-7815,1122,120704,104,19221,426,1,14691,0.0010000000000012221
25384000,-2099,-11353,124716,-7219,-18385,135973,145,19221,426,0,14692,0.0010000000000012221
25385000,-4832,6797,127812,-5695,9467,119702,106,19231,594,0,14693,0.0009999999999976694
25386000,-244,8244,126827,-12705,6672,121587,106,19230,434,0,14694,0.0010000000000012221
25387000,-2418,4069,128833,-2270,1657,132836,118,19220,483,1,14695,0.0010000000000012221
25388000,-7673,7682,127391,-9649,365,125157,113,19229,463,1,14696,0.0009999999999976694
25389000,-5494,4974,125803,-13472,3967,128928,104,19230,426,1,14697,0.0010000000000012221
25390000,1486,10611,128162,644,6135,117949,127,19230,426,0,14698,0.0010000000000012221
25391000,830,-9949,122286,2908,-15267,133888,102,19234,520,0,14699,0.0009999999999976694
25392000,-1288,5333,127086,-4435,-724,121183,102,19230,418,0,14700,0.0010000000000012221
25393000,-1579,6892,124829,-7247,5879,125950,109,19226,446,0,14701,0.0009999999999976694
25394000,-2694,17464,130192,-196,14123,119703,152,19222,623,1,14702,0.0010000000000012221
25395001,380,9409,125685,-5271,4941,131129,113,19228,463,1,14703,0.00100100000000225
25396000,4548,-5758,124376,8587,-11113,126602,97,19228,463,1,14704,0.0009989999999966415
25397000,4973,11478,123988,1568,8310,114852,106,19224,397,0,14705,0.0010000000000012221
25398000,14637,7551,124212,1137,-3524,127736,106,19226,434,0,14706,0.0010000000000012221
25399002,5379,-4887,126587,19682,-11418,130987,114,19225,467,0,14707,0.0010019999999997253
25400001,5868,-6746,125062,-6089,-1041,127565,121,19221,496,1,14708,0.0009990000000001942
25401003,-313,14724,129353,7830,11486,119639,115,19230,471,1,14709,0.0010019999999997253
25402002,8012,13976,128651,10858,-2672,129798,104,19230,471,1,14710,0.0009990000000001942
25403000,7012,-2838,124390,-818,-3510,124549,117,19231,426,0,14711,0.0009979999999991662
25404000,10881,3494,127808,3667,-8274,127321,117,19218,479,0,14712,0.0010000000000012221
25405000,12288,-10587,124167,20914,-8011,129530,94,19228,385,0,14713,0.0009999999999976694
25406000,3482,1266,129788,-5082,-2189,128629,105,19225,430,0,14714,0.0010000000000012221
25407000,5419,-1133,128885,-9068,2480,129151,132,19228,541,1,14715,0.0010000000000012221
25408000,259,9841,130970,10031,25012,125541,113,19228,463,1,14716,0.0009999999999976694
25409000,200,6170,129975,130,-11856,127876,99,19228,463,1,14717,0.0010000000000012221
25410000,6825,-8214,125530,893,-13964,128058,161,19221,405,0,14718,0.0010000000000012221
25411001,4297,-11975,131313,13673,-14134,138645,161,19228,659,0,14719,0.0010009999999986974
25412000,5909,-1683,129818,13327,-6598,124754,118,19228,483,0,14720,0.0009990000000001942
25413000,-1496,7693,132207,-27384,6955,126981,113,19225,463,1,14721,0.0010000000000012221
25414000,-1411,10072,133929,-8113,4676,128553,135,19225,553,1,14722,0.0009999999999976694
25415000,-7750,6582,129753,13747,-875,125982,107,19232,553,1,14723,0.0010000000000012221
25416000,-1994,-2790,128534,-20676,-10337,135362,113,19232,438,1,14724,0.0010000000000012221
25417000,-1368,-13236,128056,-8858,-11452,130991,113,19219,463,0,14725,0.0009999999999976694
25418000,5339,3535,129567,9914,7325,122913,88,19229,360,0,14726,0.0010000000000012221
25419000,-853,3820,129877,-11921,510,128931,105,19229,430,0,14727,0.0010000000000012221
25420000,-7106,-846,130890,-18853,10547,134097,127,19223,520,1,14728,0.0009999999999976694
25421000,-7174,-452,128405,-7822,607,130599,114,19223,520,1,14729,0.0010000000000012221
25422000,-9148,11025,128686,-6080,7992,120288,104,19233,467,1,14730,0.0010000000000012221
25423000,-2832,13273,131223,-13550,-396,127011,104,19228,426,0,14731,0.0009999999999976694
25424000,-5341,-12169,125668,-8368,-15778,134062,150,19224,614,0,14732,0.0010000000000012221
25425000,-1815,380,128340,-4364,-1493,126090,101,19231,414,0,14733,0.0009999999999976694
25426000,-2583,12196,128210,-7678,10969,120140,102,19226,418,0,14734,0.0010000000000012221
25427000,-7230,15303,128368,-6990,12529,121459,127,19226,418,1,14735,0.0010000000000012221
25428002,-4833,1211,126590,-16921,1424,134064,115,19227,520,1,14736,0.0010019999999997253
25429002,-2941,-2368,124747,-4882,-3362,127345,115,19231,471,1,14737,0.0010000000000012221
25430000,2722,5477,126387,4857,2741,121688,112,19221,459,0,14738,0.0009979999999991662
25431000,-805,-2627,124848,-3883,-9175,125222,84,19233,344,0,14739,0.0009999999999976694
25432002,2414,-2610,126107,-4489,-3814,130619,109,19229,446,0,14740,0.0010019999999997253
25433000,-762,7203,123863,946,9787,123331,125,19229,446,1,14741,0.000998000000002719
25434000,-3039,23623,128087,-3108,19754,118573,113,19217,512,1,14742,0.0009999999999976694
25435000,136,5688,123806,-3957,2165,125061,113,19230,463,1,14743,0.0010000000000012221
25436000,6102,1814,125750,1383,-3483,128404,100,19228,410,0,14744,0.0010000000000012221
25437000,9936,711,122941,9141,3440,127188,134,19232,549,0,14745,0.0009999999999976694
25438000,9008,2536,123849,3874,-1776,118390,109,19229,446,0,14746,0.0010000000000012221
25439000,6350,-5999,126190,2908,-10032,134449,113,19229,446,0,14747,0.0010000000000012221
25440000,2806,216,125941,3142,-1217,121100,142,19224,463,1,14748,0.0009999999999976694
25441001,2762,15912,129320,-513,13728,123264,142,19228,582,1,14749,0.00100100000000225
25442000,5931,9972,127401,10942,5344,121772,113,19232,463,1,14750,0.0009990000000001942
25443002,10091,-1140,124282,1440,-5507,135212,102,19224,418,0,14751,0.0010019999999997253
25444000,12452,828,128044,4932,-14324,125733,118,19234,483,0,14752,0.0009979999999991662
25445000,7763,-4290,126086,15238,-10699,129593,106,19234,483,0,14753,0.0010000000000012221
25446000,2357,2458,131970,-2012,-3860,127497,115,19229,434,1,14754,0.0009999999999976694
25447000,2434,3691,128843,-3292,53,129577,115,19222,471,1,14755,0.0010000000000012221
25448000,2757,5112,130243,8044,13968,124040,112,19228,459,1,14756,0.0010000000000012221
25449000,5109,10333,128999,-6009,-1212,123920,103,19232,422,1,14757,0.0009999999999976694
25450001,12574,-8231,126851,12691,-16292,134122,127,19224,520,0,14758,0.00100100000000225
25451000,7862,-7611,128770,10837,136,126039,101,19224,414,0,14759,0.0009990000000001942
25452000,1971,-5898,128633,-10417,-7902,133490,108,19231,414,0,14760,0.0009999999999976694
25453000,-1284,4248,133621,-8843,8043,124139,143,19227,442,1,14761,0.0010000000000012221
25454000,-5269,7294,134605,503,-6137,135844,143,19229,586,1,14762,0.0009999999999976694
25455000,-7254,-4385,129248,-918,13544,123488,111,19231,455,1,14763,0.0010000000000012221
25456000,-523,1078,129873,-22151,-8226,127891,97,19225,397,0,14764,0.0010000000000012221
25457000,4087,-12901,127129,7629,-14997,135648,129,19225,528,0,14765,0.0009999999999976694
25458000,1054,7277,129127,1844,7235,121689,111,19235,528,0,14766,0.0010000000000012221
25459000,-6009,3636,132176,-24261,-5416,133301,120,19229,455,0,14767,0.0010000000000012221
25460000,-7559,1312,131422,-7417,4936,126546,120,19220,491,1,14768,0.0009999999999976694
25461000,-9474,6184,131545,-11417,-1271,134765,117,19234,479,1,14769,0.0010000000000012221
25462000,-7658,6074,129296,-6165,10133,121356,102,19231,418,1,14770,0.0010000000000012221
25463000,-4237,7961,128408,-10688,160,125532,117,19231,479,0,14771,0.0009999999999976694
25464000,-3099,-8388,125338,-5457,-9435,134431,93,19216,479,0,14772,0.0010000000000012221
25465000,-2017,-125,128383,-769,-667,125529,105,19231,381,0,14773,0.0010000000000012221
25466000,-4003,1231,126286,-13534,-888,126336,105,19225,430,1,14774,0.0009999999999976694
25467000,-4934,14257,128572,-5566,28105,116030,138,19224,565,1,14775,0.0010000000000012221
25468000,-6051,-128,127641,-7224,-9518,136660,116,19229,475,1,14776,0.0010000000000012221
25469000,-2739,-7906,123090,-8002,-516,125764,100,19226,410,1,14777,0.0009999999999976694
25470000,-592,15632,126239,-3443,12770,118988,121,19226,410,0,14778,0.0010000000000012221
25471000,515,146,124979,6595,-4847,123744,112,19232,496,0,14779,0.0010000000000012221
25472000,4595,-2831,125076,-7004,-7942,132301,112,19227,459,0,14780,0.0009999999999976694
25473000,-2903,-11807,125684,-5152,-11718,131150,113,19219,463,1,14781,0.0010000000000012221
25474000,-2987,24163,128621,1789,23209,112547,140,19226,573,1,14782,0.0010000000000012221
25475002,-1439,16204,125762,-4536,3378,127553,105,19230,430,1,14783,0.0010019999999997253
25476001,2711,1205,122752,3200,-523,121687,109,19230,430,0,14784,0.0009990000000001942
25477004,8721,1947,124374,3754,-4430,127496,94,19223,446,0,14785,0.0010029999999972006
25478002,8251,-5550,123322,11814,-12660,121825,94,19227,385,0,14786,0.000998000000002719
25479002,7460,14964,128646,7837,8346,123337,115,19230,471,0,14787,0.0009999999999976694
25480000,4236,-9998,124824,-6663,-7794,133150,134,19226,549,1,14788,0.000998000000002719
25481000,6424,7224,130872,3528,11186,123146,115,19229,471,1,14789,0.0009999999999976694
25482000,5172,5593,123630,12678,340,126370,96,19229,471,1,14790,0.0010000000000012221
25483002,9182,3656,124201,-2207,1632,120159,145,19228,393,0,14791,0.0010019999999997253
25484000,9787,-1486,127388,6928,-9128,130487,145,19231,594,0,14792,0.0009979999999991662
25485000,9106,-15031,125953,16424,-17221,135175,104,19232,426,0,14793,0.0010000000000012221
25486000,4407,4366,131334,-2957,1715,123199,107,19223,438,1,14794,0.0009999999999976694
25487000,-1090,10661,132305,-3452,8027,129802,125,19225,512,1,14795,0.0010000000000012221
25488000,-49,13529,129348,3923,11026,124614,109,19225,446,1,14796,0.0010000000000012221
25489002,1284,5522,128943,-1077,-1780,132311,108,19231,446,1,14797,0.0010019999999997253
25490000,10838,-14325,127028,-892,-18049,124993,108,19222,442,0,14798,0.0009979999999991662
25491000,12137,3776,131649,20212,-6828,129003,111,19228,455,0,14799,0.0010000000000012221
25492000,3026,-8972,128530,3193,-13968,136210,105,19228,430,0,14800,0.0009999999999976694
25493000,-972,4635,132045,-21244,12738,122326,124,19218,508,1,14801,0.0010000000000012221
25494000,-7869,9643,132937,-4901,432,133904,113,19218,463,1,14802,0.0010000000000012221
25495000,-6419,1934,129898,4828,783,125619,98,19231,463,1,14803,0.0009999999999976694
25496000,-1460,-5412,128939,-17829,-15748,135576,133,19229,401,0,14804,0.0010000000000012221
25497001,-403,-6268,129131,4782,-2067,123727,133,19228,545,0,14805,0.0010009999999986974
25498001,4096,5837,129855,3681,2694,127017,101,19228,414,0,14806,0.0010000000000012221
25499000,-6535,1050,132694,-19579,535,135424,109,19226,446,0,14807,0.0009990000000001942
25500001,-9255,-136,130078,-15894,51,129766,148,19226,606,1,14808,0.0010009999999986974
25501002,-9646,1471,129841,-4641,6059,132441,114,19229,606,1,14809,0.00100100000000225
25502000,-5711,6453,129813,-11508,16754,120347,100,19229,467,1,14810,0.0009979999999991662
25503000,-1279,6459,127289,-5085,-9148,125798,100,19224,410,0,14811,0.0010000000000012221
25504000,-4731,-9278,124304,-4958,-12138,134168,145,19231,594,0,14812,0.0009999999999976694
25505000,-733,-285,128942,-6983,-494,126214,104,19230,426,0,14813,0.0010000000000012221
25506000,-6551,13391,128132,-6112,6606,121274,117,19230,479,1,14814,0.0010000000000012221
25507000,-8308,15104,129107,-16946,8287,124571,111,19218,479,1,14815,0.0009999999999976694
25508000,-7683,-1110,127739,-6923,-6618,132017,103,19231,455,1,14816,0.0010000000000012221
25509000,469,6488,126332,3122,2633,120952,103,19227,422,0,14817,0.0010000000000012221
25510000,3002,3733,123542,-3269,1062,123197,125,19231,512,0,14818,0.0009999999999976694
25511003,2308,-359,125194,-5709,450,125797,103,19228,422,0,14819,0.0010030000000007533
25512000,2169,-1956,123467,-2042,693,127881,109,19226,446,0,14820,0.000997000000001691
25513003,-3857,4487,125163,-2994,5314,124885,145,19226,446,1,14821,0.0010029999999972006
25514002,-3343,12528,126842,-12454,20134,125402,109,19225,594,1,14822,0.0009990000000001942
25515000,1239,1303,124373,13344,-2350,123067,109,19232,446,1,14823,0.000998000000002719
25516000,6888,720,122771,6120,-2760,125427,97,19227,397,0,14824,0.0009999999999976694
25517000,7937,2855,124413,-1860,-6433,124591,107,19228,438,0,14825,0.0010000000000012221
25518000,6671,3826,127862,18433,-6588,119259,115,19227,471,0,14826,0.0009999999999976694
25519000,4828,-556,126398,2949,-4503,134415,116,19227,471,1,14827,0.0010000000000012221
25520000,167,5844,130447,-11323,4340,121194,112,19221,475,1,14828,0.0010000000000012221
25521000,5090,9545,128422,12129,4883,126955,112,19232,459,1,14829,0.0009999999999976694
25522000,8085,2540,123214,9395,-1090,124338,102,19232,418,1,14830,0.0010000000000012221
25523000,11119,9216,127463,-7347,4522,120814,118,19219,483,0,14831,0.0010000000000012221
25524000,10280,-2201,126878,13552,-10398,132777,102,19233,418,0,14832,0.0009999999999976694
25525000,7793,-9996,126460,12989,-14566,125141,105,19233,418,0,14833,0.0010000000000012221
25526000,2434,5063,133411,-5626,1333,134077,130,19227,430,1,14834,0.0010000000000012221
25527000,-564,8005,127465,21,8131,118216,130,19227,532,1,14835,0.0009999999999976694
25528000,5130,15026,132758,318,7421,132431,113,19232,463,1,14836,0.0010000000000012221
25529000,1700,-2338,128291,1283,-5420,126717,104,19225,426,1,14837,0.0010000000000012221
25530000,12193,-10292,125021,3097,-14191,128762,162,19228,664,0,14838,0.0009999999999976694
25531000,6997,-5748,131638,17844,-8709,135382,105,19228,664,0,14839,0.0010000000000012221
25532000,3215,-6199,127625,-5711,-6376,125140,106,19228,430,0,14840,0.0010000000000012221
25533000,4779,15398,134516,-22876,13744,127507,106,19222,434,1,14841,0.0009999999999976694
25534000,-6070,10740,131900,14104,5903,129188,130,19229,532,1,14842,0.0010000000000012221
25535000,-4207,-3149,128939,-1320,-8187,132884,105,19234,430,1,14843,0.0010000000000012221
25536001,-3934,-10640,129826,-26472,-12250,130144,114,19226,467,0,14844,0.0010009999999986974
25537000,1344,2994,131077,3550,10,132826,89,19226,365,0,14845,0.0009990000000001942
25538000,2091,13018,131677,5037,-1430,118510,107,19229,365,0,14846,0.0010000000000012221
25539001,-8019,6167,130809,-17709,-3509,130408,134,19224,438,1,14847,0.0010009999999986974
25540000,-6533,-1571,131275,-15953,-4078,136915,134,19223,549,1,14848,0.0009990000000001942
25541000,-10048,6561,129261,-4336,8074,118953,118,19232,483,1,14849,0.0010000000000012221
25542000,-2179,12469,130060,-10759,9140,128009,102,19229,418,1,14850,0.0009999999999976694
25543000,-5186,1960,127465,-8866,-7891,127442,150,19229,614,0,14851,0.0010000000000012221
25544001,-2175,-9869,124451,-1866,-8077,131168,104,19224,614,0,14852,0.0010009999999986974
25545000,1173,-3066,127048,-8855,8077,124289,107,19229,426,0,14853,0.0009990000000001942
25546000,-5910,8605,126854,-4890,11887,121587,107,19223,438,1,14854,0.0010000000000012221
25547000,-4635,11317,128772,-15444,4994,126272,129,19227,528,1,14855,0.0010000000000012221
25548000,-8475,3372,127015,-10624,-2947,128568,116,19234,475,1,14856,0.0009999999999976694
25549000,553,747,127979,9376,4370,131890,112,19234,459,0,14857,0.0010000000000012221
25550000,-1980,4551,123671,-6262,-7034,117991,85,19220,459,0,14858,0.0009999999999976694
25551000,140,1461,123795,-11765,-3367,129015,109,19226,348,0,14859,0.0010000000000012221
25552002,1306,6423,127342,3468,4662,124350,109,19228,446,0,14860,0.0010019999999997253
25553000,-1838,10909,125499,7,9384,121085,125,19219,512,1,14861,0.0009979999999991662
25554000,-1712,10422,126908,-6694,14738,127702,113,19230,463,1,14862,0.0010000000000012221
25555000,-80,1954,123609,-530,-594,122795,99,19230,405,1,14863,0.0010000000000012221
25556000,12526,228,124384,11376,1391,128001,136,19233,405,0,14864,0.0009999999999976694
25557000,6104,-2752,124514,7278,-1896,121765,118,19231,557,0,14865,0.0010000000000012221
25558000,8216,-6505,126125,2534,-12231,131057,118,19224,483,0,14866,0.0010000000000012221
25559000,1667,-4528,125668,10042,395,126015,117,19224,479,1,14867,0.0009999999999976694
25560000,469,10730,128697,-9667,6775,124263,141,19229,577,1,14868,0.0010000000000012221
25561000,8613,8453,127221,16483,14002,125302,113,19232,463,1,14869,0.0010000000000012221
25562000,3574,3364,125565,8381,47,119399,102,19232,463,1,14870,0.0009999999999976694
25563000,14574,-2326,124703,-4408,-5278,133565,119,19225,418,0,14871,0.0010000000000012221
25564000,7539,-6953,127075,22400,-11349,131170,119,19228,487,0,14872,0.0010000000000012221
25565000,6356,-7332,127319,3864,-8515,129489,105,19230,430,0,14873,0.0009999999999976694
25566000,4163,7980,131728,-11993,2937,128187,109,19223,446,1,14874,0.0010000000000012221
25567000,-2559,11600,132252,7331,7281,123858,109,19234,446,1,14875,0.0010000000000012221
25568000,6847,3582,129496,7900,-2777,131686,103,19234,446,1,14876,0.0009999999999976694
25569000,3725,2369,128065,-6412,-6963,124213,130,19232,422,0,14877,0.0010000000000012221
25570000,11744,-8405,127619,8075,-9607,127849,130,19222,532,0,14878,0.0010000000000012221
25571000,4534,684,130117,14546,-1510,131625,101,19229,414,0,14879,0.0009999999999976694
25572000,685,-5948,130136,-19060,-11114,131306,103,19227,422,0,14880,0.0010000000000012221
25573000,2735,18679,134006,-6702,17802,125041,142,19230,582,1,14881,0.0010000000000012221
25574009,-7548,-2724,130984,7941,-3720,129513,113,19230,582,1,14882,0.0010089999999998156
25575001,-566,-4096,131643,-12451,-6390,130010,103,19229,463,1,14883,0.000992000000000104
25576003,-1159,-4918,127777,-10776,-11756,133838,103,19219,422,0,14884,0.0010019999999997253
25577000,839,-2112,127797,9824,-2318,125263,132,19230,541,0,14885,0.0009969999999981383
25578002,-1480,7723,132429,-7948,893,125168,109,19230,446,0,14886,0.0010019999999997253
25579000,-8065,-4649,130161,-18927,-6833,132774,117,19221,479,1,14887,0.0009979999999991662
25580000,-9256,6938,134266,-6107,1745,131293,117,19221,479,1,14888,0.0010000000000012221
25581000,-11383,3974,127758,-7506,-484,125367,107,19231,479,1,14889,0.0010000000000012221
25582001,-1313,14496,129736,-12446,11449,125349,107,19234,438,1,14890,0.0010009999999986974
25583000,-4919,-3732,125993,-7359,-7942,131785,121,19216,496,0,14891,0.0009990000000001942
25584000,-1555,-7595,127440,-3401,-11302,125669,92,19230,377,0,14892,0.0010000000000012221
25585000,-1471,14544,128432,-6069,-7212,125974,102,19229,418,0,14893,0.0009999999999976694
25586000,-7430,4128,126290,-12870,6045,125142,137,19229,561,1,14894,0.0010000000000012221
25587000,-3478,12490,129449,-10134,8002,130671,120,19224,561,1,14895,0.0010000000000012221
25588000,-7560,2757,125022,-3347,-956,122017,103,19226,491,1,14896,0.0009999999999976694
25589000,-182,6844,125163,-10103,12616,121334,103,19227,422,0,14897,0.0010000000000012221
25590002,-1344,3349,127532,2839,-10598,125170,125,19232,512,0,14898,0.0010019999999997253
25591000,2944,-3106,122961,6616,-5370,128968,115,19232,471,0,14899,0.0009979999999991662
25592000,183,2009,126722,-10414,856,125714,117,19232,479,0,14900,0.0010000000000012221
25593000,-3693,10177,127060,-2329,16095,117355,144,19225,479,1,14901,0.0010000000000012221
25594000,869,16668,127376,1065,3702,129374,107,19228,590,1,14902,0.0009999999999976694
25595001,3530,-4965,122768,-172,-4350,127931,107,19228,438,1,14903,0.00100100000000225
25596000,10372,-222,124771,5049,13891,116628,109,19228,446,0,14904,0.0009990000000001942
25597000,7685,8075,123782,8392,-10691,121614,91,19231,373,0,14905,0.0009999999999976694
25598000,5969,-7450,123700,8859,-7151,134183,111,19231,455,0,14906,0.0010000000000012221
25599001,4609,-9144,126857,-3505,-6641,131657,135,19226,455,1,14907,0.0010009999999986974
25600000,663,13188,128327,-1022,18758,113410,114,19227,553,1,14908,0.0009990000000001942
25601000,5797,23995,130330,13384,7812,126912,114,19228,467,1,14909,0.0010000000000012221
25602000,5363,-10582,124098,2156,-11325,131658,97,19228,397,0,14910,0.0010000000000012221
25603000,11498,-6691,126530,594,-8827,129360,144,19232,590,0,14911,0.0009999999999976694
25604001,8850,-6439,126209,20285,-9620,129482,104,19230,426,0,14912,0.00100100000000225
25605000,5407,2800,127389,-1950,6446,119917,105,19230,426,0,14913,0.0009990000000001942
25606000,4997,7692,131727,-11308,3183,131630,128,19224,430,1,14914,0.0009999999999976694
25607002,3757,4109,127880,10313,6040,132253,128,19227,524,1,14915,0.0010019999999997253
25608000,2007,-630,127521,1979,8811,122372,107,19230,438,1,14916,0.000998000000002719
25609000,3260,-2074,130029,-6005,-13416,129630,105,19222,430,0,14917,0.0009999999999976694
25610000,8821,-18520,124805,17143,-17602,135880,108,19228,442,0,14918,0.0010000000000012221
25611000,2586,-573,130773,7923,-6084,132870,106,19228,442,0,14919,0.0009999999999976694
25612000,2554,2226,131430,-22378,5048,120921,124,19228,434,0,14920,0.0010000000000012221
25613005,-4137,17655,133721,859,14814,125902,124,19223,508,1,14921,0.0010049999999992565
25614019,-3871,-1788,131195,364,-10333,135876,115,19227,471,1,14922,0.0010140000000014027
25615000,-7782,-5985,128507,-13561,-9810,130632,97,19229,397,1,14923,0.0009809999999994545
25616000,922,-5944,128866,-11631,-7857,131711,133,19228,545,0,14924,0.0010000000000012221
25617000,-1532,8317,130287,6763,5488,119937,116,19228,545,0,14925,0.0009999999999976694
25618000,-2004,1333,130092,-8873,-1087,130637,115,19228,475,0,14926,0.0010000000000012221
25619000,-7162,1572,130675,-21290,-5463,130154,115,19228,471,1,14927,0.0010000000000012221
25620000,-10205,9216,130946,-8443,10372,129377,141,19227,577,1,14928,0.0009999999999976694
25621000,-5138,11885,130165,-5889,8427,119224,112,19234,459,1,14929,0.0010000000000012221
25622000,-3924,-589,130642,-5609,-6541,133110,104,19224,426,1,14930,0.0010000000000012221
25623000,-2968,-5359,125775,-13528,-9491,129671,129,19224,426,0,14931,0.0009999999999976694
25624001,-5207,-2991,127040,-7067,-6227,126396,104,19235,528,0,14932,0.00100100000000225
25625000,-434,10244,128866,-6187,7189,121288,104,19232,426,0,14933,0.0009990000000001942
25626003,-6175,13774,127852,-9139,12543,122180,116,19219,475,1,14934,0.0010029999999972006
25627000,-6294,2442,125744,-11928,-2804,130572,113,19229,463,1,14935,0.000997000000001691
25628000,-2498,4582,126748,-7537,1041,121026,103,19229,422,1,14936,0.0010000000000012221
25629000,765,10629,126806,3209,6877,124591,127,19229,520,0,14937,0.0009999999999976694
25630000,-124,-4589,124517,-3385,-7508,128769,101,19228,520,0,14938,0.0010000000000012221
25631000,-1128,-3139,125229,-4582,-7227,131877,105,19226,414,0,14939,0.0010000000000012221
25632001,-149,13868,127748,-4150,2214,114577,105,19224,430,1,14940,0.0010009999999986974
25633000,-141,18480,124783,-990,14992,121142,148,19225,606,1,14941,0.0009990000000001942
25634000,-1495,11068,128785,-159,-4668,132185,113,19232,463,1,14942,0.0010000000000012221
25635000,6192,6742,120943,547,-7474,114797,96,19232,393,1,14943,0.0009999999999976694
25636000,11382,7909,123627,319,2947,131003,97,19225,393,0,14944,0.0010000000000012221
25637000,14301,-1835,126355,20271,-2579,119053,110,19232,397,0,14945,0.0010000000000012221
25638000,8092,-915,124785,-4761,-10877,129345,110,19227,451,0,14946,0.0009999999999976694
25639000,3590,-11346,125604,-3124,-7075,133628,118,19221,483,1,14947,0.0010000000000012221
25640000,4281,11662,130892,11713,20462,118229,109,19230,446,1,14948,0.0010000000000012221
25641000,4756,12744,126815,4499,4258,123585,101,19230,414,1,14949,0.0009999999999976694
25642000,5190,5894,126629,-744,2265,122889,117,19231,414,0,14950,0.0010000000000012221
25643000,11087,-8880,126365,9277,-21009,144640,94,19227,479,0,14951,0.0009999999999976694
25644000,10370,-7761,126384,22961,-16663,118047,94,19232,385,0,14952,0.0010000000000012221
25645000,3439,5774,129832,-10154,1316,129169,103,19228,422,0,14953,0.0010000000000012221
25646000,1460,2879,133538,-7642,5708,127099,135,19227,553,1,14954,0.0009999999999976694
25647000,1752,16950,128729,15470,7283,125521,115,19229,471,1,14955,0.0010000000000012221
25648000,138,-1419,128254,-9400,-5576,135223,101,19229,471,1,14956,0.0010000000000012221
25649001,6855,-763,127440,-2456,-8124,117634,142,19228,414,0,14957,0.0010009999999986974
25650000,12789,-8870,129808,26445,-8295,138062,142,19232,582,0,14958,0.0009990000000001942
25651002,5527,-8550,128318,3033,-10852,129723,105,19228,430,0,14959,0.0010019999999997253
25652000,1710,-371,132201,-31389,2683,129029,109,19223,446,1,14960,0.0009979999999991662
25653006,-6409,14949,133470,10149,11400,123209,136,19228,557,1,14961,0.0010060000000002844
25654000,-9150,10940,128922,-1300,5427,125820,104,19228,557,1,14962,0.0009940000000021598
25655000,-1254,-11934,130183,-21980,-10267,144639,114,19232,426,1,14963,0.0009999999999976694
25656002,-1058,-14298,126974,2942,-11642,123943,114,19221,467,0,14964,0.0010019999999997253
25657002,7979,6494,129902,2686,4553,128052,101,19227,414,0,14965,0.0010000000000012221
25658002,-5889,-2128,131711,-10835,787,127973,115,19225,471,0,14966,0.0010000000000012221
25659002,-5585,-86,130327,-17953,-4185,134076,137,19224,561,1,14967,0.0009999999999976694
25660000,-10611,325,128094,-8380,1563,134073,118,19224,561,1,14968,0.000998000000002719
25661000,-10177,20704,132460,-10730,22022,112704,101,19226,483,1,14969,0.0009999999999976694
25662000,-214,5421,128922,-8867,-179,133809,101,19229,414,0,14970,0.0010000000000012221
25663000,-5847,-12235,125063,-5728,-16781,132131,152,19229,623,0,14971,0.0010000000000012221
25664001,2804,-6053,126485,-8204,-3392,130299,103,19231,422,0,14972,0.0010009999999986974
25665000,-4808,10321,128694,-3350,11335,117595,108,19224,442,1,14973,0.0009990000000001942
25666002,-4710,15613,129154,-9958,7422,124057,129,19224,442,1,14974,0.0010019999999997253
25667002,-6350,7853,129160,-11398,2712,134769,113,19233,528,1,14975,0.0010000000000012221
25668002,-4680,406,124737,-7161,2610,119103,113,19234,463,1,14976,0.0009999999999976694
25669000,4527,5399,130939,6378,-534,127161,111,19222,455,0,14977,0.000998000000002719
25670002,-2215,-6057,121760,466,-7201,125980,85,19229,348,0,14978,0.0010019999999997253
25671002,4736,-6431,123479,-7732,-5453,129255,109,19228,446,0,14979,0.0009999999999976694
25672000,-3092,7776,125698,-440,5303,123354,126,19228,516,1,14980,0.000998000000002719
25673000,-1253,17713,125753,-3731,15876,116945,112,19219,516,1,14981,0.0009999999999976694
25674000,-2796,12565,127669,-3592,6861,125726,97,19231,459,1,14982,0.0010000000000012221
25675000,5434,-1354,124271,2160,-7162,126106,97,19231,397,0,14983,0.0009999999999976694
25676000,11740,2818,123428,6523,528,122325,137,19230,561,0,14984,0.0010000000000012221
25677000,5482,389,125103,9179,-3971,126344,109,19225,446,0,14985,0.0010000000000012221
25678000,7748,-6471,125732,-1193,-10925,130198,110,19225,451,0,14986,0.0009999999999976694
25679000,1917,14896,126571,3785,2853,117940,131,19225,451,1,14987,0.0010000000000012221
25680000,4401,11217,126393,491,6112,128164,109,19228,537,1,14988,0.0010000000000012221
25681000,9928,3801,126347,10557,3370,121883,109,19231,446,1,14989,0.0009999999999976694
25682000,10666,2382,124618,9452,290,122708,105,19224,430,0,14990,0.0010000000000012221
25683000,12966,-4464,127298,-1069,-10319,133704,110,19233,451,0,14991,0.0010000000000012221
25684000,6202,-11407,128036,14882,-10814,129500,105,19233,430,0,14992,0.0009999999999976694
25685002,3759,-5609,128686,-10493,-1508,131308,114,19228,430,1,14993,0.0010019999999997253
25686002,-2470,9518,132152,1261,10718,120971,108,19222,467,1,14994,0.0010000000000012221
25687000,-320,16218,131924,8311,6817,127637,108,19228,442,1,14995,0.0009979999999991662
25688000,5109,260,127995,-6879,-7594,130179,101,19229,414,1,14996,0.0010000000000012221
25689000,8870,-6799,126678,6983,-13357,128116,133,19219,545,0,14997,0.0010000000000012221
25690000,8552,-10949,131096,20593,8559,123423,102,19230,418,0,14998,0.0009999999999976694
25691000,1896,5958,128392,-8620,-15433,127829,101,19230,418,0,14999,0.0010000000000012221
25692000,1036,-882,132476,-16308,-5630,137962,145,19226,414,1,15000,0.0010000000000012221
25693000,-4532,3587,133425,6028,3525,127501,145,19228,594,1,15001,0.0009999999999976694
25694000,-9008,11325,130874,-6243,3717,122578,113,19231,463,1,15002,0.0010000000000012221
25695000,1362,3411,131045,-20546,-7741,130732,100,19225,410,0,15003,0.0010000000000012221
25696000,-72,-17379,125845,5731,-15227,135459,118,19231,483,0,15004,0.0009999999999976694
25697000,4144,-906,130243,873,8269,125141,110,19231,483,0,15005,0.0010000000000012221
25698000,-7216,13141,131648,-21061,2961,124251,119,19227,451,0,15006,0.0010000000000012221
25699000,-8335,-2160,129863,-8800,-51,135733,119,19221,487,1,15007,0.0009999999999976694
25700000,-7065,2107,131093,-9405,845,130609,109,19226,446,1,15008,0.0010000000000012221
25701000,-8328,4664,129606,-10315,8333,125470,107,19232,438,1,15009,0.0010000000000012221
25702000,-3236,8976,130654,-7049,6394,121052,122,19217,500,0,15010,0.0009999999999976694
25703000,-5052,-9293,126886,-5354,-15537,136706,92,19217,500,0,15011,0.0010000000000012221
25704000,-2815,-9691,126040,-5271,-10432,129654,106,19231,377,0,15012,0.0009999999999976694
25705000,-4744,9214,128455,-16332,12435,119546,106,19227,434,1,15013,0.0010000000000012221
25706000,-7054,15375,130387,-1136,4390,125054,141,19222,577,1,15014,0.0010000000000012221
25707000,-9339,3491,125499,-8169,-662,123807,114,19230,467,1,15015,0.0009999999999976694
25708000,-3088,8584,126717,-19375,3707,126485,101,19230,414,1,15016,0.0010000000000012221
25709000,1458,2403,125807,10914,-2072,123185,129,19230,414,0,15017,0.0010000000000012221
25710000,3820,4122,124217,935,-487,121417,118,19232,528,0,15018,0.0009999999999976694
25711000,1022,-6784,123918,-12849,-9410,133987,118,19227,483,0,15019,0.0010000000000012221
25712020,199,6009,126971,-1514,8024,121134,117,19221,479,1,15020,0.001020000000000465
25713000,-1478,11919,126663,1999,7548,127578,138,19229,565,1,15021,0.0009799999999984266
25714000,-1094,11687,124093,-4962,13087,120568,105,19228,430,1,15022,0.0010000000000012221
25715000,6301,1257,122467,1168,-2823,120875,110,19228,430,0,15023,0.0010000000000012221
25716000,7828,-6120,123964,10684,-13081,127773,94,19225,451,0,15024,0.0009999999999976694
25717000,10260,1607,124190,6267,-2025,123966,94,19227,385,0,15025,0.0010000000000012221
25718001,2858,-2788,127418,717,-3734,127474,111,19230,455,0,15026,0.0010009999999986974
25719000,4160,7774,128531,2592,3651,122239,133,19225,545,1,15027,0.0009990000000001942
25720004,2246,4292,128003,4179,176,132355,112,19230,459,1,15028,0.0010040000000017812
25721000,7500,4252,126596,2838,2444,126947,97,19230,397,1,15029,0.000996000000000663
25722000,10958,9476,126313,6224,7376,120084,148,19229,397,0,15030,0.0009999999999976694
25723000,8843,3576,126848,7814,-2045,132719,105,19234,606,0,15031,0.0010000000000012221
25724000,10023,-18759,125274,10926,-22954,134381,105,19229,430,0,15032,0.0010000000000012221
25725000,2492,-6094,129035,-317,-9354,131507,105,19229,430,1,15033,0.0009999999999976694
25726000,-510,21510,132106,-6222,9802,118351,127,19228,520,1,15034,0.0010000000000012221
25727000,1001,11917,128073,2638,2686,127019,107,19228,438,1,15035,0.0010000000000012221
25728002,3485,-969,130508,4009,-12264,136449,112,19230,438,1,15036,0.0010019999999997253
25729000,13296,-13168,124078,-3890,-13806,123230,112,19218,459,0,15037,0.0009979999999991662
25730000,10753,-1126,132082,20777,-2643,133498,112,19232,459,0,15038,0.0010000000000012221
25731000,3083,-4909,129566,-15350,-4475,124969,107,19225,438,0,15039,0.0009999999999976694
25732000,-627,9170,131837,-20712,8518,127984,122,19221,500,1,15040,0.0010000000000012221
25733001,-6332,1493,133165,12894,-1881,136215,113,19221,463,1,15041,0.0010009999999986974
25734000,-6816,5667,129382,-2747,-2706,122596,97,19228,463,1,15042,0.0009990000000001942
25735000,-2452,-4953,128015,-23954,-10837,131441,136,19232,397,0,15043,0.0010000000000012221
25736000,-217,2457,130913,3990,-7059,124330,136,19230,557,0,15044,0.0009999999999976694
25737000,7202,104,130949,3428,1330,133816,104,19231,426,0,15045,0.0010000000000012221
25738000,-7607,7671,133804,-20892,-5100,123867,113,19225,463,1,15046,0.0010000000000012221
25739002,-9354,1623,129664,-17578,282,133841,142,19228,582,1,15047,0.0010019999999997253
25740002,-8628,4427,131153,-4054,5843,128287,115,19228,582,1,15048,0.0010000000000012221
25741000,-4763,15185,129482,-9015,10037,119448,105,19232,471,1,15049,0.0009979999999991662
25742000,-978,1260,126737,-9599,-10355,134190,105,19223,430,0,15050,0.0009999999999976694
25743001,-3518,-3415,124909,-4194,1334,121837,129,19235,528,0,15051,0.00100100000000225
25744000,2559,2097,127227,-6817,1941,127822,100,19229,410,0,15052,0.0009990000000001942
25745002,-4851,4773,128392,-5563,5205,126947,120,19221,491,1,15053,0.0010019999999997253
25746000,-7548,8556,127326,-12977,5652,124276,117,19221,491,1,15054,0.0009979999999991662
25747000,-6577,1921,128102,-9611,1307,130121,102,19227,479,1,15055,0.0010000000000012221
25748000,-1415,9494,126517,7047,6055,119912,102,19228,418,0,15056,0.0009999999999976694
25749001,971,-7067,123722,-8549,-8942,140408,127,19228,520,0,15057,0.00100100000000225
25750000,3143,-7198,124479,-7321,-7528,114173,99,19227,405,0,15058,0.0009990000000001942
25751000,1920,7258,126650,1718,5858,126952,110,19227,451,0,15059,0.0009999999999976694
25752000,-4498,11407,125985,-25,7321,128845,157,19227,451,1,15060,0.0010000000000012221
25753000,-6856,9530,123173,-9919,8917,119556,112,19225,643,1,15061,0.0010000000000012221
25754000,3747,9960,127125,-3232,6810,127481,112,19231,459,1,15062,0.0009999999999976694
25755000,9590,9886,124172,15914,6436,114650,96,19226,393,0,15063,0.0010000000000012221
25756000,11004,-2880,125294,7895,-13188,132460,94,19229,385,0,15064,0.0010000000000012221
25757000,6244,-12280,124710,3669,-15294,128621,114,19227,467,0,15065,0.0009999999999976694
25758000,4232,2911,127784,2803,437,128522,123,19227,467,1,15066,0.0010000000000012221
25759000,425,5160,128341,3282,10489,122344,109,19224,504,1,15067,0.0010000000000012221
25760002,2318,15718,128586,-1791,6867,120891,109,19229,446,1,15068,0.0010019999999997253
25761002,8546,3902,125547,5257,-2417,134712,103,19229,422,1,15069,0.0009999999999976694
25762000,11220,3549,126123,10585,1451,118925,117,19224,479,0,15070,0.000998000000002719
25763000,14804,-5191,129079,11108,-10934,132615,95,19230,389,0,15071,0.0009999999999976694
25764000,5512,-7869,126187,9590,-8942,127047,107,19230,438,0,15072,0.0010000000000012221
25765000,3387,-445,129783,-8521,-4103,134616,139,19228,438,1,15073,0.0010000000000012221
25766000,-1497,8780,131767,-1371,8221,126981,115,19226,569,1,15074,0.0009999999999976694
25767000,385,11699,129850,6904,7128,122678,115,19229,471,1,15075,0.0010000000000012221
25768000,6510,-5043,129384,-2202,-10050,132273,100,19225,410,0,15076,0.0009999999999976694
25769000,8573,-9624,128033,7664,-12385,128406,145,19230,594,0,15077,0.0010000000000012221
25770000,10728,-3514,130618,14605,-9630,127624,112,19230,459,0,15078,0.0010000000000012221
25771000,1265,5439,130688,-11352,4522,122458,119,19229,459,0,15079,0.0009999999999976694
25772000,-2490,10297,135347,-15649,5402,137944,136,19224,487,1,15080,0.0010000000000012221
25773000,-6434,3946,131811,12156,-5405,123011,136,19232,557,1,15081,0.0010000000000012221
25774000,-7641,-2663,128609,-15987,-13038,133907,106,19232,434,1,15082,0.0009999999999976694
25775000,2949,-7743,130366,-10916,-1467,130167,112,19218,459,0,15083,0.0010000000000012221
25776000,2394,3172,129050,9938,1839,122699,93,19218,381,0,15084,0.0010000000000012221
25777000,-239,-71,129649,-5683,1470,131268,107,19230,381,0,15085,0.0009999999999976694
25778000,-9422,2652,132062,-17030,-43,128500,132,19228,438,1,15086,0.0010000000000012221
25779000,-5829,-1250,128154,-6456,1560,131691,132,19224,541,1,15087,0.0010000000000012221
25780000,-13294,14542,131244,-8893,10559,124342,116,19230,475,1,15088,0.0009999999999976694
25781002,-2530,5063,129081,-12516,-2621,126657,100,19229,410,1,15089,0.0010019999999997253
25782000,-3163,835,127590,-3781,-6386,130815,152,19228,623,0,15090,0.000998000000002719
25783000,-1751,-7625,125562,-5996,-10032,129162,103,19228,623,0,15091,0.0009999999999976694
25784000,-1472,-2093,127562,-521,19205,119899,104,19229,422,0,15092,0.0010000000000012221
25785000,-6718,20533,129744,-13105,2801,123796,104,19228,426,1,15093,0.0010000000000012221
25786000,-7434,3107,124762,-11075,-2247,132545,130,19230,532,1,15094,0.0009999999999976694
25787002,-7752,-917,128811,-4538,3776,131491,113,19232,463,1,15095,0.0010019999999997253
25788002,-1117,3310,124511,-6269,4169,116002,112,19219,459,0,15096,0.0010000000000012221
25789000,995,11727,126801,-4701,1587,127351,87,19219,459,0,15097,0.0009979999999991662
25790000,1132,-7795,122247,5567,-8101,129677,107,19228,356,0,15098,0.0010000000000012221
25791000,1151,2987,126053,-3873,5400,122223,107,19227,438,0,15099,0.0010000000000012221
25792000,-5282,11133,126663,-5574,4976,123942,125,19216,512,1,15100,0.0009999999999976694
25793000,-3319,14231,128676,2912,9454,122849,112,19231,459,1,15101,0.0010000000000012221
25794000,4612,5524,125242,-221,-3467,128904,99,19230,405,1,15102,0.0010000000000012221
25795000,7039,421,124978,2623,1322,120979,133,19230,405,0,15103,0.0009999999999976694
25796000,10743,-640,122555,15338,3102,125256,109,19238,545,0,15104,0.0010000000000012221
25797003,4646,-11055,123594,6555,-13822,127694,109,19223,446,0,15105,0.0010030000000007533
25798000,5594,-3018,125510,-5042,-3633,130220,115,19230,471,1,15106,0.0009969999999981383
25799000,653,9017,129122,4683,9178,125173,133,19228,545,1,15107,0.0010000000000012221
25800000,2478,17783,128483,7241,11220,116587,111,19232,455,1,15108,0.0009999999999976694
25801000,8297,233,125258,3275,-5825,133864,103,19232,455,1,15109,0.0010000000000012221
25802000,10135,-7425,124794,2996,-7163,125923,107,19222,422,0,15110,0.0010000000000012221
25803000,12549,-92,128068,15028,-9192,131873,107,19230,438,0,15111,0.0009999999999976694
25804000,3784,-196,128293,4628,116,126713,104,19228,426,0,15112,0.0010000000000012221
25805000,3926,4884,130445,-10282,5704,130293,116,19221,475,1,15113,0.0010000000000012221
25806000,22,1894,127246,7071,5173,130390,109,19230,446,1,15114,0.0009999999999976694
25807003,3560,11395,129355,8168,6074,123369,103,19230,422,1,15115,0.0010030000000007533
25808001,7516,4135,126254,-6499,1657,125627,133,19230,422,0,15116,0.0009979999999991662
25809002,9091,-10661,128192,4145,-13596,125986,104,19226,545,0,15117,0.00100100000000225
25810000,7633,-13762,129991,23722,-17824,138853,104,19229,426,0,15118,0.0009979999999991662
25811000,-402,-6501,128798,-16317,-7217,129033,105,19225,430,0,15119,0.0010000000000012221
25812000,-3345,12155,136000,-15630,10676,124146,146,19228,598,1,15120,0.0009999999999976694
25813000,-5054,11899,131433,5029,7287,127534,110,19228,451,1,15121,0.0010000000000012221
25814000,-4616,3258,129948,-7593,896,128091,99,19233,451,1,15122,0.0010000000000012221
25815000,1082,-15493,127297,-12751,-16329,135586,126,19227,405,0,15123,0.0009999999999976694
25816000,-745,-1113,129246,4169,-5893,123736,126,19228,516,0,15124,0.0010000000000012221
25817000,-1089,6462,130488,-3884,3320,126888,118,19226,483,0,15125,0.0010000000000012221
25818000,-5739,8110,133013,-17812,4701,132562,122,19216,500,1,15126,0.0009999999999976694
25819000,-8873,-2788,130338,-10011,-6077,132802,109,19216,446,1,15127,0.0010000000000012221
25820000,-9597,17452,128094,-12696,14636,119728,104,19230,446,1,15128,0.0010000000000012221
25821000,-2901,11223,130661,-8199,-890,129739,122,19231,426,1,15129,0.0009999999999976694
25822000,-2174,-7664,126182,-3151,-13539,130889,122,19217,500,0,15130,0.0010000000000012221
25823000,-2571,-9200,125447,-10282,-6346,130154,109,19232,446,0,15131,0.0010000000000012221
25824000,-4015,8045,128313,-7280,9501,119993,111,19226,455,0,15132,0.0009999999999976694
25825001,-2319,13955,128790,-4418,6204,129314,138,19222,565,1,15133,0.00100100000000225
25826001,-10341,620,124389,-11343,5310,125945,115,19222,565,1,15134,0.0009999999999976694
25827000,-4992,13613,129200,-13656,11558,120077,102,19230,471,1,15135,0.0009990000000001942
25828000,434,5799,125046,10696,-5708,127405,102,19231,418,0,15136,0.0010000000000012221
25829000,-14,-7534,125490,-1538,-10210,131418,126,19231,516,0,15137,0.0009999999999976694
25830000,1762,-9180,124224,-7169,-8202,128679,107,19227,438,0,15138,0.0010000000000012221
25831001,-1921,6135,127434,-3389,19104,119148,108,19220,442,0,15139,0.00100100000000225
25832000,-72,22339,127636,-3019,7779,121692,135,19220,442,1,15140,0.0009989999999966415
25833000,-3299,7004,124357,2688,-3772,126724,100,19228,553,1,15141,0.0010000000000012221
25834000,4522,5898,123944,-3877,2351,125461,100,19231,410,1,15142,0.0010000000000012221
25835002,7514,7255,125100,7715,817,117291,111,19230,455,0,15143,0.0010019999999997253
25836000,13814,2998,124421,12783,-8603,128676,97,19230,397,0,15144,0.0009979999999991662
25837000,6514,-11394,124481,-4436,-13720,131016,110,19227,451,0,15145,0.0010000000000012221
25838000,4724,1551,127745,-319,1624,123499,133,19227,451,1,15146,0.0009999999999976694
25839000,3298,13702,128890,9229,12876,121743,112,19227,545,1,15147,0.0010000000000012221
25840000,2307,9151,126421,-1219,6531,124883,112,19229,459,1,15148,0.0010000000000012221
25841000,11621,124,126339,4387,-6599,127599,96,19230,393,0,15149,0.0009999999999976694
25842000,9935,-2790,126101,15432,-8332,124207,151,19233,618,0,15150,0.0010000000000012221
25843000,8613,-11574,125827,1080,-17413,138707,104,19230,426,0,15151,0.0010000000000012221
25844000,6455,-5320,129928,-2528,-7359,121748,102,19230,426,0,15152,0.0009999999999976694
25845000,2506,12945,131313,5611,7764,130007,119,19224,418,1,15153,0.0010000000000012221
25846001,-1682,9081,129581,-1578,4408,128020,119,19228,487,1,15154,0.0010009999999986974
25847000,151,12266,130236,-5468,6410,122820,108,19230,442,1,15155,0.0009990000000001942
25848000,12925,-8923,124901,7625,-12316,140834,111,19220,455,0,15156,0.0010000000000012221
25849000,9613,-3423,127710,20859,-2988,119286,93,19230,381,0,15157,0.0010000000000012221
25850002,9072,-5035,129441,-5175,-9404,134795,104,19230,381,0,15158,0.0010019999999997253
25851000,713,8673,133073,-10975,6208,121747,125,19227,426,1,15159,0.0009979999999991662
25852000,-3833,5155,132738,-206,-2290,136664,125,19221,512,1,15160,0.0010000000000012221
25853000,-9257,-996,130040,-5776,-1405,128391,110,19231,451,1,15161,0.0009999999999976694
25854000,-3747,4126,129510,-17692,-2204,122156,98,19232,401,1,15162,0.0010000000000012221
25855001,1478,-4483,131007,-1042,-7564,140214,142,19231,582,0,15163,0.0010009999999986974
25856000,4627,1036,128676,4384,-3421,117623,106,19231,434,0,15164,0.0009990000000001942
25857000,-4363,1908,132332,-12342,-2490,133557,112,19227,434,0,15165,0.0010000000000012221
25858000,-8494,550,129339,-16824,-1546,128467,140,19220,459,1,15166,0.0010000000000012221
25859000,-9362,5731,132409,-8406,3387,131194,140,19228,573,1,15167,0.0009999999999976694
25860000,-10552,9209,130880,-8952,9911,133201,112,19230,459,1,15168,0.0010000000000012221
25861000,-2667,8923,128254,-11151,5655,117287,106,19222,434,0,15169,0.0009999999999976694
25862000,-1154,-3511,126538,-7221,-7152,136601,133,19222,545,0,15170,0.0010000000000012221
25863000,1107,-2035,125641,286,-5472,121414,105,19232,545,0,15171,0.0010000000000012221
25864000,-2308,6458,127577,-10041,3708,127470,121,19232,430,0,15172,0.0009999999999976694
25865000,-6694,10478,129058,-12123,7201,121350,121,19218,496,1,15173,0.0010000000000012221
25866000,-6450,7877,125739,-7193,3182,137019,114,19228,467,1,15174,0.0010000000000012221
25867000,-3878,5696,129949,-6834,3421,114262,103,19230,422,1,15175,0.0009999999999976694
25868000,12,8415,124006,-3691,-543,122432,134,19230,549,0,15176,0.0010000000000012221
25869000,2133,1294,126553,-948,-6736,127457,106,19232,549,0,15177,0.0010000000000012221
25870000,1705,-3135,121986,-1798,5232,119455,112,19232,434,0,15178,0.0009999999999976694
25871000,3097,2154,129931,-6730,7744,135123,112,19225,459,1,15179,0.0010000000000012221
25872000,-4702,4326,125802,5586,6265,117653,154,19229,631,1,15180,0.0010000000000012221
25873000,-2668,12382,125920,-13520,8023,126971,111,19231,455,1,15181,0.0009999999999976694
25874000,4644,6157,125800,8570,3419,124203,98,19222,401,0,15182,0.0010000000000012221
25875000,7718,4873,123646,15190,-2559,122330,107,19222,401,0,15183,0.0010000000000012221
25876002,10436,-6305,123508,-433,-13404,130958,121,19228,438,0,15184,0.0010019999999997253
25877002,2833,-1161,127043,3347,-3633,120856,121,19228,496,0,15185,0.0009999999999976694
25878000,5228,983,127520,13061,-768,138003,125,19219,512,1,15186,0.000998000000002719
25879000,1927,11556,127358,-3516,11559,112045,109,19228,446,1,15187,0.0009999999999976694
25880000,7231,12783,126765,-3136,1506,127964,102,19229,418,1,15188,0.0010000000000012221
25881000,8884,-1237,125760,14369,-3652,126078,123,19229,418,0,15189,0.0010000000000012221
25882000,10502,2270,126963,9924,-12513,125821,109,19225,504,0,15190,0.0009999999999976694
25883001,7375,-10552,127750,7838,-11022,136399,109,19229,446,0,15191,0.00100100000000225
25884001,2740,121,129157,-3624,-901,120886,109,19229,446,1,15192,0.0009999999999976694
25885000,6361,5339,130416,5005,4989,131856,140,19230,573,1,15193,0.0009990000000001942
25886000,-2463,17253,131038,3974,8425,121751,116,19228,475,1,15194,0.0010000000000012221
25887000,4235,3760,127539,-10429,-9878,130280,104,19228,475,1,15195,0.0010000000000012221
25888000,8473,-7072,130505,10297,-9692,130148,143,19229,426,0,15196,0.0009999999999976694
25889000,10466,-9446,129536,13479,-10625,129487,143,19231,586,0,15197,0.0010000000000012221
25890000,4318,-1838,129768,6819,983,131133,106,19231,434,0,15198,0.0010000000000012221
25891000,-722,3941,130877,-25891,-3080,123473,108,19220,442,1,15199,0.0009999999999976694
25892000,-3255,9289,132418,293,9122,132029,133,19232,545,1,15200,0.0010000000000012221
25893000,-7164,3355,131281,6715,-4013,128767,105,19232,545,1,15201,0.0009999999999976694
25894001,-5007,-1984,130061,-16138,-8413,128502,113,19231,430,0,15202,0.00100100000000225
25895000,1624,-13485,127904,-10607,-9810,138048,113,19224,463,0,15203,0.0009990000000001942
25896000,2342,9457,131163,7638,5260,120732,91,19231,373,0,15204,0.0009999999999976694
25897000,-894,5858,129810,-9708,1271,132747,105,19230,430,0,15205,0.0010000000000012221
25898000,-8445,4898,130533,-21326,4979,125932,138,19226,565,1,15206,0.0010000000000012221
25899001,-9202,-1607,129550,-5570,-2670,135939,118,19226,565,1,15207,0.0010009999999986974
25900000,-4564,8940,129368,-7220,8453,122700,101,19229,483,1,15208,0.0009990000000001942
25901000,-4676,9642,129313,-9551,585,125897,101,19226,414,0,15209,0.0010000000000012221
25902000,-1846,-2279,125142,-5449,-1983,129122,153,19231,627,0,15210,0.0009999999999976694
25903000,-4000,-3119,126361,-6562,-4964,121392,100,19230,410,0,15211,0.0010000000000012221
25904001,-2871,1057,131251,-7406,-1320,135126,108,19221,442,1,15212,0.0010009999999986974
25905000,-8766,14318,128032,-4999,10629,117552,130,19221,532,1,15213,0.0009990000000001942
25906001,-8950,4377,128408,-17122,2694,129697,113,19226,532,1,15214,0.00100100000000225
25907000,-169,7954,126975,-4867,4055,125062,112,19229,463,1,15215,0.0009990000000001942
25908002,-343,1664,125520,5209,-3256,123911,112,19221,459,0,15216,0.0010019999999997253
25909000,3761,-5142,124640,-2918,-5795,129301,98,19226,401,0,15217,0.0009979999999991662
25910000,-1163,7886,125343,-7568,5030,124923,112,19226,459,0,15218,0.0010000000000012221
25911000,1142,10719,125070,10,8712,122693,135,19226,553,1,15219,0.0009999999999976694
25912001,-2971,12870,126524,-3149,10243,124427,117,19221,553,1,15220,0.00100100000000225
25913000,-99,-1083,123673,-4464,-4216,130058,99,19229,479,1,15221,0.0009990000000001942
25914007,7668,10891,122670,4389,6279,119973,99,19227,405,0,15222,0.0010069999999977597
25915004,9349,-3408,123639,6950,-12488,131934,129,19231,528,0,15223,0.000997000000001691
25916002,9713,-8500,124433,9864,-1551,123401,115,19228,471,0,15224,0.0009979999999991662
25917000,1725,2826,125103,1077,225,124778,114,19225,467,0,15225,0.0009979999999991662
25918000,4526,5090,127826,465,8429,124835,138,19225,467,1,15226,0.0010000000000012221
25919002,4184,13359,129357,9000,727,125399,110,19228,565,1,15227,0.0010019999999997253
25920000,7927,-1095,125234,3528,-4446,129104,110,19231,451,1,15228,0.0009979999999991662
25921000,9528,2416,127884,5332,988,119584,103,19223,422,0,15229,0.0010000000000012221
25922000,7733,3647,127889,13146,-10133,132379,103,19228,422,0,15230,0.0010000000000012221
25923000,8608,-11754,125731,6209,-9617,133818,101,19237,414,0,15231,0.0009999999999976694
25924000,759,510,131347,-5564,-1481,127775,114,19237,414,1,15232,0.0010000000000012221
25925002,2191,1851,129236,1453,12398,121287,111,19223,467,1,15233,0.0010019999999997253
25926001,786,24613,133759,6043,7011,121768,111,19229,455,1,15234,0.0009990000000001942
25927000,3513,-9418,125827,46,-20495,142217,99,19234,405,1,15235,0.0009990000000001942
25928000,11719,-11055,126540,5692,-6176,122203,134,19225,549,0,15236,0.0009999999999976694
25929000,6352,9070,133385,11941,-3315,126014,100,19232,410,0,15237,0.0010000000000012221
25930000,4592,-10718,127609,-7455,-10563,133533,102,19232,410,0,15238,0.0010000000000012221
25931001,1455,6668,133805,-14443,5086,131434,150,19229,418,1,15239,0.0010009999999986974
25932000,-7226,-2886,130365,3307,843,131529,150,19229,614,1,15240,0.0009990000000001942
25933002,-6084,9267,130595,-6447,5401,119238,113,19231,463,1,15241,0.0010019999999997253
25934000,-182,-5429,129924,-13475,-11378,138686,102,19224,418,0,15242,0.0009979999999991662
25935000,-1413,-11357,128306,2892,-10667,130106,115,19230,471,0,15243,0.0010000000000012221
25936000,1073,4218,130383,-3468,3274,124393,109,19230,471,0,15244,0.0010000000000012221
25937000,-6821,2,131969,-21382,-1658,131554,120,19224,446,0,15245,0.0009999999999976694
25938000,-5963,5481,131622,-8101,-4658,120958,120,19220,491,1,15246,0.0010000000000012221
25939000,-9720,6170,130712,-10642,-3908,137993,114,19225,467,1,15247,0.0010000000000012221
25940000,-6943,6513,129776,-15142,9911,122546,105,19232,430,1,15248,0.0009999999999976694
25941000,-4378,11496,129251,-2881,-304,123689,126,19218,516,0,15249,0.0010000000000012221
25942000,-2412,-11022,123319,-4577,-10191,137453,106,19218,516,0,15250,0.0010000000000012221
25943000,-2561,1344,126890,-10699,4080,115649,108,19228,434,0,15251,0.0009999999999976694
25944000,-2817,7785,128597,-10220,1905,130914,108,19225,442,1,15252,0.0010000000000012221
25945000,-5084,9540,126254,-647,5981,121741,145,19229,594,1,15253,0.0010000000000012221
25946000,-9107,5163,127556,-14950,2234,128105,119,19231,487,1,15254,0.0009999999999976694
25947000,-766,5308,125999,-11811,3003,123936,105,19226,430,0,15255,0.0010000000000012221
25948000,642,4009,124512,7001,-836,122505,117,19226,479,0,15256,0.0010000000000012221
25949000,3201,-1207,124604,-4250,-4817,135942,106,19229,479,0,15257,0.0009999999999976694
25950000,2281,7836,124883,-5049,2991,110675,113,19229,434,0,15258,0.0010000000000012221
25951000,-29,5588,127360,571,1943,131865,113,19222,463,1,15259,0.0010000000000012221
25952000,-1288,11599,127504,-2658,11378,123450,131,19228,537,1,15260,0.0009999999999976694
25953000,1777,8051,124699,-3173,4593,121881,102,19233,418,1,15261,0.0010000000000012221
25954000,4608,5322,124418,6922,-288,127078,113,19233,463,0,15262,0.0009999999999976694
25955000,6744,2161,123638,4086,-2389,127488,97,19224,463,0,15263,0.0010000000000012221
25956002,10298,-6504,126711,7948,-7853,129000,110,19226,397,0,15264,0.0010019999999997253
25957000,4156,-988,126703,4672,-4316,124577,110,19224,451,1,15265,0.0009979999999991662
25958000,3063,5807,127113,920,1872,124930,138,19228,565,1,15266,0.0010000000000012221
25959000,2206,10912,129017,2863,6562,125057,115,19230,471,1,15267,0.0010000000000012221
25960000,8008,1460,125559,2011,-2183,131145,96,19230,393,1,15268,0.0009999999999976694
25961000,8711,4574,127875,7958,5383,112376,140,19229,393,0,15269,0.0010000000000012221
25962000,12124,-1097,124413,7752,-11663,131801,105,19232,573,0,15270,0.0010000000000012221
25963000,8134,-11670,126551,10574,-8441,132201,105,19226,430,0,15271,0.0009999999999976694
25964000,6181,289,130493,1818,-2279,131241,110,19222,451,1,15272,0.0010000000000012221
25965000,727,2816,130183,-5412,12126,126083,125,19228,512,1,15273,0.0010000000000012221
25966000,-793,19911,133382,1966,11242,118484,105,19233,430,1,15274,0.0009999999999976694
25967000,5243,-3628,126603,-22,-16544,139220,111,19233,430,0,15275,0.0010000000000012221
25968000,6623,-13936,127609,10160,-13005,125038,96,19224,455,0,15276,0.0010000000000012221
25969000,8523,1274,131046,11050,-6740,133737,96,19232,393,0,15277,0.0009999999999976694
25970000,-322,-4349,129328,-13911,-369,121811,105,19229,430,0,15278,0.0010000000000012221
25971000,542,15805,135115,-14263,4200,128440,126,19219,516,1,15279,0.0010000000000012221
25972000,-5477,-6156,133074,10316,-2894,142224,113,19231,463,1,15280,0.0009999999999976694
25973000,-6835,6589,129575,-11363,-2093,115541,97,19231,463,1,15281,0.0010000000000012221
25974000,-1256,-3704,127724,-19133,-5691,134514,144,19229,397,0,15282,0.0010000000000012221
25975001,-220,-4265,129960,11387,-5755,125832,144,19237,590,0,15283,0.0010009999999986974
25976000,1548,3461,129416,-982,-570,126007,117,19226,479,0,15284,0.0009990000000001942
25977001,-8296,6081,132345,-24445,-2710,131358,117,19223,479,1,15285,0.0010009999999986974
25978000,-7198,3643,130170,-9984,7414,124335,133,19226,545,1,15286,0.0009990000000001942
25979000,-7172,9449,130964,-4897,6544,131503,112,19226,545,1,15287,0.0010000000000012221
25980000,-4461,9351,128130,-10037,5614,120664,109,19234,459,1,15288,0.0010000000000012221
25981000,-3654,-2081,126467,-9640,-12483,135033,109,19225,446,0,15289,0.0009999999999976694
25982000,-2621,-8027,125390,-4380,-6572,125690,132,19233,541,0,15290,0.0010000000000012221
25983000,-744,11185,130665,-5500,4970,122325,106,19226,434,0,15291,0.0010000000000012221
25984000,-5382,2487,128406,-1838,-4154,139135,121,19219,496,1,15292,0.0009999999999976694
25985000,-9305,11421,126749,-16112,5345,111417,115,19219,496,1,15293,0.0010000000000012221
25986000,-4528,10123,127646,-15001,9920,133567,104,19230,471,1,15294,0.0009999999999976694
25987000,-2384,6525,125767,10401,1039,120876,104,19228,426,0,15295,0.0010000000000012221
25988000,-400,344,122576,-10254,-3320,124347,137,19231,561,0,15296,0.0010000000000012221
25989000,3162,-1483,124450,-7813,-2106,129633,106,19227,434,0,15297,0.0009999999999976694
25990000,622,6483,126736,7998,2436,120784,110,19228,451,0,15298,0.0010000000000012221
25991000,2463,4077,125841,-4727,311,131642,155,19228,635,1,15299,0.0010000000000012221
25992000,-4161,12841,126885,-7285,11316,120013,110,19228,635,1,15300,0.0009999999999976694
25993000,4335,9355,124951,1556,4646,125656,100,19231,451,1,15301,0.0010000000000012221
25994000,8286,10428,124041,8366,4602,120793,100,19223,410,0,15302,0.0010000000000012221
25995000,8375,2224,124029,7608,-4738,129169,100,19232,410,0,15303,0.0009999999999976694
25996000,9542,-2167,124512,17139,-2191,127638,114,19226,467,0,15304,0.0010000000000012221
25997000,3031,-220,127022,-1116,-3965,121945,122,19226,500,1,15305,0.0010000000000012221
25998002,6401,4611,130025,-3793,3547,130549,111,19219,500,1,15306,0.0010019999999997253
25999000,74,14611,127535,10464,12044,120068,102,19228,455,1,15307,0.0009979999999991662
26000000,7520,1122,126307,836,-2559,128257,102,19230,418,1,15308,0.0010000000000012221
26001000,10357,-3515,125534,4554,-7699,124654,126,19228,516,0,15309,0.0009999999999976694
26002000,10896,-5835,127486,14443,-10413,130319,97,19228,397,0,15310,0.0010000000000012221
26003000,7329,-5436,128561,6216,-5853,131218,105,19228,430,0,15311,0.0010000000000012221
26004000,2255,14079,131934,-5779,10597,130672,138,19225,430,1,15312,0.0009999999999976694
26005000,928,11409,130364,2062,6757,126131,113,19231,565,1,15313,0.0010000000000012221
26006000,-1866,10879,129946,5875,7703,124429,113,19230,463,1,15314,0.0010000000000012221
26007001,6760,-6756,129210,-6435,-12127,137490,102,19224,418,0,15315,0.0010009999999986974
26008000,14352,-6321,125551,12937,-4786,120085,143,19231,586,0,15316,0.0009990000000001942
26009000,5334,572,130899,19393,-6737,139626,108,19229,442,0,15317,0.0010000000000012221
26010000,4296,-10400,128976,-17940,-866,123433,113,19229,442,0,15318,0.0009999999999976694
26011001,-5742,15064,133952,-8024,11632,125754,134,19220,463,1,15319,0.00100100000000225
26012000,-5172,2104,132700,1001,-5557,135917,134,19228,549,1,15320,0.0009990000000001942
26013000,-5845,-1001,129345,-11748,-7585,124153,101,19232,414,1,15321,0.0009999999999976694
26014000,2708,-7397,129807,-5984,-6341,135736,113,19225,463,0,15322,0.0010000000000012221
26015000,65,324,129474,3144,2940,121135,105,19228,430,0,15323,0.0010000000000012221
26016003,-1671,4128,129135,-7711,967,128372,116,19228,430,0,15324,0.0010029999999972006
26017000,-5351,3999,132050,-22490,-3239,136404,145,19226,475,1,15325,0.000997000000001691
26018000,-13111,-397,129285,-5423,6223,128883,145,19224,594,1,15326,0.0009999999999976694
26019000,-8190,3359,133264,-5274,10652,126420,118,19230,483,1,15327,0.0010000000000012221
26020000,-3781,12150,128432,-11753,-1672,125912,98,19227,401,1,15328,0.0010000000000012221
26021000,-3589,-8147,124854,-10284,-7562,136132,157,19229,643,0,15329,0.0009999999999976694
26022000,509,-8556,125331,-3426,-6635,126146,107,19229,643,0,15330,0.0010000000000012221
26023000,-2383,8721,126432,-8483,10843,118909,108,19230,438,0,15331,0.0010000000000012221
26024000,-4629,15097,129828,-8848,9558,127231,108,19226,442,1,15332,0.0009999999999976694
26025000,-8423,3087,127758,-9142,-4614,131314,128,19226,524,1,15333,0.0010000000000012221
26026000,-5607,-2892,125322,-7963,-948,129341,112,19230,459,1,15334,0.0010000000000012221
26027000,-25,9551,127603,-1217,11242,117570,113,19221,463,0,15335,0.0009999999999976694
26028001,-563,44,124126,3783,-2103,127315,101,19221,463,0,15336,0.00100100000000225
26029000,302,-2905,124361,-6483,-6204,127477,115,19233,414,0,15337,0.0009990000000001942
26030000,-2123,-592,126064,-5024,785,130126,115,19226,471,0,15338,0.0009999999999976694
26031000,-1793,3285,126767,-5040,13326,114260,132,19222,541,1,15339,0.0010000000000012221
26032001,-508,23168,129873,-69,5992,124743,117,19222,479,1,15340,0.0010009999999986974
26033000,1968,-4623,122020,6447,-13039,133094,96,19230,393,1,15341,0.0009990000000001942
26034000,7983,7744,125549,-2580,4385,117258,131,19230,393,0,15342,0.0010000000000012221
26035000,11521,3839,124545,12344,-3457,125557,107,19232,537,0,15343,0.0010000000000012221
26036000,8912,521,125167,11365,-234,124850,107,19227,438,0,15344,0.0009999999999976694
26037000,4262,-8629,125345,-4740,-11413,133822,111,19225,455,1,15345,0.0010000000000012221
26038000,1357,6288,128852,-933,8335,122993,133,19232,545,1,15346,0.0010000000000012221
26039002,5483,13731,126163,10123,11342,125007,109,19232,446,1,15347,0.0010019999999997253
26040000,6231,3750,125431,5774,4051,122573,103,19232,422,0,15348,0.0009979999999991662
26041000,12786,698,126010,-5367,-6200,127979,106,19222,422,0,15349,0.0010000000000012221
26042000,10147,-16198,124463,19162,-17835,134390,102,19227,434,0,15350,0.0009999999999976694
26043001,5991,4029,128675,3620,6549,121869,102,19234,418,0,15351,0.00100100000000225
26044009,3504,-306,130236,-12459,-5677,128273,117,19224,479,1,15352,0.0010079999999987876
26045000,1553,12372,131320,10237,7657,126970,114,19228,467,1,15353,0.000990999999999076
26046000,-564,5912,130032,1302,637,130541,100,19228,410,1,15354,0.0010000000000012221
26047000,5494,-4759,126873,-8747,-6968,123897,136,19229,410,0,15355,0.0010000000000012221
26048001,9892,-4797,130288,11682,-8310,132604,101,19225,557,0,15356,0.0010009999999986974
26049000,4767,-8097,127255,20574,-12182,131310,101,19229,414,0,15357,0.0009990000000001942
26050000,3131,6740,133260,-22730,5411,127089,103,19230,422,1,15358,0.0009999999999976694
26051000,-3217,13479,133459,-6994,9946,128343,152,19226,623,1,15359,0.0010000000000012221
26052000,-7554,6145,130417,11388,2900,127313,112,19226,459,1,15360,0.0010000000000012221
26053000,-2670,-2964,129726,-20077,-6375,134827,101,19227,459,1,15361,0.0009999999999976694
26054000,147,-9564,127423,-9063,-13927,127283,109,19224,414,0,15362,0.0010000000000012221
26055000,4553,10228,130811,760,8672,121834,109,19231,446,0,15363,0.0010000000000012221
26056000,-998,-2197,129111,-926,-4469,131622,105,19229,430,0,15364,0.0009999999999976694
26057000,-5684,-649,131629,-13572,-1314,133254,122,19222,500,1,15365,0.0010000000000012221
26058000,-10268,3523,129035,-21493,-1228,131610,116,19230,475,1,15366,0.0010000000000012221
26059000,-10591,9739,130621,-5515,15087,121397,105,19230,475,1,15367,0.0009999999999976694
26060000,-3141,15099,131924,-6618,384,125348,124,19230,430,1,15368,0.0010000000000012221
26061000,-6919,-7368,124519,-7429,-12616,131873,124,19218,508,0,15369,0.0010000000000012221
26062000,648,-7359,127303,-5176,-3092,130667,95,19233,389,0,15370,0.0009999999999976694
26063002,-2457,2894,127308,-3350,5648,122191,103,19227,422,0,15371,0.0010019999999997253
26064000,-5854,18328,128244,-10917,14519,118644,145,19228,594,1,15372,0.000998000000002719
26065002,-7468,9134,128884,-16091,-1084,131503,117,19228,594,1,15373,0.0010019999999997253
26066000,-3895,-7622,125038,-3997,-5825,134179,102,19230,479,1,15374,0.0009979999999991662
26067000,2492,12760,128319,6476,-59,113284,102,19224,418,0,15375,0.0010000000000012221
26068000,-3421,1811,123297,-2661,-1016,125377,118,19228,483,0,15376,0.0009999999999976694
26069000,2485,-1111,126635,-9670,-2124,129871,118,19229,483,0,15377,0.0010000000000012221
26070001,-961,3204,125255,2277,3872,122764,121,19222,496,1,15378,0.0010009999999986974
26071000,-2030,13228,125899,-3471,9099,125858,134,19222,496,1,15379,0.0009990000000001942
26072000,-1340,12439,126899,-4621,10772,118388,101,19226,549,1,15380,0.0010000000000012221
26073000,4409,1661,125875,5041,-1233,127900,101,19230,414,0,15381,0.0010000000000012221
26074000,11074,-3201,123151,6940,-8073,128711,114,19231,467,0,15382,0.0009999999999976694
26075000,6729,-1876,123619,4879,-6855,122926,96,19228,393,0,15383,0.0010000000000012221
26076000,7135,3754,127782,5126,-8692,123920,107,19228,438,0,15384,0.0010000000000012221
26077000,1096,882,126282,4999,-304,126790,138,19228,438,1,15385,0.0009999999999976694
26078000,2543,9431,129525,-3722,5706,135250,115,19226,565,1,15386,0.0010000000000012221
26079001,7501,13926,125485,10259,2062,113282,115,19239,471,1,15387,0.0010009999999986974
26080000,10631,5628,123644,5600,884,121351,97,19227,397,0,15388,0.0009990000000001942
26081000,9983,1722,129897,4970,-3095,128748,139,19233,569,0,15389,0.0010000000000012221
26082000,9762,-11603,124882,14925,-15033,130123,104,19224,426,0,15390,0.0009999999999976694
26083000,2793,-7747,129107,-3058,-5116,136360,107,19224,438,0,15391,0.0010000000000012221
26084000,2094,10163,133091,-5176,2761,121385,122,19221,438,1,15392,0.0010000000000012221
26085002,1366,13354,129535,11924,3809,122501,107,19228,500,1,15393,0.0010019999999997253
26086001,2737,6436,130491,-5948,-150,131437,107,19232,438,1,15394,0.0009990000000001942
26087002,8465,-10955,127623,-2804,-13795,131486,114,19216,467,0,15395,0.0010009999999986974
26088000,7296,-6472,127737,21019,-7013,123403,93,19228,381,0,15396,0.0009979999999991662
26089000,4407,4068,129405,1191,-2940,130965,104,19228,426,0,15397,0.0010000000000012221
26090000,-914,-4804,133868,-14322,-8233,137161,128,19228,426,1,15398,0.0010000000000012221
26091000,-1896,8781,132166,-5176,6593,125471,113,19226,524,1,15399,0.0009999999999976694
26092002,-6560,7827,132499,1967,2774,127211,113,19225,463,1,15400,0.0010019999999997253
26093003,-2695,-20,128491,-11638,-4546,126378,97,19229,397,1,15401,0.00100100000000225
26094000,442,-9145,127942,-11949,-13797,138376,149,19232,610,0,15402,0.0009969999999981383
26095000,2863,1890,128473,7469,-525,128895,109,19232,446,0,15403,0.0010000000000012221
26096000,-5263,16580,132428,-11301,14681,118089,113,19228,446,0,15404,0.0010000000000012221
26097000,-4855,2455,131745,-18127,-512,134061,134,19224,463,1,15405,0.0009999999999976694
26098000,-7048,722,130558,-4946,-2086,131764,134,19231,549,1,15406,0.0010000000000012221
26099000,-8030,6572,129083,-6238,4802,121510,111,19232,455,1,15407,0.0010000000000012221
26100000,-2504,14197,129097,-14346,12934,119909,108,19224,442,0,15408,0.0009999999999976694
26101000,-4033,-4404,126092,-10586,-9421,141329,130,19231,532,0,15409,0.0010000000000012221
26102000,2699,-5211,127483,7410,-7516,120806,105,19231,532,0,15410,0.0010000000000012221
26103006,-3134,2214,126104,-14823,1533,123936,123,19228,430,1,15411,0.0010059999999967317
26104002,-6065,10600,129375,-9828,19577,119645,123,19221,504,1,15412,0.000996000000000663
26105000,-4087,14856,127933,-3799,-1001,131114,114,19221,467,1,15413,0.000998000000002719
26106000,-6263,-5163,123559,-6419,-4683,126223,104,19229,426,1,15414,0.0009999999999976694
26107000,-730,14583,127878,-6492,5175,117474,138,19232,565,0,15415,0.0010000000000012221
26108000,2581,-316,124911,4563,-4166,126684,108,19232,565,0,15416,0.0010000000000012221
26109000,2870,2791,127769,-3912,-1064,127846,111,19229,442,0,15417,0.0009999999999976694
26110000,-135,-4317,125546,-5396,-8637,130705,111,19225,455,1,15418,0.0010000000000012221
26111000,-4412,14230,125659,-3611,21357,114616,156,19228,639,1,15419,0.0009999999999976694
26112000,414,19221,126763,-2167,7116,127750,110,19231,451,1,15420,0.0010000000000012221
26113000,5723,-8323,122870,15553,3883,126081,99,19226,405,0,15421,0.0010000000000012221
26114000,9751,11373,124419,-4118,-4857,120861,96,19226,405,0,15422,0.0009999999999976694
26115000,6814,-12942,121859,419,-13141,131393,117,19229,393,0,15423,0.0010000000000012221
26116000,8523,1402,128186,18618,-158,125096,117,19230,479,0,15424,0.0010000000000012221
26117000,2011,694,126679,-4582,-43,128218,124,19219,508,1,15425,0.0009999999999976694
26118000,1497,15168,129874,-9534,15683,122789,109,19232,446,1,15426,0.0010000000000012221
26119000,5963,5714,127019,16750,-5956,130123,98,19231,401,1,15427,0.0010000000000012221
26120000,11468,-1612,124237,5373,-3993,123011,124,19231,401,0,15428,0.0009999999999976694
26121000,8925,9350,128195,3234,2273,125017,97,19227,508,0,15429,0.0010000000000012221
26122000,7048,-11357,126737,14190,-14458,133180,97,19228,397,0,15430,0.0010000000000012221
26123000,8351,-2232,128292,-2600,208,125843,106,19224,434,1,15431,0.0009999999999976694
26124001,-605,10251,132799,-4714,7922,130475,142,19228,582,1,15432,0.00100100000000225
26125000,832,4270,129745,7878,8221,121291,111,19228,455,1,15433,0.0009990000000001942
26126000,1749,9492,129321,-3420,-2561,128853,103,19228,422,1,15434,0.0009999999999976694
26127000,9862,-14411,126901,-1992,-21078,133936,145,19226,422,0,15435,0.0010000000000012221
26128000,11951,-5274,131181,22110,-4303,126161,110,19231,594,0,15436,0.0010000000000012221
26129000,3375,-2302,129525,-3053,-3701,135394,110,19230,451,0,15437,0.0009999999999976694
26130000,1865,6211,131203,-22934,10391,121805,113,19218,463,1,15438,0.0010000000000012221
26131000,-8327,10571,135007,355,4930,131717,129,19230,528,1,15439,0.0010000000000012221
26132000,-5487,385,129373,3610,-3827,131630,103,19230,422,1,15440,0.0009999999999976694
26133000,-3888,-2798,129437,-18308,-8765,127413,114,19228,422,0,15441,0.0010000000000012221
26134000,-61,-6551,129042,-6154,-7110,130251,100,19221,467,0,15442,0.0010000000000012221
26135001,5039,5794,130586,5332,2729,123870,100,19226,410,0,15443,0.0010009999999986974
26136000,-4902,-2376,131520,-11374,-7810,133640,113,19228,463,0,15444,0.0009990000000001942
26137002,-8675,4233,130389,-18898,8045,125793,138,19224,565,1,15445,0.0010019999999997253
26138001,-9163,6115,131445,-11854,3507,131296,115,19224,471,1,15446,0.0009990000000001942
26139002,-4687,5286,129361,-1488,431,129504,97,19232,471,1,15447,0.0010009999999986974
26140000,-1275,2821,127476,-7769,-1993,126806,159,19230,397,0,15448,0.000998000000002719
26141000,-4598,-8461,125159,-13012,-10642,127419,159,19228,651,0,15449,0.0009999999999976694
26142000,-956,9763,127616,-4728,8232,120972,107,19229,438,0,15450,0.0010000000000012221
26143003,-3315,2070,127989,-5394,-2929,132120,110,19224,451,1,15451,0.0010030000000007533
26144000,-7900,7630,127611,-7286,5875,124348,131,19228,537,1,15452,0.0009969999999981383
26145000,-8513,8004,128745,-19437,5287,125784,108,19228,537,1,15453,0.0010000000000012221
26146000,-788,8827,126474,-5688,5746,122530,111,19230,442,1,15454,0.0009999999999976694
26147000,3469,-4449,124852,7938,-8714,133514,111,19224,455,0,15455,0.0010000000000012221
26148002,2262,-9307,122763,-1770,-12641,124027,89,19229,365,0,15456,0.0010019999999997253
26149002,-935,9730,125254,-14131,10346,125803,110,19228,451,0,15457,0.0010000000000012221
26150001,-1492,3584,125289,1009,9739,121191,129,19221,528,1,15458,0.0009990000000001942
26151000,-2487,17534,129301,-1021,7586,125150,113,19221,528,1,15459,0.0009990000000001942
26152000,1040,1749,122819,-5849,-4287,127337,96,19228,463,1,15460,0.0009999999999976694
26153000,4817,6910,124590,9850,8369,117362,96,19232,393,0,15461,0.0010000000000012221
26154000,11102,6040,124438,8848,-8055,125635,130,19232,532,0,15462,0.0010000000000012221
26155000,9469,-5636,124924,7680,-5885,124968,112,19228,459,0,15463,0.0009999999999976694
26156000,5185,-5557,127817,3443,-4734,136737,115,19224,471,0,15464,0.0010000000000012221
26157000,1651,-3285,126821,-1930,6481,119120,132,19224,471,1,15465,0.0010000000000012221
26158000,3113,18607,129165,5330,7646,126052,107,19224,541,1,15466,0.0009999999999976694
26159000,5625,919,124520,8513,-6140,127864,107,19232,438,1,15467,0.0010000000000012221
26160000,12068,-158,126231,713,1697,122575,105,19221,430,0,15468,0.0010000000000012221
26161001,8692,3975,129894,16270,-11781,132138,104,19230,426,0,15469,0.0010009999999986974
26162000,7760,-15917,124399,14140,-12711,130467,107,19226,438,0,15470,0.0009990000000001942
26163000,1702,-1033,129623,-7362,1457,133146,118,19226,438,1,15471,0.0010000000000012221
26164000,-664,9396,129439,-1806,16325,118283,113,19223,483,1,15472,0.0009999999999976694
26165000,4739,15533,130288,6548,10025,132294,113,19225,463,1,15473,0.0010000000000012221
26166000,2915,-2269,130320,37,-8039,127846,99,19229,405,1,15474,0.0010000000000012221
26167003,11786,-12250,124873,4605,-16433,129193,134,19222,549,0,15475,0.0010029999999972006
26168000,7210,-10591,129411,16019,-11286,136776,113,19231,463,0,15476,0.000997000000001691
26169000,2584,-8764,128140,-10129,-3206,127166,112,19231,463,0,15477,0.0010000000000012221
26170004,2226,17182,134230,-19730,15252,122496,155,19227,459,1,15478,0.0010039999999982285
26171002,-7366,12795,133962,8468,5793,125386,155,19228,635,1,15479,0.0009979999999991662
26172000,-7396,-1408,130473,-8065,-15408,136813,110,19231,451,1,15480,0.0009979999999991662
26173000,-22,-11878,128086,-15383,-21204,130711,98,19223,401,0,15481,0.0010000000000012221
26174000,-3775,-1676,132188,7960,534,124204,122,19229,500,0,15482,0.0010000000000012221
26175000,2474,12347,133497,327,3347,123407,108,19229,442,0,15483,0.0009999999999976694
26176000,-8432,4521,130885,-15941,1400,127783,121,19227,442,1,15484,0.0010000000000012221
26177000,-7306,-2033,130166,-17867,-2278,138297,110,19220,496,1,15485,0.0010000000000012221
26178000,-9160,10304,129466,-4297,9508,119094,110,19231,451,1,15486,0.0009999999999976694
26179000,-4094,14448,128724,-10193,8619,124066,101,19229,414,1,15487,0.0010000000000012221
26180000,-567,-1235,127617,-10488,-8626,131037,125,19217,512,0,15488,0.0010000000000012221
26181001,-3366,-13150,125009,-2054,-16785,135684,97,19217,397,0,15489,0.0010009999999986974
26182000,1421,2188,127319,-8527,3210,120782,102,19229,397,0,15490,0.0009990000000001942
26183000,-8652,16193,128639,-6257,12719,120858,145,19226,418,1,15491,0.0010000000000012221
26184000,-6531,15105,127877,-13848,11596,134937,145,19228,594,1,15492,0.0009999999999976694
26185000,-6316,1712,126295,-12965,-2265,121424,116,19229,475,1,15493,0.0010000000000012221
26186000,-62,6117,127274,-494,2338,126049,101,19225,414,0,15494,0.0010000000000012221
26187000,2498,3986,125420,3230,-433,120893,117,19225,479,0,15495,0.0009999999999976694
26188000,376,-10636,122640,-5796,-13528,130867,114,19229,479,0,15496,0.0010000000000012221
26189000,1105,3822,126987,-8514,1499,129076,117,19230,467,0,15497,0.0010000000000012221
26190000,-4892,16729,125310,-524,14219,117678,117,19222,479,1,15498,0.0009999999999976694
26191000,-1832,13711,127425,-1959,11401,123449,139,19232,569,1,15499,0.0010000000000012221
26192001,2373,3570,125007,-3167,-692,128346,103,19229,422,1,15500,0.0010009999999986974
26193000,9230,3146,124802,5916,-694,120937,114,19226,467,0,15501,0.0009990000000001942
26194000,7654,5647,125130,10416,1832,123760,99,19226,467,0,15502,0.0010000000000012221
26195000,7250,-3252,126578,-1082,-7587,128974,112,19227,405,0,15503,0.0010000000000012221
26196002,5604,-2269,127786,12295,-3898,124227,112,19229,459,1,15504,0.0010019999999997253
26197000,-2665,5815,125534,-1474,10674,124647,141,19226,577,1,15505,0.0009979999999991662
26198000,6016,15108,129729,-9780,10270,125555,114,19232,467,1,15506,0.0010000000000012221
26199000,8086,6319,125908,20528,-2550,120525,98,19228,401,1,15507,0.0009999999999976694
26200000,13762,-3512,123785,4460,-10580,133229,148,19228,401,0,15508,0.0010000000000012221
26201002,7935,-6326,128942,12536,-13631,126759,101,19232,606,0,15509,0.0010019999999997253
26202000,7975,-2016,129028,4177,-12773,130240,101,19230,414,0,15510,0.0009979999999991662
26203000,2917,3241,131904,-3817,3993,131191,105,19230,430,1,15511,0.0010000000000012221
26204000,-3472,13987,132432,-3,6309,122731,123,19229,504,1,15512,0.0009999999999976694
26205000,3632,6709,127940,1925,-1341,127451,109,19232,446,1,15513,0.0010000000000012221
26206000,4275,-1340,127204,2532,-6473,127794,111,19232,446,0,15514,0.0010000000000012221
26207000,10190,-10262,127923,7221,-7563,131517,90,19218,455,0,15515,0.0009999999999976694
26208000,8443,5791,130917,11551,-37,123201,90,19232,369,0,15516,0.0010000000000012221
26209000,-556,-9953,127327,-20918,-9077,133540,101,19226,414,0,15517,0.0010000000000012221
26210000,1114,7463,134861,-6987,2535,130366,128,19224,524,1,15518,0.0009999999999976694
26211000,-7694,4818,131322,9426,-1967,124275,117,19230,479,1,15519,0.0010000000000012221
26212000,-2799,8095,131340,-18995,4028,126906,97,19230,479,1,15520,0.0010000000000012221
26213000,-707,-4968,129830,-13501,-13217,132251,143,19228,397,0,15521,0.0009999999999976694
26214000,3418,-5913,128329,15612,-3635,126688,143,19228,586,0,15522,0.0010000000000012221
26215000,-1856,5017,130457,-8435,-1239,129612,103,19227,422,0,15523,0.0010000000000012221
26216001,-9192,-1228,130737,-21909,922,129209,112,19224,459,1,15524,0.0010009999999986974
26217000,-7693,8787,132559,-9922,5426,131163,133,19229,545,1,15525,0.0009990000000001942
26218000,-9459,3169,129279,-6514,1627,128932,113,19229,463,1,15526,0.0010000000000012221
26219000,-5385,8546,130826,-4483,13034,123041,104,19232,463,1,15527,0.0009999999999976694
26220000,-3934,1704,126037,-18237,-10063,128630,133,19223,426,0,15528,0.0010000000000012221
26221000,-300,-6804,125359,-8190,-6156,131834,133,19231,545,0,15529,0.0010000000000012221
26222000,-1191,5064,130075,3118,-274,127960,104,19228,426,0,15530,0.0009999999999976694
26223000,-6702,7632,127066,-14443,7138,118375,125,19222,512,1,15531,0.0010000000000012221
26224000,-5044,15631,129904,-13633,9229,128352,117,19222,479,1,15532,0.0010000000000012221
26225000,-9531,-6810,124565,-761,-8231,133472,105,19227,479,1,15533,0.0009999999999976694
26226000,4023,13485,125156,-5625,12783,114218,135,19232,430,0,15534,0.0010000000000012221
26227000,-3328,10515,126301,-2603,4784,122977,135,19229,553,0,15535,0.0010000000000012221
26228000,2206,-5726,122900,3964,-6678,130374,107,19230,438,0,15536,0.0009999999999976694
26229000,2622,-9085,124086,-10419,-9997,132721,111,19226,455,0,15537,0.0010000000000012221
26230002,-2977,6312,126438,-291,9957,120295,157,19226,643,1,15538,0.0010019999999997253
26231000,1888,24355,126772,4870,25517,114856,110,19225,643,1,15539,0.0009979999999991662
26232000,-547,-645,124411,-5313,-8055,130767,99,19231,451,1,15540,0.0010000000000012221
26233000,11824,-5030,123226,682,-8852,130444,99,19229,405,0,15541,0.0010000000000012221
26234000,7495,4134,124688,15150,-194,119494,93,19231,381,0,15542,0.0009999999999976694
26235000,5817,3533,127192,9235,-820,121001,115,19230,471,0,15543,0.0010000000000012221
26236000,5059,-4995,126675,-6206,-9343,133247,120,19220,491,1,15544,0.0009999999999976694
26237000,-414,4443,127507,289,3501,130052,108,19220,491,1,15545,0.0010000000000012221
26238000,6924,17038,127578,12868,13370,120093,101,19228,442,1,15546,0.0010000000000012221
26239000,4338,2510,125871,3480,-1045,123404,101,19229,414,1,15547,0.0009999999999976694
26240000,14024,884,127417,-4320,-2397,131212,124,19224,508,0,15548,0.0010000000000012221
26241001,9997,-13277,125251,18929,-17089,135087,100,19224,410,0,15549,0.0010009999999986974
26242000,5283,-2839,127926,13576,-6952,123324,104,19226,426,0,15550,0.0009990000000001942
26243000,3531,12290,128564,-16180,16394,126976,137,19226,426,1,15551,0.0010000000000012221
26244000,2688,8937,132078,3269,3104,129890,113,19227,561,1,15552,0.0010000000000012221
26245002,4885,2774,128651,13428,-5556,127047,113,19228,463,1,15553,0.0010019999999997253
26246001,1045,6419,129781,-11705,-9770,124724,100,19225,410,0,15554,0.0009990000000001942
26247000,10370,-9896,127115,-1219,-13476,131370,141,19233,577,0,15555,0.0009990000000001942
26248000,5870,-3009,130513,11378,-9165,136095,108,19229,442,0,15556,0.0009999999999976694
26249000,3312,-4063,129751,-27564,3728,124062,112,19229,442,0,15557,0.0010000000000012221
26250000,-1227,20505,136389,-2083,13331,124121,129,19220,459,1,15558,0.0010000000000012221
26251000,-4724,1600,130823,8508,-7032,134862,129,19229,528,1,15559,0.0009999999999976694
26252000,-6051,-5386,127817,-19473,-14856,132079,100,19231,410,1,15560,0.0010000000000012221
26253001,1745,-9390,129804,-12543,-8551,129402,115,19222,471,0,15561,0.0010009999999986974
26254000,258,4668,130973,12465,-549,126295,97,19228,397,0,15562,0.0009990000000001942
26255000,-1130,13367,130427,-9224,5957,129080,109,19228,397,0,15563,0.0010000000000012221
26256000,-5861,294,129513,-20737,-4740,133864,139,19225,446,1,15564,0.0010000000000012221
26257000,-10064,-8182,129064,-6760,-1092,135258,139,19226,569,1,15565,0.0009999999999976694
26258002,-7978,15301,130146,-6375,17421,115947,114,19226,467,1,15566,0.0010019999999997253
26259000,-3331,11985,129713,-10999,2810,130292,97,19225,397,1,15567,0.000998000000002719
26260002,-1484,-7489,126578,-8036,-12163,130087,159,19228,651,0,15568,0.0010019999999997253
26261005,-3590,-9480,125046,-2448,-8215,132740,105,19228,430,0,15569,0.0010029999999972006
26262002,-659,4402,127837,-12908,10479,118181,107,19231,430,0,15570,0.000997000000001691
26263000,-5965,18479,129694,-3974,13085,121145,126,19223,438,1,15571,0.0009979999999991662
26264000,-6616,5879,126773,-7373,-4920,136102,126,19229,516,1,15572,0.0010000000000012221
26265001,-5164,1062,126545,-9603,-1699,121521,109,19230,446,1,15573,0.0010009999999986974
26266000,643,3028,127767,1871,1247,127769,111,19223,455,0,15574,0.0009990000000001942
26267000,-80,8230,126170,4415,562,119372,94,19223,385,0,15575,0.0010000000000012221
26268000,-208,-2170,124062,-2498,-8995,130540,110,19233,385,0,15576,0.0009999999999976694
26269000,-1337,-323,127302,-6518,61,129643,134,19228,451,0,15577,0.0010000000000012221
26270000,-3047,16954,126718,-5110,20291,111976,134,19218,549,1,15578,0.0010000000000012221
26271001,-492,14438,127504,-97,10133,129877,114,19243,467,1,15579,0.0010009999999986974
26272000,5692,-1768,121527,3617,-4439,125689,90,19232,369,1,15580,0.0009990000000001942
26273000,8748,-1133,122289,2538,-3096,123694,129,19232,528,0,15581,0.0010000000000012221
26274000,12547,-99,125133,10294,-8849,121005,111,19234,528,0,15582,0.0009999999999976694
26275000,5208,-5112,126093,6689,-7045,128067,113,19227,455,0,15583,0.0010000000000012221
26276000,2267,-5566,126791,-1593,-9168,132408,113,19225,463,1,15584,0.0010000000000012221
26277000,-397,10380,128606,232,8452,120477,133,19228,545,1,15585,0.0009999999999976694
26278001,3925,7179,125768,4234,6215,135475,105,19232,430,1,15586,0.00100100000000225
26279000,11135,5876,126130,10777,1538,112316,100,19222,410,0,15587,0.0009990000000001942
26280000,10539,6226,126712,1517,-328,127102,113,19222,410,0,15588,0.0009999999999976694
26281000,9540,-12245,126205,11585,-16783,136007,111,19227,463,0,15589,0.0010000000000012221
26282000,3989,-5322,128822,9737,-8744,123363,111,19233,455,0,15590,0.0010000000000012221
26283000,84,-1881,130547,-11983,-6634,131314,122,19226,500,1,15591,0.0009999999999976694
26284000,1236,23757,131821,2131,20741,118461,110,19228,451,1,15592,0.0010000000000012221
26285000,931,925,128319,7863,-3889,132886,99,19233,405,1,15593,0.0010000000000012221
26286000,6512,-7856,129105,-7364,-10951,125073,138,19233,405,0,15594,0.0009999999999976694
26287000,8825,-5306,129931,4805,-9266,135332,102,19223,565,0,15595,0.0010000000000012221
26288000,5492,-7515,128913,24407,-10498,126691,102,19229,418,0,15596,0.0010000000000012221
26289000,730,10983,132145,-24715,8826,120993,104,19225,426,1,15597,0.0009999999999976694
26290000,-5144,5528,134362,-15366,6516,131545,150,19229,614,1,15598,0.0010000000000012221
26291000,-5985,3349,127715,17993,-1653,126628,109,19234,446,1,15599,0.0010000000000012221
26292000,-2512,-2204,130250,-21638,-15245,137505,103,19234,446,1,15600,0.0009999999999976694
26293000,-91,-9326,127175,-11406,-5677,124879,114,19224,422,0,15601,0.0010000000000012221
26294000,7397,5729,130407,9819,1935,130655,114,19232,467,0,15602,0.0010000000000012221
26295000,-5604,1862,130398,-13940,-2811,126227,107,19228,438,0,15603,0.0009999999999976694
26296001,-6259,2589,130468,-19619,-1878,132114,123,19222,504,1,15604,0.00100100000000225
26297000,-10974,137,129785,-6543,-3483,135105,112,19230,459,1,15605,0.0009989999999966415
26298002,-9388,20268,131939,-8927,15449,115513,103,19230,459,1,15606,0.001002000000003278
26299002,-1580,8891,128737,-10424,-7626,130835,128,19229,422,0,15607,0.0009999999999976694
26300000,-7125,-6510,125574,-6936,-10985,127749,128,19219,524,0,15608,0.0009979999999991662
26301000,2596,-759,126878,-7184,-3299,126534,100,19233,410,0,15609,0.0010000000000012221
26302000,-2415,4003,129193,-3390,10086,118872,106,19227,434,0,15610,0.0010000000000012221
26303002,-5442,15985,129778,-15980,10118,120846,149,19227,610,1,15611,0.0010019999999997253
26304000,-6878,5123,127499,-13704,-3199,133316,117,19227,610,1,15612,0.0009979999999991662
26305000,-3048,2301,126471,-2895,-1520,123073,104,19227,479,1,15613,0.0010000000000012221
26306000,2470,4542,126648,3309,-3354,127888,104,19226,426,0,15614,0.0009999999999976694
26307000,-1873,-833,124220,-6770,-2938,121535,118,19229,483,0,15615,0.0010000000000012221
26308000,3550,3303,124455,-8173,-938,126360,111,19228,455,0,15616,0.0010000000000012221
26309000,-2237,10693,127111,5610,4614,126306,117,19222,479,1,15617,0.0009999999999976694
26310000,-2325,16756,125435,-4909,14999,119883,132,19222,541,1,15618,0.0010000000000012221
26311000,-2102,10693,126110,-7336,6137,125042,104,19229,541,1,15619,0.0010000000000012221
26312000,7409,4059,124481,6092,3492,124290,117,19231,426,0,15620,0.0009999999999976694
26313000,12351,451,123245,12989,-4995,128259,117,19224,479,0,15621,0.0010000000000012221
26314000,7418,-4396,124305,-2026,-4445,120478,108,19226,442,0,15622,0.0010000000000012221
26315000,9003,-5272,125669,-377,-7999,128197,117,19227,479,0,15623,0.0009999999999976694
26316001,485,873,127357,12297,3027,128624,145,19227,594,1,15624,0.00100100000000225
26317000,3971,15815,129172,-5016,13525,119451,116,19227,594,1,15625,0.0009990000000001942
26318001,6562,7618,126203,8226,739,126277,98,19230,475,1,15626,0.0010009999999986974
26319000,8613,5446,126378,7591,3070,121513,98,19225,401,0,15627,0.0009990000000001942
26320002,14137,-3028,126660,5239,-8787,131797,147,19232,602,0,15628,0.0010019999999997253
26321000,4325,-12015,128643,16473,-16058,132182,104,19233,426,0,15629,0.0009979999999991662
26322000,5712,-4892,128990,-7756,-5226,129858,107,19233,438,1,15630,0.0010000000000012221
26323000,717,10904,132095,-2254,7808,127106,119,19228,438,1,15631,0.0010000000000012221
26324000,-659,14423,130294,7970,11232,122970,109,19225,487,1,15632,0.0009999999999976694
26325001,6726,3570,126682,561,1989,130418,109,19231,446,1,15633,0.00100100000000225
26326000,7809,-10542,126564,628,-14911,126590,113,19218,463,0,15634,0.0009990000000001942
26327000,11245,-3048,129764,13340,-5676,130260,91,19233,373,0,15635,0.0009999999999976694
26328000,2943,-2086,128938,2257,-8345,132054,106,19227,434,0,15636,0.0010000000000012221
26329000,2515,2771,134911,-16691,1912,126044,127,19227,434,1,15637,0.0009999999999976694
26330000,-5776,3558,133005,101,207,135078,114,19224,520,1,15638,0.0010000000000012221
26331003,-8110,3243,128101,-2419,615,125561,114,19232,467,1,15639,0.0010030000000007533
26332000,1227,843,130719,-16459,-3377,128162,98,19228,401,0,15640,0.0009969999999981383
26333000,558,-10580,127801,2136,-14481,128724,145,19231,594,0,15641,0.0010000000000012221
26334000,4308,5433,129546,2034,2737,123500,105,19227,430,0,15642,0.0010000000000012221
26335002,-7169,4028,132050,-17990,459,131106,112,19227,430,0,15643,0.0010019999999997253
26336002,-6102,4384,130782,-8819,1624,128377,139,19226,459,1,15644,0.0010000000000012221
26337000,-7212,8224,129420,-3586,7471,128605,139,19228,569,1,15645,0.0009979999999991662
26338000,-8634,5871,131445,-15789,7070,122359,113,19231,463,1,15646,0.0009999999999976694
26339000,345,2828,128747,-8337,-8937,129629,109,19221,446,0,15647,0.0010000000000012221
26340000,-4874,-6490,125992,-2556,-5746,129407,136,19233,557,0,15648,0.0010000000000012221
26341000,-1819,2114,128456,-6056,435,123700,103,19233,557,0,15649,0.0009999999999976694
26342000,-4722,230,125332,-10446,1101,126574,120,19228,422,1,15650,0.0010000000000012221
26343000,-5985,16793,130791,-10775,17553,120212,120,19225,491,1,15651,0.0010000000000012221
26344000,-5258,4448,127141,-2057,-5031,132079,117,19229,479,1,15652,0.0009999999999976694
26345000,-5224,2744,124634,-10134,9777,119813,106,19229,434,1,15653,0.0010000000000012221
26346000,2918,5628,123827,-6232,-4754,126954,140,19229,573,0,15654,0.0010000000000012221
26347002,3085,-1520,125308,6016,-2568,125321,104,19229,573,0,15655,0.0010019999999997253
26348000,4799,483,126236,-6922,-10007,131764,108,19227,426,0,15656,0.0009979999999991662
26349000,-4933,8422,126378,-1801,5122,124198,108,19222,442,1,15657,0.0010000000000012221
26350000,-2768,15339,126891,-6456,6769,123147,156,19232,639,1,15658,0.0009999999999976694
26351000,-56,3087,125374,2960,-52,131255,113,19229,463,1,15659,0.0010000000000012221
26352000,4805,14627,124350,8138,11613,112844,101,19222,414,0,15660,0.0010000000000012221
26353000,9231,3032,122459,-1020,-8057,124828,91,19222,373,0,15661,0.0009999999999976694
26354000,8009,-4153,125750,13090,-4797,127780,112,19227,373,0,15662,0.0010000000000012221
26355000,7921,-5173,124559,5651,-7145,131629,121,19227,459,0,15663,0.0010000000000012221
26356000,3793,2196,127875,-5254,9488,121037,121,19220,496,1,15664,0.0009999999999976694
26357001,4256,18333,130040,5772,12019,121803,110,19229,451,1,15665,0.00100100000000225
26358000,7699,-2426,123516,7353,-8603,133585,102,19229,418,1,15666,0.0009990000000001942
26359000,10991,-2893,125254,1191,-1982,122412,125,19229,512,0,15667,0.0009999999999976694
26360000,10258,-4499,129087,12772,-10936,131577,98,19224,512,0,15668,0.0010000000000012221
26361000,6999,2885,126604,13674,-2534,124953,103,19231,401,0,15669,0.0009999999999976694
26362000,2674,500,130146,-6043,-6856,133636,103,19231,422,1,15670,0.0010000000000012221
26363000,45,3631,130705,-250,6270,132148,140,19225,573,1,15671,0.0010000000000012221
26364000,35,12802,129676,7285,11878,120201,113,19228,463,1,15672,0.0009999999999976694
26365002,4513,8639,130922,66,1665,129075,101,19228,414,1,15673,0.001002000000003278
26366000,11658,-10362,127049,2940,-16110,130694,140,19224,414,0,15674,0.0009979999999991662
26367000,11633,-12649,130400,15637,-11397,133007,106,19229,573,0,15675,0.0009999999999976694
26368001,509,-257,129810,2730,-3854,130194,106,19227,434,0,15676,0.00100100000000225
26369000,-611,6757,131302,-23511,3563,124244,113,19218,463,1,15677,0.0009990000000001942
26370002,-5225,10841,135824,-1267,6548,130204,131,19228,537,1,15678,0.0010019999999997253
26371001,-5533,-3099,129828,8510,-8148,131129,102,19229,418,1,15679,0.0009990000000001942
26372000,-3194,-6003,128353,-21713,-5468,132242,115,19229,418,0,15680,0.0009990000000001942
26373000,-593,-4211,129107,-6594,-8034,126360,96,19222,471,0,15681,0.0009999999999976694
26374000,2126,3009,129886,13724,1266,127918,96,19228,393,0,15682,0.0010000000000012221
26375000,-6985,2515,131690,-18776,-1133,131311,110,19229,451,0,15683,0.0010000000000012221
26376000,-11165,1000,131409,-21322,-1378,126025,141,19224,577,1,15684,0.0009999999999976694
26377000,-7035,1572,130175,-6251,-1617,134760,114,19229,467,1,15685,0.0010000000000012221
26378001,-4929,9627,128892,-4054,7581,123756,100,19229,467,1,15686,0.0010009999999986974
26379000,-4458,5366,128843,-11297,-283,123062,159,19229,410,0,15687,0.0009990000000001942
26380000,-2997,-8040,123702,-13391,-11322,126315,159,19228,651,0,15688,0.0010000000000012221
26381000,-4761,5487,127984,241,3267,127543,112,19230,459,0,15689,0.0010000000000012221
26382000,-3179,5175,127620,-10582,1208,123923,114,19220,467,1,15690,0.0009999999999976694
26383000,-8706,10172,128298,-7870,7115,123594,127,19226,520,1,15691,0.0010000000000012221
26384000,-6348,375,128775,-23415,-1853,132227,109,19226,520,1,15692,0.0010000000000012221
26385000,2114,6494,126207,5501,7797,119342,114,19230,446,0,15693,0.0009999999999976694
26386000,-1078,1234,123927,9800,-10187,131781,114,19223,467,0,15694,0.0010000000000012221
26387000,-897,-7862,123903,-18614,1066,120792,106,19227,434,0,15695,0.0010000000000012221
26388000,-924,7726,127162,-3433,-3026,132080,113,19229,463,0,15696,0.0009999999999976694
26389000,1486,6862,126274,6328,6446,121993,130,19220,532,1,15697,0.0010000000000012221
26390000,-7265,15801,125853,-9650,7775,120372,110,19220,532,1,15698,0.0010000000000012221
26391000,2245,6340,127376,-4458,-5344,127988,94,19233,451,1,15699,0.0009999999999976694
26392000,9255,9339,122659,16304,5226,118396,94,19230,385,0,15700,0.0010000000000012221
26393000,8131,4109,125986,6071,-9011,130148,129,19234,528,0,15701,0.0009999999999976694
26394000,8786,-4346,123530,5236,-7083,119521,108,19227,442,0,15702,0.0010000000000012221
26395006,2743,-5956,126026,2896,-11761,133908,111,19225,455,1,15703,0.0010060000000002844
26396000,5761,1036,130160,891,9376,122795,127,19225,520,1,15704,0.0009939999999986071
26397000,4110,18239,128341,8104,14769,117861,106,19228,520,1,15705,0.0010000000000012221
26398000,6433,8992,125654,-829,-2713,131296,106,19228,434,1,15706,0.0010000000000012221
26399000,11022,-1494,124189,5634,-6281,121171,104,19228,426,0,15707,0.0009999999999976694
26400000,11581,-15053,125988,20176,-20020,138234,104,19234,426,0,15708,0.0010000000000012221
26401001,7796,-6752,129116,2766,-3290,124415,103,19231,422,0,15709,0.0010009999999986974
26402000,2140,11587,130423,-10338,7682,124568,118,19231,483,1,15710,0.0009990000000001942
26403000,728,10683,132143,7775,6256,134194,110,19222,483,1,15711,0.0010000000000012221
26404000,-2858,1079,127487,2755,-3886,124632,99,19228,451,1,15712,0.0010000000000012221
26405002,5325,-2829,129478,-4175,-8022,130294,99,19230,405,1,15713,0.0010019999999997253
26406000,11988,-6632,128038,9326,-8801,126730,137,19228,561,0,15714,0.0009979999999991662
26407021,8481,-899,128722,19093,-6239,134569,101,19233,414,0,15715,0.001021000000001493
26408000,4463,-3825,129160,-21267,650,123437,104,19233,426,0,15716,0.0009789999999973986
26409000,-3450,12411,132417,-9466,6663,117857,152,19226,426,1,15717,0.0010000000000012221
26410000,-7930,6396,133570,10630,94,139896,110,19228,623,1,15718,0.0010000000000012221
26411000,-5866,-5812,128720,-17026,-7430,124818,110,19232,451,1,15719,0.0009999999999976694
26412000,1071,-4706,132310,-13854,-10085,136564,103,19223,422,0,15720,0.0010000000000012221
26413000,-23,5793,128957,8597,6237,119797,113,19230,463,0,15721,0.0010000000000012221
26414000,2071,6233,129222,-3096,28,126131,110,19230,451,0,15722,0.0009999999999976694
26415000,-7675,3837,132301,-18054,1460,134406,125,19230,451,1,15723,0.0010000000000012221
26416000,-9389,-3474,127743,-12403,-4978,131050,114,19221,512,1,15724,0.0010000000000012221
26417000,-8404,15256,132587,-8646,14714,123335,114,19228,467,1,15725,0.0009999999999976694
26418000,-4389,14372,130518,-13393,8242,120914,103,19229,422,1,15726,0.0010000000000012221
26419001,815,-6329,125951,112,-8242,138960,128,19220,524,0,15727,0.0010009999999986974
26420000,-3724,-4051,124895,-8363,-3166,121774,99,19230,405,0,15728,0.0009990000000001942
26421000,-119,6634,126260,-12354,4315,122911,107,19230,405,0,15729,0.0010000000000012221
26422000,-4523,12570,129292,-4639,7383,125901,151,19227,438,1,15730,0.0009999999999976694
26423000,-7331,2459,128871,-9879,-1422,126460,151,19229,618,1,15731,0.0010000000000012221
26424003,-7362,1127,128110,-8877,-1425,133054,118,19232,483,1,15732,0.0010030000000007533
26425000,-3565,9317,126552,-5864,6375,118475,101,19225,414,0,15733,0.0009969999999981383
26426000,2135,10762,125102,-682,7064,123719,117,19230,479,0,15734,0.0010000000000012221
26427000,1971,-528,123136,-507,-3666,125659,113,19230,479,0,15735,0.0010000000000012221
26428000,194,1414,124486,-7041,-1552,126058,121,19226,463,0,15736,0.0009999999999976694
26429000,-960,11810,127593,-3014,7918,119650,121,19223,496,1,15737,0.0010000000000012221
26430000,-275,9872,126663,-404,7737,127971,141,19228,577,1,15738,0.0010000000000012221
26431000,5640,3883,125561,8307,592,127355,102,19229,418,1,15739,0.0009999999999976694
26432000,6671,-312,122766,-4446,186,120400,113,19226,463,0,15740,0.0010000000000012221
26433000,8548,2069,125163,7429,-1521,126985,101,19226,463,0,15741,0.0010000000000012221
26434000,6180,-1397,125086,9239,-8022,124242,113,19227,414,0,15742,0.0009999999999976694
26435000,4010,7731,126779,-238,-7278,124892,113,19226,463,1,15743,0.0010000000000012221
26436000,1975,12039,128565,-6399,6386,124335,141,19226,577,1,15744,0.0010000000000012221
26437000,5682,8799,128473,4053,5299,122864,114,19231,467,1,15745,0.0009999999999976694
26438000,11170,1591,127152,20363,-2903,127552,97,19228,397,1,15746,0.0010000000000012221
26439000,9472,3628,125844,-7995,-1713,122811,149,19228,397,0,15747,0.0010000000000012221
26440000,10352,-7672,125873,7749,-15143,133933,105,19232,610,0,15748,0.0009999999999976694
26441000,6979,-3381,129028,11502,1457,124896,105,19231,430,0,15749,0.0010000000000012221
26442000,4216,-266,130067,-12575,-6134,133927,107,19224,438,1,15750,0.0010000000000012221
26443000,2666,18697,131179,6618,10728,117717,122,19227,500,1,15751,0.0009999999999976694
26444012,979,9440,129554,2459,-8369,129579,108,19233,442,1,15752,0.0010119999999993468
26445002,7087,-6086,128124,-1783,-12586,131894,117,19233,479,0,15753,0.0009900000000016007
26446000,6294,-992,131162,8462,-2761,120429,93,19216,479,0,15754,0.0009979999999991662
26447000,9405,-214,129348,10986,-7537,133335,106,19226,381,0,15755,0.0010000000000012221
26448000,-971,-5831,131471,-13588,-5540,129778,106,19229,434,0,15756,0.0010000000000012221
26449000,1535,6245,132983,-15107,1784,129817,126,19219,516,1,15757,0.0009999999999976694
26450000,-7667,7213,131896,10535,8614,126212,113,19232,463,1,15758,0.0010000000000012221
26451000,-4210,4848,130635,-13536,-4003,126394,98,19232,401,1,15759,0.0010000000000012221
26452000,381,-10057,128613,-15174,-16540,136252,144,19229,401,0,15760,0.0009999999999976694
26453000,-108,-2754,128456,8251,-3078,130612,107,19233,590,0,15761,0.0010000000000012221
26454000,-17,1147,131180,-3395,-2683,126935,107,19230,438,0,15762,0.0009999999999976694
26455000,-6463,11888,131999,-22514,8117,128183,112,19224,459,1,15763,0.0010000000000012221
26456001,-7196,2060,129334,-12547,-3635,134566,139,19230,569,1,15764,0.00100100000000225
26457000,-9583,1350,128318,-759,348,130289,114,19230,467,1,15765,0.0009989999999966415
26458003,-2767,15003,130119,-12555,13091,117881,108,19228,467,1,15766,0.0010030000000007533
26459000,-5180,-2792,126041,-8500,-5978,132477,135,19218,442,0,15767,0.000997000000001691
26460000,-1540,-10880,125319,-5833,-12954,129920,135,19232,553,0,15768,0.0009999999999976694
26461000,-1418,6442,127808,-6838,6935,123338,105,19231,430,0,15769,0.0010000000000012221
26462000,-4560,6374,127537,-7457,5595,128429,120,19222,491,1,15770,0.0010000000000012221
26463000,-7653,8136,127119,-6941,3675,119553,117,19232,479,1,15771,0.0009999999999976694
26464000,-6657,6360,128382,-15647,426,131907,104,19232,479,1,15772,0.0010000000000012221
26465000,3066,4765,126591,4078,3463,121367,136,19224,426,0,15773,0.0010000000000012221
26466000,-2840,-3871,126429,6233,-5341,128666,136,19230,557,0,15774,0.0009999999999976694
26467000,1460,-6892,123717,-9276,-10808,132359,112,19227,459,0,15775,0.0010000000000012221
26468000,-886,5099,125643,-2932,4153,124432,112,19223,459,0,15776,0.0010000000000012221
26469000,-608,12835,128105,2381,10800,127099,158,19227,647,1,15777,0.0009999999999976694
26470000,-1029,13371,124922,-3975,8770,116254,113,19227,647,1,15778,0.0010000000000012221
26471000,3269,4632,124986,-1799,1160,130802,101,19231,463,1,15779,0.0010000000000012221
26472000,11415,-4519,122161,7889,-7736,122191,101,19225,414,0,15780,0.0009999999999976694
26473000,9574,212,123830,13388,-5203,126090,90,19227,369,0,15781,0.0010000000000012221
26474000,5058,-2903,124766,-110,-7448,123943,114,19228,467,0,15782,0.0010000000000012221
26475000,4243,2192,128226,1420,-511,127262,119,19220,487,1,15783,0.0009999999999976694
26476000,1797,7289,129966,5491,4750,127459,110,19220,487,1,15784,0.0010000000000012221
26477000,1711,3722,125404,769,38,125519,103,19230,451,1,15785,0.0010000000000012221
26478000,5876,7312,125236,-2564,9131,120142,103,19233,422,1,15786,0.0009999999999976694
26479000,14566,2513,127604,12270,-7001,125118,122,19225,500,0,15787,0.0010000000000012221
26480000,10032,-14282,125079,21501,-16051,135778,96,19225,393,0,15788,0.0010000000000012221
26481000,4565,-8797,128225,-1627,-220,126042,102,19227,418,0,15789,0.0009999999999976694
26482004,3259,12256,132378,-806,9447,127952,139,19227,418,1,15790,0.0010040000000017812
26483000,1096,13622,128586,14771,6111,124701,115,19231,569,1,15791,0.000996000000000663
26484002,1082,5659,129540,-11234,-3889,128159,115,19232,471,1,15792,0.0010019999999997253
26485000,7747,-10748,128185,-1041,-19432,136518,102,19224,418,0,15793,0.0009979999999991662
26486000,9168,-10739,127447,30323,-2479,123704,142,19229,582,0,15794,0.0009999999999976694
26487000,5106,8493,130940,-9509,-2631,129553,114,19231,467,0,15795,0.0010000000000012221
26488000,-2302,4365,132403,-19874,3775,124288,113,19231,467,0,15796,0.0010000000000012221
26489000,-1433,5360,132995,5691,-10693,137250,130,19224,463,1,15797,0.0009999999999976694
26490000,-9858,3189,132849,3754,1358,129234,130,19229,532,1,15798,0.0010000000000012221
26491000,-3062,-2068,128356,-21434,-6205,123285,106,19228,434,1,15799,0.0010000000000012221
26492000,370,-4536,131931,-4904,-13501,137373,118,19221,483,0,15800,0.0009999999999976694
26493003,3692,-135,127630,7980,-3301,123890,97,19229,397,0,15801,0.0010030000000007533
26494000,-2790,4265,130270,-13316,2266,129483,106,19229,434,0,15802,0.000997000000001691
26495000,-7921,3303,131307,-17793,-490,128694,135,19227,434,1,15803,0.0009999999999976694
26496001,-9136,6896,130627,-6288,3353,127234,114,19226,553,1,15804,0.00100100000000225
26497000,-8575,5266,129827,-9604,1942,132167,114,19232,467,1,15805,0.0009990000000001942
26498000,-2040,6515,128806,-7124,596,122112,101,19227,414,1,15806,0.0009999999999976694
26499000,-4155,5256,125152,-8051,-7273,128904,161,19229,659,0,15807,0.0010000000000012221
26500000,-677,-4936,125806,-6308,-2849,128136,102,19229,418,0,15808,0.0010000000000012221
26501000,-494,9971,129264,-8778,7853,120373,104,19230,418,0,15809,0.0009999999999976694
26502000,-6565,6016,128654,-5660,6797,126404,124,19227,426,1,15810,0.0010000000000012221
26503000,-6194,8019,125991,-12121,4659,124056,124,19230,508,1,15811,0.0010000000000012221
26504000,-4134,3351,128437,-8739,861,132081,112,19231,459,1,15812,0.0009999999999976694
26505000,705,3171,123290,4026,548,119987,115,19219,471,0,15813,0.0010000000000012221
26506000,-115,-3804,125094,-7508,-5617,130276,91,19229,373,0,15814,0.0010000000000012221
26507000,1227,3950,125272,-3152,870,120053,109,19229,373,0,15815,0.0009999999999976694
26508000,188,14151,127907,4104,6195,125039,128,19225,446,1,15816,0.0010000000000012221
26509000,-1678,1173,125501,-4672,-379,132321,128,19224,524,1,15817,0.0010000000000012221
26510000,-3259,10514,126416,-8775,10111,119613,114,19237,467,1,15818,0.0009999999999976694
26511000,7525,12716,124306,3145,9545,120682,98,19231,401,1,15819,0.0010000000000012221
26512000,8252,4253,123504,11977,-1778,123088,129,19232,528,0,15820,0.0010000000000012221
26513000,10963,-10363,124097,3674,-13347,135332,108,19232,528,0,15821,0.0009999999999976694
26514000,5696,-3217,124152,2442,-2649,118340,113,19226,442,0,15822,0.0010000000000012221
26515000,3750,9967,128288,4673,6981,122957,113,19225,463,1,15823,0.0010000000000012221
26516000,2076,8228,129068,2085,3976,127459,131,19228,537,1,15824,0.0009999999999976694
26517000,5423,4360,127727,3477,-452,120886,109,19232,446,1,15825,0.0010000000000012221
26518002,7765,-1382,126787,4904,-4323,133027,105,19224,430,0,15826,0.0010019999999997253
26519001,8667,5780,128406,7349,2557,123370,102,19224,430,0,15827,0.0009990000000001942
26520002,9440,-8693,126483,13019,-13423,135280,107,19233,418,0,15828,0.0010009999999986974
26521000,3004,-5679,128808,-2389,-9224,127614,107,19224,438,0,15829,0.0009979999999991662
26522000,4240,9358,130745,-3190,6559,126575,120,19223,491,1,15830,0.0010000000000012221
26523000,484,15381,129067,9432,11003,121314,112,19226,459,1,15831,0.0010000000000012221
26524000,3741,1896,126878,-4851,-2351,128700,100,19228,410,1,15832,0.0009999999999976694
26525000,12382,-13504,128752,5514,-12806,134300,137,19228,410,0,15833,0.0010000000000012221
26526000,8237,-3125,127026,7768,-9563,125423,101,19224,561,0,15834,0.0010000000000012221
26527000,5804,-272,131238,10857,-1054,135549,101,19232,414,0,15835,0.0009999999999976694
26528000,-2640,562,130997,-18505,4326,121139,109,19227,446,1,15836,0.0010000000000012221
26529002,-4544,10120,132286,-9303,2540,132733,156,19230,639,1,15837,0.0010019999999997253
26530001,-6154,4194,131245,-2984,-4768,128187,109,19232,446,1,15838,0.0009990000000001942
26531002,-3692,-2654,129751,-15500,-10114,129539,100,19232,446,1,15839,0.0010009999999986974
26532002,2470,-9219,129873,-4519,-5580,132873,120,19220,410,0,15840,0.0010000000000012221
26533003,4198,5759,128618,4720,5683,121507,120,19231,491,0,15841,0.0010009999999986974
26534000,-4576,3743,130473,-15827,-4612,133104,110,19227,451,0,15842,0.000997000000001691
26535000,-7419,470,130231,-17630,1547,124480,124,19218,508,1,15843,0.0010000000000012221
26536002,-11114,7698,132470,-12070,-2399,134208,112,19229,459,1,15844,0.0010019999999997253
26537003,-1353,16987,132794,-4989,7664,118746,100,19229,410,1,15845,0.0010009999999986974
26538000,-4794,5861,128416,-8306,-10509,131707,124,19231,410,0,15846,0.000997000000001691
26539002,-2273,-14513,125854,-9471,-15701,137072,101,19219,508,0,15847,0.0010019999999997253
26540000,-3080,7628,126362,-1234,12390,112385,101,19233,414,0,15848,0.0009979999999991662
26541002,-1369,13730,128961,-9062,7217,131069,107,19227,438,0,15849,0.0010019999999997253
26542001,-7283,4513,127417,-10420,1569,123528,146,19225,598,1,15850,0.0009990000000001942
26543000,-6091,6883,126878,-16813,3713,130456,116,19225,475,1,15851,0.0009990000000001942
26544002,2448,4373,125310,679,8211,122171,103,19231,475,1,15852,0.0010019999999997253
26545002,1714,3312,125997,3574,-2450,124400,117,19227,422,0,15853,0.0010000000000012221
26546000,4253,-7999,122976,-9097,-10708,131486,117,19227,479,0,15854,0.0009979999999991662
26547002,-1644,4045,124677,-6883,3231,122014,113,19230,463,0,15855,0.0010019999999997253
26548000,470,3206,128176,1371,603,130193,119,19224,487,1,15856,0.0009979999999991662
26549002,-2407,18562,126831,-4057,13249,118178,134,19229,549,1,15857,0.0010019999999997253
26550002,-1937,3161,124738,-11439,-3431,129385,102,19229,549,1,15858,0.0010000000000012221
26551002,7370,3471,124606,14191,-400,124897,112,19231,418,0,15859,0.0010000000000012221
26552000,5472,12123,123827,8599,7133,119901,112,19227,459,0,15860,0.0009979999999991662
26553003,9716,-4051,124297,-4523,-5016,127544,101,19228,414,0,15861,0.0010030000000007533
26554001,4427,-2030,128045,10992,-7593,128008,114,19227,467,0,15862,0.0009979999999991662
26555000,6612,-3458,124964,5498,-5225,128087,141,19225,577,1,15863,0.0009990000000001942
26556003,3566,14885,130446,-1832,15450,120526,115,19225,577,1,15864,0.0010030000000007533
26557004,5866,9287,126045,7346,1658,125866,97,19231,471,1,15865,0.0010009999999986974
26558000,13093,-2500,124263,5148,-4313,128133,97,19229,397,0,15866,0.000996000000000663
26559000,7967,2559,128897,6116,-1948,125389,145,19238,594,0,15867,0.0009999999999976694
26560002,7447,-18281,125914,14881,-19159,138081,106,19230,434,0,15868,0.0010019999999997253
26561001,3041,7908,129365,-8620,4073,125198,110,19225,451,1,15869,0.0009990000000001942
26562002,3636,7512,130302,205,4825,134998,129,19225,451,1,15870,0.00100100000000225
26563002,2123,15104,131188,6781,13881,120718,108,19231,528,1,15871,0.0009999999999976694
26564000,2862,4990,128986,-4730,-601,126998,108,19232,442,1,15872,0.000998000000002719
26565000,11802,-9722,127539,1721,-13821,134411,113,19213,463,0,15873,0.0009999999999976694
26566002,7369,-4216,130615,20566,-4733,125700,112,19224,459,0,15874,0.0010019999999997253
26567001,3508,-11454,126956,-365,-17411,142101,115,19231,471,0,15875,0.0009990000000001942
26568002,3324,13132,134255,-17399,11479,121238,131,19231,471,1,15876,0.00100100000000225
26569001,-6898,7232,132682,2099,4681,132246,114,19222,537,1,15877,0.0009990000000001942
26570002,-5978,7971,130971,-4428,4345,124008,114,19231,467,1,15878,0.0010009999999986974
26571000,-1533,-9284,128017,-16068,-13293,142304,99,19231,405,0,15879,0.0009979999999991662
26572001,1073,-4470,128966,1960,9926,114278,145,19233,594,0,15880,0.00100100000000225
26573001,4285,12854,133355,-601,3023,123099,105,19227,430,0,15881,0.0009999999999976694
26574002,-4771,-7135,131409,-10878,-10487,139401,107,19227,430,0,15882,0.00100100000000225
26575003,-6248,-298,129991,-11486,1871,126331,138,19222,438,1,15883,0.0010009999999986974
26576003,-10493,8322,130256,-11488,11641,126104,110,19225,565,1,15884,0.0010000000000012221
26577000,-5571,19156,130686,-9225,14824,119946,110,19232,451,1,15885,0.0009969999999981383
26578001,-3418,-1516,128086,-19,-15638,137403,105,19221,430,0,15886,0.00100100000000225
26579000,-3934,-15484,124565,-9176,-11228,131094,133,19233,545,0,15887,0.0009989999999966415
26580002,-1740,3731,128229,-8566,7172,118590,104,19233,426,0,15888,0.001002000000003278
26581000,-4529,12000,129543,-3290,8016,129521,120,19229,426,1,15889,0.0009979999999991662
26582002,-4674,8457,126913,-10269,3017,122174,118,19227,491,1,15890,0.0010019999999997253
26583000,-10798,5732,127858,-12589,-3927,131110,118,19235,483,1,15891,0.0009979999999991662
26584002,-2138,12111,126812,-4321,10067,116902,102,19230,418,1,15892,0.0010019999999997253
26585002,3637,416,125416,3219,-5705,126484,133,19231,545,0,15893,0.0010000000000012221
26586000,2335,-9004,125187,-5560,-9537,131420,111,19231,455,0,15894,0.0009979999999991662
26587002,1771,7530,124257,-9620,7612,118082,109,19226,455,0,15895,0.0010019999999997253
26588002,-2137,8848,125989,1589,11681,130198,158,19227,446,1,15896,0.0010000000000012221
26589002,-2131,5088,125905,-2911,3340,120946,158,19228,647,1,15897,0.0009999999999976694
26590002,-735,5391,125032,-1622,-370,129636,112,19231,459,1,15898,0.0010000000000012221
26591001,4748,4745,123858,5667,651,122121,101,19224,414,0,15899,0.0009990000000001942
26592002,8655,1091,124981,9449,-6748,123672,93,19224,381,0,15900,0.0010009999999986974
26593001,7069,-4611,125325,8537,-8329,130673,109,19229,381,0,15901,0.0009990000000001942
26594000,3725,-36,127128,-3088,-1993,125686,118,19227,446,0,15902,0.0009990000000001942
26595000,3136,3503,127851,6649,2231,124704,118,19225,483,1,15903,0.0010000000000012221
26596000,1902,17140,129660,4583,13304,122489,109,19229,446,1,15904,0.0010000000000012221
26597000,8728,-812,122076,2655,-1144,128860,97,19229,397,1,15905,0.0009999999999976694
26598001,10567,-2848,126654,8764,-3227,124198,126,19227,516,0,15906,0.00100100000000225
26599000,11984,-7877,124288,6526,-13746,131882,96,19227,516,0,15907,0.0009990000000001942
26600000,6526,-9841,126818,10725,-11916,128328,100,19228,393,0,15908,0.0009999999999976694
26601000,2611,10071,134170,-3234,1736,127481,100,19229,410,1,15909,0.0010000000000012221
26602000,-1965,2031,128224,-5365,-464,129502,138,19228,565,1,15910,0.0010000000000012221
26603003,44,11274,132643,10712,8397,124243,112,19230,459,1,15911,0.0010029999999972006
26604000,5779,1618,128151,-5946,-5286,129847,101,19227,414,1,15912,0.000997000000001691
26605003,9132,-7456,126119,4211,-9970,124906,142,19227,414,0,15913,0.0010030000000007533
26606000,12302,-1165,132203,19580,-5276,132061,103,19232,582,0,15914,0.0009969999999981383
26607000,-1067,-11912,126168,-3109,-12584,131794,103,19229,422,0,15915,0.0010000000000012221
26608000,843,12113,133059,-19939,10693,119042,108,19224,442,1,15916,0.0010000000000012221
26609000,-7245,1329,131359,7575,-2091,135593,121,19228,496,1,15917,0.0009999999999976694
26610000,-5384,926,129974,360,-1671,127470,104,19232,426,1,15918,0.0010000000000012221
26611000,-1021,-4319,128319,-23014,-9467,130177,119,19232,426,0,15919,0.0009999999999976694
26612001,963,-3160,129678,413,-5752,129984,96,19223,487,0,15920,0.00100100000000225
26613000,1537,10205,131536,8788,8344,122916,96,19229,393,0,15921,0.0009990000000001942
26614000,-9497,2498,131289,-22648,-1403,132167,106,19228,434,0,15922,0.0009999999999976694
26615000,-6554,1563,130354,-13416,-2169,133168,143,19228,586,1,15923,0.0010000000000012221
26616000,-9642,5506,129932,-3481,3131,127701,119,19231,487,1,15924,0.0010000000000012221
26617001,-2476,12819,130506,-12298,10808,119604,102,19231,487,1,15925,0.0010009999999986974
26618001,-4715,4991,128746,-9477,2400,128569,165,19230,418,0,15926,0.0010000000000012221
26619000,-1789,-10497,125559,-7463,-8544,135565,165,19232,676,0,15927,0.0009990000000001942
26620000,-1201,9774,126478,-1239,4294,121681,103,19229,422,0,15928,0.0009999999999976694
26621000,-5579,7526,128582,-10858,2929,129639,108,19224,442,1,15929,0.0010000000000012221
26622000,-6976,5467,128092,-9655,3455,122126,128,19227,524,1,15930,0.0010000000000012221
26623000,-5761,2986,126937,-11384,-3089,133624,112,19227,524,1,15931,0.0009999999999976694
26624001,-197,8927,126349,6769,1921,117037,117,19229,459,0,15932,0.00100100000000225
26625001,-2956,15997,124625,-6590,-3,116162,117,19226,479,0,15933,0.0009999999999976694
26626000,3515,-2883,124598,-7743,-4684,134213,93,19229,381,0,15934,0.0009990000000001942
26627000,3416,3995,127162,2068,2266,122538,109,19231,446,0,15935,0.0010000000000012221
26628000,1020,6073,124975,19,5641,127267,133,19226,545,1,15936,0.0010000000000012221
26629000,-3069,9360,126284,-6886,8948,118968,115,19226,471,1,15937,0.0009999999999976694
26630000,3928,4055,125619,-2523,1106,125951,98,19232,471,1,15938,0.0010000000000012221
26631002,11045,4415,125903,12822,-1282,125444,129,19230,401,0,15939,0.0010019999999997253
26632000,5706,6688,123393,5243,-4053,122601,129,19230,528,0,15940,0.0009979999999991662
26633000,7404,-5339,125865,3534,-12261,130785,110,19226,451,0,15941,0.0010000000000012221
26634000,4125,112,127444,8290,-3848,121584,113,19223,463,1,15942,0.0010000000000012221
26635000,4433,5571,127487,-2883,3239,130451,134,19223,549,1,15943,0.0009999999999976694
26636000,3457,10498,130013,2791,11098,119130,108,19228,549,1,15944,0.0010000000000012221
26637000,8763,10786,125860,7846,-160,123966,106,19234,442,1,15945,0.0010000000000012221
26638002,9980,-4271,125390,4185,-8898,129594,106,19220,434,0,15946,0.0010019999999997253
26639000,9538,-5603,127861,9903,-9665,129904,101,19231,414,0,15947,0.0009979999999991662
26640000,8008,-12588,125841,7531,-12066,129849,104,19228,426,0,15948,0.0010000000000012221
26641000,2742,12303,131392,-5748,11930,122758,120,19225,491,1,15949,0.0009999999999976694
26642000,1112,7140,131149,475,-6605,134157,113,19225,491,1,15950,0.0010000000000012221
26643002,3307,5492,129272,6154,944,116173,99,19231,463,1,15951,0.0010019999999997253
26644001,2622,4810,131008,-7587,-5915,130769,99,19229,405,0,15952,0.0009990000000001942
26645000,12207,-19798,125298,7555,-24372,135014,141,19227,577,0,15953,0.0009990000000001942
26646000,4336,2298,130551,25436,-559,121655,102,19230,418,0,15954,0.0009999999999976694
26647000,614,-7003,128877,-26396,-9327,137684,105,19231,430,0,15955,0.0010000000000012221
26648000,-63,15661,133515,-16505,15582,114663,146,19231,430,1,15956,0.0010000000000012221
26649000,-1338,8269,131932,18761,1238,135181,108,19234,598,1,15957,0.0009999999999976694
26650000,-4154,-7846,128748,-5982,-10353,133648,108,19230,442,1,15958,0.0010000000000012221
26651000,-1705,-7902,129386,-27180,-13891,128407,101,19225,414,0,15959,0.0010000000000012221
26652002,-774,2885,131137,5993,1060,128248,121,19231,496,0,15960,0.0010019999999997253
26653000,1173,7930,129787,3772,3836,124017,110,19229,451,0,15961,0.0009979999999991662
26654000,-9877,2137,132676,-20553,2712,133588,123,19229,451,1,15962,0.0010000000000012221
26655003,-8530,38,127488,-18832,-6165,130624,112,19221,504,1,15963,0.0010029999999972006
26656001,-5981,3285,128938,-5112,929,128152,112,19228,459,1,15964,0.000998000000002719
26657000,-3511,16264,133793,-4399,13899,125712,104,19229,426,1,15965,0.0009990000000001942
26658000,-1759,-5186,124397,-9941,-10400,128150,129,19221,528,0,15966,0.0009999999999976694
26659001,-5220,-2720,127991,-4055,-5303,130488,99,19229,405,0,15967,0.00100100000000225
26660000,-1448,-3575,125922,-10825,-5469,129966,103,19229,405,0,15968,0.0009990000000001942
26661000,-2665,13289,127653,-5146,9093,123398,144,19230,422,1,15969,0.0009999999999976694
26662000,-8209,12056,129998,-3487,7147,131184,144,19229,590,1,15970,0.0010000000000012221
26663000,-5869,-382,124575,-15575,-3488,122174,120,19231,491,1,15971,0.0010000000000012221
26664000,-1828,9919,129608,-6312,7807,126594,105,19228,430,0,15972,0.0009999999999976694
26665000,1152,-1690,124268,4107,-4776,126993,122,19228,500,0,15973,0.0010000000000012221
26666000,-1026,2242,122628,-554,2590,121764,115,19228,500,0,15974,0.0010000000000012221
26667000,-1047,7126,129215,-13700,590,124513,118,19231,471,0,15975,0.0009999999999976694
26668003,195,4640,124111,-1293,7357,121344,118,19220,483,1,15976,0.0010030000000007533
26669000,-592,17922,128711,1927,13221,124536,140,19228,573,1,15977,0.000997000000001691
26670001,6781,5392,122992,-3954,17,122638,105,19242,430,1,15978,0.0010009999999986974
26671000,7447,2162,122415,7576,736,126196,113,19228,463,0,15979,0.0009990000000001942
26672000,13232,-2967,122039,-1602,-5565,124818,98,19228,401,0,15980,0.0009999999999976694
26673000,8091,-631,125364,19378,-1712,123637,111,19231,401,0,15981,0.0010000000000012221
26674000,5090,1540,126886,-2612,-3007,128984,140,19227,455,1,15982,0.0010000000000012221
26675000,738,2749,128596,-7795,7342,123031,140,19228,573,1,15983,0.0009999999999976694
26676000,3416,13136,128736,16364,2922,128744,113,19229,463,1,15984,0.0010000000000012221
26677000,7744,-280,124846,7035,-10826,126132,95,19228,389,1,15985,0.0010000000000012221
26678002,7552,18707,129041,-4457,7835,115727,149,19228,610,0,15986,0.0010019999999997253
26679000,11690,-14300,126785,18846,-19608,138172,114,19232,610,0,15987,0.0009979999999991662
26680002,5441,-8090,129537,6631,-2385,125248,113,19231,467,0,15988,0.0010019999999997253
26681002,2596,8150,131358,-13703,3438,126385,113,19225,463,1,15989,0.0010000000000012221
26682000,778,14489,130282,3637,14044,121753,122,19230,500,1,15990,0.0009979999999991662
26683003,557,9289,129615,9534,-3656,131141,107,19232,438,1,15991,0.0010030000000007533
26684000,7508,-13887,126288,-8574,-16091,132549,111,19220,455,0,15992,0.0009969999999981383
26685000,8756,-2328,130869,12151,-3274,122874,87,19220,455,0,15993,0.0010000000000012221
26686000,6858,-6944,128009,17448,-14222,136032,101,19234,356,0,15994,0.0010000000000012221
26687000,3810,7289,131976,-26784,7316,123546,101,19228,414,0,15995,0.0009999999999976694
26688000,-2253,6399,132349,-2059,-33,135404,130,19221,532,1,15996,0.0010000000000012221
26689000,-8165,764,130599,9915,-364,127192,113,19229,463,1,15997,0.0010000000000012221
26690001,-5617,5481,129240,-29569,1215,124716,95,19230,389,1,15998,0.0010009999999986974
26691000,146,-9272,128111,-888,-15004,136821,145,19230,389,0,15999,0.0009990000000001942
26692000,5696,-82,128312,9630,-2338,124575,106,19234,594,0,16000,0.0010000000000012221
26693000,-4713,-165,130438,-13490,-4177,131855,106,19228,434,0,16001,0.0009999999999976694
26694000,-6193,1665,131341,-17150,298,124507,111,19224,455,1,16002,0.0010000000000012221
26695000,-9524,6007,132118,-8878,2078,135053,134,19228,549,1,16003,0.0010000000000012221
26696001,-12134,5588,129104,-8358,3236,131014,110,19231,451,1,16004,0.0010009999999986974
26697000,-3625,13085,129835,-10775,7698,118881,106,19231,451,1,16005,0.0009990000000001942
26698000,-5645,-4528,125422,-7699,-7616,131737,123,19222,434,0,16006,0.0010000000000012221
26699000,1273,602,127632,-6350,-1730,123903,123,19233,504,0,16007,0.0009999999999976694
26700000,-1570,-282,126674,-1488,-3907,131848,104,19233,426,0,16008,0.0010000000000012221
26701000,-4446,3098,128017,-9083,1790,123812,122,19223,500,1,16009,0.0010000000000012221
26702000,-8339,18781,129381,-14046,12634,119273,115,19228,471,1,16010,0.0009999999999976694
26703000,-5196,-767,125450,-5973,-4777,132118,100,19228,471,1,16011,0.0010000000000012221
26704000,1985,1294,126004,550,-897,125672,140,19229,410,0,16012,0.0009999999999976694
26705002,-4180,-3174,124850,-5618,-5809,124726,140,19228,573,0,16013,0.001002000000003278
26706002,4060,6448,125960,-1358,2839,118958,105,19231,430,0,16014,0.0009999999999976694
26707000,-1328,5815,127269,-884,3914,128720,109,19227,446,0,16015,0.0009979999999991662
26708000,-3226,11357,125893,-1817,8473,122911,161,19225,659,1,16016,0.0010000000000012221
26709000,-2015,10868,124900,-6427,7854,126317,111,19225,659,1,16017,0.0010000000000012221
26710000,4963,3603,124445,2252,117,124035,99,19233,455,1,16018,0.0009999999999976694
26711000,11856,5414,124524,8995,1496,122860,99,19224,405,0,16019,0.0010000000000012221
26712000,9124,-1235,122249,5737,-6155,124848,99,19235,405,0,16020,0.0010000000000012221
26713000,7944,-2344,125784,2517,-8799,135390,117,19228,479,0,16021,0.0009999999999976694
26714000,6558,-2515,123620,15239,8033,121767,125,19223,512,1,16022,0.0010000000000012221
26715000,2776,9516,128792,-545,14053,123992,115,19223,471,1,16023,0.0010000000000012221
26716000,6028,9728,127541,-1858,397,125726,102,19225,471,1,16024,0.0009999999999976694
26717000,9123,1846,123325,10440,-4326,122996,126,19229,418,0,16025,0.0010000000000012221
26718000,9325,838,127902,5646,-6167,128144,126,19226,516,0,16026,0.0010000000000012221
26719000,8840,-6347,127624,12615,-9934,128480,96,19232,393,0,16027,0.0009999999999976694
26720000,3803,-6945,130503,-739,-9031,136103,102,19227,418,0,16028,0.0010000000000012221
26721000,2639,6880,131603,-6682,4603,125668,143,19227,586,1,16029,0.0010000000000012221
26722000,655,12242,128655,5461,13529,122168,112,19228,586,1,16030,0.0009999999999976694
26723002,3047,7211,128781,32,2713,130361,101,19229,459,1,16031,0.0010019999999997253
26724000,9892,-14512,124638,1130,-16398,127192,101,19226,414,0,16032,0.000998000000002719
26725000,7680,-2462,131534,20099,-4177,130812,125,19233,512,0,16033,0.0009999999999976694
26726000,5307,-355,125763,-7340,-11757,130525,106,19226,434,0,16034,0.0010000000000012221
26727000,100,4305,135072,-14367,6012,128073,113,19226,463,1,16035,0.0010000000000012221
26728003,-2971,1431,132497,4597,-9206,135802,124,19221,463,1,16036,0.0010029999999972006
26729003,-6870,-328,128484,-6316,1002,125163,102,19228,508,1,16037,0.0010000000000012221
26730000,-3024,9415,133502,-20640,2377,126320,102,19230,418,1,16038,0.000997000000001691
26731000,2253,-6170,126638,5792,-11495,130801,118,19224,483,0,16039,0.0009999999999976694
26732000,3257,5214,129512,976,139,125226,97,19228,397,0,16040,0.0010000000000012221
26733000,-5505,-498,131616,-17344,-7182,128773,110,19226,451,0,16041,0.0010000000000012221
26734000,-7452,1827,131261,-10549,1527,127481,145,19226,451,1,16042,0.0009999999999976694
26735000,-8514,6482,132752,-9900,7265,131569,118,19226,594,1,16043,0.0010000000000012221
26736000,-10555,6739,129118,-11587,209,124066,118,19232,483,1,16044,0.0009999999999976694
26737000,-1925,1346,129309,-9882,-1353,125341,102,19228,418,0,16045,0.0010000000000012221
26738000,-5235,-722,127504,-8211,-7428,128405,163,19230,668,0,16046,0.0010000000000012221
26739000,-274,-110,128589,-2123,-3157,131116,113,19228,463,0,16047,0.0009999999999976694
26740000,-2914,505,126489,-10804,-5008,124594,116,19228,463,0,16048,0.0010000000000012221
26741000,-6180,12587,129832,-11626,11127,123774,129,19224,475,1,16049,0.0010000000000012221
26742000,-6135,11256,127178,-7808,5970,128198,129,19229,528,1,16050,0.0009999999999976694
26743000,-4904,2504,123600,-7203,532,123578,112,19231,459,1,16051,0.0010000000000012221
26744000,2021,7560,126689,-9507,5163,126041,119,19226,487,0,16052,0.0010000000000012221
26745000,1575,252,124113,6492,-3427,123036,93,19228,381,0,16053,0.0009999999999976694
26746000,4746,-3596,125048,1496,-8255,128740,108,19228,381,0,16054,0.0010000000000012221
26747000,-2010,-2743,125643,-8844,-4957,127552,130,19227,442,1,16055,0.0010000000000012221
26748000,-3455,12581,127287,-3003,12486,123488,130,19223,532,1,16056,0.0009999999999976694
26749000,-788,6507,125446,-2268,558,121992,113,19233,463,1,16057,0.0010000000000012221
26750000,4114,6190,123906,-1073,2294,123344,97,19232,397,0,16058,0.0010000000000012221
26751000,8277,9266,125851,7718,4895,129198,128,19233,524,0,16059,0.0009999999999976694
26752001,8677,-28,123501,10592,-2971,118658,110,19233,524,0,16060,0.00100100000000225
26753000,8478,-931,128665,5736,-4282,131837,115,19227,451,0,16061,0.0009990000000001942
26754000,2468,-2872,124747,-2454,-5764,126893,115,19224,471,1,16062,0.0009999999999976694
26755000,4837,15705,130373,2824,13749,128444,129,19228,528,1,16063,0.0010000000000012221
26756001,5341,5254,126256,10324,1588,125359,108,19234,442,1,16064,0.0010009999999986974
26757002,11406,-2412,122425,2016,-5671,123447,106,19222,434,0,16065,0.00100100000000225
26758000,9331,2309,129218,2892,474,129249,101,19222,414,0,16066,0.0009979999999991662
26759000,9803,-5482,125546,14246,-8462,129675,102,19230,414,0,16067,0.0010000000000012221
26760001,7355,-2162,129816,5943,5243,126691,119,19228,418,0,16068,0.0010009999999986974
26761000,-2113,8800,132201,-8461,9457,125858,119,19222,487,1,16069,0.0009990000000001942
26762000,2341,513,128037,-2220,1351,130091,114,19231,467,1,16070,0.0010000000000012221
26763000,1703,5872,129015,11806,3432,123578,103,19228,422,1,16071,0.0009999999999976694
26764000,7110,-2963,128408,-4992,-17267,132353,143,19228,586,0,16072,0.0010000000000012221
26765000,13435,-10007,128972,18767,-3463,129239,102,19228,586,0,16073,0.0009999999999976694
26766000,3044,-860,131316,5246,-7511,133554,105,19227,418,0,16074,0.0010000000000012221
26767000,-41,-1592,129420,-26028,1657,126100,105,19227,430,1,16075,0.0010000000000012221
26768000,-7971,20946,135960,-1338,5730,123333,145,19229,594,1,16076,0.0009999999999976694
26769000,-5362,-2791,130002,9771,-6397,136863,113,19233,463,1,16077,0.0010000000000012221
26770000,-4289,2174,129671,-20554,-4765,123152,106,19233,434,1,16078,0.0010000000000012221
26771000,-1320,-6770,128685,-15248,-18000,135709,115,19232,434,0,16079,0.0009999999999976694
26772000,5353,12594,130150,17874,9843,117264,115,19228,471,0,16080,0.0010000000000012221
26773000,-5654,-7,130345,-16492,-1029,132184,115,19229,471,0,16081,0.0010000000000012221
26774000,-6303,-1376,133370,-22439,2664,132123,125,19219,512,1,16082,0.0009999999999976694
26775000,-8482,6918,128674,-3393,3260,127002,116,19230,475,1,16083,0.0010000000000012221
26776000,-5586,9108,129374,-5577,11062,124709,104,19230,426,1,16084,0.0010000000000012221
26777002,-854,8286,128810,-15258,3476,125480,131,19231,426,0,16085,0.0010019999999997253
26778000,-2873,-14532,123747,-9298,-15153,133839,108,19217,537,0,16086,0.0009979999999991662
26779000,-1217,7664,129525,1345,9272,122826,108,19229,442,0,16087,0.0010000000000012221
26780003,-2918,8584,127262,-9808,3353,126020,107,19225,438,1,16088,0.0010029999999972006
26781002,-7949,10538,128349,-8487,8392,124535,148,19232,606,1,16089,0.0009990000000001942
26782000,-6000,-1167,127431,-12899,-6487,134677,119,19231,487,1,16090,0.000998000000002719
26783000,-1321,1384,127515,-567,-1160,126267,105,19231,487,1,16091,0.0009999999999976694
26784000,632,20252,126850,2366,12979,113850,112,19220,430,0,16092,0.0010000000000012221
26785000,2424,-5845,124202,-9472,-11998,128112,112,19232,459,0,16093,0.0010000000000012221
26786000,812,-2526,125171,-885,-1455,130444,107,19229,438,0,16094,0.0009999999999976694
26787000,-635,7979,125628,-4114,6969,121787,113,19220,463,1,16095,0.0010000000000012221
26788000,-6619,19760,127180,-2460,14737,116574,121,19230,496,1,16096,0.0010000000000012221
26789000,1109,5591,125448,-5206,-242,127501,101,19230,496,1,16097,0.0009999999999976694
26790000,8087,-384,124191,3839,-5013,127014,118,19229,414,0,16098,0.0010000000000012221
26791000,7226,1752,124274,12979,-578,120799,118,19221,483,0,16099,0.0010000000000012221
26792000,7606,-1634,125117,1883,-6097,123838,101,19229,414,0,16100,0.0009999999999976694
26793000,4079,-2288,126110,524,-6432,129261,109,19227,446,0,16101,0.0010000000000012221
26794000,5476,-782,127620,6444,-3431,131308,139,19230,569,1,16102,0.0010000000000012221
26795000,2208,10852,129602,5550,10054,125293,116,19230,569,1,16103,0.0009999999999976694
26796000,6121,15617,124894,-772,10933,118865,98,19229,475,1,16104,0.0010000000000012221
26797000,11633,-5508,124004,6998,-9133,127934,98,19228,401,0,16105,0.0009999999999976694
26798000,12707,-2154,126061,10425,-6186,129484,146,19231,598,0,16106,0.0010000000000012221
26799000,7549,-6286,126394,11980,-9471,127337,105,19233,430,0,16107,0.0010000000000012221
26800000,2054,6093,131283,-6077,2217,126515,106,19226,434,1,16108,0.0009999999999976694
26801000,2992,3267,130883,-2880,-1609,133066,117,19226,434,1,16109,0.0010000000000012221
26802000,-2493,7943,131791,8058,6551,124786,107,19233,479,1,16110,0.0010000000000012221
26803000,3431,8146,129866,-5949,5062,127280,107,19232,438,1,16111,0.0009999999999976694
26804000,9470,-7754,127544,2729,-11976,125973,116,19218,475,0,16112,0.0010000000000012221
26805002,11582,-3495,130012,21441,-6033,135724,90,19232,369,0,16113,0.0010019999999997253
26806000,3285,-4420,129578,-310,-7898,122961,104,19231,426,0,16114,0.0009979999999991662
26807001,1656,12948,134323,-19475,12577,123503,129,19231,528,1,16115,0.00100100000000225
26808000,-5998,3381,133088,8266,-6177,134535,113,19222,528,1,16116,0.0009990000000001942
26809000,-8876,-8456,128277,257,-15330,133467,97,19231,463,1,16117,0.0009999999999976694
26810000,509,-6158,131135,-26147,-5436,132559,97,19227,397,0,16118,0.0010000000000012221
26811001,-426,4801,130456,7906,3284,119485,148,19232,606,0,16119,0.0010009999999986974
26812000,2840,8898,130100,-1351,1586,127879,106,19227,434,0,16120,0.0009990000000001942
26813000,-6415,326,129546,-19885,-9586,133034,111,19227,455,0,16121,0.0010000000000012221
26814000,-6692,1685,129040,-14568,-822,130925,134,19223,455,1,16122,0.0010000000000012221
26815003,-8603,7122,130889,-2776,8831,126597,111,19228,549,1,16123,0.0010029999999972006
26816000,-4410,16661,131896,-15492,12355,121389,111,19232,455,1,16124,0.000997000000001691
26817000,-2208,-2601,125449,-8886,-8449,131278,109,19219,446,0,16125,0.0010000000000012221
26818000,-3951,-8552,125932,4070,-15292,130806,122,19232,500,0,16126,0.0009999999999976694
26819000,369,4756,127261,-13781,7194,126244,103,19232,422,0,16127,0.0010000000000012221
26820000,-4017,13934,127323,-10516,13595,116923,123,19226,422,1,16128,0.0010000000000012221
26821000,-4305,10352,131041,-7355,-483,131373,118,19222,504,1,16129,0.0009999999999976694
26822000,-6848,-4555,126444,-7842,-10845,132062,118,19231,483,1,16130,0.0010000000000012221
26823000,-4272,4547,127386,-3290,657,121914,103,19228,422,0,16131,0.0010000000000012221
26824000,-665,7262,125443,-4033,7977,121176,138,19234,565,0,16132,0.0009999999999976694
26825000,3394,8822,123339,-2538,5497,120046,102,19229,418,0,16133,0.0010000000000012221
26826001,3509,-2395,125185,-2563,-6041,132791,111,19229,418,0,16134,0.0010009999999986974
26827000,-1624,914,125037,368,1883,123680,153,19226,455,1,16135,0.0009990000000001942
26828000,-2789,13516,127982,-5507,13244,122651,153,19227,627,1,16136,0.0010000000000012221
26829000,2968,8958,126679,-77,3909,124010,109,19231,446,1,16137,0.0009999999999976694
26830000,7232,3051,123109,8237,-2722,123179,97,19224,397,0,16138,0.0010000000000012221
26831000,7506,-5448,125356,1518,-8700,128388,88,19229,360,0,16139,0.0010000000000012221
26832002,6697,-2424,125020,12081,-9958,117554,112,19229,360,0,16140,0.0010019999999997253
26833001,2055,1348,127371,3956,-2873,134686,125,19227,459,1,16141,0.0009990000000001942
26834002,3146,5981,126542,-9091,3082,122333,125,19223,512,1,16142,0.0010009999999986974
26835002,3701,11626,129958,12558,6152,125795,113,19228,463,1,16143,0.0010000000000012221
26836007,8459,902,125463,4899,-503,125266,99,19233,405,1,16144,0.0010049999999992565
26837000,10300,2369,125934,2271,-3032,121684,123,19226,504,0,16145,0.0009930000000011319
26838000,11453,-7509,125780,13017,-12667,138234,100,19226,504,0,16146,0.0009999999999976694
26839000,8158,-6983,126831,8940,-8763,126873,106,19230,410,0,16147,0.0010000000000012221
26840000,3877,4704,131228,-2737,989,125201,106,19225,434,1,16148,0.0010000000000012221
26841000,25,702,129357,2176,-3891,124973,142,19227,582,1,16149,0.0009999999999976694
26842000,380,8776,128721,3170,6599,127840,113,19230,463,1,16150,0.0010000000000012221
26843000,3541,-825,127418,-3009,-5423,128223,102,19224,418,1,16151,0.0010000000000012221
26844000,10431,-6144,126952,1533,-9389,123635,135,19224,418,0,16152,0.0009999999999976694
26845000,5720,-1929,132485,18091,-6231,134498,108,19235,553,0,16153,0.0010000000000012221
26846000,1557,-16571,127452,-5908,-20512,132025,108,19225,442,0,16154,0.0010000000000012221
26847000,3163,10236,135747,-14716,7647,128712,118,19218,483,1,16155,0.0009999999999976694
26848000,-7284,4769,130582,6889,1981,130106,120,19227,491,1,16156,0.0010000000000012221
26849000,-5593,8509,129715,-4811,5624,121696,101,19230,414,1,16157,0.0010000000000012221
26850000,-575,-6843,130163,-23286,-10600,137818,118,19230,483,0,16158,0.0009999999999976694
26851000,-1321,-6137,127479,7269,-9879,124631,96,19222,483,0,16159,0.0010000000000012221
26852000,-171,6110,131881,-769,4748,127047,111,19225,393,0,16160,0.0010000000000012221
26853000,-8926,6321,133067,-20514,3586,128433,111,19228,455,1,16161,0.0009999999999976694
26854000,-5231,1678,129926,-8243,2050,135811,148,19228,606,1,16162,0.0010000000000012221
26855000,-10912,3095,128666,-9034,9465,122096,118,19228,483,1,16163,0.0010000000000012221
26856000,-1493,13923,130133,-16901,8698,121603,98,19228,401,1,16164,0.0009999999999976694
26857000,-3887,-741,127204,-3169,-13035,133214,161,19225,401,0,16165,0.0010000000000012221
26858002,-2204,-4941,125527,-7292,-11076,127939,103,19229,659,0,16166,0.0010019999999997253
26859000,460,2142,128055,-7461,3003,122250,103,19231,422,0,16167,0.0009979999999991662
26860000,-6042,12564,128358,-10858,10644,123544,111,19224,455,1,16168,0.0010000000000012221
26861000,-3944,7391,126844,-6081,1202,127554,125,19227,512,1,16169,0.0009999999999976694
26862000,-9002,10610,127139,-12749,7127,121814,111,19227,455,1,16170,0.0010000000000012221
26863000,509,6419,126170,-1800,2581,125761,115,19229,455,0,16171,0.0010000000000012221
26864000,-1477,2243,125296,-272,-3629,124205,102,19224,471,0,16172,0.0009999999999976694
26865003,4400,-7078,124195,-11681,-19240,133924,102,19230,418,0,16173,0.0010030000000007533
26866000,1783,12798,127038,8765,12780,115730,113,19226,463,0,16174,0.000997000000001691
26867000,-4946,16963,126755,-9256,8658,121694,137,19223,561,1,16175,0.0009999999999976694
26868000,1415,5356,127668,-2326,4832,130459,118,19230,483,1,16176,0.0010000000000012221
26869000,-476,11248,125700,6472,6031,119855,101,19230,483,1,16177,0.0010000000000012221
26870000,10535,5766,122821,741,6130,122967,123,19229,414,0,16178,0.0009999999999976694
26871000,8529,2030,124261,10918,-7362,123150,123,19233,504,0,16179,0.0010000000000012221
26872000,9619,-14693,123594,6840,-16802,134818,111,19228,455,0,16180,0.0010000000000012221
26873000,5707,3809,128982,3735,3418,122863,113,19224,463,1,16181,0.0009999999999976694
26874000,626,7751,128835,116,5942,124996,133,19228,545,1,16182,0.0010000000000012221
26875000,3720,9694,126687,5684,3086,124932,111,19228,545,1,16183,0.0010000000000012221
26876000,5275,6654,126042,442,-4522,123677,107,19230,455,1,16184,0.0009999999999976694
26877001,13049,5518,128119,5923,-2964,126493,107,19218,438,0,16185,0.00100100000000225
26878000,11051,4229,126458,17430,-2283,122424,98,19229,401,0,16186,0.0009990000000001942
26879000,5218,-7733,128774,-1749,-11702,131955,104,19232,426,0,16187,0.0009999999999976694
26880000,7004,4334,131303,-3433,3034,132327,122,19224,500,1,16188,0.0010000000000012221
26881000,-2687,8700,129848,10158,3853,127998,114,19224,500,1,16189,0.0010000000000012221
26882000,596,17611,130392,-3668,15803,115318,100,19228,467,1,16190,0.0009999999999976694
26883000,7633,-5571,127854,-7020,-13546,136546,100,19229,410,0,16191,0.0010000000000012221
26884000,10530,-16081,127280,18074,-17334,130299,138,19228,565,0,16192,0.0010000000000012221
26885000,7394,8822,130862,6368,902,126046,102,19228,418,0,16193,0.0009999999999976694
26886000,3,-136,131688,-14546,-1871,126061,105,19225,430,0,16194,0.0010000000000012221
26887000,1881,8890,135444,-5901,5043,127831,156,19225,430,1,16195,0.0010000000000012221
26888000,-9277,-6043,131254,2874,-8844,139557,112,19228,639,1,16196,0.0009999999999976694
26889000,-5087,-2440,130293,-12474,-5078,125470,112,19229,459,1,16197,0.0010000000000012221
26890000,-969,7755,129545,-13867,2256,122689,100,19226,410,0,16198,0.0009999999999976694
26891002,3087,-8690,125365,6513,-13206,131455,117,19232,479,0,16199,0.001002000000003278
26892000,-2418,972,130861,-934,-919,124576,109,19231,446,0,16200,0.0009979999999991662
26893000,-8272,2388,130774,-22397,-1675,128648,123,19231,446,1,16201,0.0009999999999976694
26894000,-8287,11259,133182,-9603,8676,130244,113,19220,504,1,16202,0.0010000000000012221
26895000,-10922,-1437,128887,-7068,-5890,135141,113,19234,463,1,16203,0.0010000000000012221
26896000,-872,8409,129668,-10763,6105,126312,102,19231,418,1,16204,0.0009999999999976694
26897000,-4691,7848,125616,-7717,4776,129601,128,19220,524,0,16205,0.0010000000000012221
26898000,431,-7219,125988,-2942,-11004,126927,97,19228,397,0,16206,0.0010000000000012221
26899000,-421,3362,128023,-2190,156,126930,105,19228,430,0,16207,0.0009999999999976694
26900000,-5719,1387,128342,-15140,-2206,127041,146,19226,430,1,16208,0.0010000000000012221
26901000,-6985,11288,128939,-9144,16237,116313,113,19230,598,1,16209,0.0010000000000012221
26902000,-7188,5973,127416,-5246,-3785,133489,113,19231,463,1,16210,0.0009999999999976694
26903000,-20,-1418,123740,-5777,6285,123899,102,19224,418,0,16211,0.0010000000000012221
26904000,-1368,-436,124055,629,-3229,126256,111,19231,455,0,16212,0.0010000000000012221
26905000,2485,2606,124932,-3400,6285,122715,110,19231,451,0,16213,0.0009999999999976694
26906003,-1072,8246,125340,-3687,2495,125913,115,19228,451,0,16214,0.0010030000000007533
26907002,-1072,-577,126364,-4619,120,129580,132,19217,471,1,16215,0.0009990000000001942
26908000,-1912,8764,126907,584,5656,123318,132,19230,541,1,16216,0.0009979999999991662
26909000,4443,9966,123895,-2272,10213,120047,100,19229,410,1,16217,0.0010000000000012221
26910000,10248,11640,125244,8724,3780,120502,116,19229,475,0,16218,0.0010000000000012221
26911000,10679,-6912,121907,7067,-13598,129655,101,19226,414,0,16219,0.0009999999999976694
26912000,6958,-6680,123970,2138,-5097,129363,113,19226,414,0,16220,0.0010000000000012221
26913000,1434,3662,126395,2136,9884,123009,141,19227,463,1,16221,0.0010000000000012221
26914000,6401,11949,127803,-1365,9002,120606,141,19226,577,1,16222,0.0009999999999976694
26915000,4680,9411,128473,6608,2547,129831,113,19230,463,1,16223,0.0010000000000012221
26916000,10087,-2353,125207,4235,-5184,126500,99,19226,405,1,16224,0.0010000000000012221
26917001,10919,2591,127724,8509,-137,121219,141,19229,577,0,16225,0.0010009999999986974
26918005,8545,-7214,126321,9944,-15409,134293,103,19229,577,0,16226,0.0010039999999982285
26919000,7014,-7600,128597,-412,-7495,128164,109,19229,422,0,16227,0.0009950000000031878
26920000,1981,6227,131369,-270,6504,127964,109,19223,446,1,16228,0.0009999999999976694
26921000,1395,17574,131372,3240,13385,127223,113,19232,463,1,16229,0.0010000000000012221
26922000,135,8078,128290,-1870,3418,124749,108,19231,442,1,16230,0.0009999999999976694
26923000,8591,-6535,129536,2898,-12320,133865,117,19215,479,0,16231,0.0010000000000012221
26924000,9896,-14170,125740,8732,-18895,130915,89,19215,479,0,16232,0.0010000000000012221
26925003,3920,4051,133153,14176,5386,126923,104,19232,365,0,16233,0.0010030000000007533
26926000,1720,-1242,127961,-16840,-4565,131804,104,19229,426,0,16234,0.0009969999999981383
26927002,-3461,6832,131600,-16761,7798,124108,127,19220,520,1,16235,0.0010019999999997253
26928001,-2225,14204,134476,3334,6151,130575,113,19233,463,1,16236,0.0009990000000001942
26929000,-2828,-8679,127802,-456,-16822,131347,97,19231,397,1,16237,0.0009990000000001942
26930000,-2372,-9288,130499,-14147,-14452,129839,150,19231,397,0,16238,0.0010000000000012221
26931000,2923,-3705,129998,-2364,-8676,128176,108,19232,614,0,16239,0.0009999999999976694
26932000,-2657,6800,130633,5764,3843,124469,108,19228,442,0,16240,0.0010000000000012221
26933000,-8547,11601,133077,-19773,6760,127376,112,19228,459,1,16241,0.0010000000000012221
26934000,-14634,2283,129870,-21657,-150,128410,135,19232,553,1,16242,0.0009999999999976694
26935002,-7828,5443,130257,-2112,1957,128197,111,19231,455,1,16243,0.0010019999999997253
26936000,-3433,1885,129635,-4607,-1219,125629,110,19231,455,1,16244,0.000998000000002719
26937000,-1416,-9029,127186,-11425,-13788,129086,131,19220,451,0,16245,0.0009999999999976694
26938000,-2564,-2868,125876,-7968,-5842,128990,131,19229,537,0,16246,0.0010000000000012221
26939000,-3054,4002,127266,-7018,429,128889,103,19231,422,0,16247,0.0010000000000012221
26940000,-5733,17537,128138,-6630,14096,118767,126,19220,516,1,16248,0.0009999999999976694
26941000,-8539,7397,126655,-12269,2735,130949,116,19229,475,1,16249,0.0010000000000012221
26942000,-1338,8134,128742,-10581,5067,124303,104,19229,426,1,16250,0.0010000000000012221
26943002,1964,6740,125245,3767,2986,129670,140,19231,426,0,16251,0.0010019999999997253
26944000,1958,-9020,123274,301,-11864,126123,110,19233,573,0,16252,0.0009979999999991662
26945000,-1227,290,123892,-4570,-4234,123607,110,19225,451,0,16253,0.0010000000000012221
26946000,-412,7342,126189,-7150,4533,125902,113,19225,463,1,16254,0.0009999999999976694
26947000,-2990,17688,126860,-1902,13772,114492,160,19228,655,1,16255,0.0010000000000012221
26948000,1170,7593,127225,-5630,655,144108,108,19228,442,1,16256,0.0010000000000012221
26949000,5849,-4762,123770,3453,-2900,112121,101,19232,442,1,16257,0.0009999999999976694
26950000,6855,1340,123476,7019,-2032,127007,89,19226,414,0,16258,0.0010000000000012221
26951000,10789,1371,125810,27,-3056,123514,89,19230,365,0,16259,0.0010000000000012221
26952000,4752,570,124493,16864,-4141,125197,117,19223,479,0,16260,0.0009999999999976694
26953000,3195,-4594,126549,-8256,-5059,133631,125,19222,512,1,16261,0.0010000000000012221
26954000,213,13106,129990,2397,18378,112920,110,19222,451,1,16262,0.0009999999999976694
26955000,9348,9027,127578,14379,-3006,134552,96,19230,451,1,16263,0.0010000000000012221
26956000,7861,-4216,123970,2286,-3782,120891,127,19233,393,0,16264,0.0010000000000012221
26957000,10347,3356,127679,436,-5190,131430,127,19225,520,0,16265,0.0009999999999976694
26958000,7934,-17541,125255,19970,-20314,129785,100,19230,410,0,16266,0.0010000000000012221
26959000,3481,5201,130564,-2667,-3907,124233,108,19225,442,0,16267,0.0010000000000012221
26960000,2859,5209,131010,-3864,462,137070,143,19230,586,1,16268,0.0009999999999976694
26961000,-443,20911,128463,3357,23763,111022,112,19230,586,1,16269,0.0010000000000012221
26962000,4862,2677,130070,-503,-7090,138464,101,19232,459,1,16270,0.0010000000000012221
26963000,8604,-9405,125743,6886,-15900,124685,101,19225,414,0,16271,0.0009999999999976694
26964002,8008,-4792,128591,8693,-3069,131756,140,19231,573,0,16272,0.0010019999999997253
26965000,6730,-9672,128914,8762,-15348,136367,114,19225,467,0,16273,0.000998000000002719
26966000,370,8681,132432,-19082,11648,116859,118,19223,483,1,16274,0.0009999999999976694
26967000,-3065,10360,135841,-6122,1383,129875,125,19223,483,1,16275,0.0010000000000012221
26968000,-10896,4731,130814,8616,-1070,129310,101,19230,512,1,16276,0.0010000000000012221
26969000,113,-11002,127271,-22208,-16073,135016,101,19229,414,1,16277,0.0009999999999976694
26970000,-5578,-4388,129940,-2518,-8050,129032,117,19223,479,0,16278,0.0010000000000012221
26971000,7307,7671,131434,-2870,5119,122991,100,19231,410,0,16279,0.0010000000000012221
26972000,-3440,11121,132263,-2498,3579,128589,107,19228,438,0,16280,0.0009999999999976694
26973000,-8652,3731,129616,-21647,2359,130271,142,19228,438,1,16281,0.0010000000000012221
26974000,-5852,6287,130304,-8120,3076,133721,116,19226,582,1,16282,0.0010000000000012221
26975002,-10539,10500,129479,-1453,12016,120544,116,19228,475,1,16283,0.0010019999999997253
26976000,408,9425,129371,-17354,2067,121868,102,19228,418,0,16284,0.0009979999999991662
26977000,-4822,-9869,126030,-7175,-14179,138208,161,19233,659,0,16285,0.0010000000000012221
26978000,1233,-3897,125754,-951,-5758,122057,104,19233,426,0,16286,0.0009999999999976694
26979000,-4401,9507,128819,-13197,7951,124245,112,19233,426,0,16287,0.0010000000000012221
26980000,-5909,14114,128710,-5649,10956,120728,132,19227,459,1,16288,0.0010000000000012221
26981000,-5935,5339,127609,-9613,1798,131489,132,19228,541,1,16289,0.0009999999999976694
26982000,-5544,-845,126021,-10938,-4353,131095,110,19227,451,1,16290,0.0010000000000012221
26983000,2021,1087,127520,-4180,-1232,118850,114,19223,467,0,16291,0.0010000000000012221
26984000,1259,8345,125102,6251,5302,127092,91,19228,373,0,16292,0.0009999999999976694
26985000,1866,-6378,121783,-5628,-9395,129199,109,19228,373,0,16293,0.0010000000000012221
26986000,-537,3895,126978,-7327,1064,128393,134,19228,446,1,16294,0.0009999999999976694
26987000,-2828,22796,127393,4444,20714,114864,117,19222,549,1,16295,0.0010000000000012221
26988000,827,16726,125079,-3657,12942,119854,117,19230,479,1,16296,0.0010000000000012221
26989000,4637,-9216,123549,-3242,-13160,136521,97,19227,397,0,16297,0.0009999999999976694
26990003,12244,-1428,123442,11423,-5964,119189,120,19234,491,0,16298,0.0010030000000007533
26991000,6028,3968,125517,10059,930,123994,109,19234,446,0,16299,0.000997000000001691
26992000,6086,-2273,126176,-4847,-5985,129191,117,19228,446,0,16300,0.0009999999999976694
26993000,1728,-1511,127196,8848,-4511,129100,133,19227,479,1,16301,0.0010000000000012221
26994000,2210,10517,127870,-4886,7588,119778,133,19228,545,1,16302,0.0010000000000012221
26995000,8444,8987,129974,2973,11157,118501,109,19228,446,1,16303,0.0009999999999976694
26996000,10110,-1023,124439,17987,-4763,128877,106,19220,434,0,16304,0.0010000000000012221
26997000,12407,-10488,125679,-3912,-17717,136285,106,19220,434,0,16305,0.0010000000000012221
26998000,3732,-11018,128066,14864,-10168,130442,110,19229,434,0,16306,0.0009999999999976694
26999001,2901,5661,130686,2757,6734,124606,123,19226,451,1,16307,0.00100100000000225
27000000,237,10885,131584,-4538,11345,126851,123,19221,504,1,16308,0.0009990000000001942
27001003,602,4756,130634,12545,-6746,131132,116,19230,475,1,16309,0.0010029999999972006
27002000,6937,273,126257,-3659,-11427,124665,101,19232,414,1,16310,0.000997000000001691
27003000,8424,4862,129148,1897,-2730,125865,137,19225,561,0,16311,0.0010000000000012221
27004000,10608,-4269,130823,14605,-6035,128468,103,19225,561,0,16312,0.0009999999999976694
27005000,3219,-4903,128990,-6945,-11205,133388,103,19229,422,0,16313,0.0010000000000012221
27006000,-1607,525,132336,-16565,-1266,130991,103,19225,422,1,16314,0.0010000000000012221
27007000,-4591,9493,131090,2157,13810,122524,152,19230,623,1,16315,0.0009999999999976694
27008000,-5464,9419,131696,-1260,5632,128131,109,19229,446,1,16316,0.0010000000000012221
27009000,2258,-9906,128376,-17731,-16546,136661,100,19220,410,0,16317,0.0010000000000012221
27010000,1481,-7547,128424,2508,-7125,127850,115,19220,410,0,16318,0.0009999999999976694
27011000,1239,6605,132000,1061,1156,125891,108,19231,471,0,16319,0.0010000000000012221
27012000,-6593,6348,131102,-19991,-981,128161,108,19228,442,0,16320,0.0010000000000012221
27013000,-7770,1859,132414,-12208,-1284,134222,118,19219,483,1,16321,0.0009999999999976694
27014000,-7020,5494,130674,-8290,6727,128230,113,19233,463,1,16322,0.0010000000000012221
27015000,-6259,12750,128944,-9317,7140,121447,103,19227,422,1,16323,0.0009999999999976694
27016000,-711,7653,129513,-7364,1791,125892,128,19227,422,0,16324,0.0010000000000012221
27017000,-3218,-8514,125102,-10147,-10816,132487,99,19218,524,0,16325,0.0010000000000012221
27018000,-2081,1800,128990,-762,-1517,126408,99,19231,405,0,16326,0.0009999999999976694
27019001,-5681,9983,125579,-16355,10922,119173,100,19228,410,1,16327,0.00100100000000225
27020000,-3677,15001,129962,-8442,11576,123203,142,19226,582,1,16328,0.0009990000000001942
27021000,-7279,-8203,125896,-310,-12824,137355,115,19232,471,1,16329,0.0009999999999976694
27022000,-94,11998,126085,-13864,10971,118625,105,19232,471,1,16330,0.0010000000000012221
27023000,877,10568,125526,612,4175,122406,110,19226,430,0,16331,0.0010000000000012221
27024000,3899,-3349,125493,7221,-7685,125685,110,19234,451,0,16332,0.0009999999999976694
27025000,2553,-7890,124002,-10619,-11308,134086,109,19228,446,0,16333,0.0010000000000012221
27026002,-3599,3630,126537,-3045,4949,125733,117,19216,479,1,16334,0.0010019999999997253
27027000,-2317,26966,127541,-33,24722,113833,131,19232,537,1,16335,0.0009979999999991662
27028000,793,4963,124380,-4668,-294,132159,101,19232,537,1,16336,0.0010000000000012221
27029000,8438,279,123304,6808,-1671,123021,116,19228,414,0,16337,0.0010000000000012221
27030000,7611,-14279,122641,8376,-20665,125173,116,19231,475,0,16338,0.0009999999999976694
27031000,7242,6624,127993,4900,4424,120115,101,19229,414,0,16339,0.0010000000000012221
27032000,2803,-3112,124520,636,-8023,128823,112,19228,459,0,16340,0.0010000000000012221
27033000,774,-2256,129065,870,-5149,131945,141,19228,577,1,16341,0.0009999999999976694
27034002,4329,14644,129465,130,12096,118542,113,19228,463,1,16342,0.0010019999999997253
27035000,5837,937,124125,10226,-2940,130476,97,19228,463,1,16343,0.000998000000002719
27036000,11121,8779,127554,4103,4783,118273,145,19231,397,0,16344,0.0009999999999976694
27037001,11241,-6290,126140,66,-9289,131528,145,19233,594,0,16345,0.00100100000000225
27038000,7495,-15282,125576,24814,-19997,125568,107,19234,438,0,16346,0.0009990000000001942
27039000,1644,-3212,129302,-5490,-7853,131915,108,19218,442,1,16347,0.0009999999999976694
27040000,1826,11244,129980,-13683,6865,124108,116,19218,475,1,16348,0.0010000000000012221
27041000,327,8529,128950,16488,6969,126443,106,19231,475,1,16349,0.0010000000000012221
27042000,2395,850,129885,-3016,-4267,136828,111,19230,434,1,16350,0.0009999999999976694
27043001,11670,-13618,127373,-7476,-16163,122525,111,19219,455,0,16351,0.00100100000000225
27044000,6830,-8958,129799,26100,-5867,132782,89,19231,365,0,16352,0.0009990000000001942
27045000,1557,498,130936,-3238,-4136,127340,108,19225,442,0,16353,0.0009999999999976694
27046000,-2462,7269,131203,-21663,10916,123625,131,19225,537,1,16354,0.0010000000000012221
27047001,-3560,6555,134130,8177,600,136151,113,19222,537,1,16355,0.0010009999999986974
27048000,-9392,-459,130429,-5623,-6779,126644,95,19229,463,1,16356,0.0009990000000001942
27049000,1533,-12548,128857,-23875,-10838,133346,95,19228,389,0,16357,0.0010000000000012221
27050000,-2953,3179,130263,10891,-2216,127094,146,19236,598,0,16358,0.0009999999999976694
27051001,3147,-2613,127385,240,-1028,128481,109,19227,446,0,16359,0.00100100000000225
27052000,-7700,9598,132861,-21567,3904,127113,116,19222,475,0,16360,0.0009990000000001942
27053000,-8298,-5393,129092,-10862,-8495,135469,136,19222,475,1,16361,0.0009999999999976694
27054000,-5782,14464,132432,-6850,10838,127327,109,19224,557,1,16362,0.0010000000000012221
27055000,-5879,7966,127407,-9991,5584,124877,109,19231,446,1,16363,0.0010000000000012221
27056000,-705,2329,127160,-6097,-3823,125347,106,19221,434,0,16364,0.0009999999999976694
27057000,-4861,-5775,124272,-4035,-13783,130834,134,19231,549,0,16365,0.0010000000000012221
27058000,-66,-1070,126586,-8745,2867,124264,107,19227,438,0,16366,0.0010000000000012221
27059000,-5314,15571,131245,-9064,7566,123041,125,19227,438,1,16367,0.0009999999999976694
27060002,-8422,7714,127359,-6490,2687,124315,114,19219,512,1,16368,0.0010019999999997253
27061000,-6830,5076,129655,-13406,-1803,129995,114,19223,467,1,16369,0.000998000000002719
27062000,-1928,3172,126429,-2900,1189,124036,104,19229,426,0,16370,0.0009999999999976694
27063000,1493,5068,125388,3845,908,123481,137,19238,561,0,16371,0.0010000000000012221
27064000,207,-4826,123285,-10028,-10563,126016,108,19229,442,0,16372,0.0010000000000012221
27065001,-31,4198,125907,-7220,-428,123679,114,19229,442,0,16373,0.0010009999999986974
27066000,366,13058,128924,6475,7515,129138,157,19226,467,1,16374,0.0009990000000001942
27067000,-3791,21221,124303,-6143,22481,115416,157,19230,643,1,16375,0.0010000000000012221
27068000,3528,10625,127054,1298,6602,128650,110,19232,451,1,16376,0.0009999999999976694
27069000,10448,2696,120916,4800,270,120292,102,19225,418,0,16377,0.0010000000000012221
27070000,11587,3133,124326,11544,-3606,126406,90,19229,369,0,16378,0.0010000000000012221
27071003,7657,-7589,125521,7061,-10859,126864,117,19229,369,0,16379,0.0010029999999972006
27072000,5141,1028,127090,-369,-1076,125575,125,19228,479,1,16380,0.000997000000001691
27073001,1628,4430,130195,2995,1863,131607,125,19218,512,1,16381,0.0010009999999986974
27074000,3453,10000,127126,3167,5515,118583,111,19228,455,1,16382,0.0009990000000001942
27075000,6061,9639,127694,6310,5361,125058,101,19228,414,1,16383,0.0010000000000012221
27076001,10845,3427,125876,-1894,-80,122199,126,19220,516,0,16384,0.0010009999999986974
27077000,9057,-19019,127051,11612,-23613,134219,106,19220,516,0,16385,0.0009990000000001942
27078000,7276,-596,129114,19196,-3307,125938,109,19225,434,0,16386,0.0010000000000012221
27079000,1726,2089,127762,-20038,-2275,128020,144,19227,446,1,16387,0.0009999999999976694
27080000,-784,15265,134196,7340,11801,127904,144,19230,590,1,16388,0.0010000000000012221
27081000,1096,10050,129751,12537,7426,122927,116,19231,475,1,16389,0.0010000000000012221
27082000,4043,-4323,126769,-15397,-8485,132798,102,19225,418,1,16390,0.0009999999999976694
27083000,10709,-7259,128548,6902,-10971,127322,134,19225,549,0,16391,0.0010000000000012221
27084000,11549,-8528,127581,27032,-12180,131593,106,19230,549,0,16392,0.0010000000000012221
27085000,1015,1938,130850,-10470,-2463,122727,110,19230,434,0,16393,0.0009999999999976694
27086000,-239,9652,134136,-28172,6926,131841,110,19220,451,1,16394,0.0010000000000012221
27087000,-8283,5159,130395,17722,2398,123967,125,19235,512,1,16395,0.0010000000000012221
27088001,-6411,1656,130632,-8889,310,133413,103,19231,422,1,16396,0.0010009999999986974
27089000,-912,-17228,129040,-26950,-8041,130444,118,19231,483,0,16397,0.0009990000000001942
27090000,4097,4379,130284,10981,4126,122297,95,19223,483,0,16398,0.0010000000000012221
27091000,1392,-1896,130518,-3267,-9797,133984,109,19231,389,0,16399,0.0009999999999976694
27092001,-9712,7587,132599,-12719,3643,122010,109,19230,446,1,16400,0.00100100000000225
27093000,-9500,333,129965,-14461,-614,139712,142,19225,582,1,16401,0.0009990000000001942
27094000,-12632,5801,130665,-6174,14601,121669,119,19233,487,1,16402,0.0009999999999976694
27095000,-2264,16760,129935,-10637,4494,122786,103,19229,422,1,16403,0.0010000000000012221
27096001,-4151,-7450,124864,-2642,-15126,136029,161,19229,422,0,16404,0.0010009999999986974
27097000,-2748,-4882,125790,-8862,-2780,123257,104,19225,659,0,16405,0.0009990000000001942
27098001,1011,3177,128225,-5914,1616,128141,104,19229,426,0,16406,0.00100100000000225
27099000,-6607,15807,128734,-3393,17585,118172,108,19224,442,1,16407,0.0009990000000001942
27100000,-6876,7865,128344,-17980,-3319,131381,132,19224,541,1,16408,0.0009999999999976694
27101000,-7062,3338,125178,-3604,11797,124429,110,19227,451,1,16409,0.0010000000000012221
27102000,3319,4806,125990,-2190,1687,123215,114,19227,451,0,16410,0.0010000000000012221
27103003,-178,-7751,124953,-2416,-10101,132728,90,19214,467,0,16411,0.0010029999999972006
27104000,2903,750,122848,-4405,-422,120634,90,19235,369,0,16412,0.000997000000001691
27105000,-1279,3409,126859,-6181,1923,127477,108,19228,442,0,16413,0.0010000000000012221
27106000,-3901,14588,127644,-551,9301,119617,131,19220,537,1,16414,0.0009999999999976694
27107000,-2234,10010,125855,-6421,2586,127629,116,19229,475,1,16415,0.0010000000000012221
27108000,2224,3726,125581,2650,1980,125547,97,19229,475,1,16416,0.0010000000000012221
27109002,11534,6390,124957,8870,127,118581,129,19227,397,0,16417,0.0010019999999997253
27110000,6803,4146,124635,7091,-1781,128959,129,19228,528,0,16418,0.0009979999999991662
27111000,7067,-1608,124924,2157,-4183,125635,120,19228,491,0,16419,0.0009999999999976694
27112000,3975,-3082,126516,6108,-4515,130919,117,19224,479,1,16420,0.0010000000000012221
27113000,1066,19315,126959,-2568,21123,113464,132,19229,541,1,16421,0.0010000000000012221
27114000,7139,9082,126990,4357,3948,130103,111,19229,541,1,16422,0.0009999999999976694
27115001,10269,-3705,125009,10689,-4564,128510,107,19231,455,1,16423,0.00100100000000225
27116001,16301,5050,126225,4007,754,123038,107,19224,438,0,16424,0.0009999999999976694
27117000,10914,-291,127718,14800,-4007,127720,98,19228,401,0,16425,0.0009990000000001942
27118000,6377,-3545,128948,2673,-9059,131179,101,19227,414,0,16426,0.0010000000000012221
27119000,2715,-568,131223,-7903,-3823,134075,115,19220,471,1,16427,0.0010000000000012221
27120001,-623,12181,131144,7532,9520,124638,111,19220,471,1,16428,0.0010009999999986974
27121002,2329,12587,131981,2852,8939,120984,99,19230,455,1,16429,0.0010009999999986974
27122002,5414,-2486,127215,-5161,-7513,129611,99,19231,405,0,16430,0.0010000000000012221
27123002,10465,-9144,127998,9470,-12347,129943,140,19226,573,0,16431,0.0010000000000012221
27124000,3889,-2843,129832,13817,-7850,129256,101,19225,414,0,16432,0.0009979999999991662
27125000,18,4202,132828,-18254,2558,123976,104,19229,426,0,16433,0.0010000000000012221
27126000,-515,7527,135337,-9335,4102,126723,152,19229,623,1,16434,0.0009999999999976694
27127000,-7256,-6739,130316,5718,-10421,137895,110,19225,623,1,16435,0.0010000000000012221
27128000,-5016,9930,129912,-11031,7215,125064,103,19230,451,1,16436,0.0010000000000012221
27129000,1711,-6905,126813,-15950,-11242,134410,103,19221,422,0,16437,0.0009999999999976694
27130000,2647,4871,129504,12470,-297,124117,120,19232,491,0,16438,0.0010000000000012221
27131000,-999,3139,129394,-6179,-545,128904,108,19228,442,0,16439,0.0010000000000012221
27132000,-4977,842,129541,-19688,-3728,126119,121,19228,496,1,16440,0.0009999999999976694
27133000,-9433,1417,131762,-4487,-803,133217,113,19221,496,1,16441,0.0010000000000012221
27134000,-9118,6171,129363,-13234,1971,125971,103,19227,463,1,16442,0.0010000000000012221
27135001,-4579,8239,129391,-10830,4987,125279,103,19229,422,1,16443,0.0010009999999986974
27136000,-3433,-5585,127064,-2984,-7669,132070,125,19225,512,0,16444,0.0009990000000001942
27137000,-2255,-898,127153,-11162,-1204,124437,97,19228,397,0,16445,0.0010000000000012221
27138000,-1985,-2703,127259,-5863,-5109,127641,104,19227,426,0,16446,0.0009999999999976694
27139001,-6755,10870,131685,-10204,17828,123223,146,19227,426,1,16447,0.00100100000000225
27140000,-7929,5550,126360,-12662,-1763,130765,117,19224,598,1,16448,0.0009989999999966415
27141000,-9664,2743,124718,-11448,14133,121854,117,19231,479,1,16449,0.0010000000000012221
27142000,1410,8627,126478,-2276,-1483,124938,99,19221,405,0,16450,0.0010000000000012221
27143002,-1461,-3212,123480,9181,-178,123929,116,19232,475,0,16451,0.0010019999999997253
27144001,3292,-1634,125730,-9476,-9866,132631,113,19227,463,0,16452,0.0009990000000001942
27145001,-183,-2446,124991,-2497,3105,124037,119,19227,463,0,16453,0.0009999999999976694
27146000,154,19487,128229,2872,16992,119157,139,19220,487,1,16454,0.0009990000000001942
27147000,-2285,1217,125178,-5697,-6052,126729,139,19230,569,1,16455,0.0010000000000012221
27148000,1440,10337,124596,-4374,8131,127340,101,19231,414,1,16456,0.0010000000000012221
27149000,9375,3919,122170,11694,-1453,118346,114,19230,467,0,16457,0.0009999999999976694
27150000,9129,2205,125322,16336,-1305,118615,97,19228,397,0,16458,0.0010000000000012221
27151000,6679,-6479,126630,-2190,-15087,136385,113,19228,397,0,16459,0.0010000000000012221
27152000,4121,-9280,125410,-1027,-4221,126605,141,19227,463,1,16460,0.0009999999999976694
27153000,977,18757,131155,9306,16654,122133,141,19226,577,1,16461,0.0010000000000012221
27154000,3166,10798,126947,2718,517,124419,112,19230,459,1,16462,0.0010000000000012221
27155000,8766,-2761,124327,4124,1477,125410,95,19224,389,0,16463,0.0009999999999976694
27156025,11673,-6497,127615,8250,-9242,129396,145,19230,594,0,16464,0.001025000000002052
27157000,11908,-4588,124313,12717,-8820,129761,103,19230,594,0,16465,0.0009750000000003922
27158000,4181,-673,127661,1158,-2454,126174,109,19231,422,0,16466,0.0009999999999976694
27159000,2750,4476,130442,-5375,2477,128716,109,19227,446,1,16467,0.0010000000000012221
27160004,835,8770,131102,6237,4164,135669,123,19228,504,1,16468,0.0010039999999982285
27161003,3926,13529,127266,3834,10772,118425,105,19228,430,1,16469,0.0009990000000001942
27162000,8101,5321,129975,-3804,-2025,128871,110,19216,451,0,16470,0.000997000000001691
27163000,9001,-14553,126377,13851,-17528,131560,88,19216,451,0,16471,0.0010000000000012221
27164000,8388,-5869,130082,13658,-10124,134831,107,19232,360,0,16472,0.0009999999999976694
27165000,-3726,-3305,132082,-18075,-3832,120382,107,19229,438,0,16473,0.0010000000000012221
27166000,-1350,20779,134695,-14665,17047,123383,131,19225,537,1,16474,0.0010000000000012221
27167000,-7303,2479,132261,8146,-2973,134468,115,19232,471,1,16475,0.0009999999999976694
27168000,-6326,-5496,129755,-7225,-10074,127532,97,19227,397,1,16476,0.0010000000000012221
27169000,-206,-8437,128604,-22783,-11950,131296,145,19227,594,0,16477,0.0010000000000012221
27170000,1906,5696,130958,9460,1988,122066,117,19230,594,0,16478,0.0009999999999976694
27171001,-779,6171,131721,218,2491,128097,117,19230,479,0,16479,0.00100100000000225
27172000,-10182,1042,131525,-25454,-3163,135279,117,19224,479,1,16480,0.0009989999999966415
27173000,-9690,10605,130429,-16012,9074,126097,135,19225,553,1,16481,0.0010000000000012221
27174000,-7515,13648,131237,495,11666,123691,115,19230,471,1,16482,0.0010000000000012221
27175000,-1786,5119,128625,-7164,2960,125198,111,19230,455,1,16483,0.0009999999999976694
27176000,-3778,-2784,126173,-15322,-5673,131606,141,19222,455,0,16484,0.0010000000000012221
27177000,-2954,-5861,124647,-4763,-9136,127435,109,19232,577,0,16485,0.0010000000000012221
27178000,-257,12405,128882,-4613,9674,124226,109,19232,446,0,16486,0.0009999999999976694
27179000,-7854,5404,127295,-8022,1797,127294,124,19220,508,1,16487,0.0010000000000012221
27180000,-4341,8001,126854,-11874,4394,127825,117,19230,479,1,16488,0.0010000000000012221
27181000,-3435,3250,126860,-8147,521,125692,108,19230,442,1,16489,0.0009999999999976694
27182000,1548,8023,126566,2019,7143,119727,139,19227,442,0,16490,0.0010000000000012221
27183000,-531,-1279,126734,-7380,-10968,131447,102,19234,569,0,16491,0.0010000000000012221
27184000,-913,-8128,124271,-1233,-98,123986,102,19230,418,0,16492,0.0009999999999976694
27185000,-134,11222,128772,-7825,7245,124023,105,19227,430,1,16493,0.0010000000000012221
27186002,-5587,10844,125259,302,9451,124715,154,19227,631,1,16494,0.0010019999999997253
27187000,-2990,12086,125720,-6729,9155,123408,110,19230,451,1,16495,0.0009979999999991662
27188000,6490,-2790,123217,2165,-150,128170,100,19230,451,1,16496,0.0010000000000012221
27189000,9984,5020,124109,13590,586,118312,93,19221,410,0,16497,0.0010000000000012221
27190000,13370,-2883,122804,8048,-13329,131857,93,19228,381,0,16498,0.0009999999999976694
27191001,3764,-6445,126258,-16,-10240,124829,112,19228,459,0,16499,0.00100100000000225
27192005,3857,6758,128391,1801,-2376,128011,121,19221,496,1,16500,0.0010039999999982285
27193000,882,9224,127843,2731,12968,120731,112,19230,459,1,16501,0.000994999999999635
27194000,5944,17654,128419,2558,6650,122119,104,19230,459,1,16502,0.0010000000000012221
27195001,12256,1104,122387,11988,429,126545,128,19230,426,0,16503,0.0010009999999986974
27196000,8983,-1506,126783,582,-3128,123045,128,19224,524,0,16504,0.0009990000000001942
27197000,11346,-15666,128630,13397,-18145,139107,98,19231,401,0,16505,0.0010000000000012221
27198000,2788,-3302,126898,2393,-195,123448,105,19227,430,0,16506,0.0010000000000012221
27199000,-1514,9214,133028,-8432,7220,127253,143,19229,586,1,16507,0.0009999999999976694
27200002,1342,14203,129891,1071,4411,125238,113,19229,586,1,16508,0.0010019999999997253
27201000,4029,4022,129851,2761,-5165,127124,102,19230,463,1,16509,0.000998000000002719
27202000,9755,-7580,129335,2795,-10784,130231,102,19230,418,0,16510,0.0009999999999976694
27203002,6766,-7641,129412,14346,-11242,126385,141,19231,577,0,16511,0.0010019999999997253
27204002,3959,-7058,126996,4644,-9308,137221,106,19228,434,0,16512,0.0010000000000012221
27205002,1038,7250,132887,-23416,8164,121483,112,19220,459,1,16513,0.0010000000000012221
27206002,-5323,14187,132607,1662,8051,126962,122,19220,459,1,16514,0.0009999999999976694
27207000,-6325,9885,129534,4810,5477,121727,103,19228,500,1,16515,0.0009979999999991662
27208000,-2251,-10958,128038,-25145,-13768,138600,103,19232,422,1,16516,0.0010000000000012221
27209000,2710,-12559,129817,707,-12441,136596,117,19224,479,0,16517,0.0010000000000012221
27210000,3942,11751,129111,5799,10762,117299,97,19233,397,0,16518,0.0009999999999976694
27211000,-5503,10808,132464,-15750,6518,130142,111,19224,455,0,16519,0.0010000000000012221
27212000,-6249,3155,129270,-19830,-1496,131696,140,19224,573,1,16520,0.0010000000000012221
27213000,-7476,-4182,129884,-4152,-4490,137002,115,19227,573,1,16521,0.0009999999999976694
27214000,-7781,18569,132058,-4765,17412,116897,100,19231,471,1,16522,0.0010000000000012221
27215000,-2618,9899,129600,-16663,5556,125773,100,19229,410,0,16523,0.0010000000000012221
27216000,-3995,-6790,124432,-4777,-10461,132676,161,19233,659,0,16524,0.0009999999999976694
27217000,790,-4238,127423,-3223,-7483,130302,105,19229,430,0,16525,0.0010000000000012221
27218000,-2880,9211,128758,-8661,7379,124709,108,19229,442,0,16526,0.0010000000000012221
27219001,-5982,20442,129597,-7635,17103,113344,126,19221,442,1,16527,0.0010009999999986974
27220000,-5060,272,128228,-14551,-3154,137925,111,19225,516,1,16528,0.0009990000000001942
27221000,-1237,2463,125684,-5174,-362,128529,111,19230,455,1,16529,0.0010000000000012221
27222000,624,9009,126714,3636,6613,117364,115,19224,471,0,16530,0.0009999999999976694
27223000,1611,-2467,123434,-2726,-5041,128855,93,19226,381,0,16531,0.0010000000000012221
27224000,3620,630,124786,-7324,-2895,125366,106,19226,434,0,16532,0.0010000000000012221
27225000,140,6630,126953,2755,3006,123751,130,19228,434,1,16533,0.0009999999999976694
27226006,-2265,13357,125398,-1259,9719,117899,111,19221,532,1,16534,0.0010060000000002844
27227000,-1969,14496,127145,-8187,11392,126973,111,19234,455,1,16535,0.0009940000000021598
27228000,7803,1012,122795,691,-3900,125403,97,19229,397,0,16536,0.0009999999999976694
27229000,9812,1529,125085,10719,-2819,125521,130,19230,532,0,16537,0.0010000000000012221
27230000,10137,-11015,125102,4637,-5117,122557,109,19223,446,0,16538,0.0010000000000012221
27231000,4219,3460,126900,7392,-6042,128478,112,19223,446,0,16539,0.0009999999999976694
27232001,2647,-3865,126332,1718,-4488,129358,130,19226,459,1,16540,0.00100100000000225
27233000,3650,14329,130556,-6485,12259,120510,130,19228,532,1,16541,0.0009990000000001942
27234002,4769,13777,126871,10442,5283,122546,106,19231,434,1,16542,0.0010019999999997253
27235000,9770,637,125308,-1452,-2910,123338,106,19220,434,0,16543,0.0009979999999991662
27236000,9758,-2376,129081,12091,-17214,133538,102,19232,418,0,16544,0.0009999999999976694
27237000,8896,-16472,125251,13044,-16085,134181,101,19232,418,0,16545,0.0010000000000012221
27238000,2600,5619,132089,-6061,9245,122085,120,19228,414,1,16546,0.0010000000000012221
27239000,1113,13022,131332,-3386,7256,126496,120,19225,491,1,16547,0.0009999999999976694
27240000,1360,4737,128716,8570,5789,128806,114,19230,467,1,16548,0.0010000000000012221
27241000,3968,1105,128334,-2384,-6729,131072,101,19232,414,1,16549,0.0010000000000012221
27242000,10698,-7444,124392,-776,1253,125622,137,19226,561,0,16550,0.0009999999999976694
27243000,9363,2258,131495,24317,-4814,124446,102,19226,561,0,16551,0.0010000000000012221
27244000,2961,-18603,126807,-4249,-21886,141638,106,19228,418,0,16552,0.0010000000000012221
27245000,2824,5875,134433,-19364,6308,127014,106,19225,434,1,16553,0.0009999999999976694
27246000,-7733,6907,132911,8817,2664,129217,148,19227,606,1,16554,0.0010000000000012221
27247000,-7327,9962,131147,-7673,7034,120050,107,19231,438,1,16555,0.0010000000000012221
27248000,71,-1349,130024,-19645,-11204,134044,100,19221,410,0,16556,0.0009999999999976694
27249000,-2128,-13702,127522,7094,-12163,132524,111,19221,410,0,16557,0.0010000000000012221
27250000,3726,5288,130274,-1134,2428,121726,111,19228,455,0,16558,0.0010000000000012221
27251000,-8542,2532,133959,-18710,-4961,134019,111,19228,455,0,16559,0.0009999999999976694
27252010,-7302,4832,131277,-10250,3459,125437,123,19219,504,1,16560,0.0010100000000008436
27253000,-9300,1296,130376,-10079,-474,134011,115,19232,471,1,16561,0.0009900000000016007
27254000,-6936,12002,130286,-16753,10463,128535,100,19228,410,1,16562,0.0009999999999976694
27255000,-204,10689,125520,4312,4428,118886,125,19228,410,0,16563,0.0010000000000012221
27256001,-4101,-6829,124800,-8326,-8601,134081,98,19219,512,0,16564,0.0010009999999986974
27257001,3147,-4120,127571,-7664,-6660,127067,98,19232,401,0,16565,0.0010000000000012221
27258000,-6838,10885,128571,-2987,9893,121403,105,19224,430,1,16566,0.0009990000000001942
27259000,-4795,11278,128816,-12836,6076,129646,147,19228,602,1,16567,0.0010000000000012221
27260000,-10985,8493,126635,-9107,8337,120571,114,19230,467,1,16568,0.0009999999999976694
27261000,269,9811,126570,-13389,5564,126606,101,19230,414,1,16569,0.0010000000000012221
27262000,1992,74,124800,7222,-2667,123595,121,19223,414,0,16570,0.0010000000000012221
27263000,968,-2486,126494,-982,-7460,128259,114,19226,496,0,16571,0.0009999999999976694
27264000,2805,-4646,126588,-7797,-8231,127303,114,19224,467,0,16572,0.0010000000000012221
27265000,-4730,14270,128767,555,11319,117277,121,19217,496,1,16573,0.0009999999999976694
27266002,-972,7214,128313,-8116,5150,135887,127,19233,520,1,16574,0.001002000000003278
27267000,-1401,16841,122900,3299,14701,111430,102,19233,418,1,16575,0.0009979999999991662
27268000,6817,4096,124308,1993,-180,130379,115,19232,418,0,16576,0.0009999999999976694
27269000,9741,184,122314,5995,-4001,119679,96,19228,471,0,16577,0.0010000000000012221
27270000,10209,-2664,125914,11201,-5894,125648,96,19232,393,0,16578,0.0010000000000012221
27271000,5196,-6076,126371,-1756,-9930,134740,111,19225,455,0,16579,0.0009999999999976694
27272000,2276,10442,127297,3276,7828,127389,140,19228,573,1,16580,0.0010000000000012221
27273000,3365,-1896,126968,5559,-4621,131349,116,19228,475,1,16581,0.0010000000000012221
27274000,5362,9059,126003,467,6724,118610,97,19228,475,1,16582,0.0009999999999976694
27275000,9996,3252,126146,-580,67,129199,134,19231,397,0,16583,0.0010000000000012221
27276000,10992,-652,128456,13454,-2393,123274,134,19232,549,0,16584,0.0010000000000012221
27277000,4159,-13870,125196,13433,-16856,145379,106,19231,434,0,16585,0.0009999999999976694
27278000,2752,-2030,131182,-7347,1600,122472,109,19230,446,1,16586,0.0010000000000012221
27279000,1091,16509,130639,-4452,6117,124580,120,19228,491,1,16587,0.0010000000000012221
27280000,-669,14964,132362,13543,7640,125140,107,19228,491,1,16588,0.0009999999999976694
27281000,3700,-2525,127660,-11913,-8220,131849,115,19228,438,1,16589,0.0010000000000012221
27282003,11303,-24065,126187,17016,-17587,135550,115,19217,471,0,16590,0.0010030000000007533
27283000,6992,1725,129028,13881,3070,123830,89,19233,365,0,16591,0.0009969999999981383
27284000,2051,-526,127261,-23637,2296,125281,105,19229,430,0,16592,0.0010000000000012221
27285000,2156,11649,135298,-4321,6557,130801,130,19217,532,1,16593,0.0010000000000012221
27286000,-4992,-8100,129973,11953,-12059,138217,116,19217,532,1,16594,0.0009999999999976694
27287000,-9360,1824,130134,-16687,2559,121765,97,19228,475,1,16595,0.0010000000000012221
27288000,453,6895,131749,-19011,-2034,128856,97,19228,397,0,16596,0.0010000000000012221
27289001,1741,-1364,126751,20377,-2664,132727,145,19234,594,0,16597,0.0010009999999986974
27290000,574,-733,129237,-6522,-2683,121010,106,19232,434,0,16598,0.0009990000000001942
27291000,-8254,-1747,133839,-25308,-6205,131745,113,19223,463,0,16599,0.0010000000000012221
27292000,-7385,6053,132017,-3706,1742,128705,137,19223,463,1,16600,0.0009999999999976694
27293000,-9132,5320,131764,-7015,1273,130269,113,19228,561,1,16601,0.0010000000000012221
27294002,-5271,7357,130375,-14812,2653,124895,113,19234,463,1,16602,0.0010019999999997253
27295000,-5534,4296,126395,-8002,-1475,123892,108,19223,442,0,16603,0.0009979999999991662
27296002,-2097,-8324,126226,-2416,-8882,134233,124,19232,508,0,16604,0.0010019999999997253
27297000,-231,7626,129029,-5059,4729,118262,104,19230,426,0,16605,0.0009979999999991662
27298000,-6393,4279,126806,-9433,-901,131713,123,19230,426,1,16606,0.0010000000000012221
27299000,-8830,14899,128955,-12954,13136,120931,118,19221,504,1,16607,0.0010000000000012221
27300000,-4500,6484,128122,-12085,1165,128633,118,19231,483,1,16608,0.0009999999999976694
27301000,1829,11899,125462,10110,12434,122653,103,19226,422,0,16609,0.0010000000000012221
27302000,-1232,2422,123218,-10533,1089,123346,137,19233,561,0,16610,0.0010000000000012221
27303000,6621,-10694,121613,-10744,-11282,131036,107,19227,438,0,16611,0.0009999999999976694
27304000,2219,7484,127225,8483,5560,124784,111,19227,455,0,16612,0.0010000000000012221
27305000,-1498,6038,124249,-1109,3307,127127,158,19224,455,1,16613,0.0010000000000012221
27306000,-4369,17210,127722,-11056,14900,120684,109,19227,647,1,16614,0.0009999999999976694
27307000,4054,927,123873,-5082,-2831,126832,109,19233,446,1,16615,0.0010000000000012221
27308000,11865,13295,127452,16506,8556,120254,98,19221,401,0,16616,0.0010000000000012221
27309000,4750,1787,124013,7042,-3504,124898,93,19231,381,0,16617,0.0009999999999976694
27310000,7791,-10691,125782,-2273,-13614,129305,113,19231,463,0,16618,0.0010000000000012221
27311000,5431,1936,128332,8716,-1229,126966,124,19226,463,1,16619,0.0010000000000012221
27312000,891,3430,129319,6117,193,127692,110,19222,508,1,16620,0.0009999999999976694
27313001,1694,23389,128098,-2679,20647,112928,110,19225,451,1,16621,0.00100100000000225
27314000,5787,286,126423,-2007,-2435,132661,99,19228,405,1,16622,0.0009990000000001942
27315000,16244,-656,125524,13831,-5077,127890,125,19225,512,0,16623,0.0009999999999976694
27316000,7810,-1488,127581,15186,-4754,124025,101,19225,414,0,16624,0.0010000000000012221
27317000,8397,-1900,128401,-277,-4036,131099,104,19229,414,0,16625,0.0010000000000012221
27318000,5174,632,130410,-2242,-2176,132068,139,19227,426,1,16626,0.0009999999999976694
27319000,344,17208,133069,8978,10977,126435,139,19228,569,1,16627,0.0010000000000012221
27320001,517,11626,129311,-2298,9892,120354,111,19230,455,1,16628,0.0010009999999986974
27321000,3972,-721,128027,-3748,-2553,132722,101,19224,414,0,16629,0.0009990000000001942
27322001,13234,-15934,126792,7104,-19238,133664,143,19229,586,0,16630,0.00100100000000225
27323000,7486,-3451,129175,18396,-10085,129432,107,19229,586,0,16631,0.0009990000000001942
27324002,3372,-2838,132307,-5656,4900,123852,112,19232,438,0,16632,0.0010019999999997253
27325000,-2983,21500,132409,-19987,7430,123126,112,19225,459,1,16633,0.0009979999999991662
27326000,-7088,6652,133726,1137,-20561,137035,123,19228,504,1,16634,0.0010000000000012221
27327008,-4945,-8753,129958,855,-11878,131264,101,19231,414,1,16635,0.0010079999999987876
27328002,-4594,-4293,131091,-12810,-8924,128900,117,19228,479,0,16636,0.0009939999999986071
27329000,5107,5761,131081,3005,6125,121129,99,19228,479,0,16637,0.0009979999999991662
27330000,-508,4655,129229,3419,-1382,132264,111,19230,405,0,16638,0.0010000000000012221
27331000,-5022,-5301,129634,-20754,-4814,132751,111,19226,455,1,16639,0.0010000000000012221
27332000,-11887,5243,129982,-15436,8644,125687,140,19225,573,1,16640,0.0009999999999976694
27333000,-9224,13571,130567,-5340,11961,124251,117,19230,479,1,16641,0.0010000000000012221
27334000,-868,9673,129498,-4219,-765,129256,100,19226,410,1,16642,0.0010000000000012221
27335000,-2691,-13986,125274,-11965,-14517,133258,162,19226,410,0,16643,0.0009999999999976694
27336000,-934,-4707,125077,-10601,5948,121955,106,19234,664,0,16644,0.0010000000000012221
27337000,-1664,14213,129049,-2081,6913,124446,106,19229,434,0,16645,0.0010000000000012221
27338000,-2742,6129,126158,-3454,2125,126720,107,19222,438,1,16646,0.0009999999999976694
27339000,-9628,6303,129012,-17858,-1268,130426,127,19233,520,1,16647,0.0010000000000012221
27340000,-6918,221,127189,-8257,-498,124293,109,19231,446,1,16648,0.0010000000000012221
27341000,-957,11135,128906,6207,11616,120728,113,19231,446,0,16649,0.0009999999999976694
27342000,-83,-5045,124152,-3870,-12162,130625,95,19225,463,0,16650,0.0010000000000012221
27343000,-1744,-470,123271,-1596,-579,123433,95,19231,389,0,16651,0.0010000000000012221
27344000,-644,8841,126468,-7901,10855,128162,111,19227,455,0,16652,0.0009999999999976694
27345001,77,11707,125224,-427,13170,117543,131,19222,537,1,16653,0.00100100000000225
27346000,-1341,10492,127814,-951,3857,130101,113,19233,463,1,16654,0.0009990000000001942
27347000,5484,-4548,121355,-3535,-4049,126509,94,19233,385,1,16655,0.0009999999999976694
27348000,7704,9909,125751,3688,8092,119646,134,19229,385,0,16656,0.0010000000000012221
27349000,13056,-3004,122559,15653,-7218,127967,113,19234,549,0,16657,0.0010000000000012221
27350000,5088,-4404,124250,6668,-5917,126029,113,19226,463,0,16658,0.0009999999999976694
27351000,4686,1385,126026,-2079,-3025,130731,116,19223,475,1,16659,0.0010000000000012221
27352000,2219,11228,129419,-450,10335,117684,134,19228,549,1,16660,0.0010000000000012221
27353000,3452,15956,129246,11510,12901,127964,107,19228,438,1,16661,0.0009999999999976694
27354000,9162,-8636,123629,2404,-12173,128073,101,19228,438,1,16662,0.0010000000000012221
27355000,10309,-2161,127553,3875,-4434,124691,106,19222,414,0,16663,0.0010000000000012221
27356000,8823,-5817,127000,15938,-10879,134039,106,19234,434,0,16664,0.0009999999999976694
27357000,4399,-4358,127934,931,-7055,124432,107,19228,438,0,16665,0.0010000000000012221
27358000,3257,6885,132460,-5325,2686,129775,121,19226,496,1,16666,0.0009999999999976694
27359001,1046,8597,129037,6796,2885,125649,112,19229,459,1,16667,0.00100100000000225
27360000,-4,15180,133152,-2825,12407,127132,97,19229,459,1,16668,0.0009990000000001942
27361000,9284,-4104,125860,2194,-6842,125323,135,19231,397,0,16669,0.0009999999999976694
27362000,5641,-11873,128412,11289,-16027,132777,135,19223,553,0,16670,0.0010000000000012221
27363001,6651,-3666,129383,9549,-8817,128568,112,19228,459,0,16671,0.0010009999999986974
27364000,817,1914,130753,-10314,-861,129982,112,19225,459,0,16672,0.0009990000000001942
27365000,-1135,12911,134346,-14014,10344,125787,151,19226,618,1,16673,0.0010000000000012221
27366000,-7111,8882,131016,5008,5808,130802,109,19226,618,1,16674,0.0010000000000012221
27367000,-195,-10710,128926,-8276,-11874,135623,102,19236,446,1,16675,0.0009999999999976694
27368000,-1649,-13355,128263,-11968,-18401,134074,102,19222,418,0,16676,0.0010000000000012221
27369000,1792,4432,130350,2061,-278,119282,113,19232,463,0,16677,0.0010000000000012221
27370000,-3245,10661,129750,-3366,8465,127073,109,19227,446,0,16678,0.0009999999999976694
27371000,-7618,-1715,131104,-12944,-11064,143156,121,19223,496,1,16679,0.0010000000000012221
27372001,-8469,1879,130866,-15813,44,121107,112,19223,496,1,16680,0.0010009999999986974
27373000,-10731,15826,130311,-4940,7657,125355,102,19227,459,1,16681,0.0009990000000001942
27374000,-3802,14072,131427,-10795,1118,126136,102,19230,418,1,16682,0.0010000000000012221
27375000,-4803,-9036,126345,-6062,-17499,135085,130,19218,532,0,16683,0.0010000000000012221
27376001,-1961,-14422,124741,-4973,-8389,131215,101,19234,414,0,16684,0.0010009999999986974
27377000,-3134,12872,129145,-16167,16300,115098,106,19226,434,0,16685,0.0009990000000001942
27378000,-3988,11401,127715,-3531,6058,127572,146,19226,434,1,16686,0.0010000000000012221
27379000,-4052,7504,126211,-8286,2939,127477,115,19225,598,1,16687,0.0009999999999976694
27380000,-7445,1565,125325,-13096,-5952,129304,115,19228,471,1,16688,0.0010000000000012221
27381000,658,11580,127345,3689,2523,113761,106,19232,434,0,16689,0.0010000000000012221
27382000,391,847,125182,2229,-7092,131906,116,19228,475,0,16690,0.0009999999999976694
27383000,1017,-5601,125895,-3938,-6789,133069,111,19231,455,0,16691,0.0010000000000012221
27384000,-691,8327,125908,-6720,8780,115704,117,19231,455,0,16692,0.0010000000000012221
27385002,-4249,11380,127036,-4935,9276,126895,128,19222,479,1,16693,0.0010019999999997253
27386006,-495,14919,127174,-1041,12359,121490,128,19232,524,1,16694,0.0010039999999982285
27387000,4397,967,123399,331,-4338,128021,102,19230,418,1,16695,0.0009940000000021598
27388000,8647,464,123964,7414,-2566,125474,116,19226,475,0,16696,0.0009999999999976694
27389001,11205,-1786,123940,8024,-8506,121783,99,19228,405,0,16697,0.00100100000000225
27390000,7128,-4423,127591,4681,-10126,126733,113,19228,405,0,16698,0.0009989999999966415
27391000,3786,-1634,126543,1118,-4477,129988,143,19226,463,1,16699,0.0010000000000012221
27392000,-416,8149,128185,1447,10238,124638,143,19228,586,1,16700,0.0010000000000012221
27393000,5393,15327,127278,6309,9981,120169,116,19227,475,1,16701,0.0009999999999976694
27394001,8406,-1420,124092,3383,-6148,126802,99,19228,405,0,16702,0.00100100000000225
27395000,12797,2758,128454,12844,-143,129290,147,19233,602,0,16703,0.0009990000000001942
27396000,10138,-17048,123198,5403,-16117,128402,104,19233,426,0,16704,0.0009999999999976694
27397002,7279,-4564,130224,3604,-3292,130776,110,19229,426,0,16705,0.001002000000003278
27398000,328,4219,129337,744,-3602,130050,121,19225,451,1,16706,0.0009979999999991662
27399000,-1320,4782,127116,-3837,2330,123206,121,19227,496,1,16707,0.0009999999999976694
27400000,2800,13140,132167,145,8483,125899,108,19229,442,1,16708,0.0010000000000012221
27401000,8336,-8974,125442,1250,-13366,128635,110,19217,451,0,16709,0.0010000000000012221
27402003,9159,-4615,130851,14279,-8027,126914,90,19217,369,0,16710,0.0010029999999972006
27403000,4094,-7689,129175,4319,-12229,136299,104,19227,369,0,16711,0.000997000000001691
27404000,-1595,5810,131478,-16332,4964,123175,128,19229,426,1,16712,0.0010000000000012221
27405000,-4133,16307,134716,-5878,11904,127513,128,19220,524,1,16713,0.0009999999999976694
27406002,-7976,-6727,129454,1194,-11446,134788,114,19239,467,1,16714,0.0010019999999997253
27407000,-221,6987,131025,-6771,4746,120963,97,19229,397,1,16715,0.000998000000002719
27408000,-1820,-10865,124866,-18319,-13866,130141,145,19229,594,0,16716,0.0009999999999976694
27409000,7022,7168,132236,10795,1938,124158,107,19232,594,0,16717,0.0010000000000012221
27410000,-5519,2476,129711,736,-714,129780,115,19227,438,0,16718,0.0010000000000012221
27411000,-7380,-714,129582,-26752,-2975,132671,115,19226,471,1,16719,0.0009999999999976694
27412000,-8723,5858,132564,-11061,3322,129424,138,19228,565,1,16720,0.0010000000000012221
27413000,-7023,10706,129355,-1540,6357,128259,111,19232,455,1,16721,0.0010000000000012221
27414000,-927,15114,130234,-10067,13926,126080,106,19221,434,1,16722,0.0009999999999976694
27415000,-4836,-14752,123670,-10028,-16433,135689,134,19221,434,0,16723,0.0010000000000012221
27416002,637,4135,127775,-4548,-1387,118610,105,19228,549,0,16724,0.0010019999999997253
27417002,-3555,5470,127898,-4807,2549,130701,105,19229,430,0,16725,0.0010000000000012221
27418000,-6568,5213,130635,-7990,6677,122325,119,19221,487,1,16726,0.0009979999999991662
27419000,-5507,14653,126190,-9312,-7820,125957,116,19230,475,1,16727,0.0010000000000012221
27420001,-2332,9839,128520,-12418,-5036,127200,105,19228,430,1,16728,0.0010009999999986974
27421000,2184,5594,125221,9736,507,120917,137,19228,430,0,16729,0.0009990000000001942
27422000,-1350,-582,125819,-5250,-7301,128191,105,19227,561,0,16730,0.0009999999999976694
27423000,2401,4897,125584,-3801,4630,121134,105,19228,430,0,16731,0.0010000000000012221
27424000,-976,2785,126164,1368,-2414,131663,109,19227,446,1,16732,0.0010000000000012221
27425000,-328,11954,126493,-4255,11100,121178,156,19232,639,1,16733,0.0009999999999976694
27426001,-1182,13791,124872,-73,9191,121411,111,19231,455,1,16734,0.00100100000000225
27427000,7700,5143,124363,870,3652,125698,100,19231,455,1,16735,0.0009990000000001942
27428000,12543,3697,124245,9262,-2826,122901,93,19224,410,0,16736,0.0009999999999976694
27429000,8459,-7971,123112,9095,-10623,130010,93,19227,381,0,16737,0.0010000000000012221
27430001,6151,-7250,126474,1553,3221,124720,115,19228,471,0,16738,0.0010009999999986974
27431000,3344,6170,127053,3390,2586,125474,121,19223,496,1,16739,0.0009990000000001942
27432002,6499,6181,127458,5160,2980,126340,111,19227,455,1,16740,0.0010019999999997253
27433000,5698,10770,127366,6931,3923,122004,103,19227,455,1,16741,0.000998000000002719
27434000,8864,4822,128016,1484,-6019,123035,124,19231,422,0,16742,0.0009999999999976694
27435000,9913,-2573,127117,12895,-5647,129140,124,19223,508,0,16743,0.0010000000000012221
27436000,5796,-13818,126956,11734,-15955,133920,101,19229,414,0,16744,0.0010000000000012221
27437000,3765,-891,129577,-10574,-842,125458,106,19225,434,0,16745,0.0009999999999976694
27438001,1722,18185,131909,2298,15390,123162,141,19230,577,1,16746,0.00100100000000225
27439000,241,8020,129400,7898,3465,129110,115,19230,471,1,16747,0.0009990000000001942
27440000,3535,-1147,128580,-8453,-5291,127611,101,19230,471,1,16748,0.0009999999999976694
27441000,10268,-14932,126522,5389,-17726,133370,141,19226,414,0,16749,0.0010000000000012221
27442000,9595,-5244,127708,19053,1764,123840,141,19229,577,0,16750,0.0010000000000012221
27443000,3912,3293,131625,-4809,-4583,132058,112,19227,459,0,16751,0.0009999999999976694
27444000,1000,-2158,129486,-18357,-3233,131298,113,19223,463,1,16752,0.0010000000000012221
27445000,-6975,8115,134432,5316,4457,129864,132,19223,541,1,16753,0.0010000000000012221
27446000,-6885,-314,129580,-3381,-2319,130609,103,19228,541,1,16754,0.0009999999999976694
27447001,-2190,1476,129062,-19169,-3353,128665,117,19231,422,1,16755,0.00100100000000225
27448000,2757,-5932,128749,2869,-8804,133374,117,19220,479,0,16756,0.0009990000000001942
27449000,3186,4353,129124,3119,1815,124534,94,19231,385,0,16757,0.0009999999999976694
27450002,-5306,8256,131640,-16310,5709,124818,105,19228,430,0,16758,0.0010019999999997253
27451000,-8761,-1653,130876,-15343,-5045,135702,137,19228,561,1,16759,0.000998000000002719
27452000,-7976,6052,130731,-5511,3531,133184,115,19227,561,1,16760,0.0009999999999976694
27453000,-8762,6523,132493,-11209,3578,123818,99,19229,471,1,16761,0.0010000000000012221
27454000,-3711,12801,129826,-16140,10673,123004,99,19228,405,0,16762,0.0009999999999976694
27455000,-171,-4909,125101,-147,-7849,127851,160,19231,655,0,16763,0.0010000000000012221
27456000,-3515,-6240,126903,-1655,-9102,132942,103,19233,422,0,16764,0.0010000000000012221
27457000,-2841,11182,128029,-18584,7076,120648,107,19220,438,0,16765,0.0009999999999976694
27458000,-7656,14098,129297,-3468,10153,124679,125,19220,438,1,16766,0.0010000000000012221
27459001,-6997,-592,127631,-10304,-2074,130041,110,19231,512,1,16767,0.0010009999999986974
27460000,-2115,3755,125335,-13765,-720,125181,110,19229,451,1,16768,0.0009990000000001942
27461000,2006,921,125564,5677,-351,126027,112,19221,459,0,16769,0.0010000000000012221
27462000,5367,-4201,123497,1794,-6155,123934,98,19232,401,0,16770,0.0010000000000012221
27463000,4,8044,126112,-5933,5157,128413,109,19230,446,0,16771,0.0009999999999976694
27464000,-2091,5401,124243,-3575,4220,123387,129,19230,446,1,16772,0.0010000000000012221
27465000,-5587,13202,129090,-347,5762,126894,113,19218,528,1,16773,0.0010000000000012221
27466000,-839,7233,127923,-14044,-6686,123948,113,19234,463,1,16774,0.0009999999999976694
27467000,8506,13068,124039,11142,-2696,121007,93,19232,381,0,16775,0.0010000000000012221
27468000,4834,3174,124974,15582,-4517,126136,129,19232,528,0,16776,0.0010000000000012221
27469000,10940,-2266,124389,-6043,-4801,120000,113,19228,463,0,16777,0.0009999999999976694
27470001,5315,-2572,126401,13694,4674,135641,112,19228,463,0,16778,0.00100100000000225
27471000,6162,-148,126649,-2996,4936,121462,127,19224,459,1,16779,0.0009990000000001942
27472000,2771,9453,127057,233,3551,125267,127,19227,520,1,16780,0.0009999999999976694
27473000,7669,-3947,124193,9918,-6230,131701,106,19233,434,1,16781,0.0010000000000012221
27474000,12646,4373,126829,4564,4012,119050,105,19224,430,0,16782,0.0010000000000012221
27475013,5956,3213,127119,10985,-8699,133183,113,19228,463,0,16783,0.001012999999996822
27476000,8107,-8672,126284,6381,-10119,127738,108,19228,463,0,16784,0.0009870000000020696
27477000,236,1958,128547,-2848,3940,134636,118,19228,442,1,16785,0.0010000000000012221
27478000,2138,5420,130542,57,2708,120598,118,19221,483,1,16786,0.0009999999999976694
27479002,2619,11582,129986,4783,11322,125958,112,19226,459,1,16787,0.0010019999999997253
27480000,1908,-2818,130079,-3824,-6130,134640,100,19229,410,1,16788,0.000998000000002719
27481002,10312,-13700,125631,1106,-19721,127066,138,19226,565,0,16789,0.0010019999999997253
27482000,7399,-4079,130772,19646,-5112,131910,103,19226,565,0,16790,0.0009979999999991662
27483000,2274,-1983,129400,-942,-6459,130168,104,19231,422,0,16791,0.0009999999999976694
27484000,-1173,5126,131752,-24606,4409,123104,104,19228,426,1,16792,0.0010000000000012221
27485000,-3594,10216,134617,4264,4366,132283,149,19228,610,1,16793,0.0010000000000012221
27486000,-7471,1633,129541,6222,-916,127189,108,19228,442,1,16794,0.0009999999999976694
27487001,-3115,-4695,127556,-25391,-10408,132326,101,19221,414,0,16795,0.00100100000000225
27488000,-1220,-9061,129233,-4575,-11234,131709,121,19221,496,0,16796,0.0009990000000001942
27489000,2584,4856,132821,11784,4586,128378,117,19228,496,0,16797,0.0009999999999976694
27490000,-8045,6850,130653,-17560,4210,124040,125,19227,479,0,16798,0.0010000000000012221
27491003,-6160,-2659,129922,-21127,-5869,131764,125,19218,512,1,16799,0.0010030000000007533
27492000,-8025,334,128528,-1493,-2570,130805,115,19227,471,1,16800,0.0009969999999981383
27493000,-5187,8554,129200,-9809,8475,126189,103,19229,422,1,16801,0.0010000000000012221
27494000,-4529,5440,129734,-10709,-672,123963,128,19229,524,0,16802,0.0010000000000012221
27495000,-5606,-4459,125385,-8567,-8020,129376,98,19223,524,0,16803,0.0009999999999976694
27496000,1792,1686,128691,-4809,-1137,127377,102,19230,401,0,16804,0.0010000000000012221
27497000,-6453,6562,128205,-1302,2805,124514,102,19226,418,1,16805,0.0010000000000012221
27498000,-6532,13145,127548,-13242,10523,123242,149,19231,610,1,16806,0.0009999999999976694
27499000,-8832,8435,128351,-15685,6548,122993,117,19235,479,1,16807,0.0010000000000012221
27500002,645,4660,128441,-5066,-465,128115,102,19225,418,1,16808,0.0010019999999997253
27501002,2518,-2136,125567,11007,-4680,130155,114,19225,418,0,16809,0.0010000000000012221
27502002,-2029,-3352,123220,-10480,-5770,122513,109,19234,467,0,16810,0.0009999999999976694
27503000,3477,7883,126932,-10258,3446,125672,109,19231,446,0,16811,0.000998000000002719
27504000,-1245,9286,124855,7769,6222,125123,118,19220,483,1,16812,0.0009999999999976694
27505000,574,5863,123762,-6780,3578,126378,131,19228,537,1,16813,0.0010000000000012221
27506000,-220,4143,126244,-3672,2100,121332,101,19231,414,1,16814,0.0010000000000012221
27507000,10856,10425,125184,6547,8801,122617,113,19231,414,0,16815,0.0009999999999976694
27508000,8776,1938,124778,7962,-1542,131072,101,19229,463,0,16816,0.0010000000000012221
27509001,5150,-9684,124921,10039,-12110,128375,101,19229,414,0,16817,0.0010009999999986974
27510000,5275,2718,126278,-2184,-908,122059,114,19223,467,0,16818,0.0009990000000001942
27511000,-428,8702,127996,5272,4865,126064,145,19227,594,1,16819,0.0010000000000012221
27512001,4883,7314,128842,2117,4016,127424,115,19230,471,1,16820,0.0010009999999986974
27513002,9022,6274,124629,8668,-6849,121166,97,19230,471,1,16821,0.00100100000000225
27514000,10135,10220,126994,2308,-4464,127372,134,19227,397,0,16822,0.0009979999999991662
27515000,13492,-10073,125975,10954,-14797,133514,134,19231,549,0,16823,0.0009999999999976694
27516000,4228,-8027,128623,17682,-6254,126397,105,19226,430,0,16824,0.0010000000000012221
27517000,5386,3179,130770,-12809,-496,133431,110,19220,451,1,16825,0.0010000000000012221
27518002,-3646,6617,129992,10590,7949,124488,123,19228,504,1,16826,0.0010019999999997253
27519000,3599,15485,130009,5103,4135,125507,106,19228,504,1,16827,0.0009979999999991662
27520000,4275,-9159,126069,-8711,-16298,131687,114,19229,434,1,16828,0.0010000000000012221
27521000,9670,-8911,128790,11414,-5905,125856,114,19218,467,0,16829,0.0009999999999976694
27522000,11521,6152,129549,13468,-461,131067,93,19232,381,0,16830,0.0010000000000012221
27523000,-2223,-5249,129189,-15628,-6533,127259,105,19229,430,0,16831,0.0010000000000012221
27524000,2891,7211,133674,-7195,12255,125412,129,19227,528,1,16832,0.0009999999999976694
27525000,-9982,-1060,131672,8276,-6164,134020,112,19227,459,1,16833,0.0010000000000012221
27526001,-2474,977,130114,-14433,-5824,125819,94,19234,459,1,16834,0.0010009999999986974
27527000,-2944,311,131743,-10807,-10498,133640,94,19228,385,0,16835,0.0009990000000001942
27528000,496,-6969,127606,8014,-8650,125114,148,19232,606,0,16836,0.0010000000000012221
27529001,-1576,11998,132974,-5148,9373,122286,109,19227,446,0,16837,0.0010009999999986974
27530000,-8349,-891,130480,-22998,-5109,136846,112,19228,459,1,16838,0.0009990000000001942
27531000,-4796,9465,131213,-1946,6801,125697,132,19228,541,1,16839,0.0010000000000012221
27532000,-11308,7229,129591,-7022,3116,131362,112,19228,541,1,16840,0.0010000000000012221
27533000,-776,13526,129735,-19143,14712,117904,108,19232,459,1,16841,0.0009999999999976694
27534000,-3992,277,127348,-4178,-6058,130288,108,19219,442,0,16842,0.0010000000000012221
27535000,601,-10834,125659,-2223,-9707,134812,133,19229,545,0,16843,0.0010000000000012221
27536000,-1635,13862,125711,-8274,14476,113519,112,19232,459,0,16844,0.0009999999999976694
27537000,-5225,-1283,129036,-13321,-4525,134188,126,19232,516,1,16845,0.0010000000000012221
27538000,-3808,3156,127052,-2801,-101,121265,117,19222,516,1,16846,0.0010000000000012221
27539000,-7382,6946,127820,-12140,2613,130680,104,19231,479,1,16847,0.0009999999999976694
27540005,-2326,9871,126259,2004,8645,121327,104,19230,426,0,16848,0.0010049999999992565
27541000,-3212,5413,123782,-3154,903,119699,140,19231,573,0,16849,0.0009950000000031878
27542000,1794,-1367,124112,-13287,-5207,132980,106,19228,434,0,16850,0.0009999999999976694
27543000,2682,5118,126685,6224,3736,120192,107,19228,438,0,16851,0.0010000000000012221
27544000,-558,1612,126150,2093,-2321,130225,154,19228,438,1,16852,0.0010000000000012221
27545002,-2300,12345,126218,-11226,10005,119536,109,19229,631,1,16853,0.0010019999999997253
27546000,3589,8867,125791,-435,4853,127418,109,19228,446,1,16854,0.0009979999999991662
27547001,9403,1202,123022,12334,-2942,125194,101,19225,414,0,16855,0.0010009999999986974
27548000,4800,12558,124850,798,8738,116198,92,19231,377,0,16856,0.0009990000000001942
27549000,8777,-8909,125069,4213,-12660,130768,110,19229,451,0,16857,0.0010000000000012221
27550000,5080,-5474,127124,12570,-9096,127340,124,19229,451,1,16858,0.0009999999999976694
27551000,2004,13611,129071,-2935,10093,129753,112,19222,508,1,16859,0.0010000000000012221
27552001,2208,19209,127505,-2203,14798,119137,112,19228,459,1,16860,0.0010009999999986974
27553000,8804,2021,128074,9655,1108,125461,101,19233,414,1,16861,0.0009990000000001942
27554000,10111,-9261,125690,5632,-11648,129520,125,19226,512,0,16862,0.0010000000000012221
27555000,10511,-5726,126867,7905,-8083,132884,99,19234,405,0,16863,0.0010000000000012221
27556000,7077,-4473,128588,8070,-8648,125813,104,19234,405,0,16864,0.0009999999999976694
27557001,4212,9621,130533,-146,4624,128953,144,19226,426,1,16865,0.00100100000000225
27558000,-1192,9354,130051,-2395,7811,130074,144,19231,590,1,16866,0.0009990000000001942
27559000,598,4965,129941,276,-7507,127285,115,19232,471,1,16867,0.0009999999999976694
27560000,4933,6740,129336,-3035,-13278,126272,102,19224,418,0,16868,0.0010000000000012221
27561000,11256,-7333,128641,8559,-14009,130110,137,19234,561,0,16869,0.0010000000000012221
27562000,6304,-3557,131245,18925,-3907,130436,105,19234,561,0,16870,0.0009999999999976694
27563000,1755,-2605,129428,-6166,-4187,127223,115,19228,430,0,16871,0.0010000000000012221
27564000,-2179,12810,131574,-9103,14130,122851,115,19224,471,1,16872,0.0010000000000012221
27565000,-2926,8079,133931,1600,-6078,132807,121,19231,496,1,16873,0.0009999999999976694
27566002,-4490,-5571,128664,-8313,-10197,132550,104,19231,426,1,16874,0.0010019999999997253
27567000,-932,-10049,129070,-13743,-12601,129968,119,19224,487,0,16875,0.000998000000002719
27568000,1584,1855,130096,2927,-575,126608,105,19224,487,0,16876,0.0009999999999976694
27569000,-1095,4430,130140,2097,565,127879,116,19226,430,0,16877,0.0010000000000012221
27570000,-7325,3783,130684,-22844,-2126,132962,116,19224,475,1,16878,0.0010000000000012221
27571000,-9861,-4537,129578,-17261,4671,135397,145,19228,594,1,16879,0.0009999999999976694
27572000,-9091,19126,130967,2164,12557,115540,118,19230,483,1,16880,0.0010000000000012221
27573000,-1954,2714,127495,-6788,-6191,134856,103,19228,422,1,16881,0.0010000000000012221
27574000,-3746,-10145,126287,-13813,-10054,130866,167,19228,422,0,16882,0.0009999999999976694
27575002,-2282,898,126793,-6616,1580,124125,103,19226,684,0,16883,0.0010019999999997253
27576000,-1043,11267,125935,-4983,8972,124558,106,19231,422,0,16884,0.000998000000002719
27577000,-4955,13372,128532,-6485,9784,121935,106,19223,434,1,16885,0.0009999999999976694
27578000,-8331,751,125720,-13993,-6029,131468,127,19228,520,1,16886,0.0010000000000012221
27579000,-3612,5888,128240,-10685,1952,121358,112,19232,459,1,16887,0.0009999999999976694
27580001,1738,11869,128077,6634,8376,125431,115,19232,471,0,16888,0.00100100000000225
27581000,3,-4892,123433,-1908,-7145,124696,91,19224,471,0,16889,0.0009990000000001942
27582000,-1377,-3238,124605,-7022,-2926,125661,104,19227,373,0,16890,0.0009999999999976694
27583000,-2398,2677,126094,-7847,698,138242,104,19229,426,0,16891,0.0010000000000012221
27584000,254,11503,125401,3277,13073,107637,129,19222,528,1,16892,0.0010000000000012221
27585001,-2635,12053,128629,-4719,7953,124064,115,19230,471,1,16893,0.0010009999999986974
27586001,6613,-1331,123521,-2472,-7354,132101,97,19230,397,1,16894,0.0010000000000012221
27587000,5318,-6656,120026,12434,-6522,121740,118,19235,397,0,16895,0.0009990000000001942
27588000,10748,3679,125500,967,-2507,122886,109,19233,483,0,16896,0.0009999999999976694
27589000,6329,2595,124868,6823,-2184,120977,109,19228,446,0,16897,0.0010000000000012221
27590000,3003,-2465,127853,7226,-5144,133137,112,19224,459,1,16898,0.0010000000000012221
27591003,360,-1749,127826,-3213,-4512,127523,130,19233,532,1,16899,0.0010029999999972006
27592001,5828,15653,128891,4080,12392,121898,108,19231,442,1,16900,0.000998000000002719
27593000,7825,5135,125089,11119,981,124936,107,19231,442,1,16901,0.0009990000000001942
27594000,10012,5538,127673,479,1377,120204,89,19219,438,0,16902,0.0009999999999976694
27595000,8853,-16145,127514,9670,-19059,145395,89,19231,365,0,16903,0.0010000000000012221
27596000,4130,-6762,125684,9795,-10906,122912,107,19231,438,0,16904,0.0010000000000012221
27597000,2815,6018,130333,-5282,235,125036,118,19224,483,1,16905,0.0009999999999976694
27598000,3251,15398,129335,-1176,10537,128319,116,19230,475,1,16906,0.0010000000000012221
27599000,5041,4604,126031,3957,598,126432,103,19230,475,1,16907,0.0010000000000012221
27600000,6616,-8508,129919,3009,-11609,133148,142,19226,422,0,16908,0.0009999999999976694
27601000,7154,-9063,127614,4830,-13245,123246,142,19226,582,0,16909,0.0010000000000012221
27602000,6882,-7327,129511,9635,-11022,140289,104,19230,426,0,16910,0.0010000000000012221
27603000,648,3889,133076,-9499,71,119935,105,19224,430,0,16911,0.0009999999999976694
27604000,-3021,14140,131879,-10947,9974,125278,148,19232,606,1,16912,0.0010000000000012221
27605000,-10682,7506,131543,5036,6494,131282,111,19232,606,1,16913,0.0010000000000012221
27606000,-2255,-12994,127745,-16260,-15482,136212,103,19231,455,1,16914,0.0009999999999976694
27607001,-48,-5746,131391,-4173,-15843,129672,103,19227,422,0,16915,0.00100100000000225
27608000,4284,11790,128000,1812,6262,117211,108,19230,442,0,16916,0.0009989999999966415
27609000,-6146,9590,134550,-3849,-909,134245,112,19228,459,0,16917,0.0010000000000012221
27610000,-3315,-13946,127210,-13103,-13305,134461,126,19220,516,1,16918,0.0010000000000012221
27611000,-9651,8305,131610,-13276,9613,128339,114,19220,516,1,16919,0.0009999999999976694
27612001,-12167,15530,130626,-12806,11808,119603,105,19225,467,1,16920,0.00100100000000225
27613000,-319,13409,129181,-4548,2749,124954,105,19228,430,1,16921,0.0009990000000001942
27614000,-5718,-11871,124990,-5489,-23585,138699,128,19222,524,0,16922,0.0009999999999976694
27615002,-1062,-5189,126830,-5919,-902,119971,101,19231,414,0,16923,0.001002000000003278
27616000,-1835,9241,128697,-10345,2193,129591,107,19228,438,0,16924,0.0009979999999991662
27617000,-4151,10929,127603,-6568,10674,117886,149,19228,610,1,16925,0.0009999999999976694
27618000,-6232,10266,127792,-7028,10722,131725,115,19230,610,1,16926,0.0010000000000012221
27619000,-5482,-2525,125646,-11975,-7253,125650,115,19229,471,1,16927,0.0010000000000012221
27620000,2186,6159,125203,-264,-5576,125955,101,19225,414,0,16928,0.0009999999999976694
27621000,-1182,-7372,124189,1784,-12176,130761,115,19230,471,0,16929,0.0010000000000012221
27622001,2665,10840,126804,-4202,5621,113447,113,19228,463,0,16930,0.0010009999999986974
27623000,-1114,6690,127524,-2665,-3462,131723,119,19228,487,0,16931,0.0009990000000001942
27624002,-5005,8565,125635,-3895,10709,121040,134,19222,487,1,16932,0.0010019999999997253
27625000,1463,18308,127178,-5972,13346,121981,100,19234,549,1,16933,0.000998000000002719
27626000,2971,6473,123670,9418,3608,123821,100,19230,410,1,16934,0.0009999999999976694
27627001,10813,-734,122328,4449,-5728,125983,116,19229,475,0,16935,0.00100100000000225
27628000,8751,-13605,124883,297,-14170,130109,101,19228,414,0,16936,0.0009990000000001942
27629000,8320,2821,127913,10188,1925,122073,115,19228,471,0,16937,0.0009999999999976694
27630000,3920,-985,125177,11067,-1514,130635,141,19227,471,1,16938,0.0010000000000012221
27631000,-2229,5268,128515,-7972,2724,119828,110,19225,577,1,16939,0.0010000000000012221
27632000,11464,1708,128361,1734,-8021,128644,110,19229,451,1,16940,0.0009999999999976694
27633003,5856,8493,125722,23772,5250,122181,99,19227,405,0,16941,0.0010030000000007533
27634006,8804,5501,128138,-4543,483,122397,149,19235,610,0,16942,0.0010030000000007533
27635000,7668,-13188,125740,6132,-17203,136155,109,19233,446,0,16943,0.0009939999999986071
27636000,3562,-2504,129899,8401,-6720,130539,109,19233,446,0,16944,0.0010000000000012221
27637000,4254,3322,130957,-5827,819,130786,118,19225,446,1,16945,0.0010000000000012221
27638000,-1149,22380,131412,3516,20180,115683,118,19227,483,1,16946,0.0009999999999976694
27639000,6155,1122,126188,-611,-3878,132957,105,19225,430,1,16947,0.0010000000000012221
27640000,7772,-12188,125240,2882,-16263,131038,115,19219,471,0,16948,0.0009999999999976694
27641000,10545,369,130559,11706,-1454,123871,88,19229,360,0,16949,0.0010000000000012221
27642000,3689,3897,128341,6215,1514,127012,105,19229,360,0,16950,0.0010000000000012221
27643000,-1267,3690,134027,-15293,988,120629,129,19227,430,1,16951,0.0009999999999976694
27644000,-2229,-12393,131916,-6606,-15638,144270,129,19220,528,1,16952,0.0010000000000012221
27645000,-12082,7174,127626,5377,2921,124086,113,19229,463,1,16953,0.0010000000000012221
27646000,-501,7382,130576,-19232,3911,122612,97,19228,397,1,16954,0.0009999999999976694
27647000,1367,-6688,128350,-8589,-9791,134314,145,19234,594,0,16955,0.0010000000000012221
27648000,5127,1682,129481,11309,-3608,123948,107,19234,594,0,16956,0.0010000000000012221
27649000,-5799,-1678,130325,-8982,-4984,127261,113,19226,438,0,16957,0.0009999999999976694
27650000,-9469,10123,132472,-21528,7094,123280,113,19225,463,1,16958,0.0010000000000012221
27651000,-7366,4069,131313,-7020,1345,137456,137,19229,561,1,16959,0.0010000000000012221
27652000,-7947,10196,130181,-7513,6130,119777,109,19231,446,1,16960,0.0009999999999976694
27653000,-2256,5775,128814,-9815,-7220,130338,107,19220,438,0,16961,0.0010000000000012221
27654000,-3935,3089,125449,-8704,-6758,124085,136,19220,438,0,16962,0.0010000000000012221
27655000,-964,106,129258,-4185,-5658,131586,105,19236,557,0,16963,0.0009999999999976694
27656000,-4133,-656,128042,-3272,-1432,129737,105,19231,430,0,16964,0.0010000000000012221
27657000,-6386,14263,127481,-16357,16428,113521,122,19230,500,1,16965,0.0010000000000012221
27658000,-6559,13840,129133,-5698,2834,132348,117,19227,479,1,16966,0.0009999999999976694
27659002,-1019,498,124697,-2987,-1338,126071,101,19230,414,1,16967,0.0010019999999997253
27660000,304,1714,123242,-7441,3030,122147,136,19230,414,0,16968,0.000998000000002719
27661000,3813,5845,127095,-1801,3642,124596,114,19229,557,0,16969,0.0009999999999976694
27662000,4484,837,123950,6269,-4218,125888,114,19226,467,0,16970,0.0010000000000012221
27663000,-1133,-2339,126190,-9081,-3965,134567,113,19225,463,1,16971,0.0010000000000012221
27664000,-3068,9493,126631,-4810,9212,119564,162,19225,664,1,16972,0.0009999999999976694
27665000,350,14166,126093,3115,13470,123382,111,19230,455,1,16973,0.0010000000000012221
27666001,7084,10070,124970,1465,-3448,121247,98,19230,401,0,16974,0.0010009999999986974
27667000,8916,-1635,123457,5807,-10531,123756,90,19224,401,0,16975,0.0009990000000001942
27668000,6655,-2026,126653,6004,-3409,128973,113,19229,369,0,16976,0.0010000000000012221
27669000,4156,335,125823,5126,905,122962,113,19226,463,0,16977,0.0010000000000012221
27670000,4377,7913,129991,-1086,3930,127655,124,19222,508,1,16978,0.0009999999999976694
27671000,3491,6764,126953,515,8465,123577,111,19229,455,1,16979,0.0010000000000012221
27672000,8034,4476,126558,10259,-1128,127025,100,19229,410,1,16980,0.0009999999999976694
27673000,10705,-2768,124738,5926,-6283,125543,124,19229,410,0,16981,0.0010000000000012221
27674000,9359,-847,127499,1886,-4262,127973,99,19225,508,0,16982,0.0010000000000012221
27675000,9643,-6540,127685,17835,-11571,129820,99,19230,405,0,16983,0.0009999999999976694
27676000,2511,1897,128500,-2669,-25,126593,101,19227,414,1,16984,0.0010000000000012221
27677000,1279,12014,130177,-12743,8832,132028,139,19229,569,1,16985,0.0010000000000012221
27678000,2329,7300,130492,12728,4783,122264,112,19229,459,1,16986,0.0009999999999976694
27679000,3226,764,129082,4801,-3971,127549,100,19230,459,1,16987,0.0010000000000012221
27680000,8697,-7804,128919,-11847,-14523,131946,136,19224,410,0,16988,0.0010000000000012221
27681000,8807,-6559,130062,21912,-6695,127129,136,19232,557,0,16989,0.0009999999999976694
27682000,3969,-4432,128357,6454,-7662,136982,105,19232,430,0,16990,0.0010000000000012221
27683000,-1536,8867,131742,-25552,7974,118687,113,19222,463,1,16991,0.0010000000000012221
27684002,-4500,12411,134874,-4791,7403,129446,117,19231,479,1,16992,0.0010019999999997253
27685000,-4689,-6413,129284,11232,-9943,135948,100,19231,479,1,16993,0.0009979999999991662
27686000,-3140,-8806,130803,-19941,-12389,130092,120,19232,410,0,16994,0.0010000000000012221
27687001,378,-4405,128855,-7678,-7908,128819,120,19223,491,0,16995,0.0010009999999986974
27688000,62,5375,127694,10035,1964,122073,97,19232,397,0,16996,0.0009990000000001942
27689000,-4811,13175,133202,-18281,10298,134543,108,19228,442,0,16997,0.0010000000000012221
27690000,-8234,-3708,126990,-16567,-7627,125044,143,19227,586,1,16998,0.0009999999999976694
27691000,-5720,451,132293,-3984,-2414,132862,118,19227,586,1,16999,0.0010000000000012221
27692000,-6954,8502,129839,-10342,5292,126783,101,19228,483,1,17000,0.0010000000000012221
27693000,-1566,-1253,127286,-10520,-4125,125353,101,19225,414,0,17001,0.0009999999999976694
27694000,-5868,-4914,126052,-7358,-8277,133392,160,19233,655,0,17002,0.0010000000000012221
27695000,-3197,-179,126282,-4274,-2584,122993,102,19228,418,0,17003,0.0010000000000012221
27696000,-3091,12072,129284,-12677,10686,123650,108,19223,442,1,17004,0.0009999999999976694
27697001,-8395,9942,129718,-4745,6896,129335,125,19223,442,1,17005,0.00100100000000225
27698000,-6111,3962,127555,-10170,2047,124421,111,19228,512,1,17006,0.0009990000000001942
27699000,-3546,7929,128285,-11718,4121,123070,111,19229,455,1,17007,0.0009999999999976694
27700000,1458,408,124073,6163,-2843,127269,114,19222,467,0,17008,0.0010000000000012221
27701000,3093,-890,125739,1897,-7505,122140,93,19227,381,0,17009,0.0010000000000012221
27702000,1005,9964,122413,-10397,8637,122675,106,19231,434,0,17010,0.0009999999999976694
27703000,273,11578,127377,-1799,9412,124017,134,19231,434,1,17011,0.0010000000000012221
27704002,-698,4755,125240,-6400,4862,122865,117,19222,549,1,17012,0.0010019999999997253
27705002,5129,2653,127716,4353,-4119,130978,117,19232,479,1,17013,0.0010000000000012221
27706000,2124,-1663,121278,6886,-1393,121054,98,19229,401,0,17014,0.0009979999999991662
27707003,8927,13283,125081,-2169,6787,118564,124,19238,508,0,17015,0.0010030000000007533
27708000,9295,-3782,124501,19681,-12211,129848,108,19226,442,0,17016,0.0009969999999981383
27709000,4562,-7479,125580,2419,-9320,129992,113,19226,442,0,17017,0.0010000000000012221
27710003,3128,2863,129320,-9186,6102,121864,134,19222,463,1,17018,0.0010030000000007533
27711008,5043,13951,129277,10600,11091,121682,110,19229,549,1,17019,0.0010049999999992565
27712000,8461,-1931,124308,10233,-7598,134879,110,19232,451,1,17020,0.000992000000000104
27713000,6929,-2203,125455,-4663,2004,119115,107,19221,438,0,17021,0.0009999999999976694
27714000,10799,-3501,123621,8519,-12546,130082,99,19233,405,0,17022,0.0010000000000012221
27715000,5890,-3965,127911,21700,-5897,127961,104,19233,426,0,17023,0.0010000000000012221
27716000,3409,614,128823,-11344,-8494,130968,121,19227,426,1,17024,0.0009999999999976694
27717000,-225,994,131309,-4077,3340,127547,114,19223,496,1,17025,0.0010000000000012221
27718000,-507,20137,132797,13531,14756,121257,114,19230,467,1,17026,0.0010000000000012221
27719000,3941,-1103,127699,-4190,-11536,134193,102,19231,418,1,17027,0.0009999999999976694
27720000,7145,-5018,127103,-2443,-7529,124909,141,19224,577,0,17028,0.0010000000000012221
27721000,12863,-11201,129584,20075,-15137,138469,103,19224,422,0,17029,0.0010000000000012221
27722000,1044,-5833,127486,3231,-4018,120805,105,19229,422,0,17030,0.0009999999999976694
27723000,2567,10143,134663,-27705,3902,124875,156,19226,430,1,17031,0.0010000000000012221
27724000,-6684,3176,130643,15759,3193,137939,156,19229,639,1,17032,0.0010000000000012221
27725003,-7481,15,129030,-6885,-4825,121162,111,19231,455,1,17033,0.0010029999999972006
27726001,-1680,-8311,129871,-23916,-13247,135604,102,19227,418,0,17034,0.000998000000002719
27727002,-1199,-1631,130134,9746,-6275,127928,120,19232,491,0,17035,0.0010009999999986974
27728002,1929,1526,130546,1373,-892,127852,110,19232,491,0,17036,0.0010000000000012221
27729000,-8020,5778,133320,-17943,3245,130620,122,19226,451,0,17037,0.0009979999999991662
27730000,-7070,3990,129410,-14993,1195,126784,122,19219,500,1,17038,0.0010000000000012221
27731000,-9727,7537,130933,-5979,3901,132861,111,19230,455,1,17039,0.0009999999999976694
27732000,-4608,11073,129716,-11012,9225,121004,104,19230,426,1,17040,0.0010000000000012221
27733000,-3400,459,127445,-10303,-3357,129189,129,19218,528,0,17041,0.0009999999999976694
27734000,-3696,-3238,124878,-5308,-7011,129710,100,19218,528,0,17042,0.0010000000000012221
27735000,3084,1460,129461,-3574,-680,125872,104,19228,410,0,17043,0.0010000000000012221
27736000,-4507,13236,126813,2238,10505,126699,104,19227,426,1,17044,0.0009999999999976694
27737000,-8806,11825,128371,-18087,8090,116949,145,19229,594,1,17045,0.0010000000000012221
27738000,-4007,-1679,129671,-11755,-3721,134282,117,19229,479,1,17046,0.0010000000000012221
27739001,-759,6410,125107,5515,3538,123259,105,19223,430,0,17047,0.0010009999999986974
27740000,-1738,5402,124988,-2887,1822,128121,112,19223,430,0,17048,0.0009990000000001942
27741000,904,-2236,123451,-8326,-5333,123984,109,19231,459,0,17049,0.0010000000000012221
27742000,4486,2407,125951,-4884,-2201,126600,109,19228,446,0,17050,0.0009999999999976694
27743000,-602,11500,126734,5621,7892,118114,115,19220,471,1,17051,0.0010000000000012221
27744000,-2388,15118,125539,-5563,13009,124514,134,19228,549,1,17052,0.0010000000000012221
27745001,2053,5034,124142,-5777,1579,127957,102,19232,418,1,17053,0.0010009999999986974
27746000,9400,5495,123630,3970,631,122024,114,19232,418,0,17054,0.0009990000000001942
27747000,10706,-2214,125342,9714,-10179,130104,102,19224,467,0,17055,0.0010000000000012221
27748001,6751,3848,125102,10597,-8045,120829,102,19226,418,0,17056,0.0010009999999986974
27749000,3559,-2521,127690,-3710,-13933,134403,112,19226,459,1,17057,0.0009990000000001942
27750000,2037,7280,127111,7792,14092,119225,142,19231,582,1,17058,0.0010000000000012221
27751000,3845,23636,129777,2903,16683,119301,113,19229,463,1,17059,0.0009999999999976694
27752000,8835,4668,125258,7550,-2607,125111,94,19229,463,1,17060,0.0010000000000012221
27753001,13087,-3813,125919,5601,-11890,128581,144,19224,385,0,17061,0.0010009999999986974
27754000,11115,-13806,126910,13095,-18401,134828,144,19234,590,0,17062,0.0009990000000001942
27755000,5597,-3266,128819,5352,-202,123434,104,19232,426,0,17063,0.0010000000000012221
27756000,1432,2736,131428,-10923,3779,132709,108,19222,442,1,17064,0.0010000000000012221
27757000,-235,7654,130408,4315,2645,126665,116,19226,475,1,17065,0.0009999999999976694
27758002,169,9560,130097,6451,-3232,122203,106,19226,434,1,17066,0.0010019999999997253
27759001,4282,-8017,129360,-5857,-9883,136175,112,19229,434,1,17067,0.0009990000000001942
27760001,9409,-2674,128274,8867,-11420,122313,99,19219,459,0,17068,0.0010000000000012221
27761002,4980,-2158,130264,13773,-10240,135328,99,19229,405,0,17069,0.0010009999999986974
27762000,576,-3862,129497,-19280,-1661,126355,113,19227,463,0,17070,0.000998000000002719
27763000,750,14414,135480,-6757,8665,126670,134,19220,549,1,17071,0.0009999999999976694
27764000,-5662,2743,131070,7319,-1162,135572,113,19220,463,1,17072,0.0010000000000012221
27765000,-3936,2318,128858,-16157,-346,122088,96,19231,463,1,17073,0.0009999999999976694
27766014,2179,-9350,130164,-11417,-16822,137895,146,19228,393,0,17074,0.0010140000000014027
27767000,791,-2685,128666,11000,-6594,123060,146,19233,598,0,17075,0.0009860000000010416
27768000,-2577,7327,131093,-8564,806,127442,108,19230,442,0,17076,0.0009999999999976694
27769000,-6916,3024,132711,-23215,1465,128311,113,19224,463,1,17077,0.0010000000000012221
27770000,-8411,4188,129675,-4880,185,130354,135,19224,553,1,17078,0.0010000000000012221
27771000,-8882,1484,129057,-9122,2137,132340,108,19231,553,1,17079,0.0009999999999976694
27772000,-3797,12241,129994,-12231,8346,116399,103,19232,442,1,17080,0.0010000000000012221
27773000,-1720,-8432,126711,-6813,-13440,134578,103,19221,422,0,17081,0.0010000000000012221
27774000,-2194,-3433,126516,-1897,-5302,129254,133,19232,545,0,17082,0.0009999999999976694
27775000,-2734,4391,128656,-7456,629,124124,105,19228,430,0,17083,0.0010000000000012221
27776000,-6168,4155,126873,-12232,2276,127614,122,19222,500,1,17084,0.0010000000000012221
27777000,-5460,11304,127489,-9091,7633,119599,116,19222,500,1,17085,0.0009999999999976694
27778000,-5593,8190,126740,-6046,2795,134683,101,19228,475,1,17086,0.0010000000000012221
27779000,-1414,7334,123206,1685,4617,118884,101,19227,414,0,17087,0.0010000000000012221
27780002,-1185,5701,126654,-11464,3947,120699,136,19231,557,0,17088,0.0010019999999997253
27781000,3964,-1216,125880,-1001,-5315,129424,107,19230,438,0,17089,0.0009979999999991662
27782000,1205,27,124660,8257,-3222,129196,111,19234,455,0,17090,0.0010000000000012221
27783000,-3869,11396,126641,-13603,8627,128502,153,19234,455,1,17091,0.0009999999999976694
27784000,318,15419,126452,-5015,12630,113272,107,19228,627,1,17092,0.0010000000000012221
27785000,6899,6291,126171,9290,2805,131729,107,19228,438,1,17093,0.0010000000000012221
27786000,8687,-5002,120025,4704,-10738,126142,96,19224,393,0,17094,0.0009999999999976694
27787000,8884,1661,124645,532,-2573,120055,89,19228,365,0,17095,0.0010000000000012221
27788001,8134,-3322,123835,7319,-6567,128062,113,19228,463,0,17096,0.0010009999999986974
27789000,5532,-1354,127146,13038,-4528,123578,126,19228,463,1,17097,0.0009990000000001942
27790000,1247,3037,128729,-6622,-3156,126303,113,19220,516,1,17098,0.0010000000000012221
27791000,3207,12071,127418,-1526,9156,120356,113,19229,463,1,17099,0.0010000000000012221
27792000,8126,9495,127220,11938,7328,127627,99,19236,405,1,17100,0.0009999999999976694
27793002,9189,-1844,126044,3936,-4406,124887,125,19225,512,0,17101,0.0010019999999997253
27794000,10098,-7340,127529,7684,-15183,133259,100,19230,410,0,17102,0.000998000000002719
27795000,5528,-9009,128769,6470,-516,124416,104,19230,410,0,17103,0.0009999999999976694
27796000,6340,17955,130369,2968,15513,123195,144,19228,426,1,17104,0.0010000000000012221
27797000,-1473,6955,129290,-2235,4065,131635,144,19229,590,1,17105,0.0009999999999976694
27798000,3805,2532,127918,-2675,-3438,124825,114,19228,467,1,17106,0.0010000000000012221
27799000,7329,-6438,127948,5283,-10759,132771,101,19231,414,0,17107,0.0010000000000012221
27800000,9842,-4262,129790,8176,-3451,123366,135,19228,553,0,17108,0.0009999999999976694
27801000,5912,-3381,129766,4794,-9891,133078,103,19228,422,0,17109,0.0010000000000012221
27802000,1666,-6242,129914,-15386,-3229,130672,118,19227,422,0,17110,0.0010000000000012221
27803000,-3947,10524,133810,-2355,8033,127150,120,19215,483,1,17111,0.0009999999999976694
27804000,-5487,-1014,130681,-4217,-239,130775,120,19228,491,1,17112,0.0010000000000012221
27805002,-6000,1833,131011,-10557,-7117,129443,103,19230,422,1,17113,0.0010019999999997253
27806001,2111,-8609,126022,-7551,-5290,132979,118,19227,483,0,17114,0.0009990000000001942
27807000,2128,8317,130751,1935,2029,118506,96,19227,393,0,17115,0.0009990000000001942
27808000,-852,-366,128877,-1088,-6276,134118,111,19228,393,0,17116,0.0010000000000012221
27809000,-7792,-281,131519,-20521,-2260,131434,149,19226,455,1,17117,0.0009999999999976694
27810000,-10702,5049,131874,-13874,2157,127812,149,19224,610,1,17118,0.0010000000000012221
27811000,-7823,13454,131334,-2728,9614,127137,119,19232,487,1,17119,0.0010000000000012221
27812000,-2656,45,126297,-6601,-3664,126545,100,19226,410,1,17120,0.0009999999999976694
27813000,-3686,-4616,125052,-12538,-7653,126384,162,19226,664,0,17121,0.0010000000000012221
27814000,-2451,2626,126516,-7551,-1381,126416,103,19230,664,0,17122,0.0010000000000012221
27815003,-1493,2428,127738,728,-206,125708,113,19232,422,0,17123,0.0010029999999972006
27816002,-6586,7449,128705,-10807,5067,124580,113,19224,463,1,17124,0.0009990000000001942
27817000,-7807,3269,127265,-16884,-1328,128666,129,19233,528,1,17125,0.000998000000002719
27818000,-4078,8629,128142,-251,5529,132324,109,19231,446,1,17126,0.0009999999999976694
27819000,1610,-3425,123133,-2698,-7794,120066,115,19226,471,0,17127,0.0010000000000012221
27820000,124,3227,125485,-4492,-807,121565,97,19226,471,0,17128,0.0010000000000012221
27821000,76,-2047,124893,-947,-7384,129170,113,19222,397,0,17129,0.0009999999999976694
27822000,-2059,2889,126952,-2496,-406,121640,113,19226,463,0,17130,0.0010000000000012221
27823000,-3715,12540,127124,-4849,9616,126246,136,19221,557,1,17131,0.0010000000000012221
27824000,-1909,16484,127382,-6229,13486,120287,117,19229,479,1,17132,0.0009999999999976694
27825000,4068,8022,123435,12986,4073,124680,99,19227,405,1,17133,0.0010000000000012221
27826000,9794,-4838,122040,-3232,-8284,128009,125,19227,405,0,17134,0.0010000000000012221
27827000,13367,7225,124059,8760,3218,119232,110,19232,512,0,17135,0.0009999999999976694
27828000,6976,-995,125837,16399,-4724,128127,110,19226,451,0,17136,0.0010000000000012221
27829000,5525,-5522,126031,-5081,-8741,129129,115,19224,471,1,17137,0.0009999999999976694
27830000,3215,9117,130745,6808,7333,129285,131,19229,537,1,17138,0.0010000000000012221
27831000,4756,2422,124269,5805,-548,117183,109,19234,446,1,17139,0.0010000000000012221
27832000,9496,1039,127805,3024,-1269,125191,107,19234,446,0,17140,0.0009999999999976694
27833000,8098,2612,126489,6156,-860,128830,99,19224,438,0,17141,0.0010000000000012221
27834000,8402,-11803,124289,10048,-15112,130246,99,19229,405,0,17142,0.0010000000000012221
27835003,4754,-1860,130889,8045,-7020,131845,105,19233,430,0,17143,0.0010030000000007533
27836000,1753,9394,130928,-6784,5796,124667,121,19224,496,1,17144,0.0009969999999981383
27837000,3435,11426,129270,1633,6187,130901,115,19234,471,1,17145,0.0010000000000012221
27838000,1731,2999,130408,5297,-79,128442,102,19234,471,1,17146,0.0009999999999976694
27839000,10739,-9493,124695,-222,-10475,129101,140,19230,418,0,17147,0.0010000000000012221
27840001,4017,-6938,129239,6889,-11010,129783,140,19227,573,0,17148,0.0010009999999986974
27841000,6873,-8999,128695,8862,-17019,136316,105,19232,430,0,17149,0.0009990000000001942
27842003,2382,11526,130666,-4363,12488,119482,106,19228,434,0,17150,0.0010030000000007533
27843002,-6057,12258,133665,-13689,9155,127129,154,19221,631,1,17151,0.0009990000000001942
27844001,-4927,-2332,130648,3469,-7628,133580,113,19221,631,1,17152,0.0009990000000001942
27845000,-1803,-7269,128915,-6317,-12578,131329,104,19233,463,1,17153,0.0009990000000001942
27846000,-1256,-596,129153,-2639,-2237,130755,104,19221,426,0,17154,0.0010000000000012221
27847000,5539,5582,129697,-1612,933,121152,118,19231,483,0,17155,0.0009999999999976694
27848000,-4019,7807,132452,-6810,-856,128137,107,19227,438,0,17156,0.0010000000000012221
27849000,-7857,-5647,129487,-15636,-4827,133205,121,19223,496,1,17157,0.0010000000000012221
27850000,-10089,9281,131817,-13604,6182,126332,113,19223,463,1,17158,0.0009999999999976694
27851000,-9558,9193,129545,-4938,5232,126221,104,19228,463,1,17159,0.0010000000000012221
27852000,-2675,7392,129997,-10984,-597,125042,129,19230,426,1,17160,0.0010000000000012221
27853000,-4727,-13984,126966,-5813,-11278,136362,129,19223,528,0,17161,0.0009999999999976694
27854000,-1699,5319,126691,-7255,-1340,119466,97,19227,397,0,17162,0.0010000000000012221
27855000,-2266,5259,126560,-13120,-71,132710,102,19227,418,0,17163,0.0010000000000012221
27856001,-4598,9793,127711,-3713,10849,121422,146,19227,598,1,17164,0.0010009999999986974
27857000,-9191,11687,128149,-15199,6349,125678,118,19228,598,1,17165,0.0009990000000001942
27858002,-2110,654,125471,-11008,-2072,129673,106,19228,483,1,17166,0.0010019999999997253
27859000,1297,2101,126112,3616,-1086,125068,106,19229,434,0,17167,0.0009979999999991662
27860001,1362,-5475,123029,-1340,-6221,127829,105,19231,430,0,17168,0.00100100000000225
27861000,1055,8655,125345,-5616,5160,119617,109,19228,446,0,17169,0.0009989999999966415
27862000,-1921,938,125787,-1846,-4034,131514,117,19228,479,1,17170,0.0010000000000012221
27863000,-1984,10647,127529,-2328,9023,121582,133,19228,479,1,17171,0.0010000000000012221
27864000,-1812,10245,127327,-5751,5127,124068,103,19229,545,1,17172,0.0009999999999976694
27865000,4837,-1333,124764,4873,-2434,125803,103,19234,422,1,17173,0.0010000000000012221
27866000,8334,5522,125920,6973,-4072,122826,115,19227,471,0,17174,0.0010000000000012221
27867000,7791,-6905,124686,3210,-11727,132049,108,19226,442,0,17175,0.0009999999999976694
27868000,6118,1833,128334,6079,102,122681,116,19226,475,0,17176,0.0010000000000012221
27869000,-399,3896,128040,5769,-509,124862,144,19226,475,1,17177,0.0010000000000012221
27870000,4354,11943,128423,-10045,10766,121858,114,19227,590,1,17178,0.0009999999999976694
27871000,7234,4148,126357,11960,358,130138,114,19231,467,1,17179,0.0010000000000012221
27872000,10486,-225,123570,12666,-2871,124682,98,19227,401,0,17180,0.0010000000000012221
27873001,9354,7810,126560,-4077,4277,118729,145,19222,594,0,17181,0.0010009999999986974
27874000,8616,-12588,127455,13502,-16126,136060,110,19225,451,0,17182,0.0009990000000001942
27875000,7511,-6635,129096,5010,-10227,131206,109,19225,451,0,17183,0.0010000000000012221
27876000,-556,5673,131215,-4961,2154,130774,123,19224,446,1,17184,0.0009999999999976694
27877000,1980,20140,129652,1860,16923,119376,123,19230,504,1,17185,0.0010000000000012221
27878000,4560,-872,126862,4233,-4041,124254,108,19232,442,1,17186,0.0010000000000012221
27879000,8754,-12949,124863,63,-17198,135508,116,19218,475,0,17187,0.0009999999999976694
27880000,11779,-2581,129786,6922,-4673,123739,89,19227,365,0,17188,0.0010000000000012221
27881000,710,-2015,130364,16044,-5281,129552,101,19227,365,0,17189,0.0010000000000012221
27882002,1619,2934,132840,-20138,-1135,125709,126,19228,414,1,17190,0.0010019999999997253
27883000,-7287,3020,132460,-10028,420,134324,126,19226,516,1,17191,0.0009979999999991662
27884000,-7566,2069,131001,8068,-834,118775,111,19231,455,1,17192,0.0010000000000012221
27885000,-2913,7513,129592,-16278,4938,129318,98,19227,401,1,17193,0.0009999999999976694
27886000,-737,-6757,128969,-12755,-11826,133568,148,19232,606,0,17194,0.0010000000000012221
27887000,4207,4821,129084,13021,-1908,122189,105,19232,606,0,17195,0.0010000000000012221
27888000,-5512,731,131415,-9727,-5303,134099,111,19230,430,0,17196,0.0009999999999976694
27889000,-8080,11620,132442,-26136,11841,120578,111,19221,455,1,17197,0.0010000000000012221
27890000,-5898,3255,128391,-3310,5194,137151,132,19229,541,1,17198,0.0009999999999976694
27891000,-6717,4909,126952,-6824,10330,123933,110,19231,451,1,17199,0.0010000000000012221
27892000,325,5536,127815,-13991,-1792,123433,112,19222,459,0,17200,0.0010000000000012221
27893001,-2386,-5626,125676,-6783,-8479,131371,129,19222,528,0,17201,0.0010009999999986974
27894000,1477,1440,130356,-797,-2796,126305,102,19229,528,0,17202,0.0009990000000001942
27895000,-5111,358,127575,-9201,-1231,128507,123,19230,418,0,17203,0.0010000000000012221
27896000,-7483,17043,129231,-15401,14601,119663,123,19223,504,1,17204,0.0009999999999976694
27897001,-9460,2962,126827,-2207,-3221,133185,115,19227,471,1,17205,0.00100100000000225
27898000,-4553,7453,125901,-8419,8604,118054,106,19228,434,1,17206,0.0009990000000001942
27899000,2746,9656,127229,-3120,2667,123871,141,19228,577,0,17207,0.0009999999999976694
27900000,1125,-10387,124527,6377,-9825,130132,105,19238,577,0,17208,0.0010000000000012221
27901001,6029,-581,126609,-11588,-8500,125555,106,19228,430,0,17209,0.0010009999999986974
27902002,-950,2317,123816,4057,12646,127150,106,19235,434,1,17210,0.00100100000000225
27903000,-2329,16024,127292,-6340,12208,120638,159,19224,651,1,17211,0.0009979999999991662
27904000,1117,3466,122881,-4357,-1564,127498,111,19233,455,1,17212,0.0010000000000012221
27905001,5536,8948,124821,10071,2864,122125,99,19233,405,0,17213,0.0010009999999986974
27906001,10240,-979,124429,2992,-5460,122971,98,19224,405,0,17214,0.0010000000000012221
27907000,5792,-2123,126089,13044,-5774,124000,117,19227,401,0,17215,0.0009990000000001942
27908000,5124,-4411,124917,-1713,-10431,133824,117,19227,479,0,17216,0.0009999999999976694
27909000,3379,4498,126663,-1770,6257,121705,125,19220,512,1,17217,0.0010000000000012221
27910003,4055,22065,131635,9083,18331,117741,112,19229,459,1,17218,0.0010030000000007533
27911000,6968,-808,123478,5221,-4022,132215,99,19232,405,1,17219,0.0009969999999981383
27912000,9759,-5081,124834,-167,-6850,129048,128,19232,405,0,17220,0.0010000000000012221
27913000,14344,-10153,126614,12282,-15265,127801,97,19228,524,0,17221,0.0010000000000012221
27914000,8386,-450,125775,19235,-4444,120253,97,19232,397,0,17222,0.0009999999999976694
27915000,1983,5348,132399,-9446,903,131396,103,19229,422,1,17223,0.0010000000000012221
27916000,1237,2862,129867,-5229,-157,129936,138,19227,565,1,17224,0.0010000000000012221
27917000,-2,8641,129809,12225,6271,128417,111,19230,455,1,17225,0.0009999999999976694
27918001,2773,11980,130930,-4582,8654,121096,100,19230,455,1,17226,0.00100100000000225
27919000,10166,-12958,126295,-2882,-17864,132360,135,19222,410,0,17227,0.0009990000000001942
27920002,10396,-12638,130912,26411,-15020,136174,135,19232,553,0,17228,0.0010019999999997253
27921000,3433,-5743,126484,-2936,-9479,130240,106,19229,434,0,17229,0.0009979999999991662
27922000,-1699,16259,132925,-18276,13576,118939,117,19220,479,1,17230,0.0009999999999976694
27923000,-2682,9192,131920,-1527,7023,128116,117,19231,479,1,17231,0.0010000000000012221
27924000,-3919,-10113,130244,5290,-12622,141923,99,19231,479,1,17232,0.0010000000000012221
27925000,-802,-10845,128498,-14455,-15119,124815,119,19230,405,0,17233,0.0009999999999976694
27926000,-1443,-832,131514,-9126,-3465,126647,119,19224,487,0,17234,0.0010000000000012221
27927000,430,1120,129955,6560,-254,128117,99,19229,405,0,17235,0.0010000000000012221
27928000,-7827,4423,130436,-14166,457,128643,112,19225,459,0,17236,0.0009999999999976694
27929000,-9580,564,130550,-19561,-1168,133786,146,19224,598,1,17237,0.0010000000000012221
27930000,-8614,11250,130583,-3903,9367,117214,116,19224,598,1,17238,0.0010000000000012221
27931003,-3904,8053,131284,-10161,6827,135133,101,19234,475,1,17239,0.0010030000000007533
27932000,-2810,-2004,127012,-7782,-3407,124616,101,19227,414,0,17240,0.0009969999999981383
27933000,-4628,-6879,125431,-7743,-9876,134243,166,19232,680,0,17241,0.0010000000000012221
27934000,-3101,5559,127458,-5955,-1400,118030,107,19232,438,0,17242,0.0009999999999976694
27935000,-6139,12962,128288,-10918,2380,124975,114,19221,467,1,17243,0.0010000000000012221
27936000,-4186,9309,129521,-2535,1668,126396,124,19221,508,1,17244,0.0010000000000012221
27937000,-7155,3678,125955,-12367,7165,121738,109,19230,508,1,17245,0.0009999999999976694
27938000,1128,2083,128597,-9603,-1519,127590,115,19231,446,1,17246,0.0010000000000012221
27939001,804,5753,125797,5733,-3299,118880,115,19227,471,0,17247,0.0010009999999986974
27940001,1616,-9378,121509,-11504,-9326,134927,97,19230,397,0,17248,0.0010000000000012221
27941000,-2258,4693,127321,-8458,6125,117700,113,19227,463,0,17249,0.0009990000000001942
27942000,592,14466,125309,2893,10806,121440,136,19227,557,1,17250,0.0010000000000012221
27943000,-3683,9950,127072,1364,7702,128099,115,19219,557,1,17251,0.0009999999999976694
27944000,1119,2209,124292,-5508,-1218,124370,96,19232,471,1,17252,0.0010000000000012221
27945000,9091,4858,123023,2854,4579,123011,96,19228,393,0,17253,0.0010000000000012221
27946000,8950,7875,126243,14927,880,121799,125,19229,512,0,17254,0.0009999999999976694
27947001,8211,-20354,124247,10744,-22048,136996,119,19228,487,0,17255,0.00100100000000225
27948000,2128,2142,127569,-5411,-8617,119128,120,19228,491,0,17256,0.0009990000000001942
27949000,2277,6418,125910,-9361,5061,129917,132,19223,491,1,17257,0.0009999999999976694
27950000,4036,13578,130384,15982,11316,120778,109,19229,541,1,17258,0.0010000000000012221
27951000,4893,7440,125533,4021,199,122201,109,19231,446,1,17259,0.0009999999999976694
27952000,11509,591,126306,-7341,-6366,131593,105,19223,430,0,17260,0.0010000000000012221
27953002,8991,-3414,125690,18777,-6468,125192,99,19230,405,0,17261,0.0010019999999997253
27954000,11252,-7057,127857,11758,-10465,133239,107,19228,438,0,17262,0.0009979999999991662
27955000,1215,-288,128879,-9524,-2457,126233,120,19228,438,1,17263,0.0010000000000012221
27956000,105,7739,132274,577,3889,126796,116,19220,491,1,17264,0.0010000000000012221
27957000,-285,5106,129770,6758,1382,127886,116,19228,475,1,17265,0.0009999999999976694
27958000,2002,-2037,126972,-8756,-5845,126063,100,19229,410,1,17266,0.0010000000000012221
27959002,11061,-10182,128100,4366,-10080,130575,136,19227,557,0,17267,0.0010019999999997253
27960000,7221,-6192,128612,25118,-13808,130650,98,19230,401,0,17268,0.0009979999999991662
27961000,1004,-7446,130141,-20774,-11140,134765,106,19230,401,0,17269,0.0010000000000012221
27962000,175,12802,135480,-17088,12160,124351,153,19228,434,1,17270,0.0010000000000012221
27963000,-10204,8245,130730,19194,4201,128711,153,19225,627,1,17271,0.0009999999999976694
27964000,-2808,-58,129003,-17521,-3799,128990,109,19233,446,1,17272,0.0010000000000012221
27965000,-4024,-10581,128380,-18336,-14905,134077,100,19224,410,0,17273,0.0010000000000012221
27966000,5217,3460,129887,8403,75,125173,114,19234,467,0,17274,0.0009999999999976694
27967000,-3010,7661,131375,432,4216,124861,108,19234,467,0,17275,0.0010000000000012221
27968000,-5715,1383,131916,-20304,-1105,130060,125,19228,442,0,17276,0.0010000000000012221
27969000,-8884,-4661,130645,-14801,-7308,137945,125,19218,512,1,17277,0.0009999999999976694
27970000,-12962,11468,131054,-3604,8020,125288,115,19233,471,1,17278,0.0010000000000012221
27971000,-1734,25669,130245,-14203,23424,119151,101,19229,414,1,17279,0.0010000000000012221
27972000,-6454,-7293,124294,-7645,-9338,128770,127,19216,520,0,17280,0.0009999999999976694
27973003,1964,-13132,127176,-6323,-16381,135650,107,19216,520,0,17281,0.0010030000000007533
27974000,-2138,11822,128034,-4843,7785,126631,109,19226,438,0,17282,0.000997000000001691
27975000,-4983,10371,128460,-6633,6848,117259,109,19227,446,1,17283,0.0009999999999976694
27976000,-7839,11252,129419,-14860,6943,128714,152,19232,623,1,17284,0.0010000000000012221
27977000,-5018,-1632,123852,-11599,-4335,132422,118,19229,483,1,17285,0.0010000000000012221
27978000,3038,8684,127971,2481,4436,120395,105,19221,430,0,17286,0.0009999999999976694
27979000,-3452,4272,125366,928,3336,124385,110,19221,430,0,17287,0.0010000000000012221
27980000,6760,218,121767,-10640,-6478,128388,108,19229,451,0,17288,0.0010000000000012221
27981000,53,9534,127515,2910,5491,125133,108,19229,442,0,17289,0.0009999999999976694
27982000,260,8783,124611,902,3311,122593,113,19221,463,1,17290,0.0010000000000012221
27983000,-3989,25189,127578,-9082,14629,116489,128,19231,524,1,17291,0.0009999999999976694
27984000,4220,817,122736,-1315,359,134455,101,19232,414,1,17292,0.0010000000000012221
27985000,13410,-1029,124421,6976,411,121736,116,19232,475,0,17293,0.0010000000000012221
27986000,7406,2749,123376,6968,-1770,122778,108,19225,475,0,17294,0.0009999999999976694
27987011,8841,-3093,124830,4604,-9773,127710,114,19228,442,0,17295,0.0010110000000018715
27988000,2526,-2804,127179,8376,-4952,129441,114,19227,467,1,17296,0.0009890000000005728
27989000,2944,3426,129291,-4038,3388,126972,141,19230,577,1,17297,0.0009999999999976694
27990001,3471,15768,127695,8407,12225,118450,112,19231,459,1,17298,0.00100100000000225
27991000,7345,7574,125440,6512,-172,124327,98,19231,401,1,17299,0.0009990000000001942
27992000,14021,3574,126418,2942,-7449,121864,136,19226,401,0,17300,0.0009999999999976694
27993000,8022,-11658,126996,16793,-15836,136475,102,19234,557,0,17301,0.0010000000000012221
27994000,6413,-10602,130559,1179,-11398,131368,102,19232,418,0,17302,0.0010000000000012221
27995001,1809,13910,131518,-8983,9280,121596,105,19225,430,1,17303,0.0010009999999986974
27996000,2710,10208,129542,13136,3070,132511,114,19229,467,1,17304,0.0009990000000001942
27997000,1601,8615,129122,-636,5881,125945,108,19229,442,1,17305,0.0010000000000012221
27998002,7125,-2261,127809,-5625,-7337,129550,115,19230,442,0,17306,0.0010019999999997253
27999000,10218,-2563,128146,19916,-4447,124453,89,19218,471,0,17307,0.0009979999999991662
28000000,5298,-4569,129596,5182,-14059,132264,89,19230,365,0,17308,0.0010000000000012221
28001000,3453,-7531,132423,-20112,-6512,131446,100,19231,410,0,17309,0.0009999999999976694
28002000,-459,9189,134235,1598,5060,129306,130,19225,532,1,17310,0.0010000000000012221
28003000,-8144,-2432,129872,1379,-1013,129180,115,19231,471,1,17311,0.0010000000000012221
28004000,-4402,5342,130848,-21233,113,122444,98,19231,471,1,17312,0.0009999999999976694
28005000,1947,-13966,127263,-3532,-19583,141310,148,19227,401,0,17313,0.0010000000000012221
28006000,89,-1469,129870,11220,-3950,122862,148,19228,606,0,17314,0.0010000000000012221
28007000,-3880,6277,131622,-13428,1240,123381,111,19229,455,0,17315,0.0009999999999976694
28008000,-7045,6194,131194,-11304,1237,129288,114,19223,467,1,17316,0.0010000000000012221
28009000,-9835,1186,130322,-10299,-1065,135151,136,19230,557,1,17317,0.0010000000000012221
28010000,-10742,6365,131046,-11638,3088,127410,112,19230,557,1,17318,0.0009999999999976694
28011000,-1619,8970,128478,-7597,5876,121743,110,19229,459,1,17319,0.0010000000000012221
28012005,-3237,-2232,126556,-5756,-5156,129793,110,19220,451,0,17320,0.0010049999999992565
28013000,-1149,-3064,126656,-3717,-6148,130038,127,19233,520,0,17321,0.000994999999999635
28014000,1510,-6897,124822,-7397,-10694,127274,100,19229,410,0,17322,0.0010000000000012221
28015000,-4817,16339,130417,-4340,13643,121530,122,19224,500,1,17323,0.0009999999999976694
28016000,-5951,3902,124069,-7504,31,128923,118,19224,500,1,17324,0.0010000000000012221
28017000,-9104,13283,127075,-14941,9180,120852,104,19228,483,1,17325,0.0010000000000012221
28018000,285,7384,126227,-7161,4127,133417,104,19231,426,0,17326,0.0009999999999976694
28019000,2087,-5578,123109,6911,-8038,117668,140,19232,573,0,17327,0.0010000000000012221
28020001,2420,-8142,126213,-1920,-9914,125547,103,19227,422,0,17328,0.0010009999999986974
28021001,-786,3556,125973,-9948,-498,130502,108,19225,442,0,17329,0.0010000000000012221
28022003,-3014,16055,126535,580,14165,116438,161,19225,442,1,17330,0.0010019999999997253
28023000,-3023,4205,126774,-2171,636,135390,109,19230,659,1,17331,0.000997000000001691
28024000,2954,14231,124630,-2210,10797,115241,109,19231,446,1,17332,0.0009999999999976694
28025000,9762,502,124055,4880,-1815,130213,100,19222,410,0,17333,0.0010000000000012221
28026000,12457,2656,124559,10149,-2313,119450,84,19228,344,0,17334,0.0010000000000012221
28027001,7467,-7153,124492,6600,-7974,134278,110,19230,451,0,17335,0.0010009999999986974
28028002,3827,1939,126445,4041,-7739,119982,123,19230,504,1,17336,0.0010009999999986974
28029001,-634,3783,126745,2124,3045,126789,111,19221,504,1,17337,0.0009990000000001942
28030000,6126,4994,129114,129,659,128896,97,19231,455,1,17338,0.0009990000000001942
28031000,7963,2615,123209,5280,9968,118149,97,19230,397,1,17339,0.0010000000000012221
28032010,10392,2245,130415,4911,-399,129900,128,19222,524,0,17340,0.0010100000000008436
28033002,11240,-10895,124723,7265,-20192,130434,101,19233,414,0,17341,0.000992000000000104
28034000,5337,-12604,126876,695,-8486,137070,103,19233,422,0,17342,0.0009979999999991662
28035000,1030,12176,133320,-5616,8785,120900,140,19226,422,1,17343,0.0010000000000012221
28036000,-288,14560,129733,3884,7985,122926,112,19227,573,1,17344,0.0009999999999976694
28037000,2078,8088,129931,3452,4982,132694,112,19229,459,1,17345,0.0010000000000012221
28038000,7691,-12182,124875,-5057,-14985,131720,103,19226,422,0,17346,0.0010000000000012221
28039000,10382,-7651,128334,13309,-6507,127298,135,19232,553,0,17347,0.0009999999999976694
28040000,6638,5185,129942,14131,-2029,127855,106,19232,434,0,17348,0.0010000000000012221
28041000,-2514,-8184,130811,-20120,-3024,132456,115,19228,434,0,17349,0.0010000000000012221
28042000,-858,12894,135120,-13267,5507,123936,115,19221,471,1,17350,0.0009999999999976694
28043000,-7518,2774,129300,5383,1443,131924,115,19228,471,1,17351,0.0010000000000012221
28044000,-4557,2598,131106,-9769,-755,124724,102,19232,418,1,17352,0.0010000000000012221
28045000,-1474,-7539,128090,-16231,-15083,130911,120,19222,491,0,17353,0.0009999999999976694
28046002,4366,503,129597,7634,158,128660,98,19229,401,0,17354,0.0010019999999997253
28047001,-3686,6806,131874,291,2900,124950,108,19229,401,0,17355,0.0009990000000001942
28048002,-6552,-376,131382,-24894,-3880,132657,145,19225,442,1,17356,0.00100100000000225
28049000,-10310,4366,131311,-10103,2510,129995,145,19227,594,1,17357,0.0009979999999991662
28050000,-10379,1064,128768,-2695,-2148,130118,117,19229,479,1,17358,0.0009999999999976694
28051000,-1186,10722,130524,-11718,7789,120653,102,19226,418,1,17359,0.0010000000000012221
28052000,-6317,-5212,124534,-11728,-11616,130287,166,19231,680,0,17360,0.0010000000000012221
28053000,-668,-3700,126814,1302,-4934,126945,105,19231,680,0,17361,0.0009999999999976694
28054000,-2774,3912,127349,-10673,-1228,124566,113,19231,430,0,17362,0.0010000000000012221
28055000,-8147,13080,128854,-17100,8270,124072,113,19223,463,1,17363,0.0010000000000012221
28056000,-7194,11451,127365,-6044,6862,124438,123,19228,504,1,17364,0.0009999999999976694
28057000,-4041,4028,127770,-9150,1282,129165,110,19231,451,1,17365,0.0010000000000012221
28058000,2648,5429,124599,-144,2331,122400,115,19224,471,0,17366,0.0010000000000012221
28059000,-1823,-7165,123658,-6221,-9267,126116,105,19224,471,0,17367,0.0009999999999976694
28060002,3474,3833,124699,-3634,515,123838,115,19229,430,0,17368,0.0010019999999997253
28061001,-1792,7132,126505,-341,3812,125298,115,19224,471,0,17369,0.0009990000000001942
28062000,-3750,8970,125329,-4297,6158,125630,136,19224,557,1,17370,0.0009990000000001942
28063000,-2605,12184,126449,-4963,9316,120367,116,19233,475,1,17371,0.0010000000000012221
28064003,6223,4523,124519,-3053,1810,124255,97,19228,397,1,17372,0.0010030000000007533
28065000,12513,16210,125741,19869,12491,122580,124,19228,397,0,17373,0.0009969999999981383
28066000,9172,-11733,122851,5193,-15110,126540,110,19232,508,0,17374,0.0010000000000012221
28067000,6310,-11720,128043,-2196,-14740,132879,110,19228,451,0,17375,0.0010000000000012221
28068000,2711,6012,127010,9147,1478,126297,114,19221,467,1,17376,0.0009999999999976694
28069001,1338,13491,129901,-1906,10763,121588,133,19229,545,1,17377,0.00100100000000225
28070000,4649,12731,126986,1358,11750,121573,105,19235,430,1,17378,0.0009990000000001942
28071000,8735,-5126,123298,8033,-5373,129701,104,19235,430,0,17379,0.0009999999999976694
28072003,11816,-3319,126909,6134,-7551,127117,90,19223,426,0,17380,0.0010030000000007533
28073000,7844,-12893,127448,12858,-9787,133128,104,19235,369,0,17381,0.000997000000001691
28074000,5331,-872,128108,3792,-6997,126785,104,19234,426,0,17382,0.0009999999999976694
28075000,-110,16513,131871,-5703,12169,125631,125,19225,512,1,17383,0.0010000000000012221
28076000,302,8163,129733,-797,-4372,132919,110,19228,451,1,17384,0.0009999999999976694
28077000,3611,9223,127258,6789,4071,119640,99,19228,405,1,17385,0.0010000000000012221
28078000,9062,-12564,128273,-2313,-20981,141999,140,19232,405,0,17386,0.0010000000000012221
28079000,11847,-14381,127269,7995,-7095,125459,102,19224,573,0,17387,0.0009999999999976694
28080000,6081,6016,128290,-2793,649,128679,102,19224,418,0,17388,0.0010000000000012221
28081000,1293,5340,130393,-25211,5871,124875,107,19224,438,1,17389,0.0010000000000012221
28082000,-5256,15322,135321,8327,2268,123077,145,19229,594,1,17390,0.0009999999999976694
28083001,-7330,-10120,129343,-2747,-14139,142794,108,19229,442,1,17391,0.00100100000000225
28084000,-4808,-4069,130690,-21338,-8444,125265,100,19230,442,1,17392,0.0009990000000001942
28085000,978,-2798,129759,1346,-2682,130126,101,19224,410,0,17393,0.0009999999999976694
28086000,4448,3108,128301,4145,-1222,126243,101,19229,414,0,17394,0.0010000000000012221
28087000,-5962,2317,131258,-16496,475,127808,110,19225,451,0,17395,0.0010000000000012221
28088000,-6871,-2802,131244,-14720,-7651,138383,125,19220,512,1,17396,0.0009999999999976694
28089000,-8515,18380,129724,-5328,16813,116703,116,19229,475,1,17397,0.0010000000000012221
28090000,-7522,11290,131245,-9415,2114,135322,101,19229,475,1,17398,0.0010000000000012221
28091000,-2059,-4203,126622,-9930,-5331,127223,130,19228,414,0,17399,0.0009999999999976694
28092001,-2437,-6156,124745,-5108,-7914,129452,130,19224,532,0,17400,0.00100100000000225
28093000,-1194,4668,127231,-5078,3486,125378,100,19234,410,0,17401,0.0009990000000001942
28094000,-187,12589,128042,-11176,9804,117241,107,19228,438,0,17402,0.0009999999999976694
28095000,-5204,5705,130316,-3045,519,134719,148,19226,606,1,17403,0.0010000000000012221
28096000,-7084,835,124639,-15037,-815,124829,114,19226,606,1,17404,0.0010000000000012221
28097000,-2867,11346,128775,-9089,7269,123525,102,19231,467,1,17405,0.0009999999999976694
28098000,713,3276,125876,6859,-658,123236,102,19222,418,0,17406,0.0010000000000012221
28099000,3352,-6905,124101,-3213,-10797,128991,110,19231,451,0,17407,0.0010000000000012221
28100000,-819,3697,126447,-7131,3256,130327,110,19228,451,0,17408,0.0009999999999976694
28101000,296,16336,126155,-1509,13334,114751,119,19220,487,1,17409,0.0010000000000012221
28102000,-1652,12155,127715,4481,7892,130780,123,19220,487,1,17410,0.0010000000000012221
28103000,171,4130,126971,-6489,938,125870,101,19229,504,1,17411,0.0009999999999976694
28104000,6331,542,123911,381,-2049,124086,101,19232,414,0,17412,0.0010000000000012221
28105000,8693,5171,125893,10612,920,123699,118,19228,483,0,17413,0.0010000000000012221
28106000,10917,-6353,121799,5152,-9292,127469,101,19229,414,0,17414,0.0009999999999976694
28107000,1588,-3198,125426,5831,-6721,127311,110,19225,451,0,17415,0.0010000000000012221
28108000,6729,7198,126756,-3551,3883,123666,145,19225,451,1,17416,0.0009999999999976694
28109000,5109,19301,131114,3456,17611,124412,114,19225,594,1,17417,0.0010000000000012221
28110000,7037,6828,124647,15131,2702,127819,114,19232,467,1,17418,0.0010000000000012221
28111000,10517,-4944,125465,-1607,-7901,125653,98,19223,401,0,17419,0.0009999999999976694
28112001,8003,5471,126943,742,-277,130194,139,19232,569,0,17420,0.00100100000000225
28113002,11954,-12575,126614,20993,-15344,127891,105,19231,430,0,17421,0.0010009999999986974
28114000,1810,-1214,132137,2248,-4202,130062,109,19231,430,1,17422,0.0009979999999991662
28115000,1812,1851,131317,-11888,-957,131723,118,19222,446,1,17423,0.0010000000000012221
28116000,900,11040,131424,8914,11950,116466,118,19231,483,1,17424,0.0010000000000012221
28117000,707,4464,128170,5474,1939,131688,105,19236,430,1,17425,0.0009999999999976694
28118000,10696,-6204,126358,-10247,-8619,125206,115,19218,471,0,17426,0.0010000000000012221
28119000,7436,-4986,131066,14988,-8740,131916,88,19231,360,0,17427,0.0010000000000012221
28120000,3992,-7434,129240,14400,-9769,131335,104,19231,426,0,17428,0.0009999999999976694
28121000,-102,7647,132591,-23422,1924,124922,133,19228,426,1,17429,0.0010000000000012221
28122000,-6463,6435,133469,-7188,4216,132805,114,19223,545,1,17430,0.0010000000000012221
28123000,-4495,7493,128663,8511,3981,119396,114,19230,467,1,17431,0.0009999999999976694
28124000,-1408,-2061,129898,-22829,-7081,136708,97,19231,397,0,17432,0.0010000000000012221
28125000,807,-12554,127293,-2990,-3678,127321,141,19235,577,0,17433,0.0010000000000012221
28126000,4763,-4115,130160,6477,-2824,129636,108,19235,442,0,17434,0.0009999999999976694
28127000,-6370,2708,131428,-20743,2370,131551,116,19227,442,0,17435,0.0010000000000012221
28128000,-7801,-645,128600,-13409,-3161,133474,133,19224,475,1,17436,0.0010000000000012221
28129000,-8910,5477,130773,-6932,6633,126747,133,19227,545,1,17437,0.0009999999999976694
28130002,-6917,14851,130417,-8793,12238,121835,110,19231,451,1,17438,0.0010019999999997253
28131000,-2603,-1375,128133,-7392,-10859,133459,110,19218,451,0,17439,0.000998000000002719
28132000,-5584,-8122,126147,-6437,-7009,128330,130,19230,532,0,17440,0.0009999999999976694
28133000,-809,-238,127498,-6431,-3307,127632,105,19230,532,0,17441,0.0010000000000012221
28134000,-6760,11256,128637,-6217,12237,118905,125,19228,430,1,17442,0.0010000000000012221
28135002,-6757,7998,128188,-12855,1394,128586,125,19224,512,1,17443,0.0010019999999997253
28136002,-8761,172,127594,-10612,42,125464,117,19229,479,1,17444,0.0009999999999976694
28137002,-609,16071,128056,-4906,10447,112985,104,19228,426,1,17445,0.0010000000000012221
28138002,1991,-1617,126364,6884,-8359,133798,142,19232,582,0,17446,0.0010000000000012221
28139000,1610,-6040,123532,-2513,-12055,121594,108,19232,582,0,17447,0.0009979999999991662
28140002,2604,-2984,126038,-10809,-2249,131454,113,19225,442,0,17448,0.0010019999999997253
28141002,-3920,16736,126797,2525,15606,116607,113,19225,463,1,17449,0.0010000000000012221
28142004,-1028,13888,126443,-4714,8562,126391,162,19228,664,1,17450,0.0010019999999997253
28143001,1172,5231,124142,-1734,2446,126839,111,19232,455,1,17451,0.0009969999999981383
28144000,7286,6574,123474,4452,2209,120255,103,19222,422,0,17452,0.0009990000000001942
28145000,9591,-3082,122722,7386,-4900,123844,84,19222,422,0,17453,0.0010000000000012221
28146000,8915,-6338,125177,10546,-11829,122246,115,19228,344,0,17454,0.0009999999999976694
28147000,4186,-9415,124206,-176,-12812,138737,115,19228,471,0,17455,0.0010000000000012221
28148000,-68,9637,129327,313,8350,116153,126,19224,516,1,17456,0.0010000000000012221
28149000,4645,17914,128548,-1013,14134,124043,113,19230,463,1,17457,0.0009999999999976694
28150000,4805,3035,126845,7612,190,128003,101,19232,414,1,17458,0.0010000000000012221
28151000,12197,-531,125374,4098,-4492,123218,131,19232,414,0,17459,0.0010000000000012221
28152000,12015,-3883,126216,11036,-6879,134044,99,19225,537,0,17460,0.0009999999999976694
28153000,4252,-7062,125758,14080,-10284,122181,99,19231,405,0,17461,0.0010000000000012221
28154000,7368,-1272,130312,-7803,-5500,132599,105,19229,430,1,17462,0.0010000000000012221
28155000,-1459,5871,129085,-531,1440,127884,137,19227,561,1,17463,0.0009999999999976694
28156000,874,10870,130044,5242,7800,125727,113,19229,463,1,17464,0.0010000000000012221
28157000,966,3205,128590,-4828,297,124856,104,19229,463,1,17465,0.0010000000000012221
28158000,12203,-18455,126667,2801,-21782,132630,134,19225,426,0,17466,0.0009999999999976694
28159000,11424,1544,131028,26542,-4230,135893,134,19229,549,0,17467,0.0010000000000012221
28160004,559,-2631,128629,-10076,-6094,121417,113,19228,463,0,17468,0.0010039999999982285
28161000,1294,18653,135802,-23379,17112,122159,115,19224,471,1,17469,0.000996000000000663
28162001,-8594,-2411,131499,6227,-2816,134412,125,19230,512,1,17470,0.00100100000000225
28163000,-7093,-8530,129055,3294,-11552,130518,104,19230,426,1,17471,0.0009990000000001942
28164000,-1596,-2421,130275,-26059,-6980,124715,121,19231,426,0,17472,0.0009999999999976694
28165000,-2016,1639,129087,-522,-417,125991,98,19221,496,0,17473,0.0010000000000012221
28166000,3875,3128,130810,6468,272,126974,98,19230,401,0,17474,0.0010000000000012221
28167001,-10120,1492,132835,-15943,-592,135963,107,19225,438,0,17475,0.0010009999999986974
28168000,-6390,2456,129544,-16457,-3804,126459,143,19229,586,1,17476,0.0009990000000001942
28169000,-10383,12723,131345,-5870,6384,126576,117,19229,479,1,17477,0.0010000000000012221
28170000,-2135,7207,129549,-8888,-2016,127594,102,19229,479,1,17478,0.0009999999999976694
28171000,-2796,6445,124682,-1906,-2050,124963,167,19223,418,0,17479,0.0010000000000012221
28172000,-6033,-12290,125687,-12481,-10998,132655,167,19228,684,0,17480,0.0009999999999976694
28173003,2804,2423,127998,-10965,7656,119993,102,19234,418,0,17481,0.0010030000000007533
28174000,-8719,11566,128479,-6885,5751,126893,107,19224,438,1,17482,0.000997000000001691
28175002,-6185,10793,127564,-14115,7164,121843,121,19224,496,1,17483,0.0010019999999997253
28176001,-8244,1188,127837,-8984,-6413,133146,109,19226,496,1,17484,0.0009990000000001942
28177000,1501,-3047,125463,297,-339,124166,118,19229,446,0,17485,0.0009990000000001942
28178000,1,8587,127695,668,2692,122029,118,19228,483,0,17486,0.0009999999999976694
28179002,-237,-2653,122577,-9998,-7993,126101,100,19226,410,0,17487,0.0010019999999997253
28180000,2132,4913,125220,-5915,917,125027,108,19228,442,0,17488,0.000998000000002719
28181000,-3769,9702,127616,1861,2914,125237,134,19220,549,1,17489,0.0009999999999976694
28182000,-2263,9071,126236,-2013,5196,121781,114,19220,549,1,17490,0.0010000000000012221
28183000,2575,21477,127178,-7141,9721,121433,97,19232,467,1,17491,0.0010000000000012221
28184000,10497,723,122740,5231,-3996,127732,97,19231,397,0,17492,0.0009999999999976694
28185002,11530,-2884,123164,16594,-8037,125239,120,19232,491,0,17493,0.0010019999999997253
28186000,6067,-5770,125069,4456,-6236,125948,111,19227,455,0,17494,0.000998000000002719
28187000,5201,6062,126987,-1907,4185,124575,114,19222,467,1,17495,0.0009999999999976694
28188000,1600,2865,128640,828,-820,131640,132,19222,467,1,17496,0.0010000000000012221
28189000,5722,10041,127502,6635,6596,121505,106,19229,541,1,17497,0.0010000000000012221
28190000,7848,2408,125526,5058,-2081,122561,106,19231,434,1,17498,0.0009999999999976694
28191000,10299,1339,126515,1361,-3278,124824,107,19221,438,0,17499,0.0010000000000012221
28192000,11661,-7258,125913,15999,-12214,131973,90,19232,369,0,17500,0.0010000000000012221
28193000,5970,-8763,126728,7132,-9769,132397,103,19232,422,0,17501,0.0009999999999976694
28194000,3773,1382,131575,-6423,-2471,128549,120,19232,422,1,17502,0.0010000000000012221
28195000,-458,18045,132456,5153,12486,121295,111,19225,491,1,17503,0.0010000000000012221
28196000,732,6304,130911,4694,2363,135879,111,19232,455,1,17504,0.0009999999999976694
28197000,5317,-7805,126179,-6377,-11352,129872,97,19229,397,1,17505,0.0010000000000012221
28198000,10583,-6182,129184,4806,-10221,126354,144,19227,590,0,17506,0.0010000000000012221
28199000,8509,-3215,128399,24326,-8229,125803,105,19229,430,0,17507,0.0009999999999976694
28200000,-273,-1759,130190,-14847,-4750,132701,106,19229,430,0,17508,0.0010000000000012221
28201000,-1193,8331,132949,-23869,5478,128507,141,19226,434,1,17509,0.0009999999999976694
28202000,-7964,11703,132020,15984,9401,126301,141,19226,577,1,17510,0.0010000000000012221
28203001,-3469,-2584,129992,-8160,-6334,130522,108,19231,442,1,17511,0.00100100000000225
28204000,-804,-14040,129899,-18271,-17094,135517,104,19227,426,0,17512,0.0009989999999966415
28205000,3893,514,129399,1259,-6554,131362,101,19232,414,0,17513,0.0010000000000012221
28206000,-338,9297,129386,5954,4764,124900,110,19232,414,0,17514,0.0010000000000012221
28207000,-7190,5019,131646,-15624,2237,122845,125,19231,451,1,17515,0.0009999999999976694
28208000,-8684,-5099,131937,-17532,-4952,142659,125,19218,512,1,17516,0.0010000000000012221
28209000,-10004,4012,129949,-5696,-1631,129816,113,19228,463,1,17517,0.0010000000000012221
28210000,-5374,22830,134535,-8221,24366,113070,102,19231,418,1,17518,0.0009999999999976694
28211000,-4456,-8954,122794,-10120,-10446,133929,133,19220,545,0,17519,0.0010000000000012221
28212000,-2599,-6293,127178,-5547,-10686,132257,102,19220,418,0,17520,0.0010000000000012221
28213003,-1449,-418,127269,-5613,-5433,123247,105,19228,418,0,17521,0.0010030000000007533
28214000,-3502,22983,129019,-6088,16654,115272,145,19228,430,1,17522,0.0009969999999981383
28215002,-8480,11310,129395,-12968,11487,135040,145,19232,594,1,17523,0.0010019999999997253
28216007,-2854,-6887,125919,-12309,-76,126087,113,19230,463,1,17524,0.0010049999999992565
28217000,1398,7188,126137,1324,3512,125848,103,19223,422,0,17525,0.0009930000000011319
28218000,-3353,581,121669,-683,4593,121774,107,19223,438,0,17526,0.0010000000000012221
28219000,5915,-1983,123070,-2956,869,125544,109,19231,438,0,17527,0.0009999999999976694
28220001,-1203,-3604,125747,-3559,-1280,132242,122,19230,446,0,17528,0.00100100000000225
28221001,-33,16395,126673,-6524,12572,116950,122,19220,500,1,17529,0.0009999999999976694
28222000,-3154,7062,125616,-1560,1117,130693,122,19224,500,1,17530,0.0009990000000001942
28223000,2377,7534,126229,2653,824,121113,99,19230,405,1,17531,0.0010000000000012221
28224000,10508,599,123263,5055,-5136,124940,114,19227,467,0,17532,0.0010000000000012221
28225000,8488,1156,126327,8738,-3827,124904,101,19227,467,0,17533,0.0009999999999976694
28226000,6523,3506,124784,5482,-1579,126217,114,19228,414,0,17534,0.0010000000000012221
28227000,3027,-2864,125409,-1719,-1856,128274,114,19225,467,1,17535,0.0010000000000012221
28228000,1636,15575,130742,1984,12826,120959,149,19227,610,1,17536,0.0009999999999976694
28229000,4739,2962,125747,9662,-1692,125340,113,19231,463,1,17537,0.0010000000000012221
28230000,8397,6055,128238,2127,-205,122605,96,19230,393,1,17538,0.0010000000000012221
28231000,12792,-3349,125289,8004,-3549,127845,129,19230,393,0,17539,0.0009999999999976694
28232000,9709,-8003,126236,17667,-9587,134404,113,19234,528,0,17540,0.0010000000000012221
28233000,5975,-7894,127827,-677,-10009,125531,113,19230,463,0,17541,0.0009999999999976694
28234000,4105,8591,130471,-10040,7164,130018,116,19222,475,1,17542,0.0010000000000012221
28235000,-366,16385,131699,10297,12590,127580,117,19228,479,1,17543,0.0010000000000012221
28236000,3113,6754,126936,780,3217,126609,105,19229,430,1,17544,0.0009999999999976694
28237000,4627,-4764,129290,-4365,-10013,131605,117,19229,430,0,17545,0.0010000000000012221
28238000,10735,-13465,126308,13860,-16085,128541,90,19218,479,0,17546,0.0010000000000012221
28239000,7840,6352,131405,10094,1925,126253,90,19230,369,0,17547,0.0009999999999976694
28240002,398,-1019,131981,-12968,-4384,126683,106,19226,434,0,17548,0.001002000000003278
28241000,-1276,4096,133199,-9799,173,130463,133,19221,545,1,17549,0.0009979999999991662
28242000,-10503,-127,132162,2940,-3897,128393,112,19232,459,1,17550,0.0009999999999976694
28243000,-4656,5170,128972,-10955,3487,126638,97,19232,459,1,17551,0.0010000000000012221
28244000,-1495,-4641,131092,-11933,-9018,134038,145,19227,397,0,17552,0.0010000000000012221
28245001,4113,-6204,126372,10645,-10693,125631,145,19233,594,0,17553,0.0010009999999986974
28246000,-1191,10253,131585,-6774,7288,128359,107,19230,438,0,17554,0.0009990000000001942
28247000,-7346,5113,129622,-16165,2590,125197,116,19221,475,1,17555,0.0010000000000012221
28248000,-7840,4519,131505,-9608,1534,129537,133,19228,545,1,17556,0.0009999999999976694
28249003,-10769,3473,130130,-10134,-340,135551,110,19228,545,1,17557,0.0010030000000007533
28250000,-3614,10167,129351,-9558,6878,124307,112,19228,451,1,17558,0.000997000000001691
28251000,-4926,-6064,126317,-9077,-8235,127705,112,19218,459,0,17559,0.0009999999999976694
28252000,-673,-918,126998,-5150,-5069,127283,117,19232,479,0,17560,0.0010000000000012221
28253001,756,-570,126462,-5067,-4126,133011,107,19225,438,0,17561,0.0010009999999986974
28254000,-6734,15947,128664,-9226,13980,109410,129,19226,528,1,17562,0.0009990000000001942
28255000,-5277,10272,125875,-14011,9359,126615,118,19226,483,1,17563,0.0010000000000012221
28256000,-8922,3219,125982,-6218,-1206,128310,104,19228,483,1,17564,0.0010000000000012221
28257000,14,6517,126868,-7170,4860,117731,147,19227,426,0,17565,0.0009999999999976694
28258000,-134,-6256,124711,596,-10032,135492,147,19232,602,0,17566,0.0010000000000012221
28259000,1001,1993,125144,859,30,126841,109,19227,446,0,17567,0.0010000000000012221
28260000,1225,-790,126798,-11322,-6266,128700,113,19225,463,0,17568,0.0009999999999976694
28261000,-2144,18321,127293,1729,13023,118595,165,19225,676,1,17569,0.0010000000000012221
28262000,-489,2920,125253,-378,3211,133238,111,19230,676,1,17570,0.0010000000000012221
28263000,2366,4020,124104,-4511,3924,115473,102,19234,455,1,17571,0.0009999999999976694
28264000,8157,3236,123289,5325,-9443,130871,102,19227,418,0,17572,0.0010000000000012221
28265000,11007,-1514,124111,17461,-3669,121154,86,19226,352,0,17573,0.0009999999999976694
28266000,5862,-3047,125141,2625,-7526,127927,114,19227,467,0,17574,0.0010000000000012221
28267000,5288,-1882,127994,-6822,-2653,131951,126,19227,516,1,17575,0.0010000000000012221
28268000,890,18783,128942,9414,13159,116489,112,19223,516,1,17576,0.0009999999999976694
28269002,5472,3746,127020,1426,-5761,135656,101,19232,459,1,17577,0.001002000000003278
28270000,6960,-1280,125000,-595,969,118442,101,19228,414,1,17578,0.0009979999999991662
28271000,12080,2668,127131,8968,-125,128284,129,19224,528,0,17579,0.0009999999999976694
28272000,8945,-16454,124755,15020,-16632,132375,111,19232,455,0,17580,0.0010000000000012221
28273000,3585,-1028,128373,-6385,-3103,124847,111,19224,455,0,17581,0.0010000000000012221
28274000,3426,7659,130091,-4770,4302,134357,139,19224,455,1,17582,0.0009999999999976694
28275000,-816,15011,130015,9690,11803,117365,115,19229,569,1,17583,0.0010000000000012221
28276000,3379,-2117,130477,-6874,-9345,135977,115,19230,471,1,17584,0.0010000000000012221
28277000,9404,1112,128840,-1142,-8728,126263,103,19227,422,0,17585,0.0009999999999976694
28278000,7975,-9119,126321,17322,-10106,128686,132,19232,541,0,17586,0.0010000000000012221
28279000,8280,-8504,131052,8421,-13840,138504,104,19230,426,0,17587,0.0010000000000012221
28280000,-3391,4517,131373,-15072,7953,114023,111,19230,426,0,17588,0.0009999999999976694
28281000,-3087,13622,133853,-11450,7974,137181,122,19220,455,1,17589,0.0010000000000012221
28282001,-9036,2402,130755,5817,-3321,127466,122,19232,500,1,17590,0.0010009999999986974
28283001,-2076,-5778,127816,-13704,-13256,129024,101,19232,414,1,17591,0.0010000000000012221
28284000,1011,-4503,129539,-8847,-6026,130031,121,19226,496,0,17592,0.0009990000000001942
28285001,3208,2417,130106,6355,-2662,122341,100,19227,410,0,17593,0.0010009999999986974
28286000,-2815,7148,131854,-7689,2244,133331,109,19227,410,0,17594,0.0009990000000001942
28287000,-10906,819,129468,-22128,-1683,127513,141,19230,446,1,17595,0.0010000000000012221
28288000,-8855,-333,133152,-9817,-1760,133625,141,19225,577,1,17596,0.0010000000000012221
28289000,-9227,18364,129855,-6580,12944,118584,116,19231,475,1,17597,0.0009999999999976694
28290001,-1173,2125,127299,-14138,-194,130706,102,19231,418,1,17598,0.00100100000000225
28291000,-2851,-6545,125610,-6974,-9546,130178,169,19230,692,0,17599,0.0009990000000001942
28292000,-1438,2407,125939,-2709,-294,120925,103,19230,692,0,17600,0.0009999999999976694
28293000,-755,10188,128826,-10813,7293,126993,111,19231,422,0,17601,0.0010000000000012221
28294001,-7856,3297,126932,-7768,-325,127053,111,19221,455,1,17602,0.0010009999999986974
28295000,-2335,12710,126885,-10597,9108,126707,120,19228,491,1,17603,0.0009990000000001942
28296000,-2877,8939,126359,-6005,5979,124728,111,19228,455,1,17604,0.0010000000000012221
28297000,1315,2933,126145,4597,773,121430,118,19227,483,0,17605,0.0009999999999976694
28298000,3463,-4158,125839,-7866,-6723,133369,96,19227,483,0,17606,0.0010000000000012221
28299000,751,-3529,124394,-2443,-6538,123607,109,19230,393,0,17607,0.0010000000000012221
28300000,-557,11103,128429,1297,5235,127017,109,19230,446,1,17608,0.0009999999999976694
28301000,-5612,10775,124977,-7933,8610,120178,132,19222,541,1,17609,0.0010000000000012221
28302000,-597,4793,125896,-2772,1857,132005,114,19234,467,1,17610,0.0010000000000012221
28303000,5753,4028,124831,2000,937,126799,98,19228,401,1,17611,0.0009999999999976694
28304000,10415,6650,126001,8736,5008,115860,126,19228,516,0,17612,0.0010000000000012221
28305000,11259,-4072,124969,7006,-4463,126027,117,19232,516,0,17613,0.0010000000000012221
28306000,3713,-10915,124417,3316,-17415,130903,114,19225,479,0,17614,0.0009999999999976694
28307000,3006,1633,128872,3604,498,122923,114,19225,467,1,17615,0.0010000000000012221
28308000,331,13736,127748,-2947,10469,121123,131,19228,537,1,17616,0.0010000000000012221
28309002,5955,12455,129264,7076,10026,126762,106,19233,434,1,17617,0.0010019999999997253
28310002,10532,-2425,124600,4039,-2612,125086,109,19233,446,0,17618,0.0009999999999976694
28311000,10570,-4744,125749,4876,-11002,130395,94,19220,446,0,17619,0.000998000000002719
28312001,8069,-5187,125682,15797,-5539,126118,101,19230,385,0,17620,0.0010009999999986974
28313002,5494,-2415,128693,5031,1993,126608,101,19225,414,0,17621,0.0010009999999986974
28314000,2727,7317,131625,-2600,5422,126534,119,19224,487,1,17622,0.000998000000002719
28315000,-22,10350,130959,1313,4516,129218,111,19232,455,1,17623,0.0009999999999976694
28316001,-34,-140,130159,2168,-8015,125627,101,19230,414,1,17624,0.00100100000000225
28317000,7460,-9686,128556,525,-17003,134270,144,19230,414,0,17625,0.0009990000000001942
28318000,8580,-14691,127467,17609,-11686,131072,103,19229,590,0,17626,0.0009999999999976694
28319000,6425,1362,129259,552,33,127447,103,19226,422,0,17627,0.0010000000000012221
28320000,954,9547,130794,-18133,8892,123620,105,19225,430,1,17628,0.0010000000000012221
28321000,-6925,13021,133457,1750,5419,127706,150,19230,614,1,17629,0.0009999999999976694
28322000,-7157,-5329,129613,-113,-10190,136466,109,19230,446,1,17630,0.0010000000000012221
28323000,-3605,-14582,127900,-16755,-20513,134374,101,19230,446,1,17631,0.0010000000000012221
28324000,-34,1864,131549,-5989,1808,124741,111,19224,414,0,17632,0.0009999999999976694
28325002,2453,5274,128736,5869,1396,123865,111,19231,455,0,17633,0.0010019999999997253
28326000,-4843,1566,130944,-14846,-75,130545,109,19228,446,0,17634,0.0009979999999991662
28327000,-8136,3631,129662,-19916,-1795,131783,124,19220,508,1,17635,0.0010000000000012221
28328000,-6796,7423,130605,-2792,8052,128275,115,19226,471,1,17636,0.0010000000000012221
28329000,-6814,15101,132071,-7945,10521,122902,102,19226,471,1,17637,0.0009999999999976694
28330000,-3438,-1477,128348,-8094,-6859,130989,130,19231,418,0,17638,0.0010000000000012221
28331001,-3090,-8236,125130,-11076,-10977,131653,130,19220,532,0,17639,0.0010009999999986974
28332000,-2498,1270,127116,-3629,596,125923,109,19229,446,0,17640,0.0009990000000001942
28333001,-2942,19821,128242,-5911,15998,116838,110,19228,451,0,17641,0.00100100000000225
28334001,-5748,6789,128583,-10018,2819,129190,147,19228,602,1,17642,0.0009999999999976694
28335000,-6327,-3942,126560,-10147,-4979,125722,114,19228,602,1,17643,0.0009990000000001942
28336001,-889,8500,129955,-6523,4282,127057,101,19228,467,1,17644,0.00100100000000225
28337000,507,9309,123408,11144,6975,122856,101,19229,414,0,17645,0.0009990000000001942
28338000,1439,-2496,126325,-7764,-5152,130255,108,19230,442,0,17646,0.0009999999999976694
28339000,1981,-950,123769,-9556,-4195,124691,109,19230,446,0,17647,0.0010000000000012221
28340000,684,19408,128269,3375,17854,124538,117,19226,479,1,17648,0.0010000000000012221
28341000,-1793,13833,124825,-3300,9676,118891,118,19226,479,1,17649,0.0009999999999976694
28342000,383,8070,126893,-3179,4877,124088,98,19228,483,1,17650,0.0010000000000012221
28343000,9322,-4920,121145,2325,-8621,135659,98,19232,401,0,17651,0.0010000000000012221
28344001,6610,1365,123476,11322,-3691,116182,117,19228,479,0,17652,0.0010009999999986974
28345000,10427,-861,126092,2380,-3904,126220,101,19227,414,0,17653,0.0009990000000001942
28346002,2915,22,125127,4474,-3756,124474,111,19232,455,0,17654,0.0010019999999997253
28347000,4742,2581,128957,1847,-1172,128189,144,19232,590,1,17655,0.0009979999999991662
28348000,4712,5178,128194,367,2752,125163,113,19230,590,1,17656,0.0010000000000012221
28349002,6558,13946,124794,14446,11582,116981,98,19230,463,1,17657,0.0010019999999997253
28350000,8491,1448,128052,2107,-803,128918,98,19226,401,0,17658,0.0009979999999991662
28351000,9850,-5902,127661,-947,-8353,126146,124,19231,508,0,17659,0.0010000000000012221
28352000,7493,-5393,127956,20746,-12412,138138,106,19232,434,0,17660,0.0010000000000012221
28353002,-437,6817,128305,-1672,-1883,121395,111,19232,455,1,17661,0.0010019999999997253
28354002,1869,9906,132236,-10288,6046,129759,117,19223,455,1,17662,0.0009999999999976694
28355002,3716,8685,129613,9547,4105,124800,106,19228,479,1,17663,0.0010000000000012221
28356000,4899,-619,128853,1548,-1728,133726,106,19233,434,1,17664,0.0009979999999991662
28357000,9520,-7156,127548,-3493,-3228,119907,115,19216,471,0,17665,0.0010000000000012221
28358002,8755,-567,129442,16630,-10482,131234,89,19229,365,0,17666,0.0010019999999997253
28359000,2598,-10714,131337,7887,-8553,134463,104,19229,426,0,17667,0.0009979999999991662
28360000,2006,6885,131781,-24122,7281,123711,133,19230,426,1,17668,0.0010000000000012221
28361000,-7621,11186,135465,479,6839,138156,114,19221,545,1,17669,0.0009999999999976694
28362000,-6673,271,126343,-10383,-4523,125763,114,19229,467,1,17670,0.0010000000000012221
28363000,-1012,-10152,129623,-14152,-15286,140567,99,19232,405,0,17671,0.0010000000000012221
28364000,-1290,-6876,128242,5573,-2363,122217,146,19232,598,0,17672,0.0009999999999976694
28365000,-395,10442,131920,-4940,7489,121942,115,19228,471,0,17673,0.0010000000000012221
28366000,-7069,-2389,133557,-15599,-11021,138264,119,19228,471,0,17674,0.0010000000000012221
28367000,-7983,-701,128990,-10137,-1198,128801,136,19222,487,1,17675,0.0009999999999976694
28368002,-9850,5546,130509,-13444,2233,128999,136,19232,557,1,17676,0.0010019999999997253
28369002,-4834,15876,130491,-10963,14274,117835,114,19228,467,1,17677,0.0010000000000012221
28370002,-4779,-4509,127845,-5425,-15363,134175,112,19221,459,0,17678,0.0010000000000012221
28371000,-2386,-9489,125223,-5574,-13159,129777,111,19233,455,0,17679,0.0009979999999991662
28372000,-2299,2972,126362,-11242,198,122327,103,19233,455,0,17680,0.0010000000000012221
28373000,-4914,5794,129601,-936,2934,127700,128,19228,422,1,17681,0.0009999999999976694
28374000,-7229,7014,127453,-5309,4729,121170,128,19222,524,1,17682,0.0010000000000012221
28375000,-9447,8304,128926,-23243,5490,131717,118,19226,483,1,17683,0.0010000000000012221
28376000,-3176,5093,125248,-1197,1540,122028,104,19229,426,1,17684,0.0009999999999976694
28377000,2954,5100,125218,3355,-457,122851,141,19234,577,0,17685,0.0010000000000012221
28378000,4260,-12190,122682,-6333,-15930,133525,106,19234,577,0,17686,0.0010000000000012221
28379000,346,1817,126673,-1229,-502,119560,110,19229,434,0,17687,0.0009999999999976694
28380002,-615,10101,126362,-2759,5264,127131,110,19223,451,1,17688,0.0010019999999997253
28381000,-4274,15086,125423,-5115,13939,119765,152,19230,623,1,17689,0.000998000000002719
28382000,-661,4342,127205,-6578,328,128404,110,19232,451,1,17690,0.0009999999999976694
28383000,8550,4947,123448,8265,815,121493,101,19220,414,0,17691,0.0010000000000012221
28384000,6250,-3199,122832,3303,-7809,125628,86,19220,414,0,17692,0.0010000000000012221
28385000,9921,-6560,125115,11123,-10103,128927,113,19229,352,0,17693,0.0009999999999976694
28386000,4817,6800,126963,5697,4022,119982,113,19226,463,0,17694,0.0010000000000012221
28387000,3208,4043,127925,-3276,1186,129708,127,19222,520,1,17695,0.0010000000000012221
28388000,2371,3231,127604,-235,-477,120112,112,19231,459,1,17696,0.0009999999999976694
28389000,8290,1088,125083,10705,-788,126912,100,19231,410,1,17697,0.0010000000000012221
28390000,8668,-1102,123689,6002,-4364,125346,130,19231,532,0,17698,0.0009999999999976694
28391000,9644,-4699,127199,5139,-7245,124317,101,19221,532,0,17699,0.0010000000000012221
28392001,10102,-7557,127292,13093,-12351,133755,107,19232,414,0,17700,0.00100100000000225
28393000,3719,9224,131007,-4299,6365,121544,107,19228,438,1,17701,0.0009989999999966415
28394002,-1020,11684,131576,-4335,4112,133987,138,19226,565,1,17702,0.001002000000003278
28395000,-542,4702,128364,7038,3285,121148,111,19231,455,1,17703,0.0009979999999991662
28396000,4222,-11325,128176,-6526,-14296,138976,103,19231,422,1,17704,0.0009999999999976694
28397000,11580,-11877,126643,4784,-16975,129341,136,19224,422,0,17705,0.0010000000000012221
28398000,9138,4970,130452,21823,1732,119403,111,19231,557,0,17706,0.0010000000000012221
28399000,3691,297,127654,-7985,-1767,131467,111,19229,455,0,17707,0.0009999999999976694
28400000,83,6639,131929,-18655,1786,133172,115,19217,471,1,17708,0.0010000000000012221
28401000,-6059,-2485,131214,6660,-3530,132394,113,19226,463,1,17709,0.0010000000000012221
28402000,-7594,2973,131191,-813,545,125474,101,19226,414,1,17710,0.0009999999999976694
28403000,685,-3871,131128,-24131,-8710,135097,122,19235,414,0,17711,0.0010000000000012221
28404000,-424,-3831,129013,1834,-5390,126572,109,19222,500,0,17712,0.0010000000000012221
28405000,522,1342,129452,4926,-3289,127854,109,19225,446,0,17713,0.0009999999999976694
28406000,-8915,15594,131448,-18224,17425,116166,113,19228,463,0,17714,0.0010000000000012221
28407003,-7417,972,130234,-18040,-443,134550,146,19228,598,1,17715,0.0010030000000007533
28408001,-7715,-1624,132168,-6790,-5275,129467,117,19231,479,1,17716,0.0009979999999991662
28409001,-5998,9167,129101,-11144,7950,120981,103,19231,479,1,17717,0.0010000000000012221
28410000,-4740,-2586,128958,-9682,-9496,132205,170,19227,422,0,17718,0.0009990000000001942
28411000,-2761,-4406,125609,-3152,-8632,126840,170,19231,696,0,17719,0.0009999999999976694
28412000,749,7336,127864,-7942,4199,127292,105,19232,430,0,17720,0.0010000000000012221
28413000,-5142,11902,128282,-7273,10832,119303,109,19224,446,1,17721,0.0010000000000012221
28414000,-7587,11210,128410,-9909,2371,123742,119,19226,487,1,17722,0.0009999999999976694
28415000,-6032,7329,127417,-9501,-186,129904,109,19226,487,1,17723,0.0010000000000012221
28416000,330,4564,126032,2034,1180,125592,118,19232,446,0,17724,0.0010000000000012221
28417000,-1019,-1579,125884,-3336,-8058,126823,118,19224,483,0,17725,0.0009999999999976694
28418000,629,9999,125003,-11353,8235,115254,94,19227,385,0,17726,0.0010000000000012221
28419000,3107,2332,125625,188,-1139,130975,107,19227,438,0,17727,0.0010000000000012221
28420000,-3433,-2376,123541,2439,-2740,125636,133,19226,545,1,17728,0.0009999999999976694
28421000,-1911,18353,126358,-12846,14597,118360,112,19226,545,1,17729,0.0010000000000012221
28422000,3967,11716,124789,1235,7313,125046,96,19232,459,1,17730,0.0009999999999976694
28423000,12089,642,125016,15476,-5117,122866,96,19228,393,0,17731,0.0010000000000012221
28424000,8508,-9532,123224,6070,-16097,132895,123,19230,504,0,17732,0.0010000000000012221
28425000,5247,4169,125379,2690,2783,119069,111,19227,455,0,17733,0.0009999999999976694
28426000,5298,4790,127983,4950,811,126243,114,19224,467,1,17734,0.0010000000000012221
28427001,1230,12166,128230,2687,10469,123468,127,19224,467,1,17735,0.0010009999999986974
28428026,2751,4924,125696,-2250,-518,128160,107,19229,520,1,17736,0.001025000000002052
28429004,7454,-3723,129277,10788,-6485,127363,105,19232,438,1,17737,0.0009779999999999234
28430000,11460,8294,127803,4865,3376,118215,105,19220,430,0,17738,0.000996000000000663
28431002,10550,-7708,126230,15624,-10563,134376,85,19231,348,0,17739,0.0010019999999997253
28432002,3062,-6221,127593,2419,-8966,129830,107,19228,438,0,17740,0.0009999999999976694
28433000,3633,6631,130617,-13528,3018,125670,126,19228,516,1,17741,0.000998000000002719
28434000,-592,20927,130880,10531,16393,125706,113,19222,516,1,17742,0.0009999999999976694
28435001,2809,2979,130759,3544,990,125723,99,19227,463,1,17743,0.00100100000000225
28436003,6375,-9002,126888,-6405,-13159,131976,99,19228,405,0,17744,0.0010019999999997253
28437002,11604,-9487,127496,9201,-12814,131063,141,19227,577,0,17745,0.0009990000000001942
28438000,5727,845,128893,21256,-3208,126375,105,19231,430,0,17746,0.0009979999999991662
28439000,1124,2343,130139,-17656,-2193,130028,108,19231,442,0,17747,0.0010000000000012221
28440000,-2692,10152,133324,-15279,8426,124290,147,19224,442,1,17748,0.0009999999999976694
28441000,-6622,-141,131532,7402,-4766,132867,105,19228,602,1,17749,0.0010000000000012221
28442000,-4173,-2764,130781,-7037,-3405,127075,105,19230,430,1,17750,0.0010000000000012221
28443001,896,-7624,127279,-9255,-11351,133703,101,19221,414,0,17751,0.0010009999999986974
28444000,1564,3345,130363,-2385,-3389,128839,105,19229,430,0,17752,0.0009990000000001942
28445003,-2251,6141,130554,2614,2163,120822,112,19229,459,0,17753,0.0010030000000007533
28446002,-6484,2412,130265,-14793,-1800,134028,126,19227,459,1,17754,0.0009990000000001942
28447000,-12401,2477,130167,-15789,-2108,128284,114,19222,516,1,17755,0.0009979999999991662
28448000,-8489,10620,131124,-9904,6743,126280,114,19230,467,1,17756,0.0010000000000012221
28449000,-1994,8083,129171,-10117,5661,126840,101,19229,414,1,17757,0.0009999999999976694
28450000,-4145,-8031,125486,-2495,-9467,132557,133,19217,545,0,17758,0.0010000000000012221
28451000,-1894,-5544,125010,-10540,1980,123508,101,19217,414,0,17759,0.0009999999999976694
28452000,-1761,10005,128782,-3363,5264,120570,105,19233,414,0,17760,0.0010000000000012221
28453000,-4686,7798,129119,-6648,3333,135575,145,19226,430,1,17761,0.0010000000000012221
28454000,-7587,3775,126121,-11895,-1026,121911,145,19228,594,1,17762,0.0009999999999976694
28455000,-5974,9843,129599,-7338,645,129211,116,19231,475,1,17763,0.0010000000000012221
28456000,1080,4437,125074,538,-1406,124142,104,19222,426,0,17764,0.0010000000000012221
28457000,-1461,-3947,125069,-1206,-7588,129800,117,19226,479,0,17765,0.0009999999999976694
28458000,-350,792,124384,-4444,-1084,122551,115,19226,479,0,17766,0.0010000000000012221
28459000,-1752,12968,126484,-3680,12395,118784,121,19229,471,0,17767,0.0010000000000012221
28460000,-641,8687,127518,-2960,8928,129327,121,19221,496,1,17768,0.0009999999999976694
28461000,-878,787,124170,-3501,370,121389,121,19233,496,1,17769,0.0010000000000012221
28462002,3838,7656,125580,-1165,3935,129062,101,19230,414,1,17770,0.0010019999999997253
28463000,7411,5564,122677,10098,352,121006,121,19226,496,0,17771,0.0009979999999991662
28464000,10096,-1426,123865,8867,-8474,121906,104,19226,496,0,17772,0.0010000000000012221
28465000,7270,-7551,126198,804,-10835,136118,109,19228,426,0,17773,0.0010000000000012221
28466000,5546,4178,126400,3206,4413,121149,109,19227,446,1,17774,0.0009999999999976694
28467000,1472,11538,130508,6668,5782,128484,145,19230,594,1,17775,0.0010000000000012221
28468000,3476,3808,125889,29,421,123504,115,19230,471,1,17776,0.0010000000000012221
28469000,8585,-1258,123902,4432,-1169,132267,98,19227,401,1,17777,0.0009999999999976694
28470000,11186,54,126346,9410,404,123223,125,19227,401,0,17778,0.0010000000000012221
28471000,12306,-2468,126080,9271,-9623,127976,104,19231,512,0,17779,0.0010000000000012221
28472000,5409,-9308,127984,2509,-10959,133378,104,19230,426,0,17780,0.0009999999999976694
28473002,3655,3959,130841,-3570,-600,126772,111,19223,455,1,17781,0.0010019999999997253
28474002,-1334,9679,129332,5783,5631,124257,115,19227,471,1,17782,0.0010000000000012221
28475000,1603,11568,129858,-2578,7486,124511,105,19232,430,1,17783,0.0009979999999991662
28476000,5325,-8235,129080,-6011,-12288,131325,116,19232,430,0,17784,0.0010000000000012221
28477000,6410,-7412,127643,16171,-11827,127770,89,19216,475,0,17785,0.0010000000000012221
28478000,8191,326,130864,3768,-2344,128876,89,19232,365,0,17786,0.0009999999999976694
28479002,540,-5519,131673,-7560,-8858,131198,103,19227,422,0,17787,0.0010019999999997253
28480000,-1338,10046,133664,-3937,5669,130073,134,19224,549,1,17788,0.000998000000002719
28481000,-7746,6427,129989,-4381,3399,128766,116,19232,475,1,17789,0.0009999999999976694
28482003,-5653,-1700,130839,-11962,-4537,124961,97,19232,397,1,17790,0.0010030000000007533
28483000,4655,-11878,127926,-5909,-16552,135761,140,19226,397,0,17791,0.0009969999999981383
28484000,2010,702,129211,7944,-3180,128335,105,19235,573,0,17792,0.0010000000000012221
28485000,-4069,7650,130429,-8397,3345,125148,105,19227,430,0,17793,0.0010000000000012221
28486000,-7106,1837,131856,-13383,891,129888,114,19224,467,1,17794,0.0009999999999976694
28487000,-9328,4089,130203,-13350,1454,127271,135,19227,553,1,17795,0.0010000000000012221
28488000,-11036,9260,129694,-8912,1978,131591,111,19227,455,1,17796,0.0010000000000012221
28489000,-3760,6020,127722,-11489,5469,118716,110,19232,455,1,17797,0.0009999999999976694
28490000,-3591,-4784,125781,-12156,-9623,131879,114,19217,451,0,17798,0.0010000000000012221
28491000,-905,-8060,125404,-382,-12278,133791,114,19232,467,0,17799,0.0010000000000012221
28492005,-733,7417,128996,-4093,3386,117989,106,19231,434,0,17800,0.0010049999999992565
28493002,-5463,9178,128657,-12967,7710,129045,127,19223,520,1,17801,0.0009969999999981383
28494002,-7055,9137,125621,-6528,3172,121257,118,19223,483,1,17802,0.0010000000000012221
28495000,-3465,8375,127514,-12964,6379,128824,102,19223,483,1,17803,0.0009979999999991662
28496000,45,5391,126984,-302,7505,119473,143,19228,418,0,17804,0.0010000000000012221
28497000,564,-3606,124315,1708,-6451,131366,143,19233,586,0,17805,0.0010000000000012221
28498000,-1397,-1663,126711,-10645,-1082,123468,108,19226,442,0,17806,0.0009999999999976694
28499001,191,15158,127009,-3532,11355,119248,111,19229,455,0,17807,0.00100100000000225
28500000,-436,11328,125167,3062,10885,125621,152,19231,623,1,17808,0.0009990000000001942
28501000,-2809,4929,125639,-5308,4264,121572,110,19231,623,1,17809,0.0009999999999976694
28502000,7238,5145,125444,-11008,-2433,127744,103,19228,451,1,17810,0.0010000000000012221
28503000,8371,8373,123812,15201,3566,119094,103,19221,422,0,17811,0.0010000000000012221
28504000,10577,-5615,124403,1906,-11297,127721,83,19229,340,0,17812,0.0009999999999976694
28505000,7397,-8445,125827,-2137,-11023,127398,112,19228,459,0,17813,0.0010000000000012221
28506000,2521,3630,127064,8294,-885,126250,123,19222,504,1,17814,0.0010000000000012221
28507000,2769,10099,128493,3473,12427,124222,112,19222,504,1,17815,0.0009999999999976694
28508000,4648,11707,126465,2310,6615,121429,101,19233,459,1,17816,0.0010000000000012221
28509001,10520,-1250,123808,9423,-5781,128320,101,19226,414,0,17817,0.0010009999999986974
28510002,12069,278,127071,7044,-4381,125650,129,19228,528,0,17818,0.00100100000000225
28511000,8471,-11063,126555,11591,-17407,131613,98,19229,401,0,17819,0.0009979999999991662
28512000,4168,9660,130163,-2287,9527,123394,105,19229,430,0,17820,0.0010000000000012221
28513011,315,-1375,129687,-4542,-5980,132934,135,19229,430,1,17821,0.0010109999999983188
28514000,1520,400,130367,8760,-890,121230,113,19228,553,1,17822,0.0009890000000005728
28515001,465,12317,130363,-3463,6485,124232,113,19228,463,1,17823,0.0010009999999986974
28516000,8731,-8108,125152,-3462,-14465,133177,105,19224,430,0,17824,0.0009990000000001942
28517000,8208,-7104,131268,21300,-8968,124249,132,19232,541,0,17825,0.0010000000000012221
28518000,4182,-10574,127603,4054,-15502,138077,106,19232,434,0,17826,0.0009999999999976694
28519000,-4021,6902,134513,-23275,5470,119856,115,19232,434,1,17827,0.0010000000000012221
28520000,-4578,11460,135048,-2894,7597,132770,116,19221,471,1,17828,0.0010000000000012221
28521000,-7117,-442,127118,6578,-4465,132467,116,19230,475,1,17829,0.0009999999999976694
28522000,-2536,-5815,128715,-20683,-10496,126480,103,19234,422,1,17830,0.0010000000000012221
28523000,779,-14419,129200,-2308,-19131,134635,120,19227,491,0,17831,0.0010000000000012221
28524000,5525,15991,129298,6623,14029,114211,100,19229,410,0,17832,0.0009999999999976694
28525000,-6475,1262,130291,-13028,-2599,135289,111,19229,455,0,17833,0.0010000000000012221
28526000,-8474,-4036,128041,-18265,-7012,126427,145,19225,455,1,17834,0.0010000000000012221
28527000,-9129,8212,131256,-9711,5849,131263,117,19227,594,1,17835,0.0009999999999976694
28528000,-7803,9424,129357,-6199,6753,126234,117,19228,479,1,17836,0.0010000000000012221
28529000,923,11219,129895,-8024,9195,120098,99,19230,405,1,17837,0.0010000000000012221
28530000,-4972,-12488,125395,-9283,-14981,139248,167,19232,684,0,17838,0.0009999999999976694
28531000,-559,4696,127593,-4608,1313,117803,107,19232,438,0,17839,0.0010000000000012221
28532000,-5611,8930,129522,-7182,6308,127682,111,19232,438,0,17840,0.0010000000000012221
28533000,-6580,6711,126452,-8942,2947,125484,122,19221,455,1,17841,0.0009999999999976694
28534000,-6793,2818,128989,-14235,1894,128601,122,19228,500,1,17842,0.0010000000000012221
28535000,-2034,4925,126389,-3382,-1597,129749,108,19231,442,1,17843,0.0010000000000012221
28536000,1593,8354,125795,1864,9808,114733,116,19224,475,0,17844,0.0009999999999976694
28537000,1474,-8019,123229,-4382,-9820,131802,96,19224,393,0,17845,0.0010000000000012221
28538000,3152,5748,125901,-5935,2337,123176,111,19229,393,0,17846,0.0010000000000012221
28539000,-332,7529,126419,-375,5556,123898,136,19224,455,1,17847,0.0009999999999976694
28540000,-4704,11068,126937,2569,7649,122858,136,19220,557,1,17848,0.0010000000000012221
28541000,-1358,16945,124269,-9534,9009,120037,114,19228,467,1,17849,0.0010000000000012221
28542021,6100,9057,124236,140,1682,124656,91,19227,373,0,17850,0.0010209999999979402
28543000,12658,5951,124556,15950,374,120798,124,19231,508,0,17851,0.0009790000000009513
28544000,10194,-5712,124330,3235,-8131,125612,113,19231,508,0,17852,0.0010000000000012221
28545000,6241,-4777,127033,3895,-8627,130695,116,19230,463,0,17853,0.0009999999999976694
28546000,2726,-3896,127192,7382,-1880,127865,116,19222,475,1,17854,0.0010000000000012221
28547000,223,13584,128717,-8443,16159,124459,131,19231,537,1,17855,0.0009999999999976694
28548002,8934,10493,126339,5260,3061,120841,103,19232,422,1,17856,0.001002000000003278
28549000,11569,2083,126073,9512,-8480,125971,105,19222,430,0,17857,0.0009979999999991662
28550000,10226,3442,128700,4811,-8783,129154,95,19222,430,0,17858,0.0009999999999976694
28551000,7401,-11941,124767,12260,-13792,132249,104,19231,389,0,17859,0.0010000000000012221
28552000,1260,6850,132462,-986,9075,123548,104,19228,426,0,17860,0.0010000000000012221
28553000,2627,14100,131104,-10644,11021,126030,123,19224,504,1,17861,0.0009999999999976694
28554000,1813,8135,130853,6735,5151,129721,110,19232,451,1,17862,0.0010000000000012221
28555002,3021,744,129138,2990,-3416,126621,100,19228,410,1,17863,0.0010019999999997253
28556002,9057,-13584,125194,-2086,-17952,134277,141,19228,410,0,17864,0.0010000000000012221
28557000,9086,-5858,129805,21357,-6267,127130,112,19224,577,0,17865,0.0009979999999991662
28558002,6214,-7159,128709,-3779,-12457,131390,112,19228,459,0,17866,0.0010019999999997253
28559000,2342,17130,136572,-22896,18247,123889,111,19224,455,1,17867,0.0009979999999991662
28560000,-5814,8405,131606,6842,1961,128902,145,19231,594,1,17868,0.0010000000000012221
28561000,-8653,-8270,130210,-4155,-13653,136578,107,19232,438,1,17869,0.0010000000000012221
28562003,-1343,-8175,128712,-22996,-11972,130070,104,19232,438,1,17870,0.0010029999999972006
28563000,496,-2449,130097,3014,-2728,131206,104,19223,426,0,17871,0.000997000000001691
28564000,2678,8869,131655,5293,7182,121079,104,19232,426,0,17872,0.0010000000000012221
28565001,-6745,4619,130482,-20529,-386,128473,110,19229,451,0,17873,0.0010009999999986974
28566000,-7690,-6226,129551,-15420,-9123,136034,124,19222,508,1,17874,0.0009990000000001942
28567000,-8925,10043,131108,-1961,9319,124726,113,19229,463,1,17875,0.0010000000000012221
28568000,-5639,10798,129962,-13635,6640,126212,103,19229,463,1,17876,0.0009999999999976694
28569000,-3210,-648,127339,-6945,-4725,125390,131,19228,422,0,17877,0.0010000000000012221
28570000,-3412,-14731,123632,-7590,-17403,134013,100,19224,537,0,17878,0.0010000000000012221
28571000,-95,4371,128605,-3237,2000,124319,100,19230,410,0,17879,0.0009999999999976694
28572000,-6302,14304,128966,-8952,10869,120352,105,19227,430,1,17880,0.0010000000000012221
28573001,-6477,5440,129659,-10629,1366,132692,148,19229,606,1,17881,0.0010009999999986974
28574000,-7612,-250,126216,-11879,-2748,126310,118,19229,483,1,17882,0.0009990000000001942
28575000,235,2913,126098,-6198,-1567,130364,104,19231,483,1,17883,0.0010000000000012221
28576000,-1049,2062,124218,5969,-1435,116079,109,19226,426,0,17884,0.0009999999999976694
28577000,4332,-5157,124607,-6663,-8057,127297,109,19232,446,0,17885,0.0010000000000012221
28578000,1788,-408,124093,-4917,-3854,126072,108,19227,442,0,17886,0.0010000000000012221
28579000,-3049,10755,126635,2763,9310,122710,121,19219,496,1,17887,0.0009999999999976694
28580000,-4662,10940,126077,-8779,8812,123836,134,19219,549,1,17888,0.0010000000000012221
28581003,-103,10927,127510,-4308,10070,118536,101,19233,549,1,17889,0.0010030000000007533
28582000,7930,-3062,122647,4474,-9165,133932,119,19231,414,0,17890,0.0009969999999981383
28583000,7929,1280,124681,7537,-865,118950,119,19228,487,0,17891,0.0010000000000012221
28584005,8189,-1648,124743,4727,-6134,125279,102,19224,418,0,17892,0.0010049999999992565
28585000,2721,1211,127460,6138,-3849,131906,113,19224,463,0,17893,0.000994999999999635
28586003,4052,-1077,124782,895,-4500,123103,145,19229,594,1,17894,0.0010030000000007533
28587001,4061,9759,129177,4969,9409,123079,113,19229,594,1,17895,0.0009979999999991662
28588000,7395,7141,123406,4445,4445,120802,97,19234,463,1,17896,0.0009990000000001942
28589000,12158,-1142,126569,5048,-4787,130549,97,19227,397,0,17897,0.0010000000000012221
28590000,10782,-6716,126950,8418,-8195,130733,140,19234,573,0,17898,0.0010000000000012221
28591000,6374,-10381,127247,12902,-16909,133252,107,19226,438,0,17899,0.0009999999999976694
28592000,440,10352,130980,-5755,8544,121184,108,19222,442,1,17900,0.0010000000000012221
28593000,444,7820,128929,-5132,-971,128425,115,19222,442,1,17901,0.0010000000000012221
28594000,4435,9915,131254,9755,15368,127123,105,19230,471,1,17902,0.0009999999999976694
28595000,2045,-5973,126890,-449,-7726,130131,105,19230,430,1,17903,0.0010000000000012221
28596000,11123,-5834,126122,3760,-7413,127366,116,19219,475,0,17904,0.0010000000000012221
28597000,8426,4748,131049,22402,-3048,128464,90,19225,369,0,17905,0.0009999999999976694
28598000,3351,-12612,126715,-10404,-11651,135419,105,19229,430,0,17906,0.0010000000000012221
28599000,2467,11980,134855,-19707,10515,122805,131,19229,430,1,17907,0.0010000000000012221
28600000,-6670,4876,132123,7921,73,132039,113,19222,537,1,17908,0.0009999999999976694
28601000,-2559,7939,131046,-1491,3302,123624,113,19230,463,1,17909,0.0010000000000012221
28602000,-2803,-9882,129438,-21235,-17139,136459,96,19227,393,0,17910,0.0010000000000012221
28603000,-1230,-13678,126998,2513,-12601,133443,152,19232,623,0,17911,0.0009999999999976694
28604000,-560,14285,132669,3941,11651,116153,106,19230,434,0,17912,0.0010000000000012221
28605001,-6650,2327,131972,-20941,-6748,134938,113,19230,434,0,17913,0.0010009999999986974
28606000,-5912,9443,130537,-5380,6901,124358,134,19223,463,1,17914,0.0009990000000001942
28607000,-10685,-2374,129071,-14004,-3383,130201,134,19231,549,1,17915,0.0010000000000012221
28608000,-1730,10458,132719,-7309,9607,125670,109,19231,446,1,17916,0.0009999999999976694
28609000,-6356,7094,127270,1513,61,124287,111,19218,455,0,17917,0.0010000000000012221
28610000,-4218,-10183,124143,-14986,-13616,136079,129,19231,528,0,17918,0.0010000000000012221
28611000,-409,4258,128449,-6174,3241,118622,104,19231,528,0,17919,0.0009999999999976694
28612000,-3338,5127,127324,-5125,883,129997,125,19230,426,1,17920,0.0010000000000012221
28613002,-7041,15429,129449,-5820,11506,121217,125,19217,512,1,17921,0.0010019999999997253
28614000,-9565,7927,127279,-16761,4971,124809,115,19226,471,1,17922,0.0009979999999991662
28615000,1915,7094,126901,-8105,4626,128313,102,19228,418,1,17923,0.0010000000000012221
28616000,-895,-904,123872,7945,-4869,123437,141,19230,577,0,17924,0.0010000000000012221
28617000,3790,-12243,123957,-6343,-16782,134207,105,19230,430,0,17925,0.0009999999999976694
28618000,-386,15321,125969,-6241,13374,114147,112,19230,430,0,17926,0.0010000000000012221
28619001,307,3869,126648,-1911,1187,130397,161,19227,459,1,17927,0.0010009999999986974
28620000,-2818,6906,126680,-1735,4179,120979,161,19228,659,1,17928,0.0009990000000001942
28621000,-427,10443,125354,-3203,7957,120936,110,19228,451,1,17929,0.0010000000000012221
28622000,7485,2082,123881,2597,-11,123993,103,19222,422,0,17930,0.0010000000000012221
28623000,6943,-1529,124172,13770,-4637,123178,85,19222,348,0,17931,0.0009999999999976694
28624002,8031,-9816,124644,4068,-13687,134964,113,19234,348,0,17932,0.0010019999999997253
28625002,4169,10915,129022,-287,7084,115195,124,19228,463,0,17933,0.0010000000000012221
28626000,1404,5898,128707,6924,4260,127985,124,19225,508,1,17934,0.0009979999999991662
28627000,3149,5877,127215,-205,2094,127526,114,19225,467,1,17935,0.0010000000000012221
28628000,4813,27,125422,2327,-2671,128263,101,19230,414,1,17936,0.0010000000000012221
28629000,13671,-2265,125749,9471,-8831,127634,127,19230,520,0,17937,0.0009999999999976694
28630000,11361,1375,125552,10903,4796,115267,99,19225,520,0,17938,0.0010000000000012221
28631000,9969,-20195,125979,11351,-20758,136856,103,19224,405,0,17939,0.0010000000000012221
28632000,3279,7716,129659,-4701,674,125451,103,19228,422,1,17940,0.0009999999999976694
28633000,-1955,14911,131765,-3202,12177,121866,147,19230,602,1,17941,0.0010000000000012221
28634000,-425,10897,130674,7114,7891,125203,116,19229,475,1,17942,0.0010000000000012221
28635002,1986,-10436,126840,-4935,-9677,138700,103,19225,422,1,17943,0.0010019999999997253
28636000,10459,-15245,126781,179,-22895,129799,128,19225,422,0,17944,0.0009979999999991662
28637000,8405,10537,129480,23686,1194,118366,106,19232,524,0,17945,0.0010000000000012221
28638000,4422,3807,129211,-5235,1350,128743,106,19231,434,0,17946,0.0009999999999976694
28639000,2459,2652,133894,-17384,-3578,132432,114,19220,467,1,17947,0.0010000000000012221
28640000,-8036,-7537,131405,3904,-10159,134166,122,19228,500,1,17948,0.0009999999999976694
28641000,-8123,4164,130849,1882,5287,122398,102,19232,418,1,17949,0.0010000000000012221
28642000,-985,-1323,131652,-24511,-14626,129781,120,19232,418,0,17950,0.0010000000000012221
28643000,225,-3323,130688,15176,-11933,132745,98,19222,491,0,17951,0.0009999999999976694
28644000,-338,2746,129694,-8832,1911,124172,98,19225,401,0,17952,0.0010000000000012221
28645000,-8657,11997,134690,-21252,7573,124378,109,19228,446,1,17953,0.0010000000000012221
28646002,-6875,7575,130144,-7364,4271,131100,143,19228,586,1,17954,0.0010019999999997253
28647000,-8933,7366,129174,-8775,3564,130265,116,19234,475,1,17955,0.0009979999999991662
28648000,-5138,4000,130227,-10271,-197,126898,100,19234,475,1,17956,0.0010000000000012221
28649000,-2523,-1626,126263,-8559,-3930,124267,167,19226,410,0,17957,0.0009999999999976694
28650000,-1076,-6454,126001,-5524,-7280,132140,167,19235,684,0,17958,0.0010000000000012221
28651001,530,7174,128290,-3404,4623,124738,101,19224,414,0,17959,0.0010009999999986974
28652000,-4902,7365,125244,-7143,1472,123804,109,19224,446,1,17960,0.0009990000000001942
28653001,-10720,17657,129328,-21105,14499,126110,128,19228,524,1,17961,0.00100100000000225
28654000,-3967,5364,126650,-7771,1099,120878,108,19228,524,1,17962,0.0009990000000001942
28655000,1478,579,127514,7760,-3318,130305,115,19230,442,0,17963,0.0009999999999976694
28656000,-2215,-548,123154,-12054,-3350,124254,115,19229,471,0,17964,0.0010000000000012221
28657000,-1378,2767,124945,-6799,2,122451,96,19228,393,0,17965,0.0010000000000012221
28658000,1660,9205,126511,1084,8254,127565,109,19228,446,0,17966,0.0009999999999976694
28659002,-734,4786,124047,-901,2433,123569,135,19221,553,1,17967,0.0010019999999997253
28660001,-3031,3163,127305,-6294,1511,129341,113,19221,463,1,17968,0.0009990000000001942
28661000,6850,9511,124767,-2422,5330,119984,96,19231,463,1,17969,0.0009990000000001942
28662000,9141,9678,126091,13828,4949,123084,126,19227,393,0,17970,0.0010000000000012221
28663000,8534,-7731,122322,8979,-12835,128096,126,19229,516,0,17971,0.0010000000000012221
28664000,2828,-7899,124118,-1044,-11107,123268,121,19222,496,0,17972,0.0009999999999976694
28665000,3704,5276,130597,1401,2593,134398,116,19226,475,1,17973,0.0010000000000012221
28666000,2070,13282,127602,5060,10030,115859,132,19226,541,1,17974,0.0010000000000012221
28667001,1198,13660,129683,-2616,10029,130220,108,19231,541,1,17975,0.0010009999999986974
28668000,10126,-4605,123014,218,-7640,128466,110,19230,442,1,17976,0.0009990000000001942
28669000,12893,-3867,126871,13466,-9311,128346,110,19224,451,0,17977,0.0009999999999976694
28670000,10459,-2866,127930,15356,-5583,125803,100,19230,410,0,17978,0.0010000000000012221
28671000,5425,-4272,128013,-3578,-6611,126412,108,19230,442,0,17979,0.0010000000000012221
28672000,3486,4122,131076,-1981,-1646,135071,120,19230,491,1,17980,0.0009999999999976694
28673000,812,13439,128975,7606,9076,125697,113,19224,491,1,17981,0.0010000000000012221
28674001,206,7026,129368,-1671,6272,122578,102,19232,463,1,17982,0.0010009999999986974
28675000,8586,-7450,128453,-2029,-8672,127943,102,19230,418,0,17983,0.0009990000000001942
28676000,11569,-11909,127662,11197,-18653,132348,143,19229,586,0,17984,0.0010000000000012221
28677000,3772,47,128659,20286,-7595,129389,101,19234,414,0,17985,0.0010000000000012221
28678000,-190,4863,131458,-22536,604,126425,103,19226,422,0,17986,0.0009999999999976694
28679000,-4176,7672,134215,-11541,3388,128753,149,19226,422,1,17987,0.0010000000000012221
28680000,-4094,-8378,129579,12176,-8457,133546,106,19237,610,1,17988,0.0010000000000012221
28681001,-3864,-4937,129302,-13551,-9064,130924,106,19232,434,1,17989,0.0010009999999986974
28682001,534,-2667,128424,-12374,-7256,124499,103,19223,422,0,17990,0.0010000000000012221
28683001,4415,9373,129670,-33,3979,122258,112,19232,459,0,17991,0.0009999999999976694
28684000,-4370,-433,130543,716,284,138722,108,19228,442,0,17992,0.0009990000000001942
28685000,-6584,-7577,128759,-16522,-233,132954,124,19228,442,1,17993,0.0010000000000012221
28686000,-13908,8506,130754,-14741,6604,126505,113,19222,508,1,17994,0.0010000000000012221
28687001,-6436,8062,128968,-10083,6041,122063,113,19229,463,1,17995,0.0010009999999986974
28688000,-1668,5954,131376,-5966,-2020,136569,102,19230,418,1,17996,0.0009990000000001942
28689000,-4905,-13665,122477,-6051,-12709,128161,132,19220,541,0,17997,0.0010000000000012221
28690000,-1637,13772,128355,-9090,13970,117907,101,19232,414,0,17998,0.0009999999999976694
28691000,-3162,8268,126298,-1633,4463,126404,105,19232,414,0,17999,0.0010000000000012221
28692000,-4667,3599,128159,-8767,1472,127000,151,19228,430,1,18000,0.0010000000000012221
28693001,-8104,4222,127488,-17026,-2004,130362,151,19228,618,1,18001,0.0010009999999986974
28694004,-4343,5188,126789,-3633,3619,119865,115,19230,471,1,18002,0.0010030000000007533
28695001,2679,10555,128520,6522,3488,121730,104,19223,426,0,18003,0.0009969999999981383
28696002,-284,-9042,123028,-6372,-10651,132040,106,19232,434,0,18004,0.00100100000000225
28697002,-497,4787,125602,-2868,3875,122175,112,19232,434,0,18005,0.0009999999999976694
28698000,-2889,11168,127407,-1537,5927,124012,120,19226,459,0,18006,0.000998000000002719
28699009,1360,12916,126742,-5762,8529,122385,120,19217,491,1,18007,0.0010089999999998156
28700000,968,13719,128974,3144,8451,126368,126,19230,516,1,18008,0.000990999999999076
28701000,5010,-1528,121712,-166,-1272,123397,98,19235,401,1,18009,0.0009999999999976694
28702000,9117,4648,124574,10624,1299,124716,116,19226,475,0,18010,0.0010000000000012221
28703000,8127,607,121351,2858,-3661,119899,121,19226,475,0,18011,0.0010000000000012221
28704000,7851,-3994,124452,3512,-8154,127235,123,19224,496,0,18012,0.0009999999999976694
28705000,4507,-2728,127113,4053,-6191,129974,123,19225,504,1,18013,0.0010000000000012221
28706000,2994,3354,127560,1717,1076,123402,145,19228,594,1,18014,0.0010000000000012221
28707000,5460,9048,129138,7728,5061,124385,113,19230,463,1,18015,0.0009999999999976694
28708002,6913,-3670,124673,6304,-8176,129347,98,19225,401,1,18016,0.001002000000003278
28709000,11856,8380,128489,1276,5158,122552,136,19225,557,0,18017,0.0009979999999991662
28710000,5978,-3202,126562,11805,-7183,130673,105,19232,557,0,18018,0.0009999999999976694
28711000,5377,-11673,128510,153,-16065,131967,106,19230,430,0,18019,0.0010000000000012221
28712000,5373,7953,127871,8943,3950,123109,106,19224,434,1,18020,0.0010000000000012221
28713000,1896,10471,128896,-4701,5809,128051,111,19228,455,1,18021,0.0009999999999976694
28714000,7359,4004,129555,2762,369,128557,106,19230,434,1,18022,0.0010000000000012221
28715002,2928,2387,129820,8183,146,125562,117,19230,479,0,18023,0.0010019999999997253
28716002,5473,-12390,128608,-2780,-15361,129985,91,19218,479,0,18024,0.0010000000000012221
28717000,4134,-8337,130596,9610,-11923,132657,105,19230,373,0,18025,0.0009979999999991662
28718000,2168,2350,131557,-6857,-1484,133231,105,19229,430,0,18026,0.0010000000000012221
28719000,-3080,21989,133264,-13628,16708,119586,129,19222,528,1,18027,0.0009999999999976694
28720000,-7967,3596,133120,4296,4728,125195,112,19230,459,1,18028,0.0010000000000012221
28721000,-2296,-20595,126810,-9830,-22683,135955,99,19236,405,1,18029,0.0010000000000012221
28722000,-4025,-8065,129362,-15784,-13667,134147,152,19236,405,0,18030,0.0009999999999976694
28723001,2078,3475,130516,1599,-2548,125727,106,19236,623,0,18031,0.00100100000000225
28724000,-5932,11873,131217,-637,14872,115744,106,19230,434,0,18032,0.0009990000000001942
28725000,-3856,-12318,129037,-19213,-11569,137603,113,19223,463,1,18033,0.0009999999999976694
28726000,-9047,-731,128978,-6541,-6130,131022,134,19228,549,1,18034,0.0010000000000012221
28727000,-11173,19922,130689,-7715,15852,117275,110,19232,451,1,18035,0.0010000000000012221
28728003,-1825,14538,130803,-12657,15914,126391,110,19232,451,1,18036,0.0010029999999972006
28729000,-5696,-16819,124052,-5234,-16050,139223,126,19219,451,0,18037,0.000997000000001691
28730000,-2006,-196,128185,-8477,-6655,121164,126,19230,516,0,18038,0.0010000000000012221
28731000,-2951,11895,126191,-7617,5255,121829,103,19227,422,0,18039,0.0009999999999976694
28732000,-4824,11485,130898,-4037,3179,124142,124,19225,508,1,18040,0.0010000000000012221
28733000,-5233,6984,126760,-9194,1105,128257,117,19228,479,1,18041,0.0009999999999976694
28734000,-3663,-157,127148,-13782,-3368,130207,104,19228,479,1,18042,0.0010000000000012221
28735000,4,4906,125456,3853,7616,116947,141,19229,426,0,18043,0.0010000000000012221
28736000,-212,-2456,125811,-2503,-10519,129529,141,19232,577,0,18044,0.0009999999999976694
28737000,1693,910,124497,-7128,-1377,130363,105,19225,430,0,18045,0.0010000000000012221
28738000,646,2427,125980,30,270,127049,109,19230,446,0,18046,0.0010000000000012221
28739000,-1657,15778,127570,374,11781,116891,162,19231,664,1,18047,0.0009999999999976694
28740000,-744,17621,125250,-4946,11670,122988,111,19231,664,1,18048,0.0010000000000012221
28741000,6399,-22,123395,561,-4942,130374,101,19231,455,1,18049,0.0010000000000012221
28742000,9332,-800,123252,10812,-3415,124233,101,19219,414,0,18050,0.0009999999999976694
28743000,8367,1779,123035,5584,-1106,121430,83,19232,340,0,18051,0.0010000000000012221
28744000,6024,650,128396,-4004,-2923,126563,113,19227,463,0,18052,0.0010000000000012221
28745000,5582,-2105,126968,10367,-4835,129091,126,19224,516,1,18053,0.0009999999999976694
28746000,829,7455,127284,3240,5492,125561,114,19224,516,1,18054,0.0010000000000012221
28747000,6446,15922,126370,-9488,12496,118024,100,19229,467,1,18055,0.0010000000000012221
28748000,9413,-1503,125960,18519,-7122,119159,100,19224,410,0,18056,0.0009999999999976694
28749000,11930,-7186,127780,4483,-11566,134064,129,19226,528,0,18057,0.0010000000000012221
28750000,6288,-4189,127832,5305,-8461,127980,100,19226,410,0,18058,0.0010000000000012221
28751000,2472,-1043,131412,4279,-3467,128889,104,19231,426,0,18059,0.0009999999999976694
28752000,1434,3450,130300,-4914,-1245,129647,137,19231,561,1,18060,0.0010000000000012221
28753002,-80,8299,131084,1752,5963,126527,113,19230,561,1,18061,0.0010019999999997253
28754000,3865,6786,127608,134,3414,130029,103,19230,463,1,18062,0.0009979999999991662
28755000,9128,-1406,126387,1235,-5579,122610,103,19222,422,0,18063,0.0010000000000012221
28756000,9550,-3700,129313,12762,-6307,130612,126,19231,516,0,18064,0.0010000000000012221
28757000,4213,-10230,127822,1014,-13657,130778,108,19230,442,0,18065,0.0009999999999976694
28758000,-261,8116,133257,-12161,4716,127198,116,19230,475,1,18066,0.0010000000000012221
28759000,-5824,5469,133000,-12115,3653,132033,118,19227,475,1,18067,0.0010000000000012221
28760000,-8433,2221,128453,2853,-1853,124269,99,19229,483,1,18068,0.0009999999999976694
28761000,-966,-6540,130038,-18107,-10579,134919,99,19230,405,1,18069,0.0010000000000012221
28762000,871,-2148,126829,-6144,-6377,126976,122,19222,500,0,18070,0.0010000000000012221
28763000,3214,4977,130624,7066,1658,125070,99,19228,405,0,18071,0.0009999999999976694
28764000,-3716,-2422,130590,-10600,-5035,129145,108,19228,442,0,18072,0.0010000000000012221
28765000,-9719,-528,131133,-17256,-3906,130331,147,19227,442,1,18073,0.0009999999999976694
28766000,-8107,3322,130729,-10136,-1657,135601,115,19225,602,1,18074,0.0010000000000012221
28767000,-7586,11469,129349,-2165,8422,119887,115,19232,471,1,18075,0.0010000000000012221
28768000,-1456,4627,128741,-13382,3528,128757,100,19225,410,0,18076,0.0009999999999976694
28769000,-5112,-3702,125684,-7274,-4820,126673,166,19231,680,0,18077,0.0010000000000012221
28770000,-1001,-5485,127176,-2233,-11370,126611,111,19236,455,0,18078,0.0010000000000012221
28771000,-4235,8724,129799,-7354,6250,128440,113,19236,455,0,18079,0.0009999999999976694
28772000,-7428,6579,126618,-10452,2732,124265,122,19223,463,1,18080,0.0010000000000012221
28773000,-6685,6012,129922,-16204,1041,130835,122,19231,500,1,18081,0.0010000000000012221
28774002,-2175,8315,125704,-4942,4415,121034,110,19231,451,1,18082,0.0010019999999997253
28775000,2069,2311,123169,3741,-3181,129465,117,19226,479,0,18083,0.0009979999999991662
28776000,1576,-1557,122755,-6601,-4579,118731,94,19230,385,0,18084,0.0010000000000012221
28777000,6133,2238,125407,-2516,-289,131379,104,19230,385,0,18085,0.0009999999999976694
28778000,-33,615,124312,5889,-2249,126896,133,19229,426,1,18086,0.0010000000000012221
28779000,-3996,7873,127598,-4204,6553,125678,133,19225,545,1,18087,0.0010000000000012221
28780000,451,12032,126115,-9379,9673,121128,116,19228,475,1,18088,0.0009999999999976694
28781000,5110,13956,124657,5779,1957,120202,95,19226,389,0,18089,0.0010000000000012221
28782000,9096,-3411,123911,7241,-8966,139888,117,19233,479,0,18090,0.0010000000000012221
28783000,7236,-8764,123954,8366,-9866,115207,108,19233,479,0,18091,0.0009999999999976694
28784001,5046,8687,125611,7679,13355,126825,112,19228,442,0,18092,0.00100100000000225
28785000,4421,1092,126507,-393,1896,128007,112,19221,459,1,18093,0.0009990000000001942
28786000,6309,5291,127981,1961,4434,123218,135,19228,553,1,18094,0.0009999999999976694
28787001,7472,10223,126897,8061,5433,124908,108,19233,442,1,18095,0.00100100000000225
28788000,9354,2311,124701,1377,-2989,118992,109,19220,446,0,18096,0.0009990000000001942
28789000,11220,-9348,128634,11701,-13977,136148,89,19220,446,0,18097,0.0009999999999976694
28790000,6290,-15995,125454,12465,-18465,132115,103,19230,365,0,18098,0.0010000000000012221
28791001,2680,4520,130801,-5875,3890,125789,103,19228,422,1,18099,0.0010009999999986974
28792001,-146,19478,132468,-3108,15483,124959,124,19226,508,1,18100,0.0010000000000012221
28793002,1110,9762,129680,2859,5693,127306,114,19231,467,1,18101,0.0010009999999986974
28794002,4176,4306,130090,2865,1174,133241,102,19225,418,1,18102,0.0010000000000012221
28795000,10069,-14983,126305,-1088,-21371,131632,145,19225,418,0,18103,0.0009979999999991662
28796000,10173,4209,130881,24771,3012,122951,103,19230,594,0,18104,0.0010000000000012221
28797000,1972,-1965,129330,-8363,-7527,135294,103,19230,422,0,18105,0.0009999999999976694
28798000,3614,6910,132390,-21317,7762,122098,107,19224,438,1,18106,0.0010000000000012221
28799000,-6360,7630,133273,11707,1126,135073,142,19225,582,1,18107,0.0010000000000012221
28800000,-5645,-4124,128626,-4003,-5735,128890,110,19231,451,1,18108,0.0009999999999976694
28801000,-1047,-3502,131445,-23519,-8220,127889,104,19231,426,0,18109,0.0010000000000012221
28802000,-661,-1371,130671,5517,-4372,133493,120,19225,426,0,18110,0.0010000000000012221
28803000,2164,4133,127799,2986,1851,121733,117,19228,491,0,18111,0.0009999999999976694
28804000,-8503,3595,132483,-20143,256,130227,117,19225,479,0,18112,0.0010000000000012221
28805000,-8136,-1895,128773,-16904,-5711,129637,129,19224,528,1,18113,0.0010000000000012221
28806001,-3803,9446,131067,1866,7653,128767,116,19230,475,1,18114,0.0010009999999986974
28807000,-7132,8448,129963,-13254,5462,125691,103,19230,422,1,18115,0.0009990000000001942
28808000,935,-421,128058,-8782,-3378,128320,135,19231,422,0,18116,0.0010000000000012221
28809000,-8168,-4971,125430,-1147,-7079,126490,101,19215,553,0,18117,0.0009999999999976694
28810000,538,-599,128361,-11808,-4626,128229,101,19230,414,0,18118,0.0010000000000012221
28811000,-6586,9175,127517,-8924,6469,119619,101,19228,414,1,18119,0.0010000000000012221
28812000,-7264,11227,127527,-3192,8179,124616,141,19226,577,1,18120,0.0009999999999976694
28813000,-6142,3502,127395,-16406,1506,129232,117,19228,479,1,18121,0.0010000000000012221
28814001,-3275,3633,126895,-6943,153,124085,105,19228,479,1,18122,0.0010009999999986974
28815000,3572,18,124729,5072,-2502,126167,107,19225,430,0,18123,0.0009990000000001942
28816000,-387,1465,124409,-6305,-1851,124320,107,19228,438,0,18124,0.0010000000000012221
28817000,1651,-2663,125428,-9519,-8833,129960,108,19229,442,0,18125,0.0010000000000012221
28818000,-3359,13050,125302,4141,12726,119938,116,19219,475,1,18126,0.0009999999999976694
28819000,-235,3210,124678,-12404,2656,122808,117,19228,479,1,18127,0.0010000000000012221
28820002,5047,1402,126848,7355,-55,127384,100,19228,479,1,18128,0.0010019999999997253
28821002,2867,3955,121954,13192,2945,117986,118,19232,410,0,18129,0.0010000000000012221
28822000,9416,7640,125190,-12731,5111,124760,118,19228,483,0,18130,0.0009979999999991662
28823000,4448,-5293,125214,11734,-4578,127348,101,19224,414,0,18131,0.0010000000000012221
28824002,8238,-4716,126159,10714,-11235,130801,111,19228,455,0,18132,0.0010019999999997253
28825001,-1388,6394,128693,-3088,-1698,121908,146,19229,598,1,18133,0.0009990000000001942
28826000,4607,9628,127989,2657,5537,125559,116,19229,598,1,18134,0.0009989999999966415
28827000,8542,4009,126229,6218,-925,125372,97,19228,475,1,18135,0.0010000000000012221
28828002,7564,2334,126237,6103,6327,126136,97,19227,397,0,18136,0.0010019999999997253
28829000,13706,-13390,123864,-227,-9418,130890,139,19230,569,0,18137,0.0009979999999991662
28830000,2905,-8188,127839,11084,-8927,126301,105,19234,430,0,18138,0.0010000000000012221
28831000,6718,-4114,128366,-12473,-8221,139760,111,19220,455,1,18139,0.0010000000000012221
28832000,-1526,7072,129653,5729,9588,118752,115,19220,455,1,18140,0.0009999999999976694
28833000,-641,16561,135202,3529,4828,128539,106,19227,471,1,18141,0.0010000000000012221
28834000,3963,-4788,126647,-7490,-11761,132321,106,19235,434,1,18142,0.0010000000000012221
28835000,6727,-8120,128850,5204,-12546,127008,114,19219,467,0,18143,0.0009999999999976694
28836000,9789,-5110,129348,21090,-8000,135677,89,19231,365,0,18144,0.0010000000000012221
28837000,433,-2464,128336,-12471,-1782,121429,103,19228,422,0,18145,0.0010000000000012221
28838002,3534,6429,134367,-16400,4550,129875,137,19228,422,1,18146,0.0010019999999997253
28839000,-8691,-377,130468,12959,-1333,133754,115,19224,561,1,18147,0.0009979999999991662
28840000,-5815,3690,128533,-13049,-1860,124839,115,19229,471,1,18148,0.0010000000000012221
28841002,-2567,4223,130132,-16551,1955,129471,97,19228,397,0,18149,0.0010019999999997253
28842000,2002,-5110,127605,4842,-9217,125925,141,19229,577,0,18150,0.0009979999999991662
28843002,1583,-2827,133782,2463,-4806,136787,110,19225,451,0,18151,0.0010019999999997253
28844002,-6981,7287,131128,-17167,2856,126461,117,19225,479,0,18152,0.0010000000000012221
28845000,-8703,7735,131124,-13428,6065,127419,131,19222,479,1,18153,0.0009979999999991662
28846000,-11146,5636,130898,-9986,1301,129583,108,19228,537,1,18154,0.0010000000000012221
28847000,-2731,11432,129068,-12422,8875,121171,108,19232,442,1,18155,0.0009999999999976694
28848000,-7305,974,125992,-4474,-1569,128552,108,19220,442,0,18156,0.0010000000000012221
28849000,-3265,-914,127016,-12654,-3948,122816,113,19233,463,0,18157,0.0010000000000012221
28850001,1893,1451,126983,-2831,-1801,129947,106,19233,434,0,18158,0.0010009999999986974
28851000,-4163,1995,126983,-1596,-1048,127035,129,19226,434,1,18159,0.0009990000000001942
28852000,-6940,11372,129479,-15519,8242,120251,117,19221,528,1,18160,0.0010000000000012221
28853000,-8318,14891,127889,-14982,13005,123676,117,19227,479,1,18161,0.0009999999999976694
28854000,3328,3694,125883,1290,598,123298,101,19231,414,0,18162,0.0010000000000012221
28855004,-4313,-6321,123872,3327,-9960,132383,144,19233,590,0,18163,0.0010039999999982285
28856002,1200,11780,123923,-13247,7869,121554,112,19233,459,0,18164,0.000998000000002719
28857000,232,6074,125546,-2914,3183,125136,115,19228,459,0,18165,0.0009979999999991662
28858000,1040,8285,129535,3960,5619,127277,153,19224,471,1,18166,0.0009999999999976694
28859000,-1023,9261,124455,-6460,6374,123534,153,19224,627,1,18167,0.0010000000000012221
28860000,548,5665,125254,1052,3725,126278,106,19231,434,1,18168,0.0010000000000012221
28861000,10652,5788,124219,3575,2254,119769,100,19224,410,0,18169,0.0009999999999976694
28862000,8048,1494,124633,3604,-1178,126776,83,19231,340,0,18170,0.0010000000000012221
28863000,9157,-5893,125127,10031,-7878,126156,112,19231,340,0,18171,0.0010000000000012221
28864000,4307,-12796,126567,5524,-15679,129431,124,19228,459,1,18172,0.0009999999999976694
28865000,380,16054,129907,-287,15223,124542,124,19228,508,1,18173,0.0010000000000012221
28866000,3448,13390,125305,-2125,10239,119992,113,19230,463,1,18174,0.0010000000000012221
28867000,5031,4705,126784,9627,-2118,127665,100,19232,410,1,18175,0.0009999999999976694
28868000,12756,3247,124888,3175,-1348,120448,130,19225,532,0,18176,0.0010000000000012221
28869000,10163,-6595,125846,6310,-9546,134674,100,19225,532,0,18177,0.0010000000000012221
28870001,7479,-10062,129265,17981,-15528,131709,101,19229,410,0,18178,0.0010009999999986974
28871001,6164,-1469,130445,-8630,-8643,132366,101,19225,414,1,18179,0.0010000000000012221
28872000,-1199,14001,130160,-460,8488,119306,136,19230,557,1,18180,0.0009990000000001942
28873000,1130,12684,129184,6514,5589,127568,113,19231,463,1,18181,0.0009999999999976694
28874004,4163,-6437,126848,-6512,-14612,128105,102,19226,418,0,18182,0.0010040000000017812
28875000,10237,-9822,127776,5613,-11992,129814,129,19226,418,0,18183,0.000996000000000663
28876000,4533,-454,129807,21867,-2612,132687,103,19232,528,0,18184,0.0009999999999976694
28877000,2552,-1730,131761,-12701,-3384,118192,103,19228,422,0,18185,0.0010000000000012221
28878000,1039,3871,132658,-1727,4871,137278,113,19221,463,1,18186,0.0010000000000012221
28879000,-8125,-1212,131191,4041,-3938,130808,114,19231,467,1,18187,0.0009999999999976694
28880001,-5209,6099,129550,-16912,6081,120525,102,19233,418,1,18188,0.00100100000000225
28881000,1338,284,130891,-10357,-6275,135902,122,19233,418,0,18189,0.0009990000000001942
28882000,2771,-5178,126999,14400,-6117,124534,108,19223,500,0,18190,0.0009999999999976694
28883000,-3202,4111,130982,-13590,2951,132004,108,19228,442,0,18191,0.0010000000000012221
28884003,-4655,437,129307,-20599,-498,129286,112,19224,459,1,18192,0.0010030000000007533
28885000,-9004,5576,131907,-3575,4284,133989,149,19229,610,1,18193,0.0009969999999981383
28886000,-7557,7029,128381,-9120,6046,127810,119,19232,487,1,18194,0.0010000000000012221
28887000,-4240,10187,129333,-12638,5585,122160,102,19232,418,1,18195,0.0010000000000012221
28888000,-2078,-2223,128989,-7957,-5798,137112,165,19225,418,0,18196,0.0009999999999976694
28889000,1361,-4292,124017,2092,-5975,121973,110,19230,676,0,18197,0.0010000000000012221
28890000,-1489,8349,129015,-7821,4933,125665,110,19230,451,0,18198,0.0009999999999976694
28891000,-5903,6754,127212,-12747,4906,123358,112,19224,459,1,18199,0.0010000000000012221
28892000,-5955,7320,127355,-8588,3462,125324,122,19231,500,1,18200,0.0010000000000012221
28893000,-4161,4604,127647,-5405,-30,129035,109,19231,446,1,18201,0.0009999999999976694
28894000,-3236,4831,124196,437,2118,118351,119,19231,446,0,18202,0.0010000000000012221
28895000,-917,3789,126179,-13540,2043,122991,95,19224,487,0,18203,0.0010000000000012221
28896000,917,-2585,126645,3245,-6515,126923,95,19228,389,0,18204,0.0009999999999976694
28897000,1363,1952,126244,3482,-1334,129704,105,19229,430,0,18205,0.0010000000000012221
28898000,-5182,6218,127027,-9305,3823,124793,132,19223,541,1,18206,0.0010000000000012221
28899000,-2429,16772,127198,-5853,14122,114155,112,19223,459,1,18207,0.0009999999999976694
28900000,8482,4739,126498,5034,1580,137328,97,19232,459,1,18208,0.0010000000000012221
28901000,5894,5543,121170,11031,1157,121218,111,19228,397,0,18209,0.0010000000000012221
28902000,11107,3118,124306,852,-584,119549,111,19232,455,0,18210,0.0009999999999976694
28903000,8291,-8267,122844,7686,-12051,129387,111,19227,455,0,18211,0.0010000000000012221
28904000,6832,196,127205,12195,-3223,130348,115,19224,471,1,18212,0.0010000000000012221
28905000,-484,4507,128675,-7895,-78,123637,126,19228,516,1,18213,0.0009999999999976694
28906000,6338,17234,128151,-1348,15668,117179,107,19228,516,1,18214,0.0010000000000012221
28907000,7240,-4506,123937,16753,-6511,135638,110,19232,438,1,18215,0.0010000000000012221
28908001,9745,-433,125962,1076,-4716,121512,110,19218,451,0,18216,0.0010009999999986974
28909002,10659,-5267,128161,4537,-8807,131125,98,19223,401,0,18217,0.0010009999999986974
28910002,5008,3437,128310,15038,-5638,127020,110,19238,451,0,18218,0.0010000000000012221
28911000,4362,3399,130434,-8141,-6617,126553,125,19221,512,1,18219,0.0009979999999991662
28912000,1248,6652,128814,578,4110,133750,114,19221,512,1,18220,0.0010000000000012221
28913000,4677,4995,127732,2879,2554,119673,101,19229,467,1,18221,0.0010000000000012221
28914002,7680,-4431,131042,6903,-3517,131230,101,19226,414,0,18222,0.0010019999999997253
28915000,8438,-11282,128116,2246,-15385,126848,151,19229,618,0,18223,0.0009979999999991662
28916000,6507,-2167,130848,9840,-6267,136686,111,19229,455,0,18224,0.0010000000000012221
28917000,-3663,268,130996,-6002,-4169,118379,103,19226,422,0,18225,0.0009999999999976694
28918000,-15,15201,133856,-14315,10816,130044,143,19226,422,1,18226,0.0010000000000012221
28919000,-7055,684,131046,3407,-2114,135647,108,19229,586,1,18227,0.0009999999999976694
28920002,-3853,-6893,127421,-1271,-10963,131946,108,19230,442,1,18228,0.001002000000003278
28921002,621,-4906,129458,-19218,-4818,126556,109,19220,446,0,18229,0.0009999999999976694
28922000,2712,7121,128783,-3498,7221,121845,98,19229,401,0,18230,0.0009979999999991662
28923002,404,2184,131027,3021,2402,135243,106,19228,434,0,18231,0.001002000000003278
28924001,-9912,-6995,129210,-28059,-11178,130284,123,19228,434,1,18232,0.0009989999999966415
28925003,-9242,2874,130678,-15130,7929,131731,115,19220,504,1,18233,0.001002000000003278
28926000,-8878,8499,130086,362,4833,124741,115,19226,471,1,18234,0.0009969999999981383
28927001,-2988,2054,128545,-8132,-1433,127651,103,19230,422,1,18235,0.0010009999999986974
28928001,-4954,-1165,125797,-13263,-7889,131874,137,19224,561,0,18236,0.0010000000000012221
28929000,-3696,988,126132,-6215,-695,124220,100,19232,410,0,18237,0.0009990000000001942
28930000,678,12265,129427,-559,9990,123674,102,19232,410,0,18238,0.0010000000000012221
28931000,-8140,6078,127489,-8615,3389,126821,135,19224,418,1,18239,0.0009999999999976694
28932001,-7020,2295,126464,-16098,-829,128888,135,19225,553,1,18240,0.00100100000000225
28933000,-4050,5071,127839,-7634,3702,127372,116,19225,475,1,18241,0.0009990000000001942
28934000,1081,4326,126789,2081,-1764,123063,106,19223,434,0,18242,0.0009999999999976694
28935000,294,8341,125022,1981,6762,120019,96,19242,393,0,18243,0.0010000000000012221
28936000,-800,-8344,123750,-13674,-12419,128878,107,19242,438,0,18244,0.0010000000000012221
28937000,252,-1302,127978,2780,-1543,127363,118,19227,438,0,18245,0.0009999999999976694
28938000,-4356,21176,126879,-2668,18467,117882,117,19219,483,1,18246,0.0010000000000012221
28939002,-2932,14251,126413,-7526,9648,124334,117,19229,479,1,18247,0.0010019999999997253
28940000,4242,-1569,123378,5625,-6551,125230,100,19233,410,1,18248,0.0009979999999991662
28941000,11760,-3352,122947,-507,-6264,126938,122,19231,500,0,18249,0.0010000000000012221
28942000,10046,7307,126868,14935,4432,120723,104,19231,426,0,18250,0.0010000000000012221
28943000,6648,-618,124865,7411,-5584,125168,112,19226,426,0,18251,0.0009999999999976694
28944000,3246,-4097,125992,-5534,-6770,133451,149,19225,459,1,18252,0.0010000000000012221
28945000,3457,9989,129190,1355,8092,122581,149,19230,610,1,18253,0.0010000000000012221
28946000,6982,5170,126155,13568,1809,123725,112,19230,459,1,18254,0.0009999999999976694
28947000,7381,15057,125833,1801,13195,114236,98,19229,401,0,18255,0.0010000000000012221
28948000,10059,-5644,125555,-4268,-9084,132448,126,19229,516,0,18256,0.0010000000000012221
28949000,7945,-14830,126362,20636,-19104,136849,105,19232,516,0,18257,0.0009999999999976694
28950000,3588,7350,130307,3644,3141,121354,112,19229,430,0,18258,0.0010000000000012221
28951002,459,7720,131750,-12986,4619,127769,112,19220,459,1,18259,0.0010019999999997253
28952001,3598,15232,131122,4214,13457,124659,107,19227,438,1,18260,0.0009990000000001942
28953000,2344,-3789,127696,7278,-7927,137192,102,19232,418,1,18261,0.0009990000000001942
28954000,7942,-5947,127529,-4287,-9086,123114,119,19220,487,0,18262,0.0009999999999976694
28955000,9929,-9305,128815,8978,-13440,123347,93,19220,487,0,18263,0.0010000000000012221
28956000,5894,-7295,126145,14343,-12367,139806,105,19233,381,0,18264,0.0010000000000012221
28957000,2654,14022,132986,-20851,10386,121694,105,19232,430,1,18265,0.0009999999999976694
28958000,-7215,-1215,133506,-6131,-1967,130820,137,19222,561,1,18266,0.0010000000000012221
28959002,-8012,10688,131914,5289,11148,120862,113,19231,463,1,18267,0.0010019999999997253
28960002,-2467,-14283,127372,-19752,-14903,135559,97,19221,397,1,18268,0.0010000000000012221
28961000,-1648,-4974,129686,-3125,-11424,135832,144,19221,397,0,18269,0.0009979999999991662
28962000,3490,10584,129203,3246,5701,123246,108,19232,590,0,18270,0.0010000000000012221
28963000,-6641,2779,131212,-8208,2030,133005,108,19228,442,0,18271,0.0009999999999976694
28964000,-5895,-3610,129603,-16412,-7124,130011,117,19221,479,1,18272,0.0010000000000012221
28965003,-9789,3212,131461,-12524,577,134435,130,19229,532,1,18273,0.0010030000000007533
28966000,-7031,15322,129598,-8077,16066,114926,108,19230,442,1,18274,0.0009969999999981383
28967000,-3770,4673,128582,-10429,-4941,131296,111,19230,442,0,18275,0.0010000000000012221
28968000,-3888,-10491,124730,-5917,-12737,133648,114,19219,455,0,18276,0.0010000000000012221
28969000,-570,-3684,126317,-967,-5711,124966,114,19231,467,0,18277,0.0009999999999976694
28970001,-3115,7036,128521,-6438,11456,123233,107,19230,438,0,18278,0.00100100000000225
28971000,-4530,20258,130215,-3510,11553,114988,129,19222,528,1,18279,0.0009990000000001942
28972000,-9929,-519,126684,-5176,-5814,142171,116,19226,475,1,18280,0.0009999999999976694
28973000,-3444,2643,125140,-14666,1823,124797,102,19226,475,1,18281,0.0010000000000012221
28974000,980,7724,125271,4659,8269,119103,138,19228,418,0,18282,0.0010000000000012221
28975002,2587,3947,125612,-1203,223,126787,138,19233,565,0,18283,0.0010019999999997253
28976000,6461,592,123849,-7462,-1718,123778,108,19226,442,0,18284,0.0009979999999991662
28977003,-2339,1564,126081,651,-1539,133303,113,19224,463,1,18285,0.0010030000000007533
28978000,-1200,11613,124959,-4009,12175,117028,152,19226,623,1,18286,0.0009969999999981383
28979000,-1230,15218,127236,-6653,12261,123274,104,19226,426,1,18287,0.0010000000000012221
28980000,7228,-1662,123462,5800,-6625,128446,101,19232,426,0,18288,0.0010000000000012221
28981000,7326,-2409,123118,5685,-7200,122266,86,19218,414,0,18289,0.0009999999999976694
28982000,7118,7151,129394,-694,2961,128485,86,19230,352,0,18290,0.0010000000000012221
28983001,5511,-2971,123513,15209,-7314,119430,115,19227,471,0,18291,0.0010009999999986974
28984000,4894,4696,130897,2591,1940,128069,129,19222,528,1,18292,0.0009990000000001942
28985000,5042,15912,128184,-6452,14958,122195,114,19222,467,1,18293,0.0010000000000012221
28986000,7380,5389,124753,16287,912,123693,98,19229,467,1,18294,0.0009999999999976694
28987000,9019,-508,125710,6321,-4651,127394,133,19228,401,0,18295,0.0010000000000012221
28988000,10796,339,127787,-3153,-2592,124726,133,19229,545,0,18296,0.0010000000000012221
28989000,9067,-16940,127189,19950,-20233,137795,101,19229,414,0,18297,0.0009999999999976694
28990000,4401,155,130543,3352,-4038,123298,105,19227,430,0,18298,0.0010000000000012221
28991000,1279,13141,130637,-11450,9474,129891,132,19227,541,1,18299,0.0010000000000012221
28992000,-584,12500,129580,7074,11739,123322,111,19232,541,1,18300,0.0009999999999976694
28993000,5488,2825,128531,2313,-2378,126415,103,19227,455,1,18301,0.0010000000000012221
28994000,11100,-6847,128785,-3098,-10205,139340,103,19219,422,0,18302,0.0010000000000012221
28995001,9069,-3521,128481,16363,-5186,120401,126,19229,516,0,18303,0.0010009999999986974
28996000,3969,-6304,130609,8502,-9569,138078,109,19227,446,0,18304,0.0009990000000001942
28997000,1767,2487,130103,-18280,-2516,125444,121,19218,496,1,18305,0.0010000000000012221
28998000,-4390,5749,133938,-5429,3347,131153,115,19218,496,1,18306,0.0009999999999976694
28999000,-7248,6641,130402,5648,4269,126080,99,19222,471,1,18307,0.0010000000000012221
29000000,-902,717,128899,-20084,-1716,125321,99,19230,405,1,18308,0.0010000000000012221
29001000,-562,-11857,126848,-6482,-15964,140348,122,19227,500,0,18309,0.0009999999999976694
29002000,3838,-302,131430,10689,-5194,127455,102,19230,418,0,18310,0.0010000000000012221
29003000,-5839,8807,132050,-12888,6028,126603,112,19226,459,0,18311,0.0010000000000012221
29004000,-7832,3028,131922,-18243,-773,129946,154,19226,459,1,18312,0.0009999999999976694
29005000,-6782,5241,129809,-6781,2016,129206,115,19228,631,1,18313,0.0010000000000012221
29006000,-7030,8680,129278,-6649,2616,133570,115,19231,471,1,18314,0.0010000000000012221
29007000,-3613,6493,128076,-12070,7164,117032,99,19227,405,0,18315,0.0009999999999976694
29008001,-5000,-9679,128295,-9612,-9450,136082,162,19232,664,0,18316,0.00100100000000225
29009002,-535,-4253,126806,-1914,-7269,129036,106,19228,434,0,18317,0.0010009999999986974
29010000,-5440,-430,126370,-7506,-6065,125997,116,19228,434,1,18318,0.0009979999999991662
29011000,-7805,23440,129573,-13446,18000,116172,121,19218,475,1,18319,0.0010000000000012221
29012000,-6178,2464,126127,-10556,4362,133389,121,19226,496,1,18320,0.0010000000000012221
29013000,-935,8673,126227,-5588,10044,121268,107,19226,438,1,18321,0.0009999999999976694
29014002,2405,2129,124511,-6464,-5150,126966,119,19223,487,0,18322,0.0010019999999997253
29015000,2114,-3266,123253,4712,-2884,122705,97,19230,397,0,18323,0.0009979999999991662
29016000,4351,1685,125601,-6518,-5619,130700,109,19230,397,0,18324,0.0010000000000012221
29017000,-1274,519,124600,-6793,9095,130559,142,19225,446,1,18325,0.0010000000000012221
29018000,-2568,15895,126386,-8705,16574,115451,142,19221,582,1,18326,0.0009999999999976694
29019000,1410,-864,122986,-7201,1805,128093,113,19229,463,1,18327,0.0010000000000012221
29020000,6979,5239,125004,12687,-131,122748,96,19226,393,0,18328,0.0010000000000012221
29021000,6281,-8035,121559,5052,-12092,127487,109,19230,446,0,18329,0.0009999999999976694
29022000,5530,654,127413,8645,-2240,125370,114,19230,467,0,18330,0.0010000000000012221
29023000,1988,-3761,126843,-246,-7985,129041,117,19229,467,0,18331,0.0010000000000012221
29024004,3181,7028,129906,3152,7586,125048,124,19224,479,1,18332,0.0010039999999982285
29025002,3770,14758,129045,2393,9444,122425,124,19230,508,1,18333,0.0009979999999991662
29026000,5713,1002,123905,6480,-2671,129072,106,19232,434,1,18334,0.000998000000002719
29027000,10242,6100,125447,2945,6572,122003,111,19217,455,0,18335,0.0009999999999976694
29028000,11439,-8111,126197,8545,-15567,133089,96,19217,393,0,18336,0.0010000000000012221
29029000,8963,1132,127364,24537,283,128448,110,19228,393,0,18337,0.0010000000000012221
29030000,2973,537,129567,-18031,-4628,125295,125,19235,451,1,18338,0.0009999999999976694
29031000,2579,6400,133665,-2070,6150,132483,125,19224,512,1,18339,0.0010000000000012221
29032001,-1134,11058,128284,14755,8055,123620,115,19235,471,1,18340,0.0010009999999986974
29033002,2205,1677,128558,-11654,-3260,127777,102,19228,418,1,18341,0.00100100000000225
29034000,13955,-10699,127543,1386,-15394,130730,151,19228,618,0,18342,0.0009979999999991662
29035000,7415,-9256,130985,25003,-11521,129402,104,19231,618,0,18343,0.0010000000000012221
29036000,1702,-3636,129397,-7768,-5623,131350,107,19229,426,0,18344,0.0009999999999976694
29037000,-2942,14776,133828,-23768,11141,121406,107,19219,438,1,18345,0.0010000000000012221
29038000,-4267,635,131027,7822,-2563,136044,140,19229,573,1,18346,0.0010000000000012221
29039002,-8689,1893,130682,3676,-175,125807,110,19232,451,1,18347,0.0010019999999997253
29040000,-330,-10640,128948,-27341,-14695,131261,107,19218,438,0,18348,0.0009979999999991662
29041000,901,8188,129431,7812,4634,123146,97,19218,438,0,18349,0.0010000000000012221
29042000,2412,603,129658,3518,-2194,127068,110,19229,397,0,18350,0.0009999999999976694
29043001,-8858,5318,133015,-20763,1765,132397,110,19227,451,0,18351,0.00100100000000225
29044000,-9210,513,129747,-12265,-2557,129907,124,19224,508,1,18352,0.0009989999999966415
29045000,-9203,7242,131046,-6075,5678,126002,116,19231,475,1,18353,0.0010000000000012221
29046001,-4030,7674,129299,-12178,6107,127179,104,19230,426,1,18354,0.00100100000000225
29047000,-919,872,127541,-7622,-827,126454,136,19230,426,0,18355,0.0009989999999966415
29048000,-3853,-4011,125891,-1977,-5614,126414,101,19223,557,0,18356,0.0010000000000012221
29049000,-744,229,127031,-7054,-3231,125895,101,19229,414,0,18357,0.0010000000000012221
29050000,-7304,10793,128558,-11519,7752,123257,106,19225,434,1,18358,0.0009999999999976694
29051000,-7874,8595,128318,-10567,6581,126389,142,19228,582,1,18359,0.0010000000000012221
29052000,-6361,-2339,128813,-7378,-1773,129253,113,19231,463,1,18360,0.0010000000000012221
29053000,-1580,8327,125950,-4774,10360,118627,105,19231,463,1,18361,0.0009999999999976694
29054000,1446,1421,124372,-3859,1836,124295,105,19223,430,0,18362,0.0010000000000012221
29055000,2965,-3363,122631,2000,-7183,130708,105,19228,430,0,18363,0.0010000000000012221
29056000,-958,7448,126259,-3419,1234,120138,108,19224,442,0,18364,0.0009999999999976694
29057000,-1169,16811,126172,-12585,9996,122799,120,19224,491,1,18365,0.0010000000000012221
29058000,-5129,6944,125145,6760,2596,130200,117,19229,479,1,18366,0.0010000000000012221
29059000,4987,-1868,122913,-569,-5048,125033,101,19229,479,1,18367,0.0009999999999976694
29060000,10852,14365,125246,-8386,13191,114864,121,19228,414,0,18368,0.0010000000000012221
29061002,10018,5547,123907,18361,-3592,126065,121,19228,496,0,18369,0.0010019999999997253
29062002,10784,-13730,123192,8703,-16613,131674,104,19227,426,0,18370,0.0010000000000012221
29063000,1017,-12120,127449,-1627,-11841,130721,110,19229,451,0,18371,0.0009979999999991662
29064000,2161,3831,128833,1681,9871,122225,147,19234,602,1,18372,0.0010000000000012221
29065000,1297,23430,129740,6644,14130,118511,113,19234,602,1,18373,0.0009999999999976694
29066000,6922,-5052,125647,3434,-11467,136765,101,19232,463,1,18374,0.0010000000000012221
29067000,11330,-7079,123827,2988,-8057,124291,101,19228,414,0,18375,0.0010000000000012221
29068002,8242,-1627,127396,18274,-5648,127440,138,19226,565,0,18376,0.0010019999999997253
29069002,8209,1876,126590,1233,1857,126699,110,19229,451,0,18377,0.0009999999999976694
29070001,4119,-5638,128794,-6311,-7754,131978,113,19226,463,1,18378,0.0009990000000001942
29071000,2287,8699,131685,6343,9135,129314,110,19226,451,1,18379,0.0009990000000001942
29072000,-652,11178,128012,3300,5102,120583,107,19224,451,1,18380,0.0010000000000012221
29073000,5896,-1363,128712,-5067,-5426,132540,123,19231,438,1,18381,0.0010000000000012221
29074000,10479,-12567,127401,1934,-17273,133673,123,19216,504,0,18382,0.0009999999999976694
29075001,6640,-11066,128060,24473,-11893,131415,92,19235,377,0,18383,0.00100100000000225
29076001,384,10090,130836,-14417,7949,125527,103,19229,422,0,18384,0.0009999999999976694
29077000,1173,5081,130897,-20346,3680,123491,131,19229,537,1,18385,0.0009990000000001942
29078000,-3879,13230,134141,18602,9003,137354,114,19227,537,1,18386,0.0010000000000012221
29079000,-1844,901,129009,-9298,-1875,126725,96,19230,467,1,18387,0.0009999999999976694
29080000,-2888,-16148,128795,-14676,-20061,133055,96,19227,393,0,18388,0.0010000000000012221
29081000,3851,-5115,130986,-54,-8919,129708,137,19233,561,0,18389,0.0010000000000012221
29082000,-2162,4277,130022,3110,-65,127629,105,19228,430,0,18390,0.0009999999999976694
29083000,-6874,4911,132956,-17091,3229,127730,113,19228,463,0,18391,0.0010000000000012221
29084000,-12384,11209,131945,-19102,8733,123669,129,19223,463,1,18392,0.0010000000000012221
29085000,-7576,-853,127493,-6281,-5078,138459,111,19229,528,1,18393,0.0009999999999976694
29086000,-5828,18914,132391,-6378,17405,112649,111,19231,455,1,18394,0.0010000000000012221
29087000,-2888,-8130,125846,-10389,-10591,137911,113,19217,463,0,18395,0.0010000000000012221
29088001,-3197,2699,127169,-14293,-1192,127225,105,19226,430,0,18396,0.0010009999999986974
29089001,1162,22,126798,2938,-2902,124061,101,19227,414,0,18397,0.0010000000000012221
29090001,-1897,10307,127084,947,5159,126171,128,19227,414,1,18398,0.0009999999999976694
29091000,-5184,8906,125121,-14348,4912,119003,118,19223,524,1,18399,0.0009990000000001942
29092000,-2544,-1516,127562,-10389,-3546,135251,118,19230,483,1,18400,0.0010000000000012221
29093000,2362,12250,128065,4861,11902,117186,103,19228,422,0,18401,0.0010000000000012221
29094000,-4068,-5433,124549,-1525,-6037,127360,145,19236,594,0,18402,0.0009999999999976694
29095000,-612,-4237,124018,-7430,-8736,127411,103,19228,422,0,18403,0.0010000000000012221
29096000,-326,6920,125506,-7206,4329,124568,110,19228,422,0,18404,0.0010000000000012221
29097000,-1931,20919,128552,4639,17132,123238,149,19224,451,1,18405,0.0009999999999976694
29098000,-2252,9133,125709,-4883,9857,118695,149,19229,610,1,18406,0.0010000000000012221
29099000,3697,3295,124806,-5669,-3537,130581,109,19239,446,1,18407,0.0010000000000012221
29100000,10949,1841,123704,8776,-2113,128075,102,19224,418,0,18408,0.0009999999999976694
29101000,8834,3602,125364,7807,-1625,119878,94,19231,385,0,18409,0.0010000000000012221
29102000,8481,-4670,125708,3501,-895,130673,117,19231,385,0,18410,0.0010000000000012221
29103000,3997,-5616,124829,8653,-10104,127008,131,19226,479,1,18411,0.0009999999999976694
29104000,2986,9590,127931,-2157,3830,124786,131,19218,537,1,18412,0.0010000000000012221
29105000,3633,14489,128151,2360,11342,119085,114,19228,467,1,18413,0.0010000000000012221
29106000,10167,349,123653,10533,5226,126845,98,19230,401,1,18414,0.0009999999999976694
29107000,9404,-918,127872,1743,-7553,128744,134,19232,549,0,18415,0.0010000000000012221
29108000,11194,-4327,126863,6756,-16403,129708,102,19232,549,0,18416,0.0009999999999976694
29109000,4525,-5450,129164,17345,-6379,130293,104,19232,418,0,18417,0.0010000000000012221
29110000,733,8399,132799,-4677,3030,124590,104,19226,426,1,18418,0.0010000000000012221
29111000,1241,9508,129213,5295,6131,135376,134,19227,549,1,18419,0.0009999999999976694
29112000,2155,5805,128734,3171,235,121288,111,19230,455,1,18420,0.0010000000000012221
29113000,7487,-4552,127402,-5081,-7555,126124,103,19224,422,0,18421,0.0010000000000012221
29114000,6672,-3527,130144,11713,-4105,128204,127,19224,520,0,18422,0.0009999999999976694
29115000,7351,-8646,128218,9412,-16598,132288,105,19231,520,0,18423,0.0010000000000012221
29116000,-2021,-4947,131210,-12082,-1880,134282,117,19232,430,0,18424,0.0010000000000012221
29117000,-994,16721,133663,-15144,13391,124263,117,19219,479,1,18425,0.0009999999999976694
29118000,-6204,7130,129664,7718,6008,130322,110,19228,451,1,18426,0.0010000000000012221
29119001,159,-3230,129790,-11787,-7698,129213,101,19229,414,1,18427,0.0010009999999986974
29120000,1866,-9707,126973,-8211,-13139,138729,124,19229,508,0,18428,0.0009990000000001942
29121000,2200,1801,127866,3798,-294,121012,102,19225,508,0,18429,0.0010000000000012221
29122000,-3247,10663,132395,-4912,6390,125421,113,19235,418,0,18430,0.0010000000000012221
29123000,-5579,-5500,130320,-13827,-8610,142623,113,19224,463,1,18431,0.0009999999999976694
29124000,-11201,5355,130108,-15112,6020,120299,152,19226,623,1,18432,0.0010000000000012221
29125000,-10582,9919,131512,-9223,8612,131017,116,19226,475,1,18433,0.0010000000000012221
29126000,-1533,11377,128457,-6161,8776,121373,101,19226,414,1,18434,0.0009999999999976694
29127000,-4062,-12880,124950,-5029,-17401,136273,164,19228,414,0,18435,0.0010000000000012221
29128000,-431,-6210,127827,-8123,-8960,131847,114,19232,672,0,18436,0.0010000000000012221
29129000,-2453,7263,128008,-6524,4021,116151,114,19233,467,0,18437,0.0009999999999976694
29130000,-5060,11142,131024,-7598,8602,129567,117,19223,479,1,18438,0.0010000000000012221
29131000,-7254,7940,126721,-12582,3333,123237,119,19227,487,1,18439,0.0010000000000012221
29132000,-7150,9401,126556,-6568,5751,129058,108,19228,442,1,18440,0.0009999999999976694
29133000,-1557,2774,124319,-683,191,123393,120,19228,442,0,18441,0.0010000000000012221
29134000,1029,875,125532,-6843,-2082,121147,98,19228,491,0,18442,0.0010000000000012221
29135002,7855,9,125303,12199,-3460,130620,98,19229,401,0,18443,0.0010019999999997253
29136000,-3734,-62,124599,-10169,-2356,117960,108,19230,442,0,18444,0.0009979999999991662
29137000,-567,15678,129033,-13474,11906,129032,139,19219,569,1,18445,0.0010000000000012221
29138000,-6000,7273,123426,11410,3803,124352,113,19232,463,1,18446,0.0009999999999976694
29139000,2349,8435,125440,-4739,6719,121765,96,19232,463,1,18447,0.0010000000000012221
29140000,10733,4024,124367,-4997,1871,126710,113,19226,393,0,18448,0.0009999999999976694
29141000,13080,7860,123539,21758,2885,116632,113,19232,463,0,18449,0.0010000000000012221
29142001,8123,-5737,126164,5251,-8321,131016,113,19227,463,0,18450,0.0010009999999986974
29143000,2067,-3308,126965,-492,-9584,127535,118,19222,483,1,18451,0.0009990000000001942
29144000,2869,-2649,125941,3813,-8489,128555,129,19228,528,1,18452,0.0010000000000012221
29145000,2103,14492,129258,2452,10380,122162,105,19228,528,1,18453,0.0010000000000012221
29146000,10246,-3676,125363,-2850,-1587,124470,108,19232,430,1,18454,0.0009999999999976694
29147000,10142,3975,126163,16585,4446,120311,108,19221,442,0,18455,0.0010000000000012221
29148000,9772,-9752,126472,12588,-8103,127691,86,19229,352,0,18456,0.0010000000000012221
29149000,8504,-11054,128879,878,-17555,127348,106,19228,434,0,18457,0.0009999999999976694
29150000,-1239,17384,133060,5357,12245,121265,127,19222,520,1,18458,0.0010000000000012221
29151000,538,12262,130019,-2494,9707,131917,115,19222,520,1,18459,0.0010000000000012221
29152000,403,5708,127980,-1648,-1235,126008,98,19226,471,1,18460,0.0009999999999976694
29153000,8984,-10582,127202,6022,-11854,136419,98,19230,401,0,18461,0.0010000000000012221
29154000,9753,-9506,126452,-1490,-7695,123908,145,19229,594,0,18462,0.0010000000000012221
29155000,4641,961,131681,14411,-2827,130416,105,19232,430,0,18463,0.0009999999999976694
29156000,945,-2758,129817,33,-6862,134197,109,19224,446,0,18464,0.0010000000000012221
29157000,-490,5978,132089,-25075,7635,124342,143,19224,586,1,18465,0.0010000000000012221
29158000,-7446,6184,132451,15154,6190,131802,107,19229,586,1,18466,0.0009999999999976694
29159000,-2664,5554,129103,-13253,-4699,120956,103,19229,438,1,18467,0.0010000000000012221
29160000,-1657,-19191,127863,-22857,-24085,142354,103,19222,422,0,18468,0.0010000000000012221
29161001,5528,-8610,131075,12704,-6571,128824,105,19227,430,0,18469,0.0010009999999986974
29162002,-5387,13240,128994,493,8993,117743,117,19228,479,0,18470,0.0010009999999986974
29163000,-8597,10334,133302,-31485,8236,130442,131,19228,537,1,18471,0.000998000000002719
29164000,-8498,-5341,129015,-6518,-8661,133956,117,19226,537,1,18472,0.0009999999999976694
29165000,-5497,866,128704,4074,1072,129753,104,19230,479,1,18473,0.0010000000000012221
29166000,-4009,17937,130058,-14070,13508,115582,104,19224,426,1,18474,0.0010000000000012221
29167000,-4505,-6854,126565,-11224,-12531,132534,136,19220,557,0,18475,0.0009999999999976694
29168003,-718,-7217,126585,-2099,-9954,131486,110,19229,451,0,18476,0.0010030000000007533
29169000,-5303,2506,127661,-10339,925,125989,111,19229,455,0,18477,0.0009969999999981383
29170000,-6528,16110,126187,-8078,15523,119175,144,19226,455,1,18478,0.0010000000000012221
29171000,-5819,7105,128067,-9843,-815,121759,116,19228,590,1,18479,0.0010000000000012221
29172000,1453,-2925,125718,-7169,-5435,141231,116,19231,475,1,18480,0.0009999999999976694
29173000,215,8622,126646,6462,5883,118662,107,19225,438,0,18481,0.0010000000000012221
29174000,-1366,-3914,124012,-6521,-5931,123033,102,19229,418,0,18482,0.0010000000000012221
29175000,1211,2870,125868,-9606,-1101,127337,108,19229,442,0,18483,0.0009999999999976694
29176000,-207,2399,125952,4850,-887,129498,115,19229,442,0,18484,0.0010000000000012221
29177000,-4103,11986,126881,-652,9201,124419,113,19220,471,1,18485,0.0010000000000012221
29178000,-3178,15209,125352,-13465,12769,115815,113,19230,463,1,18486,0.0009999999999976694
29179000,8246,5738,125283,2956,1967,125430,97,19228,397,1,18487,0.0010000000000012221
29180000,10853,-3010,123983,17814,-5794,123227,121,19230,496,0,18488,0.0010000000000012221
29181000,9619,-10315,122865,5729,-14299,130075,101,19230,414,0,18489,0.0009999999999976694
29182000,2724,4542,126101,-3879,560,123280,108,19230,414,0,18490,0.0010000000000012221
29183000,5544,4110,126813,7516,-163,123685,145,19229,442,1,18491,0.0010000000000012221
29184002,4298,8298,129819,7525,4876,133578,145,19228,594,1,18492,0.0010019999999997253
29185000,5457,6054,125966,-1137,2464,123371,115,19233,471,1,18493,0.0009979999999991662
29186000,11688,4189,126251,4527,1121,122460,101,19226,414,0,18494,0.0010000000000012221
29187000,10876,718,127210,10717,262,125244,133,19232,545,0,18495,0.0009999999999976694
29188000,7126,-18061,124395,12253,-20118,133834,103,19232,545,0,18496,0.0010000000000012221
29189000,1005,-2075,129789,-3604,-7938,128333,106,19231,422,0,18497,0.0010000000000012221
29190000,2422,16984,132618,-8426,14385,123936,106,19224,434,1,18498,0.0009999999999976694
29191000,-2999,10235,129796,11409,9369,128180,110,19229,451,1,18499,0.0010000000000012221
29192002,5083,-3590,128676,-1863,-1605,124523,107,19229,438,1,18500,0.0010019999999997253
29193000,12233,-20687,126457,-5996,-19680,135520,121,19221,496,0,18501,0.0009979999999991662
29194000,8837,4156,131906,18198,-730,126160,93,19221,496,0,18502,0.0010000000000012221
29195000,4521,4069,128652,9487,1363,124447,101,19231,381,0,18503,0.0010000000000012221
29196000,-1826,1101,132857,-19894,-2991,126904,101,19231,414,1,18504,0.0009999999999976694
29197000,-5618,477,131476,-1153,1522,134500,135,19236,553,1,18505,0.0010000000000012221
29198000,-8626,907,128894,2607,-8628,128614,112,19230,459,1,18506,0.0010000000000012221
29199000,-1696,4428,130970,-16058,-339,125688,99,19228,405,1,18507,0.0009999999999976694
29200003,3017,-4235,127503,-9750,-4737,133016,138,19228,405,0,18508,0.0010030000000007533
29201000,3608,6059,128783,8169,2518,122225,109,19235,565,0,18509,0.0009969999999981383
29202000,-5185,1721,131479,-5744,-2275,134214,109,19227,446,0,18510,0.0010000000000012221
29203000,-6313,-2353,129065,-21689,-4339,127885,112,19221,459,1,18511,0.0010000000000012221
29204000,-7702,11307,132131,-9419,7946,129461,129,19230,528,1,18512,0.0009999999999976694
29205000,-6041,7690,128586,-17698,4040,127343,109,19231,446,1,18513,0.0010000000000012221
29206000,-1249,3950,129294,-1397,-1875,118970,113,19231,463,0,18514,0.0010000000000012221
29207002,-3856,-6512,125342,-5264,-3492,134069,108,19219,463,0,18515,0.0010019999999997253
29208000,-2141,-3743,126914,-8304,-4328,125522,105,19231,442,0,18516,0.0009979999999991662
29209000,-6060,8544,128875,-13487,6352,122563,105,19227,430,0,18517,0.0010000000000012221
29210000,-4344,9255,128966,-9202,5992,130792,131,19225,537,1,18518,0.0009999999999976694
29211000,-9281,597,127302,-2057,-1267,126049,118,19231,483,1,18519,0.0010000000000012221
29212000,-3217,4429,127201,-12329,842,128003,104,19231,426,1,18520,0.0010000000000012221
29213000,-381,7613,124657,-3300,3834,121700,140,19223,426,0,18521,0.0009999999999976694
29214001,-460,4401,125404,4125,-326,126416,105,19232,573,0,18522,0.00100100000000225
29215000,4237,3579,124580,-4044,1439,125054,105,19228,430,0,18523,0.0009990000000001942
29216000,-1758,9678,125305,-3487,8758,123963,112,19225,459,1,18524,0.0009999999999976694
29217000,-2513,3269,124954,-6771,269,135271,148,19232,606,1,18525,0.0010000000000012221
29218000,-1765,8733,126291,-318,6362,116628,109,19232,446,1,18526,0.0010000000000012221
29219000,4555,8329,123882,8418,5327,120862,105,19234,446,0,18527,0.0009999999999976694
29220000,6713,-450,124076,6330,-4316,125069,84,19222,430,0,18528,0.0010000000000012221
29221000,8549,-6700,124214,-2049,-9941,127158,84,19228,344,0,18529,0.0010000000000012221
29222000,10608,260,126580,10421,-4113,133751,113,19227,463,0,18530,0.0009999999999976694
29223000,4405,9336,128438,8257,6489,116189,127,19225,520,1,18531,0.0010000000000012221
29224002,4421,5487,130480,-7973,3482,128957,113,19231,463,1,18532,0.0010019999999997253
29225001,6479,9851,127000,8127,5772,131300,99,19231,463,1,18533,0.0009990000000001942
29226001,11186,6153,124509,10843,2047,124917,136,19230,405,0,18534,0.0010000000000012221
29227002,7436,3587,128671,165,69,123762,136,19229,557,0,18535,0.0010009999999986974
29228000,6503,-12293,125095,12172,-15614,127377,103,19229,422,0,18536,0.0009979999999991662
29229000,7414,-4702,131750,5873,-9563,142999,106,19228,434,0,18537,0.0010000000000012221
29230000,3442,7847,128644,-4097,1809,119271,133,19228,545,1,18538,0.0010000000000012221
29231001,2809,22142,132735,-1100,18369,124348,112,19228,545,1,18539,0.0010009999999986974
29232000,-128,631,127248,5146,-2625,127862,105,19227,459,1,18540,0.0009990000000001942
29233000,4549,-16614,127135,-3247,-18356,134584,105,19219,430,0,18541,0.0009999999999976694
29234000,8239,-542,132420,7126,-3436,131892,127,19229,520,0,18542,0.0010000000000012221
29235001,3406,2640,128420,20689,-2308,124618,108,19230,442,0,18543,0.0010009999999986974
29236000,2979,3486,133940,-21665,839,131662,114,19218,467,1,18544,0.0009990000000001942
29237002,-7163,9185,132955,-17563,9492,124254,109,19218,467,1,18545,0.001002000000003278
29238000,-3783,7,129639,17069,-2448,132818,102,19224,446,1,18546,0.0009979999999991662
29239000,-4516,-2580,129052,-14357,-2596,122539,102,19229,418,0,18547,0.0009999999999976694
29240003,-2607,-21725,128641,-21907,-25098,139524,125,19224,512,0,18548,0.0010030000000007533
29241001,7187,12032,133301,20393,10027,124996,97,19228,397,0,18549,0.0009979999999991662
29242002,-2600,3965,130045,-9714,742,123335,109,19225,446,0,18550,0.00100100000000225
29243002,-4889,7923,130940,-25299,4155,130990,150,19225,446,1,18551,0.0009999999999976694
29244000,-10457,358,126994,-3258,-3775,130300,117,19227,614,1,18552,0.000998000000002719
29245000,-8695,16132,130843,-8419,7206,124036,117,19230,479,1,18553,0.0009999999999976694
29246000,-4643,4333,127643,-10306,4506,126027,101,19228,414,0,18554,0.0010000000000012221
29247000,-7018,-10684,124390,-10170,-10170,132919,170,19234,696,0,18555,0.0010000000000012221
29248000,387,829,128182,-3711,-2098,126235,103,19229,422,0,18556,0.0009999999999976694
29249000,-3692,5371,127268,-3579,4137,127196,113,19229,463,1,18557,0.0010000000000012221
29250000,-3107,15314,128414,-6253,9794,118961,117,19225,463,1,18558,0.0010000000000012221
29251000,-7581,3062,128499,-15712,2408,128518,108,19226,479,1,18559,0.0009999999999976694
29252000,-3601,842,128301,5419,527,124230,108,19230,442,1,18560,0.0010000000000012221
29253000,6166,-2075,123627,-903,-13745,127327,117,19224,479,0,18561,0.0010000000000012221
29254000,-3910,-8201,123752,-14947,-12310,128509,110,19228,451,0,18562,0.0009999999999976694
29255000,4731,5540,127096,3887,4399,119828,119,19228,487,0,18563,0.0010000000000012221
29256001,-885,10758,126849,3640,7981,125525,144,19229,487,1,18564,0.0010009999999986974
29257000,-431,11386,125916,-10422,6957,125620,117,19223,590,1,18565,0.0009990000000001942
29258000,-1193,1725,123784,434,1196,123940,117,19229,479,1,18566,0.0010000000000012221
29259000,6498,9993,123551,9890,4781,122139,95,19231,389,0,18567,0.0010000000000012221
29260000,9350,-222,123380,10632,-4379,125247,115,19232,471,0,18568,0.0009999999999976694
29261001,6567,-9277,124301,4703,-11673,126969,112,19232,459,0,18569,0.00100100000000225
29262000,7498,-2911,126870,-3210,-7085,128054,114,19226,459,0,18570,0.0009989999999966415
29263000,885,9676,126506,9237,7548,125506,121,19222,467,1,18571,0.0010000000000012221
29264000,4005,15501,126369,3066,14430,120073,121,19228,496,1,18572,0.0010000000000012221
29265002,6798,3749,126279,-2057,121,124239,103,19231,422,1,18573,0.0010019999999997253
29266000,14782,-8199,125919,9265,-13045,134619,106,19220,434,0,18574,0.0009979999999991662
29267001,10963,-300,125874,15508,-3954,121882,84,19231,344,0,18575,0.0010009999999986974
29268000,5731,-5942,130223,6491,-8862,129635,104,19231,344,0,18576,0.0009990000000001942
29269001,4420,-737,129505,-10716,-4559,134658,124,19225,426,1,18577,0.00100100000000225
29270000,2241,599,127991,7357,-4346,126737,124,19222,508,1,18578,0.0009990000000001942
29271000,-77,16441,130353,4042,11833,124827,110,19231,451,1,18579,0.0009999999999976694
29272000,3740,725,126367,-10157,-1455,124081,98,19228,401,1,18580,0.0010000000000012221
29273000,8049,-13625,128074,13198,-18165,133561,145,19230,594,0,18581,0.0010000000000012221
29274000,10165,270,130072,16582,-4507,127746,104,19230,594,0,18582,0.0009999999999976694
29275000,2050,-8432,129048,-10246,-13114,132824,105,19231,426,0,18583,0.0010000000000012221
29276000,1055,21118,135275,-13917,17985,121280,105,19226,430,1,18584,0.0010000000000012221
29277000,-2856,-5348,130815,6458,-8782,137670,141,19228,577,1,18585,0.0009999999999976694
29278000,-7920,-1354,131689,-3946,-8014,133950,105,19232,430,1,18586,0.0010000000000012221
29279000,-2605,-2236,128602,-22741,-7459,124454,102,19218,418,0,18587,0.0010000000000012221
29280000,-1049,-1215,128901,8851,-8820,134223,95,19218,418,0,18588,0.0009999999999976694
29281000,4577,13618,131411,-1718,12913,118558,111,19230,389,0,18589,0.0010000000000012221
29282000,-6600,-10236,130026,-22613,-12085,134496,111,19226,455,0,18590,0.0010000000000012221
29283000,-7090,5044,133139,-2580,-767,130886,127,19222,520,1,18591,0.0009999999999976694
29284000,-8260,6317,128532,-10323,3937,129032,116,19227,475,1,18592,0.0010000000000012221
29285000,-9459,13480,130365,-12536,10855,124338,101,19228,414,1,18593,0.0010000000000012221
29286000,-1627,-868,128097,-9481,1800,124032,134,19228,414,0,18594,0.0009999999999976694
29287000,-3526,-14552,125374,-4416,-15962,135834,100,19221,549,0,18595,0.0010000000000012221
29288000,-558,16053,128695,-5043,11812,117978,100,19231,410,0,18596,0.0010000000000012221
29289000,-2330,2000,126091,-15976,-964,125225,105,19225,430,1,18597,0.0009999999999976694
29290000,-5748,13223,131074,-3902,7505,119430,145,19229,594,1,18598,0.0010000000000012221
29291000,-3527,5567,127314,-11249,6677,131480,114,19230,467,1,18599,0.0010000000000012221
29292000,-4884,5443,124558,-1160,-488,120929,106,19230,467,0,18600,0.0009999999999976694
29293000,-3298,2800,124805,-8426,5943,121934,100,19225,434,0,18601,0.0010000000000012221
29294000,2619,-1703,124975,-6930,-4858,130559,100,19232,410,0,18602,0.0009999999999976694
29295002,3881,-2091,124288,12136,-4654,128750,109,19231,446,0,18603,0.001002000000003278
29296000,1120,1002,124876,-8014,426,123234,121,19214,496,1,18604,0.0009979999999991662
29297000,-6787,23037,129776,-9734,12343,113948,115,19228,471,1,18605,0.0009999999999976694
29298000,2226,6272,123678,-679,797,131726,100,19228,410,1,18606,0.0010000000000012221
29299000,6054,-488,126104,9129,-4587,124035,121,19233,410,0,18607,0.0010000000000012221
29300000,4684,6343,122947,3225,-3935,118127,102,19232,496,0,18608,0.0009999999999976694
29301000,12204,-6508,123257,11060,-11578,129482,102,19229,418,0,18609,0.0010000000000012221
29302000,7695,-3758,129176,4287,-6213,130371,111,19226,455,0,18610,0.0010000000000012221
29303000,6416,5919,127755,-10888,5504,123094,149,19228,610,1,18611,0.0009999999999976694
29304000,-35,15221,127944,6924,12563,122022,114,19228,467,1,18612,0.0010000000000012221
29305000,7411,-164,125891,14560,-9194,127707,97,19232,467,1,18613,0.0010000000000012221
29306000,8255,-5993,123819,-402,-10245,124537,130,19224,397,0,18614,0.0009999999999976694
29307000,8869,-934,128610,5959,-5963,130611,130,19230,532,0,18615,0.0010000000000012221
29308000,10795,-2502,127695,15097,-4460,125718,105,19227,430,0,18616,0.0010000000000012221
29309000,3688,7614,130555,-5623,3699,127670,113,19223,463,1,18617,0.0009999999999976694
29310000,1831,6090,129242,-3891,1879,131471,112,19227,459,1,18618,0.0010000000000012221
29311000,-1114,9244,128570,3987,7966,129938,105,19227,459,1,18619,0.0010000000000012221
29312000,1802,-355,127198,1927,-4072,121412,117,19231,430,1,18620,0.0009999999999976694
29313003,9852,-11030,127504,4018,-14832,131080,117,19221,479,0,18621,0.0010030000000007533
29314002,10388,-6504,130115,16835,-11473,134023,96,19229,393,0,18622,0.0009990000000001942
29315000,6170,-4282,129873,-14513,-6740,130261,105,19230,430,0,18623,0.0009979999999991662
29316000,481,16676,134723,-14197,14000,127353,136,19225,557,1,18624,0.0010000000000012221
29317000,-7557,10679,132376,4093,8605,125204,112,19225,557,1,18625,0.0010000000000012221
29318000,-6619,-5316,129152,-6109,-9196,133575,95,19235,459,1,18626,0.0009999999999976694
29319000,-3837,-8358,129573,-12149,-12359,132267,95,19225,389,0,18627,0.0010000000000012221
29320000,2520,-469,128911,-824,-4062,128903,137,19232,561,0,18628,0.0010000000000012221
29321000,1489,11134,132123,5052,6243,121638,109,19225,446,0,18629,0.0009999999999976694
29322000,-3899,2075,131098,-18287,-1052,129875,115,19221,471,1,18630,0.0010000000000012221
29323000,-8810,-570,132451,-17920,-4385,143750,126,19221,471,1,18631,0.0010000000000012221
29324000,-9717,8985,128247,-5746,3274,119133,109,19225,516,1,18632,0.0009999999999976694
29325000,-5437,12946,128910,-7328,7620,124928,109,19230,446,1,18633,0.0010000000000012221
29326000,-4225,-2294,125884,-7544,-8525,130844,113,19223,463,0,18634,0.0009999999999976694
29327007,114,-5080,125092,-9216,-8997,128091,125,19231,512,0,18635,0.0010070000000013124
29328002,-1728,7271,128737,-2651,3973,128536,106,19228,434,0,18636,0.000994999999999635
29329001,-5685,14090,128204,-5196,9961,117653,128,19228,434,1,18637,0.0009990000000001942
29330000,-7681,9229,129185,-15203,5642,129490,115,19226,524,1,18638,0.0009990000000001942
29331002,-6720,1496,125997,-10122,-2876,130416,115,19232,471,1,18639,0.0010019999999997253
29332002,814,7524,127375,2433,3727,124531,105,19235,430,0,18640,0.0010000000000012221
29333000,1275,-1901,124199,-600,-5978,122325,144,19235,590,0,18641,0.0009979999999991662
29334000,1516,-5572,123972,-5814,-8991,120570,110,19230,451,0,18642,0.0010000000000012221
29335000,2326,-606,126900,-3641,-1156,138064,111,19230,451,0,18643,0.0009999999999976694
29336000,-2239,17150,125817,-2921,9908,114643,157,19224,455,1,18644,0.0010000000000012221
29337000,-1514,18482,128590,-6024,19820,130693,157,19231,643,1,18645,0.0010000000000012221
29338000,460,-6062,121738,6290,-7811,126087,109,19231,446,1,18646,0.0009999999999976694
29339000,7888,4733,123997,-146,1181,122845,104,19220,426,0,18647,0.0010000000000012221
29340000,11185,4389,125892,3423,-1047,121127,85,19230,348,0,18648,0.0010000000000012221
29341000,7700,1535,124283,20943,-4199,124052,114,19230,467,0,18649,0.0009999999999976694
29342000,7690,-7073,126008,-3862,-8169,139760,127,19227,467,1,18650,0.0010000000000012221
29343001,426,6565,127846,-727,12138,119476,113,19220,520,1,18651,0.0010009999999986974
29344000,5436,14748,127888,9239,8458,123285,113,19231,463,1,18652,0.0009990000000001942
29345000,4421,5892,125472,3848,1621,120776,99,19232,405,1,18653,0.0010000000000012221
29346002,10881,-2750,127408,5205,-8419,135181,133,19225,545,0,18654,0.0010019999999997253
29347000,12820,-15286,124601,16237,-19807,129489,103,19225,422,0,18655,0.0009979999999991662
29348000,4104,2191,129725,-4560,-5064,124133,103,19229,422,0,18656,0.0010000000000012221
29349000,7071,5068,132501,-190,-2147,130357,130,19226,422,1,18657,0.0010000000000012221
29350000,-1717,19962,131443,1361,15632,122748,130,19229,532,1,18658,0.0009999999999976694
29351000,3175,2576,129986,-3177,209,136486,112,19228,459,1,18659,0.0010000000000012221
29352000,2655,-2777,126944,3790,-6078,122025,104,19222,426,0,18660,0.0010000000000012221
29353003,10321,-8645,128344,14403,-12512,131238,136,19228,557,0,18661,0.0010029999999972006
29354000,7986,-6469,127951,7103,-9786,133289,116,19228,557,0,18662,0.000997000000001691
29355000,2225,4375,132267,-17551,2095,126509,119,19226,475,0,18663,0.0010000000000012221
29356000,3389,8738,132990,-1297,5766,129414,119,19226,487,1,18664,0.0009999999999976694
29357000,-11736,7585,130608,447,3000,124059,116,19231,475,1,18665,0.0010000000000012221
29358000,-6386,-6981,127214,-12129,-9042,138852,101,19228,414,1,18666,0.0009999999999976694
29359000,-564,-9541,128300,-6017,-12435,130486,124,19224,508,0,18667,0.0010000000000012221
29360000,-333,1622,129171,1306,-4698,128143,101,19224,508,0,18668,0.0010000000000012221
29361000,-2084,8270,131955,4280,3902,127297,108,19228,414,0,18669,0.0009999999999976694
29362000,-6723,-3660,130467,-16338,-5922,128480,108,19226,442,1,18670,0.0010000000000012221
29363000,-7183,4675,132076,-17967,1846,134516,147,19229,602,1,18671,0.0010000000000012221
29364000,-11842,9487,129499,-6690,5586,126146,115,19228,471,1,18672,0.0009999999999976694
29365000,-486,11220,130484,-7829,8696,121840,102,19224,418,1,18673,0.0010000000000012221
29366000,-3519,-6672,125348,-9512,-10172,130327,171,19224,418,0,18674,0.0010000000000012221
29367000,-2791,-3545,127085,-4877,-6925,127371,104,19229,700,0,18675,0.0009999999999976694
29368000,1086,420,126906,-6842,-4029,128532,104,19232,426,0,18676,0.0010000000000012221
29369000,-6215,16005,129819,-6838,12736,118855,110,19221,451,1,18677,0.0010000000000012221
29370000,-6333,19235,126617,-7697,14970,123318,115,19228,471,1,18678,0.0009999999999976694
29371000,-8742,-6177,125191,-15891,-10531,132945,107,19232,438,1,18679,0.0010000000000012221
29372000,47,2556,125314,-495,-6440,128583,120,19232,438,0,18680,0.0010000000000012221
29373000,-1973,-2711,122330,2400,-5667,124611,97,19228,491,0,18681,0.0009999999999976694
29374000,1460,7404,126041,-4193,-704,121170,97,19229,397,0,18682,0.0010000000000012221
29375000,35,6355,126133,-5945,5426,130210,108,19226,442,0,18683,0.0010000000000012221
29376000,-3370,5688,124621,-1272,790,123847,136,19222,557,1,18684,0.0009999999999976694
29377000,-508,13642,128166,-595,11175,120888,112,19232,459,1,18685,0.0010000000000012221
29378000,15,2285,122905,-977,842,123002,96,19232,459,1,18686,0.0010000000000012221
29379000,9887,1322,124104,5944,-1309,124165,116,19227,393,0,18687,0.0009999999999976694
29380000,9965,-2707,125951,6966,-6609,129665,116,19230,475,0,18688,0.0010000000000012221
29381000,10164,-7004,126192,5681,-6366,123154,111,19228,455,0,18689,0.0010000000000012221
29382000,4641,9317,128792,9046,6543,122987,115,19222,471,1,18690,0.0009999999999976694
29383000,-442,4361,128296,-7870,1533,124706,128,19228,524,1,18691,0.0010000000000012221
29384000,7800,9277,128525,2096,3902,125534,107,19228,524,1,18692,0.0010000000000012221
29385000,6392,5278,123978,18600,2588,117302,110,19231,438,1,18693,0.0009999999999976694
29386000,10800,4730,127059,-5129,-3505,129614,85,19221,451,0,18694,0.0010000000000012221
29387000,9841,-19574,125406,9625,-15734,137792,85,19232,348,0,18695,0.0009999999999976694
29388000,5958,-5502,129051,12302,-8072,132427,107,19228,438,0,18696,0.0010000000000012221
29389000,2953,13347,129821,-8180,13625,122047,125,19224,512,1,18697,0.0010000000000012221
29390000,-3121,16442,130935,212,7709,123655,113,19224,463,1,18698,0.0009999999999976694
29391000,3276,-1127,127300,4728,-6742,133674,100,19231,463,1,18699,0.0010000000000012221
29392001,8122,-8187,127242,866,-11470,131703,149,19227,410,0,18700,0.0010009999999986974
29393000,10806,-2493,131508,13321,-5966,124276,149,19227,610,0,18701,0.0009990000000001942
29394002,6371,2105,130762,7239,-8563,129082,104,19235,426,0,18702,0.001002000000003278
29395000,1759,-6826,132349,-13483,-7190,135024,109,19227,446,0,18703,0.0009979999999991662
29396000,2165,-4103,132094,-8921,-4768,129478,138,19227,565,1,18704,0.0009999999999976694
29397000,-7375,11714,130711,3189,8257,121165,109,19228,565,1,18705,0.0010000000000012221
29398000,-4858,5291,129704,-17823,-1678,126086,104,19230,446,1,18706,0.0010000000000012221
29399000,3130,-11242,128375,-2086,-13559,130572,104,19219,426,0,18707,0.0009999999999976694
29400000,-644,-7224,129131,5834,-10859,133507,94,19230,385,0,18708,0.0010000000000012221
29401000,701,3815,130329,-14585,682,126134,113,19230,463,0,18709,0.0010000000000012221
29402000,-9971,9257,132740,-15344,5252,126358,126,19221,516,1,18710,0.0009999999999976694
29403000,-7797,5126,130502,-8752,2365,134036,117,19221,516,1,18711,0.0010000000000012221
29404000,-8373,4573,128621,-5931,1801,127293,101,19231,479,1,18712,0.0010000000000012221
29405000,-4853,4017,126802,-10820,1813,124828,101,19230,414,1,18713,0.0009999999999976694
29406000,-4883,348,125641,-5173,-3701,122862,135,19218,553,0,18714,0.0010000000000012221
29407000,-2064,-2398,127444,-922,-5520,132776,102,19231,418,0,18715,0.0010000000000012221
29408000,1341,-5781,126690,-12235,-9086,130184,109,19232,446,0,18716,0.0009999999999976694
29409000,-7471,18891,130213,-15080,16368,115053,143,19232,446,1,18717,0.0010000000000012221
29410000,-4997,7281,127068,-4698,4228,132660,117,19225,586,1,18718,0.0010000000000012221
29411000,-6997,4822,125361,-1990,1982,122476,117,19233,479,1,18719,0.0009999999999976694
29412000,803,6455,126332,-11934,4367,121708,103,19225,422,0,18720,0.0010000000000012221
29413000,569,-1699,124694,4112,-3790,126016,101,19230,414,0,18721,0.0010000000000012221
29414000,2043,3550,126295,1652,898,128028,113,19231,463,0,18722,0.0009999999999976694
29415002,1939,105,125415,-8767,-4252,129143,125,19231,463,1,18723,0.0010019999999997253
29416002,-5000,18709,128335,-2212,16428,118996,124,19220,512,1,18724,0.0010000000000012221
29417000,18,10529,125705,-9306,6479,130738,124,19231,508,1,18725,0.0009979999999991662
29418001,2392,3285,121998,10140,-647,116493,97,19231,397,1,18726,0.00100100000000225
29419000,9354,755,122963,10133,-6209,127361,120,19228,491,0,18727,0.0009989999999966415
29420000,7018,-3608,123889,2378,-6132,126082,103,19231,422,0,18728,0.0010000000000012221
29421000,7401,-5862,125545,3800,-10267,124194,114,19231,422,0,18729,0.0010000000000012221
29422000,5690,4989,128603,3759,-333,134894,151,19226,467,1,18730,0.0009999999999976694
29423000,-213,23693,130694,-2800,24120,115065,151,19229,618,1,18731,0.0010000000000012221
29424000,6459,-1708,127012,6927,-2211,133151,111,19231,455,1,18732,0.0010000000000012221
29425000,6494,-1642,126817,13579,-6493,126085,95,19225,389,0,18733,0.0009999999999976694
29426000,12690,2601,127231,-4351,34,125279,130,19233,532,0,18734,0.0010000000000012221
29427001,11734,-3044,127807,15888,-9100,127769,108,19233,532,0,18735,0.0010009999999986974
29428005,3823,-1940,128741,6349,-3277,131007,113,19230,442,0,18736,0.0010040000000017812
29429004,4063,7404,134301,-14547,2190,129213,109,19227,463,1,18737,0.0009990000000001942
29430000,-264,8079,129174,7391,6932,124935,109,19234,446,1,18738,0.000996000000000663
29431000,2593,6629,129927,8017,416,129988,104,19234,426,1,18739,0.0009999999999976694
29432000,3034,-4181,126574,-8480,143,125467,120,19220,491,0,18740,0.0010000000000012221
29433002,10239,-10036,128722,8688,-20933,133818,95,19220,389,0,18741,0.0010019999999997253
29434000,6431,-236,130569,18593,-1643,128212,106,19229,389,0,18742,0.0009979999999991662
29435001,-2091,8431,131278,-17420,9550,120952,136,19236,434,1,18743,0.00100100000000225
29436000,-377,9168,132806,-14942,2551,133587,136,19221,557,1,18744,0.0009990000000001942
29437000,-5339,-5069,130308,11084,-7723,134659,113,19228,463,1,18745,0.0009999999999976694
29438000,-4750,-10020,126990,-8293,-9324,128881,98,19226,401,1,18746,0.0010000000000012221
29439000,-642,1080,130908,-4004,1003,125584,146,19226,598,0,18747,0.0010000000000012221
29440000,-1980,-1406,127261,6448,-1973,129389,110,19232,598,0,18748,0.0009999999999976694
29441000,3280,11268,132982,-17057,6306,125491,118,19229,451,0,18749,0.0010000000000012221
29442001,-10829,-3519,128258,-18666,-7638,135472,118,19219,483,1,18750,0.0010009999999986974
29443000,-6012,13680,134354,-5771,9626,125369,136,19227,557,1,18751,0.0009990000000001942
29444000,-10696,5752,128896,-6206,814,125811,110,19229,451,1,18752,0.0010000000000012221
29445000,-1240,-1421,130135,-11918,-3982,134714,114,19229,467,0,18753,0.0010000000000012221
29446000,-2465,-3648,123637,-6037,-6005,124272,118,19220,467,0,18754,0.0009999999999976694
29447000,-5538,5313,127570,-7083,3970,124871,103,19231,483,0,18755,0.0010000000000012221
29448000,2333,10865,128030,-13558,8029,122682,103,19230,422,0,18756,0.0010000000000012221
29449000,-7386,2738,128176,336,-359,130569,129,19220,528,1,18757,0.0009999999999976694
29450001,-4886,-321,126224,-14564,-1331,126609,119,19224,487,1,18758,0.00100100000000225
29451002,-8321,9658,127260,-12331,5556,119712,104,19228,426,1,18759,0.0010009999999986974
29452000,1451,5952,125155,12427,3433,131447,143,19228,426,0,18760,0.0009979999999991662
29453000,2798,-8094,121530,-4957,-11013,119004,109,19232,586,0,18761,0.0010000000000012221
29454000,-2774,386,126423,-13744,-3397,129977,109,19230,446,0,18762,0.0009999999999976694
29455002,-362,11361,127173,4797,8444,124440,111,19223,455,1,18763,0.001002000000003278
29456002,-2521,13841,126246,-2507,11624,118363,157,19227,643,1,18764,0.0009999999999976694
29457001,787,6667,126796,221,3535,131534,109,19231,446,1,18765,0.0009990000000001942
29458000,2061,5586,121032,-3066,2098,120076,102,19231,446,0,18766,0.0009990000000001942
29459000,10872,6595,124743,6056,1069,123474,95,19224,418,0,18767,0.0010000000000012221
29460000,11922,-8184,124799,17486,-11997,124653,95,19223,389,0,18768,0.0009999999999976694
29461000,4427,-7581,124504,-1006,-11531,133061,118,19227,483,0,18769,0.0010000000000012221
29462000,1391,5438,129486,-3456,-334,125977,129,19221,528,1,18770,0.0010000000000012221
29463000,624,15648,129955,8946,13412,121176,112,19227,459,1,18771,0.0009999999999976694
29464000,4318,6116,124299,16350,1782,131235,99,19227,459,1,18772,0.0010000000000012221
29465000,4795,1079,125981,-9175,-2781,118578,134,19233,405,0,18773,0.0010000000000012221
29466000,13883,-12097,126123,562,-17552,136323,134,19226,549,0,18774,0.0009999999999976694
29467000,9343,-1563,127619,33300,-8528,126891,110,19229,451,0,18775,0.0010000000000012221
29468000,3761,660,129781,-11275,-5692,129542,109,19228,446,1,18776,0.0010000000000012221
29469000,3139,11048,131078,-12320,3117,130955,141,19233,577,1,18777,0.0009999999999976694
29470001,-1529,13432,132381,14608,13793,122708,110,19233,577,1,18778,0.00100100000000225
29471000,4116,-2522,129123,749,-4974,134535,105,19232,451,1,18779,0.0009990000000001942
29472000,6406,-8546,127638,-6920,-9428,121060,105,19217,430,0,18780,0.0009999999999976694
29473000,9505,-7419,128465,18822,-16164,137188,130,19230,532,0,18781,0.0010000000000012221
29474000,6275,-2368,129208,10743,-6182,132658,108,19229,442,0,18782,0.0010000000000012221
29475000,646,6654,135446,-29478,6587,123522,113,19221,463,1,18783,0.0009999999999976694
29476001,-5150,12801,132258,8534,11523,129564,116,19221,475,1,18784,0.00100100000000225
29477000,-10382,1573,128540,1135,-2265,130771,100,19228,475,1,18785,0.0009990000000001942
29478000,-635,-12395,129450,-26694,-15711,136652,125,19233,410,0,18786,0.0009999999999976694
29479000,-62,-228,129042,8136,-7686,120615,125,19223,512,0,18787,0.0010000000000012221
29480000,6431,2482,130877,1858,-378,132152,101,19228,414,0,18788,0.0010000000000012221
29481002,-4920,93,132110,-15855,-2701,128398,106,19227,434,0,18789,0.0010019999999997253
29482000,-6925,147,129784,-14321,-3612,136732,144,19227,590,1,18790,0.0009979999999991662
29483000,-10063,8132,130902,-7641,8230,122702,114,19231,590,1,18791,0.0009999999999976694
29484000,-10362,12213,129683,-10097,10061,122389,100,19232,467,1,18792,0.0010000000000012221
29485000,-796,-7563,126082,-9660,-15128,136349,100,19225,410,0,18793,0.0010000000000012221
29486000,-4309,-7631,124301,-1984,-9657,125325,169,19230,692,0,18794,0.0009999999999976694
29487000,1951,-4068,129586,-6770,-7660,135153,104,19228,426,0,18795,0.0010000000000012221
29488000,-1537,19566,128481,-5226,14461,112235,108,19228,442,1,18796,0.0010000000000012221
29489000,-6155,10600,129084,-14573,2053,128519,114,19220,442,1,18797,0.0009999999999976694
29490000,-4992,-3472,128014,-9842,-7080,133111,110,19229,467,1,18798,0.0010000000000012221
29491000,-2094,7246,127333,2106,3308,119481,110,19227,451,1,18799,0.0010000000000012221
29492000,860,3107,126044,-2956,1515,126990,122,19226,500,0,18800,0.0009999999999976694
29493000,1379,-3014,123542,-9746,-7965,122202,98,19227,401,0,18801,0.0010000000000012221
29494000,2844,-3382,124577,249,-5641,134848,107,19228,438,0,18802,0.0010000000000012221
29495002,-4302,12056,126669,2077,8157,116872,136,19228,438,1,18803,0.0010019999999997253
29496001,-2945,16453,125856,-5890,13507,120095,112,19221,557,1,18804,0.0009990000000001942
29497000,-1513,3967,124861,1339,-130,130842,112,19232,459,1,18805,0.0009990000000001942
29498000,7246,-953,122629,4500,-4483,124060,98,19226,401,0,18806,0.0009999999999976694
29499000,11001,-2450,125267,8781,-6282,128138,122,19230,500,0,18807,0.0010000000000012221
29500000,5213,3276,126282,7803,-1339,119390,119,19229,487,0,18808,0.0010000000000012221
29501000,7646,-10838,123923,3509,-13944,133284,117,19229,487,0,18809,0.0009999999999976694
29502000,1792,8792,128354,-1157,6540,122003,127,19224,479,1,18810,0.0010000000000012221
29503000,2677,10555,125603,-1331,6032,119189,127,19228,520,1,18811,0.0010000000000012221
29504007,8091,3800,125539,14927,1004,122247,105,19229,430,1,18812,0.0010069999999977597
29505000,11068,-5049,125498,202,-8732,128576,112,19221,459,0,18813,0.0009930000000011319
29506000,10913,-8664,126052,7544,-12184,132713,86,19229,352,0,18814,0.0010000000000012221
29507000,7743,337,129967,16657,-2685,123903,104,19229,352,0,18815,0.0009999999999976694
29508000,3029,-947,129155,-8579,-6021,131522,123,19230,426,1,18816,0.0010000000000012221
29509000,3174,10997,131569,-3144,6978,125755,123,19226,504,1,18817,0.0010000000000012221
29510000,2225,8092,129360,10738,5376,130870,114,19226,467,1,18818,0.0009999999999976694
29511000,4724,414,126336,-5045,-6718,127784,100,19231,410,1,18819,0.0010000000000012221
29512001,7177,-9404,128858,6423,-13310,126181,148,19231,606,0,18820,0.0010009999999986974
29513000,5883,-7253,126727,15633,-12737,131214,105,19231,606,0,18821,0.0009990000000001942
29514000,6743,886,130378,-12284,-5661,130069,104,19229,430,0,18822,0.0010000000000012221
29515000,-137,9663,133067,-12835,6420,124655,104,19226,426,1,18823,0.0009999999999976694
29516000,-3116,7042,132220,3722,1896,130615,145,19227,594,1,18824,0.0010000000000012221
29517000,-7277,-2830,130648,-7565,-2047,129682,109,19230,446,1,18825,0.0010000000000012221
29518000,-312,-4891,132219,-18214,-12243,135896,105,19221,430,0,18826,0.0009999999999976694
29519000,134,4190,129196,5404,-1766,126421,101,19221,430,0,18827,0.0010000000000012221
29520000,1513,9641,131178,-4706,3701,125474,110,19233,414,0,18828,0.0010000000000012221
29521000,-5480,516,130447,-15807,-398,129040,110,19227,451,0,18829,0.0009999999999976694
29522000,-6184,753,130760,-8322,-7124,135166,126,19221,516,1,18830,0.0010000000000012221
29523001,-6097,17631,132997,-14169,12986,132489,115,19227,471,1,18831,0.0010009999999986974
29524001,-8855,7118,128495,-6185,5090,122302,99,19228,405,1,18832,0.0010000000000012221
29525000,-2596,-4073,128164,-2378,-1991,134848,136,19228,557,0,18833,0.0009990000000001942
29526000,-6691,-7221,124639,-12824,-12826,127312,102,19227,557,0,18834,0.0010000000000012221
29527000,-2204,447,126181,-4364,-797,129081,104,19229,418,0,18835,0.0009999999999976694
29528001,-3369,14248,132017,-7769,3663,116868,104,19225,426,1,18836,0.00100100000000225
29529000,-3596,17470,128029,-12782,6809,128758,137,19227,561,1,18837,0.0009990000000001942
29530002,-7326,-3785,126052,-1854,-4904,131297,113,19228,463,1,18838,0.0010019999999997253
29531001,-2779,11634,125894,-14334,8868,120485,106,19228,434,0,18839,0.0009990000000001942
29532000,831,5622,124195,-1441,2419,124412,101,19220,434,0,18840,0.0009990000000001942
29533000,1809,877,125172,392,-3447,124038,109,19230,414,0,18841,0.0009999999999976694
29534000,3557,-8250,125137,-6036,-11041,128852,109,19226,446,0,18842,0.0010000000000012221
29535000,-4006,11538,128928,-1461,10557,121823,122,19219,500,1,18843,0.0010000000000012221
29536000,473,17587,127284,-2888,9466,123325,122,19232,500,1,18844,0.0009999999999976694
29537000,-1518,13275,126777,-30,5300,126499,100,19232,410,1,18845,0.0010000000000012221
29538000,5466,-2538,121255,-196,-5952,122702,123,19234,410,0,18846,0.0010000000000012221
29539000,8844,-1480,124626,11762,-3700,127565,104,19232,504,0,18847,0.0009999999999976694
29540000,7473,7590,126950,11178,2140,121480,104,19225,426,0,18848,0.0010000000000012221
29541000,6532,-1826,125040,-4764,-4618,129566,111,19224,455,1,18849,0.0010000000000012221
29542000,4067,4125,130664,249,2860,127598,148,19227,606,1,18850,0.0009999999999976694
29543000,1347,12135,126304,8252,9736,122221,112,19228,459,1,18851,0.0010000000000012221
29544000,6901,3777,125315,757,164,123744,98,19228,459,1,18852,0.0009999999999976694
29545001,8680,4048,127264,6780,234,124124,129,19226,401,0,18853,0.00100100000000225
29546000,9424,-12567,125308,10855,-16078,136765,129,19233,528,0,18854,0.0009990000000001942
29547002,9893,-8335,127497,8947,-10525,122876,105,19232,430,0,18855,0.0010019999999997253
29548000,3054,7540,132745,-6190,3148,128362,111,19224,455,1,18856,0.0009979999999991662
29549000,428,14768,130759,-1167,10988,129406,110,19228,451,1,18857,0.0010000000000012221
29550000,-171,6885,129571,4703,4283,124342,105,19228,451,1,18858,0.0009999999999976694
29551000,5541,-9212,128963,-2488,-12226,132103,121,19232,430,0,18859,0.0010000000000012221
29552001,11039,-4536,128372,3174,-7365,121328,121,19219,496,0,18860,0.0010009999999986974
29553000,12471,-3680,130001,20125,-8164,134115,95,19232,389,0,18861,0.0009990000000001942
29554000,4572,-5054,129739,-13060,-9663,131583,105,19228,430,0,18862,0.0010000000000012221
29555000,-1378,13308,133852,-16944,10203,125944,140,19225,573,1,18863,0.0010000000000012221
29556000,-6670,4542,132091,6973,2587,128820,115,19225,573,1,18864,0.0009999999999976694
29557000,-7743,94,128640,-4080,-2554,126211,97,19230,471,1,18865,0.0010000000000012221
29558001,-3835,-5835,130282,-16744,-11178,141708,97,19225,397,0,18866,0.0010009999999986974
29559000,843,474,125287,317,-7310,120329,133,19230,545,0,18867,0.0009990000000001942
29560000,2764,2907,131550,4201,-5121,128849,117,19227,479,0,18868,0.0010000000000012221
29561000,-8419,3458,130807,-14908,-530,130696,120,19223,491,1,18869,0.0010000000000012221
29562002,-10545,-2752,129058,-18640,-5780,133337,137,19223,491,1,18870,0.0010019999999997253
29563002,-9416,13929,132344,-2229,6310,134171,109,19228,561,1,18871,0.0009999999999976694
29564002,-8434,10274,128455,-10403,7889,118157,109,19231,446,1,18872,0.0010000000000012221
29565000,959,-2033,127630,-9323,-4959,127577,113,19218,463,0,18873,0.0009979999999991662
29566000,-4403,-8036,125886,-4811,-12802,132742,125,19234,512,0,18874,0.0010000000000012221
29567000,-814,5070,126679,-1979,-3073,124811,110,19229,451,0,18875,0.0010000000000012221
29568000,-5167,11885,128909,-8575,8386,123484,131,19229,537,1,18876,0.0009999999999976694
29569000,-8431,5624,128253,-14524,7138,123220,119,19221,537,1,18877,0.0010000000000012221
29570000,-5732,9732,129366,1482,10175,131179,104,19231,487,1,18878,0.0010000000000012221
29571000,-769,53,124406,-7137,-5401,125707,104,19228,426,0,18879,0.0009999999999976694
29572000,3105,329,126373,-2716,-6947,126296,136,19232,557,0,18880,0.0010000000000012221
29573000,1681,1596,123006,112,-4667,120724,106,19231,434,0,18881,0.0010000000000012221
29574000,982,10604,126496,-9385,-1841,127313,108,19231,442,0,18882,0.0009999999999976694
29575001,-2234,4861,125387,-5457,8966,125864,144,19223,442,1,18883,0.00100100000000225
29576000,-7222,10690,124425,2673,9278,121621,108,19228,590,1,18884,0.0009989999999966415
29577000,1265,8824,123767,-1147,3338,124255,108,19232,442,1,18885,0.0010000000000012221
29578000,7960,181,123487,654,-5029,123527,103,19223,422,0,18886,0.0010000000000012221
29579002,10575,-2170,124426,15055,-8604,126845,84,19230,344,0,18887,0.0010019999999997253
29580000,9377,-7712,125800,-9,-9179,129067,112,19230,459,0,18888,0.0009979999999991662
29581003,3092,-1640,129066,-1925,-5122,129879,128,19228,459,1,18889,0.0010030000000007533
29582000,3986,20365,129207,5426,12680,119513,114,19223,524,1,18890,0.0009969999999981383
29583000,2753,8139,126810,1078,3004,124864,114,19229,467,1,18891,0.0010000000000012221
29584000,10493,7473,128032,4612,3749,127335,100,19233,410,1,18892,0.0010000000000012221
29585002,10148,-419,124655,9013,1549,125396,135,19229,553,0,18893,0.0010019999999997253
29586001,9863,-9657,128390,10322,-13929,132964,101,19225,414,0,18894,0.0009990000000001942
29587000,6747,-12480,125723,2113,-15389,129946,103,19225,414,0,18895,0.0009990000000001942
29588000,-447,9665,130807,-3628,7908,126110,134,19228,422,1,18896,0.0009999999999976694
29589000,955,14799,130557,1154,10579,126817,134,19228,549,1,18897,0.0010000000000012221
29590000,-485,-1654,129247,3630,-6540,128466,113,19230,463,1,18898,0.0010000000000012221
29591000,5870,-5731,129016,-1054,-10357,131264,104,19224,426,0,18899,0.0009999999999976694
29592001,9552,-11885,128460,10214,-14504,130815,127,19235,520,0,18900,0.00100100000000225
29593000,7584,-4314,129186,12562,-6906,135487,107,19235,520,0,18901,0.0009990000000001942
29594002,5297,7682,130597,-21505,4093,121681,116,19232,438,0,18902,0.0010019999999997253
29595000,375,10031,132801,-4519,6588,129602,116,19223,475,1,18903,0.0009979999999991662
29596000,-5719,-1705,132024,8793,-4766,130390,110,19231,451,1,18904,0.0010000000000012221
29597000,-9256,-6935,130021,-17133,-11047,128923,101,19227,414,1,18905,0.0009999999999976694
29598000,970,-7429,130971,-9403,-10727,134953,125,19225,512,0,18906,0.0010000000000012221
29599000,1136,2588,128527,6567,-2308,125822,106,19225,512,0,18907,0.0010000000000012221
29600000,619,6014,130532,-4800,1458,127636,112,19228,434,0,18908,0.0009999999999976694
29601002,-7701,5186,130951,-22188,3975,126172,112,19224,459,1,18909,0.0010019999999997253
29602000,-7439,-3652,129303,-9942,-7570,136211,154,19231,631,1,18910,0.000998000000002719
29603000,-8366,15857,131168,-1577,14222,116894,117,19224,479,1,18911,0.0009999999999976694
29604000,-4830,3487,127878,-16460,837,129226,102,19226,418,1,18912,0.0010000000000012221
29605000,-2630,-4408,123982,-6439,-10045,129704,166,19226,418,0,18913,0.0010000000000012221
29606000,-4304,-4744,127107,-4324,-8485,127994,104,19233,680,0,18914,0.0009999999999976694
29607000,-823,3286,127993,-7855,-690,126529,104,19233,426,0,18915,0.0010000000000012221
29608000,-4564,13523,128385,-7972,11854,117970,111,19221,455,1,18916,0.0009999999999976694
29609000,-7803,2769,127029,-11965,2490,127593,113,19227,463,1,18917,0.0010000000000012221
29610000,-5960,9931,126206,-10042,4878,124276,109,19229,446,1,18918,0.0010000000000012221
29611004,1833,-2493,125542,3751,-1680,126749,120,19229,491,0,18919,0.0010039999999982285
29612002,-1929,-5490,124485,-2024,-3540,126311,95,19226,491,0,18920,0.000998000000002719
29613000,2262,6261,126151,-10631,1756,123024,108,19227,389,0,18921,0.0009979999999991662
29614000,912,12461,127137,1399,9962,124582,108,19223,442,0,18922,0.0009999999999976694
29615000,400,10386,126086,1192,8277,122661,139,19224,569,1,18923,0.0010000000000012221
29616000,-1710,1095,124953,-7977,-252,128574,113,19232,463,1,18924,0.0010000000000012221
29617000,3623,12667,126043,-1517,6649,125045,98,19232,401,1,18925,0.0009999999999976694
29618000,9423,3880,123725,12703,928,121962,112,19228,401,0,18926,0.0010000000000012221
29619000,7831,-3907,127036,5104,-6159,131933,110,19233,459,0,18927,0.0010000000000012221
29620000,9036,-6263,123021,2336,-12776,126378,110,19227,451,0,18928,0.0009999999999976694
29621000,-468,5444,127246,9382,4462,122434,116,19220,475,1,18929,0.0010000000000012221
29622000,3053,11774,129398,-10397,7757,123561,128,19227,524,1,18930,0.0010000000000012221
29623000,4354,5845,125236,11682,406,128745,105,19227,430,1,18931,0.0009999999999976694
29624000,8974,579,125578,10671,-4554,122390,110,19239,430,0,18932,0.0010000000000012221
29625001,10640,1931,128003,-3908,-2874,125222,86,19219,451,0,18933,0.0010009999999986974
29626000,10860,-9006,127980,13626,-14294,136934,86,19228,352,0,18934,0.0009990000000001942
29627000,8566,-2834,128420,-950,-1983,126550,103,19229,422,0,18935,0.0010000000000012221
29628000,321,6979,131899,-5010,1801,128220,124,19225,508,1,18936,0.0010000000000012221
29629000,-1105,11386,130749,2761,10693,124587,113,19230,463,1,18937,0.0009999999999976694
29630000,6535,6658,127443,2222,-351,127891,100,19230,463,1,18938,0.0010000000000012221
29631002,5291,-5608,128861,-2166,-11400,132283,153,19228,410,0,18939,0.0010019999999997253
29632003,8087,-2502,127723,12288,-3530,119848,153,19230,627,0,18940,0.0010009999999986974
29633000,5496,-16229,128552,8369,-21005,142455,107,19228,438,0,18941,0.000997000000001691
29634000,2455,4478,132337,-16431,3608,122158,106,19223,434,1,18942,0.0010000000000012221
29635000,306,5324,132057,-5432,-22,132272,134,19229,549,1,18943,0.0009999999999976694
29636000,-7958,7216,130499,1400,6406,128007,106,19229,549,1,18944,0.0010000000000012221
29637000,-3323,-1135,129488,-17479,-5901,125646,109,19233,434,1,18945,0.0009999999999976694
29638000,-611,-7515,127853,1386,-10470,135139,109,19218,446,0,18946,0.0010000000000012221
29639001,-555,9724,130225,-1571,6806,121241,103,19229,422,0,18947,0.00100100000000225
29640000,-1114,-2930,129748,-13079,-6176,136855,109,19227,446,0,18948,0.0009989999999966415
29641000,-8234,4250,131989,-10543,1830,125605,126,19222,516,1,18949,0.0010000000000012221
29642001,-7444,7216,129983,-11576,5195,131145,114,19222,516,1,18950,0.0010009999999986974
29643001,-13015,8098,131330,-12296,4801,129110,101,19229,467,1,18951,0.0010000000000012221
29644000,-1022,5087,128884,-7381,3657,121163,101,19230,414,0,18952,0.0009990000000001942
29645000,-3736,-5206,127114,-7527,-7340,136271,138,19222,565,0,18953,0.0010000000000012221
29646000,-1387,3689,126415,-7592,-192,119338,103,19230,422,0,18954,0.0009999999999976694
29647000,-983,7465,129432,-5984,4250,125838,106,19224,434,0,18955,0.0010000000000012221
29648000,-3868,9704,127361,-11753,4506,131526,137,19224,434,1,18956,0.0010000000000012221
29649002,-8353,3178,126021,-6203,-709,122380,116,19222,561,1,18957,0.0010019999999997253
29650002,-9036,12555,127870,-14017,9344,123023,116,19229,475,1,18958,0.0009999999999976694
29651000,110,2858,123908,3899,1304,120744,107,19225,438,0,18959,0.000998000000002719
29652000,-877,-11002,125865,1791,-12499,135234,109,19225,446,0,18960,0.0009999999999976694
29653000,4311,-8266,122614,-8557,-11378,123624,117,19225,479,0,18961,0.0010000000000012221
29654000,-2193,17031,128959,-2168,12351,116500,123,19225,504,1,18962,0.0010000000000012221
29655000,538,6631,126509,-3081,8155,128604,120,19217,504,1,18963,0.0009999999999976694
29656000,-526,4703,123552,-3774,1511,121837,102,19230,491,1,18964,0.0010000000000012221
29657000,4346,11635,124614,844,4275,132498,102,19230,418,0,18965,0.0010000000000012221
29658000,9717,7975,123184,6192,1827,112121,124,19230,508,0,18966,0.0009999999999976694
29659000,11075,-3767,128987,11238,-4786,128057,106,19228,434,0,18967,0.0010000000000012221
29660000,5520,-9957,123913,3048,-15328,135427,111,19228,455,0,18968,0.0010000000000012221
29661000,4506,9746,128929,-70,2940,120371,148,19225,455,1,18969,0.0009999999999976694
29662000,803,11732,128327,4481,8771,125952,114,19229,606,1,18970,0.0010000000000012221
29663000,1988,5001,125035,7415,10090,121730,114,19238,467,1,18971,0.0010000000000012221
29664000,8705,-3069,129001,5685,-5075,136711,96,19225,393,0,18972,0.0009999999999976694
29665000,11524,3750,126672,3105,-4475,121460,129,19233,528,0,18973,0.0010000000000012221
29666000,11195,334,128099,19362,-7356,126523,103,19233,422,0,18974,0.0010000000000012221
29667000,3614,2507,129915,153,-8100,127219,109,19231,422,0,18975,0.0009999999999976694
29668000,3446,3280,130471,-9076,-3567,133175,106,19223,446,1,18976,0.0010000000000012221
29669000,-844,10466,131598,12484,12080,119066,106,19231,434,1,18977,0.0009999999999976694
29670000,-106,8616,129620,-925,-2523,126620,105,19231,430,1,18978,0.0010000000000012221
29671000,6442,-18630,126303,-5949,-21769,138579,120,19221,491,0,18979,0.0010000000000012221
29672000,8157,-5482,129728,16977,-4195,125698,97,19221,397,0,18980,0.0009999999999976694
29673000,6371,-2684,128286,9477,-4697,130241,103,19229,397,0,18981,0.0010000000000012221
29674000,-1846,17986,133247,-17117,16800,119341,136,19228,422,1,18982,0.0010000000000012221
29675000,-2605,1442,133680,6060,-8197,141258,136,19224,557,1,18983,0.0009999999999976694
29676000,-6190,-1669,129448,691,-3108,128771,112,19230,459,1,18984,0.0010000000000012221
29677002,-7074,1545,131561,-30374,-5302,124737,97,19226,397,1,18985,0.0010019999999997253
29678000,815,795,130169,6831,-1152,132840,132,19234,541,0,18986,0.0009979999999991662
29679000,2641,2502,129436,7499,-204,123151,110,19234,541,0,18987,0.0010000000000012221
29680002,-3552,-782,131689,-27806,-3036,132802,113,19228,451,0,18988,0.0010019999999997253
29681003,-6788,3112,130374,-13795,-134,127034,113,19222,463,1,18989,0.0010009999999986974
29682001,-8244,8209,129581,-2273,5696,126402,122,19228,500,1,18990,0.000998000000002719
29683000,-6242,6403,130611,-10525,4283,129884,108,19228,442,1,18991,0.0009990000000001942
29684000,-3967,-278,127571,-10653,-5032,124814,113,19215,463,0,18992,0.0009999999999976694
29685000,-3781,-8422,125705,-7342,-12413,136914,111,19215,463,0,18993,0.0010000000000012221
29686000,-1704,5771,127465,-2951,5040,120468,103,19228,455,0,18994,0.0010000000000012221
29687000,-2077,8540,128363,-12143,4256,129106,103,19225,422,1,18995,0.0009999999999976694
29688000,-5495,5598,126369,-7678,985,123348,129,19226,528,1,18996,0.0010000000000012221
29689000,-6644,-2858,127515,-15676,-5144,132739,118,19228,483,1,18997,0.0010000000000012221
29690000,-3156,12937,128465,198,9139,127401,105,19226,430,1,18998,0.0009999999999976694
29691000,-1762,7516,124836,3543,4552,114804,138,19226,430,0,18999,0.0010000000000012221
29692000,-80,-7778,123501,-13931,-12368,133265,108,19238,565,0,19000,0.0010000000000012221
29693000,817,1403,124446,-2874,-3039,120027,108,19228,442,0,19001,0.0009999999999976694
29694000,3172,3955,125013,8276,474,130786,111,19229,455,1,19002,0.0010000000000012221
29695000,-3881,15475,127267,-6276,13677,118146,141,19228,577,1,19003,0.0010000000000012221
29696000,-2317,4339,126299,-11232,2785,124094,107,19235,438,1,19004,0.0009999999999976694
29697000,8102,2945,126813,10392,567,127241,101,19235,438,0,19005,0.0010000000000012221
29698013,9053,38,123711,8926,-1843,121812,85,19223,414,0,19006,0.0010130000000003747
29699000,11409,-4620,122180,4537,-12107,127748,85,19228,348,0,19007,0.0009869999999985168
29700000,6444,-331,128932,-698,-1625,123348,112,19220,459,0,19008,0.0010000000000012221
29701000,5364,-5801,126551,3780,-12918,134298,127,19223,520,1,19009,0.0009999999999976694
29702000,2842,15185,127257,8129,10418,115793,114,19229,467,1,19010,0.0010000000000012221
29703000,3197,5856,125985,-2819,6999,122756,98,19229,401,1,19011,0.0010000000000012221
29704000,7808,2808,123960,4219,-2424,128146,135,19230,401,0,19012,0.0009999999999976694
29705001,12429,-11300,126187,11922,-12378,127966,102,19228,553,0,19013,0.00100100000000225
29706002,10079,-7448,128225,13195,-14895,135856,102,19230,418,0,19014,0.0010009999999986974
29707000,3889,9258,130238,-7564,521,121653,104,19229,426,1,19015,0.0009979999999991662
29708000,2869,12569,132906,468,12133,127896,131,19226,537,1,19016,0.0010000000000012221
29709000,473,7203,129615,4968,8090,130502,112,19226,459,1,19017,0.0010000000000012221
29710000,2450,-3564,128502,-9121,-8973,128142,102,19232,459,1,19018,0.0009999999999976694
29711000,9233,2096,127233,5730,-9824,126934,126,19223,418,0,19019,0.0010000000000012221
29712001,10019,-3334,129165,19332,-7171,129129,126,19232,516,0,19020,0.0010009999999986974
29713001,4435,-8848,129595,3268,-11985,139410,106,19230,434,0,19021,0.0010000000000012221
29714000,-563,11382,131473,-26152,-1782,119466,120,19224,491,1,19022,0.0009990000000001942
29715000,-7285,10588,132461,4101,12133,133116,110,19224,451,1,19023,0.0010000000000012221
29716002,-5778,-5511,129670,1794,-8280,128809,98,19228,451,1,19024,0.0010019999999997253
29717000,-4123,-11968,129136,-16405,-19440,136777,124,19227,401,0,19025,0.0009979999999991662
29718000,940,158,129902,-7218,1161,124502,124,19225,508,0,19026,0.0010000000000012221
29719000,4874,13539,131784,5925,6781,123353,100,19230,410,0,19027,0.0009999999999976694
29720003,-2850,1394,130617,-16102,-2105,134177,113,19226,463,0,19028,0.0010030000000007533
29721001,-6458,1825,130439,-17947,-1862,130467,151,19231,618,1,19029,0.0009979999999991662
29722002,-11286,4496,131378,-3929,1041,129648,115,19231,618,1,19030,0.00100100000000225
29723000,-4808,23414,131264,-10016,18854,115035,99,19226,471,1,19031,0.0009979999999991662
29724001,-1860,-7331,125371,-6387,-14543,136098,99,19226,405,0,19032,0.0010009999999986974
29725000,-3796,-7861,126610,-8754,-9830,131589,163,19235,668,0,19033,0.0009990000000001942
29726000,-676,9899,129201,-6848,7387,119964,104,19230,426,0,19034,0.0010000000000012221
29727000,-3775,11458,129523,-3886,8216,122562,116,19220,475,1,19035,0.0010000000000012221
29728000,-6126,4201,128278,-10927,-1340,127104,113,19220,475,1,19036,0.0009999999999976694
29729000,-6967,1531,126056,-14175,-2455,131313,107,19232,463,1,19037,0.0010000000000012221
29730000,-1394,14170,127408,-629,11576,120333,107,19232,438,1,19038,0.0010000000000012221
29731000,3904,808,125654,669,-2180,124382,120,19228,491,0,19039,0.0009999999999976694
29732000,2468,-139,124115,-5565,-3459,125495,98,19223,401,0,19040,0.0010000000000012221
29733000,651,-454,124859,-7323,-3462,129249,110,19230,451,0,19041,0.0009999999999976694
29734000,-2282,7855,126317,4449,3686,125696,143,19230,451,1,19042,0.0010000000000012221
29735000,-5140,13973,126231,-4921,10856,118209,113,19224,586,1,19043,0.0010000000000012221
29736000,97,951,122741,-4412,-2023,129213,113,19229,463,1,19044,0.0009999999999976694
29737000,6821,808,125306,6373,-2793,126632,93,19228,381,0,19045,0.0010000000000012221
29738000,9031,410,124112,6318,-3095,118340,109,19232,446,0,19046,0.0010000000000012221
29739001,8960,3156,126279,10786,325,126910,112,19227,459,0,19047,0.0010009999999986974
29740000,5559,-1248,126821,-1162,-4014,125580,120,19227,459,0,19048,0.0009990000000001942
29741000,6173,10110,128838,1479,5933,123984,127,19223,491,1,19049,0.0010000000000012221
29742000,5478,8841,126266,6008,4582,126224,127,19228,520,1,19050,0.0009999999999976694
29743000,7887,3619,125924,3374,-928,122653,104,19231,426,1,19051,0.0010000000000012221
29744000,10954,414,127937,4219,-355,122992,110,19218,451,0,19052,0.0010000000000012221
29745000,8392,-10066,125808,12729,-13751,133635,86,19234,352,0,19053,0.0009999999999976694
29746000,6716,-12978,127305,8925,-17685,131493,103,19234,422,0,19054,0.0010000000000012221
29747002,2083,5039,129275,-7272,3810,123131,129,19228,422,1,19055,0.0010019999999997253
29748002,2595,13105,129424,2061,10051,123611,116,19225,528,1,19056,0.0010000000000012221
29749002,1096,8921,131377,2184,9330,126448,116,19229,475,1,19057,0.0009999999999976694
29750003,4846,-10165,126014,-8304,-11810,131932,100,19228,410,1,19058,0.00100100000000225
29751000,11477,-1423,128503,12659,-10768,131866,153,19232,627,0,19059,0.0009969999999981383
29752001,6358,-347,130017,16163,-2988,124697,112,19232,459,0,19060,0.00100100000000225
29753002,3480,-5389,131540,-15985,-15308,133721,110,19230,459,0,19061,0.0010009999999986974
29754002,2533,7791,133956,-7863,7044,129815,140,19227,451,1,19062,0.0010000000000012221
29755004,-6174,5037,130763,8183,-1403,128998,140,19224,573,1,19063,0.0010019999999997253
29756002,-7947,8774,131143,-14406,8666,123391,109,19232,446,1,19064,0.0009979999999991662
29757000,179,-14714,128650,-14437,-14454,137048,106,19220,434,0,19065,0.0009979999999991662
29758000,1072,-361,131635,10243,-9005,124965,86,19220,352,0,19066,0.0010000000000012221
29759000,2667,11585,131179,-6798,7148,122205,111,19228,352,0,19067,0.0010000000000012221
29760000,-6707,1510,130797,-18135,-1663,133243,128,19232,455,1,19068,0.0009999999999976694
29761001,-5283,1969,130176,-5341,-4821,129276,128,19224,524,1,19069,0.00100100000000225
29762002,-8943,6186,129014,-13961,995,130380,119,19228,487,1,19070,0.0010009999999986974
29763000,-6782,16319,131130,-12747,12357,116717,101,19230,414,1,19071,0.0009979999999991662
29764000,-4479,-2491,125793,-2862,-9594,131397,139,19222,569,0,19072,0.0010000000000012221
29765000,-4143,-7038,127393,-6399,-9553,134671,101,19222,569,0,19073,0.0009999999999976694
29766000,-2736,-9,124689,-4691,1387,121097,105,19229,414,0,19074,0.0010000000000012221
29767000,-5470,18035,131076,-7367,13887,123974,105,19224,430,1,19075,0.0010000000000012221
29768000,-5172,7268,124658,-5080,2002,123768,140,19230,573,1,19076,0.0009999999999976694
29769000,-9822,7934,128141,-18141,4497,124006,118,19228,483,1,19077,0.0010000000000012221
29770000,-1055,4015,126632,-1031,-1229,126240,106,19224,434,0,19078,0.0010000000000012221
29771000,-268,4915,124799,2311,883,120717,95,19224,434,0,19079,0.0009999999999976694
29772000,4570,2374,126563,-3901,-532,131847,109,19226,389,0,19080,0.0010000000000012221
29773000,2240,3905,125298,-3339,3932,117470,109,19226,446,0,19081,0.0010000000000012221
29774000,-1925,15329,128124,-3284,14927,132265,122,19220,500,1,19082,0.0009999999999976694
29775000,-2349,7881,124175,-695,5180,119797,119,19230,487,1,19083,0.0010000000000012221
29776000,-3353,12673,124731,2649,8878,122260,99,19231,405,1,19084,0.0010000000000012221
29777000,5723,6727,122328,6599,-7036,131396,125,19231,405,0,19085,0.0009999999999976694
29778000,5713,-2904,123880,11212,-7842,119993,107,19228,512,0,19086,0.0010000000000012221
29779000,8732,-6038,126192,2175,-11512,135247,107,19230,438,0,19087,0.0010000000000012221
29780000,3404,587,127603,2383,3910,118544,110,19222,451,1,19088,0.0009999999999976694
29781000,5125,3058,128444,1890,-448,130409,149,19229,610,1,19089,0.0010000000000012221
29782000,5067,13022,126440,-1197,5775,120637,111,19229,455,1,19090,0.0010000000000012221
29783000,7471,-827,126080,671,3634,128420,99,19229,455,1,19091,0.0009999999999976694
29784000,12647,-4562,129520,14354,4451,125506,129,19227,405,0,19092,0.0010000000000012221
29785000,8666,1195,127315,10660,-9698,123908,129,19235,528,0,19093,0.0010000000000012221
29786000,8446,-14036,130090,-1974,-13787,137425,106,19224,434,0,19094,0.0009999999999976694
29787000,3441,3061,129628,-2249,2936,125018,110,19224,451,1,19095,0.0010000000000012221
29788000,764,9273,127774,4653,3830,129470,108,19227,442,1,19096,0.0010000000000012221
29789000,487,15406,129482,1898,9201,121573,102,19227,442,1,19097,0.0009999999999976694
29790000,2912,2227,126692,-5314,-14820,133397,122,19232,418,0,19098,0.0010000000000012221
29791000,12928,-15538,130137,10388,-10783,129781,122,19222,500,0,19099,0.0010000000000012221
29792000,5102,-551,129603,13878,-2256,129320,97,19233,397,0,19100,0.0009999999999976694
29793000,2993,-14043,130272,-15904,-10804,134010,105,19227,430,0,19101,0.0010000000000012221
29794000,-1038,21801,135284,-7079,11819,118685,135,19224,553,1,19102,0.0009999999999976694
29795000,-4811,3177,129576,-4540,-12286,141029,113,19224,463,1,19103,0.0010000000000012221
29796001,-6276,-923,130470,-174,1029,122661,99,19228,463,1,19104,0.00100100000000225
29797000,-1224,-1945,128609,-16026,-10761,131162,150,19228,405,0,19105,0.0009989999999966415
29798000,1065,882,130156,-1190,-1683,125413,150,19237,614,0,19106,0.0010000000000012221
29799000,1199,6746,131257,2306,-3938,127532,110,19227,451,0,19107,0.0010000000000012221
29800000,-3926,-2954,130257,-16631,-4382,133615,113,19223,463,1,19108,0.0009999999999976694
29801000,-11218,8784,130456,-13314,3220,123147,130,19223,532,1,19109,0.0010000000000012221
29802000,-7892,7861,130536,-9009,6200,130212,108,19227,532,1,19110,0.0010000000000012221
29803000,-4878,9298,127717,-8464,4094,125640,116,19232,442,1,19111,0.0009999999999976694
29804002,-2089,-5468,125698,-8629,-7836,126848,116,19218,475,0,19112,0.0010019999999997253
29805002,-5211,-8641,126920,-3398,-787,117977,112,19228,459,0,19113,0.0010000000000012221
29806000,-581,6646,126986,-7945,-1468,129711,103,19232,422,0,19114,0.0009979999999991662
29807000,-5124,296,129300,-7474,-5138,131768,130,19219,532,1,19115,0.0010000000000012221
29808000,-8411,13266,125048,-12244,8540,117669,117,19219,532,1,19116,0.0010000000000012221
29809000,-6636,9287,128633,-9053,5439,129860,102,19231,479,1,19117,0.0009999999999976694
29810000,-237,13221,125066,87,-7886,122157,102,19225,418,0,19118,0.0010000000000012221
29811000,1767,-9734,124630,-5748,-8113,129665,137,19232,561,0,19119,0.0010000000000012221
29812000,2463,-2180,127011,-4658,4929,121523,109,19228,446,0,19120,0.0009999999999976694
29813000,2025,11130,127534,-4661,5042,121895,112,19227,459,0,19121,0.0010000000000012221
29814000,-3022,4412,124551,-4468,7797,128293,149,19227,459,1,19122,0.0010000000000012221
29815000,-3335,6049,125389,-13481,6500,122230,108,19227,610,1,19123,0.0009999999999976694
29816000,3730,7609,125006,12584,4579,122771,108,19233,442,1,19124,0.0010000000000012221
29817000,8773,9913,123547,10139,6575,117720,103,19220,422,0,19125,0.0010000000000012221
29818000,10052,-6413,122214,-105,-14017,132416,93,19229,381,0,19126,0.0009999999999976694
29819000,5749,-15067,125251,7116,-9744,132476,119,19229,487,0,19127,0.0010000000000012221
29820000,2733,2539,125947,659,4934,122780,129,19229,487,1,19128,0.0010000000000012221
29821005,1422,19079,130182,-1490,17172,120233,115,19226,528,1,19129,0.0010049999999992565
29822003,2925,18801,126421,5051,-583,126682,115,19230,471,1,19130,0.0009979999999991662
29823002,8194,-6132,124430,9931,-10863,130486,98,19230,401,1,19131,0.0009990000000001942
29824002,10527,-1399,127957,4220,-3023,124365,139,19228,569,0,19132,0.0010000000000012221
29825001,12066,-2120,126966,10491,-7287,127876,106,19228,434,0,19133,0.0009990000000001942
29826002,7208,-5458,130085,1899,-890,128472,106,19228,434,0,19134,0.0010009999999986974
29827000,2493,3158,130588,-8499,574,133307,133,19230,434,1,19135,0.0009979999999991662
29828000,-228,7566,129922,6080,2176,125417,133,19228,545,1,19136,0.0010000000000012221
29829000,104,18793,130743,5934,7998,123898,111,19231,455,1,19137,0.0009999999999976694
29830000,6846,-5871,124065,-4889,-17059,133242,104,19222,426,0,19138,0.0010000000000012221
29831000,9491,-18604,133099,14352,-8001,131471,128,19229,524,0,19139,0.0010000000000012221
29832000,11010,-2919,129636,5689,-5085,131350,112,19229,524,0,19140,0.0009999999999976694
29833000,2531,-802,133940,-16671,8700,123564,119,19228,459,0,19141,0.0010000000000012221
29834000,-2197,14236,133341,-4860,5478,129299,119,19213,487,1,19142,0.0010000000000012221
29835000,-6376,-2747,128861,2656,-5846,135272,109,19230,446,1,19143,0.0009999999999976694
29836001,-6784,-7687,129433,-15617,-12041,130651,98,19229,401,1,19144,0.00100100000000225
29837002,1145,-1602,129770,-4426,-5210,126809,128,19225,524,0,19145,0.0010009999999986974
29838002,223,3911,128158,3681,-2417,125668,103,19225,422,0,19146,0.0010000000000012221
29839000,-1117,6016,130134,-6467,1295,126660,107,19228,422,0,19147,0.0009979999999991662
29840000,-8719,4855,129406,-16144,-8892,132604,150,19226,438,1,19148,0.0010000000000012221
29841000,-8463,5245,130747,-11511,5156,127589,150,19230,614,1,19149,0.0009999999999976694
29842000,-9478,16235,130336,-3356,8484,123081,113,19230,463,1,19150,0.0010000000000012221
29843001,121,4906,128992,-15853,-3666,128747,102,19225,418,1,19151,0.0010009999999986974
29844000,-1022,715,126416,-7240,-3034,123771,164,19225,672,0,19152,0.0009990000000001942
29845000,-1326,-8710,124880,-966,-11837,135196,102,19241,672,0,19153,0.0010000000000012221
29846000,2044,3090,128485,-10284,7578,115662,111,19231,418,0,19154,0.0010000000000012221
29847000,-7324,13351,128000,-8038,5361,127627,111,19222,455,1,19155,0.0009999999999976694
29848000,-7293,4691,126441,-8530,-97,131073,109,19227,446,1,19156,0.0010000000000012221
29849000,-7827,7368,127581,-10739,3066,121127,106,19224,434,1,19157,0.0010000000000012221
29850000,-435,4418,125477,1587,963,128518,120,19224,491,0,19158,0.0009999999999976694
29851000,-482,844,122880,1431,-3551,121977,101,19232,491,0,19159,0.0010000000000012221
29852000,796,-6839,127804,-8732,-2642,129356,108,19227,414,0,19160,0.0010000000000012221
29853000,1095,10395,124454,-1481,8162,114308,108,19228,442,0,19161,0.0009999999999976694
29854000,-2450,13086,127536,4096,4194,130389,139,19220,569,1,19162,0.0010000000000012221
29855000,-506,8469,126291,-10888,9717,118877,113,19232,463,1,19163,0.0009999999999976694
29856000,3625,1200,123627,-2438,-3880,129776,95,19228,389,1,19164,0.0010000000000012221
29857000,10468,3162,126545,12461,5314,121157,107,19228,389,0,19165,0.0010000000000012221
29858001,10395,5581,124495,7400,-4993,119820,113,19233,438,0,19166,0.0010009999999986974
29859000,4967,-9150,125442,6355,-11530,136554,113,19227,463,0,19167,0.0009990000000001942
29860000,3928,-2924,128224,-927,2899,122076,118,19220,483,1,19168,0.0010000000000012221
29861000,2189,13257,129516,6911,14111,124296,123,19227,504,1,19169,0.0009999999999976694
29862000,4120,14776,125954,7386,1485,124819,105,19233,430,1,19170,0.0010000000000012221
29863000,6604,-640,123809,742,-9495,121660,108,19233,430,0,19171,0.0010000000000012221
29864013,10348,-4283,130765,5895,-12915,133563,98,19221,442,0,19172,0.0010130000000003747
29865000,12846,-8705,125007,16384,-9060,126711,98,19230,401,0,19173,0.0009869999999985168
29866000,4882,-3229,132800,-3694,7958,125857,113,19232,463,0,19174,0.0010000000000012221
29867000,3237,6728,127966,-8606,-1405,125680,132,19224,541,1,19175,0.0009999999999976694
29868000,2498,2476,129386,12276,-371,133759,117,19225,479,1,19176,0.0010000000000012221
29869008,1800,9704,129855,337,4942,121012,98,19225,479,1,19177,0.0010079999999987876
29870001,4328,3794,127163,-10013,-9283,127719,151,19226,401,0,19178,0.0009930000000011319
29871000,7989,-10719,129404,23726,-10998,130848,151,19232,618,0,19179,0.0009990000000001942
29872000,5351,-3488,127283,4801,-14963,136386,105,19229,430,0,19180,0.0010000000000012221
29873002,1495,-7260,132105,-26849,3470,126441,107,19225,438,1,19181,0.0010019999999997253
29874001,-528,11824,134662,508,15851,124171,135,19230,553,1,19182,0.0009990000000001942
29875002,-6814,8790,129121,1925,-403,129763,107,19230,553,1,19183,0.0010009999999986974
29876001,-3755,-38,128914,-17421,-6648,127400,104,19231,438,1,19184,0.0009990000000001942
29877000,-4229,-13813,127384,-3210,-14449,139514,104,19220,426,0,19185,0.0009990000000001942
29878000,2545,-8697,131711,6938,7402,122455,95,19231,389,0,19186,0.0010000000000012221
29879000,-4093,9818,133269,-13512,6226,124538,110,19229,451,0,19187,0.0009999999999976694
29880001,-6680,-955,129062,-18149,-6892,136131,132,19222,541,1,19188,0.00100100000000225
29881000,-10295,-126,129819,-4283,3403,126013,117,19222,479,1,19189,0.0009990000000001942
29882002,-11345,11851,130561,-12710,10804,128733,100,19228,479,1,19190,0.0010019999999997253
29883002,-1733,11255,127496,-6465,1231,125201,100,19230,410,0,19191,0.0009999999999976694
29884002,-6976,-6019,125976,-8954,-16313,133588,137,19222,561,0,19192,0.0010000000000012221
29885000,-554,-6292,129068,-10303,628,122769,101,19231,414,0,19193,0.0009979999999991662
29886000,-2428,7824,127815,-3166,3063,126982,109,19226,446,0,19194,0.0010000000000012221
29887000,-4654,5200,127820,-6399,1605,127372,148,19226,606,1,19195,0.0009999999999976694
29888000,-6563,14664,126644,-21158,4838,120431,114,19226,606,1,19196,0.0010000000000012221
29889000,-6590,11748,127526,-14758,5126,125078,104,19232,467,1,19197,0.0010000000000012221
29890000,3994,8661,125674,12191,3466,125166,104,19222,426,0,19198,0.0009999999999976694
29891000,-1518,-15407,121133,-2852,-21151,130948,94,19233,385,0,19199,0.0010000000000012221
29892000,909,-524,127243,-9741,3425,120421,113,19230,463,0,19200,0.0010000000000012221
29893000,-2660,13668,125255,348,5545,124592,123,19230,504,1,19201,0.0009999999999976694
29894000,453,11871,126411,-1340,10679,121402,115,19220,504,1,19202,0.0010000000000012221
29895000,-1401,10394,125544,-2495,4345,126483,98,19231,471,1,19203,0.0010000000000012221
29896000,3186,238,123105,-9,-1633,123605,98,19227,401,0,19204,0.0009999999999976694
29897000,11119,6787,125981,6889,3841,121779,124,19227,508,0,19205,0.0010000000000012221
29898000,9343,-4515,126330,7786,-9944,129847,113,19225,463,0,19206,0.0010000000000012221
29899000,7456,-10080,129141,7265,-527,122020,117,19226,479,0,19207,0.0009999999999976694
29900000,3633,160,125637,-1325,-9641,128004,156,19226,479,1,19208,0.0010000000000012221
29901000,3345,5660,129209,-1155,1748,125702,116,19229,639,1,19209,0.0010000000000012221
29902000,4701,15781,124549,9440,6806,120597,116,19228,475,1,19210,0.0009999999999976694
29903001,6295,8725,125796,3705,984,125262,101,19226,414,0,19211,0.00100100000000225
29904000,12627,920,126658,4437,-17088,133018,121,19231,496,0,19212,0.0009990000000001942
29905000,6112,-18291,127367,13394,-13005,131865,106,19229,434,0,19213,0.0009999999999976694
29906000,7241,1619,133052,-1369,3242,128278,109,19229,434,1,19214,0.0010000000000012221
29907000,2257,9925,130139,-2254,5046,125970,105,19221,446,1,19215,0.0010000000000012221
29908000,1191,6618,130253,1089,15179,123302,105,19227,430,1,19216,0.0009999999999976694
29909001,3713,6763,127530,-2450,-7743,132305,105,19235,430,1,19217,0.00100100000000225
29910000,6654,-15603,129577,9160,-22721,131987,124,19221,508,0,19218,0.0009990000000001942
29911000,10623,-2765,131356,15739,9457,119485,97,19228,397,0,19219,0.0009999999999976694
29912000,1381,-4071,129871,-13202,-5723,132143,104,19228,397,0,19220,0.0010000000000012221
29913000,2777,-3229,132454,-12361,2417,131152,138,19229,426,1,19221,0.0010000000000012221
29914000,-4673,4977,130722,9867,-4360,135002,138,19227,565,1,19222,0.0009999999999976694
29915002,-8428,3562,130019,-11061,2827,119091,114,19233,467,1,19223,0.0010019999999997253
29916000,-2801,8887,132188,-22722,-4345,129766,98,19224,401,0,19224,0.000998000000002719
29917000,107,-12058,127567,9327,-13515,139126,138,19230,565,0,19225,0.0009999999999976694
29918000,5145,2759,129542,6270,1571,121110,107,19230,565,0,19226,0.0010000000000012221
29919001,-7872,5624,129800,-27425,298,129669,114,19228,438,0,19227,0.0010009999999986974
29920000,-6411,5479,130858,-9207,3096,127391,114,19223,467,1,19228,0.0009990000000001942
29921000,-7929,3156,129301,-2944,-2978,135688,129,19228,528,1,19229,0.0010000000000012221
29922000,-7724,259,131197,-13717,3730,124781,109,19228,446,1,19230,0.0009999999999976694
29923001,-4002,21535,127217,-11255,6071,118229,114,19218,467,0,19231,0.00100100000000225
29924000,-2933,-7124,125202,-5634,-13542,135198,106,19218,467,0,19232,0.0009990000000001942
29925000,2815,-7258,128957,-1257,1040,130677,102,19232,434,0,19233,0.0009999999999976694
29926000,-3055,4761,127918,-12973,816,123405,130,19224,418,1,19234,0.0010000000000012221
29927003,-7097,14013,129933,-8036,7865,117957,130,19222,532,1,19235,0.0010030000000007533
29928000,-5063,10240,127660,-13705,2495,130665,118,19229,483,1,19236,0.0009969999999981383
29929000,-1327,1416,125218,2501,-1401,128628,101,19231,414,1,19237,0.0010000000000012221
29930000,-881,8180,124636,-2193,5373,116417,135,19231,553,0,19238,0.0010000000000012221
29931000,-355,3675,123315,-14408,-4302,126870,109,19232,553,0,19239,0.0009999999999976694
29932000,3701,2300,127187,7211,-2598,127115,110,19229,446,0,19240,0.0010000000000012221
29933000,2697,-2646,125697,1026,-5195,133404,110,19224,451,1,19241,0.0010000000000012221
29934000,-4326,7316,126452,-10734,2372,121400,149,19228,610,1,19242,0.0009999999999976694
29935001,-1867,24020,127106,-2141,12589,117249,106,19238,434,1,19243,0.00100100000000225
29936000,7801,13015,121330,12129,-2319,125822,105,19238,430,0,19244,0.0009990000000001942
29937000,7716,-1180,123917,6869,-3276,127402,95,19226,430,0,19245,0.0009999999999976694
29938000,9047,-2564,124554,-3422,-4989,123508,119,19228,389,0,19246,0.0010000000000012221
29939000,7163,-400,128934,8952,-1155,124135,119,19225,487,0,19247,0.0010000000000012221
29940000,7269,4602,128153,9402,-2975,130101,129,19227,528,1,19248,0.0009999999999976694
29941000,2894,-938,127407,-6068,-17,127782,111,19231,455,1,19249,0.0010000000000012221
29942000,6584,10142,126079,4892,8350,121967,100,19231,410,1,19250,0.0010000000000012221
29943000,8497,6381,126159,13414,-1485,124192,138,19229,410,0,19251,0.0009999999999976694
29944000,10331,-1482,126357,3736,-12386,127290,104,19228,565,0,19252,0.0010000000000012221
29945000,8010,-10549,125457,10198,-18539,130127,104,19227,426,0,19253,0.0010000000000012221
29946000,5018,-6764,130709,469,-2965,123433,105,19227,430,1,19254,0.0009999999999976694
29947000,1860,18872,130925,-839,11622,124993,126,19228,516,1,19255,0.0010000000000012221
29948000,-396,8431,129733,3617,1425,132221,110,19231,451,1,19256,0.0010000000000012221
29949000,3525,645,127224,-4991,-4478,129709,107,19231,451,1,19257,0.0009999999999976694
29950000,8416,-7871,126884,2038,-10387,127453,131,19225,438,0,19258,0.0010000000000012221
29951001,11062,-264,131340,21383,-1019,128585,131,19227,537,0,19259,0.0010009999999986974
29952000,4013,-2914,128718,-466,-7418,130710,110,19229,451,0,19260,0.0009990000000001942
29953000,823,-2428,135142,-24460,8811,127369,117,19219,479,1,19261,0.0010000000000012221
29954000,-5991,11649,131999,3586,-1960,129429,109,19229,446,1,19262,0.0009999999999976694
29955000,-7248,281,128783,-15252,-3878,129430,101,19229,446,1,19263,0.0010000000000012221
29956000,-3098,-5586,129494,-15096,-9107,130107,129,19230,414,0,19264,0.0010000000000012221
29957000,884,-6143,129543,8204,-1909,123314,129,19224,528,0,19265,0.0009999999999976694
29958000,3843,3456,132756,-6247,7075,128336,103,19229,422,0,19266,0.0010000000000012221
29959000,-1951,2430,131294,-16397,-1553,129925,105,19223,430,0,19267,0.0010000000000012221
29960000,-9431,-5673,130169,-9484,1869,134359,150,19228,614,1,19268,0.0009999999999976694
29961002,-10275,5655,130624,-11218,7221,123345,113,19228,614,1,19269,0.0010019999999997253
29962000,-8110,13036,130390,-7701,4933,126292,101,19230,463,1,19270,0.000998000000002719
29963000,-1525,-3609,126407,-5229,-5044,130617,101,19227,414,0,19271,0.0009999999999976694
29964000,-3887,-8184,125167,-9811,-1596,122511,166,19230,680,0,19272,0.0010000000000012221
29965000,-3606,8551,129313,-9934,4442,128287,111,19229,455,0,19273,0.0010000000000012221
29966000,-1352,7675,124954,368,1682,122293,116,19223,475,1,19274,0.0009999999999976694
29967000,-8225,7058,129643,-14819,2613,131176,113,19223,475,1,19275,0.0010000000000012221
29968000,-7712,2837,126875,-13922,2059,122753,107,19231,463,1,19276,0.0010000000000012221
29969001,-2527,9754,127262,3509,1948,120526,107,19232,438,0,19277,0.0010009999999986974
29970000,3380,3360,123809,-2326,-9171,132553,121,19227,496,0,19278,0.0009990000000001942
29971001,3347,-4362,124276,-2219,1076,119750,101,19228,414,0,19279,0.0010009999999986974
29972000,349,702,127720,-6596,15611,129627,109,19226,446,0,19280,0.0009990000000001942
29973000,15,16,125211,-523,7224,118768,139,19226,446,1,19281,0.0010000000000012221
29974000,-3979,8920,128545,353,5531,128029,114,19227,569,1,19282,0.0010000000000012221
29975000,-1292,8604,124254,-5190,3441,122618,114,19228,467,1,19283,0.0009999999999976694
29976000,6170,9035,123171,11713,-564,120294,97,19229,397,0,19284,0.0010000000000012221
29977000,8951,-4162,122562,11403,-8710,133581,109,19231,446,0,19285,0.0010000000000012221
29978000,6520,-3867,125495,158,-3531,121881,109,19228,446,0,19286,0.0009999999999976694
29979000,5908,4782,128977,7693,1891,126400,114,19228,467,1,19287,0.0010000000000012221
29980000,2897,6340,127955,2723,6998,122801,113,19224,467,1,19288,0.0009999999999976694
29981000,1869,3335,128878,-2325,6977,128982,104,19229,463,1,19289,0.0010000000000012221
29982000,9401,-891,124212,7647,-3416,126035,104,19231,426,1,19290,0.0010000000000012221
29983001,9620,1911,128488,7428,-991,121024,110,19220,451,0,19291,0.0010009999999986974
29984000,10239,7023,128605,7619,4252,128740,88,19231,360,0,19292,0.0009990000000001942
29985001,8158,-11326,124889,8137,-16674,129474,103,19231,422,0,19293,0.0010009999999986974
29986000,3686,-8633,130679,-764,-4562,134427,131,19226,422,1,19294,0.0009990000000001942
29987000,-1322,13984,130536,-1472,12953,117189,113,19221,537,1,19295,0.0010000000000012221
29988000,3386,15661,128804,1044,4288,129081,113,19230,463,1,19296,0.0010000000000012221
29989001,1694,-5702,128720,-210,-10606,133089,98,19233,401,0,19297,0.0010009999999986974
29990000,9279,-5271,128167,1877,-9196,129003,154,19231,631,0,19298,0.0009990000000001942
29991000,7131,-8030,130120,14392,-3844,129999,106,19230,434,0,19299,0.0010000000000012221
29992000,2233,-2823,131942,-4900,-7364,129547,109,19230,434,0,19300,0.0009999999999976694
29993000,3691,2801,134285,-12114,6891,126636,137,19226,446,1,19301,0.0010000000000012221
29994000,-7406,13543,130287,1566,10166,122403,137,19228,561,1,19302,0.0010000000000012221
29995002,-3693,-13121,131478,-10232,-17148,137780,106,19231,434,1,19303,0.0010019999999997253
29996001,-1458,-6857,128926,-8348,-11029,135566,105,19215,430,0,19304,0.0009990000000001942
29997000,-2842,-6043,127503,-437,-3089,126133,83,19231,340,0,19305,0.0009990000000001942
29998000,943,6379,132974,-5971,11986,122578,109,19231,340,0,19306,0.0009999999999976694
29999000,-6715,8240,130457,-10954,-6946,132722,133,19227,446,1,19307,0.0010000000000012221
30000001,-3654,-1920,131572,-8448,4935,133265,133,19223,545,1,19308,0.0010009999999986974
30001000,-9323,7768,130313,-10827,5137,125005,118,19230,483,1,19309,0.0009990000000001942
30002000,-3657,8299,128513,-6633,8895,123657,101,19232,414,1,19310,0.0010000000000012221
30003000,-4116,2426,125792,-8613,-10483,132993,141,19226,577,0,19311,0.0010000000000012221
30004000,-3392,-9761,126927,-11099,-9452,128044,101,19226,577,0,19312,0.0009999999999976694
30005000,-2114,3736,128620,-583,13805,122152,106,19232,414,0,19313,0.0010000000000012221
30006000,-7383,4981,126007,-11877,4393,124060,106,19224,434,1,19314,0.0010000000000012221
30007000,-4067,4849,128348,-7290,9934,129032,138,19230,565,1,19315,0.0009999999999976694
30008002,-10371,10825,123770,-8200,-3301,126338,116,19228,475,1,19316,0.0010019999999997253
30009000,-1260,6573,127354,-154,28,124253,106,19221,434,0,19317,0.000998000000002719
30010000,-356,2932,124501,-2531,-5219,128471,92,19221,434,0,19318,0.0009999999999976694
30011000,972,-7039,126410,-5337,-1784,121117,107,19228,377,0,19319,0.0010000000000012221
30012000,4067,12533,128866,857,6221,126883,107,19228,438,0,19320,0.0009999999999976694
30013000,-277,3739,125349,-3776,3898,123521,126,19220,516,1,19321,0.0010000000000012221
30014000,204,13504,126666,-5068,10973,121216,111,19232,455,1,19322,0.0010000000000012221
30015000,991,9122,125853,309,1774,126218,98,19231,401,1,19323,0.0009999999999976694
30016000,9384,2198,123855,5441,-4328,126609,123,19231,401,0,19324,0.0010000000000012221
30017000,8301,8256,122948,11334,-4625,122736,104,19231,504,0,19325,0.0010000000000012221
30018002,5460,-11175,123903,-2004,-12177,128308,104,19231,426,0,19326,0.0010019999999997253
30019000,6884,-5595,127328,5279,-3274,132412,112,19230,459,1,19327,0.0009979999999991662
30020000,-170,8163,128609,6501,9719,116474,144,19228,590,1,19328,0.0010000000000012221
30021000,2278,14629,128077,-3209,7722,128025,113,19230,463,1,19329,0.0009999999999976694
30022000,6903,217,123286,3864,-3249,127719,98,19230,401,1,19330,0.0010000000000012221
30023000,10759,-702,128202,10410,1540,121548,117,19225,401,0,19331,0.0010000000000012221
30024000,13007,-688,126965,8782,-8358,130218,106,19231,479,0,19332,0.0009999999999976694
30025000,5545,-8545,130179,3682,-3891,128206,106,19231,434,0,19333,0.0010000000000012221
30026000,6796,-6497,130744,-3611,-9182,138088,114,19221,467,1,19334,0.0010000000000012221
30027000,-3271,4705,131051,2995,6811,124167,109,19229,446,1,19335,0.0009999999999976694
30028000,-371,16360,129330,641,1690,125422,102,19229,418,1,19336,0.0010000000000012221
30029000,3960,8582,127452,-2822,-4920,126767,121,19230,418,0,19337,0.0010000000000012221
30030000,9355,-12061,128027,11191,-16352,130693,96,19221,496,0,19338,0.0009999999999976694
30031000,10087,-6514,128929,10291,-9119,137181,96,19228,393,0,19339,0.0010000000000012221
30032000,1200,2829,134463,-13787,7181,117089,104,19228,426,0,19340,0.0010000000000012221
30033000,1809,14187,132679,-10081,3960,132050,141,19223,577,1,19341,0.0009999999999976694
30034000,-2177,-9847,130082,4655,-8742,135171,114,19223,467,1,19342,0.0010000000000012221
30035000,-7716,-4056,128880,-8083,-8814,127871,96,19230,467,1,19343,0.0010000000000012221
30036000,-1365,-6011,130099,-16728,-5940,132583,127,19226,393,0,19344,0.0009999999999976694
30037001,-3209,6676,129917,6179,2268,118626,127,19228,520,0,19345,0.00100100000000225
30038000,2608,-98,131349,468,-5071,136309,109,19231,446,0,19346,0.0009990000000001942
30039000,-8647,-3136,129376,-17697,-6214,130065,118,19223,483,1,19347,0.0009999999999976694
30040004,-8296,-5734,131702,-12361,-2394,123835,122,19224,500,1,19348,0.0010040000000017812
30041003,-9492,24149,130143,-7444,13933,121951,106,19224,500,1,19349,0.0009990000000001942
30042000,-3962,7198,129331,-7190,443,133935,114,19230,434,1,19350,0.0009969999999981383
30043000,-1954,-6081,123392,-8328,-9402,129416,114,19216,467,0,19351,0.0010000000000012221
30044000,-4258,-44,127664,-7255,2239,121042,93,19231,381,0,19352,0.0009999999999976694
30045000,1888,8236,129125,-3656,6697,130773,103,19227,422,0,19353,0.0010000000000012221
30046000,-4602,4292,126604,-7219,-3381,126185,133,19227,545,1,19354,0.0010000000000012221
30047000,-6736,1437,129094,-12658,8592,127589,118,19227,545,1,19355,0.0009999999999976694
30048000,-7205,10335,127254,-12028,6294,122299,101,19226,483,1,19356,0.0010000000000012221
30049000,-1604,8923,124640,3503,3113,124021,101,19228,414,0,19357,0.0010000000000012221
30050000,1283,1579,123439,-7149,-10312,130593,137,19230,561,0,19358,0.0009999999999976694
30051001,134,-5916,124541,-2794,-3019,124678,115,19225,471,0,19359,0.00100100000000225
30052000,2460,3427,127691,-3715,11665,122855,114,19226,467,0,19360,0.0009990000000001942
30053000,-1745,15120,125408,-2301,2370,119320,141,19226,467,1,19361,0.0009999999999976694
30054000,-2751,5531,126183,-941,3837,132300,109,19225,577,1,19362,0.0010000000000012221
30055000,3246,9180,122042,-629,2480,121683,109,19231,446,1,19363,0.0010000000000012221
30056000,9889,6557,123939,11193,3113,117511,108,19218,442,0,19364,0.0009999999999976694
30057000,11083,2989,125184,9059,-12185,130159,88,19229,360,0,19365,0.0010000000000012221
30058000,5804,-9257,126316,-3085,-9414,127231,110,19227,451,0,19366,0.0010000000000012221
30059000,5662,-475,128481,6901,296,129132,127,19227,451,1,19367,0.0009999999999976694
30060000,989,10371,128973,5668,12497,118911,113,19220,520,1,19368,0.0010000000000012221
30061000,2960,13070,126064,-4036,3291,128210,113,19231,463,1,19369,0.0010000000000012221
30062000,8351,9050,125606,9013,-10519,122289,97,19231,397,0,19370,0.0009999999999976694
30063000,12616,101,126370,11727,-14574,127948,141,19229,577,0,19371,0.0010000000000012221
30064000,10803,-322,127515,6817,-5462,128882,102,19229,418,0,19372,0.0010000000000012221
30065002,9269,-11147,127178,1597,-4978,125598,103,19229,422,0,19373,0.0010019999999997253
30066008,4684,9874,132030,-581,4732,134792,130,19226,422,1,19374,0.0010060000000002844
30067001,-294,15609,130581,-3735,13637,119314,109,19229,532,1,19375,0.0009929999999975792
30068000,522,7892,128972,6892,3052,131441,109,19228,446,1,19376,0.0009990000000001942
30069000,2323,-2684,126579,1211,-12469,128024,105,19223,430,0,19377,0.0010000000000012221
30070002,8409,-16213,128019,12432,-19310,132193,112,19231,459,0,19378,0.0010019999999997253
30071000,7440,-2780,128053,6848,-4866,131126,107,19231,438,0,19379,0.0009979999999991662
30072000,6166,4784,133400,-14793,7379,123872,118,19225,438,1,19380,0.0010000000000012221
30073000,-2604,15902,133418,-5073,10047,126485,110,19219,483,1,19381,0.0010000000000012221
30074000,-7013,3092,129283,-2287,-4365,129359,110,19230,451,1,19382,0.0009999999999976694
30075000,-9325,-7724,127403,-12678,-17695,133581,97,19232,397,1,19383,0.0010000000000012221
30076000,3308,-7433,130639,-4696,-4891,127267,130,19226,532,0,19384,0.0009999999999976694
30077000,1929,11026,130541,4236,5357,123725,116,19226,475,0,19385,0.0010000000000012221
30078000,202,264,131897,-4965,9979,126630,116,19228,475,0,19386,0.0010000000000012221
30079000,-7028,2710,130164,-17276,-3734,129712,149,19221,475,1,19387,0.0009999999999976694
30080000,-7958,-9841,131624,-11227,-841,141931,149,19228,610,1,19388,0.0010000000000012221
30081002,-10361,15475,131023,-2733,13481,117100,113,19231,463,1,19389,0.0010019999999997253
30082001,-5087,5942,128818,-14722,-124,131777,103,19222,422,1,19390,0.0009990000000001942
30083000,-1764,-5491,125698,-7583,-8760,129515,153,19232,627,0,19391,0.0009990000000001942
30084000,-3845,-10443,125670,784,-12968,133647,107,19232,627,0,19392,0.0010000000000012221
30085000,294,8029,127847,-9383,11468,116876,114,19230,438,0,19393,0.0009999999999976694
30086002,-7626,11035,128734,-9611,13961,130377,114,19219,467,1,19394,0.0010019999999997253
30087007,-7424,3077,128156,-12800,-720,131696,108,19234,442,1,19395,0.0010050000000028092
30088003,-6474,2697,125210,-6711,179,123482,106,19232,434,1,19396,0.0009959999999971103
30089000,-1394,-940,127629,-1871,-2930,127682,123,19228,504,0,19397,0.000997000000001691
30090003,-2016,2018,122491,-3203,-7545,127477,102,19228,504,0,19398,0.0010030000000007533
30091000,-300,-4683,125699,-5884,-336,131705,110,19229,418,0,19399,0.0009969999999981383
30092000,-921,8164,126151,-2255,11040,119511,110,19223,451,1,19400,0.0010000000000012221
30093000,-5472,13741,125616,-2578,10499,122252,142,19224,582,1,19401,0.0010000000000012221
30094000,-1877,12816,127433,-6464,1646,127883,113,19231,463,1,19402,0.0009999999999976694
30095000,3562,3324,122357,4396,-5251,127274,97,19231,397,0,19403,0.0010000000000012221
30096000,9443,-372,125291,6050,3829,122371,107,19231,397,0,19404,0.0010000000000012221
30097000,11647,4184,125417,9787,-7265,122265,117,19231,438,0,19405,0.0009999999999976694
30098000,5262,-8395,127579,-2962,-3561,127220,117,19224,479,0,19406,0.0010000000000012221
30099000,5455,-3463,130871,7862,5471,131858,121,19221,496,1,19407,0.0010000000000012221
30100000,1495,4811,128920,-706,11115,117635,116,19228,475,1,19408,0.0009999999999976694
30101000,6733,13661,126751,6613,2823,129174,105,19229,430,1,19409,0.0010000000000012221
30102000,5972,7267,124973,7952,-6002,124005,114,19229,430,0,19410,0.0010000000000012221
30103000,12773,-5358,125512,4051,-15662,137197,92,19217,467,0,19411,0.0009999999999976694
30104000,8137,-6640,128600,14933,-10309,126605,92,19231,377,0,19412,0.0010000000000012221
30105000,2993,4668,130131,-6071,1757,122666,105,19230,430,0,19413,0.0009999999999976694
30106000,5081,2650,131250,-2326,5392,131846,130,19225,532,1,19414,0.0010000000000012221
30107000,852,10132,130719,4437,10549,122520,115,19226,471,1,19415,0.0010000000000012221
30108000,5551,3245,128709,-1369,-3949,134505,100,19226,410,1,19416,0.0009999999999976694
30109000,4566,-1463,127581,1553,-8544,122569,155,19228,410,0,19417,0.0010000000000012221
30110000,10446,-7473,130487,9461,-14928,132296,113,19232,635,0,19418,0.0010000000000012221
30111000,8028,4149,127899,8876,-7614,133209,113,19228,463,0,19419,0.0009999999999976694
30112001,-82,-6886,132487,-25038,276,126491,113,19230,463,1,19420,0.00100100000000225
30113000,1350,8220,133078,2611,5861,131365,138,19229,565,1,19421,0.0009990000000001942
30114000,-9569,8585,129218,4455,4828,120141,107,19229,438,1,19422,0.0009999999999976694
30115000,-3467,-1781,129452,-24357,-7850,137857,107,19231,438,1,19423,0.0010000000000012221
30116000,-1280,-11164,128500,-297,-12319,133864,87,19224,438,0,19424,0.0010000000000012221
30117000,4802,-943,132381,6366,3689,123383,87,19229,356,0,19425,0.0009999999999976694
30118002,-4419,10962,132274,-14200,4784,127095,111,19229,455,0,19426,0.0010019999999997253
30119002,-5882,-565,128609,-14886,-7927,132431,131,19221,537,1,19427,0.0010000000000012221
30120000,-7775,594,130260,-6802,-1198,134874,118,19221,483,1,19428,0.0009979999999991662
30121000,-10778,10075,130210,-13506,11022,120967,101,19228,483,1,19429,0.0010000000000012221
30122000,-2409,12905,127312,-8559,-1383,127676,141,19230,414,0,19430,0.0010000000000012221
30123000,-4053,624,125224,-9108,-8521,127331,141,19225,577,0,19431,0.0009999999999976694
30124000,-1378,-10627,127785,-11291,-7606,129141,101,19232,414,0,19432,0.0010000000000012221
30125000,1082,6139,129608,-1300,5888,126201,107,19229,438,1,19433,0.0010000000000012221
30126000,-5331,11393,128741,-2270,14081,118523,136,19229,557,1,19434,0.0009999999999976694
30127000,-6589,12030,128623,-21045,6038,127738,113,19229,557,1,19435,0.0010000000000012221
30128000,-4343,2996,125837,-8392,768,124670,105,19229,463,1,19436,0.0010000000000012221
30129000,3185,562,124774,8538,-5603,129010,105,19221,430,0,19437,0.0009999999999976694
30130000,-939,-8869,123418,-2449,-7973,128028,93,19232,381,0,19438,0.0010000000000012221
30131000,529,2702,127160,-7211,2952,120700,109,19229,446,0,19439,0.0010000000000012221
30132000,205,9278,126076,-3013,4653,127911,125,19218,512,1,19440,0.0009999999999976694
30133000,-3551,7944,124977,-1975,3872,125579,111,19218,512,1,19441,0.0010000000000012221
30134000,-1533,3444,121487,-3784,-1670,118311,98,19226,455,1,19442,0.0010000000000012221
30135000,3507,13621,124343,3630,3835,121143,98,19231,401,0,19443,0.0009999999999976694
30136000,8476,579,123273,6530,-8286,132504,129,19233,528,0,19444,0.0010000000000012221
30137000,11036,-10776,126549,5600,-11422,120688,108,19227,442,0,19445,0.0009999999999976694
30138000,5398,4638,129027,4674,2231,126992,113,19229,463,0,19446,0.0010000000000012221
30139000,3818,4789,128082,-1028,295,126109,143,19229,463,1,19447,0.0010000000000012221
30140000,2712,6772,126846,5006,1391,127012,111,19230,586,1,19448,0.0009999999999976694
30141000,7151,1616,125896,5940,3413,124513,111,19230,455,1,19449,0.0010000000000012221
30142002,10118,6425,128768,5168,10850,115151,100,19227,410,0,19450,0.0010019999999997253
30143006,11306,1482,126180,17542,-11839,137120,118,19232,483,0,19451,0.0010040000000017812
30144000,9178,-16688,126579,6507,-16757,130255,107,19230,438,0,19452,0.0009939999999986071
30145000,2157,-2873,132637,-8722,2831,129771,111,19230,438,1,19453,0.0010000000000012221
30146000,2162,676,129312,42,16908,123085,108,19222,455,1,19454,0.0009999999999976694
30147000,-340,15049,130200,5656,9537,121028,108,19229,442,1,19455,0.0010000000000012221
30148000,2626,378,128061,-7077,-13834,141641,104,19230,426,1,19456,0.0010000000000012221
30149001,7665,-11800,124817,7675,-14434,122068,124,19220,508,0,19457,0.0010009999999986974
30150002,8408,230,131882,19771,1753,125295,107,19230,438,0,19458,0.0010009999999986974
30151001,3058,-1256,130079,-12895,-2591,134129,109,19230,438,0,19459,0.0009990000000001942
30152000,387,1277,132284,-16784,4845,125547,142,19225,446,1,19460,0.0009990000000001942
30153000,-4033,4189,133559,12882,-5499,138119,142,19225,582,1,19461,0.0010000000000012221
30154000,-8271,4016,129098,-7744,1641,118488,114,19238,467,1,19462,0.0010000000000012221
30155000,-3029,-289,129909,-23243,-9089,133742,99,19224,405,0,19463,0.0009999999999976694
30156001,1342,-8255,128994,8332,-12705,131554,127,19228,520,0,19464,0.00100100000000225
30157003,5148,2408,129938,4710,-6174,124649,107,19228,438,0,19465,0.0010019999999997253
30158000,-6953,15462,133030,-26764,12459,121740,113,19230,438,0,19466,0.0009969999999981383
30159000,-5989,4108,129735,-10586,347,130260,120,19221,463,1,19467,0.0010000000000012221
30160003,-7723,-1886,129583,-1240,-5995,139827,120,19229,491,1,19468,0.0010030000000007533
30161002,-7271,3444,129982,-13455,10805,118406,107,19230,438,1,19469,0.0009990000000001942
30162000,-3107,9023,127097,-11322,2420,126127,117,19217,479,0,19470,0.0009979999999991662
30163000,-4670,-2735,126844,-2796,-10188,132201,92,19217,377,0,19471,0.0010000000000012221
30164000,-806,-2101,127033,-2511,-4505,126635,102,19232,377,0,19472,0.0009999999999976694
30165000,-5244,2534,126943,-13404,1621,128442,130,19228,418,1,19473,0.0010000000000012221
30166000,-7109,11627,128365,-9385,9233,117217,130,19225,532,1,19474,0.0010000000000012221
30167000,-4667,16044,128666,-10828,5444,130658,116,19234,475,1,19475,0.0009999999999976694
30168000,-2325,2315,122542,444,-6493,125889,101,19228,414,1,19476,0.0010000000000012221
30169000,-2487,3025,124648,2863,-2547,123303,133,19228,545,0,19477,0.0009999999999976694
30170000,-899,7782,126593,-16524,8660,121411,106,19236,545,0,19478,0.0010000000000012221
30171000,8477,4861,126631,5813,6015,124250,110,19233,434,0,19479,0.0010000000000012221
30172000,424,-3805,127488,5453,-1683,136571,110,19228,451,1,19480,0.0009999999999976694
30173000,-2583,5608,126810,-14067,7230,116913,145,19232,594,1,19481,0.0010000000000012221
30174001,-288,15958,126924,1888,10087,125602,108,19232,442,1,19482,0.0010009999999986974
30175000,8501,3794,121855,12633,-2437,125709,104,19224,426,0,19483,0.0009990000000001942
30176000,7419,1913,123775,2127,-5382,120828,91,19224,426,0,19484,0.0010000000000012221
30177000,5366,-6503,122629,846,-11184,131452,112,19229,373,0,19485,0.0010000000000012221
30178000,5299,509,127674,8153,-754,119244,112,19227,459,0,19486,0.0009999999999976694
30179000,3476,13383,128569,6133,12253,129882,131,19222,537,1,19487,0.0010000000000012221
30180000,2349,4656,127636,-6816,5771,123024,116,19228,475,1,19488,0.0010000000000012221
30181000,7669,3913,126510,7848,2908,133173,98,19227,401,1,19489,0.0009999999999976694
30182000,11966,453,124797,12264,-8012,119387,140,19227,401,0,19490,0.0010000000000012221
30183000,10020,-981,126706,5971,-5064,133868,102,19228,573,0,19491,0.0010000000000012221
30184000,5368,-6472,129502,10308,-11362,130159,102,19229,418,0,19492,0.0009999999999976694
30185000,5619,531,128446,-1999,4646,126241,106,19226,434,1,19493,0.0010000000000012221
30186003,1354,12995,131253,5098,9823,129269,129,19236,528,1,19494,0.0010030000000007533
30187001,635,11747,127523,-1377,-1238,122632,108,19230,442,1,19495,0.0009979999999991662
30188000,5760,2789,128103,-3082,-16763,129625,105,19230,442,1,19496,0.0009990000000001942
30189000,9038,-7735,129810,5019,-9018,130616,111,19224,430,0,19497,0.0010000000000012221
30190003,13762,-6037,128943,14986,-5652,132035,111,19231,455,0,19498,0.0010029999999972006
30191000,-413,-7981,130467,-11365,-2863,129537,109,19222,446,0,19499,0.000997000000001691
30192000,453,5383,132374,-14087,8493,121549,121,19219,496,1,19500,0.0010000000000012221
30193000,-8369,8925,134422,5747,5030,139408,112,19231,459,1,19501,0.0009999999999976694
30194000,-4441,-2569,128499,-8424,326,124733,99,19231,459,1,19502,0.0010000000000012221
30195000,-4957,-4181,128477,-11040,-16955,137213,133,19228,405,0,19503,0.0010000000000012221
30196000,-311,-4322,128399,1710,-2411,122366,133,19224,545,0,19504,0.0009999999999976694
30197000,744,3624,132165,-2161,-3,133097,112,19228,459,0,19505,0.0010000000000012221
30198000,-4288,-2427,131335,-15602,-2164,131158,117,19226,479,1,19506,0.0010000000000012221
30199000,-8949,6814,133198,-18683,12304,121454,148,19230,606,1,19507,0.0009999999999976694
30200000,-9051,8313,129991,-9367,2070,132862,116,19230,475,1,19508,0.0010000000000012221
30201000,-2490,6828,130156,-2433,3801,123380,105,19230,475,1,19509,0.0009999999999976694
30202000,-2077,-1608,124962,-11195,-15837,135580,149,19227,430,0,19510,0.0010000000000012221
30203000,-3480,-3987,127320,-10753,3806,119254,149,19237,610,0,19511,0.0010000000000012221
30204000,-1725,13478,128174,-5848,2199,123960,106,19231,434,0,19512,0.0009999999999976694
30205000,-1505,2441,127667,232,-624,132621,117,19209,479,1,19513,0.0010000000000012221
30206000,-9132,5757,126720,-19439,7327,122396,109,19209,446,1,19514,0.0010000000000012221
30207000,-8108,4502,127603,-11326,2579,130520,108,19230,446,1,19515,0.0009999999999976694
30208000,-507,12947,126444,9729,4990,118778,127,19235,442,0,19516,0.0010000000000012221
30209000,2083,-6569,123673,-6389,-12822,135558,127,19223,520,0,19517,0.0010000000000012221
30210002,725,-5337,125028,-5677,-972,121109,103,19228,422,0,19518,0.0010019999999997253
30211000,-171,7298,126583,-6447,5288,122988,108,19224,442,0,19519,0.0009979999999991662
30212000,504,7674,127151,1641,10430,126189,141,19224,577,1,19520,0.0010000000000012221
30213000,-2993,16735,127382,-5609,9731,120809,109,19224,577,1,19521,0.0009999999999976694
30214000,4447,6645,124612,143,5797,127990,96,19231,446,1,19522,0.0010000000000012221
30215000,4249,-2107,123604,9038,1915,121265,96,19223,393,0,19523,0.0010000000000012221
30216000,11009,-211,123608,-4669,-10624,124453,112,19234,459,0,19524,0.0009999999999976694
30217000,11578,1650,127291,21835,-2245,124512,114,19226,467,0,19525,0.0010000000000012221
30218000,2280,-1397,124566,-2571,-7268,128765,119,19225,487,1,19526,0.0010000000000012221
30219000,5310,-5166,130290,-6170,2593,127703,113,19225,487,1,19527,0.0009999999999976694
30220002,1481,15268,127416,14210,9782,120757,105,19228,463,1,19528,0.0010019999999997253
30221001,7619,4720,122808,1667,-6293,129904,105,19232,430,1,19529,0.0009990000000001942
30222002,6877,2041,128014,-488,487,119190,114,19225,467,0,19530,0.00100100000000225
30223000,11645,-1577,124401,9866,-9758,133741,102,19226,418,0,19531,0.0009979999999991662
30224000,6090,-15737,129806,18046,-6543,130552,110,19229,451,0,19532,0.0010000000000012221
30225001,870,4441,132140,-10960,3555,125947,133,19229,451,1,19533,0.0010009999999986974
30226001,1785,5607,131129,-5884,3342,129820,115,19222,545,1,19534,0.0010000000000012221
30227000,48,17544,129120,13439,12293,130948,115,19228,471,1,19535,0.0009990000000001942
30228000,5298,-12519,127100,-4317,-15867,125083,101,19226,414,0,19536,0.0009999999999976694
30229000,11212,-5529,128467,2585,-12060,127762,158,19232,647,0,19537,0.0010000000000012221
30230000,8041,-5037,130524,15302,-14279,139132,107,19232,438,0,19538,0.0009999999999976694
30231001,5163,-5258,132451,-8750,11801,117599,109,19232,438,0,19539,0.00100100000000225
30232000,1092,17912,133723,-14770,7041,133551,132,19223,446,1,19540,0.0009990000000001942
30233002,-7310,2068,128824,8341,-2562,126374,132,19230,541,1,19541,0.0010019999999997253
30234000,-8262,1056,128255,-12466,-11083,134828,104,19234,426,1,19542,0.0009979999999991662
30235000,1580,-12621,128685,-12360,-3065,132959,106,19220,434,0,19543,0.0010000000000012221
30236000,-436,961,130071,217,6631,117419,88,19230,360,0,19544,0.0009999999999976694
30237000,-309,909,130226,-11850,-2352,136278,112,19230,360,0,19545,0.0010000000000012221
30238000,-8189,594,130987,-12744,-3997,130253,133,19228,459,1,19546,0.0010000000000012221
30239000,-7685,265,129121,-11059,4914,130535,133,19223,545,1,19547,0.0009999999999976694
30240000,-11375,7552,130087,-9385,20475,118239,114,19229,467,1,19548,0.0010000000000012221
30241000,-2912,13228,128573,-12108,2425,129887,100,19226,410,1,19549,0.0010000000000012221
30242000,-2547,-8615,124396,-339,-20665,134590,141,19223,577,0,19550,0.0009999999999976694
30243000,-5895,-4899,127735,-3651,246,121292,105,19223,430,0,19551,0.0010000000000012221
30244000,-1338,9553,128556,-12086,4870,122867,107,19231,430,0,19552,0.0010000000000012221
30245000,-2928,7119,128499,-3417,4331,127841,136,19224,438,1,19553,0.0009999999999976694
30246002,-6740,7635,127722,-9462,-1241,128478,136,19230,557,1,19554,0.0010019999999997253
30247000,-6348,3848,127446,-9711,3947,127211,114,19231,467,1,19555,0.000998000000002719
30248000,-2758,11122,125975,-1746,3487,120624,105,19224,430,0,19556,0.0009999999999976694
30249000,2449,1065,124573,-2230,-5731,128595,96,19224,393,0,19557,0.0010000000000012221
30250000,3968,-3826,123785,927,-3163,126986,113,19226,393,0,19558,0.0010000000000012221
30251000,-668,3969,125929,-5898,-4904,122929,125,19228,463,0,19559,0.0009999999999976694
30252002,-1929,14907,127659,-3706,21105,117715,125,19218,512,1,19560,0.0010019999999997253
30253000,-586,13588,124978,-1752,7052,125115,113,19231,463,1,19561,0.000998000000002719
30254000,4833,338,125098,1883,-3056,128016,97,19230,397,1,19562,0.0009999999999976694
30255000,7857,1657,124491,4428,-2071,121200,127,19230,520,0,19563,0.0010000000000012221
30256000,7749,-3851,124730,7270,-1681,124153,108,19233,520,0,19564,0.0010000000000012221
30257000,7695,2338,126812,5880,-4348,126947,114,19228,442,0,19565,0.0009999999999976694
30258000,3437,-4026,125821,6285,-12316,131005,114,19226,467,1,19566,0.0010000000000012221
30259000,-478,4256,127924,1495,7568,122803,149,19228,610,1,19567,0.0010000000000012221
30260000,3629,14657,128946,-2274,6362,119925,112,19230,459,1,19568,0.0009999999999976694
30261000,9194,9073,126603,12809,396,126262,99,19227,405,1,19569,0.0010000000000012221
30262000,9983,1953,125221,5428,-6450,125726,129,19227,405,0,19570,0.0009999999999976694
30263005,9878,-7344,128344,6521,-16449,130701,112,19229,528,0,19571,0.0010050000000028092
30264000,5102,-2982,127775,8997,-21,126597,112,19231,459,0,19572,0.000994999999999635
30265002,6282,-25,131101,-4413,-2896,132514,114,19222,467,1,19573,0.0010019999999997253
30266000,-503,7107,130152,1056,10206,126956,108,19228,442,1,19574,0.0009979999999991662
30267001,2099,11838,128263,2510,4652,123455,105,19232,430,1,19575,0.0010009999999986974
30268000,6452,-6468,125550,270,-10408,131966,125,19232,430,0,19576,0.0009990000000001942
30269000,7224,-3710,129105,4819,-13741,125964,93,19220,512,0,19577,0.0010000000000012221
30270000,8498,-2174,129044,11431,-2490,132981,93,19230,381,0,19578,0.0010000000000012221
30271000,-1697,-2274,130183,-9285,-1320,127547,101,19230,414,0,19579,0.0009999999999976694
30272000,939,7237,132938,-17484,5346,127580,138,19223,565,1,19580,0.0010000000000012221
30273000,-6624,3609,131425,8361,-3116,134843,113,19229,463,1,19581,0.0010000000000012221
30274000,-3767,-113,129924,-4495,-1954,129447,97,19229,463,1,19582,0.0009999999999976694
30275000,25,-10445,129869,-19881,-14490,131282,136,19226,397,0,19583,0.0010000000000012221
30276000,-175,5040,130533,5954,1944,119898,136,19230,557,0,19584,0.0010000000000012221
30277000,108,4467,128768,4825,-1274,137126,107,19231,438,0,19585,0.0009999999999976694
30278000,-9728,-2708,131409,-23688,-439,125184,113,19222,463,1,19586,0.0010000000000012221
30279000,-7214,5640,130567,-12156,3731,130866,120,19226,491,1,19587,0.0010000000000012221
30280000,-8483,6557,129297,-3958,3138,126038,108,19226,491,1,19588,0.0009999999999976694
30281001,-3423,13011,131462,-8742,4335,118917,115,19232,442,1,19589,0.00100100000000225
30282000,-5061,-2711,126054,-10039,-17633,138520,115,19217,471,0,19590,0.0009990000000001942
30283000,-1673,-9955,126047,-2370,1359,122594,103,19232,422,0,19591,0.0009999999999976694
30284000,-2170,10489,129375,-11022,2726,127631,103,19230,422,0,19592,0.0010000000000012221
30285000,-5263,5032,127446,-10102,7313,119651,133,19226,545,1,19593,0.0010000000000012221
30286000,-7359,14262,128224,-9378,5870,127514,118,19226,483,1,19594,0.0009999999999976694
30287000,-4973,-1669,126650,-9887,-4683,141429,101,19232,483,1,19595,0.0010000000000012221
30288000,428,1672,123716,2975,10017,106101,101,19225,414,0,19596,0.0010000000000012221
30289000,-2855,12864,127047,-8666,-1226,128587,127,19228,520,0,19597,0.0009999999999976694
30290000,2554,5226,126006,1651,-9587,127970,105,19229,430,0,19598,0.0010000000000012221
30291000,427,-4443,126418,-1467,-8656,135865,110,19224,451,0,19599,0.0010000000000012221
30292000,-2498,-5487,126018,-5705,9707,125130,141,19224,577,1,19600,0.0009999999999976694
30293000,-2347,26794,128027,-1216,24383,106599,106,19223,577,1,19601,0.0010000000000012221
30294000,5349,11402,125125,1343,-8855,139328,102,19229,434,1,19602,0.0009999999999976694
30295000,9039,-9777,121676,9284,-7632,121058,102,19228,418,0,19603,0.0010000000000012221
30296000,8686,4239,123395,2772,-788,124724,99,19226,405,0,19604,0.0010000000000012221
30297000,4889,-939,123863,6011,2728,122182,118,19230,483,0,19605,0.0009999999999976694
30298002,6104,3067,127286,2611,-5785,128390,135,19230,553,1,19606,0.001002000000003278
30299001,4499,-933,126989,-2026,6681,133215,118,19226,553,1,19607,0.0009989999999966415
30300002,4337,13980,126520,8423,10670,116897,99,19228,483,1,19608,0.00100100000000225
30301002,7525,1188,126170,10913,-5529,130764,99,19228,405,0,19609,0.0009999999999976694
30302002,11350,673,126872,-1861,-7361,125712,137,19231,561,0,19610,0.0010000000000012221
30303000,10811,-14060,125664,9329,-21055,138356,103,19231,422,0,19611,0.0009979999999991662
30304000,3921,1516,130800,4836,4247,120637,103,19231,422,0,19612,0.0010000000000012221
30305001,1947,18298,130192,-9653,9813,121803,130,19228,422,1,19613,0.0010009999999986974
30306000,698,3200,129499,5050,-1009,137837,113,19228,532,1,19614,0.0009990000000001942
30307001,1908,4967,130176,2365,-1975,122345,113,19227,463,1,19615,0.00100100000000225
30308000,8092,822,126960,-2690,-7448,129326,105,19221,430,0,19616,0.0009990000000001942
30309000,9191,-4877,130288,12943,-3954,123810,124,19236,508,0,19617,0.0009999999999976694
30310000,6559,-2083,129585,5798,-10569,132271,105,19228,430,0,19618,0.0010000000000012221
30311000,2661,-7950,130332,-16169,-5748,133142,119,19228,430,1,19619,0.0010000000000012221
30312000,-4108,17856,133551,-6771,15509,117905,113,19222,487,1,19620,0.0009999999999976694
30313008,-4811,-2743,130902,4667,-3066,140024,113,19225,463,1,19621,0.0010080000000023404
30314005,-3292,27,129189,-11357,-7313,128445,102,19231,418,1,19622,0.0009969999999981383
30315000,3754,-13212,126104,-11239,-12092,140116,130,19227,532,0,19623,0.000994999999999635
30316000,889,7235,129704,7924,8905,114116,103,19228,422,0,19624,0.0010000000000012221
30317000,161,7911,130141,-7365,2493,127042,111,19228,422,0,19625,0.0010000000000012221
30318000,-6840,-1292,131137,-19294,-4993,137634,147,19224,455,1,19626,0.0009999999999976694
30319000,-10376,-2938,130491,-6225,-3485,131843,147,19228,602,1,19627,0.0010000000000012221
30320000,-10213,7922,130257,-10226,8909,122985,117,19226,479,1,19628,0.0010000000000012221
30321000,-4883,10447,130883,-12762,3353,127541,104,19223,426,0,19629,0.0009999999999976694
30322000,-3008,-11966,126197,-5735,-15971,133676,147,19229,602,0,19630,0.0010000000000012221
30323000,-1246,-995,128020,-2272,-7741,118281,111,19229,602,0,19631,0.0010000000000012221
30324000,-4569,4733,123954,-13332,2377,124970,120,19227,455,0,19632,0.0009999999999976694
30325000,-6364,12471,130915,-10449,10700,125097,120,19224,491,1,19633,0.0010000000000012221
30326000,-6410,2842,126063,-1482,-4401,128669,113,19227,463,1,19634,0.0009999999999976694
30327000,-5551,-717,126797,-10426,-2140,129798,112,19227,459,1,19635,0.0010000000000012221
30328000,-961,3692,124803,-5799,1894,119134,125,19227,512,0,19636,0.0010000000000012221
30329000,2006,5659,125650,2347,4220,124274,99,19227,512,0,19637,0.0009999999999976694
30330000,3262,1766,124100,-8242,-4164,126999,107,19230,405,0,19638,0.0010000000000012221
30331000,-2098,-2679,125280,-2437,9862,125996,107,19226,438,1,19639,0.0010000000000012221
30332000,-1513,6923,125870,-3537,12296,123465,142,19222,582,1,19640,0.0009999999999976694
30333000,-3475,11371,126733,2767,4712,124351,113,19234,463,1,19641,0.0010000000000012221
30334000,2094,3385,124455,10357,5917,123064,97,19227,397,0,19642,0.0010000000000012221
30335002,7350,4719,123879,-247,-1942,120408,108,19227,442,0,19643,0.0010019999999997253
30336000,12331,-84,124457,13235,-8719,131130,113,19231,442,0,19644,0.0009979999999991662
30337000,8357,-5277,127603,9714,-5808,125801,118,19225,463,0,19645,0.0010000000000012221
30338000,2361,259,126175,-1330,1052,126463,118,19220,483,1,19646,0.0009999999999976694
30339000,2663,7976,129424,-3302,5580,127295,121,19226,496,1,19647,0.0010000000000012221
30340000,3135,1469,124899,8925,7184,126046,105,19232,430,1,19648,0.0010000000000012221
30341003,10236,892,125078,7048,8246,126950,115,19232,471,0,19649,0.0010029999999972006
30342000,9382,2070,125673,2976,-7422,124398,93,19223,471,0,19650,0.000997000000001691
30343000,8946,-11313,123871,17146,-14188,132618,104,19232,381,0,19651,0.0010000000000012221
30344001,6423,-5156,129901,-3004,-2548,129298,104,19228,426,1,19652,0.0010009999999986974
30345003,1653,5007,129963,-3749,1040,127067,127,19226,520,1,19653,0.0010019999999997253
30346000,2949,18781,130642,7658,19489,121149,113,19228,463,1,19654,0.000997000000001691
30347000,-2119,7178,129932,-3666,-6435,128750,99,19228,405,1,19655,0.0009999999999976694
30348000,9734,-16417,128458,503,-20172,136401,158,19228,405,0,19656,0.0010000000000012221
30349002,8185,-7559,129742,19874,-5535,127334,108,19231,647,0,19657,0.0010019999999997253
30350000,3826,-5722,130385,5478,-806,129670,108,19230,442,0,19658,0.0009979999999991662
30351000,2106,3402,130822,-25046,3778,128155,108,19223,442,1,19659,0.0010000000000012221
30352000,-8003,8199,132049,5571,1604,131612,131,19228,537,1,19660,0.0010000000000012221
30353000,-6131,2139,129111,2341,394,127253,106,19233,434,1,19661,0.0009999999999976694
30354000,-5438,2272,131076,-21587,-8988,128778,106,19233,434,0,19662,0.0010000000000012221
30355000,567,-10369,128341,-3502,-12035,134842,96,19222,434,0,19663,0.0009999999999976694
30356001,6245,6480,130672,4267,-700,124633,96,19228,393,0,19664,0.00100100000000225
30357000,-5093,73,128403,-12486,-6708,132043,117,19227,479,0,19665,0.0009990000000001942
30358000,-6299,11876,130857,-19303,13382,121637,132,19222,541,1,19666,0.0009999999999976694
30359000,-9350,33,129739,-6562,-4530,133708,114,19230,467,1,19667,0.0010000000000012221
30360000,-7130,8308,131211,-5860,10035,123736,102,19230,467,1,19668,0.0010000000000012221
30361003,-5425,12073,129379,-12836,3447,120655,145,19227,418,0,19669,0.0010030000000007533
30362000,-5156,-5815,125016,-8450,-10622,128824,145,19222,594,0,19670,0.0009969999999981383
30363001,-119,-1005,127783,-5370,-5740,129006,115,19230,471,0,19671,0.0010009999999986974
30364001,-3270,-2563,126928,-5194,-2003,128133,109,19224,446,1,19672,0.0010000000000012221
30365000,-5217,20654,130636,-8749,16149,116799,137,19227,561,1,19673,0.0009990000000001942
30366000,-7831,6818,127180,-17713,-568,129198,112,19227,561,1,19674,0.0010000000000012221
30367000,-2313,2829,126163,-942,-188,128443,110,19223,459,1,19675,0.0009999999999976694
30368000,400,6972,127107,3245,-4305,127191,110,19223,451,0,19676,0.0010000000000012221
30369000,-1165,-8433,123313,-5202,-9932,120568,91,19235,373,0,19677,0.0010000000000012221
30370000,694,15743,129195,-7431,11155,124583,106,19227,434,0,19678,0.0009999999999976694
30371000,-260,7858,125037,1729,6203,124132,121,19219,496,1,19679,0.0010000000000012221
30372000,-3083,10045,125501,-2123,6425,125460,110,19219,496,1,19680,0.0010000000000012221
30373001,-2254,7311,123951,-7809,5400,120525,98,19229,451,1,19681,0.0010009999999986974
30374000,7784,14198,124769,4074,5116,121705,98,19233,401,0,19682,0.0009990000000001942
30375000,10736,-2547,124175,10237,-13204,128230,128,19229,524,0,19683,0.0010000000000012221
30376000,10381,-9469,124674,3087,-7916,129999,106,19228,434,0,19684,0.0009999999999976694
30377000,6193,-198,126597,11319,-7177,125050,108,19227,442,0,19685,0.0010000000000012221
30378000,582,8382,126587,-6595,13656,120049,138,19227,442,1,19686,0.0010000000000012221
30379000,4202,17366,130618,1535,3984,127170,112,19228,565,1,19687,0.0009999999999976694
30380000,6233,1448,124937,12138,-1248,125299,112,19231,459,1,19688,0.0010000000000012221
30381000,11991,-3312,125735,-2144,-2403,124731,101,19227,414,0,19689,0.0010000000000012221
30382000,8439,2166,128889,13557,-9295,128872,117,19230,479,0,19690,0.0009999999999976694
30383000,8478,-9367,126713,12286,-15035,135513,104,19229,426,0,19691,0.0010000000000012221
30384000,2619,-2603,131541,-14171,-1698,129106,115,19229,471,1,19692,0.0010000000000012221
30385000,-355,8291,131232,2296,10809,122975,108,19223,471,1,19693,0.0009999999999976694
30386002,-662,16978,131106,9589,9530,125897,100,19229,442,1,19694,0.0010019999999997253
30387000,5387,-490,127216,-6582,-11449,131058,100,19230,410,1,19695,0.0009979999999991662
30388000,12102,-10380,127034,8260,-10473,127599,124,19225,508,0,19696,0.0010000000000012221
30389000,9206,271,130030,14917,-1061,125491,98,19231,401,0,19697,0.0010000000000012221
30390000,4295,-6977,127379,-12275,-10774,132887,105,19231,430,0,19698,0.0009999999999976694
30391000,609,2222,133651,-11367,1969,129599,141,19226,430,1,19699,0.0010000000000012221
30392001,-6335,3358,130937,5799,1868,130690,110,19224,577,1,19700,0.0010009999999986974
30393002,-8658,8492,129798,-13074,10154,127878,110,19232,451,1,19701,0.00100100000000225
30394000,3377,-5561,129079,-9157,-9910,129210,95,19229,389,0,19702,0.0009979999999991662
30395000,-756,-10670,127737,8252,-12568,134512,131,19231,537,0,19703,0.0010000000000012221
30396000,2512,3798,128332,-12630,4711,122449,118,19227,483,0,19704,0.0009999999999976694
30397000,-6421,5292,133248,-16150,-1422,131144,121,19227,483,0,19705,0.0010000000000012221
30398000,-7499,3010,130196,-3357,6176,129257,119,19221,496,1,19706,0.0010000000000012221
30399000,-8569,11315,131710,-15983,1718,129865,119,19229,487,1,19707,0.0009999999999976694
30400001,-7088,1639,128647,-9911,5434,125065,106,19230,434,1,19708,0.00100100000000225
30401000,-837,8059,129720,-3973,-1376,125979,114,19216,467,0,19709,0.0009990000000001942
30402000,-2848,-4884,125739,-5287,-7369,132238,105,19232,430,0,19710,0.0009999999999976694
30403000,-1908,1783,128435,-4934,-1929,124229,108,19232,430,0,19711,0.0010000000000012221
30404000,-5628,-5612,125379,-16495,3037,123416,135,19229,442,1,19712,0.0010000000000012221
30405000,-4261,18702,132162,-10553,12513,124652,135,19227,553,1,19713,0.0009999999999976694
30406001,-7278,1169,124033,-2569,48,129393,118,19233,483,1,19714,0.00100100000000225
30407001,-3495,5019,127374,-11029,5996,123534,103,19224,422,0,19715,0.0009999999999976694
30408000,338,-590,124307,-1469,-8239,126327,131,19235,537,0,19716,0.0009990000000001942
30409000,3975,400,124432,1691,-4421,129256,106,19235,537,0,19717,0.0010000000000012221
30410000,3590,864,125879,-5004,-3599,126694,107,19228,434,0,19718,0.0010000000000012221
30411000,-2384,4352,125847,-1525,6209,120925,107,19228,438,1,19719,0.0009999999999976694
30412000,-2160,16973,128288,-5672,10967,125989,140,19228,573,1,19720,0.0010000000000012221
30413000,-596,3379,123068,-627,5946,126693,105,19233,430,1,19721,0.0010000000000012221
30414000,6525,7861,123529,5841,4031,123792,106,19226,434,0,19722,0.0009999999999976694
30415000,8371,-728,122381,3846,-5967,122491,89,19226,434,0,19723,0.0010000000000012221
30416000,10198,1102,125922,11205,-2060,134237,110,19230,365,0,19724,0.0010000000000012221
30417003,6302,-8219,128162,4259,-14509,126293,110,19227,451,1,19725,0.0010029999999972006
30418000,3312,6148,127543,-1851,13214,118023,131,19222,537,1,19726,0.000997000000001691
30419000,2866,16494,130233,2646,3210,127609,115,19229,471,1,19727,0.0009999999999976694
30420001,7191,1200,124787,9728,-4903,126125,100,19229,410,1,19728,0.00100100000000225
30421002,11107,-3027,125048,828,-8731,129410,142,19229,410,0,19729,0.0010009999999986974
30422000,8649,4351,127777,7797,-8980,118877,105,19231,582,0,19730,0.0009979999999991662
30423000,10045,-5224,125112,5206,-8418,133049,105,19230,430,0,19731,0.0010000000000012221
30424000,5075,-3832,130200,-7204,2873,128767,106,19227,434,1,19732,0.0010000000000012221
30425000,1379,9136,130679,5783,7795,126782,133,19226,545,1,19733,0.0009999999999976694
30426000,1014,7610,130485,2326,2592,124573,113,19229,463,1,19734,0.0010000000000012221
30427002,3366,4804,128794,-7468,-2880,126495,110,19229,451,0,19735,0.0010019999999997253
30428000,9330,-16697,126609,12404,-13718,137594,115,19220,451,0,19736,0.0009979999999991662
30429000,9712,-7156,130554,16627,-2946,123175,107,19230,471,0,19737,0.0010000000000012221
30430000,2285,-2267,129998,-16106,-10566,134149,107,19230,438,0,19738,0.0010000000000012221
30431000,-2760,11291,131867,-12278,10462,120426,122,19221,500,1,19739,0.0009999999999976694
30432000,-4855,9704,131561,4525,3311,133348,114,19230,467,1,19740,0.0010000000000012221
30433002,-5355,-1578,130429,-5153,-4797,129472,101,19230,414,1,19741,0.0010019999999997253
30434000,-4111,-4496,127713,-19943,-10787,127258,131,19232,414,0,19742,0.0009979999999991662
30435000,1940,-5265,130270,4028,-6564,133463,100,19229,537,0,19743,0.0010000000000012221
30436000,814,3763,131970,4832,3834,123603,100,19230,410,0,19744,0.0010000000000012221
30437000,-6220,5362,131737,-22275,-1157,133788,109,19225,446,1,19745,0.0009999999999976694
30438000,-11432,-3328,131968,-15767,5492,127276,147,19238,602,1,19746,0.0010000000000012221
30439003,-7849,5178,130673,-7816,-2472,131420,116,19238,475,1,19747,0.0010030000000007533
30440000,-3731,16285,128692,2702,17838,121136,102,19227,475,1,19748,0.0009969999999981383
30441000,-5326,-920,126677,-17213,-8576,128900,141,19225,418,0,19749,0.0010000000000012221
30442000,-1750,-15001,125687,-2716,-11444,135200,141,19231,577,0,19750,0.0010000000000012221
30443000,-3179,10227,127933,3167,7343,117999,105,19228,430,0,19751,0.0009999999999976694
30444000,-4271,6322,127726,-12210,6131,128379,118,19220,483,1,19752,0.0010000000000012221
30445000,-8995,9709,129349,-13776,3980,125214,113,19228,463,1,19753,0.0010000000000012221
30446000,-6320,459,125919,-8294,-773,132294,104,19228,463,1,19754,0.0009999999999976694
30447000,1246,7386,126882,3063,7675,119050,126,19230,426,0,19755,0.0010000000000012221
30448000,-124,4033,125570,-4155,-4683,124785,126,19229,516,0,19756,0.0010000000000012221
30449000,2057,-11220,124204,-3194,-13867,129511,100,19230,410,0,19757,0.0009999999999976694
30450000,-1834,6756,125867,-5330,1231,125197,109,19227,446,0,19758,0.0010000000000012221
30451000,-1412,10043,126390,-1389,6479,124179,150,19224,614,1,19759,0.0009999999999976694
30452000,-6086,24996,125766,2337,22905,112610,114,19224,614,1,19760,0.0010000000000012221
30453000,2664,-831,124006,-10218,-5678,132165,98,19228,467,1,19761,0.0010000000000012221
30454000,11788,218,124799,12542,-389,123465,98,19226,401,0,19762,0.0009999999999976694
30455003,9051,4027,124926,17255,-4714,121178,110,19230,451,0,19763,0.0010030000000007533
30456000,7567,-2580,125093,-124,-8688,124525,118,19229,483,0,19764,0.000997000000001691
30457000,1938,-4882,126966,-1936,-5953,133554,119,19221,487,1,19765,0.0009999999999976694
30458000,4283,-4198,126241,3640,187,126045,114,19221,487,1,19766,0.0010000000000012221
30459000,2070,21585,128459,5207,16444,116298,106,19231,467,1,19767,0.0010000000000012221
30460000,5852,8101,125251,1419,-420,125430,106,19231,434,1,19768,0.0009999999999976694
30461000,11965,-225,125441,3671,-7475,131929,120,19222,491,0,19769,0.0010000000000012221
30462000,11110,-10470,127270,20210,-16024,132511,93,19228,381,0,19770,0.0010000000000012221
30463001,7204,-13292,127545,4676,-15768,121388,102,19229,418,0,19771,0.0010009999999986974
30464000,1253,20140,131617,-11193,15158,127577,130,19229,418,1,19772,0.0009990000000001942
30465000,154,10917,130315,1956,-4653,136140,113,19228,532,1,19773,0.0010000000000012221
30466000,-1287,-2523,127997,8618,1892,124778,113,19228,463,1,19774,0.0009999999999976694
30467000,6041,-2128,127222,-6546,-5905,126430,104,19225,426,0,19775,0.0010000000000012221
30468000,11600,-8231,127392,6666,-5609,129478,157,19231,643,0,19776,0.0010000000000012221
30469000,7139,-5377,127420,22065,-8955,132001,106,19231,434,0,19777,0.0009999999999976694
30470000,4194,-4661,131298,-26008,4701,128301,107,19231,438,0,19778,0.0010000000000012221
30471000,-3483,14564,134532,7804,6441,123286,136,19223,438,1,19779,0.0010000000000012221
30472000,-9310,6481,132660,310,-4887,133401,136,19229,557,1,19780,0.0009999999999976694
30473000,-6899,-2511,130380,-25427,-14368,132212,107,19233,438,1,19781,0.0010000000000012221
30474000,243,-11322,128939,2763,-6373,131924,111,19220,455,0,19782,0.0010000000000012221
30475000,1983,-1029,132491,1342,13645,121356,87,19232,356,0,19783,0.0009999999999976694
30476001,-1260,8675,129485,-9772,-3676,127790,105,19232,430,0,19784,0.00100100000000225
30477000,-8280,589,130742,-15803,-5467,135437,132,19227,430,1,19785,0.0009990000000001942
30478000,-8096,-888,129698,-11388,309,130819,117,19224,541,1,19786,0.0009999999999976694
30479000,-10346,12372,131045,-4340,16520,118592,117,19229,479,1,19787,0.0010000000000012221
30480000,-3277,11845,130845,-14094,913,129229,101,19224,414,1,19788,0.0009999999999976694
30481000,-1078,-9182,125489,-5793,-13857,131848,148,19226,606,0,19789,0.0010000000000012221
30482000,-3036,-3905,126632,-4179,-9308,129591,102,19226,418,0,19790,0.0010000000000012221
30483000,170,5786,125959,-10305,12979,117370,106,19239,418,0,19791,0.0009999999999976694
30484000,-6932,18612,130245,-3940,8725,125035,136,19221,434,1,19792,0.0010000000000012221
30485000,-7020,6260,128192,-11510,-6104,131331,136,19223,557,1,19793,0.0010000000000012221
30486000,-6586,-1122,125617,-8250,362,126813,113,19230,463,1,19794,0.0009999999999976694
30487007,-756,8044,127528,-2918,10256,120319,108,19221,442,0,19795,0.0010070000000013124
30488000,1922,5720,123717,2119,257,119377,86,19228,352,0,19796,0.0009930000000011319
30489000,1169,-6689,122899,-4881,-13809,136054,110,19228,352,0,19797,0.0009999999999976694
30490000,1744,3226,127154,-6346,6076,120838,124,19227,451,0,19798,0.0010000000000012221
30491000,-2240,16216,126524,-1718,14275,119730,124,19219,508,1,19799,0.0010000000000012221
30492000,-1394,9307,128151,-3678,3433,127180,112,19231,459,1,19800,0.0009999999999976694
30493000,3615,2382,123917,2049,-4795,124793,98,19232,401,1,19801,0.0010000000000012221
30494000,8089,2986,124147,5686,-6174,124859,130,19236,532,0,19802,0.0010000000000012221
30495001,9327,7517,124132,8506,2148,118266,109,19236,532,0,19803,0.0010009999999986974
30496000,6528,-788,127408,5499,-7435,130300,113,19225,446,0,19804,0.0009990000000001942
30497000,4456,-3171,124435,-119,-686,125853,113,19226,463,1,19805,0.0010000000000012221
30498000,2180,8151,129394,-128,3670,124396,139,19229,569,1,19806,0.0009999999999976694
30499000,3289,12262,127486,6072,12514,126458,108,19233,442,1,19807,0.0010000000000012221
30500000,13119,4341,123794,8524,501,119903,98,19224,401,0,19808,0.0010000000000012221
30501000,10591,-5378,126773,2933,-6703,131477,118,19224,401,0,19809,0.0009999999999976694
30502000,12067,-11907,127309,7837,-21084,134787,107,19229,483,0,19810,0.0010000000000012221
30503000,4943,-1665,127792,5333,-8412,126569,107,19230,438,0,19811,0.0010000000000012221
30504000,1544,16589,132974,-5012,12495,127535,114,19222,467,1,19812,0.0009999999999976694
30505000,507,7787,128765,-1881,6136,118589,109,19232,446,1,19813,0.0010000000000012221
30506000,3666,5223,130948,7505,-3412,132644,101,19233,414,1,19814,0.0010000000000012221
30507000,6331,-1740,126270,-605,-5904,128016,129,19233,414,0,19815,0.0009999999999976694
30508001,9139,-6865,128037,2307,-7808,126570,114,19223,528,0,19816,0.00100100000000225
30509000,4941,907,131685,13893,-1500,135722,114,19229,467,0,19817,0.0009990000000001942
30510001,-93,-9929,130039,-12069,-13231,134664,113,19224,463,1,19818,0.0010009999999986974
30511000,-938,6782,135769,-15039,2194,124027,143,19228,586,1,19819,0.0009990000000001942
30512001,-7669,8005,131997,3625,1111,123496,108,19231,442,1,19820,0.0010009999999986974
30513000,-3530,3392,129401,-7863,-4591,129622,99,19231,405,1,19821,0.0009990000000001942
30514000,1329,-7860,129530,-15150,-13724,133394,130,19229,405,0,19822,0.0010000000000012221
30515000,1425,-5344,127384,6873,-1603,128232,130,19231,532,0,19823,0.0009999999999976694
30516000,-921,8630,131331,-933,2863,124608,111,19230,455,0,19824,0.0010000000000012221
30517000,-6542,7382,132177,-17170,-1773,132468,117,19224,479,1,19825,0.0010000000000012221
30518000,-7328,3321,130763,-6044,3822,131935,115,19228,471,1,19826,0.0009999999999976694
30519000,-9789,3498,128576,-8465,4494,126796,103,19228,422,1,19827,0.0010000000000012221
30520006,-1790,10410,129693,-8918,3678,121752,120,19231,422,1,19828,0.0010060000000002844
30521000,-4005,-5442,125122,-10655,-8037,128623,92,19217,491,0,19829,0.0009939999999986071
30522000,-1581,-8853,125807,-4310,-5360,138093,92,19237,377,0,19830,0.0010000000000012221
30523000,-172,2058,127574,-10031,8712,113285,103,19229,422,0,19831,0.0010000000000012221
30524002,-5871,17285,128835,-9354,6914,128179,137,19225,561,1,19832,0.0010019999999997253
30525000,-9256,8630,127129,-10040,1490,124122,116,19225,475,1,19833,0.0009979999999991662
30526000,-6597,7710,125668,-13319,5322,123893,102,19230,475,1,19834,0.0010000000000012221
30527000,3901,3533,126152,5984,-1479,127917,122,19226,418,0,19835,0.0009999999999976694
30528001,-220,1140,123611,369,-1699,116895,122,19233,500,0,19836,0.00100100000000225
30529001,3618,-4568,124131,-10848,-6990,134803,111,19230,455,0,19837,0.0009999999999976694
30530002,-933,756,127517,1898,16359,121994,115,19222,471,1,19838,0.00100100000000225
30531000,-872,10988,124968,-3916,8257,126225,139,19222,569,1,19839,0.0009979999999991662
30532000,-2069,8084,126254,-1729,9776,121963,106,19229,569,1,19840,0.0010000000000012221
30533000,1352,9364,123854,-1606,-349,120518,107,19235,434,0,19841,0.0009999999999976694
30534000,10630,1880,125053,14906,-4959,131708,107,19227,438,0,19842,0.0010000000000012221
30535000,7213,-3186,122722,9099,-4353,119330,102,19226,418,0,19843,0.0010000000000012221
30536000,6287,-5440,127890,-5399,-12618,135861,118,19228,483,0,19844,0.0009999999999976694
30537000,2540,6387,127385,8514,7810,119319,136,19223,557,1,19845,0.0010000000000012221
30538000,979,11991,129858,3633,7656,128205,116,19223,557,1,19846,0.0010000000000012221
30539000,2766,-1414,125064,2348,6002,129985,99,19229,475,1,19847,0.0009999999999976694
30540000,6573,5318,125294,3819,-99,119765,99,19227,405,0,19848,0.0010000000000012221
30541002,14931,-3122,125490,13637,-5263,131456,146,19232,598,0,19849,0.0010019999999997253
30542000,7734,-4018,127305,13471,-13295,126556,104,19230,426,0,19850,0.0009979999999991662
30543000,6015,-8941,127976,-9398,-4466,132756,104,19225,426,0,19851,0.0010000000000012221
30544000,2302,11993,132136,1415,9230,127399,130,19225,426,1,19852,0.0009999999999976694
30545000,-191,11972,128027,3496,1799,125706,110,19228,532,1,19853,0.0010000000000012221
30546004,5771,13661,128923,2693,9967,121483,110,19230,451,1,19854,0.0010040000000017812
30547002,6279,-10968,127340,-7138,-14607,136340,106,19218,434,0,19855,0.0009979999999991662
30548000,12641,-15997,128905,27741,-10263,132275,117,19228,479,0,19856,0.0009979999999991662
30549000,2294,6854,129830,4891,-2330,126822,109,19231,446,0,19857,0.0010000000000012221
30550000,-456,4821,134308,-24775,1480,124897,122,19231,446,1,19858,0.0009999999999976694
30551001,-3418,9186,134427,-727,1816,132402,114,19220,500,1,19859,0.00100100000000225
30552000,-6870,-7307,130079,4981,-7823,135083,114,19223,467,1,19860,0.0009990000000001942
30553001,-2075,-2920,129459,-18023,-6614,126248,100,19230,410,1,19861,0.0010009999999986974
30554000,-3607,-330,130733,-5285,-6598,129024,134,19228,549,0,19862,0.0009990000000001942
30555000,6082,-520,127653,4674,-4389,130257,104,19230,426,0,19863,0.0010000000000012221
30556000,-4898,1181,131896,-9738,-1097,125292,109,19230,426,0,19864,0.0009999999999976694
30557000,-8594,-2472,130735,-18797,-9638,128388,146,19225,446,1,19865,0.0010000000000012221
30558000,-6837,16163,130600,-5140,12436,127082,146,19230,598,1,19866,0.0010000000000012221
30559000,-11118,3275,128380,-9155,-6374,135344,114,19230,467,1,19867,0.0009999999999976694
30560000,828,50,128335,-6451,1954,123708,105,19224,430,0,19868,0.0010000000000012221
30561000,-5628,1689,125844,-4995,-6116,128960,145,19229,594,0,19869,0.0010000000000012221
30562000,-1114,1168,127356,-7795,3218,125533,103,19229,422,0,19870,0.0009999999999976694
30563000,-4464,6452,127903,-9223,4141,127928,111,19232,422,1,19871,0.0010000000000012221
30564000,-6826,6952,128060,-7329,5802,123950,111,19221,455,1,19872,0.0010000000000012221
30565000,-5647,6891,126833,-10091,6390,126091,111,19232,455,1,19873,0.0009999999999976694
30566000,-4930,3338,127505,-4338,-2683,125932,109,19232,446,1,19874,0.0010000000000012221
30567000,2219,6111,125429,1994,-1334,126083,129,19230,528,0,19875,0.0010000000000012221
30568002,123,-3535,124667,-7653,-9170,127026,102,19230,418,0,19876,0.0010019999999997253
30569003,886,-3378,126645,-1609,14520,116129,106,19227,418,0,19877,0.0010009999999986974
30570000,-1002,16925,126638,-4071,-906,129929,146,19230,434,1,19878,0.000997000000001691
30571000,-2817,2797,124485,-1328,1336,128098,146,19224,598,1,19879,0.0009999999999976694
30572000,-2740,13324,126130,-445,9003,121860,114,19229,467,1,19880,0.0010000000000012221
30573003,5600,10511,123933,5438,3340,118680,100,19224,410,0,19881,0.0010030000000007533
30574000,11997,4377,124129,12777,3887,127063,110,19224,451,0,19882,0.0009969999999981383
30575000,10638,-13765,124569,2237,-22369,133357,116,19228,451,0,19883,0.0010000000000012221
30576000,5597,-8898,124019,3645,-1198,124041,118,19228,475,0,19884,0.0009999999999976694
30577000,2447,12158,130306,3521,10823,124158,118,19218,483,1,19885,0.0010000000000012221
30578000,1278,9217,127489,1924,7069,121458,117,19231,479,1,19886,0.0010000000000012221
30579000,6045,3844,126964,5346,-4078,132893,105,19232,430,1,19887,0.0009999999999976694
30580000,8938,-3390,125679,2103,-4374,123925,117,19225,479,0,19888,0.0010000000000012221
30581000,10355,7386,126246,12691,8633,118036,93,19225,479,0,19889,0.0010000000000012221
30582000,9581,-6477,127460,10876,-12000,132128,102,19230,381,0,19890,0.0009999999999976694
30583000,4055,-11696,127889,-7158,-11972,136810,102,19229,418,1,19891,0.0010000000000012221
30584000,2057,4023,130704,-538,12635,123010,131,19226,537,1,19892,0.0010000000000012221
30585001,210,22260,132591,6379,14563,123204,115,19234,471,1,19893,0.0010009999999986974
30586000,2569,2357,128204,-3380,-6495,130187,100,19226,410,1,19894,0.0009990000000001942
30587000,9665,-12235,127127,2101,-18268,132087,152,19226,410,0,19895,0.0010000000000012221
30588003,10060,-8050,129217,22319,-7977,133168,106,19232,623,0,19896,0.0010029999999972006
30589000,4555,-2630,128192,-1504,-634,124305,106,19232,434,0,19897,0.000997000000001691
30590000,1054,12919,133890,-26390,10442,125281,110,19222,451,1,19898,0.0010000000000012221
30591000,-5783,7908,132081,9816,1135,131610,134,19230,549,1,19899,0.0009999999999976694
30592000,-7261,-2970,128862,-163,-5721,132545,105,19232,430,1,19900,0.0010000000000012221
30593000,-3877,-4709,129344,-27581,-2642,125693,112,19232,430,0,19901,0.0010000000000012221
30594000,3045,-5076,129698,4829,-3442,127127,87,19218,459,0,19902,0.0009999999999976694
30595000,4423,-1451,129493,1511,-4872,131688,87,19229,356,0,19903,0.0010000000000012221
30596000,-7039,742,131790,-19015,-3341,123324,109,19228,446,0,19904,0.0010000000000012221
30597000,-9022,155,130141,-16027,-2779,135326,133,19224,545,1,19905,0.0009999999999976694
30598000,-11500,8103,130659,-4616,6559,127269,118,19229,483,1,19906,0.0010000000000012221
30599000,-6459,17406,131589,-10926,12036,119127,100,19229,483,1,19907,0.0010000000000012221
30600000,-3490,1278,128088,-8639,-4555,132817,146,19230,410,0,19908,0.0009999999999976694
30601000,-3954,-5911,125678,-6174,-10725,127342,146,19225,598,0,19909,0.0010000000000012221
30602000,831,-335,126170,-9200,2483,123335,100,19228,410,0,19910,0.0010000000000012221
30603000,-2985,10722,127631,-2702,6796,122464,106,19226,434,1,19911,0.0009999999999976694
30604000,-5799,5311,127749,-8376,-4172,134778,137,19230,561,1,19912,0.0010000000000012221
30605000,-8072,10088,129708,-21420,6147,118282,113,19230,561,1,19913,0.0009999999999976694
30606000,-72,3585,125270,-417,563,129224,109,19225,463,1,19914,0.0010000000000012221
30607000,-737,-1174,128155,2935,-2798,127112,83,19217,446,0,19915,0.0010000000000012221
30608000,2309,-2166,121106,-10944,-4404,120866,83,19227,340,0,19916,0.0009999999999976694
30609000,2080,2798,124178,-4370,8376,129192,109,19228,446,0,19917,0.0010000000000012221
30610000,-1915,12039,127802,-706,7141,117452,125,19222,512,1,19918,0.0010000000000012221
30611001,-2728,18178,125880,-2277,488,123904,112,19222,459,1,19919,0.0010009999999986974
30612002,-228,1178,124192,-2541,-1773,130315,98,19227,459,1,19920,0.00100100000000225
30613000,7778,1858,124889,5475,7286,118557,133,19231,401,0,19921,0.0009979999999991662
30614000,11691,8108,123851,13757,-2567,121682,133,19234,545,0,19922,0.0009999999999976694
30615000,7279,-6763,124875,794,-12083,130024,107,19227,438,0,19923,0.0010000000000012221
30616000,4572,-8899,125664,-529,-7539,140534,112,19223,459,0,19924,0.0010000000000012221
30617000,2334,2721,128608,5637,7430,110763,137,19223,561,1,19925,0.0009999999999976694
30618000,4165,19070,128745,-820,11887,121981,111,19229,561,1,19926,0.0010000000000012221
30619002,4155,13303,128469,6105,-1172,125587,102,19229,455,1,19927,0.0010019999999997253
30620002,13450,1564,124656,4806,-16469,123030,102,19227,418,0,19928,0.0010000000000012221
30621000,10694,-5369,126522,17186,-8297,135547,126,19227,516,0,19929,0.0009979999999991662
30622000,5296,-4039,130570,-483,-7218,123791,110,19230,451,0,19930,0.0010000000000012221
30623000,6018,-1303,128480,-5754,-3605,133730,115,19227,471,1,19931,0.0009999999999976694
30624003,621,5762,131833,4878,7481,127888,110,19227,471,1,19932,0.0010030000000007533
30625000,1487,11108,129199,1214,6062,123285,106,19231,451,1,19933,0.000997000000001691
30626000,3449,5799,128463,-211,-1167,127072,106,19230,434,1,19934,0.0009999999999976694
30627000,10534,-12296,126960,6539,-17595,130271,131,19225,537,0,19935,0.0010000000000012221
30628000,10307,-7977,129956,15731,-8299,137151,100,19229,410,0,19936,0.0010000000000012221
30629000,2520,1131,127355,-14660,1892,119620,103,19228,422,0,19937,0.0009999999999976694
30630000,3877,11854,133497,-11886,6857,131587,142,19228,422,1,19938,0.0010000000000012221
30631000,-5862,3539,132638,9464,-3428,132364,114,19224,582,1,19939,0.0010000000000012221
30632000,-6376,-3188,128442,-14791,-2618,128215,114,19230,467,1,19940,0.0009999999999976694
30633000,-385,-3036,130467,-15301,-8504,134062,102,19222,418,0,19941,0.0010000000000012221
30634000,1004,-1635,128467,11447,1857,121741,129,19232,528,0,19942,0.0010000000000012221
30635000,1029,5751,130084,-7679,3718,130003,109,19228,446,0,19943,0.0009999999999976694
30636000,-7652,305,131278,-19438,-3962,129306,117,19228,446,1,19944,0.0010000000000012221
30637000,-7565,2219,130239,-5179,3234,131706,116,19221,479,1,19945,0.0009999999999976694
30638000,-7681,6431,130869,-11842,7644,130004,116,19228,475,1,19946,0.0010000000000012221
30639001,-5927,8030,129535,-12667,2947,121098,105,19231,430,1,19947,0.00100100000000225
30640000,-1451,-1248,129803,-747,-2386,135718,119,19219,487,0,19948,0.0009989999999966415
30641000,-4322,-6888,124219,-6865,-7799,125515,92,19229,377,0,19949,0.0010000000000012221
30642000,-795,1092,129708,-1541,-2298,132850,105,19229,377,0,19950,0.0010000000000012221
30643000,-8218,6721,126446,-7994,122,120332,137,19227,430,1,19951,0.0009999999999976694
30644000,-5369,17927,128808,-17077,14246,123496,137,19221,561,1,19952,0.0010000000000012221
30645000,-8282,1359,129921,-3620,-6531,134446,116,19230,475,1,19953,0.0010000000000012221
30646000,-2807,4973,122314,-4862,10053,114915,102,19229,418,0,19954,0.0009999999999976694
30647000,1948,5868,127088,-9030,557,129219,121,19233,496,0,19955,0.0010000000000012221
30648000,2523,-1984,122941,7146,-5125,124530,112,19233,496,0,19956,0.0010000000000012221
30649000,4629,-971,124333,-5340,-5950,134280,116,19228,459,0,19957,0.0009999999999976694
30650000,-5326,4830,126661,-6532,4658,113731,116,19221,475,1,19958,0.0010000000000012221
30651000,-1439,16233,130691,-5738,7891,130626,137,19231,561,1,19959,0.0010000000000012221
30652000,4084,9300,125769,5116,3362,123528,105,19231,430,1,19960,0.0009999999999976694
30653000,4027,3408,121649,363,-557,124790,109,19229,446,0,19961,0.0010000000000012221
30654000,9010,-741,124465,7505,-2825,124592,106,19229,434,0,19962,0.0010000000000012221
30655000,6272,2575,125169,16553,-1902,116531,121,19226,434,0,19963,0.0009999999999976694
30656000,6629,-5050,125335,-2289,-9315,141551,134,19225,496,1,19964,0.0010000000000012221
30657002,423,-5068,127305,-585,15372,115063,134,19225,549,1,19965,0.0010019999999997253
30658000,8536,17525,128163,12910,9446,125988,114,19230,467,1,19966,0.0009979999999991662
30659000,6266,-1665,125301,6581,-4586,125734,99,19230,405,1,19967,0.0010000000000012221
30660003,10684,-2475,125732,-1515,-3682,125714,148,19230,606,0,19968,0.0010030000000007533
30661000,10064,-7169,126065,15456,-10319,132233,111,19231,606,0,19969,0.0009969999999981383
30662001,4700,249,128609,2838,-1463,123471,108,19229,455,0,19970,0.00100100000000225
30663000,3205,578,132062,2896,4880,130878,108,19226,442,1,19971,0.0009990000000001942
30664000,-1401,15745,131389,-907,2522,124163,126,19228,516,1,19972,0.0009999999999976694
30665000,1335,4267,127907,600,-8802,133898,108,19233,442,1,19973,0.0010000000000012221
30666000,4165,-3075,128590,6895,-2041,124633,109,19219,446,0,19974,0.0010000000000012221
30667003,9555,-3061,126502,293,-9840,126697,109,19219,446,0,19975,0.0010029999999972006
30668000,13338,-3532,131922,15077,-2475,133339,106,19232,446,0,19976,0.000997000000001691
30669001,265,-6806,129408,-6410,-11067,131836,106,19232,434,0,19977,0.0010009999999986974
30670000,-305,1614,130085,-21866,7743,127585,121,19220,496,1,19978,0.0009990000000001942
30671000,-8329,18360,134993,5261,9399,122478,111,19231,455,1,19979,0.0010000000000012221
30672000,-3270,-41,129406,2213,-11036,135101,97,19228,397,1,19980,0.0009999999999976694
30673000,-2494,-14658,127157,-20890,-14395,135402,135,19228,397,0,19981,0.0010000000000012221
30674000,-3485,-1328,130445,895,-2614,123716,107,19229,553,0,19982,0.0010000000000012221
30675000,3136,7490,130375,9517,16501,122022,107,19227,438,0,19983,0.0009999999999976694
30676000,-9109,6824,133333,-22455,-2339,131262,110,19224,451,1,19984,0.0010000000000012221
30677000,-8440,-9468,129655,-17808,-9109,138167,144,19228,590,1,19985,0.0010000000000012221
30678000,-9501,3699,129672,-3029,6358,125852,116,19229,475,1,19986,0.0009999999999976694
30679000,-4711,9725,130502,-5689,9060,122999,105,19229,475,1,19987,0.0010000000000012221
30680000,-1250,3058,128467,-11831,-6406,127308,142,19226,430,0,19988,0.0010000000000012221
30681000,-3685,-7748,123418,-10054,-10319,132127,142,19233,582,0,19989,0.0009999999999976694
30682000,-721,3906,128370,-1124,5908,124016,105,19229,430,0,19990,0.0010000000000012221
30683000,-5124,13038,128221,-5557,6000,118205,118,19224,483,1,19991,0.0010000000000012221
30684000,-11436,9715,128028,-13280,4665,130180,111,19226,455,1,19992,0.0009999999999976694
30685000,-7881,-155,129289,-13481,-5035,131294,107,19226,455,1,19993,0.0010000000000012221
30686000,1110,4662,126300,4582,4927,120934,129,19228,438,0,19994,0.0010000000000012221
30687000,209,7340,124766,-1498,6442,120581,129,19228,528,0,19995,0.0009999999999976694
30688000,763,-2578,124614,-6923,-5569,126381,102,19230,418,0,19996,0.0010000000000012221
30689000,937,-3887,124646,-4161,-5909,132449,110,19227,451,0,19997,0.0010000000000012221
30690000,-984,9228,126280,-3023,9330,118607,149,19228,610,1,19998,0.0009999999999976694
30691000,-3248,14019,127755,-3208,13294,119777,110,19228,610,1,19999,0.0010000000000012221
30692000,4100,7779,126378,4773,-5555,127577,96,19229,451,1,20000,0.0010000000000012221
30693000,7178,-4651,120813,6655,-7686,127349,96,19225,393,0,20001,0.0009999999999976694
30694002,8217,4246,125608,1525,1733,122048,103,19229,422,0,20002,0.0010019999999997253
30695031,7535,7586,125834,11750,3896,123907,116,19226,475,0,20003,0.0010290000000026112
30696000,5459,-2844,125421,2578,-7209,137412,119,19222,487,1,20004,0.0009689999999977772
30697005,1061,-3396,128057,-4463,-3602,123676,110,19222,451,1,20005,0.0010049999999992565
30698003,3970,10306,127415,7178,5684,124682,102,19229,451,1,20006,0.000998000000002719
30699000,7436,13256,125301,5058,1355,117634,115,19233,418,1,20007,0.0009969999999981383
30700001,11046,721,127037,1354,-2534,134966,115,19219,471,0,20008,0.00100100000000225
30701002,9936,-16025,125537,10161,-14558,137434,101,19226,414,0,20009,0.0010009999999986974
30702000,4980,-8707,125885,5829,1025,120016,110,19227,451,0,20010,0.0009979999999991662
30703000,2101,6780,129360,-4340,4238,130078,138,19227,565,1,20011,0.0010000000000012221
30704000,-165,9600,131615,3136,9006,126064,115,19222,565,1,20012,0.0009999999999976694
30705000,4106,4262,128678,-2201,-7013,133205,101,19229,471,1,20013,0.0010000000000012221
30706000,4012,-1680,130228,2798,-1624,125353,101,19230,414,0,20014,0.0010000000000012221
30707000,7281,-7733,125830,10025,-11389,130129,151,19229,618,0,20015,0.0009999999999976694
30708002,5950,-4694,129394,12633,-7356,133604,105,19231,430,0,20016,0.0010019999999997253
30709000,850,-6999,128722,-21769,-1224,131875,107,19231,438,0,20017,0.000998000000002719
30710000,2178,8852,133508,-10767,17967,122743,130,19223,438,1,20018,0.0009999999999976694
30711000,-9166,20635,134116,16259,468,122895,105,19228,532,1,20019,0.0010000000000012221
30712000,-4387,-2539,128095,-14120,-20871,137211,105,19235,430,1,20020,0.0010000000000012221
30713000,-1870,-18642,128175,-14184,-16284,135871,113,19221,463,0,20021,0.0009999999999976694
30714000,691,829,130658,8449,7582,118988,89,19229,365,0,20022,0.0010000000000012221
30715000,2918,7847,129428,-6563,7007,127818,107,19230,438,0,20023,0.0010000000000012221
30716000,-6998,7552,133711,-21165,326,126973,133,19230,438,1,20024,0.0009999999999976694
30717001,-8259,-3049,127360,-14001,-9657,138852,115,19217,545,1,20025,0.00100100000000225
30718001,-9238,4478,128580,-2250,10996,120003,115,19232,471,1,20026,0.0009999999999976694
30719001,-5213,21191,131536,-13480,13076,119488,100,19227,410,1,20027,0.0010000000000012221
30720000,-1185,-3859,125330,-11165,-9637,132251,147,19223,602,0,20028,0.0009990000000001942
30721001,-4581,-11884,126722,-700,-11980,133901,110,19228,451,0,20029,0.0010009999999986974
30722000,1091,-1714,126816,-13420,6799,128311,107,19228,451,0,20030,0.0009990000000001942
30723000,-5256,14711,128038,-2228,13265,113479,134,19220,438,1,20031,0.0010000000000012221
30724000,-8191,14733,129435,-11612,1658,129716,134,19228,549,1,20032,0.0010000000000012221
30725000,-4979,3130,126892,-14238,-4630,129738,113,19222,463,1,20033,0.0009999999999976694
30726000,-277,2474,126628,4129,982,122881,109,19220,446,0,20034,0.0010000000000012221
30727000,-804,1839,125977,2856,-1680,126043,83,19229,340,0,20035,0.0010000000000012221
30728000,-1645,2865,123832,-9015,2187,122086,104,19229,340,0,20036,0.0009999999999976694
30729000,2751,4360,125439,-2464,3538,131249,122,19230,426,0,20037,0.0010000000000012221
30730000,84,8950,126137,4447,9475,122755,122,19217,500,1,20038,0.0009999999999976694
30731002,140,15298,125999,-6668,14134,117788,114,19233,467,1,20039,0.001002000000003278
30732000,3668,7729,126356,-553,-327,127808,98,19229,401,1,20040,0.0009979999999991662
30733000,9722,-5282,122776,10497,-11104,125753,133,19233,545,0,20041,0.0009999999999976694
30734000,11452,1210,126605,8109,-4495,133283,105,19233,545,0,20042,0.0010000000000012221
30735000,6005,-4357,123412,-375,-3361,119581,111,19227,430,0,20043,0.0010000000000012221
30736000,4762,2894,128494,8429,-2028,128400,111,19225,455,1,20044,0.0009999999999976694
30737000,-1296,17742,127456,-1699,10172,124723,140,19229,573,1,20045,0.0010000000000012221
30738000,6415,8802,124449,-682,4938,128565,111,19230,455,1,20046,0.0010000000000012221
30739000,7215,5525,128922,17387,3629,118832,102,19224,418,0,20047,0.0009999999999976694
30740000,13940,6213,125674,-2145,3030,119093,113,19224,418,0,20048,0.0010000000000012221
30741000,10778,-18191,127106,13083,-21397,143921,105,19233,463,0,20049,0.0010000000000012221
30742000,4310,-11072,128757,6249,-11471,127529,105,19232,430,0,20050,0.0009999999999976694
30743000,4018,5860,128974,-7691,4670,121498,116,19226,475,1,20051,0.0010000000000012221
30744000,-2569,19534,132641,5569,14714,123366,112,19226,459,1,20052,0.0010000000000012221
30745000,3788,1036,128839,-3074,-6883,140213,104,19223,426,1,20053,0.0009999999999976694
30746000,8029,-1826,127924,2913,-13604,116467,132,19223,541,0,20054,0.0010000000000012221
30747000,7229,1424,128945,9411,-2925,132090,101,19233,541,0,20055,0.0010000000000012221
30748000,6741,-5365,131275,7248,-4679,128731,105,19230,414,0,20056,0.0009999999999976694
30749000,-2007,4595,132736,-7685,-1667,128286,105,19219,430,1,20057,0.0010000000000012221
30750000,-755,214,132523,-15893,-6397,139062,151,19227,618,1,20058,0.0010000000000012221
30751000,-11469,5321,131687,1748,9268,117805,113,19230,463,1,20059,0.0009999999999976694
30752000,281,3128,131118,-18146,-3196,133062,96,19230,393,1,20060,0.0010000000000012221
30753000,-127,-7460,127970,3499,-9548,128196,126,19225,393,0,20061,0.0010000000000012221
30754001,4020,-1231,129406,2548,2207,128236,115,19232,516,0,20062,0.0010009999999986974
30755006,-3727,901,129545,-18928,-6869,129181,115,19232,471,0,20063,0.0010049999999992565
30756000,-9599,2259,129588,-13351,9950,127188,121,19218,496,1,20064,0.0009940000000021598
30757002,-8989,5259,132761,-1406,3851,135522,117,19224,479,1,20065,0.0010019999999997253
30758000,-8158,7503,128556,-12864,4613,120157,108,19224,442,1,20066,0.0009979999999991662
30759000,-1179,7247,128288,-12412,-3717,130114,121,19232,442,0,20067,0.0010000000000012221
30760000,-4135,-6628,126719,-5493,-1789,127658,91,19220,496,0,20068,0.0009999999999976694
30761000,371,225,125820,-2837,3982,124270,91,19232,373,0,20069,0.0010000000000012221
30762000,-4065,-1924,127463,-9957,-1487,132352,101,19224,414,0,20070,0.0009999999999976694
30763000,-8526,5011,127099,-17203,10570,119275,138,19225,565,1,20071,0.0010000000000012221
30764000,-2833,15951,128080,-2071,4765,131271,118,19229,483,1,20072,0.0010000000000012221
30765000,-8715,1096,126089,-2634,-3318,127012,103,19229,483,1,20073,0.0009999999999976694
30766000,658,6454,124225,-10248,5944,117853,114,19226,422,0,20074,0.0010000000000012221
30767002,-1289,3060,126997,3613,-2442,128182,114,19231,467,0,20075,0.0010019999999997253
30768000,2621,-4004,124925,1098,-7274,128141,108,19228,442,0,20076,0.0009979999999991662
30769001,-751,1593,126301,1251,8818,126233,111,19223,455,1,20077,0.00100100000000225
30770002,-5734,9955,126195,-9737,9438,117215,139,19233,569,1,20078,0.0010009999999986974
30771001,2899,12289,126796,-2690,3559,128693,105,19233,569,1,20079,0.0009990000000001942
30772000,4378,4294,123489,8681,11086,125568,112,19231,430,0,20080,0.0009990000000001942
30773001,9857,796,121716,-1522,-260,122443,112,19224,459,0,20081,0.0010009999999986974
30774000,7952,-3449,121235,8773,-8959,124841,105,19224,430,0,20082,0.0009990000000001942
30775005,4310,1384,125782,10201,-8361,128507,116,19230,475,0,20083,0.0010050000000028092
30776000,5784,-2979,126092,-4397,-915,128701,137,19224,561,1,20084,0.000994999999999635
30777002,1783,18761,133056,3973,17880,117103,117,19224,561,1,20085,0.0010019999999997253
30778000,7151,7081,126140,6859,-1815,132086,100,19227,479,1,20086,0.0009979999999991662
30779000,4449,-4180,124961,3984,-6068,124054,100,19228,410,0,20087,0.0010000000000012221
30780000,9613,-2396,127581,4505,-8347,130374,149,19233,610,0,20088,0.0009999999999976694
30781000,9906,-7008,123701,15005,923,127104,103,19229,422,0,20089,0.0010000000000012221
30782000,3998,4746,130333,-845,10061,122689,102,19228,418,1,20090,0.0010000000000012221
30783000,5295,-349,130901,-4729,-5014,134873,125,19228,418,1,20091,0.0009999999999976694
30784000,1258,9528,127535,6566,6299,123129,111,19230,512,1,20092,0.0010000000000012221
30785001,432,4842,131080,470,2666,128569,111,19233,455,1,20093,0.0010009999999986974
30786000,8195,-3513,128713,-4014,-11950,130729,112,19232,459,0,20094,0.0009990000000001942
30787002,8402,-15341,127568,18009,-15696,133177,102,19228,418,0,20095,0.0010019999999997253
30788000,4649,-2013,131888,3904,-4977,122338,105,19230,430,0,20096,0.000998000000002719
30789000,599,12662,130917,-20991,13155,119394,123,19230,504,1,20097,0.0009999999999976694
30790000,-5235,10786,133420,1853,5541,140061,114,19219,504,1,20098,0.0010000000000012221
30791000,-3821,-11529,127543,1326,-12390,129299,98,19233,467,1,20099,0.0010000000000012221
30792000,-5079,-8182,129116,-16503,-14335,131284,98,19230,401,0,20100,0.0009999999999976694
30793002,1667,10587,129445,-6276,4511,116175,138,19228,565,0,20101,0.0010019999999997253
30794000,1707,6728,130005,6048,-14109,140045,102,19228,418,0,20102,0.0009979999999991662
30795000,-1385,-10924,129752,-11696,1515,132276,108,19228,442,0,20103,0.0010000000000012221
30796000,-9995,9937,131999,-18224,5793,124430,144,19222,442,1,20104,0.0010000000000012221
30797000,-8384,6661,129829,-6228,10435,127100,112,19229,590,1,20105,0.0009999999999976694
30798001,-8113,12985,132587,-8942,-1187,128603,112,19229,459,1,20106,0.00100100000000225
30799000,-3269,-11418,126943,-7016,-15205,139635,104,19222,426,0,20107,0.0009990000000001942
30800000,-4926,1081,126379,-6242,4281,118656,137,19232,561,0,20108,0.0009999999999976694
30801000,-3309,6767,128304,-7475,3222,128813,103,19232,422,0,20109,0.0010000000000012221
30802000,-497,9346,127782,-3593,7662,120979,117,19229,422,1,20110,0.0010000000000012221
30803000,-7823,6997,127059,-12193,-3973,133018,113,19223,479,1,20111,0.0009999999999976694
30804000,-4917,-5088,126666,-14283,3800,124208,113,19228,463,1,20112,0.0010000000000012221
30805000,-3228,17194,128081,2585,7772,120407,104,19232,426,1,20113,0.0010000000000012221
30806000,2369,313,125454,4551,-10882,133120,128,19224,524,0,20114,0.0009999999999976694
30807001,1326,-4484,123852,-10107,2054,125577,110,19227,451,0,20115,0.00100100000000225
30808000,-163,-4343,122020,-5442,-2093,129943,113,19227,451,0,20116,0.0009990000000001942
30809000,-115,15649,127657,5068,13520,114832,150,19226,463,1,20117,0.0009999999999976694
30810000,-2564,12920,126317,-8047,-438,130258,150,19226,614,1,20118,0.0010000000000012221
30811000,282,3063,127254,-4199,3299,125408,111,19227,455,1,20119,0.0010000000000012221
30812000,6632,5824,123410,16029,-2795,122543,97,19227,397,0,20120,0.0009999999999976694
30813000,5993,67,122941,-3534,3442,121586,99,19230,405,0,20121,0.0010000000000012221
30814000,10113,5436,126623,8313,-5998,125355,110,19230,405,0,20122,0.0010000000000012221
30815000,5934,-8189,124475,12239,-7696,130829,115,19223,451,0,20123,0.0009999999999976694
30816000,5705,2133,128015,-12778,13389,124452,115,19221,471,1,20124,0.0010000000000012221
30817000,1307,5805,129283,9164,119,122494,105,19233,430,1,20125,0.0010000000000012221
30818000,9346,7065,125533,13371,-7652,126400,98,19232,401,1,20126,0.0009999999999976694
30819000,7497,10,125268,-3399,-3172,126738,120,19224,491,0,20127,0.0010000000000012221
30820009,9274,5993,129353,5458,-4737,123628,95,19224,491,0,20128,0.0010089999999998156
30821000,9192,-6282,125682,19356,-9404,128439,101,19228,389,0,20129,0.000990999999999076
30822000,1268,904,130983,-6940,-2240,129638,101,19224,414,1,20130,0.0010000000000012221
30823000,3436,-852,128304,-4810,-2173,130873,136,19222,557,1,20131,0.0009999999999976694
30824000,2266,14174,130780,9843,17311,121860,112,19231,459,1,20132,0.0010000000000012221
30825000,4804,7632,129061,-4325,-233,128403,101,19232,414,1,20133,0.0010000000000012221
30826000,7663,-13091,126142,1855,-15121,129372,153,19232,414,0,20134,0.0009999999999976694
30827000,11432,-7201,129829,17744,-9112,131536,105,19232,627,0,20135,0.0010000000000012221
30828000,2100,-9595,128772,1456,-9972,139510,105,19230,430,0,20136,0.0010000000000012221
30829000,2045,10174,130708,-23865,13389,114287,109,19223,446,1,20137,0.0009999999999976694
30830000,-4008,11325,134741,3816,-1911,135154,126,19228,516,1,20138,0.0010000000000012221
30831000,-6531,2832,128498,6140,-1991,129004,104,19232,426,1,20139,0.0010000000000012221
30832000,-890,-4263,129684,-26458,-11679,129853,114,19232,467,0,20140,0.0009999999999976694
30833000,-3365,-3157,131504,1436,-3463,132292,93,19221,467,0,20141,0.0010000000000012221
30834001,4248,8190,129711,3958,6794,118016,107,19231,381,0,20142,0.0010009999999986974
30835000,-7083,-514,132614,-17603,-4130,136870,107,19226,438,0,20143,0.0009990000000001942
30836000,-5755,86,130073,-15538,1173,123514,136,19224,557,1,20144,0.0010000000000012221
30837000,-8551,6281,128989,-5134,4797,128606,117,19231,479,1,20145,0.0010000000000012221
30838000,-5086,16579,131935,-13375,15133,117732,101,19231,414,1,20146,0.0009999999999976694
30839000,-2048,5051,128448,-6849,-2328,139917,153,19228,414,0,20147,0.0010000000000012221
30840000,-4600,-13313,125888,-7160,-8507,122331,105,19225,627,0,20148,0.0010000000000012221
30841000,992,5211,127481,-6141,7583,120578,105,19234,430,0,20149,0.0009999999999976694
30842000,-4707,6110,128424,-5540,4390,128575,108,19220,442,1,20150,0.0010000000000012221
30843000,-3849,10364,127028,-6658,5186,118802,132,19230,541,1,20151,0.0010000000000012221
30844000,-8620,6734,128285,-11350,-3924,135984,112,19230,459,1,20152,0.0009999999999976694
30845000,-974,4255,127552,7251,8852,113420,112,19232,459,0,20153,0.0010000000000012221
30846000,1105,3156,123667,-3269,-5484,131741,96,19223,459,0,20154,0.0010000000000012221
30847000,135,-10821,124203,-8935,-3572,127830,96,19230,393,0,20155,0.0009999999999976694
30848000,3198,7338,124272,544,11344,117815,114,19226,467,0,20156,0.0010000000000012221
30849000,-2220,9059,127357,278,3152,130728,131,19220,537,1,20157,0.0010000000000012221
30850000,-2386,8701,126020,-5132,9682,116239,116,19230,475,1,20158,0.0009999999999976694
30851000,-2554,8212,125132,2934,-352,141220,97,19230,475,1,20159,0.0010000000000012221
30852000,6433,1986,125302,5263,3037,112813,135,19231,397,0,20160,0.0010000000000012221
30853000,5810,4857,124669,8643,-4193,123062,135,19232,553,0,20161,0.0009999999999976694
30854000,5736,-5870,127310,7608,-6131,129918,111,19228,455,0,20162,0.0010000000000012221
30855000,5512,-5822,123771,3143,-2859,122455,115,19225,471,1,20163,0.0009999999999976694
30856000,3013,273,128344,1307,2347,133658,140,19231,573,1,20164,0.0010000000000012221
30857000,2986,16124,127037,814,16844,110952,108,19231,573,1,20165,0.0010000000000012221
30858002,10020,9219,126294,8924,-3499,132732,103,19233,442,1,20166,0.0010019999999997253
30859000,9730,-3666,125481,5285,-1469,123188,103,19220,422,0,20167,0.0009979999999991662
30860000,10404,-1254,125458,7422,-12612,130203,113,19232,463,0,20168,0.0010000000000012221
30861000,5971,-12403,127367,10936,-8613,131588,104,19229,426,0,20169,0.0009999999999976694
30862000,4501,9801,131701,-6399,3094,125140,118,19228,483,1,20170,0.0010000000000012221
30863000,305,6971,129133,6485,3947,132614,112,19228,483,1,20171,0.0010000000000012221
30864000,-307,11147,131683,-301,6461,115478,101,19227,459,1,20172,0.0009999999999976694
30865000,5195,6472,130505,-5868,-8648,135159,101,19229,414,0,20173,0.0010000000000012221
30866000,8920,-11056,126477,10022,-8556,126536,130,19222,532,0,20174,0.0010000000000012221
30867001,11460,-1043,130521,10586,-6170,128284,100,19230,410,0,20175,0.0010009999999986974
30868000,-138,-11650,128049,-12295,-8332,132849,105,19224,430,0,20176,0.0009990000000001942
30869000,-316,15533,132822,-11100,13685,120040,149,19224,430,1,20177,0.0010000000000012221
30870000,-4326,288,133814,6261,-7317,139402,109,19225,610,1,20178,0.0009999999999976694
30871001,-6958,719,130484,-6863,1145,124000,109,19233,446,1,20179,0.00100100000000225
30872002,-411,166,130272,-20680,-8445,133859,98,19225,401,0,20180,0.0010009999999986974
30873000,-710,-7713,128523,6298,-5248,130089,122,19230,500,0,20181,0.0009979999999991662
30874001,2535,7852,130912,1915,4174,122974,110,19226,451,0,20182,0.00100100000000225
30875000,-7239,7977,129226,-16980,5838,130158,124,19226,451,1,20183,0.0009990000000001942
30876000,-8316,1767,131366,-15080,1247,127279,113,19226,508,1,20184,0.0009999999999976694
30877000,-5942,-307,130818,-5057,-3172,135633,113,19228,463,1,20185,0.0010000000000012221
30878000,-7714,15075,129697,-9510,13384,120558,105,19230,430,1,20186,0.0010000000000012221
30879001,-2886,5199,127520,-12742,280,123790,122,19215,500,0,20187,0.0010009999999986974
30880000,-2817,-9890,126457,-4531,-14758,138552,92,19232,377,0,20188,0.0009990000000001942
30881001,-1168,-2381,125840,-1525,-3640,122403,105,19232,430,0,20189,0.0010009999999986974
30882000,-4914,11795,130959,-11570,8911,123844,140,19225,430,1,20190,0.0009990000000001942
30883000,-7605,10985,127848,-9044,7306,124741,119,19227,573,1,20191,0.0010000000000012221
30884000,-6358,2804,127427,-7445,-791,132580,119,19229,487,1,20192,0.0010000000000012221
30885000,-863,6127,126740,-5638,3734,119535,103,19222,422,0,20193,0.0009999999999976694
30886002,-1138,2060,123590,-2071,-2216,125810,113,19234,463,0,20194,0.0010019999999997253
30887000,1174,13656,124582,-2318,-1960,121019,109,19234,446,0,20195,0.0009979999999991662
30888000,2661,-2951,124298,-12754,-8155,134303,116,19227,446,0,20196,0.0010000000000012221
30889000,518,-4273,126384,3306,12232,128347,142,19224,475,1,20197,0.0010000000000012221
30890002,-5557,14149,126195,-1668,14498,113686,142,19232,582,1,20198,0.0010019999999997253
30891000,4157,15183,125226,1638,9066,125650,102,19229,418,1,20199,0.0009979999999991662
30892000,7195,2457,125254,13177,-7252,127319,110,19224,451,0,20200,0.0010000000000012221
30893000,9716,-9470,121797,4321,-11389,126712,96,19224,393,0,20201,0.0009999999999976694
30894000,6154,-1052,126271,5132,-576,122824,115,19229,393,0,20202,0.0010000000000012221
30895000,3326,1608,128692,2917,-2987,128438,141,19224,471,1,20203,0.0010000000000012221
30896002,3946,7470,127763,-426,9048,125480,141,19225,577,1,20204,0.0010019999999997253
30897001,1224,11220,128901,3819,2396,126183,116,19231,475,1,20205,0.0009990000000001942
30898000,8823,-980,125200,6676,4787,122981,96,19228,393,1,20206,0.0009990000000001942
30899000,9384,7724,124374,6560,-4257,124773,149,19232,610,0,20207,0.0009999999999976694
30900001,11943,-7737,126821,14762,-22441,139195,105,19232,610,0,20208,0.00100100000000225
30901000,9313,-16321,125141,1637,-4366,130355,109,19229,430,0,20209,0.0009990000000001942
30902001,2372,11181,132585,-6536,8684,122152,109,19227,446,1,20210,0.0010009999999986974
30903000,601,16394,131395,6446,12636,126817,126,19227,516,1,20211,0.0009990000000001942
30904000,-326,3572,128643,-190,-5114,131203,107,19232,438,1,20212,0.0010000000000012221
30905000,5395,-5625,127437,-1669,-11853,128901,108,19218,442,0,20213,0.0009999999999976694
30906001,11007,-3331,127928,11603,-6041,124444,111,19218,442,0,20214,0.00100100000000225
30907002,7431,-3632,130311,15388,-4068,133860,111,19228,455,0,20215,0.0010009999999986974
30908001,2830,-6474,129380,-24456,-1618,130926,111,19226,455,0,20216,0.0009990000000001942
30909000,1239,4029,131615,-6439,6314,128924,130,19220,532,1,20217,0.0009990000000001942
30910000,-7623,4671,132612,6289,12396,124957,116,19230,475,1,20218,0.0010000000000012221
30911000,-5172,2048,130566,-16444,-9942,129565,98,19229,401,1,20219,0.0009999999999976694
30912000,-1297,-16377,127235,-6958,-22191,140041,140,19229,401,0,20220,0.0010000000000012221
30913000,3643,-872,130833,5821,807,125356,104,19232,573,0,20221,0.0010000000000012221
30914000,-2877,9959,130589,-1491,2906,122414,104,19227,426,0,20222,0.0009999999999976694
30915000,-6718,9196,133139,-22298,4727,129412,111,19226,455,1,20223,0.0010000000000012221
30916000,-9604,-6435,129298,-12578,-9092,140522,144,19228,590,1,20224,0.0010000000000012221
30917000,-10584,8980,129372,-2676,11301,122054,112,19229,459,1,20225,0.0009999999999976694
30918000,-2086,16158,129566,-12959,10364,121468,105,19229,459,1,20226,0.0010000000000012221
30919000,-4112,-4833,126174,-7147,-10636,130500,133,19222,430,0,20227,0.0009999999999976694
30920000,1969,-11452,125209,-4940,-11578,128324,133,19232,545,0,20228,0.0010000000000012221
30921000,-2341,1694,128422,-4254,2226,127853,103,19230,422,0,20229,0.0010000000000012221
30922000,-5455,14829,126963,-18655,16746,118428,119,19226,487,1,20230,0.0009999999999976694
30923000,-7143,11258,129166,-7327,1298,125844,116,19228,475,1,20231,0.0010000000000012221
30924000,-6371,-2682,124856,-5690,-5788,131418,105,19228,430,1,20232,0.0010000000000012221
30925001,3806,8069,128629,-634,423,123320,132,19231,430,0,20233,0.0010009999999986974
30926000,-5472,4000,125605,-265,-1400,121524,105,19234,541,0,20234,0.0009990000000001942
30927000,4047,3427,125613,-5954,790,126916,105,19231,430,0,20235,0.0010000000000012221
30928001,-2368,6357,127289,-1594,4600,124161,106,19224,434,0,20236,0.0010009999999986974
30929000,-1257,8600,126071,-1296,8095,123502,152,19231,623,1,20237,0.0009990000000001942
30930000,-2140,9299,124828,-7028,7163,123332,113,19231,463,1,20238,0.0010000000000012221
30931000,4728,8834,126578,-352,2991,122679,99,19227,463,1,20239,0.0009999999999976694
30932000,12726,3027,122855,14235,512,122907,98,19225,405,0,20240,0.0010000000000012221
30933001,9907,-3266,123888,5178,-8451,130329,98,19230,401,0,20241,0.0010009999999986974
30934001,6223,-2439,126355,2677,-2256,124010,110,19228,451,0,20242,0.0010000000000012221
30935000,4336,2078,125780,5381,6012,124165,118,19220,483,1,20243,0.0009990000000001942
30936000,964,8781,130332,-3158,7989,130023,109,19220,446,1,20244,0.0010000000000012221
30937000,4401,10410,127750,1848,1822,120496,102,19227,446,1,20245,0.0009999999999976694
30938000,8637,919,123269,9899,-6416,129901,121,19235,418,0,20246,0.0010000000000012221
30939001,10193,-1625,128251,2549,-1888,123488,121,19221,496,0,20247,0.0010009999999986974
30940000,9472,-3263,126365,14509,-17951,136527,94,19230,385,0,20248,0.0009990000000001942
30941000,4740,-9832,128241,-3673,1005,128471,101,19229,414,0,20249,0.0010000000000012221
30942000,3472,6986,130800,-7136,8281,125790,139,19229,569,1,20250,0.0010000000000012221
30943000,-1257,11363,128918,10537,13309,123808,113,19229,569,1,20251,0.0009999999999976694
30944000,2509,9748,128236,-3116,-10435,128064,102,19227,463,1,20252,0.0010000000000012221
30945001,7908,-7095,127604,1998,-15824,140862,102,19225,418,0,20253,0.0010009999999986974
30946000,7665,-6018,130401,17254,-1791,114190,148,19232,606,0,20254,0.0009990000000001942
30947000,6411,2601,129073,-2845,-12518,135112,103,19233,422,0,20255,0.0010000000000012221
30948000,-800,-6758,133886,-8571,4857,128328,111,19223,455,1,20256,0.0009999999999976694
30949001,-1583,2859,131809,-3377,-2203,128336,129,19223,455,1,20257,0.00100100000000225
30950002,-8770,5593,131209,-5724,8576,129694,104,19227,528,1,20258,0.0010009999999986974
30951000,-2859,5324,129377,-13340,-3773,123192,104,19232,426,1,20259,0.0009979999999991662
30952000,1981,-9118,128295,3502,-15217,137941,115,19228,471,0,20260,0.0010000000000012221
30953000,1875,1909,129279,-2667,550,119550,97,19228,397,0,20261,0.0010000000000012221
30954001,-6737,4870,131594,-11678,2839,132203,112,19228,459,0,20262,0.0010009999999986974
30955000,-4732,-177,130543,-9988,-3383,129951,141,19228,459,1,20263,0.0009990000000001942
30956000,-11295,9657,131781,-10546,8538,126844,117,19224,577,1,20264,0.0010000000000012221
30957000,-10858,1700,128495,-12066,-3298,139521,117,19228,479,1,20265,0.0009999999999976694
30958000,-2101,11087,129901,-5081,8646,111070,100,19227,410,1,20266,0.0010000000000012221
30959000,-4373,823,126665,-8206,-8969,138875,156,19227,639,0,20267,0.0010000000000012221
30960001,-1441,-6718,126340,-3028,-1547,121624,110,19230,451,0,20268,0.0010009999999986974
30961000,-2423,2767,126942,-13796,4904,122957,110,19230,451,0,20269,0.0009990000000001942
30962000,-1353,5321,128832,-8656,6385,134007,132,19223,451,1,20270,0.0010000000000012221
30963001,-7672,11240,125285,-208,7624,116612,132,19230,541,1,20271,0.0010009999999986974
30964001,-5948,7656,127517,-20216,1654,133355,112,19234,459,1,20272,0.0010000000000012221
30965000,737,5106,125942,-584,728,119239,113,19223,463,0,20273,0.0009990000000001942
30966000,851,2686,126408,5280,-4054,130619,92,19229,377,0,20274,0.0009999999999976694
30967000,1883,-5928,123913,-4205,-6418,126104,112,19229,377,0,20275,0.0010000000000012221
30968001,-3510,11030,126145,-8326,9741,119421,131,19224,459,1,20276,0.0010009999999986974
30969002,1011,9479,126952,4186,6292,132550,113,19217,537,1,20277,0.00100100000000225
30970000,-2983,12025,124371,-2736,14186,114040,113,19230,463,1,20278,0.0009979999999991662
30971000,6499,6278,125453,-3250,5094,134012,98,19231,401,0,20279,0.0010000000000012221
30972000,6636,4435,120948,10734,4674,116469,136,19232,557,0,20280,0.0009999999999976694
30973000,14187,-2552,123425,7512,-8595,129144,110,19232,451,0,20281,0.0010000000000012221
30974000,8308,-10065,124712,2627,-11288,131357,115,19227,451,0,20282,0.0010000000000012221
30975000,4080,6091,127796,4833,4283,125915,135,19224,471,1,20283,0.0009999999999976694
30976002,2373,7827,128315,1899,5646,126050,135,19227,553,1,20284,0.0010019999999997253
30977000,2373,12570,128157,362,8095,126029,109,19232,446,1,20285,0.000998000000002719
30978000,9354,-1451,123979,8888,-4774,127187,102,19222,418,0,20286,0.0009999999999976694
30979000,7877,10951,129220,4486,8307,119772,113,19222,463,0,20287,0.0010000000000012221
30980000,10556,-8567,126125,5549,-21602,139975,106,19232,463,0,20288,0.0009999999999976694
30981000,8227,1863,130668,12460,-215,121031,116,19235,434,0,20289,0.0010000000000012221
30982000,1849,3362,129499,-5427,-649,135758,116,19220,475,1,20290,0.0010000000000012221
30983000,2418,6081,132377,586,12186,121781,111,19224,455,1,20291,0.0009999999999976694
30984001,-234,17721,129551,8263,-4334,124976,100,19229,410,1,20292,0.00100100000000225
30985000,8777,-10280,126355,-6381,-15775,138249,131,19223,537,0,20293,0.0009990000000001942
30986000,9777,-10995,129967,21367,-2336,122089,109,19223,537,0,20294,0.0009999999999976694
30987000,6133,-2711,129667,5970,-14412,138409,110,19229,446,0,20295,0.0010000000000012221
30988000,-1331,2443,130479,-28228,13836,115715,110,19227,451,1,20296,0.0010000000000012221
30989000,-1928,14053,134099,-2987,-975,136056,150,19224,614,1,20297,0.0009999999999976694
30990000,-4008,12,130341,11232,884,129645,112,19231,459,1,20298,0.0010000000000012221
30991000,-5225,1195,129435,-24145,-8584,127378,101,19225,414,1,20299,0.0010000000000012221
30992000,-243,-17745,129690,-6564,-10410,135128,122,19225,414,0,20300,0.0009999999999976694
30993000,5606,10737,129138,11467,3833,120199,111,19231,500,0,20301,0.0010000000000012221
30994000,-4230,709,129352,-18503,-6371,139612,111,19226,455,0,20302,0.0010000000000012221
30995000,-6604,-159,132214,-18625,7377,124653,121,19223,496,1,20303,0.0009999999999976694
30996000,-11306,7374,131531,-4615,662,131271,113,19230,463,1,20304,0.0010000000000012221
30997001,-7457,3579,128697,-9446,15157,126236,103,19227,422,1,20305,0.0010009999999986974
30998000,-3270,5726,130037,-13074,-2862,125379,122,19227,422,0,20306,0.0009990000000001942
30999000,-3365,-10851,123781,-5943,-8834,134200,93,19219,500,0,20307,0.0010000000000012221
31000000,-2870,1874,127031,-2072,6385,119223,93,19230,381,0,20308,0.0010000000000012221
31001000,-2679,3603,129245,-9307,495,129833,104,19226,426,0,20309,0.0009999999999976694
31002000,-6794,6554,127920,-7557,4849,126150,141,19228,577,1,20310,0.0010000000000012221
31003002,-7166,3409,126642,-17125,-71,129262,118,19228,483,1,20311,0.0010019999999997253
31004000,-1911,5106,128521,2167,18706,120588,101,19228,483,1,20312,0.0009979999999991662
31005001,-314,8723,124342,1960,-5906,122648,111,19226,414,0,20313,0.00100100000000225
31006000,965,-16970,122013,-10024,-15008,136342,111,19231,455,0,20314,0.0009990000000001942
31007000,228,1241,125978,-3106,1782,122970,112,19229,459,0,20315,0.0009999999999976694
31008000,1429,12127,125681,3060,8422,123795,115,19220,471,1,20316,0.0010000000000012221
31009000,-6383,15696,127166,-3524,10991,121144,137,19230,561,1,20317,0.0010000000000012221
31010000,-955,1416,123411,-13284,625,127518,103,19230,561,1,20318,0.0009999999999976694
31011000,8493,6605,124636,10785,3671,123198,110,19232,422,0,20319,0.0010000000000012221
31012000,9167,8661,124004,11390,1805,121605,110,19224,451,0,20320,0.0009999999999976694
31013000,9531,-6927,122885,-433,-8051,126171,106,19224,434,0,20321,0.0010000000000012221
31014000,5196,-4329,126956,1649,-7163,128440,118,19227,483,0,20322,0.0010000000000012221
31015000,5522,-5538,126339,6870,829,133168,138,19226,565,1,20323,0.0009999999999976694
31016000,834,10813,128227,-125,16435,114476,116,19226,475,1,20324,0.0010000000000012221
31017000,6692,8599,126937,-627,-657,127726,99,19230,475,1,20325,0.0010000000000012221
31018000,10117,-6537,123862,12184,-8538,129392,149,19228,405,0,20326,0.0009999999999976694
31019000,10478,-1207,128175,9429,-5649,129463,149,19229,610,0,20327,0.0010000000000012221
31020000,6374,-9840,127093,9849,-13011,130618,110,19228,451,0,20328,0.0010000000000012221
31021000,3468,3562,129776,-4228,161,124503,107,19229,438,1,20329,0.0009999999999976694
31022000,3293,5703,130916,-1063,1360,124111,125,19229,512,1,20330,0.0010000000000012221
31023000,-359,15307,129515,3392,14135,125736,110,19230,512,1,20331,0.0010000000000012221
31024001,2981,-379,128372,-3710,-4821,127854,111,19228,451,1,20332,0.0010009999999986974
31025001,11036,-10902,124448,6942,-13059,126833,111,19219,455,0,20333,0.0010000000000012221
31026000,9507,-3015,130553,16405,-5342,133851,102,19234,418,0,20334,0.0009990000000001942
31027002,4909,-5699,126585,-1678,-1263,123518,102,19225,418,0,20335,0.0010019999999997253
31028002,-616,18560,135859,-20952,7913,126946,120,19221,491,1,20336,0.0009999999999976694
31029000,-3724,-807,130797,3978,-8291,134421,112,19221,491,1,20337,0.000998000000002719
31030000,-9299,-2107,130812,544,-8312,132061,99,19228,459,1,20338,0.0009999999999976694
31031000,7,-2344,130104,-12977,-8524,127769,99,19227,405,0,20339,0.0010000000000012221
31032003,355,4325,129910,4753,1464,122348,140,19227,573,0,20340,0.0010030000000007533
31033000,5126,5695,130901,94,-3217,132091,102,19227,418,0,20341,0.0009969999999981383
31034000,-7831,1281,129853,-17849,-2288,126765,106,19227,434,0,20342,0.0010000000000012221
31035000,-7642,966,130568,-14721,-1334,137747,143,19227,434,1,20343,0.0010000000000012221
31036000,-9961,5736,131739,-1210,11443,122535,113,19230,586,1,20344,0.0009999999999976694
31037001,-5869,12338,130135,-14569,2135,126279,113,19232,463,1,20345,0.00100100000000225
31038000,-3434,-994,128424,-8021,-8936,131155,107,19225,438,0,20346,0.0009990000000001942
31039000,-3369,-7496,126202,-2435,-13764,133185,137,19230,561,0,20347,0.0009999999999976694
31040000,-662,158,127892,-5769,4102,118171,98,19233,401,0,20348,0.0010000000000012221
31041000,-4911,22045,128948,-7837,14756,118845,115,19233,401,1,20349,0.0010000000000012221
31042000,-6117,3099,128277,-8149,920,135766,116,19222,471,1,20350,0.0009999999999976694
31043000,-6845,1080,125807,-9748,-4009,124752,116,19225,475,1,20351,0.0010000000000012221
31044000,-2178,222,124145,-5786,4298,130351,105,19230,430,1,20352,0.0009999999999976694
31045000,4520,10152,127264,377,8164,113911,129,19229,528,0,20353,0.0010000000000012221
31046000,1975,2511,124258,-163,-6777,129990,101,19233,414,0,20354,0.0010000000000012221
31047000,2350,-9321,124044,-11842,-7402,134224,105,19233,414,0,20355,0.0009999999999976694
31048000,-3310,8682,126813,1412,11146,118260,155,19227,430,1,20356,0.0010000000000012221
31049000,-2882,17409,127500,1410,10172,123275,155,19231,635,1,20357,0.0010000000000012221
31050000,-940,8449,126213,-5912,1380,124209,112,19230,459,1,20358,0.0009999999999976694
31051000,5492,-4153,123781,2712,-8161,134825,98,19223,401,0,20359,0.0010000000000012221
31052000,8604,4947,124989,14289,-5272,111307,104,19228,426,0,20360,0.0010000000000012221
31053002,5373,3788,124491,8896,-1822,123444,115,19228,426,0,20361,0.0010019999999997253
31054000,4001,-1126,129294,-3836,725,129020,122,19226,471,0,20362,0.0009979999999991662
31055000,2977,-2115,125818,3681,1762,124003,122,19220,500,1,20363,0.0010000000000012221
31056000,5718,10759,129085,8081,3591,130679,113,19231,463,1,20364,0.0009999999999976694
31057000,6226,5746,124827,5515,3607,118607,104,19228,426,1,20365,0.0010000000000012221
31058000,10242,-1968,125067,3579,-5574,128716,121,19228,496,0,20366,0.0010000000000012221
31059000,12460,-3000,127627,9584,-6774,132767,94,19228,496,0,20367,0.0009999999999976694
31060000,6743,-6273,127023,11754,-9829,128347,102,19233,385,0,20368,0.0010000000000012221
31061000,1484,7100,130784,-3726,-1668,123372,102,19226,418,1,20369,0.0010000000000012221
31062000,-683,5329,129304,-5941,1424,127919,139,19227,569,1,20370,0.0009999999999976694
31063000,3107,3334,132974,11199,2387,137120,115,19228,471,1,20371,0.0010000000000012221
31064000,3965,2501,127014,-2181,-2410,119470,101,19224,414,1,20372,0.0010000000000012221
31065001,9877,-77,127572,-3338,-5613,128502,148,19224,606,0,20373,0.0010009999999986974
31066000,6759,-287,131367,20171,-5507,127012,104,19232,606,0,20374,0.0009990000000001942
31067000,2072,-14706,125514,-7025,-16158,136087,109,19228,426,0,20375,0.0010000000000012221
31068000,195,6681,135309,-18113,6051,126926,109,19224,446,1,20376,0.0009999999999976694
31069000,-6014,9417,131437,5462,5422,125300,128,19227,524,1,20377,0.0010000000000012221
31070000,-5072,11899,131341,-3604,6963,129796,103,19230,422,1,20378,0.0010000000000012221
31071000,87,-5604,128176,-18548,-9977,135243,115,19230,471,0,20379,0.0009999999999976694
31072000,100,-8385,127982,3322,-9133,124513,94,19221,471,0,20380,0.0010000000000012221
31073000,2265,9089,131263,-502,7610,122808,111,19228,385,0,20381,0.0009999999999976694
31074003,-5867,4810,132510,-18151,-3986,137072,111,19229,455,1,20382,0.0010030000000007533
31075002,-3845,-816,131844,-12936,-5683,128466,140,19226,573,1,20383,0.0009990000000001942
31076000,-9424,4247,128205,-13471,8545,125297,119,19228,487,1,20384,0.0009979999999991662
31077000,-4143,13870,130300,-10516,4523,127432,101,19224,414,1,20385,0.0010000000000012221
31078000,-3737,11045,127413,-5276,-8127,124989,157,19224,414,0,20386,0.0010000000000012221
31079001,-2692,-8221,123467,-12081,-14073,134909,112,19230,643,0,20387,0.0010009999999986974
31080000,-1271,-4666,128635,-6334,11601,118324,112,19230,459,0,20388,0.0009990000000001942
31081000,-2374,13758,128302,-5131,5580,126504,112,19223,459,1,20389,0.0010000000000012221
31082000,-6547,3652,127455,-8543,2709,125637,136,19228,557,1,20390,0.0009999999999976694
31083000,-8337,5671,128358,-15745,2364,126809,114,19233,467,1,20391,0.0010000000000012221
31084002,-824,8031,126428,2217,4089,122162,114,19233,467,0,20392,0.0010019999999997253
31085000,560,6754,125931,-659,-4100,124940,87,19228,467,0,20393,0.0009979999999991662
31086000,2982,-10791,125745,1512,-12264,132841,87,19230,356,0,20394,0.0010000000000012221
31087000,2295,7503,124845,-8600,6740,117249,107,19227,438,0,20395,0.0010000000000012221
31088000,-1545,10159,123966,-9582,8021,129961,129,19217,528,1,20396,0.0009999999999976694
31089000,-708,10230,125532,7177,11118,122844,114,19231,467,1,20397,0.0010000000000012221
31090000,1314,9149,124869,-2290,2892,121523,97,19231,467,1,20398,0.0010000000000012221
31091000,6416,2471,125116,2582,-1143,127206,137,19229,397,0,20399,0.0009999999999976694
31092000,6175,1387,125882,12567,-8412,125467,137,19233,561,0,20400,0.0010000000000012221
31093002,10708,-6162,123546,5742,-8306,127191,108,19228,442,0,20401,0.0010019999999997253
31094000,1930,2287,128059,3150,2259,125114,113,19220,463,1,20402,0.0009979999999991662
31095000,2980,2413,127973,140,-1136,125124,137,19229,561,1,20403,0.0010000000000012221
31096000,3466,11389,127486,4365,8934,123728,106,19229,561,1,20404,0.0010000000000012221
31097000,6023,10083,126508,915,6728,125518,101,19231,434,1,20405,0.0009999999999976694
31098000,13105,-2396,125442,12429,9293,119942,101,19223,414,0,20406,0.0010000000000012221
31099000,10827,-2767,125880,12833,-9861,128872,112,19234,459,0,20407,0.0010000000000012221
31100000,9685,-20576,124395,-2599,-21348,140597,106,19231,434,0,20408,0.0009999999999976694
31101000,4702,1102,131299,-1442,6829,125653,120,19221,491,1,20409,0.0010000000000012221
31102000,-727,12081,130757,4541,6233,126243,112,19221,491,1,20410,0.0010000000000012221
31103000,109,13583,131865,-676,11345,119182,100,19228,459,1,20411,0.0009999999999976694
31104000,907,389,129833,-4643,-11902,135885,100,19228,410,0,20412,0.0010000000000012221
31105000,11119,-19175,125763,11314,-17323,133484,133,19226,545,0,20413,0.0009999999999976694
31106000,7279,8165,129545,11659,6565,120272,102,19228,418,0,20414,0.0010000000000012221
31107000,2122,-409,131286,-15341,48,129796,104,19227,426,0,20415,0.0010000000000012221
31108000,3186,8771,133606,-6562,3982,125993,152,19227,623,1,20416,0.0009999999999976694
31109000,-7219,-8098,132687,6093,-10847,142760,111,19226,623,1,20417,0.0010000000000012221
31110000,-7104,3718,129080,-12266,9516,115318,99,19236,455,1,20418,0.0010000000000012221
31111000,564,-427,130478,-17468,-7786,131827,99,19224,405,0,20419,0.0009999999999976694
31112000,1332,-12912,128759,8923,-15960,135003,125,19231,512,0,20420,0.0010000000000012221
31113000,-314,3070,129441,-2944,1810,127000,115,19231,471,0,20421,0.0010000000000012221
31114001,-9970,2618,131636,-21415,1581,129975,123,19231,504,1,20422,0.0010009999999986974
31115000,-6463,8522,131057,-8298,3660,133542,111,19219,504,1,20423,0.0009990000000001942
31116002,-7923,2311,129264,-7950,-1433,132776,104,19227,455,1,20424,0.0010019999999997253
31117002,-5335,6803,128764,-9775,5760,116874,104,19231,426,1,20425,0.0010000000000012221
31118000,-4003,7542,127362,-10262,2710,130906,125,19218,512,0,20426,0.0009979999999991662
31119000,-2689,-7148,125290,-4685,-10473,128496,103,19231,422,0,20427,0.0010000000000012221
31120002,-211,36,127546,-4011,1676,128579,109,19232,446,0,20428,0.0010019999999997253
31121000,-6175,6476,128762,-12217,7709,125251,145,19232,446,1,20429,0.0009979999999991662
31122000,-7938,21019,127235,-11762,9524,120366,118,19234,594,1,20430,0.0010000000000012221
31123000,-5312,-2039,127042,-6892,278,137544,118,19230,483,1,20431,0.0009999999999976694
31124000,227,-3676,126131,2689,494,121488,101,19228,414,0,20432,0.0010000000000012221
31125000,-139,5753,125740,-5951,-1154,120886,115,19234,471,0,20433,0.0010000000000012221
31126000,-1636,4436,124137,-3485,4460,121839,109,19227,446,0,20434,0.0009999999999976694
31127000,3329,7115,128505,3807,-4834,132233,112,19227,446,0,20435,0.0010000000000012221
31128000,-2917,-3159,123400,-2735,1828,126384,132,19219,459,1,20436,0.0010000000000012221
31129000,-4712,13243,128318,-13134,14616,119697,132,19235,541,1,20437,0.0009999999999976694
31130000,5128,13930,125157,8151,10219,120380,100,19232,410,1,20438,0.0010000000000012221
31131000,9891,9798,124263,12136,-3314,124130,109,19228,446,0,20439,0.0010000000000012221
31132000,10330,-10420,122456,1445,-14000,134091,96,19225,393,0,20440,0.0009999999999976694
31133000,6299,-11387,124845,3477,-10690,123698,110,19225,393,0,20441,0.0010000000000012221
31134000,4513,8983,127706,8031,3944,123144,136,19227,451,1,20442,0.0010000000000012221
31135000,1542,14779,128424,744,8086,123303,136,19227,557,1,20443,0.0009999999999976694
31136000,751,5852,127452,1639,822,131492,113,19231,463,1,20444,0.0010000000000012221
31137000,9057,120,125372,5856,-2324,123245,97,19228,397,1,20445,0.0009999999999976694
31138000,11571,217,125714,8106,-3358,126688,143,19236,586,0,20446,0.0010000000000012221
31139000,13145,-811,127591,12947,-8011,128057,102,19236,586,0,20447,0.0010000000000012221
31140000,5484,-10443,125747,-3718,-11922,132158,108,19240,418,0,20448,0.0009999999999976694
31141000,3745,-3069,129557,-350,8463,131836,108,19223,442,1,20449,0.0010000000000012221
31142000,-467,19631,131810,7565,13987,120891,124,19228,508,1,20450,0.0010000000000012221
31143000,-845,6931,128783,-4029,1211,130411,109,19232,446,1,20451,0.0009999999999976694
31144001,8897,-4234,128460,489,-14687,130418,109,19216,446,0,20452,0.00100100000000225
31145000,9568,-19288,126363,13054,-7397,136849,88,19216,446,0,20453,0.0009990000000001942
31146000,7464,2166,129911,13310,-5032,119078,105,19233,360,0,20454,0.0009999999999976694
31147000,1315,793,130124,-19533,-1691,131149,105,19229,430,0,20455,0.0010000000000012221
31148000,-2127,7321,135391,-4653,8436,129877,127,19221,520,1,20456,0.0010000000000012221
31149001,-9128,7586,131261,3519,443,127114,114,19231,467,1,20457,0.0010009999999986974
31150000,-3616,-2886,128956,-14330,-7319,132724,97,19228,397,1,20458,0.0009990000000001942
31151000,-1044,-3232,129118,-5488,-11776,127727,141,19228,577,0,20459,0.0010000000000012221
31152001,4314,212,129553,4383,-1885,127833,108,19231,577,0,20460,0.0010009999999986974
31153000,-896,7756,130798,-3729,4140,125565,114,19228,442,0,20461,0.0009990000000001942
31154000,-7340,4673,131583,-19360,443,130120,114,19225,467,1,20462,0.0010000000000012221
31155000,-9260,955,129439,-13559,-1068,131739,136,19228,557,1,20463,0.0009999999999976694
31156000,-10712,8060,130429,-3642,8389,125732,113,19232,463,1,20464,0.0010000000000012221
31157000,-2166,7349,129024,-13473,2821,132921,105,19232,430,1,20465,0.0010000000000012221
31158000,-2420,-3219,125490,-4764,-8468,120074,130,19223,430,0,20466,0.0009999999999976694
31159000,-935,-4876,125921,-4311,-8206,132764,107,19230,532,0,20467,0.0010000000000012221
31160002,-1292,13488,128063,-5874,17161,121504,107,19227,438,0,20468,0.0010019999999997253
31161002,-5533,7934,127425,-9144,6600,123631,124,19223,508,1,20469,0.0010000000000012221
31162000,-5881,7711,129512,-12537,4233,131721,116,19234,475,1,20470,0.0009979999999991662
31163000,-4424,8704,126595,-4995,4215,123787,102,19234,418,1,20471,0.0010000000000012221
31164001,1539,3442,127644,-780,-546,130781,132,19228,418,0,20472,0.0010009999999986974
31165000,-1031,-5517,124596,-1970,-8536,122321,104,19231,541,0,20473,0.0009990000000001942
31166000,904,528,124314,-5076,-2060,127833,104,19229,426,0,20474,0.0009999999999976694
31167001,-2551,10457,128188,-5617,14531,118785,109,19225,446,0,20475,0.00100100000000225
31168000,-4068,15149,126917,-1014,-1094,128879,156,19225,639,1,20476,0.0009990000000001942
31169000,-759,9434,127866,-7102,-4076,122844,111,19234,455,1,20477,0.0009999999999976694
31170001,3441,7525,122925,-123,5140,120876,99,19234,455,1,20478,0.00100100000000225
31171000,10570,7637,126819,9444,-1971,129248,101,19225,405,0,20479,0.0009990000000001942
31172000,11553,1703,120690,7514,-11381,121533,101,19229,414,0,20480,0.0009999999999976694
31173000,7712,-9417,124016,-2456,-9558,135688,113,19228,463,0,20481,0.0010000000000012221
31174000,4740,-3464,127363,4602,9725,117766,122,19220,500,1,20482,0.0010000000000012221
31175000,3216,18412,129627,4618,12378,121103,111,19231,455,1,20483,0.0009999999999976694
31176000,5133,5800,127687,3869,-4908,133400,103,19231,455,1,20484,0.0010000000000012221
31177002,6327,-784,124494,2710,-7471,121121,123,19234,422,0,20485,0.0010019999999997253
31178002,13027,9350,127726,7036,-9639,124902,123,19226,504,0,20486,0.0010000000000012221
31179002,6593,1373,129318,14003,-11838,131665,96,19232,393,0,20487,0.0009999999999976694
31180000,5030,-11151,129489,-9485,-10734,136224,103,19228,422,0,20488,0.000998000000002719
31181000,5262,5779,132147,1224,4634,121873,139,19232,569,1,20489,0.0009999999999976694
31182000,-555,17918,128066,1748,12557,121288,114,19232,569,1,20490,0.0010000000000012221
31183001,3975,8028,130194,-3668,747,131573,102,19228,467,1,20491,0.0010009999999986974
31184002,7251,-4429,127808,7580,-17274,130281,102,19225,418,0,20492,0.00100100000000225
31185001,9028,-14325,127342,14191,-7362,131982,148,19231,606,0,20493,0.0009990000000001942
31186000,4448,-938,130575,-1841,-11304,129346,105,19231,430,0,20494,0.0009990000000001942
31187000,3063,3384,131669,-10151,529,124446,109,19220,446,1,20495,0.0009999999999976694
31188001,-1619,7438,133101,-1928,5996,132461,128,19220,446,1,20496,0.00100100000000225
31189000,-9363,4787,130939,-6279,1339,125976,105,19228,524,1,20497,0.0009990000000001942
31190000,-164,248,128748,-14876,-6928,129181,105,19230,430,1,20498,0.0009999999999976694
31191000,-989,-7993,127274,2821,-11337,134486,114,19218,467,0,20499,0.0010000000000012221
31192000,4887,-542,129942,1794,11311,123511,94,19229,385,0,20500,0.0010000000000012221
31193000,-4103,8324,130714,-16974,-682,127294,109,19225,446,0,20501,0.0009999999999976694
31194000,-4559,-5170,128909,-13135,-7780,134740,138,19225,565,1,20502,0.0010000000000012221
31195000,-9777,5628,132957,-7901,5617,132653,118,19225,565,1,20503,0.0010000000000012221
31196000,-11569,8176,129799,-9657,5405,121466,118,19228,483,1,20504,0.0009999999999976694
31197000,-2346,14947,131577,-8083,8020,126350,100,19229,410,0,20505,0.0010000000000012221
31198000,-5532,-8509,125643,-8691,-12553,132285,153,19227,627,0,20506,0.0009999999999976694
31199000,-598,-3250,126737,-2492,-4124,124326,105,19233,430,0,20507,0.0010000000000012221
31200000,-1771,6621,128795,-12503,7897,124063,109,19233,446,0,20508,0.0010000000000012221
31201000,-3008,5452,127437,-6254,7394,126397,134,19222,446,1,20509,0.0009999999999976694
31202000,-6631,9564,127661,-10369,5208,126696,115,19227,549,1,20510,0.0010000000000012221
31203000,-6051,4773,124847,-14869,4204,124895,115,19230,471,1,20511,0.0010000000000012221
31204000,3099,5968,126366,12257,10411,123118,110,19222,451,0,20512,0.0009999999999976694
31205000,-199,-10662,123107,-3841,-15040,128756,95,19229,389,0,20513,0.0010000000000012221
31206000,2438,-9781,124242,-8904,-11392,131881,112,19229,459,0,20514,0.0010000000000012221
31207000,-1941,9833,126515,1306,12281,122336,134,19224,459,1,20515,0.0009999999999976694
31208000,-2739,13806,126707,-977,11895,118969,115,19230,549,1,20516,0.0010000000000012221
31209002,-841,8841,125099,-3510,5274,128923,115,19230,471,1,20517,0.0010019999999997253
31210000,2467,1063,124053,-2870,-5432,123315,99,19232,405,0,20518,0.0009979999999991662
31211001,11020,6259,124300,12928,2432,122911,132,19231,541,0,20519,0.00100100000000225
31212000,10144,-2061,125057,10466,-4639,126166,108,19226,442,0,20520,0.0009990000000001942
31213000,6359,-5619,124422,-2054,-7268,127803,110,19226,442,0,20521,0.0009999999999976694
31214000,2645,-1710,125881,2791,5254,127513,129,19225,451,1,20522,0.0010000000000012221
31215000,1570,10045,128011,4177,8647,124715,129,19227,528,1,20523,0.0010000000000012221
31216002,7139,21993,127353,4306,4388,119135,111,19231,455,1,20524,0.0010019999999997253
31217000,8293,-2888,125284,4348,-10323,131254,103,19222,422,0,20525,0.0009979999999991662
31218000,13507,-7520,127895,8289,-13152,129249,107,19230,438,0,20526,0.0010000000000012221
31219000,7800,-5067,126123,10388,-3876,121272,102,19230,438,0,20527,0.0009999999999976694
31220000,4724,5133,130426,-3992,1381,131629,116,19223,418,1,20528,0.0010000000000012221
31221000,2416,4649,131003,-1158,-5026,131801,116,19226,475,1,20529,0.0010000000000012221
31222000,131,8934,129321,4298,2749,123687,113,19230,463,1,20530,0.0009999999999976694
31223000,6819,6545,127581,-4503,2123,128418,100,19231,410,1,20531,0.0010000000000012221
31224002,8350,-1104,129187,2806,-8993,125607,135,19229,553,0,20532,0.0010019999999997253
31225000,13071,-10889,127287,18695,-12437,133912,103,19229,553,0,20533,0.0009979999999991662
31226000,3157,-4212,130144,-1868,-10098,132388,103,19228,422,0,20534,0.0010000000000012221
31227000,-1702,2445,131539,-24296,4339,125684,103,19226,422,1,20535,0.0010000000000012221
31228000,-2521,17562,133862,5178,10475,128718,150,19224,614,1,20536,0.0009999999999976694
31229000,-8205,4847,131972,4406,-9664,132561,109,19226,446,1,20537,0.0010000000000012221
31230003,-2243,-9046,127847,-22852,-11885,130217,99,19229,405,0,20538,0.0010030000000007533
31231001,-1250,-3836,130616,-5026,-6773,128656,114,19229,405,0,20539,0.0009979999999991662
31232000,5387,3491,128476,12487,3006,124719,109,19230,467,0,20540,0.0009990000000001942
31233000,-4407,9979,132698,-21291,877,129570,109,19229,446,0,20541,0.0009999999999976694
31234000,-7674,-2034,130241,-17673,-4603,129690,121,19222,496,1,20542,0.0010000000000012221
31235000,-8066,5261,131820,-2965,4513,130464,113,19230,463,1,20543,0.0010000000000012221
31236000,-6263,8382,128900,-8930,6952,121860,101,19231,414,1,20544,0.0009999999999976694
31237000,-2525,7347,129386,-10416,-204,128279,127,19231,414,0,20545,0.0010000000000012221
31238000,-3531,-11058,124920,-8616,-14524,133394,96,19222,520,0,20546,0.0010000000000012221
31239000,-1168,-4421,127103,-1347,4484,124659,96,19230,393,0,20547,0.0009999999999976694
31240000,-4517,14479,128530,-9505,3314,123981,102,19228,418,1,20548,0.0010000000000012221
31241001,-8743,6865,126856,-4661,-956,126201,140,19236,573,1,20549,0.0010009999999986974
31242000,-6615,4746,127793,-13778,4340,132820,116,19229,475,1,20550,0.0009990000000001942
31243001,-1581,5741,126794,-2916,4402,119398,103,19229,422,1,20551,0.00100100000000225
31244000,-183,11163,126015,5512,5690,123000,116,19225,422,0,20552,0.0009990000000001942
31245000,2341,-8270,123065,-10636,-14743,131036,110,19231,475,0,20553,0.0009999999999976694
31246000,1096,-1550,124920,-1680,3716,125646,110,19228,451,0,20554,0.0010000000000012221
31247000,2737,8767,127541,1985,5961,127295,116,19222,475,1,20555,0.0010000000000012221
31248000,-6002,10321,124535,-3673,11330,119688,129,19231,528,1,20556,0.0009999999999976694
31249000,33,7918,126376,-9130,490,126758,102,19231,418,1,20557,0.0010000000000012221
31250002,7397,-521,122978,10957,-5859,121042,114,19231,418,0,20558,0.0010019999999997253
31251001,8063,4171,124634,4366,1214,126055,99,19230,467,0,20559,0.0009990000000001942
31252000,8530,-8824,123986,5011,-13402,122873,99,19229,405,0,20560,0.0009990000000001942
31253000,3071,-832,126390,10383,-5276,124883,112,19226,459,0,20561,0.0010000000000012221
31254000,3735,-889,126969,1593,268,136159,139,19228,569,1,20562,0.0009999999999976694
31255000,983,11575,128992,-554,13671,116170,112,19228,459,1,20563,0.0010000000000012221
31256000,8359,12939,126333,7354,9129,125823,93,19230,459,1,20564,0.0010000000000012221
31257000,9646,-1203,124416,4760,-2810,121713,153,19229,381,0,20565,0.0009999999999976694
31258000,9121,-5620,126769,5020,-14413,141280,153,19236,627,0,20566,0.0010000000000012221
31259000,9068,-18324,125660,19550,-22732,124422,107,19225,438,0,20567,0.0010000000000012221
31260000,2214,8404,130732,-8102,6707,126520,110,19222,451,1,20568,0.0009999999999976694
31261000,778,11402,132643,-5497,6111,126875,124,19225,508,1,20569,0.0010000000000012221
31262001,-7,9470,128948,7177,-1948,127093,103,19225,508,1,20570,0.0010009999999986974
31263000,2171,7843,131890,-5958,-11742,129675,110,19232,422,1,20571,0.0009990000000001942
31264002,9934,-13184,124478,4497,-15095,126384,110,19226,451,0,20572,0.0010019999999997253
31265000,11421,-2067,131932,12143,-7379,136939,98,19229,401,0,20573,0.0009979999999991662
31266001,4754,-3034,127697,-19420,-4408,124317,107,19226,438,0,20574,0.00100100000000225
31267000,2984,6548,131611,-11133,11707,128080,128,19223,524,1,20575,0.0009990000000001942
31268000,-10308,11117,136299,17183,-716,129195,111,19223,524,1,20576,0.0009999999999976694
31269000,-7800,-883,129258,-18229,-11566,131559,93,19230,455,1,20577,0.0010000000000012221
31270000,-1678,-8421,131272,-11385,-10348,136710,93,19231,381,0,20578,0.0010000000000012221
31271000,148,-2257,129760,7574,-4515,123268,143,19228,586,0,20579,0.0009999999999976694
31272000,4349,6869,128291,-3052,4271,125256,110,19230,451,0,20580,0.0010000000000012221
31273000,-9773,3811,132423,-20479,-4454,129975,114,19222,467,0,20581,0.0010000000000012221
31274000,-5338,841,129907,-13914,-2496,136236,139,19222,467,1,20582,0.0009999999999976694
31275000,-8927,5679,131878,-3783,6993,121545,109,19226,569,1,20583,0.0010000000000012221
31276000,-5298,17861,129595,-15235,10277,120829,109,19231,446,1,20584,0.0010000000000012221
31277000,-899,1561,128231,-7383,-9656,130410,106,19222,434,0,20585,0.0009999999999976694
31278000,-3259,-4348,124200,-25,-15827,129038,138,19233,565,0,20586,0.0010000000000012221
31279000,2409,-2826,126541,-16976,-3970,130530,109,19228,446,0,20587,0.0010000000000012221
31280000,-4567,16013,131063,-5910,16308,112984,124,19228,446,1,20588,0.0009999999999976694
31281000,-6033,13869,128946,-8686,757,130821,115,19218,508,1,20589,0.0010000000000012221
31282000,-9178,-964,127353,-15716,-4209,131306,115,19228,471,1,20590,0.0010000000000012221
31283000,-2591,5953,126142,-2834,2253,120837,105,19227,430,0,20591,0.0009999999999976694
31284000,3016,5972,126189,2234,2135,121614,133,19234,545,0,20592,0.0010000000000012221
31285000,1493,2124,124568,-3031,-7738,124127,109,19224,446,0,20593,0.0010000000000012221
31286001,3007,-1039,125096,-7509,4705,136110,112,19224,459,0,20594,0.0010009999999986974
31287000,-2414,4662,124521,-458,6666,117560,153,19227,459,1,20595,0.0009990000000001942
31288000,-2197,15103,126688,-4040,17212,121923,110,19227,627,1,20596,0.0010000000000012221
31289001,2200,6769,125925,-1313,619,128796,110,19232,451,1,20597,0.0010009999999986974
31290000,7049,-424,121454,8014,-4366,123205,99,19225,405,0,20598,0.0009990000000001942
31291000,10607,2546,125272,7926,-3145,127597,98,19230,401,0,20599,0.0009999999999976694
31292000,7929,-6997,123303,9264,-5580,121184,114,19230,467,0,20600,0.0010000000000012221
31293001,4692,2775,128050,5923,-2943,128743,122,19228,467,1,20601,0.00100100000000225
31294000,321,1927,126023,-7219,2990,125398,109,19220,500,1,20602,0.0009989999999966415
31295003,4591,21078,130252,4918,14455,122783,109,19228,446,1,20603,0.0010030000000007533
31296000,6606,4316,125050,11228,-215,125527,100,19231,410,1,20604,0.000997000000001691
31297000,10828,1288,126874,-651,-2698,120950,123,19224,504,0,20605,0.0009999999999976694
31298000,12761,-7922,127274,20032,-12260,138144,98,19224,401,0,20606,0.0010000000000012221
31299000,6010,-12607,127171,7638,-15747,126623,106,19230,401,0,20607,0.0010000000000012221
31300000,3306,2011,131390,-13309,-327,131067,139,19228,434,1,20608,0.0009999999999976694
31301000,-2372,7239,131935,4708,7754,124344,139,19232,569,1,20609,0.0010000000000012221
31302000,710,7195,128268,7741,5685,124140,113,19229,463,1,20610,0.0010000000000012221
31303000,4498,3041,128892,-9227,-4401,127179,98,19227,401,1,20611,0.0009999999999976694
31304000,11276,-4511,125190,6953,-8315,121489,145,19226,594,0,20612,0.0010000000000012221
31305000,10846,1133,133125,22320,-2736,138727,112,19226,594,0,20613,0.0010000000000012221
31306000,2747,-9558,130232,-12032,-10929,125021,115,19232,459,0,20614,0.0009999999999976694
31307003,3104,5816,133191,-13364,-790,134577,115,19222,471,1,20615,0.0010030000000007533
31308000,-9649,2544,131365,8270,5507,124492,136,19232,557,1,20616,0.000997000000001691
31309000,-6943,8122,130268,-11613,-5928,128606,104,19230,426,1,20617,0.0009999999999976694
31310000,3148,6985,129924,-9497,-9262,131279,114,19221,467,0,20618,0.0010000000000012221
31311000,-952,-12850,126829,3510,-10285,127033,93,19221,467,0,20619,0.0010000000000012221
31312000,3609,-3194,133630,-7193,3227,128585,109,19230,381,0,20620,0.0009999999999976694
31313000,-6688,1087,129931,-15901,5385,122493,109,19229,446,1,20621,0.0010000000000012221
31314000,-7246,8002,131910,-13055,8238,134723,137,19227,561,1,20622,0.0010000000000012221
31315000,-8924,2596,128976,-9991,-1314,128607,116,19231,475,1,20623,0.0009999999999976694
31316000,-2856,6761,128537,-6352,5313,123814,100,19226,410,1,20624,0.0010000000000012221
31317002,-3136,971,128567,-7006,-6269,129744,158,19226,410,0,20625,0.0010019999999997253
31318000,-3374,-1616,127293,-7220,-3792,127178,103,19228,647,0,20626,0.0009979999999991662
31319001,359,-857,126588,-4141,-6280,133312,103,19231,422,0,20627,0.00100100000000225
31320000,-8714,6708,127787,-13172,15755,116233,107,19225,438,1,20628,0.0009990000000001942
31321000,-5601,13836,129108,-7795,1823,133579,131,19227,537,1,20629,0.0009999999999976694
31322000,-8784,7701,124804,-8531,3541,119327,110,19228,451,1,20630,0.0010000000000012221
31323000,1344,11254,127553,-11389,-2642,128594,111,19228,451,0,20631,0.0009999999999976694
31324001,2846,-7881,124346,9563,-6364,125120,90,19221,455,0,20632,0.00100100000000225
31325000,2285,9606,127736,-3507,-2422,119772,90,19228,369,0,20633,0.0009990000000001942
31326000,1006,-5091,124327,-6816,-7080,134247,109,19231,446,0,20634,0.0009999999999976694
31327000,-3389,11932,128232,-2313,14513,118581,131,19223,537,1,20635,0.0010000000000012221
31328000,182,12607,125216,-1966,6212,126432,116,19231,475,1,20636,0.0010000000000012221
31329000,1457,8296,124437,3196,8829,118974,95,19231,389,1,20637,0.0009999999999976694
31330000,9919,7802,124149,2937,-1078,127428,131,19228,389,0,20638,0.0010000000000012221
31331000,7635,-7773,120615,11856,-5715,126222,108,19233,537,0,20639,0.0010000000000012221
31332000,9822,-665,127013,5280,-8046,128870,108,19226,442,0,20640,0.0009999999999976694
31333000,3867,-12905,126008,2033,-5631,131076,112,19227,459,1,20641,0.0010000000000012221
31334001,360,22265,129673,-170,14030,115534,133,19230,545,1,20642,0.0010009999999986974
31335000,3857,-165,126101,7456,-11583,138084,110,19230,451,1,20643,0.0009990000000001942
31336000,8306,-2364,125464,7134,1810,120332,104,19231,451,1,20644,0.0010000000000012221
31337000,10619,12031,128051,1140,3243,118092,106,19226,426,0,20645,0.0010000000000012221
31338000,9409,-576,126984,14577,-7654,129530,106,19232,434,0,20646,0.0009999999999976694
31339001,4620,-5923,126711,6559,-9319,133302,102,19230,418,0,20647,0.00100100000000225
31340000,4143,-9555,128380,-12116,-4733,134597,116,19224,475,1,20648,0.0009990000000001942
31341000,524,21020,132177,11966,18796,116802,113,19224,463,1,20649,0.0009999999999976694
31342002,245,11614,129967,3125,2715,126849,104,19230,463,1,20650,0.0010019999999997253
31343002,6451,-2231,129588,-9037,-8169,128213,135,19229,426,0,20651,0.0010000000000012221
31344003,11021,-19568,127305,14108,-23545,137414,135,19224,553,0,20652,0.0010009999999986974
31345000,6342,-4749,129274,13259,-1642,128583,98,19231,401,0,20653,0.000997000000001691
31346000,2212,9571,133476,-19209,1165,120896,104,19227,426,0,20654,0.0010000000000012221
31347000,-3093,5195,133006,-3041,1705,135445,153,19233,627,1,20655,0.0009999999999976694
31348000,-4423,-1256,131927,2486,-629,135051,112,19233,627,1,20656,0.0010000000000012221
31349000,-8270,-2110,128033,-9367,-5264,127186,100,19228,459,1,20657,0.0010000000000012221
31350000,2213,-1154,128378,-14404,-4257,122429,100,19223,410,0,20658,0.0009999999999976694
31351001,-974,3615,128037,3439,52,132704,121,19230,496,0,20659,0.00100100000000225
31352001,589,-6515,130059,-763,-8910,128654,105,19228,430,0,20660,0.0009999999999976694
31353000,-6591,6009,131821,-18434,1888,130441,123,19217,504,1,20661,0.0009990000000001942
31354010,-11099,-2038,129558,-10640,8350,130738,111,19217,504,1,20662,0.0010100000000008436
31355006,-8600,13823,132388,-10026,7849,123696,104,19228,455,1,20663,0.000996000000000663
31356002,-4750,4481,128551,-11642,-13098,133865,104,19232,426,1,20664,0.000996000000000663
31357000,-4562,4312,125586,-9066,3168,121393,123,19220,504,0,20665,0.0009979999999991662
31358003,-1764,-2406,125092,-3250,-4320,130047,95,19234,389,0,20666,0.0010030000000007533
31359000,-1523,-726,127396,-11578,1849,125524,104,19227,426,0,20667,0.0009969999999981383
31360000,-3271,9649,129133,-14363,8180,123059,145,19227,426,1,20668,0.0010000000000012221
31361000,-8668,5581,129854,-4758,4064,131702,118,19228,594,1,20669,0.0009999999999976694
31362000,-7580,5357,127202,-5476,-400,123845,118,19228,483,1,20670,0.0010000000000012221
31363000,-2639,2801,125345,-3125,3575,124155,105,19227,430,0,20671,0.0010000000000012221
31364000,-715,3379,126735,-2595,-3189,126282,117,19230,479,0,20672,0.0009999999999976694
31365002,2534,-1246,122997,-1380,-4633,125773,116,19226,475,0,20673,0.0010019999999997253
31366000,-1675,7176,127025,-5586,5727,123624,117,19226,475,0,20674,0.000998000000002719
31367000,-203,10964,127098,177,993,122774,143,19219,479,1,20675,0.0009999999999976694
31368000,-5725,7920,125156,1535,5276,124415,143,19228,586,1,20676,0.0010000000000012221
31369000,2170,7858,127219,-8667,4843,122646,102,19231,418,1,20677,0.0010000000000012221
31370000,13283,12017,121978,18117,5438,117288,112,19227,459,0,20678,0.0009999999999976694
31371000,10048,775,124487,7697,-14550,134086,97,19231,397,0,20679,0.0010000000000012221
31372000,9993,-12234,122696,-6980,-16978,126760,108,19231,397,0,20680,0.0010000000000012221
31373000,4833,-556,127798,7061,514,131986,136,19227,442,1,20681,0.0009999999999976694
31374000,2776,9321,130212,2623,14120,119670,136,19227,557,1,20682,0.0010000000000012221
31375000,319,18644,127421,5020,9705,120847,113,19231,463,1,20683,0.0010000000000012221
31376005,6832,-6601,125525,2349,-15644,133533,94,19227,385,0,20684,0.0010049999999992565
31377001,11109,-1295,125446,7377,-3034,123376,148,19233,606,0,20685,0.000996000000000663
31378000,9835,-3809,128059,15874,-8799,129333,103,19233,422,0,20686,0.0009990000000001942
31379000,7062,-2574,129155,-2444,-5120,126007,106,19229,422,0,20687,0.0009999999999976694
31380001,1867,-3447,128401,-6482,-4217,137276,120,19222,434,1,20688,0.00100100000000225
31381003,2064,14543,133217,5574,8680,120598,120,19231,491,1,20689,0.0010019999999997253
31382000,-700,10656,128537,-2273,7057,122508,106,19230,434,1,20690,0.0009969999999981383
31383000,5979,-1067,129918,-2736,-8122,133631,112,19216,459,0,20691,0.0010000000000012221
31384000,11075,-19067,125677,10767,-26978,133391,94,19216,385,0,20692,0.0010000000000012221
31385000,5520,-3148,129645,21085,-7186,126063,104,19228,385,0,20693,0.0009999999999976694
31386000,-297,7339,131036,-24607,5808,127344,126,19231,426,1,20694,0.0010000000000012221
31387000,-1253,11834,132021,-12136,11597,122404,126,19225,516,1,20695,0.0009999999999976694
31388000,-5347,10255,132260,10740,1928,133052,112,19230,459,1,20696,0.0010000000000012221
31389000,-3801,-6566,127431,-12975,-10978,130932,97,19230,397,1,20697,0.0010000000000012221
31390000,-367,-12107,128630,-13578,-14827,131280,145,19230,594,0,20698,0.0009999999999976694
31391000,5386,4793,130348,6560,3466,127319,107,19236,594,0,20699,0.0010000000000012221
31392001,554,4096,128827,2241,743,135537,111,19224,438,0,20700,0.0010009999999986974
31393000,-7415,4649,131437,-22412,6227,118666,111,19217,455,1,20701,0.0009990000000001942
31394000,-11116,8207,131101,-20616,1678,133818,131,19228,537,1,20702,0.0010000000000012221
31395000,-7406,2934,128840,426,5830,113424,113,19231,463,1,20703,0.0010000000000012221
31396002,-4403,12599,132489,-7633,8750,119807,108,19221,442,1,20704,0.0010019999999997253
31397000,-1480,-12096,124331,-12861,-16333,128362,136,19221,442,0,20705,0.0009979999999991662
31398000,-5047,890,127240,-2033,-1149,124631,106,19228,557,0,20706,0.0010000000000012221
31399000,-418,5096,129615,-7632,1690,127042,106,19228,434,0,20707,0.0009999999999976694
31400000,-5132,15258,128833,-2462,13751,119319,121,19219,496,1,20708,0.0010000000000012221
31401000,-7845,4525,127371,-13943,-9288,136004,116,19229,475,1,20709,0.0010000000000012221
31402000,-3564,2035,125211,-11689,8022,115245,105,19227,430,1,20710,0.0009999999999976694
31403000,3168,11821,125702,4540,-3482,126406,136,19227,430,0,20711,0.0010000000000012221
31404000,2232,-2391,124085,6414,-9889,126200,114,19230,557,0,20712,0.0010000000000012221
31405000,-372,-4998,122351,-11656,-416,125702,114,19228,467,0,20713,0.0009999999999976694
31406000,1738,4648,128977,4921,11526,128220,112,19223,459,1,20714,0.0010000000000012221
31407000,-4098,20108,126337,-633,16993,113103,157,19224,643,1,20715,0.0010000000000012221
31408000,-1382,7929,125560,-8387,-1774,133984,113,19229,463,1,20716,0.0009999999999976694
31409000,4486,-2195,124481,4911,-1054,122819,99,19229,463,1,20717,0.0010000000000012221
31410000,9817,3117,124518,13555,-6180,124487,96,19226,405,0,20718,0.0010000000000012221
31411000,8758,5130,126280,4385,-7538,122702,96,19228,393,0,20719,0.0009999999999976694
31412000,5077,1974,126620,-3793,-9346,129856,115,19228,471,0,20720,0.0010000000000012221
31413013,4020,-2633,125730,11061,3474,127724,121,19222,496,1,20721,0.0010130000000003747
31414000,1974,11781,128013,-5695,18236,116393,108,19234,442,1,20722,0.0009869999999985168
31415001,7828,7049,126790,3586,-7262,131087,96,19234,442,1,20723,0.00100100000000225
31416001,12784,6268,124334,11795,2757,118570,124,19232,393,0,20724,0.0009999999999976694
31417006,11549,781,126581,-1700,-9112,130750,124,19225,508,0,20725,0.0010049999999992565
31418003,9438,-12355,127355,18810,-13703,131854,108,19227,442,0,20726,0.000997000000001691
31419000,2281,2050,130148,-2528,-6091,127775,110,19226,451,0,20727,0.0009969999999981383
31420001,1865,4366,129974,-6796,4218,126718,141,19228,577,1,20728,0.00100100000000225
31421000,754,21312,133019,5487,10908,121391,114,19228,467,1,20729,0.0009990000000001942
31422000,4592,2323,127722,-1733,-7310,130333,101,19229,467,1,20730,0.0009999999999976694
31423000,9148,-5300,128695,4896,-9405,126831,143,19227,414,0,20731,0.0010000000000012221
31424000,6990,-4087,130499,13662,-8151,127867,143,19232,586,0,20732,0.0010000000000012221
31425000,7757,-8425,127068,2670,-12207,133927,105,19225,430,0,20733,0.0009999999999976694
31426000,-2363,3503,134614,-18477,2331,129463,109,19218,446,1,20734,0.0010000000000012221
31427003,-4084,-4024,133277,796,-376,131741,121,19218,496,1,20735,0.0010030000000007533
31428002,-9530,12976,131143,-1683,4014,122010,101,19228,496,1,20736,0.0009990000000001942
31429000,-1169,-4313,128791,-23392,-14902,140626,117,19229,414,1,20737,0.0009979999999991662
31430000,2030,-13190,125756,7774,-9423,129973,117,19222,479,0,20738,0.0010000000000012221
31431001,4175,10435,131124,-1959,8964,119572,94,19231,385,0,20739,0.0010009999999986974
31432000,-5255,9494,130633,-15371,4067,129328,108,19227,442,0,20740,0.0009990000000001942
31433001,-5657,-4832,129391,-12371,-8448,135811,137,19227,561,1,20741,0.0010009999999986974
31434000,-7433,390,130708,-6741,2537,133629,115,19225,561,1,20742,0.0009990000000001942
31435000,-10961,12604,129463,-10447,12031,122100,99,19231,471,1,20743,0.0010000000000012221
31436000,-2489,7534,129400,-10978,1986,121543,99,19230,405,0,20744,0.0010000000000012221
31437000,-3513,-4869,127140,-3916,-11408,134839,160,19230,655,0,20745,0.0009999999999976694
31438000,-459,-11556,125033,-6431,-9545,132409,103,19236,422,0,20746,0.0010000000000012221
31439000,-4259,-1857,127668,-11519,2928,119508,109,19221,446,0,20747,0.0010000000000012221
31440000,-4565,21936,130814,-8843,14186,122169,127,19221,446,1,20748,0.0009999999999976694
31441000,-7961,-5053,124191,-1875,-10139,136662,112,19229,520,1,20749,0.0010000000000012221
31442001,-6853,4517,127230,-13556,4217,121165,112,19230,459,1,20750,0.0010009999999986974
31443001,-24,3918,124878,-6070,-5,123034,114,19224,467,0,20751,0.0010000000000012221
31444000,1612,6523,125326,8866,5982,124451,92,19229,377,0,20752,0.0009990000000001942
31445000,4141,-5746,125208,-6142,-11004,137598,109,19227,446,0,20753,0.0010000000000012221
31446000,-3749,-3404,124788,-2931,-3616,115369,129,19227,446,1,20754,0.0009999999999976694
31447000,-2547,23343,128933,-5390,21308,122403,114,19220,528,1,20755,0.0010000000000012221
31448000,-1458,2830,123978,-2131,6688,123711,114,19229,467,1,20756,0.0009999999999976694
31449000,5810,10914,125949,5895,-3896,127506,97,19228,397,0,20757,0.0010000000000012221
31450000,7462,-10486,119811,254,-13903,126093,134,19228,549,0,20758,0.0010000000000012221
31451000,6889,13240,127375,6795,11754,114745,118,19226,483,0,20759,0.0009999999999976694
31452000,9704,-6768,125437,8968,-19681,138372,117,19226,483,0,20760,0.0010000000000012221
31453002,2967,-4819,127018,-4256,7977,120262,134,19224,479,1,20761,0.0010019999999997253
31454000,3410,16194,129348,309,5865,125527,134,19229,549,1,20762,0.0009979999999991662
31455000,5671,4425,126014,9365,5784,121267,108,19228,442,1,20763,0.0010000000000012221
31456000,10477,5377,125544,6061,-4343,126479,103,19222,422,0,20764,0.0010000000000012221
31457000,8980,-9027,125774,8798,-9592,133150,104,19231,426,0,20765,0.0009999999999976694
31458000,10040,-6895,126356,11838,-8699,127269,103,19231,426,0,20766,0.0010000000000012221
31459000,4855,1018,129513,-1630,6405,127300,118,19229,422,1,20767,0.0010000000000012221
31460000,1883,14047,131108,-2347,5817,126380,118,19225,483,1,20768,0.0009999999999976694
31461000,922,3581,129344,5226,-1886,130711,113,19229,463,1,20769,0.0010000000000012221
31462000,2757,-653,128423,435,-4649,128353,102,19224,418,1,20770,0.0010000000000012221
31463000,6617,5634,130261,2300,-7334,125107,133,19224,545,0,20771,0.0009999999999976694
31464001,11515,-7788,128283,21470,-8730,129988,100,19224,410,0,20772,0.00100100000000225
31465000,4069,-6768,130767,-11053,-11818,135988,104,19229,410,0,20773,0.0009990000000001942
31466000,912,4749,130834,-17110,3493,122090,104,19222,426,1,20774,0.0009999999999976694
31467000,-5928,14297,134525,3812,4276,128683,151,19229,618,1,20775,0.0010000000000012221
31468000,-6721,5516,132795,2069,-2688,128719,112,19234,459,1,20776,0.0010000000000012221
31469000,-4115,-7084,128857,-20753,-16923,132715,101,19221,414,0,20777,0.0009999999999976694
31470000,-2111,-10317,128828,-3061,-5288,130470,112,19221,459,0,20778,0.0010000000000012221
31471000,2482,4908,130459,7432,-1239,124741,109,19232,459,0,20779,0.0010000000000012221
31472000,-5306,8455,131620,-13986,4651,124590,124,19228,446,0,20780,0.0009999999999976694
31473000,-9548,1864,131400,-22292,-6388,135537,124,19222,508,1,20781,0.0010000000000012221
31474000,-4391,-4069,129981,-5339,-1384,133169,112,19228,459,1,20782,0.0010000000000012221
31475000,-8113,20086,131511,-2481,12705,116876,102,19229,418,1,20783,0.0009999999999976694
31476001,-1206,4368,126399,-10360,-1585,130115,125,19229,512,0,20784,0.00100100000000225
31477000,-6256,-7430,125830,-12753,-8921,133034,108,19219,512,0,20785,0.0009990000000001942
31478000,1498,-2665,125754,-3245,-4060,125173,109,19229,442,0,20786,0.0009999999999976694
31479000,-4221,8800,127296,-5194,8493,125432,109,19227,446,1,20787,0.0010000000000012221
31480000,-7127,12155,129719,-13086,7362,121879,148,19230,606,1,20788,0.0009999999999976694
31481000,-5828,3649,127317,-12972,-2821,128643,117,19229,479,1,20789,0.0010000000000012221
31482000,-1418,4813,126982,-5077,685,127738,102,19228,418,1,20790,0.0010000000000012221
31483000,1629,2332,125329,4318,-647,122940,114,19228,418,0,20791,0.0009999999999976694
31484000,595,2695,125269,-4245,-4800,123112,106,19232,467,0,20792,0.0010000000000012221
31485003,1585,-66,123969,-8111,-2881,127278,106,19230,434,0,20793,0.0010030000000007533
31486025,-2611,7076,127800,-2042,5775,129559,114,19222,467,1,20794,0.0010219999999989682
31487000,164,10740,125333,-3331,8586,114095,127,19230,520,1,20795,0.0009750000000003922
31488000,-3097,10510,125230,4714,4980,124543,101,19230,414,1,20796,0.0010000000000012221
31489000,5947,-716,124659,-4754,-1933,129039,114,19230,414,0,20797,0.0009999999999976694
31490000,11881,-37,124345,8581,-3697,118181,96,19227,467,0,20798,0.0010000000000012221
31491000,7395,-6953,125529,14882,-10418,128383,96,19226,393,0,20799,0.0010000000000012221
31492000,5938,-236,123713,-1077,-3667,121641,109,19228,446,0,20800,0.0009999999999976694
31493000,2440,8900,130671,4708,2479,134952,141,19228,577,1,20801,0.0010000000000012221
31494000,6069,4097,127762,3875,2752,119878,114,19230,467,1,20802,0.0010000000000012221
31495000,6284,13875,128450,5797,5395,123858,97,19230,467,1,20803,0.0009999999999976694
31496003,9315,3750,124639,2651,-4089,124419,133,19227,397,0,20804,0.0010030000000007533
31497001,11300,-6454,124531,7427,-16096,129652,133,19235,545,0,20805,0.0009979999999991662
31498003,6593,-9300,129265,20249,-12686,137465,103,19230,422,0,20806,0.0010019999999997253
31499000,5881,-1207,128284,-11015,4682,121448,107,19224,438,1,20807,0.000997000000001691
31500000,-2161,17583,132748,6096,15918,128567,123,19238,504,1,20808,0.0010000000000012221
31501000,811,8175,130717,2872,2266,127086,106,19238,504,1,20809,0.0009999999999976694
31502000,4279,-7510,126638,-2760,-12505,128967,114,19227,434,1,20810,0.0010000000000012221
31503000,9195,-10716,129421,8202,-8304,130977,114,19217,467,0,20811,0.0010000000000012221
31504000,12032,-5658,127192,16708,-5083,125518,88,19230,360,0,20812,0.0009999999999976694
31505018,1981,216,130813,-18298,1857,129103,105,19232,430,0,20813,0.0010180000000019618
31506000,2380,7690,133861,-8603,-703,130782,133,19220,545,1,20814,0.0009820000000004825
31507002,-10145,476,130637,9588,51,129346,115,19220,545,1,20815,0.0010019999999997253
31508002,-6512,4089,132018,-22893,-2176,128665,97,19228,471,1,20816,0.0009999999999976694
31509002,-2641,-6314,128178,-5774,-12690,133549,97,19230,397,0,20817,0.0010000000000012221
31510002,4629,1790,130253,7566,-288,120307,146,19230,598,0,20818,0.0010000000000012221
31511000,-916,7120,130363,-11539,-4104,125135,115,19227,471,0,20819,0.0009979999999991662
31512003,-6062,2519,131012,-9639,-4011,130634,118,19224,483,1,20820,0.0010030000000007533
31513000,-7012,11173,131889,-13539,-390,129400,138,19224,565,1,20821,0.0009969999999981383
31514000,-9351,3389,130869,-11765,2953,129905,112,19227,565,1,20822,0.0010000000000012221
31515000,-3610,10181,131176,-12994,11322,119538,109,19230,459,1,20823,0.0009999999999976694
31516000,-2281,2612,126840,-7041,-11138,131253,109,19220,446,0,20824,0.0010000000000012221
31517000,-3415,-5852,123830,2465,-4075,127314,122,19233,500,0,20825,0.0010000000000012221
31518002,1028,410,127884,-11723,-4149,128499,105,19230,430,0,20826,0.0010019999999997253
31519000,-4482,8189,127980,-6884,13265,122054,125,19230,512,1,20827,0.0009979999999991662
31520000,-6472,17294,130326,-11386,7823,123973,117,19221,512,1,20828,0.0010000000000012221
31521000,-7993,-9793,127446,-10549,-1391,136551,102,19226,479,1,20829,0.0009999999999976694
31522000,-884,11294,126938,-1403,2048,117667,102,19229,418,0,20830,0.0010000000000012221
31523000,948,-547,121971,-9042,-6881,130680,137,19232,561,0,20831,0.0010000000000012221
31524001,3335,-3078,125040,5107,-3598,125300,105,19229,430,0,20832,0.0010009999999986974
31525000,-162,9227,126577,-4621,2981,121184,105,19229,430,0,20833,0.0009990000000001942
31526000,-753,9919,127327,-2947,6070,126678,159,19225,430,1,20834,0.0010000000000012221
31527001,-6069,11556,127127,-180,8022,123160,112,19228,651,1,20835,0.0010009999999986974
31528000,4436,5444,124435,-5222,3336,129516,112,19230,459,1,20836,0.0009990000000001942
31529000,7225,8834,123042,9635,6979,120268,100,19224,410,0,20837,0.0010000000000012221
31530000,7575,-1588,124569,6862,-6720,125538,90,19230,369,0,20838,0.0009999999999976694
31531000,11967,-4645,125614,4422,-8697,127193,111,19227,455,0,20839,0.0010000000000012221
31532000,3042,-4437,126683,10001,-8151,129479,122,19227,455,1,20840,0.0010000000000012221
31533000,591,1835,127551,-850,5752,124714,113,19222,500,1,20841,0.0009999999999976694
31534000,2786,19151,129537,-6999,11763,120624,113,19228,463,1,20842,0.0010000000000012221
31535000,8992,-4586,124554,11721,-10105,134008,102,19232,418,1,20843,0.0010000000000012221
31536004,10247,323,125984,9944,-1346,119692,127,19224,520,0,20844,0.0010039999999982285
31537000,8831,976,128438,3239,-7228,132387,99,19228,405,0,20845,0.000996000000000663
31538000,9433,-5702,127342,14469,-7132,129935,105,19228,405,0,20846,0.0010000000000012221
31539000,1790,733,131318,-955,-1358,133683,144,19228,430,1,20847,0.0009999999999976694
31540000,1380,8715,131180,-5765,6379,118699,144,19228,590,1,20848,0.0010000000000012221
31541000,-1106,16072,128917,7081,12604,125889,114,19230,467,1,20849,0.0009999999999976694
31542000,6056,-6354,127251,-1188,-17363,136750,102,19223,418,0,20850,0.0010000000000012221
31543018,10986,-11856,126353,1751,-2834,124133,137,19232,561,0,20851,0.0010180000000019618
31544000,6294,2741,130865,18627,-12819,133571,104,19232,561,0,20852,0.0009819999999969298
31545002,2811,3615,128655,-17984,6766,117668,111,19232,426,0,20853,0.001002000000003278
31546002,-228,10267,134680,-7146,-5808,135937,111,19223,455,1,20854,0.0009999999999976694
31547002,-3812,-8015,131845,6617,-10575,134674,122,19230,500,1,20855,0.0010000000000012221
31548000,-7836,11325,131625,-17214,6717,114535,102,19232,418,1,20856,0.0009979999999991662
31549000,923,185,130604,-10593,-8418,136228,117,19222,479,0,20857,0.0010000000000012221
31550000,2045,-3621,128480,13130,-4334,126887,97,19222,479,0,20858,0.0009999999999976694
31551000,-147,-4845,128899,-9918,-9612,136025,107,19232,397,0,20859,0.0010000000000012221
31552000,-8550,3122,132400,-20224,10713,122510,107,19227,438,1,20860,0.0010000000000012221
31553000,-9357,10190,132289,-7629,6347,130396,143,19228,586,1,20861,0.0009999999999976694
31554000,-8337,4230,129557,-5373,-583,130968,117,19229,479,1,20862,0.0010000000000012221
31555000,-4797,7781,128448,-12666,2565,124385,100,19225,410,1,20863,0.0010000000000012221
31556000,-3935,-5912,126436,-6502,-12263,133668,164,19225,672,0,20864,0.0009999999999976694
31557003,-2691,7473,126484,-4563,6854,119923,101,19232,672,0,20865,0.0010030000000007533
31558002,1252,3504,128183,-6739,-3577,132969,112,19231,414,0,20866,0.0009990000000001942
31559000,-6639,-604,127863,-9248,-279,125103,112,19221,459,1,20867,0.0009979999999991662
31560000,-6121,15985,128186,-14535,12393,122104,125,19230,512,1,20868,0.0010000000000012221
31561000,-6942,10141,128064,1336,5326,129237,109,19231,446,1,20869,0.0010000000000012221
31562000,-93,3594,124859,-1614,-450,121277,114,19231,467,0,20870,0.0009999999999976694
31563000,-1103,384,124356,-12458,-1800,126240,91,19224,467,0,20871,0.0010000000000012221
31564002,2616,-167,125882,8107,1010,129633,109,19228,373,0,20872,0.0010019999999997253
31565000,2189,-3755,124568,1068,-5998,126515,109,19226,446,0,20873,0.0009979999999991662
31566001,-3868,7145,126898,-11838,7487,126277,133,19223,545,1,20874,0.00100100000000225
31567000,-2226,12859,126766,-1807,10656,118884,115,19231,471,1,20875,0.0009990000000001942
31568000,4719,4661,126077,6058,535,128929,96,19231,393,1,20876,0.0009999999999976694
31569000,7483,4874,123737,6899,-4170,122013,129,19231,393,0,20877,0.0010000000000012221
31570000,7697,-692,122612,4866,-4326,123610,111,19231,528,0,20878,0.0010000000000012221
31571000,4732,-7025,124735,4534,-4820,129132,111,19226,455,0,20879,0.0009999999999976694
31572000,7545,3666,127248,3128,-491,122301,115,19225,471,1,20880,0.0010000000000012221
31573000,670,6248,127048,976,9140,129373,130,19231,532,1,20881,0.0009999999999976694
31574000,3074,4895,127843,3806,1294,122235,107,19233,438,1,20882,0.0010000000000012221
31575000,9391,-1004,125033,9124,-7584,129785,106,19233,438,1,20883,0.0010000000000012221
31576000,9651,-2051,124990,2855,-4456,126163,102,19222,434,0,20884,0.0009999999999976694
31577001,10022,-1438,128971,12051,-7196,126163,102,19232,418,0,20885,0.00100100000000225
31578001,4170,-4206,127741,7001,-6014,128481,104,19231,426,0,20886,0.0009999999999976694
31579000,4151,2039,129902,-10647,-3944,132125,121,19224,496,1,20887,0.0009990000000001942
31580000,-499,11303,130498,5769,7493,128296,112,19231,459,1,20888,0.0010000000000012221
31581001,1752,11283,129428,7165,5494,117946,99,19231,459,1,20889,0.0010009999999986974
31582000,5563,-4484,128050,-1443,-10452,131899,141,19228,405,0,20890,0.0009990000000001942
31583000,6390,-13397,129969,4229,-16935,129981,141,19225,577,0,20891,0.0010000000000012221
31584001,6691,-7221,128824,9376,-10599,131922,101,19228,414,0,20892,0.0010009999999986974
31585000,-356,-1134,129342,-12886,-1842,121749,105,19223,430,0,20893,0.0009990000000001942
31586000,-2307,15811,133952,-8182,12575,130466,145,19228,594,1,20894,0.0010000000000012221
31587000,-6579,-5234,128753,800,-10056,134389,108,19228,594,1,20895,0.0010000000000012221
31588002,-2990,-932,130962,-9776,-4667,129100,103,19234,442,1,20896,0.0010019999999997253
31589002,504,-5275,128420,-11560,-5607,128067,103,19224,422,0,20897,0.0009999999999976694
31590000,2469,8348,128352,4584,6425,119898,110,19229,451,0,20898,0.000998000000002719
31591000,-2459,3635,129983,-964,-9633,134901,111,19228,455,0,20899,0.0009999999999976694
31592000,-6681,2299,130692,-20695,-3572,130789,122,19215,500,1,20900,0.0010000000000012221
31593000,-8946,6742,130476,-9887,415,130630,113,19215,500,1,20901,0.0010000000000012221
31594000,-8183,12336,132984,-13374,4864,126980,104,19228,463,1,20902,0.0009999999999976694
31595000,-2771,7365,129551,-4602,2751,121821,104,19233,426,1,20903,0.0010000000000012221
31596000,-4118,-6682,127245,-9864,-12170,135599,130,19221,532,0,20904,0.0010000000000012221
31597003,539,-5126,124909,-1632,602,120985,100,19232,410,0,20905,0.0010029999999972006
31598000,-4185,11057,128455,-11668,9206,120043,103,19227,422,0,20906,0.000997000000001691
31599000,-3736,9335,129269,-11699,838,129952,146,19227,598,1,20907,0.0010000000000012221
31600000,-6435,7451,127795,-2499,-3935,129220,114,19228,598,1,20908,0.0009999999999976694
31601000,-7406,7664,127153,-12053,-1410,124136,114,19231,467,1,20909,0.0010000000000012221
31602000,2146,7885,125804,-1301,7892,119391,106,19226,434,0,20910,0.0010000000000012221
31603000,-226,2211,125414,2001,-3711,125576,124,19229,508,0,20911,0.0009999999999976694
31604000,4676,-5704,124762,-3944,-4945,127155,117,19226,479,0,20912,0.0010000000000012221
31605001,-2249,5221,123140,-4467,9300,122572,118,19226,483,0,20913,0.0010009999999986974
31606000,-1354,12126,127974,-1937,11302,126426,124,19222,483,1,20914,0.0009990000000001942
31607000,-6,16532,124543,-652,8985,117474,103,19230,508,1,20915,0.0010000000000012221
31608000,5108,572,124026,-2878,-1909,133713,103,19232,422,1,20916,0.0009999999999976694
31609000,10228,87,124510,7581,-3330,115672,118,19230,483,0,20917,0.0010000000000012221
31610000,10037,9489,125635,13542,-7296,121232,102,19228,418,0,20918,0.0010000000000012221
31611002,6475,-7106,125040,-1403,-10344,134711,114,19228,467,0,20919,0.0010019999999997253
31612001,2244,-734,128611,730,838,123983,140,19227,467,1,20920,0.0009990000000001942
31613000,2265,11909,129297,4017,11314,121941,112,19232,573,1,20921,0.0009990000000001942
31614000,3546,14034,128347,4820,5182,123286,112,19224,459,1,20922,0.0009999999999976694
31615000,5575,-7858,125739,8058,-7870,130672,97,19227,397,0,20923,0.0010000000000012221
31616000,14063,-3124,127066,884,-3337,121149,147,19233,602,0,20924,0.0010000000000012221
31617000,8333,-4446,126441,10203,-13481,133424,105,19233,430,0,20925,0.0009999999999976694
31618000,5259,-2562,129414,6140,-6599,129115,109,19228,430,0,20926,0.0010000000000012221
31619000,328,9712,130598,-7404,-1328,120448,119,19223,446,1,20927,0.0010000000000012221
31620000,973,9029,130347,1892,6594,131906,119,19226,487,1,20928,0.0009999999999976694
31621000,2174,8529,129832,2449,2686,123440,109,19233,446,1,20929,0.0010000000000012221
31622000,9412,-2757,126407,-2187,-8502,129909,115,19219,471,0,20930,0.0010000000000012221
31623003,9180,-5888,128389,11603,-8767,127862,90,19228,369,0,20931,0.0010029999999972006
31624000,4868,-5357,129425,8591,-8404,133216,103,19228,369,0,20932,0.000997000000001691
31625000,2491,-513,132533,-17691,-504,128694,128,19228,422,1,20933,0.0010000000000012221
31626000,-6331,8312,133127,-2318,2001,129323,128,19224,524,1,20934,0.0009999999999976694
31627000,-5770,2143,131631,2949,-1102,129394,112,19232,459,1,20935,0.0010000000000012221
31628000,-5136,3969,130095,-19279,-2476,121772,96,19226,393,1,20936,0.0010000000000012221
31629000,2883,-12655,127863,-10240,-17524,138959,145,19232,594,0,20937,0.0009999999999976694
31630000,1106,988,129995,13550,-2527,124138,108,19232,594,0,20938,0.0010000000000012221
31631000,-5338,3536,131360,-11810,-2093,128998,115,19228,442,0,20939,0.0010000000000012221
31632000,-6138,1610,131923,-18254,-768,134862,115,19233,471,1,20940,0.0009999999999976694
31633000,-12287,-3470,130424,-8634,-3699,126280,131,19227,537,1,20941,0.0010000000000012221
31634000,-6238,16823,129984,-10157,14658,124304,109,19232,446,1,20942,0.0010000000000012221
31635000,-5387,7811,127592,-6556,2692,126267,105,19221,430,0,20943,0.0009999999999976694
31636000,-1871,-5454,125000,-9279,-5451,128032,134,19221,430,0,20944,0.0010000000000012221
31637002,273,-5344,126916,-6566,-6064,128331,105,19232,549,0,20945,0.0010019999999997253
31638000,-273,3453,127350,-2856,3571,121463,105,19229,430,0,20946,0.0009979999999991662
31639000,-4740,28761,129219,-3640,13052,121122,123,19224,504,1,20947,0.0010000000000012221
31640000,-10329,-3893,124119,-15848,-4250,129549,116,19232,475,1,20948,0.0009999999999976694
31641000,-1365,5206,128967,-6330,4839,123785,103,19227,422,1,20949,0.0010000000000012221
31642000,-260,4461,125125,9704,-1477,125784,136,19227,422,0,20950,0.0010000000000012221
31643000,2511,876,125694,-8386,-399,119796,106,19231,557,0,20951,0.0009999999999976694
31644000,988,-779,124895,-7586,-12740,134949,106,19228,434,0,20952,0.0010000000000012221
31645000,-1329,2456,125246,2193,10725,121719,111,19227,455,1,20953,0.0010000000000012221
31646000,668,18390,127486,-1082,12806,122785,161,19230,659,1,20954,0.0009999999999976694
31647000,-4194,5085,125489,-3262,5001,125807,112,19228,459,1,20955,0.0010000000000012221
31648000,7069,10575,123591,-1171,3761,121056,99,19228,405,0,20956,0.0010000000000012221
31649000,6650,-41,124051,12422,-11119,128568,89,19228,405,0,20957,0.0009999999999976694
31650000,12328,-2239,124943,12688,-9130,125557,114,19230,365,0,20958,0.0010000000000012221
31651000,4683,3062,124985,-3513,-1026,124771,114,19227,467,0,20959,0.0010000000000012221
31652000,3088,-255,127762,662,3308,127143,124,19222,508,1,20960,0.0009999999999976694
31653000,4607,10350,129108,8106,3475,124111,114,19229,467,1,20961,0.0010000000000012221
31654000,3791,13495,126406,2525,6010,124627,101,19229,414,1,20962,0.0010000000000012221
31655000,10258,7481,126552,2514,1772,121658,126,19232,414,0,20963,0.0009999999999976694
31656000,10657,-5822,127730,14420,-11727,132055,99,19232,516,0,20964,0.0010000000000012221
31657000,9126,-11316,125772,13413,-16008,130508,99,19229,405,0,20965,0.0010000000000012221
31658000,4304,-1386,129426,-11606,-761,127193,105,19226,430,1,20966,0.0009999999999976694
31659000,2432,16572,132367,3476,14919,123543,138,19226,565,1,20967,0.0010000000000012221
31660000,1075,12618,130372,6574,4134,128907,112,19226,459,1,20968,0.0010000000000012221
31661000,902,-1911,129056,-6330,-6302,130870,100,19228,459,1,20969,0.0009999999999976694
31662003,9221,-14390,129777,5728,-23657,135503,134,19225,410,0,20970,0.0010030000000007533
31663000,8792,2978,129215,17555,-467,121646,134,19229,549,0,20971,0.000997000000001691
31664003,6552,3912,130407,-3652,-4851,134119,104,19232,426,0,20972,0.0010029999999972006
31665000,-2424,-2833,131632,-14991,655,125697,116,19222,475,1,20973,0.000997000000001691
31666001,-4011,13379,133891,-4494,9490,124523,117,19230,479,1,20974,0.0010009999999986974
31667000,-8604,4147,130132,1022,234,133999,101,19230,479,1,20975,0.0009990000000001942
31668000,-1233,-3785,130064,-13144,-10446,128713,117,19231,414,0,20976,0.0010000000000012221
31669000,868,-10018,127393,-6428,-10360,134963,117,19226,479,0,20977,0.0009999999999976694
31670000,5023,2950,128730,3614,2123,121660,96,19229,393,0,20978,0.0010000000000012221
31671000,-3865,8113,131067,-8869,4404,126847,111,19227,455,0,20979,0.0010000000000012221
31672000,-8627,-2325,129576,-18641,-4453,136457,146,19225,598,1,20980,0.0009999999999976694
31673000,-7261,6753,130719,-8881,5530,127934,117,19225,598,1,20981,0.0010000000000012221
31674000,-8195,2612,131759,-4689,-933,132640,99,19227,479,1,20982,0.0010000000000012221
31675000,-2348,12986,128605,-7418,8114,115980,99,19229,405,0,20983,0.0009999999999976694
31676000,-3083,-7575,126110,-9450,-14276,136080,162,19229,664,0,20984,0.0010000000000012221
31677001,-3878,-11000,125426,-3952,-11357,129881,105,19232,430,0,20985,0.0010009999999986974
31678000,-4160,14378,129781,-15279,11600,123159,113,19223,463,1,20986,0.0009990000000001942
31679000,-7937,10912,128967,-10280,7795,125127,125,19223,463,1,20987,0.0010000000000012221
31680000,-6900,4497,126807,-7169,1049,130407,109,19229,512,1,20988,0.0010000000000012221
31681000,-3525,-4977,125559,-8472,-9126,129592,109,19230,446,1,20989,0.0009999999999976694
31682001,1997,6488,126014,1591,4888,116374,113,19225,463,0,20990,0.00100100000000225
31683001,2382,2091,124908,-1190,-3338,131781,92,19230,377,0,20991,0.0009999999999976694
31684000,2011,2339,125875,-1776,572,122698,107,19227,438,0,20992,0.0009990000000001942
31685001,-2686,3927,124205,-4682,-1020,125579,136,19227,438,1,20993,0.00100100000000225
31686001,-4492,12716,126453,-10631,16280,122876,115,19224,557,1,20994,0.0009999999999976694
31687000,2250,12802,125440,8473,2199,121732,115,19229,471,1,20995,0.0009990000000001942
31688000,4634,2031,122943,684,-4265,127889,94,19230,385,0,20996,0.0010000000000012221
31689000,9693,4757,124545,3484,-615,118136,124,19231,508,0,20997,0.0010000000000012221
31690000,9951,-7104,125682,18822,114,131453,110,19230,451,0,20998,0.0009999999999976694
31691000,6241,-7581,126001,1910,-8679,129007,111,19230,451,0,20999,0.0010000000000012221
31692000,1108,568,127322,-3615,4759,123632,132,19224,455,1,21000,0.0010000000000012221
31693000,1835,10725,129031,2588,6424,126879,132,19226,541,1,21001,0.0009999999999976694
31694000,9068,6101,126262,9895,-1724,123199,107,19230,438,1,21002,0.0010000000000012221
31695002,8666,9814,127217,-1580,2887,124357,103,19220,422,0,21003,0.0010019999999997253
31696000,10851,-7131,126669,6097,-15817,133534,96,19233,393,0,21004,0.0009979999999991662
31697000,8144,-6166,126017,23319,-4991,121868,105,19233,430,0,21005,0.0010000000000012221
31698000,4112,-2118,130687,-13190,-4910,138050,121,19230,430,1,21006,0.0009999999999976694
31699000,3333,4055,126834,-1733,16872,119212,113,19222,496,1,21007,0.0010000000000012221
31700000,-885,17369,134356,11537,9568,130999,113,19227,463,1,21008,0.0010000000000012221
31701000,4552,-1373,124777,-5954,-13345,129401,101,19229,414,1,21009,0.0009999999999976694
31702000,9067,-10682,126258,3301,-12856,127385,141,19227,577,0,21010,0.0010000000000012221
31703000,10659,-4151,133584,22076,-8913,133347,111,19227,455,0,21011,0.0010000000000012221
31704000,3178,-3593,127390,-9010,-2283,119769,109,19232,455,0,21012,0.0009999999999976694
31705000,2750,10814,136057,-20579,4059,135212,150,19227,446,1,21013,0.0010000000000012221
31706000,-9426,4906,130914,15565,3381,128267,150,19228,614,1,21014,0.0010000000000012221
31707002,-6596,3163,127847,-12909,-976,123335,113,19230,463,1,21015,0.0010019999999997253
31708000,-2958,-619,132793,-17273,-7493,132032,104,19222,426,0,21016,0.0009979999999991662
31709000,2603,-8163,128486,9554,-9379,123727,105,19231,430,0,21017,0.0010000000000012221
31710000,2522,3403,133135,-259,-2151,129730,108,19231,430,0,21018,0.0009999999999976694
31711002,-8978,920,131236,-20342,-2780,127459,122,19229,442,0,21019,0.0010019999999997253
31712000,-6930,6068,131202,-9795,1911,129915,122,19223,500,1,21020,0.000998000000002719
31713000,-11533,5034,129043,-8832,928,129457,117,19229,479,1,21021,0.0009999999999976694
31714000,-2674,15319,130962,-15071,12972,120364,105,19231,430,1,21022,0.0010000000000012221
31715000,-4362,1210,127734,-4101,-6136,130321,131,19216,537,0,21023,0.0010000000000012221
31716000,-2446,-4432,124721,-8531,-7747,125789,97,19216,537,0,21024,0.0009999999999976694
31717000,911,-68,128250,-4837,-720,128903,103,19229,397,0,21025,0.0010000000000012221
31718000,-5660,6887,127057,-6314,2478,127425,103,19224,422,1,21026,0.0010000000000012221
31719000,-5513,11837,126879,-13955,9966,119753,149,19229,610,1,21027,0.0009999999999976694
31720000,-8608,8619,130962,-13840,4583,128290,118,19228,483,1,21028,0.0010000000000012221
31721000,713,3784,124866,2334,-59,125888,106,19226,434,0,21029,0.0010000000000012221
31722000,-310,-5445,125093,-988,-11339,126855,113,19226,434,0,21030,0.0009999999999976694
31723000,2754,-3954,122927,-11983,-6563,123411,110,19230,463,0,21031,0.0010000000000012221
31724000,1464,9969,127497,-76,5962,124317,110,19231,451,0,21032,0.0010000000000012221
31725002,-3286,6059,125391,1703,1990,125072,117,19222,479,1,21033,0.0010019999999997253
31726002,-2536,13505,126788,-9885,9900,126005,135,19228,553,1,21034,0.0009999999999976694
31727000,-2717,11682,125117,-2065,9805,116512,102,19230,418,1,21035,0.000998000000002719
31728001,12849,9675,125936,7524,6454,125882,117,19230,418,0,21036,0.0010009999999986974
31729000,7873,-1588,124976,9405,-18091,129575,101,19226,479,0,21037,0.0009990000000001942
31730000,9336,-9346,123409,6951,-3844,125135,101,19226,414,0,21038,0.0009999999999976694
31731001,4491,177,127084,-1484,-1185,127758,113,19224,463,1,21039,0.00100100000000225
31732000,1901,10567,127874,5880,7041,120266,141,19228,577,1,21040,0.0009990000000001942
31733000,7578,17001,126728,9366,7199,125109,113,19232,463,1,21041,0.0009999999999976694
31734000,5489,-1350,125029,371,1473,123191,99,19232,463,1,21042,0.0010000000000012221
31735000,14979,-535,126970,12075,-10684,129279,145,19227,405,0,21043,0.0010000000000012221
31736000,9805,-4449,128011,13056,-9245,126114,145,19232,594,0,21044,0.0009999999999976694
31737000,5292,-8634,128339,-5399,-6270,130934,106,19230,434,0,21045,0.0010000000000012221
31738000,2065,3582,132517,-6601,1063,131981,108,19225,442,1,21046,0.0010000000000012221
31739000,-1083,8085,129950,12165,3122,124556,116,19230,475,1,21047,0.0009999999999976694
31740001,1508,12809,132348,4377,4565,124744,107,19230,438,1,21048,0.00100100000000225
31741000,2505,-1427,128717,-12209,-10572,134203,117,19232,438,1,21049,0.0009990000000001942
31742000,14079,-12093,126062,16740,-9228,127324,90,19222,479,0,21050,0.0009999999999976694
31743000,6275,2591,129720,10846,-4430,129139,90,19230,369,0,21051,0.0010000000000012221
31744000,1530,996,129036,-23913,-6134,125017,103,19228,422,0,21052,0.0010000000000012221
31745000,3333,13819,132878,-903,7038,127847,129,19222,528,1,21053,0.0009999999999976694
31746001,-6702,-4319,132421,2650,-5172,136172,113,19222,463,1,21054,0.00100100000000225
31747000,-3372,1596,130123,-14313,309,122400,98,19235,463,1,21055,0.0009990000000001942
31748000,-515,1566,129956,-9685,-3988,131861,151,19230,401,0,21056,0.0009999999999976694
31749000,1731,-3799,127295,8685,-6232,126382,151,19234,618,0,21057,0.0010000000000012221
31750000,-1594,3220,130357,-8881,-254,129889,109,19224,446,0,21058,0.0010000000000012221
31751000,-6963,4436,132088,-19645,3002,127044,109,19223,446,1,21059,0.0009999999999976694
31752000,-6935,7458,132547,-3220,3499,128628,133,19223,545,1,21060,0.0010000000000012221
31753000,-8448,7211,130535,-12879,7501,130138,111,19231,545,1,21061,0.0010000000000012221
31754000,-2952,5759,127809,-15787,3427,122420,111,19233,455,1,21062,0.0009999999999976694
31755000,-3242,-411,128168,-6248,-3764,131443,111,19221,455,0,21063,0.0010000000000012221
31756000,-1801,-7514,126602,446,-8566,129751,133,19230,545,0,21064,0.0010000000000012221
31757000,-1771,12029,128766,-9947,5566,121846,105,19223,430,0,21065,0.0009999999999976694
31758000,-6074,1134,127998,-13477,-2355,129981,123,19223,504,1,21066,0.0010000000000012221
31759000,-7314,5975,128340,-2093,4383,125191,115,19223,504,1,21067,0.0009999999999976694
31760000,-6728,9598,128938,-12032,10319,125135,101,19235,471,1,21068,0.0010000000000012221
31761000,-2221,15191,126853,-3436,11332,121367,101,19229,414,0,21069,0.0010000000000012221
31762000,-1308,-3284,123139,-1476,-7268,134473,140,19231,573,0,21070,0.0009999999999976694
31763001,2645,-3050,122226,-7373,-3289,120189,108,19227,442,0,21071,0.00100100000000225
31764005,2769,7992,126768,-1678,4419,126288,108,19221,442,0,21072,0.0010039999999982285
31765000,-514,6284,126859,3804,1787,124577,159,19221,442,1,21073,0.000994999999999635
31766002,-3084,7371,127184,-8069,2697,125844,110,19228,651,1,21074,0.001002000000003278
31767000,4178,3837,125956,-3886,565,128848,110,19232,451,1,21075,0.0009979999999991662
31768002,6845,6046,125390,13486,3061,120464,101,19224,414,0,21076,0.0010019999999997253
31769000,7185,8652,124012,5465,309,120811,88,19231,360,0,21077,0.0009979999999991662
31770000,7805,-8499,124254,1469,-13649,130717,116,19227,475,0,21078,0.0010000000000012221
31771000,3319,-1898,127016,9064,-2924,130447,123,19227,475,1,21079,0.0009999999999976694
31772000,2509,11907,128814,-1049,10549,118675,111,19222,504,1,21080,0.0010000000000012221
31773000,3193,12117,129109,-1140,9122,130751,111,19233,455,1,21081,0.0010000000000012221
31774000,10223,-966,124638,8685,-5483,124985,101,19231,414,1,21082,0.0009999999999976694
31775000,9640,-1525,125023,7521,-4028,125604,125,19226,512,0,21083,0.0010000000000012221
31776000,10839,-3725,126782,7941,-11267,130511,100,19227,410,0,21084,0.0010000000000012221
31777001,7847,-7091,128274,9154,-1411,126220,104,19227,410,0,21085,0.0010009999999986974
31778001,5436,7712,131786,-1733,4790,131809,142,19228,426,1,21086,0.0010000000000012221
31779000,-899,7523,130388,-1210,-907,124882,142,19234,582,1,21087,0.0009990000000001942
31780000,318,11872,128980,2629,7237,119331,110,19230,451,1,21088,0.0009999999999976694
31781001,7287,415,128681,974,-10765,131401,101,19225,414,0,21089,0.00100100000000225
31782000,9037,-16728,126648,6677,-17482,131151,136,19234,557,0,21090,0.0009990000000001942
31783000,9893,2088,132049,18458,2026,129847,110,19234,451,0,21091,0.0009999999999976694
31784000,-4210,-6678,128408,-21189,-4640,130704,113,19231,451,0,21092,0.0010000000000012221
31785000,-972,10811,132888,-13460,14940,118996,125,19222,463,1,21093,0.0010000000000012221
31786000,-5361,11020,133567,9829,-4220,138067,125,19231,512,1,21094,0.0009999999999976694
31787000,-2818,-10046,128440,-8391,-11726,128785,100,19227,410,1,21095,0.0010000000000012221
31788000,-2174,-5151,129599,-17654,-11070,129041,116,19223,475,0,21096,0.0010000000000012221
31789000,-224,-1042,130681,2342,-1162,130271,97,19223,397,0,21097,0.0009999999999976694
31790002,1674,7029,128525,5274,6521,124961,109,19229,397,0,21098,0.0010019999999997253
31791002,-9028,2561,132031,-23058,-3244,136459,140,19228,446,1,21099,0.0010000000000012221
31792002,-10843,2687,127967,-20710,12913,124161,140,19227,573,1,21100,0.0010000000000012221
31793005,-7519,11795,129894,3261,9547,126377,114,19230,467,1,21101,0.0010029999999972006
31794009,-788,980,128832,-5741,-4101,131393,101,19225,414,1,21102,0.0010040000000017812
31795000,-1119,-3765,125430,-12060,-7903,128250,161,19225,659,0,21103,0.000990999999999076
31796000,-4666,-2826,126531,-8995,-2579,126231,103,19232,659,0,21104,0.0010000000000012221
31797000,716,13553,129708,-3223,9602,119454,109,19234,422,0,21105,0.0009999999999976694
31798000,-6697,6866,127840,-2746,1086,129077,109,19225,446,1,21106,0.0010000000000012221
31799000,-8890,6945,128987,-18910,-2285,126330,129,19227,528,1,21107,0.0010000000000012221
31800003,-4868,5514,127058,-8515,6293,124163,108,19229,442,1,21108,0.0010030000000007533
31801000,1360,11034,129042,5628,5736,122581,111,19225,455,0,21109,0.0009969999999981383
31802000,1143,-2227,123427,-77,-7178,125503,92,19225,455,0,21110,0.0010000000000012221
31803000,-2475,-9760,123716,-7681,-11314,128599,109,19235,377,0,21111,0.0009999999999976694
31804000,-1100,5714,129370,-3062,5857,126444,109,19229,446,0,21112,0.0010000000000012221
31805000,-2039,16642,125236,-395,15378,117295,134,19218,549,1,21113,0.0010000000000012221
31806000,-830,14118,127885,-6066,10328,129138,113,19231,463,1,21114,0.0009999999999976694
31807000,7454,1311,121189,9635,-4439,122754,96,19226,393,1,21115,0.0010000000000012221
31808000,9000,-4522,121860,7867,-9032,124165,120,19226,393,0,21116,0.0010000000000012221
31809000,13873,8446,127315,2357,4237,119966,110,19232,491,0,21117,0.0009999999999976694
31810000,4750,3793,125431,17020,-3640,123745,110,19232,451,0,21118,0.0010000000000012221
31811000,4780,-7766,125510,-2921,-11836,135320,115,19226,471,1,21119,0.0010000000000012221
31812000,312,3163,128767,-7962,3237,123380,132,19228,541,1,21120,0.0009999999999976694
31813000,4456,16576,128768,17168,13617,121564,106,19229,434,1,21121,0.0010000000000012221
31814001,8646,6273,125170,6509,1302,121920,105,19229,434,0,21122,0.0010009999999986974
31815000,9383,-1325,126900,-4934,-6788,128874,103,19226,430,0,21123,0.0009990000000001942
31816000,12759,-16289,126109,17544,-21213,134439,103,19231,422,0,21124,0.0010000000000012221
31817000,3022,-4456,128408,11305,-6240,118436,108,19231,442,0,21125,0.0010000000000012221
31818000,-115,6148,133305,-16123,1780,128383,126,19222,516,1,21126,0.0009999999999976694
31819000,-14,10771,127465,923,5295,129049,116,19228,475,1,21127,0.0010000000000012221
31820000,1630,2049,128400,10362,-1988,131451,102,19228,475,1,21128,0.0010000000000012221
31821000,7672,352,127995,-5586,-2623,120326,138,19228,418,0,21129,0.0009999999999976694
31822000,7338,-4986,129039,7823,-8392,133747,138,19231,565,0,21130,0.0010000000000012221
31823000,8444,-7660,128994,12958,-15493,134991,102,19232,418,0,21131,0.0009999999999976694
31824002,1078,-2164,128971,-13735,7082,125694,107,19229,438,1,21132,0.001002000000003278
31825000,-3943,13283,133569,-8900,12936,125377,143,19231,586,1,21133,0.0009979999999991662
31826000,-9128,8102,130935,1455,-9156,127114,111,19231,586,1,21134,0.0009999999999976694
31827000,-123,-4989,129858,-11843,-15521,139510,101,19229,455,1,21135,0.0010000000000012221
31828000,-1571,-7626,128289,1638,-7550,127108,101,19225,414,0,21136,0.0010000000000012221
31829000,5136,5802,131782,-4454,11368,120572,115,19230,471,0,21137,0.0009999999999976694
31830000,-6517,7023,132748,-9679,-7185,133277,111,19228,455,0,21138,0.0010000000000012221
31831000,-4940,-11462,128458,-13209,-6245,135604,127,19220,520,1,21139,0.0010000000000012221
31832000,-11443,10035,131966,-11834,3661,126871,116,19220,475,1,21140,0.0009999999999976694
31833000,-13665,13463,129209,-10177,12951,120046,101,19228,475,1,21141,0.0010000000000012221
31834000,1,17920,131413,-6275,-2664,127140,129,19229,414,1,21142,0.0010000000000012221
31835000,-2857,-11296,125808,-3618,-18839,135222,129,19218,528,0,21143,0.0009999999999976694
31836000,-964,-4971,125181,-10340,2926,122703,98,19231,401,0,21144,0.0010000000000012221
31837000,-1448,10691,128204,-11404,5405,123747,104,19228,426,0,21145,0.0010000000000012221
31838000,-3297,9086,126787,-8410,7100,121796,151,19228,618,1,21146,0.0009999999999976694
31839000,-2916,14934,129311,-8884,5981,129134,116,19225,618,1,21147,0.0010000000000012221
31840000,-8351,-3895,124426,-9328,-4655,126345,103,19228,475,1,21148,0.0010000000000012221
31841000,2503,9617,128092,3134,3373,124102,103,19225,422,0,21149,0.0009999999999976694
31842002,-1197,-3849,123387,307,-4057,124756,108,19229,442,0,21150,0.0010019999999997253
31843000,2542,12711,126422,-10471,2794,118584,111,19232,455,0,21151,0.000998000000002719
31844000,1304,5974,127460,-1132,-1371,134379,117,19232,479,1,21152,0.0009999999999976694
31845000,-5085,2550,125479,2369,8724,118964,135,19221,479,1,21153,0.0010000000000012221
31846000,628,13988,128965,-10604,8323,125588,101,19226,553,1,21154,0.0010000000000012221
31847000,2511,6926,124143,5433,3472,122849,101,19232,414,1,21155,0.0009999999999976694
31848000,11748,3349,123382,7969,-5209,125894,116,19226,475,0,21156,0.0010000000000012221
31849000,8408,-7280,123696,1680,-6929,126022,109,19227,446,0,21157,0.0010000000000012221
31850000,5988,-4653,128178,1964,-7663,128421,117,19231,479,0,21158,0.0009999999999976694
31851000,4562,3195,126900,8598,-7951,126640,144,19231,479,1,21159,0.0010000000000012221
31852000,-1437,15137,129120,-4578,9061,120604,116,19225,590,1,21160,0.0010000000000012221
31853001,8130,11371,127818,7547,1756,130863,116,19231,475,1,21161,0.0010009999999986974
31854000,6452,8598,125670,10413,11344,114188,100,19228,410,0,21162,0.0009990000000001942
31855000,11598,6734,127419,-706,-996,129081,140,19232,573,0,21163,0.0009999999999976694
31856000,9490,-17385,124606,6859,-22254,135616,103,19232,422,0,21164,0.0010000000000012221
31857000,8072,-851,129064,8923,-2188,126482,106,19232,422,0,21165,0.0010000000000012221
31858000,3147,5634,130634,-1496,5620,130376,115,19224,434,1,21166,0.0009999999999976694
31859000,790,14044,129897,-5010,10104,119898,115,19233,471,1,21167,0.0010000000000012221
31860000,4238,2032,130013,4172,-5620,134069,107,19231,438,1,21168,0.0010000000000012221
31861000,5038,-4445,127372,638,-7477,127294,116,19219,475,0,21169,0.0009999999999976694
31862000,7710,-9913,131741,2391,-12110,130501,89,19232,365,0,21170,0.0010000000000012221
31863000,2200,8133,131788,15314,1581,125322,104,19232,365,0,21171,0.0010000000000012221
31864001,782,-4693,130351,-20737,-8385,131251,127,19231,426,1,21172,0.0010009999999986974
31865000,-2631,6037,133685,-8885,4279,127006,127,19224,520,1,21173,0.0009990000000001942
31866007,-8942,12922,133657,10641,8485,124152,115,19229,471,1,21174,0.0010070000000013124
31867002,-2175,-4786,128444,-16243,-8857,134917,98,19228,401,1,21175,0.000994999999999635
31868002,-2159,-13412,130418,-16521,-17433,133357,149,19234,610,0,21176,0.0009999999999976694
31869000,6086,-1621,126738,13209,-5540,122999,105,19234,610,0,21177,0.000998000000002719
31870000,-5925,13247,130019,-5128,8878,120404,111,19228,430,0,21178,0.0009999999999976694
31871000,-5623,4881,131418,-26474,93,132998,111,19223,455,1,21179,0.0010000000000012221
31872000,-5457,-1136,130007,-6076,-2767,133875,134,19228,549,1,21180,0.0010000000000012221
31873000,-5456,7431,128052,-1054,5804,120210,109,19232,446,1,21181,0.0009999999999976694
31874000,-2993,14194,129977,-12103,9426,122933,109,19223,446,0,21182,0.0010000000000012221
31875000,-2464,-7927,125065,-7739,-15020,130686,131,19223,537,0,21183,0.0010000000000012221
31876000,-1703,-9372,127560,862,-4242,134220,104,19229,537,0,21184,0.0009999999999976694
31877000,-3100,7385,128222,-13558,8621,121357,123,19230,426,0,21185,0.0010000000000012221
31878000,-7927,11739,129589,-7423,10344,120330,123,19224,504,1,21186,0.0010000000000012221
31879002,-6402,7113,127463,-12863,5455,131130,117,19228,479,1,21187,0.0010019999999997253
31880002,-578,-992,125205,-3595,-328,126720,104,19226,426,1,21188,0.0009999999999976694
31881002,-1329,3584,125149,2886,2587,123805,142,19226,582,0,21189,0.0010000000000012221
31882000,1835,911,124023,-9550,-752,120858,105,19233,582,0,21190,0.0009979999999991662
31883001,880,2808,126630,-721,912,128869,113,19226,430,0,21191,0.00100100000000225
31884000,981,743,126459,595,-1955,130370,113,19223,463,1,21192,0.0009989999999966415
31885003,-5502,5888,123761,-7100,10484,119834,160,19232,655,1,21193,0.0010030000000007533
31886000,-1272,20961,127247,-4997,19472,117783,109,19234,446,1,21194,0.000997000000001691
31887000,9597,4681,123125,10978,-963,123691,98,19234,401,0,21195,0.0009999999999976694
31888000,8348,-5846,123760,7123,-7311,132844,89,19223,401,0,21196,0.0010000000000012221
31889000,9091,-8539,122041,2549,-1945,124792,116,19231,365,0,21197,0.0010000000000012221
31890000,4165,1870,126387,4639,489,123018,116,19226,475,0,21198,0.0009999999999976694
31891000,5449,7719,127728,6696,3722,127518,124,19218,508,1,21199,0.0010000000000012221
31892000,1083,2168,128113,-1007,1389,127181,110,19229,451,1,21200,0.0010000000000012221
31893000,7138,4039,127252,3501,398,126903,98,19232,401,1,21201,0.0009999999999976694
31894000,10474,6654,127193,9025,1276,121951,129,19232,401,0,21202,0.0010000000000012221
31895000,9144,3282,126989,8332,-5709,127940,102,19223,528,0,21203,0.0010000000000012221
31896000,8357,-11261,126972,10716,-16005,133556,102,19229,418,0,21204,0.0009999999999976694
31897000,2189,-1844,130043,-7223,-4106,131228,105,19225,430,1,21205,0.0010000000000012221
31898000,1237,19062,133289,-1418,18246,122639,140,19226,573,1,21206,0.0010000000000012221
31899000,65,11490,129770,10022,9378,123519,110,19232,451,1,21207,0.0009999999999976694
31900000,5430,-4094,127418,-10460,-9899,133623,103,19232,451,1,21208,0.0010000000000012221
31901000,12879,-7720,126614,8859,-11360,127811,138,19225,422,0,21209,0.0010000000000012221
31902000,11698,-2595,128804,21084,-3784,129956,138,19233,565,0,21210,0.0009999999999976694
31903000,3127,-2403,130606,-4138,-3142,126966,108,19229,442,0,21211,0.0010000000000012221
31904000,277,5498,133628,-24626,732,127870,112,19219,459,1,21212,0.0010000000000012221
31905000,-7341,2828,132539,10118,-1844,134771,116,19229,475,1,21213,0.0009999999999976694
31906000,-7771,344,130497,-3133,-2352,128896,101,19229,475,1,21214,0.0010000000000012221
31907000,-644,577,129636,-20321,-3595,127920,117,19230,414,0,21215,0.0010000000000012221
31908000,1814,643,128444,6873,-3444,127724,117,19226,479,0,21216,0.0009999999999976694
31909002,3309,4350,129734,4818,717,123322,109,19226,446,0,21217,0.0010019999999997253
31910000,-7693,2999,133674,-17481,-1619,128585,114,19227,467,0,21218,0.000998000000002719
31911002,-5991,1818,130657,-14883,-1866,131113,146,19228,598,1,21219,0.0010019999999997253
31912000,-11630,5332,132359,-5692,3330,131277,117,19228,598,1,21220,0.0009979999999991662
31913000,-4026,10296,129714,-14855,6446,120097,100,19230,479,1,21221,0.0010000000000012221
31914000,-3385,1708,127766,-8992,-1073,135699,100,19227,410,0,21222,0.0009999999999976694
31915001,-2108,-7516,125388,644,-11913,126290,163,19232,668,0,21223,0.00100100000000225
31916000,-1971,8809,126811,-8264,6127,121255,102,19230,418,0,21224,0.0009989999999966415
31917000,-4988,6205,128036,-15723,2552,129644,108,19222,442,1,21225,0.0010000000000012221
31918000,-5858,13717,130285,-5535,6673,122804,124,19222,508,1,21226,0.0010000000000012221
31919000,-8932,-221,126747,-11054,-648,131036,107,19228,508,1,21227,0.0009999999999976694
31920000,-2778,3146,125878,-10099,1505,119421,114,19230,438,1,21228,0.0010000000000012221
31921000,1929,5639,123611,-999,779,129875,114,19224,467,0,21229,0.0010000000000012221
31922000,5319,-951,123199,155,269,120904,90,19232,369,0,21230,0.0009999999999976694
31923000,2644,9057,124970,-11984,5511,122837,107,19228,438,0,21231,0.0010000000000012221
31924000,-1397,1029,128146,4387,-3334,131152,134,19228,549,1,21232,0.0010000000000012221
31925001,-3989,6437,126966,-888,1996,121629,114,19223,549,1,21233,0.0010009999999986974
31926000,-1376,6533,126532,-9367,-615,131801,96,19231,467,1,21234,0.0009990000000001942
31927000,5225,11811,125156,10745,11332,112405,96,19228,393,0,21235,0.0010000000000012221
31928000,9446,8643,123866,11640,-7121,127220,123,19232,504,0,21236,0.0009999999999976694
31929000,7807,-13176,123728,5059,-14017,129522,108,19226,442,0,21237,0.0010000000000012221
31930000,4141,-2509,128872,-80,658,127086,115,19226,471,0,21238,0.0010000000000012221
31931000,4027,4645,127516,2334,6855,124640,130,19227,471,1,21239,0.0009999999999976694
31932000,3744,15749,129376,3208,8224,118584,109,19229,532,1,21240,0.0010000000000012221
31933000,7288,-2117,126493,5707,-8532,137132,109,19232,446,1,21241,0.0010000000000012221
31934000,8247,-6104,122643,4571,-395,115567,107,19218,438,0,21242,0.0009999999999976694
31935000,12177,5376,129455,12885,-7814,137755,84,19228,344,0,21243,0.0010000000000012221
31936000,6599,-11904,125324,9643,-5558,124586,105,19230,430,0,21244,0.0010000000000012221
31937000,4141,184,129491,-5853,-5873,132091,124,19230,430,1,21245,0.0009999999999976694
31938000,-1324,760,130532,-526,-60,128339,115,19223,508,1,21246,0.0010000000000012221
31939000,2313,19294,131012,8507,13550,118472,115,19231,471,1,21247,0.0010000000000012221
31940000,3076,4118,129532,-1802,-5583,135751,100,19228,410,1,21248,0.0009999999999976694
31941000,9100,-7065,128568,-5799,-15017,126168,140,19227,573,0,21249,0.0010000000000012221
31942000,10528,-9057,129109,23704,-10888,131058,102,19233,418,0,21250,0.0010000000000012221
31943000,-733,-5002,130416,1384,-10479,126736,106,19233,418,0,21251,0.0009999999999976694
31944000,-328,-2140,131652,-33084,-2324,131494,148,19224,434,1,21252,0.0010000000000012221
31945001,-6121,13363,134414,7751,9563,126372,148,19227,606,1,21253,0.0010009999999986974
31946000,-4555,9377,128758,422,4902,121452,110,19228,451,1,21254,0.0009990000000001942
31947000,-3286,-6563,129453,-16628,-15543,137439,103,19222,422,0,21255,0.0010000000000012221
31948000,-283,-11602,127929,-2439,-9106,128003,105,19229,430,0,21256,0.0009999999999976694
31949000,2363,1861,130687,2393,1458,131384,110,19229,430,0,21257,0.0010000000000012221
31950000,-7723,12099,132430,-17098,8559,121592,123,19230,451,0,21258,0.0010000000000012221
31951000,-4394,6924,130569,-15710,1228,130485,123,19223,504,1,21259,0.0009999999999976694
31952002,-9669,-1759,127965,-4833,-4883,133293,116,19227,475,1,21260,0.001002000000003278
31953001,-5080,16399,132132,-15652,14050,120669,103,19229,422,1,21261,0.0009989999999966415
31954002,-2902,3688,127911,-7069,-2391,127011,131,19219,537,0,21262,0.00100100000000225
31955002,-4640,-4808,127049,-6574,-8122,128445,101,19219,537,0,21263,0.0009999999999976694
31956000,-2028,-8712,127595,-7893,-10927,133352,102,19228,414,0,21264,0.000998000000002719
31957000,-4205,14860,128195,-8131,10774,117585,102,19224,418,1,21265,0.0009999999999976694
31958000,-7315,9775,127733,-9591,5561,127162,151,19230,618,1,21266,0.0010000000000012221
31959000,-6475,7861,128005,-9507,5696,123292,119,19230,487,1,21267,0.0010000000000012221
31960001,-873,21577,128790,-7312,19210,118986,107,19227,438,0,21268,0.0010009999999986974
31961000,2210,-4438,123555,2205,-7122,132443,109,19227,438,0,21269,0.0009990000000001942
31962002,2537,-13003,123429,-3816,-17398,130178,109,19231,446,0,21270,0.0010019999999997253
31963002,3306,6218,124648,-6632,11185,116554,109,19229,446,0,21271,0.0010000000000012221
31964002,-1090,19863,127801,1804,11764,124463,120,19220,491,1,21272,0.0009999999999976694
31965000,-2653,6673,125823,-3931,1711,125733,123,19228,504,1,21273,0.000998000000002719
31966000,2709,1237,124225,-6054,2425,126723,104,19226,426,1,21274,0.0009999999999976694
31967001,7407,8483,125544,6007,2113,121065,117,19226,479,0,21275,0.00100100000000225
31968001,8414,6089,124187,15017,1295,118897,99,19226,479,0,21276,0.0009999999999976694
31969002,7606,-6065,125685,-421,-22545,130941,110,19229,405,0,21277,0.00100100000000225
31970000,4865,-9280,126216,1310,-5171,131157,110,19226,451,1,21278,0.0009979999999991662
31971000,2238,12410,129780,5687,16563,118300,145,19228,594,1,21279,0.0010000000000012221
31972000,2637,17718,129664,2649,9510,120750,114,19229,467,1,21280,0.0009999999999976694
31973000,8710,2098,124793,2345,-5721,127923,98,19229,401,1,21281,0.0010000000000012221
31974002,9673,-2217,125769,7672,-6149,126005,136,19227,401,0,21282,0.0010019999999997253
31975000,12358,-4627,126599,15413,-7493,130186,101,19230,557,0,21283,0.0009979999999991662
31976000,6548,-7404,127572,2667,-4365,124951,101,19231,414,0,21284,0.0010000000000012221
31977000,3924,3438,132920,-9161,-2177,135737,109,19219,446,1,21285,0.0010000000000012221
31978003,-582,6645,129919,9785,-3008,123160,117,19229,479,1,21286,0.0010029999999972006
31979000,-1285,18526,131325,1331,8203,122818,108,19229,442,1,21287,0.000997000000001691
31980000,5943,6334,128746,-11613,-1702,127281,114,19232,442,0,21288,0.0009999999999976694
31981000,11056,-16451,126424,17771,-14335,128436,88,19218,467,0,21289,0.0010000000000012221
31982001,11432,-3464,130492,12400,-8279,134988,88,19229,360,0,21290,0.0010009999999986974
31983000,-914,-6865,127354,-18638,2765,124686,105,19228,430,0,21291,0.0009990000000001942
31984000,-206,14669,134357,-13103,12845,125143,132,19224,541,1,21292,0.0010000000000012221
31985002,-3771,1846,131406,9568,-5848,135531,113,19230,463,1,21293,0.0010019999999997253
31986000,-9118,-3616,127802,-10257,-6766,125212,96,19230,463,1,21294,0.0009979999999991662
31987000,663,-1176,132779,-22515,-9667,131937,151,19232,393,0,21295,0.0010000000000012221
31988000,-1467,-138,129392,13502,-4069,123780,151,19234,618,0,21296,0.0010000000000012221
31989000,1031,7280,131060,-972,4227,127591,107,19227,438,0,21297,0.0009999999999976694
31990000,-7704,3605,131830,-27639,-3442,130198,116,19225,475,1,21298,0.0010000000000012221
31991000,-9044,-3570,129410,-4857,-6690,133800,135,19230,553,1,21299,0.0010000000000012221
31992002,-11061,20507,132322,-8483,17655,120184,109,19230,553,1,21300,0.0010019999999997253
31993001,-2941,6623,127985,-14331,5868,124608,108,19237,446,1,21301,0.0009990000000001942
31994000,-2839,-3140,128215,-7368,-8002,130731,108,19221,442,0,21302,0.0009990000000001942
31995000,-308,-6607,124929,25,-9691,133916,130,19229,532,0,21303,0.0009999999999976694
31996001,-1548,6445,126428,-2716,5816,124328,104,19229,426,0,21304,0.00100100000000225
31997001,-4946,5391,130008,-17683,1482,123732,125,19223,512,1,21305,0.0009999999999976694
31998000,-5585,10758,129136,-3833,5593,129142,118,19223,512,1,21306,0.0009990000000001942
31999000,-7993,4173,126143,-6780,-1683,127168,104,19228,483,1,21307,0.0010000000000012221
32000001,-856,8381,127537,-8579,6595,120972,104,19227,426,0,21308,0.0010009999999986974
32001000,-2011,2341,123761,1446,-2051,124777,141,19234,577,0,21309,0.0009990000000001942
32002000,1083,-1698,123264,-3180,-2944,127733,120,19228,491,0,21310,0.0009999999999976694
32003001,1320,6430,128074,-3679,2418,124234,115,19225,471,0,21311,0.00100100000000225
32004000,-2062,12383,127012,-1422,8986,124975,164,19225,471,1,21312,0.0009990000000001942
32005000,-943,5872,124726,1063,4551,124153,111,19228,672,1,21313,0.0009999999999976694
32006000,4056,417,125577,-4730,-3537,128433,111,19234,455,1,21314,0.0010000000000047748
32007000,11308,7651,124060,8520,3454,116907,102,19225,418,0,21315,0.0009999999999976694
32008000,9929,3012,123011,10236,-1257,128128,86,19231,352,0,21316,0.0009999999999976694
32009000,7756,-5609,126154,8559,-9807,127590,109,19227,446,0,21317,0.0010000000000047748
32010000,3499,-4182,125219,5795,-4994,128293,118,19227,483,1,21318,0.0009999999999976694
32011000,2404,6219,128680,-3415,14975,123232,109,19223,483,1,21319,0.0009999999999976694
32012000,3702,20498,128919,2699,9139,122409,101,19231,446,1,21320,0.0010000000000047748
32013000,9060,3258,125545,7052,-6972,127850,101,19230,414,1,21321,0.0009999999999976694
32014002,9856,-7709,125338,1255,-5480,126629,128,19223,524,0,21322,0.0010019999999997253
32015000,9450,-14524,125606,7677,-2711,137109,97,19230,397,0,21323,0.000998000000002719
32016000,8967,-6085,126488,3436,-4405,119504,103,19230,422,0,21324,0.0009999999999976694
32017000,3511,12422,130742,886,8241,128081,135,19220,422,1,21325,0.0009999999999976694
32018000,-3180,9726,132573,-725,2330,131922,112,19230,553,1,21326,0.0010000000000047748
32019000,1890,1843,128593,1458,-6289,125628,112,19230,459,1,21327,0.0009999999999976694
32020000,5864,-4670,128039,5376,-6762,131908,101,19228,414,0,21328,0.0009999999999976694
32021000,10196,-2286,128053,7415,-8553,123864,133,19231,545,0,21329,0.0010000000000047748
32022001,5330,-65,127876,13710,-1560,129919,104,19231,426,0,21330,0.0010009999999951447
32023000,1143,-3356,131913,-23202,-5300,133156,113,19227,426,0,21331,0.0009990000000001942
32024000,-2421,5927,132108,-5028,11446,124276,115,19217,463,1,21332,0.0010000000000047748
32025001,-4460,5772,132925,3739,-2670,134523,115,19229,471,1,21333,0.0010009999999951447
32026000,-3986,-3725,128551,-10572,-5686,124562,99,19234,405,1,21334,0.0009990000000001942
32027000,-186,-9496,129765,-13977,-15232,139543,119,19228,487,0,21335,0.0010000000000047748
32028000,3589,2891,128487,9315,9008,118977,98,19229,401,0,21336,0.0009999999999976694
32029000,-2389,4236,131020,-5415,-4247,133131,110,19229,401,0,21337,0.0009999999999976694
32030000,-6738,921,131270,-21135,4038,126450,145,19227,451,1,21338,0.0010000000000047748
32031000,-15020,-493,132160,-13703,-6300,137349,145,19227,594,1,21339,0.0009999999999976694
32032000,-8195,6834,130466,-2760,3120,124090,117,19233,479,1,21340,0.0009999999999976694
32033000,-6379,15008,129915,-4174,3831,120203,100,19227,410,1,21341,0.0010000000000047748
32034000,-2522,-9160,126039,-15393,-15113,136544,167,19231,684,0,21342,0.0009999999999976694
32035000,-3365,2701,127293,-4007,1796,119296,105,19231,684,0,21343,0.0009999999999976694
32036000,-1371,6540,127978,-6687,1721,129320,112,19238,430,0,21344,0.0010000000000047748
32037002,-5958,7420,126852,-6286,6052,121744,112,19225,459,1,21345,0.0010019999999997253
32038000,-8489,5008,127701,-16923,-2756,127962,121,19228,496,1,21346,0.0009979999999956135
32039000,-1670,218,127673,-7471,-1163,130284,107,19231,438,1,21347,0.0010000000000047748
32040000,500,10182,125795,3400,6119,117225,116,19225,475,0,21348,0.0009999999999976694
32041000,113,-559,124909,-2447,-8426,131872,95,19225,475,0,21349,0.0009999999999976694
32042000,32,5787,125280,-2079,1283,116386,111,19228,389,0,21350,0.0010000000000047748
32043000,-268,4455,126318,-5331,2435,133868,111,19226,455,0,21351,0.0009999999999976694
32044000,-2086,13591,129561,-785,13229,118885,137,19220,561,1,21352,0.0009999999999976694
32045002,-342,14305,125086,-5032,9408,121402,112,19231,459,1,21353,0.0010019999999997253
32046000,5440,1609,124982,905,-2206,131565,96,19231,393,1,21354,0.000998000000002719
32047000,8143,640,121802,9342,-1382,121320,124,19231,393,0,21355,0.0009999999999976694
32048000,12857,4083,124008,3747,-1199,124251,113,19232,508,0,21356,0.0010000000000047748
32049000,6060,2938,126155,8948,111,122436,113,19229,463,0,21357,0.0009999999999976694
32050000,4758,-8102,126469,-1066,-12729,130236,116,19223,475,1,21358,0.0009999999999976694
32051001,3314,7458,130694,2292,4032,122986,132,19230,541,1,21359,0.00100100000000225
32052000,4048,10534,126650,4150,6859,123576,108,19233,442,1,21360,0.0009990000000001942
32053000,6649,3809,126705,8794,837,123949,107,19233,438,0,21361,0.0009999999999976694
32054000,9697,12580,127985,1903,9563,129156,98,19221,438,0,21362,0.0010000000000047748
32055000,10848,-16235,125157,10480,-20186,139297,105,19237,401,0,21363,0.0009999999999976694
32056002,1708,-1739,130510,4002,-5175,117694,105,19233,430,0,21364,0.0010019999999997253
32057001,7656,7674,128795,-3757,3654,132124,122,19229,500,1,21365,0.0009990000000001942
32058000,-812,8032,128675,7271,10044,123850,113,19227,463,1,21366,0.0009990000000001942
32059000,2872,4196,128666,-4528,-5992,133675,100,19227,410,1,21367,0.0009999999999976694
32060002,8488,-9147,127132,11167,-9149,126747,142,19236,410,0,21368,0.0010019999999997253
32061000,4934,3373,130942,14343,-6592,127680,105,19228,582,0,21369,0.000998000000002719
32062000,6190,-11083,127033,2269,-6485,134470,105,19230,430,0,21370,0.0009999999999976694
32063000,1494,833,131377,-14141,5684,120418,108,19224,442,1,21371,0.0009999999999976694
32064000,-4020,7236,133283,1337,-5886,136033,155,19227,635,1,21372,0.0010000000000047748
32065000,-9021,7961,131350,-4441,3978,123516,109,19227,446,1,21373,0.0009999999999976694
32066000,-2780,2416,130141,-16359,-9901,132154,102,19228,446,1,21374,0.0009999999999976694
32067000,1397,-9836,128242,3593,-11175,132211,114,19228,418,0,21375,0.0010000000000047748
32068000,3342,11362,129252,-4779,7497,115214,114,19229,467,0,21376,0.0009999999999976694
32069000,-3395,4164,131690,-10582,-3912,134701,108,19231,442,0,21377,0.0009999999999976694
32070000,-4687,-2729,130351,-10192,-3944,128994,126,19227,516,1,21378,0.0010000000000047748
32071000,-9937,5022,130796,-12519,4453,130604,115,19229,471,1,21379,0.0009999999999976694
32072000,-10676,9302,130719,-9870,9902,123928,102,19229,471,1,21380,0.0009999999999976694
32073000,-2130,11680,129915,-6780,-437,124321,128,19230,418,0,21381,0.0010000000000047748
32074000,-3400,-901,124904,-3601,-2426,129879,128,19218,524,0,21382,0.0009999999999976694
32075000,-2856,-5743,126565,-11178,-935,123952,100,19232,410,0,21383,0.0009999999999976694
32076000,1215,615,127901,-9355,866,131343,104,19228,426,0,21384,0.0010000000000047748
32077000,-4495,11189,128496,-1116,15587,121459,147,19228,602,1,21385,0.0009999999999976694
32078000,-7581,4411,126263,-15048,1743,125072,119,19228,602,1,21386,0.0009999999999976694
32079000,-5154,7843,127353,-14439,-71,129509,101,19228,487,1,21387,0.0010000000000047748
32080000,249,746,124543,3811,-4431,124659,101,19225,414,0,21388,0.0009999999999976694
32081000,2554,-1120,126640,4079,-3052,126600,111,19230,455,0,21389,0.0009999999999976694
32082000,367,3630,125437,-6707,-418,122487,111,19226,455,0,21390,0.0010000000000047748
32083000,-932,5557,125754,-6046,2248,127313,118,19224,483,1,21391,0.0009999999999976694
32084000,-1306,14050,127459,-767,10022,123680,134,19224,483,1,21392,0.0009999999999976694
32085000,-507,6432,124367,-1595,-1409,123748,101,19226,549,1,21393,0.0010000000000047748
32086000,2828,24221,126163,2029,17981,117635,101,19231,414,0,21394,0.0009999999999976694
32087000,10118,-4926,120980,2908,-6921,125936,114,19228,467,0,21395,0.0009999999999976694
32088002,12685,-8154,126028,10131,-7307,129658,100,19227,410,0,21396,0.0010019999999997253
32089000,7523,2405,125625,2914,-3059,125333,112,19229,459,0,21397,0.000998000000002719
32090000,3915,802,124653,4458,1890,124976,145,19229,459,1,21398,0.0009999999999976694
32091000,1776,7438,129880,1498,5004,126953,116,19228,594,1,21399,0.0010000000000047748
32092000,9235,-172,125208,-1036,-2880,131751,116,19228,475,1,21400,0.0009999999999976694
32093000,7967,12671,127049,18469,9182,115931,99,19226,405,0,21401,0.0009999999999976694
32094000,8427,3294,127318,-1087,-2860,124270,138,19230,565,0,21402,0.0010000000000047748
32095000,10616,-8060,127527,7377,-13721,133896,104,19227,426,0,21403,0.0009999999999976694
32096000,2774,-6178,129678,11266,-9172,133943,108,19227,426,0,21404,0.0009999999999976694
32097000,3776,5476,133324,-6303,1587,128621,117,19227,442,1,21405,0.0010000000000047748
32098007,-2248,21262,130470,257,17520,114009,109,19228,479,1,21406,0.001006999999994207
32099002,4550,2382,129244,4204,-2009,139169,109,19225,446,1,21407,0.0009950000000031878
32100002,7229,-12224,126033,-3086,-16416,126608,117,19218,479,0,21408,0.0009999999999976694
32101008,9964,-1162,131327,10549,-2583,124601,100,19227,410,0,21409,0.0010060000000038372
32102000,4410,388,128256,11144,-2894,127952,110,19227,451,0,21410,0.0009919999999965512
32103000,146,46,133070,-14794,-2800,133285,132,19232,451,1,21411,0.0010000000000047748
32104000,-2830,3027,132489,-13537,-4907,129995,115,19224,541,1,21412,0.0009999999999976694
32105000,-8189,6312,128890,10428,4940,125079,115,19228,471,1,21413,0.0009999999999976694
32106000,-1763,2934,130237,-14004,-3222,127499,97,19227,397,0,21414,0.0010000000000047748
32107000,1052,-4271,128740,-16385,-11792,131920,151,19231,618,0,21415,0.0009999999999976694
32108000,5353,-4419,127893,9895,-4940,129686,106,19231,434,0,21416,0.0009999999999976694
32109000,-3847,2654,132188,-26983,10028,124967,111,19229,434,0,21417,0.0010000000000047748
32110001,-6846,7122,130940,-14119,5758,126563,132,19224,455,1,21418,0.0010009999999951447
32111001,-7708,2883,130017,-1500,-600,135279,132,19226,541,1,21419,0.0010000000000047748
32112000,-8059,4013,130011,-12307,3942,125098,109,19228,446,1,21420,0.0009990000000001942
32113000,-3157,11343,128896,-11091,-799,121582,112,19221,459,0,21421,0.0009999999999976694
32114000,-3707,-2667,126424,-5331,-11662,130245,128,19221,524,0,21422,0.0009999999999976694
32115000,229,354,128784,-1668,451,128409,101,19228,524,0,21423,0.0010000000000047748
32116000,-4040,5268,128394,-10438,511,125900,122,19230,414,1,21424,0.0009999999999976694
32117000,-7667,7467,127116,-11725,7479,122342,122,19226,500,1,21425,0.0009999999999976694
32118000,-6767,9292,128494,-10954,7332,126811,117,19227,479,1,21426,0.0009999999999976694
32119001,-696,4587,126167,1806,5660,123975,103,19228,422,1,21427,0.00100100000000225
32120000,-609,556,124211,2530,-2492,125640,141,19232,577,0,21428,0.0009990000000001942
32121000,770,-3685,122650,-17656,108,127576,104,19232,577,0,21429,0.0009999999999976694
32122000,7017,1672,125029,5938,2693,121493,110,19229,426,0,21430,0.0010000000000047748
32123000,314,-764,125982,9335,-2662,129459,110,19226,451,1,21431,0.0009999999999976694
32124002,-4521,6440,126650,-16055,4662,126947,164,19226,672,1,21432,0.0010019999999997253
32125002,-3542,10764,125717,-1754,8205,120669,108,19233,442,1,21433,0.0010000000000047748
32126000,6136,12832,125845,12575,2634,123750,100,19226,410,0,21434,0.0009979999999956135
32127000,8923,-326,122358,4344,-6366,124635,83,19226,410,0,21435,0.0009999999999976694
32128003,5080,-6889,125984,5352,-11248,127506,112,19232,340,0,21436,0.001003000000004306
32129000,6163,-1838,125461,2686,-2166,125666,112,19228,459,0,21437,0.0009969999999981383
32130000,3910,11524,129343,3176,9119,124698,123,19222,504,1,21438,0.0009999999999976694
32131001,3381,11372,128751,3227,11979,123186,113,19232,463,1,21439,0.00100100000000225
32132000,5231,-7307,124077,596,-13878,125548,99,19231,405,1,21440,0.0009990000000001942
32133000,9465,-609,127672,8165,-3857,131062,128,19231,405,0,21441,0.0009999999999976694
32134000,11598,-3727,123438,9713,-6258,125880,99,19230,524,0,21442,0.0010000000000047748
32135000,5637,-5999,128905,12187,-8483,130912,99,19231,405,0,21443,0.0009999999999976694
32136000,4233,2883,129705,-6844,483,125613,105,19223,430,1,21444,0.0009999999999976694
32137000,1165,5740,130466,-604,3290,134198,137,19228,561,1,21445,0.0010000000000047748
32138000,-2413,8786,131343,5431,7526,124192,113,19228,463,1,21446,0.0009999999999976694
32139000,5674,5847,126558,-4622,-356,124010,101,19228,463,1,21447,0.0009999999999976694
32140001,10925,-15296,126334,6768,-19882,137331,128,19221,414,0,21448,0.00100100000000225
32141000,10658,-8360,129922,22227,-8039,123327,128,19230,524,0,21449,0.0009990000000001942
32142000,2975,550,129033,-11431,-4286,133713,108,19229,442,0,21450,0.0009999999999976694
32143000,-1914,13532,134855,-14755,11729,119477,117,19218,479,1,21451,0.0010000000000047748
32144002,-9298,2341,133004,2589,-2658,130497,124,19234,508,1,21452,0.0010019999999997253
32145002,-6595,-7745,131645,-4275,-10267,135142,103,19234,422,1,21453,0.0009999999999976694
32146002,-2747,1877,129763,-19224,-3162,132287,122,19228,422,0,21454,0.0009999999999976694
32147002,798,5146,132213,1984,3533,120944,100,19224,500,0,21455,0.0010000000000047748
32148000,1225,6518,127012,4816,3800,130862,100,19232,410,0,21456,0.0009979999999956135
32149000,-4722,-1926,132449,-19630,-5186,138373,110,19226,451,0,21457,0.0010000000000047748
32150000,-9898,1702,130236,-12769,-801,124016,145,19225,594,1,21458,0.0009999999999976694
32151000,-5012,11200,131465,-7022,8334,128157,115,19225,471,1,21459,0.0009999999999976694
32152000,-6006,9056,129168,-10516,463,126111,101,19229,471,1,21460,0.0010000000000047748
32153000,-288,-5712,125545,-6344,-12026,133751,170,19227,414,0,21461,0.0009999999999976694
32154000,-4024,-4984,123714,-8914,-4176,124439,170,19234,696,0,21462,0.0009999999999976694
32155003,-3422,11949,129210,-11730,8276,119982,107,19229,438,0,21463,0.001003000000004306
32156002,-2845,8681,127881,-537,8021,133592,112,19217,459,1,21464,0.0009990000000001942
32157001,-9217,2838,127740,-12651,-3803,123261,128,19217,524,1,21465,0.0009990000000001942
32158000,-6588,3017,126264,-14752,-1650,127462,109,19229,524,1,21466,0.0009990000000001942
32159000,-2594,14221,129607,6715,5964,119463,119,19230,446,1,21467,0.0009999999999976694
32160000,2497,1973,123607,588,-7294,129015,119,19223,487,0,21468,0.0009999999999976694
32161000,2682,-4333,125440,-8860,-7016,128078,95,19229,389,0,21469,0.0010000000000047748
32162002,-933,4194,123925,-3770,6716,120452,111,19228,455,0,21470,0.0010019999999997253
32163001,-191,9885,126952,782,9024,126030,134,19227,549,1,21471,0.0009990000000001942
32164000,-4040,9151,126678,-6820,6051,123045,112,19227,549,1,21472,0.0009990000000001942
32165000,3746,5726,125363,2258,3156,129449,96,19228,459,1,21473,0.0009999999999976694
32166000,2959,2062,122637,11148,0,120888,96,19230,393,0,21474,0.0009999999999976694
32167000,9532,4995,123710,-2530,-7390,119282,122,19230,500,0,21475,0.0010000000000047748
32168000,11299,3232,126200,23688,-3034,125996,114,19224,467,0,21476,0.0009999999999976694
32169000,910,-2400,126209,-891,-2525,126722,116,19224,475,0,21477,0.0009999999999976694
32170000,5883,1221,129816,-11959,-1000,129048,131,19224,475,1,21478,0.0010000000000047748
32171000,1649,10318,128329,18063,7129,122998,107,19228,537,1,21479,0.0009999999999976694
32172000,9184,4466,125303,5365,-2981,125822,107,19236,438,1,21480,0.0009999999999976694
32173000,8670,6551,126878,-3120,3659,122610,107,19223,438,0,21481,0.0010000000000047748
32174000,11629,-6353,126720,10752,-12768,132523,104,19232,426,0,21482,0.0009999999999976694
32175000,7671,-7768,127897,18771,-8633,126836,113,19226,463,0,21483,0.0009999999999976694
32176000,-298,6389,131261,-11948,51,126300,127,19226,463,1,21484,0.0010000000000047748
32177000,3256,-501,129193,-6156,-2030,129619,113,19219,520,1,21485,0.0009999999999976694
32178000,-1095,17172,132716,16106,13681,121778,113,19229,463,1,21486,0.0009999999999976694
32179000,4582,-4793,128249,-10673,-17902,136076,101,19232,414,1,21487,0.0010000000000047748
32180000,9935,2597,126625,4389,1112,116224,144,19230,590,0,21488,0.0009999999999976694
32181000,9446,-9479,130948,20285,-13959,136153,105,19232,430,0,21489,0.0009999999999976694
32182000,3045,-13182,129032,-5064,-10504,136103,106,19232,430,0,21490,0.0009999999999976694
32183000,-443,16790,133149,-21471,13761,117319,146,19227,434,1,21491,0.0010000000000047748
32184000,-5173,7030,129872,10757,3691,134598,146,19226,598,1,21492,0.0009999999999976694
32185000,-6683,4607,129397,-5929,1506,121757,107,19229,438,1,21493,0.0009999999999976694
32186000,572,-13066,128784,-24046,-17421,139261,101,19225,414,0,21494,0.0010000000000047748
32187000,-864,1978,131275,9603,-692,125771,114,19231,467,0,21495,0.0009999999999976694
32188000,2258,5453,129129,-546,2236,122957,111,19231,467,0,21496,0.0009999999999976694
32189000,-6442,3220,132922,-20073,120,132869,122,19227,455,1,21497,0.0010000000000047748
32190000,-8394,-460,129381,-10742,-2768,128821,122,19221,500,1,21498,0.0009999999999976694
32191000,-9016,3407,131287,-7649,156,136581,112,19229,459,1,21499,0.0009999999999976694
32192000,-3972,26098,130095,-12283,23968,110341,99,19229,405,1,21500,0.0010000000000047748
32193000,-3175,-2982,126540,-7245,-7185,139807,129,19221,528,0,21501,0.0009999999999976694
32194000,-2989,-6168,125429,-6116,-8163,118944,104,19221,426,0,21502,0.0009999999999976694
32195000,1142,5135,128333,-6543,2049,130507,108,19228,426,0,21503,0.0010000000000047748
32196000,-4366,7195,127652,-3604,3972,119433,149,19226,442,1,21504,0.0009999999999976694
32197000,-5920,13220,128285,-12390,3912,127098,149,19227,610,1,21505,0.0009999999999976694
32198000,-6566,1581,127908,-13284,-2834,129800,114,19232,467,1,21506,0.0010000000000047748
32199000,1457,4820,125529,1013,1300,119897,104,19225,426,0,21507,0.0009999999999976694
32200000,-1103,-580,125663,2419,-5529,129589,118,19225,483,0,21508,0.0009999999999976694
32201001,2656,2381,124184,-8061,2990,120304,111,19226,483,0,21509,0.00100100000000225
32202000,2176,2427,126242,2008,-3932,131305,118,19225,455,0,21510,0.0009990000000001942
32203000,-1858,3989,125718,-2487,20888,118270,118,19224,483,1,21511,0.0009999999999976694
32204000,-2742,18851,125045,-6703,8192,120725,126,19227,516,1,21512,0.0010000000000047748
32205000,2444,3625,124525,4931,-1882,131112,100,19228,410,1,21513,0.0009999999999976694
32206000,9818,-667,124039,6081,-3940,122006,117,19230,479,0,21514,0.0009999999999976694
32207000,8189,18,126391,6755,-8712,122532,103,19230,479,0,21515,0.0010000000000047748
32208000,6220,2716,127274,5735,-3057,124776,116,19227,422,0,21516,0.0009999999999976694
32209000,4071,-4824,126841,2549,-8809,133392,116,19227,475,1,21517,0.0009999999999976694
32210002,1545,6099,128697,1276,7040,121844,145,19228,594,1,21518,0.0010019999999997253
32211000,3754,17734,126544,922,12219,119939,114,19230,467,1,21519,0.000998000000002719
32212000,7821,11675,126848,7069,-10,120784,97,19228,397,1,21520,0.0009999999999976694
32213000,13918,2271,126414,7772,-3808,126652,139,19228,397,0,21521,0.0010000000000047748
32214000,10808,-13706,126689,8967,-16273,135824,113,19229,569,0,21522,0.0009999999999976694
32215000,7084,-7166,127495,-600,2721,123509,113,19228,463,0,21523,0.0009999999999976694
32216000,5929,5526,132379,-1600,-1341,131978,112,19228,459,1,21524,0.0010000000000047748
32217000,-852,2741,128264,6219,3027,127975,121,19227,496,1,21525,0.0009999999999976694
32218002,1017,9951,130863,-3138,5509,125644,106,19226,434,1,21526,0.0010019999999997253
32219002,4162,-2133,128677,386,-9888,128655,114,19226,434,0,21527,0.0009999999999976694
32220000,9372,-6818,126982,11824,-11840,127251,89,19220,467,0,21528,0.000998000000002719
32221001,6143,1692,131047,6698,-2794,131935,89,19234,365,0,21529,0.00100100000000225
32222000,-239,-5483,128972,-11104,-3946,128486,102,19230,418,0,21530,0.0009990000000001942
32223012,3090,11375,134119,-8107,6143,127124,129,19222,528,1,21531,0.001011999999995794
32224000,-7397,2239,132525,4920,-2536,132079,117,19234,479,1,21532,0.0009879999999995448
32225000,-4339,924,129983,-12640,-1886,124575,98,19234,479,1,21533,0.0010000000000047748
32226000,-299,-7182,129396,-14661,-17012,136359,149,19227,401,0,21534,0.0009999999999976694
32227000,-618,3190,129904,6594,619,127861,149,19231,610,0,21535,0.0009999999999976694
32228000,-368,6923,128580,-3033,4508,117814,106,19227,434,0,21536,0.0010000000000047748
32229000,-7607,-1828,132929,-21943,-5537,135296,112,19224,459,1,21537,0.0009999999999976694
32230000,-7023,3602,130119,-7771,373,130770,133,19229,545,1,21538,0.0009999999999976694
32231000,-10770,5399,128288,-4189,651,130836,115,19229,545,1,21539,0.0010000000000047748
32232000,-3166,12721,130353,-14146,11801,121360,110,19232,471,1,21540,0.0009999999999976694
32233002,-6239,-1543,127934,-10376,-7627,127386,110,19220,451,0,21541,0.0010019999999997253
32234000,-840,-9258,125688,-2988,-11451,134097,128,19235,524,0,21542,0.000998000000002719
32235000,-1454,1907,128098,-5351,-1501,126961,105,19228,430,0,21543,0.0009999999999976694
32236000,-7203,9405,127254,-9410,7101,124160,124,19221,508,1,21544,0.0009999999999976694
32237000,-5790,14873,127272,-14440,10036,119331,117,19221,479,1,21545,0.0010000000000047748
32238000,-6151,3803,127661,-5391,-548,129358,103,19230,479,1,21546,0.0009999999999976694
32239000,-1119,-1562,126765,566,-4499,133093,138,19229,422,0,21547,0.0009999999999976694
32240000,-1781,11101,124861,-9637,8763,123201,138,19229,565,0,21548,0.0010000000000047748
32241000,428,2404,126828,-1570,-1886,133288,106,19228,434,0,21549,0.0009999999999976694
32242000,3578,857,123089,3321,-1903,123059,109,19229,446,0,21550,0.0009999999999976694
32243000,-2763,1585,125215,-6540,-2440,129927,159,19229,651,1,21551,0.0009999999999976694
32244000,612,13500,128453,-3239,18681,111902,109,19231,651,1,21552,0.0010000000000047748
32245000,5024,18692,126099,3572,2060,129185,99,19236,446,1,21553,0.0009999999999976694
32246000,9223,-8629,122010,5789,-12334,130106,99,19225,405,0,21554,0.0009999999999976694
32247000,8511,743,123100,4884,-1563,121053,102,19226,418,0,21555,0.0010000000000047748
32248000,4477,-5130,123922,4980,647,126636,122,19225,500,0,21556,0.0009999999999976694
32249000,5706,2948,128627,6086,2213,124651,126,19225,516,1,21557,0.0009999999999976694
32250000,1041,1425,128365,-2823,-1075,138562,113,19223,516,1,21558,0.0010000000000047748
32251000,4229,8516,126930,5821,7748,114614,103,19231,463,1,21559,0.0009999999999976694
32252000,5499,4873,126352,13822,-2276,125156,103,19229,422,1,21560,0.0009999999999976694
32253000,9350,-2470,127825,-883,-9427,130163,128,19229,524,0,21561,0.0010000000000047748
32254000,10780,-5134,125240,8952,-17384,133063,97,19231,397,0,21562,0.0009999999999976694
32255000,5032,-1822,127431,6057,-4670,129659,99,19229,405,0,21563,0.0009999999999976694
32256000,3980,16111,131470,-6202,13427,119936,132,19229,405,1,21564,0.0010000000000047748
32257003,296,4587,128807,2478,6547,133108,112,19226,541,1,21565,0.0010029999999972006
32258000,2777,-1964,128449,2747,-4260,127450,112,19229,459,1,21566,0.0009969999999981383
32259002,8306,-3452,125387,-2165,-7546,131679,104,19225,426,0,21567,0.0010019999999997253
32260001,8075,-4411,127674,15527,2252,122440,129,19232,528,0,21568,0.0009990000000001942
32261000,6318,-1998,130040,5179,-14116,133976,105,19229,430,0,21569,0.0009990000000001942
32262000,1475,-6860,131054,-13779,-360,134708,111,19229,430,0,21570,0.0010000000000047748
32263000,-5068,10847,133528,-5001,8085,122622,124,19222,455,1,21571,0.0009999999999976694
32264000,-4802,3677,132522,-355,-292,133223,124,19232,508,1,21572,0.0009999999999976694
32265000,-4679,-3954,128032,-11532,-10722,130629,104,19231,426,1,21573,0.0010000000000047748
32266000,-297,-9860,127084,-6262,-13095,131287,120,19224,491,0,21574,0.0009999999999976694
32267000,1135,12863,130921,3628,6282,117767,97,19230,397,0,21575,0.0009999999999976694
32268000,-2369,2188,130754,-6938,-5048,130791,107,19230,397,0,21576,0.0010000000000047748
32269000,-7115,1661,133770,-17364,-3351,130462,145,19222,438,1,21577,0.0009999999999976694
32270000,-10885,1036,130998,-11562,-1418,132193,145,19229,594,1,21578,0.0009999999999976694
32271000,-8887,11239,129797,-6480,9412,123165,118,19231,483,1,21579,0.0010000000000047748
32272000,-3358,7479,129646,-8559,220,127613,102,19227,418,1,21580,0.0009999999999976694
32273000,-2082,-6506,124977,-12375,-13463,128555,167,19229,684,0,21581,0.0009999999999976694
32274000,-747,14412,129010,-575,10145,121891,101,19229,684,0,21582,0.0010000000000047748
32275000,-2312,6079,126992,-10011,3737,123518,110,19231,414,0,21583,0.0009999999999976694
32276000,-4449,6378,129908,-6531,3288,127350,110,19222,451,1,21584,0.0009999999999976694
32277000,-7742,4090,126528,-11712,-177,130301,121,19229,496,1,21585,0.0010000000000047748
32278000,-2583,9467,126043,-8812,9318,122948,111,19230,455,1,21586,0.0009999999999976694
32279000,2067,2062,125732,844,-2949,126047,118,19226,483,0,21587,0.0009999999999976694
32280000,1623,-5999,123640,-2166,-7138,127550,93,19226,483,0,21588,0.0010000000000047748
32281000,503,6023,127232,-1878,2502,122573,108,19227,381,0,21589,0.0009999999999976694
32282000,-1000,3148,126154,-3619,950,126272,108,19228,442,1,21590,0.0009999999999976694
32283000,-1030,16446,126890,-4304,13262,119819,134,19220,549,1,21591,0.0010000000000047748
32284000,-3465,8485,125967,-2886,3110,129254,116,19230,475,1,21592,0.0009999999999976694
32285000,5265,2475,124502,2117,-347,126311,97,19227,397,1,21593,0.0009999999999976694
32286000,9879,16221,124824,7365,12781,115049,118,19227,483,0,21594,0.0010000000000047748
32287000,12104,399,123463,7947,-3945,126413,113,19233,483,0,21595,0.0009999999999976694
32288001,9718,-5362,125542,9003,-9054,132552,116,19225,463,0,21596,0.00100100000000225
32289000,3217,-5361,125566,5413,-8997,123456,116,19223,475,1,21597,0.0009990000000001942
32290000,4265,12854,129522,-2756,11010,122436,134,19229,549,1,21598,0.0009999999999976694
32291000,4139,987,126596,7124,-5101,131597,108,19233,442,1,21599,0.0009999999999976694
32292000,9511,2546,124677,5640,3406,119466,106,19233,434,0,21600,0.0010000000000047748
32293000,10226,7395,128752,-968,-9508,128515,92,19223,434,0,21601,0.0009999999999976694
32294000,6480,-6160,127926,14690,-15566,130590,107,19232,377,0,21602,0.0009999999999976694
32295000,5659,-3571,128729,6551,-7395,131365,107,19230,438,0,21603,0.0010000000000047748
32296002,377,4988,130769,-4939,6391,126753,124,19224,508,1,21604,0.0010019999999997253
32297001,3514,9666,131311,4688,18601,123103,114,19229,467,1,21605,0.0009990000000001942
32298000,2066,6847,129124,2076,-6914,129540,99,19231,405,1,21606,0.0009990000000001942
32299000,8270,-6957,127141,25,-18343,134539,143,19231,405,0,21607,0.0009999999999976694
32300000,6977,-13455,127091,17696,-11473,128399,110,19224,586,0,21608,0.0009999999999976694
32301000,5203,-3490,129445,566,-8603,128083,110,19231,451,0,21609,0.0010000000000047748
32302000,4199,14937,132856,-19245,9581,120964,107,19228,438,1,21610,0.0009999999999976694
32303000,-5709,9199,134343,1901,1394,131320,152,19227,623,1,21611,0.0009999999999976694
32304000,-5044,3147,130476,1149,-5236,131334,109,19233,446,1,21612,0.0010000000000047748
32305000,-4628,-10847,127810,-21462,-15539,132855,103,19233,446,1,21613,0.0009999999999976694
32306000,-1952,-3216,128560,703,2019,126539,113,19222,422,0,21614,0.0009999999999976694
32307000,6746,6046,130521,165,158,124837,113,19234,463,0,21615,0.0009999999999976694
32308000,-4941,643,130783,-10222,1643,131175,111,19228,455,0,21616,0.0010000000000047748
32309000,-5934,-1107,130780,-18410,3996,128854,123,19222,504,1,21617,0.0009999999999976694
32310000,-8369,4469,129977,-7752,2178,129121,114,19230,467,1,21618,0.0009999999999976694
32311001,-8546,10820,131563,-6175,6983,126337,101,19230,467,1,21619,0.00100100000000225
32312000,-1630,3357,128516,-11995,-2760,127786,131,19230,414,0,21620,0.0009990000000001942
32313000,-5026,-4177,128033,-8121,-10155,129173,131,19219,537,0,21621,0.0009999999999976694
32314000,-1245,1710,126020,-5408,972,123715,111,19225,455,0,21622,0.0010000000000047748
32315000,-1625,4687,128775,-8259,471,127450,109,19226,446,0,21623,0.0009999999999976694
32316000,-6031,10507,128493,-4663,9633,121929,145,19226,594,1,21624,0.0009999999999976694
32317000,-6747,10623,127509,-18192,5003,128469,115,19226,594,1,21625,0.0010000000000047748
32318000,-3210,5764,126176,-6661,5299,122573,104,19228,471,1,21626,0.0009999999999976694
32319000,2561,2532,126501,8540,-3114,126534,104,19230,426,0,21627,0.0009999999999976694
32320000,1108,-6857,122255,-5875,-5090,131696,106,19232,434,0,21628,0.0010000000000047748
32321002,1921,8078,124780,-11733,8646,118701,110,19226,451,0,21629,0.0010019999999997253
32322000,2748,7280,126425,3644,6884,127010,118,19218,483,1,21630,0.0009979999999956135
32323000,-1519,9200,125106,2597,6720,124748,126,19218,516,1,21631,0.0010000000000047748
32324003,-1357,7881,125247,-9352,3432,125371,97,19228,516,1,21632,0.0010029999999972006
32325000,5197,3565,124184,2071,1226,123482,97,19233,397,0,21633,0.0009969999999981383
32326000,10284,3044,124101,9264,-2066,122537,117,19228,479,0,21634,0.0010000000000047748
32327000,8187,-3967,125294,2980,-8032,127335,104,19229,426,0,21635,0.0009999999999976694
32328000,5433,-3790,125800,2372,-6841,125111,112,19229,459,0,21636,0.0009999999999976694
32329000,675,3270,127786,10531,1717,132258,144,19229,590,1,21637,0.0010000000000047748
32330000,3389,15377,128171,-10945,14271,117941,113,19229,590,1,21638,0.0009999999999976694
32331000,6577,7661,126931,12916,3000,127386,97,19232,463,1,21639,0.0009999999999976694
32332000,11322,-4343,124118,11487,-7920,124720,97,19228,397,0,21640,0.0010000000000047748
32333000,7627,3044,128853,-5879,178,131301,135,19233,553,0,21641,0.0009999999999976694
32334001,8933,-13136,126524,14443,-16806,132926,105,19228,430,0,21642,0.00100100000000225
32335000,3147,-3006,130132,2969,-7006,129037,112,19228,459,1,21643,0.0009990000000001942
32336000,-440,13513,130797,-9670,9354,120293,113,19222,459,1,21644,0.0009999999999976694
32337000,1114,10236,128983,4387,7340,129023,105,19221,463,1,21645,0.0009999999999976694
32338000,5461,2859,129253,6339,-3796,126292,105,19232,430,1,21646,0.0010000000000047748
32339000,9620,-5686,127134,-4998,-10854,128268,113,19218,463,0,21647,0.0009999999999976694
32340000,10460,-4898,130559,9728,-3899,127078,91,19231,373,0,21648,0.0009999999999976694
32341000,4616,-594,129185,18614,-11532,133758,107,19231,438,0,21649,0.0010000000000047748
32342000,-2401,-3560,131737,-24716,1569,127805,131,19228,438,1,21650,0.0009999999999976694
32343002,-3683,10827,134275,5760,7165,129036,113,19226,537,1,21651,0.0010019999999997253
32344001,-5997,3978,130475,673,9812,131244,113,19230,463,1,21652,0.0009990000000001942
32345000,-1966,-618,131493,-21113,-17071,124545,94,19224,385,0,21653,0.0009990000000001942
32346003,-2156,-12420,127043,2252,-16125,137121,149,19231,610,0,21654,0.0010029999999972006
32347002,758,-5366,131335,1602,-118,128591,116,19228,475,0,21655,0.0009990000000001942
32348003,-5842,14539,131834,-17047,4764,124877,118,19228,475,0,21656,0.00100100000000225
32349005,-9225,3312,130592,-17127,-1440,135219,136,19218,483,1,21657,0.0010019999999997253
32350000,-6986,7362,130355,-7010,9728,124371,136,19229,557,1,21658,0.0009950000000031878
32351000,-6486,5177,129390,-6594,2679,127917,108,19228,442,1,21659,0.0009999999999976694
32352001,-1508,1868,127383,-8473,-3433,126003,110,19220,451,0,21660,0.00100100000000225
32353002,-4898,-8120,125522,-10116,-10854,134111,127,19232,520,0,21661,0.0010009999999951447
32354000,-189,-818,126849,-4059,1857,124806,106,19232,520,0,21662,0.000998000000002719
32355000,-4272,7489,126984,-6741,7142,121826,125,19229,434,1,21663,0.0009999999999976694
32356000,-6670,13503,127008,-10949,3794,134684,125,19225,512,1,21664,0.0010000000000047748
32357000,-8295,5617,126232,-6082,-767,115749,117,19235,479,1,21665,0.0009999999999976694
32358001,-464,13123,127069,-10325,11286,123060,100,19228,410,1,21666,0.00100100000000225
32359000,2776,2372,128367,4833,-10798,127476,142,19232,582,0,21667,0.0009990000000001942
32360000,1439,-2614,122685,225,-7604,122372,109,19232,582,0,21668,0.0009999999999976694
32361003,1715,-6344,125449,-16461,-8672,136527,110,19225,446,0,21669,0.0010029999999972006
32362000,-2895,11405,126615,4545,17720,113152,110,19230,451,1,21670,0.0009970000000052437
32363000,-630,22039,128889,-2355,14665,125572,161,19230,659,1,21671,0.0009999999999976694
32364001,754,2454,123406,-4542,-1241,126582,110,19232,451,1,21672,0.00100100000000225
32365000,6696,3847,124744,6047,-1214,123350,101,19222,414,0,21673,0.0009990000000001942
32366001,9881,-5079,123438,7203,-10385,122609,85,19222,414,0,21674,0.0010009999999951447
32367000,6927,2047,125369,11247,-2395,121953,114,19227,348,0,21675,0.0009990000000001942
32368000,3608,-1964,127127,-2265,-7389,139201,114,19230,467,0,21676,0.0009999999999976694
32369000,3048,3136,125057,-343,5345,115399,125,19224,512,1,21677,0.0010000000000047748
32370000,4680,16745,132235,7367,11918,127242,114,19229,467,1,21678,0.0009999999999976694
32371000,6305,372,124081,6159,-2395,126658,101,19226,414,1,21679,0.0009999999999976694
32372026,12949,1502,125562,-467,-2736,122995,130,19226,532,0,21680,0.00102600000000308
32373001,9551,-8062,127634,11701,-13793,137505,98,19221,532,0,21681,0.0009749999999968395
32374000,7868,-10275,124796,17177,-12643,120733,102,19231,401,0,21682,0.0009990000000001942
32375000,1681,-1882,131425,-7158,-5987,129364,102,19226,418,1,21683,0.0010000000000047748
32376001,179,11692,131259,-6146,8775,128221,135,19229,553,1,21684,0.0010009999999951447
32377002,1543,10725,128524,7718,7903,124406,115,19235,471,1,21685,0.00100100000000225
32378000,-12,6016,131163,-258,1285,124414,103,19235,422,1,21686,0.000998000000002719
32379000,10688,-21289,125493,-7751,-25276,136080,128,19220,422,0,21687,0.0009999999999976694
32380000,10068,-3067,131764,31192,-4880,123408,105,19233,524,0,21688,0.0009999999999976694
32381000,1747,5981,127304,-6653,1769,125034,105,19232,430,0,21689,0.0010000000000047748
32382000,3025,10996,132935,-21363,8584,127761,113,19220,463,1,21690,0.0009999999999976694
32383000,-5303,2230,133511,8668,51,134192,124,19229,508,1,21691,0.0009999999999976694
32384000,-4709,-9437,128187,1093,-12717,130740,102,19229,418,1,21692,0.0010000000000047748
32385000,-4982,-2523,130444,-22742,-7340,128713,120,19228,418,0,21693,0.0009999999999976694
32386000,690,-2817,128556,-5678,-4853,128236,98,19224,491,0,21694,0.0009999999999976694
32387000,129,2686,131479,12149,148,128784,98,19225,401,0,21695,0.0010000000000047748
32388000,-8314,3857,131919,-19094,-1479,128832,111,19227,455,0,21696,0.0009999999999976694
32389002,-8918,4410,130514,-11608,3154,131582,144,19227,590,1,21697,0.0010019999999997253
32390000,-4706,6249,129518,-4259,6664,126991,117,19233,479,1,21698,0.000998000000002719
32391000,-4418,5193,130323,-4478,15260,122235,102,19233,479,1,21699,0.0009999999999976694
32392000,-4059,4025,126786,-15244,-13173,127355,167,19223,418,0,21700,0.0009999999999976694
32393000,-2580,-13587,123580,-3894,-14227,135854,167,19231,684,0,21701,0.0010000000000047748
32394001,-2133,2642,129510,-3060,3718,122552,102,19229,418,0,21702,0.0010009999999951447
32395000,-5065,14295,128137,-13813,12244,117972,109,19225,446,1,21703,0.0009990000000001942
32396000,-8336,13621,129886,-8278,3211,129233,129,19230,528,1,21704,0.0010000000000047748
32397000,-5735,-6047,125131,-12600,-5992,131339,110,19230,528,1,21705,0.0009999999999976694
32398000,1746,7087,126974,4708,6243,122899,117,19232,451,0,21706,0.0009999999999976694
32399000,-1408,8381,125034,-1314,-1304,119886,117,19223,479,0,21707,0.0010000000000047748
32400000,1165,-5655,122614,-12260,-9232,127666,105,19225,430,0,21708,0.0009999999999976694
32401000,2428,5552,128107,-1485,-1069,126645,114,19228,467,0,21709,0.0009999999999976694
32402000,-510,4268,125291,7902,6474,125652,136,19223,557,1,21710,0.0010000000000047748
32403000,-5556,14426,125437,-9070,23192,115247,116,19223,557,1,21711,0.0009999999999976694
32404000,4020,9651,126403,-8220,1344,126362,100,19232,475,1,21712,0.0009999999999976694
32405000,12412,-3328,121672,17866,-7112,129386,100,19227,410,0,21713,0.0010000000000047748
32406000,8394,-3019,124838,11924,-10168,125276,121,19231,496,0,21714,0.0009999999999976694
32407001,5014,-887,126821,-1286,-3835,121287,113,19232,463,0,21715,0.00100100000000225
32408000,4646,-1171,127312,4387,-2233,130939,113,19226,463,1,21716,0.0009990000000001942
32409000,1379,4496,129117,4424,-73,127844,128,19226,463,1,21717,0.0009999999999976694
32410000,3216,13682,128293,-332,5891,119953,105,19230,524,1,21718,0.0009999999999976694
32411000,6560,11496,126215,4793,8941,123414,105,19233,430,1,21719,0.0010000000000047748
32412001,11628,1315,127412,6632,-7296,124425,107,19217,438,0,21720,0.0010009999999951447
32413000,13199,-10929,125372,15875,-13054,134384,91,19230,373,0,21721,0.0009990000000001942
32414000,5513,-8218,127076,4587,-11662,129499,102,19227,418,0,21722,0.0010000000000047748
32415000,3785,11832,130287,-8631,11513,121558,120,19227,491,1,21723,0.0009999999999976694
32416000,-117,14312,131928,6150,11691,124621,111,19224,491,1,21724,0.0009999999999976694
32417000,1641,-4335,129247,3620,-8515,136252,99,19232,455,1,21725,0.0010000000000047748
32418000,5532,-4002,126660,-5857,-7542,123936,99,19227,405,0,21726,0.0009999999999976694
32419000,10236,-4077,129217,8099,-9323,121996,145,19227,594,0,21727,0.0009999999999976694
32420000,8106,-1315,129058,20634,-8397,133161,102,19230,418,0,21728,0.0010000000000047748
32421000,-450,-3218,130428,-17608,-4503,128266,102,19230,418,0,21729,0.0009999999999976694
32422000,201,8728,134242,-17609,6971,127591,148,19226,418,1,21730,0.0009999999999976694
32423002,-9105,13073,132723,16205,10906,126576,110,19230,606,1,21731,0.0010019999999997253
32424001,-4261,-1237,129337,-11974,-6320,133197,110,19230,451,1,21732,0.0009990000000001942
32425001,-308,-12109,128503,-18401,-15500,135447,104,19223,426,0,21733,0.0010000000000047748
32426000,4087,2544,129987,6771,-817,124288,110,19232,451,0,21734,0.0009990000000001942
32427000,-2414,13739,130294,-1245,11252,124530,108,19232,442,0,21735,0.0009999999999976694
32428000,-5753,5038,131363,-19956,1363,135364,124,19229,442,1,21736,0.0009999999999976694
32429000,-9125,-8131,129420,-12402,-10886,133931,116,19221,508,1,21737,0.0010000000000047748
32430000,-9452,16574,131156,-8186,13367,117673,116,19230,475,1,21738,0.0009999999999976694
32431000,-2675,15733,129252,-12267,1646,126989,101,19231,414,1,21739,0.0009999999999976694
32432000,-3758,-7515,125489,-6295,-17299,134466,133,19220,545,0,21740,0.0009999999999976694
32433000,-1666,-11512,125004,-9190,-5119,127740,100,19226,410,0,21741,0.0010000000000047748
32434000,-1671,9566,129455,-4191,14425,121149,104,19226,410,0,21742,0.0009999999999976694
32435000,-6080,12457,128973,-9053,8242,123989,142,19226,426,1,21743,0.0009999999999976694
32436000,-8692,6360,127173,-14533,-3924,131733,142,19230,582,1,21744,0.0010000000000047748
32437000,-5773,-3914,126617,-9651,4121,128337,115,19229,471,1,21745,0.0009999999999976694
32438000,746,314,126776,1399,7434,122731,107,19225,438,0,21746,0.0009999999999976694
32439000,-1312,7649,125554,-2541,-6075,122398,104,19231,426,0,21747,0.0010000000000047748
32440001,-172,-1249,122163,-481,-5357,129034,110,19231,426,0,21748,0.0010009999999951447
32441002,-1457,3489,127931,-5004,4297,127734,117,19226,451,0,21749,0.00100100000000225
32442002,-990,10294,125328,-2731,9333,118408,117,19220,479,1,21750,0.0009999999999976694
32443002,-3613,17283,127542,-5153,6701,125262,127,19226,520,1,21751,0.0010000000000047748
32444000,5497,4594,123935,2391,2904,122434,101,19229,414,1,21752,0.0009979999999956135
32445000,9964,3810,124791,8123,-3344,123749,116,19229,475,0,21753,0.0010000000000047748
32446000,9290,-4044,123076,4447,-1772,128798,102,19229,475,0,21754,0.0009999999999976694
32447000,5634,-5130,123247,3232,-2584,124218,113,19232,418,0,21755,0.0009999999999976694
32448000,5538,1734,127328,3223,-2075,128614,113,19226,463,1,21756,0.0010000000000047748
32449000,2473,6567,126855,4156,7084,123028,144,19227,590,1,21757,0.0009999999999976694
32450001,2900,8030,128016,-456,3684,132720,112,19230,459,1,21758,0.00100100000000225
32451001,10083,-239,125704,9712,-4247,118188,95,19229,389,1,21759,0.0009999999999976694
32452000,11633,1399,126520,8830,25,125323,134,19229,389,0,21760,0.0009990000000001942
32453000,8468,-5618,128208,8282,-17912,137669,106,19233,549,0,21761,0.0009999999999976694
32454000,5061,-5789,126382,-427,-7690,124104,106,19228,434,0,21762,0.0010000000000047748
32455000,3006,8276,131292,-4442,13471,133601,112,19218,459,1,21763,0.0009999999999976694
32456000,1475,10157,129068,6828,12413,119499,112,19226,459,1,21764,0.0009999999999976694
32457000,2824,11610,128998,2047,-652,129794,104,19232,426,1,21765,0.0010000000000047748
32458000,7257,-7765,126057,-3303,-12319,133648,116,19232,426,0,21766,0.0009999999999976694
32459000,8028,-8063,129218,10338,-6561,121772,93,19218,475,0,21767,0.0009999999999976694
32460001,7301,820,130379,11235,-7490,133796,93,19232,381,0,21768,0.00100100000000225
32461000,755,-4736,130310,-15380,-7504,127491,107,19228,438,0,21769,0.0009990000000001942
32462003,-2070,11927,136448,-10207,8479,133283,133,19222,545,1,21770,0.0010029999999972006
32463000,-8256,4654,129458,3766,2861,124114,111,19229,455,1,21771,0.0009970000000052437
32464002,-2643,-1024,129728,-10891,-6490,128022,96,19229,393,1,21772,0.0010019999999997253
32465000,419,-13103,128142,-8567,-17678,136084,155,19228,393,0,21773,0.0009979999999956135
32466000,2572,-437,128592,3746,-4102,125692,111,19232,635,0,21774,0.0010000000000047748
32467002,-4000,10479,132280,-4483,5790,126741,111,19229,455,0,21775,0.0010019999999997253
32468004,-7225,-2593,129462,-14669,-5143,127811,116,19222,475,1,21776,0.0010019999999997253
32469000,-8797,5627,131338,-14424,4230,133302,135,19225,553,1,21777,0.000996000000000663
32470000,-11662,5291,128912,-9191,936,127634,109,19225,446,1,21778,0.0009999999999976694
32471003,-842,15431,130900,-8236,12708,121136,110,19228,446,1,21779,0.0010029999999972006
32472001,-3920,-5621,125105,-7173,-10002,131448,129,19217,451,0,21780,0.000998000000002719
32473001,-3505,-10186,125153,-4025,-13577,132319,129,19236,528,0,21781,0.0009999999999976694
32474002,730,9483,130579,-10637,6625,116889,108,19229,442,0,21782,0.00100100000000225
32475000,-5988,12152,127412,-7964,9704,123418,128,19222,524,1,21783,0.000998000000002719
32476000,-7173,15270,130003,-5329,10427,128390,115,19222,471,1,21784,0.0009999999999976694
32477000,-6820,-3398,124684,-14204,-6671,123462,103,19229,471,1,21785,0.0009999999999976694
32478000,1950,209,126451,-2920,0,128971,145,19227,422,0,21786,0.0010000000000047748
32479000,-231,-5098,124833,1912,-1105,121719,145,19229,594,0,21787,0.0009999999999976694
32480000,662,5679,124171,-1883,7722,123768,110,19228,451,0,21788,0.0009999999999976694
32481000,-816,87,126145,-10047,-3300,131240,113,19225,463,0,21789,0.0010000000000047748
32482000,-2309,5063,125374,1865,7296,121764,160,19227,655,1,21790,0.0009999999999976694
32483000,82,17837,128131,-6853,5056,119733,108,19227,655,1,21791,0.0009999999999976694
32484000,2581,10944,124653,60,3576,121583,102,19232,442,1,21792,0.0010000000000047748
32485001,9140,380,125525,14746,-5361,133652,102,19224,418,0,21793,0.0010009999999951447
32486001,11587,-7398,121300,2972,-10185,118843,84,19228,344,0,21794,0.0010000000000047748
32487000,5019,353,126293,-4561,-3986,128681,118,19227,483,0,21795,0.0009990000000001942
32488002,4945,-1351,127602,10912,-2295,129050,128,19222,524,1,21796,0.0010019999999997253
32489000,-462,13697,128366,-73,12415,117557,112,19222,524,1,21797,0.0009979999999956135
32490000,7107,9155,128109,-4005,2841,132634,99,19227,459,1,21798,0.0010000000000047748
32491000,8144,-3632,122991,14423,2703,118010,99,19232,405,0,21799,0.0009999999999976694
32492000,14476,270,126954,2767,-10553,129312,129,19232,528,0,21800,0.0009999999999976694
32493000,8206,-12352,124783,11400,-15193,132011,101,19230,414,0,21801,0.0009999999999976694
32494000,3864,-3085,129889,392,-1780,131193,107,19227,438,0,21802,0.0010000000000047748
32495002,3045,3553,131121,-4721,1696,127347,144,19227,438,1,21803,0.0010019999999997253
32496000,-1839,15817,130763,3860,10882,123150,111,19228,590,1,21804,0.0009979999999956135
32497000,4007,3628,129412,7083,4337,132251,111,19233,455,1,21805,0.0010000000000047748
32498000,6325,-9617,125451,-5884,-14374,125104,100,19224,410,0,21806,0.0009999999999976694
32499000,11568,-11685,128595,9545,-13112,134515,133,19225,545,0,21807,0.0009999999999976694
32500000,2836,-43,130119,18023,-9703,127659,117,19230,479,0,21808,0.0010000000000047748
32501000,-4703,2922,131777,-24834,5526,124392,118,19230,479,1,21809,0.0009999999999976694
32502000,760,10299,133462,-11915,5454,132801,119,19221,483,1,21810,0.0009999999999976694
32503000,-9764,2849,130134,13101,-3363,127889,119,19231,487,1,21811,0.0010000000000047748
32504000,923,520,128403,-15071,-5448,127265,100,19232,410,1,21812,0.0009999999999976694
32505000,-1127,-8349,129652,-13383,-12763,133913,122,19224,500,0,21813,0.0009999999999976694
32506000,5364,3167,128767,11907,2136,125361,107,19227,438,0,21814,0.0010000000000047748
32507000,-4184,7872,130807,-9191,4572,129415,112,19227,459,0,21815,0.0009999999999976694
32508000,-8031,1841,131069,-22672,-2379,127879,145,19226,459,1,21816,0.0009999999999976694
32509000,-8012,21074,131948,-3269,21399,124651,115,19228,594,1,21817,0.0010000000000047748
32510000,-9191,860,127117,-11491,-1980,126682,115,19230,471,1,21818,0.0009999999999976694
32511000,1537,3892,132599,-8873,2067,128027,101,19225,414,1,21819,0.0009999999999976694
32512000,-3864,-2128,124288,-4724,-5867,128043,169,19230,692,0,21820,0.0010000000000047748
32513000,-2520,635,128565,-7063,-1960,126612,113,19230,463,0,21821,0.0009999999999976694
32514000,-2140,6972,129687,-7764,3464,129346,110,19227,463,0,21822,0.0009999999999976694
32515000,-7398,6888,126600,-10865,3741,122265,125,19223,451,1,21823,0.0010000000000047748
32516000,-2485,18459,130189,-7747,15553,124526,125,19228,512,1,21824,0.0009999999999976694
32517000,-5596,335,124376,-1582,-3659,128626,111,19232,455,1,21825,0.0009999999999976694
32518000,2355,7549,124004,-5816,4978,122683,120,19221,491,0,21826,0.0010000000000047748
32519000,-37,1518,124977,-6624,-580,123114,94,19221,385,0,21827,0.0009999999999976694
32520000,4585,-2382,126770,6133,-5735,132605,104,19229,385,0,21828,0.0009999999999976694
32521000,-382,9542,124050,-2589,7299,121614,128,19228,426,1,21829,0.0010000000000047748
32522000,-4493,11708,127094,-10600,7974,125279,128,19223,524,1,21830,0.0009999999999976694
32523000,1202,10101,126240,1548,6363,122599,114,19232,467,1,21831,0.0009999999999976694
32524000,6874,7427,125095,2822,4434,125382,100,19230,410,1,21832,0.0010000000000047748
32525001,8543,-233,122831,4658,-5734,124397,117,19231,479,0,21833,0.0010009999999951447
32526000,9462,-1936,125043,7866,-11222,125591,110,19231,479,0,21834,0.0009990000000001942
32527000,5235,-3136,126156,8394,-10355,128972,113,19231,451,0,21835,0.0010000000000047748
32528000,2881,5008,128052,-608,9143,122811,113,19224,463,1,21836,0.0009999999999976694
32529000,1511,17403,130810,4059,13239,122156,129,19229,528,1,21837,0.0009999999999976694
32530000,8247,10614,126967,9786,-5367,125244,110,19232,451,1,21838,0.0010000000000047748
32531000,8129,-9354,123526,3304,-14719,131495,111,19225,455,0,21839,0.0009999999999976694
32532000,10953,-11564,128759,5554,-4979,131443,87,19225,455,0,21840,0.0009999999999976694
32533000,9705,3405,127037,16626,-4471,123394,101,19232,356,0,21841,0.0010000000000047748
32534000,3060,2965,128502,-1063,-506,129854,101,19230,414,0,21842,0.0009999999999976694
32535000,901,6621,131155,-10454,4058,130195,118,19225,483,1,21843,0.0009999999999976694
32536000,-354,4270,127991,12127,-1371,126131,114,19231,467,1,21844,0.0010000000000047748
32537000,5798,9306,128851,2503,5196,126246,101,19229,414,1,21845,0.0009999999999976694
32538000,10016,-5604,129558,-4794,-16790,132160,144,19229,414,0,21846,0.0009999999999976694
32539000,8928,-15813,128129,20782,-9877,128553,106,19226,590,0,21847,0.0010000000000047748
32540000,6256,493,129498,-4300,-5522,134906,106,19228,434,0,21848,0.0009999999999976694
32541000,-5382,810,130522,-15265,5407,121201,106,19224,434,1,21849,0.0009999999999976694
32542000,-3370,19104,135269,-5436,10790,126493,150,19228,614,1,21850,0.0010000000000047748
32543000,-5130,-6876,129640,4790,-11255,137384,110,19233,451,1,21851,0.0009999999999976694
32544000,-3055,-10481,129561,-17290,-11909,128606,105,19233,451,1,21852,0.0009999999999976694
32545000,1168,-2107,130684,-6950,-7355,128548,108,19219,430,0,21853,0.0010000000000047748
32546000,-16,4081,128085,10287,-2243,127086,108,19229,442,0,21854,0.0009999999999976694
32547000,-5304,9041,134126,-21021,3711,128767,108,19225,442,0,21855,0.0009999999999976694
32548000,-9720,7422,131028,-19539,104,130007,124,19221,508,1,21856,0.0010000000000047748
32549000,-5242,2357,129583,-2878,5969,130235,114,19229,467,1,21857,0.0009999999999976694
32550000,-6876,9223,130840,-4985,7642,124461,103,19229,422,1,21858,0.0009999999999976694
32551000,170,1573,127147,-10420,-1823,128704,135,19231,422,0,21859,0.0010000000000047748
32552000,-2970,-1548,125062,-10764,-3904,129372,99,19219,553,0,21860,0.0009999999999976694
32553000,-3522,-2785,126664,-1667,-3597,128283,99,19227,405,0,21861,0.0009999999999976694
32554000,103,10957,127261,-10781,8460,119619,103,19224,422,1,21862,0.0010000000000047748
32555000,-9383,6745,129491,-7020,-108,127233,150,19229,614,1,21863,0.0009999999999976694
32556001,-5431,7975,126896,-14430,10688,135465,116,19229,475,1,21864,0.00100100000000225
32557001,-37,5179,125273,-7603,2021,115551,103,19233,475,1,21865,0.0009999999999976694
32558000,1692,5163,126614,10595,-519,125391,104,19225,422,0,21866,0.0009990000000001942
32559000,3681,-3202,124172,-5176,-6107,129110,104,19232,426,0,21867,0.0009999999999976694
32560000,-981,-1226,126132,-11137,-2825,124143,109,19227,446,0,21868,0.0009999999999976694
32561000,-1408,10548,127693,305,7802,125792,118,19222,483,1,21869,0.0010000000000047748
32562000,-2913,17213,125204,-5631,14525,117085,125,19222,512,1,21870,0.0009999999999976694
32563000,-509,3106,125505,3034,-10,128372,99,19229,512,1,21871,0.0009999999999976694
32564000,6157,-7989,121795,1571,-11789,124235,120,19232,405,0,21872,0.0010000000000047748
32565000,9957,12257,125332,-18,8449,120050,120,19229,491,0,21873,0.0009999999999976694
32566001,7956,-103,125604,17884,-2703,123901,104,19228,426,0,21874,0.00100100000000225
32567000,4585,-8486,126043,294,-12501,131153,112,19227,459,0,21875,0.0009990000000001942
32568000,2020,-4258,130528,-3673,-7766,124549,142,19228,582,1,21876,0.0009999999999976694
32569003,4969,17451,126280,5765,15054,119571,111,19228,582,1,21877,0.0010029999999972006
32570001,6915,15064,126500,10767,11173,126561,99,19233,455,1,21878,0.000998000000002719
32571000,10875,-3768,124645,-821,-8235,122074,99,19228,405,0,21879,0.0009990000000001942
32572000,12298,-11617,124750,3115,-11764,138228,138,19232,565,0,21880,0.0009999999999976694
32573000,6732,-9949,125907,23174,2784,122348,102,19229,418,0,21881,0.0010000000000047748
32574003,4962,7328,129334,-7640,-3842,129403,111,19223,455,1,21882,0.0010029999999972006
32575000,626,2304,129290,-6797,7905,125650,112,19223,455,1,21883,0.0009969999999981383
32576001,1727,13721,133922,6065,1624,131796,106,19228,459,1,21884,0.00100100000000225
32577000,1337,-3496,127876,-6617,-6527,124694,106,19231,434,1,21885,0.0009990000000001942
32578000,8975,-1479,128839,3431,-7638,127072,120,19219,491,0,21886,0.0009999999999976694
32579000,11149,-9908,130439,24331,-11526,139694,93,19229,381,0,21887,0.0010000000000047748
32580000,501,-6934,127327,-12945,-2988,119254,105,19231,430,0,21888,0.0009999999999976694
32581000,4615,8457,134057,-25693,12892,129096,132,19231,430,1,21889,0.0009999999999976694
32582000,-9067,4262,132667,20558,1414,130872,113,19221,541,1,21890,0.0010000000000047748
32583000,-4822,3284,129583,-11431,-2467,122408,113,19228,463,1,21891,0.0009999999999976694
32584000,-3725,-7259,130259,-21014,-15152,140218,100,19227,410,0,21892,0.0009999999999976694
32585000,-926,-8978,128733,7504,-3537,122282,153,19235,627,0,21893,0.0010000000000047748
32586000,3662,5853,131694,1100,43,129394,111,19228,455,0,21894,0.0009999999999976694
32587000,-9154,-815,130773,-17837,-4901,129541,115,19228,455,0,21895,0.0009999999999976694
32588000,-6837,5300,130903,-15666,100,130985,135,19220,471,1,21896,0.0010000000000047748
32589000,-10986,646,129420,-5996,621,131389,135,19225,553,1,21897,0.0009999999999976694
32590000,-5171,21495,131572,-11047,14494,115015,109,19230,446,1,21898,0.0009999999999976694
32591000,-3788,-3189,126351,-1075,-10936,138270,111,19221,455,0,21899,0.0010000000000047748
32592000,-4230,-11326,123518,-13052,-9846,124071,121,19234,496,0,21900,0.0009999999999976694
32593000,2976,578,127983,-9522,-4356,129000,107,19234,496,0,21901,0.0009999999999976694
32594000,-7446,7701,127296,2296,5946,122478,129,19228,438,1,21902,0.0010000000000047748
32595000,-5398,19381,129108,-18882,14072,120572,129,19221,528,1,21903,0.0009999999999976694
32596000,-8678,-1273,127459,-14137,-2636,135235,117,19229,479,1,21904,0.0009999999999976694
32597000,1397,8110,126561,-486,6173,119167,101,19228,414,1,21905,0.0010000000000047748
32598000,2320,2292,124069,2289,-4491,126406,142,19232,582,0,21906,0.0009999999999976694
32599000,580,-2681,124514,-4946,-8794,122911,109,19232,446,0,21907,0.0009999999999976694
32600000,4431,1612,124881,-5372,-558,129498,112,19231,446,0,21908,0.0010000000000047748
32601000,-4458,9016,126358,502,9341,124883,157,19224,459,1,21909,0.0009999999999976694
32602000,-638,18572,127457,-6253,13995,118301,157,19224,643,1,21910,0.0009999999999976694
32603002,2559,12156,123911,10229,10921,126934,107,19231,438,1,21911,0.0010019999999997253
32604000,7633,-3292,122775,319,-8903,122805,100,19225,410,0,21912,0.000998000000002719
32605000,10520,-5570,125889,4382,-8401,127350,84,19225,344,0,21913,0.0009999999999976694
32606000,8023,128,126035,12562,-2819,125587,117,19229,344,0,21914,0.0010000000000047748
32607001,2258,-4054,126057,-348,-8496,126196,128,19231,479,0,21915,0.0010009999999951447
32608000,613,2720,128262,1515,-1819,126455,128,19221,524,1,21916,0.0009990000000001942
32609000,3886,15340,128532,-47,11302,120933,112,19230,459,1,21917,0.0010000000000047748
32610003,7647,9790,126122,9120,8248,123871,98,19232,401,1,21918,0.0010029999999972006
32611000,10910,6669,127962,4522,2476,119354,128,19232,524,0,21919,0.0009969999999981383
32612001,12150,-8943,124923,8891,-13469,134389,112,19224,524,0,21920,0.00100100000000225
32613000,2985,-11354,128817,14454,-13337,130467,109,19227,459,0,21921,0.0009990000000001942
32614000,4103,2326,131314,-11197,-1619,131998,109,19227,446,1,21922,0.0009999999999976694
32615000,2671,19806,128851,5576,15769,114873,142,19227,582,1,21923,0.0010000000000047748
32616000,584,16738,131239,6351,14445,133047,112,19231,459,1,21924,0.0009999999999976694
32617002,7545,-12058,126131,-10136,-16788,132188,102,19222,418,1,21925,0.0010019999999997253
32618001,10597,-11645,126050,12266,1824,124880,136,19222,418,0,21926,0.0009990000000001942
32619000,8338,285,131685,16873,-6383,132510,106,19233,557,0,21927,0.0009990000000001942
32620000,915,-6873,128174,-7951,-4767,126427,106,19227,434,0,21928,0.0009999999999976694
32621000,1824,4150,134174,-14424,-1362,136863,114,19221,467,1,21929,0.0009999999999976694
32622000,-9796,-851,132338,4825,1464,126440,117,19229,479,1,21930,0.0010000000000047748
32623000,-7536,11966,131565,-16101,6177,121340,100,19229,410,1,21931,0.0009999999999976694
32624000,1754,-3962,128928,-12270,-16388,141448,119,19229,410,0,21932,0.0009999999999976694
32625000,1721,-9337,128369,14218,-10971,124713,101,19224,487,0,21933,0.0010000000000047748
32626000,-1408,5140,132582,-6747,5115,126036,101,19229,414,0,21934,0.0009999999999976694
32627000,-8139,11495,131369,-23965,20,124375,107,19230,438,1,21935,0.0009999999999976694
32628000,-7929,6078,131546,-5115,-5180,136829,145,19227,594,1,21936,0.0010000000000047748
32629000,-6141,-1238,128807,-9071,-259,130584,118,19227,483,1,21937,0.0009999999999976694
32630000,-5496,13626,128663,-12493,13184,117112,101,19227,483,1,21938,0.0009999999999976694
32631000,-1598,5808,128309,-7103,-7300,130986,165,19225,414,0,21939,0.0010000000000047748
32632001,-404,-8295,124414,-1058,-9753,132458,165,19230,676,0,21940,0.0010009999999951447
32633000,-641,-3650,127581,-8124,-4845,130234,105,19231,430,0,21941,0.0009990000000001942
32634002,-7023,7675,127230,-10258,10770,116629,110,19225,451,1,21942,0.0010019999999997253
32635000,-7286,24507,129641,-10787,16535,122926,124,19226,508,1,21943,0.000998000000002719
32636000,-5924,-4855,125284,-4913,-7328,137005,110,19226,508,1,21944,0.0009999999999976694
32637000,-2228,2733,125959,-4999,5199,120422,117,19229,451,0,21945,0.0010000000000047748
32638000,1881,3330,124646,-7753,2943,122465,117,19223,479,0,21946,0.0009999999999976694
32639000,2588,2865,125637,8900,-6278,126079,92,19231,377,0,21947,0.0009999999999976694
32640000,3308,-8262,124892,-7260,-15830,137766,109,19228,446,0,21948,0.0010000000000047748
32641002,-4887,6850,126534,-6673,11255,120914,135,19222,553,1,21949,0.0010019999999997253
32642000,-3288,27360,128948,1777,23039,117195,113,19222,463,1,21950,0.0009979999999956135
32643000,4539,5878,123763,-1147,617,127514,94,19229,463,1,21951,0.0010000000000047748
32644000,9261,4680,124366,8953,759,126060,118,19228,385,0,21952,0.0009999999999976694
32645000,7579,-6596,121372,6025,-8645,126529,118,19229,483,0,21953,0.0009999999999976694
32646001,8491,5249,127089,5524,3245,119404,119,19226,487,0,21954,0.00100100000000225
32647000,6009,-938,126911,7700,-5302,130965,118,19223,483,1,21955,0.0009990000000001942
32648000,929,1313,128081,-5037,57,125993,130,19223,532,1,21956,0.0009999999999976694
32649000,2973,7728,128545,-190,2671,125556,110,19229,532,1,21957,0.0010000000000047748
32650000,7079,3772,125173,8228,4863,126868,108,19231,451,1,21958,0.0009999999999976694
32651001,12483,4128,127163,6428,-265,118423,108,19220,442,0,21959,0.00100100000000225
32652000,10093,-7620,127523,10990,-12579,136859,89,19230,365,0,21960,0.0009990000000001942
32653000,7129,-2600,127509,6611,-6193,129168,105,19231,430,0,21961,0.0009999999999976694
32654000,3644,6337,131966,-4177,4143,125555,121,19231,496,1,21962,0.0009999999999976694
32655000,-987,15445,132408,2221,11901,127213,112,19224,496,1,21963,0.0010000000000047748
32656000,2292,5205,127835,5942,828,126022,98,19231,459,1,21964,0.0009999999999976694
32657000,4877,-4174,129089,-3714,-7839,131571,98,19233,401,0,21965,0.0009999999999976694
32658000,11791,-7545,128082,4679,-10249,127121,141,19227,577,0,21966,0.0010000000000047748
32659000,7682,2066,129345,19198,-2730,129816,101,19231,414,0,21967,0.0009999999999976694
32660000,513,-1883,129877,-8247,-4871,129159,103,19225,422,0,21968,0.0009999999999976694
32661000,-369,9019,132722,-18538,6828,128061,146,19225,422,1,21969,0.0010000000000047748
32662000,-6322,9511,134381,-3865,6716,127492,107,19231,598,1,21970,0.0009999999999976694
32663000,-259,-1116,127924,10592,-4344,130041,107,19237,438,1,21971,0.0009999999999976694
32664000,-30,-12361,128617,-16103,-16304,133943,103,19222,422,0,21972,0.0010000000000047748
32665000,943,-2377,129083,-10723,5597,122890,110,19230,451,0,21973,0.0009999999999976694
32666000,-605,2813,130888,9049,-2763,132800,109,19228,446,0,21974,0.0009999999999976694
32667000,-8243,1340,132116,-15856,-2471,129352,120,19228,446,1,21975,0.0010000000000047748
32668002,-13610,3946,131240,-19895,3111,132845,112,19222,491,1,21976,0.0010019999999997253
32669002,-8627,5625,130737,-9534,6181,126913,112,19228,459,1,21977,0.0009999999999976694
32670000,-4366,9633,129045,-3198,3622,125898,104,19230,426,1,21978,0.000998000000002719
32671001,-3471,-3443,125347,-15935,-7329,129143,131,19220,537,0,21979,0.0010009999999951447
32672000,-3026,-3816,125634,-5735,-2451,122087,98,19229,401,0,21980,0.0009990000000001942
32673000,-726,5118,128830,-5204,1440,131529,102,19229,401,0,21981,0.0010000000000047748
32674000,-4856,7181,128755,-5561,4231,119292,146,19228,418,1,21982,0.0009999999999976694
32675000,-9401,11964,128251,-14575,3512,125918,146,19230,598,1,21983,0.0009999999999976694
32676000,-5903,1303,127224,-9597,1024,131409,117,19232,479,1,21984,0.0010000000000047748
32677000,2010,6102,126389,7465,4009,117258,108,19224,442,0,21985,0.0009999999999976694
32678000,-94,-2194,124105,-2889,-5495,130721,115,19230,471,0,21986,0.0009999999999976694
32679001,-659,1921,124324,-7079,754,119139,108,19230,471,0,21987,0.00100100000000225
32680002,464,1776,125916,-495,589,129649,116,19227,442,0,21988,0.00100100000000225
32681001,-887,4063,127057,-4563,6324,121518,116,19216,475,1,21989,0.0009990000000001942
32682002,-1890,9948,126033,-1798,10192,125011,128,19228,524,1,21990,0.0010009999999951447
32683000,1345,5735,123264,-97,-335,124137,102,19230,418,1,21991,0.000998000000002719
32684000,10611,9162,123103,2832,5040,117467,120,19229,491,0,21992,0.0009999999999976694
32685000,11625,-5672,124094,17907,-13994,141985,102,19229,418,0,21993,0.0009999999999976694
32686000,7242,-6555,124444,3212,-5532,113809,110,19225,418,0,21994,0.0010000000000047748
32687000,4525,-2,127132,-5379,-4239,129309,143,19226,451,1,21995,0.0009999999999976694
32688000,77,11071,130761,5964,8116,127219,143,19229,586,1,21996,0.0009999999999976694
32689001,4615,9125,124619,6286,11493,119390,114,19234,467,1,21997,0.00100100000000225
32690001,5458,-2228,124818,4754,-3106,128849,101,19226,414,1,21998,0.0009999999999976694
32691000,12097,2388,125788,-2347,-2693,122473,139,19226,569,0,21999,0.0009990000000001942
32692000,11076,-10096,124738,21903,-16068,133088,115,19230,569,0,22000,0.0010000000000047748
32693000,5896,-7598,130578,6937,-8101,128303,113,19228,471,0,22001,0.0009999999999976694
32694000,3246,237,129522,-14973,-3334,131887,113,19223,463,1,22002,0.0009999999999976694
32695000,-1098,20733,131907,7414,14393,123403,120,19229,491,1,22003,0.0010000000000047748
32696000,1060,6600,128350,4924,1363,127759,107,19232,438,1,22004,0.0009999999999976694
32697000,7564,-3072,128079,-1992,-5609,133347,118,19232,483,0,22005,0.0009999999999976694
32698000,9129,-10389,127833,10256,-12136,124088,93,19217,483,0,22006,0.0010000000000047748
32699000,8507,-11463,127489,15759,-16235,132273,107,19230,381,0,22007,0.0009999999999976694
32700000,866,11420,133000,-18234,10057,125140,107,19228,438,0,22008,0.0009999999999976694
32701000,-3367,6598,130512,-10963,3844,126691,129,19223,528,1,22009,0.0010000000000047748
32702000,-9805,2938,131761,11356,-1040,131642,112,19231,459,1,22010,0.0009999999999976694
32703000,-3080,-7540,128731,-22135,-12102,132511,97,19226,397,1,22011,0.0009999999999976694
32704000,3547,-4344,129316,-3418,-7171,128839,151,19226,397,0,22012,0.0010000000000047748
32705002,4515,10739,131689,10418,6071,123040,107,19235,618,0,22013,0.0010019999999997253
32706003,-2612,-510,128246,-8028,-4309,131939,107,19229,438,0,22014,0.0010009999999951447
32707002,-9289,2448,131230,-17058,-233,130719,112,19224,459,1,22015,0.0009990000000001942
32708002,-10310,5734,130786,-15259,3573,133942,134,19229,549,1,22016,0.0010000000000047748
32709000,-8159,16237,130480,2173,13512,117111,108,19231,442,1,22017,0.0009979999999956135
32710000,-4563,7340,130074,-15592,5660,132139,109,19231,442,1,22018,0.0010000000000047748
32711000,-449,-11764,125779,-10452,-14612,131644,133,19219,446,0,22019,0.0009999999999976694
32712000,-1781,-2606,126274,6329,-407,123495,133,19230,545,0,22020,0.0009999999999976694
32713000,-1219,5196,128439,-14368,3793,126376,112,19227,459,0,22021,0.0010000000000047748
32714000,-5670,18867,130125,-7024,8546,119705,127,19221,520,1,22022,0.0009999999999976694
32715000,-7109,3631,127051,-9197,-9690,132699,115,19229,471,1,22023,0.0009999999999976694
32716000,-6562,6348,128847,-4941,1349,119173,102,19229,471,1,22024,0.0010000000000047748
32717000,307,10189,125254,3126,2654,124539,140,19227,418,0,22025,0.0009999999999976694
32718002,2550,-2468,125251,-3386,-6463,128605,140,19230,573,0,22026,0.0010019999999997253
32719001,542,1464,124201,-8019,-1076,122386,109,19228,446,0,22027,0.0009990000000001942
32720001,1457,-3394,126280,399,3236,132255,109,19223,446,0,22028,0.0009999999999976694
32721000,-3624,25636,127451,-727,14410,112499,154,19227,631,1,22029,0.0009990000000001942
32722000,-1345,6975,124674,-12481,-6273,135587,108,19227,631,1,22030,0.0010000000000047748
32723000,6331,-1308,124266,7381,2845,124709,101,19231,442,1,22031,0.0009999999999976694
32724000,8809,4149,124436,9832,-3665,118770,101,19224,414,0,22032,0.0009999999999976694
32725001,11358,2563,125504,539,-6252,123717,86,19230,352,0,22033,0.00100100000000225
32726000,3572,-2008,127485,5831,-14635,130403,115,19227,471,0,22034,0.0009990000000001942
32727002,2741,-7904,125111,3257,-679,133897,125,19221,512,1,22035,0.0010019999999997253
32728002,2270,22338,130520,-4920,22103,109109,111,19221,512,1,22036,0.0009999999999976694
32729000,4100,7675,125407,15374,-1077,132779,100,19230,455,1,22037,0.000998000000002719
32730000,11924,-4915,125073,1291,-8695,123626,100,19231,410,0,22038,0.0009999999999976694
32731000,7986,-1845,127299,4363,-6128,128111,131,19225,537,0,22039,0.0010000000000047748
32732000,10971,-14631,127405,16072,-10495,133636,101,19231,414,0,22040,0.0009999999999976694
32733002,2782,2491,129385,-3832,-5182,123196,101,19231,414,0,22041,0.0010019999999997253
32734000,1728,-1025,131695,-5301,-11943,135260,132,19231,541,1,22042,0.000998000000002719
32735002,767,8950,128259,8244,7203,122057,113,19226,541,1,22043,0.0010019999999997253
32736000,1218,13208,130501,-3285,6104,128557,104,19230,463,1,22044,0.0009979999999956135
32737000,10609,-4600,126585,-1497,-7208,128160,104,19228,426,0,22045,0.0010000000000047748
32738000,7459,-9079,127975,19221,-9726,129429,126,19227,516,0,22046,0.0009999999999976694
32739000,6106,-4616,129391,5314,-10528,137653,107,19232,438,0,22047,0.0009999999999976694
32740000,-2660,4844,131791,-18419,5918,122504,114,19232,467,1,22048,0.0010000000000047748
32741000,-2759,7402,132974,-3851,3653,132428,116,19217,467,1,22049,0.0009999999999976694
32742000,-5181,304,130580,2884,-4339,128281,100,19224,475,1,22050,0.0009999999999976694
32743000,-2775,-2996,129365,-17205,-9220,127683,100,19230,410,1,22051,0.0009999999999976694
32744000,264,-1588,128884,-6303,-340,131601,119,19223,487,0,22052,0.0010000000000047748
32745000,1825,3722,129734,5376,-351,119717,106,19229,434,0,22053,0.0009999999999976694
32746000,-6039,-4009,130939,-9572,-10261,137579,113,19229,463,0,22054,0.0009999999999976694
32747000,-7745,-477,129621,-19210,-2080,129152,151,19230,463,1,22055,0.0010000000000047748
32748000,-8470,9110,134562,-7711,8180,128467,117,19228,618,1,22056,0.0009999999999976694
32749000,-9908,11292,129821,-7899,8988,126202,117,19229,479,1,22057,0.0009999999999976694
32750000,-1875,5760,127935,-11238,1702,124053,98,19227,401,0,22058,0.0010000000000047748
32751000,-4522,-9020,125525,-8176,-11422,132721,167,19231,684,0,22059,0.0009999999999976694
32752000,-391,3358,128131,-5376,311,125993,102,19228,418,0,22060,0.0009999999999976694
32753000,-2176,5474,126010,-4157,1321,125671,113,19228,418,0,22061,0.0010000000000047748
32754000,-5504,15117,129888,-12100,12109,126811,119,19221,463,1,22062,0.0009999999999976694
32755000,-7062,-2998,123746,-6927,-6185,131134,119,19229,487,1,22063,0.0009999999999976694
32756000,-4245,15642,127150,-13936,12620,114592,106,19233,434,1,22064,0.0010000000000047748
32757000,4181,4009,124888,-428,281,126871,116,19228,475,0,22065,0.0009999999999976694
32758000,1553,-2242,125444,10288,-4535,126942,96,19227,393,0,22066,0.0009999999999976694
32759000,4546,-5527,123589,-14485,-7397,130370,109,19227,393,0,22067,0.0010000000000047748
32760001,-3226,5313,128181,1730,6805,120180,137,19226,446,1,22068,0.0010009999999951447
32761001,-310,25650,128838,3865,12517,120430,137,19223,561,1,22069,0.0010000000000047748
32762002,-1770,598,123569,-7533,353,130399,114,19233,467,1,22070,0.0010009999999951447
32763001,5624,7098,125901,5175,3006,123113,95,19226,389,0,22071,0.0009990000000001942
32764000,10519,1888,121973,6169,-1515,119572,115,19235,471,0,22072,0.0009990000000001942
32765000,6919,4668,127065,13500,-2776,125428,112,19235,471,0,22073,0.0010000000000047748
32766000,7587,-10835,126295,-1368,-19028,136078,113,19231,459,0,22074,0.0009999999999976694
32767000,2960,-5136,126352,43,6245,123781,113,19221,463,1,22075,0.0009999999999976694
32768000,1890,24918,133654,7162,9973,119449,130,19229,532,1,22076,0.0010000000000047748
32769000,6577,3304,122357,8014,-3205,126096,104,19232,426,1,22077,0.0009999999999976694
32770000,7625,3175,127458,-3911,2030,127511,107,19220,438,0,22078,0.0009999999999976694
32771000,13585,-3760,123412,13152,-3007,127437,88,19220,438,0,22079,0.0010000000000047748
32772000,9490,-1350,126032,21384,-2293,124525,104,19232,360,0,22080,0.0009999999999976694
32773000,6152,-2990,130006,-15509,-3616,130837,104,19227,426,1,22081,0.0009999999999976694
32774000,4108,6728,130990,332,1884,130415,124,19226,508,1,22082,0.0010000000000047748
32775000,-352,4594,128922,12657,3974,127797,114,19233,467,1,22083,0.0009999999999976694
32776000,3262,3941,129182,-10752,2875,125322,101,19230,414,1,22084,0.0009999999999976694
32777000,8804,-5154,128074,2963,-14630,128554,145,19230,594,0,22085,0.0010000000000047748
32778000,9708,-11462,129339,23493,-10346,132175,103,19231,594,0,22086,0.0009999999999976694
32779000,4125,-3292,129369,-9598,-8025,134503,104,19231,422,0,22087,0.0009999999999976694
32780000,-1374,4289,133058,-13203,5538,118186,104,19229,426,1,22088,0.0010000000000047748
32781000,-4464,11427,134031,259,3215,129883,142,19233,582,1,22089,0.0009999999999976694
32782000,-10002,-3,131897,1700,-2330,135256,110,19232,451,1,22090,0.0009999999999976694
32783000,-371,-6447,126868,-17106,-5968,125282,106,19232,434,0,22091,0.0010000000000047748
32784000,-2372,-2765,129397,-3249,-5403,133894,97,19226,434,0,22092,0.0009999999999976694
32785001,5354,2211,128459,7139,4408,121702,109,19232,397,0,22093,0.00100100000000225
32786000,-5260,9084,133105,-16177,2198,126647,109,19225,446,0,22094,0.0009990000000001942
32787001,-6631,-6715,128812,-16379,-9742,137721,125,19223,512,1,22095,0.0010009999999951447
32788000,-6720,4670,130677,-3308,3047,130168,115,19230,471,1,22096,0.0009990000000001942
32789000,-7378,7061,128324,-10368,3967,121392,102,19230,418,1,22097,0.0010000000000047748
32790000,-2446,7685,128645,-9863,3483,124435,138,19235,418,0,22098,0.0009999999999976694
32791000,-4075,-7028,125210,-6859,-10711,139433,101,19225,565,0,22099,0.0009999999999976694
32792000,-1674,-3460,125725,-2539,-3795,118461,101,19231,414,0,22100,0.0010000000000047748
32793000,-5336,13122,129547,-13290,9273,122256,107,19224,438,1,22101,0.0009999999999976694
32794000,-5369,2837,128890,-5488,-1168,128154,146,19227,598,1,22102,0.0009999999999976694
32795000,-6210,5255,126988,-8114,4280,124032,116,19232,475,1,22103,0.0010000000000047748
32796000,-2706,1304,125452,-11714,-3777,134299,106,19232,475,1,22104,0.0009999999999976694
32797002,462,6828,125414,6217,3648,113102,113,19227,434,0,22105,0.0010019999999997253
32798000,2462,-5360,125850,-3140,-7667,127190,113,19228,463,0,22106,0.000998000000002719
32799000,1193,3225,125620,-8111,458,126467,117,19229,479,0,22107,0.0009999999999976694
32800000,-1261,8851,126832,1256,5984,127689,121,19219,496,1,22108,0.0009999999999976694
32801000,-7443,12791,125266,1144,9794,116635,127,19228,520,1,22109,0.0010000000000047748
32802000,1606,11021,125166,-14621,8347,128863,103,19228,520,1,22110,0.0009999999999976694
32803000,9683,5856,126274,14500,1768,121513,121,19232,422,0,22111,0.0009999999999976694
32804000,9625,5032,122231,11032,688,123129,121,19228,496,0,22112,0.0010000000000047748
32805000,11182,-9359,126637,-3359,-6853,130044,105,19227,430,0,22113,0.0009999999999976694
32806000,4053,-4679,126478,9041,-1715,128240,112,19226,459,0,22114,0.0009999999999976694
32807000,4929,-2736,126454,6425,-2746,132628,143,19228,586,1,22115,0.0009999999999976694
32808000,-985,12378,128969,-4180,11319,117055,113,19228,586,1,22116,0.0010000000000047748
32809001,7321,11838,126356,1789,982,126645,100,19229,463,1,22117,0.0010009999999951447
32810000,9935,164,125849,10901,-4115,125291,100,19227,410,0,22118,0.0009990000000001942
32811000,9490,-7309,126664,8790,-15339,134683,138,19237,565,0,22119,0.0010000000000047748
32812000,8089,-7442,127578,6141,-8488,127454,106,19224,434,0,22120,0.0009999999999976694
32813000,1832,4963,129123,-4467,3612,126197,109,19219,446,1,22121,0.0009999999999976694
32814001,986,1455,131501,-167,6797,131626,114,19219,446,1,22122,0.00100100000000225
32815000,100,13686,131419,3756,5286,123066,102,19233,467,1,22123,0.0009990000000001942
32816000,2764,-6137,124768,-6205,-15094,134470,102,19231,418,1,22124,0.0009999999999976694
32817001,10750,-7430,128241,13918,-9081,127102,121,19228,496,0,22125,0.00100100000000225
32818003,11160,-6106,127907,17595,-5947,128473,95,19231,389,0,22126,0.0010019999999997253
32819002,4350,-3309,129815,-15059,-3485,129896,106,19232,434,0,22127,0.0009990000000001942
32820000,-1238,8625,133157,-14389,4016,127099,132,19232,434,1,22128,0.000998000000002719
32821000,-4767,6258,132046,11167,3788,131122,112,19224,541,1,22129,0.0009999999999976694
32822000,-9502,4270,130673,-8902,-3094,125385,112,19228,459,1,22130,0.0009999999999976694
32823001,-2547,-15265,128486,-18891,-18531,140125,97,19230,397,0,22131,0.00100100000000225
32824000,1054,-270,130099,2477,-2148,120975,156,19233,639,0,22132,0.0009990000000001942
32825002,1,5918,130779,5910,1577,126961,110,19227,451,0,22133,0.0010019999999997253
32826000,-8614,-1495,131772,-15991,2367,128750,114,19227,467,0,22134,0.000998000000002719
32827000,-10151,7719,131502,-23341,-6544,130151,129,19223,467,1,22135,0.0009999999999976694
32828000,-9222,-3011,129043,-7504,-3192,137536,109,19232,528,1,22136,0.0009999999999976694
32829000,-5066,21156,132962,-3832,16535,114779,109,19228,446,1,22137,0.0010000000000047748
32830000,-4189,-1102,126259,-11213,-6022,132257,113,19217,463,0,22138,0.0009999999999976694
32831000,-2563,-3294,125345,-9797,-5959,126177,126,19233,516,0,22139,0.0009999999999976694
32832000,1373,-5184,124816,-2555,-7615,132142,104,19233,426,0,22140,0.0010000000000047748
32833000,-3582,17417,128382,-2241,17626,116781,127,19225,426,1,22141,0.0009999999999976694
32834000,-8892,14361,127941,-16423,8873,123020,117,19222,520,1,22142,0.0009999999999976694
32835000,-6577,-3812,127162,-13518,-5406,134279,117,19230,479,1,22143,0.0010000000000047748
32836000,716,7243,127057,-1001,3732,121691,103,19234,422,0,22144,0.0009999999999976694
32837000,160,-3420,124539,1939,-6984,128859,143,19236,586,0,22145,0.0009999999999976694
32838000,2351,4451,123738,-1591,4968,120335,109,19233,446,0,22146,0.0010000000000047748
32839000,27,-1335,126109,-11895,-5606,129750,112,19233,446,0,22147,0.0009999999999976694
32840000,-98,9185,126608,382,5999,124326,160,19225,459,1,22148,0.0009999999999976694
32841000,-3536,11549,126500,1385,7342,123093,160,19228,655,1,22149,0.0010000000000047748
32842000,510,7310,128368,-5662,4944,128766,111,19230,455,1,22150,0.0009999999999976694
32843000,9115,6618,124310,3038,2883,120285,104,19220,426,0,22151,0.0009999999999976694
32844000,7450,-906,125047,11411,-5385,131588,80,19228,328,0,22152,0.0010000000000047748
32845001,9220,1067,124777,8179,-3137,119990,111,19228,328,0,22153,0.0010009999999951447
32846000,3237,-585,126807,-316,-2749,128094,125,19229,455,1,22154,0.0009990000000001942
32847000,2282,8662,128023,701,4900,126109,125,19224,512,1,22155,0.0010000000000047748
32848000,5017,8142,126807,6093,4090,127710,112,19231,459,1,22156,0.0009999999999976694
32849000,9300,4248,125215,6756,1702,124488,99,19228,405,1,22157,0.0009999999999976694
32850001,9877,4346,123683,-2486,1310,122392,128,19224,524,0,22158,0.00100100000000225
32851002,14369,-6028,128759,11961,-9730,133599,99,19224,524,0,22159,0.00100100000000225
32852000,5102,-13554,127670,18007,-14659,133353,106,19235,405,0,22160,0.0009979999999956135
32853001,702,-174,128771,-11798,4141,125808,106,19228,434,1,22161,0.00100100000000225
32854000,-609,16082,133289,212,14464,119518,137,19231,561,1,22162,0.0009990000000001942
32855000,2283,13201,129302,8798,-3292,131607,113,19232,463,1,22163,0.0009999999999976694
32856000,4560,-6943,128588,-5561,-11036,131440,102,19224,418,0,22164,0.0010000000000047748
32857000,10398,-4943,128287,14807,-3841,123299,128,19224,418,0,22165,0.0009999999999976694
32858000,5438,843,128464,11595,-7560,132702,103,19232,524,0,22166,0.0009999999999976694
32859000,2094,-7067,129799,-22154,-6401,127962,103,19232,422,0,22167,0.0010000000000047748
32860000,2905,8637,135229,-445,-949,130924,116,19220,475,1,22168,0.0009999999999976694
32861000,-8126,3734,132280,2898,-2416,128052,113,19231,463,1,22169,0.0009999999999976694
32862000,-6950,17568,132730,-23908,2010,120785,98,19231,401,1,22170,0.0010000000000047748
32863000,1371,-9787,128991,-248,-19812,139328,119,19231,401,0,22171,0.0009999999999976694
32864001,-820,-7252,127890,8395,-5418,126121,101,19221,487,0,22172,0.00100100000000225
32865000,-752,10068,130883,-11411,9724,123321,101,19231,414,0,22173,0.0009990000000001942
32866000,-6694,5981,131081,-15641,874,131087,109,19228,446,1,22174,0.0009999999999976694
32867000,-6151,1207,129848,-8578,730,130707,149,19229,610,1,22175,0.0009999999999976694
32868000,-10155,3422,129749,-9203,-19,131250,117,19230,479,1,22176,0.0009999999999976694
32869001,-1757,11661,129585,-12543,10780,118084,101,19230,414,1,22177,0.00100100000000225
32870001,-2467,-2457,127575,-3631,-9264,133963,160,19227,414,0,22178,0.0010000000000047748
32871000,-1760,-7190,126584,-3163,-8720,130422,105,19231,655,0,22179,0.0009989999999930887
32872000,232,1479,124033,-9759,-712,123243,105,19228,430,0,22180,0.0010000000000047748
32873000,-3420,10404,131027,-2692,6483,127806,111,19226,455,1,22181,0.0009999999999976694
32874000,-8488,9614,127096,-3206,3180,121351,121,19228,496,1,22182,0.0009999999999976694
32875000,-7759,15580,128576,-16112,11163,122740,109,19228,446,1,22183,0.0010000000000047748
32876002,-1894,5189,126029,-4658,3061,128329,117,19230,446,0,22184,0.0010019999999997253
32877010,1572,2246,124050,7934,931,120881,97,19220,479,0,22185,0.0010079999999987876
32878002,2757,-9585,122024,-5271,-8887,137330,97,19229,397,0,22186,0.0009919999999965512
32879002,2192,138,125156,-6815,1407,117300,110,19225,451,0,22187,0.0010000000000047748
32880002,-730,14603,128013,2997,10840,125844,137,19222,561,1,22188,0.0009999999999976694
32881000,-881,3611,124170,-5878,996,128717,115,19222,471,1,22189,0.000998000000002719
32882000,1989,12184,126808,-1904,8777,119392,96,19233,471,1,22190,0.0009999999999976694
32883002,8002,372,123214,8374,-4231,126674,116,19229,393,0,22191,0.0010019999999997253
32884000,9800,4159,123008,9585,506,119049,116,19234,475,0,22192,0.000998000000002719
32885000,7177,-10513,125284,2977,-14203,138987,109,19227,446,0,22193,0.0009999999999976694
32886000,5979,-628,126329,6827,-2184,117348,114,19222,467,1,22194,0.0009999999999976694
32887000,662,14421,129500,2043,11660,124184,123,19229,504,1,22195,0.0010000000000047748
32888000,2637,7681,127266,2194,4346,128412,107,19229,504,1,22196,0.0009999999999976694
32889000,8791,2407,124678,8544,-1180,123009,109,19230,438,1,22197,0.0009999999999976694
32890003,10200,1578,126271,4237,-1630,128089,109,19220,446,0,22198,0.001003000000004306
32891002,12918,-2110,127842,13400,-5495,123341,85,19231,348,0,22199,0.0009990000000001942
32892000,6999,-12859,127347,10467,-17229,135484,103,19232,422,0,22200,0.0009979999999956135
32893000,3341,5454,131933,-6594,1645,130198,124,19224,508,1,22201,0.0010000000000047748
32894000,-1421,12063,129857,-758,8177,121064,116,19224,508,1,22202,0.0009999999999976694
32895003,1198,10997,130735,5659,7985,123748,101,19233,475,1,22203,0.0010029999999972006
32896000,7138,-2367,129053,-2169,-4855,132157,101,19228,414,0,22204,0.0009970000000052437
32897000,9297,-16527,126524,3290,-24077,128370,145,19227,594,0,22205,0.0009999999999976694
32898000,7709,2252,130136,20007,-2280,131823,110,19232,451,0,22206,0.0009999999999976694
32899000,-189,-2731,129832,-9157,6699,125296,109,19224,446,0,22207,0.0010000000000047748
32900000,1002,12857,134246,-21950,594,131356,146,19224,446,1,22208,0.0009999999999976694
32901000,-6019,-1751,131013,10558,-7227,138755,111,19228,598,1,22209,0.0009999999999976694
32902000,-6218,1323,130132,939,-2875,120685,111,19228,455,1,22210,0.0010000000000047748
32903000,-1862,-3559,130456,-14243,-12512,133223,106,19222,434,0,22211,0.0009999999999976694
32904000,2501,-3478,129808,13248,-3813,128809,97,19238,397,0,22212,0.0009999999999976694
32905000,-1798,2406,130328,-6737,1099,132323,108,19227,442,0,22213,0.0010000000000047748
32906000,-6786,-1749,131410,-26332,-1072,128327,126,19227,442,1,22214,0.0009999999999976694
32907000,-10646,8211,131516,-6047,4010,130024,117,19220,516,1,22215,0.0009999999999976694
32908000,-9078,1672,128723,-4275,1135,130321,117,19229,479,1,22216,0.0010000000000047748
32909000,-1732,9875,130658,-10443,3939,120275,102,19229,418,1,22217,0.0009999999999976694
32910000,-6047,-2262,125331,-13540,-11289,131671,137,19221,561,0,22218,0.0009999999999976694
32911000,-1270,-3368,126188,-3635,568,127227,99,19232,405,0,22219,0.0010000000000047748
32912000,-1302,7269,129145,-5814,1784,123493,105,19232,430,0,22220,0.0009999999999976694
32913003,-6096,4268,126740,-10604,2431,129191,145,19227,430,1,22221,0.0010029999999972006
32914000,-7932,9388,127798,-14025,1283,122162,145,19226,594,1,22222,0.0009970000000052437
32915000,-4380,6469,127802,-2525,1068,127101,116,19228,475,1,22223,0.0009999999999976694
32916000,1141,7034,125340,5365,3026,124089,108,19226,442,0,22224,0.0009999999999976694
32917000,-2984,-4650,124693,-9839,-10032,124083,107,19231,438,0,22225,0.0010000000000047748
32918000,1387,2824,125883,-4996,798,123133,111,19231,455,0,22226,0.0009999999999976694
32919000,-321,7030,126992,3687,3644,126776,120,19228,455,0,22227,0.0009999999999976694
32920000,-3637,2928,126097,1251,2980,127700,128,19217,491,1,22228,0.0010000000000047748
32921000,-4185,13061,125542,-12794,6582,118284,128,19228,524,1,22229,0.0009999999999976694
32922000,6403,5905,123000,-6827,3216,125375,102,19232,418,1,22230,0.0009999999999976694
32923000,11608,4526,125964,23587,-1467,122426,122,19230,500,0,22231,0.0010000000000047748
32924000,10822,-9521,122721,4102,-15407,124739,105,19230,430,0,22232,0.0009999999999976694
32925000,3938,-8020,124400,-3752,-10932,129973,111,19227,430,0,22233,0.0009999999999976694
32926000,1418,-278,127452,6483,-3256,126647,145,19225,455,1,22234,0.0010000000000047748
32927000,6390,15092,128075,4125,14089,122354,145,19228,594,1,22235,0.0009999999999976694
32928000,-1627,11432,128788,2865,4666,126072,114,19230,467,1,22236,0.0009999999999976694
32929000,8254,1131,125005,123,-1670,126575,99,19224,405,0,22237,0.0010000000000047748
32930000,12541,-619,126073,10036,-5444,124457,137,19232,561,0,22238,0.0009999999999976694
32931000,9779,-9472,126344,15558,-13045,133168,106,19232,561,0,22239,0.0009999999999976694
32932000,6541,-1575,126506,4282,-1988,126616,111,19227,434,0,22240,0.0009999999999976694
32933001,384,6798,130367,-12786,2181,122330,111,19223,455,1,22241,0.00100100000000225
32934000,2684,1872,128742,4036,-4257,136770,111,19229,455,1,22242,0.0009990000000001942
32935000,-531,4873,128580,7225,1753,124725,107,19230,438,1,22243,0.0009999999999976694
32936001,7374,-4720,128990,-8307,-7263,127634,119,19220,487,0,22244,0.00100100000000225
32937000,11469,-8267,128230,8141,-12081,129312,93,19220,487,0,22245,0.0009990000000001942
32938000,3171,4788,130055,20328,1005,129329,103,19228,381,0,22246,0.0009999999999976694
32939000,1919,-1745,128607,-23862,-5812,129890,103,19228,422,0,22247,0.0010000000000047748
32940000,-5286,15179,135490,-6559,12717,121258,133,19223,545,1,22248,0.0009999999999976694
32941000,-6023,-2289,130744,7382,-5756,131198,114,19235,467,1,22249,0.0009999999999976694
32942000,-5293,-1961,130107,-15754,-6068,130196,98,19226,401,1,22250,0.0010000000000047748
32943000,1836,-6585,130559,-14786,-9918,132352,154,19226,401,0,22251,0.0009999999999976694
32944000,3311,14885,128872,13263,10056,117709,109,19232,631,0,22252,0.0009999999999976694
32945000,-3982,-2928,128927,-6823,-3097,133176,109,19228,446,0,22253,0.0010000000000047748
32946000,-6712,1875,133526,-22047,-2232,131127,115,19222,471,1,22254,0.0009999999999976694
32947000,-8356,2287,128701,-10765,-439,128870,138,19228,565,1,22255,0.0009999999999976694
32948000,-10163,22040,133460,-3045,13786,117371,109,19228,446,1,22256,0.0010000000000047748
32949000,-1946,4550,128422,-15325,-13385,133848,109,19228,446,1,22257,0.0009999999999976694
32950000,-2724,-5636,126033,41,-8991,127242,124,19220,446,0,22258,0.0009999999999976694
32951006,-986,-4387,126235,-2644,-3274,130078,124,19232,508,0,22259,0.0010060000000038372
32952002,-1291,11376,128525,-16480,12057,115829,105,19226,430,0,22260,0.000996000000000663
32953009,-5560,19157,128466,-5461,5243,126572,127,19220,520,1,22261,0.0010070000000013124
32954000,-5325,-3097,126584,-9940,-9748,136836,116,19230,475,1,22262,0.000990999999999076
32955000,-4916,132,126850,-10061,-3245,123332,102,19230,475,1,22263,0.0009999999999976694
32956000,-309,19930,127455,-978,12529,117768,141,19231,418,0,22264,0.0009999999999976694
32957000,3047,4643,124671,798,-6673,125060,141,19233,577,0,22265,0.0010000000000047748
32958000,1129,-10458,123370,-3463,-12479,134316,109,19228,446,0,22266,0.0009999999999976694
32959000,-1159,12390,127206,-4887,11668,116918,111,19225,455,1,22267,0.0009999999999976694
32960000,-2857,16568,126055,-1139,14623,118388,157,19230,643,1,22268,0.0010000000000047748
32961000,103,9966,129166,-1498,2433,129568,107,19230,438,1,22269,0.0009999999999976694
32962000,5788,-5107,121865,-1967,-10995,127597,100,19231,438,1,22270,0.0009999999999976694
32963000,8344,5446,124220,7410,3087,118981,85,19224,410,0,22271,0.0010000000000047748
32964000,10549,612,124751,8406,-4084,123636,85,19228,348,0,22272,0.0009999999999976694
32965000,5843,-6505,125526,5423,-10520,129322,116,19227,475,0,22273,0.0009999999999976694
32966000,2591,1538,126840,-974,-1064,128324,127,19222,520,1,22274,0.0010000000000047748
32967000,2503,9224,129959,1977,5048,122706,113,19222,463,1,22275,0.0009999999999976694
32968015,6424,18928,128309,12073,5201,117852,97,19231,463,1,22276,0.0010150000000024306
32969000,8360,-2962,124538,5132,-7846,129971,129,19229,397,0,22277,0.0009850000000000136
32970000,9371,-74,128625,1304,-2897,126438,129,19226,528,0,22278,0.0009999999999976694
32971000,9292,-9859,126176,16193,-13582,132041,103,19229,422,0,22279,0.0009999999999976694
32972000,3591,-93,129285,-1733,-1546,125986,107,19232,438,0,22280,0.0010000000000047748
32973000,3304,5062,130425,-4066,243,131500,143,19227,586,1,22281,0.0009999999999976694
32974001,1476,9940,127469,7316,9666,126039,110,19227,586,1,22282,0.00100100000000225
32975004,5528,9294,128970,1665,4637,124989,102,19233,451,1,22283,0.0010029999999972006
32976000,10234,-8874,126935,-740,-14199,128779,102,19224,418,0,22284,0.000996000000000663
32977000,8926,-2474,129960,13485,-5573,125784,128,19228,524,0,22285,0.0009999999999976694
32978001,6038,-13799,128519,6664,-17770,138901,111,19227,455,0,22286,0.00100100000000225
32979000,-1746,1366,133433,-14305,1203,124900,117,19224,479,1,22287,0.0009990000000001942
32980000,-4897,7517,133448,-5546,2627,127509,119,19224,479,1,22288,0.0009999999999976694
32981000,-9574,1895,128467,2210,-574,130593,99,19232,487,1,22289,0.0010000000000047748
32982001,-922,-533,130877,-18224,-4235,127714,99,19234,405,1,22290,0.0010009999999951447
32983000,-517,-6068,128055,-82,-10263,132508,121,19223,496,0,22291,0.0009990000000001942
32984000,4815,2628,129443,5109,-1217,122331,99,19232,405,0,22292,0.0010000000000047748
32985000,-5271,447,130864,-12298,-3529,133091,108,19226,442,0,22293,0.0009999999999976694
32986000,-8402,-1984,130348,-15664,-5279,132845,145,19226,442,1,22294,0.0009999999999976694
32987000,-7018,5873,130314,-9466,2838,129929,115,19226,594,1,22295,0.0010000000000047748
32988017,-9144,11726,131049,-5663,9567,122863,115,19231,471,1,22296,0.0010169999999973811
32989000,-338,6636,127892,-11390,4359,126430,100,19226,410,0,22297,0.0009829999999979577
32990000,-5421,-7828,126001,-6362,-11392,131270,169,19231,692,0,22298,0.0010000000000047748
32991000,-542,-2149,127568,-9153,-7027,129840,101,19231,414,0,22299,0.0009999999999976694
32992000,-2742,3756,125640,-80,14265,117554,108,19231,414,0,22300,0.0009999999999976694
32993001,-6083,18779,129745,-11695,9900,127737,117,19224,442,1,22301,0.00100100000000225
32994000,-8416,-879,124993,-11347,-7496,127396,117,19230,479,1,22302,0.0009990000000001942
32995000,-2227,10748,127774,-3582,5428,124100,109,19227,446,1,22303,0.0009999999999976694
32996000,3251,-4068,126824,-3240,-3076,123660,118,19222,483,0,22304,0.0009999999999976694
32997001,812,3994,126625,1117,-4679,123487,93,19228,381,0,22305,0.00100100000000225
32998000,3048,-6719,123404,-12141,-10770,134043,108,19228,381,0,22306,0.0009990000000001942
32999000,-4658,6700,126973,3815,11279,118708,134,19225,442,1,22307,0.0009999999999976694
33000000,-1774,18700,127026,-4756,10887,126028,134,19222,549,1,22308,0.0010000000000047748
33001001,-939,11594,124650,-1061,7468,120566,115,19230,471,1,22309,0.0010009999999951447
33002000,6550,4713,123949,3186,-4876,126394,96,19228,393,0,22310,0.0009990000000001942
33003000,11153,-5108,123963,7540,-9389,126700,117,19232,479,0,22311,0.0010000000000047748
33004000,6929,3676,123932,11188,7518,122193,110,19232,451,0,22312,0.0009999999999976694
33005000,5989,-9831,125020,-3842,-9402,137075,115,19225,451,0,22313,0.0009999999999976694
33006000,3218,3156,126901,1420,3841,118738,133,19222,471,1,22314,0.0010000000000047748
33007000,5247,10151,129949,5265,1926,130797,133,19230,545,1,22315,0.0009999999999976694
33008000,4973,4142,127300,7186,1017,121747,105,19233,430,1,22316,0.0009999999999976694
33009000,10731,978,125646,2485,-8276,126791,106,19222,434,0,22317,0.0010000000000047748
33010000,9753,-5985,126343,10689,-7895,133114,101,19222,414,0,22318,0.0009999999999976694
33011000,4661,-2988,127123,12773,-9622,122922,109,19228,414,0,22319,0.0009999999999976694
33012000,2806,1107,129872,-10412,1641,130744,125,19229,446,1,22320,0.0010000000000047748
33013000,460,15707,131869,541,13218,126743,125,19225,512,1,22321,0.0009999999999976694
33014001,1057,-1265,127112,9155,-2774,131784,114,19229,467,1,22322,0.00100100000000225
33015003,4093,5891,130123,-4732,-1051,121104,102,19230,418,1,22323,0.0010019999999997253
33016000,13710,-8431,124745,-2009,-13700,132150,147,19230,602,0,22324,0.0009969999999981383
33017000,8796,-573,133647,28040,-1399,129599,105,19229,602,0,22325,0.0009999999999976694
33018000,3772,-10957,127548,-8317,-14684,130243,103,19230,430,0,22326,0.0010000000000047748
33019003,41,6573,134082,-18147,6397,130376,103,19223,422,1,22327,0.0010029999999972006
33020000,-8941,7288,132102,4750,1832,127675,141,19227,577,1,22328,0.0009969999999981383
33021000,-4364,-167,128661,-1799,-2986,132335,110,19230,451,1,22329,0.0010000000000047748
33022000,-2309,-3714,130494,-17182,-6729,129619,103,19220,422,0,22330,0.0009999999999976694
33023001,-262,-6754,127122,808,-9828,128289,110,19220,422,0,22331,0.00100100000000225
33024000,2254,4162,131297,1441,1092,122979,109,19231,451,0,22332,0.0009990000000001942
33025000,-6721,3431,131082,-15924,-303,128708,109,19229,446,0,22333,0.0009999999999976694
33026000,-8492,568,130444,-9441,-1272,136221,125,19224,512,1,22334,0.0009999999999976694
33027000,-9356,124,129741,-11983,-2029,125103,114,19228,467,1,22335,0.0010000000000047748
33028000,-6037,8428,130201,-13803,4388,127913,105,19232,430,1,22336,0.0009999999999976694
33029001,-3182,5577,128628,-3863,1860,125165,134,19232,430,0,22337,0.00100100000000225
33030000,-4439,-5049,126013,-9293,-7897,128804,100,19220,549,0,22338,0.0009990000000001942
33031000,-1216,172,128134,-6662,-2477,126803,100,19229,410,0,22339,0.0009999999999976694
33032000,-8321,10501,126579,-9006,6860,120203,103,19228,422,1,22340,0.0009999999999976694
33033000,-5383,12878,129430,-10482,8969,126585,143,19228,586,1,22341,0.0010000000000047748
33034000,-8447,417,127340,-8597,-628,127524,118,19229,483,1,22342,0.0009999999999976694
33035000,-1528,2818,126098,-7977,-1381,127323,106,19229,483,1,22343,0.0009999999999976694
33036000,680,5883,125393,-990,1936,120119,100,19224,434,0,22344,0.0010000000000047748
33037000,3693,3458,123793,-2317,170,128047,100,19236,410,0,22345,0.0009999999999976694
33038000,4084,3757,123695,1252,-1165,122412,108,19229,442,0,22346,0.0009999999999976694
33039000,-2183,1609,125530,-8188,7191,125275,117,19219,479,1,22347,0.0010000000000047748
33040000,-4043,2516,127303,-4278,1971,127504,129,19229,528,1,22348,0.0009999999999976694
33041001,-130,14605,125958,-1601,7649,118968,105,19229,528,1,22349,0.00100100000000225
33042000,6802,13744,124571,-2042,-734,122828,120,19231,430,0,22350,0.0009990000000001942
33043000,9341,1997,123526,12312,-7176,124527,120,19228,491,0,22351,0.0009999999999976694
33044000,8497,-11631,124880,-1367,-12970,128766,109,19229,446,0,22352,0.0009999999999976694
33045000,5562,-2512,129376,7049,-2648,128565,115,19228,471,0,22353,0.0010000000000047748
33046000,2655,9148,127955,1798,8584,121508,148,19228,606,1,22354,0.0009999999999976694
33047000,4078,12884,127571,-3769,7270,125455,115,19228,606,1,22355,0.0009999999999976694
33048000,6072,1226,125371,6891,-699,127377,100,19233,471,1,22356,0.0010000000000047748
33049000,11318,-9067,125144,6739,-14328,129012,100,19227,410,0,22357,0.0009999999999976694
33050000,10416,6475,127955,12273,-4687,122531,134,19229,549,0,22358,0.0009999999999976694
33051000,6111,-8440,126034,2771,-13369,132751,105,19229,430,0,22359,0.0010000000000047748
33052000,3482,-8452,129220,581,-6518,134403,109,19225,446,1,22360,0.0009999999999976694
33053002,-752,15123,131439,2987,15812,116733,113,19225,463,1,22361,0.0010019999999997253
33054002,-770,16206,131907,635,4440,130352,105,19231,463,1,22362,0.0009999999999976694
33055000,3143,-3053,128392,-993,-9215,129891,117,19232,430,1,22363,0.000998000000002719
33056000,11018,-9973,128031,2939,-17757,132117,117,19219,479,0,22364,0.0009999999999976694
33057001,10655,-9958,127510,21465,-8051,128432,91,19229,373,0,22365,0.00100100000000225
33058003,1556,1275,130687,-7393,-4872,124974,104,19231,426,0,22366,0.0010019999999997253
33059000,906,2180,130335,-22136,1493,131761,132,19231,541,1,22367,0.0009969999999981383
33060000,-7243,13048,132354,7659,6991,126385,114,19225,541,1,22368,0.0009999999999976694
33061000,-5000,-8258,130799,-2619,-11254,133433,96,19231,467,1,22369,0.0010000000000047748
33062000,-2907,1983,128809,-17528,-8362,126801,96,19235,393,0,22370,0.0009999999999976694
33063003,693,-12168,128855,-5337,-16528,134909,149,19233,610,0,22371,0.001003000000004306
33064000,887,8186,133171,9700,6304,126269,107,19230,438,0,22372,0.0009969999999981383
33065000,-7712,9884,129685,-17967,8722,119936,113,19222,463,0,22373,0.0009999999999976694
33066000,-9579,4813,131532,-20477,889,130559,134,19222,463,1,22374,0.0009999999999976694
33067000,-6957,-1960,127988,-4730,-4704,132743,107,19229,549,1,22375,0.0010000000000047748
33068000,-6245,14240,129981,-6671,12285,122220,107,19230,438,1,22376,0.0009999999999976694
33069000,-2306,1479,127552,-14704,-2179,126010,109,19222,446,0,22377,0.0009999999999976694
33070000,-4400,-6658,125598,-4410,-9195,128193,124,19232,508,0,22378,0.0010000000000047748
33071000,1726,-3979,127184,-2706,-7571,134399,104,19232,426,0,22379,0.0009999999999976694
33072000,-4239,9000,127848,-5687,6340,119257,126,19232,426,1,22380,0.0009999999999976694
33073000,-9362,13847,129816,-11294,10653,126229,116,19220,516,1,22381,0.0010000000000047748
33074000,-2456,6342,126668,-12742,2531,125151,116,19232,475,1,22382,0.0009999999999976694
33075000,289,2459,127477,7408,-1085,129436,101,19227,414,0,22383,0.0009999999999976694
33076001,-50,3422,125409,-3407,1312,130669,142,19231,582,0,22384,0.00100100000000225
33077000,-1146,2398,124243,-6367,-2010,119022,111,19227,455,0,22385,0.0009990000000001942
33078000,2889,4058,126817,-5851,241,131639,113,19227,455,0,22386,0.0009999999999976694
33079000,1154,11337,124866,2868,8490,120646,159,19226,463,1,22387,0.0010000000000047748
33080020,-3858,6935,125650,-3042,4787,128753,159,19227,651,1,22388,0.0010199999999969123
33081000,4243,7513,125068,-5505,4196,118927,107,19229,438,1,22389,0.0009799999999984266
33082000,8697,7158,124303,6567,4191,128318,100,19225,410,0,22390,0.0010000000000047748
33083000,9720,1221,125270,8708,-2386,123402,84,19231,344,0,22391,0.0009999999999976694
33084006,8182,-8354,124453,4286,-11277,131067,113,19231,344,0,22392,0.0010059999999967317
33085002,2836,-1110,126525,3989,1875,122441,125,19226,463,1,22393,0.000996000000000663
33086002,4073,9420,126208,3824,17468,118643,125,19222,512,1,22394,0.0010000000000047748
33087002,3475,9629,129401,421,4851,130498,110,19228,451,1,22395,0.0009999999999976694
33088000,10309,5606,124020,7001,-825,119594,96,19232,393,1,22396,0.000998000000002719
33089000,11129,3723,127078,5842,-4382,125742,130,19225,532,0,22397,0.0009999999999976694
33090000,10418,-4982,128729,18414,-14211,132597,101,19225,532,0,22398,0.0009999999999976694
33091000,6374,-15117,126992,-1396,-14998,132527,102,19230,414,0,22399,0.0010000000000047748
33092000,2187,2908,133040,-7620,4014,128932,102,19228,418,1,22400,0.0009999999999976694
33093000,-806,16547,131215,9649,10419,120527,135,19228,553,1,22401,0.0009999999999976694
33094000,-1311,16643,129756,-4718,6127,124460,111,19233,455,1,22402,0.0010000000000047748
33095000,5359,-3244,128388,-3972,-13705,132767,101,19226,414,0,22403,0.0009999999999976694
33096000,9439,-13212,127366,17431,-18362,124485,128,19226,524,0,22404,0.0009999999999976694
33097000,6392,7703,134140,6911,1569,129509,104,19232,524,0,22405,0.0010000000000047748
33098000,3438,-9678,130099,-14155,-11372,130979,116,19227,426,0,22406,0.0009999999999976694
33099000,-164,4364,133612,-4576,3431,133166,116,19225,475,1,22407,0.0009999999999976694
33100000,-8705,6516,130704,-996,2439,128115,112,19231,459,1,22408,0.0010000000000047748
33101000,-3767,1533,128751,-17014,-2016,124903,98,19232,401,1,22409,0.0009999999999976694
33102000,96,-3751,131925,-3798,-12972,136434,120,19232,491,0,22410,0.0009999999999976694
33103000,-103,-7670,126034,3307,-7494,128710,108,19225,491,0,22411,0.0010000000000047748
33104000,-1423,8010,130888,-8937,5411,124685,115,19225,442,0,22412,0.0009999999999976694
33105002,-6208,-5570,130061,-12883,-8392,136416,115,19223,471,1,22413,0.0010019999999997253
33106000,-9641,8880,130515,-10937,8405,123392,151,19230,618,1,22414,0.000998000000002719
33107000,-11717,7243,129885,-11892,2671,132218,116,19230,475,1,22415,0.0009999999999976694
33108000,-2307,8021,131389,-8058,3351,118372,103,19226,422,1,22416,0.0009999999999976694
33109003,-3781,-2834,127740,-3377,-9985,132701,157,19226,422,0,22417,0.001003000000004306
33110000,-1924,-4824,126062,-4894,-7104,130663,103,19231,643,0,22418,0.0009969999999981383
33111000,-1337,1687,126703,-12493,1784,125010,103,19229,422,0,22419,0.0009999999999976694
33112000,-4056,5584,129299,-7672,1272,123179,114,19222,467,1,22420,0.0010000000000047748
33113001,-7748,4529,126636,-1115,-761,128123,121,19226,496,1,22421,0.0010009999999951447
33114000,-8985,7478,125810,-19777,3209,123856,107,19233,438,1,22422,0.0009990000000001942
33115001,-2565,8172,125489,-1635,3374,121745,115,19233,438,0,22423,0.00100100000000225
33116000,1997,-2755,124502,3364,-5205,126430,95,19225,471,0,22424,0.0009990000000001942
33117000,1478,-3998,123868,-2828,-7817,128674,95,19230,389,0,22425,0.0009999999999976694
33118000,-1485,3043,126456,-5305,850,124411,110,19227,451,0,22426,0.0009999999999976694
33119000,-295,18769,126665,-4245,15206,119422,139,19225,569,1,22427,0.0010000000000047748
33120000,-2812,10547,127097,-2251,7924,129361,114,19229,467,1,22428,0.0009999999999976694
33121000,4438,1295,122055,890,-1113,119555,95,19229,467,1,22429,0.0009999999999976694
33122000,7169,715,122495,2249,-4227,119529,119,19226,389,0,22430,0.0010000000000047748
33123000,10972,1330,124134,9942,-3107,129020,119,19230,487,0,22431,0.0009999999999976694
33124000,7682,-7779,123637,8434,-11847,124903,112,19226,459,0,22432,0.0009999999999976694
33125000,3512,-1469,129247,3526,-4951,132004,114,19224,467,1,22433,0.0010000000000047748
33126001,-117,11213,128886,-4468,8934,119473,131,19230,537,1,22434,0.0010009999999951447
33127000,4178,14097,127843,4833,10374,124633,108,19230,537,1,22435,0.0009990000000001942
33128000,8710,-1240,124885,10038,-4654,123106,110,19229,442,1,22436,0.0010000000000047748
33129000,11224,21,126382,1560,-3478,126456,110,19217,451,0,22437,0.0009999999999976694
33130000,9284,-4679,126587,10458,-10285,130206,90,19232,369,0,22438,0.0009999999999976694
33131000,6976,-8336,126647,8258,-14820,128471,104,19227,426,0,22439,0.0010000000000047748
33132000,4735,5467,131905,-989,7020,132304,123,19226,504,1,22440,0.0009999999999976694
33133000,-1666,9215,127270,-5053,12215,119136,114,19226,504,1,22441,0.0009999999999976694
33134000,3664,10282,131363,435,1637,131314,103,19229,467,1,22442,0.0010000000000047748
33135001,6260,-8997,127118,6134,-20311,133355,103,19225,422,0,22443,0.0010009999999951447
33136024,9704,-8267,126615,7447,-9354,125100,148,19226,606,0,22444,0.0010230000000035488
33137000,6145,3186,132985,10277,-8082,133222,104,19230,426,0,22445,0.0009760000000014202
33138000,-1979,-2643,130483,-20665,5221,122846,104,19225,426,0,22446,0.0009999999999976694
33139000,-431,14889,135589,-10382,10061,131863,141,19225,577,1,22447,0.0009999999999976694
33140000,-9391,-1820,129934,10044,-2434,133849,110,19231,577,1,22448,0.0010000000000047748
33141003,-3334,1210,128109,-16970,-6460,125246,105,19232,451,1,22449,0.0010029999999972006
33142001,-1489,-4931,128453,-13167,-7929,133312,105,19222,430,0,22450,0.000998000000002719
33143002,4136,-325,131221,7540,-5562,125730,119,19228,487,0,22451,0.0010009999999951447
33144002,296,10525,131676,-1121,2152,127290,113,19228,463,0,22452,0.0010000000000047748
33145000,-9223,-1814,129910,-30882,-3036,131379,126,19228,516,1,22453,0.0009979999999956135
33146000,-8993,4570,132750,-4006,805,132567,118,19222,516,1,22454,0.0010000000000047748
33147000,-9306,5915,127677,2010,4167,123347,105,19230,483,1,22455,0.0009999999999976694
33148000,-2588,15655,129720,-14798,8350,123104,105,19228,430,1,22456,0.0009999999999976694
33149000,-5095,-9833,125581,-11168,-14508,134300,135,19221,553,0,22457,0.0010000000000047748
33150000,642,-510,126546,-3302,579,122530,99,19231,405,0,22458,0.0009999999999976694
33151000,-2162,10840,128424,-4437,6191,125111,101,19231,414,0,22459,0.0009999999999976694
33152000,-7398,2598,126195,-10887,90,126237,145,19226,414,1,22460,0.0010000000000047748
33153000,-5433,5687,126771,-16195,1443,128374,119,19226,594,1,22461,0.0009999999999976694
33154002,-5302,5249,127283,-6427,3349,127623,119,19230,487,1,22462,0.0010019999999997253
33155000,2403,5354,128105,5565,-2759,121269,107,19228,438,0,22463,0.000998000000002719
33156000,-2635,1481,123213,-8987,-5406,124226,102,19231,418,0,22464,0.0009999999999976694
33157000,1368,84,127345,-10393,-7149,125272,107,19224,438,0,22465,0.0009999999999976694
33158000,-224,6199,126379,8856,6091,127674,118,19224,438,0,22466,0.0010000000000047748
33159000,-5901,14877,127778,-2295,11026,119959,117,19221,483,1,22467,0.0009999999999976694
33160000,-2265,9625,124782,-12848,5767,119125,117,19232,479,1,22468,0.0009999999999976694
33161000,5587,4102,124832,2161,-1583,128562,100,19232,410,1,22469,0.0010000000000047748
33162000,12500,-411,122476,13168,-2635,124862,121,19228,496,0,22470,0.0009999999999976694
33163000,11390,2438,125087,6857,-1787,122310,101,19231,414,0,22471,0.0009999999999976694
33164000,3931,-8460,123859,1722,-12311,128552,111,19231,414,0,22472,0.0010000000000047748
33165000,5723,-4281,127031,2083,-8419,128255,145,19228,455,1,22473,0.0009999999999976694
33166000,2165,7108,128897,98,4850,124570,145,19228,594,1,22474,0.0009999999999976694
33167000,4762,12927,128444,6447,10102,124170,113,19230,463,1,22475,0.0010000000000047748
33168005,7331,4935,124535,2353,1353,120504,96,19225,393,0,22476,0.0010049999999992565
33169000,10605,-11339,126183,6146,-15041,133147,137,19234,561,0,22477,0.0009949999999960824
33170000,9515,-13133,124726,15977,-16942,134706,104,19234,561,0,22478,0.0010000000000047748
33171000,2687,2961,130215,2480,-755,119227,108,19228,426,0,22479,0.0009999999999976694
33172000,4978,17040,132075,-10978,13073,125049,108,19223,442,1,22480,0.0009999999999976694
33173002,1756,5326,128077,7489,306,132091,113,19234,463,1,22481,0.0010019999999997253
33174002,803,-3210,128051,5744,-7511,129585,104,19225,426,1,22482,0.0010000000000047748
33175000,8389,-10929,127179,-7233,-11857,127337,117,19216,479,0,22483,0.0009979999999956135
33176000,10334,-4882,130264,15656,-9907,130054,93,19216,479,0,22484,0.0010000000000047748
33177000,5954,-2009,128565,13790,-4030,128744,103,19230,381,0,22485,0.0009999999999976694
33178000,-545,6258,131899,-24776,1245,124941,103,19227,422,1,22486,0.0009999999999976694
33179000,-4051,9667,131759,-3788,11330,123761,133,19224,545,1,22487,0.0010000000000047748
33180000,-8612,-3978,130755,10569,-10951,135020,112,19232,459,1,22488,0.0009999999999976694
33181000,-908,-9871,130157,-21375,-12484,133541,97,19226,397,1,22489,0.0009999999999976694
33182000,491,-1886,129264,-6986,-1713,125825,140,19226,573,0,22490,0.0009999999999976694
33183000,4203,7215,130353,2457,3701,123956,108,19232,573,0,22491,0.0010000000000047748
33184000,-5461,2549,130187,-15748,-3218,126743,108,19230,442,0,22492,0.0009999999999976694
33185000,-7257,-2052,130208,-14580,-3621,137835,114,19224,467,1,22493,0.0009999999999976694
33186000,-8754,4696,130502,-4561,6455,126316,128,19229,524,1,22494,0.0010000000000047748
33187000,-7644,21254,130548,-8869,16175,119244,109,19231,446,1,22495,0.0009999999999976694
33188000,-2770,-481,128128,-10947,-7908,132943,113,19231,463,0,22496,0.0009999999999976694
33189000,-3194,-9475,125556,-4580,-14024,130096,107,19221,463,0,22497,0.0010000000000047748
33190000,588,-2302,126869,-5827,-5762,128946,103,19230,438,0,22498,0.0009999999999976694
33191000,-4055,20549,130007,-9473,20413,113413,103,19228,422,0,22499,0.0009999999999976694
33192000,-4646,9663,128131,-8821,3348,128933,126,19223,516,1,22500,0.0010000000000047748
33193000,-7327,-2426,127180,-16930,612,133913,115,19227,471,1,22501,0.0009999999999976694
33194000,-2431,4065,124792,-7557,2688,120550,102,19227,418,1,22502,0.0009999999999976694
33195000,1658,6692,127213,4026,2161,124838,145,19227,418,0,22503,0.0010000000000047748
33196000,1159,-1735,123925,-4668,-5446,122718,114,19228,594,0,22504,0.0009999999999976694
33197000,2494,-1111,126450,-5313,-6892,130717,114,19229,467,0,22505,0.0009999999999976694
33198000,-3728,3602,126553,634,4739,124742,114,19226,467,1,22506,0.0010000000000047748
33199000,-2819,17463,127301,-7408,11644,119336,147,19228,602,1,22507,0.0009999999999976694
33200000,-2499,9909,125291,-1830,4008,126273,108,19228,442,1,22508,0.0009999999999976694
33201000,6312,625,124718,5379,-4220,125285,102,19232,442,0,22509,0.0010000000000047748
33202000,8872,4144,125071,7929,-395,124786,81,19224,418,0,22510,0.0009999999999976694
33203001,8443,2559,126206,2284,-2110,125016,81,19230,332,0,22511,0.00100100000000225
33204000,6085,-390,124727,13089,-2598,126172,110,19228,451,0,22512,0.0009990000000001942
33205000,2811,4009,127706,-6953,2637,127174,128,19223,524,1,22513,0.0009999999999976694
33206000,5330,6731,127378,-2663,4807,124013,116,19226,475,1,22514,0.0009999999999976694
33207001,7277,4530,125975,14847,455,126742,98,19226,475,1,22515,0.00100100000000225
33208002,10553,3238,125060,2340,-1488,124123,131,19230,401,0,22516,0.00100100000000225
33209000,8579,-4226,128297,59,-10251,126257,131,19231,537,0,22517,0.0009979999999956135
33210000,9820,-16863,126961,19685,-19299,137666,103,19229,422,0,22518,0.0010000000000047748
33211000,1260,6398,130802,1269,4584,126222,106,19227,434,1,22519,0.0009999999999976694
33212000,-416,11991,129918,-12190,8262,127319,136,19227,557,1,22520,0.0009999999999976694
33213000,1204,10393,130871,6792,7794,122731,108,19227,557,1,22521,0.0010000000000047748
33214000,4379,4132,127812,3983,133,131699,100,19231,442,1,22522,0.0009999999999976694
33215000,10131,-12284,125877,-5288,-16122,127788,100,19224,410,0,22523,0.0009999999999976694
33216000,10209,-3558,129631,17940,-6217,123075,121,19232,496,0,22524,0.0010000000000047748
33217000,3416,-9934,128437,7475,-13730,142096,108,19228,442,0,22525,0.0009999999999976694
33218000,19,1896,132141,-20757,-1784,120577,120,19220,491,1,22526,0.0009999999999976694
33219000,-7240,9909,135096,-5788,8020,135508,109,19220,491,1,22527,0.0010000000000047748
33220000,-8013,5045,129321,2803,2923,125269,97,19231,446,1,22528,0.0009999999999976694
33221000,-1956,2085,129314,-18619,-2619,136663,97,19230,397,0,22529,0.0009999999999976694
33222003,559,-14745,128612,-4049,-18121,133605,122,19228,500,0,22530,0.001003000000004306
33223000,4349,2127,128182,11950,-4080,119472,104,19229,426,0,22531,0.0009969999999981383
33224000,-7082,8603,134678,-15725,7124,132689,114,19226,467,0,22532,0.0009999999999976694
33225000,-6240,2833,129741,-18703,-2482,122296,152,19226,467,1,22533,0.0010000000000047748
33226000,-7932,1909,131459,-3044,-113,144052,115,19227,623,1,22534,0.0009999999999976694
33227000,-8836,6269,127673,-11824,16330,112704,115,19233,471,1,22535,0.0009999999999976694
33228000,-1915,10958,130481,-14169,-4808,131826,100,19223,410,0,22536,0.0010000000000047748
33229000,-4956,-14260,124035,-4895,-11722,136106,161,19233,659,0,22537,0.0009999999999976694
33230000,-276,-668,126138,-5800,-5210,126732,108,19227,442,0,22538,0.0009999999999976694
33231000,-5885,6836,127874,-8544,10420,120482,116,19227,475,1,22539,0.0010000000000047748
33232001,-6837,24520,130675,-9015,15624,118163,119,19221,475,1,22540,0.0010009999999951447
33233000,-7515,-843,127216,-8789,-3441,134217,106,19226,487,1,22541,0.0009990000000001942
33234000,-1355,11776,127470,-11287,10378,118159,106,19229,434,1,22542,0.0010000000000047748
33235000,1568,1328,124634,7294,-5323,129689,120,19227,491,0,22543,0.0009999999999976694
33236000,2607,-3172,124124,-2911,-3481,123016,98,19227,401,0,22544,0.0009999999999976694
33237000,4616,-5974,124872,-11661,-9155,129917,114,19227,467,0,22545,0.0010000000000047748
33238002,-1012,7413,128235,7039,12325,122408,138,19224,467,1,22546,0.0010019999999997253
33239000,-2275,17751,126464,-8888,8512,116915,113,19225,565,1,22547,0.0009979999999956135
33240000,-913,3577,125708,982,-2146,132535,113,19230,463,1,22548,0.0010000000000047748
33241000,4576,6781,123374,7224,783,118440,97,19229,397,0,22549,0.0009999999999976694
33242000,6945,3108,123293,2272,-1239,126690,118,19231,483,0,22550,0.0009999999999976694
33243000,7688,-4135,126336,9496,-7125,127876,116,19231,475,0,22551,0.0009999999999976694
33244000,4579,-1337,126120,251,-6532,126265,116,19230,475,0,22552,0.0010000000000047748
33245000,4790,7595,129037,2275,8042,124823,131,19218,475,1,22553,0.0009999999999976694
33246000,3065,12840,130054,2122,8423,125708,131,19225,537,1,22554,0.0009999999999976694
33247000,6116,-1147,123265,2570,-2437,128445,105,19229,430,1,22555,0.0010000000000047748
33248000,10026,2634,125581,2781,-289,120872,108,19219,442,0,22556,0.0009999999999976694
33249004,10330,-11654,125318,10584,-18878,136206,87,19231,356,0,22557,0.0010040000000017812
33250001,9599,-2479,125883,17926,-4829,122149,106,19231,356,0,22558,0.0009969999999981383
33251000,4783,6267,131058,-16789,2228,127861,126,19228,434,1,22559,0.0009990000000001942
33252000,3131,9694,132567,5575,7916,130203,126,19228,516,1,22560,0.0009999999999976694
33253001,-3504,12361,131120,13933,7414,121815,117,19228,479,1,22561,0.00100100000000225
33254000,1052,-3415,127599,-15963,-6747,131129,97,19226,397,1,22562,0.0009990000000001942
33255000,9292,-14945,127525,816,-18923,131548,145,19229,594,0,22563,0.0009999999999976694
33256000,10461,-8473,128054,31893,-10806,127975,107,19229,594,0,22564,0.0010000000000047748
33257000,5854,3461,128842,-12598,768,126764,110,19229,438,0,22565,0.0009999999999976694
33258000,-1464,12606,134480,-18380,9831,123895,110,19223,451,1,22566,0.0009999999999976694
33259001,-4871,-1994,130789,5988,-5580,135026,149,19229,610,1,22567,0.00100100000000225
33260000,-10028,728,131692,-2757,-1515,127572,109,19229,446,1,22568,0.0009990000000001942
33261001,-1890,-13976,128872,-21821,-19368,138833,103,19224,422,0,22569,0.00100100000000225
33262000,-1028,6791,130165,1179,3793,118576,106,19224,422,0,22570,0.0009990000000001942
33263000,3872,-5402,128705,-1065,-6907,133387,112,19228,434,0,22571,0.0009999999999976694
33264000,-7858,8868,132653,-10695,4458,126214,112,19224,459,0,22572,0.0009999999999976694
33265000,-9320,2905,128436,-14739,1442,123983,128,19224,524,1,22573,0.0010000000000047748
33266000,-7945,11548,133192,-10041,10180,130086,114,19229,467,1,22574,0.0009999999999976694
33267000,-6998,6345,129376,-10689,3809,126287,102,19230,418,1,22575,0.0009999999999976694
33268000,-2042,-5839,127083,-5460,-7799,126865,133,19230,418,0,22576,0.0010000000000047748
33269000,-5791,-688,125603,-8258,-4099,128522,102,19223,545,0,22577,0.0009999999999976694
33270000,-338,-355,127411,-6562,-4258,123878,102,19238,418,0,22578,0.0009999999999976694
33271002,-5337,15135,129261,-7536,9162,122768,107,19227,438,1,22579,0.0010019999999997253
33272002,-8045,6249,127533,-12682,-1278,126988,151,19226,618,1,22580,0.0010000000000047748
33273000,-5671,9267,126985,-8416,12066,120000,115,19231,471,1,22581,0.0009979999999956135
33274000,-2067,993,128485,-5065,-6819,129288,102,19231,418,1,22582,0.0010000000000047748
33275000,2433,-6342,123353,-782,-4487,126548,102,19225,418,0,22583,0.0009999999999976694
33276000,2022,-296,124828,-2850,-6051,123339,113,19228,418,0,22584,0.0009999999999976694
33277000,2052,9603,125926,-4145,16023,120436,113,19229,463,0,22585,0.0010000000000047748
33278000,60,13073,125889,2144,4201,128115,119,19221,487,1,22586,0.0009999999999976694
33279000,-6167,-1041,123588,-7036,996,128382,123,19231,504,1,22587,0.0009999999999976694
33280000,5054,13388,126312,-3256,13697,118670,99,19231,405,1,22588,0.0010000000000047748
33281000,8856,9745,124306,15010,2806,121887,120,19231,405,0,22589,0.0009999999999976694
33282000,10072,-1858,123983,8395,-10861,127182,107,19231,491,0,22590,0.0009999999999976694
33283002,6585,-15771,124568,356,-21243,129224,107,19225,438,0,22591,0.0010019999999997253
33284000,3501,1048,127594,5821,-1192,126040,114,19231,467,0,22592,0.000998000000002719
33285000,619,24480,130040,2035,21634,116181,144,19230,590,1,22593,0.0009999999999976694
33286000,2269,9356,127803,-2294,3724,123875,113,19230,463,1,22594,0.0010000000000047748
33287002,11049,-6988,125948,7752,-9815,134038,98,19231,463,1,22595,0.0010019999999997253
33288000,11032,2688,125637,11106,449,120623,136,19225,401,0,22596,0.0009979999999956135
33289000,11909,-4046,126748,11780,-6184,129389,136,19231,557,0,22597,0.0010000000000047748
33290003,6049,-5394,128226,4604,-8890,128536,111,19228,455,0,22598,0.0010029999999972006
33291000,4538,-4351,130049,-9248,-6801,135179,111,19223,455,1,22599,0.0009969999999981383
33292000,-583,14180,132886,7804,10236,119818,118,19231,483,1,22600,0.0010000000000047748
33293001,-3553,15132,130221,1036,7970,125684,106,19231,483,1,22601,0.0010009999999951447
33294002,7317,-6267,126218,-8618,-12673,131822,121,19228,434,1,22602,0.00100100000000225
33295000,9761,-11595,128293,13989,-13451,128339,121,19217,496,0,22603,0.000998000000002719
33296002,9317,-7261,129188,20029,-14257,136916,102,19225,418,0,22604,0.0010019999999997253
33297000,-1187,11817,131683,-25105,11927,115399,108,19228,442,0,22605,0.0009979999999956135
33298000,453,11320,134731,-9975,8114,129739,132,19226,541,1,22606,0.0010000000000047748
33299000,-10463,-4978,129087,13196,-6368,137573,114,19226,541,1,22607,0.0009999999999976694
33300001,-3103,-6337,128459,-21800,-10953,126462,100,19232,467,1,22608,0.00100100000000225
33301000,-2219,-6903,128668,-10471,-12103,131117,100,19224,410,0,22609,0.0009990000000001942
33302000,7519,5189,131241,7404,2576,120802,148,19227,606,0,22610,0.0009999999999976694
33303000,-4067,1413,131657,-506,-3472,132608,105,19228,430,0,22611,0.0009999999999976694
33304003,-6482,-842,130516,-21085,-3761,130972,109,19225,446,1,22612,0.001003000000004306
33305000,-12687,4135,130379,-11554,1814,131365,133,19225,446,1,22613,0.0009969999999981383
33306000,-11116,13010,131543,-7378,10242,125758,111,19227,545,1,22614,0.0009999999999976694
33307000,-879,10738,129224,-12642,7203,124372,111,19228,455,1,22615,0.0009999999999976694
33308000,-4419,-13945,124905,-2783,-18223,136552,111,19223,455,0,22616,0.0010000000000047748
33309000,697,3853,126697,-9293,1004,121157,115,19237,471,0,22617,0.0009999999999976694
33310000,-3744,8358,128212,-1780,6327,125438,101,19232,414,0,22618,0.0009999999999976694
33311000,-3758,3708,128952,-8303,-3,128380,123,19232,414,1,22619,0.0010000000000047748
33312000,-10112,10557,129806,-16757,7573,123370,117,19227,504,1,22620,0.0009999999999976694
33313000,-6432,3682,125117,-7276,-402,131508,117,19229,479,1,22621,0.0009999999999976694
33314000,1856,7683,128910,-3146,5471,118488,105,19225,430,0,22622,0.0010000000000047748
33315000,-1720,-3536,124723,1357,-5732,133168,141,19237,577,0,22623,0.0009999999999976694
33316000,4361,-312,122269,-3023,-6806,123550,107,19226,438,0,22624,0.0009999999999976694
33317000,-2178,12575,126422,-6769,8040,121760,109,19226,446,0,22625,0.0010000000000047748
33318000,-323,13197,127082,-708,11811,120422,154,19224,446,1,22626,0.0009999999999976694
33319000,-1185,7866,124701,-3330,2708,128206,106,19227,631,1,22627,0.0009999999999976694
33320002,2935,-4464,122708,-199,-1477,138013,106,19232,434,1,22628,0.0010019999999997253
33321005,13894,-1078,122680,7242,-1745,112433,102,19232,418,0,22629,0.001003000000004306
33322000,6867,6118,124316,6702,672,125908,83,19228,340,0,22630,0.0009949999999960824
33323000,5069,220,126841,5966,-7895,130079,111,19228,455,0,22631,0.0010000000000047748
33324000,4306,-4087,125117,2853,1288,127956,125,19227,455,1,22632,0.0009999999999976694
33325000,-1475,12009,130275,10855,10015,121468,112,19230,512,1,22633,0.0009999999999976694
33326000,2408,9000,125968,1317,3739,120462,112,19233,459,1,22634,0.0010000000000047748
33327000,9906,-3269,126323,3810,-8756,130808,97,19230,397,1,22635,0.0009999999999976694
33328000,15078,7445,127328,10386,1968,121395,132,19231,541,0,22636,0.0009999999999976694
33329000,10519,4,126052,8155,-2932,132300,101,19231,414,0,22637,0.0010000000000047748
33330000,3601,-492,130253,-689,-2617,123346,102,19228,414,0,22638,0.0009999999999976694
33331000,3808,-999,129277,-4143,-8068,132591,133,19233,418,1,22639,0.0009999999999976694
33332000,-1309,7193,131478,7428,4218,133107,133,19226,545,1,22640,0.0010000000000047748
33333000,3309,10796,130322,-75,6224,121871,111,19232,455,1,22641,0.0009999999999976694
33334000,6304,1974,128658,-601,-2759,129286,104,19227,426,0,22642,0.0009999999999976694
33335000,8847,-5556,127641,8903,-11206,124449,127,19231,520,0,22643,0.0010000000000047748
33336000,7142,420,128390,9999,-3844,132473,107,19231,520,0,22644,0.0009999999999976694
33337000,-1,-2139,132713,-13224,166,131227,116,19231,438,0,22645,0.0009999999999976694
33338002,-423,6601,131487,-11363,6630,125519,116,19223,475,1,22646,0.0010019999999997253
33339000,-6086,3794,135001,2800,-944,131620,117,19228,479,1,22647,0.000998000000002719
33340000,-2529,-6199,128781,-6029,-10166,130528,100,19227,410,1,22648,0.0009999999999976694
33341001,-765,-7381,129542,-13827,-11019,133607,127,19224,520,0,22649,0.00100100000000225
33342000,-264,360,128521,3522,-2595,123611,102,19224,520,0,22650,0.0009990000000001942
33343000,-4734,9661,130022,-4935,8049,122446,110,19229,418,0,22651,0.0009999999999976694
33344000,-5709,3059,133030,-17130,-3395,133807,110,19222,451,1,22652,0.0010000000000047748
33345000,-11605,189,129345,-13127,-1777,129891,149,19229,610,1,22653,0.0009999999999976694
33346002,-8671,6164,131530,-5264,4331,131213,117,19228,479,1,22654,0.0010019999999997253
33347001,-3078,9453,128928,-4421,5379,120368,103,19225,422,1,22655,0.0009990000000001942
33348002,-3822,-4993,125928,-11980,-10499,134436,172,19225,422,0,22656,0.00100100000000225
33349001,-3993,-3373,125994,-7816,-5551,124208,103,19235,704,0,22657,0.0009990000000001942
33350002,634,838,126616,-5646,-2861,125667,103,19231,422,0,22658,0.0010009999999951447
33351000,-2754,11710,129472,-6154,9108,124453,113,19218,463,1,22659,0.000998000000002719
33352000,-8797,2103,125331,-7811,-2996,130098,117,19230,479,1,22660,0.0009999999999976694
33353000,-7475,7949,126375,-17766,4833,123309,109,19233,446,1,22661,0.0010000000000047748
33354000,-1225,11866,126843,-3678,8644,118042,121,19233,446,0,22662,0.0009999999999976694
33355000,100,-15549,122648,5992,-18998,133050,100,19230,496,0,22663,0.0009999999999976694
33356000,-1287,386,124362,-4618,-2390,115788,100,19238,410,0,22664,0.0010000000000047748
33357000,329,1396,125793,-15800,-1604,132459,109,19226,446,0,22665,0.0009999999999976694
33358000,-1507,19686,129773,9332,16266,119811,139,19224,569,1,22666,0.0009999999999976694
33359000,-2176,5381,127037,4376,3120,125858,115,19231,471,1,22667,0.0010000000000047748
33360000,4091,7920,125091,-9489,4215,128846,96,19231,471,1,22668,0.0009999999999976694
33361000,4980,6225,123118,5608,2900,118288,115,19228,393,0,22669,0.0009999999999976694
33362000,15674,-2008,122943,13093,-6653,122713,115,19231,471,0,22670,0.0010000000000047748
33363000,5000,-2827,124578,9430,-6745,128145,115,19225,471,0,22671,0.0009999999999976694
33364000,5541,-11855,124597,-4034,-16912,129890,118,19230,483,1,22672,0.0009999999999976694
33365000,1112,12365,130131,3086,12705,117959,127,19229,520,1,22673,0.0010000000000047748
33366000,4805,2467,124929,2395,-3981,134687,106,19229,434,1,22674,0.0009999999999976694
33367000,7709,835,125325,5241,9159,115976,110,19230,434,1,22675,0.0009999999999976694
33368000,6827,417,128057,3850,-9761,130692,88,19217,451,0,22676,0.0009999999999976694
33369000,13784,-18866,125498,3541,-19057,137092,88,19235,360,0,22677,0.0010000000000047748
33370002,1389,4329,130553,4606,3636,122265,108,19229,442,0,22678,0.0010019999999997253
33371002,2845,4501,130155,-12731,7766,134866,124,19228,508,1,22679,0.0009999999999976694
33372000,-476,12242,128338,5472,11704,120219,111,19228,455,1,22680,0.000998000000002719
33373000,1690,1955,127720,3863,-2629,135279,99,19227,455,1,22681,0.0009999999999976694
33374000,11498,-7994,125283,-3104,-9166,129280,147,19232,405,0,22682,0.0009999999999976694
33375000,7711,-2645,129498,16155,-3663,123987,147,19230,602,0,22683,0.0010000000000047748
33376000,8856,-3949,130103,8547,-11469,138277,108,19229,442,0,22684,0.0009999999999976694
33377000,-4230,-865,130988,-18344,375,120772,108,19225,442,0,22685,0.0009999999999976694
33378000,-1364,6756,134880,-13838,-3366,137409,142,19225,582,1,22686,0.0010000000000047748
33379000,-6639,17935,131047,11411,16911,118621,105,19227,582,1,22687,0.0009999999999976694
33380000,-3944,251,128134,-16900,-5681,128549,104,19232,430,1,22688,0.0009999999999976694
33381000,3611,-15189,130096,-11313,-17046,135868,104,19220,426,0,22689,0.0010000000000047748
33382001,2600,834,128130,16196,-503,118491,105,19234,430,0,22690,0.0010009999999951447
33383000,-3208,5686,132092,-12743,4314,134508,112,19228,459,0,22691,0.0009990000000001942
33384000,-10336,4103,131928,-24249,-3130,125661,125,19220,512,1,22692,0.0010000000000047748
33385002,-8533,-684,131123,-5485,-1607,136647,113,19220,512,1,22693,0.0010019999999997253
33386000,-8715,7916,130198,-4311,5207,126187,99,19228,463,1,22694,0.0009979999999956135
33387000,-3156,9046,129475,-10242,4367,119865,99,19230,405,1,22695,0.0010000000000047748
33388000,222,2183,126180,-9435,-4754,132274,133,19221,545,0,22696,0.0009999999999976694
33389000,-1525,-4078,124937,-1302,-6932,127660,105,19231,430,0,22697,0.0009999999999976694
33390000,-1682,6334,129924,-4563,1854,126690,108,19225,442,0,22698,0.0010000000000047748
33391000,-9216,22895,127909,-14174,18391,116291,147,19225,442,1,22699,0.0009999999999976694
33392000,-6171,6243,126554,-12546,2531,130715,113,19232,602,1,22700,0.0009999999999976694
33393000,-2297,2903,128462,-3618,-1035,131228,113,19229,463,1,22701,0.0010000000000047748
33394000,3385,7952,123962,-1781,5090,117510,104,19225,426,0,22702,0.0009999999999976694
33395000,561,99,126111,-2103,-3121,127093,111,19231,455,0,22703,0.0009999999999976694
33396000,3041,-4702,125661,-122,-7611,126345,111,19229,455,0,22704,0.0010000000000047748
33397000,-357,5753,127036,-5300,2825,129670,117,19229,455,1,22705,0.0009999999999976694
33398000,-5200,14871,126987,-3579,12549,120415,117,19226,479,1,22706,0.0009999999999976694
33399000,-2355,12874,125958,-3194,9853,118574,117,19230,479,1,22707,0.0010000000000047748
33400000,3908,5070,125013,-3557,2233,127969,97,19230,397,1,22708,0.0009999999999976694
33401000,9920,281,122847,10117,-3240,123796,118,19230,483,0,22709,0.0009999999999976694
33402000,11971,-8597,124500,10551,-13600,129141,105,19225,430,0,22710,0.0010000000000047748
33403000,4873,7264,126869,1748,5090,117948,113,19225,430,0,22711,0.0009999999999976694
33404000,6251,-3735,125773,2318,-6512,132817,147,19225,463,1,22712,0.0009999999999976694
33405000,-249,4245,129255,3260,61,129959,147,19229,602,1,22713,0.0010000000000047748
33406000,5767,10992,126539,1330,8191,119059,113,19229,463,1,22714,0.0009999999999976694
33407000,9333,5979,125631,4682,3839,123248,97,19229,397,0,22715,0.0009999999999976694
33408000,10706,-1909,126068,6477,-3283,132782,134,19230,549,0,22716,0.0010000000000047748
33409002,7559,-13931,127006,10825,-15952,132177,113,19230,463,0,22717,0.0010019999999997253
33410000,2664,266,128459,3431,-4449,124528,115,19228,463,0,22718,0.0009979999999956135
33411000,433,10011,133060,-2836,6918,126518,117,19224,471,1,22719,0.0010000000000047748
33412003,-416,14526,130894,3070,13901,127672,117,19233,479,1,22720,0.0010029999999972006
33413002,5089,-6014,127553,-3220,-8625,133695,104,19230,426,1,22721,0.0009990000000001942
33414000,5774,-6370,129181,6542,-8011,128488,118,19220,483,0,22722,0.000998000000002719
33415000,12460,-11501,127915,4733,-11510,127404,94,19220,385,0,22723,0.0009999999999976694
33416002,1816,280,129358,3652,-4766,132821,104,19227,385,0,22724,0.0010019999999997253
33417000,1593,-2196,130828,-28535,238,129803,134,19229,426,1,22725,0.000998000000002719
33418000,-5549,19350,133904,7250,21179,120072,134,19223,549,1,22726,0.0009999999999976694
33419000,-5870,3684,129309,4223,-1352,132429,111,19230,455,1,22727,0.0009999999999976694
33420000,-3933,-9276,127436,-19569,-13769,133001,96,19228,393,1,22728,0.0010000000000047748
33421000,1547,-15894,127224,-7493,-12723,134191,145,19228,594,0,22729,0.0009999999999976694
33422000,3194,10657,131086,9825,6696,121415,106,19233,594,0,22730,0.0009999999999976694
33423000,-3312,7744,131409,-15945,6739,127962,110,19232,434,0,22731,0.0010000000000047748
33424000,-9573,5531,132202,-19903,418,130732,110,19222,451,1,22732,0.0009999999999976694
33425000,-8142,-4356,126809,-6552,-6212,135078,133,19227,545,1,22733,0.0009999999999976694
33426000,-8034,19068,132479,-8246,19253,120106,107,19233,438,1,22734,0.0010000000000047748
33427000,-1925,4786,127560,-10215,3133,124023,110,19220,451,0,22735,0.0009999999999976694
33428000,-1888,-14606,126432,-8509,-21270,134580,118,19220,451,0,22736,0.0009999999999976694
33429000,-2536,-1929,126316,-4749,-3296,127397,104,19231,483,0,22737,0.0009999999999976694
33430000,-1371,12154,128152,-7741,11435,119233,104,19228,426,0,22738,0.0010000000000047748
33431000,-9094,12540,129952,-4244,7601,124520,126,19223,516,1,22739,0.0009999999999976694
33432000,-5841,1828,126749,-17632,86,129427,117,19230,479,1,22740,0.0009999999999976694
33433000,-2551,7793,127274,-5616,3326,125775,102,19228,418,1,22741,0.0010000000000047748
33434000,364,6291,126756,6141,1353,123140,139,19228,418,0,22742,0.0009999999999976694
33435000,3473,-2020,123798,-4247,-4777,126216,108,19232,569,0,22743,0.0009999999999976694
33436000,-411,1591,124854,-9296,1170,125279,108,19229,442,0,22744,0.0010000000000047748
33437000,591,8332,124612,-72,9041,119447,109,19223,446,1,22745,0.0009999999999976694
33438000,-2626,12278,128536,-975,7777,131856,146,19230,598,1,22746,0.0009999999999976694
33439000,-85,9721,122822,-4005,7148,119887,109,19233,446,1,22747,0.0010000000000047748
33440000,5400,7164,127742,2271,2882,127205,104,19233,446,0,22748,0.0009999999999976694
33441000,11369,-3713,123335,8226,-8172,124405,93,19224,426,0,22749,0.0009999999999976694
33442008,9440,-1521,125605,9648,-5347,129206,93,19227,381,0,22750,0.001008000000005893
33443000,1399,-2243,124936,2125,-6233,124742,115,19229,471,0,22751,0.0009919999999965512
33444000,4514,10916,128047,-4753,8713,119176,127,19222,520,1,22752,0.0009999999999976694
33445000,4010,13764,128710,6647,12365,132415,113,19233,463,1,22753,0.0010000000000047748
33446000,8204,852,122588,6791,-3113,124325,101,19233,463,1,22754,0.0009999999999976694
33447001,9028,2998,127397,1996,-471,122608,135,19230,414,0,22755,0.00100100000000225
33448000,11917,-2340,127392,3375,-5210,126891,135,19226,553,0,22756,0.0009990000000001942
33449000,8824,-15253,127070,20576,-18920,133524,97,19231,397,0,22757,0.0009999999999976694
33450000,904,-320,130439,-2813,-4697,129524,99,19226,405,1,22758,0.0009999999999976694
33451000,1056,11301,129891,-12680,7668,124043,130,19229,532,1,22759,0.0010000000000047748
33452000,-1803,15312,133224,13598,13895,123490,112,19229,532,1,22760,0.0009999999999976694
33453000,4584,-6647,127413,-777,-9597,133427,105,19232,459,1,22761,0.0009999999999976694
33454000,10207,-4696,127965,-6601,-7558,129267,105,19219,430,0,22762,0.0010000000000047748
33455000,8016,1590,130785,20263,-3184,131407,127,19232,520,0,22763,0.0009999999999976694
33456000,3935,-10065,127196,9118,-14805,130408,103,19227,422,0,22764,0.0009999999999976694
33457001,532,8736,133251,-23017,3729,127629,116,19223,475,1,22765,0.00100100000000225
33458000,-5656,2133,131587,-4130,146,133015,108,19223,442,1,22766,0.0009990000000001942
33459000,-6188,8296,130674,7335,5516,118707,101,19230,442,1,22767,0.0009999999999976694
33460000,618,-7387,129181,-22443,-18740,141071,126,19230,414,0,22768,0.0010000000000047748
33461000,224,-11937,127776,1178,-3497,126416,126,19225,516,0,22769,0.0009999999999976694
33462000,928,3154,130268,3604,7138,124130,99,19225,405,0,22770,0.0009999999999976694
33463000,-5200,3878,132625,-19615,-105,134630,107,19226,438,0,22771,0.0010000000000047748
33464000,-8059,3097,129225,-6074,3346,130427,151,19226,618,1,22772,0.0009999999999976694
33465000,-8327,-17,128617,-13118,5689,132057,116,19229,618,1,22773,0.0009999999999976694
33466000,-4181,13043,129747,-11179,15441,117820,103,19228,475,1,22774,0.0010000000000047748
33467000,-2677,-2718,126999,-3927,-10446,133755,103,19224,422,0,22775,0.0009999999999976694
33468000,-2224,-8376,127111,-6632,-5258,130084,160,19230,655,0,22776,0.0009999999999976694
33469002,-2464,729,127917,-9083,-4468,127468,111,19228,455,0,22777,0.0010019999999997253
33470000,-7716,8855,127851,-8151,11403,120148,116,19221,475,1,22778,0.000998000000002719
33471000,-6013,13444,128835,-11147,2480,125728,118,19221,475,1,22779,0.0009999999999976694
33472000,-9228,-2952,127797,-6855,-7743,128270,107,19228,483,1,22780,0.0010000000000047748
33473000,11,25092,128332,-2887,15978,115854,107,19231,438,1,22781,0.0009999999999976694
33474000,-555,-7272,123332,-4171,-7414,128091,122,19225,500,0,22782,0.0009999999999976694
33475002,4791,-3052,128029,4751,-7123,126959,101,19230,414,0,22783,0.0010019999999997253
33476002,1592,-4977,122588,-4303,-6520,129009,108,19228,442,0,22784,0.0010000000000047748
33477002,-4458,19836,127415,-8709,21251,117231,138,19228,442,1,22785,0.0009999999999976694
33478001,977,7056,125342,-3038,-254,127314,112,19226,565,1,22786,0.0009990000000001942
33479001,2142,5151,124520,3646,3825,124343,112,19231,459,1,22787,0.0009999999999976694
33480000,6960,6575,124958,-1179,1171,123179,95,19233,389,0,22788,0.0009990000000001942
33481001,7496,-6149,122822,9727,-10254,121942,107,19231,438,0,22789,0.00100100000000225
33482000,8780,-101,124513,13083,-6289,127178,114,19225,467,0,22790,0.0009990000000001942
33483000,1793,-5530,124831,-4899,-7367,131420,115,19225,467,0,22791,0.0009999999999976694
33484000,2631,8831,129596,-716,5132,119912,119,19222,471,1,22792,0.0010000000000047748
33485000,6080,16425,127788,9866,12207,123515,119,19228,487,1,22793,0.0009999999999976694
33486003,6087,3120,125585,2593,-262,126141,105,19229,430,1,22794,0.0010029999999972006
33487002,13193,-2374,126011,3995,-5891,127033,112,19221,459,0,22795,0.0009990000000001942
33488000,9456,806,125933,15394,-3183,125619,89,19228,365,0,22796,0.000998000000002719
33489000,6289,-4446,128196,8085,-8662,128908,105,19228,365,0,22797,0.0009999999999976694
33490000,7380,-6050,128892,-4904,-9572,130313,125,19232,430,1,22798,0.0010000000000047748
33491000,-1387,9412,131876,4213,6214,130239,125,19231,512,1,22799,0.0009999999999976694
33492000,907,10131,127578,201,6012,123856,113,19230,463,1,22800,0.0009999999999976694
33493001,2840,2672,130880,-2061,90,122863,102,19228,418,1,22801,0.00100100000000225
33494000,12913,-19958,125996,3184,-23377,137644,155,19235,635,0,22802,0.0009990000000001942
33495000,6162,-5980,129810,22107,-11057,130139,106,19235,635,0,22803,0.0009999999999976694
33496002,2404,-3058,131402,-10088,-6633,132576,105,19227,434,0,22804,0.0010019999999997253
33497000,-1948,20152,132470,-16939,18880,114843,105,19227,430,1,22805,0.000998000000002719
33498000,-3754,-3492,130710,3867,-5447,135034,138,19232,565,1,22806,0.0009999999999976694
33499000,-5971,-12100,129168,590,-16344,135528,105,19232,430,1,22807,0.0009999999999976694
33500000,-2911,-2169,128011,-17863,-7065,122092,105,19220,430,0,22808,0.0010000000000047748
33501000,-239,6940,130089,-8584,2251,126043,105,19220,430,0,22809,0.0009999999999976694
33502000,421,-1888,129056,4207,-3340,133750,115,19230,430,0,22810,0.0009999999999976694
33503000,-7327,-694,131812,-11745,-5364,130918,134,19228,471,1,22811,0.0010000000000047748
33504001,-10321,4900,130442,-18405,700,126783,134,19231,549,1,22812,0.0010009999999951447
33505000,-7319,13536,132103,-8563,11274,125418,114,19229,467,1,22813,0.0009990000000001942
33506000,-4440,7084,130013,-4359,5595,128721,102,19229,418,1,22814,0.0010000000000047748
33507002,-2732,-8321,125877,-9230,-9432,132122,143,19229,586,0,22815,0.0010019999999997253
33508000,-5765,-2242,125382,-9913,2515,120137,102,19223,586,0,22816,0.0009979999999956135
33509000,423,7786,128189,-3624,5268,123096,103,19234,418,0,22817,0.0010000000000047748
33510000,-5385,5466,127924,-6015,2135,128712,103,19227,422,1,22818,0.0009999999999976694
33511000,-7729,7311,128529,-16746,1632,126140,141,19228,577,1,22819,0.0009999999999976694
33512000,-8777,837,128281,-5313,2672,129753,113,19230,463,1,22820,0.0010000000000047748
33513000,-1061,8159,126508,1497,2705,123165,105,19230,430,0,22821,0.0009999999999976694
33514000,1056,-3262,123197,-2340,-8148,128614,88,19223,430,0,22822,0.0009999999999976694
33515002,-1539,-2456,123758,-6623,-3047,126161,111,19233,360,0,22823,0.0010019999999997253
33516000,1189,4690,125417,-3198,1237,122798,111,19230,455,0,22824,0.000998000000002719
33517000,-2934,21762,128231,-2412,15544,117105,121,19216,496,1,22825,0.0009999999999976694
33518000,-1165,10481,125439,-3036,5589,128321,110,19230,451,1,22826,0.0010000000000047748
33519000,2666,4301,124866,738,-1834,124729,98,19230,401,1,22827,0.0009999999999976694
33520000,10278,12291,123605,-1035,9505,119781,124,19230,401,0,22828,0.0009999999999976694
33521003,13270,-2514,123124,17584,-8058,122774,110,19228,508,0,22829,0.001003000000004306
33522000,6690,-9228,126004,7015,-15379,132447,110,19228,451,0,22830,0.0009969999999981383
33523000,4995,-3936,126884,-6779,-6611,128523,115,19229,471,1,22831,0.0009999999999976694
33524000,301,15818,130466,6790,14467,121264,147,19228,602,1,22832,0.0010000000000047748
33525000,3361,9472,127597,5617,3961,124140,108,19232,442,1,22833,0.0009999999999976694
33526000,6358,9078,125966,4559,1354,121011,97,19232,442,1,22834,0.0009999999999976694
33527000,12349,-1456,126185,79,-6013,130208,119,19225,397,0,22835,0.0010000000000047748
33528000,11374,-5250,127261,21656,-7355,125715,119,19233,487,0,22836,0.0009999999999976694
33529000,6839,1775,129477,1738,-1727,129118,104,19232,426,0,22837,0.0009999999999976694
33530000,3996,-2565,127710,-12989,-6000,132335,112,19225,459,1,22838,0.0010000000000047748
33531000,-909,14594,132461,15114,12256,122009,107,19226,438,1,22839,0.0009999999999976694
33532000,925,8008,129900,-5209,3375,134797,99,19226,438,1,22840,0.0009999999999976694
33533002,8248,-2062,125864,-2524,-4892,122373,121,19228,405,0,22841,0.0010019999999997253
33534000,9100,-7781,130417,12907,-12752,132709,121,19222,496,0,22842,0.000998000000002719
33535000,8772,-2808,127571,6478,-7064,130997,98,19232,401,0,22843,0.0009999999999976694
33536000,1597,3958,132324,-12918,1149,124754,104,19232,426,0,22844,0.0010000000000047748
33537000,-1700,13350,136420,-7635,10271,126807,138,19226,565,1,22845,0.0009999999999976694
33538000,-10688,6270,129684,5545,4628,124908,112,19226,565,1,22846,0.0009999999999976694
33539000,-4006,-3827,130076,-18195,-7981,134069,95,19229,459,1,22847,0.0010000000000047748
33540001,1278,-12269,127894,-5295,-15069,134073,95,19224,389,0,22848,0.0010009999999951447
33541000,3136,6427,129826,5983,2088,122996,137,19232,561,0,22849,0.0009990000000001942
33542000,-1404,7863,132211,-6862,4783,123453,108,19230,442,0,22850,0.0010000000000047748
33543000,-6010,-7349,129330,-13063,-10551,130665,117,19223,479,1,22851,0.0009999999999976694
33544000,-8937,4605,131323,-12141,1456,135107,126,19223,479,1,22852,0.0009999999999976694
33545000,-13437,7569,127247,-9415,2075,126522,106,19229,516,1,22853,0.0010000000000047748
33546000,-3430,16191,132088,-11604,13323,124778,106,19230,434,1,22854,0.0009999999999976694
33547000,-3401,-10197,123408,-7325,-13306,129174,115,19219,471,0,22855,0.0009999999999976694
33548000,593,-3179,128333,-4675,-6276,130756,105,19231,430,0,22856,0.0010000000000047748
33549000,-601,5662,127224,-5383,1143,121523,104,19230,426,0,22857,0.0009999999999976694
33550000,-4709,13372,128489,-4927,8364,123010,133,19230,545,1,22858,0.0009999999999976694
33551000,-6299,10829,128126,-15035,7767,130478,118,19224,545,1,22859,0.0010000000000047748
33552000,-7234,-1365,125634,-8376,-6658,127828,104,19230,483,1,22860,0.0009999999999976694
33553001,1561,3419,125792,315,9960,124435,104,19226,426,0,22861,0.00100100000000225
33554000,-1140,-1540,124458,-3606,-3488,121259,134,19232,549,0,22862,0.0009989999999930887
33555000,3263,-1076,125205,-1126,-1844,136791,117,19226,479,0,22863,0.0010000000000047748
33556000,-2365,-504,123767,-4183,3517,119391,118,19226,483,0,22864,0.0009999999999976694
33557000,-3357,17311,128191,-4336,16219,122736,152,19225,483,1,22865,0.0009999999999976694
33558000,-2444,12652,126611,1284,2926,124894,109,19235,623,1,22866,0.0010000000000047748
33559000,2718,-2933,124147,871,-577,127750,109,19232,446,1,22867,0.0009999999999976694
33560000,9799,-3427,125475,5728,-8764,126440,105,19221,430,0,22868,0.0009999999999976694
33561002,7570,2315,123553,7259,-131,117675,88,19226,360,0,22869,0.0010020000000068308
33562000,8459,3326,125670,3685,1751,132846,114,19229,467,0,22870,0.0009979999999956135
33563000,3297,-4352,124563,1785,-2454,126657,129,19229,467,1,22871,0.0009999999999976694
33564000,3656,11175,127906,-74,12997,123866,113,19224,528,1,22872,0.0010000000000047748
33565000,4579,11586,127007,10130,4233,122909,113,19231,463,1,22873,0.0009999999999976694
33566000,8609,-2357,125238,3262,-10855,125940,99,19229,405,1,22874,0.0009999999999976694
33567000,13205,-2381,128154,6540,-5133,131481,139,19226,569,0,22875,0.0010000000000047748
33568001,10145,-4946,124752,10799,-4536,124068,100,19230,410,0,22876,0.0010009999999951447
33569000,5994,-302,130663,3463,-3285,130275,105,19230,410,0,22877,0.0009990000000001942
33570000,-489,7651,130031,-6358,4503,126733,129,19224,430,1,22878,0.0010000000000047748
33571000,2835,6160,127027,-1359,8572,132424,129,19224,528,1,22879,0.0009999999999976694
33572000,4049,6193,130487,7935,3715,125019,113,19232,463,1,22880,0.0009999999999976694
33573000,8567,-3520,127996,-2017,-8506,128497,106,19222,434,0,22881,0.0010000000000047748
33574000,9841,-8879,128183,7497,-10489,130928,122,19231,500,0,22882,0.0009999999999976694
33575000,3044,574,131401,13041,-4845,128571,107,19231,500,0,22883,0.0009999999999976694
33576000,1247,-3614,130129,-15424,-4120,131828,117,19228,438,0,22884,0.0010000000000047748
33577000,-2901,12395,133832,-10619,8073,125087,117,19222,479,1,22885,0.0009999999999976694
33578000,-7952,-671,133107,1756,-6498,132692,106,19232,434,1,22886,0.0009999999999976694
33579002,-877,3862,128482,-8328,1795,124249,99,19225,405,1,22887,0.0010019999999997253
33580000,-409,-7657,130134,-14668,-12938,134881,128,19223,524,0,22888,0.000998000000002719
33581000,2714,-2721,127686,14660,-6375,130470,107,19223,524,0,22889,0.0009999999999976694
33582000,-4601,10384,131386,-7698,7417,121827,110,19226,438,0,22890,0.0010000000000047748
33583000,-6990,9178,130914,-25950,6331,127791,110,19225,451,1,22891,0.0009999999999976694
33584000,-7756,730,131800,-5993,-1724,133550,152,19229,623,1,22892,0.0009999999999976694
33585000,-6475,4666,129298,-7028,1209,129739,114,19230,467,1,22893,0.0010000000000047748
33586000,-3700,9229,129954,-8736,6475,122419,102,19223,418,1,22894,0.0009999999999976694
33587000,-4200,-3365,126255,-10380,-5907,125998,161,19223,418,0,22895,0.0009999999999976694
33588000,-737,-6209,126952,-4494,-9103,133889,106,19233,659,0,22896,0.0010000000000047748
33589000,-3587,3892,127610,-7638,1239,123888,106,19231,434,0,22897,0.0009999999999976694
33590000,-7210,7655,129215,-12453,2531,123497,113,19220,463,1,22898,0.0009999999999976694
33591001,-3314,23043,128959,-8134,20965,118243,107,19232,438,1,22899,0.00100100000000225
33592000,-4530,-11589,122428,-5159,-13872,136656,107,19229,438,1,22900,0.0009990000000001942
33593000,352,5960,125618,-2619,-90,123374,126,19229,516,0,22901,0.0009999999999976694
33594000,87,6428,125733,-6905,5195,119573,101,19227,516,0,22902,0.0010000000000047748
33595000,1854,2364,125554,4555,-1377,126697,109,19227,414,0,22903,0.0009999999999976694
33596000,553,-6909,125043,-9435,-7080,134336,109,19230,446,0,22904,0.0009999999999976694
33597000,-2870,6871,126243,-2849,717,116142,138,19224,565,1,22905,0.0010000000000047748
33598000,-908,22069,128141,2358,22929,119938,112,19231,459,1,22906,0.0009999999999976694
33599000,3004,-1913,122309,-2511,-2999,130074,97,19231,397,1,22907,0.0009999999999976694
33600001,8342,3966,125570,4318,-1709,122690,113,19226,397,0,22908,0.00100100000000225
33601000,8583,-7851,122882,7955,-8171,127409,113,19231,463,0,22909,0.0009990000000001942
33602000,6464,-2137,126504,8168,6937,119811,113,19230,463,0,22910,0.0009999999999976694
33603000,3652,-1413,128276,-933,-9590,133836,115,19221,471,1,22911,0.0010000000000047748
33604000,3364,3763,127524,-5376,9338,122363,120,19230,491,1,22912,0.0009999999999976694
33605003,5742,14148,129022,12326,6461,125778,102,19232,418,1,22913,0.0010029999999972006
33606002,6205,-5106,123788,-2058,1001,126669,113,19232,418,0,22914,0.0009990000000001942
33607000,11405,695,125283,5683,-3562,125737,91,19223,463,0,22915,0.000998000000002719
33608000,9010,-17430,124771,18465,-23243,138965,91,19237,373,0,22916,0.0009999999999976694
33609000,5858,3379,128127,-5445,6003,120783,103,19229,422,0,22917,0.0010000000000047748
33610000,76,13189,132439,-4568,9337,129004,127,19226,520,1,22918,0.0009999999999976694
33611000,310,8811,129502,7567,6696,125657,112,19231,459,1,22919,0.0009999999999976694
33612000,2634,1567,128075,-2440,-4098,130449,99,19231,459,1,22920,0.0010000000000047748
33613000,6550,-12140,126856,-4069,-15871,132192,153,19229,405,0,22921,0.0009999999999976694
33614003,10640,7202,129841,19314,6154,118597,153,19232,627,0,22922,0.0010029999999972006
33615000,5972,-10678,128932,5711,-15443,139148,106,19228,434,0,22923,0.0009970000000052437
33616001,-1457,-7556,132707,-18875,-4813,126290,108,19224,442,1,22924,0.0010009999999951447
33617000,-6163,11925,133676,-6353,6098,129154,141,19223,577,1,22925,0.0009990000000001942
33618000,-9069,6400,130669,4364,4228,131524,107,19223,577,1,22926,0.0009999999999976694
33619002,-3569,-119,129629,-14906,-9493,124933,107,19231,438,1,22927,0.0010020000000068308
33620000,857,-11970,127727,-5588,-12992,135480,107,19225,438,0,22928,0.0009979999999956135
33621000,4277,2250,129418,5201,-680,123775,97,19229,397,0,22929,0.0009999999999976694
33622000,-4127,8999,132885,-8877,4762,126941,108,19228,442,0,22930,0.0010000000000047748
33623000,-7783,5061,130195,-19715,1566,131342,129,19225,528,1,22931,0.0009999999999976694
33624000,-9173,1411,131459,-9676,-786,130548,117,19225,528,1,22932,0.0009999999999976694
33625000,-8679,7224,130099,-4856,2642,126974,97,19230,479,1,22933,0.0010000000000047748
33626000,-2488,12784,127946,-15752,11128,121453,97,19228,397,0,22934,0.0009999999999976694
33627000,-2092,-1927,124790,-7057,-5076,127533,139,19223,569,0,22935,0.0009999999999976694
33628002,-211,-5579,127534,-2668,-8623,130554,103,19234,422,0,22936,0.0010019999999997253
33629000,-3015,8659,126931,-10580,4966,123998,107,19221,438,0,22937,0.000998000000002719
33630000,-5654,14410,130106,-6237,11687,124572,137,19221,438,1,22938,0.0009999999999976694
33631000,-6039,7306,127865,-8062,4422,127353,115,19228,561,1,22939,0.0010000000000047748
33632001,-1548,6164,127414,-7677,3615,125578,115,19230,471,1,22940,0.0010009999999951447
33633001,2727,1553,125478,318,-1639,124092,106,19224,434,0,22941,0.0010000000000047748
33634000,1653,3957,124778,561,1936,126130,100,19227,410,0,22942,0.0009990000000001942
33635002,1762,2062,122323,-6426,-1925,127122,113,19228,463,0,22943,0.0010019999999997253
33636000,-1086,8469,127718,-2105,5717,123359,125,19228,512,1,22944,0.0009979999999956135
33637000,-633,8087,126130,-2998,3932,122353,114,19224,512,1,22945,0.0010000000000047748
33638001,-1976,11419,127033,-3520,10130,123199,97,19231,467,1,22946,0.0010009999999951447
33639000,4862,4645,122394,-491,874,124317,97,19232,397,0,22947,0.0009990000000001942
33640000,8298,-1521,124608,5451,-4912,127604,124,19228,508,0,22948,0.0010000000000047748
33641000,7505,-5714,124263,11208,-9199,121835,103,19229,422,0,22949,0.0009999999999976694
33642000,7559,-511,125789,1694,-5683,131259,110,19229,451,0,22950,0.0009999999999976694
33643000,4898,15982,129056,3163,11634,115867,145,19228,451,1,22951,0.0010000000000047748
33644000,5958,13138,129162,3544,11382,129082,111,19228,594,1,22952,0.0009999999999976694
33645000,7246,2064,126810,9553,-92,125518,111,19232,455,1,22953,0.0009999999999976694
33646000,8371,811,124066,3798,-4817,124790,97,19221,397,0,22954,0.0010000000000047748
33647000,7302,-645,127410,820,-9042,131019,121,19233,496,0,22955,0.0009999999999976694
33648000,6985,-8058,125882,16534,-7540,125444,105,19233,430,0,22956,0.0009999999999976694
33649000,4278,-104,130479,-2845,-1939,139635,112,19228,430,1,22957,0.0010000000000047748
33650000,1748,7296,129549,-1529,10518,113417,106,19223,459,1,22958,0.0009999999999976694
33651000,3315,13720,131195,6343,3253,129076,106,19228,434,1,22959,0.0009999999999976694
33652000,2852,5171,130747,-6934,-9460,127401,104,19232,426,1,22960,0.0010000000000047748
33653000,8421,-13389,127508,5094,-13762,132314,124,19225,508,0,22961,0.0009999999999976694
33654000,8055,-10506,131876,21926,-6162,131035,107,19231,438,0,22962,0.0009999999999976694
33655000,-718,450,128823,-10461,-4250,127255,107,19231,438,0,22963,0.0010000000000047748
33656001,4179,3068,131279,-23606,5809,130450,143,19227,438,1,22964,0.0010009999999951447
33657000,-5004,13549,133276,15317,12901,125278,143,19224,586,1,22965,0.0009990000000001942
33658000,-2738,3662,128761,-7537,3118,131653,115,19233,471,1,22966,0.0010000000000047748
33659002,-3737,-8220,128019,-20251,-16294,129689,99,19231,405,0,22967,0.0010019999999997253
33660003,2090,-14514,128639,4671,-13083,134860,125,19231,512,0,22968,0.0010009999999951447
33661000,1704,6667,133330,71,7785,131256,106,19231,512,0,22969,0.0009970000000052437
33662000,-7813,5315,130015,-18182,2663,123502,117,19229,434,0,22970,0.0009999999999976694
33663005,-6180,6391,132466,-15354,2268,133209,117,19222,479,1,22971,0.0010049999999992565
33664001,-7834,309,127313,-6291,-706,131893,121,19227,496,1,22972,0.000996000000000663
33665000,-4196,11719,129550,-8521,13673,120755,109,19230,446,1,22973,0.0009990000000001942
33666000,-2537,4501,130206,-9332,-813,127892,117,19215,479,0,22974,0.0009999999999976694
33667001,-5558,-9168,123860,-8296,-11846,129616,90,19215,479,0,22975,0.00100100000000225
33668000,-154,884,130071,-5865,-1591,129505,104,19232,369,0,22976,0.0009990000000001942
33669000,-6039,2151,125769,-4402,1591,123708,104,19232,426,1,22977,0.0009999999999976694
33670000,-7081,13984,128602,-10918,12587,121219,137,19223,561,1,22978,0.0010000000000047748
33671000,-7718,2814,128394,-16789,-1656,127500,120,19225,491,1,22979,0.0009999999999976694
33672000,745,3642,125733,-1979,683,124794,103,19225,422,1,22980,0.0009999999999976694
33673002,1836,5267,127623,10119,1550,126001,131,19225,422,0,22981,0.0010019999999997253
33674000,-553,-2803,123128,-11132,-5073,123188,109,19231,537,0,22982,0.000998000000002719
33675000,3081,9575,127503,-4471,6906,127269,109,19225,446,0,22983,0.0009999999999976694
33676000,-1956,6833,124694,6068,3809,125833,115,19224,471,1,22984,0.0010000000000047748
33677000,-1583,18372,125787,-7495,16347,119890,144,19226,590,1,22985,0.0009999999999976694
33678000,500,6691,125115,-5883,4043,125138,109,19227,446,1,22986,0.0009999999999976694
33679000,11274,2532,123118,8271,-1821,123516,107,19227,446,0,22987,0.0009999999999976694
33680000,8776,-5801,122882,9181,-10573,124135,87,19224,438,0,22988,0.0010000000000047748
33681003,9726,-6827,126071,-390,-9323,127920,114,19231,356,0,22989,0.0010029999999972006
33682000,2386,-3330,125494,9901,-6997,126458,114,19231,467,0,22990,0.0009969999999981383
33683000,323,4042,128177,704,1034,125874,132,19222,541,1,22991,0.0010000000000047748
33684002,4632,6771,129104,-12298,1818,127232,116,19231,475,1,22992,0.0010019999999997253
33685001,5770,11483,126349,21532,12156,117709,98,19231,401,1,22993,0.0009990000000001942
33686000,12967,3463,123924,-2166,-510,122351,140,19232,401,0,22994,0.0009990000000001942
33687000,7623,-6536,129012,5902,-10016,133688,103,19227,573,0,22995,0.0009999999999976694
33688001,7939,-9938,126481,22362,-17114,131602,103,19229,422,0,22996,0.00100100000000225
33689002,1275,7422,132041,-12381,660,129028,105,19225,430,1,22997,0.0010009999999951447
33690001,-368,9779,131343,-6529,5880,124073,128,19230,524,1,22998,0.0009990000000001942
33691000,3485,10180,130495,10871,10097,125203,112,19230,459,1,22999,0.0009990000000001942
33692000,4376,226,127812,-189,-4420,128241,108,19229,459,1,23000,0.0010000000000047748
33693001,12323,-9499,126722,-3094,-13843,125713,125,19222,442,0,23001,0.0010009999999951447
33694000,8622,4571,131645,18886,-6187,128523,125,19234,512,0,23002,0.0009990000000001942
33695000,-745,-11206,128021,5966,-9300,131735,107,19228,438,0,23003,0.0010000000000047748
33696000,2915,2631,133921,-28949,14614,127913,119,19215,487,1,23004,0.0009999999999976694
33697000,-9379,5630,132818,3872,-2642,130110,109,19227,446,1,23005,0.0009999999999976694
33698002,-2108,-498,129002,-12547,-4346,129381,100,19227,446,1,23006,0.0010019999999997253
33699000,-3342,-5435,130118,-15376,-10900,134472,131,19230,410,0,23007,0.000998000000002719
33700000,-455,-9669,128811,10098,-4683,126213,131,19224,537,0,23008,0.0009999999999976694
33701000,216,7868,130903,-4208,5110,125652,102,19226,418,0,23009,0.0010000000000047748
33702000,-8329,-3730,131358,-18788,-9759,136905,110,19227,451,0,23010,0.0009999999999976694
33703000,-6909,8028,131071,-4715,4730,128199,152,19228,623,1,23011,0.0009999999999976694
33704000,-11045,5785,128744,-10866,5994,126976,114,19228,623,1,23012,0.0010000000000047748
33705000,-2234,11615,130520,-12432,8913,122876,102,19230,467,1,23013,0.0009999999999976694
33706000,-3431,-5389,126543,-1831,-14738,130974,102,19227,418,0,23014,0.0009999999999976694
33707000,-2990,-5706,124859,-5699,-7921,131649,160,19230,655,0,23015,0.0010000000000047748
33708000,-1359,12878,129326,-6957,8551,120103,105,19226,430,0,23016,0.0009999999999976694
33709000,-7981,802,126604,-7469,-200,122375,113,19217,463,1,23017,0.0009999999999976694
33710000,-4669,9689,130758,-14104,4082,129847,110,19217,463,1,23018,0.0010000000000047748
33711000,-7729,-501,125996,-4792,-4178,131829,107,19230,451,1,23019,0.0009999999999976694
33712000,-2315,11058,125159,-1649,12290,116993,107,19230,438,1,23020,0.0009999999999976694
33713000,287,8464,124069,-13986,-756,120122,122,19227,500,0,23021,0.0010000000000047748
33714000,1759,-12924,122976,6480,-14981,132469,100,19228,410,0,23022,0.0009999999999976694
33715000,3095,-4180,126220,-2383,-7483,129569,108,19225,442,0,23023,0.0009999999999976694
33716000,-4089,10781,125737,-7732,9359,121170,141,19225,442,1,23024,0.0010000000000047748
33717000,-3308,26610,129598,-411,23399,118638,113,19223,577,1,23025,0.0009999999999976694
33718000,3998,-1099,123148,-5406,-4961,130991,113,19231,463,1,23026,0.0009999999999976694
33719000,6873,787,123525,11025,-3133,126273,98,19223,401,0,23027,0.0010000000000047748
33720000,5771,7853,122272,3819,3898,117345,112,19231,459,0,23028,0.0009999999999976694
33721000,11678,1558,124647,7537,-1812,120680,115,19225,471,0,23029,0.0009999999999976694
33722001,5923,-5187,127127,11114,-8984,135426,117,19225,471,1,23030,0.00100100000000225
33723000,2878,3550,126376,-9855,1229,123929,120,19222,479,1,23031,0.0009990000000001942
33724000,3107,19445,131338,4174,15571,117240,120,19228,491,1,23032,0.0009999999999976694
33725000,5824,-6760,126803,11890,-9890,134191,103,19231,422,1,23033,0.0010000000000047748
33726003,7661,-6407,124704,1842,-9658,125433,114,19222,467,0,23034,0.0010029999999972006
33727001,9581,-3415,129154,4389,-5462,128670,91,19234,373,0,23035,0.000998000000002719
33728000,8875,-1328,125458,15657,-5128,123700,106,19234,434,0,23036,0.0009990000000001942
33729000,4249,12293,131489,-2251,9421,123628,126,19225,434,1,23037,0.0009999999999976694
33730000,-54,8931,130136,-7366,4904,131168,112,19228,516,1,23038,0.0009999999999976694
33731000,1287,-3482,129367,10634,-6004,127366,112,19229,459,1,23039,0.0010000000000047748
33732001,3206,1182,130300,-2336,-1082,127697,97,19230,397,1,23040,0.0010009999999951447
33733000,6948,-14043,126645,-3495,-14961,127120,155,19232,635,0,23041,0.0009990000000001942
33734000,7914,-7501,129474,14413,-14381,133862,105,19232,430,0,23042,0.0010000000000047748
33735000,1321,5389,128133,905,2697,125392,110,19227,430,0,23043,0.0009999999999976694
33736008,-29,10306,129266,-17919,3747,123091,140,19224,451,1,23044,0.0010079999999987876
33737001,-2996,15955,134540,-3422,15650,129348,140,19230,573,1,23045,0.0009930000000011319
33738000,-2582,-8763,128890,7554,-11193,135940,105,19232,430,1,23046,0.0009990000000001942
33739000,-2636,-5766,130430,-12963,-9704,127969,106,19228,434,0,23047,0.0009999999999976694
33740000,-1437,-7159,128953,-14698,-13654,133753,96,19228,393,0,23048,0.0010000000000047748
33741000,-1547,4782,129720,11531,8970,119020,111,19229,393,0,23049,0.0009999999999976694
33742002,-6401,10896,132602,-15820,6297,127620,130,19232,455,1,23050,0.0010019999999997253
33743000,-9098,-681,130387,-16242,-1534,133002,130,19225,532,1,23051,0.0009979999999956135
33744002,-5859,7955,130973,-7325,1370,122192,113,19232,463,1,23052,0.0010020000000068308
33745000,-6487,5742,130385,-4865,88,127175,99,19227,405,1,23053,0.0009979999999956135
33746000,-4379,-706,128875,-16843,-7841,130426,140,19221,573,0,23054,0.0009999999999976694
33747000,-5750,-12699,124512,-3144,-9186,132171,104,19221,573,0,23055,0.0010000000000047748
33748000,-2376,9572,127462,-8558,12364,121427,105,19230,426,0,23056,0.0009999999999976694
33749000,-1126,13623,126473,-9350,12021,118564,105,19229,430,1,23057,0.0009999999999976694
33750000,-9227,10454,128531,-4897,2526,128406,133,19228,545,1,23058,0.0010000000000047748
33751000,-1620,-4006,124611,-15166,-3245,134011,113,19229,463,1,23059,0.0009999999999976694
33752000,429,6048,126163,2257,5090,122853,107,19224,438,0,23060,0.0009999999999976694
33753000,90,1026,124910,1994,-3903,125721,93,19224,438,0,23061,0.0010000000000047748
33754000,-239,-4210,122282,-6673,-5752,123173,110,19232,381,0,23062,0.0009999999999976694
33755000,-2640,6125,128190,-9017,2714,135205,110,19230,451,0,23063,0.0009999999999976694
33756001,1421,10847,124264,798,11581,112908,121,19222,496,1,23064,0.00100100000000225
33757002,-3250,21689,128704,1844,12730,121191,113,19229,463,1,23065,0.00100100000000225
33758000,3272,-4323,123360,-4740,-6224,131110,97,19225,397,1,23066,0.0009979999999956135
33759000,9295,1650,123352,1826,4501,120230,124,19225,397,0,23067,0.0010000000000047748
33760000,9575,4180,126945,17619,-3448,135183,104,19227,508,0,23068,0.0009999999999976694
33761001,7248,-882,122406,4927,-1148,117014,104,19226,426,0,23069,0.00100100000000225
33762000,4375,-7829,129444,-4477,-11185,135469,113,19227,463,1,23070,0.0009990000000001942
33763000,5083,9387,129485,4256,9566,121833,149,19228,610,1,23071,0.0009999999999976694
33764000,4599,15151,126452,8460,9509,124581,112,19228,459,1,23072,0.0009999999999976694
33765000,4675,3795,126068,4041,2076,125537,98,19228,459,1,23073,0.0010000000000047748
33766000,12074,1957,125467,-5100,-3214,118289,128,19229,401,0,23074,0.0009999999999976694
33767000,12130,-18829,127741,23132,-22273,147857,128,19227,524,0,23075,0.0009999999999976694
33768000,5057,1772,128249,9251,303,118027,111,19230,455,0,23076,0.0010000000000047748
33769000,2287,11361,132439,-21109,6989,133542,113,19222,463,1,23077,0.0009999999999976694
33770000,3694,15963,129884,13446,12208,123329,110,19224,451,1,23078,0.0009999999999976694
33771000,1200,2844,129063,10759,-937,133025,103,19224,422,1,23079,0.0010000000000047748
33772000,6569,-2761,127870,-15081,-6233,124073,124,19230,422,0,23080,0.0009999999999976694
33773000,11092,-6221,129746,9906,-8961,124724,96,19218,508,0,23081,0.0009999999999976694
33774000,7002,-9325,127872,26467,-14084,139408,96,19232,393,0,23082,0.0010000000000047748
33775000,369,2368,131103,-21538,-915,125150,103,19228,422,0,23083,0.0009999999999976694
33776000,-1699,12349,134639,-19139,9920,125492,138,19222,565,1,23084,0.0009999999999976694
33777000,-10467,9040,131404,19736,7245,125133,115,19222,471,1,23085,0.0010000000000047748
33778000,-2028,-8059,128998,-19716,-12095,134960,98,19229,471,1,23086,0.0009999999999976694
33779000,-2347,-10951,127369,-12452,-16274,135833,137,19228,401,0,23087,0.0009999999999976694
33780000,7910,5836,129121,5243,-1498,121956,137,19234,561,0,23088,0.0010000000000047748
33781000,-1230,7823,131485,1601,4818,127396,107,19232,438,0,23089,0.0009999999999976694
33782000,-4925,-6866,128516,-14236,-10242,131843,114,19223,467,1,23090,0.0009999999999976694
33783000,-10894,9508,130080,-21020,4617,133898,130,19223,532,1,23091,0.0010000000000047748
33784002,-12254,9891,128976,-7686,5087,119161,108,19228,532,1,23092,0.0010019999999997253
33785000,-43,13459,129757,-10191,10993,123756,114,19230,442,1,23093,0.0009979999999956135
33786000,-5326,-11441,125410,-5499,-13569,136890,114,19220,467,0,23094,0.0010000000000047748
33787000,-12,-9705,125435,-4637,-3815,126634,105,19234,430,0,23095,0.0009999999999976694
33788000,-1373,5506,128863,-8479,3611,125209,103,19228,422,0,23096,0.0009999999999976694
33789001,-6811,14866,128548,-6006,16443,119560,133,19225,545,1,23097,0.00100100000000225
33790000,-6456,10426,129295,-15593,3360,131467,120,19225,545,1,23098,0.0009990000000001942
33791000,-8513,-6642,125652,-7309,-11722,131025,103,19229,491,1,23099,0.0009999999999976694
33792000,2005,2200,125726,-6497,-462,120362,103,19229,422,0,23100,0.0010000000000047748
33793000,-534,7324,128196,6853,3476,125158,133,19230,545,0,23101,0.0009999999999976694
33794000,985,1654,124353,962,-2408,124672,106,19225,434,0,23102,0.0009999999999976694
33795000,-356,-1638,125353,-12738,2442,132695,110,19224,451,0,23103,0.0010000000000047748
33796000,-3771,7270,125118,2870,9014,120530,150,19224,451,1,23104,0.0009999999999976694
33797001,71,16272,125186,-543,8374,120200,107,19228,614,1,23105,0.00100100000000225
33798000,3443,3783,124674,-6269,-2039,127917,107,19231,438,1,23106,0.0009990000000001942
33799000,9046,-2912,124382,12505,-9242,125186,105,19221,430,0,23107,0.0009999999999976694
33800000,8771,-2584,123840,8181,-4371,125942,97,19231,397,0,23108,0.0009999999999976694
33801000,4837,66,125356,-1817,-4992,126168,118,19228,483,0,23109,0.0010000000000047748
33802000,6162,13023,126110,10425,12014,122182,133,19228,483,1,23110,0.0009999999999976694
33803000,2192,10344,128099,-3244,8828,122042,116,19227,545,1,23111,0.0009999999999976694
33804000,9061,2694,128223,9604,2034,133695,116,19231,475,1,23112,0.0009999999999976694
33805000,7088,-6403,122566,12719,-5615,125072,99,19229,405,1,23113,0.0010000000000047748
33806000,10283,-3421,125930,-2887,-3598,125894,140,19232,573,0,23114,0.0009999999999976694
33807002,12474,-3529,127214,12778,-10683,130340,99,19232,405,0,23115,0.0010019999999997253
33808000,2854,-4181,128130,6532,-6096,127686,103,19232,405,0,23116,0.000998000000002719
33809000,3701,7191,131909,-8389,3354,129226,129,19227,422,1,23117,0.0009999999999976694
33810000,189,5813,129203,5288,1245,126086,129,19229,528,1,23118,0.0009999999999976694
33811000,4404,8045,130023,6901,3372,128554,112,19229,459,1,23119,0.0010000000000047748
33812000,5779,-3426,128248,-6498,-6603,128878,105,19220,430,0,23120,0.0009999999999976694
33813001,6445,-9227,128768,9420,-12832,131450,120,19230,491,0,23121,0.00100100000000225
33814000,6539,8348,127889,14806,5762,121564,103,19230,491,0,23122,0.0009990000000001942
33815000,-2887,-3158,131432,-19951,-4394,131929,117,19232,422,0,23123,0.0009999999999976694
33816000,1482,1060,131975,-6383,-3229,134444,117,19216,479,1,23124,0.0009999999999976694
33817000,-8397,8478,131631,6913,4970,124902,112,19228,459,1,23125,0.0010000000000047748
33818000,-997,1391,130218,-16225,-1980,128827,100,19229,410,1,23126,0.0009999999999976694
33819000,-4,-6654,129687,-9644,-10019,131472,127,19229,520,0,23127,0.0009999999999976694
33820000,2096,-4790,128415,8895,-9858,134556,100,19229,410,0,23128,0.0010000000000047748
33821000,-6119,14084,131536,-8555,10794,120443,107,19229,410,0,23129,0.0009999999999976694
33822000,-7139,1977,131272,-20949,-80,126135,146,19225,438,1,23130,0.0009999999999976694
33823000,-5561,4356,131189,-4116,2555,131155,146,19229,598,1,23131,0.0010000000000047748
33824000,-10488,1339,128727,-8918,-1435,130403,117,19232,479,1,23132,0.0009999999999976694
33825000,-2908,2635,130321,-11846,240,124831,102,19222,418,1,23133,0.0009999999999976694
33826002,-7839,6922,127634,-8440,7621,117677,144,19222,590,0,23134,0.0010019999999997253
33827000,-1449,-6279,126133,-6316,-8855,135047,110,19230,590,0,23135,0.000998000000002719
33828001,-4081,-4370,126133,-6147,-9719,129309,117,19229,451,0,23136,0.00100100000000225
33829002,-6291,21347,129810,-12004,17092,114210,117,19218,479,1,23137,0.0010009999999951447
33830000,-4224,12308,128436,-8876,12144,130261,111,19226,455,1,23138,0.000998000000002719
33831000,-4438,-3733,124731,-422,-7932,127719,107,19230,438,1,23139,0.0009999999999976694
33832000,1591,5952,127746,-10426,8068,122768,123,19230,504,0,23140,0.0010000000000047748
33833000,-728,1783,123200,233,-596,121373,99,19229,504,0,23141,0.0009999999999976694
33834000,2907,3399,127088,2306,-5404,128849,105,19226,405,0,23142,0.0009999999999976694
33835000,-138,-762,125163,-6993,1369,125511,105,19231,430,1,23143,0.0010000000000047748
33836000,-1821,12860,126777,-12,11203,121248,143,19223,586,1,23144,0.0009999999999976694
33837001,-595,6382,126355,212,3298,126043,112,19230,459,1,23145,0.00100100000000225
33838000,5378,12141,125514,-2913,3527,118500,95,19224,389,1,23146,0.0009990000000001942
33839000,9614,-1020,122780,4923,-9538,130237,110,19224,389,0,23147,0.0009999999999976694
33840000,6483,-5096,125261,8377,-5765,124145,112,19235,451,0,23148,0.0009999999999976694
33841000,7779,-2234,125599,1737,-12451,123944,112,19229,459,0,23149,0.0010000000000047748
33842000,3044,460,127015,1802,3958,127356,116,19219,475,1,23150,0.0009999999999976694
33843000,4063,13945,129666,758,10173,121041,113,19228,463,1,23151,0.0009999999999976694
33844011,4631,2085,125195,6956,-5922,131095,104,19230,426,1,23152,0.0010110000000054242
33845000,9739,2625,124567,3653,423,121045,114,19230,426,0,23153,0.00098899999999702
33846000,10127,2746,128509,6727,-3163,129254,93,19223,467,0,23154,0.0009999999999976694
33847001,9580,-8662,125573,16188,-8981,129399,93,19231,381,0,23155,0.00100100000000225
33848002,4481,-4120,127272,-6311,-6394,129051,105,19228,430,0,23156,0.00100100000000225
33849000,226,10243,130354,-6590,12064,131959,130,19222,532,1,23157,0.0009979999999956135
33850001,2040,5209,127375,9879,2937,115498,113,19231,463,1,23158,0.00100100000000225
33851000,2543,3521,131255,-238,-4144,130571,98,19231,463,1,23159,0.0009990000000001942
33852000,10675,-9122,126004,-5721,-14693,133212,157,19228,401,0,23160,0.0009999999999976694
33853000,9571,-9321,130858,25235,-8802,124384,157,19235,643,0,23161,0.0010000000000047748
33854000,1794,-4842,128949,-548,-9697,135704,106,19228,434,0,23162,0.0009999999999976694
33855000,-1477,4688,132463,-22116,2771,122387,109,19227,446,1,23163,0.0009999999999976694
33856000,-6025,7389,134181,-749,3868,133713,133,19229,545,1,23164,0.0010000000000047748
33857000,-6514,2332,131040,4307,-1535,128748,103,19229,545,1,23165,0.0009999999999976694
33858000,-2579,-4410,128121,-19110,-8686,130403,107,19230,422,1,23166,0.0009999999999976694
33859000,-2247,462,129930,-6529,-623,125352,107,19219,438,0,23167,0.0010000000000047748
33860000,4140,1801,127134,6367,-1444,128429,98,19230,401,0,23168,0.0009999999999976694
33861000,-4530,2326,132777,-17412,-1090,140063,115,19228,471,0,23169,0.0009999999999976694
33862000,-5856,1764,128534,-12129,-132,122909,132,19220,541,1,23170,0.0010000000000047748
33863000,-6256,6931,131837,-7829,4672,131383,115,19220,471,1,23171,0.0009999999999976694
33864000,-5862,9369,128924,-9804,6015,125720,99,19231,471,1,23172,0.0009999999999976694
33865001,-621,3999,127691,-3595,973,130163,141,19232,405,0,23173,0.00100100000000225
33866000,-3873,-3956,125389,-9538,-6121,126914,141,19226,577,0,23174,0.0009990000000001942
33867000,-1575,7083,128888,-4897,3403,122044,105,19229,430,0,23175,0.0009999999999976694
33868000,-3801,3864,127454,-8694,-763,131451,105,19226,430,0,23176,0.0009999999999976694
33869000,-6707,5424,127693,-10379,1613,121356,138,19226,565,1,23177,0.0010000000000047748
33870002,-6978,4920,129095,-10045,2879,132495,110,19230,565,1,23178,0.0010019999999997253
33871000,-2197,5121,124757,-2785,941,119732,106,19232,451,1,23179,0.0009979999999956135
33872000,1343,1072,126072,-1597,-618,121905,106,19222,434,0,23180,0.0010000000000047748
33873000,4645,-3981,124375,-2415,-6671,134168,83,19231,340,0,23181,0.0009999999999976694
33874000,3609,4655,124750,611,1851,118814,107,19227,438,0,23182,0.0009999999999976694
33875001,-2733,6974,128705,-718,3590,128933,124,19227,508,1,23183,0.00100100000000225
33876000,-5817,9109,125730,-12640,7114,124305,112,19219,508,1,23184,0.0009990000000001942
33877000,2296,15484,125216,-4212,7465,130529,97,19229,459,1,23185,0.0009999999999976694
33878000,743,6491,121217,14102,1450,117658,97,19233,397,0,23186,0.0010000000000047748
33879000,11650,231,122085,-1456,-3996,122399,127,19231,520,0,23187,0.0009999999999976694
33880001,12027,-670,125744,2800,-3786,127085,110,19225,451,0,23188,0.00100100000000225
33881000,8583,-306,127224,14372,-5483,128226,113,19225,463,0,23189,0.0009990000000001942
33882008,5461,1970,128528,-1450,2592,124817,145,19225,463,1,23190,0.0010079999999987876
33883000,-2022,7180,128836,-281,-990,125246,110,19229,594,1,23191,0.0009919999999965512
33884000,7493,-4329,124308,5115,-5120,139935,110,19231,451,1,23192,0.0010000000000047748
33885000,7841,6123,127017,6384,5549,112547,99,19224,405,0,23193,0.0009999999999976694
33886000,12463,11143,128017,12815,-2325,125796,120,19230,491,0,23194,0.0009999999999976694
33887000,6857,-3823,126865,14857,-7235,129683,107,19230,438,0,23195,0.0010000000000047748
33888000,5484,-11670,129466,-7604,-16402,134314,115,19230,438,1,23196,0.0009999999999976694
33889000,919,5359,129580,4903,8023,125249,106,19220,471,1,23197,0.0009999999999976694
33890000,437,24193,133382,-3098,17166,122403,106,19231,434,1,23198,0.0010000000000047748
33891000,4555,-2314,130053,2237,-8278,134577,101,19225,414,1,23199,0.0009999999999976694
33892000,4746,-10389,127428,4296,-14638,128145,126,19222,516,0,23200,0.0009999999999976694
33893000,10445,-20907,126506,9971,-23776,136090,99,19231,405,0,23201,0.0010000000000047748
33894000,3250,4628,130992,3126,5678,121920,105,19231,405,0,23202,0.0009999999999976694
33895000,5170,16019,131714,-18870,8540,128922,142,19225,430,1,23203,0.0009999999999976694
33896000,-5315,18653,133077,8930,16547,131034,142,19225,582,1,23204,0.0010000000000047748
33897000,-7890,658,128338,-8850,-3610,120070,110,19234,451,1,23205,0.0009999999999976694
33898000,-962,-16143,130055,-11695,-21124,142928,99,19228,405,0,23206,0.0009999999999976694
33899000,-1067,-10208,128666,1851,-10678,130916,131,19231,537,0,23207,0.0010000000000047748
33900000,-1372,809,132568,-4023,-220,126614,108,19231,537,0,23208,0.0009999999999976694
33901000,-4405,8789,131188,-14492,3688,125499,114,19224,442,0,23209,0.0009999999999976694
33902000,-9513,6898,131644,-12333,4144,125197,114,19221,467,1,23210,0.0010000000000047748
33903000,-7247,-3017,129615,-8847,-3730,139597,122,19228,500,1,23211,0.0009999999999976694
33904000,-8278,15056,131631,-7086,11194,118484,106,19230,434,1,23212,0.0009999999999976694
33905000,-2342,6899,127919,-10022,2059,133082,117,19218,479,0,23213,0.0010000000000047748
33906000,-2649,-5422,126117,-6164,-7338,126369,93,19218,381,0,23214,0.0009999999999976694
33907001,-1019,-3516,127498,-254,-7495,131437,101,19227,381,0,23215,0.00100100000000225
33908000,-863,14766,126380,-5507,12599,121533,132,19228,414,1,23216,0.0009990000000001942
33909002,-9427,17656,128270,-14275,14581,116209,132,19231,541,1,23217,0.0010019999999997253
33910000,-1153,1609,129258,-9852,-1664,137229,118,19229,483,1,23218,0.0009979999999956135
33911000,-2329,3415,124912,1729,565,122528,105,19229,430,1,23219,0.0010000000000047748
33912000,-139,-6353,124799,-4018,-9607,128039,129,19229,528,0,23220,0.0009999999999976694
33913000,1701,-4543,122798,-3294,-8813,122143,116,19230,528,0,23221,0.0009999999999976694
33914000,2526,2087,124609,-3331,-1270,128254,114,19227,475,0,23222,0.0010000000000047748
33915000,-1083,15196,126906,-1644,11922,124284,114,19225,467,1,23223,0.0009999999999976694
33916000,-6047,12810,126403,-6195,11664,114467,144,19229,590,1,23224,0.0009999999999976694
33917002,3898,4688,124784,-4100,1327,129806,108,19230,442,1,23225,0.0010019999999997253
33918000,6213,1777,125359,4796,-1143,124730,109,19230,446,0,23226,0.000998000000002719
33919000,7939,-8780,125625,10029,-12288,128001,91,19229,446,0,23227,0.0009999999999976694
33920000,8218,6383,127011,3411,5602,118711,108,19228,373,0,23228,0.0010000000000047748
33921000,1772,-7358,124058,2520,-13533,129575,108,19227,442,0,23229,0.0009999999999976694
33922000,1938,1468,125426,10313,-6786,128624,127,19223,520,1,23230,0.0009999999999976694
33923000,2840,20891,127938,-8528,17920,115953,113,19233,463,1,23231,0.0010000000000047748
33924000,8959,10474,126832,8035,9745,125811,97,19231,397,1,23232,0.0009999999999976694
33925000,10597,-3580,124528,9835,-6504,126432,143,19231,397,0,23233,0.0009999999999976694
33926000,12839,-12718,128856,2157,-13655,136893,100,19229,586,0,23234,0.0010000000000047748
33927000,5584,-11670,127033,17512,-17098,127690,100,19233,410,0,23235,0.0009999999999976694
33928000,1078,6284,130976,574,1152,128468,103,19230,422,1,23236,0.0009999999999976694
33929000,-403,14331,132205,-12277,10138,123394,125,19225,512,1,23237,0.0009999999999976694
33930000,-1149,7503,129161,6903,1987,133159,111,19228,455,1,23238,0.0010000000000047748
33931000,5698,-8746,126995,2163,-684,126840,107,19228,455,1,23239,0.0009999999999976694
33932000,10312,-1015,128612,8794,-7460,122525,115,19222,438,0,23240,0.0009999999999976694
33933000,8846,-7046,128416,13466,-13946,138079,115,19234,471,0,23241,0.0010000000000047748
33934000,1996,-9643,130034,-13961,-5239,129454,103,19229,422,0,23242,0.0009999999999976694
33935000,-339,10152,134315,-10402,4996,127624,117,19219,479,1,23243,0.0009999999999976694
33936006,-7312,3175,131119,3628,1853,126403,114,19230,467,1,23244,0.0010060000000038372
33937003,-7398,6919,131513,-13029,378,124051,98,19230,467,1,23245,0.0009969999999981383
33938000,1982,-12165,129002,-13267,-20004,142162,132,19235,401,0,23246,0.0009969999999981383
33939000,-1769,1371,128737,9422,1710,120588,132,19230,541,0,23247,0.0010000000000047748
33940000,401,5451,129882,-7187,2296,128342,104,19229,426,0,23248,0.0009999999999976694
33941000,-6432,316,131181,-16070,-1312,131183,111,19227,455,1,23249,0.0009999999999976694
33942000,-8629,2892,130343,-9127,1900,130542,145,19227,594,1,23250,0.0010000000000047748
33943000,-10245,11738,129471,-14443,12792,127481,115,19227,594,1,23251,0.0009999999999976694
33944000,-2312,10847,129660,-9102,5944,118099,103,19229,471,1,23252,0.0009999999999976694
33945000,-2332,-9230,126419,-2145,-17490,138563,103,19227,422,0,23253,0.0010000000000047748
33946000,-983,-6365,126274,-7541,-7253,128722,138,19234,565,0,23254,0.0009999999999976694
33947000,-870,2429,128647,-8491,-19,123696,106,19231,434,0,23255,0.0009999999999976694
33948000,-7327,7397,126862,-3891,5910,122842,120,19220,491,1,23256,0.0010000000000047748
33949000,-8549,20164,127489,-19412,13860,120641,112,19220,491,1,23257,0.0009999999999976694
33950000,-7953,-473,125779,-5243,-2454,135019,106,19224,459,1,23258,0.0009999999999976694
33951000,-549,10122,126676,-946,7936,114515,106,19227,434,0,23259,0.0010000000000047748
33952000,1408,2484,124849,-6662,-799,127804,128,19226,524,0,23260,0.0009999999999976694
33953000,2710,-348,123946,4492,-4203,124283,101,19232,414,0,23261,0.0009999999999976694
33954006,1192,-4500,125200,-6415,-8292,132590,108,19225,442,0,23262,0.0010060000000038372
33955001,-2480,14708,127769,-18040,13272,121566,145,19225,594,1,23263,0.0009949999999960824
33956000,1404,13950,126788,14568,11378,117945,112,19226,594,1,23264,0.0009990000000001942
33957000,525,-6536,121994,2419,-10692,133806,98,19231,459,1,23265,0.0010000000000047748
33958002,8532,10886,125651,-11394,7955,115491,98,19226,401,0,23266,0.0010019999999997253
33959000,11421,5209,123787,15067,1325,127072,108,19229,442,0,23267,0.0009979999999956135
33960000,6506,3431,128230,17818,849,120738,114,19227,467,0,23268,0.0010000000000047748
33961000,4234,-5503,125227,-6149,-11378,131255,117,19227,479,1,23269,0.0009999999999976694
33962000,-96,-2131,127062,43,-4919,132756,109,19221,479,1,23270,0.0009999999999976694
33963000,4394,15278,128256,8035,9889,119357,103,19228,446,1,23271,0.0010000000000047748
33964000,9261,9427,127785,2028,8480,128628,103,19228,422,1,23272,0.0009999999999976694
33965000,11019,1391,125872,4375,-1693,118224,114,19227,467,0,23273,0.0009999999999976694
33966000,11277,-18588,126287,15544,-19658,134516,95,19229,389,0,23274,0.0010000000000047748
33967000,5231,-5607,127936,5104,-7317,131904,105,19229,430,0,23275,0.0009999999999976694
33968000,4355,9841,129199,-3998,4667,122020,134,19228,430,1,23276,0.0009999999999976694
33969000,-1344,15157,131957,2221,7627,129556,114,19225,549,1,23277,0.0010000000000047748
33970000,2241,6650,128497,1284,6068,126388,114,19228,467,1,23278,0.0009999999999976694
33971000,6625,-1418,127382,-440,-6484,133589,99,19224,405,0,23279,0.0009999999999976694
33972000,8928,-10770,128715,4544,-13287,128456,151,19231,618,0,23280,0.0010000000000047748
33973000,9238,-4037,128735,14878,-14031,129148,116,19231,475,0,23281,0.0009999999999976694
33974000,-1204,1840,128657,2082,-963,129202,115,19231,475,0,23282,0.0009999999999976694
33975000,1292,3368,130866,-26161,7453,127154,137,19223,471,1,23283,0.0010000000000047748
33976000,-6091,14618,134052,-508,4379,123612,137,19228,561,1,23284,0.0009999999999976694
33977000,-2269,-805,129041,8836,-9763,130535,106,19231,434,1,23285,0.0009999999999976694
33978000,-3714,-11846,128910,-18727,-17036,142099,110,19226,451,0,23286,0.0010000000000047748
33979001,4960,-5992,130212,11662,-6141,120753,85,19232,348,0,23287,0.0010009999999951447
33980000,-2258,9352,130013,972,6013,125846,112,19232,348,0,23288,0.0009990000000001942
33981000,-7815,8619,133557,-28158,2468,127967,137,19227,459,1,23289,0.0010000000000047748
33982000,-11993,1364,130792,-10461,-4095,134298,137,19224,561,1,23290,0.0009999999999976694
33983000,-3795,1480,127862,-1737,256,130692,117,19228,479,1,23291,0.0009999999999976694
33984000,-7010,18226,130783,-7259,16152,114409,99,19226,405,1,23292,0.0010000000000047748
33985000,-2019,-1851,127414,-17248,-8936,136185,145,19231,594,0,23293,0.0009999999999976694
33986001,-233,-13338,123531,55,-11928,129926,102,19231,594,0,23294,0.00100100000000225
33987000,-3017,7016,129258,-6660,6128,128352,109,19230,418,0,23295,0.0009990000000001942
33988000,-3095,13182,126495,-11326,11557,115869,109,19224,446,1,23296,0.0009999999999976694
33989000,-9242,14266,129204,-8904,6818,126661,137,19227,561,1,23297,0.0009999999999976694
33990000,342,-2495,126465,-10037,-6772,141961,114,19228,467,1,23298,0.0010000000000047748
33991000,-1504,9429,124540,6178,7480,112411,108,19228,442,0,23299,0.0009999999999976694
33992000,697,2931,126396,-6967,-2556,128479,84,19228,442,0,23300,0.0009999999999976694
33993000,374,-177,123857,-2326,-2434,123820,110,19230,344,0,23301,0.0009999999999976694
33994001,-194,-2006,125500,-2915,-1288,132736,110,19226,451,0,23302,0.00100100000000225
33995004,-418,12402,127188,-2077,9686,123372,127,19217,520,1,23303,0.001003000000004306
33996000,-6432,15299,124740,127,10847,117354,115,19229,471,1,23304,0.0009959999999935576
33997001,10553,799,124574,-6979,-964,128536,98,19231,401,1,23305,0.00100100000000225
33998000,7237,3534,124659,15866,-2475,122069,133,19231,545,0,23306,0.0009990000000001942
33999000,14405,-5687,123165,10027,-10769,130698,108,19231,545,0,23307,0.0009999999999976694
34000000,4316,-3012,125748,1554,-6012,121061,112,19229,442,0,23308,0.0010000000000047748
34001001,1803,-611,128584,1076,-5081,130231,112,19224,459,1,23309,0.0010009999999951447
34002000,5113,12312,128648,6668,10706,128464,146,19231,598,1,23310,0.0009990000000001942
34003000,-1203,18208,126965,1391,16090,117757,113,19230,463,1,23311,0.0010000000000047748
34004000,11552,191,126241,1287,-3994,131282,103,19230,422,1,23312,0.0009999999999976694
34005000,10511,5513,128074,9687,2341,121406,125,19221,422,0,23313,0.0009999999999976694
34006000,13048,-17060,125058,15969,-21902,141399,103,19228,512,0,23314,0.0010000000000047748
34007000,3279,-472,130298,1960,-3697,122370,103,19225,422,0,23315,0.0009999999999976694
34008000,3622,6558,129901,-11724,1430,132435,113,19219,463,1,23316,0.0009999999999976694
34009000,1859,15899,131391,12943,12227,127109,109,19228,446,1,23317,0.0010000000000047748
34010000,-2485,2348,128171,-1088,1479,120871,105,19228,430,1,23318,0.0009999999999976694
34011000,12197,-9960,127536,-9456,-13239,137894,128,19230,430,0,23319,0.0009999999999976694
34012000,8871,1901,129552,21470,-2711,120790,110,19219,524,0,23320,0.0010000000000047748
34013000,6518,-15456,130004,8906,-18951,141000,110,19231,451,0,23321,0.0009999999999976694
34014000,978,16431,134006,-16740,13713,116215,107,19228,438,0,23322,0.0009999999999976694
34015000,-5501,4225,131117,-8819,2039,128883,143,19224,586,1,23323,0.0010000000000047748
34016000,-6761,-4448,129433,11780,-9357,138588,115,19231,471,1,23324,0.0009999999999976694
34017000,-3098,-3536,130176,-20140,-8989,131456,101,19231,471,1,23325,0.0009999999999976694
34018000,1134,-337,128528,-9907,-5367,126094,120,19226,414,0,23326,0.0010000000000047748
34019001,6174,8865,129488,5121,4133,124760,120,19234,491,0,23327,0.0010009999999951447
34020000,-3212,-7498,129957,-1135,-9076,137940,107,19230,438,0,23328,0.0009990000000001942
34021000,-6038,2084,129546,-13635,2587,123994,114,19222,467,1,23329,0.0010000000000047748
34022000,-12549,4899,130600,-17089,3107,136747,114,19230,467,1,23330,0.0009999999999976694
34023000,-6760,13235,131282,-5697,12000,118972,107,19230,467,1,23331,0.0009999999999976694
34024002,-3474,2154,128085,-13841,-5718,130947,120,19232,438,1,23332,0.0010019999999997253
34025000,-4788,-12122,127097,-5127,-5438,129522,120,19220,491,0,23333,0.000998000000002719
34026000,363,2603,126618,-11610,-4099,123621,90,19231,369,0,23334,0.0009999999999976694
34027000,-3323,506,127412,-11125,-37,131839,102,19227,418,0,23335,0.0010000000000047748
34028002,-8992,13280,130072,-6604,10557,117870,133,19227,545,1,23336,0.0010019999999997253
34029000,-7552,764,127384,-15447,-8942,133958,116,19227,545,1,23337,0.0009979999999956135
34030000,-6259,6410,128263,-113,1069,121158,105,19228,475,1,23338,0.0010000000000047748
34031002,-717,2550,124345,-2883,-1941,127188,105,19230,430,0,23339,0.0010019999999997253
34032001,1498,3163,125403,-3079,2427,121351,127,19232,520,0,23340,0.0009990000000001942
34033005,1838,11192,125868,-733,5963,119924,108,19233,442,0,23341,0.0010039999999946758
34034000,-200,-242,124405,-1291,-1466,132216,111,19221,455,0,23342,0.0009950000000031878
34035000,-3657,10234,126978,-4468,8681,120612,136,19221,455,1,23343,0.0009999999999976694
34036000,-418,4038,124556,-5191,2237,129122,105,19230,557,1,23344,0.0010000000000047748
34037001,7622,13109,124248,6133,15033,117303,105,19232,430,1,23345,0.0010009999999951447
34038000,9988,2336,124031,6471,-2753,125273,108,19224,442,0,23346,0.0009990000000001942
34039001,11191,-13756,122360,1797,-17761,129421,92,19228,377,0,23347,0.00100100000000225
34040000,4378,-588,126017,9670,-4551,126240,112,19229,459,0,23348,0.0009990000000001942
34041000,2857,1939,127637,-3923,521,124216,129,19229,459,1,23349,0.0009999999999976694
34042000,2476,17939,129835,622,17153,114768,115,19224,528,1,23350,0.0010000000000047748
34043000,5817,108,125726,10668,-6498,134691,115,19231,471,1,23351,0.0009999999999976694
34044001,8740,-3877,124082,4440,-6144,123383,97,19226,397,0,23352,0.00100100000000225
34045000,8099,7297,129298,2495,4559,119489,146,19228,598,0,23353,0.0009990000000001942
34046001,8596,-8238,126389,12288,-11932,135478,105,19231,430,0,23354,0.0010009999999951447
34047000,3528,-2261,129577,1935,-4879,128418,106,19231,434,0,23355,0.0009990000000001942
34048000,2595,1626,128849,-5206,-2399,131762,125,19224,434,1,23356,0.0010000000000047748
34049000,226,15252,127947,639,13179,119677,108,19229,512,1,23357,0.0009999999999976694
34050002,7965,6986,127044,5244,2707,128308,108,19232,442,1,23358,0.0010019999999997253
34051003,9660,-7539,127873,2077,-11179,134912,107,19220,438,0,23359,0.00100100000000225
34052000,9381,-5593,128157,6942,-9155,124821,119,19231,487,0,23360,0.0009969999999981383
34053000,4105,-449,131244,11772,-3575,132208,107,19231,438,0,23361,0.0009999999999976694
34054000,-1104,2741,131465,-17450,-473,125957,120,19226,438,1,23362,0.0009999999999976694
34055000,-3548,5000,133439,-9506,2394,133370,111,19218,491,1,23363,0.0010000000000047748
34056002,-7689,1925,131543,5117,-1674,129784,111,19233,455,1,23364,0.0010019999999997253
34057000,-1823,1838,129758,-14787,-1847,119716,97,19230,397,1,23365,0.0009979999999956135
34058000,-1570,-8191,128827,-11504,-11809,137485,133,19228,545,0,23366,0.0010000000000047748
34059000,1865,-1674,129089,9448,-5108,125918,108,19231,442,0,23367,0.0009999999999976694
34060000,-6861,711,131919,-9706,-476,126466,111,19231,442,0,23368,0.0009999999999976694
34061001,-7876,8867,133080,-24487,7759,126831,143,19224,455,1,23369,0.00100100000000225
34062000,-6809,4243,128773,-2785,-521,127296,143,19227,586,1,23370,0.0009990000000001942
34063000,-8111,782,130101,-5265,-1313,135004,113,19228,463,1,23371,0.0009999999999976694
34064000,-1365,9570,128361,-14801,7106,120267,104,19221,426,0,23372,0.0010000000000047748
34065000,-3615,-5001,125497,-4528,-7615,136705,139,19236,569,0,23373,0.0009999999999976694
34066000,-591,3321,128442,-4503,-5655,122308,104,19236,569,0,23374,0.0009999999999976694
34067000,-3642,-1623,123874,-7566,-6425,128509,116,19227,426,0,23375,0.0010000000000047748
34068002,-5159,16471,129852,-11995,18071,116663,116,19221,475,1,23376,0.0010019999999997253
34069000,-6818,6816,127136,-7567,-2701,132455,110,19228,451,1,23377,0.0009979999999956135
34070000,-3176,5152,125151,-4751,4456,120841,107,19231,438,1,23378,0.0010000000000047748
34071000,460,6902,126395,-9480,-2449,125663,125,19228,512,0,23379,0.0009999999999976694
34072000,706,-6188,124520,6066,-8681,130226,102,19228,512,0,23380,0.0009999999999976694
34073001,7047,-2964,125972,-7040,-2868,122145,109,19228,418,0,23381,0.00100100000000225
34074000,-3197,708,126925,5324,-2706,129160,109,19227,446,1,23382,0.0009990000000001942
34075000,-4190,25216,129111,-9587,19534,117309,149,19225,610,1,23383,0.0009999999999976694
34076000,-222,7592,125124,-4320,-1455,127530,113,19228,463,1,23384,0.0010000000000047748
34077000,6647,7723,126068,8723,5165,124912,95,19224,389,0,23385,0.0009999999999976694
34078000,11304,2211,122243,2193,-1163,119048,100,19224,389,0,23386,0.0009999999999976694
34079000,5131,-2417,124861,10435,-6529,127139,113,19228,410,0,23387,0.0010000000000047748
34080000,8684,-6385,125538,1312,-11678,132274,113,19225,463,0,23388,0.0009999999999976694
34081000,2976,696,126357,1569,5234,125361,119,19219,487,1,23389,0.0009999999999976694
34082000,5128,18857,131284,4238,15174,119241,112,19230,459,1,23390,0.0010000000000047748
34083000,5254,152,123706,6082,-7401,128228,103,19234,422,1,23391,0.0009999999999976694
34084000,11669,625,127604,161,-7566,128295,114,19234,422,0,23392,0.0009999999999976694
34085000,11583,-2827,126312,13149,-7926,125674,102,19226,467,0,23393,0.0010000000000047748
34086002,5593,-4257,127314,15370,-6594,123931,102,19227,418,0,23394,0.0010019999999997253
34087001,4053,-1171,129936,-12336,-4725,131951,109,19229,446,1,23395,0.0009990000000001942
34088002,-456,439,129295,922,-3979,132658,133,19225,545,1,23396,0.0010009999999951447
34089000,165,10722,131601,10176,8310,126859,116,19228,475,1,23397,0.000998000000002719
34090000,2576,10173,129774,-11065,5534,118976,100,19228,410,1,23398,0.0009999999999976694
34091004,12759,-13587,126057,5586,-18308,133152,151,19226,410,0,23399,0.0010040000000017812
34092000,9220,-8877,129814,27504,-11237,132236,104,19231,618,0,23400,0.000996000000000663
34093000,2489,-3358,127531,-13927,-8010,133775,104,19231,426,0,23401,0.0009999999999976694
34094000,-457,16257,135092,-15863,15445,119922,109,19223,446,1,23402,0.0010000000000047748
34095002,-4499,4352,132667,3451,165,130289,134,19229,549,1,23403,0.0010019999999997253
34096000,-5402,-1923,132787,584,-5203,144124,105,19229,430,1,23404,0.0009979999999956135
34097000,-2072,-6425,124905,-19722,-10135,124106,113,19231,430,0,23405,0.0010000000000047748
34098000,804,5772,131467,-904,2434,128226,87,19217,463,0,23406,0.0009999999999976694
34099000,3499,4933,127596,4894,1374,124693,87,19228,356,0,23407,0.0009999999999976694
34100000,-3489,-2570,130779,-15818,-7245,133550,110,19229,451,0,23408,0.0010000000000047748
34101000,-9117,-3985,131381,-12338,-6615,133987,133,19225,545,1,23409,0.0009999999999976694
34102000,-7592,13444,131390,-8823,9613,127318,116,19225,475,1,23410,0.0009999999999976694
34103000,-6029,9025,129697,-10515,7098,126875,99,19228,475,1,23411,0.0010000000000047748
34104000,-1374,-3830,127770,-5927,-6932,129260,149,19225,405,0,23412,0.0009999999999976694
34105000,-2430,-1449,125268,-6579,-5189,127519,149,19224,610,0,23413,0.0009999999999976694
34106000,-3854,3039,128409,-5472,324,126265,112,19229,459,0,23414,0.0010000000000047748
34107000,-6034,8157,129501,-14814,3713,122893,113,19226,463,1,23415,0.0009999999999976694
34108000,-4429,13402,131519,-5687,12466,128483,138,19228,565,1,23416,0.0009999999999976694
34109000,-10032,1464,125464,-6551,-563,126990,113,19228,565,1,23417,0.0010000000000047748
34110000,-2518,7329,127525,-10575,724,126965,110,19232,463,1,23418,0.0009999999999976694
34111000,2195,781,122961,2130,-3092,122754,110,19220,451,0,23419,0.0009999999999976694
34112000,5048,2484,124299,-123,-1732,126836,84,19231,344,0,23420,0.0010000000000047748
34113000,2833,-167,125189,-5880,-5817,126036,107,19232,438,0,23421,0.0009999999999976694
34114000,-1569,8216,126163,769,5824,122907,124,19223,508,1,23422,0.0009999999999976694
34115000,-3453,7918,126243,-5428,3300,128610,113,19223,508,1,23423,0.0010000000000047748
34116000,-2283,7185,124922,-165,4360,124087,98,19230,463,1,23424,0.0009999999999976694
34117000,10227,12250,124176,-1432,4805,121097,98,19229,401,0,23425,0.0009999999999976694
34118000,7776,4876,124710,5056,-2103,122507,133,19232,545,0,23426,0.0009999999999976694
34119000,8927,-6558,126100,10153,-9945,129535,114,19228,467,0,23427,0.0010000000000047748
34120000,3206,-10420,125001,-4656,-7707,132067,115,19223,471,0,23428,0.0009999999999976694
34121000,2965,6381,129588,-4420,7827,124490,141,19223,471,1,23429,0.0009999999999976694
34122000,4585,11727,128340,11811,9265,124582,114,19228,577,1,23430,0.0010000000000047748
34123000,4719,9231,125409,3275,3785,121040,114,19228,467,1,23431,0.0009999999999976694
34124000,12447,-1271,125973,-1570,-8250,131553,104,19222,426,0,23432,0.0009999999999976694
34125001,9646,-12955,125069,19479,-11858,128782,114,19234,467,0,23433,0.00100100000000225
34126000,10649,1856,129664,10732,-4491,127224,100,19231,410,0,23434,0.0009990000000001942
34127000,1688,2987,129553,-8839,-118,129253,111,19231,410,1,23435,0.0009999999999976694
34128000,12,11399,131056,-1468,10118,125396,109,19221,455,1,23436,0.0010000000000047748
34129000,-1328,5915,129801,7718,3751,132412,109,19231,446,1,23437,0.0009999999999976694
34130004,2702,597,128385,-4531,-3944,124540,102,19229,418,1,23438,0.0010040000000017812
34131000,14200,2444,129493,6689,1855,127433,129,19229,528,0,23439,0.000996000000000663
34132000,8333,-10967,129269,19971,-15948,131258,99,19230,405,0,23440,0.0009999999999976694
34133000,4272,-5835,130182,-9719,-9888,133221,102,19230,405,0,23441,0.0009999999999976694
34134000,-2860,6852,131473,-19293,5592,128880,144,19224,418,1,23442,0.0010000000000047748
34135000,-6340,11983,133466,10477,9388,121643,111,19225,590,1,23443,0.0009999999999976694
34136000,-5148,5959,130835,-7490,2456,126314,111,19233,455,1,23444,0.0009999999999976694
34137000,-1440,-12087,128753,-20363,-17320,137585,97,19226,397,0,23445,0.0010000000000047748
34138000,2206,-9270,129608,9202,-11502,128915,124,19232,508,0,23446,0.0009999999999976694
34139001,-662,5534,131428,2574,2941,125434,111,19232,455,0,23447,0.00100100000000225
34140000,-7809,3976,131059,-22924,1448,127106,118,19228,455,0,23448,0.0009990000000001942
34141003,-9669,5602,131401,-11264,2053,129491,117,19219,483,1,23449,0.0010029999999972006
34142000,-7049,3569,128789,-8432,616,132486,117,19220,479,1,23450,0.0009969999999981383
34143000,-6328,19324,128843,-8603,17197,116621,104,19233,426,1,23451,0.0010000000000047748
34144000,-3651,-3592,126457,-11667,-7391,127919,119,19213,487,0,23452,0.0009999999999976694
34145000,-1604,-6375,125679,-6819,-9678,132154,93,19213,381,0,23453,0.0009999999999976694
34146000,-159,-2584,126762,-899,-6914,130065,103,19231,381,0,23454,0.0010000000000047748
34147000,-5284,6761,127233,-3890,3065,117904,136,19224,422,1,23455,0.0009999999999976694
34148000,-8873,14418,128527,-17101,12884,122542,136,19223,557,1,23456,0.0009999999999976694
34149000,-5506,-1062,127647,-11952,-3602,130476,114,19229,467,1,23457,0.0010000000000047748
34150000,407,3823,127901,3854,253,125449,101,19228,414,0,23458,0.0009999999999976694
34151000,-1764,-346,122758,-3605,-3979,125110,118,19233,483,0,23459,0.0009999999999976694
34152000,-169,6722,124980,-5411,2321,122863,113,19233,483,0,23460,0.0010000000000047748
34153000,3139,-7,125316,-5564,-4084,129929,113,19232,463,0,23461,0.0009999999999976694
34154001,-2245,6677,127179,3523,6015,123272,113,19220,463,1,23462,0.00100100000000225
34155000,-3074,15230,125553,-8667,13026,119711,140,19228,573,1,23463,0.0009990000000001942
34156000,4526,4486,124515,-1287,3532,119884,102,19229,418,1,23464,0.0009999999999976694
34157000,9579,-1998,123824,12142,-4367,131010,107,19224,438,0,23465,0.0009999999999976694
34158000,7162,2990,123854,2353,-2689,117100,106,19224,438,0,23466,0.0010000000000047748
34159000,6438,3513,126339,1320,249,130176,120,19222,434,0,23467,0.0009999999999976694
34160000,5032,-5570,127036,9132,-8954,131493,120,19225,491,1,23468,0.0009999999999976694
34161000,1610,1968,126018,3869,-5250,125164,135,19221,553,1,23469,0.0010000000000047748
34162000,5182,16349,127847,-7198,16977,119791,114,19229,467,1,23470,0.0009999999999976694
34163000,9204,8462,123941,13143,3904,120639,97,19229,397,1,23471,0.0009999999999976694
34164000,12421,-1657,125454,6608,-598,130607,147,19229,397,0,23472,0.0010000000000047748
34165001,10187,-14203,125338,3273,-18429,135050,103,19234,602,0,23473,0.0010009999999951447
34166000,7170,-14847,129338,4503,-11542,132806,103,19232,422,0,23474,0.0009990000000001942
34167000,3996,10963,131468,-1185,3644,125198,103,19228,422,1,23475,0.0010000000000047748
34168003,-1877,8166,130821,5890,3693,127220,124,19228,508,1,23476,0.0010029999999972006
34169002,-390,9417,130361,-4983,4562,127690,109,19227,446,1,23477,0.0009990000000001942
34170000,5072,-4626,126905,637,-12962,129210,108,19227,446,1,23478,0.000998000000002719
34171000,9369,862,129079,11457,-182,122516,106,19223,442,0,23479,0.0009999999999976694
34172000,5955,1394,129905,2562,-5921,129812,106,19234,434,0,23480,0.0009999999999976694
34173000,2188,-7976,131652,-8979,-7794,133469,104,19228,426,0,23481,0.0010000000000047748
34174002,1419,3727,133616,-3892,1819,130476,119,19218,487,1,23482,0.0010019999999997253
34175001,-9927,2341,130859,-120,-27,131492,110,19229,451,1,23483,0.0009990000000001942
34176002,-4006,11228,130133,-14909,6559,119369,97,19229,451,1,23484,0.0010009999999951447
34177000,1999,-7926,129296,-6565,-15904,138023,136,19233,397,0,23485,0.000998000000002719
34178022,1285,-1851,128009,5358,1952,128103,105,19230,557,0,23486,0.0010219999999989682
34179001,-265,8355,131284,-6419,1109,120155,105,19227,430,0,23487,0.0009790000000009513
34180000,-7663,1239,130485,-13040,-2286,134110,111,19225,455,1,23488,0.0009990000000001942
34181001,-7604,7252,132721,-13032,2989,130904,144,19227,590,1,23489,0.00100100000000225
34182000,-11685,1195,129356,-8962,-412,130332,110,19227,451,1,23490,0.0009989999999930887
34183000,-4098,18889,130225,-13969,16912,118986,101,19232,451,1,23491,0.0010000000000047748
34184000,-2287,-1267,125746,-11099,-5691,128337,148,19224,414,0,23492,0.0009999999999976694
34185000,672,-9002,126997,3193,-12008,130983,148,19231,606,0,23493,0.0009999999999976694
34186000,1423,-594,126715,-8225,-3931,128025,111,19229,455,0,23494,0.0010000000000047748
34187001,-7298,8065,127848,-10131,5668,124090,119,19221,487,1,23495,0.0010009999999951447
34188000,-5451,15245,129308,-13006,10434,120489,113,19221,463,1,23496,0.0009990000000001942
34189000,-7911,-1905,124840,-5442,-5291,132010,102,19228,463,1,23497,0.0010000000000047748
34190000,-2317,10644,128616,-6201,7522,130229,125,19228,418,0,23498,0.0009999999999976694
34191000,1062,-1340,120769,-5094,-4179,114847,125,19232,512,0,23499,0.0009999999999976694
34192001,1845,12183,127001,6177,8857,124891,100,19232,410,0,23500,0.00100100000000225
34193000,4609,-7533,122403,-10784,-11844,134301,108,19225,442,0,23501,0.0009990000000001942
34194000,-3253,9001,129117,868,4972,121367,149,19225,610,1,23502,0.0009999999999976694
34195000,-25,10230,127365,-343,7986,125968,110,19230,610,1,23503,0.0010000000000047748
34196000,3097,3839,122567,-7096,613,122058,94,19230,451,1,23504,0.0009999999999976694
34197000,7104,5748,126256,9646,4383,125766,94,19227,385,0,23505,0.0009999999999976694
34198000,11594,-7460,121254,6336,-11888,126286,104,19229,426,0,23506,0.0010000000000047748
34199000,5371,4629,127939,8920,670,121707,111,19226,455,0,23507,0.0009999999999976694
34200002,3500,-4059,126660,2879,-7041,130946,120,19221,491,1,23508,0.0010019999999997253
34201000,1073,13824,130486,-3712,10540,123876,105,19221,491,1,23509,0.000998000000002719
34202001,3533,8825,130265,5509,7694,133240,103,19228,430,1,23510,0.0010009999999951447
34203000,7401,1522,125516,6850,-2020,123362,103,19232,422,1,23511,0.0009990000000001942
34204000,9922,5426,128515,2581,2350,128960,119,19221,487,0,23512,0.0010000000000047748
34205000,11493,-11461,125798,11868,-12957,132835,95,19229,389,0,23513,0.0009999999999976694
34206002,5829,-5980,126657,10477,-15199,124765,103,19227,422,0,23514,0.0010019999999997253
34207000,3566,12489,133278,-6314,5474,125293,135,19227,422,1,23515,0.000998000000002719
34208000,2087,10246,127592,146,8128,125159,115,19227,553,1,23516,0.0009999999999976694
34209000,2393,4465,129220,6169,-2454,129599,115,19230,471,1,23517,0.0009999999999976694
34210000,7018,-3869,129101,-6168,-16847,128514,99,19226,405,0,23518,0.0010000000000047748
34211000,8562,-11984,127672,3012,-11400,130073,155,19231,635,0,23519,0.0009999999999976694
34212000,4836,307,132579,20584,-2991,128121,106,19227,434,0,23520,0.0009999999999976694
34213000,-3598,-5356,128988,-15679,-6993,134888,108,19227,434,0,23521,0.0010000000000047748
34214000,-1210,8804,131207,-16558,9294,120109,131,19222,442,1,23522,0.0009999999999976694
34215000,-5622,9794,133433,4623,1633,129692,131,19233,537,1,23523,0.0009999999999976694
34216000,-3742,-1160,129803,-2942,-3587,128526,105,19229,430,1,23524,0.0010000000000047748
34217000,-1250,-11519,128335,-21039,-19776,133932,111,19217,455,0,23525,0.0009999999999976694
34218002,3826,-606,129358,7660,736,133131,89,19231,365,0,23526,0.0010019999999997253
34219001,-4391,12909,129424,-2698,10543,121066,109,19231,365,0,23527,0.0009990000000001942
34220000,-4822,10146,132148,-27680,7960,130695,138,19230,446,1,23528,0.0009990000000001942
34221000,-8498,3220,130110,-5618,-1025,132437,138,19225,565,1,23529,0.0009999999999976694
34222000,-5032,3621,128617,-3170,2831,130470,121,19228,496,1,23530,0.0010000000000047748
34223000,-2917,10723,129540,-10326,7905,120931,102,19227,418,1,23531,0.0009999999999976694
34224000,-2237,-241,126838,-9841,-5751,127961,151,19228,618,0,23532,0.0009999999999976694
34225000,-734,-560,125599,5417,2696,135159,103,19228,422,0,23533,0.0010000000000047748
34226000,-5603,3845,127200,-15454,1675,117013,105,19230,422,0,23534,0.0009999999999976694
34227000,-4791,7740,129178,-13763,5962,128844,132,19228,430,1,23535,0.0009999999999976694
34228000,-6711,8772,126524,-2613,4305,125529,132,19230,541,1,23536,0.0010000000000047748
34229000,-125,-1566,127370,-10099,-5180,127877,115,19228,471,1,23537,0.0009999999999976694
34230000,-2123,6422,126770,2594,4809,123069,110,19225,451,0,23538,0.0009999999999976694
34231000,-904,-1498,123988,-7281,-4658,122923,85,19225,348,0,23539,0.0010000000000047748
34232001,620,-1738,126946,83,-4592,128505,108,19228,348,0,23540,0.0010009999999951447
34233002,-1869,7597,127008,-1961,4820,122716,126,19230,442,0,23541,0.00100100000000225
34234000,-3675,13186,126583,-2884,10109,125229,126,19219,516,1,23542,0.000998000000002719
34235000,-6098,11459,125751,-5214,7869,120648,115,19232,471,1,23543,0.0009999999999976694
34236000,10564,11827,124471,-4810,9161,125892,96,19231,393,1,23544,0.0009999999999976694
34237000,9426,8578,121313,26575,3909,121101,134,19231,549,0,23545,0.0010000000000047748
34238000,12431,-8739,123036,-1081,-13937,125758,108,19235,549,0,23546,0.0009999999999976694
34239000,8813,-11825,125249,-1982,-15195,133635,113,19229,442,0,23547,0.0009999999999976694
34240000,3827,7282,128067,14873,3063,123533,113,19222,463,1,23548,0.0010000000000047748
34241003,1728,6835,128838,-619,4076,125099,142,19228,582,1,23549,0.0010029999999972006
34242001,3184,9088,127361,-1202,8367,123712,112,19233,459,1,23550,0.000998000000002719
34243000,10336,-2098,125068,5577,-5118,127583,102,19225,418,0,23551,0.0009989999999930887
34244000,9144,7212,128818,11980,3535,121394,119,19225,418,0,23552,0.0010000000000047748
34245000,9248,-6479,125726,8480,-10313,131340,104,19231,487,0,23553,0.0009999999999976694
34246000,3912,-607,127785,4390,-11563,131196,104,19229,426,0,23554,0.0009999999999976694
34247000,5119,4998,132748,-8688,563,132003,117,19222,479,1,23555,0.0010000000000047748
34248000,1720,7640,130005,10762,5684,125508,110,19230,451,1,23556,0.0009999999999976694
34249000,616,15407,129734,1691,13356,118751,104,19230,426,1,23557,0.0009999999999976694
34250002,10474,-16269,125581,-9974,-17910,134102,129,19230,426,0,23558,0.0010019999999997253
34251002,10385,-9733,128659,20700,-17118,130359,101,19222,528,0,23559,0.0010000000000047748
34252000,6627,1484,128999,13501,-3273,122656,101,19228,414,0,23560,0.0009979999999956135
34253000,151,14640,133656,-21585,8399,127468,105,19226,430,1,23561,0.0010000000000047748
34254008,-2147,3113,132799,-6647,-2611,136960,144,19227,590,1,23562,0.0010079999999987876
34255002,-9667,561,128925,16006,-8228,131083,112,19229,459,1,23563,0.0009939999999986071
34256001,-711,101,129506,-24687,-72,124219,100,19229,459,1,23564,0.0009990000000001942
34257002,-539,-751,129843,-9437,-5121,129182,123,19229,410,0,23565,0.00100100000000225
34258000,8975,2497,129374,8570,122,126548,123,19229,504,0,23566,0.0009979999999956135
34259000,-5874,554,130864,-2421,-7581,131676,110,19231,451,0,23567,0.0010000000000047748
34260000,-5505,-8524,131171,-17407,-4958,135402,118,19217,483,1,23568,0.0009999999999976694
34261000,-11991,16378,132598,-3771,10993,120419,110,19230,451,1,23569,0.0009999999999976694
34262000,-8091,6915,130273,-12599,-1676,132894,108,19230,451,1,23570,0.0010000000000047748
34263000,-3499,-445,127308,-10577,601,126715,123,19231,442,1,23571,0.0009999999999976694
34264000,-5584,-724,126355,851,-10821,129394,123,19215,504,0,23572,0.0009999999999976694
34265000,2741,-2120,124900,-5855,3449,127844,95,19234,389,0,23573,0.0010000000000047748
34266000,-4058,11406,129729,-12155,7494,120466,102,19228,418,0,23574,0.0009999999999976694
34267003,-2113,3969,128274,-8410,1737,132769,137,19223,561,1,23575,0.0010029999999972006
34268000,-6914,8240,127307,-7152,3980,124946,119,19223,561,1,23576,0.0009970000000052437
34269000,-5640,-226,126491,-7535,-2608,131088,101,19231,487,1,23577,0.0009999999999976694
34270000,1172,7586,125495,-2736,5573,120199,101,19228,414,0,23578,0.0009999999999976694
34271000,1456,-1679,123186,-1373,-5270,127571,126,19228,516,0,23579,0.0010000000000047748
34272000,2628,-410,125614,-4819,1367,125867,114,19229,467,0,23580,0.0009999999999976694
34273000,896,6030,127342,-1597,-742,117585,116,19221,475,1,23581,0.0009999999999976694
34274008,-5740,3428,126629,6377,301,132925,137,19221,561,1,23582,0.0010079999999987876
34275000,-2959,5593,126804,-12506,2938,123894,104,19225,561,1,23583,0.0009920000000036566
34276000,5154,6793,125517,-271,2756,120224,112,19231,426,0,23584,0.0009999999999976694
34277000,8850,6147,124048,12558,1793,123731,112,19229,459,0,23585,0.0010000000000047748
34278001,9743,-8761,124852,2089,-11572,125514,94,19227,385,0,23586,0.0010009999999951447
34279000,2752,-3849,126259,9307,-9062,129286,110,19225,451,0,23587,0.0009990000000001942
34280000,4697,2117,126813,-3951,190,127552,133,19225,545,1,23588,0.0010000000000047748
34281003,2855,14036,128999,24,12477,122270,113,19227,545,1,23589,0.0010029999999972006
34282002,6378,7773,126413,13780,2620,120394,98,19229,463,1,23590,0.0009990000000001942
34283000,9849,-6203,121618,-1358,-9011,129407,98,19229,401,0,23591,0.000998000000002719
34284001,6156,3416,128892,-2196,723,127225,147,19234,602,0,23592,0.0010009999999951447
34285000,13111,-13493,125301,21401,-18355,129615,105,19231,430,0,23593,0.0009990000000001942
34286000,3867,706,131505,4476,-2343,125699,107,19231,438,0,23594,0.0010000000000047748
34287000,-778,5208,130949,-10721,2001,132456,128,19223,438,1,23595,0.0009999999999976694
34288000,695,8375,127703,1827,5055,124754,107,19232,524,1,23596,0.0009999999999976694
34289000,1733,11054,130902,6877,8274,126638,107,19232,438,1,23597,0.0010000000000047748
34290000,9467,-10583,126346,-9160,-14182,128947,108,19222,442,0,23598,0.0009999999999976694
34291000,11751,-8914,130601,9005,-10851,126334,93,19230,381,0,23599,0.0009999999999976694
34292000,1219,-4646,131411,21955,-6703,135055,109,19226,446,0,23600,0.0010000000000047748
34293000,-593,-933,129281,-26696,-6382,126988,126,19226,446,1,23601,0.0009999999999976694
34294000,-7183,13980,135430,-11673,12909,124750,110,19221,516,1,23602,0.0009999999999976694
34295000,-5603,899,129193,10694,-561,130920,110,19230,451,1,23603,0.0010000000000047748
34296000,-4346,3573,132374,-16944,5770,126080,95,19232,389,1,23604,0.0009999999999976694
34297000,1302,-14203,128613,-14500,-16313,133975,136,19231,557,0,23605,0.0009999999999976694
34298000,-183,-3803,129307,12428,-8196,128849,109,19228,446,0,23606,0.0010000000000047748
34299000,-6139,9620,131310,-7027,3821,122120,114,19228,446,0,23607,0.0009999999999976694
34300000,-7246,11553,131437,-27448,6844,126861,138,19221,467,1,23608,0.0009999999999976694
34301000,-7772,-428,128905,-4592,-6089,128283,138,19230,565,1,23609,0.0010000000000047748
34302000,-2724,16055,130262,-7264,9077,121751,112,19232,459,1,23610,0.0009999999999976694
34303000,-1234,1302,127895,-9123,-5745,129401,103,19225,422,0,23611,0.0009999999999976694
34304000,-3562,-7758,126532,-5312,-12679,130792,141,19228,577,0,23612,0.0009999999999976694
34305000,-1731,-3118,126833,-7685,-4653,127428,115,19228,577,0,23613,0.0010000000000047748
34306000,-3917,12830,128756,-7614,9436,119560,124,19227,471,1,23614,0.0009999999999976694
34307000,-7434,8365,127540,-6247,632,133181,124,19221,508,1,23615,0.0009999999999976694
34308000,-7972,7767,127493,-12419,4063,115559,114,19229,467,1,23616,0.0010000000000047748
34309000,-1027,20032,128556,-6235,17169,122916,101,19227,414,1,23617,0.0009999999999976694
34310000,1067,1589,125722,8273,-5711,129094,132,19231,541,0,23618,0.0009999999999976694
34311002,4266,-11829,123294,-6035,-14930,128919,105,19231,541,0,23619,0.0010020000000068308
34312000,2179,3967,124666,-5779,6756,127363,109,19225,430,0,23620,0.0009979999999956135
34313000,-37,12852,125911,943,14978,117017,109,19224,446,1,23621,0.0009999999999976694
34314000,-398,13029,126905,-1551,6987,126896,152,19226,623,1,23622,0.0010000000000047748
34315000,650,5012,124139,-2162,1038,127731,112,19229,459,1,23623,0.0009999999999976694
34316000,7284,6129,123115,2685,4376,120204,96,19226,393,0,23624,0.0009999999999976694
34317002,7040,5514,125258,10894,-971,120457,95,19226,389,0,23625,0.0010019999999997253
34318002,9387,-2857,125033,8184,-9676,130378,115,19229,389,0,23626,0.0010000000000047748
34319000,3761,-2396,128065,3403,-1647,137228,121,19228,471,0,23627,0.0009979999999956135
34320005,2212,6879,128690,566,4756,118116,121,19220,496,1,23628,0.001005000000006362
34321000,4977,16962,128872,2776,13233,119431,110,19229,451,1,23629,0.0009949999999960824
34322000,5744,2280,125051,3930,-2044,131573,100,19231,410,1,23630,0.0009999999999976694
34323002,12834,-2877,126213,5410,-5132,123320,121,19231,496,0,23631,0.0010019999999997253
34324000,9421,-840,126234,14814,-6304,128247,95,19223,496,0,23632,0.000998000000002719
34325000,6991,-9331,127515,7000,-12982,127379,106,19226,389,0,23633,0.0009999999999976694
34326000,4534,3118,132349,-5587,-206,131382,106,19227,434,1,23634,0.0010000000000047748
34327000,-1110,9597,132049,3110,6388,132335,137,19226,561,1,23635,0.0009999999999976694
34328000,-898,16475,130473,2643,13882,118395,115,19229,471,1,23636,0.0009999999999976694
34329000,3116,5193,130710,-6247,1247,127267,101,19229,414,1,23637,0.0010000000000047748
34330002,12904,-17281,123987,4241,-20983,134608,144,19226,414,0,23638,0.0010019999999997253
34331001,10985,647,131052,27608,-1932,128603,113,19230,590,0,23639,0.0009990000000001942
34332000,-1455,-5982,127050,-11757,-10953,129383,113,19229,463,0,23640,0.0009990000000001942
34333000,4006,10509,134743,-22302,7393,123224,114,19223,467,1,23641,0.0009999999999976694
34334000,-6993,-3419,130768,11307,-6616,140878,136,19231,557,1,23642,0.0009999999999976694
34335000,-6056,5868,130240,-1210,3455,126261,105,19235,430,1,23643,0.0010000000000047748
34336000,-1997,5381,131670,-24964,3837,126732,114,19235,430,0,23644,0.0009999999999976694
34337000,2619,-7176,130286,1799,-11439,134307,93,19220,467,0,23645,0.0009999999999976694
34338000,1965,3330,131917,11756,216,124127,93,19227,381,0,23646,0.0010000000000047748
34339002,-9954,1509,131414,-22583,-1073,131463,108,19224,442,0,23647,0.0010019999999997253
34340000,-7488,4150,129898,-15532,-1138,128978,137,19225,561,1,23648,0.0009979999999956135
34341000,-9451,5781,131853,-2793,4844,132170,116,19229,475,1,23649,0.0010000000000047748
34342000,-6230,1135,128479,-13601,-405,126969,99,19229,475,1,23650,0.0009999999999976694
34343000,-3572,14049,129217,-4951,17480,113550,152,19229,405,0,23651,0.0009999999999976694
34344000,-2268,-11333,123451,-12461,-16238,135283,152,19224,623,0,23652,0.0010000000000047748
34345000,-29,-2660,127357,4787,-5748,125039,103,19231,422,0,23653,0.0009999999999976694
34346000,-7354,12587,129262,-11652,8995,121494,107,19221,438,1,23654,0.0009999999999976694
34347000,-6014,14405,128405,-15358,10344,126444,132,19230,541,1,23655,0.0010000000000047748
34348000,-7564,1726,128057,-686,1486,130737,111,19230,541,1,23656,0.0009999999999976694
34349000,-65,2449,124617,-9359,2575,123364,113,19231,455,1,23657,0.0009999999999976694
34350000,-466,7538,124056,-4141,5310,120874,113,19221,463,0,23658,0.0010000000000047748
34351002,1922,267,123818,4201,-2924,125530,88,19224,360,0,23659,0.0010019999999997253
34352000,2204,4988,125958,-6660,1989,126254,107,19231,438,0,23660,0.0009979999999956135
34353000,-1664,4380,125674,-7079,3962,130995,129,19221,528,1,23661,0.0010000000000047748
34354000,-1145,5217,127018,2853,9331,121553,114,19221,528,1,23662,0.0009999999999976694
34355000,3656,14097,125085,-8126,5535,122761,96,19228,467,1,23663,0.0009999999999976694
34356000,9470,4125,123930,6920,-2056,125949,96,19232,393,0,23664,0.0010000000000047748
34357000,9411,-3954,122912,14719,-8721,125934,137,19232,561,0,23665,0.0009999999999976694
34358000,5083,-3449,125624,2769,-5743,124267,115,19223,471,0,23666,0.0009999999999976694
34359001,3698,1501,128422,162,-953,130917,115,19227,471,0,23667,0.00100100000000225
34360001,1764,3814,127449,2857,1778,124225,133,19227,545,1,23668,0.0009999999999976694
34361000,4232,12994,128514,3428,11898,124236,111,19230,545,1,23669,0.0009990000000001942
34362002,8276,10316,126035,3082,4309,125428,107,19231,455,1,23670,0.0010019999999997253
34363000,10770,-624,124780,9719,-3559,123887,107,19224,438,0,23671,0.000998000000002719
34364000,13249,-9418,126734,14054,-12141,134247,108,19230,442,0,23672,0.0009999999999976694
34365000,8658,-9474,126008,4637,-11978,130189,102,19228,418,0,23673,0.0010000000000047748
34366000,4709,4732,130861,-1694,7461,127716,114,19228,467,1,23674,0.0009999999999976694
34367000,1457,20553,132598,3982,14368,121917,110,19225,467,1,23675,0.0009999999999976694
34368000,240,-780,127516,235,-6851,135434,101,19230,451,1,23676,0.0009999999999976694
34369006,5882,-3564,129302,-799,-7998,126746,101,19230,414,1,23677,0.0010060000000038372
34370000,10860,-9753,128290,7156,-13858,126941,133,19224,545,0,23678,0.0009939999999986071
34371000,6437,2125,131240,19907,658,132517,101,19230,414,0,23679,0.0009999999999976694
34372000,694,2525,129515,-16886,-648,129021,103,19230,422,0,23680,0.0010000000000047748
34373000,-1385,4963,133355,-13598,1883,127949,146,19226,422,1,23681,0.0009999999999976694
34374002,-5053,13190,133224,9460,10423,123690,109,19231,598,1,23682,0.0010019999999997253
34375001,-3120,-7279,129518,-9398,-10215,133340,109,19228,446,1,23683,0.0009990000000001942
34376000,-1374,-15253,127789,-11505,-20185,134017,100,19224,410,0,23684,0.0009990000000001942
34377000,3975,-5795,129187,-3104,-10367,130105,122,19232,500,0,23685,0.0009999999999976694
34378000,-3985,13092,130271,1058,10063,120612,108,19228,442,0,23686,0.0010000000000047748
34379000,-4020,4845,132368,-15043,1457,128153,119,19228,442,1,23687,0.0009999999999976694
34380000,-13231,-6305,128893,-13912,-9875,137648,109,19220,487,1,23688,0.0009999999999976694
34381000,-6925,10307,129132,-10153,5831,126956,109,19231,446,1,23689,0.0010000000000047748
34382000,-5088,12599,130264,-8045,9491,121706,103,19234,422,1,23690,0.0009999999999976694
34383000,-984,-3746,127045,-6495,-5984,129745,122,19216,500,0,23691,0.0009999999999976694
34384000,-1999,-6683,125476,-8390,-10338,128454,93,19232,381,0,23692,0.0010000000000047748
34385000,-3837,3495,128773,-3971,-221,129292,103,19232,381,0,23693,0.0009999999999976694
34386000,-4628,11664,128006,-8349,8293,119939,143,19232,422,1,23694,0.0009999999999976694
34387000,-9916,7874,130584,-11475,8191,125404,143,19229,586,1,23695,0.0010000000000047748
34388000,-2343,-390,126290,-12562,-3630,128845,116,19228,475,1,23696,0.0009999999999976694
34389001,-1498,565,126845,3563,1430,122829,102,19227,418,0,23697,0.00100100000000225
34390000,-1853,2188,126573,-7460,4933,128851,115,19232,471,0,23698,0.0009990000000001942
34391000,161,4016,123787,-4516,-1285,117399,111,19232,471,0,23699,0.0009999999999976694
34392000,-1763,1565,127590,-1234,-2136,131761,115,19226,455,0,23700,0.0009999999999976694
34393000,-770,15298,125291,-2550,9076,113475,115,19221,471,1,23701,0.0010000000000047748
34394000,-3176,9732,124897,-6254,7802,131386,142,19232,582,1,23702,0.0009999999999976694
34395000,6806,952,125538,-2755,-1451,120036,103,19230,422,1,23703,0.0009999999999976694
34396002,10213,6337,123007,6723,-1525,125460,109,19228,446,0,23704,0.0010019999999997253
34397000,10380,-4702,122254,7913,-7518,128503,95,19228,446,0,23705,0.000998000000002719
34398001,6214,-3381,124544,7771,-6326,121070,111,19231,389,0,23706,0.00100100000000225
34399000,4357,791,128403,-5031,-5618,129502,111,19229,455,1,23707,0.0009990000000001942
34400000,1590,9047,128405,5355,7702,122369,138,19221,565,1,23708,0.0009999999999976694
34401000,2820,8111,127138,1461,-2194,128500,113,19231,463,1,23709,0.0009999999999976694
34402000,7599,-1706,126283,10431,-5588,119816,94,19230,385,1,23710,0.0010000000000047748
34403001,10936,4073,126186,7684,-1250,124343,149,19230,610,0,23711,0.0010009999999951447
34404000,7548,-5933,130781,8274,-13789,137588,104,19236,610,0,23712,0.0009990000000001942
34405000,4318,-3329,127193,-856,-1930,121917,107,19230,426,0,23713,0.0010000000000047748
34406000,3550,7584,129231,-3756,6425,133916,107,19226,438,1,23714,0.0009999999999976694
34407000,604,11718,129131,8298,10100,118040,125,19226,512,1,23715,0.0009999999999976694
34408000,3557,3315,128101,2657,-6696,128360,107,19231,438,1,23716,0.0010000000000047748
34409000,9548,-8288,127673,-1535,-14449,134776,111,19231,455,0,23717,0.0009999999999976694
34410002,5804,-384,128876,12463,-1321,120356,98,19219,455,0,23718,0.0010019999999997253
34411000,7177,-3088,128652,5627,-11094,134960,105,19227,401,0,23719,0.000998000000002719
34412000,-49,452,132040,-11044,-1648,125435,105,19228,430,0,23720,0.0009999999999976694
34413001,-3291,4131,132617,-5203,2747,140087,128,19220,524,1,23721,0.00100100000000225
34414000,-7149,8008,130270,-2692,6700,119864,112,19227,459,1,23722,0.0009990000000001942
34415002,-1691,1668,129326,-12938,-2664,124588,97,19227,397,1,23723,0.0010019999999997253
34416000,1140,-5805,128220,-229,-11277,138447,141,19233,397,0,23724,0.0009979999999956135
34417000,1694,984,128220,-2875,-3115,118310,105,19229,577,0,23725,0.0010000000000047748
34418000,-4002,9762,132638,-7574,6924,131219,105,19231,430,0,23726,0.0009999999999976694
34419000,-6706,1039,130151,-11724,-2063,126440,112,19224,459,1,23727,0.0009999999999976694
34420000,-10292,9199,132789,-13969,6707,131623,136,19228,557,1,23728,0.0010000000000047748
34421000,-11329,3914,129826,-11564,752,133673,113,19228,463,1,23729,0.0009999999999976694
34422000,-3658,13427,130445,-8283,12225,115365,106,19232,463,1,23730,0.0009999999999976694
34423018,-3456,-2259,126435,-6609,-5570,135532,135,19224,434,0,23731,0.0010180000000019618
34424000,-1959,-2494,125650,-4724,-5422,123430,135,19230,553,0,23732,0.0009820000000004825
34425000,249,1163,128365,-4225,-2663,136752,105,19230,430,0,23733,0.0009999999999976694
34426000,-3296,15606,126953,-14525,11583,115639,124,19219,508,1,23734,0.0010000000000047748
34427000,-4291,7691,127314,-1050,3133,126976,119,19231,487,1,23735,0.0009999999999976694
34428000,-6299,4991,125550,-10485,1353,129808,105,19231,487,1,23736,0.0009999999999976694
34429000,-796,-209,123483,-7750,-2948,121847,133,19225,430,0,23737,0.0009999999999976694
34430001,2274,5400,128283,-1006,6558,124949,133,19232,545,0,23738,0.00100100000000225
34431000,1794,-2243,123942,1579,-5161,123723,114,19224,467,0,23739,0.0009990000000001942
34432000,-1746,2316,128312,-5680,-305,125585,117,19224,479,0,23740,0.0009999999999976694
34433000,-3971,12931,126958,-6489,9205,122610,161,19224,659,1,23741,0.0010000000000047748
34434000,-512,13276,125691,1065,12230,124259,116,19224,659,1,23742,0.0009999999999976694
34435000,3010,14213,125805,878,7696,125778,99,19232,475,1,23743,0.0009999999999976694
34436000,7112,-5246,123804,1140,-6037,121570,99,19224,405,0,23744,0.0010000000000047748
34437000,15297,2725,125961,17674,-1543,129734,95,19232,389,0,23745,0.0009999999999976694
34438000,5949,-3890,123785,3825,-9675,119651,111,19229,455,0,23746,0.0009999999999976694
34439002,6576,-796,128437,1347,-5355,130037,120,19220,491,1,23747,0.0010019999999997253
34440002,517,7480,127492,3163,4078,119423,109,19220,491,1,23748,0.0010000000000047748
34441000,6519,8563,126208,2501,5095,130585,102,19231,446,1,23749,0.0009979999999956135
34442000,8156,-147,126321,5116,630,121552,102,19230,418,1,23750,0.0010000000000047748
34443000,9824,2392,125950,4544,-5100,124694,120,19224,491,0,23751,0.0009999999999976694
34444000,9604,-7138,127747,15536,-14998,133112,106,19230,434,0,23752,0.0009999999999976694
34445000,3090,-4600,129698,2646,-4932,127506,106,19226,434,0,23753,0.0010000000000047748
34446002,3856,5771,131559,-2413,2855,131225,142,19226,434,1,23754,0.0010019999999997253
34447002,-774,11675,128947,4664,9847,120729,117,19230,582,1,23755,0.0009999999999976694
34448000,1619,147,131460,-1337,-4127,132404,117,19226,479,1,23756,0.000998000000002719
34449000,8345,-2078,127568,-779,-11905,128634,101,19225,414,0,23757,0.0009999999999976694
34450000,9444,-12301,127454,8220,-15786,129973,144,19235,590,0,23758,0.0009999999999976694
34451001,6255,-2671,131320,15570,-6239,132733,103,19227,422,0,23759,0.00100100000000225
34452000,-3625,7454,130975,-21248,6167,122377,110,19227,451,0,23760,0.0009990000000001942
34453000,-177,12032,133507,-16318,9535,131809,127,19222,451,1,23761,0.0009999999999976694
34454000,-8304,2641,130501,11901,-401,128706,103,19229,520,1,23762,0.0010000000000047748
34455000,-32,1269,128203,-14210,-4440,128520,103,19234,422,1,23763,0.0009999999999976694
34456002,-310,-9128,128053,-16298,-11002,132945,115,19223,471,0,23764,0.0010019999999997253
34457000,3669,1835,130187,13035,-1361,125968,94,19230,385,0,23765,0.000998000000002719
34458000,-823,2475,129777,-8644,1930,132247,108,19230,442,0,23766,0.0009999999999976694
34459000,-10318,3218,131358,-24466,2067,125371,137,19228,442,1,23767,0.0009999999999976694
34460000,-6389,2266,129957,-4880,4595,136016,117,19225,561,1,23768,0.0010000000000047748
34461000,-7904,6966,127867,-7360,6068,124846,117,19231,479,1,23769,0.0009999999999976694
34462000,83,568,128818,-11593,-3927,128285,99,19228,405,1,23770,0.0009999999999976694
34463000,-3537,-5392,126208,-6119,-10148,132462,157,19228,643,0,23771,0.0010000000000047748
34464000,-2335,390,126994,-3139,-1851,121052,104,19228,426,0,23772,0.0009999999999976694
34465000,-1464,8877,130400,-11187,6629,131568,108,19232,426,0,23773,0.0009999999999976694
34466000,-8408,6105,125841,-5410,2305,126900,133,19222,442,1,23774,0.0010000000000047748
34467000,-4840,6750,127710,-11770,2370,127739,133,19228,545,1,23775,0.0009999999999976694
34468000,-1787,12159,129394,-6670,9969,123391,110,19229,451,1,23776,0.0009999999999976694
34469000,1388,2306,124254,3265,-986,123165,112,19219,459,0,23777,0.0010000000000047748
34470000,522,-6449,124554,-6165,-9783,131039,89,19227,365,0,23778,0.0009999999999976694
34471000,1539,-3693,123471,-5157,-7408,122591,111,19227,365,0,23779,0.0009999999999976694
34472001,1088,17694,127360,3090,14876,123349,128,19226,455,1,23780,0.00100100000000225
34473000,-6216,6989,126352,-2876,3906,124473,128,19219,524,1,23781,0.0009990000000001942
34474000,-117,3357,126080,-10779,-887,127765,113,19233,463,1,23782,0.0009999999999976694
34475000,6737,10341,125601,4784,7234,124030,98,19230,401,1,23783,0.0010000000000047748
34476000,8253,3503,124890,12453,671,118843,138,19230,565,0,23784,0.0009999999999976694
34477000,8654,-2639,124388,1804,-6962,129287,118,19230,565,0,23785,0.0009999999999976694
34478000,4665,-10579,124788,2013,-14081,131440,117,19224,483,0,23786,0.0010000000000047748
34479000,4816,5952,128131,6158,-1607,128642,117,19228,479,1,23787,0.0009999999999976694
34480000,1523,16122,128661,2307,12792,116420,130,19230,532,1,23788,0.0009999999999976694
34481000,8151,6601,125176,-1356,4220,126292,112,19230,459,1,23789,0.0010000000000047748
34482000,9786,-389,125763,8811,-3135,127499,107,19224,438,0,23790,0.0009999999999976694
34483000,10707,-6309,125492,5729,-9959,126495,113,19224,438,0,23791,0.0009999999999976694
34484000,6802,-1496,128000,9533,-5124,129167,102,19233,463,0,23792,0.0010000000000047748
34485000,4154,-1559,129179,3691,-6338,125969,102,19228,418,0,23793,0.0009999999999976694
34486000,2169,6764,132769,-5284,898,129280,115,19229,471,1,23794,0.0009999999999976694
34487000,-2268,13915,130000,3687,10060,121188,110,19228,451,1,23795,0.0010000000000047748
34488000,4843,2736,129251,-871,-1332,133718,101,19234,414,1,23796,0.0009999999999976694
34489000,9227,-14422,126336,-1820,-11639,130430,136,19234,414,0,23797,0.0009999999999976694
34490002,10248,-7641,129338,11385,-7477,130963,103,19224,557,0,23798,0.0010019999999997253
34491000,3683,829,128588,10996,-2911,128084,103,19233,422,0,23799,0.000998000000002719
34492000,391,9960,134821,-24094,9520,122550,102,19227,418,1,23800,0.0009999999999976694
34493000,-5226,7214,133536,-4806,-3813,135861,150,19227,614,1,23801,0.0009999999999976694
34494000,-9549,-4388,129410,10324,-9167,131834,111,19228,455,1,23802,0.0010000000000047748
34495000,-1838,-6150,130760,-20557,-13475,130617,101,19228,414,1,23803,0.0009999999999976694
34496000,479,5720,130709,6386,3277,121903,118,19227,414,0,23804,0.0009999999999976694
34497000,4288,6453,128423,5105,-568,129967,110,19231,483,0,23805,0.0010000000000047748
34498000,-7935,1075,130850,-20234,-1965,128375,110,19229,451,0,23806,0.0009999999999976694
34499000,-5263,957,130842,-15664,-4397,130433,121,19220,496,1,23807,0.0009999999999976694
34500000,-8257,9325,130821,3030,13804,129998,109,19230,446,1,23808,0.0010000000000047748
34501000,-5085,10126,130182,-11663,3683,121132,103,19230,422,1,23809,0.0009999999999976694
34502000,-1922,-3992,126589,-11207,-7693,133208,123,19229,422,0,23810,0.0009999999999976694
34503000,-4303,-6465,124977,-3489,-9275,130209,109,19221,504,0,23811,0.0010000000000047748
34504000,-1698,624,126086,-7644,-511,122526,109,19227,446,0,23812,0.0009999999999976694
34505000,-3911,16650,130288,-9930,12675,120357,108,19227,442,0,23813,0.0009999999999976694
34506000,-7227,4440,127276,-5125,-1107,130160,147,19230,602,1,23814,0.0010000000000047748
34507000,-8718,212,126692,-15198,-898,134025,115,19230,471,1,23815,0.0009999999999976694
34508002,-1938,7703,126148,-8454,5676,116619,102,19227,471,1,23816,0.0010019999999997253
34509000,2117,10721,126771,9494,7474,121863,115,19224,418,0,23817,0.000998000000002719
34510000,2385,-3620,124683,-6130,-8562,132364,115,19235,471,0,23818,0.0009999999999976694
34511000,733,-364,125646,-8693,-4007,123771,109,19230,446,0,23819,0.0009999999999976694
34512000,-5,11819,126275,3725,8769,126268,113,19224,463,1,23820,0.0010000000000047748
34513000,-2704,13800,127499,-1399,12696,117935,134,19233,549,1,23821,0.0009999999999976694
34514000,-933,9164,125747,-4652,4958,126486,102,19233,549,1,23822,0.0009999999999976694
34515000,7114,-2347,122446,-1340,-7056,129534,111,19236,418,0,23823,0.0010000000000047748
34516000,8905,7567,126122,12779,4965,115939,111,19225,455,0,23824,0.0009999999999976694
34517001,6985,-3802,125082,10852,-6489,127354,96,19229,393,0,23825,0.00100100000000225
34518000,3310,-539,126111,-6111,-3788,123821,113,19226,463,0,23826,0.0009990000000001942
34519000,3706,4367,129876,2433,486,138005,139,19224,569,1,23827,0.0009999999999976694
34520000,6224,11821,126078,8690,8967,114481,114,19224,569,1,23828,0.0009999999999976694
34521000,4933,9475,127247,4620,6603,123167,98,19227,467,1,23829,0.0010000000000047748
34522000,10962,-2233,125148,-518,-6493,130955,98,19230,401,0,23830,0.0009999999999976694
34523000,12030,-6386,126047,7019,-8486,124945,144,19231,590,0,23831,0.0009999999999976694
34524000,6406,-8074,129024,18395,-9766,134679,105,19232,430,0,23832,0.0010000000000047748
34525000,1820,2380,130555,-8516,2408,117499,105,19225,430,1,23833,0.0009999999999976694
34526000,-1525,3476,131098,-3080,868,133018,130,19225,430,1,23834,0.0009999999999976694
34527000,265,9805,129483,8561,6970,123126,110,19229,532,1,23835,0.0010000000000047748
34528000,3852,1657,127656,-1851,-1423,130977,110,19228,451,1,23836,0.0009999999999976694
34529000,9784,-4867,126815,-2958,-8476,126556,113,19215,463,0,23837,0.0009999999999976694
34530000,8642,-7904,130783,17658,-7709,126254,95,19229,389,0,23838,0.0010000000000047748
34531000,2956,-8445,129987,7139,-13523,143059,107,19229,438,0,23839,0.0009999999999976694
34532000,1532,7014,131544,-20737,1631,118649,126,19229,438,1,23840,0.0009999999999976694
34533000,-8014,6662,132156,-1220,2185,132969,115,19226,516,1,23841,0.0010000000000047748
34534000,-5349,8848,129686,1762,8069,116630,115,19231,471,1,23842,0.0009999999999976694
34535000,-959,-6352,129130,-19691,-7606,139794,101,19223,414,0,23843,0.0009999999999976694
34536000,681,-6964,130752,249,-14413,126225,145,19228,594,0,23844,0.0010000000000047748
34537000,-30,4716,131613,3514,473,123379,112,19232,459,0,23845,0.0009999999999976694
34538000,-6421,6965,132570,-14057,361,132319,116,19232,475,0,23846,0.0009999999999976694
34539003,-7744,-792,130232,-13114,-4769,131422,141,19221,475,1,23847,0.001003000000004306
34540002,-8122,6770,129523,-7770,7081,128185,141,19228,577,1,23848,0.0009990000000001942
34541000,-4559,15390,130447,-11658,13237,120223,115,19233,471,1,23849,0.0009979999999956135
34542000,-4189,3014,127819,-1351,-6086,130946,108,19218,442,0,23850,0.0010000000000047748
34543000,-1437,-6401,125241,-10078,-11559,127052,132,19230,541,0,23851,0.0009999999999976694
34544000,-1741,-3289,126166,-13628,-2061,124231,101,19230,414,0,23852,0.0009999999999976694
34545000,-2856,14545,131102,17,13344,125231,118,19232,414,1,23853,0.0010000000000047748
34546000,-7817,7313,125228,-6753,-1996,124594,117,19223,483,1,23854,0.0009999999999976694
34547000,-8017,4174,127942,-20223,7762,129367,117,19225,479,1,23855,0.0009999999999976694
34548000,-1464,9225,126848,-2700,4524,118643,105,19230,430,1,23856,0.0010000000000047748
34549000,3906,-470,123643,7895,-4092,128385,136,19229,557,0,23857,0.0009999999999976694
34550000,3396,-5992,124397,-5569,-10718,130592,105,19229,430,0,23858,0.0009999999999976694
34551000,-1419,5116,125466,-6547,4062,122773,108,19228,430,0,23859,0.0010000000000047748
34552000,47,18546,127569,-3419,17089,124280,156,19227,442,1,23860,0.0009999999999976694
34553000,-3592,7887,125951,-3821,4676,124036,156,19225,639,1,23861,0.0009999999999976694
34554000,4680,8190,125001,7445,9025,128206,113,19232,463,1,23862,0.0009999999999976694
34555000,5050,-953,122106,-1139,-5268,118186,98,19229,401,0,23863,0.0010000000000047748
34556000,9718,-1787,125499,2054,-9433,129138,92,19230,377,0,23864,0.0009999999999976694
34557000,8202,-4921,125923,14158,-9860,129201,114,19230,377,0,23865,0.0009999999999976694
34558000,2741,2412,128766,2590,975,120498,121,19226,467,0,23866,0.0010000000000047748
34559002,1773,6919,129355,-7383,4186,129086,121,19222,496,1,23867,0.0010019999999997253
34560002,-33,11689,126020,5939,8014,123290,110,19229,451,1,23868,0.0009999999999976694
34561000,10518,10679,126126,7601,6576,130307,99,19231,405,1,23869,0.000998000000002719
34562000,10942,7156,128060,38,4731,118308,125,19230,512,0,23870,0.0009999999999976694
34563001,13415,-4675,126595,16489,-7626,130547,98,19230,512,0,23871,0.00100100000000225
34564000,5314,-12884,126311,10472,-17261,133986,102,19230,401,0,23872,0.0009990000000001942
34565000,3612,4203,130548,-11392,-204,127684,102,19226,418,1,23873,0.0009999999999976694
34566000,3380,11542,128973,7047,6811,132120,140,19231,573,1,23874,0.0009999999999976694
34567000,-107,14511,130461,6312,10536,115970,114,19229,467,1,23875,0.0010000000000047748
34568000,8010,-6558,129578,-11625,-9215,137338,103,19230,422,1,23876,0.0009999999999976694
34569000,8170,-14358,125729,11327,-18686,134687,140,19230,422,0,23877,0.0009999999999976694
34570000,9275,6437,132039,17509,1647,122925,106,19231,573,0,23878,0.0010000000000047748
34571000,-662,3578,132247,-10031,1897,135327,106,19233,434,0,23879,0.0009999999999976694
34572000,116,9155,133425,-15836,7597,120547,111,19225,455,1,23880,0.0009999999999976694
34573000,-6572,-3217,134144,4891,-5250,140748,131,19227,537,1,23881,0.0010000000000047748
34574000,-6971,1269,128468,592,-1897,124096,104,19233,426,1,23882,0.0009999999999976694
34575000,363,-1581,130109,-22959,-5116,127339,118,19233,426,0,23883,0.0009999999999976694
34576000,-184,-5152,129467,-99,-9276,134567,97,19219,483,0,23884,0.0010000000000047748
34577000,836,3979,130475,5426,2054,120782,97,19229,397,0,23885,0.0009999999999976694
34578000,-9927,11458,131158,-21744,5284,131336,108,19228,442,0,23886,0.0009999999999976694
34579000,-6924,-1120,129090,-15551,-3457,124002,137,19224,561,1,23887,0.0010000000000047748
34580000,-7106,3201,130246,-3279,-2620,133855,116,19230,475,1,23888,0.0009999999999976694
34581000,-2584,11392,128061,-9454,5612,115784,101,19230,475,1,23889,0.0009999999999976694
34582001,-3260,6792,127164,-11005,4840,133184,161,19231,414,0,23890,0.00100100000000225
34583001,-1823,-13044,125099,-8082,-11761,130224,161,19231,659,0,23891,0.0009999999999976694
34584000,-680,3633,126658,-2423,7085,125252,105,19232,430,0,23892,0.0009990000000001942
34585000,-7835,9581,129165,-10560,7321,124915,109,19223,446,1,23893,0.0010000000000047748
34586000,-7890,12117,127764,-11444,6715,120097,126,19227,516,1,23894,0.0009999999999976694
34587001,-5722,793,127693,-8976,32,138177,110,19227,451,1,23895,0.00100100000000225
34588000,734,838,125636,-3424,-1429,119819,114,19232,451,0,23896,0.0009990000000001942
34589000,-1479,-2331,126807,-1862,-7257,128324,109,19220,467,0,23897,0.0009999999999976694
34590000,-1261,5311,123475,-9593,797,119989,109,19230,446,0,23898,0.0009999999999976694
34591000,1461,5153,126951,4816,-1990,129388,118,19228,483,0,23899,0.0010000000000047748
34592000,-3949,-653,124980,1975,-396,130250,133,19218,545,1,23900,0.0009999999999976694
34593000,-3308,17886,127351,-16019,16167,112965,114,19218,467,1,23901,0.0009999999999976694
34594000,4853,13427,125975,7115,11349,126651,96,19229,467,1,23902,0.0010000000000047748
34595000,13069,562,122866,14022,-7182,124863,131,19232,393,0,23903,0.0009999999999976694
34596000,9027,-8837,121078,5330,-9807,131815,131,19233,537,0,23904,0.0009999999999976694
34597000,6650,-6856,124550,-243,-6698,123767,107,19228,438,0,23905,0.0010000000000047748
34598000,6267,4613,127563,11450,-505,125856,110,19222,451,1,23906,0.0009999999999976694
34599000,573,8155,128448,-230,4311,127742,127,19222,520,1,23907,0.0009999999999976694
34600000,3648,6835,128789,-1851,2862,122066,107,19226,520,1,23908,0.0010000000000047748
34601000,5919,372,125873,9436,-1482,130957,102,19229,438,1,23909,0.0009999999999976694
34602000,13211,2547,125977,9199,-2346,120050,102,19222,418,0,23910,0.0009999999999976694
34603000,9125,-7349,125768,13513,-11863,132878,102,19230,418,0,23911,0.0010000000000047748
34604000,5256,-7252,129410,-1536,-9707,132243,102,19229,418,0,23912,0.0009999999999976694
34605000,4312,7492,130079,-2107,4708,125969,118,19224,483,1,23913,0.0009999999999976694
34606000,326,19496,132617,12936,14530,125945,109,19224,483,1,23914,0.0010000000000047748
34607004,1105,2585,127664,-5643,-559,128545,99,19229,446,1,23915,0.0010039999999946758
34608000,8139,-6585,126478,28,-11096,131182,99,19232,405,0,23916,0.000996000000000663
34609001,10783,-5408,128307,13026,-9224,127965,136,19222,557,0,23917,0.00100100000000225
34610000,6797,-2196,128602,11980,-6327,129179,102,19231,418,0,23918,0.0009990000000001942
34611000,2125,-36,132058,-16263,-3133,127289,106,19226,434,0,23919,0.0009999999999976694
34612000,-2268,10942,134564,-12332,8116,128781,149,19226,434,1,23920,0.0010000000000047748
34613000,-10695,4620,130870,3914,1290,133297,109,19231,610,1,23921,0.0009999999999976694
34614000,-1089,-1161,129636,-5197,-3839,123402,109,19228,446,1,23922,0.0009999999999976694
34615001,-601,-11612,127312,-9865,-15033,134144,100,19225,410,0,23923,0.00100100000000225
34616002,5916,6596,131278,-3156,1222,127020,123,19228,504,0,23924,0.00100100000000225
34617000,-5332,5887,130854,2957,4772,123944,118,19226,483,0,23925,0.0009979999999956135
34618000,-6145,7276,132972,-14711,6334,129311,125,19226,483,1,23926,0.0009999999999976694
34619000,-11379,-1152,129448,-18218,-2448,132014,114,19223,512,1,23927,0.0010000000000047748
34620000,-10341,8709,131735,-4160,6422,126266,114,19231,467,1,23928,0.0009999999999976694
34621000,-2414,10031,129367,-10630,8329,124565,101,19233,414,1,23929,0.0009999999999976694
34622000,-6467,-5264,125673,-7340,-6408,130914,126,19219,516,0,23930,0.0010000000000047748
34623000,1155,-408,127025,-6851,-5416,129497,105,19231,430,0,23931,0.0009999999999976694
34624000,-3347,10267,128400,-6998,8826,124604,106,19231,430,0,23932,0.0009999999999976694
34625000,-3075,13228,130787,-7106,9487,128815,146,19225,434,1,23933,0.0010000000000047748
34626000,-6860,9168,127034,-11314,4864,120336,146,19229,598,1,23934,0.0009999999999976694
34627000,-4112,2120,125674,-8068,-1116,129046,116,19231,475,1,23935,0.0009999999999976694
34628000,2511,3659,125559,-2264,1200,121413,103,19224,422,0,23936,0.0010000000000047748
34629000,-2028,-6476,123750,485,-10208,128956,119,19234,487,0,23937,0.0009999999999976694
34630000,2942,2619,126854,-7719,-1314,122802,106,19234,487,0,23938,0.0009999999999976694
34631000,-2995,10389,126060,-5754,8707,123223,117,19232,434,0,23939,0.0010000000000047748
34632000,-123,9631,126178,1866,4023,125967,117,19224,479,1,23940,0.0009999999999976694
34633000,-3676,8565,127360,-4607,-2338,122300,129,19230,528,1,23941,0.0009999999999976694
34634000,4776,6059,125031,-3352,3660,127672,102,19232,418,1,23942,0.0010000000000047748
34635001,8243,6367,126078,10425,1390,118965,117,19227,479,0,23943,0.0010009999999951447
34636000,8175,-4540,121798,6415,-9408,129980,109,19227,446,0,23944,0.0009990000000001942
34637000,7001,-7260,125710,-744,-10113,123651,115,19228,446,0,23945,0.0010000000000047748
34638000,1762,5082,126696,1320,5317,122590,144,19228,471,1,23946,0.0009999999999976694
34639000,4815,13739,130949,5982,9693,126708,144,19229,590,1,23947,0.0009999999999976694
34640000,5491,3178,124813,6035,-2276,123842,116,19231,475,1,23948,0.0010000000000047748
34641000,9278,-4367,125596,5085,-3945,130296,100,19228,410,1,23949,0.0009999999999976694
34642000,9990,-1142,126976,3407,-4426,114840,136,19228,557,0,23950,0.0009999999999976694
34643000,9522,-3403,127385,14655,-9825,136500,104,19234,557,0,23951,0.0010000000000047748
34644000,1551,-7881,127413,-2357,-9668,132322,105,19228,426,0,23952,0.0009999999999976694
34645000,679,2092,128673,-7432,782,124493,105,19224,430,1,23953,0.0009999999999976694
34646001,1618,15941,130946,9016,15109,123053,117,19227,479,1,23954,0.00100100000000225
34647001,3523,8009,128989,-2109,774,126881,108,19229,442,1,23955,0.0009999999999976694
34648000,10520,-4620,127072,277,-5945,138089,117,19219,479,0,23956,0.0009990000000001942
34649000,5018,-5580,128574,16426,-8007,119437,95,19219,479,0,23957,0.0010000000000047748
34650000,5020,-9267,127432,-2779,-15148,135078,107,19226,389,0,23958,0.0009999999999976694
34651000,-369,175,134498,-11544,-2435,125473,107,19230,438,0,23959,0.0009999999999976694
34652000,-3016,5476,132034,-90,1760,131322,131,19223,537,1,23960,0.0010000000000047748
34653000,-8987,12591,131467,-6477,11090,122950,116,19230,475,1,23961,0.0009999999999976694
34654000,-3098,-2291,129194,-17075,-6978,127139,101,19229,414,1,23962,0.0009999999999976694
34655000,2698,-11705,127601,2558,-16136,141132,150,19229,414,0,23963,0.0010000000000047748
34656001,1472,1796,129540,2892,-1304,122658,105,19234,614,0,23964,0.0010009999999951447
34657002,-4203,10122,133557,-13830,7247,127662,105,19230,430,0,23965,0.00100100000000225
34658001,-5497,366,129448,-13514,-3505,128322,108,19224,442,1,23966,0.0009990000000001942
34659000,-9063,5474,131287,-6944,3728,134374,133,19229,545,1,23967,0.0009990000000001942
34660000,-6407,12903,128834,-3820,9177,127694,109,19232,446,1,23968,0.0009999999999976694
34661001,-5243,8510,129691,-15236,4996,121176,109,19232,446,1,23969,0.00100100000000225
34662000,-637,-6900,127291,-10694,-9841,134753,128,19218,446,0,23970,0.0009990000000001942
34663000,-3425,-3739,126450,1181,-6786,128145,128,19233,524,0,23971,0.0009999999999976694
34664000,-1743,8437,128381,-9839,4312,123637,100,19228,410,0,23972,0.0010000000000047748
34665000,-6509,10834,128695,-10204,8818,129219,122,19224,500,1,23973,0.0009999999999976694
34666000,-6517,11213,127609,-8573,6805,122986,117,19230,479,1,23974,0.0009999999999976694
34667000,-625,9765,129433,-12231,8231,126521,104,19230,479,1,23975,0.0010000000000047748
34668000,7,8817,125503,7380,3273,126437,143,19227,426,0,23976,0.0009999999999976694
34669000,3752,-7832,122660,-2525,-10860,127607,143,19234,586,0,23977,0.0009999999999976694
34670000,220,1449,126023,-6193,-5462,127167,106,19228,434,0,23978,0.0010000000000047748
34671000,4193,8702,126588,-1681,9004,120078,108,19224,442,0,23979,0.0009999999999976694
34672000,-2372,17735,126123,7510,17533,121931,150,19234,614,1,23980,0.0009999999999976694
34673000,-2754,4651,124881,-11193,-346,124416,111,19234,614,1,23981,0.0010000000000047748
34674000,6498,4233,124959,-4260,-1511,124783,103,19237,455,1,23982,0.0009999999999976694
34675001,7117,8964,123676,17658,6112,119542,103,19225,422,0,23983,0.00100100000000225
34676000,10603,-3106,123875,4220,-7129,129200,84,19228,344,0,23984,0.0009990000000001942
34677000,5515,-3028,127845,-2244,-5364,125533,110,19228,451,0,23985,0.0009999999999976694
34678000,5699,1434,126761,8388,3249,130027,122,19222,500,1,23986,0.0009999999999976694
34679000,1306,13056,129152,1194,14186,119836,113,19222,463,1,23987,0.0009999999999976694
34680000,7464,9628,126636,-6226,3515,124668,100,19230,463,1,23988,0.0010000000000047748
34681009,10747,83,124183,11105,-3878,126178,129,19228,410,0,23989,0.0010089999999962629
34682000,9872,-98,127267,3648,-7738,126422,129,19222,528,0,23990,0.000990999999999076
34683003,9098,-15674,128235,14405,-17811,134493,98,19231,401,0,23991,0.001003000000004306
34684000,4098,7712,130450,-877,1489,124327,101,19228,414,0,23992,0.0009969999999981383
34685000,1279,1896,130857,-6416,-6285,135774,137,19228,561,1,23993,0.0009999999999976694
34686000,306,13007,131080,7895,7949,119976,113,19229,561,1,23994,0.0010000000000047748
34687000,1919,13247,130142,-4955,5192,124941,105,19230,463,1,23995,0.0009999999999976694
34688001,8971,-9193,127933,374,-10808,133690,105,19220,430,0,23996,0.00100100000000225
34689000,11283,-6258,129627,18167,-8932,126097,134,19234,549,0,23997,0.0009990000000001942
34690000,4226,-10153,126804,2590,-11349,139856,106,19226,434,0,23998,0.0009999999999976694
34691000,-1084,8053,132430,-19384,9002,120006,112,19226,459,1,23999,0.0009999999999976694
34692002,-2577,7284,132816,-4369,2173,133950,115,19220,459,1,24000,0.0010019999999997253
34693000,-6857,-330,130774,10378,-4254,132681,99,19229,471,1,24001,0.000998000000002719
34694000,-979,-4694,129307,-20803,-9764,125785,99,19234,405,1,24002,0.0009999999999976694
34695000,-1585,-6940,130040,-10483,-7188,140416,119,19232,487,0,24003,0.0010000000000047748
34696000,3967,8180,129864,13472,4644,116127,97,19228,397,0,24004,0.0009999999999976694
34697000,-5217,-371,131336,-12689,-4869,137818,109,19228,446,0,24005,0.0009999999999976694
34698000,-9102,438,130162,-22751,-1023,128571,146,19228,446,1,24006,0.0010000000000047748
34699000,-8444,10803,132421,-3483,7756,127064,119,19228,598,1,24007,0.0009999999999976694
34700000,-5111,7202,129958,-6063,3495,132637,119,19229,487,1,24008,0.0009999999999976694
34701000,-1651,6940,131873,-10664,5398,121291,100,19227,410,0,24009,0.0010000000000047748
34702000,-5979,-11799,124272,-10079,-16200,137200,164,19233,672,0,24010,0.0009999999999976694
34703000,-238,6370,127128,-3696,3548,118666,107,19227,438,0,24011,0.0009999999999976694
34704000,-4457,5453,128356,-7871,2655,130787,113,19227,438,0,24012,0.0010000000000047748
34705001,-6671,3444,128239,-6804,103,123755,121,19224,463,1,24013,0.0010009999999951447
34706000,-6107,7654,128442,-14053,5161,128334,121,19225,496,1,24014,0.0009990000000001942
34707000,-1882,7394,126025,-9001,3363,129139,107,19235,438,1,24015,0.0010000000000047748
34708000,3059,6767,125577,9783,4775,114559,116,19227,475,0,24016,0.0009999999999976694
34709000,849,-12165,122936,-3694,-14956,134977,94,19229,385,0,24017,0.0009999999999976694
34710000,3054,5728,125095,-9419,516,124077,109,19229,385,0,24018,0.0010000000000047748
34711001,-2595,5848,126493,3160,3620,124471,137,19228,446,1,24019,0.0010009999999951447
34712000,-3117,17561,127814,-1983,16057,125471,137,19221,561,1,24020,0.0009990000000001942
34713000,96,6445,126177,-10428,4541,120927,113,19231,463,1,24021,0.0010000000000047748
34714000,6840,-1623,124039,8222,-5334,123313,97,19231,397,0,24022,0.0009999999999976694
34715000,9590,2436,123284,10997,1475,121469,124,19231,508,0,24023,0.0009999999999976694
34716000,5352,-2788,123759,-1745,-5727,126737,111,19231,508,0,24024,0.0010000000000047748
34717000,3945,-190,127377,5790,-3773,124343,116,19225,455,0,24025,0.0009999999999976694
34718000,3206,-3812,126881,5958,-8499,132819,116,19223,475,1,24026,0.0009999999999976694
34719000,1373,21817,132691,-7573,21002,125597,125,19228,512,1,24027,0.0010000000000047748
34720000,9488,8020,124166,8620,5875,115927,105,19234,430,1,24028,0.0009999999999976694
34721001,9981,-2188,126136,13496,-4057,127787,106,19223,434,0,24029,0.00100100000000225
34722000,10427,-4841,124884,-2399,-8316,131872,96,19223,393,0,24030,0.0009990000000001942
34723000,5746,-18559,124342,13547,-22761,132856,110,19233,393,0,24031,0.0009999999999976694
34724000,1867,5678,132754,6059,715,123864,110,19228,451,1,24032,0.0009999999999976694
34725000,947,11839,129569,-15764,7323,126312,124,19224,508,1,24033,0.0010000000000047748
34726000,898,9070,132627,6674,3204,130093,113,19228,463,1,24034,0.0009999999999976694
34727000,2790,-1457,128337,7196,-8967,129066,101,19229,414,1,24035,0.0009999999999976694
34728000,8213,-11704,125914,-7704,-17078,129416,144,19229,590,0,24036,0.0010000000000047748
34729001,9001,-2031,131312,13646,-4245,127436,105,19229,590,0,24037,0.0010009999999951447
34730000,4075,-6665,127747,-6756,-10599,131413,105,19233,430,0,24038,0.0009990000000001942
34731000,943,13806,135863,-21847,13463,119926,105,19228,430,1,24039,0.0010000000000047748
34732000,-5624,10453,133332,10306,1223,128837,143,19229,586,1,24040,0.0009999999999976694
34733000,-9031,-4321,131054,-54,-6892,136562,107,19233,438,1,24041,0.0009999999999976694
34734000,-2008,-9935,127804,-26411,-15584,132202,104,19233,426,0,24042,0.0010000000000047748
34735001,-444,-3788,130310,3140,973,131841,103,19224,426,0,24043,0.0010009999999951447
34736000,3012,9366,130606,8430,9257,117722,109,19229,422,0,24044,0.0009990000000001942
34737000,-7251,1601,130511,-21102,-3542,131654,109,19227,446,0,24045,0.0010000000000047748
34738000,-6960,2143,130150,-17079,-1758,135525,125,19220,512,1,24046,0.0009999999999976694
34739000,-9168,3017,128224,-2511,409,128202,116,19229,475,1,24047,0.0009999999999976694
34740000,-5129,16228,131710,-10147,13065,117973,102,19229,418,1,24048,0.0009999999999976694
34741000,-1991,2066,127453,-12015,-5700,126242,132,19229,418,0,24049,0.0010000000000047748
34742000,-4253,-14018,124956,-1884,-16067,140630,102,19221,541,0,24050,0.0009999999999976694
34743000,95,2834,127284,-8362,1808,116866,102,19231,418,0,24051,0.0009999999999976694
34744000,-6555,17358,127810,-11094,14713,116472,109,19224,446,1,24052,0.0010000000000047748
34745000,-8274,8964,129035,-6370,4066,128724,151,19228,618,1,24053,0.0009999999999976694
34746000,-7303,-5544,125856,-15851,-7604,127470,117,19231,479,1,24054,0.0009999999999976694
34747000,-1713,7612,127449,-6372,5040,126664,104,19231,479,1,24055,0.0010000000000047748
34748000,388,5762,125393,7395,2922,116588,111,19222,426,0,24056,0.0009999999999976694
34749000,1982,-3549,123017,-5366,-9008,129052,111,19230,455,0,24057,0.0009999999999976694
34750002,2372,6489,127837,-8698,4733,130229,112,19229,459,0,24058,0.0010019999999997253
34751000,-2288,11400,125012,1797,8648,122274,124,19219,508,1,24059,0.000998000000002719
34752000,-2567,18091,128922,-2780,15452,120570,122,19227,500,1,24060,0.0009999999999976694
34753000,4039,3214,122882,-3929,-238,125626,100,19227,500,1,24061,0.0010000000000047748
34754000,10562,-1005,124791,12831,-4707,135979,117,19231,410,0,24062,0.0009999999999976694
34755000,7601,1531,121853,1915,-4599,116144,117,19228,479,0,24063,0.0009999999999976694
34756000,11435,2165,126788,4460,-1054,123867,103,19224,422,0,24064,0.0010000000000047748
34757000,698,-7173,124175,10873,-9630,130780,113,19228,463,0,24065,0.0009999999999976694
34758000,4184,3840,127973,-6239,1842,122569,149,19227,610,1,24066,0.0009999999999976694
34759000,2781,20778,130738,3161,20139,127403,116,19227,610,1,24067,0.0010000000000047748
34760000,8858,7166,125488,10887,6530,119005,96,19231,475,1,24068,0.0009999999999976694
34761002,10315,-2810,128465,4905,-6954,128940,96,19228,393,0,24069,0.0010019999999997253
34762000,10579,-6332,126792,5307,-8749,129777,142,19230,582,0,24070,0.000998000000002719
34763000,7177,-9462,126235,13296,-14383,133293,112,19230,459,0,24071,0.0009999999999976694
34764000,-787,11211,132560,-1532,4660,125637,114,19225,467,1,24072,0.0009999999999976694
34765003,3323,3869,128999,-8565,3840,125102,117,19225,467,1,24073,0.001003000000004306
34766001,3015,14976,131705,17295,13429,128183,107,19233,479,1,24074,0.0009979999999956135
34767002,4675,-1635,127281,-6335,-1925,130051,117,19232,438,1,24075,0.00100100000000225
34768000,11443,-11970,128434,-4916,-12779,126296,117,19217,479,0,24076,0.000998000000002719
34769000,5663,5773,131373,30149,906,131527,91,19228,373,0,24077,0.0009999999999976694
34770000,3625,-12580,127336,-4044,-18935,131564,103,19226,422,0,24078,0.0009999999999976694
34771000,-1528,14496,136013,-23949,9992,123398,131,19226,537,1,24079,0.0010000000000047748
34772000,-3993,1666,130789,3397,-845,133482,115,19223,537,1,24080,0.0009999999999976694
34773000,-6417,4747,130514,2172,1374,123334,99,19233,471,1,24081,0.0009999999999976694
34774000,455,-5504,129404,-23141,-13198,136598,99,19227,405,0,24082,0.0010000000000047748
34775000,466,-4444,126878,2519,-6219,125181,143,19233,586,0,24083,0.0009999999999976694
34776000,-996,9959,131689,1522,6315,122616,107,19227,438,0,24084,0.0009999999999976694
34777000,-7558,-5997,133184,-20298,-11639,136763,112,19227,459,0,24085,0.0010000000000047748
34778000,-8220,10083,130842,-12936,6099,124156,133,19226,459,1,24086,0.0009999999999976694
34779000,-8586,8550,129525,-11557,2301,131988,111,19227,545,1,24087,0.0009999999999976694
34780000,-1668,12096,129441,-2660,9727,122465,111,19233,455,1,24088,0.0010000000000047748
34781000,-5113,-2070,126185,-5806,-6131,128210,114,19218,467,0,24089,0.0009999999999976694
34782000,-2145,-6088,126865,-12198,-4862,130712,132,19233,541,0,24090,0.0009999999999976694
34783001,21,4,126650,-3959,39,123317,103,19228,422,0,24091,0.00100100000000225
34784000,-3067,10084,127834,-1184,7765,126597,122,19228,422,1,24092,0.0009990000000001942
34785000,-9454,7832,125566,-11670,6643,126195,116,19224,500,1,24093,0.0009999999999976694
34786000,-7818,7148,127249,-16743,4869,121295,116,19227,475,1,24094,0.0010000000000047748
34787000,1278,5279,127515,1834,-8,130429,103,19233,422,0,24095,0.0009999999999976694
34788000,700,-3160,124360,1236,-6680,122861,145,19231,594,0,24096,0.0009999999999976694
34789000,839,-7991,125215,-5144,-8772,132337,105,19226,430,0,24097,0.0010000000000047748
34790000,-1164,5737,126828,-6895,1189,120352,108,19226,430,0,24098,0.0009999999999976694
34791000,-2270,6441,126361,-3467,3752,129272,153,19226,442,1,24099,0.0009999999999976694
34792000,-2712,10930,126854,15,8688,125752,153,19227,627,1,24100,0.0010000000000047748
34793000,1159,10978,123475,-2636,5805,117146,111,19231,455,1,24101,0.0009999999999976694
34794000,8958,8714,126960,4604,5115,131060,102,19224,418,0,24102,0.0009999999999976694
34795002,9783,-5160,121697,10217,-9458,123865,97,19230,397,0,24103,0.0010019999999997253
34796000,6184,-4279,126867,7286,-8559,130891,117,19230,397,0,24104,0.000998000000002719
34797001,4498,6843,126191,236,2962,123053,126,19224,479,1,24105,0.00100100000000225
34798000,3659,8400,128212,2925,5711,123411,126,19221,516,1,24106,0.0009990000000001942
34799000,3470,5315,127683,6600,1463,129993,113,19231,463,1,24107,0.0009999999999976694
34800000,8612,1729,124746,155,-1679,124434,101,19231,414,1,24108,0.0009999999999976694
34801000,11004,3073,125843,5342,-1458,123981,131,19224,537,0,24109,0.0010000000000047748
34802000,11762,-5412,129679,16684,-6097,125200,99,19224,537,0,24110,0.0009999999999976694
34803000,5330,-13753,126822,8282,-17809,138779,100,19234,405,0,24111,0.0009999999999976694
34804000,3330,7798,132397,-9881,3090,127605,100,19227,410,1,24112,0.0009999999999976694
34805000,88,10754,131306,4368,7343,124684,136,19231,557,1,24113,0.0010000000000047748
34806000,737,17281,130687,9772,14425,123866,113,19233,463,1,24114,0.0009999999999976694
34807000,6610,-8312,127795,-10552,-10485,131990,101,19226,414,1,24115,0.0009999999999976694
34808001,9397,-17202,128515,10116,-21949,136502,135,19226,414,0,24116,0.00100100000000225
34809000,6807,6603,129936,20541,1806,123960,104,19231,553,0,24117,0.0009990000000001942
34810000,-480,2789,130831,-17065,-610,125044,104,19232,426,0,24118,0.0009999999999976694
34811000,291,7748,133299,-11490,4611,128127,113,19220,463,1,24119,0.0010000000000047748
34812002,-7784,-4683,128729,11063,-10406,143295,117,19233,479,1,24120,0.0010019999999997253
34813000,-5848,12461,131523,-13055,7219,121727,101,19230,414,1,24121,0.0009979999999956135
34814000,3146,1114,131294,-19500,-554,123182,120,19230,491,0,24122,0.0010000000000047748
34815000,2923,-5106,128367,11035,-14570,129927,108,19221,491,0,24123,0.0009999999999976694
34816000,-1219,2537,128431,-1331,-1590,126760,113,19229,442,0,24124,0.0009999999999976694
34817000,-8655,2484,131080,-21887,-441,128648,113,19224,463,1,24125,0.0010000000000047748
34818000,-6840,5420,130830,-9094,1681,128717,148,19227,606,1,24126,0.0009999999999976694
34819000,-9252,3127,130623,-6252,-2631,133375,117,19229,479,1,24127,0.0009999999999976694
34820001,-3257,5871,129269,-12033,4572,121838,100,19229,410,1,24128,0.00100100000000225
34821000,-3658,804,127011,-10065,-6013,130484,168,19229,410,0,24129,0.0009990000000001942
34822000,-3065,-5197,126186,-4635,-8298,128413,112,19232,688,0,24130,0.0009999999999976694
34823000,-1412,7584,128123,-3941,5749,123911,112,19230,459,0,24131,0.0010000000000047748
34824001,-7736,5088,128306,-7475,869,127384,114,19222,467,1,24132,0.0010009999999951447
34825000,-8603,15878,130754,-8630,8486,121426,123,19230,504,1,24133,0.0009990000000001942
34826000,-4043,3726,124978,-7421,-1163,129805,107,19230,438,1,24134,0.0010000000000047748
34827000,-1728,6816,127992,-1756,6563,124682,118,19233,438,0,24135,0.0009999999999976694
34828000,-182,646,123216,-7038,-2789,122915,93,19226,483,0,24136,0.0009999999999976694
34829002,912,-2667,123273,-848,868,128070,93,19230,381,0,24137,0.0010019999999997253
34830000,2965,1822,126480,918,-977,124357,100,19232,410,0,24138,0.000998000000002719
34831000,-3550,3723,124848,3090,-674,121464,131,19223,537,1,24139,0.0009999999999976694
34832000,-1717,10331,125593,-9080,6577,128333,113,19232,463,1,24140,0.0010000000000047748
34833000,4683,6509,125280,-2519,2929,120991,97,19232,463,1,24141,0.0009999999999976694
34834001,9113,11215,125890,17733,6519,119750,111,19230,397,0,24142,0.00100100000000225
34835000,8040,-6966,122544,2797,-13068,129675,111,19232,455,0,24143,0.0009990000000001942
34836000,4366,-4285,125649,-3925,-5142,130317,110,19228,451,0,24144,0.0009999999999976694
34837002,6204,982,126552,10442,-1283,124827,113,19224,463,1,24145,0.0010019999999997253
34838002,585,13049,127660,3272,10595,119931,129,19232,528,1,24146,0.0009999999999976694
34839000,2668,9420,129870,-1625,6443,128568,108,19232,528,1,24147,0.000998000000002719
34840000,9213,-9540,122839,5792,-13436,123093,108,19232,442,1,24148,0.0009999999999976694
34841001,10836,1510,125991,10543,-2883,128434,108,19219,442,0,24149,0.00100100000000225
34842002,9038,-3193,126142,11007,-5492,126874,85,19231,348,0,24150,0.00100100000000225
34843002,5645,-5001,127778,-300,-9558,128575,101,19229,414,0,24151,0.0009999999999976694
34844000,3839,1932,131280,-1198,-3126,135090,124,19223,508,1,24152,0.000998000000002719
34845000,2696,15681,130774,5344,11988,122507,118,19223,508,1,24153,0.0009999999999976694
34846000,-492,9016,129020,-1407,5595,125074,101,19227,483,1,24154,0.0009999999999976694
34847002,7637,-4443,126886,-1970,-8379,127291,101,19226,414,0,24155,0.0010019999999997253
34848002,10733,-15940,129119,9810,-21051,144632,144,19227,590,0,24156,0.0010000000000047748
34849000,4689,-4886,126995,18715,-9804,114965,103,19225,422,0,24157,0.0009979999999956135
34850000,2898,5724,133108,-23910,2450,129087,108,19226,442,0,24158,0.0010000000000047748
34851000,-6357,11923,132678,-6021,10031,125988,154,19226,442,1,24159,0.0009999999999976694
34852000,-4950,-1944,130401,4145,-3370,129703,111,19228,631,1,24160,0.0009999999999976694
34853000,-6584,3842,131486,-10557,925,133083,111,19231,455,1,24161,0.0010000000000047748
34854000,359,-8299,127838,-11002,-11031,126829,103,19220,422,0,24162,0.0009999999999976694
34855000,3257,10098,133887,-1452,5050,127902,116,19229,475,0,24163,0.0009999999999976694
34856000,-4227,772,129300,4780,-1478,127901,116,19227,475,0,24164,0.0010000000000047748
34857001,-6220,4597,130358,-18901,1693,131080,131,19227,537,1,24165,0.0010009999999951447
34858000,-14202,683,129211,-19348,790,129065,119,19222,537,1,24166,0.0009990000000001942
34859000,-3544,12373,131006,-5011,10470,125488,104,19229,487,1,24167,0.0010000000000047748
34860000,-4394,10489,131160,-4228,11110,129134,104,19227,426,1,24168,0.0009999999999976694
34861000,-4035,-9424,124454,-9207,-9473,125639,133,19217,545,0,24169,0.0009999999999976694
34862000,1111,-1513,126954,-11379,-8710,130355,97,19231,397,0,24170,0.0010000000000047748
34863000,-3567,7002,127457,2767,3351,118656,104,19231,426,0,24171,0.0009999999999976694
34864000,-2432,15312,128533,-7749,10550,128461,143,19228,426,1,24172,0.0009999999999976694
34865002,-9125,934,125795,-15777,-8330,129522,119,19235,586,1,24173,0.0010019999999997253
34866000,-755,9946,127967,-8656,3881,121678,119,19226,487,1,24174,0.000998000000002719
34867000,383,6472,127528,979,-424,126746,105,19224,430,0,24175,0.0009999999999976694
34868000,951,-5584,124259,1473,-8404,126288,99,19232,405,0,24176,0.0009999999999976694
34869000,892,210,125241,-6009,-4765,126830,107,19232,438,0,24177,0.0010000000000047748
34870000,-1524,10790,126044,-4110,9804,120396,121,19229,438,0,24178,0.0009999999999976694
34871000,-1910,12814,128259,-2977,8512,123682,127,19218,496,1,24179,0.0009999999999976694
34872000,-2633,5323,125943,-5193,-2930,126134,127,19227,520,1,24180,0.0010000000000047748
34873000,8330,6743,123400,-4160,3293,122966,99,19234,405,1,24181,0.0009999999999976694
34874000,8902,1243,124598,16559,-4638,126538,120,19230,491,0,24182,0.0009999999999976694
34875000,9545,-119,124472,5738,-6035,118484,101,19229,414,0,24183,0.0010000000000047748
34876001,8067,-9563,125985,-1475,-15421,134288,112,19229,414,0,24184,0.0010009999999951447
34877000,52,2657,127076,8139,1633,123139,149,19226,459,1,24185,0.0009990000000001942
34878001,5651,16247,128466,-1656,12786,120596,149,19229,610,1,24186,0.00100100000000225
34879001,5358,7299,126266,9415,3725,127337,115,19227,471,1,24187,0.0009999999999976694
34880001,11323,-743,125211,6929,-5375,124418,99,19225,405,0,24188,0.0010000000000047748
34881000,10459,453,126369,3878,-852,128259,128,19232,524,0,24189,0.0009990000000001942
34882000,8607,-6326,127134,15120,-11281,130385,103,19232,524,0,24190,0.0009999999999976694
34883000,5637,-9347,128652,404,-8707,135224,109,19231,422,0,24191,0.0009999999999976694
34884000,85,11149,130506,-6710,4919,117878,109,19224,446,1,24192,0.0010000000000047748
34885000,2562,5097,130434,685,1277,130771,110,19231,451,1,24193,0.0009999999999976694
34886000,1618,2696,129050,3750,-987,128501,107,19231,438,1,24194,0.0009999999999976694
34887002,7690,-5259,128183,671,-10621,126567,120,19221,491,0,24195,0.0010019999999997253
34888001,7536,-4000,129781,7694,-5108,127831,96,19221,491,0,24196,0.0009990000000001942
34889002,3647,-7195,128691,8202,-10192,132111,105,19231,393,0,24197,0.00100100000000225
34890000,2247,-1853,131565,-13350,-5973,134188,105,19230,430,1,24198,0.000998000000002719
34891001,-7198,12484,132720,-4735,9869,120528,137,19226,561,1,24199,0.0010009999999951447
34892002,-7682,194,129268,-3393,-3163,131497,116,19230,475,1,24200,0.00100100000000225
34893000,-947,-1157,130862,-19163,-4595,130962,99,19227,405,1,24201,0.000998000000002719
34894000,-858,-13002,125882,-111,-18014,137592,148,19227,405,0,24202,0.0009999999999976694
34895001,5284,11412,130053,4259,5873,123016,107,19233,606,0,24203,0.00100100000000225
34896000,-7030,6938,132064,-14815,5194,123522,107,19224,438,0,24204,0.0009990000000001942
34897000,-2647,-11347,130089,-14441,-15072,141747,113,19223,463,1,24205,0.0009999999999976694
34898000,-9979,8728,130706,-5605,5227,127502,136,19228,557,1,24206,0.0009999999999976694
34899000,-9702,13698,131164,-11481,10822,124831,109,19230,446,1,24207,0.0010000000000047748
34900000,-2693,14435,128896,-12622,11806,122845,111,19230,446,1,24208,0.0009999999999976694
34901000,-4194,-12944,125906,-5834,-15671,135832,116,19218,455,0,24209,0.0009999999999976694
34902000,-955,2906,128290,-2226,-5495,132474,116,19230,475,0,24210,0.0010000000000047748
34903000,-4658,5796,128291,-12242,2636,116299,102,19226,418,0,24211,0.0009999999999976694
34904000,-2883,16545,130863,-6704,14216,123407,128,19219,524,1,24212,0.0009999999999976694
34905000,-8850,-1035,123247,-2751,-4591,132498,119,19230,487,1,24213,0.0010000000000047748
34906001,-3349,9336,126549,-17002,3150,121672,102,19230,418,1,24214,0.0010009999999951447
34907000,356,11865,127048,-2373,10439,125542,141,19229,418,0,24215,0.0009990000000001942
34908000,4521,217,124106,6302,-4168,122718,114,19233,577,0,24216,0.0010000000000047748
34909000,4645,-7671,126518,-3861,-11460,135523,114,19231,467,0,24217,0.0009999999999976694
34910000,-1834,8336,124745,-5546,133,113830,113,19223,463,1,24218,0.0009999999999976694
34911000,-1935,24444,127180,-1085,16685,123961,157,19231,643,1,24219,0.0010000000000047748
34912000,113,3334,124035,-1210,1785,121815,109,19231,446,1,24220,0.0009999999999976694
34913000,6092,3222,124828,589,-3570,127672,103,19233,446,0,24221,0.0009999999999976694
34914000,7601,-3622,123934,4698,-7713,123771,85,19223,422,0,24222,0.0010000000000047748
34915000,7714,6728,127930,8307,-1383,120414,85,19225,348,0,24223,0.0009999999999976694
34916000,5425,-8099,125236,5320,-15093,136110,112,19227,459,0,24224,0.0009999999999976694
34917000,2263,4657,127444,3508,5322,121425,124,19220,508,1,24225,0.0010000000000047748
34918000,2478,10686,130081,3141,3548,126821,111,19220,455,1,24226,0.0009999999999976694
34919000,5972,15095,126323,7215,9426,119739,99,19232,455,1,24227,0.0009999999999976694
34920003,11145,5742,126722,6484,-4699,126786,133,19233,405,0,24228,0.001003000000004306
34921000,9226,-2579,126866,5280,-5651,130064,133,19226,545,0,24229,0.0009969999999981383
34922028,9599,-6231,127146,11862,-9584,126835,101,19232,414,0,24230,0.0010279999999980305
34923002,5394,-144,128825,-809,417,127954,102,19224,418,0,24231,0.0009739999999993643
34924001,1941,8487,130762,-1942,2852,129536,129,19228,528,1,24232,0.0009990000000001942
34925001,-1084,5455,128035,265,2349,126994,111,19228,528,1,24233,0.0010000000000047748
34926000,2965,9714,130163,-97,6514,124641,103,19230,455,1,24234,0.0009990000000001942
34927000,10160,-9545,127375,4796,-15397,129361,103,19222,422,0,24235,0.0009999999999976694
34928000,10349,-6331,131294,15626,-9339,129030,126,19231,516,0,24236,0.0009999999999976694
34929000,3487,-5633,129080,238,-10456,136509,105,19229,430,0,24237,0.0009999999999976694
34930003,103,1543,131951,-15112,2794,124270,114,19220,467,1,24238,0.001003000000004306
34931000,-6519,15598,134654,-3197,9189,123494,115,19220,467,1,24239,0.0009969999999981383
34932003,-7111,-4947,128024,5609,-8810,135503,98,19232,471,1,24240,0.001003000000004306
34933000,-2671,-8614,129679,-20184,-11413,130493,98,19231,401,1,24241,0.0009969999999981383
34934001,-2714,-726,130218,-7571,-4724,126413,125,19226,512,0,24242,0.0010009999999951447
34935000,4357,4442,130440,10239,1875,126614,101,19225,414,0,24243,0.0009990000000001942
34936001,-8560,2328,131885,-13467,-997,129683,108,19226,442,0,24244,0.00100100000000225
34937000,-9476,2108,129633,-22322,-1625,132084,147,19226,442,1,24245,0.0009990000000001942
34938002,-6877,6863,130300,-7072,4280,130085,113,19227,602,1,24246,0.0010019999999997253
34939002,-5487,10132,129657,-1182,7178,123760,113,19233,463,1,24247,0.0009999999999976694
34940001,-345,3481,128140,-11522,792,125855,100,19225,410,0,24248,0.0009990000000001942
34941000,-5068,-6652,124326,-11360,-10141,130787,171,19235,700,0,24249,0.0009990000000001942
34942000,435,1709,127811,-3358,-2210,126172,103,19226,422,0,24250,0.0010000000000047748
34943000,-4132,4289,126510,-4104,928,122595,110,19226,422,1,24251,0.0009999999999976694
34944000,-8159,11394,128651,-9364,6872,123632,114,19221,451,1,24252,0.0009999999999976694
34945000,-6252,4078,128442,-18690,2792,130581,114,19232,467,1,24253,0.0010000000000047748
34946003,-1630,6879,126444,-2992,2608,123084,109,19228,446,1,24254,0.0010029999999972006
34947000,3090,5759,125072,8625,3394,127286,118,19225,483,0,24255,0.0009969999999981383
34948002,510,-2815,124615,-5374,-5740,121963,96,19231,393,0,24256,0.0010019999999997253
34949000,632,5136,127389,-5044,1121,126502,109,19231,446,0,24257,0.000998000000002719
34950000,-814,6791,125450,-2558,2822,129599,138,19228,446,1,24258,0.0009999999999976694
34951000,-5549,17478,126673,-2280,13986,118124,112,19223,565,1,24259,0.0010000000000047748
34952002,1064,6408,124336,-2633,5364,125542,112,19230,459,1,24260,0.0010019999999997253
34953000,9267,6885,123106,-1378,146,122840,97,19229,397,0,24261,0.0009979999999956135
34954000,12079,812,126902,12123,1799,130167,115,19234,471,0,24262,0.0010000000000047748
34955000,9928,-6862,123351,8934,-12302,122199,111,19234,455,0,24263,0.0009999999999976694
34956000,1904,-3628,127367,2732,-4651,133030,119,19227,455,0,24264,0.0009999999999976694
34957002,3409,-68,126831,-1277,-1965,121021,130,19225,487,1,24265,0.0010019999999997253
34958002,4186,13397,127540,3048,13024,125835,130,19230,532,1,24266,0.0010000000000047748
34959002,5011,7419,125518,11174,9020,125102,105,19234,430,1,24267,0.0009999999999976694
34960000,11517,-1715,124930,-946,-5876,120340,108,19223,442,0,24268,0.000998000000002719
34961000,11452,-9982,128228,7049,-18066,139827,87,19223,356,0,24269,0.0009999999999976694
34962000,5612,-8340,126644,21928,-10221,127886,106,19231,356,0,24270,0.0009999999999976694
34963000,2387,8735,130713,-9174,6197,124537,124,19229,434,1,24271,0.0010000000000047748
34964000,-1684,15680,132392,-7134,13573,125185,124,19224,508,1,24272,0.0009999999999976694
34965000,257,5671,128367,9616,3475,128962,114,19228,467,1,24273,0.0009999999999976694
34966000,5291,-9101,128783,-4782,-15568,127821,100,19228,410,1,24274,0.0010000000000047748
34967000,10849,-7749,125742,3604,-9563,128536,146,19229,598,0,24275,0.0009999999999976694
34968000,10503,-491,129212,21748,-3470,133720,104,19229,598,0,24276,0.0009999999999976694
34969002,4440,-2652,130655,-13221,-3812,123051,109,19226,426,0,24277,0.0010019999999997253
34970000,821,3615,133979,-15774,1102,133773,109,19226,446,1,24278,0.000998000000002719
34971001,-10933,4717,133199,9334,-1063,126565,147,19228,602,1,24279,0.00100100000000225
34972003,-4806,1302,129378,-15754,-2418,128866,106,19235,434,1,24280,0.0010019999999997253
34973002,-186,-8245,129493,-9423,-12021,137353,104,19220,426,0,24281,0.0009990000000001942
34974000,601,-2619,128747,8320,-5279,123218,105,19220,426,0,24282,0.0009979999999956135
34975000,-530,3180,131529,-6485,40,124284,111,19230,430,0,24283,0.0010000000000047748
34976000,-8178,7021,132019,-17146,2370,124721,111,19233,455,0,24284,0.0009999999999976694
34977000,-9055,856,130554,-10096,-628,137120,129,19220,528,1,24285,0.0009999999999976694
34978000,-11594,934,129247,-9986,-3768,126221,115,19231,471,1,24286,0.0010000000000047748
34979000,-2194,11660,129366,-17731,8853,122812,101,19233,414,1,24287,0.0009999999999976694
34980000,-3975,-2385,127822,-2623,-6476,132058,133,19233,414,0,24288,0.0009999999999976694
34981000,-1602,-1611,126763,1478,-5971,125185,101,19221,545,0,24289,0.0010000000000047748
34982000,2649,-1059,127195,-12209,-4572,135455,101,19231,414,0,24290,0.0009999999999976694
34983000,-8749,15964,128820,-4126,15137,118564,106,19228,434,1,24291,0.0009999999999976694
34984000,-5458,17058,128827,-12271,12922,122538,149,19228,610,1,24292,0.0010000000000047748
34985000,-6574,649,126677,-14491,-3396,134311,115,19229,471,1,24293,0.0009999999999976694
34986000,594,2853,126366,3939,-150,124393,107,19229,471,1,24294,0.0009999999999976694
34987000,-103,-544,124605,-4298,-2609,125580,100,19220,438,0,24295,0.0010000000000047748
34988000,1714,1340,123789,-7548,-3702,123262,100,19232,410,0,24296,0.0009999999999976694
34989000,3190,3965,125763,2536,-509,130007,110,19228,451,0,24297,0.0009999999999976694
34990000,-4768,5398,125106,-3629,2700,123174,119,19219,487,1,24298,0.0009999999999976694
34991000,-508,7864,127332,-14019,6754,122638,124,19232,508,1,24299,0.0010000000000047748
34992002,1590,8533,126423,5861,8175,127740,102,19232,418,1,24300,0.0010019999999997253
34993002,8764,4850,123477,5653,-337,122847,121,19228,418,0,24301,0.0009999999999976694
34994000,7386,4707,125504,-3081,-1554,126591,112,19228,496,0,24302,0.000998000000002719
34995000,8732,-6826,123069,7709,-12210,126347,112,19227,459,0,24303,0.0009999999999976694
34996001,5433,-1562,126415,18105,-5680,128743,117,19227,479,0,24304,0.00100100000000225
34997000,1383,9575,128830,-9829,5295,124460,150,19225,614,1,24305,0.0009990000000001942
34998000,4924,13205,128027,-1670,11005,122049,115,19225,471,1,24306,0.0009999999999976694
34999000,9566,5585,125472,17671,1520,128119,101,19230,471,1,24307,0.0009999999999976694
35000001,9338,-1438,125776,2340,-2067,121023,129,19225,414,0,24308,0.00100100000000225
35001000,10458,1273,128692,5384,2031,132479,129,19231,528,0,24309,0.0009990000000001942
35002002,5206,-8904,128257,14932,-12915,131267,104,19236,426,0,24310,0.0010019999999997253
35003001,4604,2782,133765,-3570,-4917,131615,108,19224,442,1,24311,0.0009990000000001942
35004001,-4021,12650,131090,-1507,8230,119028,118,19224,483,1,24312,0.0009999999999976694
35005003,1274,14077,128656,4116,12621,125676,105,19226,483,1,24313,0.0010019999999997253
35006000,5512,-6075,128218,-3332,-4349,132513,116,19229,430,1,24314,0.0009970000000052437
35007000,10356,-9862,126830,2242,-8904,127670,116,19217,475,0,24315,0.0009999999999976694
35008000,5766,2948,131896,18358,-4949,129128,102,19229,418,0,24316,0.0009999999999976694
35009001,1365,-5091,130204,-2734,-8612,127774,109,19229,446,0,24317,0.00100100000000225
35010000,1450,11160,134299,-20153,1358,130884,135,19224,553,1,24318,0.0009990000000001942
35011000,-8819,2418,131103,4888,-2189,130227,116,19224,553,1,24319,0.0009999999999976694
35012000,-6002,2883,130878,-12937,-4038,125207,98,19233,475,1,24320,0.0010000000000047748
35013000,1080,4743,128447,-15085,-5166,128417,98,19228,401,0,24321,0.0009999999999976694
35014000,689,-4879,127232,12908,-8592,131532,147,19234,602,0,24322,0.0009999999999976694
35015000,435,-1472,130941,-4615,-2838,128252,106,19231,434,0,24323,0.0010000000000047748
35016000,-7815,10682,132748,-21588,7823,125796,111,19224,455,1,24324,0.0009999999999976694
35017000,-8949,5739,130636,-9463,3858,127426,134,19224,455,1,24325,0.0009999999999976694
35018000,-6881,1683,129557,-6908,-3345,131045,109,19229,549,1,24326,0.0010000000000047748
35019000,-4256,7310,129280,-10259,4629,125579,109,19229,446,1,24327,0.0009999999999976694
35020001,-3664,-342,125658,-9285,-3642,127864,111,19220,455,0,24328,0.00100100000000225
35021000,-1343,-634,128907,-2830,-3620,128192,113,19233,463,0,24329,0.0009990000000001942
35022000,-261,-1549,126027,-6044,-5115,127989,103,19225,422,0,24330,0.0009999999999976694
35023000,-5534,10499,130117,-10091,8237,122592,126,19225,422,1,24331,0.0009999999999976694
35024000,-7983,3422,127468,-6450,-1602,130649,117,19220,516,1,24332,0.0010000000000047748
35025002,-8018,12518,126010,-10898,9705,120188,117,19231,479,1,24333,0.0010019999999997253
35026002,320,12384,125428,-5542,6646,122991,100,19228,410,0,24334,0.0009999999999976694
35027000,-1032,-5821,125369,3549,-7470,129681,137,19233,561,0,24335,0.000998000000002719
35028000,2342,-131,124902,-6357,-2742,126642,111,19229,455,0,24336,0.0009999999999976694
35029000,-590,1110,126661,-4539,-2162,127371,112,19229,455,0,24337,0.0009999999999976694
35030000,-81,18147,126724,1839,15326,118231,157,19226,459,1,24338,0.0010000000000047748
35031000,-1685,4991,124244,-3260,2564,127917,157,19231,643,1,24339,0.0009999999999976694
35032000,3832,4875,123538,-2726,1147,124122,109,19232,446,1,24340,0.0009999999999976694
35033001,9564,5161,124876,7510,1299,122372,105,19223,430,0,24341,0.00100100000000225
35034000,10748,1294,124226,11586,-3308,123160,83,19229,340,0,24342,0.0009990000000001942
35035000,7173,-5450,125491,6027,-8205,127001,112,19229,340,0,24343,0.0009999999999976694
35036001,3635,-6256,124892,-1661,-12944,132949,125,19228,459,1,24344,0.00100100000000225
35037000,2380,20577,130605,6019,16938,118130,125,19224,512,1,24345,0.0009990000000001942
35038000,2246,1397,124603,6645,-2932,128280,114,19228,467,1,24346,0.0009999999999976694
35039000,8268,2246,128080,-1949,-1830,128187,98,19230,401,1,24347,0.0010000000000047748
35040000,11492,-565,126811,-423,-3746,122871,133,19229,545,0,24348,0.0009999999999976694
35041000,11100,1459,127182,25047,-4885,131571,99,19229,405,0,24349,0.0009999999999976694
35042000,4430,-6938,127254,7837,-12599,127423,101,19228,405,0,24350,0.0010000000000047748
35043000,3327,3953,131612,-16240,-1270,133091,135,19226,414,1,24351,0.0009999999999976694
35044002,1338,16788,130755,7502,12699,127032,135,19229,553,1,24352,0.0010019999999997253
35045000,1070,8253,129202,8885,5490,121001,113,19233,463,1,24353,0.000998000000002719
35046000,8177,-2029,129651,-8048,-3752,131415,104,19226,426,0,24354,0.0009999999999976694
35047000,8956,-17648,126538,11610,-23345,131999,127,19226,520,0,24355,0.0009999999999976694
35048000,5117,7485,132879,13196,-817,136184,103,19231,520,0,24356,0.0010000000000047748
35049000,542,6183,129868,-16176,-1650,115742,115,19234,422,0,24357,0.0009999999999976694
35050000,-2257,6814,134885,-3431,6756,137646,115,19217,471,1,24358,0.0009999999999976694
35051001,-5635,-7233,128250,1593,-11311,130921,109,19232,446,1,24359,0.00100100000000225
35052002,-4863,-1827,129529,-11566,-4355,129573,101,19232,414,1,24360,0.00100100000000225
35053000,3491,4661,131625,-12275,1309,125586,126,19232,516,0,24361,0.0009979999999956135
35054000,2352,1672,127222,7430,-5878,126191,99,19225,516,0,24362,0.0009999999999976694
35055000,-1998,-3085,131236,-1979,-5968,135234,109,19228,405,0,24363,0.0010000000000047748
35056030,-8098,-2051,130185,-11532,-6066,129358,109,19226,446,1,24364,0.0010300000000000864
35057000,-9074,7361,131173,-8518,6330,127993,153,19228,627,1,24365,0.0009699999999952524
35058000,-10427,12868,131377,-10050,6081,125677,117,19231,479,1,24366,0.0010000000000047748
35059000,-3200,58,127335,-6761,-1054,123831,100,19226,410,1,24367,0.0009999999999976694
35060000,-2525,-5561,127539,-8505,-9306,131885,155,19226,410,0,24368,0.0009999999999976694
35061000,-2772,298,125226,-4932,1161,123395,104,19228,635,0,24369,0.0010000000000047748
35062000,-1962,10737,129300,-10494,7303,125605,104,19237,426,0,24370,0.0009999999999976694
35063000,-5868,5093,125605,-9540,581,125040,114,19218,467,1,24371,0.0009999999999976694
35064000,-5809,1101,127929,-9308,-6615,133752,114,19226,467,1,24372,0.0010000000000047748
35065000,-4036,5002,128757,-6995,-2111,119445,108,19230,442,1,24373,0.0009999999999976694
35066000,-671,12390,126620,720,8751,121688,121,19230,442,0,24374,0.0009999999999976694
35067000,1015,-3876,125042,-5458,-7855,132228,103,19225,496,0,24375,0.0010000000000047748
35068001,-75,1185,124030,-2449,-898,119469,103,19229,422,0,24376,0.0010009999999951447
35069000,-80,6602,126504,-2868,4459,127873,109,19226,446,0,24377,0.0009990000000001942
35070000,-3039,12978,126504,288,10831,119236,141,19224,577,1,24378,0.0010000000000047748
35071000,-2647,3491,124371,-6208,-805,128966,112,19233,459,1,24379,0.0009999999999976694
35072000,8900,7864,125199,-3958,4892,121702,96,19233,459,1,24380,0.0009999999999976694
35073001,9177,9280,123113,15798,4226,114156,116,19227,393,0,24381,0.00100100000000225
35074000,12898,-9115,125983,8262,-14392,131055,116,19233,475,0,24382,0.0009990000000001942
35075000,5352,-10502,123332,2032,-13955,126783,117,19228,479,0,24383,0.0009999999999976694
35076000,3503,-1279,129180,5000,-4010,135193,117,19223,479,1,24384,0.0010000000000047748
35077000,806,15817,128942,303,13693,114908,128,19230,524,1,24385,0.0009999999999976694
35078000,5285,7918,127370,3328,5367,126942,105,19230,524,1,24386,0.0009999999999976694
35079000,8904,-1852,124018,6419,-6030,130911,110,19232,430,1,24387,0.0010000000000047748
35080000,10147,1932,125488,5227,-1704,119817,110,19223,451,0,24388,0.0009999999999976694
35081000,11421,-8615,126393,12561,-11858,133519,89,19231,365,0,24389,0.0009999999999976694
35082000,4790,-2687,129220,3722,-5835,123178,106,19228,434,0,24390,0.0010000000000047748
35083000,5177,-5203,129228,-1857,-11943,137575,125,19227,512,1,24391,0.0009999999999976694
35084000,-581,14317,130301,3159,11501,119285,111,19227,455,1,24392,0.0009999999999976694
35085000,687,4965,127951,-6395,2753,125446,100,19233,455,1,24393,0.0010000000000047748
35086000,7478,-5878,129083,2578,-7793,132091,153,19230,410,0,24394,0.0009999999999976694
35087000,8971,-16223,126686,5608,-19625,129487,153,19232,627,0,24395,0.0009999999999976694
35088002,6150,4127,131986,17147,-4223,135037,107,19229,438,0,24396,0.0010019999999997253
35089000,-1414,6319,129701,-13412,1345,122153,109,19222,446,0,24397,0.000998000000002719
35090000,-1480,9574,134150,-16401,6309,128822,145,19222,594,1,24398,0.0009999999999976694
35091000,-7928,4902,131184,10254,4046,130599,105,19230,594,1,24399,0.0010000000000047748
35092000,-4412,-9071,127617,-8173,-9457,128688,105,19229,430,1,24400,0.0009999999999976694
35093000,-1381,-8554,129007,-19930,-14569,135661,105,19224,430,0,24401,0.0009999999999976694
35094000,4497,6498,130418,1971,-1246,121403,106,19230,434,0,24402,0.0010000000000047748
35095000,-88,6902,130113,11732,3382,134881,110,19228,451,0,24403,0.0009999999999976694
35096000,-10802,4754,131339,-25070,-353,122401,126,19228,516,1,24404,0.0009999999999976694
35097000,-6494,-7917,130854,-26765,-8891,140558,113,19220,516,1,24405,0.0010000000000047748
35098000,-9638,21784,130293,7028,11496,111189,101,19228,463,1,24406,0.0009999999999976694
35099000,-2465,6546,127197,-11864,11093,134408,101,19234,414,1,24407,0.0009999999999976694
35100000,-6100,-6055,125900,-16042,-12687,125127,135,19222,553,0,24408,0.0010000000000047748
35101000,801,-6621,125469,-2261,-6372,131058,103,19231,422,0,24409,0.0009999999999976694
35102001,-1454,9912,131327,-2668,8700,121210,105,19227,430,0,24410,0.00100100000000225
35103001,-8700,16212,127895,-3690,8305,120255,139,19227,430,1,24411,0.0009999999999976694
35104000,-5859,-1010,126726,-16366,-7145,137253,115,19224,569,1,24412,0.0009990000000001942
35105000,-6122,4900,127610,-10310,4401,119996,115,19230,471,1,24413,0.0009999999999976694
35106000,2143,3808,127427,4025,-5926,128630,104,19222,426,0,24414,0.0010000000000047748
35107000,-1201,6237,123650,-2136,-225,118433,109,19230,446,0,24415,0.0009999999999976694
35108000,52,-4010,124600,-15143,-9373,131125,116,19227,475,0,24416,0.0009999999999976694
35109000,970,11491,128139,6697,11142,127469,124,19227,475,0,24417,0.0010000000000047748
35110000,-4045,23602,126206,-859,19846,113876,122,19221,508,1,24418,0.0009999999999976694
35111000,-570,5515,125277,-9887,1551,128014,122,19227,500,1,24419,0.0009999999999976694
35112000,7395,2801,124724,4100,-3412,123518,101,19231,414,1,24420,0.0010000000000047748
35113003,12892,-4638,122048,12545,-8845,129395,120,19230,491,0,24421,0.0010029999999972006
35114000,6717,3472,127171,4671,2213,120022,103,19224,422,0,24422,0.0009969999999981383
35115002,5343,-3979,125228,-5240,-9441,129128,112,19224,422,0,24423,0.0010019999999997253
35116001,3926,-436,126738,11637,-1940,130101,148,19226,459,1,24424,0.0009990000000001942
35117000,143,15725,129597,-1066,11090,119575,148,19233,606,1,24425,0.0009990000000001942
35118000,8551,-1313,127072,1730,-4982,128887,111,19231,455,1,24426,0.0009999999999976694
35119000,10467,14536,127056,12019,9461,114914,95,19224,389,0,24427,0.0010000000000047748
35120000,11088,-7850,126153,3053,-13097,134267,133,19230,545,0,24428,0.0009999999999976694
35121000,5090,-12877,126510,16603,-15252,130852,110,19230,545,0,24429,0.0009999999999976694
35122000,688,516,131179,-6414,-3480,127447,113,19228,451,0,24430,0.0010000000000047748
35123000,3461,9474,130888,-6771,5555,128295,113,19222,463,1,24431,0.0009999999999976694
35124000,-870,11538,130347,13436,9589,119826,111,19228,455,1,24432,0.0009999999999976694
35125000,6489,-1680,126438,-6246,-5580,132502,106,19230,434,1,24433,0.0010000000000047748
35126000,8378,-6105,125535,842,-10272,126705,116,19220,475,0,24434,0.0009999999999976694
35127000,9631,-5173,129307,16753,-7462,128297,92,19220,377,0,24435,0.0009999999999976694
35128001,4882,3861,131088,2942,2111,130394,101,19231,377,0,24436,0.00100100000000225
35129001,-2165,-2543,132680,-14578,-5676,129413,135,19230,414,1,24437,0.0009999999999976694
35130000,-3939,6499,133940,-7133,1303,132242,135,19225,553,1,24438,0.0009990000000001942
35131000,-8287,6922,130002,5435,4793,126381,114,19230,467,1,24439,0.0010000000000047748
35132000,-104,-8144,128474,-12920,-10779,131303,97,19228,397,1,24440,0.0009999999999976694
35133001,-86,-7262,129564,-11357,-12716,135746,133,19228,545,0,24441,0.00100100000000225
35134002,2893,4730,130297,8289,22,123239,106,19234,545,0,24442,0.0010009999999951447
35135000,-6918,15105,132329,-10236,11318,124160,112,19229,434,0,24443,0.000998000000002719
35136000,-6365,-4822,129216,-20686,-8034,134925,112,19225,459,1,24444,0.0009999999999976694
35137000,-6890,5227,130858,-3107,2827,131321,127,19228,520,1,24445,0.0010000000000047748
35138000,-7533,11447,128841,-10594,5339,128120,109,19234,446,1,24446,0.0009999999999976694
35139000,-1977,14934,129783,-8949,12157,116404,115,19234,471,0,24447,0.0009999999999976694
35140000,-1563,-14339,124996,-6723,-15063,137224,103,19217,471,0,24448,0.0010000000000047748
35141000,-980,-3145,128065,-3060,-13329,131818,102,19230,422,0,24449,0.0009999999999976694
35142000,-6595,14308,127703,-12075,5619,126217,102,19229,418,0,24450,0.0009999999999976694
35143000,-4254,20747,129038,-10734,14505,113206,128,19221,524,1,24451,0.0010000000000047748
35144000,-6579,-3217,127381,-2585,2646,141115,119,19228,487,1,24452,0.0009999999999976694
35145000,-1901,-3045,123539,-9387,-13732,120428,104,19233,426,1,24453,0.0009999999999976694
35146002,1086,11190,126412,-5580,12330,119699,142,19233,426,0,24454,0.0010019999999997253
35147000,4610,-464,125347,7156,-1293,128371,105,19235,582,0,24455,0.000998000000002719
35148000,4035,-548,124215,-1278,-5287,126875,105,19230,430,0,24456,0.0009999999999976694
35149001,-4176,-4071,127938,-5356,-2287,132938,109,19229,446,1,24457,0.00100100000000225
35150000,-2435,19957,127539,-1475,19340,114175,148,19229,606,1,24458,0.0009990000000001942
35151000,-135,15155,126533,-858,3932,128773,108,19232,442,1,24459,0.0009999999999976694
35152000,6223,2624,123213,3223,-263,121516,102,19232,442,0,24460,0.0010000000000047748
35153000,7770,-1474,124024,6991,-8953,122909,87,19225,418,0,24461,0.0009999999999976694
35154002,6539,2727,127230,5617,6121,128047,87,19231,356,0,24462,0.0010019999999997253
35155001,8624,1627,124701,7494,-1772,124857,111,19233,455,0,24463,0.0009990000000001942
35156002,2290,-3170,126668,-2486,-1137,133066,127,19224,520,1,24464,0.00100100000000225
35157001,7018,14690,128255,-1181,11973,117181,115,19228,471,1,24465,0.0009990000000001942
35158000,7772,-2639,125460,9169,-9879,134150,99,19228,471,1,24466,0.0009990000000001942
35159000,11422,929,127993,6690,-1925,120079,134,19227,405,0,24467,0.0009999999999976694
35160000,8666,-1864,126322,3463,-8775,130223,134,19228,549,0,24468,0.0009999999999976694
35161001,7748,-14912,125046,12384,-16156,133776,98,19228,401,0,24469,0.00100100000000225
35162000,3950,5536,130078,836,3427,120341,105,19224,430,1,24470,0.0009990000000001942
35163005,-1709,10628,131877,-6465,8215,134294,136,19229,557,1,24471,0.0010049999999992565
35164000,-163,7164,128965,5979,5789,119281,111,19229,557,1,24472,0.0009950000000031878
35165000,4839,-2791,129356,2499,-7712,132862,105,19228,455,1,24473,0.0009999999999976694
35166000,10000,-12075,125218,-1266,-16869,128296,105,19227,430,0,24474,0.0009999999999976694
35167001,10007,-417,131357,17905,-3191,124355,120,19233,491,0,24475,0.00100100000000225
35168000,2499,-8694,130669,-794,-12853,140467,107,19230,438,0,24476,0.0009990000000001942
35169003,-1984,5116,131119,-18044,1569,118839,118,19218,483,1,24477,0.0010029999999972006
35170002,-7420,8651,135361,-4552,6253,135547,109,19218,483,1,24478,0.0009990000000001942
35171001,-7348,1228,129719,2714,-1377,126227,98,19230,446,1,24479,0.0009990000000001942
35172000,-1111,-11532,125378,-16336,-16212,130791,98,19231,401,0,24480,0.0009990000000001942
35173000,-917,-1409,130108,-5220,-5970,127710,128,19225,524,0,24481,0.0010000000000047748
35174000,2278,4348,129166,6782,1353,122021,103,19228,422,0,24482,0.0009999999999976694
35175000,-5782,-776,132224,-13367,-3639,135110,114,19224,467,0,24483,0.0009999999999976694
35176000,-10204,2512,131076,-17056,-594,126129,155,19224,635,1,24484,0.0010000000000047748
35177000,-6575,4200,130988,-11091,-1025,137970,116,19230,635,1,24485,0.0009999999999976694
35178000,-7651,11880,128374,-4633,9190,114841,102,19231,475,1,24486,0.0009999999999976694
35179000,-502,-2876,126744,-11439,-3494,131088,102,19226,418,0,24487,0.0009999999999976694
35180000,-5209,-5295,124225,-9952,-9088,130896,161,19229,659,0,24488,0.0010000000000047748
35181002,-396,4740,128838,-2495,3437,117736,113,19231,463,0,24489,0.0010019999999997253
35182000,-5123,10926,128883,-10693,4682,133471,119,19231,487,1,24490,0.0009979999999956135
35183000,-10710,10244,127919,-7721,7293,118739,118,19225,487,1,24491,0.0010000000000047748
35184000,-4879,3776,129098,-15556,-122,136484,108,19228,483,1,24492,0.0009999999999976694
35185000,-550,8953,126888,-4478,6386,121232,108,19230,442,1,24493,0.0009999999999976694
35186000,641,-5309,124140,5895,-6941,126990,124,19232,508,0,24494,0.0010000000000047748
35187000,1398,239,124472,-6458,-4614,126036,97,19230,397,0,24495,0.0009999999999976694
35188000,-1253,2082,124097,-7219,-1188,122067,109,19230,446,0,24496,0.0009999999999976694
35189000,-373,9985,127769,3711,4330,134309,137,19226,446,1,24497,0.0010000000000047748
35190000,-5280,12022,124801,-7490,12549,110338,113,19222,561,1,24498,0.0009999999999976694
35191000,-1239,5658,127922,-10874,11895,129460,113,19232,463,1,24499,0.0009999999999976694
35192000,5783,4761,121455,14272,-1278,119350,98,19230,401,0,24500,0.0010000000000047748
35193000,8114,1438,123921,5894,-1236,128920,119,19233,487,0,24501,0.0009999999999976694
35194000,14146,1047,125079,872,-8535,119454,110,19228,451,0,24502,0.0009999999999976694
35195000,5154,-848,127260,7044,-6392,132898,117,19228,451,0,24503,0.0010000000000047748
35196000,6656,2975,128101,3927,3974,124998,119,19221,479,1,24504,0.0009999999999976694
35197000,154,13907,128612,-1395,6543,122491,119,19228,487,1,24505,0.0009999999999976694
35198000,2819,-362,124915,6889,-2322,130453,106,19230,434,1,24506,0.0010000000000047748
35199000,8947,4566,126237,4037,2846,116931,110,19224,451,0,24507,0.0009999999999976694
35200000,10064,-12487,127099,6919,-22429,139923,90,19229,369,0,24508,0.0009999999999976694
35201000,9467,-4988,125061,12829,-5258,122361,105,19229,369,0,24509,0.0010000000000047748
35202000,607,4524,129584,-8887,3011,129184,126,19229,430,1,24510,0.0009999999999976694
35203000,3227,11615,131590,5369,10058,126531,126,19221,516,1,24511,0.0009999999999976694
35204000,1105,15873,131773,2386,8603,123381,114,19228,467,1,24512,0.0010000000000047748
35205000,1254,-7549,129568,-4821,-12331,135643,100,19232,410,1,24513,0.0009999999999976694
35206000,7380,-11542,126228,4732,-13940,124540,152,19227,623,0,24514,0.0009999999999976694
35207002,5433,-6700,129385,17745,-12219,134476,105,19227,623,0,24515,0.0010019999999997253
35208000,7674,-3939,130207,-13912,-5674,125276,108,19228,430,0,24516,0.000998000000002719
35209000,5491,17004,134781,-12901,14911,122894,108,19222,442,1,24517,0.0009999999999976694
35210000,-5575,7834,132164,7675,4089,129923,142,19226,582,1,24518,0.0010000000000047748
35211000,-7148,-439,129086,-15645,-5884,125942,105,19230,430,1,24519,0.0009999999999976694
35212000,-2946,-25719,130580,-12981,-29154,145620,102,19222,418,0,24520,0.0009999999999976694
35213000,1818,7206,130417,8683,2979,117958,104,19222,418,0,24521,0.0010000000000047748
35214000,3308,8212,130076,-11956,4349,128014,119,19230,426,0,24522,0.0009999999999976694
35215000,-3608,4657,131842,-10340,2551,130544,119,19227,487,0,24523,0.0009999999999976694
35216000,-6628,840,127996,-7248,-2641,129514,130,19217,532,1,24524,0.0010000000000047748
35217000,-10595,20222,132947,-16801,17537,124526,115,19229,471,1,24525,0.0009999999999976694
35218000,-7578,8478,128343,-11201,5736,121926,101,19231,414,1,24526,0.0009999999999976694
35219000,-1622,-5154,127772,-2263,-7224,131829,138,19231,414,0,24527,0.0010000000000047748
35220000,-4800,-4460,123807,-8126,-8313,129939,103,19223,565,0,24528,0.0009999999999976694
35221000,-2858,3011,128068,-7675,186,125266,103,19232,422,0,24529,0.0009999999999976694
35222000,-2683,8600,128193,-2497,4705,126407,108,19225,442,1,24530,0.0010000000000047748
35223000,-6939,11343,129001,-15470,9289,123104,141,19231,577,1,24531,0.0009999999999976694
35224000,-7284,9547,128198,-7849,4755,127131,113,19235,463,1,24532,0.0009999999999976694
35225000,-2113,580,125673,-73,-32,123298,103,19235,422,0,24533,0.0010000000000047748
35226000,1452,-7694,123613,-3100,-9438,132687,101,19225,422,0,24534,0.0009999999999976694
35227000,1949,-253,123837,-2911,-6497,123895,110,19230,414,0,24535,0.0009999999999976694
35228000,2558,13775,127452,-4774,10598,119804,110,19228,451,0,24536,0.0010000000000047748
35229000,-2459,12765,125249,-1551,8221,124029,121,19220,496,1,24537,0.0009999999999976694
35230001,-2182,3563,124067,-4647,-759,124141,113,19229,463,1,24538,0.00100100000000225
35231000,-179,6282,125364,2110,3482,126450,96,19229,393,1,24539,0.0009990000000001942
35232000,4995,5886,123809,6262,3509,122962,124,19235,393,0,24540,0.0009999999999976694
35233000,10253,-1512,124652,5266,-4271,121774,107,19232,508,0,24541,0.0009999999999976694
35234003,7719,-5923,126184,6748,-10391,131261,107,19224,438,0,24542,0.001003000000004306
35235000,5409,1540,126461,3553,-2540,130360,116,19225,475,1,24543,0.0009969999999981383
35236000,3157,19870,128081,6204,5583,125126,146,19230,598,1,24544,0.0009999999999976694
35237000,1124,10475,128733,-4294,8882,119725,112,19228,459,1,24545,0.0010000000000047748
35238000,9900,-3296,125310,7791,-4840,126137,100,19228,459,1,24546,0.0009999999999976694
35239000,9664,3807,125206,13869,-930,124522,121,19222,410,0,24547,0.0009999999999976694
35240000,11933,-5848,127386,3763,-11483,127485,121,19230,496,0,24548,0.0009999999999976694
35241000,5636,-4055,129659,13339,-11011,133506,105,19230,430,0,24549,0.0010000000000047748
35242000,3935,-484,130800,-5589,-5187,133662,112,19225,459,1,24550,0.0009999999999976694
35243000,-96,13236,131313,-1775,10923,118819,109,19230,446,1,24551,0.0009999999999976694
35244000,-1502,13685,131248,7332,-182,125305,103,19230,446,1,24552,0.0010000000000047748
35245001,6215,-6431,125561,-2973,-9711,131737,118,19232,422,0,24553,0.0010009999999951447
35246001,10388,-4223,130537,7164,-6968,125865,118,19222,483,0,24554,0.0010000000000047748
35247000,12775,-1863,128409,12017,-9156,130686,97,19231,397,0,24555,0.0009990000000001942
35248000,1273,7849,131756,-21272,8812,121194,105,19224,430,0,24556,0.0009999999999976694
35249000,1646,1562,134199,-7205,-2242,136270,138,19224,565,1,24557,0.0009999999999976694
35250000,-6667,-3924,130772,7542,-3893,132520,112,19224,565,1,24558,0.0010000000000047748
35251000,-8810,8821,129549,-18727,6088,121226,97,19231,459,1,24559,0.0009999999999976694
35252000,-1364,-8702,127520,-13179,-18356,135991,97,19228,397,0,24560,0.0009999999999976694
35253001,1191,-336,129872,14937,-3623,123548,137,19230,561,0,24561,0.00100100000000225
35254000,1740,856,130292,-10322,-4229,132889,111,19227,455,0,24562,0.0009990000000001942
35255000,-6537,2954,132565,-21324,1088,127713,114,19225,467,1,24563,0.0009999999999976694
35256000,-6839,11184,132427,-4633,6880,128850,127,19225,467,1,24564,0.0010000000000047748
35257000,-7123,421,127388,-10541,-1392,134744,109,19233,520,1,24565,0.0009999999999976694
35258000,-5412,11080,130185,-9692,8679,118140,109,19232,446,1,24566,0.0009999999999976694
35259000,-4674,-12760,125377,-6756,-17367,135992,115,19218,471,0,24567,0.0010000000000047748
35260000,-4480,4906,128038,-6151,2357,120750,113,19229,463,0,24568,0.0009999999999976694
35261000,67,6946,127513,-4623,3077,129141,106,19227,434,0,24569,0.0009999999999976694
35262000,-6952,-4648,124733,-10286,-8781,130422,131,19227,434,1,24570,0.0010000000000047748
35263000,-6164,13846,129741,-10954,9877,115616,119,19224,537,1,24571,0.0009999999999976694
35264000,-6194,4502,125955,-6046,1234,136994,119,19230,487,1,24572,0.0009999999999976694
35265000,-1826,7263,124310,-2415,3347,115303,104,19228,426,0,24573,0.0010000000000047748
35266000,45,3096,126739,-11077,1623,123167,134,19228,549,0,24574,0.0009999999999976694
35267000,3786,-6691,123374,3826,-10515,132801,115,19226,471,0,24575,0.0009999999999976694
35268000,3053,2169,126989,1642,-1694,126746,112,19226,459,0,24576,0.0010000000000047748
35269000,-1657,11816,127086,-11095,6999,124292,149,19228,459,1,24577,0.0009999999999976694
35270002,-3091,17837,126249,272,16626,116491,109,19229,610,1,24578,0.0010019999999997253
35271002,1254,-1413,122235,3573,-5535,129294,109,19230,446,1,24579,0.0009999999999976694
35272000,6099,-4112,121585,3760,-8139,118010,105,19222,430,0,24580,0.000998000000002719
35273000,8257,-9,122892,7317,-1933,123015,89,19228,365,0,24581,0.0009999999999976694
35274000,6236,-2399,127271,8039,-3340,130228,110,19228,451,0,24582,0.0010000000000047748
35275000,7115,-4440,127008,3993,-7495,123412,125,19226,451,1,24583,0.0009999999999976694
35276000,3227,5901,128960,-5611,-1301,135302,114,19226,512,1,24584,0.0009999999999976694
35277000,4213,19911,127737,4741,15485,113693,114,19230,467,1,24585,0.0010000000000047748
35278000,9771,-589,125207,8141,-188,127723,99,19230,405,1,24586,0.0009999999999976694
35279002,9758,-5486,127145,2960,-9873,131426,138,19231,565,0,24587,0.0010019999999997253
35280000,9604,-9848,126442,11751,-15792,130606,98,19233,401,0,24588,0.000998000000002719
35281000,6314,-2457,127279,9327,-13026,125778,101,19233,401,0,24589,0.0009999999999976694
35282000,2441,14962,131203,-5321,10148,123109,125,19227,414,1,24590,0.0009999999999976694
35283000,-308,8721,128734,-3188,3597,135899,125,19228,512,1,24591,0.0010000000000047748
35284000,641,4798,127480,5218,3392,118204,111,19229,455,1,24592,0.0009999999999976694
35285000,3357,-4708,130657,1601,-5976,134953,105,19220,430,0,24593,0.0009999999999976694
35286000,8662,-12609,126556,635,-17744,127116,123,19232,504,0,24594,0.0010000000000047748
35287000,7599,112,131302,21863,-6182,136225,103,19232,504,0,24595,0.0009999999999976694
35288001,3237,1172,129317,-21048,-9505,121282,114,19232,422,0,24596,0.00100100000000225
35289000,-1646,22800,135843,-9521,20081,122205,114,19220,467,1,24597,0.0009990000000001942
35290002,-4737,-9073,129546,5562,-15047,138733,110,19230,451,1,24598,0.0010019999999997253
35291002,-4551,-5013,129820,-4868,-13177,128435,101,19232,414,1,24599,0.0009999999999976694
35292000,-2448,-12901,127482,-17793,-11818,134399,129,19226,528,0,24600,0.000998000000002719
35293000,2546,12246,132139,235,9098,117066,103,19226,528,0,24601,0.0009999999999976694
35294000,-1652,582,130061,-13013,-4111,131440,109,19228,422,0,24602,0.0009999999999976694
35295000,-4155,5706,133663,-18624,-330,132554,109,19222,446,1,24603,0.0010000000000047748
35296000,-13172,4547,127905,-5902,1442,129023,150,19227,614,1,24604,0.0009999999999976694
35297000,-5372,15541,133106,-3885,14472,124993,117,19233,479,1,24605,0.0009999999999976694
35298000,-5371,3241,128503,-5957,-5518,124808,104,19226,426,1,24606,0.0010000000000047748
35299000,-1936,-11551,125304,-12857,-15772,132900,161,19226,426,0,24607,0.0009999999999976694
35300000,-3652,4766,127076,-5578,-426,125197,103,19235,659,0,24608,0.0009999999999976694
35301000,-2881,9538,126561,-9531,7153,118446,103,19231,422,0,24609,0.0010000000000047748
35302000,-1083,12632,130088,-3866,8692,125701,113,19222,463,1,24610,0.0009999999999976694
35303000,-10028,-1876,125290,-14593,-5827,131676,109,19227,446,1,24611,0.0009999999999976694
35304000,-3994,6515,126456,-10923,4319,122683,108,19228,442,1,24612,0.0009999999999976694
35305000,-1567,8493,126709,3964,4486,122126,123,19228,442,0,24613,0.0010000000000047748
35306000,1147,-13382,123428,-2716,-15612,129073,100,19226,504,0,24614,0.0009999999999976694
35307000,3418,-2691,125628,-6954,-7731,123338,100,19232,410,0,24615,0.0009999999999976694
35308000,-2433,6397,124994,-8491,4192,127883,109,19227,446,0,24616,0.0010000000000047748
35309000,3694,18353,127927,3455,16349,121392,142,19219,582,1,24617,0.0009999999999976694
35310000,-3997,9618,126515,-3940,5296,122893,115,19232,471,1,24618,0.0009999999999976694
35311000,6973,2188,123729,3648,-2111,129585,95,19232,389,1,24619,0.0010000000000047748
35312000,4462,-2059,122746,7374,-5552,124027,107,19227,389,0,24620,0.0009999999999976694
35313001,10147,5786,125671,1298,2614,119879,115,19230,438,0,24621,0.00100100000000225
35314000,9427,-91,125300,16027,-4475,129167,115,19224,471,0,24622,0.0009990000000001942
35315002,1753,-8548,124951,-2684,-12187,130192,118,19223,483,1,24623,0.0010019999999997253
35316000,4469,3609,130423,-5729,2405,121184,123,19229,504,1,24624,0.0009979999999956135
35317000,1314,9857,127927,13723,9802,124976,103,19229,422,1,24625,0.0010000000000047748
35318001,12758,-1046,125486,7836,-4480,125852,111,19232,422,0,24626,0.0010009999999951447
35319000,11435,2468,129320,-4172,4303,119750,89,19222,455,0,24627,0.0009990000000001942
35320000,11295,-19778,124101,6072,-21302,138521,89,19232,365,0,24628,0.0010000000000047748
35321000,10880,2996,130627,16641,-1926,123208,106,19228,434,0,24629,0.0009999999999976694
35322000,440,9580,131212,-11822,6423,129012,130,19226,532,1,24630,0.0009999999999976694
35323000,1662,13216,129036,-2873,6007,122797,113,19226,463,1,24631,0.0010000000000047748
35324000,-664,-3220,128162,14702,-2719,128380,99,19229,463,1,24632,0.0009999999999976694
35325001,6498,-11149,124619,-6925,-12633,130053,156,19228,405,0,24633,0.00100100000000225
35326000,6422,-625,129948,4704,-1058,120726,156,19236,639,0,24634,0.0009990000000001942
35327000,7987,-13461,126861,19713,-16327,137151,107,19226,438,0,24635,0.0009999999999976694
35328000,4116,7303,132425,-18541,764,124363,107,19223,438,1,24636,0.0009999999999976694
35329000,-1788,5505,132406,-12521,2199,132005,136,19229,557,1,24637,0.0010000000000047748
35330000,-7090,15584,129530,13169,4532,129618,105,19229,557,1,24638,0.0009999999999976694
35331000,-4970,-3606,129433,-20895,-7774,126522,105,19233,430,1,24639,0.0009999999999976694
35332000,-475,-11152,128692,-7580,-15988,127981,105,19220,430,0,24640,0.0010000000000047748
35333001,2413,5815,129006,9300,863,122781,94,19226,385,0,24641,0.0010009999999951447
35334000,-1473,1336,133146,-7466,523,128956,112,19230,459,0,24642,0.0009990000000001942
35335000,-6146,1917,131093,-16851,-6572,133608,130,19223,532,1,24643,0.0010000000000047748
35336000,-9073,4976,130868,-12795,3154,130524,115,19223,532,1,24644,0.0009999999999976694
35337000,-11753,16559,131347,-5543,13706,118716,98,19229,471,1,24645,0.0009999999999976694
35338000,-2809,4645,128649,-12022,-5068,129509,98,19230,401,0,24646,0.0010000000000047748
35339000,-6315,-8020,123974,-8511,-10822,129753,142,19223,582,0,24647,0.0009999999999976694
35340000,-1393,5940,127484,-7536,4208,124042,106,19229,434,0,24648,0.0009999999999976694
35341002,408,7850,127895,-1551,982,128733,106,19226,434,0,24649,0.0010019999999997253
35342000,-5657,15751,126542,-12886,16504,116316,143,19226,434,1,24650,0.000998000000002719
35343000,-8324,15203,130268,-18205,12148,129339,111,19225,586,1,24651,0.0009999999999976694
35344001,-8451,327,124934,-1688,-499,127798,111,19235,455,1,24652,0.00100100000000225
35345000,1460,5866,126530,2980,1065,124795,105,19229,430,0,24653,0.0009990000000001942
35346000,-3635,-5962,122200,-6060,-8708,126259,91,19229,373,0,24654,0.0009999999999976694
35347000,1416,6987,127689,-4832,3332,124133,114,19228,467,0,24655,0.0010000000000047748
35348000,480,2013,126610,3255,-1005,131646,122,19228,467,1,24656,0.0009999999999976694
35349000,-2829,15628,127009,-7237,13495,119059,110,19220,500,1,24657,0.0009999999999976694
35350000,-1186,16660,126096,-5869,12592,119745,110,19231,451,1,24658,0.0010000000000047748
35351000,1831,4450,123468,6320,205,125129,96,19235,393,0,24659,0.0009999999999976694
35352000,13729,545,124129,7122,-4318,128767,124,19233,508,0,24660,0.0009999999999976694
35353000,9849,-13623,125144,6531,-16292,129669,111,19225,455,0,24661,0.0010000000000047748
35354000,5701,9487,130150,-475,6738,119229,115,19225,455,0,24662,0.0009999999999976694
35355000,4935,-1303,125404,7361,-4493,130378,149,19227,471,1,24663,0.0009999999999976694
35356000,-739,12304,128651,547,9905,124922,149,19228,610,1,24664,0.0010000000000047748
35357000,4589,6802,125183,-863,3070,124285,109,19230,446,1,24665,0.0009999999999976694
35358000,6590,5141,125506,9696,2271,121212,98,19225,401,0,24666,0.0009999999999976694
35359000,14680,-4889,127685,8640,-8040,127041,122,19232,500,0,24667,0.0010000000000047748
35360000,9451,-17872,126220,9333,-21810,136364,106,19232,434,0,24668,0.0009999999999976694
35361000,5344,9505,133251,-3316,6050,129193,113,19228,434,0,24669,0.0009999999999976694
35362000,3555,7193,130132,-2415,3224,130402,105,19221,463,1,24670,0.0010000000000047748
35363000,-1127,15473,131913,6874,12931,117995,105,19226,430,1,24671,0.0009999999999976694
35364000,1376,-2451,127580,-4332,-3992,131761,102,19229,418,1,24672,0.0009999999999976694
35365000,7727,-20086,125189,6831,-24384,134353,123,19222,504,0,24673,0.0009999999999976694
35366000,8158,4373,132161,19840,2066,121468,108,19222,442,0,24674,0.0010000000000047748
35367015,-19,-5249,127068,-6004,-7880,132682,109,19226,442,0,24675,0.0010149999999953252
35368000,-144,12626,135874,-17771,9007,123658,142,19226,446,1,24676,0.0009850000000000136
35369002,-945,-7081,131364,2984,-8022,140112,142,19230,582,1,24677,0.0010020000000068308
35370000,-9585,2272,128820,-1951,-7309,127709,112,19228,459,1,24678,0.0009979999999956135
35371000,-2783,1550,130536,-20576,1110,119193,98,19225,401,1,24679,0.0009999999999976694
35372000,400,-13434,126231,1545,-18854,139309,137,19225,561,0,24680,0.0010000000000047748
35373001,4819,3562,129852,5942,1099,123789,108,19233,561,0,24681,0.0010009999999951447
35374000,-7837,-3135,129001,-19340,-7405,130446,114,19231,442,0,24682,0.0009990000000001942
35375000,-8245,9651,132380,-13703,5873,125278,114,19226,467,1,24683,0.0010000000000047748
35376000,-9044,1494,129503,-4343,2887,132684,126,19229,516,1,24684,0.0009999999999976694
35377000,-8308,10726,129243,-11334,-392,132159,104,19232,426,1,24685,0.0009999999999976694
35378000,-2272,6705,126230,-10631,5657,111678,113,19218,463,0,24686,0.0010000000000047748
35379000,-3777,-10898,126842,-4328,-9460,136774,103,19218,463,0,24687,0.0009999999999976694
35380001,233,-2123,127887,-2324,-1193,121829,103,19233,422,0,24688,0.00100100000000225
35381000,-1838,2181,128711,-14507,-194,132575,103,19227,422,1,24689,0.0009990000000001942
35382000,-7001,19304,128716,-10501,8176,111491,132,19225,541,1,24690,0.0009999999999976694
35383000,-2459,8174,129434,-9118,169,131506,118,19227,483,1,24691,0.0009999999999976694
35384006,-2154,-2225,124171,-289,-3889,126976,101,19225,414,1,24692,0.0010060000000038372
35385000,-275,8004,125006,-4361,2623,116140,129,19225,414,0,24693,0.0009939999999986071
35386001,-1255,4682,126317,-9978,-294,128573,108,19232,528,0,24694,0.00100100000000225
35387002,3177,6683,125596,5195,1736,121677,108,19228,442,0,24695,0.0010009999999951447
35388000,-999,-7518,124047,-10387,-7400,131229,112,19228,459,1,24696,0.000998000000002719
35389000,-6602,10185,130028,-4343,12328,124036,141,19230,577,1,24697,0.0009999999999976694
35390000,664,14044,122525,5358,9676,123063,106,19236,434,1,24698,0.0010000000000047748
35391000,6182,6201,124239,9521,588,127255,106,19236,434,0,24699,0.0009999999999976694
35392000,7870,235,123293,1494,-6117,118035,89,19222,434,0,24700,0.0009999999999976694
35393000,9481,-9914,123898,5496,-14741,137141,89,19230,365,0,24701,0.0010000000000047748
35394000,6746,10066,129143,13254,8058,118372,112,19226,459,0,24702,0.0009999999999976694
35395000,3170,8665,126873,-5426,5614,122904,126,19224,516,1,24703,0.0009999999999976694
35396000,1698,7797,129987,-1016,2948,130018,113,19232,463,1,24704,0.0010000000000047748
35397001,4686,-1073,124219,14253,-2151,128596,99,19232,463,1,24705,0.0010009999999951447
35398000,9394,-2490,124928,2673,-4825,123747,140,19231,405,0,24706,0.0009990000000001942
35399000,9438,1976,127125,9620,-2833,125047,140,19228,573,0,24707,0.0010000000000047748
35400000,8555,-17240,125659,7498,-20722,134708,102,19229,418,0,24708,0.0009999999999976694
35401000,7805,2895,131173,-999,-861,125116,104,19231,426,1,24709,0.0009999999999976694
35402000,926,16593,132452,-2563,12160,126402,127,19228,520,1,24710,0.0010000000000047748
35403000,1701,8444,130024,6021,4765,127172,112,19228,459,1,24711,0.0009999999999976694
35404000,3082,627,129085,1293,-1944,125158,109,19231,459,1,24712,0.0009999999999976694
35405007,9928,-15485,127196,-6213,-19310,138833,125,19221,446,0,24713,0.0010070000000013124
35406000,11192,6300,131002,22589,2232,118350,125,19231,512,0,24714,0.0009930000000011319
35407000,6010,-9619,127627,1463,-12884,132502,104,19225,426,0,24715,0.0009999999999976694
35408000,-713,6952,131535,-27080,2718,126187,118,19223,483,1,24716,0.0010000000000047748
35409000,-4688,7914,130930,-2141,5375,129675,112,19223,459,1,24717,0.0009999999999976694
35410003,-4620,-3110,130457,6855,-5838,130980,101,19230,459,1,24718,0.0010029999999972006
35411001,-4668,-7513,128843,-16530,-10734,127770,129,19231,414,0,24719,0.000998000000002719
35412002,-926,-5143,130101,-12153,-10250,132880,129,19224,528,0,24720,0.00100100000000225
35413000,7149,6764,131185,7462,6557,120391,100,19230,410,0,24721,0.0009979999999956135
35414001,-2728,-138,131676,-14916,-2359,131266,107,19228,438,0,24722,0.00100100000000225
35415000,-6128,4448,131182,-15840,2323,129905,154,19228,631,1,24723,0.0009990000000001942
35416000,-8770,3535,128928,-8728,-779,127880,116,19230,631,1,24724,0.0009999999999976694
35417001,-6082,11111,131852,-8052,8643,126565,102,19229,475,1,24725,0.00100100000000225
35418000,-2816,-7928,124583,-6696,-8081,126793,102,19225,418,0,24726,0.0009990000000001942
35419000,-1596,-4819,126405,-10039,-7431,127834,158,19231,647,0,24727,0.0009999999999976694
35420000,-1788,4832,127743,-2618,4794,125178,104,19229,426,0,24728,0.0010000000000047748
35421000,-659,5712,126987,-8458,1367,123061,114,19223,467,1,24729,0.0009999999999976694
35422000,-5889,11635,129190,-9721,9113,125920,109,19223,467,1,24730,0.0009999999999976694
35423000,-7754,1818,126269,-15930,-887,128589,108,19229,446,1,24731,0.0010000000000047748
35424000,-1434,22898,129327,452,12782,128030,108,19229,442,1,24732,0.0009999999999976694
35425000,1906,-7391,122388,-414,-7888,124270,123,19226,504,0,24733,0.0009999999999976694
35426000,618,-3346,126529,-10028,-9340,127137,102,19227,418,0,24734,0.0010000000000047748
35427000,1338,4680,124684,1260,2131,123759,110,19227,451,0,24735,0.0009999999999976694
35428000,-2355,11359,126363,-1358,7072,119375,142,19227,451,1,24736,0.0009999999999976694
35429000,-1785,12619,127016,-7897,11212,129065,113,19222,582,1,24737,0.0009999999999976694
35430000,-3441,307,121801,3899,-3660,126331,113,19229,463,1,24738,0.0010000000000047748
35431000,5591,10695,124866,6291,7493,119921,97,19236,397,0,24739,0.0009999999999976694
35432000,8602,3414,125398,-2015,-7154,121918,108,19234,442,0,24740,0.0009999999999976694
35433000,8894,-3532,124995,18843,-11332,125112,112,19228,459,0,24741,0.0010000000000047748
35434001,7535,-5897,127074,-880,-11409,132912,116,19228,459,0,24742,0.0010009999999951447
35435000,2933,8377,129489,1749,7815,122593,120,19225,475,1,24743,0.0009990000000001942
35436000,4195,23297,127005,11407,18651,116544,120,19230,491,1,24744,0.0010000000000047748
35437000,5876,2157,125198,-2115,-1149,126915,104,19232,426,1,24745,0.0009999999999976694
35438000,9983,-5008,127884,6305,-8773,128481,114,19224,467,0,24746,0.0009999999999976694
35439000,9505,-5678,125292,16680,-8188,129314,90,19230,369,0,24747,0.0010000000000047748
35440000,5290,-149,128319,2793,-2189,123921,103,19230,369,0,24748,0.0009999999999976694
35441000,5180,1191,129426,-7259,-4549,135663,129,19228,422,1,24749,0.0009999999999976694
35442003,-396,9303,130192,3721,5078,121714,129,19227,528,1,24750,0.001003000000004306
35443002,2860,11294,132030,2278,6719,128117,113,19229,463,1,24751,0.0009990000000001942
35444000,942,1956,128410,-2262,-3361,123329,100,19232,410,1,24752,0.0009979999999956135
35445000,11296,-10849,127425,6231,-14618,130078,157,19233,643,0,24753,0.0010000000000047748
35446000,10653,-13135,127872,15024,-18363,138649,108,19233,442,0,24754,0.0009999999999976694
35447000,4787,-1650,132006,-12827,-3141,123734,107,19229,442,0,24755,0.0009999999999976694
35448000,4157,26910,136620,-14745,24304,121587,132,19227,438,1,24756,0.0010000000000047748
35449000,-9629,2500,129246,8658,-678,130438,132,19230,541,1,24757,0.0009999999999976694
35450000,-7268,-14962,128047,-13674,-19684,136229,105,19231,430,1,24758,0.0009999999999976694
35451000,-2773,-5390,130310,-11280,-8715,130392,106,19225,434,0,24759,0.0010000000000047748
35452000,-818,9847,129082,3110,6449,117080,96,19225,393,0,24760,0.0009999999999976694
35453000,6592,4994,131318,-1336,1489,130214,110,19230,393,0,24761,0.0009999999999976694
35454000,-7134,-5275,129385,-15126,-9058,132224,128,19228,451,1,24762,0.0010000000000047748
35455000,-5516,1625,129419,-16555,-1760,133713,128,19223,524,1,24763,0.0009999999999976694
35456001,-10815,12352,131668,-4349,9697,122210,117,19230,479,1,24764,0.00100100000000225
35457002,-6798,14073,130523,-13099,11785,123847,99,19230,405,1,24765,0.0010009999999951447
35458000,-1702,-9021,124464,-9240,-11108,132093,139,19230,569,0,24766,0.000998000000002719
35459000,-4531,-11531,127258,3141,-15503,132115,102,19221,569,0,24767,0.0009999999999976694
35460000,-775,9469,126710,-11886,5819,121508,106,19241,418,0,24768,0.0010000000000047748
35461000,-3765,11485,128302,-4266,8682,121922,106,19224,434,1,24769,0.0009999999999976694
35462000,-5114,6931,129304,-9232,5060,131980,137,19227,561,1,24770,0.0009999999999976694
35463000,-8581,1517,125330,-16002,-2666,126925,116,19234,475,1,24771,0.0010000000000047748
35464000,-3674,5497,126935,969,2657,121426,106,19222,434,0,24772,0.0009999999999976694
35465000,2903,-4480,123373,1300,-5479,122680,91,19222,434,0,24773,0.0009999999999976694
35466000,1474,17,122694,-3854,-5907,129170,110,19232,373,0,24774,0.0010000000000047748
35467002,3488,9006,125548,-9454,4562,125141,110,19229,451,0,24775,0.0010019999999997253
35468002,-2727,12303,126895,442,10642,120172,125,19220,512,1,24776,0.0009999999999976694
35469000,-2585,15837,127850,1205,9000,125982,110,19231,451,1,24777,0.000998000000002719
35470000,35,-5048,121702,-2660,-9691,126531,98,19234,401,1,24778,0.0009999999999976694
35471000,6733,8823,124468,4912,-6577,128890,124,19234,401,0,24779,0.0009999999999976694
35472000,6187,2307,122757,10422,-1241,115833,105,19230,508,0,24780,0.0010000000000047748
35473000,7640,-8132,125835,6227,-8946,132777,105,19228,430,0,24781,0.0009999999999976694
35474000,4230,-3898,127144,4981,-7427,129169,113,19225,463,1,24782,0.0009999999999976694
35475000,-642,10410,127495,-2307,4238,119294,151,19228,618,1,24783,0.0010000000000047748
35476000,6086,17936,129215,-5014,18282,123486,110,19232,451,1,24784,0.0009999999999976694
35477000,8457,-2123,124515,15050,-7251,126668,98,19232,451,1,24785,0.0009999999999976694
35478000,12537,2431,126262,3491,571,124961,126,19228,401,0,24786,0.0010000000000047748
35479000,8807,-6924,127600,5805,-10403,133581,126,19232,516,0,24787,0.0009999999999976694
35480000,5821,-2260,130355,13718,-3069,127814,111,19231,455,0,24788,0.0009999999999976694
35481000,3815,6578,130962,-6544,4833,126678,115,19220,471,1,24789,0.0010000000000047748
35482000,-2141,9907,130540,5751,3346,127552,108,19230,442,1,24790,0.0009999999999976694
35483000,2156,2051,128695,737,-1367,132946,101,19230,442,1,24791,0.0009999999999976694
35484000,4695,-4908,125398,264,-6316,125971,121,19233,414,0,24792,0.0010000000000047748
35485001,12212,-915,131403,11541,-4280,126301,121,19223,496,0,24793,0.0010009999999951447
35486001,8183,-6029,127544,8598,-13709,131915,97,19232,397,0,24794,0.0010000000000047748
35487000,1594,-1744,133426,-17593,-3451,132530,105,19228,430,0,24795,0.0009990000000001942
35488000,159,13603,132621,142,9638,126964,140,19223,573,1,24796,0.0009999999999976694
35489000,-8325,2939,130389,2020,436,128055,109,19223,573,1,24797,0.0009999999999976694
35490000,-6742,4521,130703,-20105,35,127113,97,19229,446,1,24798,0.0009999999999976694
35491000,817,-10346,128317,-536,-14965,135531,97,19228,397,0,24799,0.0010000000000047748
35492000,619,3184,128944,10327,284,124135,124,19233,508,0,24800,0.0009999999999976694
35493002,700,4038,131151,-16946,339,127953,110,19227,451,0,24801,0.0010019999999997253
35494000,-7585,-1209,131288,-14923,-4227,128005,117,19222,479,1,24802,0.000998000000002719
35495000,-5991,4616,133159,-7110,1680,135275,119,19222,487,1,24803,0.0009999999999976694
35496000,-8603,7565,129397,-10285,4612,125591,105,19229,487,1,24804,0.0009999999999976694
35497000,-5583,9311,131061,-8418,6789,122414,117,19230,430,1,24805,0.0010000000000047748
35498000,-2176,-8077,124046,-6440,-12367,133271,117,19216,479,0,24806,0.0009999999999976694
35499001,-1799,-435,127448,-6294,-2486,125435,94,19231,385,0,24807,0.00100100000000225
35500000,429,3630,126681,-5305,137,123141,106,19229,434,0,24808,0.0009990000000001942
35501000,-7871,15255,128491,-13529,11338,119563,135,19229,553,1,24809,0.0009999999999976694
35502000,-4963,-3579,124309,-6784,-7976,136279,118,19223,553,1,24810,0.0009999999999976694
35503000,-9677,11496,126480,-8862,7853,119521,103,19226,483,1,24811,0.0010000000000047748
35504000,279,5528,123998,-7596,3429,122946,103,19226,422,0,24812,0.0009999999999976694
35505000,-81,-5524,124679,6172,-6925,124654,132,19231,541,0,24813,0.0009999999999976694
35506000,3014,-7727,124569,-5942,-8527,125995,110,19228,451,0,24814,0.0010000000000047748
35507000,4458,1607,125761,-2356,-1384,128195,115,19228,471,0,24815,0.0009999999999976694
35508000,-2284,23152,129287,-1947,22649,113976,146,19224,471,1,24816,0.0009999999999976694
35509000,1134,2970,125827,-6730,178,131880,108,19226,598,1,24817,0.0010000000000047748
35510000,1786,6926,123353,1568,1213,119729,108,19236,442,1,24818,0.0009999999999976694
35511000,10555,-998,124461,4064,-2572,129811,107,19227,438,0,24819,0.0009999999999976694
35512000,5271,2041,124145,12429,-914,115501,98,19229,401,0,24820,0.0010000000000047748
35513000,10429,-7003,126849,3029,-6082,129290,118,19225,483,0,24821,0.0009999999999976694
35514000,4736,-4587,125143,3233,-14004,133277,134,19225,483,1,24822,0.0009999999999976694
35515000,1327,13624,129235,3414,14784,113760,117,19221,549,1,24823,0.0010000000000047748
35516001,5377,2110,124292,2273,1075,131411,117,19232,479,1,24824,0.0010009999999951447
35517000,5294,5933,126369,4867,2741,119219,100,19228,410,1,24825,0.0009990000000001942
35518002,12134,-1858,126896,5874,-9277,135974,140,19232,573,0,24826,0.0010019999999997253
35519001,11000,-9233,125008,14370,-11899,122468,101,19231,414,0,24827,0.0009990000000001942
35520001,5942,-5063,130681,1727,-5829,134350,103,19231,414,0,24828,0.0010000000000047748
35521000,5361,12017,129946,-5665,4106,124282,128,19224,422,1,24829,0.0009990000000001942
35522001,591,5052,128833,9837,6910,130790,128,19226,524,1,24830,0.0010009999999951447
35523002,85,751,128531,1226,-1917,124683,112,19231,459,1,24831,0.00100100000000225
35524001,2387,-7440,126660,-9715,-15475,131933,106,19222,434,0,24832,0.0009990000000001942
35525000,13056,-12491,129063,16861,-11188,133185,125,19235,512,0,24833,0.0009990000000001942
35526000,8156,644,129359,11081,-4699,127146,102,19235,512,0,24834,0.0009999999999976694
35527000,1117,4189,132969,-19199,6298,126611,118,19230,418,0,24835,0.0010000000000047748
35528000,-704,11805,133564,-1975,3602,127139,118,19221,483,1,24836,0.0009999999999976694
35529000,-5562,-1262,130551,-1096,-9062,136562,111,19231,455,1,24837,0.0009999999999976694
35530000,-8184,2577,127878,-11418,468,122097,99,19230,405,1,24838,0.0010000000000047748
35531000,1043,-3752,129165,-9588,-5243,129980,130,19231,532,0,24839,0.0009999999999976694
35532002,-1367,292,129990,9174,-3498,125381,103,19231,532,0,24840,0.0010019999999997253
35533000,2441,8915,131247,-10005,5842,124527,110,19224,422,0,24841,0.000998000000002719
35534000,-9767,-873,129331,-22013,-5842,134253,110,19227,451,1,24842,0.0009999999999976694
35535000,-7952,11246,131503,-8866,11668,125923,143,19233,586,1,24843,0.0009999999999976694
35536003,-10756,4036,129694,-8403,1973,131218,114,19230,467,1,24844,0.001003000000004306
35537000,-2102,6853,130362,-6871,3024,122794,103,19225,422,1,24845,0.0009969999999981383
35538000,-5680,-1254,125452,-10150,-6315,128382,150,19225,614,0,24846,0.0009999999999976694
35539000,-3675,-3393,125767,-4356,-5613,130242,112,19229,614,0,24847,0.0010000000000047748
35540000,-1994,11702,128168,-9598,8195,119553,118,19226,459,0,24848,0.0009999999999976694
35541000,-5983,6882,129575,-14101,2980,128588,118,19221,483,1,24849,0.0009999999999976694
35542000,-5036,16140,126175,-2850,14556,118865,109,19228,446,1,24850,0.0010000000000047748
35543000,-8211,1008,126260,-14595,-2264,133220,107,19235,438,1,24851,0.0009999999999976694
35544000,545,439,124143,3733,-3455,124610,127,19235,520,0,24852,0.0009999999999976694
35545000,-1437,4059,126937,1754,2665,120327,100,19225,520,0,24853,0.0010000000000047748
35546003,599,445,124205,-8685,-3357,127482,107,19229,410,0,24854,0.0010029999999972006
35547000,787,7411,128181,-2405,4999,126499,107,19226,438,0,24855,0.0009969999999981383
35548000,-1655,3526,124201,1462,310,128952,140,19227,573,1,24856,0.0010000000000047748
35549000,-2799,17644,126696,-8357,14828,114656,113,19236,463,1,24857,0.0009999999999976694
35550000,4715,6639,125760,1458,5735,128200,99,19236,405,1,24858,0.0009999999999976694
35551000,10939,3058,123855,13715,-387,122956,112,19227,405,0,24859,0.0010000000000047748
35552001,12406,-7805,125570,1783,-9462,129334,113,19230,459,0,24860,0.0010009999999951447
35553000,6017,-7843,127010,6824,-12501,126955,113,19226,463,0,24861,0.0009990000000001942
35554002,5010,8544,127397,4701,5523,122332,114,19222,467,1,24862,0.0010019999999997253
35555000,1200,3601,128287,-2256,3670,131634,114,19228,467,1,24863,0.000998000000002719
35556000,2807,9236,125506,6160,4078,122888,106,19233,434,1,24864,0.0009999999999976694
35557002,6903,4504,126626,5970,3235,122637,114,19233,434,0,24865,0.0010019999999997253
35558002,9009,-4604,125593,2767,-5349,121655,91,19223,467,0,24866,0.0010000000000047748
35559001,9824,-21444,126096,16963,-18101,135454,91,19228,373,0,24867,0.0009989999999930887
35560000,6824,2063,129087,1788,-6462,130550,104,19233,426,0,24868,0.0009990000000001942
35561000,5114,15195,131221,-4686,10440,122752,128,19231,524,1,24869,0.0010000000000047748
35562000,1296,10328,130797,5319,7549,125065,113,19231,463,1,24870,0.0009999999999976694
35563000,1118,-2912,128479,-979,-4126,132405,100,19231,463,1,24871,0.0009999999999976694
35564000,6156,-13936,127394,-938,-15072,130765,157,19226,410,0,24872,0.0010000000000047748
35565000,9064,-2222,129210,12327,-16626,131402,157,19231,643,0,24873,0.0009999999999976694
35566000,5086,-1398,127709,18186,32,129331,105,19229,430,0,24874,0.0009999999999976694
35567000,1713,-3149,129817,-23644,-6769,130037,105,19228,430,1,24875,0.0010000000000047748
35568000,-1423,12176,134338,-9331,11358,124724,137,19226,561,1,24876,0.0009999999999976694
35569000,-7996,317,131433,10620,2751,129972,106,19226,561,1,24877,0.0009999999999976694
35570000,-3867,-2031,130358,-19123,-5027,134151,109,19232,434,1,24878,0.0010000000000047748
35571002,533,-10078,128431,-11816,-12836,131013,109,19220,446,0,24879,0.0010019999999997253
35572002,4423,3417,130224,10034,1980,125458,97,19229,397,0,24880,0.0009999999999976694
35573001,-2033,7664,132349,-4837,4987,125392,116,19227,475,0,24881,0.0009990000000001942
35574001,-8143,4006,131547,-23648,1352,133901,133,19225,545,1,24882,0.0009999999999976694
35575000,-10629,5983,130096,-4180,5178,128278,117,19225,545,1,24883,0.0009990000000001942
35576000,-11450,9793,128933,-7169,4989,122598,99,19229,479,1,24884,0.0010000000000047748
35577000,-3807,5725,127969,-16546,3667,126685,99,19231,405,0,24885,0.0009999999999976694
35578000,-4790,-9918,123290,-4879,-10429,128967,142,19225,582,0,24886,0.0009999999999976694
35579000,-257,-2937,127899,-253,-4878,131132,102,19232,418,0,24887,0.0010000000000047748
35580000,-2588,11480,126941,-8537,8750,119997,107,19225,438,0,24888,0.0009999999999976694
35581000,-5581,12039,129930,-9714,6871,126236,139,19225,569,1,24889,0.0009999999999976694
35582000,-8164,7522,128929,-8985,4428,129616,114,19227,569,1,24890,0.0010000000000047748
35583000,-4682,7128,126849,-1740,5474,122987,106,19231,467,1,24891,0.0009999999999976694
35584001,77,1988,125950,2597,-1517,126388,106,19220,434,0,24892,0.00100100000000225
35585001,-1369,-2254,123704,-6381,-5950,123996,93,19232,381,0,24893,0.0009999999999976694
35586001,757,6692,125018,-6019,4823,127683,109,19229,446,0,24894,0.0009999999999976694
35587000,-529,6461,124487,1030,3164,121670,124,19229,508,1,24895,0.0009990000000001942
35588000,-3660,5873,127046,-2994,2254,124350,112,19221,508,1,24896,0.0010000000000047748
35589000,-4070,7897,126897,-6349,5303,127293,96,19227,459,1,24897,0.0009999999999976694
35590000,7493,6078,123935,8012,3134,118909,96,19229,393,0,24898,0.0009999999999976694
35591000,9466,-9,125786,5517,-5084,129847,126,19232,516,0,24899,0.0010000000000047748
35592000,12598,-6562,123443,4710,-9599,123393,107,19228,438,0,24900,0.0009999999999976694
35593000,6539,-1392,125490,9874,-4960,129366,113,19228,463,0,24901,0.0009999999999976694
35594000,1030,11558,129448,-2248,8464,122995,143,19228,463,1,24902,0.0010000000000047748
35595000,2280,21277,127382,2300,17583,118539,111,19229,586,1,24903,0.0009999999999976694
35596000,5277,-1685,124246,13514,-5308,131040,111,19229,455,1,24904,0.0009999999999976694
35597000,8852,882,126005,1417,-3851,123392,101,19224,414,0,24905,0.0010000000000047748
35598000,9969,-1065,128195,5601,-1990,127925,119,19235,487,0,24906,0.0009999999999976694
35599000,9201,-11704,127410,19026,-16736,137373,105,19230,430,0,24907,0.0009999999999976694
35600000,3647,1487,131682,-9235,-1013,122293,114,19230,430,1,24908,0.0010000000000047748
35601000,899,8334,130201,-2622,2341,134548,108,19223,467,1,24909,0.0009999999999976694
35602000,426,19639,131163,6272,20516,116517,108,19232,442,1,24910,0.0009999999999976694
35603001,3476,-3890,129522,-4706,-3722,134895,104,19233,426,1,24911,0.00100100000000225
35604000,9383,-10591,125722,5589,-17588,128601,125,19223,512,0,24912,0.0009990000000001942
35605000,8373,-1302,130329,16414,-8164,126862,97,19228,397,0,24913,0.0009999999999976694
35606000,5689,-8455,131268,1039,-7677,132989,104,19228,397,0,24914,0.0010000000000047748
35607000,465,6276,131987,-19858,2362,122921,142,19232,426,1,24915,0.0009999999999976694
35608000,-4724,2275,133132,1018,-577,135146,142,19225,582,1,24916,0.0009999999999976694
35609000,-7886,1439,128795,-1331,357,123469,114,19235,467,1,24917,0.0010000000000047748
35610000,-301,-6106,128936,-21875,-8924,127173,98,19228,401,0,24918,0.0009999999999976694
35611000,-427,-3840,128210,3409,-8958,133051,136,19230,557,0,24919,0.0009999999999976694
35612000,5941,7378,131446,-3594,4274,120425,118,19230,557,0,24920,0.0010000000000047748
35613000,-5385,-6348,129667,-12046,-6448,130814,121,19230,483,0,24921,0.0009999999999976694
35614000,-6808,8189,130947,-11579,5192,127757,121,19225,496,1,24922,0.0009999999999976694
35615000,-8369,4135,129412,-12406,3796,132544,121,19230,496,1,24923,0.0009999999999976694
35616000,-9013,10039,128834,-7411,9049,118297,110,19230,451,1,24924,0.0010000000000047748
35617000,-1226,-6965,128709,-7925,-3138,138384,120,19214,491,0,24925,0.0009999999999976694
35618001,-3967,-4038,126260,-5615,-2249,122213,96,19214,491,0,24926,0.00100100000000225
35619000,-591,-2707,126396,-7325,-5536,130451,102,19229,393,0,24927,0.0009990000000001942
35620000,-1694,14208,130564,-13283,13437,119584,102,19233,418,1,24928,0.0009999999999976694
35621000,-3629,5362,125372,-203,-512,128628,131,19225,537,1,24929,0.0009999999999976694
35622000,-6953,3983,127838,-16597,2023,124041,118,19233,483,1,24930,0.0010000000000047748
35623000,-4535,9685,126329,-7959,647,119767,104,19231,426,1,24931,0.0009999999999976694
35624000,2107,1183,125550,11303,-249,130628,135,19231,426,0,24932,0.0009999999999976694
35625000,5514,-377,124055,-4716,-2921,121513,106,19236,553,0,24933,0.0010000000000047748
35626000,2058,-3280,125546,-7261,-3655,131286,106,19228,434,0,24934,0.0009999999999976694
35627000,-3354,13931,126186,-1501,13282,120158,112,19221,459,1,24935,0.0009999999999976694
35628000,-2623,10711,126848,786,6737,126585,143,19234,586,1,24936,0.0010000000000047748
35629000,-340,12280,124861,-1429,10315,122881,107,19230,438,1,24937,0.0009999999999976694
35630000,2002,-37,122181,-877,-1763,121514,106,19230,434,0,24938,0.0009999999999976694
35631000,11012,-3615,124763,13898,-9117,126328,90,19226,434,0,24939,0.0010000000000047748
35632000,9888,-4914,124981,10521,-10710,123538,115,19228,369,0,24940,0.0009999999999976694
35633000,4584,374,126491,-4766,-2975,128902,115,19230,471,0,24941,0.0009999999999976694
35634000,4311,11583,131311,-1895,9516,119893,132,19224,541,1,24942,0.0010000000000047748
35635001,3242,1543,127774,4060,-2780,129635,116,19231,475,1,24943,0.0010009999999951447
35636000,9737,7495,126200,8820,4719,122610,99,19231,405,1,24944,0.0009990000000001942
35637000,8668,5951,125439,194,3047,120747,141,19228,405,0,24945,0.0010000000000047748
35638000,11364,-8832,125984,15342,-13182,134773,104,19231,577,0,24946,0.0009999999999976694
35639000,7751,-4799,128601,14117,-7379,124214,104,19228,426,0,24947,0.0009999999999976694
35640001,1943,695,129359,-11064,-2990,129991,105,19227,430,1,24948,0.00100100000000225
35641000,966,9595,128975,-1948,4256,126869,130,19227,532,1,24949,0.0009990000000001942
35642001,-927,8522,128265,7633,5813,123578,110,19227,451,1,24950,0.00100100000000225
35643000,6190,-1287,126957,-1672,-5779,131395,106,19230,451,1,24951,0.0009990000000001942
35644000,5488,-10494,127940,81,-12024,127566,125,19222,434,0,24952,0.0009999999999976694
35645000,10963,-5091,130643,21042,-11405,132223,125,19232,512,0,24953,0.0009999999999976694
35646000,2951,310,130071,1469,-2864,132081,107,19230,438,0,24954,0.0010000000000047748
35647001,-4034,7491,131789,-32944,1455,125778,118,19222,483,1,24955,0.0010009999999951447
35648000,-2249,10426,134229,6963,13191,126203,112,19227,459,1,24956,0.0009990000000001942
35649000,-7601,-6790,127999,5119,-5709,131843,99,19227,459,1,24957,0.0010000000000047748
35650000,751,-6381,130309,-21714,-12627,130981,134,19231,405,0,24958,0.0009999999999976694
35651000,-1887,-487,131013,-5511,-2587,128692,134,19225,549,0,24959,0.0009999999999976694
35652001,5329,8490,131282,8908,5429,121686,105,19229,430,0,24960,0.00100100000000225
35653001,-4759,-2086,132459,-19695,1042,134289,110,19228,451,0,24961,0.0009999999999976694
35654000,-6205,1174,130734,-18567,-4178,131394,146,19229,598,1,24962,0.0009990000000001942
35655000,-8020,10614,128880,-3024,4068,129229,112,19229,598,1,24963,0.0010000000000047748
35656000,-7055,11157,129388,-10982,8175,121678,103,19229,459,1,24964,0.0009999999999976694
35657000,-895,-3244,126698,-8130,-625,127871,103,19224,422,0,24965,0.0009999999999976694
35658000,-4409,-7984,125212,-10146,-13176,138527,147,19230,602,0,24966,0.0010000000000047748
35659000,-2452,14701,127602,-3994,-649,119122,104,19230,426,0,24967,0.0009999999999976694
35660000,-4864,7704,128781,-10305,10584,127868,115,19219,471,1,24968,0.0009999999999976694
35661001,-7132,3978,125864,-8166,1991,127744,109,19219,471,1,24969,0.00100100000000225
35662000,-6848,1352,127709,-10295,-840,132197,109,19228,446,1,24970,0.0009990000000001942
35663000,-1040,9641,127841,-4540,5081,113931,109,19229,446,0,24971,0.0009999999999976694
35664000,1120,5420,125310,2738,8023,130893,125,19229,512,0,24972,0.0010000000000047748
35665000,1790,-8568,122326,-5060,-12927,126739,110,19226,451,0,24973,0.0009999999999976694
35666000,-799,1168,126196,-3737,4141,125364,111,19227,455,0,24974,0.0009999999999976694
35667002,-172,15539,127386,-5489,11628,122109,145,19227,455,1,24975,0.0010019999999997253
35668000,-4290,15489,125018,2901,14130,119698,113,19226,594,1,24976,0.000998000000002719
35669000,-114,3874,125835,-7981,-7,130521,113,19230,463,1,24977,0.0009999999999976694
35670000,6712,3364,122202,14764,2100,119621,100,19228,410,0,24978,0.0010000000000047748
35671000,9334,3552,123043,9402,-2719,123593,110,19234,451,0,24979,0.0009999999999976694
35672000,8944,-13731,124210,3408,-14079,128931,113,19230,463,0,24980,0.0009999999999976694
35673000,2205,-3225,128231,3426,-6331,131715,115,19230,471,1,24981,0.0010000000000047748
35674000,5265,8472,127681,-1718,8251,124406,115,19222,471,1,24982,0.0009999999999976694
35675000,1801,18957,128792,6555,14189,116276,103,19230,471,1,24983,0.0009999999999976694
35676000,6673,3096,126251,4047,-5051,129510,103,19232,422,1,24984,0.0010000000000047748
35677000,10788,-6712,125011,4627,-9910,125379,115,19224,471,0,24985,0.0009999999999976694
35678000,10271,-4828,129282,17728,-8072,131881,92,19227,377,0,24986,0.0009999999999976694
35679000,10261,-2157,127689,4303,-5321,125725,106,19227,434,0,24987,0.0009999999999976694
35680000,1521,5916,130340,-11071,1189,128595,130,19229,434,1,24988,0.0010000000000047748
35681000,1374,12251,132144,4107,7911,130659,112,19222,532,1,24989,0.0009999999999976694
35682000,-510,2602,127779,5921,-910,126432,112,19229,459,1,24990,0.0009999999999976694
35683007,2744,6701,130146,-7248,3749,124157,97,19223,397,0,24991,0.0010070000000013124
35684000,10752,-16039,125869,8050,-19285,128277,157,19233,643,0,24992,0.0009930000000011319
35685002,10676,-5171,129648,17181,-9964,133858,107,19233,438,0,24993,0.0010019999999997253
35686001,4119,5042,130488,-17983,1806,126792,109,19229,438,0,24994,0.0009990000000001942
35687000,297,11467,132551,-14103,9303,122770,135,19228,446,1,24995,0.0009990000000001942
35688000,-7427,5627,132216,13146,2805,131575,135,19231,553,1,24996,0.0009999999999976694
35689003,-2428,-9459,127544,-15034,-12237,135799,105,19235,430,1,24997,0.001003000000004306
35690000,-1710,-8471,129897,-11026,-12221,130597,105,19221,430,0,24998,0.0009969999999981383
35691000,893,4063,130341,6466,-1941,126136,85,19231,348,0,24999,0.0009999999999976694
35692000,2047,7748,129200,-3136,5151,123095,110,19231,348,0,25000,0.0010000000000047748
35693000,-6737,-2757,129838,-16258,-6342,132295,131,19228,451,1,25001,0.0009999999999976694
35694000,-8412,985,130785,-12741,-1071,133712,131,19224,537,1,25002,0.0009999999999976694
35695000,-10157,11870,131840,-10109,9259,127964,114,19227,467,1,25003,0.0010000000000047748
35696000,-2579,17274,132047,-8220,18101,119180,100,19227,410,1,25004,0.0009999999999976694
35697000,-2037,-9311,125943,-7239,-10583,133496,144,19220,590,0,25005,0.0009999999999976694
35698001,-2113,-6451,126458,-4028,-12304,129792,105,19220,590,0,25006,0.00100100000000225
35699000,-1107,2377,127915,-7816,-1245,128769,108,19231,430,0,25007,0.0009990000000001942
35700000,-3331,18370,129738,-2622,16236,119591,108,19226,442,1,25008,0.0009999999999976694
35701000,-8788,11635,128011,-12381,11695,119786,135,19228,553,1,25009,0.0010000000000047748
35702000,-7618,-9290,124272,-15003,-12314,138476,112,19230,459,1,25010,0.0009999999999976694
35703000,-1293,7246,125973,3500,2206,118501,107,19226,438,0,25011,0.0009999999999976694
35704000,-143,-1838,123199,-210,1555,123152,93,19226,438,0,25012,0.0010000000000047748
35705000,3872,2258,124054,-6257,-2017,123494,110,19231,381,0,25013,0.0009999999999976694
35706000,215,3431,125385,-8017,-2940,127538,110,19229,451,0,25014,0.0009999999999976694
35707000,-307,10474,125930,182,3688,111405,121,19219,496,1,25015,0.0010000000000047748
35708000,-3102,15430,127389,2196,16150,124532,110,19230,451,1,25016,0.0009999999999976694
35709000,194,1716,124894,-4891,80,128922,98,19232,401,1,25017,0.0009999999999976694
35710000,10230,1953,123452,5068,-3114,122711,125,19232,401,0,25018,0.0010000000000047748
35711000,7889,-4030,125752,9097,-5487,133674,104,19230,512,0,25019,0.0009999999999976694
35712000,9175,2629,124614,6370,4549,117730,104,19231,426,0,25020,0.0009999999999976694
35713002,3483,-9139,124656,4970,-7059,137028,113,19225,463,1,25021,0.0010019999999997253
35714001,998,6962,128531,1096,8269,122302,142,19229,582,1,25022,0.0009990000000001942
35715000,5361,12822,126534,-3934,7426,122457,113,19231,463,1,25023,0.0009990000000001942
35716000,7117,3946,126228,15421,1541,124562,101,19231,463,1,25024,0.0010000000000047748
35717000,11500,-2046,126131,-5782,-9393,122899,117,19224,414,0,25025,0.0009999999999976694
35718001,9837,-16513,128880,16087,-19050,147690,117,19236,479,0,25026,0.00100100000000225
35719000,9178,-991,127336,3736,-1287,118230,103,19231,422,0,25027,0.0009990000000001942
35720000,4146,11250,132759,-9828,7928,129251,113,19222,463,1,25028,0.0009999999999976694
35721000,-3522,15003,129273,5699,12502,126407,109,19232,446,1,25029,0.0009999999999976694
35722000,2385,-8128,123483,662,-10958,132994,104,19232,426,1,25030,0.0010000000000047748
35723000,6407,2459,130543,-1680,1966,126150,123,19227,426,0,25031,0.0009999999999976694
35724000,9486,2225,127969,11188,-820,119103,97,19221,504,0,25032,0.0009999999999976694
35725000,10176,-8788,130519,12204,-14777,139902,97,19229,397,0,25033,0.0010000000000047748
35726000,-22,421,133295,-17777,-1081,127298,105,19229,430,0,25034,0.0009999999999976694
35727000,-55,3172,131598,-8965,-305,134403,142,19225,582,1,25035,0.0009999999999976694
35728000,-7725,14783,133382,7421,12180,121490,113,19225,463,1,25036,0.0010000000000047748
35729000,-5093,-7493,128562,-22044,-12542,128997,97,19229,463,1,25037,0.0009999999999976694
35730000,2102,-6514,129629,-450,-9593,135525,128,19225,397,0,25038,0.0009999999999976694
35731000,86,3056,127560,7817,-621,118051,128,19232,524,0,25039,0.0010000000000047748
35732000,777,2759,131874,-9139,-1242,132172,108,19230,442,0,25040,0.0009999999999976694
35733000,-8091,-879,130590,-15260,-3252,126517,120,19222,491,1,25041,0.0009999999999976694
35734002,-7740,2141,131677,-11344,407,137563,121,19228,496,1,25042,0.0010019999999997253
35735000,-9440,12188,129505,-11114,7849,122384,108,19228,496,1,25043,0.000998000000002719
35736000,-3798,10715,128830,-8824,8543,119278,115,19230,442,1,25044,0.0009999999999976694
35737000,-1786,-6800,125120,-5941,-9421,132789,115,19215,471,0,25045,0.0010000000000047748
35738000,-2836,-2836,127090,-4176,-5860,128299,107,19230,438,0,25046,0.0009999999999976694
35739000,-1254,2035,128554,-8892,1392,127911,104,19229,426,0,25047,0.0009999999999976694
35740001,-6560,13236,127228,-11732,8895,116675,133,19227,545,1,25048,0.00100100000000225
35741000,-5977,8231,129530,-13615,7980,128603,122,19227,545,1,25049,0.0009990000000001942
35742000,-3930,-360,123944,1490,-1054,131047,105,19232,500,1,25050,0.0009999999999976694
35743000,-2658,7584,124506,-10575,4680,117201,105,19226,430,0,25051,0.0009999999999976694
35744000,1941,7819,126373,-3952,3671,125574,133,19233,545,0,25052,0.0010000000000047748
35745000,404,773,124968,11630,-1209,123949,110,19226,451,0,25053,0.0009999999999976694
35746000,2021,-8414,124985,-10959,-12840,134572,113,19225,463,0,25054,0.0009999999999976694
35747000,-4362,14253,128256,-7351,12908,122838,150,19225,463,1,25055,0.0010000000000047748
35748000,-2733,17401,125686,-1675,19373,114533,108,19230,614,1,25056,0.0009999999999976694
35749000,6124,3662,126064,3585,4071,130864,108,19229,442,1,25057,0.0009999999999976694
35750000,6972,-2951,120974,6241,-6763,124812,106,19221,434,0,25058,0.0010000000000047748
35751000,10213,-109,124242,4272,-5797,125369,91,19227,373,0,25059,0.0009999999999976694
35752000,7087,2342,127222,10691,-519,122128,110,19228,451,0,25060,0.0009999999999976694
35753000,5103,-1160,127697,414,-13588,134905,128,19228,451,1,25061,0.0010000000000047748
35754000,2143,8911,128487,-4736,10191,118751,116,19222,524,1,25062,0.0009999999999976694
35755000,2559,3763,126738,4610,7673,132723,116,19234,475,1,25063,0.0009999999999976694
35756000,8435,-3512,122281,13291,-11135,122351,98,19230,401,0,25064,0.0010000000000047748
35757000,7353,-2759,128099,-1201,5916,125811,142,19229,582,0,25065,0.0009999999999976694
35758000,13837,-13383,125727,5361,-8772,134985,101,19227,414,0,25066,0.0009999999999976694
35759002,5460,4631,128655,15195,-1122,121470,105,19227,414,0,25067,0.0010019999999997253
35760001,4956,4992,131305,-8438,2069,133615,127,19224,430,1,25068,0.0009990000000001942
35761001,1023,7072,130023,-3142,4172,123399,127,19228,520,1,25069,0.0010000000000047748
35762003,1291,4823,129647,9805,-138,130350,112,19230,459,1,25070,0.0010019999999997253
35763000,7457,-4800,127813,-4512,-10437,129642,108,19225,442,0,25071,0.0009969999999981383
35764000,8415,-5041,129189,19796,-5787,125484,133,19229,545,0,25072,0.0009999999999976694
35765000,6374,-3774,126824,3182,-6238,133314,111,19229,455,0,25073,0.0010000000000047748
35766000,1265,1021,133400,-19383,1245,118247,119,19228,455,0,25074,0.0009999999999976694
35767000,-822,-1077,133847,-1041,-5202,139980,114,19220,487,1,25075,0.0009999999999976694
35768001,-4139,-1952,128325,5220,-4540,129173,114,19232,467,1,25076,0.00100100000000225
35769001,-7616,-2128,128998,-19869,-6326,126965,101,19232,414,1,25077,0.0009999999999976694
35770002,2423,-3206,128766,-5631,-4364,134364,130,19224,532,0,25078,0.00100100000000225
35771000,-2814,3598,127972,7657,-840,120093,101,19229,414,0,25079,0.000998000000002719
35772003,1414,6947,133554,-10647,4418,133998,108,19229,414,0,25080,0.0010029999999972006
35773002,-9479,5635,128928,-20191,2606,125244,143,19228,442,1,25081,0.0009990000000001942
35774000,-10067,2398,130553,-4055,-554,133148,143,19229,586,1,25082,0.000998000000002719
35775003,-7419,9188,130552,-8057,6128,126095,117,19231,479,1,25083,0.0010029999999972006
35776000,-4044,-1095,127625,-11810,-3590,126553,102,19226,418,1,25084,0.0009969999999981383
35777000,214,8516,128040,-8743,6696,122579,145,19226,594,0,25085,0.0010000000000047748
35778000,-4252,-3899,126452,-5355,-6223,124474,103,19235,594,0,25086,0.0009999999999976694
35779000,386,1461,128061,-7250,-2242,130212,114,19227,422,0,25087,0.0009999999999976694
35780000,-6039,10123,128209,-4868,7684,121993,114,19218,467,1,25088,0.0010000000000047748
35781000,-7712,7494,126508,-14855,5637,127170,112,19227,459,1,25089,0.0009999999999976694
35782000,-7493,7289,129222,-7926,4408,127307,104,19233,426,1,25090,0.0009999999999976694
35783000,723,-1134,124690,3429,-4241,126981,121,19230,496,0,25091,0.0010000000000047748
35784005,-26,7554,126602,2128,5942,126969,98,19230,496,0,25092,0.0010049999999992565
35785000,-1233,1148,123260,-9771,-2301,122797,109,19232,401,0,25093,0.0009949999999960824
35786000,444,10380,127762,-805,7263,127287,109,19227,446,1,25094,0.0010000000000047748
35787000,-4280,10346,124838,-3945,7926,121886,143,19227,586,1,25095,0.0009999999999976694
35788000,742,3876,127201,-3541,2022,127380,113,19232,463,1,25096,0.0009999999999976694
35789000,1344,4580,123516,8502,4635,124053,96,19228,393,1,25097,0.0010000000000047748
35790000,8842,7439,124347,-7380,4741,120657,109,19228,393,0,25098,0.0009999999999976694
35791000,13359,1185,126879,11853,-505,123940,111,19232,446,0,25099,0.0009999999999976694
35792000,5923,-3617,125083,14099,-6834,126780,111,19227,455,0,25100,0.0010000000000047748
35793000,5339,2796,127231,-11370,-1092,131475,117,19222,479,1,25101,0.0009999999999976694
35794000,-1298,14768,131056,9151,8806,124594,114,19228,467,1,25102,0.0009999999999976694
35795002,5811,246,124871,12389,442,129296,104,19233,426,1,25103,0.0010019999999997253
35796001,5164,6006,127638,-636,-2172,122602,114,19233,426,0,25104,0.0009990000000001942
35797000,11339,-543,126420,1707,2446,123733,93,19221,467,0,25105,0.0009990000000001942
35798001,11963,-11663,125188,19086,-16836,134012,93,19231,381,0,25106,0.00100100000000225
35799000,4279,2678,130577,1372,-2379,125825,104,19232,426,0,25107,0.0009990000000001942
35800000,4041,1716,130132,-10184,-9101,132752,130,19230,532,1,25108,0.0009999999999976694
35801002,1412,17917,132941,7743,20761,119769,113,19228,463,1,25109,0.0010019999999997253
35802000,3523,-1444,129185,5208,2581,133495,100,19228,463,1,25110,0.000998000000002719
35803002,4104,-7449,127322,-7498,-16307,127627,157,19227,410,0,25111,0.0010019999999997253
35804000,10206,-5162,132127,4299,-8804,130445,157,19232,643,0,25112,0.0009979999999956135
35805000,7703,-1880,128373,25953,-3776,128823,105,19230,430,0,25113,0.0010000000000047748
35806000,634,6673,132840,-18540,3167,126162,108,19221,442,1,25114,0.0009999999999976694
35807000,311,6678,131746,-20266,4688,130369,133,19229,545,1,25115,0.0009999999999976694
35808001,-7531,4422,130173,17873,716,128332,105,19229,545,1,25116,0.00100100000000225
35809000,-1948,-6740,128290,-14389,-12290,131386,106,19232,430,1,25117,0.0009990000000001942
35810000,-4171,-8138,129526,-4273,-8337,129019,86,19222,434,0,25118,0.0009999999999976694
35811000,4901,2398,131101,6327,3380,129267,86,19233,352,0,25119,0.0010000000000047748
35812000,-2942,3487,131863,-17148,-495,138859,109,19226,446,0,25120,0.0009999999999976694
35813000,-6199,-643,127401,-14112,-1756,120786,131,19224,537,1,25121,0.0009999999999976694
35814000,-10761,4033,128708,-8152,2579,132135,115,19224,471,1,25122,0.0010000000000047748
35815001,-9751,13073,130526,-13152,11267,124708,101,19228,471,1,25123,0.0010009999999951447
35816001,-2108,-9,127358,-3018,-6354,129207,142,19229,414,0,25124,0.0010000000000047748
35817000,-5998,-3452,125263,-9062,-3424,129251,142,19226,582,0,25125,0.0009990000000001942
35818000,483,4694,128206,-8645,1380,122328,104,19230,426,0,25126,0.0009999999999976694
35819000,-1120,-224,127078,-2894,-2422,132178,106,19226,434,0,25127,0.0009999999999976694
35820000,-2686,11517,128278,-7766,7128,119871,137,19226,561,1,25128,0.0010000000000047748
35821000,-9203,3849,128496,-15750,1025,126003,114,19227,561,1,25129,0.0009999999999976694
35822001,-3676,9043,127376,-4034,5440,123864,106,19232,467,1,25130,0.00100100000000225
35823000,3380,-8568,123790,3600,-12808,126913,106,19221,434,0,25131,0.0009990000000001942
35824000,492,-1215,126369,-6154,-3432,128125,92,19232,377,0,25132,0.0009999999999976694
35825000,2453,11388,125446,-7881,9048,118283,114,19227,467,0,25133,0.0009999999999976694
35826000,-1188,7456,126432,2627,3198,129618,124,19219,508,1,25134,0.0010000000000047748
35827002,-692,13201,126289,-4309,10496,121114,115,19219,508,1,25135,0.0010019999999997253
35828000,-2122,4703,124538,-4397,1916,127821,100,19230,471,1,25136,0.0009979999999956135
35829000,3373,7832,124809,5681,2506,121119,100,19228,410,0,25137,0.0010000000000047748
35830000,9321,-4259,122088,6064,-9328,120421,125,19235,512,0,25138,0.0009999999999976694
35831000,9947,-4348,124883,8495,-7971,131918,109,19230,446,0,25139,0.0009999999999976694
35832000,7406,-2816,125445,-611,-5847,126781,114,19223,467,0,25140,0.0010000000000047748
35833000,2371,7099,128888,6037,2746,124162,151,19223,467,1,25141,0.0009999999999976694
35834000,1375,12394,128446,2166,10998,123205,110,19227,618,1,25142,0.0009999999999976694
35835002,5842,6704,125307,-87,4416,123711,110,19232,451,1,25143,0.0010019999999997253
35836000,11554,3632,125970,15661,716,124805,98,19224,401,0,25144,0.000998000000002719
35837000,10576,-5238,126188,1280,-5431,126285,121,19229,496,0,25145,0.0009999999999976694
35838000,10112,-8530,128729,15012,-16948,133442,109,19231,446,0,25146,0.0010000000000047748
35839000,3964,-3733,129354,1429,-9417,125959,116,19231,446,1,25147,0.0009999999999976694
35840001,2113,3005,130051,-9591,-3220,136524,107,19222,475,1,25148,0.00100100000000225
35841000,-651,25534,131211,2932,23547,113490,107,19230,438,1,25149,0.0009990000000001942
35842000,3333,-1767,127088,-1000,-424,128100,103,19231,422,1,25150,0.0009999999999976694
35843000,7124,-16407,127122,4916,-20142,136928,125,19222,512,0,25151,0.0009999999999976694
35844000,7827,-26,129609,12820,-2033,123220,98,19230,401,0,25152,0.0010000000000047748
35845000,5839,318,128942,1609,-5780,133033,105,19230,401,0,25153,0.0009999999999976694
35846000,-3249,10628,134523,-14655,6861,121525,140,19232,430,1,25154,0.0009999999999976694
35847000,-2797,-6899,129883,-9378,-16632,141639,140,19226,573,1,25155,0.0010000000000047748
35848000,-7429,2133,129045,8567,3392,115007,114,19232,467,1,25156,0.0009999999999976694
35849000,-5508,-872,130262,-27998,151,137121,97,19226,397,0,25157,0.0009999999999976694
35850000,1556,-5275,128110,1802,-14047,128653,140,19231,573,0,25158,0.0010000000000047748
35851002,3983,1950,130311,13007,-829,125496,109,19231,446,0,25159,0.0010019999999997253
35852001,-4525,3148,133801,-24731,140,130703,115,19225,446,0,25160,0.0009990000000001942
35853002,-7773,8824,131255,-16738,2204,126491,115,19226,471,1,25161,0.0010009999999951447
35854002,-6085,6036,131004,-2085,1520,133414,128,19227,524,1,25162,0.0010000000000047748
35855000,-10010,7466,128645,-9114,5550,120592,107,19231,438,1,25163,0.0009979999999956135
35856000,-2500,2230,127292,-14421,-1183,126079,115,19217,471,0,25164,0.0010000000000047748
35857000,-1375,-6474,124915,2157,-6730,132554,106,19217,434,0,25165,0.0009999999999976694
35858000,-2026,-990,127507,-6783,-2063,125572,103,19231,434,0,25166,0.0009999999999976694
35859000,-3064,10416,126608,-7570,11028,122283,129,19222,422,1,25167,0.0010000000000047748
35860000,-8136,5724,128283,-10391,1672,123018,129,19225,528,1,25168,0.0009999999999976694
35861000,-5566,582,127812,-11193,-1994,133503,117,19231,479,1,25169,0.0009999999999976694
35862000,-3042,3721,124431,5221,334,125581,105,19229,430,1,25170,0.0010000000000047748
35863000,-2500,7691,123579,-10156,5469,114905,135,19229,553,0,25171,0.0009999999999976694
35864000,2188,-331,124958,-7644,-5326,129008,115,19228,553,0,25172,0.0009999999999976694
35865000,1856,-4028,127124,8235,-9800,127910,114,19232,471,0,25173,0.0009999999999976694
35866000,4667,2995,126453,-1229,1350,129044,114,19221,467,1,25174,0.0010000000000047748
35867000,-5328,21206,129450,-10225,19948,118634,153,19227,627,1,25175,0.0009999999999976694
35868000,245,8892,125588,1354,4319,122719,108,19234,442,1,25176,0.0009999999999976694
35869000,8594,-283,124309,10882,-3845,130244,109,19225,446,0,25177,0.0010000000000047748
35870000,7526,-5820,122169,3752,-11212,123772,88,19225,446,0,25178,0.0009999999999976694
35871000,9410,9680,126481,8165,7895,118173,109,19229,360,0,25179,0.0009999999999976694
35872000,4095,-2144,126781,5221,-6262,129775,109,19230,446,0,25180,0.0010000000000047748
35873000,6838,-2849,128530,1754,-6003,130881,125,19224,512,1,25181,0.0009999999999976694
35874000,719,13047,127321,2042,9643,118540,114,19234,467,1,25182,0.0009999999999976694
35875000,4486,8725,125365,3634,6773,124676,98,19228,401,1,25183,0.0010000000000047748
35876000,12404,-6922,125306,7289,-10141,128094,138,19228,401,0,25184,0.0009999999999976694
35877000,9097,-9578,126746,9856,-13431,132170,109,19225,565,0,25185,0.0009999999999976694
35878001,8982,-10190,127631,6539,-6887,129677,109,19229,446,0,25186,0.00100100000000225
35879002,1389,6405,132428,603,4377,121138,104,19227,426,1,25187,0.00100100000000225
35880000,2637,14572,130368,-3355,11503,128722,129,19226,528,1,25188,0.0009979999999956135
35881000,409,3648,127158,4798,1340,126538,112,19229,459,1,25189,0.0010000000000047748
35882002,5341,-7593,129091,2118,-9342,130478,108,19229,459,1,25190,0.0010019999999997253
35883000,10246,2200,128054,-1123,-4590,120796,122,19223,442,0,25191,0.0009979999999956135
35884000,10590,-5856,131131,19268,-6814,133303,122,19236,500,0,25192,0.0010000000000047748
35885000,5237,-13104,128863,-5070,-12024,135742,101,19229,414,0,25193,0.0009999999999976694
35886000,-548,3457,134597,-18904,12223,120441,118,19220,483,1,25194,0.0009999999999976694
35887000,-6824,4874,131333,3581,8659,129633,110,19227,451,1,25195,0.0010000000000047748
35888000,-3344,1279,131338,-251,-1568,131682,98,19227,451,1,25196,0.0009999999999976694
35889002,-3733,-11095,128236,-14281,-14496,136333,130,19231,401,0,25197,0.0010019999999997253
35890000,1365,-10397,130044,-6542,-2718,126715,130,19228,532,0,25198,0.000998000000002719
35891000,455,11742,131704,2171,7848,122246,110,19227,451,0,25199,0.0009999999999976694
35892000,-5660,2833,131504,-14414,1267,135628,111,19225,455,1,25200,0.0009999999999976694
35893000,-8038,3980,129142,-18310,-1997,128549,149,19226,610,1,25201,0.0010000000000047748
35894000,-8332,182,130663,-5677,-2298,133858,117,19226,610,1,25202,0.0009999999999976694
35895000,-5211,13934,128715,-10215,19594,119396,106,19231,479,1,25203,0.0009999999999976694
35896000,-284,-710,125758,-5656,-6962,139430,106,19224,434,0,25204,0.0010000000000047748
35897002,-4073,-13729,127087,-11023,-13627,125156,149,19235,610,0,25205,0.0010019999999997253
35898000,-2169,3873,128221,-6600,6274,122785,102,19230,418,0,25206,0.0009979999999956135
35899000,-5415,11920,128243,-5254,10098,122002,112,19220,459,1,25207,0.0010000000000047748
35900000,-5799,11689,127225,-10241,-2429,127150,109,19220,446,1,25208,0.0009999999999976694
35901000,-7236,-5062,126210,-10618,1964,130005,105,19228,446,1,25209,0.0009999999999976694
35902000,2078,4306,126276,1091,7348,119614,123,19228,430,0,25210,0.0010000000000047748
35903003,1754,577,125518,2548,-2825,126332,123,19225,504,0,25211,0.0010029999999972006
35904000,708,-670,123844,-6118,-3668,125880,99,19227,405,0,25212,0.0009969999999981383
35905001,39,893,125938,-2850,899,128694,107,19225,438,0,25213,0.00100100000000225
35906000,-2212,3384,125672,-10243,11741,124019,143,19225,586,1,25214,0.0009990000000001942
35907000,-4806,20629,126000,1404,6087,115958,111,19228,586,1,25215,0.0009999999999976694
35908000,1719,12845,124464,6025,-3556,128615,97,19233,455,1,25216,0.0010000000000047748
35909000,8002,-45,123224,6115,-5107,125961,97,19225,397,0,25217,0.0009999999999976694
35910001,7987,-3893,124429,2248,6121,121499,108,19228,442,0,25218,0.00100100000000225
35911000,9381,-3816,125648,8519,773,128573,114,19227,467,0,25219,0.0009990000000001942
35912000,6221,4107,128187,5538,-2358,126436,117,19227,479,1,25220,0.0009999999999976694
35913000,2711,-1857,127692,-4591,-1,130210,116,19221,479,1,25221,0.0009999999999976694
35914000,4091,4414,127332,5880,6363,122057,104,19228,475,1,25222,0.0010000000000047748
35915001,7773,3913,125485,8371,38,126879,104,19231,426,1,25223,0.0010009999999951447
35916000,9929,2055,127659,2025,1917,124817,113,19223,463,0,25224,0.0009990000000001942
35917000,8670,3706,125924,11530,-15366,128712,91,19231,373,0,25225,0.0010000000000047748
35918000,5776,-14684,131766,2245,-5390,136396,104,19226,426,0,25226,0.0009999999999976694
35919002,4152,-1830,128388,-4584,5703,121998,131,19226,426,1,25227,0.0010019999999997253
35920001,317,6924,131957,7056,9124,127890,116,19224,537,1,25228,0.0009990000000001942
35921001,1299,14331,128588,-2410,1332,127447,116,19229,475,1,25229,0.0009999999999976694
35922000,3333,-2613,126217,-183,-12390,131340,101,19228,414,0,25230,0.0009990000000001942
35923000,8664,-9130,130632,13016,-6090,126611,155,19233,635,0,25231,0.0010000000000047748
35924000,7436,-1061,126808,3337,-13012,128709,105,19230,430,0,25232,0.0009999999999976694
35925000,4491,-7307,132238,-10799,-3907,128855,110,19230,430,0,25233,0.0009999999999976694
35926001,3901,12937,133965,-5855,8417,126950,137,19224,451,1,25234,0.00100100000000225
35927000,-7762,2326,129134,1036,-2500,130960,137,19228,561,1,25235,0.0009990000000001942
35928000,-7029,5836,131780,-12836,-55,125654,105,19231,430,1,25236,0.0009999999999976694
35929000,-938,-9261,125319,-7992,-18206,133590,107,19222,438,0,25237,0.0009999999999976694
35930000,-406,-3941,132081,5648,2696,129237,87,19228,356,0,25238,0.0010000000000047748
35931001,449,9342,130725,-4881,5807,121675,111,19228,356,0,25239,0.0010009999999951447
35932003,-5764,-4558,131962,-14678,-8736,135293,137,19227,455,1,25240,0.0010020000000068308
35933000,-5596,-3770,130584,-9469,-2412,130675,137,19219,561,1,25241,0.0009969999999981383
35934000,-10793,2119,129835,-10282,1658,133165,118,19230,483,1,25242,0.0009999999999976694
35935000,-2508,15881,129048,-11991,19410,115107,100,19230,410,1,25243,0.0009999999999976694
35936000,-5088,6012,126377,-2844,-3372,129407,142,19223,582,0,25244,0.0010000000000047748
35937000,-2605,-11181,125273,-6621,-18181,136138,117,19223,582,0,25245,0.0009999999999976694
35938000,-2037,2220,129043,-8096,6361,116990,113,19230,479,0,25246,0.0009999999999976694
35939000,-3370,11208,128231,-9289,6017,128001,113,19229,463,1,25247,0.0010000000000047748
35940000,-5007,9728,126825,-3292,7189,121486,133,19226,545,1,25248,0.0009999999999976694
35941000,-9638,4556,126290,-17418,-4164,128206,115,19228,471,1,25249,0.0009999999999976694
35942000,-451,2947,124458,-4783,-648,111484,109,19220,446,0,25250,0.0010000000000047748
35943000,-1451,8504,126172,2154,4194,129449,82,19220,446,0,25251,0.0009999999999976694
35944000,3531,-4116,123798,-4236,-10172,129526,111,19228,336,0,25252,0.0009999999999976694
35945000,418,1871,125661,-4649,1615,119667,111,19230,455,0,25253,0.0010000000000047748
35946000,-332,10718,126971,-2561,941,133402,126,19215,516,1,25254,0.0009999999999976694
35947001,-3772,11111,124799,-128,10413,111461,112,19229,459,1,25255,0.00100100000000225
35948000,2915,14325,125296,-3555,-2686,132336,96,19230,393,1,25256,0.0009990000000001942
35949000,8188,1789,123522,6705,-3962,120194,127,19230,520,0,25257,0.0009999999999976694
35950000,8293,-8,124590,9042,-5942,127597,111,19238,520,0,25258,0.0009999999999976694
35951000,9995,-6984,125357,1023,-6832,128737,114,19228,455,0,25259,0.0010000000000047748
35952000,3825,2598,128424,4760,2880,122429,114,19225,467,1,25260,0.0009999999999976694
35953003,418,5660,127122,9901,5293,132232,143,19229,586,1,25261,0.0010029999999972006
35954000,3842,12432,126422,-3690,8797,117599,107,19232,438,1,25262,0.0009970000000052437
35955000,7413,8777,124639,5797,-4149,130525,98,19232,401,1,25263,0.0009999999999976694
35956000,11399,4527,125501,12016,-1338,122532,122,19224,401,0,25264,0.0009999999999976694
35957000,10253,-2038,123690,6958,-17761,133945,107,19235,500,0,25265,0.0010000000000047748
35958000,6496,-18194,130344,1694,-2023,131737,107,19229,438,0,25266,0.0009999999999976694
35959002,1435,11403,130960,3410,114,124893,113,19223,463,1,25267,0.0010019999999997253
35960002,1429,8729,131624,5238,5700,132079,109,19220,446,1,25268,0.0009999999999976694
35961000,-1454,11166,129957,-6607,6368,124304,102,19231,418,1,25269,0.000998000000002719
35962000,6127,-3340,125279,630,-14206,133639,126,19231,418,0,25270,0.0009999999999976694
35963000,11027,-13654,130856,16179,-8036,127064,100,19221,516,0,25271,0.0010000000000047748
35964000,7681,4704,130373,7999,-10014,129611,100,19233,410,0,25272,0.0009999999999976694
35965000,1012,-9212,131613,-12707,8859,125172,105,19226,430,0,25273,0.0009999999999976694
35966000,-1309,14479,134146,-13963,9252,125126,145,19224,594,1,25274,0.0010000000000047748
35967000,-4515,2658,130770,7838,-9520,136151,110,19231,451,1,25275,0.0009999999999976694
35968000,-5524,1712,130427,-7807,-2827,121865,100,19231,451,1,25276,0.0009999999999976694
35969002,-1336,-5541,127044,-19843,-20366,138518,135,19223,410,0,25277,0.0010019999999997253
35970000,2855,-4540,131111,8131,-40,123534,135,19228,553,0,25278,0.000998000000002719
35971000,-382,13153,129606,-788,3747,125951,116,19230,475,0,25279,0.0009999999999976694
35972000,-7958,3240,130991,-22307,-2499,131631,120,19222,491,1,25280,0.0010000000000047748
35973000,-9776,5819,130270,-12044,4186,125713,122,19228,500,1,25281,0.0009999999999976694
35974000,-8979,2225,128874,-4118,5176,129375,106,19228,500,1,25282,0.0009999999999976694
35975000,-2858,12278,129433,-10648,9679,120746,117,19232,434,1,25283,0.0010000000000047748
35976000,-825,-124,126292,-8685,-14463,132365,117,19215,479,0,25284,0.0009999999999976694
35977000,-2521,-5407,126553,-2796,2879,124480,94,19234,385,0,25285,0.0009999999999976694
35978000,-860,2616,128368,-10236,4643,125145,101,19233,414,0,25286,0.0010000000000047748
35979000,-4042,3299,128292,-4484,4343,127073,134,19224,549,1,25287,0.0009999999999976694
35980002,-8912,13513,129619,-11794,9820,122198,117,19224,549,1,25288,0.0010019999999997253
35981001,-6366,6910,127403,-9594,4859,126581,104,19229,479,1,25289,0.0009990000000001942
35982000,2310,5924,127033,4179,5756,128212,104,19228,426,0,25290,0.0009990000000001942
35983000,-851,-9438,121638,-5999,-11978,126228,127,19232,520,0,25291,0.0009999999999976694
35984000,262,3305,128314,-6862,4549,122801,115,19227,471,0,25292,0.0010000000000047748
35985000,2158,11661,125453,-469,6535,124030,114,19225,467,0,25293,0.0009999999999976694
35986000,-4078,4894,125240,4807,2762,127079,147,19225,467,1,25294,0.0009999999999976694
35987000,-2940,7121,124954,-12765,2399,125349,107,19232,602,1,25295,0.0010000000000047748
35988003,3498,9639,125047,1084,1413,119708,107,19233,438,1,25296,0.0010029999999972006
35989000,10218,22282,123819,16411,12260,127269,108,19224,442,0,25297,0.0009969999999981383
35990000,12124,-12357,122570,1102,-18073,133379,89,19226,365,0,25298,0.0009999999999976694
35991001,4081,-8252,127685,4942,-5340,122119,109,19223,446,0,25299,0.00100100000000225
35992000,5957,6297,128566,3272,8020,122900,129,19223,528,1,25300,0.0009990000000001942
35993000,1617,13498,130398,91,11822,121237,115,19225,528,1,25301,0.0009999999999976694
35994000,4728,9107,125229,4393,-8994,126837,98,19231,471,1,25302,0.0010000000000047748
35995000,9448,-5944,125477,4357,-4507,125105,98,19229,401,0,25303,0.0009999999999976694
35996000,12356,4106,128052,10102,-2302,126328,145,19229,594,0,25304,0.0009999999999976694
35997002,10610,-7734,126140,6274,-10176,131489,102,19228,418,0,25305,0.0010019999999997253
35998000,5500,-3446,130341,-1524,64,128178,101,19228,414,0,25306,0.000998000000002719
35999000,1321,8131,130404,-1267,3778,129682,123,19225,414,1,25307,0.0009999999999976694
36000000,177,11827,128240,-1396,6370,120092,109,19231,504,1,25308,0.0010000000000047748
36001000,750,13745,129391,2810,-4108,130460,109,19229,446,1,25309,0.0009999999999976694
36002000,8309,-4500,124127,3974,-21760,135682,108,19220,442,0,25310,0.0009999999999976694
36003002,11186,-15689,131159,15225,-118,124691,114,19231,467,0,25311,0.0010019999999997253
36004000,3766,5673,129709,-2469,-5839,132217,105,19231,430,0,25312,0.000998000000002719
36005000,815,-2953,132238,-16761,4985,123949,118,19229,430,1,25313,0.0009999999999976694
36006000,-889,12046,133352,2088,4377,130330,112,19221,483,1,25314,0.0010000000000047748
36007000,-7506,-3140,128483,-4940,-7408,133290,112,19232,459,1,25315,0.0009999999999976694
36008000,-2767,-1729,129612,-14306,-7008,126812,98,19227,401,1,25316,0.0009999999999976694
36009000,1064,-4581,130666,-4210,-5501,130348,136,19229,557,0,25317,0.0010000000000047748
36010000,2363,6322,129443,3191,1887,123733,105,19228,430,0,25318,0.0009999999999976694
36011000,-4026,1046,132565,-12878,-1101,131039,109,19228,430,0,25319,0.0009999999999976694
36012000,-6241,-784,131605,-24104,6488,131382,142,19227,446,1,25320,0.0010000000000047748
36013000,-9200,2899,129815,-847,3806,125070,142,19231,582,1,25321,0.0009999999999976694
36014000,-8405,10797,132483,-6103,7221,127851,113,19231,463,1,25322,0.0009999999999976694
36015000,-2338,2918,126655,-17103,-1365,128963,105,19225,430,0,25323,0.0010000000000047748
36016001,-4332,-3047,125644,-3900,-7279,127909,140,19235,573,0,25324,0.0010009999999951447
36017000,-71,-3902,128116,-2144,-2773,128007,104,19235,573,0,25325,0.0009990000000001942
36018000,-2078,7759,126793,-15093,5335,119695,117,19237,426,0,25326,0.0010000000000047748
36019000,-6266,15220,128533,-5151,2819,126005,117,19219,479,1,25327,0.0009999999999976694
36020000,-5291,2890,126309,-7789,-2593,131473,112,19229,459,1,25328,0.0009999999999976694
36021000,-7930,4748,126697,-12525,7894,122234,105,19231,430,1,25329,0.0010000000000047748
36022000,1749,10230,125940,1987,5405,121548,128,19230,524,0,25330,0.0009999999999976694
36023000,-1077,-3652,123549,4321,-9989,128923,110,19230,524,0,25331,0.0009999999999976694
36024000,344,-4295,127186,-14498,1435,131941,111,19231,451,0,25332,0.0010000000000047748
36025000,1224,4647,125874,912,8135,115451,111,19226,455,1,25333,0.0009999999999976694
36026000,-1069,14372,128065,3954,7647,125446,148,19227,606,1,25334,0.0009999999999976694
36027000,119,5884,124613,-9199,1793,126087,115,19229,471,1,25335,0.0010000000000047748
36028000,3758,-567,122771,-66,-6180,124634,96,19230,393,0,25336,0.0009999999999976694
36029002,8629,6472,126013,15498,5737,121978,100,19230,393,0,25337,0.0010019999999997253
36030003,9126,-136,122925,7386,-6870,122596,111,19231,410,0,25338,0.00100100000000225
36031000,4235,-4466,126913,30,-9377,130819,111,19229,455,0,25339,0.0009969999999981383
36032000,4207,-4824,127702,-12,-2623,127516,118,19223,483,1,25340,0.0009999999999976694
36033000,4036,17681,130069,6960,17926,120981,111,19229,455,1,25341,0.0010000000000047748
36034002,5661,13525,124574,8101,5180,123774,103,19227,422,1,25342,0.0010019999999997253
36035000,6647,-2315,125460,-810,-8726,124076,116,19227,475,0,25343,0.0009979999999956135
36036000,12763,-2301,126962,8055,-4650,122357,93,19228,475,0,25344,0.0010000000000047748
36037000,12158,-11104,128074,19634,-7318,126646,102,19231,381,0,25345,0.0009999999999976694
36038000,3366,2379,134146,-3540,-553,129184,102,19232,418,1,25346,0.0009999999999976694
36039000,2705,2721,128267,-7627,313,126192,136,19226,557,1,25347,0.0010000000000047748
36040000,2976,5725,131947,9456,3475,132227,115,19232,471,1,25348,0.0009999999999976694
36041002,2962,7181,128177,4198,-189,122938,99,19232,405,1,25349,0.0010019999999997253
36042000,8472,-2264,126372,-7545,-11455,128425,147,19228,405,0,25350,0.000998000000002719
36043000,9211,-4202,131436,15189,-8397,130237,105,19229,602,0,25351,0.0009999999999976694
36044000,4666,-7419,126822,13420,-14863,135130,105,19229,430,0,25352,0.0009999999999976694
36045000,-1701,-4522,132797,-23011,13303,126944,112,19225,459,1,25353,0.0010000000000047748
36046000,-4536,14678,131458,9126,6889,128282,137,19227,561,1,25354,0.0009999999999976694
36047000,-7500,6774,130729,583,-174,135489,105,19227,430,1,25355,0.0009999999999976694
36048002,-3326,368,127307,-22183,-11314,126192,108,19231,430,0,25356,0.0010019999999997253
36049000,-2020,-11208,128668,955,-11365,133105,89,19222,442,0,25357,0.000998000000002719
36050000,2772,1929,130563,6831,2160,124690,89,19229,365,0,25358,0.0009999999999976694
36051000,-4194,7784,130828,-20375,-444,129851,113,19225,463,0,25359,0.0009999999999976694
36052000,-5998,1830,131303,-12231,-6203,133389,138,19224,565,1,25360,0.0010000000000047748
36053000,-11191,7762,131149,-9116,4506,125466,118,19229,483,1,25361,0.0009999999999976694
36054000,-5924,16005,130700,-7836,4699,128862,100,19229,483,1,25362,0.0009999999999976694
36055000,-2105,4828,125947,-4491,-6078,125144,147,19228,410,0,25363,0.0010000000000047748
36056000,-3937,-6295,126272,-12306,-10236,133585,147,19226,602,0,25364,0.0009999999999976694
36057000,530,-259,127585,-3697,-1315,123065,103,19231,422,0,25365,0.0009999999999976694
36058000,-1440,5445,129310,-7242,5515,121768,109,19224,446,1,25366,0.0010000000000047748
36059000,-7860,7489,129784,-3511,15312,131782,137,19224,561,1,25367,0.0009999999999976694
36060000,-9823,1728,123857,-14930,-1948,120533,111,19224,561,1,25368,0.0009999999999976694
36061000,-1475,13659,130932,-10171,11265,124659,108,19229,455,1,25369,0.0010000000000047748
36062000,-152,5581,121281,12286,-11227,127243,108,19224,442,0,25370,0.0009999999999976694
36063000,1226,-1754,123182,-4186,-10648,124044,84,19230,344,0,25371,0.0009999999999976694
36064000,2540,-1815,125648,-10543,-9194,131828,110,19228,451,0,25372,0.0010000000000047748
36065000,-3604,7419,126512,3662,12418,118564,127,19220,520,1,25373,0.0009999999999976694
36066000,2371,20073,128027,-2304,11973,126831,115,19220,520,1,25374,0.0009999999999976694
36067000,-3995,2376,124541,-1998,-1280,124889,98,19229,471,1,25375,0.0010000000000047748
36068000,5596,6369,124199,1086,5178,123036,98,19233,401,0,25376,0.0009999999999976694
36069000,8438,-622,123908,8685,-1843,122894,132,19233,541,0,25377,0.0009999999999976694
36070000,11773,3234,126654,7680,-8343,125246,106,19228,434,0,25378,0.0010000000000047748
36071000,7084,-4028,124516,4589,-10573,132011,114,19223,467,0,25379,0.0009999999999976694
36072000,-497,-518,126833,-1233,172,119231,138,19223,467,1,25380,0.0009999999999976694
36073000,6686,15058,128264,5669,5651,127775,111,19229,565,1,25381,0.0010000000000047748
36074001,2859,10176,125544,9113,7353,121733,111,19231,455,1,25382,0.0010009999999951447
36075000,9686,10110,127344,-4860,376,121682,102,19228,418,0,25383,0.0009990000000001942
36076000,11624,-7633,126025,9044,-15705,134723,123,19229,504,0,25384,0.0010000000000047748
36077000,8560,-12675,125797,22957,-13250,126503,105,19230,430,0,25385,0.0009999999999976694
36078003,6064,-3222,132619,-11234,-1589,132914,115,19230,471,1,25386,0.0010029999999972006
36079002,1850,12686,130926,-6589,13515,122807,111,19220,471,1,25387,0.0009990000000001942
36080000,2172,11023,129604,14494,3924,126950,104,19230,455,1,25388,0.000998000000002719
36081000,91,10293,129483,-6638,473,123003,104,19229,426,1,25389,0.0009999999999976694
36082000,9049,-10206,124997,-7140,-30406,136550,127,19227,520,0,25390,0.0010000000000047748
36083000,10770,-2665,128705,30663,1837,123997,97,19230,397,0,25391,0.0009999999999976694
36084000,4815,821,129960,-6838,-5033,134159,106,19230,434,0,25392,0.0009999999999976694
36085000,-273,-1829,134046,-21948,530,124268,146,19227,434,1,25393,0.0010000000000047748
36086000,-6027,12667,132690,6266,6113,133507,111,19226,598,1,25394,0.0009999999999976694
36087000,-9049,-886,129949,-275,-4080,127186,111,19231,455,1,25395,0.0009999999999976694
36088000,-3733,-3687,129456,-24677,-5713,127949,98,19225,401,0,25396,0.0010000000000047748
36089000,1189,-6336,129519,-300,-13309,135237,119,19232,487,0,25397,0.0009999999999976694
36090001,4661,2139,129422,8600,6411,115388,111,19232,455,0,25398,0.00100100000000225
36091000,-6028,7824,131946,-18529,178,133608,121,19230,455,0,25399,0.0009990000000001942
36092000,-6208,2607,132293,-7219,-3775,129342,114,19224,496,1,25400,0.0009999999999976694
36093000,-6678,8605,130986,-2038,2679,128513,114,19228,467,1,25401,0.0009999999999976694
36094000,-5768,1160,128198,-13417,9458,123217,107,19229,438,1,25402,0.0010000000000047748
36095002,-1646,15171,127865,-9738,-7044,123514,116,19216,475,0,25403,0.0010019999999997253
36096000,-2860,-5592,125809,-1978,-18334,141671,92,19216,377,0,25404,0.0009979999999956135
36097000,-480,-7491,126047,-7079,5732,118446,104,19230,377,0,25405,0.0010000000000047748
36098000,-3966,16455,130819,-8046,7597,123200,136,19232,426,1,25406,0.0009999999999976694
36099000,-7938,10460,127381,-8543,10298,121278,136,19226,557,1,25407,0.0009999999999976694
36100000,-5435,-34,125285,-14890,-6377,132572,117,19227,479,1,25408,0.0010000000000047748
36101000,-524,-1692,128709,2861,5019,124944,102,19222,418,0,25409,0.0009999999999976694
36102000,1425,11208,123302,535,5419,117496,122,19232,500,0,25410,0.0009999999999976694
36103000,1955,-4408,123394,-10421,-10290,132099,110,19232,500,0,25411,0.0010000000000047748
36104000,2948,-5544,128205,-4760,1625,126639,113,19229,451,0,25412,0.0009999999999976694
36105000,-1249,6863,125124,-1499,8047,124275,113,19223,463,1,25413,0.0009999999999976694
36106000,-3431,12731,128053,-734,24399,116283,139,19228,569,1,25414,0.0010000000000047748
36107000,-2990,13962,121988,-5590,-6698,126671,104,19229,426,1,25415,0.0009999999999976694
36108000,8168,-948,125529,8098,-978,126913,109,19223,446,0,25416,0.0009999999999976694
36109000,9966,5643,123767,14554,1466,121833,93,19223,446,0,25417,0.0010000000000047748
36110000,9537,-5977,124460,3699,-12938,127981,113,19227,381,0,25418,0.0009999999999976694
36111000,3778,-2407,128129,1339,-1153,124408,113,19225,463,1,25419,0.0009999999999976694
36112000,4993,-353,126775,-1238,-2028,129328,133,19224,545,1,25420,0.0010000000000047748
36113000,2112,8537,128399,6461,9816,119673,114,19231,467,1,25421,0.0009999999999976694
36114000,4659,13681,126832,3488,5308,124521,97,19229,397,1,25422,0.0009999999999976694
36115001,13612,-120,125530,-1501,-2649,125546,145,19229,397,0,25423,0.00100100000000225
36116000,10658,-4104,127433,19493,-10917,129893,102,19228,594,0,25424,0.0009990000000001942
36117001,8365,-9153,127958,7395,-12477,132079,102,19228,418,0,25425,0.00100100000000225
36118000,3580,-3322,131576,-17765,6685,125171,105,19224,430,1,25426,0.0009989999999930887
36119000,2600,12780,131082,9689,13765,122618,126,19225,516,1,25427,0.0010000000000047748
36120000,979,9010,128415,8665,580,130990,111,19231,455,1,25428,0.0009999999999976694
36121000,2413,-1207,127441,-15013,-9373,129717,109,19231,455,1,25429,0.0009999999999976694
36122006,9956,-11124,128942,9378,-13413,130958,123,19222,446,0,25430,0.0010060000000038372
36123000,11288,-8799,129521,30357,-4416,130071,123,19230,504,0,25431,0.0009939999999986071
36124000,-331,2399,130664,-17729,-999,125779,110,19228,451,0,25432,0.0009999999999976694
36125000,1857,4380,132482,-25026,665,129316,124,19223,508,1,25433,0.0010000000000047748
36126000,-6558,9797,131268,23952,4220,128425,114,19230,467,1,25434,0.0009999999999976694
36127000,-5528,2183,128496,-11150,-5035,127932,101,19230,414,1,25435,0.0009999999999976694
36128000,-3715,-7089,128709,-21762,-14103,131766,134,19230,414,0,25436,0.0010000000000047748
36129000,2474,-8632,129911,6764,-14114,129972,104,19229,549,0,25437,0.0009999999999976694
36130000,599,12963,130731,1645,9793,122052,104,19230,426,0,25438,0.0009999999999976694
36131000,-6371,-724,131588,-16410,-362,129173,108,19227,442,1,25439,0.0010000000000047748
36132000,-8501,2786,130238,-18979,-5125,143446,138,19229,565,1,25440,0.0009999999999976694
36133000,-9409,-1712,129381,-6237,-2155,113899,113,19229,463,1,25441,0.0009999999999976694
36134002,-5074,20010,131626,-9574,5520,129684,105,19228,463,1,25442,0.0010019999999997253
36135000,-3679,-2442,123342,-4754,-9963,130552,136,19226,430,0,25443,0.000998000000002719
36136000,-6089,-5581,126623,-5220,-7743,125380,136,19229,557,0,25444,0.0009999999999976694
36137000,2150,3628,127378,-9310,-1449,130067,101,19231,414,0,25445,0.0010000000000047748
36138000,-5204,10238,128462,2683,15722,113183,115,19221,471,1,25446,0.0009999999999976694
36139001,-5792,17814,129252,-19885,-2936,133135,110,19221,451,1,25447,0.00100100000000225
36140001,-6445,-5878,125307,-5471,-3604,125588,105,19232,451,1,25448,0.0009999999999976694
36141000,713,9174,128583,1655,6270,130266,126,19232,430,0,25449,0.0009990000000001942
36142001,1588,25,122798,-2155,-9884,119118,126,19231,516,0,25450,0.00100100000000225
36143000,1067,1723,125597,-4838,2501,119108,103,19229,422,0,25451,0.0009990000000001942
36144000,2414,3732,125859,-4340,2839,135528,109,19230,446,0,25452,0.0009999999999976694
36145000,-1467,9401,124324,1065,9185,112775,144,19230,590,1,25453,0.0009999999999976694
36146000,-1344,12894,127022,-7360,-2816,135784,112,19230,590,1,25454,0.0010000000000047748
36147000,202,8055,125053,953,5461,115845,96,19231,459,1,25455,0.0009999999999976694
36148001,9299,11927,125217,9458,-3355,125405,96,19224,393,0,25456,0.00100100000000225
36149001,7730,-9976,124296,6650,-10078,132516,111,19231,455,0,25457,0.0009999999999976694
36150000,7360,-620,125475,2316,607,120619,111,19225,455,0,25458,0.0009990000000001942
36151000,4985,-1013,125434,5457,-4870,129593,118,19222,483,1,25459,0.0009999999999976694
36152000,1365,8028,129441,838,11677,118479,108,19222,483,1,25460,0.0010000000000047748
36153000,4393,4977,126979,5098,3286,139480,102,19230,442,1,25461,0.0009999999999976694
36154000,8278,-3407,124125,6004,3278,116854,102,19233,418,1,25462,0.0009999999999976694
36155000,10330,11152,129211,6680,-194,124508,117,19225,479,0,25463,0.0010000000000047748
36156001,8058,-4724,124829,12355,-16204,135282,96,19231,393,0,25464,0.0010009999999951447
36157000,3477,-14453,127892,1967,-15955,130935,105,19228,430,0,25465,0.0009990000000001942
36158000,2734,-3636,132779,-6189,-2851,135515,132,19228,430,1,25466,0.0010000000000047748
36159000,-589,21611,129813,8429,15393,115809,113,19228,541,1,25467,0.0009999999999976694
36160001,-555,17015,129129,185,5928,129299,113,19229,463,1,25468,0.00100100000000225
36161000,4609,-5969,127271,-6200,-14967,132535,97,19227,397,0,25469,0.0009990000000001942
36162000,10556,-13928,129882,19230,-5191,127101,163,19231,668,0,25470,0.0009999999999976694
36163000,5601,-3155,127917,6357,-8213,130216,106,19230,434,0,25471,0.0009999999999976694
36164000,2290,-2776,134841,-21199,-1128,126019,109,19230,434,0,25472,0.0010000000000047748
36165002,2711,4856,133480,4083,3450,137769,133,19224,446,1,25473,0.0010019999999997253
36166000,-9412,-1810,129862,663,1157,124915,133,19229,545,1,25474,0.0009979999999956135
36167003,-6167,4335,131691,-17337,-2030,127082,106,19230,434,1,25475,0.001003000000004306
36168000,-1282,-3310,126495,-2950,-11690,135398,112,19221,459,0,25476,0.0009969999999981383
36169000,24,-3300,129752,5173,-1793,125340,88,19233,360,0,25477,0.0009999999999976694
36170001,378,7506,131508,-8307,-378,127867,109,19233,446,0,25478,0.00100100000000225
36171000,-7538,3225,128092,-14769,-7335,125729,133,19227,446,1,25479,0.0009990000000001942
36172000,-6623,5632,129977,-11093,82,131631,118,19225,545,1,25480,0.0009999999999976694
36173000,-9526,6049,128939,-13179,2607,128413,118,19230,483,1,25481,0.0010000000000047748
36174000,-4255,14683,129554,-9456,9129,119647,100,19229,410,1,25482,0.0009999999999976694
36175002,-3749,484,126778,-6650,-7191,131309,147,19228,602,0,25483,0.0010019999999997253
36176000,-1512,-7372,125996,-9192,-16877,129482,103,19228,422,0,25484,0.0009979999999956135
36177000,1870,7311,126815,-1452,1891,118944,106,19234,422,0,25485,0.0010000000000047748
36178000,-4035,12572,128122,-12606,15229,125225,134,19222,434,1,25486,0.0009999999999976694
36179000,-5456,3691,125961,-2838,-5335,131851,134,19229,549,1,25487,0.0009999999999976694
36180000,-10920,12451,128954,-12201,13326,113973,114,19230,467,1,25488,0.0010000000000047748
36181000,-356,11474,126277,-11250,-3009,129403,107,19218,438,0,25489,0.0009999999999976694
36182000,2526,-4004,126435,6386,-6341,124876,85,19218,348,0,25490,0.0009999999999976694
36183000,7046,-1339,125102,-1326,-11407,129771,110,19228,348,0,25491,0.0010000000000047748
36184000,1964,-3995,126700,-5554,8446,120370,128,19228,451,0,25492,0.0009999999999976694
36185000,-324,18089,128009,1110,11851,123703,128,19219,524,1,25493,0.0009999999999976694
36186000,-1793,7573,125144,-4254,1845,126702,117,19230,479,1,25494,0.0010000000000047748
36187000,1085,10209,124512,345,6990,121014,98,19228,401,1,25495,0.0009999999999976694
36188000,7999,-294,120769,13850,-3796,123561,128,19233,524,0,25496,0.0009999999999976694
36189000,8057,13837,125334,5716,-11131,121075,106,19233,524,0,25497,0.0010000000000047748
36190000,8249,-4539,123453,-3079,-22651,139023,114,19228,434,0,25498,0.0009999999999976694
36191000,6520,-6304,127699,7253,9354,121737,114,19225,467,1,25499,0.0009999999999976694
36192000,1844,18032,129885,913,11105,120878,145,19230,594,1,25500,0.0010000000000047748
36193000,2243,7448,126415,3356,370,127553,111,19231,455,1,25501,0.0009999999999976694
36194000,7818,1916,125743,5853,-10637,126286,100,19222,410,0,25502,0.0009999999999976694
36195000,13303,-2667,128414,6862,2098,123653,122,19222,410,0,25503,0.0010000000000047748
36196000,13841,2008,125913,14415,-6141,126227,105,19229,500,0,25504,0.0009999999999976694
36197000,6298,-8333,129010,-4777,-11684,131076,105,19230,430,0,25505,0.0009999999999976694
36198000,5433,4262,128641,-401,-6334,131146,116,19224,475,1,25506,0.0010000000000047748
36199000,-2455,11553,129875,5291,8393,125197,114,19224,467,1,25507,0.0009999999999976694
36200002,1920,7721,128445,-4006,16324,118694,101,19231,414,1,25508,0.0010019999999997253
36201002,5191,8756,127623,43,-16277,132234,123,19231,414,0,25509,0.0009999999999976694
36202003,10611,-18527,128921,17156,-23370,135982,99,19224,504,0,25510,0.00100100000000225
36203000,7000,-5798,128427,7398,-5893,130452,99,19234,405,0,25511,0.0009969999999981383
36204000,-819,1129,133195,-20860,8940,124177,105,19224,430,0,25512,0.0010000000000047748
36205000,4021,14649,133039,-10121,12388,123452,145,19230,594,1,25513,0.0009999999999976694
36206000,-6756,1369,128578,7296,-9260,132755,111,19232,455,1,25514,0.0009999999999976694
36207000,-6114,-552,128606,-13143,-9118,125163,99,19232,455,1,25515,0.0010000000000047748
36208000,-121,-1907,128107,-13319,-8628,130863,131,19221,405,0,25516,0.0009999999999976694
36209000,697,-1022,129907,8774,431,126146,131,19233,537,0,25517,0.0009999999999976694
36210000,2857,5228,131575,-5273,-184,128541,107,19229,438,0,25518,0.0010000000000047748
36211000,-10046,-4546,131201,-23122,-4834,134430,118,19220,483,1,25519,0.0009999999999976694
36212000,-8764,2483,130990,-11501,13486,122076,114,19228,467,1,25520,0.0009999999999976694
36213000,-8047,9340,129264,-720,6286,128744,105,19228,467,1,25521,0.0010000000000047748
36214000,-2963,3535,128496,-9046,2934,126140,117,19232,430,1,25522,0.0009999999999976694
36215000,-3013,-281,124840,-13426,-10996,130690,117,19216,479,0,25523,0.0009999999999976694
36216000,-1652,-12466,128241,-1546,-2722,128272,93,19236,381,0,25524,0.0010000000000047748
36217001,-1198,10307,128240,-6849,8533,121000,102,19228,418,0,25525,0.0010009999999951447
36218000,-5984,2320,127520,-13048,-5099,130167,134,19223,549,1,25526,0.0009990000000001942
36219000,-7565,11790,128327,-10603,9720,120785,118,19223,483,1,25527,0.0010000000000047748
36220000,-5310,8051,126260,-6780,2278,128199,105,19227,483,1,25528,0.0009999999999976694
36221000,972,6793,125307,3259,4410,120150,124,19226,430,0,25529,0.0009999999999976694
36222000,-1413,-2250,123848,-6870,-7326,130592,124,19233,508,0,25530,0.0010000000000047748
36223000,-806,-2950,126372,-5773,-3386,122838,107,19227,438,0,25531,0.0009999999999976694
36224000,1325,16778,126799,-152,14727,126054,111,19223,455,1,25532,0.0009999999999976694
36225000,-2448,989,125389,370,5420,118712,137,19223,561,1,25533,0.0010000000000047748
36226002,-967,6764,126216,-9381,2922,128853,107,19228,561,1,25534,0.0010019999999997253
36227000,6684,4245,126370,1242,1208,120309,108,19232,438,1,25535,0.0009979999999956135
36228000,10448,10082,124008,16544,-124,121496,108,19224,442,0,25536,0.0010000000000047748
36229000,9991,-6569,124077,6541,-18816,133751,93,19225,381,0,25537,0.0009999999999976694
36230002,5396,-11328,126958,1464,-2123,123623,111,19228,455,0,25538,0.0010019999999997253
36231000,4144,1672,127585,5306,1825,129242,131,19224,537,1,25539,0.000998000000002719
36232000,824,12986,129433,655,16877,118857,114,19224,537,1,25540,0.0009999999999976694
36233000,3900,18426,126233,7194,-2759,126712,97,19232,467,1,25541,0.0009999999999976694
36234001,7231,-3154,124335,5808,-6278,124799,97,19228,397,0,25542,0.00100100000000225
36235001,9852,-5959,127252,2183,-5713,131313,142,19231,582,0,25543,0.0009999999999976694
36236000,9123,-6725,126659,19390,-15483,127722,109,19225,446,0,25544,0.0009990000000001942
36237000,6619,-2895,130186,-1197,1590,124761,109,19224,446,0,25545,0.0010000000000047748
36238000,1493,10952,131626,-11799,6232,131139,129,19224,446,1,25546,0.0009999999999976694
36239001,3775,10320,129725,9339,5889,123849,110,19230,528,1,25547,0.00100100000000225
36240000,619,4045,129053,-2081,-3005,130672,110,19231,451,1,25548,0.0009989999999930887
36241000,6592,2934,126519,-1999,-18160,129607,108,19225,442,0,25549,0.0010000000000047748
36242000,9704,-13923,130492,20324,-8999,126727,112,19232,459,0,25550,0.0009999999999976694
36243000,7344,-871,129844,-1844,-2786,137302,103,19229,422,0,25551,0.0009999999999976694
36244000,1233,-2457,132806,-21221,8109,120568,123,19229,422,1,25552,0.0010000000000047748
36245000,-3255,15981,133162,2117,5886,129467,113,19222,504,1,25553,0.0009999999999976694
36246000,-7471,693,129885,2742,-5051,131947,113,19228,463,1,25554,0.0009999999999976694
36247000,-4550,-8612,130954,-22690,-10355,136462,97,19232,397,1,25555,0.0010000000000047748
36248007,2188,-9539,129843,1011,-4721,125749,132,19230,541,0,25556,0.0010070000000013124
36249000,1904,6882,128522,7358,1160,124126,103,19232,422,0,25557,0.0009929999999940264
36250015,-2585,3423,132500,-15358,2953,130084,109,19232,422,0,25558,0.0010150000000024306
36251003,-9120,4404,128353,-19569,-6395,131949,141,19224,446,1,25559,0.0009879999999995448
36252000,-8702,-1706,132657,-5123,1556,137106,141,19228,577,1,25560,0.0009969999999981383
36253000,-10938,20966,128931,-7766,9467,116106,114,19229,467,1,25561,0.0010000000000047748
36254000,-2877,6729,128137,-12920,-4907,132877,103,19223,422,0,25562,0.0009999999999976694
36255000,-3393,-8016,123620,-2482,-12591,130561,134,19231,549,0,25563,0.0009999999999976694
36256000,-1604,-6121,128377,-4669,-1485,126989,108,19231,549,0,25564,0.0010000000000047748
36257000,-1428,8091,129282,-12501,10422,121475,118,19229,442,0,25565,0.0009999999999976694
36258000,-7627,11919,128890,-5336,5792,123433,118,19218,483,1,25566,0.0009999999999976694
36259000,-4905,1913,128959,-11670,-2186,141305,113,19229,463,1,25567,0.0010000000000047748
36260000,-4974,761,126457,-11187,2689,117181,105,19230,430,1,25568,0.0009999999999976694
36261001,-455,8162,125971,7934,937,125052,129,19229,528,0,25569,0.00100100000000225
36262002,363,2317,121434,-428,-11455,123490,101,19229,414,0,25570,0.0010009999999951447
36263000,16,-2515,125854,-7582,-2960,130357,109,19228,414,0,25571,0.000998000000002719
36264000,-1431,7854,125751,-3240,2328,127283,148,19226,446,1,25572,0.0009999999999976694
36265000,-3107,21366,127095,-1327,13656,112365,148,19222,606,1,25573,0.0010000000000047748
36266000,-1651,8578,124878,-6421,485,134507,113,19230,463,1,25574,0.0009999999999976694
36267000,6434,-2928,123412,1220,-1628,123160,97,19223,397,0,25575,0.0009999999999976694
36268000,10124,6276,125351,12581,757,123300,118,19223,483,0,25576,0.0010000000000047748
36269000,8192,-650,125598,4586,-3781,124737,122,19233,483,0,25577,0.0009999999999976694
36270000,7967,-3865,125108,-1859,-13754,122958,122,19224,500,0,25578,0.0009999999999976694
36271000,5712,2612,126763,11510,-3140,118764,122,19218,500,1,25579,0.0010000000000047748
36272000,2604,11988,126665,-2381,11751,120057,116,19232,475,1,25580,0.0009999999999976694
36273001,5184,9525,126674,4469,1773,131512,103,19233,422,1,25581,0.00100100000000225
36274002,8255,-564,125551,9091,-3598,119178,120,19233,491,0,25582,0.0010009999999951447
36275001,10061,-737,128630,257,-15608,142286,93,19222,491,0,25583,0.0009990000000001942
36276000,8911,-11244,126660,14259,-157,118638,101,19231,381,0,25584,0.0009990000000001942
36277000,6591,2268,130175,1197,-1929,129871,101,19225,414,1,25585,0.0010000000000047748
36278000,1129,2433,130558,-3779,7246,128270,130,19227,532,1,25586,0.0009999999999976694
36279000,2104,9942,130187,4215,10434,127143,113,19230,463,1,25587,0.0009999999999976694
36280000,3741,3463,128433,2118,-5258,131160,102,19227,418,1,25588,0.0010000000000047748
36281000,6713,-1894,127752,2181,-8527,121678,161,19227,418,0,25589,0.0009999999999976694
36282001,7276,-6779,130148,20288,-8164,136901,106,19235,659,0,25590,0.00100100000000225
36283000,7570,-3351,130921,-11664,-18033,129172,106,19229,434,0,25591,0.0009990000000001942
36284000,286,5129,134302,-22374,2845,129276,110,19222,451,1,25592,0.0009999999999976694
36285000,-2919,9734,132383,11735,4783,129578,131,19230,537,1,25593,0.0009999999999976694
36286000,-7223,9682,129480,-8187,501,122623,104,19231,426,1,25594,0.0010000000000047748
36287000,-268,-5329,129532,-17950,-13553,140231,110,19231,426,0,25595,0.0009999999999976694
36288000,-1470,-8192,128993,4142,-5808,124493,90,19221,451,0,25596,0.0009999999999976694
36289000,7953,5228,131614,3118,6178,123886,90,19227,369,0,25597,0.0010000000000047748
36290000,-6793,5485,131944,-16662,-3860,131994,110,19227,451,0,25598,0.0009999999999976694
36291000,-6115,-2129,128832,-13282,-3768,129432,135,19222,553,1,25599,0.0009999999999976694
36292000,-10418,1969,129508,-9566,-747,135295,117,19231,479,1,25600,0.0010000000000047748
36293000,-6682,12226,130190,-10560,15766,115860,100,19231,479,1,25601,0.0009999999999976694
36294000,-3691,5241,128224,962,5536,127433,146,19229,410,0,25602,0.0009999999999976694
36295000,-4835,-3018,124669,-17471,-14942,129229,146,19225,598,0,25603,0.0010000000000047748
36296000,-58,-7107,130031,-5364,-5622,128461,110,19229,451,0,25604,0.0009999999999976694
36297000,-2172,7345,127244,204,8984,124829,113,19224,463,1,25605,0.0009999999999976694
36298000,-5107,10997,127947,-14652,11185,119638,135,19228,553,1,25606,0.0010000000000047748
36299002,-7422,10740,127416,-17221,3628,128656,114,19228,553,1,25607,0.0010019999999997253
36300000,-2085,1664,126951,-1541,1924,123225,108,19228,467,1,25608,0.0009979999999956135
36301000,2352,2887,125432,8174,-3942,128070,108,19222,442,0,25609,0.0009999999999976694
36302001,30,-5315,123756,-8575,-7609,125339,84,19232,344,0,25610,0.00100100000000225
36303000,895,4377,125345,-7939,4341,124011,109,19227,446,0,25611,0.0009990000000001942
36304001,-676,10109,125748,2108,6413,125962,124,19223,508,1,25612,0.00100100000000225
36305005,-2220,7394,124875,-3428,4890,123650,113,19223,463,1,25613,0.0010040000000017812
36306002,-1329,8124,125591,-532,15006,119949,95,19233,463,1,25614,0.0009969999999981383
36307000,5326,6764,122604,4876,-1832,124127,130,19230,389,0,25615,0.0009979999999956135
36308000,10346,-5434,125016,5184,-3795,128798,130,19234,532,0,25616,0.0010000000000047748
36309000,9501,223,125199,9141,-3492,123735,111,19226,455,0,25617,0.0009999999999976694
36310000,5241,-783,127088,3228,-1018,125382,114,19221,467,0,25618,0.0009999999999976694
36311000,4292,124,128435,-836,-2498,127442,137,19221,561,1,25619,0.0010000000000047748
36312000,2456,2588,125274,5767,-2326,125887,110,19231,561,1,25620,0.0009999999999976694
36313000,7213,9371,126589,5421,7816,123845,100,19228,451,1,25621,0.0009999999999976694
36314003,8872,10570,127165,231,5402,118582,100,19223,410,0,25622,0.001003000000004306
36315000,10556,2846,124294,13118,-11152,128389,114,19231,467,0,25623,0.0009969999999981383
36316000,5958,-15828,127238,15144,-18177,136293,105,19229,430,0,25624,0.0009999999999976694
36317000,4864,-2997,132199,-9639,-4320,126083,116,19229,475,1,25625,0.0010000000000047748
36318000,2662,16559,130601,72,15909,121310,112,19231,475,1,25626,0.0009999999999976694
36319000,1890,7081,129983,7721,4018,128509,102,19228,459,1,25627,0.0009999999999976694
36320003,4651,-1190,127515,-6999,-7892,136782,102,19228,418,1,25628,0.001003000000004306
36321000,8339,-12972,128362,4221,-14971,120970,128,19225,524,0,25629,0.0009969999999981383
36322000,9219,-1660,129000,21652,-267,132409,100,19228,410,0,25630,0.0009999999999976694
36323000,2006,-3409,132687,-8581,1136,127693,104,19233,426,0,25631,0.0010000000000047748
36324000,2648,9741,133963,-18636,-173,129634,144,19233,426,1,25632,0.0009999999999976694
36325000,-3567,720,131984,7960,-4806,134118,112,19229,590,1,25633,0.0009999999999976694
36326007,-11331,2387,128669,-19069,-4272,122792,112,19232,459,1,25634,0.0010070000000013124
36327000,-209,1805,131181,-12065,-8041,133346,101,19227,414,0,25635,0.0009930000000011319
36328000,-711,-3934,128414,10717,-5850,127899,133,19228,545,0,25636,0.0009999999999976694
36329000,3785,-33,130677,-10379,192,127418,120,19228,491,0,25637,0.0010000000000047748
36330000,-8650,10270,132101,-18666,-821,126426,121,19228,491,1,25638,0.0009999999999976694
36331000,-3613,1600,130916,-4108,693,132460,116,19221,496,1,25639,0.0009999999999976694
36332000,-6899,1748,130418,-8477,-490,130757,116,19229,475,1,25640,0.0010000000000047748
36333000,-4807,8343,129399,-13367,9566,117500,108,19229,442,1,25641,0.0009999999999976694
36334000,-3992,9083,124423,-9530,-6569,132261,121,19215,496,0,25642,0.0009999999999976694
36335000,-3300,-5197,126562,-2066,-8574,128404,97,19225,397,0,25643,0.0010000000000047748
36336000,-1415,2230,128297,-5390,2291,124970,101,19225,397,0,25644,0.0009999999999976694
36337000,-4945,3545,127669,-11681,28,128722,136,19228,414,1,25645,0.0009999999999976694
36338001,-6028,9826,128401,-7919,9122,119460,136,19229,557,1,25646,0.00100100000000225
36339000,-7272,9410,125441,-8457,-927,130034,119,19224,487,1,25647,0.0009990000000001942
36340000,-849,4599,123969,2056,3233,119170,103,19227,422,0,25648,0.0009999999999976694
36341000,231,726,126939,-11609,5943,128063,113,19233,463,0,25649,0.0010000000000047748
36342001,3192,-3165,122811,-1335,-4928,123367,105,19233,463,0,25650,0.0010009999999951447
36343000,1416,3680,128999,5057,2521,124710,109,19231,430,0,25651,0.0009990000000001942
36344000,-255,3315,125680,-10803,883,131826,109,19224,446,1,25652,0.0010000000000047748
36345000,-4763,15904,127103,1416,12574,114113,138,19228,565,1,25653,0.0009999999999976694
36346000,3022,11408,123745,-3076,-3275,134293,105,19233,430,1,25654,0.0009999999999976694
36347000,9540,1510,124247,6719,848,118043,109,19230,446,0,25655,0.0010000000000047748
36348000,7116,7026,123426,8802,-7042,124937,90,19230,446,0,25656,0.0009999999999976694
36349000,9938,-8999,125276,3963,-9616,128424,109,19228,369,0,25657,0.0009999999999976694
36350000,3080,5405,126101,5370,352,124454,134,19229,446,1,25658,0.0010000000000047748
36351000,3812,3361,130268,412,15138,129361,134,19226,549,1,25659,0.0009999999999976694
36352000,1866,9231,126137,1555,9198,117994,113,19231,463,1,25660,0.0009999999999976694
36353000,8363,1074,130836,2693,-3477,142023,98,19230,401,1,25661,0.0010000000000047748
36354001,14035,-5301,123255,11329,-5164,114664,147,19230,602,0,25662,0.0010009999999951447
36355002,8919,-694,129427,15133,-7231,130769,102,19236,602,0,25663,0.00100100000000225
36356000,7830,-9242,126111,737,-13143,133305,105,19230,418,0,25664,0.000998000000002719
36357000,2201,-3050,130822,-2495,-523,128909,105,19229,430,1,25665,0.0009999999999976694
36358000,-2083,17103,131462,1806,11859,127282,127,19226,520,1,25666,0.0009999999999976694
36359000,-885,17000,127718,-2529,3627,119348,105,19234,430,1,25667,0.0010000000000047748
36360000,4432,-6999,127611,1813,-9574,137587,110,19234,451,0,25668,0.0009999999999976694
36361000,10939,-16610,128220,3556,-14855,129515,102,19218,451,0,25669,0.0009999999999976694
36362000,10111,-4909,131492,20844,-5191,130394,105,19228,418,0,25670,0.0010000000000047748
36363000,-623,2449,131600,-11282,-886,127160,105,19228,430,0,25671,0.0009999999999976694
36364000,-525,6948,132102,-21221,2330,123136,124,19220,508,1,25672,0.0009999999999976694
36365001,-7995,7433,130923,11071,528,128160,113,19232,463,1,25673,0.00100100000000225
36366000,-2958,-3432,128131,-7867,-8076,127215,99,19228,405,1,25674,0.0009990000000001942
36367000,-5407,-4076,129950,-15109,-11263,133306,139,19228,405,0,25675,0.0009999999999976694
36368000,3999,-3464,129441,-2760,-3968,120602,108,19228,569,0,25676,0.0009999999999976694
36369000,-760,6425,131004,7515,1631,136013,108,19227,442,0,25677,0.0010000000000047748
36370000,-6198,-1051,129102,-16597,6448,123120,111,19224,455,1,25678,0.0009999999999976694
36371000,-10626,3657,130707,-20034,1885,133026,144,19226,590,1,25679,0.0009999999999976694
36372000,-10237,6943,130564,-8108,6870,126240,114,19230,467,1,25680,0.0010000000000047748
36373000,-3457,8510,129037,-6473,3272,127862,106,19230,467,1,25681,0.0009999999999976694
36374000,-4637,-4024,125125,-13000,-14429,132181,140,19221,434,0,25682,0.0009999999999976694
36375000,-2988,-4987,126097,-6633,3994,121303,140,19231,573,0,25683,0.0010000000000047748
36376000,-2551,10345,128637,-1481,3652,133767,106,19235,434,0,25684,0.0009999999999976694
36377002,-1190,8658,126449,-8928,5063,115377,117,19219,479,1,25685,0.0010019999999997253
36378003,-11790,13693,126855,-20973,-2219,130898,113,19226,463,1,25686,0.00100100000000225
36379000,-4872,3700,126808,-971,400,125930,107,19226,463,1,25687,0.0009969999999981383
36380000,1831,8536,125765,5995,1476,121153,131,19230,438,0,25688,0.0009999999999976694
36381001,499,-3793,124209,-7749,-10022,133380,131,19229,537,0,25689,0.00100100000000225
36382001,790,-2678,126660,-5024,10006,113637,113,19228,463,0,25690,0.0009999999999976694
36383000,1328,4048,126935,-3646,3539,131024,113,19224,463,0,25691,0.0009990000000001942
36384000,1690,8883,128867,632,8655,119954,153,19223,627,1,25692,0.0010000000000047748
36385000,-3031,13351,124995,-8036,2275,126660,112,19223,627,1,25693,0.0009999999999976694
36386000,4987,-1991,122694,-2830,2171,126252,97,19233,459,1,25694,0.0009999999999976694
36387000,7116,10035,124192,16241,1070,119639,97,19227,397,0,25695,0.0010000000000047748
36388001,6771,-2678,123089,7879,-4573,128688,112,19226,459,0,25696,0.0010009999999951447
36389000,6833,2402,124920,-631,-6846,118453,121,19227,496,0,25697,0.0009990000000001942
36390000,3153,486,127879,2081,-10308,134937,122,19220,500,1,25698,0.0010000000000047748
36391000,5620,4063,128422,4961,10733,120718,109,19220,500,1,25699,0.0009999999999976694
36392000,1870,15253,126187,6985,901,126596,103,19228,446,1,25700,0.0009999999999976694
36393000,10651,1269,125863,2547,-5279,127848,103,19232,422,1,25701,0.0010000000000047748
36394000,7572,3298,128256,4608,2995,118888,118,19225,483,0,25702,0.0009999999999976694
36395000,13449,-4055,128492,12976,-12287,138934,95,19229,389,0,25703,0.0009999999999976694
36396000,6324,-9449,128499,3625,-6016,121053,101,19226,414,0,25704,0.0010000000000047748
36397000,3455,3684,131536,-7520,4630,131232,133,19226,545,1,25705,0.0009999999999976694
36398000,1948,10426,128705,6399,9422,123605,113,19229,545,1,25706,0.0009999999999976694
36399000,-795,8306,130952,100,1063,130239,101,19230,463,1,25707,0.0010000000000047748
36400000,7339,-5224,127654,5074,-461,126211,101,19228,414,0,25708,0.0009999999999976694
36401000,5875,-11421,128669,8139,-14532,126407,149,19233,610,0,25709,0.0009999999999976694
36402000,8190,-8049,129377,7192,-9563,139521,106,19228,434,0,25710,0.0010000000000047748
36403000,1380,583,132104,-11148,3403,123930,109,19228,446,0,25711,0.0009999999999976694
36404002,-528,9772,132996,-6612,6189,128132,136,19222,446,1,25712,0.0010019999999997253
36405000,-7855,9938,129840,2207,817,124913,104,19228,557,1,25713,0.000998000000002719
36406000,-6099,-5131,127836,-15971,-13384,133921,104,19232,426,1,25714,0.0009999999999976694
36407000,2308,-5573,129343,-1900,-4915,133475,112,19220,459,0,25715,0.0009999999999976694
36408003,-1103,3723,129923,-712,-2807,121608,95,19225,389,0,25716,0.001003000000004306
36409000,-306,5389,132575,-6329,4699,126459,111,19225,455,0,25717,0.0009969999999981383
36410000,-6313,-1619,129495,-12218,-8397,135284,134,19228,455,1,25718,0.0009999999999976694
36411000,-7484,2752,132019,-13104,3392,129183,115,19224,549,1,25719,0.0010000000000047748
36412000,-10065,23430,130507,-7935,20399,121952,115,19231,471,1,25720,0.0009999999999976694
36413002,-2697,5491,127042,-11259,1718,134140,97,19230,397,1,25721,0.0010019999999997253
36414000,-1244,-5330,127754,-5271,-8496,130994,156,19224,639,0,25722,0.000998000000002719
36415003,-1729,-6814,126328,-3484,-5651,120084,105,19224,430,0,25723,0.0010029999999972006
36416000,-2229,9778,130078,-11138,10542,124780,107,19224,430,0,25724,0.0009969999999981383
36417001,-710,8792,127012,-10059,4206,130030,132,19225,438,1,25725,0.00100100000000225
36418000,-5510,4233,128801,366,3981,129272,132,19227,541,1,25726,0.0009990000000001942
36419000,-7746,2795,127902,-10248,1213,123377,109,19234,446,1,25727,0.0009999999999976694
36420006,-2889,8989,127405,1759,3688,122668,110,19224,451,0,25728,0.0010060000000038372
36421003,766,7408,123631,257,-10283,130365,90,19230,369,0,25729,0.0009969999999981383
36422000,3338,-5219,122574,-2151,-5294,125553,110,19230,369,0,25730,0.0009969999999981383
36423000,-1752,10471,127810,-4076,-644,125626,124,19225,451,0,25731,0.0010000000000047748
36424002,-1273,13646,126096,-4845,10598,121077,124,19216,508,1,25732,0.0010019999999997253
36425001,887,14032,127943,187,6168,128599,114,19230,467,1,25733,0.0009990000000001942
36426000,5576,959,123746,2806,1217,122744,95,19233,389,1,25734,0.0009989999999930887
36427000,8663,3957,122461,4912,-1694,120467,138,19235,565,0,25735,0.0010000000000047748
36428002,9637,-1082,125642,6031,-7880,128340,110,19235,565,0,25736,0.0010019999999997253
36429000,10510,-5512,125817,5485,-5079,130299,114,19226,451,0,25737,0.0009979999999956135
36430000,5111,-3344,126445,2831,-3887,128672,114,19225,467,1,25738,0.0010000000000047748
36431000,-553,8995,128997,-1661,11512,119285,136,19230,557,1,25739,0.0009999999999976694
36432000,2516,20032,128392,3816,-882,123051,107,19231,438,1,25740,0.0009999999999976694
36433000,8165,3235,124095,11614,-1425,126581,103,19223,422,0,25741,0.0010000000000047748
36434000,11442,3743,128712,2500,-7266,127321,113,19223,422,0,25742,0.0009999999999976694
36435001,12093,-14784,126044,7906,-11238,130109,106,19231,463,0,25743,0.00100100000000225
36436000,6589,1263,130293,7778,-6538,128841,106,19229,434,0,25744,0.0009990000000001942
36437000,2675,-1495,129336,-2687,-4804,136067,117,19225,479,1,25745,0.0009999999999976694
36438000,-264,10172,130087,-3940,16635,120983,111,19232,455,1,25746,0.0009999999999976694
36439007,772,15682,128082,4558,-902,126336,101,19229,414,1,25747,0.0010070000000013124
36440000,6419,-3789,124516,280,-17616,128917,132,19229,541,0,25748,0.0009930000000011319
36441000,10569,-4364,128451,11302,-10877,126027,102,19228,541,0,25749,0.0009999999999976694
36442000,5402,-5531,129246,4284,-9094,134028,102,19232,418,0,25750,0.0010000000000047748
36443000,3112,4030,132155,-17149,7239,120611,105,19230,430,1,25751,0.0009999999999976694
36444000,-1395,10186,134636,-5437,1869,133993,149,19227,610,1,25752,0.0009999999999976694
36445000,-7390,-2028,130489,2590,-3576,130837,110,19228,451,1,25753,0.0010000000000047748
36446000,-5840,-2032,129528,-15408,-6090,128564,98,19228,401,1,25754,0.0009999999999976694
36447003,110,-12144,128527,-17556,-6256,133951,120,19230,401,0,25755,0.0010029999999972006
36448000,4187,5471,130327,15453,1315,118527,109,19229,491,0,25756,0.0009970000000052437
36449000,-4308,-335,129524,-5043,-9372,137484,109,19228,446,0,25757,0.0009999999999976694
36450000,-7468,836,131594,-29288,1819,128659,119,19222,487,1,25758,0.0009999999999976694
36451000,-11526,7219,132890,-3602,1523,132455,113,19229,463,1,25759,0.0010000000000047748
36452001,-8119,8194,128122,-3710,11510,129192,104,19229,426,1,25760,0.0010009999999951447
36453000,-2257,16332,130184,-15005,3714,118518,118,19234,426,0,25761,0.0009990000000001942
36454000,-5147,-12029,123989,-10689,-15832,137817,93,19218,483,0,25762,0.0010000000000047748
36455000,872,-2139,127420,-1633,-209,123444,93,19229,381,0,25763,0.0009999999999976694
36456000,-3174,4824,128135,-6947,3967,129838,104,19230,426,0,25764,0.0009999999999976694
36457000,-5022,7701,127259,-10458,8429,122425,138,19225,565,1,25765,0.0010000000000047748
36458000,-7951,9588,125671,-12250,2458,124883,116,19237,475,1,25766,0.0009999999999976694
36459000,-2867,7052,128184,-10279,5226,116044,101,19237,475,1,25767,0.0009999999999976694
36460000,2076,4115,123192,8614,-1045,125376,113,19226,414,0,25768,0.0010000000000047748
36461000,-2015,-3892,125969,-5990,-6485,130307,113,19230,463,0,25769,0.0009999999999976694
36462000,1100,664,124209,-8218,-94,119738,111,19227,455,0,25770,0.0009999999999976694
36463000,-4412,-349,126358,3131,1422,133561,113,19221,463,1,25771,0.0010000000000047748
36464000,-2336,9200,127802,-7111,11404,115315,138,19230,565,1,25772,0.0009999999999976694
36465000,-4222,14735,126604,-3870,5613,125321,104,19230,565,1,25773,0.0009999999999976694
36466000,8385,2875,124710,-885,-4025,128932,110,19235,426,0,25774,0.0010000000000047748
36467001,9695,995,124526,10958,-2057,118816,110,19226,451,0,25775,0.0010009999999951447
36468000,8542,-2043,122521,3659,-1878,128143,97,19230,397,0,25776,0.0009990000000001942
36469000,3936,-5281,125433,-1564,-2777,125407,112,19227,459,0,25777,0.0010000000000047748
36470000,1718,836,126213,4736,116,133896,134,19227,549,1,25778,0.0009999999999976694
36471000,4140,8157,130364,3475,9487,115509,113,19227,549,1,25779,0.0009999999999976694
36472000,3747,12282,126177,3381,5060,122204,96,19231,463,1,25780,0.0010000000000047748
36473000,10990,2338,127423,7305,-5714,131768,96,19227,393,0,25781,0.0009999999999976694
36474000,9975,-6075,124647,14417,-13668,127398,152,19234,623,0,25782,0.0009999999999976694
36475000,7991,-9351,126483,8765,-13394,134910,104,19231,426,0,25783,0.0010000000000047748
36476002,2493,-999,130565,-9941,15622,116791,104,19226,426,1,25784,0.0010019999999997253
36477000,2564,9651,131472,2273,10172,133911,125,19226,426,1,25785,0.0009979999999956135
36478000,1022,95,127008,8153,1871,129170,110,19227,512,1,25786,0.0010000000000047748
36479002,2777,5552,127435,-6735,-2800,124254,110,19228,451,1,25787,0.0010019999999997253
36480000,9858,-8239,125951,8631,-14671,130622,111,19218,455,0,25788,0.0009979999999956135
36481000,10351,-4120,130249,19540,-906,125703,110,19230,451,0,25789,0.0010000000000047748
36482000,4026,-5347,130165,-7386,-7026,142077,109,19224,446,0,25790,0.0009999999999976694
36483001,-1703,-231,131137,-21865,4943,117588,125,19224,446,1,25791,0.00100100000000225
36484000,-4722,16231,134002,5986,5283,128225,114,19224,512,1,25792,0.0009990000000001942
36485000,-5657,-887,129793,-2058,-12751,135040,114,19229,467,1,25793,0.0009999999999976694
36486000,-2046,-4441,129405,-20659,-10111,130471,101,19226,414,0,25794,0.0009999999999976694
36487000,1979,-7491,129632,1991,-4151,132086,142,19229,582,0,25795,0.0010000000000047748
36488000,3029,13645,129258,3715,8524,115608,104,19230,426,0,25796,0.0009999999999976694
36489000,-4208,5534,129791,-16317,-631,131422,109,19230,446,0,25797,0.0009999999999976694
36490000,-8906,-3113,131293,-15873,-7786,134289,144,19224,446,1,25798,0.0009999999999976694
36491000,-9549,-1091,129698,-3834,1271,131948,114,19229,590,1,25799,0.0010000000000047748
36492000,-8657,12234,132499,-9861,8978,122398,114,19232,467,1,25800,0.0009999999999976694
36493000,-1064,8076,129112,-11338,-2417,123891,107,19222,438,0,25801,0.0009999999999976694
36494000,-1663,-7779,125064,2368,-9947,137584,140,19234,573,0,25802,0.0010000000000047748
36495000,-2059,-1558,126201,-5340,-6180,119168,104,19234,426,0,25803,0.0009999999999976694
36496000,-3885,9760,127124,-16183,11855,121481,118,19228,426,1,25804,0.0009999999999976694
36497000,-5935,17579,130022,-5745,8648,127466,113,19224,483,1,25805,0.0010000000000047748
36498000,-5686,868,125343,-6086,-3573,129697,113,19231,463,1,25806,0.0009999999999976694
36499000,-2316,171,125754,-11064,-362,128809,106,19232,434,1,25807,0.0009999999999976694
36500000,-1071,10863,125405,-1534,4804,117264,131,19228,537,0,25808,0.0010000000000047748
36501000,5643,5514,124849,1743,1287,126174,104,19228,426,0,25809,0.0009999999999976694
36502000,4138,251,125671,-7090,-2567,128898,108,19228,426,0,25810,0.0009999999999976694
36503000,-1843,1713,125463,444,-840,123812,151,19225,442,1,25811,0.0010000000000047748
36504000,-5326,13484,127787,-4600,7246,121878,151,19226,618,1,25812,0.0009999999999976694
36505000,-1479,12978,127304,-5474,3332,124225,114,19230,467,1,25813,0.0009999999999976694
36506000,8235,15095,125978,11045,12117,120987,99,19227,405,0,25814,0.0010000000000047748
36507002,8557,-4031,123154,3320,-6425,125768,101,19231,414,0,25815,0.0010019999999997253
36508001,9533,-10528,124374,10858,-6757,126234,114,19231,414,0,25816,0.0009990000000001942
36509000,7275,-447,125417,-1447,-5121,125609,120,19230,467,0,25817,0.0009990000000001942
36510000,3254,2674,126415,8255,4701,123992,120,19222,491,1,25818,0.0009999999999976694
36511000,4124,15199,130471,2182,3050,127261,108,19230,442,1,25819,0.0009999999999976694
36512003,5895,-3376,124558,1294,597,127830,101,19232,414,1,25820,0.001003000000004306
36513002,10849,-402,128381,14178,3427,124374,117,19223,479,0,25821,0.0009990000000001942
36514000,6923,3409,127556,2569,-11929,132543,96,19223,479,0,25822,0.0009979999999956135
36515001,6937,-3633,126444,7435,-9595,126727,103,19229,393,0,25823,0.00100100000000225
36516000,2589,1856,129928,-2453,-3603,131979,103,19227,422,1,25824,0.0009990000000001942
36517000,976,4370,129485,2414,4991,125108,137,19225,561,1,25825,0.0009999999999976694
36518000,3154,21734,130819,2204,4752,127185,112,19228,459,1,25826,0.0010000000000047748
36519000,4972,-767,129617,-7712,-11539,133387,99,19225,405,1,25827,0.0009999999999976694
36520000,11160,-9055,126134,6110,-10592,126872,155,19225,405,0,25828,0.0009999999999976694
36521001,7979,-6648,128729,17973,-3863,128896,106,19231,635,0,25829,0.00100100000000225
36522000,5434,-375,130269,-6945,-9756,133146,106,19230,434,0,25830,0.0009990000000001942
36523000,-137,-3498,131648,-19023,6710,133266,109,19224,446,1,25831,0.0009999999999976694
36524000,-4199,9278,134332,3477,6779,127705,127,19226,520,1,25832,0.0010000000000047748
36525000,-8277,9364,130254,1325,2304,124009,102,19235,418,1,25833,0.0009999999999976694
36526000,-3952,-4624,127392,-19317,-15874,133380,113,19235,418,0,25834,0.0009999999999976694
36527000,-549,-13788,128834,-1008,-13498,135896,95,19221,463,0,25835,0.0010000000000047748
36528001,2166,-462,130336,5340,3587,124513,95,19231,389,0,25836,0.0010009999999951447
36529000,-5342,9002,133748,-18640,15357,123928,112,19229,459,0,25837,0.0009990000000001942
36530000,-6621,5297,130367,-17148,-10324,133769,135,19222,553,1,25838,0.0010000000000047748
36531002,-7507,136,128612,-3734,-1444,130589,117,19232,479,1,25839,0.0010019999999997253
36532000,-6355,4809,129074,-12400,10443,123356,99,19232,405,1,25840,0.0009979999999956135
36533002,-2963,15055,130844,-8500,788,120169,152,19229,405,0,25841,0.0010019999999997253
36534000,-4609,-4404,125645,-6771,-12744,133463,103,19229,623,0,25842,0.000998000000002719
36535000,-779,-9042,126264,-5757,-5323,129933,103,19230,422,0,25843,0.0009999999999976694
36536001,-2633,8546,128850,-6110,7723,121838,109,19225,446,1,25844,0.00100100000000225
36537000,-6489,13254,127441,-8640,8387,122589,131,19227,537,1,25845,0.0009990000000001942
36538002,-8046,11421,127650,-15856,7094,122669,108,19227,442,1,25846,0.0010019999999997253
36539002,-348,4674,127925,-1399,-1661,130013,107,19236,442,0,25847,0.0009999999999976694
36540002,1408,1480,125166,5317,-2361,124985,85,19222,438,0,25848,0.0010000000000047748
36541000,1567,-12003,122976,-11782,-6887,125765,85,19228,348,0,25849,0.0009979999999956135
36542000,2564,5825,127995,-2276,5022,122836,111,19227,455,0,25850,0.0010000000000047748
36543000,237,11275,124516,4179,6798,126601,129,19220,528,1,25851,0.0009999999999976694
36544003,-3030,7613,127299,-7377,2618,128472,114,19220,467,1,25852,0.0010029999999972006
36545002,-1485,9936,125385,-1616,5993,119360,96,19230,467,1,25853,0.0009990000000001942
36546002,5542,7091,123236,3398,4215,124267,134,19229,393,0,25854,0.0010000000000047748
36547000,10522,5682,125646,10243,-4972,122096,134,19235,549,0,25855,0.0009979999999956135
36548000,6453,-11025,124423,6410,-17311,131877,107,19228,438,0,25856,0.0010000000000047748
36549000,4571,3816,127544,-3023,7494,123502,116,19227,475,1,25857,0.0009999999999976694
36550001,3625,7474,127204,4820,9505,122872,140,19228,573,1,25858,0.00100100000000225
36551000,5482,9341,128829,5039,7084,127119,109,19228,573,1,25859,0.0009989999999930887
36552000,5945,2689,124117,419,-4089,126371,101,19233,446,1,25860,0.0010000000000047748
36553002,11342,7880,128488,1271,9426,120313,101,19222,414,0,25861,0.0010019999999997253
36554002,12764,-1447,127204,19959,-11972,133525,113,19230,463,0,25862,0.0009999999999976694
36555003,6503,-17902,126861,11028,-20206,132721,106,19228,434,0,25863,0.00100100000000225
36556001,3447,6235,132762,-13657,4194,125112,118,19222,483,1,25864,0.0009979999999956135
36557000,-898,7640,130744,4399,3828,128702,110,19222,483,1,25865,0.0009990000000001942
36558000,-1668,14984,131502,6096,7165,118100,97,19229,451,1,25866,0.0010000000000047748
36559000,3711,1838,128723,-14174,-23209,141549,97,19228,397,0,25867,0.0009999999999976694
36560002,11182,-18630,126418,9694,-7761,123119,130,19222,532,0,25868,0.0010019999999997253
36561000,10924,6723,131619,22741,-3470,130549,103,19229,422,0,25869,0.000998000000002719
36562000,1033,-4809,128683,-18964,919,124688,108,19230,442,0,25870,0.0009999999999976694
36563000,1352,11984,133835,-5544,139,130481,150,19230,442,1,25871,0.0009999999999976694
36564000,-6668,-4027,131480,6808,-4573,139396,108,19229,614,1,25872,0.0010000000000047748
36565001,-9791,3825,131731,-14562,-377,113440,108,19235,442,1,25873,0.0010009999999951447
36566001,2396,1255,129276,-5930,-7851,136796,95,19225,389,0,25874,0.0010000000000047748
36567002,-409,-11587,127881,4547,-2589,129766,118,19231,483,0,25875,0.0010009999999951447
36568000,5292,1734,129813,-6469,4437,125297,112,19228,459,0,25876,0.000998000000002719
36569000,-10463,3070,130953,-19168,-1966,136593,121,19228,459,1,25877,0.0009999999999976694
36570000,-6601,868,131827,-4341,19168,119364,109,19224,496,1,25878,0.0010000000000047748
36571001,-12057,5918,132131,-8302,-4371,137985,109,19231,446,1,25879,0.0010009999999951447
36572000,-4295,-1852,127216,-11918,5252,122332,103,19231,422,1,25880,0.0009990000000001942
36573000,-4352,7904,127629,-3521,-2259,129134,123,19217,504,0,25881,0.0010000000000047748
36574000,-3599,-8515,125747,-2513,-4775,128095,94,19228,385,0,25882,0.0009999999999976694
36575000,-2279,4110,126523,-9938,8869,121293,105,19228,385,0,25883,0.0009999999999976694
36576000,-7210,-401,129389,-12570,-2692,139667,144,19227,430,1,25884,0.0010000000000047748
36577000,-5472,11137,129482,-255,6130,110131,144,19227,590,1,25885,0.0009999999999976694
36578001,-10848,10071,127255,-15006,51,130988,118,19229,483,1,25886,0.00100100000000225
36579000,-1302,6743,127760,-1115,4210,121552,104,19226,426,0,25887,0.0009990000000001942
36580001,1216,4906,123731,2289,-8295,124281,117,19229,479,0,25888,0.0010009999999951447
36581000,3359,-7186,122568,-9214,-4935,129797,109,19229,446,0,25889,0.0009990000000001942
36582000,3093,13206,127325,-2041,15323,113076,114,19228,446,0,25890,0.0010000000000047748
36583000,-699,1839,124897,5279,-3647,133916,136,19223,467,1,25891,0.0009999999999976694
36584000,-2244,8895,125187,-8589,9619,120113,136,19229,557,1,25892,0.0009999999999976694
36585000,3203,7266,125344,-3805,7552,127299,101,19234,414,1,25893,0.0010000000000047748
36586000,10015,6978,124667,13344,1948,116237,111,19221,455,0,25894,0.0009999999999976694
36587000,9323,2660,124125,3342,-13589,128497,97,19221,397,0,25895,0.0009999999999976694
36588000,5962,-14289,123591,8320,-12277,141048,111,19228,397,0,25896,0.0010000000000047748
36589000,4124,-103,127057,5280,-3522,113515,135,19226,455,1,25897,0.0009999999999976694
36590003,2145,9447,128708,-3905,10644,125702,135,19224,553,1,25898,0.0010029999999972006
36591000,2313,17376,131077,2392,11492,123487,116,19230,475,1,25899,0.0009970000000052437
36592000,9077,-795,123683,6287,-6037,127682,100,19229,410,1,25900,0.0009999999999976694
36593001,9672,-819,125486,6181,-4799,125751,152,19229,623,0,25901,0.00100100000000225
36594000,10688,68,125471,9889,-4025,124647,111,19230,623,0,25902,0.0009990000000001942
36595000,9075,-14286,126136,11002,-14850,134048,109,19230,455,0,25903,0.0009999999999976694
36596000,3498,1891,131111,-7867,17,129645,109,19226,446,1,25904,0.0009999999999976694
36597000,565,15099,129170,2811,13192,124141,127,19228,520,1,25905,0.0010000000000047748
36598005,-2269,13728,129992,10586,9815,123539,112,19233,459,1,25906,0.0010049999999992565
36599000,8018,-6067,126837,-11256,-15355,131854,114,19217,467,0,25907,0.0009949999999960824
36600000,12605,-4462,130054,15685,-8521,125189,103,19217,467,0,25908,0.0010000000000047748
36601000,8928,-2256,127940,18508,-5032,130027,104,19231,422,0,25909,0.0009999999999976694
36602001,3061,-3080,132524,-20390,-4308,129506,104,19230,426,0,25910,0.00100100000000225
36603000,-3015,6943,132470,-8353,6347,127844,122,19220,500,1,25911,0.0009990000000001942
36604000,-7749,1993,130831,8048,-1697,133285,113,19236,463,1,25912,0.0009999999999976694
36605000,-7061,2205,130718,-12054,-5867,125634,100,19229,410,1,25913,0.0009999999999976694
36606000,-2114,-6138,128089,-14788,-12485,132768,139,19229,410,0,25914,0.0010000000000047748
36607000,4242,-2220,131488,5668,1033,127938,104,19232,569,0,25915,0.0009999999999976694
36608000,-2442,1980,132577,4261,-2547,129323,104,19228,426,0,25916,0.0009999999999976694
36609000,-6623,3584,130350,-21818,2485,128699,111,19224,455,1,25917,0.0010000000000047748
36610000,-11957,4044,130900,-8088,1158,130305,135,19230,553,1,25918,0.0009999999999976694
36611000,-8760,7281,128780,-3292,9463,126159,114,19230,467,1,25919,0.0009999999999976694
36612000,-1167,21475,130114,-11724,-3500,124458,105,19230,467,1,25920,0.0010000000000047748
36613000,-4350,-8569,124331,-17087,-15060,135131,130,19226,430,0,25921,0.0009999999999976694
36614000,2297,-6731,127451,3109,804,124551,130,19229,532,0,25922,0.0009999999999976694
36615000,-3042,7908,126520,-4256,9732,120278,105,19226,430,0,25923,0.0009999999999976694
36616000,-5118,11892,128998,-14525,4906,128623,120,19221,491,1,25924,0.0010000000000047748
36617000,-11096,-734,127352,-16799,-1685,132587,115,19228,471,1,25925,0.0009999999999976694
36618000,-3511,1349,128568,-2735,8822,122334,104,19228,471,1,25926,0.0009999999999976694
36619000,47,13660,129455,5735,4895,121426,130,19228,426,0,25927,0.0010000000000047748
36620000,-2124,-8343,124166,-8323,-11873,129387,130,19230,532,0,25928,0.0009999999999976694
36621000,903,1245,124747,-4986,-6598,125005,104,19227,426,0,25929,0.0009999999999976694
36622000,-2661,5811,125234,1825,10040,124411,108,19227,442,0,25930,0.0010000000000047748
36623000,-604,11141,128861,-1288,19019,120205,149,19232,610,1,25931,0.0009999999999976694
36624000,-3831,16946,125727,-11852,-2521,124607,111,19232,455,1,25932,0.0009999999999976694
36625002,6790,-3527,121803,1017,-8663,133454,98,19230,455,1,25933,0.0010019999999997253
36626000,10288,657,123719,16615,4469,119221,112,19226,401,0,25934,0.000998000000002719
36627001,8288,8830,124402,-573,-1137,120460,112,19229,459,0,25935,0.00100100000000225
36628000,8754,-507,124483,3565,-6251,129256,118,19226,483,0,25936,0.0009990000000001942
36629000,2355,-7089,125660,4562,-7944,133689,121,19222,496,1,25937,0.0009999999999976694
36630002,5368,5867,128470,-117,3822,119724,109,19222,446,1,25938,0.0010019999999997253
36631000,3372,16719,128954,9112,8665,119106,104,19229,446,1,25939,0.000998000000002719
36632000,7856,4586,127281,3005,-3601,129553,125,19231,426,0,25940,0.0009999999999976694
36633000,12161,-4406,126258,3277,-7581,125744,125,19220,512,0,25941,0.0009999999999976694
36634000,8254,-8102,126977,15661,-13112,135240,95,19231,389,0,25942,0.0010000000000047748
36635000,4982,-13124,128673,-3113,-1357,122684,101,19231,414,0,25943,0.0009999999999976694
36636000,2921,14326,132194,-4356,5700,127503,135,19231,553,1,25944,0.0009999999999976694
36637000,1928,3764,129771,9093,-1196,134381,113,19229,553,1,25945,0.0010000000000047748
36638000,471,4615,128760,-2875,-1434,124431,100,19230,463,1,25946,0.0009999999999976694
36639000,5832,-1745,130571,-1027,-14683,128005,100,19229,410,0,25947,0.0009999999999976694
36640000,8321,-5890,127302,16273,-4859,126236,153,19230,627,0,25948,0.0010000000000047748
36641000,4478,2682,130652,1144,-7894,135144,101,19235,414,0,25949,0.0009999999999976694
36642000,2303,-4330,131062,-13513,-6078,127549,110,19224,451,1,25950,0.0009999999999976694
36643003,138,13147,134221,488,6491,125586,128,19224,451,1,25951,0.001003000000004306
36644000,-7026,4744,131415,-385,1867,129566,101,19232,524,1,25952,0.0009969999999981383
36645000,-2048,378,130399,-18856,-3839,129648,101,19232,414,1,25953,0.0009999999999976694
36646000,1744,-9914,127531,-966,-14369,137055,113,19222,463,0,25954,0.0010000000000047748
36647000,-211,5744,127560,1063,9677,118122,104,19228,426,0,25955,0.0009999999999976694
36648000,-3319,11031,132341,-11350,1613,135269,114,19227,467,0,25956,0.0009999999999976694
36649000,-5165,-8001,130589,-9715,-13127,134977,141,19227,467,1,25957,0.0010000000000047748
36650000,-7941,6253,131940,-13121,7391,123969,117,19230,577,1,25958,0.0009999999999976694
36651000,-10694,9393,131095,-10073,6313,125440,117,19229,479,1,25959,0.0009999999999976694
36652000,-3186,11678,128658,-10013,-5044,130678,101,19227,414,1,25960,0.0010000000000047748
36653000,-5458,-4727,128066,-7961,-16835,134464,153,19229,627,0,25961,0.0009999999999976694
36654000,-2592,-3835,126425,-5973,-1738,121370,113,19226,463,0,25962,0.0009999999999976694
36655000,-1613,8707,127732,-10207,11357,119712,111,19226,463,0,25963,0.0010000000000047748
36656000,-2115,14361,129095,-5050,107,130192,134,19224,455,1,25964,0.0009999999999976694
36657000,-5302,534,125079,-9652,3061,123825,134,19228,549,1,25965,0.0009999999999976694
36658000,-7217,5363,125487,-14685,2384,127320,112,19231,459,1,25966,0.0010000000000047748
36659000,-1099,13933,126544,7062,2472,118849,110,19220,451,0,25967,0.0009999999999976694
36660000,4417,4,122658,3487,-7303,128044,88,19232,360,0,25968,0.0009999999999976694
36661000,1867,-7748,126685,-11307,-9064,133036,105,19232,360,0,25969,0.0010000000000047748
36662000,733,2099,124382,-3043,9690,115518,127,19227,430,1,25970,0.0009999999999976694
36663000,-1962,21609,128301,-189,12989,128005,127,19222,520,1,25971,0.0009999999999976694
36664000,-712,6122,126908,296,4340,122685,113,19231,463,1,25972,0.0010000000000047748
36665001,2449,3645,124835,5614,-1052,127537,93,19228,381,0,25973,0.0010009999999951447
36666000,5021,3493,122790,137,-2489,119927,125,19235,512,0,25974,0.0009990000000001942
36667000,12673,351,122400,9513,1513,123359,107,19235,438,0,25975,0.0010000000000047748
36668000,8301,-2838,126504,8277,-7159,130418,113,19230,438,0,25976,0.0009999999999976694
36669001,5181,-1048,126687,-1398,1572,123246,133,19223,463,1,25977,0.00100100000000225
36670000,572,35,128600,-1793,6391,132635,133,19230,545,1,25978,0.0009990000000001942
36671000,4183,12339,131190,10700,3035,118701,108,19232,442,1,25979,0.0009999999999976694
36672000,7795,3532,121639,9074,1063,124436,101,19224,414,0,25980,0.0009999999999976694
36673000,6812,3452,128698,980,-2535,128581,103,19224,422,0,25981,0.0010000000000047748
36674000,13317,-9184,125401,14372,-17408,128098,103,19235,422,0,25982,0.0009999999999976694
36675001,6585,-3613,127945,1811,2804,130595,118,19229,422,0,25983,0.00100100000000225
36676000,2497,7221,130433,-4071,13706,127296,118,19224,483,1,25984,0.0009989999999930887
36677000,1803,8634,129251,3136,4408,121829,112,19228,459,1,25985,0.0010000000000047748
36678000,2361,6319,128464,4196,-343,131481,99,19227,405,1,25986,0.0009999999999976694
36679000,6922,-10803,127926,-5628,-14785,133898,135,19227,553,0,25987,0.0009999999999976694
36680000,9265,-6270,129337,17630,-5078,122883,101,19223,553,0,25988,0.0010000000000047748
36681002,6052,-2948,130434,5837,-9420,136359,103,19231,414,0,25989,0.0010019999999997253
36682000,-3459,-468,131122,-22046,3771,129922,103,19226,422,1,25990,0.0009979999999956135
36683000,-2694,8472,134107,-4114,-48,125559,149,19227,610,1,25991,0.0010000000000047748
36684000,-9656,3089,130674,4806,2837,133255,112,19229,459,1,25992,0.0009999999999976694
36685000,-5162,-3507,129250,-17621,-8711,129327,102,19225,418,1,25993,0.0009999999999976694
36686000,-35,-6056,129268,-8713,-8638,129287,128,19225,418,0,25994,0.0010000000000047748
36687000,5049,3405,128600,5849,-1797,125248,114,19234,524,0,25995,0.0009999999999976694
36688000,-3432,11295,131350,-6919,1623,125898,114,19231,467,0,25996,0.0009999999999976694
36689000,-6365,330,131067,-24419,131,130771,125,19221,512,1,25997,0.0010000000000047748
36690000,-7532,1660,130837,-6009,57,133540,116,19226,475,1,25998,0.0009999999999976694
36691000,-8608,9387,129633,-3232,7315,125104,106,19231,434,1,25999,0.0009999999999976694
36692000,-2837,8152,127523,-14077,2785,122259,127,19231,434,0,26000,0.0010000000000047748
36693000,-4368,-6925,125253,-11423,-12769,131419,95,19221,520,0,26001,0.0009999999999976694
36694001,403,-200,128171,522,-3487,123863,95,19232,389,0,26002,0.00100100000000225
36695002,-3063,5107,126657,-5538,3164,123773,101,19231,414,1,26003,0.0010009999999951447
36696003,-7503,12597,129289,-13368,9522,124523,145,19228,594,1,26004,0.00100100000000225
36697000,-7593,4647,126181,-10234,989,130333,121,19225,496,1,26005,0.0009969999999981383
36698000,-1032,-682,124911,-4330,-2184,126178,106,19225,496,1,26006,0.0010000000000047748
36699000,2372,6187,126678,4253,4267,118995,112,19225,434,0,26007,0.0009999999999976694
36700000,1373,1852,123858,-5164,-4431,127242,112,19232,459,0,26008,0.0009999999999976694
36701003,2929,-376,126305,-3490,-630,127530,104,19231,426,0,26009,0.001003000000004306
36702000,-2560,-861,124975,-610,12005,126691,117,19222,479,1,26010,0.0009969999999981383
36703000,-1630,18301,128153,-5639,11638,118480,139,19231,569,1,26011,0.0009999999999976694
36704000,-5423,10626,124139,846,-3098,128772,103,19231,569,1,26012,0.0010000000000047748
36705000,6018,2679,125203,819,-1571,126353,113,19232,422,0,26013,0.0009999999999976694
36706000,12202,5534,125923,15941,-6893,119398,113,19228,463,0,26014,0.0009999999999976694
36707002,8954,-406,123806,1662,-8711,128396,97,19230,397,0,26015,0.0010019999999997253
36708000,6884,-4032,126554,1401,-6067,129292,112,19227,459,0,26016,0.000998000000002719
36709000,2080,1197,127292,3619,4585,123966,143,19224,586,1,26017,0.0009999999999976694
36710000,3652,9142,126846,-312,11474,125096,114,19224,586,1,26018,0.0010000000000047748
36711000,5087,838,127283,3129,14202,122821,95,19231,467,1,26019,0.0009999999999976694
36712000,13289,-300,125295,6646,-6411,128084,95,19227,389,0,26020,0.0009999999999976694
36713000,7821,-4976,125539,12111,-9385,130814,147,19227,602,0,26021,0.0010000000000047748
36714000,6278,-6969,126688,10172,-10945,129619,105,19230,430,0,26022,0.0009999999999976694
36715001,3405,-2169,128924,-5067,947,125885,110,19222,451,1,26023,0.00100100000000225
36716000,-1041,10622,131844,-4584,11186,128090,121,19222,496,1,26024,0.0009990000000001942
36717000,2298,2222,132381,14185,6202,132347,106,19228,496,1,26025,0.0009999999999976694
36718000,3354,7390,127580,-5204,-3401,118798,113,19232,434,1,26026,0.0009999999999976694
36719000,9139,-7970,126813,-5567,-18084,139000,113,19218,463,0,26027,0.0010000000000047748
36720000,8997,-16354,128633,28915,-4527,129994,90,19231,369,0,26028,0.0009999999999976694
36721000,2721,-5935,128778,-9148,585,127024,106,19228,434,0,26029,0.0009999999999976694
36722000,1497,13709,132636,-25186,7716,125405,128,19228,524,1,26030,0.0010000000000047748
36723004,-8161,9573,130871,10192,9202,126064,115,19224,524,1,26031,0.0010039999999946758
36724000,-2481,-4067,131278,-1787,-13053,136911,97,19232,471,1,26032,0.000996000000000663
36725000,-3660,-11608,128747,-20851,-14560,130497,97,19230,397,0,26033,0.0010000000000047748
36726000,-731,-1231,131032,1162,-1385,128283,145,19231,594,0,26034,0.0009999999999976694
36727000,3863,7763,129585,1962,1711,123517,108,19227,442,0,26035,0.0009999999999976694
36728000,-6927,1816,130865,-15755,-2863,131010,112,19227,459,0,26036,0.0010000000000047748
36729000,-9303,-135,131113,-10017,3326,127777,138,19224,459,1,26037,0.0009999999999976694
36730000,-9624,6261,130245,-11524,240,129548,111,19225,565,1,26038,0.0009999999999976694
36731000,-6379,10227,130922,-9093,7153,125827,111,19232,455,1,26039,0.0010000000000047748
36732000,-1701,2480,129284,-4989,-9020,126525,108,19222,442,0,26040,0.0009999999999976694
36733000,-5172,-8178,125457,-6463,-12245,133345,135,19230,553,0,26041,0.0009999999999976694
36734000,-1128,810,127548,-7317,799,124765,104,19228,426,0,26042,0.0010000000000047748
36735000,-2990,8382,126248,-10283,7059,126182,119,19228,426,1,26043,0.0009999999999976694
36736000,-4304,17265,128860,-4200,11840,119947,115,19224,487,1,26044,0.0009999999999976694
36737000,-7159,5883,126889,-14821,-2008,129373,115,19229,471,1,26045,0.0010000000000047748
36738000,-242,3484,126554,-6016,2168,125433,105,19232,430,1,26046,0.0009999999999976694
36739000,1485,5312,125533,5183,3655,124992,138,19229,565,0,26047,0.0009999999999976694
36740000,2347,-5220,123274,-6730,-7187,127578,115,19228,471,0,26048,0.0009999999999976694
36741000,2260,11186,123397,-4244,14093,118138,111,19228,471,0,26049,0.0010000000000047748
36742000,-666,2885,126600,-2204,-2011,129961,156,19224,455,1,26050,0.0009999999999976694
36743000,329,4094,127106,561,2133,122036,156,19232,639,1,26051,0.0009999999999976694
36744000,-907,12973,128012,-1839,6619,123706,114,19233,467,1,26052,0.0010000000000047748
36745001,5444,3895,124732,2093,1030,120724,101,19223,414,0,26053,0.0010009999999951447
36746000,8720,5070,124716,7525,-8399,132360,93,19230,381,0,26054,0.0009990000000001942
36747000,8198,-7983,126361,5657,-15371,126080,109,19230,381,0,26055,0.0010000000000047748
36748000,4115,-1088,125519,8775,1547,125462,118,19228,446,1,26056,0.0009999999999976694
36749002,911,8716,130086,377,5789,125136,118,19220,483,1,26057,0.0010019999999997253
36750001,6176,16734,128524,-5914,9450,121496,108,19231,442,1,26058,0.0009990000000001942
36751001,7131,4798,124903,13154,-7794,132042,100,19231,410,1,26059,0.0009999999999976694
36752000,11255,-490,125063,-2990,-5185,121467,125,19224,512,0,26060,0.0009990000000001942
36753000,9371,5935,126113,14049,-10886,130909,96,19224,512,0,26061,0.0010000000000047748
36754000,10131,-12273,128325,10743,-16377,134143,101,19228,393,0,26062,0.0009999999999976694
36755012,4707,-4695,130299,-6574,1678,128696,101,19227,414,1,26063,0.0010120000000028995
36756000,-984,10589,131073,-106,9569,121743,138,19228,565,1,26064,0.0009879999999995448
36757000,600,14766,130696,3327,7477,124946,113,19231,463,1,26065,0.0009999999999976694
36758000,3656,1812,128063,2591,-6472,134971,101,19232,414,1,26066,0.0009999999999976694
36759006,10809,-12903,126179,2460,-11956,127650,143,19232,586,0,26067,0.0010060000000038372
36760000,8452,-1985,130146,16635,-3645,127777,104,19230,586,0,26068,0.0009939999999986071
36761000,533,-7799,128484,-11032,-8123,132860,110,19230,426,0,26069,0.0009999999999976694
36762000,2347,4340,133676,-14763,4550,129971,110,19226,451,1,26070,0.0010000000000047748
36763000,-6961,2917,132486,10006,38,133168,122,19228,500,1,26071,0.0009999999999976694
36764003,-6957,2109,129902,-13594,4080,122880,103,19233,422,1,26072,0.0010029999999972006
36765000,-2734,8382,131396,-14739,-13128,127643,117,19233,479,0,26073,0.0009970000000052437
36766000,485,-8206,127667,14585,-9363,134026,96,19224,479,0,26074,0.0009999999999976694
36767000,895,1221,131000,-6981,-1732,125849,109,19225,393,0,26075,0.0009999999999976694
36768000,-6313,3809,131492,-18316,534,125726,109,19225,446,1,26076,0.0010000000000047748
36769000,-7366,7787,131153,-9871,2960,130735,141,19226,577,1,26077,0.0009999999999976694
36770000,-7439,2416,130450,-5839,2291,132665,117,19231,479,1,26078,0.0009999999999976694
36771000,-6720,9636,129015,-10151,8840,122209,99,19231,405,1,26079,0.0010000000000047748
36772000,-1839,3899,126000,-12482,-3298,126980,161,19229,405,0,26080,0.0009999999999976694
36773000,-3953,-3897,126641,-1894,-3163,130354,105,19230,659,0,26081,0.0009999999999976694
36774000,1268,-435,128377,-4236,-7741,128138,105,19233,430,0,26082,0.0010000000000047748
36775000,-6790,-2179,125270,-9543,4128,122576,110,19227,451,1,26083,0.0009999999999976694
36776000,-7109,19054,130931,-19729,15770,126610,129,19231,528,1,26084,0.0009999999999976694
36777000,-8417,250,124838,6117,-3715,123590,106,19232,434,1,26085,0.0010000000000047748
36778000,-2050,11777,126582,-5269,7471,120677,114,19232,434,0,26086,0.0009999999999976694
36779000,-667,-804,126608,-6517,-8210,131125,92,19225,467,0,26087,0.0009999999999976694
36780000,1634,649,123813,3277,1642,117989,92,19229,377,0,26088,0.0010000000000047748
36781000,5935,-2640,125792,-9818,-8376,138829,108,19227,442,0,26089,0.0009999999999976694
36782000,-3007,10914,125712,4593,17627,113524,132,19226,541,1,26090,0.0009999999999976694
36783000,-1069,19098,126684,-5248,13631,126000,114,19228,467,1,26091,0.0010000000000047748
36784001,2696,-6237,121438,-2214,-5503,130736,96,19228,467,1,26092,0.0010009999999951447
36785000,7812,12528,125754,6312,7615,118064,132,19227,393,0,26093,0.0009990000000001942
36786000,8447,-2956,122187,5090,-8433,126623,132,19232,541,0,26094,0.0010000000000047748
36787002,6628,1723,127399,16119,-1818,119680,110,19231,451,0,26095,0.0010019999999997253
36788000,1990,-11189,125803,-6229,-17803,145707,114,19225,467,1,26096,0.0009979999999956135
36789000,3355,10577,127639,-4347,11437,111605,129,19228,528,1,26097,0.0010000000000047748
36790000,5045,23063,131151,13111,15546,137689,107,19228,528,1,26098,0.0009999999999976694
36791000,5132,-2533,126243,2381,-6061,117583,105,19233,438,1,26099,0.0009999999999976694
36792000,11359,3171,125459,-1657,2129,132511,105,19220,430,0,26100,0.0010000000000047748
36793000,10030,-13735,125855,17127,-8779,129372,93,19229,381,0,26101,0.0009999999999976694
36794000,8800,5613,126201,13478,759,120896,103,19231,422,0,26102,0.0009999999999976694
36795000,4969,4322,131613,-11455,95,136961,119,19226,487,1,26103,0.0010000000000047748
36796000,2487,7721,131737,1073,3862,124153,114,19226,487,1,26104,0.0009999999999976694
36797001,2068,8424,129643,11862,2391,124004,101,19228,467,1,26105,0.00100100000000225
36798000,2438,3205,129362,-10927,-7992,127990,101,19228,414,0,26106,0.0009990000000001942
36799001,11036,-11525,126201,16707,-23216,136703,136,19227,557,0,26107,0.0010009999999951447
36800001,8901,-5006,132092,8301,-7948,127097,113,19232,463,0,26108,0.0010000000000047748
36801001,2924,2391,128623,-28949,11313,119038,111,19227,455,0,26109,0.0009999999999976694
36802000,1246,14417,134588,-1050,9318,132441,158,19227,647,1,26110,0.0009990000000001942
36803000,-1895,-135,130905,8424,-10333,131193,114,19228,647,1,26111,0.0009999999999976694
36804000,-6795,-9071,127304,-20010,-6106,133365,104,19231,467,1,26112,0.0009999999999976694
36805000,-2655,-8444,132460,-11858,959,127185,104,19220,426,0,26113,0.0010000000000047748
36806000,195,2502,130752,15097,-1676,125932,115,19229,471,0,26114,0.0009999999999976694
36807000,-1271,-848,129606,-9768,-2610,134604,109,19229,446,0,26115,0.0009999999999976694
36808000,-9457,2710,132539,-22739,-26,126271,120,19229,491,1,26116,0.0010000000000047748
36809000,-9590,1606,129561,-6080,3267,130961,116,19221,491,1,26117,0.0009999999999976694
36810001,-8761,10273,131028,-4548,12491,125926,104,19225,475,1,26118,0.00100100000000225
36811003,-4748,4635,128651,-5215,2899,133029,104,19230,426,1,26119,0.0010019999999997253
36812000,-2794,-5976,125956,-14141,-12609,125855,128,19216,524,0,26120,0.0009969999999981383
36813000,-4451,-5585,123734,-6035,-3253,125485,97,19231,397,0,26121,0.0009999999999976694
36814000,-600,6136,129226,-3978,7601,126017,102,19231,418,0,26122,0.0010000000000047748
36815005,-5530,10187,127491,-8914,3276,121338,146,19230,418,1,26123,0.0010049999999992565
36816000,-9149,7438,127837,-14942,1892,132679,118,19226,598,1,26124,0.0009949999999960824
36817000,-5366,1956,127242,-9180,7298,121201,118,19225,483,1,26125,0.0010000000000047748
36818000,473,5327,126615,5891,4683,122641,103,19223,422,0,26126,0.0009999999999976694
36819002,-711,-1449,125084,-6949,-11049,129340,115,19232,471,0,26127,0.0010019999999997253
36820000,-1036,-5907,123168,-2463,-6143,123726,110,19224,451,0,26128,0.000998000000002719
36821001,570,8256,127420,-3153,6995,124562,116,19224,451,0,26129,0.0010009999999951447
36822000,-3670,7901,127405,291,12335,120581,132,19220,475,1,26130,0.0009990000000001942
36823001,-5146,8573,126727,610,6684,126927,132,19227,541,1,26131,0.00100100000000225
36824001,3746,2606,123595,-8302,-2324,125175,101,19228,414,1,26132,0.0009999999999976694
36825000,10757,5519,124050,9623,3247,121237,114,19228,467,0,26133,0.0009990000000001942
36826003,10221,432,125089,15955,-9067,128303,99,19229,405,0,26134,0.001003000000004306
36827000,6228,-11952,123575,655,-11002,127596,111,19229,405,0,26135,0.0009969999999981383
36828000,5248,-6863,127395,1741,-8160,132975,139,19227,455,1,26136,0.0009999999999976694
36829000,-1302,7462,128034,-1085,11372,120198,139,19227,569,1,26137,0.0010000000000047748
36830000,5006,20603,125860,3583,10959,121727,116,19228,475,1,26138,0.0009999999999976694
36831000,5028,-365,125758,7342,-5953,127956,100,19228,410,1,26139,0.0009999999999976694
36832000,12204,-915,125212,3399,-5574,124095,153,19232,627,0,26140,0.0010000000000047748
36833000,12851,-11193,129208,16531,-18642,135605,102,19232,627,0,26141,0.0009999999999976694
36834000,4061,1361,128833,7143,-408,124776,106,19229,418,0,26142,0.0009999999999976694
36835000,6093,7458,128437,-6700,7950,128377,106,19225,434,1,26143,0.0010000000000047748
36836000,-3012,12814,131675,3987,9305,130926,122,19226,500,1,26144,0.0009999999999976694
36837000,1225,-5683,128917,2283,-14110,131772,108,19232,442,1,26145,0.0009999999999976694
36838000,7624,-4647,126730,-1653,-5025,121063,115,19223,471,0,26146,0.0010000000000047748
36839000,8546,-6303,130034,7078,-6078,133774,107,19223,471,0,26147,0.0009999999999976694
36840000,8945,-4558,126510,17070,-9595,128620,110,19229,438,0,26148,0.0009999999999976694
36841002,-2992,1533,130948,-18184,1116,128668,110,19229,451,0,26149,0.0010019999999997253
36842000,1658,5312,132519,-14101,8074,128339,127,19223,520,1,26150,0.000998000000002719
36843000,-9418,14264,132874,15055,-409,125153,114,19235,467,1,26151,0.0009999999999976694
36844000,-1310,-3178,127486,-15988,-15696,137010,101,19229,414,1,26152,0.0010000000000047748
36845002,-891,-12135,129067,-400,-9650,132390,147,19229,602,0,26153,0.0010019999999997253
36846000,3499,4679,130908,6273,-848,124973,108,19236,602,0,26154,0.0009979999999956135
36847000,-1576,11960,129245,-11528,3310,125617,108,19228,442,0,26155,0.0010000000000047748
36848000,-8497,3547,132772,-21943,-4813,134061,112,19224,459,1,26156,0.0009999999999976694
36849000,-7808,-5137,130064,-2461,-3248,135330,129,19226,528,1,26157,0.0009999999999976694
36850000,-12177,12066,129396,-6750,17114,115107,112,19231,459,1,26158,0.0010000000000047748
36851000,-2095,17299,131773,-11695,-890,129365,108,19231,442,1,26159,0.0009999999999976694
36852000,-3178,-8958,125083,-8752,-17305,133347,127,19218,442,0,26160,0.0009999999999976694
36853000,797,-6936,126902,-5314,-3299,127569,103,19237,520,0,26161,0.0010000000000047748
36854000,-2156,8760,129476,-2912,5746,122227,103,19229,422,0,26162,0.0009999999999976694
36855000,-8185,22469,129549,-7882,4797,117492,119,19224,487,1,26163,0.0009999999999976694
36856000,-6926,5187,127415,-13893,-6385,138011,113,19228,463,1,26164,0.0010000000000047748
36857000,-4795,-138,127541,-3985,-1523,125665,105,19228,430,1,26165,0.0009999999999976694
36858000,3847,4081,126284,1431,5199,119873,138,19235,430,0,26166,0.0009999999999976694
36859000,-2954,11423,125825,-1940,-6435,125577,106,19234,565,0,26167,0.0010000000000047748
36860000,3037,-6552,122472,-4768,-8946,132396,106,19229,434,0,26168,0.0009999999999976694
36861000,-2232,4308,126001,-1226,7698,125450,110,19223,451,0,26169,0.0009999999999976694
36862000,-2034,19106,126904,-6395,14183,115232,156,19229,639,1,26170,0.0010000000000047748
36863000,-264,12874,125737,-1888,813,126713,109,19229,446,1,26171,0.0009999999999976694
36864000,3715,2418,126062,7165,-9158,132825,99,19232,446,1,26172,0.0009999999999976694
36865000,12323,-3706,121119,5656,-561,123410,94,19226,405,0,26173,0.0009999999999976694
36866000,9313,7017,126484,5839,3506,120951,94,19229,385,0,26174,0.0010000000000047748
36867000,5879,823,124256,1164,-3859,128686,112,19226,459,0,26175,0.0009999999999976694
36868000,3448,-1610,126079,4794,-3971,128927,123,19218,504,1,26176,0.0009999999999976694
36869000,-363,3147,128903,1792,3319,126735,111,19229,455,1,26177,0.0010000000000047748
36870000,5062,6930,129075,868,5127,122520,99,19229,455,1,26178,0.0009999999999976694
36871000,6628,9088,127187,11870,-2725,123344,124,19231,405,0,26179,0.0009999999999976694
36872000,12382,-4197,126201,6811,-15176,132256,124,19227,508,0,26180,0.0010000000000047748
36873000,7484,-9031,126700,9138,-13742,126777,100,19227,410,0,26181,0.0009999999999976694
36874000,3269,-59,129251,-2203,-1925,126038,106,19225,434,0,26182,0.0009999999999976694
36875000,3152,12692,132303,-4762,10645,126472,141,19231,577,1,26183,0.0010000000000047748
36876000,1908,9313,129198,9418,3600,129575,112,19231,577,1,26184,0.0009999999999976694
36877000,1210,-1557,127639,-2738,-3501,130728,101,19231,459,1,26185,0.0009999999999976694
36878000,6614,-5106,127054,-1524,-9185,128400,101,19226,414,0,26186,0.0010000000000047748
36879000,7672,-4296,126714,14833,-2427,125597,146,19231,598,0,26187,0.0009999999999976694
36880000,7638,5312,130527,4041,-3902,129085,108,19227,442,0,26188,0.0009999999999976694
36881000,519,-4545,129949,-13684,-4149,128942,113,19222,463,1,26189,0.0010000000000047748
36882000,-2179,9257,133616,-10713,7934,127728,124,19222,463,1,26190,0.0009999999999976694
36883000,-7545,-2317,130044,4382,-6492,130263,102,19228,508,1,26191,0.0009999999999976694
36884000,-3717,-2340,130827,-12107,-7580,133878,102,19230,418,1,26192,0.0010000000000047748
36885002,289,-4994,129619,-10557,-9112,127161,117,19227,479,0,26193,0.0010019999999997253
36886000,1038,2814,128521,5671,661,122866,99,19229,405,0,26194,0.0009979999999956135
36887001,-4118,7302,130483,-9576,-502,129045,113,19227,463,0,26195,0.00100100000000225
36888003,-5840,4627,130164,-14377,1375,131255,140,19227,463,1,26196,0.0010019999999997253
36889002,-8456,-374,130211,-11012,-81,134271,115,19226,573,1,26197,0.0009990000000001942
36890000,-9747,6836,132754,-8326,8232,124573,115,19234,471,1,26198,0.000998000000002719
36891000,-3501,7116,128889,-10787,1397,123328,100,19228,410,0,26199,0.0009999999999976694
36892001,-4971,-6582,126146,-10198,-9801,134186,159,19232,651,0,26200,0.00100100000000225
36893000,-1824,549,127136,-1672,-2737,123008,105,19225,430,0,26201,0.0009990000000001942
36894000,-928,4174,128574,-7709,1520,123970,105,19225,430,0,26202,0.0009999999999976694
36895000,-5261,11996,126682,-13885,16262,117867,128,19223,430,1,26203,0.0009999999999976694
36896000,-2893,13772,129174,-8046,-3304,137324,108,19228,524,1,26204,0.0010000000000047748
36897000,-6126,-7342,122160,-2388,-4597,123005,108,19230,442,1,26205,0.0009999999999976694
36898000,-699,8580,125162,-11777,8746,122881,113,19224,463,0,26206,0.0009999999999976694
36899000,735,5218,126466,6321,1487,121119,89,19224,365,0,26207,0.0010000000000047748
36900000,3862,3008,125870,-2257,-1167,127733,107,19224,438,0,26208,0.0009999999999976694
36901000,3024,-9417,126174,-13364,-11979,136998,130,19226,438,1,26209,0.0009999999999976694
36902000,-5293,9314,126413,3421,19672,113166,114,19222,532,1,26210,0.0010000000000047748
36903000,-297,23886,127831,461,6883,123242,114,19229,467,1,26211,0.0009999999999976694
36904000,3194,2853,124042,3440,-1969,126407,96,19233,393,0,26212,0.0009999999999976694
36905000,8009,-1033,124027,1399,-8079,131441,121,19234,496,0,26213,0.0010000000000047748
36906000,11203,-3549,124460,10401,-5533,118271,111,19234,455,0,26214,0.0009999999999976694
36907000,7440,7311,125430,8229,3185,120436,115,19229,455,0,26215,0.0009999999999976694
36908000,4228,-3298,127902,-4797,-6824,135407,132,19226,471,1,26216,0.0010000000000047748
36909001,3378,5733,126364,903,17328,118429,132,19228,541,1,26217,0.0010009999999951447
36910000,7874,6521,126932,11226,1799,135386,109,19229,446,1,26218,0.0009990000000001942
36911000,7575,-4598,124261,5396,1896,115396,104,19221,426,0,26219,0.0010000000000047748
36912000,11943,5198,126039,5953,-1638,128215,104,19228,426,0,26220,0.0009999999999976694
36913000,9310,-16986,125936,14047,-18259,137247,112,19228,426,0,26221,0.0009999999999976694
36914000,6987,-255,129212,-553,961,122464,124,19227,459,1,26222,0.0010000000000047748
36915000,1560,9163,131479,-4492,7959,129643,124,19224,508,1,26223,0.0009999999999976694
36916000,-516,14857,130110,4254,6340,120571,115,19229,471,1,26224,0.0009999999999976694
36917000,1673,-51,127904,5444,-4646,141072,101,19229,414,1,26225,0.0010000000000047748
36918000,7084,-6338,127828,-7730,-9035,122892,136,19227,557,0,26226,0.0009999999999976694
36919000,13017,-7561,128114,13691,-2581,125999,103,19227,557,0,26227,0.0009999999999976694
36920002,4611,1630,127893,14032,-9398,136229,104,19227,422,0,26228,0.0010019999999997253
36921002,-443,-4098,128389,-24119,-1595,122861,104,19223,426,1,26229,0.0010000000000047748
36922001,-5055,13607,136451,-9091,10259,133511,153,19227,627,1,26230,0.0009990000000001942
36923002,-10006,1963,130821,8058,9469,124415,110,19229,451,1,26231,0.0010009999999951447
36924001,649,-2785,127423,-15047,-12189,131097,100,19224,410,0,26232,0.0009990000000001942
36925000,-1969,-9685,128224,-8871,-11409,133375,115,19224,410,0,26233,0.0009990000000001942
36926000,7137,442,128147,7820,-2723,123929,109,19229,471,0,26234,0.0009999999999976694
36927000,-2631,3473,132207,-7569,2831,129623,109,19226,446,0,26235,0.0010000000000047748
36928001,-8042,4479,132169,-20411,266,127198,123,19218,504,1,26236,0.00100100000000225
36929000,-7958,5521,128901,-1497,8015,126831,114,19227,467,1,26237,0.0009989999999930887
36930003,-11648,3715,128453,-11042,2,124576,104,19230,426,1,26238,0.001003000000004306
36931000,-1058,2490,129717,-11803,-4262,132321,128,19230,426,0,26239,0.0009969999999981383
36932000,-5387,-7373,125147,-4738,-8464,123589,99,19220,524,0,26240,0.0009999999999976694
36933000,-1370,2247,128505,-7591,-919,128800,99,19231,405,0,26241,0.0010000000000047748
36934000,-2533,6426,129859,-8463,5481,124484,103,19228,422,1,26242,0.0009999999999976694
36935000,-11744,12773,126962,-9697,5916,125675,144,19230,590,1,26243,0.0009999999999976694
36936000,-7022,8571,129340,-13361,419,130764,117,19228,479,1,26244,0.0010000000000047748
36937000,-3654,3758,126746,-6821,-3439,126040,103,19228,479,1,26245,0.0009999999999976694
36938000,3161,4182,126277,-301,-1326,124019,117,19224,422,0,26246,0.0009999999999976694
36939001,17,-472,124439,-8102,-4209,124476,117,19234,479,0,26247,0.00100100000000225
36940000,3526,-10,124844,-3596,-5077,130790,109,19230,446,0,26248,0.0009990000000001942
36941000,-622,12343,125099,-3221,12284,117743,115,19221,471,1,26249,0.0009999999999976694
36942000,-3206,13392,126890,-10089,8864,125607,130,19232,532,1,26250,0.0010000000000047748
36943000,1151,5342,125258,13648,280,126288,103,19232,422,1,26251,0.0009999999999976694
36944000,3030,2794,121659,-2474,4427,121341,115,19231,422,0,26252,0.0009999999999976694
36945000,11365,2844,125387,4067,-4345,124244,109,19231,471,0,26253,0.0010000000000047748
36946002,8263,3311,127464,19775,-14253,127929,109,19226,446,0,26254,0.0010019999999997253
36947000,5786,-7791,125487,-3702,-10666,129533,117,19228,479,0,26255,0.0009979999999956135
36948000,1763,5454,129756,-2503,10615,120857,142,19228,582,1,26256,0.0010000000000047748
36949000,2149,13689,129521,9433,3748,126763,117,19228,479,1,26257,0.0009999999999976694
36950000,8278,2745,123581,4378,-1052,126516,101,19229,479,1,26258,0.0009999999999976694
36951000,7372,5600,127947,-807,-800,123993,140,19228,414,0,26259,0.0010000000000047748
36952003,11720,-9347,126375,13500,-14985,133656,140,19232,573,0,26260,0.0010029999999972006
36953000,7424,-1329,126615,12144,-4083,125672,102,19234,418,0,26261,0.0009969999999981383
36954002,2715,-7342,129667,-7837,-12614,138396,105,19228,430,1,26262,0.0010019999999997253
36955000,99,2301,128689,1010,9503,121563,123,19228,504,1,26263,0.000998000000002719
36956002,100,26781,132100,3655,8806,124645,109,19228,504,1,26264,0.0010019999999997253
36957000,1663,1409,128625,-463,-8640,129320,113,19227,446,1,26265,0.000998000000002719
36958000,10887,-10750,126502,5419,-18587,131929,113,19218,463,0,26266,0.0009999999999976694
36959000,8218,-12045,131244,16987,-15896,137231,92,19227,377,0,26267,0.0009999999999976694
36960000,3395,-690,127238,-7813,2527,120240,102,19229,418,0,26268,0.0010000000000047748
36961000,3121,13358,133316,-19956,11531,130138,126,19224,516,1,26269,0.0009999999999976694
36962000,-7202,4769,131420,11428,636,126791,113,19224,516,1,26270,0.0009999999999976694
36963000,-6425,-1870,130032,-4919,-12182,130727,98,19228,463,1,26271,0.0010000000000047748
36964001,-1949,-20140,130810,-20826,-15610,137787,98,19228,401,0,26272,0.0010009999999951447
36965001,-1788,8247,130579,5382,382,120952,145,19233,594,0,26273,0.0010000000000047748
36966000,3434,-799,128430,214,-7420,134599,116,19232,475,0,26274,0.0009990000000001942
36967000,-9395,818,131748,-18227,449,127211,116,19223,475,0,26275,0.0009999999999976694
36968001,-8718,5785,131192,-14866,3555,132084,135,19223,475,1,26276,0.00100100000000225
36969000,-8856,10412,130135,-6129,8821,126998,112,19227,553,1,26277,0.0009990000000001942
36970001,-3746,10345,128358,-9645,10011,125730,112,19233,459,1,26278,0.0010009999999951447
36971000,-2613,-1807,127767,-6846,-8037,130972,108,19220,442,0,26279,0.0009990000000001942
36972000,-3278,-5296,124046,-8154,-6785,126811,134,19232,549,0,26280,0.0010000000000047748
36973001,-1336,2726,127328,-7909,2018,125452,106,19231,434,0,26281,0.0010009999999951447
36974003,-3961,8458,128887,-6799,5484,124726,125,19231,434,1,26282,0.0010019999999997253
36975000,-4486,11417,128299,-8151,7801,122345,115,19221,512,1,26283,0.0009970000000052437
36976002,-8994,737,127496,-16145,1270,126987,115,19229,471,1,26284,0.0010019999999997253
36977000,1338,1405,126048,-2238,-2528,121783,102,19232,418,0,26285,0.0009979999999956135
36978000,519,5287,126172,6888,1059,130631,136,19234,557,0,26286,0.0010000000000047748
36979000,1822,-5678,124032,-9232,-7467,122872,104,19229,426,0,26287,0.0009999999999976694
36980000,576,5232,126860,-4900,3181,126531,107,19229,426,0,26288,0.0009999999999976694
36981000,-2516,14340,126701,-2120,1367,118154,154,19227,438,1,26289,0.0010000000000047748
36982000,-31,12965,124923,-747,7532,123210,154,19225,631,1,26290,0.0009999999999976694
36983000,66,6705,128043,-1307,-3529,129413,107,19232,438,1,26291,0.0009999999999976694
36984000,11193,464,122104,4001,2895,117377,100,19226,410,0,26292,0.0010000000000047748
36985000,7338,6699,126556,4993,-4468,128713,95,19231,389,0,26293,0.0009999999999976694
36986000,9636,-7688,125358,4539,-10938,127137,118,19231,483,0,26294,0.0009999999999976694
36987000,2519,-1685,124988,13124,-6019,127729,124,19226,483,1,26295,0.0010000000000047748
36988000,-916,6647,127176,-14392,11922,122147,111,19222,508,1,26296,0.0009999999999976694
36989000,11220,13179,128039,13156,8792,120650,111,19228,455,1,26297,0.0009999999999976694
36990001,5728,7206,125513,14578,-11355,129171,99,19230,405,1,26298,0.00100100000000225
36991000,14314,2154,124472,-10825,290,119657,126,19226,516,0,26299,0.0009990000000001942
36992000,8382,-725,129492,18527,-13991,136226,97,19226,397,0,26300,0.0009999999999976694
36993000,8353,-10616,128508,7242,-5798,128844,102,19230,397,0,26301,0.0009999999999976694
36994000,4751,2693,130173,-11217,-4861,129794,138,19225,418,1,26302,0.0010000000000047748
36995002,-3176,3943,132976,7880,6470,129223,138,19228,565,1,26303,0.0010019999999997253
36996000,2274,9678,128937,2767,7075,122771,112,19227,459,1,26304,0.0009979999999956135
36997002,2137,3317,128793,-1668,-6102,129229,98,19225,401,0,26305,0.0010019999999997253
36998000,11728,-4869,128249,6290,-7885,126064,133,19225,545,0,26306,0.000998000000002719
36999000,8091,-4448,129839,13842,-9223,133179,103,19235,545,0,26307,0.0009999999999976694
37000000,-412,-4567,131271,-12103,-6518,125316,113,19226,422,0,26308,0.0010000000000047748
37001000,3300,8230,132364,-15882,2849,127510,113,19221,463,1,26309,0.0009999999999976694
37002000,-7630,2276,132552,7838,-912,133796,127,19226,520,1,26310,0.0009999999999976694
37003006,-1835,5228,130508,-13706,2422,120201,101,19230,414,1,26311,0.0010060000000038372
37004001,6,-4349,127133,-13190,-13694,137834,116,19226,475,0,26312,0.0009949999999960824
37005000,502,-2667,129750,12753,6558,119613,103,19226,475,0,26313,0.0009990000000001942
37006000,786,3833,130182,-7978,-3789,130170,112,19227,422,0,26314,0.0010000000000047748
37007001,-7678,-3860,130628,-18333,-2852,132621,112,19226,459,1,26315,0.0010009999999951447
37008000,-6964,3090,131537,-10081,4040,132446,145,19227,594,1,26316,0.0009990000000001942
37009000,-9554,847,128267,-7355,3102,128009,118,19230,483,1,26317,0.0010000000000047748
37010000,-3411,14905,130117,-11416,11626,121404,101,19225,414,1,26318,0.0009999999999976694
37011000,-5119,-4598,125877,-6905,-12393,140016,165,19225,414,0,26319,0.0009999999999976694
37012001,-1441,-2090,126452,-3680,-1121,118162,112,19227,676,0,26320,0.00100100000000225
37013002,-621,5043,128068,-3507,1494,129351,112,19228,459,0,26321,0.00100100000000225
37014000,-7087,3625,128379,-10433,7714,122647,112,19228,459,1,26322,0.0009979999999956135
37015000,-4218,13173,129037,-10955,5361,124663,127,19228,520,1,26323,0.0010000000000047748
37016000,-8792,-5507,125260,-3951,-2572,134201,110,19231,451,1,26324,0.0009999999999976694
37017003,170,11916,126707,-7176,20972,109719,116,19231,451,0,26325,0.0010029999999972006
37018002,-639,-124,124652,677,-8023,128073,93,19226,475,0,26326,0.0009990000000001942
37019002,3401,-3136,123322,-497,-9979,129188,93,19229,381,0,26327,0.0010000000000047748
37020001,1038,-6039,124620,-5503,-6659,131260,107,19231,438,0,26328,0.0009990000000001942
37021000,-4302,13101,128888,-91,14668,114079,135,19222,553,1,26329,0.0009990000000001942
37022000,-854,18994,127231,-4817,10789,124494,113,19229,463,1,26330,0.0009999999999976694
37023000,913,-211,124666,2326,-3718,125119,96,19229,463,1,26331,0.0009999999999976694
37024000,9120,1902,121849,4654,1999,119854,123,19229,393,0,26332,0.0010000000000047748
37025000,5283,3532,124141,5052,-2272,122292,123,19235,504,0,26333,0.0009999999999976694
37026001,8413,-962,124963,10932,-2090,128743,109,19226,446,0,26334,0.00100100000000225
37027000,5787,-15724,125201,327,-19460,133633,113,19223,463,1,26335,0.0009990000000001942
37028002,1086,7175,128322,273,12711,116378,129,19228,528,1,26336,0.0010019999999997253
37029000,2075,18495,126956,1398,1302,125861,107,19228,438,1,26337,0.0009979999999956135
37030000,7496,-1240,125825,9679,-5358,128937,107,19232,438,1,26338,0.0010000000000047748
37031000,10929,-4713,127200,2606,-7760,129156,107,19220,438,0,26339,0.0009999999999976694
37032000,11362,-527,125897,19236,-5076,123515,87,19234,356,0,26340,0.0009999999999976694
37033003,3672,4684,128229,-1323,-2359,127037,105,19228,430,0,26341,0.001003000000004306
37034002,3932,-1240,130518,-14510,-3792,135432,120,19225,491,1,26342,0.0009990000000001942
37035000,3058,4286,131799,14824,10604,121912,114,19225,467,1,26343,0.0009979999999956135
37036000,-694,5849,127323,-6004,-3,127034,100,19229,467,1,26344,0.0010000000000047748
37037000,6896,3284,129532,-1745,-3320,126556,143,19230,410,0,26345,0.0009999999999976694
37038000,8352,-10940,126715,21865,-12334,131262,143,19226,586,0,26346,0.0009999999999976694
37039000,9565,-5007,130069,-4249,-10185,136121,105,19229,430,0,26347,0.0010000000000047748
37040000,-587,-1058,131271,-14197,767,122799,104,19227,426,0,26348,0.0009999999999976694
37041000,-934,15841,134589,-973,2074,128831,149,19227,610,1,26349,0.0009999999999976694
37042000,-6098,-695,132456,1084,-3992,133888,110,19229,610,1,26350,0.0010000000000047748
37043000,-8417,-3874,130467,-18478,-7691,132515,101,19233,451,1,26351,0.0009999999999976694
37044000,3421,-2753,127436,-7362,-1836,127707,101,19222,414,0,26352,0.0009999999999976694
37045001,-3741,4814,128358,7358,-1501,126824,106,19228,434,0,26353,0.00100100000000225
37046000,890,-977,132022,-7368,355,130718,109,19230,446,0,26354,0.0009990000000001942
37047000,-7945,9677,131964,-19798,-11778,131873,123,19222,504,1,26355,0.0009999999999976694
37048000,-9578,-3731,130125,-10462,-2868,136595,118,19222,504,1,26356,0.0010000000000047748
37049000,-9849,10548,131754,-4822,8218,124512,103,19229,483,1,26357,0.0009999999999976694
37050000,-3787,7874,128188,-10151,3898,122210,103,19231,422,1,26358,0.0009999999999976694
37051000,-3558,7187,126883,-11733,-2357,127053,132,19222,541,0,26359,0.0009999999999976694
37052000,-1481,-10334,124983,-2766,-15316,135685,99,19231,405,0,26360,0.0010000000000047748
37053000,-165,5829,127200,-2466,5585,116461,103,19226,422,0,26361,0.0009999999999976694
37054000,-5935,12550,128911,-16309,7567,127258,151,19226,422,1,26362,0.0009999999999976694
37055000,-5865,3651,127840,-4351,208,128998,118,19227,618,1,26363,0.0010000000000047748
37056000,-7131,5307,126708,-6059,-498,127682,118,19232,483,1,26364,0.0009999999999976694
37057000,-1855,1375,124136,-7485,-2947,126101,106,19224,434,0,26365,0.0009999999999976694
37058001,-1540,6016,128587,3517,9172,116999,111,19236,455,0,26366,0.00100100000000225
37059000,2539,3441,124112,-1278,-8595,131809,106,19227,434,0,26367,0.0009990000000001942
37060000,496,-640,125451,-10290,-5295,126856,116,19227,434,0,26368,0.0009999999999976694
37061000,-1843,4800,126209,1169,1913,126478,124,19218,475,1,26369,0.0010000000000047748
37062000,-5169,11269,127650,2982,7068,117268,124,19236,508,1,26370,0.0009999999999976694
37063000,4304,14751,124844,-9541,9537,122015,103,19232,422,1,26371,0.0009999999999976694
37064000,8406,2157,124824,9429,-1155,131036,118,19223,483,0,26372,0.0010000000000047748
37065000,13978,-437,120959,14245,-6035,118379,100,19226,410,0,26373,0.0009999999999976694
37066000,7591,-5691,125164,2389,-11528,129734,110,19226,410,0,26374,0.0009999999999976694
37067000,4166,-2912,127136,3597,-2269,127306,144,19226,451,1,26375,0.0010000000000047748
37068000,3317,6198,129641,-1158,5330,128741,144,19229,590,1,26376,0.0009999999999976694
37069000,253,13934,128535,3634,11055,125564,117,19233,479,1,26377,0.0009999999999976694
37070000,7269,4800,124635,4299,8035,120827,99,19224,405,0,26378,0.0010000000000047748
37071000,10402,-5857,125153,4709,-11417,130147,129,19231,528,0,26379,0.0009999999999976694
37072002,12694,-10398,126481,13961,-16613,133215,106,19231,528,0,26380,0.0010019999999997253
37073000,7107,-6175,126924,3953,-6940,123325,111,19228,434,0,26381,0.000998000000002719
37074000,1676,7022,132371,-5275,4237,126407,111,19227,455,1,26382,0.0009999999999976694
37075000,1914,13977,130923,2866,3597,127841,117,19230,479,1,26383,0.0009999999999976694
37076000,-491,2228,129406,4480,-7516,129448,106,19229,434,1,26384,0.0010000000000047748
37077000,6046,-1436,128158,-5778,-8983,125621,118,19216,483,0,26385,0.0009999999999976694
37078000,10633,-6270,127728,3298,-9682,129410,90,19216,369,0,26386,0.0009999999999976694
37079000,6495,-5380,129557,9693,-3747,133927,104,19229,369,0,26387,0.0010000000000047748
37080000,987,-6051,129652,-29601,-766,130519,129,19227,426,1,26388,0.0009999999999976694
37081000,-2100,10598,133296,6739,9851,124061,129,19224,528,1,26389,0.0009999999999976694
37082000,-8810,16041,131109,4131,4998,125824,111,19232,455,1,26390,0.0010000000000047748
37083000,-3152,-2250,130280,-19472,-11293,131922,97,19228,397,1,26391,0.0009999999999976694
37084000,-1430,-20185,129297,-7183,-23550,139091,146,19228,598,0,26392,0.0009999999999976694
37085000,6211,-824,130199,7443,4677,121746,109,19232,598,0,26393,0.0010000000000047748
37086000,-2447,9878,131361,-12996,1481,125487,114,19228,446,0,26394,0.0009999999999976694
37087000,-6645,11623,132179,-20486,6747,125745,114,19224,467,1,26395,0.0009999999999976694
37088000,-11069,214,130607,-7886,-14949,141651,133,19231,545,1,26396,0.0010000000000047748
37089000,-8959,3895,130409,-7116,17843,115785,112,19228,459,1,26397,0.0009999999999976694
37090000,-4784,17398,131933,-10193,6057,127194,111,19228,455,0,26398,0.0009999999999976694
37091000,-4805,-8924,123590,-7582,-12990,130911,120,19222,455,0,26399,0.0010000000000047748
37092000,676,-3540,126369,-4520,-6883,128276,106,19229,491,0,26400,0.0009999999999976694
37093000,-2985,-4702,127900,-5833,-5509,130927,106,19229,434,0,26401,0.0009999999999976694
37094000,-6858,24133,129727,-8665,20762,109877,125,19224,512,1,26402,0.0010000000000047748
37095000,-5624,12245,128398,-16430,-4834,137264,116,19229,475,1,26403,0.0009999999999976694
37096001,-3809,-4053,125940,-5276,1254,125902,103,19224,422,1,26404,0.00100100000000225
37097001,3091,9012,125794,4019,1609,120691,142,19224,422,0,26405,0.0009999999999976694
37098000,-2469,-3193,121910,-2753,1870,128499,115,19232,582,0,26406,0.0009990000000001942
37099002,3380,-1633,124227,-6860,-877,122479,115,19231,471,0,26407,0.0010019999999997253
37100000,-1284,1552,126680,1738,1643,130747,112,19223,459,1,26408,0.000998000000002719
37101000,-1437,17645,126245,-5443,14973,116228,155,19229,635,1,26409,0.0009999999999976694
37102000,-2774,9864,126142,-6172,1136,127549,111,19231,455,1,26410,0.0009999999999976694
37103000,5652,4653,125526,3967,-1255,122999,102,19231,455,0,26411,0.0010000000000047748
37104000,9184,1708,123270,7015,-3692,124018,89,19227,418,0,26412,0.0009999999999976694
37105000,9346,-4518,125271,2073,-10738,129075,89,19233,365,0,26413,0.0009999999999976694
37106000,7128,-2940,126366,12648,-8374,121439,111,19230,455,0,26414,0.0010000000000047748
37107000,569,8327,126244,-145,5135,124988,123,19221,504,1,26415,0.0009999999999976694
37108000,1724,16432,129815,-7334,15886,124964,115,19227,471,1,26416,0.0009999999999976694
37109000,7005,6090,126749,13052,2000,122939,98,19227,471,1,26417,0.0010000000000047748
37110001,10506,1591,124097,8812,1503,126322,125,19229,401,0,26418,0.0010009999999951447
37111001,12268,-485,128081,-97,-408,123679,125,19229,512,0,26419,0.0010000000000047748
37112002,9377,-16737,125025,20229,-20687,138116,98,19230,401,0,26420,0.0010009999999951447
37113000,6625,-5948,127956,-486,-6697,133127,105,19226,430,1,26421,0.000998000000002719
37114000,1714,14800,131060,-5344,13566,121862,141,19231,577,1,26422,0.0009999999999976694
37115000,670,15034,130784,7778,10648,122629,112,19231,577,1,26423,0.0009999999999976694
37116000,4621,8694,128531,-3265,2522,132274,100,19224,459,1,26424,0.0010000000000047748
37117000,9560,-7658,125820,-1000,-8896,130881,100,19225,410,0,26425,0.0009999999999976694
37118000,9767,-6104,128811,21730,-6435,127734,121,19232,496,0,26426,0.0009999999999976694
37119000,6410,-5961,128638,1575,-10520,132925,110,19228,451,0,26427,0.0010000000000047748
37120000,58,2508,133853,-16575,37,128254,117,19219,479,1,26428,0.0009999999999976694
37121003,-5256,1186,132761,-578,4191,132019,119,19219,487,1,26429,0.001003000000004306
37122002,-9861,5364,131081,-4267,2440,125043,100,19230,487,1,26430,0.0009989999999930887
37123000,-1823,4695,130062,-15863,-10657,131898,121,19230,410,1,26431,0.000998000000002719
37124001,812,-10996,127915,1762,-8176,130342,121,19227,496,0,26432,0.00100100000000225
37125000,5417,-625,129087,1480,5399,120848,98,19228,401,0,26433,0.0009990000000001942
37126000,-4639,1705,130205,-19949,-3505,132257,114,19227,467,0,26434,0.0009999999999976694
37127000,-7076,2301,130037,-8500,7792,126668,149,19227,610,1,26435,0.0009999999999976694
37128000,-8812,7959,131224,-14456,3291,128450,118,19230,610,1,26436,0.0010000000000047748
37129000,-7737,4597,132104,-9649,3666,124566,101,19230,483,1,26437,0.0009999999999976694
37130000,-3810,8595,127550,-6586,-3310,125336,101,19227,414,0,26438,0.0009999999999976694
37131000,-2858,-3867,126706,-3928,-6410,135382,166,19231,680,0,26439,0.0010000000000047748
37132000,-1876,-5322,126108,-3503,-7822,123123,104,19227,426,0,26440,0.0009999999999976694
37133000,-3149,680,126676,-15670,12144,125234,116,19227,475,1,26441,0.0009999999999976694
37134000,-4820,16169,131519,-4740,4912,126897,128,19221,475,1,26442,0.0010000000000047748
37135000,-9807,11019,124810,-6483,-114,123066,110,19227,524,1,26443,0.0009999999999976694
37136001,-5403,7019,129273,-17067,4796,130806,110,19227,451,1,26444,0.00100100000000225
37137000,-1165,-1262,125420,5574,-4550,122066,116,19226,475,0,26445,0.0009990000000001942
37138000,5208,3721,125804,4225,-1013,126174,93,19228,381,0,26446,0.0009999999999976694
37139000,43,-6210,123774,-10731,-8696,130306,111,19226,455,0,26447,0.0009999999999976694
37140000,-1049,3413,127021,-4160,10621,120777,137,19226,455,1,26448,0.0010000000000047748
37141000,335,17838,128879,1319,4439,125881,113,19220,561,1,26449,0.0009999999999976694
37142000,-1237,7740,122714,-6272,10809,120544,113,19232,463,1,26450,0.0009999999999976694
37143000,5897,4807,125763,5664,3355,132009,95,19232,389,0,26451,0.0010000000000047748
37144000,6098,-6365,120445,7819,-6285,117559,128,19231,524,0,26452,0.0009999999999976694
37145000,12034,2405,124305,5701,-5587,131181,113,19231,463,0,26453,0.0009999999999976694
37146000,3630,-11465,125759,5439,-12991,128905,115,19231,463,0,26454,0.0010000000000047748
37147002,4852,12728,128751,5047,4131,121170,133,19222,471,1,26455,0.0010019999999997253
37148000,298,7754,128867,-24,814,133071,133,19226,545,1,26456,0.0009979999999956135
37149000,5744,6949,128064,6936,2206,123437,109,19233,446,1,26457,0.0010000000000047748
37150000,10082,337,123981,3133,-3223,124636,104,19225,426,0,26458,0.0009999999999976694
37151000,6156,6911,127940,3927,2306,123784,99,19231,405,0,26459,0.0009999999999976694
37152000,8059,-19956,124877,18662,-17348,139093,104,19231,405,0,26460,0.0010000000000047748
37153000,5643,1309,128825,-7385,-1321,123563,121,19231,426,1,26461,0.0009999999999976694
37154000,3647,10273,129661,-7987,1140,132215,121,19221,496,1,26462,0.0009999999999976694
37155000,1092,8621,130131,13505,8408,123228,113,19228,463,1,26463,0.0010000000000047748
37156000,2613,11447,130236,-2172,3860,123576,103,19228,422,1,26464,0.0009999999999976694
37157000,10706,-15932,126587,-6928,-19914,140619,140,19227,573,0,26465,0.0009999999999976694
37158001,6869,-4760,129746,23448,-4950,122237,102,19227,573,0,26466,0.00100100000000225
37159000,6809,-1635,128117,4121,-9302,134301,105,19227,418,0,26467,0.0009990000000001942
37160000,-3791,3839,132556,-24357,6064,122257,105,19224,430,1,26468,0.0009999999999976694
37161000,-4872,10068,135652,556,3441,130325,158,19227,647,1,26469,0.0010000000000047748
37162000,-7290,-971,128845,8149,-4041,134756,109,19231,446,1,26470,0.0009999999999976694
37163000,-4586,-589,129387,-23408,-5981,122331,102,19224,418,0,26471,0.0009999999999976694
37164000,-1235,-6282,128983,-1974,-3940,123094,117,19224,418,0,26472,0.0010000000000047748
37165000,4450,-189,129247,7144,-4159,130631,109,19231,479,0,26473,0.0009999999999976694
37166000,-4431,-2951,132156,-15129,-8212,135031,109,19228,446,0,26474,0.0009999999999976694
37167000,-9577,6295,131715,-18454,2654,122746,127,19219,520,1,26475,0.0010000000000047748
37168000,-7709,7416,130528,-6531,5030,130890,114,19227,467,1,26476,0.0009999999999976694
37169000,-9018,7637,130970,-7580,2921,125552,103,19227,422,1,26477,0.0009999999999976694
37170002,-2783,8002,127859,-14870,-9597,126967,129,19227,528,0,26478,0.0010019999999997253
37171001,-4672,-6326,123035,-6424,-5965,131108,100,19219,528,0,26479,0.0009990000000001942
37172000,-535,6527,129289,-3939,3934,120195,106,19230,410,0,26480,0.0009990000000001942
37173000,-3470,6138,127306,-6058,2104,129501,106,19227,434,1,26481,0.0010000000000047748
37174000,-7632,5794,129200,-13473,1902,127521,148,19228,606,1,26482,0.0009999999999976694
37175000,-5697,3440,127444,-7689,-1517,129400,118,19233,483,1,26483,0.0009999999999976694
37176002,-1527,14323,125483,2015,16505,116075,101,19233,414,1,26484,0.0010019999999997253
37177000,1947,3112,125671,-5944,-7998,126180,110,19226,414,0,26485,0.000998000000002719
37178001,3593,-14911,123346,-4860,-13116,132395,111,19229,451,0,26486,0.00100100000000225
37179000,2799,4676,126410,-3092,8020,117237,111,19225,455,0,26487,0.0009989999999930887
37180000,-1992,11395,127263,1341,9190,126194,118,19219,483,1,26488,0.0010000000000047748
37181001,-5318,12901,125455,-8251,8354,123330,133,19230,545,1,26489,0.0010009999999951447
37182000,50,9542,123900,-6401,165,123878,101,19232,414,1,26490,0.0009990000000001942
37183000,8357,4454,123599,18876,5701,122657,117,19232,414,0,26491,0.0010000000000047748
37184000,12672,5949,125606,7603,-2792,121109,101,19227,479,0,26492,0.0009999999999976694
37185000,8231,-9475,124680,2104,-14428,131272,101,19228,414,0,26493,0.0009999999999976694
37186000,5010,-5299,126708,4334,-7403,130810,113,19225,463,0,26494,0.0010000000000047748
37187000,2868,614,127142,4784,701,127763,141,19228,577,1,26495,0.0009999999999976694
37188000,169,26117,130666,-425,17227,111331,114,19230,467,1,26496,0.0009999999999976694
37189000,7046,3337,125565,3057,-10518,134462,97,19230,467,1,26497,0.0010000000000047748
37190001,11004,-5336,126521,8308,-4954,125077,142,19225,397,0,26498,0.0010009999999951447
37191000,11550,2729,126955,13145,-5720,125215,142,19232,582,0,26499,0.0009990000000001942
37192011,6552,-12366,124912,7613,-11492,132194,106,19228,434,0,26500,0.0010110000000054242
37193002,3351,805,132283,-7129,-2669,127907,109,19223,446,1,26501,0.000990999999999076
37194000,-542,5307,130959,-676,3873,129263,114,19229,467,1,26502,0.0009979999999956135
37195000,922,15913,131549,2489,12243,121878,106,19229,467,1,26503,0.0010000000000047748
37196000,2836,1424,129060,787,-8991,130668,117,19228,434,1,26504,0.0009999999999976694
37197000,10990,-15483,124849,6844,-20337,128229,117,19217,479,0,26505,0.0009999999999976694
37198001,9957,-3245,129843,13236,-6819,134079,102,19230,418,0,26506,0.00100100000000225
37199000,2752,-8018,129329,-4660,-7893,128831,108,19232,442,0,26507,0.0009990000000001942
37200000,1382,21223,134621,-16850,16291,119431,129,19218,528,1,26508,0.0009999999999976694
37201003,-8600,3101,131755,6855,-6176,137002,114,19218,528,1,26509,0.001003000000004306
37202000,-7350,-5560,129734,-6478,-7098,130826,101,19230,467,1,26510,0.0009969999999981383
37203002,356,-8062,128028,-21241,-11225,129847,101,19231,414,0,26511,0.0010019999999997253
37204000,1528,2877,130336,4624,2538,125123,150,19236,614,0,26512,0.000998000000002719
37205000,4942,2926,129190,3423,2413,124197,108,19229,442,0,26513,0.0009999999999976694
37206000,-9762,-2152,131281,-20501,-4960,133202,109,19224,446,1,26514,0.0009999999999976694
37207000,-4577,-630,128440,-16083,-1274,132589,130,19224,446,1,26515,0.0010000000000047748
37208000,-12091,10734,131329,-1886,9109,126751,111,19233,532,1,26516,0.0009999999999976694
37209000,-2494,12870,129995,-13240,7847,121686,111,19232,455,1,26517,0.0009999999999976694
37210000,-3520,1003,128581,-8991,-4192,130131,110,19221,451,0,26518,0.0010000000000047748
37211000,-3861,-16028,124083,-4099,-14498,128749,131,19230,537,0,26519,0.0009999999999976694
37212000,1297,8303,127518,-3897,6668,114145,102,19233,418,0,26520,0.0009999999999976694
37213000,-7695,16322,128217,-8128,13326,130064,121,19233,496,1,26521,0.0010000000000047748
37214000,-4042,8086,130155,-9065,4243,126900,115,19222,496,1,26522,0.0009999999999976694
37215000,-9523,1103,127110,-9129,-2003,129988,102,19230,471,1,26523,0.0009999999999976694
37216000,1942,2521,125931,-6385,7622,119064,102,19228,418,0,26524,0.0010000000000047748
37217000,1545,9430,125963,8407,-2372,124802,138,19231,565,0,26525,0.0009999999999976694
37218000,1485,-5929,122410,-5179,-6899,128658,107,19229,438,0,26526,0.0009999999999976694
37219000,3157,3660,125077,-9381,2164,125652,110,19229,451,0,26527,0.0010000000000047748
37220000,-3489,9554,126793,-1166,11341,123178,163,19230,451,1,26528,0.0009999999999976694
37221000,-1603,18936,126640,-4552,9530,119582,110,19231,668,1,26529,0.0009999999999976694
37222000,1272,4413,125748,-1000,-6750,128201,110,19234,451,1,26530,0.0010000000000047748
37223000,9062,-5189,124543,9816,-4393,126858,97,19226,397,0,26531,0.0009999999999976694
37224000,8368,5518,122664,9714,-1026,118860,89,19231,365,0,26532,0.0009999999999976694
37225000,8143,-3309,124264,5870,-751,129896,113,19231,463,0,26533,0.0010000000000047748
37226000,2426,-3609,126083,282,-1235,125850,125,19228,463,1,26534,0.0009999999999976694
37227000,2875,2904,126172,-3612,8677,128094,112,19224,512,1,26535,0.0009999999999976694
37228000,4639,16128,129441,12909,4243,121056,112,19231,459,1,26536,0.0010000000000047748
37229000,7899,8807,125095,2439,-3977,123166,98,19230,401,1,26537,0.0009999999999976694
37230002,11562,-5207,126181,2395,-7790,131392,125,19223,512,0,26538,0.0010019999999997253
37231002,9598,-6674,128395,12913,-11477,131601,100,19229,410,0,26539,0.0009999999999976694
37232000,6379,-3023,128049,4947,-4789,126942,104,19229,410,0,26540,0.000998000000002719
37233000,-662,14440,131204,-8585,7553,122527,142,19228,426,1,26541,0.0009999999999976694
37234000,-324,2077,128321,1472,-2326,132377,142,19230,582,1,26542,0.0010000000000047748
37235000,3807,7572,132888,9299,-544,124422,113,19228,463,1,26543,0.0009999999999976694
37236001,7091,3485,127600,-6422,-4808,125507,101,19223,414,0,26544,0.00100100000000225
37237000,8318,-4662,131772,4441,-4445,128968,137,19229,561,0,26545,0.0009989999999930887
37238000,7613,-4340,129369,18192,-13181,132057,106,19229,561,0,26546,0.0010000000000047748
37239001,428,-14005,125787,-14942,-7865,135545,114,19232,434,0,26547,0.00100100000000225
37240000,-3018,11608,135087,-16187,6870,120887,114,19224,467,1,26548,0.0009989999999930887
37241000,-3403,12605,132304,9814,2754,128931,120,19232,491,1,26549,0.0010000000000047748
37242000,-3697,7001,131121,-11642,1061,132023,103,19229,422,1,26550,0.0009999999999976694
37243002,1581,-16992,127196,-15631,-18417,138032,118,19224,483,0,26551,0.0010019999999997253
37244001,-2046,-5187,128633,8027,-980,123459,98,19224,483,0,26552,0.0009990000000001942
37245000,184,7555,129610,-5394,5360,124980,113,19228,401,0,26553,0.0009990000000001942
37246001,-9871,1183,132561,-16260,-4572,135787,113,19228,463,1,26554,0.00100100000000225
37247000,-6339,-526,130352,-13142,-4905,127986,147,19227,602,1,26555,0.0009990000000001942
37248000,-9661,10092,129749,-14774,4132,126643,119,19227,487,1,26556,0.0009999999999976694
37249000,-4385,15560,132948,-3880,8715,121161,102,19226,418,1,26557,0.0009999999999976694
37250000,-4443,-4093,126385,-4808,-13945,131894,164,19226,418,0,26558,0.0010000000000047748
37251000,-4593,-12873,125510,-12568,-10463,134741,104,19230,672,0,26559,0.0009999999999976694
37252000,-3312,763,127460,-3934,348,120053,104,19233,426,0,26560,0.0009999999999976694
37253000,-1901,12170,128593,-2985,5590,126066,111,19228,455,1,26561,0.0010000000000047748
37254000,-9862,4111,126958,-7518,-906,127623,129,19224,528,1,26562,0.0009999999999976694
37255001,-8343,6589,127261,-16495,4063,124790,114,19230,467,1,26563,0.00100100000000225
37256000,764,9298,126532,-2750,5135,123446,117,19230,479,0,26564,0.0009990000000001942
37257000,-253,1327,123974,5789,-3600,125237,97,19220,479,0,26565,0.0009999999999976694
37258000,3090,-9397,122005,-3440,-7359,124388,110,19231,397,0,26566,0.0009999999999976694
37259000,-2455,1209,123313,-10211,-629,120512,110,19228,451,0,26567,0.0010000000000047748
37260000,2232,11850,127781,-5953,6451,131739,138,19219,565,1,26568,0.0009999999999976694
37261000,-3122,9941,126132,7797,6293,119494,121,19231,496,1,26569,0.0009999999999976694
37262000,1480,12748,125412,-4122,7604,125599,98,19231,401,1,26570,0.0010000000000047748
37263000,7376,3669,124743,-1433,-6544,122260,125,19227,401,0,26571,0.0009999999999976694
37264000,8031,-1210,123577,13347,-5724,127655,110,19234,512,0,26572,0.0009999999999976694
37265000,10345,-5585,125189,9064,-9248,130531,110,19228,451,0,26573,0.0010000000000047748
37266000,2641,3692,127458,1640,1504,121365,115,19223,471,1,26574,0.0009999999999976694
37267000,3567,7586,128016,5599,5584,127969,133,19231,545,1,26575,0.0009999999999976694
37268000,986,4884,127383,1324,11061,123068,109,19231,446,1,26576,0.0010000000000047748
37269000,10649,1802,125625,2446,-1276,130837,106,19235,446,1,26577,0.0009999999999976694
37270000,10718,302,124056,12772,5600,116472,96,19219,434,0,26578,0.0009999999999976694
37271003,9385,-4004,126553,12027,-15562,134249,96,19230,393,0,26579,0.001003000000004306
37272000,7080,-21050,126304,-56,-9677,133042,103,19226,422,0,26580,0.0009969999999981383
37273000,2750,8226,132675,-4020,8864,126066,121,19226,496,1,26581,0.0009999999999976694
37274004,-76,8081,130349,5475,5470,126540,113,19229,463,1,26582,0.0010040000000017812
37275006,698,22654,130533,-2101,7063,118816,100,19229,463,1,26583,0.0010019999999997253
37276001,5277,-3919,127175,-2699,-22126,140183,139,19228,410,0,26584,0.0009950000000031878
37277000,10362,-19360,125985,21493,-5213,127198,139,19232,569,0,26585,0.0009990000000001942
37278000,6146,2090,130646,1478,-617,129431,103,19228,422,0,26586,0.0009999999999976694
37279000,2451,-705,129583,-20459,4854,124404,108,19228,442,0,26587,0.0009999999999976694
37280000,701,10753,133881,3282,762,135010,147,19228,602,1,26588,0.0010000000000047748
37281000,-7273,-9630,130236,-531,-15414,138444,110,19228,602,1,26589,0.0009999999999976694
37282003,-6982,15079,129275,-21497,12018,112803,100,19232,451,1,26590,0.0010029999999972006
37283000,85,-2216,131599,-5447,-16723,140954,100,19225,410,0,26591,0.0009970000000052437
37284000,3671,-9467,128955,14101,-6384,126538,118,19231,483,0,26592,0.0009999999999976694
37285000,-2208,11754,129728,-14930,6971,122204,109,19231,446,0,26593,0.0009999999999976694
37286000,-7891,510,131162,-20268,-2158,132747,122,19219,500,1,26594,0.0010000000000047748
37287000,-7694,6713,131839,-2277,3938,122692,112,19219,500,1,26595,0.0009999999999976694
37288000,-8347,120,130483,-6823,-5109,136990,102,19231,459,1,26596,0.0009999999999976694
37289000,-4795,11676,130030,-12330,12920,112809,102,19233,418,1,26597,0.0010000000000047748
37290000,-3724,5286,128073,-10164,-6624,131308,128,19223,524,0,26598,0.0009999999999976694
37291000,-555,-10541,124750,235,-11466,131322,99,19232,405,0,26599,0.0009999999999976694
37292001,-2307,2063,127079,-9695,-422,125327,104,19227,426,0,26600,0.00100100000000225
37293001,-4719,2459,128380,-10312,231,128313,147,19227,426,1,26601,0.0009999999999976694
37294000,-7491,24190,128077,-8756,15360,114093,115,19231,602,1,26602,0.0009990000000001942
37295000,-5199,-391,126733,-7659,-10515,138000,115,19226,471,1,26603,0.0010000000000047748
37296001,-650,9667,126662,2413,4733,115856,104,19225,426,0,26604,0.0010009999999951447
37297000,-535,3941,123594,-7401,-953,125220,113,19229,463,0,26605,0.0009990000000001942
37298000,362,552,126356,-2523,501,124536,110,19228,451,0,26606,0.0010000000000047748
37299001,4383,4891,126624,-2307,-95,123721,116,19228,475,0,26607,0.0010009999999951447
37300000,-3993,-1463,125015,1962,-4820,132697,125,19226,475,1,26608,0.0009990000000001942
37301001,-3662,14183,126023,-8629,14247,116230,101,19228,512,1,26609,0.00100100000000225
37302000,5527,12655,125371,-3976,7504,125022,101,19232,414,1,26610,0.0009990000000001942
37303000,9939,10425,125223,18591,3434,121034,118,19227,483,0,26611,0.0009999999999976694
37304000,12556,-14115,120820,4283,-23090,130762,102,19231,418,0,26612,0.0009999999999976694
37305000,4941,-8720,128003,1172,-9152,116266,113,19231,463,0,26613,0.0010000000000047748
37306000,5628,10214,127394,8030,4953,130116,142,19224,463,1,26614,0.0009999999999976694
37307000,-290,5016,128888,3113,4379,123541,113,19223,582,1,26615,0.0009999999999976694
37308000,2564,13831,127285,-2597,11179,126048,113,19232,463,1,26616,0.0010000000000047748
37309003,8171,83,123872,3971,-795,125417,97,19225,397,0,26617,0.0010029999999972006
37310002,11868,6167,127196,11785,-6022,124066,150,19231,614,0,26618,0.0009990000000001942
37311000,11943,-10163,127246,12685,-14509,136069,111,19231,455,0,26619,0.000998000000002719
37312000,4077,-12596,126620,1077,-3032,126623,111,19229,455,0,26620,0.0009999999999976694
37313000,4512,6500,130855,-5484,10212,129008,117,19226,455,1,26621,0.0009999999999976694
37314000,-505,18455,131168,4375,12993,123568,117,19229,479,1,26622,0.0010000000000047748
37315000,-204,9756,130421,-9893,-11956,129676,106,19231,434,1,26623,0.0009999999999976694
37316000,8745,-9478,127543,6984,-17918,132212,115,19220,471,0,26624,0.0009999999999976694
37317000,9205,-11902,128466,15417,-3156,128749,88,19220,360,0,26625,0.0010000000000047748
37318000,7808,-1016,129381,3838,-1711,127988,103,19231,360,0,26626,0.0009999999999976694
37319000,-132,2922,130680,-25353,996,128027,128,19228,422,1,26627,0.0009999999999976694
37320000,-2779,11077,133295,2263,7935,130061,128,19221,524,1,26628,0.0010000000000047748
37321000,-9049,4112,130856,1221,-5883,129198,112,19231,459,1,26629,0.0009999999999976694
37322000,-4736,1513,129570,-15765,-8481,128678,97,19228,397,1,26630,0.0009999999999976694
37323000,476,-7950,127886,-9395,-13983,132778,146,19230,598,0,26631,0.0010000000000047748
37324000,6275,2310,129439,5340,6702,122802,117,19230,598,0,26632,0.0009999999999976694
37325000,-1233,718,129890,-9097,3283,128852,117,19228,479,0,26633,0.0009999999999976694
37326000,-6601,7225,130778,-21552,4451,127441,117,19220,479,1,26634,0.0010000000000047748
37327002,-10408,-940,128073,-4222,-766,135700,134,19227,549,1,26635,0.0010019999999997253
37328002,-6628,8132,129798,-8189,10197,118856,111,19235,455,1,26636,0.0009999999999976694
37329000,-3987,14038,131867,-8766,1774,126807,108,19221,442,0,26637,0.000998000000002719
37330000,-2471,-6142,124672,-9733,-11974,131144,119,19221,442,0,26638,0.0009999999999976694
37331000,-13,-5976,127290,-2623,-3085,129900,103,19232,487,0,26639,0.0009999999999976694
37332000,-2235,4147,127814,-9610,11980,122581,103,19227,422,0,26640,0.0010000000000047748
37333000,-4394,12859,127248,-9962,10008,123018,121,19222,496,1,26641,0.0009999999999976694
37334000,-9193,3488,128819,-13493,-5032,132936,114,19226,467,1,26642,0.0009999999999976694
37335000,-1678,6367,125453,-5675,3533,122388,101,19235,414,1,26643,0.0010000000000047748
37336000,-1080,7101,128734,3701,-1864,127501,140,19235,414,0,26644,0.0009999999999976694
37337000,1175,-7506,124105,-2588,-11673,127691,107,19233,573,0,26645,0.0009999999999976694
37338000,-1399,968,125970,-8040,2348,123372,107,19230,438,0,26646,0.0010000000000047748
37339000,-2422,8504,126839,-1386,6853,124687,111,19230,455,1,26647,0.0009999999999976694
37340000,-3176,14052,125236,-1532,10188,119671,153,19227,627,1,26648,0.0009999999999976694
37341000,-2822,5850,126649,-5476,2764,129243,108,19233,442,1,26649,0.0010000000000047748
37342002,7975,4204,121969,99,3135,119612,98,19233,442,0,26650,0.0010019999999997253
37343000,8600,6463,126761,11822,1236,128212,93,19232,401,0,26651,0.0009979999999956135
37344000,12590,-7042,122513,5610,-12921,123190,93,19228,381,0,26652,0.0010000000000047748
37345000,6290,-5973,126236,5137,-7145,133554,121,19227,496,0,26653,0.0009999999999976694
37346000,695,-1745,126170,-1445,-1563,125067,128,19223,524,1,26654,0.0009999999999976694
37347000,6768,20385,128835,3434,15479,117689,111,19229,455,1,26655,0.0010000000000047748
37348000,4666,2665,125466,10313,-4578,133763,99,19229,405,1,26656,0.0009999999999976694
37349000,10313,-2681,126371,-1541,-3992,121868,129,19230,405,0,26657,0.0009999999999976694
37350002,8194,8639,128449,6004,5356,126254,101,19225,528,0,26658,0.0010019999999997253
37351002,7822,-10156,126035,18178,-14294,131969,101,19230,414,0,26659,0.0010000000000047748
37352000,4383,-7922,128364,-5339,-7041,133086,102,19229,418,1,26660,0.0009979999999956135
37353000,2281,8007,131161,-5730,5042,119868,134,19227,549,1,26661,0.0010000000000047748
37354001,2672,17573,129001,7573,14165,125043,112,19227,459,1,26662,0.0010009999999951447
37355000,2084,4450,130559,-953,-1275,131541,104,19232,459,1,26663,0.0009990000000001942
37356002,10894,-16590,125473,-1602,-15978,131888,127,19224,426,0,26664,0.0010019999999997253
37357001,6578,-6633,130469,15735,-241,126668,127,19233,520,0,26665,0.0009990000000001942
37358000,5143,-1370,130312,6510,-4047,127003,104,19232,426,0,26666,0.0009990000000001942
37359000,1146,1703,131374,-13020,529,126979,113,19220,463,1,26667,0.0010000000000047748
37360000,-6146,8039,131090,-8094,65,132949,120,19220,491,1,26668,0.0009999999999976694
37361000,-6255,7455,131492,-2349,-997,125214,103,19227,491,1,26669,0.0009999999999976694
37362000,-462,-556,129259,-17571,-9919,130710,120,19230,422,0,26670,0.0009999999999976694
37363000,-564,-10484,129888,-3319,-14938,135902,120,19225,491,0,26671,0.0010000000000047748
37364000,7851,3808,128275,5808,10940,118765,98,19231,401,0,26672,0.0009999999999976694
37365000,-9056,4027,130456,-21214,1033,132110,107,19229,438,0,26673,0.0009999999999976694
37366000,-4264,-1145,131196,-7551,3465,128229,147,19228,602,1,26674,0.0010000000000047748
37367000,-11035,5142,129975,-8313,2226,132139,117,19228,602,1,26675,0.0009999999999976694
37368000,-6948,7591,130065,-14092,6432,125392,102,19232,479,1,26676,0.0009999999999976694
37369001,-2844,12624,130154,-3196,-4255,127227,102,19224,418,0,26677,0.00100100000000225
37370001,-4738,-9591,123954,-9049,-8637,130663,165,19228,676,0,26678,0.0009999999999976694
37371000,-1112,461,127048,-3332,871,124702,111,19232,455,0,26679,0.0009990000000001942
37372000,-4846,5156,127824,-9579,5487,123412,115,19221,471,1,26680,0.0010000000000047748
37373000,-2596,15041,127663,-9086,10504,123504,121,19221,471,1,26681,0.0009999999999976694
37374000,-10379,4494,127497,-10556,518,129105,110,19225,496,1,26682,0.0009999999999976694
37375000,-1197,5345,126181,-13428,630,124510,110,19229,451,1,26683,0.0010000000000047748
37376000,2646,10531,126358,7987,266,123873,117,19222,479,0,26684,0.0009999999999976694
37377000,780,-11966,124665,-5296,-13160,128515,95,19229,389,0,26685,0.0009999999999976694
37378002,3328,-2621,126246,-6414,-4797,129523,107,19229,438,0,26686,0.0010019999999997253
37379002,-4405,14355,126670,2177,15426,116386,135,19229,438,1,26687,0.0010000000000047748
37380000,-2584,20279,127732,-3725,12187,123521,115,19226,553,1,26688,0.0009979999999956135
37381000,-1759,-2773,124721,-2616,-5910,129641,115,19228,471,1,26689,0.0010000000000047748
37382000,5558,5770,124847,3984,1740,122553,96,19226,393,0,26690,0.0009999999999976694
37383000,8850,6780,124254,10221,1897,122619,117,19232,479,0,26691,0.0009999999999976694
37384000,6926,88,125620,7087,-6013,124001,109,19229,446,0,26692,0.0010000000000047748
37385000,7481,-10509,123785,-4724,-9655,133572,113,19229,446,0,26693,0.0009999999999976694
37386000,3652,168,126874,7391,3940,122991,124,19225,463,1,26694,0.0009999999999976694
37387000,3453,8222,129291,2219,-301,126236,124,19228,508,1,26695,0.0010000000000047748
37388000,6262,14338,124406,-2664,4374,121635,109,19231,446,1,26696,0.0009999999999976694
37389001,7705,-2425,125978,8555,-10765,130659,111,19224,455,0,26697,0.00100100000000225
37390001,12288,-7049,126289,9255,-8031,130093,89,19233,365,0,26698,0.0009999999999976694
37391000,5374,-1378,127721,12414,-3379,123700,102,19233,418,0,26699,0.0009990000000001942
37392000,3702,4797,130268,-8239,1805,129040,121,19224,418,1,26700,0.0009999999999976694
37393000,1404,2881,128949,128,-2379,129652,114,19221,496,1,26701,0.0010000000000047748
37394001,126,403,129698,7572,2760,126952,114,19225,467,1,26702,0.0010009999999951447
37395000,5059,2072,127975,-5574,2026,123283,101,19224,414,1,26703,0.0009990000000001942
37396000,7409,-7898,128628,4540,-15803,131941,148,19224,606,0,26704,0.0010000000000047748
37397002,11177,-7156,128321,17077,-9600,131752,103,19224,422,0,26705,0.0010019999999997253
37398002,505,-8725,129640,-2878,-11958,132582,104,19233,422,0,26706,0.0009999999999976694
37399000,-183,3961,133985,-15265,7294,118658,143,19222,426,1,26707,0.000998000000002719
37400000,-5184,13194,133324,-1594,4378,135035,143,19226,586,1,26708,0.0009999999999976694
37401000,-8852,-4625,128818,3987,-8744,132045,110,19233,451,1,26709,0.0009999999999976694
37402000,27,-6175,128487,-20598,-8837,127939,103,19221,422,0,26710,0.0010000000000047748
37403000,-3815,-574,129381,-2325,3885,127319,100,19221,410,0,26711,0.0009999999999976694
37404000,4099,2742,130813,6817,2262,125971,109,19231,410,0,26712,0.0009999999999976694
37405000,-6023,-4605,129251,-16569,-7558,141400,124,19227,446,0,26713,0.0010000000000047748
37406002,-9014,-1228,129513,-13048,10276,121789,124,19220,508,1,26714,0.0010019999999997253
37407000,-7274,14373,130881,-4658,5013,128994,116,19230,475,1,26715,0.0009979999999956135
37408000,-5400,4086,129127,-9377,3054,126227,104,19228,426,1,26716,0.0010000000000047748
37409000,-1604,2854,128130,-10821,-8075,130095,137,19222,561,0,26717,0.0009999999999976694
37410000,-4881,-7711,124890,-4132,-9003,129736,99,19222,561,0,26718,0.0009999999999976694
37411000,-1035,10277,127139,-9598,17796,113829,105,19229,405,0,26719,0.0010000000000047748
37412001,-4924,5420,129278,-5582,-4522,135056,105,19227,430,1,26720,0.0010009999999951447
37413000,-7932,4913,126918,-7367,351,123735,145,19230,594,1,26721,0.0009990000000001942
37414000,-6372,4294,128112,-13989,2844,130085,115,19229,471,1,26722,0.0010000000000047748
37415001,-1973,6811,128627,3336,7500,119437,104,19222,426,0,26723,0.0010009999999951447
37416000,3397,10497,125088,-2250,-7917,122808,106,19222,426,0,26724,0.0009990000000001942
37417000,2621,-6055,123029,-7436,-12689,131504,106,19232,434,0,26725,0.0010000000000047748
37418000,748,1697,125673,-5334,7194,120596,106,19230,434,0,26726,0.0009999999999976694
37419001,-60,11795,126928,853,8798,124541,120,19221,491,1,26727,0.00100100000000225
37420000,-4272,14184,126859,-2070,12405,123122,120,19228,491,1,26728,0.0009990000000001942
37421000,3197,3770,123808,-4310,-7160,128118,98,19233,401,1,26729,0.0009999999999976694
37422000,6392,9586,123767,11962,-7664,116940,119,19233,401,0,26730,0.0009999999999976694
37423000,8633,14376,125750,7775,2124,122136,104,19230,487,0,26731,0.0010000000000047748
37424000,12198,-9264,125882,5601,-10832,128528,104,19226,426,0,26732,0.0009999999999976694
37425000,3303,-4480,128935,4145,-9326,132676,116,19227,475,1,26733,0.0009999999999976694
37426000,2825,-197,125852,-5908,2072,125617,149,19228,610,1,26734,0.0009999999999976694
37427000,3507,15311,127894,9723,15188,119825,112,19230,459,1,26735,0.0010000000000047748
37428000,7674,10668,126758,8480,3504,126632,95,19230,459,1,26736,0.0009999999999976694
37429000,12971,3489,124212,-6233,-2065,122275,124,19226,389,0,26737,0.0009999999999976694
37430000,12748,-5210,128513,18534,-15018,134506,124,19233,508,0,26738,0.0010000000000047748
37431002,7531,-11307,126761,12082,-18604,127996,106,19230,434,0,26739,0.0010019999999997253
37432000,2054,6287,130109,-11247,5940,125266,112,19219,459,1,26740,0.0009979999999956135
37433000,-424,12860,133607,-1467,11083,129384,113,19229,463,1,26741,0.0010000000000047748
37434000,2409,8083,128479,7319,2711,123706,101,19229,463,1,26742,0.0009999999999976694
37435000,3786,6424,130961,-732,-611,125611,115,19228,414,0,26743,0.0009999999999976694
37436003,9529,-13366,125939,5230,-17841,130778,94,19226,471,0,26744,0.001003000000004306
37437002,8696,-8829,129440,18860,-9329,135666,94,19232,385,0,26745,0.0009990000000001942
37438000,4678,-4255,129452,-17561,-5912,126309,108,19225,442,0,26746,0.0009979999999956135
37439000,-353,11712,134277,-14934,13744,125343,136,19221,557,1,26747,0.0010000000000047748
37440000,-9102,10261,133342,10503,4111,130010,111,19221,455,1,26748,0.0009999999999976694
37441000,-7310,-7826,127335,-14059,-16351,134475,95,19229,455,1,26749,0.0009999999999976694
37442000,-392,-14308,128257,-19186,-15845,136207,145,19229,389,0,26750,0.0010000000000047748
37443000,1938,6196,132407,9827,3901,121913,145,19231,594,0,26751,0.0009999999999976694
37444000,1134,4330,129334,146,584,125258,114,19227,467,0,26752,0.0009999999999976694
37445000,-9743,5212,132956,-20122,998,128282,119,19220,487,1,26753,0.0010000000000047748
37446000,-7222,-5199,127981,-16198,-6702,137355,132,19220,541,1,26754,0.0009999999999976694
37447000,-10334,11432,129953,-2068,11385,113733,108,19234,541,1,26755,0.0009999999999976694
37448000,-4802,17166,130629,-14422,13124,130347,110,19230,442,1,26756,0.0010000000000047748
37449000,-2215,-6973,125763,-9202,-10501,126680,110,19218,451,0,26757,0.0009999999999976694
37450000,-2927,-13834,126108,34,-8939,134250,115,19232,471,0,26758,0.0009999999999976694
37451000,1165,1388,128757,-8393,6397,120690,106,19229,434,0,26759,0.0010000000000047748
37452000,-7297,14358,128162,-3981,18415,115137,128,19223,524,1,26760,0.0009999999999976694
37453000,-8369,9618,130646,-13988,-4499,136698,116,19223,524,1,26761,0.0009999999999976694
37454000,-7580,1634,125762,-15416,-1048,122516,104,19228,475,1,26762,0.0010000000000047748
37455000,490,9049,126299,3645,3501,125690,104,19228,426,0,26763,0.0009999999999976694
37456000,-858,1225,124895,-5473,-5561,121766,146,19236,598,0,26764,0.0009999999999976694
37457000,1980,-1324,122276,-9410,-2514,124131,114,19229,467,0,26765,0.0010000000000047748
37458001,3316,268,127408,4315,10902,134782,116,19224,475,0,26766,0.0010009999999951447
37459000,-2777,5466,122703,-4147,14872,113958,155,19224,475,1,26767,0.0009990000000001942
37460000,-1493,12902,127185,-4925,9796,129823,112,19229,635,1,26768,0.0010000000000047748
37461003,595,4568,122676,3315,-4962,122129,112,19232,459,1,26769,0.0010029999999972006
37462000,10491,3296,124973,10321,-6130,129785,104,19224,426,0,26770,0.0009969999999981383
37463001,7112,-777,125711,2020,-11141,124443,85,19230,348,0,26771,0.00100100000000225
37464000,7212,2500,126096,7733,2571,119935,111,19229,455,0,26772,0.0009990000000001942
37465001,3542,-4237,126549,6678,-7723,135326,122,19229,455,1,26773,0.00100100000000225
37466002,-450,8182,127973,-11380,13390,116653,113,19223,500,1,26774,0.0010009999999951447
37467000,5315,15622,126043,13662,8797,127572,113,19233,463,1,26775,0.000998000000002719
37468000,7739,8282,125806,9111,6062,119486,99,19229,405,1,26776,0.0009999999999976694
37469000,13242,-3351,126123,-5298,-18118,131627,132,19229,541,0,26777,0.0010000000000047748
37470000,13529,-7120,128408,18643,-15086,131344,101,19228,414,0,26778,0.0009999999999976694
37471000,6196,-8216,126918,-1355,-3030,128218,105,19228,414,0,26779,0.0009999999999976694
37472000,792,4786,132341,-3219,5400,131683,137,19224,430,1,26780,0.0010000000000047748
37473000,-1939,19673,128681,7360,11221,116407,137,19229,561,1,26781,0.0009999999999976694
37474000,2444,5002,127745,-4596,-1042,133118,111,19229,455,1,26782,0.0009999999999976694
37475000,6255,-3460,130653,5,-6453,127478,101,19225,414,0,26783,0.0010000000000047748
37476001,13033,-2984,125860,11397,-7005,126967,124,19232,508,0,26784,0.0010009999999951447
37477000,5899,1877,130290,14330,-1527,130927,103,19232,508,0,26785,0.0009990000000001942
37478000,-538,-8919,129757,-19510,-10319,130211,119,19228,422,0,26786,0.0010000000000047748
37479000,1370,8300,132595,-12156,8174,130087,119,19221,487,1,26787,0.0009999999999976694
37480000,-7584,8076,132773,9682,3701,128314,115,19230,471,1,26788,0.0009999999999976694
37481000,-4271,-2800,131422,-13707,-7574,127936,99,19229,405,1,26789,0.0010000000000047748
37482000,2514,66,129310,-18337,-12244,130781,123,19223,504,0,26790,0.0009999999999976694
37483000,-1643,-8591,127683,8381,-9779,132194,107,19223,438,0,26791,0.0009999999999976694
37484000,343,6789,131294,-2117,7597,126575,113,19226,438,0,26792,0.0010000000000047748
37485000,-9658,5185,131134,-20621,-282,126820,152,19226,463,1,26793,0.0009999999999976694
37486000,-8675,2663,131304,-11392,1808,133908,152,19228,623,1,26794,0.0009999999999976694
37487001,-7642,212,129547,-5251,-5585,129918,117,19232,479,1,26795,0.00100100000000225
37488000,-3693,10118,129808,-6234,6266,117312,101,19226,414,1,26796,0.0009990000000001942
37489003,-4160,-12,127677,-9087,-6551,131712,163,19226,668,0,26797,0.0010029999999972006
37490000,-3624,-8394,125809,-8017,-9656,130424,103,19229,668,0,26798,0.0009969999999981383
37491000,-1635,3736,127627,-6297,177,128719,110,19233,422,0,26799,0.0010000000000047748
37492001,-7483,7913,127198,-9509,5362,115645,110,19226,451,1,26800,0.0010009999999951447
37493000,-5213,11816,129684,-11148,8782,129875,120,19230,491,1,26801,0.0009990000000001942
37494000,-7636,-1774,125587,-3073,-8993,124416,109,19233,446,1,26802,0.0010000000000047748
37495000,3919,4701,123963,-8009,2964,124882,118,19233,483,0,26803,0.0009999999999976694
37496000,-963,2716,125607,1392,413,123577,96,19226,483,0,26804,0.0009999999999976694
37497000,-947,2858,124284,3234,-1875,125615,107,19224,393,0,26805,0.0010000000000047748
37498000,2546,-1783,126234,-14274,-7152,132556,107,19227,438,0,26806,0.0009999999999976694
37499000,-3557,6131,126738,3474,17291,121016,136,19224,557,1,26807,0.0009999999999976694
37500000,3011,16779,126987,444,9982,123096,113,19230,463,1,26808,0.0010000000000047748
37501000,1328,5927,123031,-3053,1184,120258,97,19231,397,1,26809,0.0009999999999976694
37502000,9422,-162,122434,1920,649,129485,112,19231,397,0,26810,0.0009999999999976694
37503000,11150,-8580,123463,11888,-5273,124354,112,19232,459,0,26811,0.0010000000000047748
37504000,4393,1577,126165,4832,-4353,126157,112,19228,459,0,26812,0.0009999999999976694
37505001,4504,-2877,126330,-5610,5904,125160,115,19224,471,1,26813,0.00100100000000225
37506000,1859,6456,129007,6433,12695,122963,123,19234,504,1,26814,0.0009990000000001942
37507000,6765,2279,127383,11598,-6305,133741,107,19232,438,1,26815,0.0009999999999976694
37508000,4493,1046,124154,-2498,1902,117578,112,19232,438,0,26816,0.0009999999999976694
37509002,10763,9289,129574,1843,-770,126287,87,19220,459,0,26817,0.0010019999999997253
37510000,11603,-6755,125757,23556,-15580,131107,87,19232,356,0,26818,0.000998000000002719
37511000,4707,-10842,126675,-4795,-2002,133958,102,19226,418,0,26819,0.0009999999999976694
37512000,2962,1648,129862,-9192,6311,128496,123,19227,504,1,26820,0.0010000000000047748
37513000,1642,16642,129146,13210,11934,120616,112,19227,459,1,26821,0.0009999999999976694
37514000,4213,10295,128689,-2212,3359,127626,101,19227,459,1,26822,0.0009999999999976694
37515001,4966,-3973,129433,-7375,-16992,132982,150,19225,414,0,26823,0.00100100000000225
37516000,9911,-16681,127039,24476,-20266,133421,150,19226,614,0,26824,0.0009990000000001942
37517000,2614,5330,130369,3033,1526,125334,113,19230,463,0,26825,0.0009999999999976694
37518001,779,5743,132192,-26908,4753,122050,109,19229,446,1,26826,0.00100100000000225
37519000,501,14295,134255,-2937,7560,129922,144,19229,590,1,26827,0.0009990000000001942
37520000,-5987,-2901,130974,8296,-7008,135813,108,19229,590,1,26828,0.0009999999999976694
37521000,-6520,-5703,128441,-15457,-5830,124740,108,19233,442,1,26829,0.0010000000000047748
37522000,87,-4740,130211,-14635,-9260,129489,108,19216,442,0,26830,0.0009999999999976694
37523000,3918,1798,129728,10489,-2572,127158,101,19229,414,0,26831,0.0009999999999976694
37524000,-3164,5750,131583,-8828,2843,125927,110,19227,451,0,26832,0.0010000000000047748
37525000,-8138,2764,131573,-23648,-1656,130738,124,19224,508,1,26833,0.0009999999999976694
37526000,-9257,3187,130262,-5550,-1282,131525,113,19224,463,1,26834,0.0009999999999976694
37527002,-8387,8969,130102,-4322,6033,125896,101,19231,463,1,26835,0.0010019999999997253
37528000,-1343,8817,130223,-7670,1394,126656,101,19230,414,0,26836,0.000998000000002719
37529000,-4891,2437,126683,-10962,-1887,126215,134,19230,549,0,26837,0.0009999999999976694
37530000,-148,-1517,125852,-1227,-3778,128161,98,19230,401,0,26838,0.0010000000000047748
37531000,-950,787,126441,-11469,1528,128280,104,19225,426,0,26839,0.0009999999999976694
37532000,-5798,12056,128934,-12340,8126,120927,146,19225,598,1,26840,0.0009999999999976694
37533000,-4823,7663,126691,-6482,108,127826,115,19224,598,1,26841,0.0010000000000047748
37534000,-3745,-151,128049,-10421,-5361,129068,103,19228,471,1,26842,0.0009999999999976694
37535000,-627,5183,125810,-1214,-1184,120048,103,19224,422,0,26843,0.0009999999999976694
37536000,52,87,124908,-2442,-4356,128606,96,19227,393,0,26844,0.0010000000000047748
37537000,-593,-2181,124240,-4792,-3873,124127,109,19228,446,0,26845,0.0009999999999976694
37538000,-972,8244,127833,-2788,6654,123807,119,19228,487,1,26846,0.0009999999999976694
37539000,-3344,17118,126130,-3438,14945,117261,119,19226,487,1,26847,0.0010000000000047748
37540000,-4149,3948,123290,-3512,4014,133216,97,19230,487,1,26848,0.0009999999999976694
37541000,9413,25,123745,-4535,-4724,116774,97,19232,397,0,26849,0.0009999999999976694
37542000,11463,6884,122085,18108,3512,120604,119,19230,487,0,26850,0.0010000000000047748
37543000,9781,-496,125517,8572,-5388,130821,106,19226,434,0,26851,0.0009999999999976694
37544000,7386,-11665,124991,-5876,-5984,128087,114,19228,467,0,26852,0.0009999999999976694
37545000,2288,3096,128512,8416,4819,129210,146,19228,467,1,26853,0.0010000000000047748
37546000,1204,10076,128759,1095,18494,113687,110,19227,598,1,26854,0.0009999999999976694
37547000,4449,10779,127411,457,-2744,128988,110,19233,451,1,26855,0.0009999999999976694
37548000,7783,2040,125568,5629,-12960,125389,96,19225,393,0,26856,0.0010000000000047748
37549000,11894,927,125734,12643,-4880,131296,130,19232,532,0,26857,0.0009999999999976694
37550000,8027,-5475,130551,11144,-10340,127308,106,19228,434,0,26858,0.0009999999999976694
37551001,2568,-4342,129648,-8191,-4156,127213,113,19228,434,0,26859,0.00100100000000225
37552000,642,523,131819,1801,5135,138839,107,19223,463,1,26860,0.0009990000000001942
37553000,1801,11961,128799,8267,10254,119390,107,19230,438,1,26861,0.0009999999999976694
37554000,2026,8762,127805,-7326,2862,128640,103,19229,422,1,26862,0.0009999999999976694
37555000,8215,-7812,128281,2865,-18041,129606,121,19224,496,0,26863,0.0010000000000047748
37556000,12884,-15673,127288,24385,-18804,139377,94,19234,385,0,26864,0.0009999999999976694
37557000,1653,776,130173,-2231,-5181,121512,108,19234,385,0,26865,0.0009999999999976694
37558000,1332,15304,130944,-31987,21289,117658,137,19229,442,1,26866,0.0010000000000047748
37559001,-3895,9165,134370,12534,4052,133893,137,19222,561,1,26867,0.0010009999999951447
37560000,-4056,-229,129268,608,-7083,130037,113,19231,463,1,26868,0.0009990000000001942
37561000,-1759,-9602,126783,-23809,-15562,134316,96,19225,393,0,26869,0.0010000000000047748
37562000,-1188,-4891,129595,-1230,-2478,123290,146,19233,598,0,26870,0.0009999999999976694
37563000,8609,11598,131421,4585,6357,126341,110,19233,598,0,26871,0.0009999999999976694
37564000,-6733,-2091,131269,-13638,-7438,133526,118,19228,451,0,26872,0.0010000000000047748
37565000,-6995,1871,131019,-23429,3688,129533,118,19223,483,1,26873,0.0009999999999976694
37566000,-11480,2435,129180,-3480,8680,131257,134,19227,549,1,26874,0.0009999999999976694
37567000,-5597,19033,130147,-6435,15606,116058,109,19230,446,1,26875,0.0010000000000047748
37568000,-861,803,128428,-12183,-8219,137316,113,19218,463,0,26876,0.0009999999999976694
37569000,-5543,-11311,125771,-7207,-11996,126798,117,19218,463,0,26877,0.0009999999999976694
37570000,1789,5626,126999,-6794,4769,124092,105,19234,479,0,26878,0.0010000000000047748
37571000,-4450,10004,129752,-2282,6787,124660,105,19234,430,1,26879,0.0009999999999976694
37572000,-5211,8427,127350,-11324,4676,126257,129,19219,528,1,26880,0.0009999999999976694
37573000,-8523,1644,125909,-18560,-1328,131915,117,19231,479,1,26881,0.0010000000000047748
37574000,-1217,12929,126975,-1106,14850,116370,103,19234,422,1,26882,0.0009999999999976694
37575000,1862,795,125501,4974,-3308,128595,147,19234,602,0,26883,0.0009999999999976694
37576000,1339,-7073,124044,-5701,-12436,124626,105,19232,602,0,26884,0.0010000000000047748
37577000,2000,3073,123809,-11693,2236,126839,111,19231,430,0,26885,0.0009999999999976694
37578000,-2148,13916,127865,7248,11534,122181,111,19224,455,1,26886,0.0009999999999976694
37579000,-2696,15760,126832,-623,10674,118078,157,19224,643,1,26887,0.0010000000000047748
37580001,-2347,-683,125180,-13199,-4148,133375,109,19234,446,1,26888,0.0010009999999951447
37581000,6193,7077,124643,5820,744,119714,103,19234,422,0,26889,0.0009990000000001942
37582000,10432,11127,124871,15395,3294,119534,81,19222,422,0,26890,0.0010000000000047748
37583000,7228,-3704,125278,202,-3602,128238,117,19230,332,0,26891,0.0009999999999976694
37584018,5869,-11681,124717,-628,-13127,131264,117,19227,479,0,26892,0.0010180000000019618
37585005,2416,-1805,124875,10611,-387,127264,126,19227,516,1,26893,0.0009869999999949641
37586003,5104,18224,128760,-5128,14719,122661,115,19234,471,1,26894,0.000998000000002719
37587001,6178,723,124840,8291,-237,122154,99,19235,405,1,26895,0.000998000000002719
37588000,13302,638,125643,7624,-5994,125106,132,19235,405,0,26896,0.0009990000000001942
37589001,11962,-11503,125888,1496,-15611,135952,102,19227,541,0,26897,0.0010009999999951447
37590000,4412,-6268,129369,21905,-9963,127724,102,19230,418,0,26898,0.0009990000000001942
37591001,2294,507,129399,-9224,1697,130501,108,19227,442,1,26899,0.00100100000000225
37592000,-629,10465,132756,-7958,10797,120085,140,19234,573,1,26900,0.0009990000000001942
37593000,-402,12624,128860,13222,4253,128265,112,19231,459,1,26901,0.0009999999999976694
37594000,5774,421,127151,-4729,-7865,127955,103,19231,459,1,26902,0.0010000000000047748
37595000,9722,-5517,126944,8949,-9587,125540,126,19226,422,0,26903,0.0009999999999976694
37596000,12611,-7430,129803,10050,-2903,132209,126,19234,516,0,26904,0.0009999999999976694
37597000,3147,-6840,129794,-8954,-5860,128142,108,19225,442,0,26905,0.0010000000000047748
37598000,330,603,132545,-15342,-1345,134908,116,19224,475,1,26906,0.0009999999999976694
37599000,-6245,6839,131691,10150,12890,119180,114,19231,467,1,26907,0.0009999999999976694
37600000,-9183,8499,132078,-11976,416,127458,100,19231,467,1,26908,0.0010000000000047748
37601000,3291,-14522,129181,-16860,-17129,141157,124,19233,410,0,26909,0.0009999999999976694
37602000,-58,-8423,127558,12986,-4404,125089,124,19224,508,0,26910,0.0009999999999976694
37603000,2043,6750,130825,-7277,9008,124385,102,19229,418,0,26911,0.0010000000000047748
37604000,-7223,6319,130730,-19379,763,128527,112,19225,459,0,26912,0.0009999999999976694
37605000,-6983,-5325,130447,-7273,-857,139518,144,19228,590,1,26913,0.0009999999999976694
37606000,-8004,4282,129665,-9521,4458,126724,114,19228,590,1,26914,0.0010000000000047748
37607000,-7067,10086,128845,-11344,11660,121375,100,19234,467,1,26915,0.0009999999999976694
37608002,-2036,5121,129868,-7853,-5200,128339,100,19224,410,0,26916,0.0010019999999997253
37609000,-3361,-10926,125215,-3960,-14488,134000,170,19233,696,0,26917,0.000998000000002719
37610000,-2199,-6439,126891,-5351,-11746,130982,106,19230,434,0,26918,0.0009999999999976694
37611000,-6757,21199,128743,-12518,21456,106681,112,19224,459,1,26919,0.0009999999999976694
37612000,-5400,16046,128415,-5978,3979,133617,121,19224,459,1,26920,0.0009999999999976694
37613000,-9284,-6230,127351,-6930,-4112,127928,108,19228,496,1,26921,0.0010000000000047748
37614000,-2754,12147,126051,-15041,9078,117709,108,19230,442,1,26922,0.0009999999999976694
37615001,2250,1799,125032,6374,-3076,128147,120,19224,491,0,26923,0.00100100000000225
37616000,4478,284,125327,2306,-5568,123467,98,19227,401,0,26924,0.0009990000000001942
37617000,3683,-9639,124669,-10204,-11882,140456,112,19228,459,0,26925,0.0009999999999976694
37618000,-3408,11710,126339,-2678,13284,112894,133,19228,545,1,26926,0.0009999999999976694
37619000,-880,14659,127749,-388,7075,127681,113,19223,545,1,26927,0.0010000000000047748
37620000,1308,10238,125074,911,3785,120071,97,19231,463,1,26928,0.0009999999999976694
37621000,6133,5286,123254,1941,-3520,128158,97,19228,397,0,26929,0.0009999999999976694
37622000,7418,-4771,122816,8017,-8300,127265,124,19228,508,0,26930,0.0010000000000047748
37623000,7965,10473,125997,9843,6326,114373,111,19225,455,0,26931,0.0009999999999976694
37624000,5466,-6562,125760,1273,-10800,137091,115,19225,471,0,26932,0.0009999999999976694
37625000,2628,2321,128487,-710,3232,123517,125,19223,471,1,26933,0.0010000000000047748
37626000,4266,11978,128043,1187,10046,124587,106,19230,512,1,26934,0.0009999999999976694
37627001,7008,7951,126139,6143,3123,122811,106,19232,434,1,26935,0.00100100000000225
37628001,11453,-3062,126043,6820,-7475,124589,108,19220,442,0,26936,0.0009999999999976694
37629000,10551,-7529,127516,8886,-15135,131642,97,19227,397,0,26937,0.0009990000000001942
37630003,6105,-8327,126273,10266,-10593,130725,109,19227,446,0,26938,0.0010029999999972006
37631000,3592,7653,132203,-1343,5920,124682,126,19229,446,1,26939,0.0009970000000052437
37632000,-934,8393,130090,-2145,3771,128794,113,19228,516,1,26940,0.0009999999999976694
37633003,74,3977,129451,1479,1029,127790,113,19232,463,1,26941,0.0010029999999972006
37634000,5382,-3092,130055,2854,-7959,129042,102,19229,418,1,26942,0.0009970000000052437
37635000,9519,-3305,127809,2196,-7812,123471,147,19224,602,0,26943,0.0009999999999976694
37636001,11354,-6035,128946,16100,-9071,135951,105,19229,430,0,26944,0.00100100000000225
37637001,-844,-11004,129062,1843,-13916,131261,105,19229,430,0,26945,0.0009999999999976694
37638000,-1027,9393,130866,-26510,12123,120172,142,19224,430,1,26946,0.0009990000000001942
37639000,-5887,13195,133525,-1611,2799,133451,142,19229,582,1,26947,0.0009999999999976694
37640000,-5616,-917,128912,7938,-6127,126893,106,19233,434,1,26948,0.0010000000000047748
37641003,-2105,-10144,127557,-20487,-14180,134359,104,19223,426,0,26949,0.0010029999999972006
37642002,-394,-5973,128800,7774,-4035,125454,102,19229,418,0,26950,0.0009990000000001942
37643000,2100,8269,131592,4034,7531,126162,110,19229,418,0,26951,0.000998000000002719
37644000,-8693,5600,131314,-27750,-2733,129820,124,19229,451,1,26952,0.0009999999999976694
37645000,-7901,2076,130670,-12971,-289,131117,124,19223,508,1,26953,0.0009999999999976694
37646000,-9742,-26,129581,-6608,3454,135651,110,19230,451,1,26954,0.0010000000000047748
37647000,-1688,10824,130114,-5964,16105,112082,100,19232,410,1,26955,0.0009999999999976694
37648000,-4236,4602,127901,-9048,-10465,134124,132,19220,541,0,26956,0.0009999999999976694
37649000,-4195,-12673,124886,-8958,-9039,130102,113,19220,541,0,26957,0.0010000000000047748
37650000,-2689,6383,127878,-2826,5884,121904,109,19226,463,0,26958,0.0009999999999976694
37651000,-5585,7683,128432,-8770,1584,128164,109,19229,446,1,26959,0.0009999999999976694
37652000,-8995,8698,129007,-8149,15514,117390,146,19224,598,1,26960,0.0010000000000047748
37653000,-7397,2308,129677,-14117,-8291,136929,113,19230,463,1,26961,0.0009999999999976694
37654000,2884,2202,125035,7734,3400,120046,103,19227,422,0,26962,0.0009999999999976694
37655000,-2584,7870,125115,-1988,-1030,125761,111,19227,422,0,26963,0.0010000000000047748
37656000,1850,-2120,121915,-13269,-320,122731,106,19227,455,0,26964,0.0009999999999976694
37657000,2567,8464,125330,274,2826,124781,106,19229,434,0,26965,0.0009999999999976694
37658001,-308,834,127376,4493,-1554,136025,115,19219,471,1,26966,0.00100100000000225
37659000,-1884,14366,123048,-7861,18082,109653,119,19227,487,1,26967,0.0009990000000001942
37660000,1575,13578,127519,-3638,3259,133216,98,19233,401,1,26968,0.0009999999999976694
37661001,11564,1822,122330,13591,-1375,119351,121,19233,496,0,26969,0.00100100000000225
37662000,9074,-215,123686,8080,-11619,129616,118,19226,496,0,26970,0.0009990000000001942
37663000,6223,-9315,126188,2128,-9678,126276,118,19223,483,0,26971,0.0009999999999976694
37664000,4925,9986,128082,4370,4825,116152,117,19226,479,1,26972,0.0010000000000047748
37665000,2556,5946,130193,179,947,136026,148,19232,606,1,26973,0.0009999999999976694
37666001,4288,15779,127476,3644,14465,117378,116,19230,475,1,26974,0.00100100000000225
37667000,7193,4663,126308,4149,-22,127252,101,19230,414,1,26975,0.0009990000000001942
37668001,10880,4839,126454,6772,3086,119102,129,19225,414,0,26976,0.0010009999999951447
37669000,11503,-12472,124986,11015,-20402,135305,100,19233,528,0,26977,0.0009990000000001942
37670000,9739,-11098,129485,8201,-10327,132568,100,19232,410,0,26978,0.0010000000000047748
37671000,3166,12060,129457,-6160,10136,120382,106,19226,434,1,26979,0.0009999999999976694
37672000,297,16604,133789,2257,12921,130098,110,19225,451,1,26980,0.0009999999999976694
37673000,-389,1917,128294,8028,-5466,126366,106,19225,434,1,26981,0.0010000000000047748
37674003,5043,-5129,126846,-6349,-11119,136791,117,19232,434,0,26982,0.0010029999999972006
37675000,11027,-2751,128758,5553,-6285,123645,92,19217,479,0,26983,0.0009969999999981383
37676000,9416,7514,131141,21959,-783,121301,92,19231,377,0,26984,0.0009999999999976694
37677000,4935,-1063,131320,-19636,-3451,134080,102,19228,418,0,26985,0.0010000000000047748
37678000,-3168,5537,133590,-12805,2533,127816,134,19224,549,1,26986,0.0009999999999976694
37679001,-7574,148,130242,12209,-2881,131535,115,19229,471,1,26987,0.00100100000000225
37680000,-6892,2067,129448,-17119,-1353,131914,98,19229,471,1,26988,0.0009990000000001942
37681001,95,-10815,129913,-13605,-13894,135392,143,19225,401,0,26989,0.0010009999999951447
37682000,2641,847,129994,6539,-2307,117751,143,19232,586,0,26990,0.0009990000000001942
37683000,-290,4758,129376,-5305,1448,129483,105,19230,430,0,26991,0.0010000000000047748
37684002,-8368,7599,132189,-14190,4117,128273,112,19220,459,1,26992,0.0010019999999997253
37685000,-7568,-2536,127889,-11412,-4180,135951,136,19229,557,1,26993,0.0009979999999956135
37686000,-8588,10395,129802,-8302,14129,119092,111,19229,557,1,26994,0.0010000000000047748
37687000,-4630,8251,129343,-12994,-226,125926,112,19230,455,1,26995,0.0009999999999976694
37688002,1019,-2938,126702,-5514,-7573,129479,112,19217,459,0,26996,0.0010019999999997253
37689002,-2745,-4061,126411,-5792,-6038,130081,114,19231,467,0,26997,0.0009999999999976694
37690000,-1348,-2051,126107,-13033,10188,122271,102,19228,418,0,26998,0.000998000000002719
37691000,-5847,15508,130272,-6082,17808,121784,130,19224,532,1,26999,0.0009999999999976694
37692000,-8494,894,126388,-14416,-6547,133791,118,19224,532,1,27000,0.0010000000000047748
37693000,-6898,2717,126599,-398,9141,122760,103,19229,483,1,27001,0.0009999999999976694
37694000,-2606,2436,126910,-3384,-555,125405,103,19227,422,0,27002,0.0009999999999976694
37695002,656,-3194,125063,168,-974,125229,138,19232,565,0,27003,0.0010019999999997253
37696000,-40,4601,125739,-494,1227,127233,109,19230,446,0,27004,0.000998000000002719
37697000,-304,3835,124231,-7512,7557,122779,111,19224,455,0,27005,0.0009999999999976694
37698000,-2013,13368,126150,-1346,9664,123244,158,19224,455,1,27006,0.0010000000000047748
37699000,-2711,362,125062,-5976,5092,128325,108,19226,647,1,27007,0.0009999999999976694
37700000,7817,4261,124363,3934,8514,124335,108,19232,442,1,27008,0.0009999999999976694
37701000,8444,418,123802,5410,-1030,125049,102,19221,418,0,27009,0.0010000000000047748
37702000,11793,552,122581,7281,-5375,124158,82,19224,336,0,27010,0.0009999999999976694
37703000,2169,-4560,124197,7253,-9538,129479,112,19227,459,0,27011,0.0009999999999976694
37704000,3936,950,126690,-6051,-3665,125278,126,19227,459,1,27012,0.0010000000000047748
37705000,2543,21191,129710,10489,17396,118590,114,19224,516,1,27013,0.0009999999999976694
37706000,2396,2896,126587,-1121,35,129497,114,19227,467,1,27014,0.0009999999999976694
37707000,11428,-5914,126207,8621,-9687,128584,98,19226,401,1,27015,0.0010000000000047748
37708000,9623,4092,126059,9561,5873,119055,135,19226,553,0,27016,0.0009999999999976694
37709000,10665,-1363,126754,1952,-4067,134193,100,19229,410,0,27017,0.0009999999999976694
37710000,4691,-10415,126855,5592,-6252,131537,103,19229,422,0,27018,0.0010000000000047748
37711000,4999,-2462,129255,-5240,-2307,134165,135,19228,422,1,27019,0.0009999999999976694
37712000,1964,14448,128802,6049,11964,116415,112,19237,553,1,27020,0.0009999999999976694
37713000,1679,11427,131848,3155,4155,129381,112,19230,459,1,27021,0.0010000000000047748
37714000,9803,-9231,126258,-3638,-16466,134312,104,19222,426,0,27022,0.0009999999999976694
37715000,4862,-8044,128240,10106,-10039,127269,128,19235,524,0,27023,0.0009999999999976694
37716000,5577,-2432,131508,9344,-11782,134119,102,19235,418,0,27024,0.0010000000000047748
37717000,-228,11495,130077,-14466,11277,117532,116,19229,418,0,27025,0.0009999999999976694
37718000,133,2833,134701,-9421,-1987,142047,109,19220,475,1,27026,0.0009999999999976694
37719000,-6211,-6279,128309,6975,-3386,127103,109,19228,446,1,27027,0.0010000000000047748
37720000,-3909,11542,131935,-15398,6797,122367,101,19229,414,1,27028,0.0009999999999976694
37721000,-1362,-4380,127893,-8676,-9822,132968,126,19225,516,0,27029,0.0009999999999976694
37722001,3242,-3287,129258,5323,-9614,126784,110,19225,451,0,27030,0.00100100000000225
37723000,-2675,801,131318,-5804,-3440,135151,114,19225,451,0,27031,0.0009990000000001942
37724001,-7712,4748,131153,-16569,3088,123583,152,19225,467,1,27032,0.00100100000000225
37725000,-8093,10232,133657,-11695,5911,128248,152,19229,623,1,27033,0.0009990000000001942
37726000,-9477,2182,129090,-8064,-1276,127478,118,19230,483,1,27034,0.0009999999999976694
37727000,-3649,2488,128834,-8870,341,130361,102,19228,418,1,27035,0.0009999999999976694
37728000,-6470,-5490,126775,-6036,-9295,122851,155,19226,635,0,27036,0.0010000000000047748
37729000,-208,8270,126791,-10195,4817,127461,101,19226,635,0,27037,0.0009999999999976694
37730000,-1705,-3919,126799,-3304,-8023,128267,110,19228,414,0,27038,0.0009999999999976694
37731000,-3659,11512,128357,-8747,15481,118897,110,19223,451,1,27039,0.0010000000000047748
37732000,-5655,12118,126896,-10431,-1288,130355,116,19226,475,1,27040,0.0009999999999976694
37733000,-8300,4399,124985,-5942,11726,119622,110,19228,451,1,27041,0.0009999999999976694
37734000,2674,8431,126612,-11400,-2265,132905,119,19229,487,0,27042,0.0010000000000047748
37735000,-2006,-8417,123165,4000,-4785,123737,96,19229,487,0,27043,0.0009999999999976694
37736000,3768,1077,124919,-11279,-4034,129307,108,19229,393,0,27044,0.0009999999999976694
37737000,-3110,-31,126766,1305,898,124833,108,19227,442,1,27045,0.0009999999999976694
37738003,-982,18228,128282,-3161,14916,120810,138,19223,565,1,27046,0.001003000000004306
37739001,-1105,6539,126702,-2678,-2049,130117,112,19228,459,1,27047,0.000998000000002719
37740001,1338,5526,124176,-3404,14471,115483,96,19231,393,1,27048,0.0009999999999976694
37741001,11919,2740,123320,8311,-8063,128010,115,19231,393,0,27049,0.0009999999999976694
37742000,7692,-7632,122397,18249,-6250,126966,113,19232,471,0,27050,0.0009990000000001942
37743001,9758,425,126632,-7166,-5841,128335,113,19226,463,0,27051,0.00100100000000225
37744000,3263,-4938,125426,1945,3458,123348,116,19223,475,1,27052,0.0009990000000001942
37745000,3726,19912,130690,12627,15902,122535,119,19232,487,1,27053,0.0009999999999976694
37746000,4778,834,125526,3913,-10441,131308,105,19232,430,1,27054,0.0009999999999976694
37747000,4896,-1397,124358,687,-1610,123795,109,19232,430,0,27055,0.0010000000000047748
37748000,13782,5356,127999,10286,-3579,127948,90,19220,446,0,27056,0.0009999999999976694
37749000,8864,-3736,125763,17814,-7226,125108,90,19232,369,0,27057,0.0009999999999976694
37750000,4893,-4156,129245,-7023,-9865,132414,104,19229,426,0,27058,0.0010000000000047748
37751000,3007,2865,130782,-4002,-1297,130429,125,19224,512,1,27059,0.0009999999999976694
37752000,234,23459,131433,8147,18575,122223,113,19228,463,1,27060,0.0009999999999976694
37753000,2390,1952,127344,-3087,-169,124804,97,19228,397,1,27061,0.0010000000000047748
37754000,7173,-10455,129277,-3617,-18744,136478,153,19229,397,0,27062,0.0009999999999976694
37755000,9129,-12370,127745,24592,-15093,127318,106,19228,627,0,27063,0.0009999999999976694
37756000,4986,-195,129575,2253,-5159,132453,106,19229,434,0,27064,0.0010000000000047748
37757000,-2182,6381,133296,-20629,7020,120431,108,19226,442,1,27065,0.0009999999999976694
37758000,-2740,12103,132739,-3719,5629,128242,139,19229,569,1,27066,0.0009999999999976694
37759000,-8060,-3352,131104,8539,-7139,135945,106,19229,434,1,27067,0.0010000000000047748
37760000,-4037,-4166,129248,-16398,-11005,127892,103,19230,434,1,27068,0.0009999999999976694
37761000,647,-1712,128759,-13640,-1466,129326,94,19225,422,0,27069,0.0009999999999976694
37762000,4563,5998,128987,9612,1098,123344,94,19230,385,0,27070,0.0010000000000047748
37763000,-1038,4574,130110,-5881,2517,126456,113,19226,463,0,27071,0.0009999999999976694
37764000,-8879,345,132506,-25667,-4149,135263,129,19223,528,1,27072,0.0009999999999976694
37765000,-6716,8026,130285,-7160,8167,127969,115,19223,471,1,27073,0.0010000000000047748
37766000,-9136,12426,131795,-6427,8317,128739,101,19226,471,1,27074,0.0009999999999976694
37767001,-372,6950,127716,-9451,2406,121869,139,19229,414,0,27075,0.00100100000000225
37768000,-3861,-8026,126189,-11265,-12246,136772,139,19223,569,0,27076,0.0009990000000001942
37769002,-2137,-4579,126136,-490,-4958,123518,103,19230,422,0,27077,0.0010019999999997253
37770000,-604,23281,129026,-11016,17251,116687,108,19228,442,0,27078,0.0009979999999956135
37771000,-5936,6352,128139,-9517,2758,130564,142,19226,582,1,27079,0.0010000000000047748
37772002,-6421,5741,128012,-4039,3341,131153,115,19226,582,1,27080,0.0010019999999997253
37773000,-2631,2573,125563,-16679,1798,131213,105,19228,471,1,27081,0.0009979999999956135
37774004,848,7920,124720,2453,6148,124213,105,19225,430,0,27082,0.0010040000000017812
37775002,3116,-5576,123052,2918,-8209,136394,102,19231,418,0,27083,0.000998000000002719
37776000,2761,-2074,123796,-6730,-4413,117542,112,19226,459,0,27084,0.0009979999999956135
37777000,-1970,7917,127112,-1572,5363,127337,121,19219,496,1,27085,0.0010000000000047748
37778001,-2188,15114,129801,-5441,15509,119568,112,19219,496,1,27086,0.0010009999999951447
37779000,-2614,7748,124105,419,-4878,132079,100,19229,459,1,27087,0.0009990000000001942
37780003,4392,-881,123945,1700,1670,123590,100,19230,410,0,27088,0.001003000000004306
37781000,8149,7731,123337,-1410,-402,115253,123,19229,504,0,27089,0.0009969999999981383
37782000,10670,7893,126125,16189,-11456,129950,107,19226,438,0,27090,0.0009999999999976694
37783000,6987,-8408,124027,-3320,-14855,131891,116,19223,475,0,27091,0.0010000000000047748
37784000,1586,-3835,128719,-3669,6349,126809,151,19223,475,1,27092,0.0009999999999976694
37785000,4385,17897,130346,5595,16301,118321,112,19232,618,1,27093,0.0009999999999976694
37786000,5333,7698,125172,5409,-1953,125287,112,19229,459,1,27094,0.0010000000000047748
37787000,10944,1026,125608,4644,1287,129789,97,19227,397,0,27095,0.0009999999999976694
37788000,8615,-8775,123175,6197,-13324,124214,131,19233,537,0,27096,0.0009999999999976694
37789000,10706,-5166,128185,20022,-4132,130482,107,19229,438,0,27097,0.0010000000000047748
37790000,3433,3045,131414,-7552,-4622,128665,113,19229,438,1,27098,0.0009999999999976694
37791000,1396,5345,128760,-8036,2431,125331,108,19223,463,1,27099,0.0009999999999976694
37792000,1887,16294,132196,9689,11454,127760,108,19230,442,1,27100,0.0010000000000047748
37793000,1637,-1848,128837,-5130,1792,123213,103,19233,422,1,27101,0.0009999999999976694
37794000,12100,-7063,128089,2308,-10694,128885,120,19219,491,0,27102,0.0009999999999976694
37795000,10565,-8678,131196,18727,-15465,136412,94,19231,385,0,27103,0.0010000000000047748
37796000,4101,-12115,126377,1248,-5676,130123,105,19231,385,0,27104,0.0009999999999976694
37797000,-2789,13601,134509,-28358,15993,120661,137,19224,430,1,27105,0.0009999999999976694
37798000,-5460,4545,132376,-421,-3556,133546,137,19220,561,1,27106,0.0010000000000047748
37799000,-6240,15406,132315,8508,7921,124297,111,19234,455,1,27107,0.0009999999999976694
37800000,-3510,-12188,125802,-28926,-14817,134463,97,19228,397,0,27108,0.0009999999999976694
37801000,2964,-9265,131852,4772,-5123,129485,149,19228,610,0,27109,0.0009999999999976694
37802000,3910,8179,130292,8934,3416,122216,110,19228,451,0,27110,0.0010000000000047748
37803000,-5246,-1324,130544,-20894,-3813,134189,117,19230,451,0,27111,0.0009999999999976694
37804000,-8009,-688,131175,-18674,-2195,130763,134,19221,479,1,27112,0.0009999999999976694
37805002,-9830,3203,129282,-10308,7082,130468,134,19231,549,1,27113,0.0010020000000068308
37806002,-5426,16909,131000,-4432,14581,119393,108,19232,442,1,27114,0.0009999999999976694
37807001,-4615,934,128022,-10325,-8666,128219,111,19218,455,0,27115,0.0009990000000001942
37808000,-3014,-10058,123934,-11227,-12693,134619,118,19218,483,0,27116,0.0009990000000001942
37809000,952,-1751,127472,167,-4686,123157,104,19232,483,0,27117,0.0009999999999976694
37810000,-3925,10358,129502,-4698,6242,127977,130,19228,426,1,27118,0.0009999999999976694
37811000,-6011,20526,126832,-11282,17472,116772,130,19224,532,1,27119,0.0010000000000047748
37812000,-10520,2130,128212,-19030,-1869,133393,117,19228,479,1,27120,0.0009999999999976694
37813000,3733,-1342,125708,2648,-2450,128497,104,19228,426,1,27121,0.0009999999999976694
37814000,1660,8739,126449,8687,5545,118463,142,19228,582,0,27122,0.0010000000000047748
37815002,335,275,124783,-10999,-3249,126158,117,19229,582,0,27123,0.0010019999999997253
37816000,2764,-1639,124231,-8530,-5373,127835,113,19232,479,0,27124,0.0009979999999956135
37817000,-678,5724,125948,2147,5259,131262,113,19225,463,1,27125,0.0010000000000047748
37818000,-1680,14278,126087,-904,11718,114336,149,19232,610,1,27126,0.0009999999999976694
37819000,-1914,10977,126387,-4310,6312,123831,110,19232,451,1,27127,0.0009999999999976694
37820000,9419,-2102,122894,1312,-8520,128703,105,19223,430,0,27128,0.0010000000000047748
37821000,10036,-755,125610,10570,-4427,124068,82,19223,430,0,27129,0.0009999999999976694
37822000,7122,-6864,126867,9876,-9904,122136,107,19231,336,0,27130,0.0009999999999976694
37823000,4473,2973,125841,-4138,-1594,129948,107,19230,438,0,27131,0.0010000000000047748
37824000,1453,-2363,125842,6717,-6106,130575,122,19225,500,1,27132,0.0009999999999976694
37825000,4699,12147,128581,2987,13547,118623,115,19231,471,1,27133,0.0009999999999976694
37826000,6411,17279,125212,2029,5637,119869,102,19232,418,1,27134,0.0010000000000047748
37827001,12379,3034,125747,9377,-1800,127748,136,19232,418,0,27135,0.0010009999999951447
37828000,12013,-12154,124717,3191,-20180,135816,97,19227,557,0,27136,0.0009990000000001942
37829000,7622,-13746,127735,18280,-11542,128192,97,19230,397,0,27137,0.0010000000000047748
37830000,2818,5398,130982,-12511,3759,126085,101,19227,414,1,27138,0.0009999999999976694
37831000,93,11191,133137,3062,6583,125143,133,19230,545,1,27139,0.0009999999999976694
37832000,1199,10776,130898,7315,5286,126232,116,19231,475,1,27140,0.0010000000000047748
37833001,3108,1753,128001,-7278,-8850,128985,104,19231,475,1,27141,0.0010009999999951447
37834000,10896,-11910,126721,9781,-6422,124297,125,19226,426,0,27142,0.0009990000000001942
37835001,10535,-790,131108,15538,-2027,130619,125,19229,512,0,27143,0.00100100000000225
37836000,3077,-12047,125499,-17932,-3979,132150,102,19233,418,0,27144,0.0009990000000001942
37837000,4142,8731,135707,-5931,6708,127066,116,19222,475,1,27145,0.0009999999999976694
37838000,-8614,341,130873,10447,-4830,134146,108,19227,442,1,27146,0.0010000000000047748
37839000,-8453,2058,130487,-20530,5028,123143,100,19227,442,1,27147,0.0009999999999976694
37840000,162,-2754,130219,-9622,-10988,138312,126,19228,410,0,27148,0.0009999999999976694
37841002,1257,-12165,126623,12927,-7611,128909,126,19225,516,0,27149,0.0010019999999997253
37842000,1946,10958,131032,-7053,5627,121365,99,19228,405,0,27150,0.000998000000002719
37843000,-9779,2317,130891,-19456,-583,133913,108,19227,442,0,27151,0.0009999999999976694
37844000,-4505,2178,130957,-6372,3158,130066,151,19229,618,1,27152,0.0010000000000047748
37845000,-10305,957,128930,-5968,-4543,135239,117,19229,479,1,27153,0.0009999999999976694
37846000,-6039,15694,129163,-21225,19475,114934,104,19230,479,1,27154,0.0009999999999976694
37847000,-2030,6359,128070,-5494,-2304,124362,154,19227,426,0,27155,0.0010000000000047748
37848000,-2465,-11877,126726,1890,-15540,138884,154,19235,631,0,27156,0.0009999999999976694
37849000,908,-1877,126717,-11100,-2340,123537,104,19229,426,0,27157,0.0009999999999976694
37850000,-9527,5617,129165,-9363,4236,126086,111,19223,455,1,27158,0.0010000000000047748
37851000,-6374,15195,128358,-12688,9601,118466,117,19223,479,1,27159,0.0009999999999976694
37852000,-6642,6006,128172,-6086,1875,132030,106,19229,479,1,27160,0.0009999999999976694
37853000,-3755,-1552,124772,2263,-4079,127337,121,19228,434,0,27161,0.0010000000000047748
37854000,-2676,8604,124054,-9356,4879,115156,121,19223,496,0,27162,0.0009999999999976694
37855000,2925,6886,125241,-7502,3312,127227,98,19228,401,0,27163,0.0009999999999976694
37856000,6166,-1262,125986,8190,-4868,127753,108,19228,442,0,27164,0.0010000000000047748
37857000,-2682,-897,124705,1159,-4264,129506,140,19228,573,1,27165,0.0009999999999976694
37858000,-5332,14014,128058,-21174,15587,122515,112,19225,573,1,27166,0.0009999999999976694
37859000,5644,13613,124965,6756,12015,120604,95,19230,459,1,27167,0.0010000000000047748
37860000,7024,2187,123918,13925,-1908,130289,95,19226,389,0,27168,0.0009999999999976694
37861000,8275,-2186,121406,-5428,-6405,121615,106,19231,434,0,27169,0.0009999999999976694
37862000,6316,-2915,125145,5434,-10454,126681,113,19226,463,0,27170,0.0009999999999976694
37863000,6231,5390,130303,14309,-437,121516,117,19223,479,1,27171,0.0010000000000047748
37864000,1634,14015,128427,-645,10456,124982,122,19223,479,1,27172,0.0009999999999976694
37865002,1077,2897,130067,-8833,-1300,128224,105,19228,500,1,27173,0.0010019999999997253
37866000,7634,8558,127062,13949,5528,120883,105,19231,430,1,27174,0.000998000000002719
37867002,9965,-195,125907,3467,-4338,124301,109,19220,446,0,27175,0.0010019999999997253
37868000,8572,-696,127884,8350,-3601,132662,89,19230,365,0,27176,0.0009979999999956135
37869003,7067,-14690,126001,7118,-17683,135128,105,19227,430,0,27177,0.001003000000004306
37870000,6341,4829,130087,-149,520,118154,125,19227,430,1,27178,0.0009969999999981383
37871000,-570,11378,131159,2362,7563,131618,113,19222,512,1,27179,0.0009999999999976694
37872000,-1021,9100,131304,-3983,-3126,124040,113,19229,463,1,27180,0.0010000000000047748
37873000,4498,1087,128077,768,-14558,133985,97,19230,397,0,27181,0.0009999999999976694
37874000,10149,-11963,127335,4860,-7661,128970,153,19230,627,0,27182,0.0009999999999976694
37875000,8640,2792,130348,13979,-4226,124784,115,19226,471,0,27183,0.0010000000000047748
37876000,2128,-4736,126472,-17749,-11167,133741,111,19226,471,0,27184,0.0009999999999976694
37877003,730,12779,133345,-13347,12091,121848,141,19224,455,1,27185,0.0010029999999972006
37878002,-4576,6658,132637,4480,-2805,136216,141,19226,577,1,27186,0.0009990000000001942
37879002,-3707,98,130809,-7022,-3486,124722,107,19235,438,1,27187,0.0010000000000047748
37880000,-3292,-9496,127107,-16565,-16402,131923,105,19221,430,0,27188,0.0009979999999956135
37881000,-503,-408,130188,4294,2550,127303,95,19232,389,0,27189,0.0010000000000047748
37882001,1520,8340,130296,2331,2356,121948,112,19232,389,0,27190,0.0010009999999951447
37883000,-6929,2834,132803,-21592,-1597,134093,129,19229,459,1,27191,0.0009990000000001942
37884000,-9602,4572,131573,-15036,102,127059,129,19222,528,1,27192,0.0010000000000047748
37885000,-8922,3536,129992,-3883,45,133187,115,19231,471,1,27193,0.0009999999999976694
37886000,-3106,10429,131048,-6382,6811,122471,101,19227,414,1,27194,0.0009999999999976694
37887000,-5328,-4451,125618,-11508,-1968,127336,137,19224,561,0,27195,0.0010000000000047748
37888000,-1744,-2318,125492,-8192,144,126765,104,19224,426,0,27196,0.0009999999999976694
37889000,-800,3952,127161,-7,270,125778,110,19233,426,0,27197,0.0009999999999976694
37890000,-2567,5151,126864,-8175,9652,127364,144,19225,451,1,27198,0.0010000000000047748
37891000,-8522,9713,127669,-15559,6240,122674,144,19224,590,1,27199,0.0009999999999976694
37892000,-5199,6335,127657,-10742,56,127636,115,19232,471,1,27200,0.0009999999999976694
37893000,4288,8709,128349,7270,630,128505,104,19226,426,0,27201,0.0010000000000047748
37894000,-2565,-6702,122614,-2204,-6036,124549,103,19226,422,0,27202,0.0009999999999976694
37895002,2056,4030,125720,-8283,2326,124619,113,19231,422,0,27203,0.0010019999999997253
37896002,-418,6786,125141,-2300,2615,124918,122,19228,463,0,27204,0.0009999999999976694
37897001,-704,9010,126747,-264,9847,124729,122,19218,500,1,27205,0.0009990000000001942
37898000,-1719,12927,127364,-8574,7079,122682,115,19234,471,1,27206,0.0009990000000001942
37899000,3692,1808,123653,5928,13826,126479,100,19232,410,1,27207,0.0010000000000047748
37900000,10346,1555,124615,7122,-5109,125492,124,19232,508,0,27208,0.0009999999999976694
37901000,9767,-2339,122177,2139,-3622,125511,106,19228,508,0,27209,0.0009999999999976694
37902000,10576,2277,126260,16486,-2061,124734,116,19228,434,0,27210,0.0010000000000047748
37903000,3369,-4148,126777,2871,-7971,128197,116,19229,475,1,27211,0.0009999999999976694
37904000,859,2010,129710,-9368,-585,128263,149,19229,610,1,27212,0.0009999999999976694
37905000,7579,14395,128238,14602,11183,123099,113,19227,463,1,27213,0.0010000000000047748
37906000,5896,7879,124734,4450,3667,121382,98,19224,401,1,27214,0.0009999999999976694
37907000,12042,7183,129021,842,4501,123948,121,19224,401,0,27215,0.0009999999999976694
37908000,9125,-8472,126092,18364,-14317,136770,106,19237,496,0,27216,0.0010000000000047748
37909002,5593,-11343,127948,4396,-13129,129581,106,19228,434,0,27217,0.0010019999999997253
37910000,7089,2825,131777,-6391,-1288,127344,112,19219,459,1,27218,0.0009979999999956135
37911000,204,22878,131302,5850,21681,118547,108,19229,442,1,27219,0.0010000000000047748
37912000,3984,7889,128494,1682,1869,130901,103,19230,422,1,27220,0.0009999999999976694
37913000,5111,-8406,127969,-4111,-12766,131874,119,19230,422,0,27221,0.0009999999999976694
37914000,9559,-8719,127823,11112,-12122,129492,97,19222,487,0,27222,0.0010000000000047748
37915000,4749,-6624,129989,14175,-11105,135056,97,19232,397,0,27223,0.0009999999999976694
37916000,2522,-6655,134040,-20664,-8331,120239,106,19231,434,0,27224,0.0009999999999976694
37917000,914,19354,132326,-6112,15474,125669,135,19225,553,1,27225,0.0010000000000047748
37918000,-9545,5958,129714,6638,2842,131754,113,19229,463,1,27226,0.0009999999999976694
37919000,-1278,-8014,128744,-10712,-14935,132840,99,19229,463,1,27227,0.0009999999999976694
37920000,-1251,-9697,128501,-9477,-9499,130617,138,19228,405,0,27228,0.0010000000000047748
37921000,5073,5142,130752,4352,4714,123879,138,19232,565,0,27229,0.0009999999999976694
37922000,-4042,2683,130907,-2975,129,130991,110,19227,451,0,27230,0.0009999999999976694
37923001,-5557,-1979,131111,-11038,-496,128608,115,19225,471,1,27231,0.00100100000000225
37924002,-10258,5875,130004,-11332,5787,130486,127,19230,520,1,27232,0.00100100000000225
37925000,-12719,5962,128795,-11291,16219,123270,108,19230,520,1,27233,0.0009979999999956135
37926000,-265,10907,130116,-6269,1121,122919,114,19229,442,1,27234,0.0009999999999976694
37927000,-5169,-8125,125352,-8670,-11762,136250,114,19218,467,0,27235,0.0010000000000047748
37928000,-1074,-9047,127161,-3951,4614,118966,104,19229,426,0,27236,0.0009999999999976694
37929000,-1877,4857,128451,-7772,-897,130472,103,19229,422,0,27237,0.0009999999999976694
37930000,-4623,3114,127059,-6031,6052,125617,131,19222,537,1,27238,0.0010000000000047748
37931000,-8819,15302,128773,-14223,9966,123771,117,19222,537,1,27239,0.0009999999999976694
37932000,-7483,5494,127653,-6086,57,127852,105,19230,479,1,27240,0.0009999999999976694
37933000,1766,3957,124773,5824,402,121133,105,19229,430,0,27241,0.0010000000000047748
37934000,-2467,-7808,124588,-6252,-8062,134293,139,19232,569,0,27242,0.0009999999999976694
37935000,1766,-5702,123547,-3641,-2452,118070,107,19228,438,0,27243,0.0009999999999976694
37936000,-2370,15272,127586,-538,10284,125743,110,19226,451,0,27244,0.0010000000000047748
37937000,-2335,9407,125122,-5731,7865,123525,148,19226,606,1,27245,0.0009999999999976694
37938001,-2497,15684,127237,-2737,9622,119805,108,19232,606,1,27246,0.00100100000000225
37939000,3871,-1459,123148,647,-8218,133407,102,19233,442,1,27247,0.0009990000000001942
37940001,10534,10568,123730,5943,14399,110694,102,19223,418,0,27248,0.0010009999999951447
37941000,10765,859,124844,7324,-9529,130544,84,19227,344,0,27249,0.0009990000000001942
37942000,8313,-13265,124918,2838,-12459,131238,113,19226,463,0,27250,0.0010000000000047748
37943000,2506,1691,126405,6071,6554,127055,128,19226,524,1,27251,0.0009999999999976694
37944002,-625,4941,127844,-4833,9868,125646,114,19228,524,1,27252,0.0010019999999997253
37945001,6060,20220,127413,5263,11755,117489,100,19230,467,1,27253,0.0009990000000001942
37946000,8017,-6129,123512,15128,-12138,138599,100,19231,410,0,27254,0.0009990000000001942
37947000,12222,-3823,125773,-2717,224,118630,137,19226,561,0,27255,0.0009999999999976694
37948000,7641,-5708,128540,13791,-15387,133230,100,19232,410,0,27256,0.0010000000000047748
37949000,6069,-3914,129165,2392,-4498,131984,102,19232,418,0,27257,0.0009999999999976694
37950000,1044,4948,130753,-8508,1759,126872,135,19226,418,1,27258,0.0009999999999976694
37951000,-626,13806,130550,5234,10093,126727,111,19229,553,1,27259,0.0010000000000047748
37952000,1427,13932,127507,-3459,11062,122056,111,19229,455,1,27260,0.0009999999999976694
37953000,9420,-13195,125314,3007,-15317,132984,107,19224,438,0,27261,0.0009999999999976694
37954001,9943,-5285,129950,10389,-7142,129307,129,19229,528,0,27262,0.00100100000000225
37955000,2828,-2304,126401,4973,-5425,129509,105,19231,430,0,27263,0.0009990000000001942
37956000,-1423,2894,133613,-15279,2129,126807,114,19231,430,1,27264,0.0009999999999976694
37957000,-1754,6125,134951,-5635,-322,130975,108,19220,467,1,27265,0.0010000000000047748
37958000,-8884,443,128914,8053,-1186,135914,108,19230,442,1,27266,0.0009999999999976694
37959000,-1839,8179,132673,-21895,4428,121184,101,19233,414,1,27267,0.0009999999999976694
37960000,344,-7493,127944,-5720,-11810,134575,128,19223,524,0,27268,0.0010000000000047748
37961000,3762,4667,129737,12259,712,126226,101,19226,414,0,27269,0.0009999999999976694
37962000,-6076,-171,129915,-13981,-3551,135101,109,19226,414,0,27270,0.0009999999999976694
37963000,-6300,-4699,131384,-16831,-8545,129259,149,19224,446,1,27271,0.0010000000000047748
37964000,-11346,13238,134344,-11652,11611,126583,149,19230,610,1,27272,0.0009999999999976694
37965000,-8949,6467,128426,-6623,3744,126916,115,19231,471,1,27273,0.0009999999999976694
37966000,-4561,2280,129964,-11351,-5982,132798,104,19228,426,1,27274,0.0010000000000047748
37967000,-5248,-7511,125857,-9263,-5269,126828,158,19232,647,0,27275,0.0009999999999976694
37968000,419,3716,127263,-6009,1889,126402,105,19232,647,0,27276,0.0009999999999976694
37969000,-4465,3641,129249,-4665,-908,125989,113,19230,430,0,27277,0.0010000000000047748
37970000,-5190,10353,126844,-14158,7197,121906,113,19225,463,1,27278,0.0009999999999976694
37971002,-5127,11053,126784,-7890,-999,132493,115,19229,471,1,27279,0.0010019999999997253
37972000,-4290,638,123654,-4493,9049,120854,108,19231,442,1,27280,0.000998000000002719
37973000,3631,13376,126547,-6781,7013,117147,121,19225,496,0,27281,0.0009999999999976694
37974000,265,-1080,125101,4470,-7488,130181,98,19225,496,0,27282,0.0009999999999976694
37975000,3039,-7094,124056,-8417,-12535,141171,107,19228,401,0,27283,0.0010000000000047748
37976000,-585,-5208,126068,-610,2327,115144,107,19226,438,1,27284,0.0009999999999976694
37977000,-2682,25448,128137,962,21051,114410,138,19222,565,1,27285,0.0009999999999976694
37978000,125,14752,128851,-7958,-1168,131299,114,19232,467,1,27286,0.0010000000000047748
37979000,4812,-4982,122641,5894,-8312,123599,97,19227,397,0,27287,0.0009999999999976694
37980000,9234,12517,127200,9225,-1589,121090,118,19227,483,0,27288,0.0009999999999976694
37981000,8366,51,122030,5217,1466,119070,111,19229,483,0,27289,0.0010000000000047748
37982000,8816,-533,129337,7037,-8833,132417,116,19227,455,0,27290,0.0009999999999976694
37983000,5098,-12091,123521,-1622,-11718,133154,116,19224,475,1,27291,0.0009999999999976694
37984000,3857,15931,129172,586,20045,117244,119,19227,487,1,27292,0.0010000000000047748
37985000,5699,15143,128922,14654,6186,124855,106,19231,434,1,27293,0.0009999999999976694
37986000,9830,-3093,123478,-583,-7790,124926,109,19231,446,0,27294,0.0009999999999976694
37987000,10833,-1543,128972,1637,-7958,137994,97,19220,446,0,27295,0.0009999999999976694
37988000,8043,-13433,124825,24917,-14102,127817,109,19229,397,0,27296,0.0010000000000047748
37989002,5287,7400,128207,-1386,-382,118940,109,19226,446,0,27297,0.0010019999999997253
37990000,1533,7594,132189,-13424,3449,136072,128,19227,524,1,27298,0.0009979999999956135
37991000,4836,5002,128771,10996,4183,123470,114,19232,467,1,27299,0.0010000000000047748
37992000,3349,8847,130564,3362,2908,126289,102,19232,418,1,27300,0.0009999999999976694
37993000,5826,-6459,128026,-9434,-11774,129514,152,19228,418,0,27301,0.0009999999999976694
37994000,7573,-13649,129637,25108,-14651,130166,104,19228,623,0,27302,0.0010000000000047748
37995000,5059,-4652,129713,963,-9417,138700,104,19230,426,0,27303,0.0009999999999976694
37996000,1195,5050,131198,-20715,8772,117847,107,19222,438,1,27304,0.0009999999999976694
37997000,-4210,19880,135207,2161,11420,125286,139,19225,569,1,27305,0.0010000000000047748
37998000,-5516,-3031,129369,-2862,-9786,134759,107,19234,438,1,27306,0.0009999999999976694
37999000,-3870,-5548,130924,-11445,-8938,134171,105,19234,438,1,27307,0.0009999999999976694
38000000,1874,-6449,127776,-10837,-1466,129915,93,19220,430,0,27308,0.0010000000000047748
38001000,2690,11051,130354,8489,5703,124372,93,19228,381,0,27309,0.0009999999999976694
38002001,-1430,1651,128469,-10232,-522,130944,111,19231,455,0,27310,0.00100100000000225
38003000,-7054,-2855,130824,-19709,-6373,135160,129,19223,528,1,27311,0.0009990000000001942
38004000,-7459,5672,130158,-5899,7038,126842,116,19226,475,1,27312,0.0009999999999976694
38005000,-5636,18684,130315,-10222,16800,119618,101,19226,475,1,27313,0.0009999999999976694
38006001,-1985,-265,127737,-7056,-3589,131664,136,19230,414,0,27314,0.00100100000000225
38007000,-3772,-9048,124704,-8309,-12373,133309,136,19227,557,0,27315,0.0009990000000001942
38008000,-2232,-5577,125894,-5977,-7614,122549,103,19230,422,0,27316,0.0009999999999976694
38009000,-2785,13557,130589,-9212,11550,121385,106,19226,434,1,27317,0.0010000000000047748
38010000,-8117,6579,130131,-11853,1811,131910,145,19227,594,1,27318,0.0009999999999976694
38011000,-4782,3938,127632,-5621,683,124252,113,19227,594,1,27319,0.0009999999999976694
38012000,-5322,5745,125561,-14070,1987,125358,105,19231,463,1,27320,0.0010000000000047748
38013000,1072,5826,127012,5591,3723,123404,105,19219,430,0,27321,0.0009999999999976694
38014000,1870,-1678,124786,3391,-11665,126026,102,19231,418,0,27322,0.0009999999999976694
38015002,182,-218,125432,-12455,-41,128092,109,19228,446,0,27323,0.0010019999999997253
38016000,-1551,4617,124804,-3617,10473,123153,121,19217,496,1,27324,0.000998000000002719
38017000,-248,18031,126170,4280,13926,122031,114,19217,496,1,27325,0.0009999999999976694
38018000,-2192,9106,124103,-1631,185,127480,101,19228,467,1,27326,0.0010000000000047748
38019000,4907,-1533,121986,-1948,688,123226,101,19232,414,0,27327,0.0009999999999976694
38020000,10909,7410,125677,11958,107,121481,124,19230,508,0,27328,0.0009999999999976694
38021000,9801,-1841,124633,14514,-10517,128006,103,19225,422,0,27329,0.0010000000000047748
38022000,4158,-11748,126019,5345,-6779,127663,112,19229,459,0,27330,0.0009999999999976694
38023000,1419,3122,129890,-8938,400,126173,148,19229,459,1,27331,0.0009999999999976694
38024000,4065,12421,128445,3858,6922,125105,115,19227,606,1,27332,0.0010000000000047748
38025000,5110,10083,125643,13084,9696,123884,99,19228,471,1,27333,0.0009999999999976694
38026003,8845,5541,126178,-6278,2643,121073,99,19228,405,0,27334,0.0010029999999972006
38027002,10940,-8329,125080,12554,-12483,134063,135,19231,553,0,27335,0.0009990000000001942
38028002,7444,-13061,126501,18216,-14194,130929,109,19233,446,0,27336,0.0010000000000047748
38029001,5625,1195,130710,-10162,-3391,127755,115,19233,471,1,27337,0.0009990000000001942
38030000,-1353,9534,131103,-2076,13279,124202,113,19223,471,1,27338,0.0009990000000001942
38031000,-114,12217,132155,9435,3498,129022,108,19227,463,1,27339,0.0009999999999976694
38032000,1370,-2824,127327,-5149,-6856,129616,108,19232,442,1,27340,0.0009999999999976694
38033000,7469,-4938,128646,-2437,-12576,129011,120,19221,491,0,27341,0.0010000000000047748
38034000,14353,1767,128903,28233,4940,125067,93,19234,381,0,27342,0.0009999999999976694
38035000,1158,-828,130244,-1316,-6004,127588,101,19234,414,0,27343,0.0009999999999976694
38036000,3837,-2724,132705,-33394,-4518,134935,137,19229,414,1,27344,0.0010000000000047748
38037000,-8591,9147,132341,16580,8525,125265,114,19226,561,1,27345,0.0009999999999976694
38038000,-6401,5853,131030,-2085,2242,127991,114,19229,467,1,27346,0.0009999999999976694
38039000,-3727,-6001,128515,-28014,-15109,133085,97,19228,397,0,27347,0.0010000000000047748
38040000,-195,-8486,128958,3021,-10842,130546,134,19232,549,0,27348,0.0009999999999976694
38041000,4577,3100,130970,7365,4072,123202,106,19230,434,0,27349,0.0009999999999976694
38042000,-9185,2170,131698,-17935,-581,128716,114,19230,434,0,27350,0.0010000000000047748
38043000,-7629,3608,130586,-18126,-1566,131189,128,19224,467,1,27351,0.0009999999999976694
38044000,-10194,1375,129392,-5344,1634,135939,128,19228,524,1,27352,0.0009999999999976694
38045000,-5523,15343,130175,-7587,13173,119847,110,19231,451,1,27353,0.0010000000000047748
38046000,-3974,14179,127972,-10289,9809,120193,113,19217,463,0,27354,0.0009999999999976694
38047000,-3368,-14986,123042,-8383,-17435,136367,105,19229,430,0,27355,0.0009999999999976694
38048000,2233,-3235,128872,-4074,-4428,129586,102,19229,430,0,27356,0.0010000000000047748
38049000,-5015,8749,126724,-6349,6531,121588,129,19227,418,1,27357,0.0009999999999976694
38050000,-7246,19964,129296,-9680,16732,117783,129,19224,528,1,27358,0.0009999999999976694
38051000,-7818,-3574,127611,-16332,-9865,135750,116,19227,475,1,27359,0.0009999999999976694
38052002,1186,-3193,125633,1613,-4802,124781,103,19227,422,1,27360,0.0010020000000068308
38053000,-366,9438,126650,3383,5797,121905,142,19231,582,0,27361,0.0009979999999956135
38054000,-163,-127,123642,-8037,-4012,121335,108,19231,582,0,27362,0.0009999999999976694
38055000,2463,4531,125149,-5521,1400,132993,109,19227,442,0,27363,0.0010000000000047748
38056000,-2274,-2737,124999,-852,-5739,127833,109,19225,446,1,27364,0.0009999999999976694
38057000,-2184,11572,127396,-623,8880,116382,149,19229,610,1,27365,0.0009999999999976694
38058000,-794,17487,127196,-6623,14781,125539,106,19228,434,1,27366,0.0010000000000047748
38059000,8254,28,122593,4048,-4369,127904,103,19228,422,0,27367,0.0009999999999976694
38060000,9354,-3731,124563,9826,-48,128456,89,19228,422,0,27368,0.0009999999999976694
38061000,7584,-4548,124843,3422,-4593,121589,117,19229,365,0,27369,0.0010000000000047748
38062000,3217,4579,126382,4857,-2884,129449,117,19224,479,0,27370,0.0009999999999976694
38063000,2154,414,127051,4540,1029,125405,127,19222,520,1,27371,0.0009999999999976694
38064000,6609,12304,129398,4239,5987,122456,112,19230,459,1,27372,0.0010000000000047748
38065000,6461,6920,125382,10734,2733,122897,97,19230,397,1,27373,0.0009999999999976694
38066000,12672,4949,126690,-1162,539,123038,136,19230,397,0,27374,0.0009999999999976694
38067002,10572,-2005,126633,16124,-12825,132759,104,19231,557,0,27375,0.0010019999999997253
38068000,5883,-16738,125885,7396,-17219,134764,104,19229,426,0,27376,0.000998000000002719
38069000,4233,-6322,130288,-14028,8922,128920,106,19226,434,1,27377,0.0009999999999976694
38070000,465,14394,132586,11456,7079,124553,131,19230,537,1,27378,0.0010000000000047748
38071000,1409,8269,128682,8189,2308,126937,110,19232,451,1,27379,0.0009999999999976694
38072000,1056,2213,128589,-11290,-4755,130554,105,19232,430,1,27380,0.0009999999999976694
38073000,9619,-13635,126197,6585,-15815,129754,123,19225,430,0,27381,0.0010000000000047748
38074000,10054,1292,129739,22906,4540,124370,109,19230,504,0,27382,0.0009999999999976694
38075000,2897,-7796,128484,-18053,-12291,134920,109,19229,446,0,27383,0.0009999999999976694
38076000,3709,4905,133221,-17777,3446,125541,115,19222,471,1,27384,0.0010000000000047748
38077000,-5512,7317,132575,11856,2228,132955,106,19232,434,1,27385,0.0009999999999976694
38078000,-6004,3099,129903,-8046,-3893,128521,99,19232,405,1,27386,0.0009999999999976694
38079000,-1437,2447,130295,-19362,-8333,125360,129,19231,405,0,27387,0.0010000000000047748
38080000,-865,-9879,127598,4991,-12791,134490,106,19225,528,0,27388,0.0009999999999976694
38081000,2127,14318,132163,-1387,16975,122129,106,19226,434,0,27389,0.0009999999999976694
38082000,-4436,6521,130750,-17065,-2516,124300,109,19223,446,1,27390,0.0010000000000047748
38083000,-6825,-516,130064,-8694,-3660,133077,151,19228,618,1,27391,0.0009999999999976694
38084008,-6295,4990,129960,-11685,1751,130279,114,19228,467,1,27392,0.0010079999999987876
38085001,-5436,13073,131588,-8832,9702,121833,104,19228,467,1,27393,0.0009930000000011319
38086002,-2854,3625,127977,-7728,-5146,127861,165,19227,426,0,27394,0.00100100000000225
38087000,-5762,-7358,127135,-5660,-7661,131157,165,19228,676,0,27395,0.0009979999999956135
38088000,-121,348,128108,-8657,-1170,130576,114,19227,467,0,27396,0.0010000000000047748
38089000,-4643,1352,124759,-7082,6576,120777,117,19225,479,1,27397,0.0009999999999976694
38090000,-5474,26574,130561,-9549,22345,121442,117,19232,479,1,27398,0.0009999999999976694
38091000,-6194,-3670,123139,-4538,-8364,131824,107,19232,479,1,27399,0.0010000000000047748
38092000,-2144,8890,126793,-9302,7135,118684,121,19229,438,0,27400,0.0009999999999976694
38093000,1695,-2804,127518,-2457,-9438,138720,121,19223,496,0,27401,0.0009999999999976694
38094000,1721,3357,121915,4956,5799,112392,96,19231,393,0,27402,0.0010000000000047748
38095006,3673,-559,128253,-13498,-7955,138090,107,19229,438,0,27403,0.0010059999999967317
38096002,-2865,2842,123834,1363,4165,120583,137,19227,561,1,27404,0.000996000000000663
38097000,-1809,27859,128464,-455,23027,123281,111,19227,561,1,27405,0.000998000000002719
38098000,916,-1878,123150,-4061,-3188,128347,97,19232,455,1,27406,0.0009999999999976694
38099000,7909,16952,127250,6432,15794,111479,97,19227,397,0,27407,0.0009999999999976694
38100001,10158,-11719,122414,6054,-18618,137428,113,19229,463,0,27408,0.00100100000000225
38101000,6587,-3784,125499,13191,-5987,118715,117,19227,479,0,27409,0.0009990000000001942
38102000,4757,-4119,127275,-548,-8416,130380,117,19222,479,1,27410,0.0009999999999976694
38103000,-28,11043,127052,-5131,9503,113007,121,19222,479,1,27411,0.0010000000000047748
38104000,4986,14389,131254,7622,10616,142812,105,19225,496,1,27412,0.0009999999999976694
38105000,6902,-6423,124367,7745,-10211,114045,105,19233,430,1,27413,0.0009999999999976694
38106000,10496,11604,128427,-859,8596,124950,112,19220,459,0,27414,0.0010000000000047748
38107000,10205,-6114,128667,14165,-10263,134510,91,19233,373,0,27415,0.0009999999999976694
38108000,7538,-1779,128344,12477,-6709,123682,106,19231,434,0,27416,0.0009999999999976694
38109000,2826,307,129875,-10655,2673,135438,127,19231,434,1,27417,0.0010000000000047748
38110000,-2117,14292,130689,200,9836,119685,113,19223,520,1,27418,0.0009999999999976694
38111000,879,9407,127363,294,-1519,130730,99,19231,463,1,27419,0.0009999999999976694
38112001,9020,-6254,130276,-4277,-2628,128598,99,19226,405,0,27420,0.00100100000000225
38113000,10819,-11145,127695,11904,-14983,131348,151,19233,618,0,27421,0.0009990000000001942
38114001,8410,-4755,128385,12873,-6478,129163,105,19228,430,0,27422,0.00100100000000225
38115000,-1203,3358,131164,-20590,-1777,122051,105,19228,430,0,27423,0.0009989999999930887
38116000,-2823,6448,133394,-1776,7607,136121,141,19222,430,1,27424,0.0010000000000047748
38117000,-6466,3508,132830,-1588,-1921,124412,105,19227,577,1,27425,0.0009999999999976694
38118000,-4955,-1309,130090,-15679,-9034,132726,105,19229,430,1,27426,0.0009999999999976694
38119000,-179,-4472,128512,-5390,-7200,129185,107,19216,438,0,27427,0.0010000000000047748
38120000,-406,-159,128616,5414,1869,123994,107,19228,438,0,27428,0.0009999999999976694
38121001,606,1056,130779,-5569,2584,134166,115,19228,471,0,27429,0.00100100000000225
38122000,-9660,-1136,130555,-19125,-8704,127965,132,19228,471,1,27430,0.0009990000000001942
38123002,-8843,9129,132287,-9534,2099,131647,119,19224,541,1,27431,0.0010019999999997253
38124004,-9506,8198,130324,-5853,3324,128738,119,19229,487,1,27432,0.0010019999999997253
38125001,-3721,6212,129118,-9236,2881,126402,102,19229,418,1,27433,0.0009969999999981383
38126000,-2682,-1155,126186,-12260,-5625,127945,139,19220,569,0,27434,0.0009990000000001942
38127000,-3288,1155,125557,-4750,-1749,124117,100,19220,410,0,27435,0.0009999999999976694
38128000,1545,15969,127639,4929,14583,122970,104,19232,410,0,27436,0.0010000000000047748
38129000,-7100,717,126909,-16250,-2781,125377,136,19224,426,1,27437,0.0009999999999976694
38130000,-6194,3906,129467,-12325,2222,131189,136,19230,557,1,27438,0.0009999999999976694
38131000,-5364,7847,127494,-1335,6102,123374,115,19230,471,1,27439,0.0010000000000047748
38132000,1587,3380,126137,-1040,7041,124843,107,19224,438,0,27440,0.0009999999999976694
38133000,-818,-2028,123561,-6650,-8974,127744,100,19233,410,0,27441,0.0009999999999976694
38134000,-1055,-4156,123139,-3481,-9428,126473,109,19233,410,0,27442,0.0010000000000047748
38135000,2547,6512,127791,5760,8406,123516,122,19225,446,0,27443,0.0009999999999976694
38136000,-5395,16170,128588,-5377,10596,117002,122,19220,500,1,27444,0.0009999999999976694
38137000,831,6004,125891,-4559,1259,132471,118,19231,483,1,27445,0.0010000000000047748
38138001,59,4201,123836,8535,1290,123053,103,19227,422,1,27446,0.0010009999999951447
38139001,10972,6171,123086,-4740,137,122334,124,19231,508,0,27447,0.0010000000000047748
38140000,11308,11169,124088,19594,9132,115603,101,19231,508,0,27448,0.0009990000000001942
38141000,6263,-3306,124718,8156,-6347,133600,107,19229,414,0,27449,0.0009999999999976694
38142000,8358,-15313,124090,-6101,-14697,134906,107,19226,438,1,27450,0.0009999999999976694
38143000,153,16055,130441,8067,15446,116435,150,19232,614,1,27451,0.0010000000000047748
38144000,5282,13268,126289,3850,8035,125405,114,19232,467,1,27452,0.0009999999999976694
38145000,7358,5368,126585,2670,1789,122893,99,19225,405,1,27453,0.0009999999999976694
38146000,11077,-5186,126846,5663,-8143,138558,121,19225,405,0,27454,0.0010000000000047748
38147002,10679,-6243,124600,10500,-9155,125042,102,19234,496,0,27455,0.0010019999999997253
38148000,5351,4890,130369,9336,326,122494,102,19233,418,0,27456,0.0009979999999956135
38149000,4736,788,129850,-5860,-2789,127364,113,19219,463,1,27457,0.0010000000000047748
38150000,399,15752,131476,-2823,12271,128283,109,19227,446,1,27458,0.0009999999999976694
38151000,1741,-2449,129778,8956,-6481,129031,104,19232,426,1,27459,0.0009999999999976694
38152001,6797,8640,127696,1977,5165,121572,122,19232,426,0,27460,0.00100100000000225
38153000,8542,-12607,128782,-1976,-15567,142998,95,19220,500,0,27461,0.0009990000000001942
38154000,7153,-8035,128408,19596,-7590,127280,95,19232,389,0,27462,0.0009999999999976694
38155000,2344,5379,130697,-9948,10369,123645,104,19229,426,0,27463,0.0010000000000047748
38156000,-2488,13958,133913,-18654,11818,126877,138,19221,565,1,27464,0.0009999999999976694
38157000,-7150,4313,132319,9809,-6826,132673,113,19230,463,1,27465,0.0009999999999976694
38158001,-2328,-11847,128607,-20272,-17406,133605,97,19230,463,1,27466,0.00100100000000225
38159000,-2497,-4718,129813,-4338,-203,125109,129,19228,397,0,27467,0.0009990000000001942
38160000,4911,5850,128807,1797,1882,125892,129,19230,528,0,27468,0.0009999999999976694
38161000,-2370,6793,132136,-9285,938,128419,107,19228,438,0,27469,0.0010000000000047748
38162000,-5747,-3606,128787,-16924,-7260,133472,117,19221,479,1,27470,0.0009999999999976694
38163000,-8506,76,132642,-14307,13459,126073,122,19229,500,1,27471,0.0009999999999976694
38164000,-10599,16043,130358,-3102,6069,123120,107,19229,438,1,27472,0.0010000000000047748
38165000,-3167,3248,129211,-7668,-4847,132653,115,19231,438,1,27473,0.0009999999999976694
38166000,-5489,-7690,126156,-12587,-8128,129207,96,19220,471,0,27474,0.0009999999999976694
38167000,-1446,-1636,127572,-1235,-3509,125834,96,19231,393,0,27475,0.0010000000000047748
38168000,-3061,-200,126377,-10852,2780,127738,105,19227,430,0,27476,0.0009999999999976694
38169000,-3903,12600,129687,-7531,6405,119976,130,19226,532,1,27477,0.0009999999999976694
38170002,-6312,9458,127626,-5440,1727,131391,116,19226,475,1,27478,0.0010019999999997253
38171000,-6915,1432,126079,-13280,-687,125538,102,19234,475,1,27479,0.000998000000002719
38172000,525,6729,125899,-2345,5524,122221,142,19228,418,0,27480,0.0009999999999976694
38173000,-97,2463,125147,4715,-3541,127581,142,19233,582,0,27481,0.0010000000000047748
38174000,823,-3670,122937,-3109,-2288,126179,116,19222,475,0,27482,0.0009999999999976694
38175000,-2069,5114,126354,-12529,8180,127242,116,19224,475,1,27483,0.0009999999999976694
38176000,1073,10912,124958,1045,11363,116901,144,19228,590,1,27484,0.0009999999999976694
38177003,-626,9671,126737,6679,2088,128166,108,19228,590,1,27485,0.001003000000004306
38178000,4391,-832,125025,-4669,-9789,125654,107,19232,442,1,27486,0.0009969999999981383
38179000,7947,2505,123988,2781,-2334,122153,107,19227,438,0,27487,0.0009999999999976694
38180000,8426,4488,125994,8973,-1486,124384,89,19229,365,0,27488,0.0010000000000047748
38181002,7167,-1374,126075,1017,-8902,124640,112,19227,459,0,27489,0.0010019999999997253
38182000,630,-8793,125224,4508,-7723,132511,127,19223,520,1,27490,0.0009979999999956135
38183000,1430,10482,129126,-1811,8440,120859,112,19223,520,1,27491,0.0010000000000047748
38184000,7494,19518,127585,2315,17680,120562,97,19228,459,1,27492,0.0009999999999976694
38185000,7109,3488,125136,14762,-2013,125228,97,19229,397,0,27493,0.0009999999999976694
38186000,11199,-6318,124640,-1737,-12783,128835,138,19230,565,0,27494,0.0010000000000047748
38187000,6837,-13715,127907,7106,-16855,135660,102,19234,418,0,27495,0.0009999999999976694
38188000,9865,99,128104,9638,-379,124409,102,19224,418,0,27496,0.0009999999999976694
38189000,364,6503,130900,-7414,2279,130254,132,19224,418,1,27497,0.0010000000000047748
38190000,1483,12836,128416,-125,10100,125290,109,19230,541,1,27498,0.0009999999999976694
38191002,4408,5031,126710,6995,-1391,128114,109,19231,446,1,27499,0.0010019999999997253
38192000,6036,1744,129753,1153,-1227,127441,102,19224,418,0,27500,0.000998000000002719
38193000,13335,-802,129473,6681,273,125757,114,19234,467,0,27501,0.0009999999999976694
38194001,3119,-6831,129227,13599,-12149,131990,106,19232,434,0,27502,0.00100100000000225
38195000,208,-3155,132110,-15339,-6120,130357,120,19232,434,1,27503,0.0009990000000001942
38196000,-4880,6884,133063,-11572,3954,129313,112,19219,491,1,27504,0.0009999999999976694
38197000,-9608,6010,132509,6845,3657,128122,112,19232,459,1,27505,0.0009999999999976694
38198000,-2462,1012,130265,-18888,-2781,132905,97,19231,397,1,27506,0.0010000000000047748
38199000,-534,-4669,130766,-11879,-8704,126382,129,19228,528,0,27507,0.0009999999999976694
38200000,4098,-3883,127771,14807,-3975,129617,102,19226,418,0,27508,0.0009999999999976694
38201000,-7017,1656,131276,-9747,1567,128145,111,19226,418,0,27509,0.0010000000000047748
38202000,-6820,4793,131224,-26297,5184,126803,154,19224,455,1,27510,0.0009999999999976694
38203000,-8554,5933,130422,-7004,-832,137592,154,19229,631,1,27511,0.0009999999999976694
38204000,-7747,8406,128427,-3220,6225,118497,114,19232,467,1,27512,0.0010000000000047748
38205000,-2543,15315,128590,-12667,-2314,125231,101,19224,414,0,27513,0.0009999999999976694
38206000,-2216,-6981,124694,-6928,-9194,130853,151,19233,618,0,27514,0.0009999999999976694
38207000,1648,-1057,128422,-1024,-1006,126503,110,19233,451,0,27515,0.0010000000000047748
38208000,-2199,3759,127506,-11141,3474,124788,118,19235,451,0,27516,0.0009999999999976694
38209000,-9504,9423,128574,-12237,5478,122156,113,19220,483,1,27517,0.0009999999999976694
38210000,-6900,5501,125693,-9414,1093,138831,113,19230,463,1,27518,0.0010000000000047748
38211000,-1795,6360,126885,-3291,4875,114501,104,19231,426,1,27519,0.0009999999999976694
38212000,99,9564,126213,172,1404,122916,123,19230,504,0,27520,0.0009999999999976694
38213000,-1248,-2973,126991,-6155,-7945,127361,101,19230,414,0,27521,0.0010000000000047748
38214000,1469,2126,125007,-2978,-1732,125865,113,19228,414,0,27522,0.0009999999999976694
38215000,1692,88,125966,4190,4726,133264,145,19227,463,1,27523,0.0009999999999976694
38216000,-5403,10911,126050,-5399,10378,117287,145,19220,594,1,27524,0.0010000000000047748
38217000,2431,19375,125533,-4916,6827,124249,113,19230,463,1,27525,0.0009999999999976694
38218000,7108,3941,124601,9319,-918,127293,97,19226,397,0,27526,0.0009999999999976694
38219000,9463,-195,123742,8085,-2917,123320,107,19226,438,0,27527,0.0010000000000047748
38220000,7301,-3349,123355,1660,-5360,124603,116,19231,438,0,27528,0.0009999999999976694
38221000,5020,-1434,125203,1840,-5144,127103,120,19232,475,0,27529,0.0009999999999976694
38222000,6586,7148,127474,15982,6077,129458,120,19220,491,1,27530,0.0010000000000047748
38223000,951,13313,128371,-4508,5422,116583,118,19230,483,1,27531,0.0009999999999976694
38224000,10772,7101,129291,2610,-2693,130255,105,19230,430,1,27532,0.0009999999999976694
38225000,8504,847,127733,16211,-1810,123554,113,19220,463,0,27533,0.0010000000000047748
38226002,11399,-4343,126522,4679,-7987,129781,92,19220,463,0,27534,0.0010019999999997253
38227002,5199,-12415,125476,9085,-16757,133114,106,19229,377,0,27535,0.0009999999999976694
38228002,1755,5092,130396,-4669,3543,123695,106,19229,434,1,27536,0.0009999999999976694
38229000,6503,8367,131952,4736,3803,132392,129,19225,528,1,27537,0.000998000000002719
38230000,-3150,10377,131861,9128,5366,121138,112,19229,459,1,27538,0.0009999999999976694
38231000,5928,5599,128401,-11855,-2337,131192,97,19228,397,1,27539,0.0010000000000047748
38232001,9178,-7847,126690,7705,-14471,127868,158,19228,397,0,27540,0.0010009999999951447
38233000,10254,-1650,130990,18280,-2660,127914,115,19230,647,0,27541,0.0009990000000001942
38234017,7217,1877,129353,-2490,-155,131607,115,19228,471,0,27542,0.0010170000000044865
38235000,-3360,5435,132162,-17701,5599,122623,113,19223,463,1,27543,0.0009829999999979577
38236000,-136,448,134023,1608,-4091,138814,138,19230,565,1,27544,0.0009999999999976694
38237000,-10312,1250,128921,4405,-969,127727,108,19232,442,1,27545,0.0009999999999976694
38238000,2216,-1115,129953,-20639,-5723,128075,108,19232,442,0,27546,0.0010000000000047748
38239000,-1232,-597,128258,-2203,-3301,129254,98,19221,442,0,27547,0.0009999999999976694
38240000,4808,1761,129083,1784,1110,127782,98,19228,401,0,27548,0.0009999999999976694
38241000,-5630,1413,132717,-8644,-2472,131344,115,19227,471,0,27549,0.0010000000000047748
38242000,-7409,-1668,130059,-16271,-5143,133885,130,19228,532,1,27550,0.0009999999999976694
38243000,-6266,9304,130962,-7034,7808,125974,117,19228,479,1,27551,0.0009999999999976694
38244002,-8122,7467,130672,-9541,5128,126696,104,19228,479,1,27552,0.0010019999999997253
38245002,639,-5274,128760,-10824,-9570,128813,142,19226,426,0,27553,0.0010000000000047748
38246000,-6190,4993,126989,-1307,2996,127028,142,19225,582,0,27554,0.0009979999999956135
38247000,-3297,493,125937,-11324,-2866,127632,103,19230,422,0,27555,0.0010000000000047748
38248001,-5657,9667,129249,-11854,7620,122942,104,19227,426,1,27556,0.0010009999999951447
38249000,-5829,6221,128505,-5877,5794,126577,139,19226,569,1,27557,0.0009990000000001942
38250000,-7058,6333,128493,-5908,1340,127478,114,19226,569,1,27558,0.0010000000000047748
38251000,-3592,361,125377,-8875,-5692,127931,107,19230,467,1,27559,0.0009999999999976694
38252000,2420,3524,124568,-1288,5043,120029,107,19226,438,0,27560,0.0009999999999976694
38253000,3378,7407,125195,-1911,1158,123564,93,19225,381,0,27561,0.0010000000000047748
38254000,3966,211,124914,-1816,-2174,128866,104,19233,426,0,27562,0.0009999999999976694
38255000,-3766,4808,125522,-5915,208,126729,119,19218,487,1,27563,0.0009999999999976694
38256000,-3269,6370,125942,-5497,7483,124726,111,19218,455,1,27564,0.0010000000000047748
38257001,847,8274,128159,4878,13854,118170,96,19232,455,1,27565,0.0010009999999951447
38258000,6278,11470,123566,7134,-1477,131673,126,19229,393,0,27566,0.0009990000000001942
38259000,7941,-4508,120660,5207,-9502,125100,126,19230,516,0,27567,0.0010000000000047748
38260000,8458,-5370,125337,5554,-4306,126993,107,19227,438,0,27568,0.0009999999999976694
38261000,5341,2998,126892,10044,2489,122623,110,19224,451,0,27569,0.0009999999999976694
38262000,2785,5965,129496,-3686,4415,126314,145,19224,594,1,27570,0.0010000000000047748
38263002,3323,754,128084,-3121,-4869,130618,112,19228,594,1,27571,0.0010019999999997253
38264002,6885,2481,126752,14694,-1922,122391,101,19230,459,1,27572,0.0009999999999976694
38265001,10582,8591,125613,3267,6161,119881,101,19224,414,0,27573,0.0009990000000001942
38266000,7923,3124,128578,6117,-6459,129619,119,19231,487,0,27574,0.0009990000000001942
38267000,9338,-8541,125921,11009,-11706,131975,105,19235,430,0,27575,0.0009999999999976694
38268000,3283,-3612,128451,-2468,-2369,130677,112,19219,459,1,27576,0.0010000000000047748
38269001,-1532,9124,130243,-3386,17750,117994,109,19219,459,1,27577,0.0010009999999951447
38270001,4777,13281,131231,6386,3760,125074,104,19230,446,1,27578,0.0010000000000047748
38271000,2044,-6717,129110,2930,-14324,137495,104,19231,426,1,27579,0.0009990000000001942
38272000,9325,-9619,127605,-2704,-13192,128205,127,19229,520,0,27580,0.0009999999999976694
38273000,10186,-1145,130815,16170,-3782,126967,99,19231,405,0,27581,0.0009999999999976694
38274001,-405,-4238,129019,556,-7225,129953,102,19233,418,0,27582,0.00100100000000225
38275000,1056,5398,132169,-23827,2054,126234,140,19233,418,1,27583,0.0009990000000001942
38276000,-7536,5573,132463,2808,4135,132517,112,19225,573,1,27584,0.0009999999999976694
38277000,-4941,10278,129242,2327,7724,120660,112,19228,459,1,27585,0.0010000000000047748
38278002,-2448,-8112,128703,-22469,-12951,134414,97,19227,397,0,27586,0.0010019999999997253
38279000,-245,-8264,129488,169,-9588,131888,133,19229,545,0,27587,0.0009979999999956135
38280000,2001,-805,129573,3785,-3440,127507,108,19230,442,0,27588,0.0010000000000047748
38281000,-9323,12622,133241,-24588,11032,124790,114,19230,442,0,27589,0.0009999999999976694
38282000,-3618,-2081,129386,-13014,-5562,128981,122,19222,467,1,27590,0.0009999999999976694
38283000,-10303,-1784,130155,-2132,-4618,134281,122,19228,500,1,27591,0.0010000000000047748
38284000,-3935,13559,128966,-15714,11120,121611,107,19230,438,1,27592,0.0009999999999976694
38285000,-6082,4663,128109,-5656,263,126287,117,19216,479,0,27593,0.0009999999999976694
38286000,-3672,-3167,124867,-6885,-7124,129977,97,19231,397,0,27594,0.0010000000000047748
38287000,-1223,2357,128186,-6252,2068,124468,102,19231,397,0,27595,0.0009999999999976694
38288000,-5659,1288,128533,-7810,-1592,128271,132,19230,418,1,27596,0.0009999999999976694
38289000,-4853,12048,127944,-8632,7781,120216,132,19228,541,1,27597,0.0010000000000047748
38290000,-9289,6511,127593,-15301,2731,128957,116,19229,475,1,27598,0.0009999999999976694
38291000,2993,6174,126585,-1309,3512,120846,102,19226,418,0,27599,0.0009999999999976694
38292001,-1093,-4616,125332,6924,-9225,137610,133,19232,545,0,27600,0.00100100000000225
38293000,1230,-2407,124778,-14724,-5431,113651,114,19232,545,0,27601,0.0009990000000001942
38294000,1555,13082,126340,85,11194,128759,115,19227,467,0,27602,0.0009999999999976694
38295000,-2847,6533,126662,510,-838,125470,115,19224,471,1,27603,0.0010000000000047748
38296000,-1349,12435,124786,-8221,9450,119503,146,19229,598,1,27604,0.0009999999999976694
38297000,1051,6560,124894,-2277,-1050,130783,106,19232,434,1,27605,0.0009999999999976694
38298000,10297,11819,125235,7914,7489,112107,105,19224,430,0,27606,0.0010000000000047748
38299000,8871,1227,123136,8045,-18289,136828,88,19224,360,0,27607,0.0009999999999976694
38300000,8556,-14784,124659,626,-6507,124476,111,19228,360,0,27608,0.0009999999999976694
38301001,5933,4169,127874,3480,5219,124690,129,19228,455,1,27609,0.00100100000000225
38302000,2134,7755,128671,6211,8352,125035,129,19223,528,1,27610,0.0009990000000001942
38303000,3298,6479,125223,4803,8467,121811,112,19230,459,1,27611,0.0009999999999976694
38304000,5885,-4244,125472,-1928,-7921,140591,96,19230,393,1,27612,0.0009999999999976694
38305000,12711,2106,125569,13144,1907,110036,141,19230,577,0,27613,0.0010000000000047748
38306000,10630,2033,127788,16271,-9498,132041,102,19231,577,0,27614,0.0009999999999976694
38307000,2960,-9582,129555,-3182,-8094,131198,105,19232,418,0,27615,0.0009999999999976694
38308000,4221,-543,130208,-7730,-6549,133180,105,19225,430,1,27616,0.0010000000000047748
38309000,-2344,188,131006,14053,6004,131681,126,19228,516,1,27617,0.0009999999999976694
38310001,-689,23963,131558,-5437,17283,111343,108,19231,442,1,27618,0.00100100000000225
38311000,7993,512,125867,-7716,-20793,141467,103,19231,422,0,27619,0.0009990000000001942
38312000,9875,-17935,126318,22994,-10936,126202,118,19220,422,0,27620,0.0009999999999976694
38313000,10794,1246,130183,2806,-10084,129251,106,19234,483,0,27621,0.0009999999999976694
38314000,-847,-339,132020,-11863,8651,121153,106,19230,434,0,27622,0.0010000000000047748
38315000,-496,11971,134097,-8128,-2457,133614,122,19221,500,1,27623,0.0009999999999976694
38316003,-6258,-11683,128993,4212,-10627,144784,114,19231,467,1,27624,0.0010029999999972006
38317002,-7273,6371,130147,-10969,4006,113930,98,19230,401,1,27625,0.0009990000000001942
38318000,2114,2107,130256,-13102,-6406,133713,130,19230,401,0,27626,0.000998000000002719
38319001,1404,1906,129863,10344,-2095,126150,106,19229,532,0,27627,0.00100100000000225
38320000,952,-3417,128568,-6088,-4752,131773,106,19229,434,0,27628,0.0009990000000001942
38321000,-8653,4790,131798,-20002,581,129773,113,19226,463,1,27629,0.0009999999999976694
38322000,-9201,10417,131389,-7268,5804,122677,146,19230,598,1,27630,0.0009999999999976694
38323000,-8665,5090,131795,-9872,338,136762,116,19229,475,1,27631,0.0010000000000047748
38324000,-3412,7443,129285,-13697,7232,121444,102,19229,475,1,27632,0.0009999999999976694
38325000,-2286,3738,127851,-3173,-4922,127528,157,19224,418,0,27633,0.0009999999999976694
38326000,-2199,-4333,125803,-2551,-7310,129849,157,19232,643,0,27634,0.0010000000000047748
38327000,-1604,4752,127815,-8844,1837,121072,107,19229,438,0,27635,0.0009999999999976694
38328000,-2055,5916,130240,-7602,3646,136379,118,19221,483,1,27636,0.0009999999999976694
38329001,-8565,8299,126115,-6873,7202,116174,113,19228,463,1,27637,0.00100100000000225
38330000,-5943,11282,128877,-10462,7548,131143,106,19228,463,1,27638,0.0009990000000001942
38331000,-410,5635,124010,-780,3791,124877,125,19235,434,0,27639,0.0009999999999976694
38332000,448,1346,122858,-2297,-3161,122887,125,19230,512,0,27640,0.0010000000000047748
38333000,2657,-756,125080,-7917,-4260,128440,106,19225,434,0,27641,0.0009999999999976694
38334000,2817,7847,126288,-445,6930,117117,112,19229,459,0,27642,0.0009999999999976694
38335002,-967,-266,127800,4814,-5529,135827,150,19224,614,1,27643,0.0010019999999997253
38336000,-5346,7857,125629,-9565,5001,120180,115,19224,614,1,27644,0.000998000000002719
38337000,4275,11204,125751,-5133,8442,125707,98,19229,471,1,27645,0.0009999999999976694
38338000,7972,9360,125892,13822,6029,119662,98,19223,401,0,27646,0.0010000000000047748
38339000,8800,-5979,124161,1789,-11468,133524,110,19233,451,0,27647,0.0009999999999976694
38340000,6604,3330,125544,10735,536,118352,112,19228,459,0,27648,0.0009999999999976694
38341000,3191,1847,125424,464,-1914,130839,118,19220,483,1,27649,0.0010000000000047748
38342000,4079,7484,129612,4516,9370,122977,119,19220,487,1,27650,0.0009999999999976694
38343000,2804,14026,127192,5594,5025,121799,104,19231,487,1,27651,0.0009999999999976694
38344000,10390,519,125841,-615,-9764,133299,115,19231,426,1,27652,0.0010000000000047748
38345003,9374,-2091,126112,8508,1768,119118,115,19221,471,0,27653,0.0010029999999972006
38346000,13745,-5183,126209,8996,-12369,134588,100,19230,410,0,27654,0.0009969999999981383
38347000,4695,-3935,128134,2489,-3822,123387,108,19226,442,0,27655,0.0010000000000047748
38348000,2684,7789,130844,-3837,1215,129220,135,19226,553,1,27656,0.0009999999999976694
38349003,1397,12685,130872,4825,3801,125224,119,19227,553,1,27657,0.0010029999999972006
38350008,-976,9314,131233,-923,-497,127027,101,19228,487,1,27658,0.0010049999999992565
38351000,7439,-10661,130262,4234,-6957,130285,101,19226,414,0,27659,0.0009920000000036566
38352000,7106,-5569,127991,4858,-14676,129349,155,19232,635,0,27660,0.0009999999999976694
38353000,7399,-6637,129508,14904,-11457,134768,102,19231,418,0,27661,0.0010000000000047748
38354000,-3201,-1812,128656,-17149,-181,128252,108,19231,442,0,27662,0.0009999999999976694
38355000,-2761,12809,133315,-13030,14598,119932,133,19225,442,1,27663,0.0009999999999976694
38356000,-3778,10491,132753,3304,749,134114,106,19227,545,1,27664,0.0010000000000047748
38357000,-1262,-6699,128470,-4915,-8888,130591,106,19232,434,1,27665,0.0009999999999976694
38358000,-2053,-8334,128074,-15188,-17480,134174,106,19220,434,0,27666,0.0009999999999976694
38359000,3099,-199,128937,29,6061,126890,84,19230,344,0,27667,0.0010000000000047748
38360000,-3097,12270,130989,520,7559,125922,108,19228,442,0,27668,0.0009999999999976694
38361000,-3362,557,130224,-22450,-2047,133462,130,19228,442,1,27669,0.0009999999999976694
38362000,-13801,3290,130138,-13716,1950,128930,117,19226,532,1,27670,0.0009999999999976694
38363000,-7031,7275,129604,-3572,15214,125347,117,19230,479,1,27671,0.0010000000000047748
38364000,-4094,10588,129935,-6352,4608,120432,100,19228,410,1,27672,0.0009999999999976694
38365000,-2128,-13661,126741,-10443,-18462,141103,145,19223,594,0,27673,0.0009999999999976694
38366000,-2259,-4316,124727,-7585,3384,124590,101,19229,414,0,27674,0.0010000000000047748
38367000,-3262,8473,129245,-7763,5316,120542,106,19229,414,0,27675,0.0009999999999976694
38368000,-3207,10533,128052,-5823,9132,124965,134,19228,434,1,27676,0.0009999999999976694
38369000,-9887,3671,126381,-12193,-4857,127603,134,19230,549,1,27677,0.0010000000000047748
38370000,-3782,-2577,126855,-8496,-1659,126063,116,19232,475,1,27678,0.0009999999999976694
38371000,391,14930,128459,4047,12276,117155,108,19225,442,0,27679,0.0009999999999976694
38372000,-1374,-4654,124701,-3857,-7378,131230,88,19230,360,0,27680,0.0010000000000047748
38373000,-1356,67,124944,-2141,-861,124363,109,19230,360,0,27681,0.0009999999999976694
38374000,-637,2082,124470,-5078,-76,129192,123,19231,446,0,27682,0.0009999999999976694
38375000,-2417,19224,125850,-4245,23750,115360,123,19220,504,1,27683,0.0010000000000047748
38376000,-127,9470,126989,-2238,4247,121830,112,19229,459,1,27684,0.0009999999999976694
38377000,8414,-7341,122977,456,-10464,135671,98,19230,401,1,27685,0.0009999999999976694
38378002,7602,7366,123999,8898,2776,119230,132,19230,541,0,27686,0.0010019999999997253
38379000,9591,958,124228,7276,-3377,123612,115,19230,541,0,27687,0.000998000000002719
38380002,6354,5775,126401,5956,1689,124201,115,19226,471,0,27688,0.0010019999999997253
38381001,3615,-11673,124525,-789,-15064,134901,115,19227,471,1,27689,0.0009990000000001942
38382000,2961,13295,130258,1626,12514,118118,146,19228,598,1,27690,0.0009990000000001942
38383000,3435,13913,127852,4380,9069,119984,110,19235,451,1,27691,0.0009999999999976694
38384001,8345,471,125119,6153,-2028,123494,101,19229,414,0,27692,0.00100100000000225
38385001,10412,-954,126180,3901,-4757,131497,123,19229,414,0,27693,0.0009999999999976694
38386000,9680,-11252,127063,10657,-14950,132558,102,19234,504,0,27694,0.0009990000000001942
38387000,4842,5290,129404,3301,2229,120381,102,19227,418,0,27695,0.0010000000000047748
38388000,3865,1289,129689,-6015,-2597,136239,109,19221,446,1,27696,0.0009999999999976694
38389000,1029,9393,130434,7031,12017,123992,109,19228,446,1,27697,0.0009999999999976694
38390000,2252,5020,127685,517,-4327,128239,105,19232,430,1,27698,0.0010000000000047748
38391000,8210,1815,128771,-5303,-4632,125314,128,19232,524,0,27699,0.0009999999999976694
38392000,7313,-1576,129560,12283,-15351,128707,98,19223,524,0,27700,0.0009999999999976694
38393000,8924,-7983,128652,-2476,-13003,137423,103,19230,401,0,27701,0.0010000000000047748
38394000,647,-573,132006,-15262,5002,124696,103,19229,422,1,27702,0.0009999999999976694
38395001,-1641,11023,134768,1795,6543,127105,142,19228,582,1,27703,0.00100100000000225
38396001,-8898,12543,131096,-2274,3485,124023,110,19229,451,1,27704,0.0009999999999976694
38397000,-2100,-9088,129290,-18817,-19006,138413,100,19229,410,1,27705,0.0009990000000001942
38398001,339,-12499,128654,76,-10281,132408,123,19228,410,0,27706,0.00100100000000225
38399000,3644,9450,130399,1713,2998,117443,108,19232,504,0,27707,0.0009990000000001942
38400000,-5306,11638,132549,-10228,1438,129389,108,19227,442,0,27708,0.0009999999999976694
38401000,-5655,-5985,130613,-16080,-8815,136607,117,19222,479,1,27709,0.0009999999999976694
38402000,-9184,1529,130271,-8968,1898,130732,117,19231,479,1,27710,0.0010000000000047748
38403000,-10484,13084,129245,-7069,12689,122317,105,19231,430,1,27711,0.0009999999999976694
38404000,-985,14913,128814,-6568,7937,121862,118,19233,430,0,27712,0.0009999999999976694
38405000,-4236,-2492,125414,-9079,-16705,136533,101,19217,483,0,27713,0.0010000000000047748
38406000,1210,-12100,123680,-7190,-5699,124376,101,19229,414,0,27714,0.0009999999999976694
38407000,-1700,10483,130488,-8229,7892,125737,109,19227,446,0,27715,0.0009999999999976694
38408000,-2127,7456,127134,-1724,6194,122485,137,19224,561,1,27716,0.0010000000000047748
38409000,-8460,10861,126638,-15256,4368,126545,115,19232,471,1,27717,0.0009999999999976694
38410000,-5522,2529,125473,-17632,5636,135331,100,19232,471,1,27718,0.0009999999999976694
38411000,2050,7436,125046,12069,862,111163,128,19228,410,0,27719,0.0010000000000047748
38412000,68,-2122,126222,2884,-13173,133132,128,19232,524,0,27720,0.0009999999999976694
38413000,1306,-1050,126202,-10185,-726,124807,109,19228,446,0,27721,0.0009999999999976694
38414000,-50,7162,128580,-3480,3834,125428,111,19223,455,1,27722,0.0010000000000047748
38415000,-1949,6160,126748,1147,7708,128622,136,19230,557,1,27723,0.0009999999999976694
38416000,-3661,15340,125355,-5180,7761,116938,103,19230,557,1,27724,0.0009999999999976694
38417000,4260,344,123170,-2250,-3353,131883,105,19231,422,0,27725,0.0010000000000047748
38418000,9956,4235,125019,8847,581,118893,105,19227,430,0,27726,0.0009999999999976694
38419000,10732,-5093,124322,8204,-9451,130762,95,19230,389,0,27727,0.0009999999999976694
38420000,6369,-385,126481,3162,-4542,123317,113,19227,463,0,27728,0.0010000000000047748
38421000,3058,-1194,127456,2989,-7751,122113,132,19227,541,1,27729,0.0009999999999976694
38422000,2515,6953,130408,3326,6583,138187,113,19227,541,1,27730,0.0009999999999976694
38423003,6446,10383,124468,304,7783,116754,99,19228,463,1,27731,0.001003000000004306
38424000,9131,8445,127196,11768,4338,123372,99,19229,405,0,27732,0.0009969999999981383
38425002,9130,180,124844,2786,-5832,124791,146,19230,598,0,27733,0.0010019999999997253
38426000,10822,-19103,127281,10991,-22962,138349,109,19232,446,0,27734,0.0009979999999956135
38427003,2144,2881,132049,5334,876,126469,107,19225,438,1,27735,0.001003000000004306
38428000,3123,6362,130513,-8852,3450,127277,129,19225,438,1,27736,0.0009969999999981383
38429000,-1128,6494,130807,7035,2520,126999,110,19225,528,1,27737,0.0009999999999976694
38430000,1076,-970,128705,-842,-6048,125272,110,19233,451,1,27738,0.0010000000000047748
38431000,10718,-10541,125550,-5779,-13797,124432,107,19220,438,0,27739,0.0009999999999976694
38432000,7609,1224,132722,21624,-431,128742,107,19232,438,0,27740,0.0009999999999976694
38433000,4495,-13721,127120,2020,-18526,136344,106,19230,434,0,27741,0.0010000000000047748
38434001,-1814,8469,133644,-18639,6397,120638,120,19230,491,1,27742,0.0010009999999951447
38435000,-5926,2951,132058,-6030,248,135923,111,19221,491,1,27743,0.0009990000000001942
38436001,-8173,6465,129837,7244,5023,122574,97,19226,455,1,27744,0.00100100000000225
38437000,-1639,-2150,127790,-17272,-17835,133216,97,19227,397,0,27745,0.0009990000000001942
38438000,-71,-5139,128698,-15265,-2385,127916,134,19226,549,0,27746,0.0009999999999976694
38439000,3659,4817,130556,10977,-2852,123865,112,19226,459,0,27747,0.0010000000000047748
38440000,-5787,3388,131788,-24036,2634,128209,113,19226,463,0,27748,0.0009999999999976694
38441003,-7339,2357,131133,-14128,-4134,130725,149,19225,463,1,27749,0.0010029999999972006
38442000,-9900,2381,130631,-3617,2255,130969,115,19230,610,1,27750,0.0009970000000052437
38443000,-6260,11642,129868,-11669,6177,122039,115,19232,471,1,27751,0.0009999999999976694
38444000,-2865,7360,128587,-9646,-3036,126262,106,19222,434,0,27752,0.0009999999999976694
38445001,-4266,-5884,126985,301,-8029,132748,141,19232,577,0,27753,0.00100100000000225
38446000,-205,915,126660,-6557,-2633,122599,101,19232,414,0,27754,0.0009990000000001942
38447000,-3955,9048,128486,-14647,3701,127896,116,19231,414,1,27755,0.0009999999999976694
38448000,-8181,10232,128497,-6990,6655,121964,113,19220,475,1,27756,0.0010000000000047748
38449000,-7028,6428,127681,-10642,5457,128307,113,19226,463,1,27757,0.0009999999999976694
38450000,1310,5040,127169,-1251,2667,126284,106,19232,434,1,27758,0.0009999999999976694
38451000,-756,666,123382,-1170,-5503,123471,125,19228,512,0,27759,0.0010000000000047748
38452000,4488,5250,123616,-6849,-2195,125363,101,19229,414,0,27760,0.0009999999999976694
38453000,1289,2975,124779,-2662,3752,124759,108,19229,414,0,27761,0.0009999999999976694
38454000,82,6701,127065,-132,5037,127012,151,19228,442,1,27762,0.0010000000000047748
38455000,-3239,8928,125633,-4095,6010,123281,151,19228,618,1,27763,0.0009999999999976694
38456000,-589,15212,126471,-6125,8040,123154,114,19229,467,1,27764,0.0009999999999976694
38457000,9533,12650,123459,16237,16435,121716,96,19225,393,0,27765,0.0010000000000047748
38458002,8465,-2958,123528,5421,-8960,123412,103,19229,422,0,27766,0.0010019999999997253
38459001,9416,-12770,126166,599,-13622,133898,112,19229,422,0,27767,0.0009990000000001942
38460003,3546,2395,126228,7575,2953,123556,121,19226,459,0,27768,0.0010019999999997253
38461002,2751,9319,129478,1706,5653,123985,121,19222,496,1,27769,0.0009990000000001942
38462003,2984,8264,128340,-1204,6324,125602,115,19230,471,1,27770,0.0010009999999951447
38463000,6803,4089,125814,7823,-1969,126229,103,19228,422,1,27771,0.0009970000000052437
38464000,11286,567,126765,9666,-2515,123355,116,19220,475,0,27772,0.0009999999999976694
38465000,8928,7704,129616,5589,-873,125009,93,19220,475,0,27773,0.0009999999999976694
38466000,7817,-10567,125926,11062,-13795,137459,105,19227,381,0,27774,0.0010000000000047748
38467000,2245,5566,130718,-2083,7910,121141,105,19228,430,1,27775,0.0009999999999976694
38468000,2648,12272,131662,-4204,8944,130487,135,19231,553,1,27776,0.0009999999999976694
38469000,2933,11402,127385,6501,10937,121281,113,19226,463,1,27777,0.0010000000000047748
38470002,4729,1665,128976,-90,-2540,127068,101,19228,414,1,27778,0.0010019999999997253
38471000,12933,-24343,125411,147,-26437,140881,154,19228,414,0,27779,0.0009979999999956135
38472000,8673,3087,130473,22878,4070,116968,106,19233,631,0,27780,0.0010000000000047748
38473000,1245,-1399,129846,-5566,-6849,138165,106,19230,434,0,27781,0.0009999999999976694
38474000,720,15429,132104,-24182,15513,121917,108,19222,442,1,27782,0.0009999999999976694
38475000,-3379,7971,134241,6216,3128,129569,137,19230,561,1,27783,0.0010000000000047748
38476000,-7173,-7660,130522,7301,-10109,133577,105,19238,430,1,27784,0.0009999999999976694
38477000,-463,-573,131064,-26172,-4420,122810,111,19238,455,0,27785,0.0009999999999976694
38478000,-1662,-5985,129111,-128,-10228,126896,88,19219,455,0,27786,0.0010000000000047748
38479000,2773,8250,130802,8238,6636,125274,110,19230,360,0,27787,0.0009999999999976694
38480000,-8719,-3457,130933,-20024,-7468,138180,110,19231,451,0,27788,0.0009999999999976694
38481002,-9587,12712,131428,-17818,11112,119431,131,19227,537,1,27789,0.0010019999999997253
38482000,-5602,3745,128623,-7958,-1830,136305,116,19229,475,1,27790,0.000998000000002719
38483000,-6395,5509,131451,-2250,7458,123072,99,19229,405,1,27791,0.0009999999999976694
38484000,1429,-1476,125365,-11539,-10310,127865,149,19229,405,0,27792,0.0010000000000047748
38485000,-6464,-3714,125691,-7115,-3414,131232,104,19225,610,0,27793,0.0009999999999976694
38486000,-24,7221,127502,-5993,4514,117753,104,19230,426,0,27794,0.0009999999999976694
38487000,-3329,5097,128390,-384,-110,137205,108,19222,442,1,27795,0.0009999999999976694
38488000,-8813,5894,127361,-9985,7151,120493,128,19228,524,1,27796,0.0010000000000047748
38489000,-6145,6094,128210,-14767,4055,127351,112,19228,459,1,27797,0.0009999999999976694
38490000,-2899,9249,127073,2632,6455,122025,109,19226,459,1,27798,0.0009999999999976694
38491000,4304,0,124630,1437,-10135,128661,93,19225,446,0,27799,0.0010000000000047748
38492002,-100,-10931,124303,-8458,1486,131405,93,19226,381,0,27800,0.0010019999999997253
38493000,1515,11018,124792,-7633,3764,117150,112,19229,459,0,27801,0.0009979999999956135
38494000,-437,11365,127103,3326,3683,130261,126,19223,516,1,27802,0.0010000000000047748
38495002,-3425,9701,126496,-7623,7650,122411,113,19228,463,1,27803,0.0010019999999997253
38496000,3116,7369,126822,1657,544,124343,97,19228,463,1,27804,0.0009979999999956135
38497000,3980,-109,122969,11042,-1764,127377,134,19231,397,0,27805,0.0010000000000047748
38498000,10754,3865,124077,-2461,-550,118221,134,19235,549,0,27806,0.0009999999999976694
38499000,9850,1469,125351,13237,-4923,127668,108,19228,442,0,27807,0.0009999999999976694
38500000,4741,-1384,125708,7192,-3563,125700,109,19225,446,1,27808,0.0010000000000047748
38501000,3283,1296,127645,-10247,7995,128193,138,19231,565,1,27809,0.0009999999999976694
38502000,3861,6296,129717,11133,3856,125706,110,19231,565,1,27810,0.0009999999999976694
38503000,9223,1172,123547,9541,-3206,126888,100,19233,451,1,27811,0.0010000000000047748
38504000,6305,5089,124905,-7906,12511,125025,100,19224,410,0,27812,0.0009999999999976694
38505000,14813,-4309,126185,17830,-14330,128020,120,19232,491,0,27813,0.0009999999999976694
38506000,6635,-12632,125675,22141,-15554,132563,104,19229,426,0,27814,0.0010000000000047748
38507000,1905,7432,133065,-16780,2785,129293,114,19223,467,1,27815,0.0009999999999976694
38508000,941,9343,131596,-3512,5476,122403,109,19223,467,1,27816,0.0009999999999976694
38509002,-278,15643,131103,16666,11322,126999,100,19228,446,1,27817,0.0010019999999997253
38510000,3835,-2825,127357,-9412,-8766,134172,100,19228,410,1,27818,0.000998000000002719
38511000,8715,-12089,125972,473,-13527,122943,125,19226,512,0,27819,0.0009999999999976694
38512000,10973,-1194,131495,22865,-4351,133666,99,19229,405,0,27820,0.0010000000000047748
38513000,1872,-7948,128461,-8410,-8093,131107,108,19228,442,0,27821,0.0009999999999976694
38514002,974,14856,135378,-20251,12654,122862,147,19228,442,1,27822,0.0010019999999997253
38515000,-6008,1046,131088,8352,-1982,134761,109,19227,602,1,27823,0.000998000000002719
38516000,-10069,-1071,130403,-12275,-2211,130884,109,19232,446,1,27824,0.0009999999999976694
38517000,2601,-3722,128810,-17598,-9068,129244,97,19232,397,0,27825,0.0009999999999976694
38518000,-1327,-6187,127038,7594,-8857,129022,117,19232,479,0,27826,0.0010000000000047748
38519002,1606,6810,132136,39,1696,125876,110,19227,451,0,27827,0.0010019999999997253
38520000,-8862,262,131669,-18154,-3666,130177,121,19227,496,1,27828,0.0009979999999956135
38521000,-8234,7796,132139,-11808,5837,128931,111,19219,496,1,27829,0.0010000000000047748
38522000,-13450,9144,131264,-12092,5209,126867,103,19228,455,1,27830,0.0009999999999976694
38523000,-2200,6788,130871,-13249,3906,123610,103,19230,422,1,27831,0.0009999999999976694
38524000,-6181,-4702,125278,-3642,-8463,130913,118,19220,483,0,27832,0.0010000000000047748
38525000,-4156,-7076,124836,-10059,-10106,121605,90,19231,369,0,27833,0.0009999999999976694
38526000,654,11154,129985,-6496,8614,126471,106,19231,434,0,27834,0.0009999999999976694
38527000,-5355,-1296,129394,-2211,-4206,130284,138,19232,434,1,27835,0.0010000000000047748
38528000,-7438,14458,129667,-12702,11666,119476,115,19228,565,1,27836,0.0009999999999976694
38529000,-9367,12762,127785,-15419,4541,122163,115,19233,471,1,27837,0.0009999999999976694
38530000,2086,7250,125887,-882,232,126910,98,19227,401,0,27838,0.0010000000000047748
38531000,-43,-5876,124004,3910,-15133,127961,125,19235,512,0,27839,0.0009999999999976694
38532000,2368,-1391,122354,-7953,3990,122434,114,19235,467,0,27840,0.0009999999999976694
38533000,1532,8699,128057,-5572,6253,123999,119,19229,467,0,27841,0.0010000000000047748
38534001,-1064,6477,125236,-735,15104,120832,138,19221,487,1,27842,0.0010009999999951447
38535000,11,11059,126907,-6726,4872,127230,138,19225,565,1,27843,0.0009990000000001942
38536000,1280,2155,122739,3247,2676,122197,104,19233,426,1,27844,0.0010000000000047748
38537000,10158,8171,124458,9409,-2634,122112,112,19224,459,0,27845,0.0009999999999976694
38538003,7078,-536,126032,6386,-20136,125495,97,19224,397,0,27846,0.0010029999999972006
38539000,5770,-1683,126924,11791,-4835,138283,114,19227,397,0,27847,0.0009970000000052437
38540000,3905,-4733,128334,-2942,-9988,120905,135,19227,467,1,27848,0.0009999999999976694
38541000,350,13155,128077,-3705,14806,117789,135,19222,553,1,27849,0.0009999999999976694
38542000,2222,13755,128437,8657,2891,129260,116,19229,475,1,27850,0.0010000000000047748
38543000,8344,-189,124268,5013,-191,121646,98,19230,401,1,27851,0.0009999999999976694
38544000,13294,1202,127752,6061,-4028,129501,148,19232,606,0,27852,0.0009999999999976694
38545001,8486,-7910,125872,11125,-12921,128127,107,19232,606,0,27853,0.00100100000000225
38546000,9283,-1428,126703,5909,-7242,128174,108,19232,438,0,27854,0.0009990000000001942
38547000,2859,996,131304,-7511,-2519,128744,108,19226,442,1,27855,0.0009999999999976694
38548000,1746,8452,129478,972,8168,126158,126,19226,516,1,27856,0.0009999999999976694
38549000,205,18311,131153,6025,9843,119969,107,19232,438,1,27857,0.0010000000000047748
38550000,4155,-1145,126626,-5058,-13651,133629,109,19226,446,0,27858,0.0009999999999976694
38551000,10429,-11963,126410,19323,-4687,132006,109,19226,446,0,27859,0.0009999999999976694
38552001,4222,-94,129447,3115,-5803,123403,105,19231,446,0,27860,0.00100100000000225
38553000,5558,4523,132070,-19773,4309,127100,105,19232,430,0,27861,0.0009990000000001942
38554002,-302,8683,133784,4364,630,132258,123,19219,504,1,27862,0.0010019999999997253
38555003,-6783,-6182,130521,603,-11379,131513,113,19229,463,1,27863,0.00100100000000225
38556000,-6633,2937,131389,-20876,418,121550,97,19228,397,1,27864,0.0009969999999981383
38557000,-231,-18,131387,-7117,-7912,133576,135,19228,397,0,27865,0.0009999999999976694
38558000,676,3416,128638,12985,1493,123175,103,19224,553,0,27866,0.0010000000000047748
38559000,-2911,-1070,129681,-11830,-6304,130924,103,19229,422,0,27867,0.0009999999999976694
38560000,-8113,2080,131082,-19596,3531,129947,112,19226,459,1,27868,0.0009999999999976694
38561002,-7632,7674,131579,-6507,5490,129497,150,19227,614,1,27869,0.0010019999999997253
38562002,-8047,11545,130789,-7685,9902,129094,113,19229,463,1,27870,0.0010000000000047748
38563000,-1240,12128,126783,-6060,9925,120792,101,19229,463,1,27871,0.0009979999999956135
38564000,-4787,-7248,125794,-11261,-9013,133164,143,19226,414,0,27872,0.0010000000000047748
38565000,2787,-9581,127270,-2474,-12068,132033,143,19229,586,0,27873,0.0009999999999976694
38566000,-2261,6881,128301,-2788,3838,126191,104,19230,426,0,27874,0.0009999999999976694
38567003,-5929,7051,126778,-12258,3586,121685,118,19221,483,1,27875,0.001003000000004306
38568000,-4553,19572,130292,-13457,15484,123424,114,19230,467,1,27876,0.0009969999999981383
38569000,-6848,-4829,124954,-2020,-10407,134666,106,19230,434,1,27877,0.0009999999999976694
38570000,-1247,7171,127103,546,5537,116897,129,19226,434,0,27878,0.0010000000000047748
38571002,-2780,10512,127194,-13781,8188,122671,101,19230,528,0,27879,0.0010019999999997253
38572002,2011,-6924,122781,6606,-10736,129790,101,19224,414,0,27880,0.0009999999999976694
38573002,1077,4023,127496,-2669,1040,128849,109,19225,446,0,27881,0.0009999999999976694
38574000,-3143,-1075,124438,-6949,-4121,122666,149,19229,610,1,27882,0.000998000000002719
38575000,219,32212,128952,3460,30731,116777,112,19229,459,1,27883,0.0009999999999976694
38576000,6111,-898,123450,-4594,-13088,136645,98,19233,459,1,27884,0.0010000000000047748
38577000,9814,-3040,122624,10380,3774,118397,106,19225,401,0,27885,0.0009999999999976694
38578000,8496,4147,123882,9113,-6654,124270,106,19232,434,0,27886,0.0009999999999976694
38579000,6690,-3203,123445,3141,-361,125096,113,19225,463,0,27887,0.0010000000000047748
38580000,6061,-147,128872,6971,-8303,134403,117,19221,479,1,27888,0.0009999999999976694
38581000,662,206,126996,-1370,6192,125888,111,19221,455,1,27889,0.0009999999999976694
38582000,5641,25399,129430,7833,10244,115841,105,19228,455,1,27890,0.0010000000000047748
38583000,4198,-3752,123176,9157,-8568,132820,120,19231,430,1,27891,0.0009999999999976694
38584000,13514,1045,127997,-1460,-1239,122226,120,19222,491,0,27892,0.0009999999999976694
38585000,9048,-9985,126534,17725,-19632,136163,93,19232,381,0,27893,0.0010000000000047748
38586000,5362,-9085,130590,195,-1439,125684,104,19227,426,0,27894,0.0009999999999976694
38587000,2824,18995,130995,-7554,2241,127061,131,19225,537,1,27895,0.0009999999999976694
38588000,-1366,3974,130216,7446,-1289,134746,113,19225,537,1,27896,0.0010000000000047748
38589000,2962,5191,128314,1341,2422,121267,100,19234,463,1,27897,0.0009999999999976694
38590000,5219,-11,129353,-5806,-11585,130360,100,19224,410,0,27898,0.0009999999999976694
38591000,10520,-4032,128837,15156,-9102,125140,161,19231,659,0,27899,0.0010000000000047748
38592000,7510,-2891,130345,10525,-11856,137063,111,19231,455,0,27900,0.0009999999999976694
38593000,-2776,-4274,130517,-19602,3992,128313,111,19219,455,0,27901,0.0009999999999976694
38594000,1483,17270,133124,-13093,12512,122310,134,19219,455,1,27902,0.0010000000000047748
38595000,-6060,3781,131572,11083,-1768,135946,107,19229,549,1,27903,0.0009999999999976694
38596000,-1564,-3183,129032,-13453,-9909,127357,107,19230,438,1,27904,0.0009999999999976694
38597002,-697,-11573,127820,-15775,-12235,136411,112,19222,459,0,27905,0.0010019999999997253
38598000,5043,-491,129829,8307,7057,121815,89,19232,365,0,27906,0.000998000000002719
38599000,-1158,12695,130827,-1675,4342,125005,105,19229,430,0,27907,0.0009999999999976694
38600000,-8247,-5150,129816,-23580,-9524,141876,130,19229,430,1,27908,0.0010000000000047748
38601000,-9864,5197,131351,-9361,2157,127041,115,19225,532,1,27909,0.0009999999999976694
38602000,-10049,9949,130788,-4194,7194,125816,115,19230,471,1,27910,0.0009999999999976694
38603000,-498,12961,130470,-9251,9862,119441,101,19231,414,1,27911,0.0010000000000047748
38604000,-4807,-6606,125817,-11522,-12734,133562,151,19233,618,0,27912,0.0009999999999976694
38605000,-244,-8144,125762,-5199,-7318,130072,102,19232,418,0,27913,0.0009999999999976694
38606000,-1948,12824,127927,-4856,12506,119464,106,19232,418,0,27914,0.0010000000000047748
38607000,-7093,9815,128366,-8692,7994,126561,127,19228,434,1,27915,0.0009999999999976694
38608002,-4508,8421,127076,-12353,3266,123719,127,19228,520,1,27916,0.0010019999999997253
38609000,-3614,-5954,125740,-7583,-10676,136897,113,19228,463,1,27917,0.000998000000002719
38610000,2054,7788,125732,-1726,8540,114253,109,19225,446,0,27918,0.0009999999999976694
38611000,2150,2894,125300,3036,-981,123950,84,19233,344,0,27919,0.0009999999999976694
38612000,46,-6562,124269,-297,-9896,131719,109,19233,446,0,27920,0.0009999999999976694
38613000,-1846,6943,127201,-7473,4525,123729,127,19231,446,1,27921,0.0010000000000047748
38614000,-3922,9610,126909,-5517,7340,124335,114,19219,520,1,27922,0.0009999999999976694
38615000,-2964,18715,127656,6915,15662,120216,114,19230,467,1,27923,0.0009999999999976694
38616000,4994,221,123175,-9688,-5105,126657,96,19227,393,1,27924,0.0010000000000047748
38617000,8661,-1187,124840,3672,-4952,124809,133,19232,545,0,27925,0.0009999999999976694
38618000,11258,-3137,123195,16524,-6602,123448,109,19232,446,0,27926,0.0009999999999976694
38619000,6027,-8396,124013,-3310,-13421,125969,117,19228,446,0,27927,0.0010000000000047748
38620000,1735,3301,128261,4697,304,130019,137,19225,479,1,27928,0.0009999999999976694
38621000,2838,1861,125729,1371,-854,124062,137,19231,561,1,27929,0.0009999999999976694
38622000,3870,16698,131395,705,15635,118824,109,19229,446,1,27930,0.0010000000000047748
38623000,10805,267,123258,8814,91,127447,100,19221,410,0,27931,0.0009999999999976694
38624000,9055,-2115,128304,4605,-5867,132240,110,19221,451,0,27932,0.0009999999999976694
38625000,8612,-7798,124890,10001,-16333,128420,106,19234,451,0,27933,0.0010000000000047748
38626000,3854,-7005,125770,5055,-876,128116,117,19230,434,0,27934,0.0009999999999976694
38627000,-745,8293,132389,-2543,16718,126216,117,19222,479,1,27935,0.0009999999999976694
38628000,4280,6541,131417,7626,9097,128637,110,19227,451,1,27936,0.0010000000000047748
38629000,794,4546,129686,4811,-2274,127114,101,19230,414,1,27937,0.0009999999999976694
38630000,7621,-9684,126637,-2935,-18464,132218,128,19225,524,0,27938,0.0009999999999976694
38631001,6738,-10720,128295,20265,-10257,128613,101,19225,524,0,27939,0.00100100000000225
38632000,3302,-5908,129140,1135,-10742,132108,108,19228,414,0,27940,0.0009990000000001942
38633000,2204,8552,132511,-27842,9049,127938,108,19227,442,1,27941,0.0009999999999976694
38634000,-5562,19380,136793,6976,9559,116922,148,19226,606,1,27942,0.0010000000000047748
38635002,-5870,2152,128449,2395,-8332,135463,109,19230,446,1,27943,0.0010019999999997253
38636002,-4280,-13359,128629,-22864,-17101,135282,98,19224,401,1,27944,0.0009999999999976694
38637000,-84,-8237,128846,464,-9924,125675,120,19224,401,0,27945,0.000998000000002719
38638000,6261,7314,130069,5119,5605,125805,112,19232,491,0,27946,0.0009999999999976694
38639000,-7338,12033,131934,-14272,2632,123771,112,19230,459,0,27947,0.0009999999999976694
38640000,-5999,2614,130158,-16947,-3138,134500,121,19218,496,1,27948,0.0010000000000047748
38641000,-9487,-4025,128380,-4295,656,131520,115,19227,471,1,27949,0.0009999999999976694
38642002,-7563,13793,131691,-9107,13265,123325,105,19233,430,1,27950,0.0010019999999997253
38643000,-1020,8781,128858,-11570,-593,122890,122,19233,430,0,27951,0.000998000000002719
38644000,-5545,-7987,124109,-6110,-13416,134772,90,19220,500,0,27952,0.0009999999999976694
38645003,404,-4393,127214,-1741,-4978,133997,90,19230,369,0,27953,0.0010029999999972006
38646002,-4258,12450,126843,-9891,11942,111107,107,19228,438,0,27954,0.0009990000000001942
38647000,-4440,15135,129597,-12484,9293,126093,142,19224,582,1,27955,0.000998000000002719
38648000,-7733,5551,128067,-11027,851,129381,118,19227,483,1,27956,0.0009999999999976694
38649001,-1127,887,125038,-7789,-1625,124579,105,19227,483,1,27957,0.00100100000000225
38650000,-1186,3964,126345,3528,-1372,128127,127,19225,430,0,27958,0.0009990000000001942
38651000,-1520,-537,124137,-4575,-5358,121111,127,19232,520,0,27959,0.0009999999999976694
38652000,3954,4900,124974,-8165,3657,125409,109,19228,446,0,27960,0.0010000000000047748
38653000,-667,6708,128067,1744,4077,124552,114,19222,467,1,27961,0.0009999999999976694
38654000,-2280,14916,125360,-976,11018,121512,140,19229,573,1,27962,0.0009999999999976694
38655000,-2649,16734,126839,-6939,11567,124795,107,19229,573,1,27963,0.0010000000000047748
38656001,7450,3352,122999,3351,1671,125069,108,19232,438,0,27964,0.0010009999999951447
38657000,12301,2685,125896,16577,734,129217,108,19228,442,0,27965,0.0009990000000001942
38658000,9150,-5352,122663,199,-7832,120430,94,19227,385,0,27966,0.0010000000000047748
38659000,6705,-3252,127868,5083,-7035,130109,113,19225,463,0,27967,0.0009999999999976694
38660000,1553,233,125504,5151,-2209,128169,135,19224,553,1,27968,0.0009999999999976694
38661000,5731,14909,129057,-4288,14496,121058,115,19224,471,1,27969,0.0010000000000047748
38662000,5653,10562,126574,13710,6915,128020,99,19234,471,1,27970,0.0009999999999976694
38663000,11250,1575,125069,1322,-3289,116492,145,19227,405,0,27971,0.0009999999999976694
38664000,10673,-2250,130951,7017,-5465,131916,145,19232,594,0,27972,0.0010000000000047748
38665000,6719,-12715,127637,16069,-15509,134403,104,19227,426,0,27973,0.0009999999999976694
38666000,2731,1525,131215,-3198,-2478,128427,106,19227,434,1,27974,0.0009999999999976694
38667000,-2048,12019,131188,-4960,8356,121774,128,19227,524,1,27975,0.0010000000000047748
38668002,1930,4776,128902,1570,3232,133282,111,19228,524,1,27976,0.0010019999999997253
38669000,5760,12293,129840,8632,9946,125560,108,19233,455,1,27977,0.0009979999999956135
38670000,11726,-10324,124965,-3355,-12716,129000,108,19221,442,0,27978,0.0010000000000047748
38671000,10062,-6411,130646,15281,-5097,132515,114,19232,467,0,27979,0.0009999999999976694
38672000,1055,-4686,127396,9115,-8916,125590,106,19230,434,0,27980,0.0009999999999976694
38673000,4042,3471,131075,-21693,7782,133313,121,19225,496,1,27981,0.0009999999999976694
38674000,-8260,7614,135259,-382,3161,128576,111,19225,496,1,27982,0.0010000000000047748
38675000,-4380,4074,127855,-9544,-3003,125370,97,19230,455,1,27983,0.0009999999999976694
38676000,321,-135,129834,-16623,-6375,129440,97,19228,397,0,27984,0.0009999999999976694
38677000,12,-9715,129314,8331,-13410,131397,137,19227,561,0,27985,0.0010000000000047748
38678000,4489,3779,129504,-3823,5148,125666,105,19228,430,0,27986,0.0009999999999976694
38679000,-8070,6047,131929,-20723,-1596,129892,112,19224,459,0,27987,0.0009999999999976694
38680000,-8001,-1255,132323,-7266,-230,132049,148,19224,459,1,27988,0.0010000000000047748
38681000,-7909,15157,130100,-14431,6304,125389,112,19224,606,1,27989,0.0009999999999976694
38682000,-6286,6597,129215,-13974,796,128787,112,19232,459,1,27990,0.0009999999999976694
38683000,-181,2272,129268,-2738,-4054,125995,105,19221,430,0,27991,0.0010000000000047748
38684000,-4569,-4790,124348,-7691,-5453,125234,153,19232,627,0,27992,0.0009999999999976694
38685000,-1069,1286,128931,-6938,-1012,129627,106,19232,434,0,27993,0.0009999999999976694
38686000,-5564,2215,127678,-8718,3890,121984,114,19232,434,1,27994,0.0010000000000047748
38687000,-6100,13046,128704,-10223,12823,130714,110,19221,467,1,27995,0.0009999999999976694
38688000,-8648,5540,125177,-8560,9520,120015,110,19226,451,1,27996,0.0009999999999976694
38689000,11,10792,126931,-7345,5710,122725,104,19229,426,1,27997,0.0010000000000047748
38690000,3461,-1912,124496,4463,-4395,131868,130,19228,532,0,27998,0.0009999999999976694
38691000,2269,-7553,124478,-3623,-10979,124816,113,19229,463,0,27999,0.0009999999999976694
38692001,2449,-3886,126824,-5629,1253,130341,113,19229,463,0,28000,0.00100100000000225
38693000,-3936,17349,126148,-1603,12822,114961,149,19222,463,1,28001,0.0009990000000001942
38694003,-1625,6828,126912,-3519,-2446,135936,149,19226,610,1,28002,0.0010029999999972006
38695000,-839,2802,124333,733,130,123864,114,19230,467,1,28003,0.0009970000000052437
38696000,5895,13881,125040,656,7802,117669,100,19228,410,0,28004,0.0009999999999976694
38697003,8956,6634,125317,9040,-746,121902,108,19231,442,0,28005,0.0010029999999972006
38698002,8171,-8471,125284,11042,-11445,127947,111,19231,442,0,28006,0.0009990000000001942
38699000,4377,-6571,126141,-4163,-7426,140717,115,19228,455,0,28007,0.000998000000002719
38700000,3193,17387,127907,4371,20003,111960,115,19223,471,1,28008,0.0009999999999976694
38701000,5334,10852,129283,5801,5783,129073,113,19228,463,1,28009,0.0010000000000047748
38702000,8354,-236,124413,2718,-2973,126816,104,19233,426,1,28010,0.0009999999999976694
38703001,11909,-4594,125527,2457,-7980,128950,117,19223,479,0,28011,0.00100100000000225
38704003,11338,-813,127016,10752,-1141,126882,102,19223,418,0,28012,0.0010019999999997253
38705000,6490,-5579,127022,16461,-10861,124737,105,19229,418,0,28013,0.0009969999999981383
38706000,3320,-1441,130309,-8316,-4155,135312,130,19227,430,1,28014,0.0009999999999976694
38707000,1684,13336,130896,-4688,9274,127918,130,19227,532,1,28015,0.0010000000000047748
38708000,1409,10941,131226,13609,8727,124837,113,19231,463,1,28016,0.0009999999999976694
38709000,3633,8641,130276,-1293,5169,125446,102,19226,418,1,28017,0.0009999999999976694
38710000,9721,-19699,127292,-5920,-24465,136545,162,19226,664,0,28018,0.0010000000000047748
38711002,9981,-4487,131865,24955,-7649,130003,103,19232,664,0,28019,0.0010019999999997253
38712000,905,6189,129279,-976,3487,124040,103,19234,422,0,28020,0.0009979999999956135
38713002,420,12968,132759,-24151,10234,125209,103,19221,422,1,28021,0.0010019999999997253
38714000,-2422,1350,132947,3992,-1840,140100,132,19227,541,1,28022,0.000998000000002719
38715001,-7644,-8169,128681,6460,-10685,129028,105,19230,430,1,28023,0.00100100000000225
38716000,-2789,6555,131945,-28770,4032,123231,110,19230,451,0,28024,0.0009990000000001942
38717000,87,-3473,129523,-1806,-7242,133658,89,19220,451,0,28025,0.0009999999999976694
38718000,1028,-2751,129055,10974,2949,128316,109,19231,365,0,28026,0.0009999999999976694
38719003,-7832,8389,130337,-23959,3906,127081,109,19226,446,0,28027,0.001003000000004306
38720002,-7406,3827,128962,-19053,9380,127440,133,19220,545,1,28028,0.0009990000000001942
38721002,-4544,4690,130699,-1371,-960,131178,115,19230,471,1,28029,0.0009999999999976694
38722001,-4376,600,128774,-7198,4177,126776,99,19231,405,1,28030,0.0009990000000001942
38723000,-4013,1893,128596,-13216,-3671,128712,149,19231,405,0,28031,0.0009990000000001942
38724000,-5324,-8015,124845,-2261,-6079,130024,111,19222,610,0,28032,0.0009999999999976694
38725001,-3262,9040,128685,-6522,7397,121149,111,19226,455,0,28033,0.00100100000000225
38726000,-5001,5233,126179,-11493,914,127786,110,19226,451,1,28034,0.0009990000000001942
38727000,-9056,8121,129734,-4817,105,123030,133,19229,545,1,28035,0.0009999999999976694
38728000,-4615,7152,130339,-10197,-1829,126166,110,19231,451,1,28036,0.0010000000000047748
38729000,-1257,8264,127740,6300,6647,122495,109,19231,451,0,28037,0.0009999999999976694
38730000,-3136,3420,125751,-8619,-3097,129624,83,19227,446,0,28038,0.0009999999999976694
38731000,2331,-10058,120825,-12712,-6061,121872,83,19229,340,0,28039,0.0010000000000047748
38732000,1603,7641,126719,4369,9236,129425,106,19232,434,0,28040,0.0009999999999976694
38733000,220,4398,125419,4292,1957,121411,122,19222,500,1,28041,0.0009999999999976694
38734000,-6056,19458,125074,-6941,20216,117923,111,19232,455,1,28042,0.0010000000000047748
38735000,6161,-5920,124326,-4820,-9470,136952,94,19232,455,1,28043,0.0009999999999976694
38736000,10923,4417,124466,19126,3128,112242,133,19231,385,0,28044,0.0009999999999976694
38737000,7806,4223,124731,8839,-8667,130203,133,19235,545,0,28045,0.0009999999999976694
38738000,4187,-6401,123794,-3704,-8816,123432,110,19228,451,0,28046,0.0010000000000047748
38739000,4010,-2166,127648,6810,-4786,135315,112,19224,459,1,28047,0.0009999999999976694
38740000,2896,3002,127637,5187,4304,120750,136,19229,557,1,28048,0.0009999999999976694
38741000,548,23087,128845,-1813,15049,114443,110,19229,557,1,28049,0.0010000000000047748
38742000,6306,2446,127258,5908,-3515,132387,100,19231,451,1,28050,0.0009999999999976694
38743000,13178,1676,125346,5247,-4422,122948,100,19223,410,0,28051,0.0009999999999976694
38744000,9783,-13683,126012,16147,-14358,138357,115,19234,471,0,28052,0.0010000000000047748
38745002,6005,-5980,127747,6535,-5833,118035,103,19230,422,0,28053,0.0010019999999997253
38746000,4815,3271,128556,-9184,-1065,133070,114,19224,467,1,28054,0.0009979999999956135
38747000,108,10621,130689,8215,8885,128039,113,19224,467,1,28055,0.0010000000000047748
38748000,1014,4875,129605,1780,1110,126433,101,19233,463,1,28056,0.0009999999999976694
38749000,5058,-998,128216,-4902,-6098,128506,101,19228,414,0,28057,0.0009999999999976694
38750000,9363,-8126,127910,6860,-11686,126040,131,19221,537,0,28058,0.0010000000000047748
38751000,9666,-3293,129345,22106,-7998,145373,98,19231,401,0,28059,0.0009999999999976694
38752001,-995,1234,126744,-16982,-844,118422,103,19226,422,0,28060,0.00100100000000225
38753000,1907,10571,134304,-20120,8643,123147,149,19226,610,1,28061,0.0009990000000001942
38754000,-9152,4402,132514,19118,-870,128347,114,19229,610,1,28062,0.0009999999999976694
38755000,-2106,-6002,128399,-12398,-9538,133355,99,19232,467,1,28063,0.0009999999999976694
38756000,-5725,-9009,130835,-18947,-12717,135627,99,19224,405,0,28064,0.0010000000000047748
38757000,2092,6441,131157,1416,3019,117752,122,19230,500,0,28065,0.0009999999999976694
38758000,-1033,8258,131909,5612,5249,126970,107,19228,438,0,28066,0.0009999999999976694
38759000,-8411,-506,131448,-17304,-2971,132839,121,19228,496,1,28067,0.0010000000000047748
38760000,-9093,1828,130216,-19545,-974,129414,118,19221,496,1,28068,0.0009999999999976694
38761000,-11743,14930,130018,-4484,11604,118291,107,19230,483,1,28069,0.0009999999999976694
38762000,-2816,15725,130779,-13368,13960,132051,107,19231,438,1,28070,0.0010000000000047748
38763000,-4333,-2463,127067,-2370,-3555,127657,121,19215,496,0,28071,0.0009999999999976694
38764000,-1396,-7745,123845,-14516,-4449,128195,100,19228,410,0,28072,0.0009999999999976694
38765000,150,10002,130272,-4350,10104,122312,109,19230,446,0,28073,0.0010000000000047748
38766000,-2922,14645,126646,3554,6149,120245,144,19230,446,1,28074,0.0009999999999976694
38767000,-5302,3034,127115,-17567,-2819,137295,121,19226,590,1,28075,0.0009999999999976694
38768000,-7390,-941,127400,-4361,2412,121301,121,19227,496,1,28076,0.0010000000000047748
38769000,4812,12556,127056,2806,7242,121229,104,19229,426,0,28077,0.0009999999999976694
38770000,-2945,80,125276,-1565,-10055,127731,123,19230,504,0,28078,0.0009999999999976694
38771000,86,-2903,124706,-6541,-12232,126835,115,19229,471,0,28079,0.0010000000000047748
38772002,101,7409,126107,-1539,8296,124356,115,19229,471,0,28080,0.0010019999999997253
38773000,-2336,16749,127523,-2821,16720,118492,140,19224,471,1,28081,0.0009979999999956135
38774000,-59,4710,127192,-2655,1759,129928,140,19228,573,1,28082,0.0010000000000047748
38775000,4196,6647,123860,-4050,-4037,123038,103,19228,422,1,28083,0.0009999999999976694
38776000,10028,1114,123451,2664,-7396,129144,109,19226,446,0,28084,0.0009999999999976694
38777000,10534,1501,125324,14846,850,120409,96,19225,393,0,28085,0.0010000000000047748
38778003,5502,1667,126273,1119,-3605,125259,110,19225,393,0,28086,0.0010029999999972006
38779000,5118,-8272,125521,-924,-11304,133506,132,19228,451,1,28087,0.0009969999999981383
38780000,352,11322,128773,6128,2653,118015,132,19220,541,1,28088,0.0010000000000047748
38781002,5749,16443,126022,4621,12749,123629,113,19229,463,1,28089,0.0010019999999997253
38782000,8522,6920,126837,2137,3567,120758,96,19228,393,1,28090,0.0009979999999956135
38783003,11322,-2320,127184,6979,-10191,130038,150,19235,614,0,28091,0.001003000000004306
38784000,10609,-10141,125791,12849,-13925,133613,103,19235,614,0,28092,0.0009969999999981383
38785000,3469,-9194,127672,-421,-9376,127700,105,19230,422,0,28093,0.0009999999999976694
38786000,5410,2846,130994,-1908,15338,128290,105,19225,430,1,28094,0.0010000000000047748
38787000,220,17791,129132,2798,10134,118817,125,19230,512,1,28095,0.0009999999999976694
38788000,3575,576,128588,-1285,-10398,138636,108,19232,442,1,28096,0.0009999999999976694
38789002,6260,75,127883,990,-6438,121444,111,19223,455,0,28097,0.0010019999999997253
38790002,5910,-6883,130354,11124,-12664,127158,107,19223,455,0,28098,0.0010000000000047748
38791000,6128,718,132769,5864,-3072,129901,102,19232,438,0,28099,0.0009979999999956135
38792000,-685,-6661,131806,-15288,-9492,131553,102,19231,418,0,28100,0.0010000000000047748
38793000,-1147,6759,132938,-5173,4489,134006,119,19220,487,1,28101,0.0009999999999976694
38794000,-9086,11441,131595,1673,9133,118088,112,19227,459,1,28102,0.0009999999999976694
38795001,-3224,-2831,129478,-15918,-6641,135504,99,19232,405,1,28103,0.00100100000000225
38796000,2167,-10267,128582,-6789,-14696,132265,139,19232,569,0,28104,0.0009990000000001942
38797000,1164,-529,128771,8935,-4986,127828,105,19237,569,0,28105,0.0009999999999976694
38798001,-2729,16003,129582,-11093,16301,121351,110,19235,430,0,28106,0.00100100000000225
38799000,-6765,-3922,130519,-16717,-8476,133253,110,19223,451,1,28107,0.0009990000000001942
38800000,-6633,-2820,130671,-7926,-4362,140235,137,19226,561,1,28108,0.0009999999999976694
38801000,-9396,13849,128871,-9576,10748,121222,114,19226,467,1,28109,0.0009999999999976694
38802000,-3429,10968,130990,-10470,7800,123001,105,19226,430,1,28110,0.0010000000000047748
38803002,-1997,-2551,127235,-5525,-6268,130734,131,19221,430,0,28111,0.0010019999999997253
38804000,-1201,-12837,124729,-4298,-16228,137030,105,19231,537,0,28112,0.0009979999999956135
38805000,-2682,8607,129061,-8234,5405,121948,105,19231,430,0,28113,0.0010000000000047748
38806000,-4109,21471,129671,-13064,18528,125965,119,19220,487,1,28114,0.0009999999999976694
38807000,-5630,7371,126507,-287,2487,126902,113,19230,463,1,28115,0.0009999999999976694
38808000,-5885,2432,124505,-11539,-2547,127042,102,19230,418,1,28116,0.0010000000000047748
38809000,857,2290,125546,-7234,-328,126105,131,19229,418,0,28117,0.0009999999999976694
38810000,1763,15031,125728,3101,13591,118009,104,19228,537,0,28118,0.0009999999999976694
38811000,4870,-8814,125294,-156,-15752,138726,104,19229,426,0,28119,0.0010000000000047748
38812000,-1078,-3289,126723,-3230,4599,122184,110,19224,451,0,28120,0.0009999999999976694
38813000,-1896,17290,126298,-7040,14061,120639,153,19225,627,1,28121,0.0009999999999976694
38814001,-593,18579,126351,1399,16493,119703,110,19231,451,1,28122,0.00100100000000225
38815001,4670,6296,125287,1837,-9136,128015,98,19231,451,1,28123,0.0009999999999976694
38816000,7272,-6245,121146,6754,-6538,129458,95,19229,401,0,28124,0.0009990000000001942
38817001,10388,1357,124382,8346,2191,120975,95,19231,389,0,28125,0.00100100000000225
38818000,7879,-2583,126648,5753,-4331,128345,116,19226,475,0,28126,0.0009990000000001942
38819000,3608,2147,126148,3564,3629,125726,122,19218,500,1,28127,0.0009999999999976694
38820001,1845,4291,128439,2101,-88,129362,108,19229,442,1,28128,0.00100100000000225
38821000,4360,5643,127430,7416,298,125204,100,19229,442,1,28129,0.0009990000000001942
38822000,7449,11303,127147,4499,1012,120524,119,19232,410,0,28130,0.0009999999999976694
38823000,10657,4317,127940,10709,-5370,128319,119,19226,487,0,28131,0.0010000000000047748
38824000,8209,-10651,126418,9295,-16176,134240,97,19231,397,0,28132,0.0009999999999976694
38825000,6451,-2120,128486,-6441,-788,123875,107,19227,438,0,28133,0.0009999999999976694
38826000,2820,11064,130978,5109,12371,128538,137,19226,561,1,28134,0.0010000000000047748
38827000,1943,11352,130536,119,5647,123714,113,19226,561,1,28135,0.0009999999999976694
38828001,3357,6312,128115,82,4255,129077,97,19228,463,1,28136,0.00100100000000225
38829002,8209,-8042,128186,1399,-14736,133139,97,19228,397,0,28137,0.0010009999999951447
38830000,9161,-14038,129309,15706,-11380,127267,140,19232,573,0,28138,0.000998000000002719
38831000,3999,-2116,130363,6014,-7927,134383,108,19230,442,0,28139,0.0009999999999976694
38832000,-869,-516,131224,-20206,497,124758,113,19221,463,1,28140,0.0010000000000047748
38833000,-3266,9736,133267,-6524,10354,132596,132,19221,463,1,28141,0.0009999999999976694
38834000,-8096,6174,131820,8595,-2662,125174,101,19228,541,1,28142,0.0009999999999976694
38835000,-4161,-3399,126911,-13215,-7945,129297,101,19234,414,1,28143,0.0010000000000047748
38836000,-1802,-10223,130895,-14099,-14525,136510,112,19219,459,0,28144,0.0009999999999976694
38837000,3677,6374,129894,9883,2154,117477,104,19228,426,0,28145,0.0009999999999976694
38838000,-3323,1996,130727,-7563,-3074,134789,116,19229,475,0,28146,0.0010000000000047748
38839000,-8544,1231,131580,-24403,1148,126464,139,19229,569,1,28147,0.0009999999999976694
38840000,-8346,6057,129198,-6239,1819,132102,117,19225,569,1,28148,0.0009999999999976694
38841000,-7215,7073,129473,-3769,5216,125842,101,19231,479,1,28149,0.0010000000000047748
38842000,-2614,12425,130466,-10045,7496,121603,101,19228,414,0,28150,0.0009999999999976694
38843000,-3926,-9921,125276,-11599,-14872,132440,156,19228,639,0,28151,0.0009999999999976694
38844000,-2325,2483,127480,-1419,-237,122448,111,19232,455,0,28152,0.0010000000000047748
38845000,-2680,4795,128334,-11409,2347,138250,108,19232,442,0,28153,0.0009999999999976694
38846002,-6918,9345,126118,-6316,7462,112405,129,19223,442,1,28154,0.0010019999999997253
38847001,-5464,10485,128169,-11683,5689,126434,110,19230,528,1,28155,0.0009990000000001942
38848002,-630,1464,126350,-7673,-1985,131802,110,19230,451,1,28156,0.00100100000000225
38849000,1230,2450,125368,6598,181,118793,111,19222,455,0,28157,0.0009979999999956135
38850000,175,-7134,124418,-8922,-10424,133370,94,19229,385,0,28158,0.0010000000000047748
38851001,292,6227,125369,-5783,3896,116479,110,19229,451,0,28159,0.0010009999999951447
38852005,-304,10089,126665,4072,7586,127808,128,19231,451,1,28160,0.0010040000000017812
38853002,-6180,10496,126885,-4392,8421,115890,115,19219,524,1,28161,0.0009969999999981383
38854000,-2511,13625,126277,-9174,10916,126917,115,19231,471,1,28162,0.000998000000002719
38855000,7004,13215,125584,3069,10274,116926,100,19228,410,0,28163,0.0009999999999976694
38856000,10459,1004,122670,14038,-2179,129471,132,19234,541,0,28164,0.0010000000000047748
38857000,10850,-14926,125270,6281,-17944,129514,106,19228,434,0,28165,0.0009999999999976694
38858000,4992,-1562,125643,565,2695,122465,110,19228,434,0,28166,0.0009999999999976694
38859001,4903,7561,128963,3768,8176,128396,132,19226,451,1,28167,0.00100100000000225
38860002,2918,15309,128043,3677,6819,119414,132,19229,541,1,28168,0.00100100000000225
38861000,6436,-907,123651,1726,2707,132797,111,19231,455,1,28169,0.0009979999999956135
38862000,10710,-4944,126104,8312,-570,120910,103,19222,422,0,28170,0.0009999999999976694
38863000,10748,-335,126131,14211,-12203,130327,104,19232,426,0,28171,0.0010000000000047748
38864001,7543,-8426,126239,9912,-11065,132037,101,19232,426,0,28172,0.0010009999999951447
38865002,-148,-1572,130787,-9811,-3307,127815,116,19231,414,1,28173,0.00100100000000225
38866000,1416,8575,131653,-658,8941,127140,116,19224,475,1,28174,0.000998000000002719
38867000,-2345,19232,131904,8155,6237,124704,112,19231,459,1,28175,0.0009999999999976694
38868000,2478,-1118,127809,-5823,-11702,134987,101,19229,414,1,28176,0.0009999999999976694
38869000,13413,-12207,126406,7268,-12457,121974,133,19228,545,0,28177,0.0010000000000047748
38870001,9410,-3119,129113,13780,-4709,132296,100,19228,545,0,28178,0.0010009999999951447
38871000,6549,-5544,129495,-7109,-1591,124988,104,19228,410,0,28179,0.0009990000000001942
38872000,-993,12002,134126,-12357,4631,128546,104,19227,426,1,28180,0.0010000000000047748
38873000,-7436,-3971,129734,3805,-2431,136478,155,19229,635,1,28181,0.0009999999999976694
38874000,-12700,1926,130109,-12960,553,123353,110,19232,451,1,28182,0.0009999999999976694
38875000,4271,-8046,129582,-14678,-4488,135880,100,19224,410,0,28183,0.0010000000000047748
38876000,386,2915,129967,8719,-1113,123537,120,19224,410,0,28184,0.0009999999999976694
38877000,3278,-1524,128018,-2865,-4116,131416,107,19228,491,0,28185,0.0009999999999976694
38878000,-5849,4169,130924,-16951,1968,125280,107,19227,438,0,28186,0.0010000000000047748
38879000,-7931,2834,131030,-12528,-2502,131101,118,19218,483,1,28187,0.0009999999999976694
38880000,-10644,4816,131193,1694,13622,129814,112,19232,459,1,28188,0.0009999999999976694
38881000,-6632,9544,130469,-21521,966,120807,102,19229,418,1,28189,0.0010000000000047748
38882001,-1631,-5802,126146,-11838,-10231,131707,125,19229,418,0,28190,0.0010009999999951447
38883000,-5382,2646,128590,4370,-3708,127896,97,19216,512,0,28191,0.0009990000000001942
38884000,416,-3599,124854,-9926,-6878,124904,97,19235,397,0,28192,0.0010000000000047748
38885002,-6167,13266,131736,-13010,10345,121573,102,19232,418,1,28193,0.0010019999999997253
38886001,-4499,6511,127026,-7030,2505,127328,143,19232,586,1,28194,0.0009990000000001942
38887000,-7209,4609,127027,-5935,3163,127664,119,19229,487,1,28195,0.0009990000000001942
38888000,-4791,10584,126690,-13358,6903,124585,101,19229,414,1,28196,0.0009999999999976694
38889000,4147,1825,123557,-1824,1094,125552,114,19221,414,0,28197,0.0009999999999976694
38890000,4471,4252,125744,4774,1119,123238,107,19232,467,0,28198,0.0010000000000047748
38891000,4800,-334,123940,-5937,-2870,128881,107,19231,438,0,28199,0.0009999999999976694
38892000,-1312,11372,124505,983,10761,120023,113,19221,463,1,28200,0.0009999999999976694
38893000,-3298,1851,126644,-5721,-2468,130102,129,19231,528,1,28201,0.0010000000000047748
38894000,3604,3824,126419,-3743,1529,126926,104,19231,426,1,28202,0.0009999999999976694
38895000,4656,6319,124430,7127,2577,123170,114,19226,426,0,28203,0.0009999999999976694
38896001,8125,4857,124928,2230,838,120198,97,19225,467,0,28204,0.00100100000000225
38897002,6967,-2644,124975,9510,-6024,128107,97,19232,397,0,28205,0.00100100000000225
38898000,3986,-4456,125992,3903,-8481,132705,110,19227,451,0,28206,0.0009979999999956135
38899000,3417,13975,131277,-2228,11758,120842,136,19229,557,1,28207,0.0010000000000047748
38900000,3365,13822,129284,7984,11968,123158,115,19232,471,1,28208,0.0009999999999976694
38901002,10006,4841,124527,3850,848,130129,98,19232,471,1,28209,0.0010019999999997253
38902000,8279,-5091,125515,7373,-9062,124685,155,19227,401,0,28210,0.000998000000002719
38903003,11738,800,127520,3889,-860,132185,155,19233,635,0,28211,0.0010029999999972006
38904000,7039,58,127905,15355,-2709,124304,105,19225,430,0,28212,0.0009969999999981383
38905000,4554,-1466,130338,-2497,-9121,134542,105,19223,430,1,28213,0.0010000000000047748
38906000,1353,-2443,130582,-5026,-3369,125157,121,19228,496,1,28214,0.0009999999999976694
38907000,-185,21424,131752,6811,13779,119793,107,19228,496,1,28215,0.0009999999999976694
38908000,4569,9854,129760,600,-7189,131770,113,19234,438,1,28216,0.0010000000000047748
38909000,10047,-11375,126357,1086,-18876,127554,113,19222,463,0,28217,0.0009999999999976694
38910000,9769,-7488,130056,20801,-11228,134839,103,19225,422,0,28218,0.0009999999999976694
38911000,508,-5498,127705,-11127,-5423,126216,110,19229,451,0,28219,0.0010000000000047748
38912000,1183,10306,134281,-18207,10226,127956,130,19220,532,1,28220,0.0009999999999976694
38913000,-4203,4437,131958,8340,-1837,132886,113,19220,532,1,28221,0.0009999999999976694
38914001,-6090,4691,129063,-5783,-2086,123439,99,19231,463,1,28222,0.00100100000000225
38915000,-1809,-6349,130470,-18494,-18143,134050,99,19231,405,0,28223,0.0009990000000001942
38916001,-1496,274,129224,5594,-6970,127327,143,19235,586,0,28224,0.00100100000000225
38917000,2044,3603,130637,1117,-2982,129655,104,19229,426,0,28225,0.0009990000000001942
38918000,-7423,6257,132683,-20496,4049,126120,113,19224,463,0,28226,0.0009999999999976694
38919000,-5743,2915,129213,-9864,1377,129755,132,19224,463,1,28227,0.0009999999999976694
38920000,-9649,3205,129685,-4638,4541,130186,111,19227,541,1,28228,0.0010000000000047748
38921000,-2192,12775,130275,-12597,10355,124115,111,19230,455,1,28229,0.0009999999999976694
38922000,-4475,732,126384,-2554,-3251,131124,105,19223,430,0,28230,0.0009999999999976694
38923000,-3128,-7537,125083,-10500,-9007,129115,127,19235,520,0,28231,0.0009999999999976694
38924000,-200,-4450,127624,-3761,-3391,126253,103,19228,422,0,28232,0.0010000000000047748
38925000,-4087,10108,128649,-6029,8042,124764,125,19228,422,1,28233,0.0009999999999976694
38926000,-6772,8014,128306,-9838,-730,129018,114,19222,512,1,28234,0.0009999999999976694
38927000,-9664,5561,127269,-13085,10067,122806,114,19225,467,1,28235,0.0010000000000047748
38928000,-322,13479,128468,-4615,5077,120867,102,19227,418,0,28236,0.0009999999999976694
38929000,-1751,-4707,123758,10685,-10598,131006,133,19230,545,0,28237,0.0009999999999976694
38930000,3341,-5925,124837,-11822,-10568,130643,105,19229,430,0,28238,0.0010000000000047748
38931000,-2357,936,125791,-6804,3720,119562,109,19229,446,0,28239,0.0009999999999976694
38932000,255,21048,129306,2501,16204,121191,157,19225,446,1,28240,0.0009999999999976694
38933003,-1474,4917,124105,-3349,5925,131493,108,19227,643,1,28241,0.001003000000004306
38934000,808,1434,123533,2627,-32,126623,108,19231,442,1,28242,0.0009969999999981383
38935000,10781,4818,122620,106,1745,122619,96,19223,393,0,28243,0.0009999999999976694
38936001,8210,7302,123914,13021,2992,119450,87,19229,356,0,28244,0.00100100000000225
38937000,9953,-10086,125749,10898,-15935,132395,114,19229,467,0,28245,0.0009990000000001942
38938003,4048,-6883,126186,-4196,-8907,129042,124,19228,467,1,28246,0.0010029999999972006
38939000,253,11354,128582,-2492,10542,125595,111,19225,508,1,28247,0.0009970000000052437
38940000,5820,12825,126554,11584,7936,116882,111,19226,455,1,28248,0.0009999999999976694
38941000,6196,-563,124572,4312,-4473,127464,100,19232,410,1,28249,0.0009999999999976694
38942000,11625,3052,129705,990,705,131011,124,19228,508,0,28250,0.0010000000000047748
38943001,8588,-6720,124018,14730,-11185,124604,99,19228,405,0,28251,0.0010009999999951447
38944000,7396,-7980,130384,9439,-11247,134629,106,19226,405,0,28252,0.0009990000000001942
38945000,3737,5797,130040,-8529,1873,124750,140,19230,434,1,28253,0.0010000000000047748
38946000,-2090,8324,131860,5248,5028,129949,140,19227,573,1,28254,0.0009999999999976694
38947000,1704,14940,130519,5820,11684,120557,112,19229,459,1,28255,0.0009999999999976694
38948000,3949,-2797,128860,-6802,-4488,136540,100,19227,410,0,28256,0.0010000000000047748
38949000,10923,-10106,127388,7992,-14862,121994,134,19235,549,0,28257,0.0009999999999976694
38950000,8014,-2248,129863,18491,-4572,138255,107,19235,549,0,28258,0.0009999999999976694
38951000,-151,-1125,132217,-10668,-5274,120518,113,19228,438,0,28259,0.0010000000000047748
38952001,1664,11840,132223,-15273,6245,130238,113,19224,463,1,28260,0.0010009999999951447
38953000,-8294,912,132007,7479,-5987,137352,128,19226,524,1,28261,0.0009990000000001942
38954000,-4080,5686,128249,-4495,-1151,117817,102,19231,418,1,28262,0.0010000000000047748
38955001,949,-8191,128912,-23178,-12259,139947,117,19224,479,0,28263,0.0010009999999951447
38956000,3270,-2950,131418,12801,740,120054,94,19224,479,0,28264,0.0009990000000001942
38957000,-976,4965,128726,-8325,104,129333,111,19228,385,0,28265,0.0010000000000047748
38958000,-8340,1500,132518,-25220,-4875,132820,111,19226,455,1,28266,0.0009999999999976694
38959000,-7930,3008,130430,-3841,212,130194,143,19225,586,1,28267,0.0009999999999976694
38960000,-11536,6642,130581,-6322,3898,129749,120,19229,491,1,28268,0.0010000000000047748
38961000,-2859,12354,129565,-14713,5296,117970,100,19229,410,1,28269,0.0009999999999976694
38962000,-4686,-2199,126167,-5993,-11668,138326,160,19229,410,0,28270,0.0009999999999976694
38963000,419,-7840,127213,829,-8156,121743,114,19232,655,0,28271,0.0010000000000047748
38964002,-4933,8707,125190,-11315,10459,122587,114,19233,467,0,28272,0.0010019999999997253
38965000,-6007,10341,130214,-16043,6286,128236,114,19222,467,1,28273,0.0009979999999956135
38966000,-5330,5441,126285,-272,858,122519,134,19226,549,1,28274,0.0010000000000047748
38967000,-6039,-1255,128004,-10269,-3433,136970,113,19229,463,1,28275,0.0009999999999976694
38968000,-282,8641,124658,-6155,11165,111595,115,19229,463,0,28276,0.0009999999999976694
38969000,-726,2310,125539,2627,-3610,128758,92,19217,471,0,28277,0.0010000000000047748
38970000,1426,-10258,122877,-1775,-13054,125806,92,19228,377,0,28278,0.0009999999999976694
38971002,-806,8875,127011,-9020,6125,123978,106,19228,434,0,28279,0.0010019999999997253
38972000,-2374,10365,127346,5379,6759,125381,130,19223,532,1,28280,0.000998000000002719
38973000,-2924,15792,126709,-4653,10742,115596,117,19230,479,1,28281,0.0009999999999976694
38974000,4490,-178,124558,-4986,-1490,139767,98,19230,401,1,28282,0.0009999999999976694
38975000,10101,4963,123607,13417,5139,111333,124,19228,401,0,28283,0.0010000000000047748
38976000,10869,1746,122627,4378,-5593,127364,110,19233,508,0,28284,0.0009999999999976694
38977000,4357,-4828,126513,2371,-8329,128594,110,19224,451,0,28285,0.0009999999999976694
38978000,6247,-5575,125163,7744,-10620,126171,112,19227,459,1,28286,0.0010000000000047748
38979000,940,4302,130528,161,2040,126003,131,19228,537,1,28287,0.0009999999999976694
38980000,2061,17405,127466,1394,14691,115592,109,19228,446,1,28288,0.0009999999999976694
38981000,8214,769,125471,4592,-3430,131644,105,19232,446,1,28289,0.0010000000000047748
38982000,10377,-467,126143,10174,-4328,122434,109,19221,430,0,28290,0.0009999999999976694
38983000,10167,-14416,125221,7932,-18313,135185,109,19227,446,0,28291,0.0009999999999976694
38984000,4812,-725,129248,5098,-1394,125857,110,19226,451,0,28292,0.0010000000000047748
38985000,5176,5943,129236,-4452,1689,126061,119,19228,487,1,28293,0.0009999999999976694
38986000,3390,12892,130456,12439,8854,132964,111,19228,455,1,28294,0.0009999999999976694
38987000,-275,-2574,126609,-1537,-7115,118473,102,19228,455,1,28295,0.0009999999999976694
38988000,8887,-9186,128075,-7258,-12785,132006,139,19228,418,0,28296,0.0010000000000047748
38989000,6272,-6749,127973,11983,-10689,130501,139,19228,569,0,28297,0.0009999999999976694
38990000,5299,-4169,127720,15152,-8784,129282,104,19232,426,0,28298,0.0009999999999976694
38991000,-1358,5667,132369,-15034,2841,129513,103,19224,422,0,28299,0.0010000000000047748
38992000,-672,7305,132288,-16903,3785,124712,148,19232,606,1,28300,0.0009999999999976694
38993000,-4248,16653,134294,10136,14307,129026,107,19232,606,1,28301,0.0009999999999976694
38994000,-3729,-3758,128690,-5276,-6993,132487,99,19232,438,1,28302,0.0010000000000047748
38995000,-483,-17004,127222,-16265,-21483,136533,99,19225,405,0,28303,0.0009999999999976694
38996000,2633,6639,131433,-2066,332,119386,117,19231,479,0,28304,0.0009999999999976694
38997000,-2523,4858,130422,5490,5030,135670,107,19229,438,0,28305,0.0010000000000047748
38998002,-5869,13630,131640,-13472,7057,121023,118,19220,483,1,28306,0.0010019999999997253
38999001,-12956,-1690,129245,-25113,-8710,137805,113,19220,483,1,28307,0.0009990000000001942
39000000,-5392,3089,129997,-5017,9254,124153,105,19232,463,1,28308,0.0009990000000001942
39001000,-5648,16137,131349,-973,3782,121821,105,19230,430,1,28309,0.0009999999999976694
39002000,-2036,-4592,124067,-13505,-11166,133961,131,19218,537,0,28310,0.0009999999999976694
39003001,-552,-3777,127520,-5763,-5803,125478,100,19230,410,0,28311,0.00100100000000225
39004000,-1062,4430,127773,-3693,2941,126204,102,19226,418,0,28312,0.0009990000000001942
39005000,-5509,19131,129396,-4819,13174,117615,143,19226,418,1,28313,0.0009999999999976694
39006000,-8053,4282,126239,-19133,-3216,132743,115,19226,586,1,28314,0.0010000000000047748
39007000,-2172,1191,128104,-7943,2159,126880,115,19230,471,1,28315,0.0009999999999976694
39008000,1402,9602,125957,5976,1334,120948,105,19226,430,0,28316,0.0009999999999976694
39009000,-902,-8931,125153,-3122,-14474,130845,112,19229,459,0,28317,0.0010000000000047748
39010001,-542,7604,125074,-10290,-7,120206,109,19229,446,0,28318,0.0010009999999951447
39011000,-1149,6916,125834,-4574,677,131078,114,19229,446,0,28319,0.0009990000000001942
39012000,-1051,14666,127235,3297,13995,118181,132,19224,467,1,28320,0.0010000000000047748
39013000,-2382,12334,126004,-7046,3727,122162,132,19229,541,1,28321,0.0009999999999976694
39014000,5936,6625,125692,-492,-466,126062,103,19232,422,1,28322,0.0009999999999976694
39015000,8931,2164,123696,11652,-5829,125382,116,19225,475,0,28323,0.0010000000000047748
39016000,12153,-6848,122935,5252,-5370,130168,113,19224,463,0,28324,0.0009999999999976694
39017000,4816,682,124712,4086,64,117125,118,19224,463,0,28325,0.0009999999999976694
39018000,3924,1071,126140,1032,-4078,131283,144,19224,483,1,28326,0.0010000000000047748
39019000,4265,9320,128585,921,9441,124497,144,19227,590,1,28327,0.0009999999999976694
39020000,6175,8156,127907,11386,2172,126695,113,19232,463,1,28328,0.0009999999999976694
39021000,9660,-3861,125131,6975,1052,127349,99,19227,405,0,28329,0.0010000000000047748
39022002,9167,7639,128002,1690,-4872,118548,143,19232,586,0,28330,0.0010019999999997253
39023000,12138,-20076,125576,15696,-27664,143909,102,19232,418,0,28331,0.0009979999999956135
39024000,2330,1132,130959,-413,2794,125165,105,19228,418,0,28332,0.0010000000000047748
39025006,-263,11534,131354,-8699,6172,122596,116,19223,430,1,28333,0.0010059999999967317
39026003,1453,17294,130650,8598,14264,122765,116,19229,475,1,28334,0.0009969999999981383
39027002,2886,-3561,126599,-401,-8869,135423,107,19232,438,1,28335,0.0009990000000001942
39028001,10288,-14606,127042,-728,-17387,135132,115,19214,471,0,28336,0.0009990000000001942
39029000,6422,6484,130033,14667,5830,117066,87,19214,356,0,28337,0.0009990000000001942
39030000,7895,-7827,128081,6148,-13535,137244,103,19230,356,0,28338,0.0010000000000047748
39031000,-528,-2402,132282,-15054,-4425,128023,127,19228,422,1,28339,0.0009999999999976694
39032000,-5955,-198,132175,-7478,-4242,135762,127,19218,520,1,28340,0.0009999999999976694
39033000,-7904,9310,129223,-1360,8895,124397,113,19232,463,1,28341,0.0010000000000047748
39034000,450,2693,131499,-13906,-2085,124297,97,19226,397,1,28342,0.0009999999999976694
39035001,1477,-14327,126604,2982,-19993,145451,146,19226,598,0,28343,0.00100100000000225
39036002,4718,3307,128800,-828,250,120878,108,19230,598,0,28344,0.0010009999999951447
39037000,-6999,6507,133641,-10413,3232,127793,112,19225,442,0,28345,0.000998000000002719
39038000,-6285,2905,130093,-12224,-797,131838,112,19225,459,1,28346,0.0009999999999976694
39039003,-9215,6091,130647,-12535,3970,129398,134,19228,549,1,28347,0.001003000000004306
39040002,-9858,7050,130986,-6892,3955,133364,109,19235,446,1,28348,0.0009990000000001942
39041000,-1125,12540,129993,-9969,10091,125024,107,19223,438,0,28349,0.0009979999999956135
39042000,-3241,-6282,127203,-3229,-8622,135286,134,19223,438,0,28350,0.0010000000000047748
39043000,-1235,-1862,129299,-4153,-4063,125156,104,19230,549,0,28351,0.0009999999999976694
39044000,-4875,749,125202,-10107,-2776,126137,104,19228,426,0,28352,0.0009999999999976694
39045000,-7951,23842,131857,-17039,15128,119739,121,19224,496,1,28353,0.0010000000000047748
39046000,-4677,-288,124194,-2945,-1158,129826,116,19226,475,1,28354,0.0009999999999976694
39047000,-4965,4470,128692,-1892,3499,127369,103,19226,422,1,28355,0.0009999999999976694
39048000,1894,2928,122750,-11559,-584,121669,137,19226,422,0,28356,0.0009999999999976694
39049000,3093,2878,125065,-463,3102,125129,104,19233,561,0,28357,0.0010000000000047748
39050000,4514,-3908,124294,-8967,-276,130399,104,19228,426,0,28358,0.0009999999999976694
39051000,1184,1223,124788,-962,6103,121039,107,19227,438,1,28359,0.0009999999999976694
39052000,-3997,10839,127891,-86,-2008,133722,154,19230,631,1,28360,0.0010000000000047748
39053000,-2606,2182,122186,-9294,3859,118783,109,19232,446,1,28361,0.0009999999999976694
39054000,4235,22904,128571,6207,8432,121488,99,19232,446,0,28362,0.0009999999999976694
39055000,7910,-954,122912,9475,-9626,127402,88,19225,405,0,28363,0.0010000000000047748
39056000,9077,-776,124140,3196,-8797,119933,88,19228,360,0,28364,0.0009999999999976694
39057000,4647,-5299,128831,5374,-12388,132384,111,19231,455,0,28365,0.0009999999999976694
39058001,6261,7735,126049,6034,10101,117146,122,19220,500,1,28366,0.00100100000000225
39059000,1678,13611,130828,-4572,16755,131957,113,19226,463,1,28367,0.0009990000000001942
39060000,8402,-1351,124079,4998,-3822,125741,102,19226,463,1,28368,0.0009999999999976694
39061000,10239,-4560,122528,9770,-4637,128188,125,19228,418,0,28369,0.0010000000000047748
39062000,10171,7212,128207,3483,3428,120637,125,19225,512,0,28370,0.0009999999999976694
39063000,10731,-6612,126379,16711,-10714,130128,97,19232,397,0,28371,0.0009999999999976694
39064000,5865,-13412,128663,-1970,-10684,137249,102,19224,418,0,28372,0.0010000000000047748
39065000,2097,9483,129480,-2920,6428,126831,143,19228,586,1,28373,0.0009999999999976694
39066000,-1543,15234,128977,5828,11398,120982,115,19228,471,1,28374,0.0009999999999976694
39067000,3711,7166,129829,-4090,1158,125282,101,19231,471,1,28375,0.0010000000000047748
39068000,8639,-8924,130439,1030,-11057,141995,136,19224,414,0,28376,0.0009999999999976694
39069000,9684,-13675,126442,17774,-11364,121288,136,19232,557,0,28377,0.0009999999999976694
39070000,3628,3176,130822,3180,-3937,128406,105,19231,430,0,28378,0.0010000000000047748
39071000,-1870,168,130745,-18675,-466,129291,113,19218,463,1,28379,0.0009999999999976694
39072000,-3058,7876,134009,-5589,3595,126089,122,19218,500,1,28380,0.0009999999999976694
39073000,-7634,3096,132074,6951,-1346,133639,103,19233,500,1,28381,0.0010000000000047748
39074000,-5065,154,128471,-16072,-3967,120437,115,19231,422,1,28382,0.0009999999999976694
39075003,-1543,-9199,129348,-13544,-13088,135220,115,19223,471,0,28383,0.0010029999999972006
39076000,272,-2363,130054,9948,-3417,129477,106,19228,434,0,28384,0.0009970000000052437
39077000,-3582,3782,129446,-11105,1839,126616,115,19227,471,0,28385,0.0009999999999976694
39078000,-10135,6656,131709,-23054,2444,123880,148,19227,606,1,28386,0.0009999999999976694
39079000,-4891,1669,129186,-5575,-538,133482,120,19223,606,1,28387,0.0010000000000047748
39080000,-4205,6968,130134,474,4083,134898,105,19230,491,1,28388,0.0009999999999976694
39081000,-4670,3810,127211,-12925,937,114279,105,19225,430,0,28389,0.0009999999999976694
39082000,-2542,-4294,125983,-15193,-8154,133113,164,19233,672,0,28390,0.0010000000000047748
39083000,-3550,-999,125718,1232,-4188,127045,104,19231,426,0,28391,0.0009999999999976694
39084001,-2665,5257,127831,-10136,2021,125568,109,19222,446,1,28392,0.00100100000000225
39085000,-8891,10556,128629,-9095,7099,126300,130,19222,446,1,28393,0.0009990000000001942
39086000,-5615,9159,128788,-12973,7496,122017,112,19231,532,1,28394,0.0009999999999976694
39087000,-1586,12526,128300,-5077,9966,129603,112,19227,459,1,28395,0.0009999999999976694
39088000,1743,2328,124232,1603,-1411,124894,114,19225,467,0,28396,0.0010000000000047748
39089000,2597,-4713,124865,-2730,-7579,126607,92,19229,377,0,28397,0.0009999999999976694
39090000,81,1972,123773,-3237,-2400,121159,107,19228,438,0,28398,0.0009999999999976694
39091002,1539,5662,126915,-4687,3601,130205,133,19228,438,1,28399,0.0010019999999997253
39092002,-4565,19132,128931,8855,14180,114944,115,19223,545,1,28400,0.0010000000000047748
39093000,517,7971,122775,-15069,3283,127292,115,19233,471,1,28401,0.0009979999999956135
39094000,8913,666,126262,6,3700,127122,98,19231,401,0,28402,0.0010000000000047748
39095000,9511,355,122976,20341,-6497,120224,127,19234,520,0,28403,0.0009999999999976694
39096000,9476,-8256,124082,2665,-15567,131436,108,19224,442,0,28404,0.0009999999999976694
39097000,1541,-3170,127743,1930,-5394,126236,114,19224,442,0,28405,0.0010000000000047748
39098004,4923,6478,129028,4205,2122,126716,133,19222,467,1,28406,0.0010039999999946758
39099000,1399,14701,127419,6134,11253,120524,133,19228,545,1,28407,0.000996000000000663
39100000,6515,6547,126559,-1112,-3937,129544,108,19232,442,1,28408,0.0010000000000047748
39101000,11447,883,124627,4024,-3094,122887,106,19220,434,0,28409,0.0009999999999976694
39102001,11419,-406,126260,15905,-7595,128759,100,19233,410,0,28410,0.00100100000000225
39103000,7632,-14741,127751,9630,-15554,134804,103,19233,410,0,28411,0.0009990000000001942
39104000,4269,5928,129384,-12248,-1181,123831,119,19229,422,1,28412,0.0009999999999976694
39105000,-714,7585,131015,-3681,5412,131680,119,19224,487,1,28413,0.0009999999999976694
39106000,-186,9464,130552,14297,5523,125445,114,19229,467,1,28414,0.0010000000000047748
39107000,2514,4710,128367,-7661,304,124858,101,19229,414,1,28415,0.0009999999999976694
39108000,11241,-13853,126666,2068,-19363,132522,141,19223,577,0,28416,0.0009999999999976694
39109000,11932,-6615,130273,25110,-11076,132045,104,19223,426,0,28417,0.0010000000000047748
39110000,3397,-3728,128192,-9888,-1507,126619,105,19228,426,0,28418,0.0009999999999976694
39111000,2193,16029,134619,-23278,13772,119884,146,19224,430,1,28419,0.0009999999999976694
39112001,-9188,1215,131807,16035,-7514,136482,146,19230,598,1,28420,0.00100100000000225
39113000,-8977,-4973,130366,-8945,-10624,130768,109,19231,446,1,28421,0.0009990000000001942
39114000,-3159,-7245,130002,-25588,-10311,131158,103,19227,422,0,28422,0.0009999999999976694
39115000,485,-465,132009,11117,3609,127582,130,19227,532,0,28423,0.0009999999999976694
39116000,2149,12359,129544,-633,2057,119433,119,19229,532,0,28424,0.0010000000000047748
39117000,-6947,-7365,129486,-21630,-11575,137674,125,19228,487,0,28425,0.0009999999999976694
39118000,-6219,2247,130874,-11107,1023,130423,125,19216,512,1,28426,0.0009999999999976694
39119000,-10658,13862,130856,-2800,10085,124491,113,19229,463,1,28427,0.0010000000000047748
39120000,-4671,16538,131097,-14636,12363,122958,103,19231,422,1,28428,0.0009999999999976694
39121002,-1187,-5744,127663,-12186,-8740,132911,128,19231,524,0,28429,0.0010019999999997253
39122000,-3628,-3945,125042,3431,-7651,134756,97,19220,524,0,28430,0.000998000000002719
39123000,1921,5127,125291,-9126,3954,118207,106,19231,397,0,28431,0.0009999999999976694
39124000,-5272,14228,129370,-13312,11905,122748,106,19225,434,1,28432,0.0009999999999976694
39125000,-3067,9568,128629,-6914,4683,128152,147,19224,602,1,28433,0.0010000000000047748
39126000,-7508,-4950,126412,-8383,-7818,133528,118,19229,483,1,28434,0.0009999999999976694
39127000,-3288,6199,127027,-5408,4913,123098,100,19225,410,1,28435,0.0009999999999976694
39128000,1515,8954,126129,-4204,5960,117320,112,19225,410,0,28436,0.0010000000000047748
39129000,4598,-3588,124250,622,-7497,132998,110,19232,459,0,28437,0.0009999999999976694
39130000,2282,532,123980,-1260,-2867,127305,110,19223,451,0,28438,0.0009999999999976694
39131000,-5387,14123,127392,-5565,12080,120736,115,19218,471,1,28439,0.0010000000000047748
39132000,-2102,14304,126550,-3789,11744,121598,125,19227,512,1,28440,0.0009999999999976694
39133000,3564,-220,126543,-2280,-3395,128432,98,19231,401,1,28441,0.0009999999999976694
39134000,7814,769,122985,5298,-4769,116251,114,19231,401,0,28442,0.0010000000000047748
39135001,9110,8007,124026,3129,4167,121600,97,19226,467,0,28443,0.0010009999999951447
39136000,6527,-7327,124322,15158,-10641,131144,97,19229,397,0,28444,0.0009990000000001942
39137000,6800,-3185,126501,-1413,-7267,127015,114,19228,467,0,28445,0.0010000000000047748
39138000,1436,7514,127491,-1366,2607,126212,141,19222,577,1,28446,0.0009999999999976694
39139000,2982,27460,129513,6435,17219,112702,112,19229,459,1,28447,0.0009999999999976694
39140000,10226,2967,125831,5143,-17954,131088,96,19229,459,1,28448,0.0010000000000047748
39141001,8851,-11263,126489,8738,-7033,129824,146,19227,393,0,28449,0.0010009999999951447
39142000,11851,2952,129436,4117,-5606,127783,146,19233,598,0,28450,0.0009990000000001942
39143000,5125,-4452,127542,6265,-3440,125458,104,19230,426,0,28451,0.0010000000000047748
39144000,2496,4491,132415,-5432,-4983,132379,108,19220,442,1,28452,0.0009999999999976694
39145000,-2106,-2512,128525,719,-2642,129991,119,19224,487,1,28453,0.0009999999999976694
39146000,2815,13475,132504,7610,10234,121781,105,19224,487,1,28454,0.0010000000000047748
39147000,3327,7501,128919,-3627,-3127,127445,113,19230,430,1,28455,0.0009999999999976694
39148002,10487,-7694,126662,2972,-15010,128152,113,19217,463,0,28456,0.0010019999999997253
39149000,7908,-3786,130596,15413,-13098,132267,90,19229,369,0,28457,0.000998000000002719
39150000,2214,-10315,128596,-9029,-10859,132087,107,19225,438,0,28458,0.0009999999999976694
39151000,-782,17227,135651,-14169,13069,121321,128,19219,524,1,28459,0.0009999999999976694
39152000,-4385,3795,132137,2917,1063,131533,114,19219,524,1,28460,0.0010000000000047748
39153000,-5654,1076,128833,-11672,-663,129304,97,19235,467,1,28461,0.0009999999999976694
39154000,1151,-5319,128495,-12548,-11561,130511,97,19232,397,0,28462,0.0009999999999976694
39155000,-1268,-6160,127357,5454,-7335,129284,148,19233,606,0,28463,0.0010000000000047748
39156000,2527,7967,132647,-2056,4262,122259,110,19227,451,0,28464,0.0009999999999976694
39157000,-9185,-1452,132161,-17535,-7134,135021,114,19224,467,1,28465,0.0009999999999976694
39158001,-7666,-3721,130447,-14493,-3799,131945,134,19224,549,1,28466,0.00100100000000225
39159000,-10325,5875,129612,-7226,2147,126657,111,19226,549,1,28467,0.0009990000000001942
39160000,-5158,14560,130725,-9277,10957,124931,109,19231,455,1,28468,0.0009999999999976694
39161000,-4384,1385,126910,-6314,-7236,127694,109,19220,446,0,28469,0.0010000000000047748
39162000,-2394,-13801,125944,-8546,-11858,136569,124,19229,508,0,28470,0.0009999999999976694
39163000,-616,1729,127102,-2717,-1688,118570,102,19230,418,0,28471,0.0009999999999976694
39164000,-3441,14954,127660,-3920,13205,125303,122,19230,500,1,28472,0.0010000000000047748
39165000,-7973,3673,126738,-12589,190,132751,116,19220,500,1,28473,0.0009999999999976694
39166000,-9193,11635,124879,-13111,10439,117605,103,19229,475,1,28474,0.0009999999999976694
39167000,1427,11088,126315,-2988,4820,127568,103,19228,422,0,28475,0.0010000000000047748
39168000,1258,-6780,123954,6164,-9147,119743,137,19230,561,0,28476,0.0009999999999976694
39169000,2514,-3880,125480,-4571,-7569,131066,109,19227,446,0,28477,0.0009999999999976694
39170000,-396,-2477,123906,-9143,-4150,129728,113,19227,463,0,28478,0.0010000000000047748
39171000,-175,19326,129272,2617,17667,114739,161,19223,463,1,28479,0.0009999999999976694
39172002,-1728,7104,125798,-1870,3218,130504,112,19230,659,1,28480,0.0010019999999997253
39173000,452,9041,124600,-3694,6384,118632,112,19230,459,1,28481,0.0009979999999956135
39174000,9321,5023,125220,2331,1134,132298,101,19223,414,0,28482,0.0010000000000047748
39175000,8913,-2498,122665,13112,-6257,115137,89,19232,365,0,28483,0.0009999999999976694
39176000,8400,-2642,125073,8080,-7479,124916,111,19231,455,0,28484,0.0009999999999976694
39177000,4350,-10547,125535,-2144,-14051,129955,124,19231,455,1,28485,0.0010000000000047748
39178000,3598,7631,126583,5662,4453,120743,113,19224,508,1,28486,0.0009999999999976694
39179000,1253,8233,127240,4417,4556,131727,113,19230,463,1,28487,0.0009999999999976694
39180000,6858,8849,126368,-1433,5975,115736,100,19231,410,1,28488,0.0010000000000047748
39181000,11955,2891,126980,9816,-319,132207,124,19223,508,0,28489,0.0009999999999976694
39182000,11644,-8552,125858,15214,-12284,127723,98,19229,401,0,28490,0.0009999999999976694
39183000,7458,-8337,127383,4764,-12883,129324,102,19229,401,0,28491,0.0010000000000047748
39184000,2239,10971,131587,-4073,6573,125648,145,19228,418,1,28492,0.0009999999999976694
39185000,-269,7880,128285,1961,1856,127718,145,19229,594,1,28493,0.0009999999999976694
39186000,1904,7793,130724,7467,5100,125523,113,19229,463,1,28494,0.0010000000000047748
39187000,6437,-2126,126752,-6733,-15027,131791,103,19226,422,0,28495,0.0009999999999976694
39188000,10713,-12334,127222,3754,-6246,128729,125,19232,512,0,28496,0.0009999999999976694
39189000,7926,2576,131524,23155,-1541,129329,107,19232,512,0,28497,0.0010000000000047748
39190000,190,-6903,128781,-19969,-2587,130380,114,19226,438,0,28498,0.0009999999999976694
39191011,-569,8054,133335,-8350,8573,127660,114,19222,467,1,28499,0.0010109999999983188
39192000,-7077,5061,132896,7524,-5146,130897,121,19224,496,1,28500,0.0009890000000041255
39193000,-4844,7558,129062,-12873,84,123382,104,19232,426,1,28501,0.0009999999999976694
39194000,-368,-5608,131103,-16922,-14862,140135,118,19224,483,0,28502,0.0009999999999976694
39195000,3772,-11196,127487,13939,-7141,126190,97,19224,483,0,28503,0.0010000000000047748
39196000,-2129,10605,131005,-5720,7576,122447,109,19227,397,0,28504,0.0009999999999976694
39197000,-9819,435,131235,-27605,-5177,132226,109,19225,446,1,28505,0.0009999999999976694
39198000,-6736,5777,132847,-4625,-292,127952,145,19226,594,1,28506,0.0010000000000047748
39199000,-10878,4096,128681,-7975,-848,132490,118,19230,483,1,28507,0.0009999999999976694
39200000,-2356,8720,130174,-9544,8482,120770,103,19227,422,1,28508,0.0009999999999976694
39201000,-3779,3312,127643,-7900,-8225,125139,167,19227,684,0,28509,0.0010000000000047748
39202000,554,-11548,124281,-3307,-11963,136429,104,19233,684,0,28510,0.0009999999999976694
39203000,-4590,6849,129196,-6842,-239,120236,110,19228,426,0,28511,0.0009999999999976694
39204000,-6039,8794,126979,-11193,5798,123222,110,19224,451,1,28512,0.0010000000000047748
39205000,-6661,16011,129702,-7060,5729,126180,127,19227,520,1,28513,0.0009999999999976694
39206000,-6914,-1069,126425,-7158,-6485,129826,109,19231,446,1,28514,0.0009999999999976694
39207000,504,5062,125594,-4626,2226,122711,118,19231,483,0,28515,0.0010000000000047748
39208000,-2633,3991,124731,-3906,-404,122397,92,19221,483,0,28516,0.0009999999999976694
39209000,810,-6702,123881,1595,-2357,129830,106,19234,377,0,28517,0.0009999999999976694
39210000,412,10905,126435,-8303,2772,120471,106,19227,434,0,28518,0.0010000000000047748
39211000,-1161,576,123040,-5033,-4267,129948,130,19224,532,1,28519,0.0009999999999976694
39212001,-193,10177,129083,4169,6093,122301,115,19231,471,1,28520,0.00100100000000225
39213000,4010,14056,125333,-1091,7333,118771,100,19231,410,1,28521,0.0009990000000001942
39214000,10607,8046,125831,6581,2246,127814,130,19230,410,0,28522,0.0009999999999976694
39215001,7751,-5588,121428,6665,-9531,124648,109,19235,532,0,28523,0.00100100000000225
39216000,9162,-8328,124410,4500,-9741,129682,109,19228,446,0,28524,0.0009990000000001942
39217000,3123,4641,126967,9731,1520,122979,114,19227,467,1,28525,0.0009999999999976694
39218001,739,6988,128468,-3304,4515,125619,131,19229,537,1,28526,0.00100100000000225
39219000,5330,11088,128719,546,8016,125091,110,19232,451,1,28527,0.0009990000000001942
39220000,7147,-1313,125445,9275,-4959,126099,107,19232,451,1,28528,0.0009999999999976694
39221000,11441,-3223,126532,7894,-6714,122000,101,19221,438,0,28529,0.0009999999999976694
39222000,7038,-6552,129570,7935,-10354,128422,101,19230,414,0,28530,0.0010000000000047748
39223000,7481,-14239,126421,815,-19058,141046,105,19230,430,0,28531,0.0009999999999976694
39224002,2338,12309,132016,3609,9077,122747,121,19223,496,1,28532,0.0010019999999997253
39225000,114,19284,130407,1686,15300,122359,114,19228,467,1,28533,0.000998000000002719
39226000,1925,7639,128962,-5071,4468,127394,101,19228,467,1,28534,0.0009999999999976694
39227000,7216,-5918,127452,3277,-9139,131437,140,19230,414,0,28535,0.0009999999999976694
39228000,11652,-9995,126753,7740,-15227,126942,140,19227,573,0,28536,0.0010000000000047748
39229000,4382,1770,129101,16043,-2712,128261,102,19233,418,0,28537,0.0009999999999976694
39230000,2551,-3373,131891,-16979,-3912,130988,107,19227,438,0,28538,0.0009999999999976694
39231000,-2112,10344,132921,-12215,6208,125826,150,19228,614,1,28539,0.0010000000000047748
39232000,-6707,6278,131859,8209,4892,136335,108,19228,614,1,28540,0.0009999999999976694
39233000,-5363,9013,128532,-9469,5070,118584,101,19236,442,1,28541,0.0009999999999976694
39234000,-50,-17277,126731,-16791,-18591,139247,101,19228,414,0,28542,0.0010000000000047748
39235000,6996,-7045,132066,3020,-1533,127378,109,19231,446,0,28543,0.0009999999999976694
39236000,-4337,11018,130518,4038,6540,122965,112,19229,459,0,28544,0.0009999999999976694
39237002,-7305,6970,130694,-25038,6387,129955,124,19218,508,1,28545,0.0010019999999997253
39238002,-10627,4006,130961,-6060,-2220,132627,114,19218,508,1,28546,0.0010000000000047748
39239002,-6854,4732,128862,-3904,6156,121881,101,19227,467,1,28547,0.0009999999999976694
39240000,-2960,12126,131765,-10344,4908,121114,101,19230,414,1,28548,0.0009979999999956135
39241001,-4244,-2826,127101,-12316,-11822,129172,127,19224,520,0,28549,0.00100100000000225
39242001,1551,-1610,126053,-3208,-3064,126500,101,19232,414,0,28550,0.0009999999999976694
39243001,-3517,3241,128498,-6178,591,128342,106,19222,434,0,28551,0.0010000000000047748
39244000,-6220,8695,127737,-6796,2111,122869,149,19222,434,1,28552,0.0009990000000001942
39245000,-10340,18837,126951,-21427,10845,121163,115,19227,610,1,28553,0.0009999999999976694
39246000,-1020,6641,127673,-4101,3270,126948,115,19230,471,1,28554,0.0009999999999976694
39247000,2403,-920,126203,8984,-5815,126410,100,19225,410,0,28555,0.0010000000000047748
39248000,-351,-1156,123567,-7592,-1296,126528,117,19233,479,0,28556,0.0009999999999976694
39249000,948,1948,123631,-7997,2906,122152,114,19230,467,0,28557,0.0009999999999976694
39250000,1247,7965,128902,3294,5919,128774,120,19230,491,0,28558,0.0010000000000047748
39251000,-1897,10313,124760,-3755,7145,121792,129,19222,491,1,28559,0.0009999999999976694
39252000,-2888,9678,127056,-10675,3096,124633,100,19228,528,1,28560,0.0009999999999976694
39253001,6023,5484,124686,5640,1255,123110,100,19229,410,1,28561,0.00100100000000225
39254000,8822,6685,124133,10127,417,124035,114,19225,467,0,28562,0.0009990000000001942
39255000,11042,-6518,123154,4045,-10428,127557,99,19229,405,0,28563,0.0009999999999976694
39256000,6825,-7064,126163,7388,-10100,126963,115,19229,471,0,28564,0.0010000000000047748
39257000,1816,14155,129410,-204,8598,124119,141,19226,471,1,28565,0.0009999999999976694
39258000,4490,8683,127202,1535,8771,124375,115,19228,577,1,28566,0.0009999999999976694
39259000,4074,7030,129744,10173,2663,128723,115,19231,471,1,28567,0.0010000000000047748
39260002,10595,-507,122956,290,-1468,120945,97,19227,397,0,28568,0.0010019999999997253
39261003,11242,6067,127971,5823,804,126190,148,19239,606,0,28569,0.0010009999999951447
39262007,10543,-14597,126619,17732,-20111,136969,104,19229,426,0,28570,0.0010040000000017812
39263000,3638,-6429,128774,-1715,-7624,128257,106,19229,426,0,28571,0.0009930000000011319
39264000,-493,11521,132517,-10204,7303,126055,120,19225,434,1,28572,0.0009999999999976694
39265000,1986,13471,128671,5770,9903,123719,120,19226,491,1,28573,0.0010000000000047748
39266001,2326,6534,129921,4408,1797,130376,107,19231,438,1,28574,0.0010009999999951447
39267000,9797,-10735,124793,-5616,-14508,131831,110,19217,451,0,28575,0.0009990000000001942
39268000,7542,350,130390,15522,-2501,124507,101,19227,414,0,28576,0.0010000000000047748
39269000,7233,-9935,128326,11230,-13671,132647,109,19227,414,0,28577,0.0009999999999976694
39270000,1894,5768,134345,-17604,3244,124954,132,19230,446,1,28578,0.0009999999999976694
39271000,-7740,6255,133000,-2863,1445,135550,132,19221,541,1,28579,0.0010000000000047748
39272000,-8266,964,128698,-1506,-2124,125569,115,19229,471,1,28580,0.0009999999999976694
39273001,-761,2484,130197,-19406,-1383,129365,97,19229,397,1,28581,0.00100100000000225
39274000,1287,-7904,127794,4283,-12351,134549,146,19230,598,0,28582,0.0009990000000001942
39275000,5903,7472,128826,2401,1349,126481,105,19230,598,0,28583,0.0009999999999976694
39276000,-4028,-1738,131210,-13494,-4724,133035,110,19228,430,0,28584,0.0009999999999976694
39277000,-5294,-1745,129753,-8704,-5242,130820,110,19223,451,1,28585,0.0010000000000047748
39278000,-10057,5700,130294,-11794,5294,127960,135,19226,553,1,28586,0.0009999999999976694
39279000,-9294,6449,128005,-11192,-941,122832,111,19232,455,1,28587,0.0009999999999976694
39280000,-1742,5971,130730,-10370,-1833,131701,106,19224,434,0,28588,0.0010000000000047748
39281000,-4197,-5610,123923,-4369,-4774,129777,124,19224,434,0,28589,0.0009999999999976694
39282000,-634,-1123,127817,-5021,-2446,127154,104,19233,508,0,28590,0.0009999999999976694
39283000,-5739,5728,126846,-12192,8329,120065,104,19233,426,0,28591,0.0010000000000047748
39284000,-4270,8333,128659,-9845,2561,131578,124,19221,508,1,28592,0.0009999999999976694
39285000,-8832,2112,127960,-5501,1103,122065,117,19230,479,1,28593,0.0009999999999976694
39286000,-5956,11801,126979,-9618,1681,123505,101,19231,414,1,28594,0.0010000000000047748
39287002,983,5830,124984,-1908,-3027,125566,138,19231,414,0,28595,0.0010019999999997253
39288000,2487,821,126444,-344,-5192,124386,104,19230,565,0,28596,0.0009979999999956135
39289000,6004,-2946,124986,-2890,-3956,129936,104,19227,426,0,28597,0.0010000000000047748
39290000,-1695,9715,127021,26,12745,117853,111,19223,455,1,28598,0.0009999999999976694
39291000,-4656,8143,125789,-10597,851,126186,160,19232,655,1,28599,0.0009999999999976694
39292000,1738,8387,127285,-1006,5163,124851,110,19230,451,1,28600,0.0010000000000047748
39293000,5079,8206,122934,8616,7598,122901,100,19230,410,0,28601,0.0009999999999976694
39294000,9234,856,125421,4356,-3028,122879,93,19228,410,0,28602,0.0009999999999976694
39295000,9194,-3759,123437,6084,-11986,125727,113,19230,381,0,28603,0.0010000000000047748
39296000,7678,-11017,124154,4779,-10568,137937,113,19225,463,0,28604,0.0009999999999976694
39297000,2316,7395,129903,3710,6806,115414,122,19221,500,1,28605,0.0009999999999976694
39298000,3717,9669,128953,-1559,2072,127524,112,19229,459,1,28606,0.0009999999999976694
39299000,4986,6737,126876,8370,-1146,130400,101,19229,414,1,28607,0.0010000000000047748
39300000,9578,-5339,123636,2170,-8247,125176,128,19232,414,0,28608,0.0009999999999976694
39301001,12298,3117,127749,10352,-323,122388,99,19228,524,0,28609,0.00100100000000225
39302000,6277,-6316,125929,15065,-7748,127471,99,19229,405,0,28610,0.0009990000000001942
39303000,5592,-15044,127056,-6848,-14627,136213,106,19228,434,1,28611,0.0009999999999976694
39304000,942,8444,130522,1962,3580,126323,143,19228,586,1,28612,0.0009999999999976694
39305000,659,11124,127502,251,7177,123338,113,19228,463,1,28613,0.0010000000000047748
39306000,3637,6994,132701,1570,3674,127450,105,19232,463,1,28614,0.0009999999999976694
39307000,6946,-10120,127400,4003,-18452,132156,139,19225,430,0,28615,0.0009999999999976694
39308000,12009,-10844,128717,6949,-12530,132570,139,19233,569,0,28616,0.0010000000000047748
39309000,-394,5798,131044,12568,2575,125486,104,19228,426,0,28617,0.0009999999999976694
39310000,2036,-3018,129286,-21490,-5044,130291,112,19221,459,1,28618,0.0009999999999976694
39311000,-5255,16947,135524,-8300,13411,123064,120,19229,491,1,28619,0.0010000000000047748
39312000,-7325,-6859,128858,12427,-11781,134966,102,19229,491,1,28620,0.0009999999999976694
39313000,-2267,-2629,129294,-16632,-5153,125247,121,19232,418,0,28621,0.0009999999999976694
39314000,-5698,-10194,128177,-17546,-14931,132972,121,19222,496,0,28622,0.0010000000000047748
39315000,6017,851,130779,15377,-572,129101,98,19225,401,0,28623,0.0009999999999976694
39316000,-8447,9167,131510,-11815,5698,121318,108,19230,442,0,28624,0.0009999999999976694
39317000,-6015,-2994,130741,-30651,-6309,135631,144,19226,590,1,28625,0.0010000000000047748
39318000,-8485,8968,130844,3279,6694,129462,118,19226,590,1,28626,0.0009999999999976694
39319000,-5441,5083,127652,-4876,1942,126793,102,19230,483,1,28627,0.0009999999999976694
39320000,-2155,15700,130685,-14459,13327,120569,102,19228,418,0,28628,0.0010000000000047748
39321000,-5065,-16936,121911,-11470,-20433,136303,164,19233,672,0,28629,0.0009999999999976694
39322000,493,7421,128433,-63,2234,119699,104,19231,426,0,28630,0.0009999999999976694
39323000,-4197,6839,127908,-9469,4541,126616,109,19221,446,1,28631,0.0010000000000047748
39324000,-6821,4157,126516,-6385,-29,123726,126,19221,446,1,28632,0.0009999999999976694
39325000,-6829,6429,129463,-14935,5632,129990,111,19228,516,1,28633,0.0009999999999976694
39326000,26,3351,125872,-8625,-1181,126673,111,19230,455,1,28634,0.0010000000000047748
39327000,479,20176,127190,15136,6715,115764,114,19223,467,0,28635,0.0009999999999976694
39328000,-390,-17233,120336,-15215,-17226,131454,93,19230,381,0,28636,0.0009999999999976694
39329000,4017,3307,130120,-9009,1024,123334,109,19228,446,0,28637,0.0010000000000047748
39330000,-1469,9893,124285,11139,8175,123453,133,19228,446,1,28638,0.0009999999999976694
39331000,-6789,15956,127068,-15309,17479,118834,113,19227,545,1,28639,0.0009999999999976694
39332001,1537,13339,125480,-5996,1202,125238,113,19230,463,1,28640,0.00100100000000225
39333000,9342,-1144,122508,18391,-4166,126674,97,19232,397,0,28641,0.0009990000000001942
39334000,10502,152,125949,8608,-3571,125504,129,19231,528,0,28642,0.0009999999999976694
39335000,5369,-5529,124899,4500,-7904,126011,110,19230,451,0,28643,0.0010000000000047748
39336001,7104,3510,125865,1204,555,128168,114,19230,467,0,28644,0.0010009999999951447
39337000,3917,56,127680,4651,-772,128187,130,19225,467,1,28645,0.0009990000000001942
39338001,2877,11646,129572,1993,1526,121831,108,19232,532,1,28646,0.00100100000000225
39339000,6637,17232,125025,-2574,8986,119363,108,19230,442,1,28647,0.0009990000000001942
39340000,10264,1692,126208,8808,-2425,126699,104,19222,426,0,28648,0.0009999999999976694
39341000,14434,-11615,126766,16979,-15822,134963,102,19230,418,0,28649,0.0010000000000047748
39342000,5240,-8463,125741,5604,-6859,125403,105,19230,430,0,28650,0.0009999999999976694
39343000,2447,7845,132465,-10219,1765,126216,119,19229,430,1,28651,0.0009999999999976694
39344000,-204,10635,131806,4580,9457,129012,112,19224,487,1,28652,0.0010000000000047748
39345000,-19,4496,129731,2274,-523,128317,112,19231,459,1,28653,0.0009999999999976694
39346000,1329,-3825,129709,-6226,-11173,125845,100,19230,410,1,28654,0.0009999999999976694
39347000,10304,-9515,126784,8229,-16245,123220,139,19224,569,0,28655,0.0010000000000047748
39348000,9857,-3568,130705,18640,-7221,135763,104,19224,426,0,28656,0.0009999999999976694
39349000,79,-2644,129051,-12918,-4209,127412,105,19230,426,0,28657,0.0009999999999976694
39350000,2259,7252,134030,-16636,3699,128927,147,19230,430,1,28658,0.0010000000000047748
39351000,-10689,11542,132652,11441,4264,125260,147,19230,602,1,28659,0.0009999999999976694
39352000,-5329,-3889,129358,-9215,-8126,133408,110,19228,451,1,28660,0.0009999999999976694
39353001,-651,-11988,129071,-18406,-14704,138640,101,19221,414,0,28661,0.00100100000000225
39354000,2198,6860,129788,5730,5650,118444,111,19228,455,0,28662,0.0009990000000001942
39355000,1530,7713,129246,1168,2058,127653,110,19228,455,0,28663,0.0009999999999976694
39356000,-8645,3133,132035,-18698,-1382,128046,122,19229,451,0,28664,0.0010000000000047748
39357000,-5839,-4727,129849,-14600,-8302,135925,122,19221,500,1,28665,0.0009999999999976694
39358002,-10901,13837,131574,-4524,13112,122793,113,19229,463,1,28666,0.0010019999999997253
39359000,-4857,15561,130054,-15600,11227,119217,102,19233,418,1,28667,0.000998000000002719
39360000,-2674,-5488,127033,-7756,-9524,133757,129,19220,528,0,28668,0.0009999999999976694
39361000,-2699,-11075,125030,-1372,-13424,131077,99,19220,528,0,28669,0.0009999999999976694
39362000,124,757,127726,-5304,-2425,128476,104,19231,405,0,28670,0.0009999999999976694
39363000,-5274,21317,129645,-12429,18599,113015,104,19229,426,1,28671,0.0010000000000047748
39364000,-5486,6789,128358,-5499,3898,129761,148,19225,606,1,28672,0.0009999999999976694
39365000,-8715,-5608,126882,-9552,-8896,135718,116,19227,475,1,28673,0.0009999999999976694
39366000,-414,3676,125009,-9662,-407,117412,104,19224,426,0,28674,0.0010000000000047748
39367000,1536,9128,125738,3808,6911,125417,114,19224,426,0,28675,0.0009999999999976694
39368001,5930,-3348,120108,-831,-8511,124649,109,19232,467,0,28676,0.00100100000000225
39369000,-93,5633,126511,-3899,981,128905,109,19229,446,0,28677,0.0009990000000001942
39370000,-1676,2305,123367,-6885,-2632,121185,116,19217,475,1,28678,0.0009999999999976694
39371000,-460,20898,128757,-901,18116,120901,127,19227,520,1,28679,0.0009999999999976694
39372000,2728,6450,125794,961,5303,128488,101,19232,414,1,28680,0.0010000000000047748
39373000,9662,-1918,123251,-686,-8376,121356,113,19232,414,0,28681,0.0009999999999976694
39374000,4862,10019,125238,7454,321,126028,97,19225,463,0,28682,0.0009999999999976694
39375001,9740,-7410,122268,13705,-3152,120506,97,19231,397,0,28683,0.00100100000000225
39376002,5292,3458,128856,1181,-2195,130124,112,19226,459,1,28684,0.00100100000000225
39377000,2114,5904,128736,-1799,6348,124003,144,19227,590,1,28685,0.0009979999999956135
39378000,6330,9953,128322,4405,7083,123932,115,19230,471,1,28686,0.0010000000000047748
39379000,4888,-1673,127302,11637,-4764,128874,95,19230,471,1,28687,0.0009999999999976694
39380000,12612,2155,124230,-1637,2831,120612,147,19227,389,0,28688,0.0009999999999976694
39381001,9621,-4755,126973,13258,-15857,135734,147,19232,602,0,28689,0.00100100000000225
39382000,7228,-7302,128114,9242,-5915,126260,111,19230,455,0,28690,0.0009990000000001942
39383000,5005,8467,131219,-10469,6226,129050,113,19225,463,1,28691,0.0009999999999976694
39384000,-1695,8808,129482,5659,11504,124386,123,19228,504,1,28692,0.0010000000000047748
39385000,3843,11148,130283,6896,-316,123097,106,19228,434,1,28693,0.0009999999999976694
39386000,3746,-4574,128912,-4933,-7260,135364,112,19230,434,1,28694,0.0009999999999976694
39387000,11061,-4972,127262,6528,-4980,123522,89,19213,459,0,28695,0.0010000000000047748
39388000,6428,-3540,131462,15300,-9372,136114,89,19236,365,0,28696,0.0009999999999976694
39389000,2635,-8644,128806,-16151,-8886,127977,106,19229,434,0,28697,0.0009999999999976694
39390000,416,8484,134890,-11811,3428,131058,131,19222,537,1,28698,0.0010000000000047748
39391014,-6755,3367,132898,9135,7048,126511,113,19222,463,1,28699,0.00101399999999785
39392002,-4671,6750,130319,-15988,-4453,126221,94,19227,463,1,28700,0.0009879999999995448
39393000,-993,-9878,127127,-13765,-16655,137991,144,19228,385,0,28701,0.000998000000002719
39394000,1211,-4620,129066,10448,-8002,127383,144,19234,590,0,28702,0.0009999999999976694
39395000,-1664,5885,131381,-2675,5673,123837,109,19229,446,0,28703,0.0009999999999976694
39396000,-8365,6123,133822,-20562,402,128017,113,19227,463,1,28704,0.0010000000000047748
39397002,-8493,-4454,129514,-10561,-6146,134430,134,19229,549,1,28705,0.0010019999999997253
39398002,-10224,7442,129418,-8219,4318,126676,111,19229,549,1,28706,0.0009999999999976694
39399001,-2561,14326,129188,-12514,10933,118798,109,19232,455,1,28707,0.0009990000000001942
39400000,-4788,-1474,127947,-5147,-6131,131971,109,19219,446,0,28708,0.0009990000000001942
39401000,-2085,-11593,124506,-5865,-16380,130023,128,19229,524,0,28709,0.0009999999999976694
39402000,172,4633,128871,-6015,1823,122683,105,19232,430,0,28710,0.0010000000000047748
39403000,-6421,8765,127636,-4641,4165,125333,124,19220,508,1,28711,0.0009999999999976694
39404000,-7337,10098,127642,-11967,6811,121335,117,19220,508,1,28712,0.0009999999999976694
39405000,-6524,7100,128320,-15902,3091,130001,105,19228,479,1,28713,0.0010000000000047748
39406000,-775,3419,125682,3981,-468,123934,105,19232,430,0,28714,0.0009999999999976694
39407001,-37,-3135,124999,-1136,-6437,126603,140,19230,573,0,28715,0.00100100000000225
39408000,-583,-2292,123827,-8282,-5978,125161,107,19221,438,0,28716,0.0009990000000001942
39409000,1336,6537,126061,-3053,3567,124834,111,19222,455,0,28717,0.0009999999999976694
39410000,-1456,2835,124832,1502,-221,122992,158,19222,455,1,28718,0.0009999999999976694
39411000,-1181,11409,126539,-6788,9273,119707,113,19227,647,1,28719,0.0010000000000047748
39412000,2227,10862,124836,-2658,8297,126679,113,19234,463,1,28720,0.0009999999999976694
39413000,8505,5633,124225,11042,3118,118491,101,19226,414,0,28721,0.0009999999999976694
39414000,11131,-2758,124431,4928,-7135,132936,102,19227,418,0,28722,0.0010000000000047748
39415000,3391,-6198,123447,2695,-11293,123813,119,19226,487,0,28723,0.0009999999999976694
39416000,8158,2748,128288,9034,-1643,128095,124,19226,487,1,28724,0.0009999999999976694
39417000,2665,3397,126836,2360,-96,121841,112,19224,508,1,28725,0.0010000000000047748
39418001,4221,7840,126339,-935,4384,128353,112,19231,459,1,28726,0.0010009999999951447
39419002,7782,1791,124404,6003,-1077,122286,103,19231,422,1,28727,0.00100100000000225
39420000,11035,2206,126365,6901,-13174,127230,128,19225,524,0,28728,0.000998000000002719
39421000,12018,-2741,125604,19502,-9661,132005,98,19225,401,0,28729,0.0009999999999976694
39422000,2102,-11885,126420,289,-2424,125711,104,19225,401,0,28730,0.0009999999999976694
39423000,7642,4022,134879,-11988,-308,136432,138,19226,426,1,28731,0.0009999999999976694
39424000,-2469,11281,129897,14168,7492,119528,138,19228,565,1,28732,0.0010000000000047748
39425000,-1548,12316,129838,-14354,6582,127800,115,19227,471,1,28733,0.0009999999999976694
39426000,8822,-4978,127665,570,-16313,132408,101,19224,414,0,28734,0.0009999999999976694
39427000,8071,-12774,126353,24880,-8366,128017,141,19229,577,0,28735,0.0010000000000047748
39428001,7075,1192,130513,-3049,-563,129006,107,19229,438,0,28736,0.0010009999999951447
39429000,-1738,2809,131666,-17147,3443,124203,111,19233,438,0,28737,0.0009990000000001942
39430000,857,3250,132250,2405,-4780,138540,120,19222,455,1,28738,0.0010000000000047748
39431004,-9877,-1066,129280,-1688,-1684,126635,120,19228,491,1,28739,0.0010040000000017812
39432002,-4031,3408,131777,-22260,-5987,126583,103,19231,422,1,28740,0.0009979999999956135
39433000,3147,5218,129101,1691,-2196,128166,117,19225,479,0,28741,0.000998000000002719
39434000,2359,-1332,128620,3514,-6046,128634,97,19225,397,0,28742,0.0009999999999976694
39435000,-1016,626,131387,-8783,1371,129406,111,19228,397,0,28743,0.0009999999999976694
39436000,-9988,3451,130332,-15008,-1537,127503,142,19224,455,1,28744,0.0010000000000047748
39437000,-8933,12577,132919,-8588,7987,125979,142,19225,582,1,28745,0.0009999999999976694
39438000,-10755,756,129388,-10024,-3304,134779,116,19230,475,1,28746,0.0009999999999976694
39439000,-1529,7156,129407,-12591,5909,119285,101,19228,414,1,28747,0.0010000000000047748
39440000,-4552,7860,128927,-4920,-3244,125635,164,19228,672,0,28748,0.0009999999999976694
39441001,-620,-6488,125710,-3887,-7970,130085,116,19227,672,0,28749,0.00100100000000225
39442002,-1149,5716,129722,-10386,2420,125373,114,19226,475,0,28750,0.0010009999999951447
39443002,-6843,5239,127753,-11853,2472,127497,114,19220,467,1,28751,0.0010000000000047748
39444002,-4817,7529,127998,-7599,1133,123977,127,19231,520,1,28752,0.0009999999999976694
39445000,-6023,14023,126598,-8226,7708,123095,110,19231,451,1,28753,0.000998000000002719
39446000,702,5134,124173,-2244,-326,127436,115,19226,471,0,28754,0.0009999999999976694
39447001,-3294,-7379,122600,-2508,-6921,125101,93,19226,471,0,28755,0.00100100000000225
39448000,2057,6053,127057,-7931,5380,119974,109,19231,381,0,28756,0.0009990000000001942
39449000,613,12449,125653,204,8483,123864,109,19226,446,0,28757,0.0009999999999976694
39450000,-3506,-1874,125289,2824,-7397,133393,128,19219,524,1,28758,0.0009999999999976694
39451000,1630,2801,125091,-8989,435,123829,112,19231,459,1,28759,0.0010000000000047748
39452000,3913,13634,126332,3101,11145,118265,96,19234,393,1,28760,0.0009999999999976694
39453000,9071,9519,124654,9835,5207,119795,133,19234,393,0,28761,0.0009999999999976694
39454000,8947,-7534,122746,4454,-14167,128785,112,19231,545,0,28762,0.0010000000000047748
39455000,5388,-6534,125811,4293,-9977,131661,112,19226,459,0,28763,0.0009999999999976694
39456000,3025,-656,127584,8231,-3683,125854,112,19226,459,1,28764,0.0009999999999976694
39457000,1390,19743,131347,-1042,17749,117452,129,19228,528,1,28765,0.0010000000000047748
39458000,5916,3822,126656,2082,1176,129272,107,19232,438,1,28766,0.0009999999999976694
39459000,7655,-2734,125172,9736,-5472,129108,108,19232,438,1,28767,0.0009999999999976694
39460001,9865,4928,128408,4031,1912,119795,105,19224,442,0,28768,0.00100100000000225
39461000,8864,-4570,126279,11604,-8097,129369,105,19233,430,0,28769,0.0009990000000001942
39462000,6857,-9162,127750,1700,-13101,131969,103,19232,422,0,28770,0.0009999999999976694
39463000,4210,3604,129653,-1415,-1840,129870,119,19226,487,1,28771,0.0010000000000047748
39464000,1068,15902,129051,4283,14101,120515,110,19230,451,1,28772,0.0009999999999976694
39465000,2522,4415,128756,-967,2992,131369,100,19230,451,1,28773,0.0009999999999976694
39466001,8306,-9589,127722,2408,-11787,132897,139,19231,410,0,28774,0.00100100000000225
39467000,10819,-12772,127310,5252,-8014,129251,139,19225,569,0,28775,0.0009990000000001942
39468000,2984,4140,130468,17722,4846,126406,105,19230,430,0,28776,0.0009999999999976694
39469001,1480,-1517,129172,-14671,-3290,126158,105,19228,430,0,28777,0.00100100000000225
39470000,-3628,9641,133780,-12383,8474,131965,146,19225,598,1,28778,0.0009990000000001942
39471000,-2746,1201,130956,-83,-2263,130576,110,19225,451,1,28779,0.0009999999999976694
39472002,-3702,-3340,130174,-10642,-7993,128104,101,19235,451,1,28780,0.0010019999999997253
39473000,-1884,-8496,128390,-12391,-12104,127783,101,19223,414,0,28781,0.000998000000002719
39474000,3175,7393,130099,2598,4559,124009,121,19228,496,0,28782,0.0009999999999976694
39475000,-3517,862,130708,-6208,-2866,135622,117,19227,479,0,28783,0.0010000000000047748
39476002,-7145,6479,131769,-18729,3369,122697,126,19220,516,1,28784,0.0010019999999997253
39477000,-11361,3300,130288,-12742,998,135440,115,19220,471,1,28785,0.0009979999999956135
39478000,-4561,9420,130821,-2600,10098,120997,104,19227,471,1,28786,0.0010000000000047748
39479000,-2923,6920,129445,-2305,-5420,131766,125,19228,426,1,28787,0.0009999999999976694
39480001,-4811,-7112,124109,-23031,-936,129277,125,19217,512,0,28788,0.00100100000000225
39481001,803,8525,125780,-1093,12837,116263,97,19235,397,0,28789,0.0009999999999976694
39482001,294,-3487,127701,-2529,-8876,136017,103,19228,422,0,28790,0.0009999999999976694
39483003,-4588,7259,126943,-7471,6830,118375,147,19228,602,1,28791,0.0010019999999997253
39484002,-9163,3888,128422,-17396,-5601,135616,117,19230,602,1,28792,0.0009990000000001942
39485000,-942,10354,127677,-1915,10303,117140,102,19231,479,1,28793,0.000998000000002719
39486000,-1173,9245,127911,4611,-889,125061,102,19229,418,0,28794,0.0009999999999976694
39487000,1753,-8664,123702,-6995,-13048,132032,116,19231,475,0,28795,0.0009999999999976694
39488000,-2023,7364,125181,-3717,7124,117646,106,19229,434,0,28796,0.0010000000000047748
39489000,659,10315,127528,-1855,8522,129385,115,19229,471,1,28797,0.0009999999999976694
39490000,-2525,17863,127623,-1731,13751,113881,130,19221,471,1,28798,0.0009999999999976694
39491000,-955,-1396,124884,-7618,-4506,132876,101,19231,532,1,28799,0.0010000000000047748
39492000,7114,-2493,124089,7992,-5164,126224,101,19232,414,1,28800,0.0009999999999976694
39493000,8065,6502,122394,7060,3106,119485,113,19229,463,0,28801,0.0009999999999976694
39494000,11425,1310,124310,-420,-2093,128595,98,19227,401,0,28802,0.0010000000000047748
39495000,5935,-3029,126140,14357,-6915,122010,112,19230,459,0,28803,0.0009999999999976694
39496000,5639,-7038,125847,-3028,-9708,136871,144,19230,459,1,28804,0.0009999999999976694
39497000,1437,16205,131289,668,13961,117593,114,19224,590,1,28805,0.0010000000000047748
39498000,7310,8230,126167,11228,2698,124497,114,19230,467,1,28806,0.0009999999999976694
39499000,8562,-2322,125313,2941,-4885,128717,99,19227,405,0,28807,0.0009999999999976694
39500000,8475,5424,126823,-2267,2271,124806,134,19231,549,0,28808,0.0010000000000047748
39501000,9638,-12546,123661,19613,-17018,134416,105,19232,430,0,28809,0.0009999999999976694
39502000,2103,8489,131245,2723,5057,121292,110,19232,430,0,28810,0.0009999999999976694
39503000,5521,-81,129605,-12079,-3039,132385,125,19226,451,1,28811,0.0010000000000047748
39504000,1085,13270,131447,10610,9316,123951,125,19230,512,1,28812,0.0009999999999976694
39505000,4162,2642,129094,1390,-450,127243,107,19235,438,1,28813,0.0009999999999976694
39506000,7857,-4841,128605,-3708,-7409,132784,117,19216,479,0,28814,0.0010000000000047748
39507002,7879,-8647,128755,13432,-11151,123498,90,19231,369,0,28815,0.0010019999999997253
39508000,6027,-9525,128571,11202,-13880,143889,108,19231,369,0,28816,0.0009979999999956135
39509000,-940,11426,133250,-17128,7595,115498,130,19228,442,1,28817,0.0010000000000047748
39510000,-2231,4411,132525,-9640,159,132048,130,19224,532,1,28818,0.0009999999999976694
39511000,-9027,-1540,130925,8785,-2520,130116,115,19228,471,1,28819,0.0009999999999976694
39512000,-1283,-15808,125732,-19098,-18609,138413,99,19228,405,1,28820,0.0010000000000047748
39513000,-3626,-2861,130218,-8253,-7991,122751,149,19231,610,0,28821,0.0009999999999976694
39514000,5713,7789,130206,5742,-2173,124230,110,19231,610,0,28822,0.0009999999999976694
39515000,-4906,5825,132718,-7143,-1495,135956,113,19228,451,0,28823,0.0010000000000047748
39516000,-10143,-2562,128747,-18932,-846,125436,113,19224,463,1,28824,0.0009999999999976694
39517000,-7050,6083,131682,-16516,4301,134344,131,19228,537,1,28825,0.0009999999999976694
39518000,-9767,11633,129389,-899,11372,119706,113,19230,463,1,28826,0.0010000000000047748
39519000,-2657,1385,127169,-13930,-8081,132742,111,19222,455,0,28827,0.0009999999999976694
39520000,-5216,-7235,125765,-6207,-12827,131699,129,19222,528,0,28828,0.0009999999999976694
39521000,-2373,1239,126514,-2235,1412,119786,105,19230,528,0,28829,0.0010000000000047748
39522000,-1495,5922,129460,-12247,6775,126803,124,19228,430,0,28830,0.0009999999999976694
39523000,-7529,12692,129736,-5877,9551,121448,124,19224,508,1,28831,0.0009999999999976694
39524000,-6897,3328,125806,-14480,-1728,133841,117,19228,479,1,28832,0.0010000000000047748
39525005,-4164,3803,126429,-9069,1724,122536,106,19228,434,1,28833,0.0010049999999992565
39526002,2190,5514,125674,3423,-708,123241,140,19228,573,0,28834,0.0009969999999981383
39527000,4434,760,126010,5245,-7174,126388,109,19229,573,0,28835,0.000998000000002719
39528000,-286,-2750,123153,-14730,-2414,123567,111,19228,446,0,28836,0.0009999999999976694
39529000,1239,8178,128367,1000,8056,128285,111,19227,455,1,28837,0.0009999999999976694
39530000,-4764,14314,125132,4063,11703,117318,160,19228,655,1,28838,0.0010000000000047748
39531000,-440,11365,126192,-8918,3225,124457,112,19232,459,1,28839,0.0009999999999976694
39532000,5460,-1447,124480,-95,-6345,130047,101,19232,414,0,28840,0.0009999999999976694
39533000,11137,1014,124215,14122,528,117877,95,19226,414,0,28841,0.0010000000000047748
39534000,6561,6442,127296,3975,517,126546,115,19228,389,0,28842,0.0009999999999976694
39535000,6171,-9259,124073,-2456,-11167,127485,115,19227,471,0,28843,0.0009999999999976694
39536000,2569,-2739,127079,12102,-2843,128026,122,19221,500,1,28844,0.0010000000000047748
39537003,2800,14436,129813,-10722,10956,121105,111,19233,455,1,28845,0.0010029999999972006
39538001,7082,8091,126275,7412,336,126583,100,19230,410,1,28846,0.000998000000002719
39539001,10384,5649,125736,16186,-1194,120294,122,19230,410,0,28847,0.0009999999999976694
39540000,10594,-4862,124872,-7920,-9639,128911,99,19224,500,0,28848,0.0009990000000001942
39541000,7311,-15857,128753,22118,-19045,138189,99,19232,405,0,28849,0.0009999999999976694
39542000,3720,8950,130592,307,7490,122188,107,19231,438,1,28850,0.0010000000000047748
39543000,-238,11995,130973,-13161,8054,127698,142,19229,582,1,28851,0.0009999999999976694
39544000,766,6919,130388,9215,4005,124869,111,19232,455,1,28852,0.0009999999999976694
39545001,6534,-8073,125864,2874,-14077,130984,99,19232,455,1,28853,0.00100100000000225
39546000,9525,-4206,127371,-1158,-6967,126285,145,19222,405,0,28854,0.0009990000000001942
39547001,10521,-1247,130101,12856,-3511,123615,145,19232,594,0,28855,0.00100100000000225
39548000,187,-11766,127212,4951,-15880,136069,110,19232,451,0,28856,0.0009989999999930887
39549000,-558,3280,133456,-21626,601,128071,113,19222,463,1,28857,0.0010000000000047748
39550000,-8494,-1575,134211,-6690,-4769,134564,130,19228,532,1,28858,0.0009999999999976694
39551002,-7787,17419,131607,7432,14558,120531,99,19228,532,1,28859,0.0010019999999997253
39552000,2291,-5408,126594,-22827,-8477,130438,113,19231,405,0,28860,0.000998000000002719
39553000,89,-12911,128398,693,-17251,136933,113,19225,463,0,28861,0.0009999999999976694
39554000,1609,8309,131517,6681,5796,121266,97,19228,397,0,28862,0.0009999999999976694
39555000,-7386,5118,131465,-18445,743,130136,112,19230,459,0,28863,0.0010000000000047748
39556000,-7710,3086,132917,-17457,2402,130326,140,19225,573,1,28864,0.0009999999999976694
39557000,-7423,1101,129071,-5246,-1312,132519,118,19225,573,1,28865,0.0009999999999976694
39558000,-6651,10159,128825,-6919,7182,116348,97,19228,483,1,28866,0.0010000000000047748
39559000,-2605,3915,129024,-10518,4977,131110,97,19227,397,0,28867,0.0009999999999976694
39560000,-2561,-6241,125876,-5192,-9027,131199,158,19232,647,0,28868,0.0009999999999976694
39561000,-839,2131,128704,-4793,-2174,126189,107,19235,438,0,28869,0.0010000000000047748
39562001,-8335,3692,127181,-8500,10000,119854,109,19220,446,1,28870,0.0010009999999951447
39563000,-5456,25022,129793,-16121,12399,116512,126,19220,516,1,28871,0.0009990000000001942
39564000,-7945,-6516,125688,-5408,-13719,144835,109,19229,516,1,28872,0.0010000000000047748
39565000,454,6226,125608,-4343,11946,112816,113,19230,446,1,28873,0.0009999999999976694
39566000,2827,13512,125211,-3100,7180,120216,113,19220,463,0,28874,0.0009999999999976694
39567000,1822,-3501,124524,3223,-11765,130087,110,19222,451,0,28875,0.0010000000000047748
39568000,5275,-7392,123819,-9544,-11632,132595,122,19227,500,0,28876,0.0009999999999976694
39569000,-5241,2263,125867,1025,9716,130137,136,19227,557,1,28877,0.0009999999999976694
39570000,1633,30288,127045,-3202,25179,108348,114,19224,557,1,28878,0.0010000000000047748
39571000,2944,8166,124733,2347,-4122,133201,99,19231,467,1,28879,0.0009999999999976694
39572001,7738,-825,123710,4874,-5639,123172,99,19230,405,0,28880,0.00100100000000225
39573001,10076,1056,123847,7879,-3351,123928,134,19236,549,0,28881,0.0009999999999976694
39574000,4786,4623,126953,8912,7811,118869,107,19224,438,0,28882,0.0009990000000001942
39575000,7952,-78,126650,-1113,-5249,128218,110,19224,451,0,28883,0.0009999999999976694
39576000,2089,-5450,126201,495,-2150,132827,129,19224,451,1,28884,0.0010000000000047748
39577000,5428,17816,130183,4747,14735,117642,112,19227,528,1,28885,0.0009999999999976694
39578000,5565,1841,125262,4935,-4031,126317,112,19231,459,1,28886,0.0009999999999976694
39579000,10891,7157,129246,4696,-277,122342,105,19227,430,0,28887,0.0010000000000047748
39580000,11107,-12347,125691,10232,-20039,137623,105,19232,430,0,28888,0.0009999999999976694
39581000,5792,-2832,128799,14138,-4207,122593,100,19232,410,0,28889,0.0009999999999976694
39582001,2641,10976,129812,-8007,9363,124755,117,19232,410,1,28890,0.00100100000000225
39583000,486,11364,130990,-3737,6502,129554,113,19226,479,1,28891,0.0009990000000001942
39584000,2453,8947,130228,15488,5147,124535,113,19230,463,1,28892,0.0009999999999976694
39585000,4012,-9784,128596,-5818,-17090,133691,103,19227,422,1,28893,0.0010000000000047748
39586000,9006,-3093,128524,-2720,-5943,125359,134,19228,549,0,28894,0.0009999999999976694
39587003,10805,-2366,129129,25514,-4499,129144,101,19228,414,0,28895,0.0010029999999972006
39588000,1838,-5009,128657,-10378,-8322,135166,105,19228,414,0,28896,0.0009970000000052437
39589000,-1963,9650,132616,-18276,7973,119110,155,19222,430,1,28897,0.0009999999999976694
39590000,-2683,4909,131513,-904,1399,135871,155,19225,635,1,28898,0.0009999999999976694
39591000,-7142,-1755,131411,8703,-4285,128264,112,19228,459,1,28899,0.0010000000000047748
39592000,-106,-13496,127641,-22274,-19389,132971,100,19226,410,0,28900,0.0009999999999976694
39593000,-1958,-2588,131191,-7810,-5424,129027,121,19228,496,0,28901,0.0009999999999976694
39594000,1856,1499,129194,11062,-1522,126125,114,19228,496,0,28902,0.0010000000000047748
39595000,-9511,9197,132361,-16669,5610,125895,124,19226,467,0,28903,0.0009999999999976694
39596000,-9100,-3341,128572,-20648,-6913,134172,124,19220,508,1,28904,0.0009999999999976694
39597000,-7475,5304,130221,-3105,2178,124786,115,19228,471,1,28905,0.0010000000000047748
39598000,-4891,9364,130905,-8435,6481,127384,104,19231,426,1,28906,0.0009999999999976694
39599000,-1323,-2747,127064,-6698,-6638,129093,128,19220,524,0,28907,0.0009999999999976694
39600000,-6243,-6941,127066,-6781,-9326,128621,103,19220,524,0,28908,0.0010000000000047748
39601000,-1433,1726,126742,-8752,-1810,128185,106,19228,422,0,28909,0.0009999999999976694
39602000,-5601,14778,127928,-6521,10135,121340,106,19230,434,1,28910,0.0009999999999976694
39603000,-8317,7774,128266,-7670,5030,125700,146,19230,598,1,28911,0.0010000000000047748
39604000,-6125,-2351,127491,-12671,-4586,128301,116,19230,475,1,28912,0.0009999999999976694
39605002,391,689,127647,-9720,-1064,126778,103,19225,422,0,28913,0.0010019999999997253
39606002,119,3568,124596,6278,513,124492,117,19225,479,0,28914,0.0009999999999976694
39607002,-121,1951,122785,-3335,-1832,123526,106,19231,479,0,28915,0.0010000000000047748
39608002,-454,-773,125018,-9799,7452,125892,106,19226,434,0,28916,0.0009999999999976694
39609001,-1108,5262,126222,-291,7497,129756,113,19221,463,1,28917,0.0009990000000001942
39610000,470,9538,125337,-4045,6445,120550,131,19230,537,1,28918,0.0009990000000001942
39611000,72,8675,123970,5114,518,124005,101,19229,414,1,28919,0.0009999999999976694
39612000,8152,4153,124856,-2972,-28,122885,115,19229,471,0,28920,0.0009999999999976694
39613000,10278,-373,123180,16285,-5921,128561,106,19228,471,0,28921,0.0010000000000047748
39614000,6164,-1586,126069,8552,-7566,128675,113,19228,434,0,28922,0.0009999999999976694
39615000,4039,2438,125266,-4360,-3541,118467,113,19227,463,1,28923,0.0009999999999976694
39616000,1635,6803,131263,3187,9252,128827,142,19230,582,1,28924,0.0010000000000047748
39617000,6066,3430,126096,9959,6967,128706,115,19230,471,1,28925,0.0009999999999976694
39618000,6120,1998,124275,2002,5133,124020,98,19230,401,1,28926,0.0009999999999976694
39619000,10604,4937,126044,-881,-1829,124569,138,19227,401,0,28927,0.0010000000000047748
39620000,10672,-11391,123642,16983,-14364,126759,102,19229,565,0,28928,0.0009999999999976694
39621000,8972,-4314,132243,8491,-7879,136350,102,19229,418,0,28929,0.0009999999999976694
39622000,3123,-1354,128035,-13504,-396,126324,104,19224,426,1,28930,0.0010000000000047748
39623000,616,19849,133823,10126,16060,124254,115,19229,471,1,28931,0.0009999999999976694
39624000,-1224,4779,128534,6047,-5888,130018,107,19230,438,1,28932,0.0009999999999976694
39625002,5362,-10351,125707,-13055,-13183,132214,117,19230,438,0,28933,0.0010019999999997253
39626000,7949,3296,132849,10730,26,126874,99,19214,479,0,28934,0.000998000000002719
39627000,7989,-6375,125566,20150,-8298,130909,99,19229,405,0,28935,0.0009999999999976694
39628000,1049,10912,132908,-22466,8902,123593,106,19228,434,0,28936,0.0010000000000047748
39629000,74,5315,131241,-11522,1859,132495,131,19226,537,1,28937,0.0009999999999976694
39630000,-6607,1969,130246,16254,1818,127787,116,19232,475,1,28938,0.0009999999999976694
39631000,-3333,2585,131275,-20011,-3081,126292,99,19232,475,1,28939,0.0010000000000047748
39632002,-1045,-17157,127643,-15560,-21265,138429,149,19225,405,0,28940,0.0010019999999997253
39633000,4266,10430,131717,13004,6420,118900,149,19236,610,0,28941,0.0009979999999956135
39634000,-2208,958,129155,-8755,-5338,131284,104,19227,426,0,28942,0.0010000000000047748
39635000,-6294,-436,132138,-11566,-1241,128130,110,19221,451,1,28943,0.0009999999999976694
39636000,-10564,3634,130630,-11617,1124,127964,132,19226,541,1,28944,0.0009999999999976694
39637001,-11496,8384,131099,-13521,7437,131357,111,19226,541,1,28945,0.00100100000000225
39638000,-5920,12506,129419,-9983,7168,119868,109,19233,455,1,28946,0.0009990000000001942
39639000,-4559,-7163,125819,-6427,-11623,131984,109,19220,446,0,28947,0.0009999999999976694
39640000,-853,-1806,125785,-6986,-3343,126142,130,19228,532,0,28948,0.0010000000000047748
39641000,-2168,2461,128632,-6250,-1041,129011,101,19228,414,0,28949,0.0009999999999976694
39642000,-4359,10796,128198,-5175,6341,120971,121,19222,496,1,28950,0.0009999999999976694
39643000,-8402,11567,128513,-15196,8041,123708,116,19222,496,1,28951,0.0010000000000047748
39644000,-7878,-3389,128606,-12131,-6974,133922,105,19225,475,1,28952,0.0009999999999976694
39645000,1678,7358,125373,3989,5210,118690,105,19236,430,0,28953,0.0009999999999976694
39646000,-2521,-821,124856,-10641,-2644,128752,139,19234,569,0,28954,0.0010000000000047748
39647000,2337,2581,124493,807,-1228,123143,105,19229,430,0,28955,0.0009999999999976694
39648003,-1185,5679,126058,-853,3156,123421,109,19224,446,0,28956,0.0010029999999972006
39649002,-1625,5532,125609,-10005,549,125323,151,19224,446,1,28957,0.0009990000000001942
39650000,-2279,9776,125814,-2040,7060,122092,109,19228,618,1,28958,0.000998000000002719
39651000,5156,5439,123903,2868,2549,127605,109,19234,446,1,28959,0.0009999999999976694
39652001,9015,-663,122738,4913,-2921,121403,100,19224,410,0,28960,0.00100100000000225
39653000,11102,-3665,125521,5511,-4508,128906,85,19227,348,0,28961,0.0009990000000001942
39654000,6865,-2918,125027,9891,-5294,125162,112,19228,459,0,28962,0.0009999999999976694
39655000,658,2582,126710,3391,-3871,127443,123,19228,504,1,28963,0.0010000000000047748
39656000,693,10776,127751,-1534,18640,119092,110,19220,504,1,28964,0.0009999999999976694
39657002,4116,10538,127678,-1368,1884,124488,99,19228,451,1,28965,0.0010019999999997253
39658002,8575,-6792,126237,8882,-9733,134059,99,19232,405,1,28966,0.0009999999999976694
39659000,12350,4163,126075,3894,1983,117652,128,19227,524,0,28967,0.000998000000002719
39660000,8808,-6647,125872,9197,-11545,131049,101,19232,414,0,28968,0.0009999999999976694
39661000,7279,-5758,128429,1190,-4897,129195,102,19232,418,0,28969,0.0010000000000047748
39662000,3528,-680,129757,-3903,-2098,128948,139,19226,418,1,28970,0.0009999999999976694
39663000,888,9497,131485,5304,7241,131077,111,19229,569,1,28971,0.0009999999999976694
39664000,-942,12625,128183,-683,3525,122315,111,19230,455,1,28972,0.0010000000000047748
39665000,4961,-9206,126679,-1023,-15703,136318,100,19226,410,0,28973,0.0009999999999976694
39666003,7667,-8949,127582,16174,-5460,124182,137,19232,561,0,28974,0.0010029999999972006
39667002,7743,414,129466,2265,-11985,133185,106,19232,434,0,28975,0.0009990000000001942
39668000,2046,14990,132119,-8512,18587,117853,113,19232,434,0,28976,0.000998000000002719
39669000,285,2584,132599,-4918,-3964,134540,116,19222,463,1,28977,0.0009999999999976694
39670000,-8404,-13187,130083,-1089,-12333,136911,116,19228,475,1,28978,0.0010000000000047748
39671002,-3197,1351,130498,-14616,-3649,122016,101,19229,414,1,28979,0.0010019999999997253
39672000,-879,658,129974,-2324,-4343,132595,119,19221,487,0,28980,0.0009979999999956135
39673000,2932,5485,129121,-2089,-194,122954,97,19231,397,0,28981,0.0009999999999976694
39674000,-3850,-62,129624,-8294,-2909,130740,109,19231,397,0,28982,0.0010000000000047748
39675000,-5107,1556,130844,-11736,131,132583,146,19228,446,1,28983,0.0009999999999976694
39676000,-9258,11605,132034,-11066,9473,124818,146,19227,598,1,28984,0.0009999999999976694
39677000,-9128,9105,130403,-7871,6023,132301,116,19232,475,1,28985,0.0010000000000047748
39678000,-1609,7775,129100,-10379,3596,122822,98,19226,401,1,28986,0.0009999999999976694
39679000,-5877,-12626,125961,-4729,-18091,136021,163,19231,668,0,28987,0.0009999999999976694
39680000,-284,10421,128141,-7864,10073,116961,103,19231,668,0,28988,0.0010000000000047748
39681000,-636,76,125028,-9279,-3883,128853,112,19228,422,0,28989,0.0009999999999976694
39682000,-5660,6652,129210,-10493,7077,123067,112,19225,459,1,28990,0.0009999999999976694
39683000,-2119,16776,126661,-9045,11455,122752,127,19229,520,1,28991,0.0010000000000047748
39684000,-8933,-5276,123300,-1086,-9235,134422,109,19235,446,1,28992,0.0009999999999976694
39685000,2142,10430,127428,-10320,8865,114634,113,19224,463,0,28993,0.0009999999999976694
39686000,-1159,-1391,125713,-1781,-5124,130477,92,19224,463,0,28994,0.0010000000000047748
39687000,4565,3628,126046,6195,936,121834,108,19229,377,0,28995,0.0009999999999976694
39688001,-1623,-2794,126216,-9617,-5706,130196,108,19228,442,0,28996,0.00100100000000225
39689000,-4525,21597,128236,-1877,19629,124698,137,19220,561,1,28997,0.0009990000000001942
39690000,747,13502,125795,-3931,10221,121213,116,19231,475,1,28998,0.0009999999999976694
39691000,3193,-2607,125843,7891,-6539,134279,94,19232,385,1,28999,0.0009999999999976694
39692000,10278,12035,124133,-586,9457,114579,112,19232,385,0,29000,0.0010000000000047748
39693000,8084,-5423,123041,10079,-7361,126298,112,19234,459,0,29001,0.0009999999999976694
39694000,7188,-3806,128465,8776,-7631,127689,112,19231,459,0,29002,0.0009999999999976694
39695000,3767,-4061,125605,-6617,-7338,129944,119,19223,487,1,29003,0.0010000000000047748
39696000,2728,15247,128635,210,11026,120072,132,19229,541,1,29004,0.0009999999999976694
39697003,6898,9428,128154,14335,9940,132028,108,19232,442,1,29005,0.0010029999999972006
39698000,6713,-8739,122768,-2002,-13540,122215,105,19232,430,0,29006,0.0009970000000052437
39699000,11800,3690,128348,955,-1234,129652,94,19221,430,0,29007,0.0009999999999976694
39700000,7840,-5156,127177,17783,-7526,127603,111,19230,385,0,29008,0.0009999999999976694
39701001,6766,1691,128404,2092,-4551,125701,111,19228,455,0,29009,0.00100100000000225
39702000,250,2354,130692,-4930,-2753,134735,127,19228,520,1,29010,0.0009990000000001942
39703000,-591,8074,127523,4281,16153,125986,113,19229,463,1,29011,0.0009999999999976694
39704002,4680,6127,128723,4609,-1052,120613,99,19229,405,1,29012,0.0010019999999997253
39705000,9064,-7812,130558,-1145,-13347,134674,143,19230,405,0,29013,0.000998000000002719
39706000,10405,-8231,129853,18095,-14149,130492,102,19228,586,0,29014,0.0009999999999976694
39707000,4050,-9011,129835,-2995,-8911,134475,102,19231,418,0,29015,0.0010000000000047748
39708001,-2452,6602,131957,-17106,10041,122088,104,19228,426,1,29016,0.0010009999999951447
39709000,-7154,17008,134111,-4457,5290,127366,147,19232,602,1,29017,0.0009990000000001942
39710000,-3739,56,131089,5481,646,130375,109,19232,446,1,29018,0.0010000000000047748
39711000,-4465,-7009,129931,-10286,-15467,134002,103,19233,446,1,29019,0.0009999999999976694
39712001,1290,-7787,126771,-10761,-3851,127118,108,19222,422,0,29020,0.00100100000000225
39713000,2853,9359,130138,4909,6696,122979,108,19232,442,0,29021,0.0009990000000001942
39714002,-1726,-1580,129919,-7953,-4012,129476,107,19229,438,0,29022,0.0010019999999997253
39715001,-9221,3245,133752,-22190,595,137853,123,19224,504,1,29023,0.0009990000000001942
39716000,-8017,-1480,127923,-10526,697,128192,115,19226,471,1,29024,0.0009990000000001942
39717000,-6021,13685,131920,-681,8323,125479,102,19226,471,1,29025,0.0009999999999976694
39718000,-2023,744,126048,-8692,-4384,129059,134,19230,418,0,29026,0.0009999999999976694
39719000,-3554,-7941,124371,-13934,-10568,132356,134,19220,549,0,29027,0.0010000000000047748
39720000,-2707,943,128047,-1765,224,124125,103,19229,422,0,29028,0.0009999999999976694
39721000,-3180,13179,128001,-5964,12056,119506,105,19226,430,0,29029,0.0009999999999976694
39722000,-7551,13933,129463,-9873,10322,128335,149,19227,610,1,29030,0.0010000000000047748
39723000,-6391,147,125946,-12557,-1768,129844,116,19227,610,1,29031,0.0009999999999976694
39724000,-708,5878,126845,-4366,5088,124718,105,19228,475,1,29032,0.0009999999999976694
39725000,2231,3704,125995,2395,326,120123,105,19226,430,0,29033,0.0010000000000047748
39726001,2315,-8828,123978,-1776,-12660,124166,115,19231,471,0,29034,0.0010009999999951447
39727000,23,-2218,126175,-6969,-8800,134760,109,19228,446,0,29035,0.0009990000000001942
39728001,-3847,11759,126449,-4958,11731,118584,116,19226,475,1,29036,0.00100100000000225
39729000,-4574,19928,130102,-1961,17161,119490,125,19226,475,1,29037,0.0009990000000001942
39730000,-2449,3220,123377,-822,-1290,128472,101,19229,512,1,29038,0.0009999999999976694
39731000,5937,5630,123819,50,1922,124680,101,19237,414,0,29039,0.0010000000000047748
39732000,9935,2602,123883,5479,-1668,121544,120,19227,491,0,29040,0.0009999999999976694
39733000,10600,1802,125728,10880,-951,119483,110,19230,451,0,29041,0.0009999999999976694
39734003,4877,-8386,124282,3618,-11770,134817,116,19226,475,0,29042,0.001003000000004306
39735000,3302,-5100,126291,-4142,-8151,124394,146,19226,475,1,29043,0.0009969999999981383
39736002,4027,13662,128747,6285,10909,123819,116,19229,598,1,29044,0.0010019999999997253
39737000,5221,9122,124324,8166,5862,123835,116,19229,475,1,29045,0.0009979999999956135
39738000,9600,1867,127448,-3659,-1141,120563,101,19230,414,0,29046,0.0010000000000047748
39739000,9967,-7839,126196,7328,-11337,133978,134,19236,549,0,29047,0.0009999999999976694
39740000,8087,-2194,127295,15168,-5420,124897,106,19228,434,0,29048,0.0009999999999976694
39741000,1167,-1515,129872,165,-5362,132007,107,19228,434,1,29049,0.0010000000000047748
39742000,348,6740,130713,-2012,1852,125630,115,19223,438,1,29050,0.0009999999999976694
39743000,3717,10194,130974,27,5986,127036,115,19229,471,1,29051,0.0009999999999976694
39744000,456,1209,127973,116,-3521,121448,105,19234,430,1,29052,0.0010000000000047748
39745000,13614,-7392,125673,2695,-8792,131918,118,19219,483,0,29053,0.0009999999999976694
39746000,6466,-14080,129447,13226,-14802,133925,92,19232,377,0,29054,0.0009999999999976694
39747001,4753,-7020,128585,6485,-11276,132323,105,19232,430,0,29055,0.00100100000000225
39748000,1227,8857,133225,-19089,4977,123328,131,19230,430,1,29056,0.0009990000000001942
39749000,-6523,18305,133351,-5504,8302,123814,111,19219,537,1,29057,0.0009999999999976694
39750000,-6801,1981,129509,4971,-3534,136460,111,19232,455,1,29058,0.0010000000000047748
39751000,-3703,-19647,126245,-17383,-20275,132270,94,19233,385,0,29059,0.0009999999999976694
39752000,1152,-7242,131799,-12897,-6349,134088,152,19232,623,0,29060,0.0009999999999976694
39753000,2353,7607,130058,8674,8497,121720,109,19232,446,0,29061,0.0010000000000047748
39754000,-5700,8034,132997,-21446,-863,127123,115,19226,446,0,29062,0.0009999999999976694
39755006,-10657,-1829,129932,-16469,-5058,136517,132,19222,471,1,29063,0.0010060000000038372
39756007,-8411,4191,129285,-7172,1742,127127,132,19228,541,1,29064,0.0010009999999951447
39757000,-5171,14831,130416,-6279,17160,120579,109,19236,446,1,29065,0.0009930000000011319
39758000,-2299,6305,129833,-12087,-7843,126323,110,19221,451,0,29066,0.0009999999999976694
39759000,-4475,-12555,124109,-5578,-16385,135848,125,19232,512,0,29067,0.0010000000000047748
39760000,-2539,-3572,127691,-5521,-4969,126810,107,19232,512,0,29068,0.0009999999999976694
39761000,-5458,13107,128025,-8432,8521,116766,124,19227,438,1,29069,0.0009999999999976694
39762000,-7626,23441,128225,-4976,23098,119579,124,19223,508,1,29070,0.0010000000000047748
39763000,-6933,-2804,127416,-20638,-4368,131299,115,19229,471,1,29071,0.0009999999999976694
39764000,1129,-3977,125895,1846,-3721,129171,102,19228,418,1,29072,0.0009999999999976694
39765000,1581,6315,124554,7714,3315,120859,147,19231,602,0,29073,0.0010000000000047748
39766001,586,-3633,123886,-9304,-7272,124744,109,19231,602,0,29074,0.0010009999999951447
39767000,2186,932,125387,-10374,-1435,129866,109,19232,446,0,29075,0.0009990000000001942
39768000,-661,7048,125353,1604,4375,125708,109,19226,446,1,29076,0.0010000000000047748
39769000,-2825,17944,126508,989,16927,119889,150,19230,614,1,29077,0.0009999999999976694
39770000,127,9564,126103,-6087,1833,120891,107,19234,438,1,29078,0.0009999999999976694
39771000,8561,-314,122450,5100,-3733,129639,104,19224,426,0,29079,0.0010000000000047748
39772000,9185,4095,126105,11073,-3059,124810,84,19224,426,0,29080,0.0009999999999976694
39773000,7877,-5302,126363,4991,-11349,124930,115,19228,344,0,29081,0.0009999999999976694
39774000,3249,7855,128145,3017,4156,120018,115,19228,471,0,29082,0.0010000000000047748
39775000,-665,-1507,126575,3261,-2764,131068,124,19223,508,1,29083,0.0009999999999976694
39776000,7222,8073,128380,-6611,5907,126469,111,19231,455,1,29084,0.0009999999999976694
39777000,5717,14221,126489,17258,11022,119286,99,19233,405,1,29085,0.0010000000000047748
39778000,13990,3483,123877,221,301,120106,130,19233,405,0,29086,0.0009999999999976694
39779000,11100,-15040,127473,7143,-19895,132271,103,19228,532,0,29087,0.0009999999999976694
39780002,7236,-17530,126638,15811,-21531,139323,103,19228,422,0,29088,0.0010019999999997253
39781002,4689,9298,131279,-7718,6047,126606,103,19226,422,1,29089,0.0010000000000047748
39782000,-4579,16092,133113,-878,13434,122369,138,19228,565,1,29090,0.0009979999999956135
39783000,4118,7929,128569,4509,4347,128627,111,19227,455,1,29091,0.0010000000000047748
39784000,5180,-7057,125404,-1753,-11446,133646,101,19227,455,1,29092,0.0009999999999976694
39785000,12836,-7116,129595,9701,-11612,128145,133,19222,414,0,29093,0.0009999999999976694
39786001,10490,9103,129790,13472,7349,120961,133,19226,545,0,29094,0.00100100000000225
39787000,-777,-12793,129824,-2389,-16557,136708,112,19231,459,0,29095,0.0009990000000001942
39788000,1344,2142,134520,-21091,-624,128623,116,19222,475,1,29096,0.0009999999999976694
39789000,-11666,6126,132197,3487,3894,132160,117,19227,479,1,29097,0.0010000000000047748
39790000,-5145,10658,131130,-1478,9092,121061,100,19227,410,1,29098,0.0009999999999976694
39791000,720,-7847,129633,-21623,-9614,137177,121,19229,410,0,29099,0.0009999999999976694
39792000,1091,-8380,128206,5300,-13397,126302,100,19224,496,0,29100,0.0010000000000047748
39793000,716,5603,132463,2750,4553,126368,100,19228,410,0,29101,0.0009999999999976694
39794000,-10969,3230,132229,-17623,166,129209,106,19226,434,0,29102,0.0009999999999976694
39795003,-7930,4733,132455,-16052,5344,131824,144,19229,590,1,29103,0.001003000000004306
39796002,-11467,84,128629,-8395,-3252,131083,114,19229,467,1,29104,0.0009990000000001942
39797000,-2404,11825,127951,-7348,22391,116718,99,19229,467,1,29105,0.0009979999999956135
39798001,-2373,752,126062,-9274,-11984,128328,169,19228,405,0,29106,0.00100100000000225
39799000,-981,-4894,126030,-7180,-6544,130572,169,19228,692,0,29107,0.0009990000000001942
39800000,-108,-614,127731,-7178,-9047,132144,113,19230,463,0,29108,0.0009999999999976694
39801000,-8818,7885,128326,-14929,12757,115888,112,19219,459,1,29109,0.0009999999999976694
39802001,-4882,17355,130645,-7741,5470,129335,121,19219,496,1,29110,0.00100100000000225
39803000,-10025,-394,124773,-4594,-3125,127355,109,19228,496,1,29111,0.0009990000000001942
39804000,899,12224,127038,-8920,8745,118580,118,19232,446,0,29112,0.0009999999999976694
39805000,-850,310,125511,5266,-5825,126250,118,19228,483,0,29113,0.0010000000000047748
39806000,3689,1350,125774,-2429,1462,125684,97,19232,397,0,29114,0.0009999999999976694
39807000,1244,-6789,124296,-8931,-6780,133023,107,19223,438,0,29115,0.0009999999999976694
39808000,-3833,9724,126834,3483,13173,117752,137,19220,561,1,29116,0.0010000000000047748
39809000,-678,17104,126350,-13412,12264,130482,113,19220,561,1,29117,0.0009999999999976694
39810001,2914,-272,122936,6867,176,120825,95,19229,463,1,29118,0.00100100000000225
39811000,12398,4900,124231,7460,-1344,126818,95,19226,389,0,29119,0.0009990000000001942
39812000,6726,-4715,121802,5399,-8482,124879,118,19232,483,0,29120,0.0009999999999976694
39813000,7647,2454,126534,11030,-3478,122243,108,19227,442,0,29121,0.0009999999999976694
39814000,3272,-4278,126997,-181,-10699,134874,111,19223,455,1,29122,0.0010000000000047748
39815000,-457,21336,129144,-4356,23393,114288,123,19223,455,1,29123,0.0009999999999976694
39816000,5137,10746,127733,11208,5743,133047,109,19228,504,1,29124,0.0009999999999976694
39817000,6523,-2906,125753,9824,-3989,120344,109,19232,446,1,29125,0.0010000000000047748
39818000,13690,7963,128753,-2796,1543,126051,109,19222,446,0,29126,0.0009999999999976694
39819000,11595,-7353,127420,16801,-10699,131189,85,19235,348,0,29127,0.0009999999999976694
39820000,5800,-5298,126230,11433,-9022,122682,102,19231,418,0,29128,0.0010000000000047748
39821002,1268,4560,132809,-15348,2001,135971,122,19231,418,1,29129,0.0010019999999997253
39822000,1913,11526,128380,2354,7321,122028,115,19225,500,1,29130,0.0009979999999956135
39823000,1827,4605,131699,15156,1243,130219,115,19228,471,1,29131,0.0010000000000047748
39824000,4686,7612,129131,-10676,3639,124723,100,19224,410,0,29132,0.0009999999999976694
39825001,12110,-14619,126075,2492,-17077,135688,147,19233,602,0,29133,0.00100100000000225
39826000,5725,-51,132208,25768,-4292,128665,104,19234,426,0,29134,0.0009990000000001942
39827000,3903,-573,128923,-20457,-3596,125728,104,19234,426,0,29135,0.0009999999999976694
39828000,-2252,19767,134247,-11842,17070,123926,144,19227,426,1,29136,0.0009999999999976694
39829000,-4916,-5879,131409,7556,-8931,136186,144,19227,590,1,29137,0.0010000000000047748
39830000,-5613,-7430,127737,-7296,-11683,132285,108,19231,442,1,29138,0.0009999999999976694
39831000,665,-884,131310,-18575,-4343,124944,108,19224,442,0,29139,0.0009999999999976694
39832000,-1808,3678,128331,4351,595,122990,99,19230,405,0,29140,0.0010000000000047748
39833000,489,-1003,129610,373,-5468,130738,109,19230,405,0,29141,0.0009999999999976694
39834000,-9559,4960,130567,-18165,1414,127347,126,19226,446,1,29142,0.0009999999999976694
39835000,-8673,-192,131107,-12170,-2587,137283,118,19222,516,1,29143,0.0010000000000047748
39836000,-9547,12057,131175,-4669,8056,117412,118,19230,483,1,29144,0.0009999999999976694
39837000,-1530,590,130829,-11098,-1880,137200,103,19230,422,1,29145,0.0009999999999976694
39838000,-4611,-991,124685,-7025,-5944,119495,138,19221,565,0,29146,0.0010000000000047748
39839001,-5006,151,127292,-5798,-2566,132343,102,19221,418,0,29147,0.0010009999999951447
39840000,-611,6472,127149,-11421,4273,119851,105,19232,418,0,29148,0.0009990000000001942
39841000,-7067,8604,129214,-4845,6846,131525,146,19230,430,1,29149,0.0010000000000047748
39842000,-6571,937,127497,-10583,1536,129181,146,19228,598,1,29150,0.0009999999999976694
39843000,-8522,7977,126977,-12859,2212,119717,117,19227,479,1,29151,0.0009999999999976694
39844001,1922,5024,125524,-6463,4771,135122,108,19223,442,0,29152,0.00100100000000225
39845000,-2396,246,123244,3463,-2738,113278,105,19223,430,0,29153,0.0009990000000001942
39846002,-87,866,124603,-10203,-4128,133733,112,19227,430,0,29154,0.0010019999999997253
39847002,781,3997,126252,760,4501,122270,121,19226,459,0,29155,0.0009999999999976694
39848000,-2564,10837,126087,-2718,10007,121350,121,19218,496,1,29156,0.000998000000002719
39849000,2109,8650,127696,-5066,3363,128331,118,19227,483,1,29157,0.0009999999999976694
39850000,-668,4450,121832,5684,6706,121440,99,19233,405,1,29158,0.0010000000000047748
39851000,12460,-1586,123096,-3348,2455,129679,120,19229,491,0,29159,0.0009999999999976694
39852000,9874,3608,124333,18697,-3066,117292,105,19229,491,0,29160,0.0009999999999976694
39853000,6256,-9023,123627,6726,-15166,136046,116,19227,430,0,29161,0.0010000000000047748
39854000,4130,-6482,126600,-7919,-3844,124955,116,19224,475,1,29162,0.0009999999999976694
39855000,-616,13852,132697,5898,6671,123766,148,19229,606,1,29163,0.0009999999999976694
39856000,7614,11329,124807,14769,8704,128273,113,19229,463,1,29164,0.0010000000000047748
39857002,1538,4939,126125,-1535,2940,117828,97,19224,397,1,29165,0.0010019999999997253
39858000,16238,-4017,126814,-326,-6721,134597,139,19224,397,0,29166,0.0009979999999956135
39859000,8429,-6189,125042,23832,-6743,125503,108,19230,569,0,29167,0.0009999999999976694
39860000,5074,-1033,128309,-335,-3222,129585,108,19233,442,0,29168,0.0010000000000047748
39861000,6054,-2506,129039,-15551,-6389,133211,111,19220,455,1,29169,0.0009999999999976694
39862000,-103,14346,129282,13733,13378,118541,111,19228,455,1,29170,0.0009999999999976694
39863000,3228,7889,131672,2163,3901,133874,105,19228,430,1,29171,0.0010000000000047748
39864001,4086,-3559,126869,-11290,-6459,119710,119,19228,430,0,29172,0.0010009999999951447
39865000,12352,-16332,128441,9056,-21802,142594,94,19219,487,0,29173,0.0009990000000001942
39866000,4783,2389,129539,28449,-171,125361,94,19230,385,0,29174,0.0010000000000047748
39867000,-1364,1082,131038,-28187,-4813,128663,104,19229,426,0,29175,0.0009999999999976694
39868000,1799,17004,135663,-14987,15881,122273,133,19226,545,1,29176,0.0009999999999976694
39869000,-9360,5038,130224,21320,761,125401,113,19232,463,1,29177,0.0010000000000047748
39870000,-924,-7192,129614,-16307,-11707,138932,97,19232,463,1,29178,0.0009999999999976694
39871001,-6352,-9002,129303,-16310,-13337,124971,154,19228,397,0,29179,0.00100100000000225
39872000,6310,2704,129561,7919,-786,128052,154,19231,631,0,29180,0.0009990000000001942
39873000,-2120,2462,131463,-860,-1487,128192,111,19229,455,0,29181,0.0009999999999976694
39874002,-5978,1407,132121,-16613,-1943,128866,114,19219,467,1,29182,0.0010019999999997253
39875002,-10269,5306,130460,-18367,2229,133475,135,19229,553,1,29183,0.0009999999999976694
39876002,-11550,11263,129799,-5414,9068,121933,108,19229,553,1,29184,0.0010000000000047748
39877002,-1300,8285,130634,-9064,6149,126447,108,19233,442,1,29185,0.0009999999999976694
39878000,-7480,-8497,124105,-8432,-11054,128364,108,19224,442,0,29186,0.000998000000002719
39879000,-733,-6544,128144,-8133,-9787,130612,126,19235,516,0,29187,0.0009999999999976694
39880000,-1419,12600,128550,-4846,10936,123466,105,19230,430,0,29188,0.0009999999999976694
39881000,-5114,10493,126035,-5919,7742,120596,127,19222,520,1,29189,0.0010000000000047748
39882000,-5977,7160,129198,-12600,4034,129881,117,19222,479,1,29190,0.0009999999999976694
39883000,-6694,4349,126837,-11601,1369,124396,101,19229,479,1,29191,0.0009999999999976694
39884000,5202,6816,125943,1568,3306,123509,142,19229,414,0,29192,0.0010000000000047748
39885000,-2693,-4381,123846,1139,-6018,124124,142,19230,582,0,29193,0.0009999999999976694
39886000,2944,-5350,123314,-8833,-8335,126920,114,19225,467,0,29194,0.0009999999999976694
39887000,-943,12682,129031,-2087,11255,118724,113,19228,463,0,29195,0.0010000000000047748
39888002,-2850,15774,125581,794,11672,121544,153,19228,627,1,29196,0.0010019999999997253
39889000,-323,11759,127929,-6034,4391,127472,108,19225,627,1,29197,0.0009979999999956135
39890000,3457,-666,122319,-39,-3777,124229,103,19231,442,1,29198,0.0010000000000047748
39891000,12085,-2028,123608,10401,8828,122764,103,19223,422,0,29199,0.0009999999999976694
39892000,8653,370,125592,8596,-8004,121855,84,19227,344,0,29200,0.0009999999999976694
39893000,9551,-7361,124101,2398,-12193,134373,111,19227,455,0,29201,0.0010000000000047748
39894000,886,-419,126714,4010,-148,126429,125,19225,512,1,29202,0.0009999999999976694
39895000,636,11948,128593,-1851,12822,120170,114,19225,512,1,29203,0.0009999999999976694
39896000,6300,9510,127642,8806,5947,121668,99,19231,467,1,29204,0.0010000000000047748
39897000,5839,462,125217,9533,-10778,130010,99,19230,405,0,29205,0.0009999999999976694
39898000,11600,-3769,125126,706,-7399,128957,131,19227,537,0,29206,0.0009999999999976694
39899000,6975,-5705,127421,16064,-11034,125531,97,19230,397,0,29207,0.0010000000000047748
39900000,5252,-5739,129595,-1133,-4734,132715,103,19230,422,0,29208,0.0009999999999976694
39901000,424,5698,131672,-7401,813,129752,139,19230,422,1,29209,0.0009999999999976694
39902000,-230,10027,128265,5446,11536,125507,113,19227,569,1,29210,0.0010000000000047748
39903000,3840,11344,128564,-7364,10386,122569,113,19234,463,1,29211,0.0009999999999976694
39904000,8681,-12731,126114,4939,-18790,132066,101,19223,414,0,29212,0.0009999999999976694
39905001,9845,-10696,127570,19038,-11071,128698,127,19233,520,0,29213,0.00100100000000225
39906000,4266,-1643,127340,-3292,-6208,132258,104,19228,426,0,29214,0.0009990000000001942
39907000,-968,3494,134893,-14863,3276,123612,114,19228,426,0,29215,0.0009999999999976694
39908000,-3155,7798,133230,1650,1807,133526,113,19223,467,1,29216,0.0010000000000047748
39909000,-10422,-4134,128157,-2854,-8319,132402,113,19229,463,1,29217,0.0009999999999976694
39910001,-2368,3184,131460,-18387,4476,125305,101,19232,414,1,29218,0.00100100000000225
39911000,1032,-6257,128260,1389,-9908,134518,121,19225,496,0,29219,0.0009990000000001942
39912000,5952,6466,128402,4812,4733,122210,98,19227,401,0,29220,0.0009999999999976694
39913000,-5116,1117,130575,-15456,-3564,132184,110,19227,401,0,29221,0.0009999999999976694
39914000,-6834,-2366,129833,-13569,-5106,128962,151,19228,451,1,29222,0.0010000000000047748
39915002,-8543,15363,134568,-11106,12803,132170,151,19225,618,1,29223,0.0010019999999997253
39916001,-8735,5621,128246,-8187,4872,123809,117,19228,479,1,29224,0.0009990000000001942
39917000,-2274,5648,130636,-9694,2037,124978,100,19225,410,1,29225,0.0009990000000001942
39918000,-4230,-7465,125615,-9214,-11470,134529,160,19236,655,0,29226,0.0009999999999976694
39919000,-1306,863,127158,-2398,-1648,123783,103,19236,655,0,29227,0.0009999999999976694
39920000,-3085,6416,130635,-9973,4238,126877,110,19230,422,0,29228,0.0010000000000047748
39921000,-7048,10705,127048,-9328,7454,122957,110,19222,451,1,29229,0.0009999999999976694
39922000,-4452,8447,127129,-7896,5196,124945,119,19230,487,1,29230,0.0009999999999976694
39923000,-3311,2234,125636,-8554,-1451,129087,107,19228,438,1,29231,0.0009999999999976694
39924000,555,6513,123811,5578,4004,119242,117,19225,479,0,29232,0.0010000000000047748
39925000,-211,-896,123977,-9107,-2896,125415,94,19225,385,0,29233,0.0009999999999976694
39926000,4222,3293,126573,-2482,743,120618,105,19229,385,0,29234,0.0009999999999976694
39927000,315,-1430,128035,6128,-3985,137601,135,19230,430,1,29235,0.0010000000000047748
39928000,-3663,9598,125719,-6258,5935,121886,135,19220,553,1,29236,0.0009999999999976694
39929000,-3435,21915,128608,-9257,19156,121490,114,19236,467,1,29237,0.0009999999999976694
39930000,6876,9926,123947,3144,7369,122058,100,19233,410,1,29238,0.0010000000000047748
39931000,8699,-3210,123743,9267,-7761,129965,108,19233,442,0,29239,0.0009999999999976694
39932000,6573,-1875,124602,4183,-7349,118794,111,19233,442,0,29240,0.0009999999999976694
39933000,6345,-258,123832,3282,-5973,129355,114,19225,455,0,29241,0.0010000000000047748
39934001,7130,1185,127788,8465,-2444,129500,114,19225,467,1,29242,0.0010009999999951447
39935002,3927,10474,127952,-1522,5809,123132,124,19229,508,1,29243,0.00100100000000225
39936000,6936,10101,127762,3948,1715,124689,109,19229,446,1,29244,0.000998000000002719
39937000,9444,604,126132,9144,-3323,122133,112,19229,459,0,29245,0.0009999999999976694
39938000,9374,-7161,126680,4029,-14466,140476,86,19217,459,0,29246,0.0009999999999976694
39939000,8196,-10738,125850,9992,-8463,122340,102,19229,352,0,29247,0.0010000000000047748
39940000,1953,8180,130676,2008,1979,126389,102,19230,418,0,29248,0.0009999999999976694
39941000,671,16432,132582,-3552,11544,128025,123,19226,504,1,29249,0.0009999999999976694
39942000,423,5351,127378,3755,1449,128089,112,19227,459,1,29250,0.0010000000000047748
39943000,5098,-238,130438,188,-6065,130879,102,19228,418,1,29251,0.0009999999999976694
39944000,9354,-321,127139,2766,-7413,121093,147,19228,418,0,29252,0.0009999999999976694
39945000,11946,-8507,131105,15540,-9492,134722,113,19229,602,0,29253,0.0010000000000047748
39946003,3180,-5657,130081,76,-10963,134068,113,19232,463,0,29254,0.0010029999999972006
39947000,187,-1411,129045,-24651,1869,127849,110,19227,451,1,29255,0.0009969999999981383
39948000,-7177,19600,135549,5376,15928,121858,143,19228,586,1,29256,0.0010000000000047748
39949000,-4811,757,130228,-2431,-7633,130526,110,19230,451,1,29257,0.0009999999999976694
39950000,-590,-6935,129741,-12352,-9331,142483,107,19230,451,1,29258,0.0009999999999976694
39951000,-316,-10029,125270,-7237,-2915,124799,102,19220,438,0,29259,0.0010000000000047748
39952000,5266,7106,131064,4722,6883,125107,102,19231,418,0,29260,0.0009999999999976694
39953000,-6711,5945,130595,-9847,2444,128792,110,19228,451,0,29261,0.0009999999999976694
39954000,-7343,-6862,129527,-19895,-10844,138482,127,19223,520,1,29262,0.0010000000000047748
39955000,-9545,6457,131792,-7807,5726,129251,116,19230,475,1,29263,0.0009999999999976694
39956000,-5527,15299,130498,-8782,13954,118148,102,19230,475,1,29264,0.0009999999999976694
39957000,-688,726,129873,-3899,-3675,129981,137,19228,418,0,29265,0.0010000000000047748
39958000,-4110,-15569,124156,-10264,-20284,133870,137,19221,561,0,29266,0.0009999999999976694
39959000,-1967,411,126605,-5158,-303,124207,100,19229,410,0,29267,0.0009999999999976694
39960001,-5660,13803,128692,-5109,10003,121132,105,19227,430,0,29268,0.00100100000000225
39961000,-7541,6452,128919,-13049,-526,126511,143,19226,586,1,29269,0.0009990000000001942
39962002,-7379,8386,129906,-8236,5412,127670,116,19226,586,1,29270,0.0010019999999997253
39963000,-1803,90,124170,-10620,-221,120666,106,19228,475,1,29271,0.000998000000002719
39964000,3075,4792,128099,7106,-412,127161,106,19226,434,0,29272,0.0009999999999976694
39965002,1546,-3715,121958,229,-6403,124787,109,19232,446,0,29273,0.0010019999999997253
39966000,1062,3771,124302,-12092,1274,127349,109,19225,446,0,29274,0.000998000000002719
39967000,-1127,2844,126658,-1095,694,125672,117,19220,479,1,29275,0.0009999999999976694
39968000,-1099,11144,125745,1781,7253,118567,118,19220,479,1,29276,0.0009999999999976694
39969000,-1130,10264,125943,-7195,7071,124750,100,19225,483,1,29277,0.0010000000000047748
39970000,7339,1428,122753,303,-1637,123887,100,19231,410,0,29278,0.0009999999999976694
39971000,8513,554,123656,13617,-2906,125988,121,19225,496,0,29279,0.0009999999999976694
39972000,6227,-3470,124870,6144,-6803,124375,105,19231,430,0,29280,0.0010000000000047748
39973000,5067,-2140,128968,-7443,-6118,127482,113,19227,463,0,29281,0.0009999999999976694
39974000,4632,11348,126901,15100,8814,124096,146,19227,598,1,29282,0.0009999999999976694
39975001,4855,11390,128726,943,9791,125887,112,19227,598,1,29283,0.00100100000000225
39976000,6697,-2254,124882,2977,-6025,128250,98,19231,459,1,29284,0.0009990000000001942
39977000,10949,1579,125655,11288,-3202,116829,98,19225,401,0,29285,0.0009999999999976694
39978000,9998,-5768,126033,1760,-6858,134072,139,19230,569,0,29286,0.0010000000000047748
39979000,5603,-12224,126847,10410,-12700,130554,104,19229,426,0,29287,0.0009999999999976694
39980000,3188,-4038,128753,-3091,-7425,128681,110,19229,451,1,29288,0.0009999999999976694
39981000,-1603,16490,132706,-2107,11135,119347,113,19223,451,1,29289,0.0010000000000047748
39982000,1257,12890,132118,4422,13755,130140,105,19228,463,1,29290,0.0009999999999976694
39983000,4893,-903,129569,-4105,-10786,131273,105,19230,430,1,29291,0.0009999999999976694
39984000,9637,-7544,126039,2615,-7652,125935,116,19222,475,0,29292,0.0009999999999976694
39985000,7472,-5749,130407,15792,5823,128665,98,19231,401,0,29293,0.0010000000000047748
39986001,3980,-8423,126953,643,-9556,129891,111,19229,455,0,29294,0.00100100000000225
39987000,4325,-4289,131005,-11729,-3922,139117,137,19229,455,1,29295,0.0009989999999930887
39988000,-7044,11096,132621,5295,11695,120662,115,19223,561,1,29296,0.0010000000000047748
39989000,-7231,12763,131579,-9278,-173,124424,115,19229,471,1,29297,0.0009999999999976694
39990000,663,-8856,129767,-13944,-14064,136549,97,19231,397,0,29298,0.0009999999999976694
39991000,-1259,-13314,127748,3375,-16191,134915,141,19231,577,0,29299,0.0010000000000047748
39992000,810,9070,131160,-1958,8565,119326,105,19228,430,0,29300,0.0009999999999976694
39993000,-7042,14789,132500,-19025,6616,121120,114,19228,430,0,29301,0.0009999999999976694
39994000,-6806,-5097,130714,-8317,-6683,137233,131,19222,467,1,29302,0.0010000000000047748
39995000,-8611,2304,130489,-10311,-196,127414,131,19229,537,1,29303,0.0009999999999976694
39996000,-6338,9945,129014,-11121,11920,123169,110,19231,451,1,29304,0.0009999999999976694
39997000,-4959,9646,127909,-5546,9198,118359,109,19216,446,0,29305,0.0010000000000047748
39998000,-2609,-10039,126092,-7041,-16053,135658,121,19234,496,0,29306,0.0009999999999976694
39999000,-1139,-11932,124621,-2386,-11322,133216,109,19234,496,0,29307,0.0009999999999976694
40000000,-4672,12174,129613,-11765,11237,117192,130,19234,446,1,29308,0.0010000000000047748
40001000,-6560,15004,129023,-7667,9367,124503,130,19225,532,1,29309,0.0009999999999976694
40002000,-9074,8495,126590,-11735,5145,124321,119,19230,487,1,29310,0.0009999999999976694
40003000,-474,4945,126360,-9634,-1357,127910,103,19231,422,1,29311,0.0010000000000047748
40004000,-874,2178,126220,11225,-1943,122604,141,19236,577,0,29312,0.0009999999999976694
40005000,3372,853,123493,-9571,-2211,122367,102,19236,577,0,29313,0.0009999999999976694
40006001,133,2074,127602,-7553,269,129832,107,19229,418,0,29314,0.00100100000000225
40007000,1338,13891,125300,2629,11702,120106,107,19225,438,1,29315,0.0009990000000001942
40008000,-3885,3091,126814,-4670,-3628,130135,151,19228,618,1,29316,0.0009999999999976694
40009002,-1787,15909,126095,-6273,15331,117170,108,19233,442,1,29317,0.0010019999999997253
40010003,9740,5828,123259,2242,1435,123165,100,19222,410,0,29318,0.00100100000000225
40011000,7078,-3387,124761,12968,-7950,130000,84,19222,410,0,29319,0.0009969999999981383
40012000,9459,-3951,124862,6074,-9251,123995,113,19229,344,0,29320,0.0010000000000047748
40013000,3438,1563,126479,-3568,-241,125964,113,19226,463,0,29321,0.0009999999999976694
40014000,3154,13966,130373,8053,11443,120626,128,19221,524,1,29322,0.0009999999999976694
40015000,3514,3769,126826,2008,-360,131059,113,19232,463,1,29323,0.0010000000000047748
40016000,9055,4650,125888,1522,1661,125546,95,19231,389,1,29324,0.0009999999999976694
40017000,10064,2867,125740,12934,-268,123010,130,19231,532,0,29325,0.0009999999999976694
40018000,12878,-4021,126027,5909,-7000,129367,99,19227,532,0,29326,0.0010000000000047748
40019000,7139,-8602,128811,11600,-11615,128828,102,19228,405,0,29327,0.0009999999999976694
40020000,3890,1010,130702,-193,-3163,130496,102,19224,418,1,29328,0.0009999999999976694
40021000,-3107,15051,132159,-9139,13903,124892,129,19227,528,1,29329,0.0010000000000047748
40022000,151,9894,129416,7433,7433,121652,111,19234,455,1,29330,0.0009999999999976694
40023000,3535,-3264,129723,-1793,-5055,134332,104,19234,426,1,29331,0.0009999999999976694
40024000,9479,-11245,127354,-1064,-14847,128555,126,19221,426,0,29332,0.0010000000000047748
40025001,10948,-1321,131278,21211,-3660,135484,104,19228,516,0,29333,0.0010009999999951447
40026000,-119,-5385,128661,211,-8560,123376,104,19228,426,0,29334,0.0009990000000001942
40027000,-1486,11855,132899,-23398,9241,129411,113,19219,463,1,29335,0.0010000000000047748
40028000,-4015,5378,131778,2596,4954,133648,114,19229,467,1,29336,0.0009999999999976694
40029000,-6163,391,128999,9806,-5566,126999,99,19229,405,1,29337,0.0009999999999976694
40030000,226,-5436,129424,-26016,-10456,131189,124,19236,405,0,29338,0.0010000000000047748
40031002,-2138,2067,129571,-3969,210,123595,101,19227,508,0,29339,0.0010019999999997253
40032000,3744,602,128706,9996,5833,137072,101,19228,414,0,29340,0.0009979999999956135
40033000,-8367,589,131205,-15454,-1609,123212,108,19226,442,1,29341,0.0010000000000047748
40034000,-6892,4644,128826,-10459,4933,129559,148,19228,606,1,29342,0.0009999999999976694
40035000,-10548,8747,131884,-6787,4095,130304,113,19231,463,1,29343,0.0009999999999976694
40036000,-1991,7616,129773,-8692,3831,122952,100,19231,463,1,29344,0.0010000000000047748
40037000,-2191,-907,126775,-9096,-7236,135190,170,19224,410,0,29345,0.0009999999999976694
40038001,-4292,-1463,124783,-6935,935,120418,170,19234,696,0,29346,0.00100100000000225
40039000,309,8522,128986,-4577,5453,126191,105,19229,430,0,29347,0.0009990000000001942
40040000,-4278,-277,126800,-8975,3242,132885,110,19219,451,1,29348,0.0009999999999976694
40041000,-8629,7019,127520,-13682,2501,123830,115,19225,471,1,29349,0.0009999999999976694
40042000,-7674,6069,128953,-9891,3859,128848,108,19225,471,1,29350,0.0010000000000047748
40043000,932,6787,126198,2458,3927,117178,120,19231,442,0,29351,0.0009999999999976694
40044001,-704,-3142,128147,-408,-10017,141817,120,19227,491,0,29352,0.00100100000000225
40045000,-833,-3991,120712,-6327,-4081,116781,100,19228,410,0,29353,0.0009990000000001942
40046000,443,11624,127445,-5522,7315,123224,112,19226,459,0,29354,0.0009999999999976694
40047000,-2032,9780,126111,-1348,8441,123589,139,19219,569,1,29355,0.0009999999999976694
40048000,-1085,8213,125616,-306,4609,124909,115,19219,569,1,29356,0.0009999999999976694
40049000,1823,4448,123877,-888,3771,130707,95,19233,471,1,29357,0.0010000000000047748
40050000,9557,10856,122354,1986,8385,111391,95,19229,389,0,29358,0.0009999999999976694
40051000,12917,-2521,125451,14713,-6708,131598,117,19232,479,0,29359,0.0009999999999976694
40052000,8031,-10567,124465,6752,-13524,127333,113,19228,463,0,29360,0.0010000000000047748
40053000,3726,-4035,127511,-1782,-6619,133242,118,19222,483,1,29361,0.0009999999999976694
40054000,-1184,10339,128774,2603,8258,122295,127,19222,483,1,29362,0.0009999999999976694
40055000,3017,10780,126490,2703,4385,121426,105,19227,520,1,29363,0.0010000000000047748
40056001,8713,2392,127193,7403,226,131373,105,19232,430,1,29364,0.0010009999999951447
40057002,10632,5313,126289,1881,2897,117595,106,19221,434,0,29365,0.00100100000000225
40058000,11388,-1218,127488,13200,-4439,137024,99,19229,405,0,29366,0.000998000000002719
40059000,4968,-6452,126354,11403,-9973,128527,110,19228,451,0,29367,0.0009999999999976694
40060000,4585,-7876,128724,-8574,-12217,136782,129,19228,528,1,29368,0.0009999999999976694
40061000,1838,18506,133671,791,15203,120088,113,19231,528,1,29369,0.0010000000000047748
40062005,2901,9917,129332,5951,6056,126370,101,19227,463,1,29370,0.0010049999999992565
40063002,6789,-4950,127931,-1897,-9492,129876,101,19229,414,0,29371,0.0009969999999981383
40064000,8106,-15893,126614,3249,-18722,128802,148,19229,606,0,29372,0.000998000000002719
40065000,5521,-8219,127296,20235,-13575,134812,105,19228,430,0,29373,0.0009999999999976694
40066000,1284,7695,132432,-12574,4524,121969,105,19228,430,0,29374,0.0009999999999976694
40067000,-1957,10562,134929,-24783,7653,128636,137,19230,430,1,29375,0.0010000000000047748
40068000,-5747,10090,131478,21212,7610,126733,108,19225,561,1,29376,0.0009999999999976694
40069000,-6344,-7772,128424,-12240,-9003,133190,108,19235,442,1,29377,0.0009999999999976694
40070000,770,-9409,129546,-20603,-14979,134273,105,19219,430,0,29378,0.0010000000000047748
40071000,2284,4667,130624,10908,373,123014,93,19228,381,0,29379,0.0009999999999976694
40072002,41,66,129965,195,-3967,129495,110,19228,451,0,29380,0.0010019999999997253
40073001,-10628,5311,131493,-20871,4793,127531,126,19228,451,1,29381,0.0009990000000001942
40074000,-6786,432,129092,-17221,218,136093,114,19224,516,1,29382,0.0009990000000001942
40075000,-12026,12821,129252,-899,7926,117618,114,19228,467,1,29383,0.0009999999999976694
40076001,-4174,13272,131419,-9390,-2556,129978,101,19232,414,1,29384,0.00100100000000225
40077000,-2819,-7516,124781,-15981,-10298,132514,138,19220,565,0,29385,0.0009990000000001942
40078000,-1776,-3920,127018,-1595,-3514,125834,102,19234,418,0,29386,0.0009999999999976694
40079000,903,4792,126577,-10171,19006,122186,104,19234,418,0,29387,0.0010000000000047748
40080000,-7009,10139,127618,-1379,2829,120943,140,19223,426,1,29388,0.0009999999999976694
40081000,-4551,-511,126572,-19448,-5504,137290,140,19231,573,1,29389,0.0009999999999976694
40082000,-6130,7405,127901,576,8056,124277,115,19233,471,1,29390,0.0010000000000047748
40083000,529,10521,126012,2163,5228,117853,107,19222,438,0,29391,0.0009999999999976694
40084000,-1322,-6048,125035,-5501,-8921,131872,101,19235,414,0,29392,0.0009999999999976694
40085000,-1675,-10030,123329,-6613,-11614,125724,109,19235,414,0,29393,0.0010000000000047748
40086000,2864,13222,127495,4398,8711,124744,122,19233,446,0,29394,0.0009999999999976694
40087000,-4867,22427,127881,2828,17540,115912,122,19220,500,1,29395,0.0009999999999976694
40088000,-1516,6896,126387,-13251,1991,124061,116,19232,475,1,29396,0.0010000000000047748
40089000,3730,-1920,126055,2748,-3943,132071,102,19233,418,1,29397,0.0009999999999976694
40090000,9641,2835,123457,13407,-639,121016,123,19223,504,0,29398,0.0009999999999976694
40091000,11170,8532,123338,2891,5279,118686,108,19223,504,0,29399,0.0010000000000047748
40092000,5370,-7424,126789,3121,-11570,129204,114,19227,442,0,29400,0.0009999999999976694
40093000,4955,-11279,124372,7586,-9207,133979,114,19227,467,1,29401,0.0009999999999976694
40094000,2325,8834,127951,-7327,9696,119838,151,19228,618,1,29402,0.0010000000000047748
40095000,3372,18127,128358,12419,13262,118702,115,19231,471,1,29403,0.0009999999999976694
40096000,10633,2960,122858,5468,-2513,127964,100,19226,410,1,29404,0.0009999999999976694
40097001,8536,-5628,126503,31,-9014,127225,117,19226,410,0,29405,0.00100100000000225
40098000,13323,-13477,127142,16491,-13679,136826,101,19230,479,0,29406,0.0009990000000001942
40099000,4361,-3042,127506,4714,-4728,122883,101,19230,414,0,29407,0.0009999999999976694
40100000,994,12739,131414,-7311,8301,128247,111,19223,455,1,29408,0.0010000000000047748
40101000,616,7578,127676,682,2307,130355,111,19224,455,1,29409,0.0009999999999976694
40102000,2797,888,128208,4046,-2731,126899,105,19228,430,1,29410,0.0009999999999976694
40103000,8631,4095,128357,-442,1157,121462,118,19228,430,0,29411,0.0010000000000047748
40104002,7642,-5487,128884,7110,-8075,125964,93,19222,483,0,29412,0.0010019999999997253
40105002,5873,-10907,129028,13023,-15534,139579,93,19229,381,0,29413,0.0009999999999976694
40106000,-4613,-1398,132278,-16322,-3232,126040,102,19229,418,0,29414,0.000998000000002719
40107000,-2440,12944,133423,-12811,9546,125918,137,19223,561,1,29415,0.0009999999999976694
40108000,-7764,6504,133209,9503,3616,126933,113,19228,463,1,29416,0.0009999999999976694
40109000,-2985,-4131,130717,-17447,-7781,130117,97,19228,397,1,29417,0.0009999999999976694
40110000,357,-10769,128408,-11895,-14723,137708,135,19223,397,0,29418,0.0010000000000047748
40111000,2349,2488,127984,12534,-2345,119125,106,19232,553,0,29419,0.0009999999999976694
40112000,-4287,4967,130628,-7436,2027,128559,106,19226,434,0,29420,0.0009999999999976694
40113000,-8012,-1102,129933,-20693,-4535,131620,116,19221,475,1,29421,0.0010000000000047748
40114001,-8055,2311,132137,-9563,953,132653,129,19229,528,1,29422,0.0010009999999951447
40115000,-9701,17022,129663,-9935,15224,119531,108,19229,442,1,29423,0.0009990000000001942
40116000,-1608,9206,128987,-7987,7725,123564,114,19235,442,1,29424,0.0010000000000047748
40117000,-4598,-12100,124806,-5964,-16551,136690,118,19217,467,0,29425,0.0009999999999976694
40118000,308,3691,127724,-8986,930,125244,118,19231,483,0,29426,0.0009999999999976694
40119001,-3841,5775,127078,-4747,2340,124380,110,19234,451,0,29427,0.00100100000000225
40120000,-3676,11228,130772,-7823,10640,127665,133,19220,545,1,29428,0.0009990000000001942
40121000,-10393,4807,125129,-9338,526,127741,119,19220,487,1,29429,0.0009999999999976694
40122000,-3047,12815,127277,-9964,7990,119026,105,19226,487,1,29430,0.0010000000000047748
40123000,2640,6570,126291,-2593,374,123987,144,19231,430,0,29431,0.0009999999999976694
40124000,1741,-642,125859,6141,-6386,126948,144,19233,590,0,29432,0.0009999999999976694
40125003,3700,-8544,123330,-6069,-12583,133141,105,19229,430,0,29433,0.001003000000004306
40126000,-2011,-448,127442,-2996,15029,123877,107,19224,438,1,29434,0.0009969999999981383
40127000,-326,21167,127597,-2415,11912,117250,145,19228,594,1,29435,0.0009999999999976694
40128000,-1996,4754,123526,1345,-1042,129761,106,19228,594,1,29436,0.0010000000000047748
40129000,3836,5475,125706,-674,-2371,126270,105,19235,434,1,29437,0.0009999999999976694
40130001,8446,5330,122813,5109,-7828,115463,105,19223,430,0,29438,0.00100100000000225
40131000,9800,8501,124347,14264,2554,124979,93,19227,381,0,29439,0.0009990000000001942
40132000,6419,-1975,128905,-2781,-9450,130012,112,19228,459,0,29440,0.0009999999999976694
40133000,4074,-607,125929,1047,969,123603,127,19222,520,1,29441,0.0009999999999976694
40134000,2602,12586,130029,3917,6060,128396,113,19222,520,1,29442,0.0010000000000047748
40135000,4212,2495,124797,-359,1469,124799,99,19230,463,1,29443,0.0009999999999976694
40136002,10601,4604,127267,6586,1127,121771,99,19232,405,0,29444,0.0010019999999997253
40137000,10888,-4531,126020,9817,-8617,131216,137,19231,561,0,29445,0.000998000000002719
40138000,10144,-9639,126394,9866,-13695,133953,97,19233,397,0,29446,0.0009999999999976694
40139000,6540,3051,128354,1707,-2059,118455,102,19226,418,0,29447,0.0009999999999976694
40140000,3122,10376,130635,-4832,7234,130418,128,19226,418,1,29448,0.0010000000000047748
40141000,548,8437,131523,4631,6000,126978,111,19227,524,1,29449,0.0009999999999976694
40142000,-559,4016,128264,-1353,-2512,129425,111,19231,455,1,29450,0.0009999999999976694
40143002,6813,-2887,128611,-4286,-7033,132718,105,19221,430,0,29451,0.0010019999999997253
40144000,9216,-9285,128497,19271,-8975,126565,122,19234,500,0,29452,0.000998000000002719
40145000,8512,-881,130576,3269,-1356,130487,104,19232,426,0,29453,0.0009999999999976694
40146000,1288,5219,131891,-17685,1921,124152,119,19232,426,1,29454,0.0010000000000047748
40147000,-4220,1590,132282,-3525,-3731,134882,109,19219,487,1,29455,0.0009999999999976694
40148000,-10446,2681,129959,1577,823,131832,109,19228,446,1,29456,0.0009999999999976694
40149000,-5031,-6426,129141,-20552,-11713,129442,100,19228,410,1,29457,0.0010000000000047748
40150003,681,-377,133543,-7097,-2750,134086,128,19225,524,0,29458,0.0010029999999972006
40151002,2955,4399,128841,8100,720,121870,109,19227,446,0,29459,0.0009990000000001942
40152002,-4279,3701,130497,-11927,401,131262,115,19227,471,0,29460,0.0009999999999976694
40153002,-7277,4522,130730,-19363,2268,126944,158,19225,471,1,29461,0.0010000000000047748
40154000,-6507,2582,128974,-5798,-294,136611,115,19227,647,1,29462,0.0009979999999956135
40155000,-8285,10459,132329,-7024,7555,124560,115,19229,471,1,29463,0.0010000000000047748
40156002,-3596,4386,128691,-13795,2432,122365,100,19224,410,0,29464,0.0010019999999997253
40157000,-4133,-8185,125989,-9691,-12256,136181,163,19233,668,0,29465,0.0009979999999956135
40158000,-948,-3609,126175,1666,-8192,126446,105,19233,430,0,29466,0.0010000000000047748
40159000,-1676,11198,127890,-10974,7916,126059,114,19228,430,0,29467,0.0009999999999976694
40160000,-7530,12531,127602,-10274,9218,119519,110,19219,467,1,29468,0.0009999999999976694
40161000,-5800,3486,128294,-11611,1586,126029,110,19229,451,1,29469,0.0010000000000047748
40162000,-648,1569,127637,-2835,-2400,135957,106,19232,434,1,29470,0.0009999999999976694
40163000,-1692,8049,125125,311,5211,118186,122,19224,500,0,29471,0.0009999999999976694
40164000,1670,584,126120,-6742,-1412,128995,105,19224,430,0,29472,0.0010000000000047748
40165000,2164,275,123357,-1945,-4608,120522,113,19226,430,0,29473,0.0009999999999976694
40166000,1158,1709,126025,2115,-4254,134974,143,19224,463,1,29474,0.0009999999999976694
40167000,-8195,7190,123494,-3381,4518,114183,143,19221,586,1,29475,0.0010000000000047748
40168000,3275,13337,126024,-13433,13381,128495,116,19232,475,1,29476,0.0009999999999976694
40169000,7190,6338,123863,6083,2687,125058,97,19226,397,0,29477,0.0009999999999976694
40170000,8214,-1603,123890,16016,-7398,125295,110,19234,451,0,29478,0.0010000000000047748
40171000,7307,-7300,126120,-3351,-10698,127441,113,19234,451,0,29479,0.0009999999999976694
40172000,4420,3698,126604,2051,4071,121080,119,19229,463,0,29480,0.0009999999999976694
40173000,4577,2479,127740,6442,6832,136073,119,19224,487,1,29481,0.0009999999999976694
40174000,-493,9256,126935,1536,7214,111236,122,19230,500,1,29482,0.0010000000000047748
40175000,8915,9475,124891,2185,39,132832,103,19231,422,1,29483,0.0009999999999976694
40176000,8973,-2288,125149,15420,-1111,124229,113,19222,463,0,29484,0.0009999999999976694
40177000,12114,-292,127763,9616,-11748,126010,88,19222,463,0,29485,0.0010000000000047748
40178000,6214,-11106,127194,5774,-10056,132315,104,19230,360,0,29486,0.0009999999999976694
40179000,1845,3380,130893,-7699,-215,125990,104,19233,426,1,29487,0.0009999999999976694
40180000,2555,8729,130326,8581,8377,131087,129,19223,528,1,29488,0.0010000000000047748
40181000,-3683,16895,131802,2212,6831,121335,115,19226,471,1,29489,0.0009999999999976694
40182000,5213,-4689,127301,-6354,-10895,131713,100,19231,410,1,29490,0.0009999999999976694
40183000,8440,-7090,129999,13358,-5521,127323,151,19231,410,0,29491,0.0010000000000047748
40184000,12888,-3185,127890,13913,-7748,134515,106,19233,618,0,29492,0.0009999999999976694
40185001,5202,822,128663,-5338,5628,123706,106,19225,434,0,29493,0.00100100000000225
40186000,933,11030,134827,-13798,7153,122989,107,19225,438,1,29494,0.0009990000000001942
40187000,-6461,-5225,130894,7030,-10716,140784,144,19230,590,1,29495,0.0009999999999976694
40188000,-6711,-65,130841,-8960,-1744,127485,107,19227,438,1,29496,0.0009999999999976694
40189001,-2245,-6329,130026,-14194,-11331,134085,107,19227,438,0,29497,0.00100100000000225
40190000,3580,6257,129613,781,3835,121376,99,19227,438,0,29498,0.0009990000000001942
40191000,-962,1778,130432,-1148,-2370,127877,99,19229,405,0,29499,0.0009999999999976694
40192000,-3832,-7366,130657,-11781,-10255,136828,110,19228,451,0,29500,0.0010000000000047748
40193000,-8138,-1135,129634,-10928,-4653,125665,130,19221,532,1,29501,0.0009999999999976694
40194000,-12890,12154,131461,-9073,9194,131173,116,19229,475,1,29502,0.0009999999999976694
40195000,-2583,8767,129327,-13233,5653,123381,101,19229,414,1,29503,0.0010000000000047748
40196000,-6457,-5136,127041,-2612,-10454,128555,140,19230,414,0,29504,0.0009999999999976694
40197000,-424,-187,125310,-8826,-3601,128396,101,19223,573,0,29505,0.0009999999999976694
40198006,-1748,6119,126955,-6363,4635,117524,101,19229,414,0,29506,0.0010060000000038372
40199000,-2772,5164,129087,-4272,1065,133829,104,19226,426,1,29507,0.0009939999999986071
40200000,-6746,9189,126700,-12218,4854,119983,141,19230,577,1,29508,0.0009999999999976694
40201001,-9691,3150,127922,-9230,859,130224,118,19230,483,1,29509,0.00100100000000225
40202000,632,4301,127933,-6904,1586,124135,107,19226,483,1,29510,0.0009990000000001942
40203000,-126,1076,124382,2689,-2393,126108,103,19221,438,0,29511,0.0009999999999976694
40204000,3631,1317,124750,-3422,-2122,127504,103,19226,422,0,29512,0.0010000000000047748
40205000,291,11161,124322,-4033,7950,114456,116,19225,475,0,29513,0.0009999999999976694
40206000,171,7140,125285,297,4026,130488,122,19217,500,1,29514,0.0009999999999976694
40207000,-2273,6380,125825,-5884,2965,125191,118,19217,483,1,29515,0.0010000000000047748
40208000,2039,1500,126583,-1442,-931,126428,99,19232,483,1,29516,0.0009999999999976694
40209000,9209,16142,125063,6324,14789,116001,123,19232,405,0,29517,0.0009999999999976694
40210000,5116,-7723,122105,3113,-10676,124677,123,19230,504,0,29518,0.0010000000000047748
40211000,9464,-8882,124519,6504,-14007,128334,105,19231,430,0,29519,0.0009999999999976694
40212000,2186,6251,125556,2400,2913,123402,112,19227,459,0,29520,0.0009999999999976694
40213000,1629,11510,129148,1176,9854,125619,148,19230,606,1,29521,0.0010000000000047748
40214002,5298,3124,128774,3293,4043,129295,112,19230,606,1,29522,0.0010019999999997253
40215000,5885,-5741,124718,6518,-8553,129918,98,19234,459,1,29523,0.0009979999999956135
40216000,11776,6723,126531,7507,-233,117317,98,19226,401,0,29524,0.0010000000000047748
40217000,10828,4848,127084,5390,-3526,127864,125,19232,512,0,29525,0.0009999999999976694
40218000,8938,-8211,127530,15345,-8184,131837,104,19226,426,0,29526,0.0009999999999976694
40219000,4537,-1043,129469,-4937,-116,131521,112,19224,459,1,29527,0.0010000000000047748
40220000,-346,-1769,129715,-1077,7996,128306,105,19224,459,1,29528,0.0009999999999976694
40221000,-730,16696,132596,6011,3008,122755,102,19230,430,1,29529,0.0009999999999976694
40222000,2704,-5019,126345,-3821,-11474,137701,102,19228,418,1,29530,0.0010000000000047748
40223002,9476,-11014,128437,6353,-13274,128081,123,19219,504,0,29531,0.0010019999999997253
40224000,8989,3835,129721,16229,680,123176,95,19227,389,0,29532,0.0009979999999956135
40225000,1934,-3919,129078,-8116,-5853,134400,102,19230,418,0,29533,0.0010000000000047748
40226000,2632,7255,132619,-17563,6993,125684,137,19230,418,1,29534,0.0009999999999976694
40227000,-6902,2942,132545,5349,-2682,132721,112,19224,561,1,29535,0.0009999999999976694
40228001,-5178,3647,130956,-5337,916,123794,112,19232,459,1,29536,0.00100100000000225
40229000,-2356,-9278,129109,-20122,-11934,132428,98,19228,401,0,29537,0.0009990000000001942
40230000,-749,-8152,129334,4879,-10881,131844,128,19231,524,0,29538,0.0009999999999976694
40231000,1093,7977,128736,-229,7025,119958,109,19227,446,0,29539,0.0010000000000047748
40232000,-8116,7117,131846,-24155,2584,129406,114,19227,446,0,29540,0.0009999999999976694
40233000,-5810,2157,131149,-6541,-1260,126309,123,19222,467,1,29541,0.0009999999999976694
40234002,-10415,-2218,129439,-5192,-7904,136490,123,19228,504,1,29542,0.0010019999999997253
40235000,-5020,12556,132201,-15253,10129,122538,109,19233,446,1,29543,0.000998000000002719
40236000,-6919,5043,127720,-6840,-1274,125383,117,19214,479,0,29544,0.0009999999999976694
40237000,-2697,-7371,125548,-5996,-7337,133993,95,19229,389,0,29545,0.0009999999999976694
40238000,245,3920,126571,-5809,1473,122426,102,19229,389,0,29546,0.0010000000000047748
40239000,-4955,4424,127066,-8224,3062,123842,131,19228,418,1,29547,0.0009999999999976694
40240000,-4165,12763,129717,-12467,6747,124531,131,19225,537,1,29548,0.0009999999999976694
40241000,-10001,-2237,125509,-8085,-4535,130041,117,19230,479,1,29549,0.0010000000000047748
40242000,154,15496,127746,-9360,12108,119305,102,19230,418,0,29550,0.0009999999999976694
40243000,-4601,-5696,122258,5079,-11320,129847,135,19231,553,0,29551,0.0009999999999976694
40244000,1056,10296,127328,-9876,7017,126023,108,19231,442,0,29552,0.0010000000000047748
40245000,3241,-4334,123261,-8383,-6620,123365,109,19228,442,0,29553,0.0009999999999976694
40246000,-646,13020,130051,9245,10852,121262,141,19224,446,1,29554,0.0009999999999976694
40247000,-169,17222,125515,-9290,13335,128445,141,19228,577,1,29555,0.0010000000000047748
40248000,-560,-254,121233,-3199,-3329,128192,107,19233,438,1,29556,0.0009999999999976694
40249001,10061,7258,126961,5178,3109,123737,105,19224,430,0,29557,0.00100100000000225
40250000,8308,-866,121299,8338,-4918,120761,87,19224,356,0,29558,0.0009990000000001942
40251000,9858,352,126895,11138,-3437,125174,112,19228,356,0,29559,0.0009999999999976694
40252000,3460,-13028,126186,-2045,-17715,135638,127,19227,459,1,29560,0.0009999999999976694
40253000,3289,18242,129546,-1840,15273,117353,127,19225,520,1,29561,0.0010000000000047748
40254000,-337,9009,128082,9343,7054,125424,115,19233,471,1,29562,0.0009999999999976694
40255000,5454,-1259,124153,761,-5761,123771,97,19231,397,1,29563,0.0009999999999976694
40256000,11237,4744,130066,1680,4769,133193,138,19231,565,0,29564,0.0010000000000047748
40257000,11328,-2622,125488,14172,-5981,127695,104,19232,565,0,29565,0.0009999999999976694
40258000,7184,-1325,131775,13467,-4588,126007,104,19230,426,0,29566,0.0009999999999976694
40259000,3488,1243,129404,-7898,-2631,129089,104,19227,426,1,29567,0.0010000000000047748
40260000,-969,3707,128604,-2099,-683,130789,132,19226,541,1,29568,0.0009999999999976694
40261000,-684,13637,130511,8869,10193,118108,110,19229,451,1,29569,0.0009999999999976694
40262000,6810,1085,127559,-8342,2812,133164,105,19222,430,0,29570,0.0010000000000047748
40263002,11150,-11249,126267,4577,-18006,131193,122,19222,430,0,29571,0.0010019999999997253
40264002,7429,-5485,129475,22374,-8850,133272,114,19229,500,0,29572,0.0009999999999976694
40265000,368,1101,128920,-6805,3564,119258,114,19229,467,0,29573,0.000998000000002719
40266000,1483,18249,133077,-19994,16367,127439,123,19216,504,1,29574,0.0009999999999976694
40267000,-5450,944,132077,4392,-118,141065,111,19231,455,1,29575,0.0009999999999976694
40268000,-5018,-1257,128233,5990,-7605,120794,101,19229,414,1,29576,0.0010000000000047748
40269000,-589,-8679,127619,-21253,-10043,132438,131,19229,414,0,29577,0.0009999999999976694
40270000,3129,641,132059,17313,-2715,128092,104,19227,537,0,29578,0.0009999999999976694
40271000,2011,3430,128767,-1555,5076,125283,104,19226,426,0,29579,0.0010000000000047748
40272000,-8040,6772,133661,-28778,-761,134157,111,19227,455,1,29580,0.0009999999999976694
40273000,-10422,1178,129749,-7711,5624,126362,149,19231,610,1,29581,0.0009999999999976694
40274003,-9310,10130,130837,-2231,6286,131172,115,19231,471,1,29582,0.001003000000004306
40275001,-2982,7718,128250,-10522,1493,125977,103,19231,471,1,29583,0.0009979999999956135
40276000,-3297,-3782,126969,-9983,-8012,129336,150,19224,422,0,29584,0.0009990000000001942
40277000,129,-9092,124904,-2535,-7911,127024,150,19233,614,0,29585,0.0010000000000047748
40278000,-1127,12065,129207,-6107,10890,120289,109,19231,446,0,29586,0.0009999999999976694
40279000,-4341,7759,127485,-4729,4091,132531,118,19221,483,1,29587,0.0009999999999976694
40280000,-9443,5834,126272,-13088,3112,121774,113,19228,463,1,29588,0.0010000000000047748
40281000,-3926,5865,128177,-11847,2660,130057,105,19228,463,1,29589,0.0009999999999976694
40282002,1022,6338,126090,6427,5334,121725,126,19230,430,0,29590,0.0010019999999997253
40283000,297,-4429,123598,-2664,-7875,128523,126,19227,516,0,29591,0.000998000000002719
40284000,1890,-8643,123014,-4001,-9804,129285,99,19229,405,0,29592,0.0009999999999976694
40285000,-1335,14702,127003,-4593,12172,117482,109,19229,446,0,29593,0.0009999999999976694
40286000,-1305,10870,128028,-1202,7247,126205,144,19225,590,1,29594,0.0010000000000047748
40287000,-3219,13736,128459,-161,8967,120105,114,19225,467,1,29595,0.0009999999999976694
40288000,3839,-2492,122018,-5168,-8184,133740,97,19232,467,1,29596,0.0009999999999976694
40289000,8578,10474,124620,13676,9061,117605,110,19228,397,0,29597,0.0010000000000047748
40290002,12683,2287,124147,8436,-5900,121988,110,19233,451,0,29598,0.0010019999999997253
40291000,10922,444,124880,9004,-1214,130647,112,19227,459,0,29599,0.0009979999999956135
40292000,2639,-640,126337,-246,-2698,121807,117,19223,479,1,29600,0.0010000000000047748
40293000,3062,-3963,128587,-651,-6592,133819,125,19223,512,1,29601,0.0009999999999976694
40294002,1484,15175,126335,8883,11008,117572,105,19228,512,1,29602,0.0010019999999997253
40295000,6832,106,123765,692,-3377,129875,111,19232,430,1,29603,0.000998000000002719
40296000,13602,-2036,127517,3497,-5242,124160,111,19222,455,0,29604,0.0009999999999976694
40297000,12353,-9610,125910,18317,-13275,131796,87,19230,356,0,29605,0.0009999999999976694
40298000,5869,-5046,128677,6461,-8481,129072,106,19227,434,0,29606,0.0009999999999976694
40299001,2326,9159,130614,-3698,3604,121829,129,19227,528,1,29607,0.00100100000000225
40300003,2297,16240,130687,1246,10807,133007,115,19225,528,1,29608,0.0010019999999997253
40301000,-322,6109,127945,2436,1257,125955,98,19227,471,1,29609,0.0009969999999981383
40302000,5703,-9292,130790,-698,-11760,133183,98,19227,401,0,29610,0.0010000000000047748
40303000,9299,-3632,126928,5994,-6658,125856,151,19228,618,0,29611,0.0009999999999976694
40304000,4123,-3502,129670,15606,-9075,131141,113,19229,463,0,29612,0.0009999999999976694
40305000,6843,3066,131536,-7830,-3353,131344,113,19227,463,0,29613,0.0010000000000047748
40306000,-3088,20289,133682,-14909,17503,121078,140,19227,463,1,29614,0.0009999999999976694
40307000,-7103,7213,132555,7895,9267,131464,109,19229,573,1,29615,0.0009999999999976694
40308002,-5167,-13988,129123,-8282,-14136,137468,109,19230,446,1,29616,0.0010019999999997253
40309001,-720,-19930,128769,-15887,-24460,137670,106,19219,434,0,29617,0.0009990000000001942
40310002,3574,10375,131594,5121,179,118755,96,19233,393,0,29618,0.00100100000000225
40311002,-4581,3338,128102,-771,5183,128883,107,19228,438,0,29619,0.0009999999999976694
40312002,-5529,4626,131606,-21273,1678,130498,129,19228,438,1,29620,0.0010000000000047748
40313000,-9598,-4687,128075,-16770,-6352,136945,117,19221,528,1,29621,0.0009979999999956135
40314000,-8554,5535,130679,-2367,18531,120676,117,19232,479,1,29622,0.0010000000000047748
40315000,-5154,16515,130967,-14529,1667,125036,100,19229,410,1,29623,0.0009999999999976694
40316000,-4179,-15222,124316,-9716,-22223,139787,136,19223,557,0,29624,0.0009999999999976694
40317000,-1870,-8033,126477,-1565,-5568,128561,100,19233,410,0,29625,0.0010000000000047748
40318000,-4536,7945,127948,-7925,6164,119443,104,19233,410,0,29626,0.0009999999999976694
40319000,-4995,21958,129477,-8628,15127,114956,140,19225,426,1,29627,0.0009999999999976694
40320000,-7437,2144,126675,-13567,-4628,138012,140,19228,573,1,29628,0.0010000000000047748
40321000,-3510,-1697,126737,-4608,-3937,123875,114,19232,467,1,29629,0.0009999999999976694
40322000,-1929,9762,128643,49,3909,116096,104,19225,426,0,29630,0.0009999999999976694
40323000,-3657,-4332,124670,-6022,-8255,130952,94,19232,385,0,29631,0.0010000000000047748
40324000,2389,-4303,126208,-6160,-6292,126881,106,19232,385,0,29632,0.0009999999999976694
40325000,-1784,5731,125405,-146,6198,127752,120,19228,434,0,29633,0.0009999999999976694
40326000,-3257,17201,125888,-6715,19393,113633,120,19218,491,1,29634,0.0010000000000047748
40327000,-1234,8006,125960,-4521,244,125473,108,19232,442,1,29635,0.0009999999999976694
40328000,6580,-8533,124063,5753,-15054,133102,98,19234,401,1,29636,0.0009999999999976694
40329000,8502,4120,123862,7400,1207,121864,125,19229,512,0,29637,0.0010000000000047748
40330001,9254,2585,125167,-545,-2353,124307,107,19229,512,0,29638,0.0010009999999951447
40331017,5371,227,125199,12034,-2100,123949,110,19227,438,0,29639,0.0010159999999999059
40332000,1993,-6538,123887,362,-8972,133903,141,19225,451,1,29640,0.0009830000000050632
40333000,3130,13138,128750,-8551,10768,120014,141,19231,577,1,29641,0.0009999999999976694
40334000,6346,18588,127936,16159,14709,117149,112,19231,459,1,29642,0.0009999999999976694
40335000,10491,-1490,124610,3161,-4564,125814,99,19224,405,0,29643,0.0010000000000047748
40336000,8021,-6444,128266,-1727,-11581,128875,127,19224,520,0,29644,0.0009999999999976694
40337000,9632,-20912,124060,15754,-25003,136623,105,19230,520,0,29645,0.0009999999999976694
40338002,1065,7349,130148,183,5681,124381,110,19230,430,0,29646,0.0010019999999997253
40339013,1468,11028,130915,-10934,7334,122862,110,19222,451,1,29647,0.0010110000000054242
40340000,2209,5189,129448,7803,1114,128927,105,19228,430,1,29648,0.0009869999999949641
40341001,3201,6173,128671,2499,2628,128836,105,19237,430,1,29649,0.00100100000000225
40342000,9351,-8857,126754,-4656,-12111,129039,124,19222,508,0,29650,0.0009990000000001942
40343002,7455,4818,130464,14658,1869,122622,97,19222,508,0,29651,0.0010019999999997253
40344000,4902,-11399,126098,7934,-15043,138195,104,19227,397,0,29652,0.000998000000002719
40345000,121,603,132663,-19579,-4057,127338,104,19228,426,1,29653,0.0009999999999976694
40346000,-5868,6334,132924,-5604,3443,129279,136,19222,557,1,29654,0.0009999999999976694
40347000,-7579,7738,130103,681,4375,127834,110,19233,451,1,29655,0.0010000000000047748
40348000,-881,3688,130037,-19853,569,123470,96,19230,393,1,29656,0.0009999999999976694
40349000,1199,-12771,127633,974,-16896,141308,133,19230,393,0,29657,0.0009999999999976694
40350000,3600,8790,130450,-650,4226,123972,108,19230,545,0,29658,0.0010000000000047748
40351000,-4145,4781,131931,-8244,-10,127161,108,19227,442,0,29659,0.0009999999999976694
40352000,-6126,1140,131145,-9945,-3460,131595,115,19222,471,1,29660,0.0009999999999976694
40353000,-6775,4918,130030,-14326,1989,130939,121,19228,496,1,29661,0.0010000000000047748
40354000,-9653,7132,129920,-9611,5151,124329,108,19232,442,1,29662,0.0009999999999976694
40355002,-1487,12108,129903,-8586,8637,122160,115,19232,442,1,29663,0.0010019999999997253
40356000,-6901,-5808,124473,-3072,-11547,134834,97,19220,471,0,29664,0.000998000000002719
40357000,2368,-1701,126697,-8004,-8064,126302,97,19234,397,0,29665,0.0009999999999976694
40358000,-3950,4576,126731,-6528,9079,119440,105,19228,430,0,29666,0.0009999999999976694
40359000,-3213,15171,130084,-9370,7443,127585,131,19224,537,1,29667,0.0009999999999976694
40360001,-8590,3051,126069,-5646,616,124232,116,19231,475,1,29668,0.00100100000000225
40361000,-3160,8637,126809,-10507,8062,130177,99,19231,475,1,29669,0.0009990000000001942
40362000,3877,1653,125624,6622,-832,117154,138,19228,405,0,29670,0.0009999999999976694
40363000,194,2602,125351,6277,-3830,123295,138,19229,565,0,29671,0.0010000000000047748
40364000,4572,-4380,125131,-13635,-7387,137575,113,19224,463,0,29672,0.0009999999999976694
40365000,-2793,10467,125139,3162,11445,114206,114,19223,467,1,29673,0.0009999999999976694
40366000,1089,12295,128599,-1918,7046,133054,144,19229,590,1,29674,0.0010000000000047748
40367000,-874,7063,122991,-3886,12479,114197,105,19229,590,1,29675,0.0009999999999976694
40368000,4729,9068,126529,1088,-2318,129877,103,19233,430,0,29676,0.0009999999999976694
40369000,9739,-4040,120713,11045,-10378,127389,103,19226,422,0,29677,0.0010000000000047748
40370000,7268,4121,125201,8873,156,117976,91,19225,373,0,29678,0.0009999999999976694
40371000,7782,-7556,127009,-1026,-9807,134259,116,19225,475,0,29679,0.0009999999999976694
40372000,5064,9595,128363,5361,9643,115629,129,19224,528,1,29680,0.0010000000000047748
40373000,4278,16063,130765,6217,7859,142291,112,19224,528,1,29681,0.0009999999999976694
40374000,4659,-185,123045,-442,-1294,116419,96,19229,459,1,29682,0.0009999999999976694
40375000,10717,3854,128132,4261,386,122556,96,19231,393,0,29683,0.0010000000000047748
40376000,10432,-327,127429,12124,-4344,131601,141,19230,577,0,29684,0.0009999999999976694
40377000,7644,-10384,123877,12878,-15461,125949,111,19226,455,0,29685,0.0009999999999976694
40378000,6599,-4680,128669,-4845,-5450,134691,112,19232,459,0,29686,0.0010000000000047748
40379000,4332,18216,130858,-575,14302,116994,131,19232,537,1,29687,0.0009999999999976694
40380000,2715,4390,131424,9801,1696,129926,109,19228,537,1,29688,0.0009999999999976694
40381000,707,1067,130978,-5013,-5740,128165,105,19231,446,1,29689,0.0010000000000047748
40382000,6934,-7348,126859,-4861,-12866,136978,105,19220,430,0,29690,0.0009999999999976694
40383002,7922,-7831,130194,25619,-8591,130573,115,19232,471,0,29691,0.0010019999999997253
40384000,4119,4780,130484,-2194,208,121001,107,19231,438,0,29692,0.000998000000002719
40385000,4169,11532,133995,-17225,9191,132097,117,19231,479,1,29693,0.0009999999999976694
40386000,-3208,7247,131911,2040,4695,123970,108,19223,479,1,29694,0.0009999999999976694
40387000,-7144,-4763,131169,3235,-8407,136598,97,19230,442,1,29695,0.0010000000000047748
40388000,-4423,-4747,127747,-18675,-8713,129196,97,19230,397,1,29696,0.0009999999999976694
40389001,-2173,-4282,129297,-9980,-8169,129913,130,19225,532,0,29697,0.00100100000000225
40390000,4078,84,131266,11056,-2703,133424,104,19228,426,0,29698,0.0009990000000001942
40391000,-5444,10683,129993,-13734,6869,122143,109,19228,446,0,29699,0.0009999999999976694
40392000,-6009,3630,130917,-18093,596,132235,149,19225,446,1,29700,0.0009999999999976694
40393000,-3817,4217,130039,-1646,1444,129098,112,19226,610,1,29701,0.0010000000000047748
40394000,-6456,8011,129199,-5063,4841,128732,112,19232,459,1,29702,0.0009999999999976694
40395000,-3501,1166,127964,-13476,-1469,126210,102,19222,418,0,29703,0.0009999999999976694
40396000,-7600,-8187,127288,-12437,-10079,129143,153,19230,627,0,29704,0.0010000000000047748
40397000,179,4697,127286,3773,354,130854,105,19231,430,0,29705,0.0009999999999976694
40398000,-5178,11427,126859,-15316,6786,116834,114,19231,430,1,29706,0.0009999999999976694
40399000,-6319,7457,129399,-6725,3048,128011,114,19221,467,1,29707,0.0010000000000047748
40400002,-2808,6255,127581,-7154,3910,123997,114,19228,467,1,29708,0.0010019999999997253
40401000,-2506,633,126292,-7686,755,130816,106,19230,434,1,29709,0.0009979999999956135
40402000,-1297,2076,125868,800,925,123164,122,19228,500,0,29710,0.0010000000000047748
40403000,1650,-4618,122852,-9032,-6892,124398,99,19228,405,0,29711,0.0009999999999976694
40404001,1044,4216,127705,156,-4810,126548,108,19228,405,0,29712,0.00100100000000225
40405000,-893,7134,124278,1224,4155,123401,142,19234,442,1,29713,0.0009990000000001942
40406000,-6694,10588,125049,-4860,11468,123603,142,19224,582,1,29714,0.0009999999999976694
40407000,2899,13925,126949,-12832,6716,122271,111,19231,455,1,29715,0.0009999999999976694
40408000,8142,-2801,123219,4453,13086,128176,94,19230,385,0,29716,0.0010000000000047748
40409001,8463,503,122851,1249,-9322,123101,116,19227,475,0,29717,0.0010009999999951447
40410000,6843,-18411,121466,-4412,-22514,134600,124,19227,475,0,29718,0.0009990000000001942
40411000,4389,1036,127498,14238,3499,125455,125,19224,508,0,29719,0.0010000000000047748
40412000,864,10992,128615,2385,9965,119677,125,19223,512,1,29720,0.0009999999999976694
40413001,2611,15900,129903,-6273,9409,124579,122,19228,500,1,29721,0.00100100000000225
40414000,6226,-4286,123721,6473,-6489,131932,106,19232,434,1,29722,0.0009990000000001942
40415003,11944,1150,125908,12038,-4246,123742,114,19221,467,0,29723,0.0010029999999972006
40416000,9940,-247,127671,10246,-5629,126956,89,19221,467,0,29724,0.0009969999999981383
40417000,5290,-7656,127754,4999,-4821,131989,101,19235,365,0,29725,0.0010000000000047748
40418000,4798,-1762,129983,-5309,-631,132727,101,19233,414,1,29726,0.0009999999999976694
40419000,-652,10105,131237,2237,9924,125738,129,19229,528,1,29727,0.0009999999999976694
40420000,-384,13107,129203,5463,13461,120852,114,19229,467,1,29728,0.0010000000000047748
40421000,3969,-5291,129101,-7141,-12118,131498,101,19228,414,1,29729,0.0009999999999976694
40422000,12841,-16830,127256,9569,-20010,134160,154,19228,631,0,29730,0.0009999999999976694
40423000,9465,-9899,130235,19566,-15494,135324,101,19233,631,0,29731,0.0009999999999976694
40424000,-591,5070,132026,-15972,4750,119619,105,19230,414,0,29732,0.0010000000000047748
40425002,594,14826,133280,-16753,12026,127022,105,19225,430,1,29733,0.0010019999999997253
40426000,-10998,-2057,130511,13051,-4375,138396,131,19229,537,1,29734,0.0009979999999956135
40427000,-3925,-5861,128085,-10931,-9347,127435,106,19226,434,1,29735,0.0010000000000047748
40428000,-2733,-1862,129970,-14660,-5579,129475,108,19226,442,0,29736,0.0009999999999976694
40429000,6577,5161,130006,1145,2611,122284,82,19219,442,0,29737,0.0009999999999976694
40430002,-975,2370,131973,5539,-2907,130029,107,19230,336,0,29738,0.0010019999999997253
40431002,-5430,-6656,129434,-17345,-10094,135819,107,19227,438,0,29739,0.0010000000000047748
40432000,-12278,12930,129732,-18072,11324,125902,129,19225,528,1,29740,0.0009979999999956135
40433000,-10980,13596,131790,-8635,9590,122591,116,19228,475,1,29741,0.0010000000000047748
40434002,297,2872,130432,-8727,537,130669,100,19228,410,1,29742,0.0010019999999997253
40435000,-6211,-5496,125650,-3038,-8515,132665,143,19228,410,0,29743,0.0009979999999956135
40436000,-1080,-106,125896,-13850,-3488,120814,111,19224,586,0,29744,0.0010000000000047748
40437000,-1426,12272,128336,-3330,9405,121802,111,19229,455,0,29745,0.0009999999999976694
40438000,-2868,3297,127606,-4407,618,128458,107,19227,438,1,29746,0.0009999999999976694
40439000,-8911,6499,128303,-13720,3156,123971,135,19224,553,1,29747,0.0010000000000047748
40440000,-7381,2896,126685,-16266,-275,124907,114,19230,467,1,29748,0.0009999999999976694
40441000,1997,9757,127743,145,7016,121415,111,19230,467,0,29749,0.0009999999999976694
40442000,-1617,-4628,124302,2641,-5668,128353,86,19221,455,0,29750,0.0010000000000047748
40443000,3787,-4941,123529,-9126,-9217,126491,86,19228,352,0,29751,0.0009999999999976694
40444001,-3099,15051,126305,-7757,13423,120081,104,19229,426,0,29752,0.00100100000000225
40445001,463,12972,124421,2886,9828,121348,120,19218,491,1,29753,0.0009999999999976694
40446001,-2638,10235,127218,-1688,7688,128579,113,19230,463,1,29754,0.0009999999999976694
40447000,2831,696,123943,-5173,-2743,120985,99,19230,463,1,29755,0.0009990000000001942
40448000,11379,11790,125261,6397,6875,119813,131,19231,405,0,29756,0.0010000000000047748
40449000,7200,-3228,123286,12842,-4298,128793,131,19235,537,0,29757,0.0009999999999976694
40450000,8812,-4281,124636,2270,-9122,125265,107,19229,438,0,29758,0.0009999999999976694
40451000,4543,246,125984,1,2321,130138,111,19223,455,0,29759,0.0010000000000047748
40452000,2140,8805,128708,8083,10983,118643,136,19224,557,1,29760,0.0009999999999976694
40453000,5117,9018,127262,-2809,1339,127922,112,19224,557,1,29761,0.0009999999999976694
40454001,7868,-1935,126805,4922,-11137,125218,100,19230,459,1,29762,0.00100100000000225
40455000,13837,-5004,125470,11138,919,129754,100,19223,410,0,29763,0.0009990000000001942
40456000,6776,2334,128034,12675,-6267,124001,116,19232,475,0,29764,0.0009999999999976694
40457000,6386,-5299,124504,4515,-8298,128945,104,19232,426,0,29765,0.0010000000000047748
40458000,2091,-96,131286,-7470,309,133292,114,19218,467,1,29766,0.0009999999999976694
40459000,1281,13747,132185,6099,9147,122186,109,19218,467,1,29767,0.0009999999999976694
40460000,4304,13453,130258,4397,8207,129189,101,19228,446,1,29768,0.0010000000000047748
40461000,3551,-2378,128389,-5807,-7165,126802,101,19233,414,1,29769,0.0009999999999976694
40462000,9466,-15879,125380,9582,-18331,131785,125,19226,512,0,29770,0.0009999999999976694
40463000,7811,5208,129249,12054,-737,127413,100,19230,410,0,29771,0.0010000000000047748
40464000,2310,-3406,130671,-10681,-3742,130459,104,19225,426,0,29772,0.0009999999999976694
40465000,784,12474,134703,-11886,9475,122865,143,19225,426,1,29773,0.0009999999999976694
40466000,-6694,3930,132832,1396,-110,130643,110,19228,586,1,29774,0.0010000000000047748
40467000,-5962,-9729,128822,-9762,-12344,141110,110,19234,451,1,29775,0.0009999999999976694
40468000,869,-7965,128379,-12976,-11080,123441,97,19227,397,0,29776,0.0009999999999976694
40469004,-3883,2383,128899,2438,-1751,126935,133,19232,545,0,29777,0.0010040000000017812
40470000,-1066,10877,131693,-5279,7358,123005,120,19226,491,0,29778,0.000996000000000663
40471000,-7547,-3245,131045,-13600,-7205,133847,125,19226,512,1,29779,0.0009999999999976694
40472000,-9015,5462,131756,-12471,5514,132987,120,19222,512,1,29780,0.0010000000000047748
40473001,-9525,16247,130174,-11106,12498,122219,105,19231,491,1,29781,0.0010009999999951447
40474000,-2793,6664,130816,-10022,3233,129951,105,19231,430,1,29782,0.0009990000000001942
40475000,-2295,-3632,126454,-5224,-9640,127872,118,19216,483,0,29783,0.0010000000000047748
40476000,-3616,-11159,125579,-8256,-13915,138899,92,19232,377,0,29784,0.0009999999999976694
40477000,-604,9992,127100,-6080,7960,114035,105,19232,430,0,29785,0.0009999999999976694
40478000,-3330,14847,129700,-7098,10229,125458,134,19228,430,1,29786,0.0010000000000047748
40479000,-5188,1213,125853,-6061,-3404,134857,114,19226,549,1,29787,0.0009999999999976694
40480000,-8937,12320,127463,-12169,9807,115845,114,19228,467,1,29788,0.0009999999999976694
40481000,-554,8727,126141,-7642,5968,132410,101,19227,414,0,29789,0.0010000000000047748
40482000,1473,-3156,122221,4120,-7310,121726,122,19234,500,0,29790,0.0009999999999976694
40483000,2493,-7104,124501,-2829,-11700,133794,110,19225,451,0,29791,0.0009999999999976694
40484000,1743,5408,126565,-8683,1676,123703,115,19225,451,0,29792,0.0009999999999976694
40485003,-1473,17246,127925,1403,15130,115574,142,19226,471,1,29793,0.001003000000004306
40486001,-1264,2546,127438,-1751,604,133518,142,19231,582,1,29794,0.000998000000002719
40487000,1686,7368,124349,-3530,4613,119506,103,19232,422,1,29795,0.0009989999999930887
40488000,7504,332,123938,3733,-2571,128197,107,19224,438,0,29796,0.0010000000000047748
40489000,9321,4457,124627,12042,217,118188,101,19228,414,0,29797,0.0009999999999976694
40490002,4077,-3203,125067,865,-6923,129968,119,19228,414,0,29798,0.0010019999999997253
40491000,8490,-368,128916,6070,-5937,138883,137,19227,487,1,29799,0.000998000000002719
40492000,-1269,14400,128438,4654,9942,114184,137,19226,561,1,29800,0.0009999999999976694
40493000,6435,11616,129321,-3622,8586,130457,115,19226,471,1,29801,0.0009999999999976694
40494001,7575,3896,123940,9122,1634,119588,98,19232,401,1,29802,0.00100100000000225
40495000,10992,-6172,126494,9262,-8864,135824,144,19233,590,0,29803,0.0009990000000001942
40496000,10748,-8534,125849,2644,-10237,121781,101,19233,590,0,29804,0.0009999999999976694
40497000,6141,-436,131465,12874,-2916,136133,104,19233,414,0,29805,0.0010000000000047748
40498002,2817,1831,129556,-2916,4154,128811,104,19227,426,1,29806,0.0010019999999997253
40499000,-1469,15872,130446,47,10037,117842,124,19231,508,1,29807,0.0009979999999956135
40500000,2997,7190,129829,2969,1869,132379,110,19232,451,1,29808,0.0010000000000047748
40501000,8746,-764,128523,-1014,-11777,124797,109,19224,446,0,29809,0.0009999999999976694
40502000,10362,-9826,129098,2293,-534,136590,112,19224,446,0,29810,0.0009999999999976694
40503003,5407,-2033,130132,534,-10541,122949,105,19232,459,0,29811,0.001003000000004306
40504002,-698,-2386,129369,-22993,-800,130642,105,19228,430,0,29812,0.0009990000000001942
40505002,-1766,7155,135963,2222,2324,136084,121,19222,496,1,29813,0.0009999999999976694
40506000,-9492,2114,128604,3328,-1017,122394,112,19236,459,1,29814,0.000998000000002719
40507000,-2895,6601,132578,-25017,1955,127840,97,19234,397,1,29815,0.0009999999999976694
40508000,-515,-2762,128403,-6600,-10507,130834,134,19234,397,0,29816,0.0009999999999976694
40509000,6964,-3237,128594,17313,-5367,129100,102,19229,549,0,29817,0.0010000000000047748
40510000,-6039,7379,131009,-15806,4684,126339,102,19230,418,0,29818,0.0009999999999976694
40511000,-6768,-2376,129948,-23837,-1825,129532,109,19226,446,1,29819,0.0009999999999976694
40512000,-9512,6457,133255,-2855,4833,132453,149,19229,610,1,29820,0.0010000000000047748
40513000,-7738,1486,127367,-5701,1153,130643,115,19233,471,1,29821,0.0009999999999976694
40514000,-3065,13830,127862,-5881,16074,117082,102,19233,418,1,29822,0.0009999999999976694
40515000,-3786,-7187,125885,-14494,-14018,131204,145,19224,418,0,29823,0.0010000000000047748
40516000,2792,-9706,125260,-2124,-9987,132857,104,19228,594,0,29824,0.0009999999999976694
40517003,-3061,5784,129268,-1316,633,125621,104,19231,426,0,29825,0.0010029999999972006
40518002,-8754,8387,127394,-12485,6269,123806,119,19218,487,1,29826,0.0009990000000001942
40519000,-5229,13812,127665,-13370,9367,125136,113,19234,463,1,29827,0.000998000000002719
40520000,-4285,1811,127193,-4469,-1382,131522,106,19234,434,1,29828,0.0009999999999976694
40521001,2748,8248,125602,7766,3683,120095,127,19232,434,0,29829,0.00100100000000225
40522000,-2708,1305,125564,-9713,-1619,124116,115,19222,520,0,29830,0.0009990000000001942
40523003,2112,4816,126227,-5031,2848,124560,115,19227,471,0,29831,0.0010029999999972006
40524001,-1905,236,127589,1363,-3470,129486,114,19228,467,0,29832,0.000998000000002719
40525000,-1588,5644,125164,-4791,3547,125044,152,19227,623,1,29833,0.0009990000000001942
40526001,-637,18577,124260,-2020,15338,115365,116,19227,475,1,29834,0.00100100000000225
40527000,5335,4017,123785,840,316,124578,99,19232,475,1,29835,0.0009990000000001942
40528000,13655,-1612,124710,8389,-5103,127766,106,19221,405,0,29836,0.0009999999999976694
40529000,8268,-1325,123972,11408,-5776,122643,106,19229,434,0,29837,0.0009999999999976694
40530000,6234,-1655,125580,958,-6572,126408,109,19227,446,0,29838,0.0010000000000047748
40531000,4464,1320,126955,3875,-848,127170,113,19224,463,1,29839,0.0009999999999976694
40532000,3726,4592,127149,6032,728,129516,106,19229,434,1,29840,0.0009999999999976694
40533000,6740,11687,127767,1905,8602,120464,102,19229,434,1,29841,0.0010000000000047748
40534000,7056,10428,126493,3698,7202,119861,117,19228,418,0,29842,0.0009999999999976694
40535000,12121,-2255,126761,7401,-6103,127927,117,19222,479,0,29843,0.0009999999999976694
40536000,5231,-12967,126401,14283,-14415,133035,91,19230,373,0,29844,0.0010000000000047748
40537000,4686,-5630,129204,494,-9874,130697,100,19229,410,0,29845,0.0009999999999976694
40538000,2846,25817,131424,-6915,20425,117558,129,19225,528,1,29846,0.0009999999999976694
40539000,3615,11687,130551,4067,7879,130255,113,19225,528,1,29847,0.0010000000000047748
40540000,4558,-444,127780,6016,-6617,130452,99,19227,463,1,29848,0.0009999999999976694
40541000,6050,-4458,128792,-3629,-2719,130348,99,19226,405,0,29849,0.0009999999999976694
40542000,10554,-12286,127608,4617,-14842,127692,143,19234,586,0,29850,0.0010000000000047748
40543000,5300,2828,131428,23263,-1751,134895,103,19230,422,0,29851,0.0009999999999976694
40544000,2508,-1391,128332,-26575,-9803,124131,108,19222,442,1,29852,0.0009999999999976694
40545000,-4305,19338,134561,-6807,13950,126559,135,19222,442,1,29853,0.0010000000000047748
40546000,-4491,-6409,127090,9871,-12230,135652,105,19230,553,1,29854,0.0009999999999976694
40547006,-5564,-6391,129781,-14740,-10291,132160,105,19231,430,1,29855,0.0010059999999967317
40548002,2396,-8732,128684,-17695,-8373,130724,112,19221,459,0,29856,0.000996000000000663
40549000,1244,5233,130772,6064,8328,123713,94,19229,385,0,29857,0.000998000000002719
40550000,-4841,9036,130744,-17469,906,125196,107,19227,438,0,29858,0.0009999999999976694
40551000,-10133,-1579,129739,-15233,-6575,136251,133,19227,438,1,29859,0.0009999999999976694
40552000,-7199,-4589,129169,-5367,-14,135082,117,19225,545,1,29860,0.0010000000000047748
40553000,-8246,20842,131917,-6735,16428,114191,117,19233,479,1,29861,0.0009999999999976694
40554000,-1639,5786,129747,-12499,-4192,132724,101,19227,414,1,29862,0.0009999999999976694
40555000,-4325,-10361,125766,-6139,-9452,128203,151,19226,618,0,29863,0.0010000000000047748
40556001,-3938,-3874,127479,-6453,-5824,129056,106,19231,434,0,29864,0.0010009999999951447
40557000,-1385,9245,125857,-12741,9897,121951,105,19231,434,0,29865,0.0009990000000001942
40558000,-9039,17619,128675,-5005,14783,122594,130,19224,430,1,29866,0.0010000000000047748
40559000,-3382,-2364,126517,-16330,-6280,132485,130,19230,532,1,29867,0.0009999999999976694
40560000,-2563,5734,127718,-6531,4862,121227,113,19234,463,1,29868,0.0009999999999976694
40561000,533,-986,125182,588,-4796,131247,109,19226,446,0,29869,0.0010000000000047748
40562000,3456,-456,125323,2585,-5649,116656,86,19231,352,0,29870,0.0009999999999976694
40563000,-1775,-1772,124245,-5452,-5647,131536,109,19231,446,0,29871,0.0009999999999976694
40564000,-596,6438,128165,-5778,6398,127124,126,19232,446,1,29872,0.0010000000000047748
40565000,-6112,16410,126491,-2120,12927,115183,111,19216,516,1,29873,0.0009999999999976694
40566000,-281,7479,126837,-4782,3511,132441,111,19230,455,1,29874,0.0009999999999976694
40567000,5464,4552,123605,4173,1197,120614,95,19233,389,0,29875,0.0010000000000047748
40568000,6353,-1736,124550,6625,-6316,126884,133,19232,545,0,29876,0.0009999999999976694
40569000,11525,-293,124120,1580,-2831,123623,108,19232,442,0,29877,0.0009999999999976694
40570000,3289,-3431,125593,3758,-9029,127375,112,19227,442,0,29878,0.0010000000000047748
40571000,4985,829,128420,6145,-2567,124557,136,19224,459,1,29879,0.0009999999999976694
40572000,1193,11673,129483,-4153,10288,121458,136,19230,557,1,29880,0.0009999999999976694
40573000,4792,8427,129021,3883,5297,135153,110,19232,451,1,29881,0.0010000000000047748
40574000,11058,1029,123430,11566,-1749,113747,99,19224,405,0,29882,0.0009999999999976694
40575000,8401,-2125,127886,888,-5511,130689,111,19230,455,0,29883,0.0009999999999976694
40576000,8710,-11343,125596,11140,-15116,132721,106,19230,455,0,29884,0.0010000000000047748
40577000,2837,280,128095,3086,-4838,124915,116,19232,434,0,29885,0.0009999999999976694
40578000,1932,8626,131893,-5456,4878,130702,116,19226,475,1,29886,0.0009999999999976694
40579000,584,10577,129362,1833,8917,119012,112,19225,459,1,29887,0.0010000000000047748
40580000,3645,-5459,128652,2398,-6719,132412,101,19230,414,1,29888,0.0009999999999976694
40581000,7941,-6782,127896,-2496,-8036,129096,132,19222,541,0,29889,0.0009999999999976694
40582000,7937,-5031,129613,9194,-7777,126243,111,19222,541,0,29890,0.0010000000000047748
40583000,3406,-5497,128805,12715,-8625,134750,111,19231,455,0,29891,0.0009999999999976694
40584000,127,3164,131370,-19628,-1039,126040,111,19228,455,1,29892,0.0009999999999976694
40585000,-5132,11070,135422,-7530,7019,137909,153,19228,627,1,29893,0.0010000000000047748
40586000,-7335,12829,129192,6260,8998,119212,112,19234,459,1,29894,0.0009999999999976694
40587000,-248,-7814,128834,-17009,-9180,131343,100,19224,410,1,29895,0.0009999999999976694
40588000,-1037,-9095,127119,-5589,-16723,125615,122,19224,410,0,29896,0.0010000000000047748
40589000,4939,2786,130267,4686,-2359,125235,109,19232,500,0,29897,0.0009999999999976694
40590000,-5879,9927,133932,-7434,7699,125739,109,19232,446,0,29898,0.0009999999999976694
40591003,-4494,450,130237,-19560,-366,131849,119,19224,487,1,29899,0.001003000000004306
40592000,-8192,4071,129652,-9485,6430,128625,114,19231,467,1,29900,0.0009969999999981383
40593000,-7105,8082,128282,-5126,7383,123702,105,19228,430,1,29901,0.0009999999999976694
40594000,-1788,4594,129119,-13485,-2247,125037,122,19228,430,0,29902,0.0010000000000047748
40595001,-4449,-3066,125445,-7217,-7528,131296,95,19220,500,0,29903,0.0010009999999951447
40596000,-189,-3697,127106,-8306,-1049,132384,95,19230,389,0,29904,0.0009990000000001942
40597000,-4538,9302,128425,-6482,6998,117237,104,19227,426,1,29905,0.0010000000000047748
40598000,-6793,8616,126323,-14060,9208,126575,143,19224,586,1,29906,0.0009999999999976694
40599000,-7570,10756,128780,-11275,6786,125755,118,19229,483,1,29907,0.0009999999999976694
40600000,348,4674,126031,-1570,-76,124602,102,19229,483,1,29908,0.0010000000000047748
40601001,3752,355,126328,3784,-4603,129600,114,19225,418,0,29909,0.0010009999999951447
40602000,319,-8784,123690,-6103,-14992,126938,114,19236,467,0,29910,0.0009990000000001942
40603000,4278,8263,126452,-5781,7951,122790,109,19227,446,0,29911,0.0010000000000047748
40604000,-2009,16411,126520,249,12333,122679,117,19223,479,1,29912,0.0009999999999976694
40605000,-2538,6870,124970,-3589,5972,124839,139,19231,569,1,29913,0.0009999999999976694
40606000,800,11702,125520,-3832,7175,121188,105,19231,430,1,29914,0.0010000000000047748
40607000,7438,7596,123387,7916,7753,127359,110,19232,430,0,29915,0.0009999999999976694
40608000,12041,2329,124710,16349,-1347,125202,93,19226,451,0,29916,0.0009999999999976694
40609000,7152,-13219,124148,3285,-15051,128336,93,19229,381,0,29917,0.0009999999999976694
40610000,6491,-1193,126695,-2620,-2239,126161,115,19228,471,0,29918,0.0010000000000047748
40611000,2504,7096,128351,9716,3938,126549,136,19227,557,1,29919,0.0009999999999976694
40612000,3932,12157,127952,3021,9626,122087,115,19227,471,1,29920,0.0009999999999976694
40613001,8995,5381,125879,2176,3629,129836,98,19228,471,1,29921,0.00100100000000225
40614000,10772,-345,125523,5835,-5449,124315,150,19229,401,0,29922,0.0009990000000001942
40615000,14519,1347,128360,18798,-2924,126840,150,19233,614,0,29923,0.0009999999999976694
40616000,3947,-5335,127778,8645,-8578,133335,102,19228,418,0,29924,0.0010000000000047748
40617000,4081,6169,132011,-11395,2878,126757,107,19222,438,1,29925,0.0009999999999976694
40618000,-398,10697,132997,3666,6646,130703,126,19229,516,1,29926,0.0009999999999976694
40619000,171,7954,129785,7608,5458,120865,109,19229,516,1,29927,0.0010000000000047748
40620000,5910,10653,129746,-710,7885,127000,109,19231,446,1,29928,0.0009999999999976694
40621000,10711,-19776,124628,2090,-24107,133706,109,19221,446,0,29929,0.0009999999999976694
40622000,12865,-4329,132082,20384,-6632,126770,103,19234,422,0,29930,0.0010000000000047748
40623002,-1296,2435,129783,-6766,-955,127255,106,19224,434,0,29931,0.0010019999999997253
40624000,481,14753,132728,-16953,10441,125065,125,19224,512,1,29932,0.0009979999999956135
40625000,-8515,-10256,130477,1627,-10223,136768,113,19224,512,1,29933,0.0010000000000047748
40626000,-5806,-244,130119,-4623,-4512,130145,97,19235,463,1,29934,0.0009999999999976694
40627000,2585,1575,130377,-15781,-2781,124727,97,19231,397,0,29935,0.0009999999999976694
40628000,-2157,1291,129307,5968,-2763,127629,140,19229,573,0,29936,0.0010000000000047748
40629002,4964,-579,129073,-1510,-3844,130084,107,19231,438,0,29937,0.0010019999999997253
40630000,-12471,145,131227,-18221,-3294,131539,111,19222,455,0,29938,0.0009979999999956135
40631000,-7695,2916,132549,-12483,-1225,128224,144,19222,455,1,29939,0.0010000000000047748
40632000,-9657,19237,130440,-5525,17309,122594,111,19229,590,1,29940,0.0009999999999976694
40633000,-4186,820,127357,-12290,-5383,133807,111,19232,455,1,29941,0.0009999999999976694
40634000,-316,-2173,126933,-4561,-5474,125726,103,19224,422,0,29942,0.0010000000000047748
40635002,-2972,-1783,125372,-5486,-5336,126519,142,19233,582,0,29943,0.0010019999999997253
40636007,-1309,6892,129066,-4769,5833,121482,105,19232,430,0,29944,0.0010049999999992565
40637000,-7888,3117,129831,-11434,3954,133655,118,19232,430,1,29945,0.0009930000000011319
40638000,-6778,2227,127770,-10544,-3899,124881,110,19216,483,1,29946,0.0009999999999976694
40639001,-10156,7606,128586,-5629,8908,128196,110,19228,451,1,29947,0.00100100000000225
40640000,-1486,4046,125451,-11927,4871,120666,104,19234,426,1,29948,0.0009990000000001942
40641000,1033,4360,124482,1113,-2590,127099,130,19228,532,0,29949,0.0009999999999976694
40642000,2893,-11186,122163,-2590,-10088,132407,107,19228,438,0,29950,0.0009999999999976694
40643000,1530,148,126716,-1853,10042,116743,109,19228,438,0,29951,0.0010000000000047748
40644000,-2664,15958,126718,-3178,3374,128492,148,19223,446,1,29952,0.0009999999999976694
40645000,-5779,4885,123824,-716,633,126728,148,19228,606,1,29953,0.0009999999999976694
40646000,2726,8522,125707,-6880,5647,125994,111,19232,455,1,29954,0.0010000000000047748
40647000,8287,11361,123359,11829,5766,117394,97,19228,397,0,29955,0.0009999999999976694
40648003,9833,11474,125189,9862,443,120514,103,19234,422,0,29956,0.0010029999999972006
40649000,9377,-16630,123415,2364,-20599,135824,115,19234,471,0,29957,0.0009970000000052437
40650000,3720,-3394,128401,6087,-3319,124917,121,19229,471,0,29958,0.0009999999999976694
40651003,2112,10443,128186,-2572,14607,129901,107,19221,496,1,29959,0.0010029999999972006
40652000,1302,14976,126726,3876,13953,118588,107,19231,438,1,29960,0.0009970000000052437
40653000,9516,-992,125419,4203,-6547,131669,100,19233,410,1,29961,0.0009999999999976694
40654000,11815,-3614,124105,3820,-5578,124551,118,19223,483,0,29962,0.0009999999999976694
40655000,12366,-6869,127140,14482,-8730,128014,98,19223,401,0,29963,0.0010000000000047748
40656001,7525,-8141,129382,10417,-12737,129762,105,19229,401,0,29964,0.0010009999999951447
40657001,3436,-3157,129292,-6808,-7997,134204,134,19228,430,1,29965,0.0010000000000047748
40658000,-2225,13726,131970,-1150,12911,125422,134,19226,549,1,29966,0.0009990000000001942
40659000,-2191,20321,130384,5209,15716,120221,110,19232,451,1,29967,0.0009999999999976694
40660000,6022,-4796,126759,-2799,-8453,136274,101,19229,414,1,29968,0.0009999999999976694
40661000,11371,-13866,127676,5142,-16357,127575,154,19229,631,0,29969,0.0010000000000047748
40662000,10084,-4661,130057,21451,-10682,135311,106,19231,631,0,29970,0.0009999999999976694
40663000,1887,7113,130305,-5963,4553,125843,109,19230,434,0,29971,0.0009999999999976694
40664001,-604,11364,134258,-26625,8775,124419,109,19229,446,1,29972,0.00100100000000225
40665000,-5758,4682,132340,14549,1562,134582,128,19230,524,1,29973,0.0009990000000001942
40666002,-3980,201,128622,-2714,-3265,127389,101,19231,414,1,29974,0.0010019999999997253
40667000,-2680,-3457,130327,-28510,-6067,135754,113,19217,463,0,29975,0.000998000000002719
40668000,5364,147,130100,5636,-4374,120488,91,19217,463,0,29976,0.0009999999999976694
40669001,741,-2034,132282,11540,-4716,133385,112,19227,373,0,29977,0.00100100000000225
40670000,-8198,4512,130537,-22879,175,127326,112,19226,459,1,29978,0.0009990000000001942
40671000,-11496,6569,131097,-19872,5077,128058,137,19225,561,1,29979,0.0009999999999976694
40672001,-9197,6623,129003,-5016,964,133438,116,19232,475,1,29980,0.00100100000000225
40673000,-2156,15259,131620,-7314,15838,112566,97,19226,397,1,29981,0.0009989999999930887
40674000,-4105,-13274,126363,-10903,-14922,138429,152,19226,397,0,29982,0.0010000000000047748
40675000,-2216,-5402,126956,-7694,-8782,125798,105,19226,623,0,29983,0.0009999999999976694
40676000,-1664,5829,128893,-4923,2673,128718,105,19231,430,0,29984,0.0009999999999976694
40677000,-6049,15726,128130,-5558,12019,120413,109,19225,446,1,29985,0.0010000000000047748
40678000,-9640,6889,127337,-10772,4767,125185,130,19227,532,1,29986,0.0009999999999976694
40679000,-5478,3145,129295,-23092,-952,143319,111,19232,455,1,29987,0.0009999999999976694
40680000,4847,13398,125433,6512,8571,109407,109,19232,455,0,29988,0.0010000000000047748
40681000,24,-4372,126314,9496,-4729,133277,88,19225,446,0,29989,0.0009999999999976694
40682000,3990,-3715,121532,-12435,-10502,119601,88,19228,360,0,29990,0.0009999999999976694
40683000,-1981,1123,125016,-4261,-1385,135896,109,19233,446,0,29991,0.0010000000000047748
40684000,-873,14269,127342,2923,10349,111692,125,19221,512,1,29992,0.0009999999999976694
40685000,-2448,17907,127171,-6520,19553,123108,114,19232,467,1,29993,0.0009999999999976694
40686000,4234,-2974,123916,-2636,-121,133006,93,19232,467,1,29994,0.0010000000000047748
40687002,11274,-3251,122530,5644,-6346,119499,135,19225,381,0,29995,0.0010019999999997253
40688000,9018,5366,126397,6637,-3908,120239,135,19235,553,0,29996,0.0009979999999956135
40689002,6532,587,125071,7039,-5565,125416,109,19227,446,0,29997,0.0010019999999997253
40690000,1012,-7217,127150,2903,-7543,136506,114,19228,467,1,29998,0.000998000000002719
40691001,1339,11527,129202,1117,9037,115389,138,19231,565,1,29999,0.00100100000000225
40692000,5991,12906,123902,5008,6979,117771,109,19231,565,1,30000,0.0009990000000001942
40693000,8423,6378,128897,11163,3970,127194,102,19229,446,1,30001,0.0009999999999976694
40694000,15237,-1059,124185,-725,-7294,122308,102,19223,418,0,30002,0.0009999999999976694
40695000,8679,-12785,125713,16655,-16395,139364,124,19228,508,0,30003,0.0010000000000047748
40696000,2767,-3262,128502,4010,-3636,122152,111,19228,455,0,30004,0.0009999999999976694
40697000,4328,5180,131011,-13209,-3527,127856,118,19224,483,1,30005,0.0009999999999976694
40698002,224,10653,130391,12856,10830,128696,111,19224,455,1,30006,0.0010019999999997253
40699000,2105,6626,128706,-980,1169,123145,102,19228,455,1,30007,0.000998000000002719
40700000,6790,-6934,126678,-4519,-12155,129952,134,19230,418,0,30008,0.0009999999999976694
40701000,7962,-10419,126709,13392,-12575,129007,134,19221,549,0,30009,0.0010000000000047748
40702000,7633,1493,131361,12284,-3541,137759,100,19229,410,0,30010,0.0009999999999976694
40703000,-3866,821,130956,-17126,-316,119151,102,19229,418,0,30011,0.0009999999999976694
40704000,2436,7635,133459,-15770,3684,129254,150,19229,614,1,30012,0.0010000000000047748
40705000,-10399,983,131169,12765,-4456,133527,112,19228,614,1,30013,0.0009999999999976694
40706000,-1774,-2279,128901,-14229,-6569,124607,101,19235,459,1,30014,0.0009999999999976694
40707000,-337,871,131802,-17640,-2771,135916,101,19226,414,0,30015,0.0010000000000047748
40708000,1997,-539,128440,11442,-4200,125831,119,19229,487,0,30016,0.0009999999999976694
40709000,-3884,12924,132029,-4649,9368,123208,109,19228,446,0,30017,0.0009999999999976694
40710000,-7556,3085,130453,-24274,-141,134042,124,19228,508,1,30018,0.0010000000000047748
40711000,-8748,3931,130513,-6015,2238,130738,112,19217,508,1,30019,0.0009999999999976694
40712001,-9590,11405,130630,-6684,8548,128705,106,19226,459,1,30020,0.00100100000000225
40713000,435,11798,128851,-16308,8937,117351,106,19229,434,1,30021,0.0009990000000001942
40714000,-1409,4752,129433,4278,2574,137364,122,19220,500,0,30022,0.0009999999999976694
40715000,-260,-11261,122553,-8058,-15898,130643,95,19232,389,0,30023,0.0009999999999976694
40716000,-715,5482,131279,-10257,2589,125455,104,19227,426,0,30024,0.0010000000000047748
40717000,-6408,9377,127124,-4768,5199,125030,144,19227,426,1,30025,0.0009999999999976694
40718002,-3815,11647,127260,-12323,7264,118843,120,19224,590,1,30026,0.0010019999999997253
40719000,-5368,-4157,127038,-8558,-6228,137408,120,19227,491,1,30027,0.000998000000002719
40720000,-722,6483,124821,3208,2742,120335,103,19222,422,0,30028,0.0009999999999976694
40721000,-2478,6489,125741,-8713,4762,121236,114,19232,467,0,30029,0.0009999999999976694
40722001,2254,6480,128005,-5908,4796,121386,106,19227,434,0,30030,0.00100100000000225
40723000,1008,1737,125299,5510,-2500,133495,114,19227,434,0,30031,0.0009990000000001942
40724000,-5688,3724,124415,-4061,-4588,127944,139,19225,467,1,30032,0.0009999999999976694
40725000,-416,15721,128225,-11798,13992,115176,139,19226,569,1,30033,0.0010000000000047748
40726000,7883,12021,123672,13696,9996,123617,104,19231,426,1,30034,0.0009999999999976694
40727000,8704,1386,121755,2999,-2745,121981,112,19224,459,0,30035,0.0009999999999976694
40728000,9196,-7423,123699,-1130,-13536,126872,105,19227,430,0,30036,0.0010000000000047748
40729000,6998,4499,125211,12747,-636,119243,115,19227,430,0,30037,0.0009999999999976694
40730000,4580,1037,128436,8508,1828,132337,138,19230,471,1,30038,0.0009999999999976694
40731000,1363,2858,129169,-8445,-699,123957,138,19227,565,1,30039,0.0010000000000047748
40732000,6063,16807,128023,42,7570,121478,118,19231,483,1,30040,0.0009999999999976694
40733000,7199,5100,125500,17874,5575,124243,100,19229,410,1,30041,0.0009999999999976694
40734000,10395,-774,127118,-218,-3937,123186,152,19234,623,0,30042,0.0009999999999976694
40735000,10247,-13332,125653,9333,-14128,138327,104,19234,623,0,30043,0.0010000000000047748
40736000,7166,7,128915,6829,-1078,124693,104,19231,426,0,30044,0.0009999999999976694
40737001,1140,1115,133357,735,4557,129735,104,19227,426,1,30045,0.00100100000000225
40738000,-1359,15278,129453,-1344,7088,125214,127,19227,520,1,30046,0.0009990000000001942
40739000,3119,-2356,126818,-4630,-11874,133405,110,19231,451,1,30047,0.0009999999999976694
40740000,6873,-8406,128178,11523,-8509,129636,110,19217,451,0,30048,0.0009999999999976694
40741000,8970,7531,129878,5367,4166,121181,103,19217,422,0,30049,0.0010000000000047748
40742000,6076,1527,130248,5790,-8540,133152,102,19230,422,0,30050,0.0009999999999976694
40743000,741,-4820,132012,-13334,-3930,128610,124,19230,418,0,30051,0.0009999999999976694
40744003,-3614,6574,133760,-4586,4068,130329,124,19220,508,1,30052,0.001003000000004306
40745000,-7353,3872,131426,-3265,1214,130326,113,19232,463,1,30053,0.0009969999999981383
40746003,-2858,-357,128763,-11480,-5564,130117,98,19233,401,1,30054,0.0010029999999972006
40747002,1286,-10693,126709,-7255,-13199,133812,140,19233,573,0,30055,0.0009990000000001942
40748000,4617,7957,129889,2509,5096,118419,105,19228,573,0,30056,0.000998000000002719
40749003,-2047,-615,131099,-4032,-1210,132894,109,19230,430,0,30057,0.0010029999999972006
40750001,-7015,1336,132526,-18590,-2167,131975,109,19225,446,1,30058,0.000998000000002719
40751000,-10798,-2342,130106,-12414,-7460,136429,137,19231,561,1,30059,0.0009990000000001942
40752000,-5854,8782,130008,-5045,9055,126503,114,19229,467,1,30060,0.0009999999999976694
40753000,-4979,8261,129375,-4772,4238,121718,105,19229,430,1,30061,0.0010000000000047748
40754000,-2981,-4583,124141,-14026,-7836,132470,136,19228,430,0,30062,0.0009999999999976694
40755000,-317,4293,127512,-6400,985,121908,109,19229,557,0,30063,0.0009999999999976694
40756000,-2547,1688,128327,-893,-2024,131555,109,19231,446,0,30064,0.0010000000000047748
40757000,-6040,15189,128591,-10007,12690,120849,123,19226,504,1,30065,0.0009999999999976694
40758000,-8548,4072,127100,-16893,482,129057,114,19231,467,1,30066,0.0009999999999976694
40759001,-908,24,125775,-1848,-3998,131507,104,19234,426,1,30067,0.00100100000000225
40760000,3168,2188,123642,2985,-908,117858,133,19234,426,0,30068,0.0009990000000001942
40761000,740,3357,124975,-5483,1065,128020,102,19231,545,0,30069,0.0009999999999976694
40762000,1708,5142,125679,-661,3039,117543,102,19228,418,0,30070,0.0010000000000047748
40763000,-120,-2574,126549,-1555,-5429,133248,107,19225,438,1,30071,0.0009999999999976694
40764000,-2881,12599,127291,-3063,9124,123003,150,19224,614,1,30072,0.0009999999999976694
40765000,-2659,10049,126045,-5292,6711,120574,110,19234,451,1,30073,0.0010000000000047748
40766000,6616,8085,124855,3760,4920,126161,96,19234,451,1,30074,0.0009999999999976694
40767000,7403,-5020,121919,10149,-8019,124694,93,19228,393,0,30075,0.0009999999999976694
40768000,8802,-1159,124951,-1486,-6606,124897,93,19231,381,0,30076,0.0010000000000047748
40769000,7039,-235,126723,10486,-2505,119506,114,19227,467,0,30077,0.0009999999999976694
40770001,4050,1933,126718,3759,61,129438,121,19219,496,1,30078,0.00100100000000225
40771000,1317,5875,127193,-3710,64,127674,108,19232,442,1,30079,0.0009990000000001942
40772000,7718,4080,126647,8143,4192,123807,98,19232,442,1,30080,0.0009999999999976694
40773000,9373,4853,125085,4557,-277,127658,120,19230,401,0,30081,0.0009999999999976694
40774000,10643,5148,127684,3261,28,119784,120,19228,491,0,30082,0.0010000000000047748
40775000,8418,-10310,125744,12480,-14759,131502,98,19232,401,0,30083,0.0009999999999976694
40776000,4908,1993,127626,5173,-5348,123036,105,19227,430,0,30084,0.0009999999999976694
40777000,1343,5272,129803,-4069,-1002,131522,139,19225,569,1,30085,0.0010000000000047748
40778000,2618,12303,131573,-385,10919,123054,110,19225,569,1,30086,0.0009999999999976694
40779000,3098,-316,128276,3481,-6572,133619,97,19233,451,1,30087,0.0009999999999976694
40780002,8429,-10967,127077,-851,-8893,129586,97,19225,397,0,30088,0.0010019999999997253
40781002,7035,-9181,130046,6310,-9183,128717,141,19236,577,0,30089,0.0010000000000047748
40782001,7005,-10561,126773,8907,-8692,135271,108,19236,442,0,30090,0.0009990000000001942
40783000,298,9814,132997,-9479,10180,121575,112,19222,459,1,30091,0.0009990000000001942
40784001,-5905,5506,133431,-1551,4430,132046,129,19222,528,1,30092,0.0010009999999951447
40785000,-9234,7731,131147,2593,-1824,124925,98,19231,528,1,30093,0.0009990000000001942
40786000,-2567,-12857,127451,-14498,-20137,138785,112,19237,401,1,30094,0.0010000000000047748
40787002,-1593,-5304,131061,-588,-5857,129854,112,19222,459,0,30095,0.0010019999999997253
40788000,1815,10263,130631,-2074,7593,118146,104,19228,426,0,30096,0.0009979999999956135
40789000,-3916,9800,132356,-14719,2395,131158,117,19224,479,0,30097,0.0010000000000047748
40790000,-6538,-1464,130579,-9828,-5260,127963,141,19224,577,1,30098,0.0009999999999976694
40791000,-8007,4692,129592,-12222,2400,130466,115,19224,577,1,30099,0.0009999999999976694
40792000,-7613,10016,129688,-8577,9097,124122,99,19233,471,1,30100,0.0010000000000047748
40793000,-2101,3114,129111,-5532,-2166,124576,99,19227,405,0,30101,0.0009999999999976694
40794001,-3561,-9511,124633,-9277,-13077,133069,155,19233,635,0,30102,0.00100100000000225
40795000,-4259,3071,127192,-4827,1609,121047,105,19228,430,0,30103,0.0009990000000001942
40796000,-1769,10804,127560,-12316,6040,132715,107,19228,438,0,30104,0.0009999999999976694
40797000,-5062,8762,126434,-3116,7829,116193,127,19224,438,1,30105,0.0009999999999976694
40798000,-7017,12295,129528,-15235,8825,125828,110,19230,520,1,30106,0.0009999999999976694
40799000,-866,3383,126100,-8317,8,129153,110,19236,451,1,30107,0.0010000000000047748
40800000,671,-4318,124145,7672,-7681,124444,111,19222,455,0,30108,0.0009999999999976694
40801000,1954,-5895,124744,-6088,-8983,133874,90,19230,369,0,30109,0.0009999999999976694
40802002,105,11778,125074,-6917,9540,114802,109,19230,446,0,30110,0.0010020000000068308
40803002,937,10489,127485,-1438,7050,127589,131,19230,446,1,30111,0.0009999999999976694
40804000,-2444,10532,124025,1013,7316,123896,114,19224,537,1,30112,0.0009979999999956135
40805000,699,14802,127892,-4412,12475,126072,114,19231,467,1,30113,0.0010000000000047748
40806000,4947,6994,123786,2805,3156,120321,97,19228,397,0,30114,0.0009999999999976694
40807000,9678,1300,126762,9784,-1829,123362,133,19235,545,0,30115,0.0009999999999976694
40808002,9323,-7232,125060,5045,-10470,136124,110,19228,451,0,30116,0.0010019999999997253
40809002,4466,-1885,124491,476,-6010,121070,112,19228,451,0,30117,0.0010000000000047748
40810000,2153,4351,127766,8917,465,125320,136,19226,459,1,30118,0.0009979999999956135
40811000,4956,12082,129006,-5047,10168,123984,136,19229,557,1,30119,0.0010000000000047748
40812000,8186,6460,125256,5580,4150,124930,110,19231,451,1,30120,0.0009999999999976694
40813000,9718,840,126279,13946,-1537,126953,106,19221,434,0,30121,0.0009999999999976694
40814000,10117,-806,127696,-3065,729,118794,107,19230,438,0,30122,0.0010000000000047748
40815008,6854,-11463,130388,17458,-13312,138793,106,19230,438,0,30123,0.0010079999999987876
40816003,3536,1427,129721,261,-3798,129679,117,19232,434,1,30124,0.0009949999999960824
40817000,-1787,13466,131413,-6556,8089,124473,117,19223,479,1,30125,0.0009970000000052437
40818000,-1230,12712,130472,7314,12700,123992,113,19227,463,1,30126,0.0009999999999976694
40819000,5232,-943,127966,-7681,-5324,130631,101,19231,414,1,30127,0.0009999999999976694
40820000,13024,-5860,127598,9770,-10012,133300,138,19228,565,0,30128,0.0010000000000047748
40821001,9752,1188,128311,12922,-3622,121103,101,19228,565,0,30129,0.0010009999999951447
40822000,2228,-3531,128563,2007,-6676,130957,102,19227,414,0,30130,0.0009990000000001942
40823000,1793,-638,133548,-11968,722,127708,102,19229,418,1,30131,0.0010000000000047748
40824000,-5547,2406,132885,-5994,2365,134616,152,19230,623,1,30132,0.0009999999999976694
40825000,-8615,8792,131590,2949,6153,119152,110,19233,451,1,30133,0.0009999999999976694
40826000,971,-943,128051,-18070,-6318,132476,103,19220,422,0,30134,0.0010000000000047748
40827000,-500,-14315,128835,-3821,-12591,136089,125,19220,422,0,30135,0.0009999999999976694
40828001,1102,-913,130796,6639,652,123061,109,19232,512,0,30136,0.00100100000000225
40829000,-7921,5074,132154,-15920,1651,133144,121,19227,446,0,30137,0.0009990000000001942
40830001,-8112,7736,131016,-17285,3045,126843,121,19221,496,1,30138,0.0010009999999951447
40831000,-9257,-513,130567,-3006,5563,135185,114,19232,467,1,30139,0.0009990000000001942
40832000,-6167,9184,128222,-16946,2992,118916,103,19230,422,1,30140,0.0010000000000047748
40833000,-1168,3193,128098,-13107,-5720,129185,126,19230,516,0,30141,0.0009999999999976694
40834000,-2983,-4495,126275,663,-7957,132039,97,19216,516,0,30142,0.0009999999999976694
40835000,-687,6635,129533,-3050,1803,122141,105,19230,397,0,30143,0.0010000000000047748
40836000,-7091,1655,127597,-12874,-2429,130993,105,19229,430,1,30144,0.0009999999999976694
40837000,-8357,11605,127879,-14817,11986,117684,143,19226,586,1,30145,0.0009999999999976694
40838000,-4850,8390,129235,-4268,3688,129955,118,19234,483,1,30146,0.0010000000000047748
40839000,-3139,3683,124316,-832,1936,123742,104,19234,426,1,30147,0.0009999999999976694
40840000,794,5224,123780,-12377,4945,123270,122,19227,426,0,30148,0.0009999999999976694
40841000,2810,-2215,124333,463,-5185,129072,114,19230,500,0,30149,0.0010000000000047748
40842000,4478,-2782,124566,1730,-4370,126876,114,19225,467,0,30150,0.0009999999999976694
40843002,-402,3507,126469,-5068,3191,127661,118,19220,483,1,30151,0.0010019999999997253
40844007,-3282,12284,126806,-2755,8383,120305,133,19229,545,1,30152,0.0010049999999992565
40845000,4764,3097,125039,-1309,-1084,129194,106,19229,434,1,30153,0.0009930000000011319
40846000,6637,996,123655,6995,-2540,125588,118,19231,434,0,30154,0.0009999999999976694
40847000,7285,7544,124626,5009,2754,118580,95,19225,483,0,30155,0.0010000000000047748
40848000,6650,-1859,124122,6651,-4978,126134,95,19228,389,0,30156,0.0009999999999976694
40849003,4135,1505,128158,9101,-2246,130418,109,19228,446,0,30157,0.0010029999999972006
40850002,2800,5255,126590,930,1947,129284,136,19225,557,1,30158,0.0009990000000001942
40851000,3622,20683,130781,-4131,18365,118284,115,19230,471,1,30159,0.000998000000002719
40852003,9693,8956,127659,10580,5974,124715,98,19230,471,1,30160,0.0010029999999972006
40853000,10745,-7044,124905,6039,-10713,130361,138,19225,401,0,30161,0.0009970000000052437
40854000,10473,-6849,126983,8951,-10521,129596,138,19231,565,0,30162,0.0009999999999976694
40855000,8000,-3514,126492,12504,-6962,133070,101,19230,414,0,30163,0.0009999999999976694
40856000,6601,10818,130668,-3474,7065,117055,104,19225,426,1,30164,0.0010000000000047748
40857000,1911,5211,133054,-4214,2704,135226,122,19231,500,1,30165,0.0009999999999976694
40858000,688,10714,128780,4665,7415,127661,108,19231,500,1,30166,0.0009999999999976694
40859002,2315,4599,129421,1351,1779,125482,115,19228,442,1,30167,0.0010019999999997253
40860000,9534,-12286,126365,-597,-16256,134272,115,19217,471,0,30168,0.000998000000002719
40861000,8929,2723,130399,20254,-1882,124135,94,19232,385,0,30169,0.0009999999999976694
40862000,4559,-4840,128637,-6744,-10054,138966,105,19227,430,0,30170,0.0009999999999976694
40863003,333,21552,136068,-13111,16820,115490,124,19223,508,1,30171,0.001003000000004306
40864000,-3611,-2146,130248,2969,-3121,135731,113,19223,508,1,30172,0.0009969999999981383
40865000,-7248,-6165,130531,-225,-9987,132688,97,19231,463,1,30173,0.0009999999999976694
40866000,-375,-8911,129727,-18579,-9422,130539,97,19230,397,0,30174,0.0010000000000047748
40867000,-2808,14906,130475,-7150,4471,129247,145,19230,594,0,30175,0.0009999999999976694
40868000,1051,6253,129609,9575,1717,117534,114,19225,467,0,30176,0.0009999999999976694
40869000,-6381,-3329,131960,-16553,-7850,134099,115,19224,471,0,30177,0.0010000000000047748
40870000,-6528,7261,129211,-18033,656,123327,136,19224,471,1,30178,0.0009999999999976694
40871000,-7977,8937,131187,-1757,8656,127843,113,19231,557,1,30179,0.0009999999999976694
40872000,-1968,9650,129126,-10619,5633,124385,113,19230,463,1,30180,0.0010000000000047748
40873000,-4305,-10199,125831,-7466,-12457,136123,108,19219,442,0,30181,0.0009999999999976694
40874000,-5009,-8370,125170,-9555,-572,126725,133,19227,545,0,30182,0.0009999999999976694
40875000,-111,9911,128029,-9000,8036,117380,105,19230,430,0,30183,0.0010000000000047748
40876000,-4561,7770,127334,-5081,3032,131416,121,19230,496,1,30184,0.0009999999999976694
40877000,-7338,4051,127882,-9791,-3175,124815,116,19221,496,1,30185,0.0009999999999976694
40878000,-6212,-767,127140,-8936,386,132553,101,19229,475,1,30186,0.0010000000000047748
40879000,-1034,13092,128141,2198,7180,117255,101,19229,414,0,30187,0.0009999999999976694
40880000,-1974,1262,124433,2025,-6687,126584,135,19232,553,0,30188,0.0009999999999976694
40881000,-158,-7427,124852,-9830,-8809,133135,103,19228,422,0,30189,0.0010000000000047748
40882000,-15,5008,126142,-2204,6529,119960,110,19228,451,0,30190,0.0009999999999976694
40883000,-1084,13969,127367,433,13240,122344,157,19224,451,1,30191,0.0009999999999976694
40884000,499,12743,126182,-6908,8018,123363,109,19229,643,1,30192,0.0010000000000047748
40885000,2314,-5024,122369,7007,-6091,132840,109,19232,446,1,30193,0.0009999999999976694
40886000,9340,-1908,122257,4264,-3344,120540,97,19226,397,0,30194,0.0009999999999976694
40887000,11249,6552,124513,6000,1715,120984,87,19227,356,0,30195,0.0010000000000047748
40888003,6811,-700,124484,17262,-6606,127652,113,19227,463,0,30196,0.0010029999999972006
40889000,4329,-9675,125778,-4695,-13513,130672,122,19230,463,1,30197,0.0009969999999981383
40890000,-1087,3719,129516,-8369,4746,128785,110,19221,500,1,30198,0.0010000000000047748
40891000,6848,12880,128621,16441,7105,117203,110,19226,451,1,30199,0.0009999999999976694
40892000,5418,6797,124902,11420,3553,122707,97,19228,397,1,30200,0.0009999999999976694
40893000,9840,2317,128340,-10432,-2625,129569,122,19229,500,0,30201,0.0010000000000047748
40894000,13386,-18256,122331,18233,-21142,132012,96,19232,393,0,30202,0.0009999999999976694
40895000,4892,-4472,129054,18655,-7118,125197,104,19232,393,0,30203,0.0009999999999976694
40896000,4666,5431,129997,-17353,1193,129695,136,19227,426,1,30204,0.0010000000000047748
40897000,-1539,11729,129293,996,6413,124015,136,19223,557,1,30205,0.0009999999999976694
40898000,2860,13378,130493,15601,9803,130622,113,19233,463,1,30206,0.0009999999999976694
40899000,6781,-6367,126389,-8773,-8927,127560,102,19224,418,0,30207,0.0010000000000047748
40900000,9128,1167,132329,5642,-1941,123142,139,19229,569,0,30208,0.0009999999999976694
40901000,7052,-9772,127371,19469,-14587,139461,113,19229,569,0,30209,0.0009999999999976694
40902007,-170,4235,132509,-16066,1915,128680,117,19234,463,0,30210,0.0010070000000013124
40903002,-1089,8767,132570,-14695,5365,124032,117,19225,479,1,30211,0.0009950000000031878
40904000,-8920,5686,130767,14349,3731,126065,119,19229,487,1,30212,0.0009979999999956135
40905000,-1164,-2547,128878,-17653,-3606,129589,104,19232,426,1,30213,0.0010000000000047748
40906000,-1603,-7941,128417,-15035,-11953,134211,118,19219,483,0,30214,0.0009999999999976694
40907001,6327,4206,129875,9272,-473,124260,95,19219,483,0,30215,0.00100100000000225
40908000,-3151,215,131491,-818,-1680,128497,108,19229,389,0,30216,0.0009990000000001942
40909000,-5171,-2982,131660,-20306,-5937,130406,108,19229,442,1,30217,0.0009999999999976694
40910000,-10380,9095,131019,-10491,7257,130519,144,19228,590,1,30218,0.0009999999999976694
40911000,-11695,12602,128834,-8483,8394,125551,117,19226,479,1,30219,0.0010000000000047748
40912001,-2838,12541,131256,-11984,13071,121498,101,19226,414,1,30220,0.0010009999999951447
40913000,-7729,-5325,122563,-7049,-7753,130593,162,19226,414,0,30221,0.0009990000000001942
40914000,3070,-537,129849,-6238,-5996,135038,103,19234,664,0,30222,0.0010000000000047748
40915000,-2225,6774,128184,-4048,2362,128305,103,19232,422,0,30223,0.0009999999999976694
40916001,-4326,8895,128489,-2623,6274,122829,109,19227,446,1,30224,0.00100100000000225
40917000,-7511,9910,127434,-14075,6852,125142,125,19227,512,1,30225,0.0009990000000001942
40918000,-4491,985,127299,-13899,1667,130801,113,19230,463,1,30226,0.0009999999999976694
40919001,2215,2256,125972,4758,2002,121577,114,19230,467,0,30227,0.00100100000000225
40920000,-1471,-3150,124574,-1236,-6142,127296,93,19224,467,0,30228,0.0009989999999930887
40921001,3332,-1414,124548,-10052,-2329,125629,108,19226,381,0,30229,0.00100100000000225
40922001,-3077,9333,128151,744,1522,123968,108,19228,442,0,30230,0.0010000000000047748
40923000,-1369,10078,124401,-2090,11172,124714,137,19222,561,1,30231,0.0009989999999930887
40924000,-3340,16582,128099,-3835,12175,119500,118,19233,483,1,30232,0.0010000000000047748
40925000,5781,3278,122692,8999,1739,130209,98,19233,401,1,30233,0.0009999999999976694
40926000,11407,-4590,122783,2709,-8787,121086,124,19229,401,0,30234,0.0009999999999976694
40927000,11353,-1026,124657,2595,-1076,125628,110,19234,508,0,30235,0.0010000000000047748
40928002,7904,-949,126392,11460,-5610,132201,110,19226,451,0,30236,0.0010019999999997253
40929000,2119,1971,125381,4167,205,122451,114,19221,467,1,30237,0.0009979999999956135
40930000,1943,7467,128943,-3236,535,127996,132,19228,541,1,30238,0.0010000000000047748
40931000,4435,11291,127673,4979,8109,117212,107,19228,438,1,30239,0.0009999999999976694
40932000,10645,4971,126399,12598,-1529,126890,104,19235,438,1,30240,0.0009999999999976694
40933000,9755,-3391,128055,2793,-5955,126533,100,19223,426,0,30241,0.0010000000000047748
40934000,9833,-12113,125312,9051,-14927,132258,100,19235,410,0,30242,0.0009999999999976694
40935000,3488,-3749,130227,4693,-4972,129695,105,19230,430,0,30243,0.0009999999999976694
40936000,1235,9247,131206,-7989,4333,128021,120,19224,491,1,30244,0.0010000000000047748
40937000,3662,6654,128432,11681,6430,127314,113,19230,463,1,30245,0.0009999999999976694
40938000,1399,6876,130138,-1400,336,123328,101,19230,463,1,30246,0.0009999999999976694
40939000,8425,-18750,125830,-10042,-24562,135359,141,19229,414,0,30247,0.0010000000000047748
40940000,6086,-1694,130141,19216,-4028,121776,141,19228,577,0,30248,0.0009999999999976694
40941001,2022,-1507,128356,2572,-5529,132296,105,19228,430,0,30249,0.00100100000000225
40942001,1,6906,131760,-18059,4728,124844,105,19225,430,0,30250,0.0009999999999976694
40943001,-2814,4750,133496,-1078,837,133361,144,19230,590,1,30251,0.0009999999999976694
40944000,-7145,-3099,128757,4026,-7927,133110,110,19230,590,1,30252,0.0009990000000001942
40945001,-1849,9088,132342,-20315,6887,122470,100,19232,451,1,30253,0.00100100000000225
40946001,2091,-6546,128170,-4943,-10195,136583,100,19226,410,0,30254,0.0009999999999976694
40947000,3655,1971,127935,9569,-4381,127438,120,19231,491,0,30255,0.0009990000000001942
40948000,-6243,8121,130771,-13743,4746,129527,110,19226,451,0,30256,0.0010000000000047748
40949000,-4040,14310,130519,-12332,11598,126190,121,19221,496,1,30257,0.0009999999999976694
40950000,-8886,413,132460,-9524,-1239,131416,111,19221,496,1,30258,0.0009999999999976694
40951000,-6800,2030,131547,-6561,-1022,133925,102,19231,455,1,30259,0.0010000000000047748
40952000,-3879,9747,128716,-11985,7969,120425,102,19230,418,1,30260,0.0009999999999976694
40953000,-5689,-310,127082,-7804,-4886,129001,129,19218,528,0,30261,0.0009999999999976694
40954000,-63,-2143,126689,-3228,-4808,129377,101,19230,414,0,30262,0.0010000000000047748
40955000,-2896,3721,127893,-11712,-886,128788,101,19226,414,0,30263,0.0009999999999976694
40956000,-4507,8868,128697,-7191,4326,122026,145,19226,414,1,30264,0.0009999999999976694
40957000,-5965,11700,127305,-10216,6627,125009,117,19228,594,1,30265,0.0010000000000047748
40958000,-1196,3070,124907,-10841,-305,126723,117,19228,479,1,30266,0.0009999999999976694
40959000,-606,4187,125534,5073,3054,126041,106,19226,434,0,30267,0.0009999999999976694
40960000,-33,-3666,122439,-7581,-3251,124220,112,19230,459,0,30268,0.0010000000000047748
40961000,4018,19748,125788,-4131,13553,113869,108,19226,442,0,30269,0.0009999999999976694
40962000,1021,-1296,126329,4791,-3910,133474,114,19226,442,0,30270,0.0009999999999976694
40963000,-1083,1617,125553,-4069,-8067,124691,134,19219,467,1,30271,0.0010000000000047748
40964000,-1573,20521,128791,-3799,14560,117422,134,19230,549,1,30272,0.0009999999999976694
40965000,6638,11807,124084,409,9354,120072,100,19232,410,1,30273,0.0009999999999976694
40966000,8023,4270,125095,7777,3331,130419,115,19227,471,0,30274,0.0010000000000047748
40967000,8851,-12803,121252,5019,-12964,129792,100,19225,410,0,30275,0.0009999999999976694
40968000,5802,2129,127461,5370,6363,119480,113,19225,463,0,30276,0.0009999999999976694
40969000,4482,6694,127879,6625,1840,122844,141,19227,463,1,30277,0.0010000000000047748
40970002,5062,6183,128574,-3700,3376,129469,113,19227,577,1,30278,0.0010019999999997253
40971000,5154,2260,127705,6039,-2806,130751,113,19234,463,1,30279,0.0009979999999956135
40972000,10499,-8672,125312,9072,-976,124925,97,19228,397,0,30280,0.0010000000000047748
40973001,6933,15838,127471,6876,3541,118337,146,19232,598,0,30281,0.0010009999999951447
40974000,9138,-17510,124339,9842,-25033,140793,106,19232,434,0,30282,0.0009990000000001942
40975000,6703,-3713,129765,1878,-1599,128687,108,19231,434,0,30283,0.0010000000000047748
40976000,-91,17606,133257,-869,15005,123256,117,19228,442,1,30284,0.0009999999999976694
40977000,1397,15342,130743,1154,10128,121564,117,19229,479,1,30285,0.0009999999999976694
40978000,4079,41,128683,1620,-8627,131067,104,19229,426,1,30286,0.0010000000000047748
40979000,7916,-17317,126839,-600,-19112,137368,113,19222,463,0,30287,0.0009999999999976694
40980000,10417,-1757,129043,14412,-115,122742,89,19228,365,0,30288,0.0009999999999976694
40981000,3214,2614,131608,10891,-4146,131799,105,19228,365,0,30289,0.0010000000000047748
40982000,537,-4382,130713,-23244,-5244,126625,131,19232,430,1,30290,0.0009999999999976694
40983002,-7095,9962,135119,-5461,5509,128013,131,19224,537,1,30291,0.0010019999999997253
40984000,-3195,-3432,130744,4115,-2837,138613,112,19230,459,1,30292,0.0009979999999956135
40985000,-4153,2486,129282,-6169,-3994,121300,96,19228,393,1,30293,0.0010000000000047748
40986000,-1029,-14572,126044,-14848,-18632,138413,148,19234,606,0,30294,0.0009999999999976694
40987000,4636,5925,131221,3906,4983,123510,109,19234,606,0,30295,0.0009999999999976694
40988000,-5251,3362,130895,-1122,-575,128121,115,19228,446,0,30296,0.0010000000000047748
40989000,-6730,3674,132061,-24120,754,131283,115,19227,471,1,30297,0.0009999999999976694
40990000,-9637,2132,128231,-11720,126,130598,131,19230,537,1,30298,0.0009999999999976694
40991000,-5466,8377,130089,-2869,5126,126297,110,19231,451,1,30299,0.0010000000000047748
40992000,77,9376,127641,-4645,6032,127254,108,19224,442,0,30300,0.0009999999999976694
40993000,-4455,-9316,124197,-10678,-12517,132402,123,19224,442,0,30301,0.0009999999999976694
40994000,-508,8786,130299,-6190,5994,119877,106,19228,504,0,30302,0.0010000000000047748
40995000,-2704,2060,127541,-5275,-1140,128931,106,19226,434,0,30303,0.0009999999999976694
40996000,-8414,17051,129465,-10812,12216,127729,124,19222,508,1,30304,0.0009999999999976694
40997000,-7414,1537,125716,-12090,357,120239,114,19235,467,1,30305,0.0010000000000047748
40998000,-419,4133,127545,-5311,-285,129890,103,19229,422,1,30306,0.0009999999999976694
40999005,3537,2213,125909,1290,236,125707,142,19229,422,0,30307,0.0010049999999992565
41000000,1217,-6990,124723,38,-8251,124525,106,19234,582,0,30308,0.0009950000000031878
41001002,481,6186,126265,-8539,2046,125306,106,19231,434,0,30309,0.0010019999999997253
41002000,-1551,5407,124965,-1633,3019,123986,110,19225,451,1,30310,0.0009979999999956135
41003000,-3552,11493,128372,413,13284,120641,156,19230,639,1,30311,0.0010000000000047748
41004000,1241,7722,125212,-7711,6158,127828,110,19230,451,1,30312,0.0009999999999976694
41005000,4653,11181,124690,4464,8267,121036,99,19230,451,0,30313,0.0009999999999976694
41006000,9344,1109,122990,14033,-683,122604,89,19224,405,0,30314,0.0010000000000047748
41007000,8867,-3661,125162,-3767,-5113,126931,89,19231,365,0,30315,0.0009999999999976694
41008000,4438,-1727,129018,6059,-7995,137849,114,19227,467,0,30316,0.0009999999999976694
41009000,6425,5575,124621,8521,-2913,121193,124,19222,508,1,30317,0.0010000000000047748
41010000,2565,16646,129939,-363,11845,126306,112,19231,459,1,30318,0.0009999999999976694
41011001,10255,-1819,122919,2627,-1444,127972,102,19231,418,1,30319,0.00100100000000225
41012002,12016,-8132,123764,7778,-8217,125671,126,19231,418,0,30320,0.0010009999999951447
41013000,8617,2948,129525,5747,3484,130448,105,19225,516,0,30321,0.000998000000002719
41014000,7512,-9991,122984,6924,-13459,128208,105,19232,430,0,30322,0.0009999999999976694
41015000,1475,-5447,131284,3939,-2581,134063,108,19225,442,1,30323,0.0010000000000047748
41016001,868,6241,131360,204,1643,127038,146,19228,598,1,30324,0.0010009999999951447
41017000,-120,14652,131674,-1630,8846,122943,115,19228,471,1,30325,0.0009990000000001942
41018001,2436,8089,131044,3602,-707,129385,106,19226,471,1,30326,0.00100100000000225
41019000,11268,-14585,124569,6521,-17887,132591,135,19224,434,0,30327,0.0009990000000001942
41020000,5145,-9958,129847,14160,-9394,128655,135,19230,553,0,30328,0.0009999999999976694
41021000,5231,-8004,129318,-7712,-9958,125896,103,19232,422,0,30329,0.0010000000000047748
41022000,2609,11678,134378,-9353,11562,129639,113,19224,463,1,30330,0.0009999999999976694
41023007,-8991,8787,131931,2466,2212,124643,123,19230,504,1,30331,0.0010070000000013124
41024000,-8104,2878,130695,-10699,-5066,130596,103,19230,504,1,30332,0.0009930000000011319
41025000,-806,-11365,128487,-12260,-12775,132549,118,19231,422,0,30333,0.0009999999999976694
41026000,-129,1887,130688,4892,-1845,126152,118,19223,483,0,30334,0.0009999999999976694
41027000,1715,3973,131039,-6886,2307,126911,95,19232,389,0,30335,0.0010000000000047748
41028000,-5916,4999,132828,-13898,1374,130974,109,19229,446,0,30336,0.0009999999999976694
41029000,-7976,-5553,128531,-8727,-8463,135729,147,19227,602,1,30337,0.0009999999999976694
41030000,-9644,15520,131326,-12954,13026,118465,119,19227,602,1,30338,0.0010000000000047748
41031000,-3054,7886,129009,-7836,5400,134512,101,19228,487,1,30339,0.0009999999999976694
41032000,-3483,358,127674,-7837,-2846,119564,101,19226,414,0,30340,0.0009999999999976694
41033000,-2208,-8756,124319,-11247,-14243,132237,163,19231,668,0,30341,0.0010000000000047748
41034000,-2192,2469,128551,-558,770,126172,104,19231,426,0,30342,0.0009999999999976694
41035000,-4956,3964,127595,-9079,486,121730,111,19222,455,1,30343,0.0009999999999976694
41036000,-6115,11168,129018,-8866,8149,131814,127,19222,455,1,30344,0.0010000000000047748
41037000,-9568,9988,127189,-12669,8042,119293,114,19228,520,1,30345,0.0009999999999976694
41038000,255,8910,127230,-6314,5204,127161,114,19227,467,1,30346,0.0009999999999976694
41039000,906,4338,124726,3433,1011,128746,116,19223,475,0,30347,0.0010000000000047748
41040000,2817,-11062,121652,-5268,-14706,126637,92,19229,377,0,30348,0.0009999999999976694
41041000,648,10727,127087,-7774,6423,124115,108,19230,442,0,30349,0.0009999999999976694
41042000,801,12654,124689,-1787,9912,121472,133,19230,442,1,30350,0.0010000000000047748
41043000,-141,13548,126200,9468,9647,132524,113,19225,545,1,30351,0.0009999999999976694
41044000,714,2893,124649,-10071,1253,117698,113,19230,463,1,30352,0.0009999999999976694
41045000,9247,1769,126334,-3219,-1566,125855,96,19227,393,0,30353,0.0009999999999976694
41046000,6873,1178,124887,17067,-2949,125597,130,19231,532,0,30354,0.0010000000000047748
41047000,5712,-4287,125763,2534,-4704,122104,117,19228,479,0,30355,0.0009999999999976694
41048000,4099,2152,128023,-4089,-1921,135045,118,19228,479,0,30356,0.0009999999999976694
41049001,-61,6431,128020,12261,2065,121516,133,19221,483,1,30357,0.00100100000000225
41050000,7917,14717,129734,-362,10219,125134,133,19231,545,1,30358,0.0009990000000001942
41051000,4950,7994,125644,924,6889,123962,111,19230,455,1,30359,0.0009999999999976694
41052000,12575,4514,125738,17142,894,124058,108,19218,442,0,30360,0.0010000000000047748
41053000,9379,-5643,125973,-2685,-9941,129362,100,19234,410,0,30361,0.0009999999999976694
41054000,7351,-8098,128671,14954,-9207,128887,103,19234,410,0,30362,0.0009999999999976694
41055000,7078,8155,128992,6307,1743,130742,118,19227,422,1,30363,0.0010000000000047748
41056000,-4529,11937,130846,-11345,4094,122286,118,19222,483,1,30364,0.0009999999999976694
41057000,5379,5355,131608,5149,5414,130698,114,19229,467,1,30365,0.0009999999999976694
41058000,4893,570,128128,2910,-1417,124507,103,19230,422,1,30366,0.0010000000000047748
41059000,8928,-6185,128530,267,-7358,129308,140,19226,573,0,30367,0.0009999999999976694
41060000,10230,-4527,129163,10230,-4746,130563,102,19226,418,0,30368,0.0009999999999976694
41061000,-2468,-7371,128991,9657,-6237,128516,104,19232,418,0,30369,0.0010000000000047748
41062000,1689,9968,133161,-21012,6836,128374,145,19226,426,1,30370,0.0009999999999976694
41063000,-6041,7612,133990,-9558,-1549,126861,145,19231,594,1,30371,0.0009999999999976694
41064001,-3086,-1011,129545,9759,-5191,131217,111,19231,455,1,30372,0.00100100000000225
41065000,-3036,-1845,130983,-24389,-10387,131161,103,19223,422,0,30373,0.0009990000000001942
41066000,496,-13211,128652,7152,-6700,129836,118,19223,483,0,30374,0.0009999999999976694
41067000,-182,18034,132822,1705,9003,123746,108,19232,483,0,30375,0.0010000000000047748
41068000,-8369,-2296,127764,-26659,-7719,134663,123,19228,442,0,30376,0.0009999999999976694
41069000,-6860,4181,132891,-8525,3474,130618,123,19219,504,1,30377,0.0009999999999976694
41070001,-9173,3585,129013,-4259,1116,128860,114,19228,467,1,30378,0.00100100000000225
41071000,-2632,18202,130212,-11970,16240,119152,105,19233,430,1,30379,0.0009990000000001942
41072000,-2983,-1180,126373,-10503,-8475,131561,130,19222,532,0,30380,0.0009999999999976694
41073000,-1985,-9960,124021,-1537,-6755,131435,108,19222,532,0,30381,0.0010000000000047748
41074000,-929,10951,126781,-8725,12131,123080,110,19229,442,0,30382,0.0009999999999976694
41075000,-6164,-997,125839,-8968,-5229,125421,110,19229,451,1,30383,0.0009999999999976694
41076000,-4414,10287,129439,-7864,7463,123865,151,19226,618,1,30384,0.0010000000000047748
41077000,-5260,-486,126589,-13678,-4230,131960,118,19228,483,1,30385,0.0009999999999976694
41078000,-553,5121,127594,5429,4856,121186,104,19226,426,0,30386,0.0009999999999976694
41079000,-2315,4419,124450,-2354,-1149,123374,114,19226,426,0,30387,0.0010000000000047748
41080000,-615,-2547,123502,-11796,-5996,127550,108,19228,467,0,30388,0.0009999999999976694
41081000,1626,5748,127833,3211,3866,126111,108,19228,442,0,30389,0.0009999999999976694
41082000,-2161,5446,125955,873,2691,124431,117,19224,479,1,30390,0.0010000000000047748
41083000,-2002,16214,127400,-7384,14593,122326,126,19228,516,1,30391,0.0009999999999976694
41084002,4199,-218,123737,-486,-3810,126777,99,19232,405,1,30392,0.0010019999999997253
41085000,11348,1718,123477,10082,-2712,125117,114,19232,405,0,30393,0.000998000000002719
41086000,8502,4875,123477,5727,757,123427,99,19228,467,0,30394,0.0009999999999976694
41087000,6945,-5218,123146,5728,-9686,123692,99,19230,405,0,30395,0.0009999999999976694
41088000,6165,-3631,127902,9378,-7222,132400,113,19228,463,1,30396,0.0010000000000047748
41089001,1362,2529,126665,-2956,-1403,128762,142,19228,582,1,30397,0.0010009999999951447
41090000,4657,22323,129317,396,17806,118750,113,19232,463,1,30398,0.0009990000000001942
41091000,7925,4799,126462,12103,2104,124413,95,19232,463,1,30399,0.0010000000000047748
41092000,10644,-1468,126766,2362,-6338,131344,133,19226,389,0,30400,0.0009999999999976694
41093000,10021,-8480,126238,10928,-13825,134569,133,19233,545,0,30401,0.0009999999999976694
41094000,6134,-7734,129093,13897,-12198,128698,105,19230,430,0,30402,0.0010000000000047748
41095000,4346,14986,131272,-7322,8451,121471,111,19220,455,1,30403,0.0009999999999976694
41096000,4378,5764,131400,-2735,5405,131514,121,19227,496,1,30404,0.0009999999999976694
41097000,2206,2606,128992,9197,-460,126590,105,19227,496,1,30405,0.0010000000000047748
41098002,3797,1852,130019,2969,-39,127942,112,19230,430,1,30406,0.0010019999999997253
41099000,8261,-11910,126639,-4409,-15932,133203,112,19221,459,0,30407,0.0009979999999956135
41100000,5116,2908,131833,24036,-2697,125642,88,19228,360,0,30408,0.0010000000000047748
41101000,2969,-1064,129629,-11223,-8744,139186,108,19232,442,0,30409,0.0009999999999976694
41102000,-2507,22809,135273,-21242,14599,116179,131,19228,537,1,30410,0.0009999999999976694
41103000,-730,-3235,131013,13979,-1000,137431,113,19228,463,1,30411,0.0010000000000047748
41104000,-5657,-8233,128777,-341,-10516,130547,95,19233,463,1,30412,0.0009999999999976694
41105000,1788,-9184,128787,-25088,-11500,133748,147,19230,389,0,30413,0.0009999999999976694
41106001,-1254,6739,130416,1549,1876,122487,147,19232,602,0,30414,0.00100100000000225
41107002,78,2643,129890,5907,-3452,127493,113,19228,463,0,30415,0.00100100000000225
41108002,-10536,4289,133050,-22142,-3133,130285,117,19226,479,1,30416,0.0009999999999976694
41109002,-8631,-5625,128695,-15622,-6224,135398,134,19226,549,1,30417,0.0009999999999976694
41110000,-8382,14410,132953,1362,7493,120831,111,19228,549,1,30418,0.000998000000002719
41111000,-4930,10317,129570,-11616,-1239,128025,108,19228,455,1,30419,0.0009999999999976694
41112000,-3031,-5110,125838,-7447,-8079,130996,108,19222,442,0,30420,0.0009999999999976694
41113002,-5084,-7964,126258,-5356,-9377,129015,136,19230,557,0,30421,0.0010020000000068308
41114000,648,7020,128605,-8524,4904,120734,109,19229,446,0,30422,0.0009979999999956135
41115000,-6561,14459,127912,-1725,9318,123705,125,19229,512,1,30423,0.0009999999999976694
41116000,-5386,2452,126910,-15785,-1614,134005,118,19221,512,1,30424,0.0010000000000047748
41117000,-4749,6883,125646,-9608,4735,120630,105,19230,483,1,30425,0.0009999999999976694
41118000,1315,7058,125645,4199,747,127826,105,19226,430,0,30426,0.0009999999999976694
41119000,1119,-956,124453,-221,-4581,122537,140,19233,573,0,30427,0.0010000000000047748
41120000,-456,1125,125817,-5803,-6107,124985,104,19226,426,0,30428,0.0009999999999976694
41121000,801,-906,125923,-3424,-1339,132699,107,19228,438,0,30429,0.0009999999999976694
41122001,-4614,14795,127432,-4052,13643,116076,158,19228,438,1,30430,0.00100100000000225
41123000,1218,9384,125731,-6672,5634,125697,111,19226,647,1,30431,0.0009990000000001942
41124000,-168,1861,122767,12589,-2138,125020,111,19235,455,1,30432,0.0009999999999976694
41125000,9890,1134,123318,-7668,-2290,128643,100,19226,410,0,30433,0.0010000000000047748
41126000,14489,2806,124204,11795,-1163,114971,79,19231,324,0,30434,0.0009999999999976694
41127000,5636,1114,125533,18366,-3050,125821,109,19229,446,0,30435,0.0009999999999976694
41128002,5135,-10495,125655,-11692,-14672,133407,123,19229,446,1,30436,0.0010019999999997253
41129000,-954,6131,130953,2940,4466,116235,113,19221,504,1,30437,0.000998000000002719
41130000,5321,6782,126232,10604,2403,137009,113,19232,463,1,30438,0.0009999999999976694
41131001,2386,14609,126909,1927,13133,111567,102,19230,418,1,30439,0.00100100000000225
41132000,11312,-3514,126996,-1725,-7930,130973,128,19231,524,0,30440,0.0009990000000001942
41133000,10869,-12505,124623,18604,-16387,135892,100,19227,410,0,30441,0.0009999999999976694
41134000,4206,2744,129769,7894,-746,123527,99,19227,410,0,30442,0.0010000000000047748
41135000,4258,3473,129069,-14769,-1760,132519,137,19228,405,1,30443,0.0009999999999976694
41136000,1894,19990,130286,10808,15971,118115,137,19229,561,1,30444,0.0009999999999976694
41137000,3701,-3145,129579,6812,-6479,143477,114,19231,467,1,30445,0.0010000000000047748
41138000,6295,-8376,124936,-9014,-12696,115011,105,19224,430,0,30446,0.0009999999999976694
41139000,10377,-5483,130729,3743,-8139,130987,126,19230,516,0,30447,0.0009999999999976694
41140000,5476,-6462,126460,24559,-11356,134285,105,19230,516,0,30448,0.0010000000000047748
41141000,-947,-2043,131229,-17898,-6700,122114,115,19231,430,0,30449,0.0009999999999976694
41142000,-2009,8061,134519,-21901,3904,136453,115,19223,471,1,30450,0.0009999999999976694
41143000,-10912,9416,131331,16817,8331,118538,122,19232,500,1,30451,0.0010000000000047748
41144000,-1139,-615,130796,-13769,-3396,133046,102,19235,418,1,30452,0.0009999999999976694
41145001,-3570,-7657,127092,-18334,-11163,131841,120,19226,491,0,30453,0.00100100000000225
41146000,5919,2476,128673,8330,-7450,130373,99,19226,491,0,30454,0.0009990000000001942
41147000,-4368,6290,132990,-2231,5185,127642,111,19229,405,0,30455,0.0009999999999976694
41148000,-6933,4827,132336,-17305,1992,126974,111,19225,455,1,30456,0.0009999999999976694
41149000,-6153,4675,131704,-9150,4500,137282,146,19231,598,1,30457,0.0010000000000047748
41150001,-12789,9728,128912,-10628,471,117545,117,19232,479,1,30458,0.0010009999999951447
41151000,-421,13482,130896,-13208,14334,127110,103,19225,422,1,30459,0.0009990000000001942
41152001,-9015,-10003,124313,-1825,-7868,128961,167,19225,684,0,30460,0.00100100000000225
41153001,1082,-2626,128362,-4789,-2686,127058,105,19232,684,0,30461,0.0009999999999976694
41154000,-2723,4333,127636,-10139,115,127892,109,19231,430,0,30462,0.0009990000000001942
41155000,-6978,20120,128018,-3422,16068,114264,109,19227,446,1,30463,0.0010000000000047748
41156000,-4353,8481,127892,-11196,1347,132256,129,19226,528,1,30464,0.0009999999999976694
41157000,-5174,485,125639,-12154,-4874,127340,110,19233,451,1,30465,0.0009999999999976694
41158000,5050,6223,126131,368,3150,123372,120,19233,491,0,30466,0.0010000000000047748
41159000,-2994,21,125321,-3150,-5821,126163,104,19224,491,0,30467,0.0009999999999976694
41160000,3653,-8297,124963,-6060,-4528,129257,113,19226,426,0,30468,0.0009999999999976694
41161000,-1256,9844,126225,-212,2084,125254,113,19229,463,0,30469,0.0010000000000047748
41162000,-1526,11117,124219,-9967,10182,122662,135,19225,553,1,30470,0.0009999999999976694
41163000,1197,15478,126333,1642,9045,122036,117,19229,479,1,30471,0.0009999999999976694
41164000,2858,10899,126655,6019,926,122518,99,19228,405,1,30472,0.0010000000000047748
41165000,11722,3978,124969,-12,-1119,126039,121,19228,405,0,30473,0.0009999999999976694
41166000,6506,-4186,126086,8111,-7465,126441,112,19230,496,0,30474,0.0009999999999976694
41167000,9992,-5854,125016,6334,-6477,128661,112,19226,459,0,30475,0.0010000000000047748
41168003,2402,2149,125826,3604,794,124164,112,19222,459,1,30476,0.0010029999999972006
41169000,1558,12419,128929,-1390,8403,124235,132,19231,541,1,30477,0.0009969999999981383
41170000,8643,5711,126639,8251,2323,124742,109,19229,446,1,30478,0.0009999999999976694
41171000,7155,1024,126259,7767,-1596,124215,108,19229,446,0,30479,0.0010000000000047748
41172000,12542,-5385,126788,2618,-8968,127604,89,19222,442,0,30480,0.0009999999999976694
41173002,7270,-5601,127637,15336,-11945,128142,89,19225,365,0,30481,0.0010019999999997253
41174000,5258,-5557,129473,-4187,-9118,135645,101,19229,414,0,30482,0.000998000000002719
41175000,1947,12217,131872,-3680,10342,124389,118,19223,483,1,30483,0.0009999999999976694
41176000,-1952,13137,129786,8795,9492,123526,112,19226,459,1,30484,0.0009999999999976694
41177000,5829,4889,127801,-3787,1021,130799,101,19226,459,1,30485,0.0010000000000047748
41178000,6855,-10962,126929,-2275,-14769,131150,145,19227,414,0,30486,0.0009999999999976694
41179000,12017,-3850,128713,17669,-6675,129461,145,19228,594,0,30487,0.0009999999999976694
41180000,4888,5206,128066,5893,1557,123730,101,19228,414,0,30488,0.0010000000000047748
41181000,2191,-1596,132211,-15999,-4444,128705,104,19224,426,1,30489,0.0009999999999976694
41182000,-4029,5336,134191,-4404,2922,138478,149,19230,610,1,30490,0.0009999999999976694
41183000,-9079,1903,130092,1832,-2140,128790,109,19230,610,1,30491,0.0010000000000047748
41184000,-1764,14962,132256,-16390,10954,121731,100,19230,446,1,30492,0.0009999999999976694
41185000,1172,-10626,129346,-6390,-11963,132060,100,19223,410,0,30493,0.0009999999999976694
41186000,5279,-12182,127300,12036,-20066,136460,113,19228,463,0,30494,0.0010000000000047748
41187002,-5603,7757,131964,-10500,4855,125172,108,19230,442,0,30495,0.0010019999999997253
41188000,-8051,4829,130125,-20634,850,125904,124,19220,508,1,30496,0.0009979999999956135
41189000,-7148,11207,132117,-6846,7580,128105,115,19220,508,1,30497,0.0010000000000047748
41190000,-9044,586,128832,-9576,-984,132116,101,19228,471,1,30498,0.0009999999999976694
41191000,-2148,4281,130058,-8864,2176,128235,101,19230,414,1,30499,0.0009999999999976694
41192002,-3818,-3222,126685,-6069,-8587,128737,131,19222,537,0,30500,0.0010019999999997253
41193002,-100,5812,129199,-3089,552,128612,98,19233,401,0,30501,0.0010000000000047748
41194000,-1011,-912,125100,-7766,-4995,128870,106,19228,434,0,30502,0.0009979999999956135
41195000,-7177,15653,130865,-7962,9098,121302,145,19228,594,1,30503,0.0010000000000047748
41196000,-6661,9790,126262,-13228,10332,126316,114,19228,594,1,30504,0.0009999999999976694
41197000,-2726,4250,126631,-1360,-4008,120211,105,19229,467,1,30505,0.0009999999999976694
41198000,1657,7022,126850,-7886,7250,128214,105,19224,430,0,30506,0.0010000000000047748
41199000,3556,-4034,123371,-2883,-7256,122346,108,19233,442,0,30507,0.0009999999999976694
41200000,2625,3721,126313,7628,-3570,131072,111,19229,455,0,30508,0.0009999999999976694
41201000,830,-6777,124735,-10441,-2169,127258,120,19229,491,1,30509,0.0010000000000047748
41202003,-2040,20182,128789,-1355,18533,120145,121,19224,491,1,30510,0.0010029999999972006
41203000,608,3404,124446,-1339,-5136,131163,99,19228,496,1,30511,0.0009969999999981383
41204000,4115,9938,125356,780,5483,114389,99,19234,405,0,30512,0.0010000000000047748
41205000,8077,1549,124031,5694,-7981,131683,117,19230,479,0,30513,0.0009999999999976694
41206000,7642,-4981,124566,7569,-3595,122240,100,19230,410,0,30514,0.0009999999999976694
41207000,5585,-2957,127255,6697,-10173,129704,113,19230,463,0,30515,0.0010000000000047748
41208000,3798,3605,127584,-779,388,123349,146,19227,463,1,30516,0.0009999999999976694
41209000,3552,18310,129148,4564,15953,122262,115,19230,598,1,30517,0.0009999999999976694
41210000,5738,-5845,125380,9342,-6363,137977,115,19232,471,1,30518,0.0010000000000047748
41211000,11029,1845,125027,-1706,279,116261,97,19225,397,0,30519,0.0009999999999976694
41212000,9415,3691,126948,7750,-2084,129359,138,19232,565,0,30520,0.0009999999999976694
41213000,10227,-8893,126634,18377,-12598,130184,105,19232,430,0,30521,0.0010000000000047748
41214000,4417,-2777,129522,-3854,-6013,128197,110,19232,430,0,30522,0.0009999999999976694
41215000,-236,4204,130911,-4619,540,134778,115,19224,451,1,30523,0.0009999999999976694
41216000,-1231,11988,130089,4242,9384,118137,115,19228,471,1,30524,0.0010000000000047748
41217000,2987,6269,129203,-3142,1614,128346,105,19232,430,1,30525,0.0009999999999976694
41218000,9902,-7965,127405,2051,-12762,134036,116,19217,475,0,30526,0.0009999999999976694
41219000,9955,-9848,128891,16035,-12303,127864,87,19232,356,0,30527,0.0010000000000047748
41220000,3929,-2495,131233,6904,-5963,132452,105,19232,356,0,30528,0.0009999999999976694
41221000,-2366,7375,131019,-18415,4781,119443,133,19230,430,1,30529,0.0009999999999976694
41222001,-4886,7823,135288,-8791,4531,135694,133,19222,545,1,30530,0.00100100000000225
41223000,-6795,-3361,129142,7983,-5776,129769,117,19232,479,1,30531,0.0009990000000001942
41224000,-2524,-5499,126412,-16676,-9916,129598,96,19228,393,1,30532,0.0009999999999976694
41225000,-1943,-47,129599,-11342,-3548,127391,141,19236,577,0,30533,0.0010000000000047748
41226000,3191,3670,129719,7112,1379,124473,107,19236,577,0,30534,0.0009999999999976694
41227002,-4734,-526,131924,-8181,-5374,136099,114,19231,438,0,30535,0.0010019999999997253
41228000,-9808,-1115,130176,-19826,-3684,125314,114,19222,467,1,30536,0.000998000000002719
41229002,-8271,8515,130937,-11809,6595,129217,134,19225,549,1,30537,0.0010019999999997253
41230000,-7154,12141,130200,-4425,8434,126623,113,19232,463,1,30538,0.0009979999999956135
41231000,-2086,1688,127936,-8605,-747,130080,110,19218,451,0,30539,0.0010000000000047748
41232000,-4752,-6522,124423,-13242,-9914,125897,114,19218,451,0,30540,0.0009999999999976694
41233000,-811,4613,127125,-4062,941,120424,106,19235,467,0,30541,0.0009999999999976694
41234000,-5111,5842,128971,-7195,3494,129767,106,19231,434,0,30542,0.0009999999999976694
41235000,-7912,5320,126662,-9838,1756,123498,128,19224,524,1,30543,0.0010000000000047748
41236000,-7773,5607,130193,-12736,5871,131893,120,19224,491,1,30544,0.0009999999999976694
41237000,-2120,11351,127318,-6749,10113,124409,103,19231,422,1,30545,0.0009999999999976694
41238000,3756,4948,126315,3124,2897,121773,142,19231,582,0,30546,0.0010000000000047748
41239000,1774,-659,124332,-2019,-6708,131282,107,19240,582,0,30547,0.0009999999999976694
41240000,1510,2765,123897,-4829,-3575,124252,113,19228,438,0,30548,0.0009999999999976694
41241000,-1819,7262,126385,-2837,2871,127997,113,19221,463,1,30549,0.0010000000000047748
41242003,-5109,11029,125642,-2439,5469,118563,153,19226,627,1,30550,0.0010029999999972006
41243000,3553,11399,127785,-3575,9444,132227,111,19233,455,1,30551,0.0009969999999981383
41244000,7338,6809,121235,-1780,1679,120964,101,19233,414,0,30552,0.0010000000000047748
41245000,11861,2126,125238,10451,2149,126240,87,19228,414,0,30553,0.0009999999999976694
41246000,10114,-10142,126104,9000,-5151,124232,113,19225,356,0,30554,0.0009999999999976694
41247001,3609,-5123,126264,3461,-11088,134581,113,19227,463,0,30555,0.00100100000000225
41248000,295,3330,129998,2362,4862,122796,127,19218,520,1,30556,0.0009990000000001942
41249000,4398,19360,129025,-1796,15756,116072,111,19230,455,1,30557,0.0009999999999976694
41250000,6385,4156,125733,9835,-8305,134206,100,19230,410,1,30558,0.0010000000000047748
41251000,8750,3404,125165,4936,-1993,119028,131,19233,410,0,30559,0.0009999999999976694
41252000,13667,-3997,126754,-38,-9876,131744,101,19223,537,0,30560,0.0009999999999976694
41253001,4580,-12204,127526,14009,-14648,129477,101,19227,414,0,30561,0.00100100000000225
41254000,2603,-6772,129403,-7885,-9328,129268,106,19224,434,1,30562,0.0009990000000001942
41255000,-1799,11478,132248,-6263,8541,121764,139,19230,569,1,30563,0.0009999999999976694
41256000,663,14276,129153,3407,6506,128251,110,19229,451,1,30564,0.0010000000000047748
41257000,3713,1037,128423,5063,-2721,129159,101,19229,451,1,30565,0.0009999999999976694
41258001,7985,-12106,126988,1927,-20334,127464,141,19227,414,0,30566,0.00100100000000225
41259000,10751,-9780,128893,14826,-8713,134896,141,19232,577,0,30567,0.0009990000000001942
41260000,1943,1513,130467,-2872,-2838,128180,115,19233,471,0,30568,0.0009999999999976694
41261000,4691,13346,132339,-21446,13601,123835,117,19228,479,1,30569,0.0009999999999976694
41262000,-6741,9708,132487,8513,3924,128092,114,19228,467,1,30570,0.0010000000000047748
41263000,-6877,-5860,129529,510,-11602,132495,101,19228,467,1,30571,0.0009999999999976694
41264000,-233,-14367,127953,-21587,-19684,131511,122,19235,414,0,30572,0.0009999999999976694
41265000,-507,2997,133375,-109,1090,127400,122,19225,500,0,30573,0.0010000000000047748
41266000,1190,3314,130245,6262,1019,124461,101,19231,414,0,30574,0.0009999999999976694
41267000,-10318,6323,132456,-19528,2155,124824,110,19229,451,0,30575,0.0009999999999976694
41268000,-6341,-8266,129046,-25067,-11186,141385,143,19228,586,1,30576,0.0010000000000047748
41269000,-12388,12581,130226,3891,10508,122507,116,19228,586,1,30577,0.0009999999999976694
41270000,-3119,19757,130880,-12249,16820,120298,100,19231,475,1,30578,0.0009999999999976694
41271000,-1401,-1868,126471,-10897,-5218,129474,100,19227,410,0,30579,0.0010000000000047748
41272001,-4660,-14093,124178,-4592,-17901,136827,166,19231,680,0,30580,0.0010009999999951447
41273000,3670,2788,126195,-4615,-889,124023,105,19230,430,0,30581,0.0009990000000001942
41274001,-7094,16109,129153,-3532,13041,118215,113,19222,463,1,30582,0.00100100000000225
41275002,-4290,4265,125688,-12261,363,124552,121,19222,463,1,30583,0.00100100000000225
41276000,-8414,2972,127028,-12727,498,132788,108,19228,496,1,30584,0.0009979999999956135
41277003,2083,323,124876,-5322,-4071,126401,108,19230,442,1,30585,0.001003000000004306
41278000,113,15868,126342,13231,11605,119563,116,19227,475,0,30586,0.0009969999999981383
41279001,258,-8032,122951,-10738,-10890,128054,92,19234,377,0,30587,0.00100100000000225
41280000,3684,-639,127036,-13581,-5448,130000,109,19225,446,0,30588,0.0009990000000001942
41281000,-3375,18739,127032,10372,15489,126391,136,19225,557,1,30589,0.0009999999999976694
41282000,-1438,12934,125742,-5034,9206,117645,113,19223,557,1,30590,0.0009999999999976694
41283000,586,10109,127125,-7206,6023,123793,95,19228,463,1,30591,0.0010000000000047748
41284000,12199,-6094,121880,5180,-9672,132945,95,19228,389,0,30592,0.0009999999999976694
41285000,8090,3242,125371,13032,-1092,120259,125,19230,512,0,30593,0.0009999999999976694
41286001,7301,-2669,127683,2401,-4331,125300,110,19229,451,0,30594,0.00100100000000225
41287000,3480,-511,124605,4168,-7404,124084,116,19229,475,0,30595,0.0009990000000001942
41288000,2164,6292,128519,78,1743,127973,134,19225,475,1,30596,0.0009999999999976694
41289000,6341,11095,126772,-749,6943,126283,107,19229,549,1,30597,0.0010000000000047748
41290000,7416,15696,125472,14620,13759,116152,107,19230,438,1,30598,0.0009999999999976694
41291000,12357,-1042,127259,267,-5559,129859,105,19220,430,0,30599,0.0009999999999976694
41292000,12702,-12794,128492,4593,-16750,136695,96,19232,393,0,30600,0.0010000000000047748
41293000,6227,-7416,126662,19886,-13153,126270,107,19232,438,0,30601,0.0009999999999976694
41294000,-4,10947,131778,-6712,4374,123266,123,19227,438,1,30602,0.0009999999999976694
41295000,366,8576,130513,-6177,-81,129290,113,19224,504,1,30603,0.0009999999999976694
41296000,2795,2412,129597,9716,377,130929,113,19233,463,1,30604,0.0010000000000047748
41297002,5962,947,129957,-5657,-5809,124610,101,19227,414,1,30605,0.0010019999999997253
41298000,9480,-5265,130613,-2081,-8474,122210,142,19226,582,0,30606,0.0009979999999956135
41299000,6300,365,130389,13083,-14209,134684,102,19226,418,0,30607,0.0010000000000047748
41300000,-1334,-13026,129250,-16151,-11812,136366,108,19231,418,0,30608,0.0009999999999976694
41301000,266,11594,135052,-11311,8761,123738,145,19231,442,1,30609,0.0009999999999976694
41302000,-7568,17886,132598,7130,13108,123751,145,19230,594,1,30610,0.0010000000000047748
41303003,-2280,2073,128869,-11257,-5290,128103,109,19231,446,1,30611,0.0010029999999972006
41304002,607,-18101,127788,-12847,-22791,143596,101,19227,414,0,30612,0.0009990000000001942
41305000,398,-220,128153,7946,2865,120538,104,19230,426,0,30613,0.000998000000002719
41306001,-863,14881,130256,-5354,10790,122519,109,19230,426,0,30614,0.0010009999999951447
41307001,-6668,-1435,131203,-16653,-6419,134831,124,19230,446,0,30615,0.0010000000000047748
41308000,-8534,2100,130192,-11176,-1705,134934,124,19224,508,1,30616,0.0009990000000001942
41309000,-9269,3315,129274,-9911,978,124266,114,19230,467,1,30617,0.0009999999999976694
41310000,-2838,20224,133059,-9303,16751,115179,102,19229,418,1,30618,0.0009999999999976694
41311000,-3685,-5730,125129,-6665,-11544,133507,129,19222,528,0,30619,0.0010000000000047748
41312000,-2637,-11072,125049,-7414,-13249,133885,98,19222,528,0,30620,0.0009999999999976694
41313000,-2998,-1418,128820,-3921,-3614,124946,105,19229,401,0,30621,0.0009999999999976694
41314003,-5066,18151,129522,-9661,14344,120608,105,19227,430,1,30622,0.001003000000004306
41315000,-8295,9582,127616,-4706,5543,124693,149,19225,610,1,30623,0.0009969999999981383
41316000,-8419,4530,127693,-18005,1500,129667,117,19227,479,1,30624,0.0009999999999976694
41317000,2096,4849,125581,-5151,1321,120163,103,19223,422,0,30625,0.0010000000000047748
41318000,-6,-2306,124434,12806,-5368,123425,110,19223,422,0,30626,0.0009999999999976694
41319000,2725,-6587,122752,-9781,-11011,131561,107,19229,451,0,30627,0.0009999999999976694
41320000,-3222,7468,126490,-8935,4426,123368,107,19228,438,0,30628,0.0010000000000047748
41321001,-61,11752,127615,2656,8639,126554,118,19220,483,1,30629,0.0010009999999951447
41322002,-2504,6959,124651,-6368,2947,120821,124,19231,508,1,30630,0.00100100000000225
41323001,3253,11936,126235,-5267,8523,125020,100,19233,410,1,30631,0.0009990000000001942
41324000,10576,1416,121204,8770,-2435,125399,117,19233,410,0,30632,0.0009990000000001942
41325000,7009,-781,123555,11761,-7426,127936,100,19226,479,0,30633,0.0009999999999976694
41326000,8646,-7307,124320,2312,-13396,124623,100,19224,410,0,30634,0.0010000000000047748
41327000,5467,256,126362,4627,-5513,122789,110,19227,451,1,30635,0.0009999999999976694
41328000,1122,13470,130768,2746,11206,129018,143,19230,586,1,30636,0.0009999999999976694
41329000,2490,3397,126289,-5779,1600,123972,117,19232,479,1,30637,0.0010000000000047748
41330003,4542,-579,126416,9699,-3732,127127,99,19232,405,1,30638,0.0010029999999972006
41331000,9689,1350,127546,8179,-3158,125638,133,19224,405,0,30639,0.0009969999999981383
41332000,11479,-7654,126503,6307,-10474,127053,112,19231,545,0,30640,0.0010000000000047748
41333000,6219,2263,129506,13214,-5571,130451,112,19232,459,0,30641,0.0009999999999976694
41334000,3212,10449,129215,-11651,2315,127069,113,19222,463,1,30642,0.0009999999999976694
41335000,-532,11781,131807,-901,5518,125721,118,19227,483,1,30643,0.0010000000000047748
41336000,357,-6294,126961,12891,-7269,127979,108,19227,442,1,30644,0.0009999999999976694
41337000,6230,-2939,131002,-13983,-8013,134057,117,19228,442,0,30645,0.0009999999999976694
41338000,10608,-8505,125315,6990,-12180,126114,90,19216,479,0,30646,0.0010000000000047748
41339001,7917,2960,130894,23019,-2729,129369,90,19228,369,0,30647,0.0010009999999951447
41340000,-487,-411,129192,-12279,-4253,126725,104,19228,426,0,30648,0.0009990000000001942
41341000,909,5839,132257,-17298,3102,132237,132,19219,541,1,30649,0.0010000000000047748
41342000,-10363,6679,134265,7896,4899,127429,112,19219,459,1,30650,0.0009999999999976694
41343000,-4883,-3348,129266,-4246,-11170,132017,98,19233,459,1,30651,0.0009999999999976694
41344000,-1498,-7286,130691,-21985,-13608,133601,150,19234,401,0,30652,0.0010000000000047748
41345000,2796,-2982,127703,1969,-11654,127730,150,19229,614,0,30653,0.0009999999999976694
41346000,-2618,11708,129986,-10669,12432,120393,118,19227,483,0,30654,0.0009999999999976694
41347000,-8432,10495,132909,-25385,2074,127602,120,19222,491,1,30655,0.0010000000000047748
41348002,-7371,-337,130607,-2418,-1321,130867,137,19230,561,1,30656,0.0010019999999997253
41349000,-8598,1207,130631,-5264,-3478,133019,112,19230,561,1,30657,0.0009979999999956135
41350000,-4692,5843,129038,-13515,4097,121307,111,19234,459,1,30658,0.0010000000000047748
41351000,-3489,331,128321,-8257,-7184,130849,111,19220,455,0,30659,0.0009999999999976694
41352000,57,-5729,124643,-1612,-7596,128294,120,19236,491,0,30660,0.0009999999999976694
41353000,-1153,12056,128838,-7812,8175,122079,103,19230,422,0,30661,0.0010000000000047748
41354000,-9189,7785,125752,-14443,2932,118978,122,19222,500,1,30662,0.0009999999999976694
41355000,-4613,11035,127715,-10918,6607,124286,116,19222,500,1,30663,0.0009999999999976694
41356000,-4099,-2478,127499,-6840,-5916,135301,103,19225,475,1,30664,0.0010000000000047748
41357000,-864,4262,124485,3793,-769,121486,103,19227,422,0,30665,0.0009999999999976694
41358000,-1157,-74,124147,-9455,-2759,125581,143,19237,586,0,30666,0.0009999999999976694
41359000,-294,2206,125367,-4035,-978,121690,106,19230,434,0,30667,0.0009999999999976694
41360000,1007,6986,126566,528,4058,127730,110,19225,451,0,30668,0.0010000000000047748
41361000,-3026,3269,125019,-1854,154,122840,152,19225,451,1,30669,0.0009999999999976694
41362001,-947,13063,127195,-10372,8091,118556,109,19229,623,1,30670,0.00100100000000225
41363000,5552,6870,126817,4283,3703,130363,109,19229,446,1,30671,0.0009990000000001942
41364000,8970,6233,123726,15051,2836,119452,102,19220,418,0,30672,0.0009999999999976694
41365000,9665,-4710,124346,3153,-9400,132375,91,19229,373,0,30673,0.0009999999999976694
41366000,3935,3284,125149,3277,210,119497,120,19227,491,0,30674,0.0010000000000047748
41367000,9458,3823,127096,5730,694,128153,128,19227,491,1,30675,0.0009999999999976694
41368000,1556,6269,128212,6406,2392,126541,110,19220,524,1,30676,0.0009999999999976694
41369000,7556,5085,126336,1154,3327,122110,110,19229,451,1,30677,0.0010000000000047748
41370000,7783,-4132,125344,4045,-6686,131651,101,19230,414,1,30678,0.0009999999999976694
41371000,12445,36,126577,9682,-2633,118762,130,19224,532,0,30679,0.0009999999999976694
41372000,10338,-6231,126317,18612,-11139,138426,102,19228,418,0,30680,0.0010000000000047748
41373000,1613,-2088,128007,-7145,-5690,121222,104,19228,426,0,30681,0.0009999999999976694
41374000,6184,2500,132744,-9176,-1274,132404,139,19224,426,1,30682,0.0009999999999976694
41375000,-1709,14983,129016,18901,9942,126783,111,19228,569,1,30683,0.0010000000000047748
41376000,2598,736,128041,-4073,-300,121905,111,19229,455,1,30684,0.0009999999999976694
41377001,9453,-6334,128087,-8229,-12718,136922,100,19223,410,0,30685,0.00100100000000225
41378002,11074,-6094,127310,17061,-11330,125514,125,19235,512,0,30686,0.0010009999999951447
41379002,6719,119,130734,19443,-4629,130966,106,19235,434,0,30687,0.0010000000000047748
41380000,-1959,5887,132336,-28303,2668,125848,114,19227,434,0,30688,0.0009979999999956135
41381000,-2821,7341,132410,-3820,4261,128280,120,19216,467,1,30689,0.0010000000000047748
41382003,-7764,373,130952,10794,-4754,134954,120,19226,491,1,30690,0.0010029999999972006
41383000,-4093,-1269,129607,-17076,-3406,127507,101,19231,414,1,30691,0.0009969999999981383
41384000,3211,-1769,126914,-7630,-11099,122802,118,19224,483,0,30692,0.0010000000000047748
41385000,42,9422,130625,4264,1894,123713,100,19224,410,0,30693,0.0009999999999976694
41386000,842,455,131476,-6896,-6823,133886,111,19229,410,0,30694,0.0009999999999976694
41387000,-7704,4949,130042,-11934,704,125368,149,19228,455,1,30695,0.0010000000000047748
41388002,-10303,1019,130483,-16013,3039,132196,149,19225,610,1,30696,0.0010019999999997253
41389001,-7317,15292,131860,-11634,7890,121072,115,19229,471,1,30697,0.0009990000000001942
41390000,-5050,-1587,127454,-6711,-5061,133312,98,19227,401,1,30698,0.0009990000000001942
41391000,-1865,-4463,127873,-2098,-7470,128591,167,19233,684,0,30699,0.0009999999999976694
41392001,-4977,11289,126620,-9853,9210,116819,108,19233,684,0,30700,0.00100100000000225
41393000,-1256,9604,128422,-6775,3740,130481,116,19233,442,0,30701,0.0009990000000001942
41394000,-3644,5282,129202,-6376,1947,125790,116,19221,475,1,30702,0.0009999999999976694
41395000,-8808,74,127562,-13154,-5294,131299,126,19233,516,1,30703,0.0009999999999976694
41396000,-7532,20992,128417,-6478,17086,116690,108,19232,442,1,30704,0.0010000000000047748
41397000,-789,3233,124901,-872,-3389,126193,115,19225,471,0,30705,0.0009999999999976694
41398000,2167,-5392,124959,1395,-6388,133295,94,19225,471,0,30706,0.0009999999999976694
41399000,787,897,125806,-5548,-1505,118877,111,19228,385,0,30707,0.0010000000000047748
41400000,-711,12080,128276,-2683,10590,124479,111,19227,455,0,30708,0.0009999999999976694
41401000,-1289,6780,125725,-3144,3064,124780,135,19220,553,1,30709,0.0009999999999976694
41402000,-959,4727,125719,-3210,-316,129706,112,19231,459,1,30710,0.0010000000000047748
41403000,3793,7498,124739,3756,3652,120692,94,19229,385,1,30711,0.0009999999999976694
41404000,6699,6446,125489,1712,2645,118568,115,19229,385,0,30712,0.0009999999999976694
41405001,8806,-2602,125550,5897,-6507,128195,112,19231,471,0,30713,0.00100100000000225
41406000,3727,-7716,124803,6740,-12028,130229,112,19229,459,0,30714,0.0009990000000001942
41407003,4203,2609,127981,952,-1003,129437,116,19224,475,1,30715,0.0010029999999972006
41408000,4143,21052,128310,3378,19489,117000,129,19228,528,1,30716,0.0009970000000052437
41409002,6149,9047,126601,8842,5281,125765,107,19234,438,1,30717,0.0010019999999997253
41410001,8649,-2643,125752,5140,-5231,125516,109,19234,438,0,30718,0.0009990000000001942
41411000,10023,2011,127699,2517,-1755,124871,85,19220,446,0,30719,0.0009990000000001942
41412000,7938,-12747,126159,14157,-16198,133997,85,19224,348,0,30720,0.0009999999999976694
41413000,5023,-2009,129323,-2712,-6437,128234,104,19228,426,0,30721,0.0009999999999976694
41414000,3131,6070,129595,-3118,2179,129426,121,19223,496,1,30722,0.0010000000000047748
41415000,-30,15739,128247,5457,12703,121015,113,19229,463,1,30723,0.0009999999999976694
41416000,1694,6798,129658,-2169,4982,124457,102,19229,418,1,30724,0.0009999999999976694
41417001,6732,-7215,127442,-831,-10289,132092,144,19232,418,0,30725,0.00100100000000225
41418001,10537,-10334,130548,16649,-12076,129124,105,19228,590,0,30726,0.0009999999999976694
41419000,5210,-8147,129278,12344,-13311,135638,105,19229,430,0,30727,0.0009990000000001942
41420000,-1029,3898,132490,-25590,-426,125877,107,19225,438,1,30728,0.0009999999999976694
41421002,-6873,6894,133147,-1800,5203,131109,146,19229,598,1,30729,0.0010020000000068308
41422002,-5748,8242,132053,6419,3999,129918,110,19229,451,1,30730,0.0009999999999976694
41423002,-3266,-2720,128268,-20520,-2614,122017,104,19232,451,1,30731,0.0009999999999976694
41424002,764,-8327,129202,-6062,-14637,136024,108,19221,426,0,30732,0.0010000000000047748
41425000,3544,4537,131041,11781,672,126244,108,19232,442,0,30733,0.0009979999999956135
41426000,-1808,-3394,130365,-8510,-5497,131050,111,19223,455,0,30734,0.0009999999999976694
41427000,-8189,7623,133341,-22600,1712,126267,122,19222,500,1,30735,0.0010000000000047748
41428000,-9500,4799,129233,-13674,-890,135448,113,19222,463,1,30736,0.0009999999999976694
41429000,-10699,12649,129838,-2040,8919,121500,102,19232,463,1,30737,0.0009999999999976694
41430000,-3137,76,128091,-10792,1268,126450,131,19229,418,0,30738,0.0010000000000047748
41431000,-4118,-4212,124998,-13431,-12453,130645,131,19219,537,0,30739,0.0009999999999976694
41432000,-1762,1783,127901,286,-4114,127564,113,19230,463,0,30740,0.0009999999999976694
41433000,1605,2370,127370,-1866,-2447,125591,110,19225,451,0,30741,0.0010000000000047748
41434000,-7553,13268,128958,-12682,11591,122929,152,19229,623,1,30742,0.0009999999999976694
41435000,-8131,5079,128862,-18111,-2240,127116,115,19229,623,1,30743,0.0009999999999976694
41436000,-3005,9064,128334,-5171,3206,125898,107,19230,471,1,30744,0.0010000000000047748
41437000,5138,1007,124931,5153,-468,121955,107,19221,438,0,30745,0.0009999999999976694
41438000,-1337,-2411,126272,-1006,-7664,125775,104,19229,426,0,30746,0.0009999999999976694
41439000,1361,3280,123721,-10250,-647,127484,107,19228,438,0,30747,0.0010000000000047748
41440000,-1816,12753,126948,2852,13437,123336,114,19220,467,1,30748,0.0009999999999976694
41441000,-1455,16900,126519,-3640,14252,118508,124,19220,467,1,30749,0.0009999999999976694
41442000,-3642,7551,124523,-3699,1961,121035,103,19225,508,1,30750,0.0010000000000047748
41443000,3736,-1005,123995,3755,-1392,132219,103,19237,422,0,30751,0.0009999999999976694
41444000,13108,-1797,122009,13100,-5288,120178,119,19225,487,0,30752,0.0009999999999976694
41445001,8575,2659,126629,3193,-1694,126973,107,19224,438,0,30753,0.00100100000000225
41446000,7038,-9036,124695,-571,-12954,129980,112,19227,459,0,30754,0.0009990000000001942
41447000,3540,2860,127724,9902,3851,123693,144,19227,459,1,30755,0.0009999999999976694
41448002,4340,12176,129601,-3381,7637,124294,114,19231,590,1,30756,0.0010019999999997253
41449001,4914,12794,124050,7628,6660,117744,114,19231,467,1,30757,0.0009990000000001942
41450000,9639,-1048,124969,9707,-5744,129439,99,19226,405,0,30758,0.0009990000000001942
41451000,13898,-4806,126279,2654,-8114,127638,131,19229,537,0,30759,0.0010000000000047748
41452000,8938,-7850,127534,16442,-9940,129697,103,19231,422,0,30760,0.0009999999999976694
41453002,2658,-3637,129718,-3911,-7012,129604,106,19231,422,0,30761,0.0010019999999997253
41454000,2025,8870,129769,-4901,5092,129386,111,19219,434,1,30762,0.000998000000002719
41455003,870,6340,128403,5801,4135,121410,111,19230,455,1,30763,0.0010029999999972006
41456002,4931,1692,128162,-5132,-2515,125946,106,19233,434,1,30764,0.0009990000000001942
41457000,9216,-4933,130580,7864,-8234,130361,122,19217,500,0,30765,0.000998000000002719
41458000,9235,-6058,128245,17113,-9762,129029,97,19229,397,0,30766,0.0009999999999976694
41459000,5762,-1269,131917,-7366,-4011,134198,104,19229,397,0,30767,0.0009999999999976694
41460000,-2412,7881,132628,-16230,3978,126181,132,19228,426,1,30768,0.0010000000000047748
41461000,-1925,-111,132239,5768,-3110,132319,132,19224,541,1,30769,0.0009999999999976694
41462000,-9359,-4266,131747,-5726,-6738,126107,113,19228,463,1,30770,0.0009999999999976694
41463001,-924,-5592,130546,-20791,-6956,130361,98,19228,401,0,30771,0.00100100000000225
41464000,2849,-390,128099,4710,-2929,126000,154,19229,631,0,30772,0.0009990000000001942
41465000,4246,2845,131628,-1293,2279,124040,115,19229,471,0,30773,0.0009999999999976694
41466000,-4355,-2549,131027,-14985,-7393,138640,117,19227,471,0,30774,0.0010000000000047748
41467000,-6100,2217,132013,-10375,-73,127840,135,19223,479,1,30775,0.0009999999999976694
41468000,-11209,10159,132142,-13943,8071,129386,135,19228,553,1,30776,0.0009999999999976694
41469000,-10153,11800,128924,-6691,9572,124997,111,19231,455,1,30777,0.0010000000000047748
41470000,-2290,-3403,125275,-7500,-1146,124188,115,19219,471,0,30778,0.0009999999999976694
41471000,-4033,-2278,125908,-11290,-7057,132159,123,19219,504,0,30779,0.0009999999999976694
41472001,-1789,6859,127452,-5602,3611,123612,102,19235,504,0,30780,0.00100100000000225
41473000,-1794,4804,128011,-6690,1782,127758,124,19230,418,1,30781,0.0009990000000001942
41474000,-6997,6726,128939,-9886,2863,124380,124,19220,508,1,30782,0.0009999999999976694
41475000,-7050,3677,128467,-11785,1311,131631,117,19230,479,1,30783,0.0010000000000047748
41476001,-5441,3511,123716,-1047,-1023,125574,103,19224,422,1,30784,0.0010009999999951447
41477000,-24,12285,124637,-3635,6616,116467,142,19224,582,0,30785,0.0009990000000001942
41478000,-3792,5565,123871,-702,2117,124650,107,19232,582,0,30786,0.0010000000000047748
41479000,3760,-3570,125144,26,-5386,128189,110,19231,438,0,30787,0.0009999999999976694
41480002,28,1053,127941,-9500,-7116,127914,110,19223,451,1,30788,0.0010019999999997253
41481002,-4593,19599,127801,-1290,12115,116728,155,19227,635,1,30789,0.0009999999999976694
41482000,-2400,12652,125463,-2751,1887,126107,108,19232,442,1,30790,0.000998000000002719
41483000,4396,-1860,122132,-749,-5390,126322,99,19222,405,0,30791,0.0009999999999976694
41484000,6128,-1818,124146,11251,-3509,121478,82,19222,405,0,30792,0.0009999999999976694
41485000,12187,1104,126181,2994,-4159,123280,112,19230,336,0,30793,0.0010000000000047748
41486000,6178,5447,127286,7914,2377,127423,112,19228,459,0,30794,0.0009999999999976694
41487000,5981,-1029,125924,-5432,-3608,129506,124,19221,508,1,30795,0.0009999999999976694
41488000,3756,11952,130280,4776,7924,116425,115,19230,471,1,30796,0.0010000000000047748
41489000,3444,803,127586,6882,-8045,132011,99,19230,405,1,30797,0.0009999999999976694
41490000,8005,1102,124746,1472,-6324,122637,128,19230,405,0,30798,0.0009999999999976694
41491000,9035,-816,127307,9303,-6663,130718,103,19225,524,0,30799,0.0010000000000047748
41492000,9803,-12884,124737,14437,-15589,133294,103,19228,422,0,30800,0.0009999999999976694
41493000,6121,12773,130594,-1191,12521,114803,107,19229,438,1,30801,0.0009999999999976694
41494000,3004,19342,132502,-8676,14211,131109,134,19225,549,1,30802,0.0010000000000047748
41495000,3994,3908,128146,6573,-331,126256,112,19228,459,1,30803,0.0009999999999976694
41496000,2922,-5173,130308,7174,-11173,132259,100,19228,459,1,30804,0.0009999999999976694
41497000,4433,-14108,127517,-7031,-18962,131143,126,19225,410,0,30805,0.0010000000000047748
41498000,8628,-7184,130726,17896,-9884,126346,126,19232,516,0,30806,0.0009999999999976694
41499000,4590,1403,130860,-4163,-2145,133867,111,19228,455,0,30807,0.0009999999999976694
41500000,3785,8754,131974,-21212,5838,120155,115,19218,471,1,30808,0.0010000000000047748
41501002,-3576,9520,134483,1913,6365,130294,119,19226,487,1,30809,0.0010019999999997253
41502000,-858,-3410,128685,2193,-7184,131017,98,19226,487,1,30810,0.0009979999999956135
41503000,-6162,-13757,128299,-14902,-17591,135053,117,19229,401,0,30811,0.0010000000000047748
41504000,1412,-6045,130609,-8982,-10084,133392,117,19225,479,0,30812,0.0009999999999976694
41505000,-400,10307,131130,8961,7200,118979,98,19228,401,0,30813,0.0009999999999976694
41506000,-3360,10957,132669,-16952,7908,131315,112,19224,459,0,30814,0.0010000000000047748
41507000,-7329,-1004,128692,-21191,-3521,131254,147,19229,602,1,30815,0.0009999999999976694
41508000,-8037,5620,129688,-1941,652,134506,115,19229,471,1,30816,0.0009999999999976694
41509000,-4107,14765,129420,-5576,12794,119045,101,19231,471,1,30817,0.0010000000000047748
41510000,-4328,-5054,127778,-11059,-6022,128218,167,19227,414,0,30818,0.0009999999999976694
41511000,-3283,-10827,127423,-9689,-13928,134334,167,19231,684,0,30819,0.0009999999999976694
41512000,-2655,1870,127402,-2131,-502,129084,105,19232,430,0,30820,0.0010000000000047748
41513000,-1474,17608,128103,-9394,10003,118436,113,19220,463,1,30821,0.0009999999999976694
41514001,-6864,14162,129348,-10758,15544,118054,117,19220,479,1,30822,0.00100100000000225
41515002,-4872,-2737,125141,-11551,-8789,138708,107,19232,479,1,30823,0.0010009999999951447
41516000,335,4351,126664,-2621,-1906,122307,117,19229,438,1,30824,0.000998000000002719
41517000,-510,-481,125674,4860,-2649,125219,117,19222,479,0,30825,0.0009999999999976694
41518000,-545,2559,122212,-5050,-1145,121656,103,19226,422,0,30826,0.0010000000000047748
41519000,-180,-1348,125275,-8330,-6397,130194,113,19226,463,0,30827,0.0009999999999976694
41520000,-1058,11375,125623,1877,5009,125988,141,19226,577,1,30828,0.0009999999999976694
41521000,-2377,20278,126223,-8317,18789,112794,116,19220,577,1,30829,0.0010000000000047748
41522000,485,4019,123425,4955,2511,125579,96,19230,475,1,30830,0.0009999999999976694
41523000,5282,1298,123178,1036,-3478,124262,96,19229,393,0,30831,0.0009999999999976694
41524000,10434,3628,124879,-2833,-7465,125129,117,19231,479,0,30832,0.0010000000000047748
41525000,9407,3301,124742,22177,-6522,121123,111,19228,455,0,30833,0.0009999999999976694
41526000,5706,-7932,127036,-134,-9049,131842,113,19222,463,1,30834,0.0009999999999976694
41527002,1826,4871,128464,-3394,-1598,122970,131,19222,463,1,30835,0.0010019999999997253
41528000,4149,10817,126785,7522,9199,128389,107,19231,537,1,30836,0.000998000000002719
41529000,7147,6354,126188,7162,4893,118256,107,19231,438,1,30837,0.0009999999999976694
41530000,8017,7520,128925,844,-2519,127814,109,19221,446,0,30838,0.0010000000000047748
41531000,13742,-16428,126167,5739,-21060,136017,87,19230,356,0,30839,0.0009999999999976694
41532000,6390,-3345,129820,21474,-3992,126396,102,19229,418,0,30840,0.0009999999999976694
41533000,4131,12810,131122,-13616,6407,129299,121,19229,418,1,30841,0.0010000000000047748
41534000,1292,20714,130466,8542,20768,119308,113,19224,496,1,30842,0.0009999999999976694
41535000,785,8323,132266,4731,-1489,133972,113,19232,463,1,30843,0.0009999999999976694
41536001,1294,-11666,126162,-5274,-17565,128207,101,19229,414,1,30844,0.00100100000000225
41537000,7022,912,132014,6970,-1793,124724,146,19228,598,0,30845,0.0009990000000001942
41538003,11883,-5299,127681,18153,-9217,133616,105,19229,430,0,30846,0.0010029999999972006
41539000,3195,-6378,130660,-17983,-8372,130685,106,19229,430,0,30847,0.0009970000000052437
41540000,2330,11806,133961,-14673,8940,126214,140,19227,434,1,30848,0.0009999999999976694
41541000,-9260,10297,130359,10329,7690,125195,140,19226,573,1,30849,0.0009999999999976694
41542000,-7492,-871,132015,-12510,-5423,130695,108,19235,442,1,30850,0.0010000000000047748
41543001,-3724,-14064,127497,-11867,-20719,135795,102,19227,418,0,30851,0.0010009999999951447
41544000,-1949,-3814,129372,3120,-6582,126619,99,19230,405,0,30852,0.0009990000000001942
41545000,6733,11540,132806,59,7339,123784,108,19230,405,0,30853,0.0009999999999976694
41546000,-5593,-2190,130210,-17219,-6790,129259,126,19226,442,1,30854,0.0010000000000047748
41547000,-4461,-555,129857,-14227,-2634,132824,126,19224,516,1,30855,0.0009999999999976694
41548000,-10245,9461,130146,-9274,6888,123799,117,19230,479,1,30856,0.0009999999999976694
41549000,-5343,14484,130639,-11026,11032,119491,101,19229,414,1,30857,0.0010000000000047748
41550000,-1445,-4102,124680,-2483,-8098,130845,135,19221,553,0,30858,0.0009999999999976694
41551000,-6642,-11246,127160,-12073,-14024,133416,101,19221,553,0,30859,0.0009999999999976694
41552000,1870,-180,126939,-3602,-2898,122539,106,19231,414,0,30860,0.0010000000000047748
41553000,-5930,11280,127838,-3812,7203,127740,106,19225,434,1,30861,0.0009999999999976694
41554001,-4061,17934,127689,-13831,14352,116490,143,19224,586,1,30862,0.00100100000000225
41555000,-9564,2040,125126,-8572,-1248,128922,114,19231,467,1,30863,0.0009990000000001942
41556002,-1261,-8750,124110,-6756,-12315,131647,104,19221,426,0,30864,0.0010019999999997253
41557001,2706,-1873,125602,2952,-3736,120291,107,19221,438,0,30865,0.0009990000000001942
41558000,400,5535,125248,-4869,2355,122569,112,19231,438,0,30866,0.0009990000000001942
41559000,3574,3984,124838,-8686,1356,125472,119,19224,459,0,30867,0.0009999999999976694
41560000,-1961,6052,126252,6024,1953,126960,119,19216,487,1,30868,0.0009999999999976694
41561000,-1346,7315,125042,-6414,6797,118855,116,19228,475,1,30869,0.0010000000000047748
41562000,-427,14813,126952,-6712,12789,117569,99,19234,405,1,30870,0.0009999999999976694
41563000,7483,-3626,123572,14226,-4466,133422,122,19234,500,0,30871,0.0009999999999976694
41564000,9527,-10228,122346,6719,-14874,123234,103,19229,500,0,30872,0.0010000000000047748
41565000,6042,-1408,127101,1508,-6170,129838,113,19227,422,0,30873,0.0009999999999976694
41566000,5033,10105,127248,6309,2393,121453,113,19228,463,1,30874,0.0009999999999976694
41567000,4498,10996,127788,2491,10999,122666,145,19227,594,1,30875,0.0010000000000047748
41568000,4010,3169,128606,1508,-434,134209,114,19230,467,1,30876,0.0009999999999976694
41569000,6734,-4584,123033,9145,-3694,120697,99,19227,405,1,30877,0.0009999999999976694
41570000,10380,-4527,126522,5693,-8441,122617,141,19227,405,0,30878,0.0010000000000047748
41571001,10570,-4443,125777,8699,-3538,128924,106,19232,577,0,30879,0.0010009999999951447
41572000,7856,-5698,130024,11409,-13342,135255,106,19229,434,0,30880,0.0009990000000001942
41573000,4477,6778,130093,-6334,2039,123204,111,19228,455,1,30881,0.0010000000000047748
41574000,-508,9822,131025,-5167,3887,130528,112,19230,459,1,30882,0.0009999999999976694
41575000,10,8389,128443,8129,8808,126385,106,19233,434,1,30883,0.0009999999999976694
41576000,5157,-5014,127407,-940,-14993,132902,117,19233,434,0,30884,0.0010000000000047748
41577000,11954,-7071,129281,3258,-3872,125446,92,19221,479,0,30885,0.0009999999999976694
41578000,6872,5287,130669,15377,-2544,127136,92,19232,377,0,30886,0.0009999999999976694
41579000,2951,-5284,131105,-15885,-4824,130099,106,19228,434,0,30887,0.0010000000000047748
41580011,2147,12978,134113,-6899,12250,129484,134,19224,549,1,30888,0.0010109999999983188
41581000,-7033,-1525,127835,3077,-2194,129947,112,19230,459,1,30889,0.00098899999999702
41582000,-6075,2745,131340,-17531,-1416,123633,98,19230,459,1,30890,0.0010000000000047748
41583000,-1773,-13304,129595,-8960,-19853,136196,144,19229,401,0,30891,0.0009999999999976694
41584003,939,4523,130282,13242,588,123520,144,19232,590,0,30892,0.0010029999999972006
41585000,548,7422,129222,-17965,3305,127505,108,19229,442,0,30893,0.0009970000000052437
41586000,-7810,1991,131059,-15816,-1137,131158,115,19222,471,1,30894,0.0009999999999976694
41587000,-5991,6766,131445,-2032,4975,126696,132,19232,541,1,30895,0.0009999999999976694
41588000,-7474,4945,129321,-13914,3265,130057,107,19232,541,1,30896,0.0010000000000047748
41589000,-4909,8004,130090,-13425,4037,120542,109,19232,438,1,30897,0.0009999999999976694
41590000,-3799,-5542,124573,-5943,-9625,130456,109,19219,446,0,30898,0.0009999999999976694
41591000,-2109,-1958,127131,864,-5414,129392,113,19229,463,0,30899,0.0010000000000047748
41592000,339,-86,125092,-11604,-2637,126917,104,19229,426,0,30900,0.0009999999999976694
41593000,-7045,15391,129675,-16674,12411,118656,129,19222,528,1,30901,0.0009999999999976694
41594000,-7143,11949,128377,-6931,7430,126793,119,19222,528,1,30902,0.0010000000000047748
41595000,-7572,-5421,125271,-2475,-9169,131603,100,19232,487,1,30903,0.0009999999999976694
41596000,204,20726,128189,-11540,18582,115537,100,19226,410,0,30904,0.0009999999999976694
41597000,-126,-4863,123387,-3188,-6775,130194,142,19232,582,0,30905,0.0010000000000047748
41598000,5534,1762,126951,8082,-1457,125467,107,19229,438,0,30906,0.0009999999999976694
41599000,2961,2089,126424,-6906,-950,128540,112,19227,459,0,30907,0.0009999999999976694
41600000,-4817,16886,127566,-5103,13864,117461,151,19227,618,1,30908,0.0010000000000047748
41601000,-356,4053,126975,-5319,2499,128148,108,19232,618,1,30909,0.0009999999999976694
41602000,1558,-355,123061,6,-5344,129287,100,19229,442,1,30910,0.0009999999999976694
41603000,11241,8476,123569,10668,6384,118017,100,19217,410,0,30911,0.0010000000000047748
41604000,4138,-4062,123389,4931,-6135,123554,82,19227,336,0,30912,0.0009999999999976694
41605000,9124,-1423,127941,98,-2017,129022,114,19232,467,0,30913,0.0009999999999976694
41606000,6703,-2447,127650,7836,-5394,133679,127,19232,520,1,30914,0.0010000000000047748
41607000,-195,16907,129963,-1880,8613,120386,114,19228,520,1,30915,0.0009999999999976694
41608000,5532,6437,127037,803,8289,120585,97,19231,467,1,30916,0.0009999999999976694
41609000,5037,-12363,122802,10782,-14128,134313,97,19230,397,1,30917,0.0009999999999976694
41610000,15598,1810,127764,3528,-3439,125573,130,19226,532,0,30918,0.0010000000000047748
41611000,6750,-270,128043,12749,-1994,125015,101,19229,414,0,30919,0.0009999999999976694
41612000,7026,-2745,129875,797,-5108,127139,104,19229,426,0,30920,0.0009999999999976694
41613001,5954,2445,131177,-4285,-1867,131504,138,19231,426,1,30921,0.00100100000000225
41614000,-2437,6288,129441,5962,7006,134240,112,19227,565,1,30922,0.0009990000000001942
41615000,3467,10841,128822,8,10449,117093,112,19232,459,1,30923,0.0009999999999976694
41616000,2879,-5798,128558,-763,-3692,126571,103,19222,422,0,30924,0.0010000000000047748
41617000,14982,-8857,127594,8216,-17209,132108,133,19230,545,0,30925,0.0009999999999976694
41618000,6976,-4810,130041,13541,-5102,136877,111,19230,455,0,30926,0.0009999999999976694
41619000,651,4743,130515,-13970,-11805,116139,116,19230,455,0,30927,0.0010000000000047748
41620001,-2989,16432,135163,-13952,15261,131268,115,19221,475,1,30928,0.0010009999999951447
41621000,-7043,-9863,129119,3393,-7966,138401,115,19233,471,1,30929,0.0009990000000001942
41622000,-5605,-5036,127709,-3424,-11098,125540,103,19227,422,1,30930,0.0010000000000047748
41623000,-2093,503,129134,-18829,-4151,125085,123,19224,504,0,30931,0.0009999999999976694
41624001,179,11625,130040,3257,6219,120576,99,19230,405,0,30932,0.00100100000000225
41625000,3736,1392,131993,1335,-5208,136289,107,19230,405,0,30933,0.0009990000000001942
41626003,-9248,-3991,130308,-15604,-4573,130952,144,19228,438,1,30934,0.0010029999999972006
41627002,-10203,10773,130556,-14141,10757,128656,144,19229,590,1,30935,0.0009990000000001942
41628001,-10872,8805,129639,-6948,6591,125561,117,19234,479,1,30936,0.0009990000000001942
41629001,-2708,4786,128919,-1589,-545,129357,101,19230,414,1,30937,0.0009999999999976694
41630000,-3060,-9468,123657,-13236,-14130,131145,165,19226,676,0,30938,0.0009990000000001942
41631000,-5215,12388,128612,-9230,13049,115124,108,19226,676,0,30939,0.0010000000000047748
41632000,-1013,6590,127525,-5112,3261,128415,109,19225,442,0,30940,0.0009999999999976694
41633000,-7444,2149,127369,-9466,426,128284,109,19227,446,1,30941,0.0009999999999976694
41634000,-6791,8127,128050,-14866,3679,129781,122,19230,500,1,30942,0.0010000000000047748
41635000,-6570,7496,125649,-5653,6315,123399,110,19235,451,1,30943,0.0009999999999976694
41636000,829,5667,127834,-1126,2463,120311,121,19217,496,0,30944,0.0009999999999976694
41637000,1386,-6346,125158,-1209,-9551,131654,94,19217,496,0,30945,0.0010000000000047748
41638000,-77,3930,124687,-1489,330,124320,106,19232,385,0,30946,0.0009999999999976694
41639000,973,8213,126421,-109,6357,124283,106,19223,434,1,30947,0.0009999999999976694
41640000,-4122,17090,127020,-8432,14125,119450,134,19220,549,1,30948,0.0010000000000047748
41641000,-398,8198,125120,326,5443,131316,114,19232,467,1,30949,0.0009999999999976694
41642000,2252,1342,123958,5673,-2560,122532,97,19230,397,1,30950,0.0009999999999976694
41643000,7992,7422,126149,-2440,4153,123013,116,19230,397,0,30951,0.0010000000000047748
41644000,11297,-6376,122112,16057,-9015,123905,116,19234,475,0,30952,0.0009999999999976694
41645000,3028,-5880,127955,525,-10343,131705,116,19226,475,0,30953,0.0009999999999976694
41646000,6417,-820,127036,-6836,-4599,128489,118,19222,483,1,30954,0.0010000000000047748
41647000,3161,22709,130038,11973,20114,116588,127,19227,520,1,30955,0.0009999999999976694
41648000,4103,6886,125250,6913,5095,125267,106,19229,434,1,30956,0.0009999999999976694
41649001,7945,-6466,124738,-3670,-9433,122892,109,19229,446,0,30957,0.00100100000000225
41650000,10426,-12045,127355,12418,-16306,140200,85,19220,446,0,30958,0.0009990000000001942
41651000,10624,-5594,126180,14473,-10716,123614,101,19232,348,0,30959,0.0009999999999976694
41652002,5644,8583,132476,-7961,5222,124452,101,19230,414,0,30960,0.0010019999999997253
41653000,3651,3750,127820,2590,-245,130960,122,19224,500,1,30961,0.000998000000002719
41654000,2570,13733,130155,6143,8161,121351,111,19230,455,1,30962,0.0009999999999976694
41655000,382,-5712,127691,-1063,-6450,131621,99,19230,405,1,30963,0.0010000000000047748
41656003,9917,-5937,127424,2566,-8429,125416,145,19230,405,0,30964,0.0010029999999972006
41657000,9377,-11837,131929,13136,-13182,135802,104,19235,594,0,30965,0.0009969999999981383
41658002,5500,-5782,128584,11999,-10066,128216,104,19227,426,0,30966,0.0010019999999997253
41659002,4689,6340,133456,-22360,4749,128464,108,19227,442,1,30967,0.0010000000000047748
41660000,-3831,12687,130264,2327,6517,123500,144,19224,590,1,30968,0.0009979999999956135
41661000,-4780,10316,131204,3668,8149,122377,107,19232,438,1,30969,0.0010000000000047748
41662000,-1711,-15423,127525,-20096,-14752,139022,104,19232,438,1,30970,0.0009999999999976694
41663000,2244,-10987,131043,1382,-18870,132664,104,19222,426,0,30971,0.0009999999999976694
41664001,4285,3260,131385,4951,-2145,126749,104,19232,426,0,30972,0.00100100000000225
41665000,-4015,8435,131052,-10599,3913,123710,112,19230,459,0,30973,0.0009990000000001942
41666000,-5543,1279,132085,-15889,786,140488,128,19217,524,1,30974,0.0009999999999976694
41667000,-8784,4928,127316,-10086,-928,123100,112,19228,459,1,30975,0.0010000000000047748
41668000,-6738,11948,130080,-4150,16358,123312,99,19228,459,1,30976,0.0009999999999976694
41669000,-2761,-1839,127861,-6818,-10035,126499,136,19227,405,0,30977,0.0009999999999976694
41670000,-154,-8154,124523,-9286,-12839,136372,136,19224,557,0,30978,0.0009999999999976694
41671000,2123,-3877,128162,-2929,-5552,127255,101,19230,414,0,30979,0.0010000000000047748
41672000,-273,16144,127385,-5094,17490,113539,109,19224,446,0,30980,0.0009999999999976694
41673000,-3725,12295,129673,-10237,5188,129650,143,19231,586,1,30981,0.0009999999999976694
41674000,-6252,4227,127342,-6908,7695,124038,117,19231,586,1,30982,0.0010000000000047748
41675000,-2063,-1858,125697,-3238,-6425,132184,105,19227,479,1,30983,0.0009999999999976694
41676000,354,537,123963,1728,159,120585,105,19222,430,0,30984,0.0009999999999976694
41677000,-1576,-1683,124783,-5681,-9959,124140,101,19232,414,0,30985,0.0010000000000047748
41678000,1860,-714,126533,-1611,-4135,128474,111,19226,455,0,30986,0.0009999999999976694
41679000,-1770,17783,125859,-2279,13765,120679,121,19220,496,1,30987,0.0009999999999976694
41680000,-1858,14883,127039,-2249,10728,126198,123,19220,496,1,30988,0.0010000000000047748
41681002,-1243,13167,125626,-377,10145,115560,100,19231,504,1,30989,0.0010019999999997253
41682000,6245,-3102,122646,764,-7291,135151,100,19228,410,0,30990,0.0009979999999956135
41683000,8983,1021,125534,10312,-1801,120066,121,19229,496,0,30991,0.0010000000000047748
41684000,7902,-298,126120,4316,-5304,123996,105,19226,430,0,30992,0.0009999999999976694
41685000,6678,-5347,126560,1927,-8072,131845,114,19223,467,0,30993,0.0009999999999976694
41686000,808,4632,125965,5984,2996,120549,149,19223,467,1,30994,0.0010000000000047748
41687000,1379,7205,127161,-9200,3101,123692,113,19228,610,1,30995,0.0009999999999976694
41688000,4869,11074,125788,10969,8854,120415,113,19231,463,1,30996,0.0009999999999976694
41689000,7953,-5059,125417,3170,-8646,128858,97,19225,397,0,30997,0.0010000000000047748
41690000,12332,-2958,127491,3024,-6535,124845,132,19227,541,0,30998,0.0009999999999976694
41691000,2890,-11814,127174,9897,-15185,135036,111,19230,455,0,30999,0.0009999999999976694
41692000,6272,4145,132006,-3555,398,132569,114,19230,467,1,31000,0.0010000000000047748
41693000,-911,12011,129685,4309,7557,120059,113,19222,467,1,31001,0.0009999999999976694
41694000,-1715,8229,130862,-2752,5453,129485,104,19228,463,1,31002,0.0009999999999976694
41695000,2372,-8145,126501,-9471,-11853,126954,104,19231,426,1,31003,0.0010000000000047748
41696000,7506,-9261,126934,13652,-13633,126715,117,19221,479,0,31004,0.0009999999999976694
41697000,8862,1795,130055,8729,305,128121,94,19231,385,0,31005,0.0009999999999976694
41698000,1495,-7544,128566,-11019,-9623,129692,103,19231,422,0,31006,0.0010000000000047748
41699000,179,2766,134889,-13710,-853,131707,134,19227,422,1,31007,0.0009999999999976694
41700000,-3935,3661,131979,-1290,2402,129965,113,19224,549,1,31008,0.0009999999999976694
41701002,-10955,12495,131273,-5566,4230,127789,113,19234,463,1,31009,0.0010019999999997253
41702002,382,-7919,128495,-23930,-4520,124472,97,19232,397,0,31010,0.0010000000000047748
41703000,-1000,-14090,127592,-2464,-18746,138057,148,19231,606,0,31011,0.0009979999999956135
41704000,3423,10516,131343,3685,6618,123986,105,19231,430,0,31012,0.0010000000000047748
41705000,-7192,116,130852,-18683,-1373,126898,111,19228,430,0,31013,0.0009999999999976694
41706000,-6803,9498,133898,-14822,9440,129613,125,19223,455,1,31014,0.0009999999999976694
41707000,-10266,1721,127778,-11778,-2061,134572,125,19226,512,1,31015,0.0010000000000047748
41708003,-8358,12246,128703,-7607,5768,124624,109,19234,446,1,31016,0.0010029999999972006
41709000,-4375,3351,128138,-6883,5031,121140,112,19220,459,0,31017,0.0009969999999981383
41710000,-6135,-7036,124377,-13966,-10163,134090,124,19236,508,0,31018,0.0010000000000047748
41711000,248,5116,130147,-2829,1790,128536,103,19236,508,0,31019,0.0009999999999976694
41712000,-5665,1444,125740,-10672,-5037,123660,127,19225,422,1,31020,0.0009999999999976694
41713000,-6496,26709,130046,-12282,9974,113750,127,19227,520,1,31021,0.0010000000000047748
41714000,-5912,-688,126822,-10274,5354,138017,116,19229,475,1,31022,0.0009999999999976694
41715000,-3821,-3338,125069,-3995,-8389,121507,101,19227,414,1,31023,0.0009999999999976694
41716000,1526,12402,124162,-2075,9718,119081,145,19235,594,0,31024,0.0010000000000047748
41717001,-93,1227,125074,-2685,-3634,125269,108,19235,594,0,31025,0.0010009999999951447
41718000,5929,-2760,124447,5377,-10182,132034,110,19224,442,0,31026,0.0009990000000001942
41719000,-1117,-3669,125882,-7428,-3250,131483,110,19222,451,1,31027,0.0010000000000047748
41720000,-2679,24817,129221,-465,25130,109097,146,19226,598,1,31028,0.0009999999999976694
41721000,-1646,11924,125512,-3175,3688,130585,106,19230,434,1,31029,0.0009999999999976694
41722000,5071,-778,122290,9864,-6709,126213,102,19222,418,0,31030,0.0010000000000047748
41723000,9835,-4,122493,8093,-4937,124983,96,19222,418,0,31031,0.0009999999999976694
41724000,8252,1518,124680,5920,-3451,123132,117,19227,393,0,31032,0.0009999999999976694
41725000,11679,18687,129506,11597,13700,115774,117,19227,479,0,31033,0.0010000000000047748
41726000,5619,-2967,127501,-5279,-5171,134788,127,19223,520,1,31034,0.0009999999999976694
41727000,5795,7663,129821,3655,5446,123176,116,19232,475,1,31035,0.0009999999999976694
41728000,6114,3553,125668,14213,-869,128768,101,19230,414,1,31036,0.0010000000000047748
41729001,7335,1788,124561,454,495,121401,134,19230,414,0,31037,0.0010009999999951447
41730000,11066,-6315,128131,10589,-11147,131257,101,19231,549,0,31038,0.0009990000000001942
41731000,9876,-11874,126247,17097,-15751,131788,101,19228,414,0,31039,0.0010000000000047748
41732000,8388,14530,130451,-1724,11824,117184,104,19229,426,1,31040,0.0009999999999976694
41733001,2805,12719,132380,105,8137,132405,132,19225,541,1,31041,0.00100100000000225
41734000,4814,3098,128039,7888,-79,124994,110,19228,451,1,31042,0.0009989999999930887
41735002,6141,-3357,128974,2260,-8284,135968,101,19228,414,1,31043,0.0010020000000068308
41736000,7653,-13563,130299,-696,-17208,131819,122,19224,414,0,31044,0.0009979999999956135
41737000,11624,3119,129560,17532,-547,120734,107,19232,500,0,31045,0.0009999999999976694
41738000,4359,1844,129560,-2218,-1522,132779,107,19231,438,0,31046,0.0010000000000047748
41739000,5287,4618,129684,-14828,125,125232,115,19217,471,1,31047,0.0009999999999976694
41740000,-1829,14137,133994,831,13354,127417,109,19235,446,1,31048,0.0009999999999976694
41741000,-4307,-937,129061,687,-4371,131892,98,19235,401,1,31049,0.0010000000000047748
41742000,-3158,-8821,130859,-9465,-12359,129311,123,19233,401,0,31050,0.0009999999999976694
41743000,655,-9832,130033,-7519,-14447,140076,101,19220,504,0,31051,0.0009999999999976694
41744000,1930,4068,129691,9329,-37,123304,101,19226,414,0,31052,0.0010000000000047748
41745000,-2319,12966,134654,-13173,11824,125969,111,19226,455,1,31053,0.0009999999999976694
41746000,-6800,6605,130974,-19619,2987,129500,153,19234,627,1,31054,0.0009999999999976694
41747000,-3639,1645,128958,-2286,-3544,132080,114,19234,467,1,31055,0.0010000000000047748
41748000,-3880,3230,129582,-3700,-4126,129419,101,19230,467,1,31056,0.0009999999999976694
41749000,-5960,4099,127532,-13696,5996,121115,162,19223,414,0,31057,0.0009999999999976694
41750000,-1524,-9097,125098,-6391,-10878,131808,162,19227,664,0,31058,0.0010000000000047748
41751000,-3479,758,129033,-1445,-5735,132800,113,19232,463,0,31059,0.0009999999999976694
41752000,-1779,18469,127756,-13383,12333,116611,118,19217,483,1,31060,0.0009999999999976694
41753000,-7878,12996,129002,-9468,13085,124624,120,19228,491,1,31061,0.0010000000000047748
41754000,-5312,-1119,126750,-8966,-6310,130776,107,19228,491,1,31062,0.0009999999999976694
41755000,-1037,5339,127142,-464,-339,128482,119,19229,438,0,31063,0.0009999999999976694
41756000,-2109,-2338,123711,-4060,-6301,127334,119,19228,487,0,31064,0.0010000000000047748
41757000,2933,1455,126037,-7695,-457,121994,97,19230,397,0,31065,0.0009999999999976694
41758001,-2659,-1594,124209,-3274,-5554,131735,110,19231,451,0,31066,0.00100100000000225
41759000,-8,11865,124713,592,5814,115445,138,19225,565,1,31067,0.0009990000000001942
41760000,-5533,13082,127367,-9026,14423,133534,111,19225,565,1,31068,0.0009999999999976694
41761000,-8,-1239,120856,1751,-325,118553,96,19230,455,1,31069,0.0009999999999976694
41762000,3210,4090,125025,9896,1845,124612,96,19230,393,0,31070,0.0010000000000047748
41763000,6678,-1898,123611,-9887,-7630,128559,113,19229,463,0,31071,0.0009999999999976694
41764000,7678,-1951,124735,15504,-6959,124159,118,19229,483,0,31072,0.0009999999999976694
41765000,5517,-2984,126429,2320,-6884,130354,118,19223,483,1,31073,0.0010000000000047748
41766002,3160,14560,130335,-5722,14520,115063,123,19223,483,1,31074,0.0010019999999997253
41767005,450,11923,126858,4535,8775,132793,105,19227,504,1,31075,0.0010029999999972006
41768000,6568,-1695,122513,6969,4034,121957,105,19231,430,1,31076,0.0009950000000031878
41769000,7322,7393,127091,-1614,2713,123350,111,19220,455,0,31077,0.0009999999999976694
41770000,7124,-14007,124222,14351,-18777,133339,85,19229,348,0,31078,0.0009999999999976694
41771002,4045,32,130595,1246,-2631,120985,103,19232,422,0,31079,0.0010019999999997253
41772001,1735,-4191,132770,-12800,-8274,144320,127,19232,422,1,31080,0.0009990000000001942
41773002,-645,25169,129717,10086,26196,113490,114,19222,520,1,31081,0.00100100000000225
41774001,-2932,8573,130762,-3821,-802,132810,114,19226,467,1,31082,0.0009990000000001942
41775000,2088,-11625,124355,-6801,-13302,127838,100,19224,410,0,31083,0.0009990000000001942
41776000,7635,-343,131199,13107,-2740,130406,150,19235,614,0,31084,0.0009999999999976694
41777003,9909,-14249,127949,11045,-15867,136884,103,19232,422,0,31085,0.001003000000004306
41778002,1464,14200,134274,-18874,10266,114564,106,19232,422,0,31086,0.0009990000000001942
41779000,312,1424,132835,-5831,-2329,139112,144,19223,434,1,31087,0.0009979999999956135
41780000,-11482,4870,129005,3922,2205,123571,144,19231,590,1,31088,0.0010000000000047748
41781000,-6718,-1921,130814,-18673,-5749,132301,107,19230,438,1,31089,0.0009999999999976694
41782000,-4200,-4182,127847,-3816,-8772,129324,107,19223,438,0,31090,0.0009999999999976694
41783000,2620,7969,130720,-1822,4330,115452,109,19227,446,0,31091,0.0010000000000047748
41784000,987,-8129,131313,-4678,-11950,140588,114,19227,467,0,31092,0.0009999999999976694
41785000,-5863,213,129421,-12380,-2881,123922,130,19229,467,1,31093,0.0009999999999976694
41786000,-7785,6977,131743,-16214,5082,129961,119,19226,532,1,31094,0.0010000000000047748
41787000,-11473,11299,129217,-7999,8440,124210,119,19230,487,1,31095,0.0009999999999976694
41788000,-2579,4256,128622,-11245,2384,127105,104,19232,426,1,31096,0.0009999999999976694
41789000,-4570,-8270,125113,-4414,-12158,130617,139,19221,569,0,31097,0.0010000000000047748
41790000,-3269,620,126495,-6933,-3812,122389,101,19221,414,0,31098,0.0009999999999976694
41791000,1941,3300,127969,-6392,-1234,131034,102,19232,414,0,31099,0.0009999999999976694
41792000,-6429,15005,126492,-5420,12966,120712,138,19226,418,1,31100,0.0010000000000047748
41793000,-5529,7362,127494,-15477,3822,124602,138,19224,565,1,31101,0.0009999999999976694
41794000,-9403,2457,127179,-1250,1031,127614,119,19229,487,1,31102,0.0009999999999976694
41795000,-814,1509,125063,-4276,-2191,126306,108,19220,442,0,31103,0.0009999999999976694
41796000,4907,-1822,124813,-8413,-4224,123445,97,19220,397,0,31104,0.0010000000000047748
41797000,5157,4169,126474,3380,2594,124303,110,19229,397,0,31105,0.0009999999999976694
41798002,2150,2759,126011,-2662,-1724,130718,119,19228,451,0,31106,0.0010019999999997253
41799002,-2500,9133,128171,-7124,5852,122210,119,19220,487,1,31107,0.0010000000000047748
41800000,-1265,9434,126668,3362,10620,125772,121,19232,496,1,31108,0.0009979999999956135
41801000,518,7432,123349,-763,1412,124194,100,19233,410,1,31109,0.0009999999999976694
41802000,10823,192,123757,4406,-1456,121314,125,19232,512,0,31110,0.0010000000000047748
41803000,9937,-8219,124314,10991,-6957,124263,106,19232,512,0,31111,0.0009999999999976694
41804000,11077,-1518,127609,4020,1154,126431,112,19227,434,0,31112,0.0009999999999976694
41805000,6832,-4487,126627,6091,-5383,131149,112,19225,459,1,31113,0.0010000000000047748
41806000,92,5780,129087,1938,3469,126702,150,19229,614,1,31114,0.0009999999999976694
41807000,5416,13435,126717,-1364,3725,120618,112,19228,459,1,31115,0.0009999999999976694
41808000,10948,5196,125886,9094,5972,124214,99,19228,405,1,31116,0.0010000000000047748
41809000,13668,1835,126511,3123,-3754,126754,125,19228,405,0,31117,0.0009999999999976694
41810000,11983,-8635,126244,13694,-12102,131628,106,19231,512,0,31118,0.0009999999999976694
41811000,5586,-7713,128393,15065,-7619,131524,106,19231,434,0,31119,0.0010000000000047748
41812000,6123,4912,130037,-9089,884,127443,110,19220,451,1,31120,0.0009999999999976694
41813000,-192,11714,130348,1166,11582,126008,106,19226,434,1,31121,0.0009999999999976694
41814001,6302,5446,130455,1800,-2632,129361,103,19227,422,1,31122,0.00100100000000225
41815000,5178,-6052,127151,-5467,-4922,129214,122,19227,422,0,31123,0.0009990000000001942
41816000,6932,-13763,126033,12494,-16798,131441,99,19222,500,0,31124,0.0009999999999976694
41817000,12094,2212,130144,18708,-650,128169,99,19232,405,0,31125,0.0010000000000047748
41818000,393,2061,132094,-22842,-3170,131246,105,19229,430,0,31126,0.0009999999999976694
41819000,5211,21318,132422,-5212,19688,119156,138,19224,565,1,31127,0.0009999999999976694
41820000,-5739,2826,131180,11426,-1849,130517,111,19230,455,1,31128,0.0010000000000047748
41821000,-1276,-7713,128839,-14286,-12516,128834,99,19230,455,1,31129,0.0009999999999976694
41822002,-1517,-3935,129480,-10572,-8467,131996,134,19225,405,0,31130,0.0010019999999997253
41823009,1042,2010,128268,8863,-467,128714,134,19231,549,0,31131,0.0010070000000013124
41824000,890,11174,130601,-11744,9136,119222,109,19227,446,0,31132,0.000990999999999076
41825000,-7785,-353,130719,-19668,-4605,134613,117,19218,479,1,31133,0.0009999999999976694
41826000,-4556,6489,130414,1002,3698,128631,124,19228,508,1,31134,0.0010000000000047748
41827000,-8877,10868,129564,-11889,8799,128101,109,19228,446,1,31135,0.0009999999999976694
41828000,-3499,16048,129614,-10503,13736,117449,113,19230,446,1,31136,0.0009999999999976694
41829000,-4584,-12724,124635,-5709,-16370,136819,114,19217,463,0,31137,0.0010000000000047748
41830000,-2703,-2593,128921,-4650,-5243,132061,114,19232,467,0,31138,0.0009999999999976694
41831000,-2942,14040,127684,-11868,11971,117697,106,19228,434,0,31139,0.0009999999999976694
41832000,-5392,11383,128600,-10188,8307,124305,130,19224,532,1,31140,0.0010000000000047748
41833001,-5044,12719,127676,-7076,9874,123725,120,19224,491,1,31141,0.0010009999999951447
41834000,-4095,-3221,125207,-4543,-5816,136070,105,19229,491,1,31142,0.0009990000000001942
41835000,-3699,9290,125771,-2386,6498,114808,141,19227,430,0,31143,0.0010000000000047748
41836000,-2871,3868,125210,-13863,1831,126500,141,19233,577,0,31144,0.0009999999999976694
41837000,3562,1108,125630,8146,-1155,128735,116,19228,475,0,31145,0.0009999999999976694
41838000,65,-2707,125122,-2357,-6135,129666,115,19223,471,0,31146,0.0010000000000047748
41839000,-2857,19503,130942,-12670,17591,126483,146,19223,598,1,31147,0.0009999999999976694
41840000,-2957,18870,126952,-121,16555,114890,109,19228,598,1,31148,0.0009999999999976694
41841000,6354,-3730,126150,4330,-5821,134331,105,19231,446,1,31149,0.0010000000000047748
41842000,6763,-4168,122814,8114,-13344,125188,105,19223,430,0,31150,0.0009999999999976694
41843000,5527,-2788,124606,-409,-1203,121404,83,19228,340,0,31151,0.0009999999999976694
41844000,6873,-3604,126258,8459,-7513,128218,113,19227,463,0,31152,0.0010000000000047748
41845000,3926,-728,129040,3576,-4758,130926,127,19224,520,1,31153,0.0009999999999976694
41846000,604,12698,129127,-8601,9454,122722,114,19224,520,1,31154,0.0009999999999976694
41847002,-387,12700,127725,4616,13023,118824,99,19229,467,1,31155,0.0010019999999997253
41848002,9470,-3716,125163,13894,-4305,133729,99,19232,405,0,31156,0.0010000000000047748
41849000,8340,-3610,126647,635,-7460,127670,136,19227,557,0,31157,0.0009979999999956135
41850003,10122,-6135,127640,5691,-11621,131222,102,19231,418,0,31158,0.001003000000004306
41851001,4982,4367,129532,6769,-451,125507,105,19225,430,0,31159,0.0009979999999956135
41852002,1112,5874,130864,-9567,4727,133862,135,19225,430,1,31160,0.00100100000000225
41853002,-1580,2423,128942,3469,-1519,125547,112,19231,553,1,31161,0.0009999999999976694
41854001,-2404,5029,126755,3453,-2588,124702,112,19231,459,1,31162,0.0009990000000001942
41855000,4190,-6555,127745,-7061,-2189,127694,103,19221,422,0,31163,0.0009990000000001942
41856000,8101,-10019,128518,14187,-14518,130719,126,19231,516,0,31164,0.0010000000000047748
41857000,5474,-9214,128770,5279,-11355,133727,105,19228,430,0,31165,0.0009999999999976694
41858000,-564,5967,133705,-18164,8843,123438,118,19228,430,1,31166,0.0009999999999976694
41859001,-5021,3477,131493,-1952,652,133331,110,19219,483,1,31167,0.00100100000000225
41860000,-6455,3536,129962,-1179,1276,126278,110,19228,451,1,31168,0.0009990000000001942
41861000,-9126,-5760,129178,-16758,-11460,134462,98,19232,401,1,31169,0.0009999999999976694
41862000,3945,571,128033,7016,4567,124136,126,19228,516,0,31170,0.0009999999999976694
41863000,-330,-728,129349,-5359,-3327,127019,103,19229,422,0,31171,0.0010000000000047748
41864000,-1848,4346,131187,-13903,1301,128772,112,19229,422,0,31172,0.0009999999999976694
41865000,-8717,-5009,128559,-11776,-11210,135884,153,19224,459,1,31173,0.0009999999999976694
41866000,-10761,11826,134030,-14513,12456,130014,153,19228,627,1,31174,0.0010000000000047748
41867000,-12840,7665,128686,-9485,4952,122391,118,19231,483,1,31175,0.0009999999999976694
41868000,-3645,-2381,128012,-4560,-6678,130719,102,19226,418,0,31176,0.0009999999999976694
41869000,-3325,734,125586,-8307,-4485,127235,150,19233,614,0,31177,0.0010000000000047748
41870000,-1115,-5209,123715,-5937,-6874,125698,103,19233,422,0,31178,0.0009999999999976694
41871000,-592,10659,130584,-7617,7830,122331,114,19229,422,0,31179,0.0009999999999976694
41872000,-4761,8040,128585,-9461,5138,128141,114,19222,467,1,31180,0.0010000000000047748
41873000,-8411,3832,128125,-10571,1218,128862,114,19227,467,1,31181,0.0009999999999976694
41874000,-7908,8880,126941,-7016,5310,123273,105,19229,430,1,31182,0.0009999999999976694
41875000,808,4931,125429,3335,1770,124538,121,19228,496,0,31183,0.0010000000000047748
41876000,1082,-2563,123464,1678,-5962,122137,99,19228,405,0,31184,0.0009999999999976694
41877000,3067,-1638,125068,-3471,-4561,127043,108,19230,405,0,31185,0.0009999999999976694
41878000,-601,7467,127428,-5449,4220,131599,140,19227,442,1,31186,0.0010000000000047748
41879000,1190,16126,127431,-2666,13283,118449,140,19225,573,1,31187,0.0009999999999976694
41880000,-802,12815,128603,3580,10732,127528,112,19231,459,1,31188,0.0009999999999976694
41881000,3494,1294,120031,2212,-2680,123916,97,19228,397,0,31189,0.0010000000000047748
41882000,9606,7874,125669,3042,2793,125646,113,19228,463,0,31190,0.0009999999999976694
41883003,12987,-2771,125162,16246,-5143,122986,112,19232,463,0,31191,0.0010029999999972006
41884001,9113,-792,126338,7963,-6806,123985,114,19227,459,0,31192,0.000998000000002719
41885000,4777,-11193,125516,-2506,-15097,133227,114,19222,467,1,31193,0.0009990000000001942
41886000,2413,18451,129305,4955,15996,120106,127,19230,520,1,31194,0.0009999999999976694
41887000,5395,7563,124782,11394,5240,126759,108,19232,442,1,31195,0.0010000000000047748
41888000,6925,7299,127560,4886,3848,118637,112,19217,459,0,31196,0.0009999999999976694
41889000,11749,-11255,124905,629,-11471,129221,89,19217,459,0,31197,0.0009999999999976694
41890001,13080,-7073,126699,21109,-12966,133408,102,19232,365,0,31198,0.00100100000000225
41891000,10303,5374,129808,3006,3008,123504,102,19228,418,1,31199,0.0009990000000001942
41892000,3454,12304,133358,-7866,3894,130886,124,19226,508,1,31200,0.0009999999999976694
41893000,3171,12334,129619,9644,8487,122942,115,19228,471,1,31201,0.0010000000000047748
41894000,3186,-6017,126892,4307,-10424,130725,100,19228,410,1,31202,0.0009999999999976694
41895000,7011,1475,128648,-5020,-3507,124839,153,19228,410,0,31203,0.0009999999999976694
41896000,11698,-9547,127496,12899,-14450,131403,105,19232,627,0,31204,0.0010000000000047748
41897000,7339,-3133,130983,23667,-6915,130716,105,19228,430,0,31205,0.0009999999999976694
41898000,1083,3525,131833,-29588,1680,125733,103,19226,422,1,31206,0.0009999999999976694
41899000,-1339,13161,131986,-4850,8970,126874,137,19230,561,1,31207,0.0010000000000047748
41900001,-6251,4576,130554,14529,5986,125470,106,19232,434,1,31208,0.0010009999999951447
41901000,-3091,-8890,128603,-21356,-10361,138764,106,19232,434,0,31209,0.0009990000000001942
41902002,1109,-11051,127820,-8213,-18220,126944,88,19225,434,0,31210,0.0010019999999997253
41903000,7533,2319,132323,7274,95,128235,88,19229,360,0,31211,0.000998000000002719
41904000,-509,-234,130491,-5781,-643,127071,109,19229,446,0,31212,0.0009999999999976694
41905000,-5861,4148,130531,-18203,66,131978,130,19223,532,1,31213,0.0010000000000047748
41906000,-6824,-1742,129676,-14820,-4245,135987,118,19231,483,1,31214,0.0009999999999976694
41907000,-9538,18324,130681,-3021,16240,114007,104,19231,483,1,31215,0.0009999999999976694
41908000,-551,520,128379,-8859,-5900,133415,141,19228,426,0,31216,0.0010000000000047748
41909000,-4653,-10206,125349,-4976,-12926,126849,141,19223,577,0,31217,0.0009999999999976694
41910000,-894,-3318,127561,-5804,-7310,132786,103,19228,422,0,31218,0.0009999999999976694
41911000,-367,10878,129115,-3892,7831,119738,105,19229,430,1,31219,0.0010000000000047748
41912002,-5893,16312,129649,-15894,9094,120006,140,19230,573,1,31220,0.0010019999999997253
41913001,-6001,8422,130270,-6698,2973,132990,115,19230,573,1,31221,0.0009990000000001942
41914000,-4145,-334,124648,-4868,239,121171,108,19227,471,1,31222,0.0009990000000001942
41915000,5039,-1904,129256,730,-7021,128212,108,19224,442,0,31223,0.0009999999999976694
41916000,-3586,845,123041,-4370,-3432,122576,99,19232,405,0,31224,0.0009999999999976694
41917000,2050,2241,123719,-12875,942,127505,112,19231,459,0,31225,0.0010000000000047748
41918000,-1969,8307,126597,1757,5850,126832,119,19221,487,1,31226,0.0009999999999976694
41919000,-6663,10198,124406,-5320,7795,118974,111,19221,455,1,31227,0.0009999999999976694
41920000,-857,9573,127831,-2038,5127,123438,101,19235,455,1,31228,0.0009999999999976694
41921000,1933,-2045,123473,4779,-5953,126506,126,19232,414,0,31229,0.0010000000000047748
41922001,9882,1896,123464,4549,-1759,124375,126,19229,516,0,31230,0.00100100000000225
41923000,7639,-2348,126054,4370,-6104,126378,105,19226,430,0,31231,0.0009989999999930887
41924000,5569,-6967,126052,2790,-10640,129502,111,19226,455,0,31232,0.0010000000000047748
41925000,1497,15307,127608,4128,13050,119598,148,19226,606,1,31233,0.0009999999999976694
41926001,-2245,15023,127894,-8060,11933,123606,112,19231,606,1,31234,0.00100100000000225
41927000,9283,5566,125306,13035,2766,125610,100,19228,459,1,31235,0.0009990000000001942
41928000,6697,3815,126650,7287,1869,119861,100,19224,410,0,31236,0.0009999999999976694
41929001,9738,-13790,126094,-326,-15366,126483,129,19234,528,0,31237,0.00100100000000225
41930000,6850,-14946,128210,12954,-17206,135012,102,19231,418,0,31238,0.0009990000000001942
41931002,1914,1647,129205,-9429,-2022,131006,109,19231,446,1,31239,0.0010019999999997253
41932002,3824,17070,131380,-1799,12155,122150,108,19220,446,1,31240,0.0009999999999976694
41933002,-3826,18344,131590,1471,18944,122530,103,19229,442,1,31241,0.0009999999999976694
41934000,4042,-8881,126777,-8053,-10363,133217,103,19230,422,1,31242,0.000998000000002719
41935000,6366,-6657,128522,8359,-13423,131663,121,19220,496,0,31243,0.0009999999999976694
41936019,5917,-2097,129087,12959,-6750,125413,105,19230,430,0,31244,0.001018999999999437
41937002,2201,-2417,128387,-6806,-3800,125619,105,19225,430,0,31245,0.0009830000000050632
41938003,1,1865,133273,-17430,4783,132638,139,19225,430,1,31246,0.0010009999999951447
41939000,-3882,-5047,129703,3798,-10763,137366,113,19224,569,1,31247,0.0009970000000052437
41940000,-11506,16299,133414,-5138,13916,115166,113,19230,463,1,31248,0.0009999999999976694
41941000,-1134,-5026,128981,-22396,-1063,130132,99,19226,405,0,31249,0.0009999999999976694
41942000,593,-10042,127430,7123,-16429,135925,133,19234,545,0,31250,0.0010000000000047748
41943000,5099,3396,131143,-531,-2695,126453,107,19228,438,0,31251,0.0009999999999976694
41944000,-7092,8700,130837,-20075,1256,129510,114,19228,438,0,31252,0.0009999999999976694
41945000,-8784,9435,131698,-9124,6183,128139,124,19219,467,1,31253,0.0010000000000047748
41946000,-7022,-313,130367,-10569,-1433,133491,124,19228,508,1,31254,0.0009999999999976694
41947000,-10660,10152,129206,-11166,4950,117138,107,19229,438,1,31255,0.0009999999999976694
41948000,-2820,1483,125799,-5609,-4493,126467,113,19219,463,0,31256,0.0010000000000047748
41949000,-1711,-4463,127666,-5080,-5466,128605,100,19232,410,0,31257,0.0009999999999976694
41950000,-720,-9372,125372,-811,-10500,133269,105,19232,410,0,31258,0.0009999999999976694
41951000,-4396,10112,129440,-13141,13295,118085,131,19234,430,1,31259,0.0010000000000047748
41952000,-4886,15757,130047,-12853,6713,126124,131,19224,537,1,31260,0.0009999999999976694
41953000,-8817,2140,124821,-64,-789,127523,117,19227,479,1,31261,0.0009999999999976694
41954000,-2026,9679,126713,-13095,4728,119783,101,19226,414,0,31262,0.0010000000000047748
41955000,2852,-2009,125829,7676,-3902,128312,139,19236,569,0,31263,0.0009999999999976694
41956000,4002,10225,125389,4537,6954,120851,108,19236,569,0,31264,0.0009999999999976694
41957000,6112,-7236,124187,-14710,-8766,133141,111,19228,442,0,31265,0.0010000000000047748
41958000,-3274,14683,129164,3045,15952,120099,111,19226,455,1,31266,0.0009999999999976694
41959000,-1667,11412,125069,1359,5601,125535,147,19231,602,1,31267,0.0009999999999976694
41960000,-110,9769,124391,-3478,9596,122931,107,19231,438,1,31268,0.0010000000000047748
41961000,4628,1538,123258,6465,-3497,122194,102,19221,418,0,31269,0.0009999999999976694
41962000,9602,-5072,122837,11591,-9349,128462,87,19221,356,0,31270,0.0009999999999976694
41963002,9373,4647,126472,8430,512,122336,115,19231,356,0,31271,0.0010019999999997253
41964000,6458,-8048,125993,3024,-11748,132145,132,19228,471,1,31272,0.000998000000002719
41965000,4722,18896,130616,-1006,17785,120197,132,19224,541,1,31273,0.0009999999999976694
41966000,5107,6546,126466,6218,3056,130496,117,19230,479,1,31274,0.0010000000000047748
41967000,7172,289,126474,7328,-3210,125258,97,19229,397,1,31275,0.0009999999999976694
41968000,11634,4792,127132,8605,1137,122298,134,19229,549,0,31276,0.0009999999999976694
41969002,10114,-3564,126123,12593,-7048,131848,103,19228,549,0,31277,0.0010019999999997253
41970000,9690,-8946,126906,8685,-13297,127659,108,19230,422,0,31278,0.000998000000002719
41971000,3545,325,129797,-1164,-4417,130817,108,19223,442,1,31279,0.0009999999999976694
41972001,1687,15151,131516,98,11543,125733,135,19231,553,1,31280,0.00100100000000225
41973000,3895,12621,129462,5547,10043,121312,109,19229,446,1,31281,0.0009990000000001942
41974000,5218,-1624,129044,-534,-5298,134119,105,19229,430,1,31282,0.0009999999999976694
41975000,11508,-9397,126859,4251,-14482,129270,120,19226,430,0,31283,0.0010000000000047748
41976000,11174,-1844,131570,21121,-5148,131790,105,19231,491,0,31284,0.0009999999999976694
41977000,2487,365,131092,-6600,-4073,128872,105,19230,430,0,31285,0.0009999999999976694
41978000,162,13034,133866,-19764,11357,122249,117,19218,479,1,31286,0.0010000000000047748
41979000,-4448,2698,132340,6406,-184,134887,108,19229,442,1,31287,0.0009999999999976694
41980002,-3696,3887,128366,8442,1670,127593,98,19228,401,1,31288,0.0010019999999997253
41981001,-2919,-7087,129008,-24109,-10424,131526,128,19228,401,0,31289,0.0009990000000001942
41982000,-1235,2992,130241,-980,-1776,125498,104,19225,524,0,31290,0.0009990000000001942
41983000,2179,-925,130713,12224,-5398,129784,104,19229,426,0,31291,0.0009999999999976694
41984000,-6877,285,130364,-18171,1808,129708,110,19224,451,1,31292,0.0009999999999976694
41985000,-8090,3795,130052,-20080,-66,130152,155,19229,635,1,31293,0.0010000000000047748
41986000,-6508,8610,129747,-6990,4666,127835,117,19231,479,1,31294,0.0009999999999976694
41987000,-4308,9243,129412,-3720,5353,121269,103,19231,479,1,31295,0.0009999999999976694
41988000,-1831,-5947,125146,-11297,-7112,132163,158,19229,422,0,31296,0.0010000000000047748
41989000,-5128,-962,126093,-7843,-6992,126502,158,19233,647,0,31297,0.0009999999999976694
41990000,-1191,9706,128257,-5103,4782,121489,110,19230,451,0,31298,0.0009999999999976694
41991001,-3343,4317,127486,-5998,1773,128874,117,19220,479,1,31299,0.00100100000000225
41992000,-8828,5824,127570,-8593,7626,130653,115,19228,471,1,31300,0.0009990000000001942
41993000,-5964,4638,128307,-14017,3083,123707,108,19228,471,1,31301,0.0009999999999976694
41994000,-2660,10159,126345,-802,6883,120861,125,19229,442,0,31302,0.0010000000000047748
41995000,2753,-4596,126017,-159,-809,137742,125,19227,512,0,31303,0.0009999999999976694
41996000,2671,-5338,123327,-5344,-11099,117024,98,19228,401,0,31304,0.0009999999999976694
41997000,4,8425,127558,-8758,6330,126930,105,19226,430,0,31305,0.0010000000000047748
41998002,-2863,15104,126523,-1028,11830,120125,138,19224,565,1,31306,0.0010019999999997253
41999002,-4767,10810,124990,-1546,5086,124256,113,19224,565,1,31307,0.0009999999999976694
42000000,492,3092,123585,-4988,95,126545,97,19230,463,1,31308,0.000998000000002719
42001000,5406,7806,123278,8008,7291,116572,97,19232,397,0,31309,0.0009999999999976694
42002000,10702,-6031,123138,12849,-10822,128401,108,19233,442,0,31310,0.0009999999999976694
42003000,7676,-15170,124294,1660,-18649,131465,113,19227,463,0,31311,0.0010000000000047748
42004000,1623,-3481,126785,-3699,-4199,130224,115,19224,471,1,31312,0.0009999999999976694
42005000,3033,11800,128915,3513,12390,121101,119,19224,487,1,31313,0.0009999999999976694
42006000,1974,11018,126607,3180,2460,122926,105,19230,487,1,31314,0.0010000000000047748
42007001,6455,4222,126431,6981,1152,130101,113,19231,430,1,31315,0.0010009999999951447
42008002,9829,-1914,124044,-1915,-4771,122005,113,19221,463,0,31316,0.00100100000000225
42009000,10757,-11511,129015,16299,-15836,134244,109,19228,446,0,31317,0.000998000000002719
42010000,4073,-568,127482,5041,-2149,126792,113,19228,463,0,31318,0.0009999999999976694
42011000,1742,1229,127860,-14688,-1837,131727,132,19228,541,1,31319,0.0009999999999976694
42012000,-2311,13460,131555,4093,9204,127426,114,19223,541,1,31320,0.0010000000000047748
42013000,-1871,3265,127474,4347,-575,124833,103,19231,467,1,31321,0.0009999999999976694
42014000,5472,-7569,128682,-2873,-11527,130372,103,19230,422,0,31322,0.0009999999999976694
42015000,6776,-11031,130724,11124,-14697,130660,156,19232,639,0,31323,0.0010000000000047748
42016000,11676,-11549,127700,10290,-15358,135711,103,19228,422,0,31324,0.0009999999999976694
42017000,2990,15520,134724,-22121,13819,119408,101,19228,414,0,31325,0.0009999999999976694
42018000,744,1774,132317,-11653,-1869,132110,135,19224,414,1,31326,0.0010000000000047748
42019000,-7398,7383,130488,17934,5827,125423,105,19231,553,1,31327,0.0009999999999976694
42020000,-9331,-10314,127565,-28403,-14259,132690,105,19235,430,1,31328,0.0009999999999976694
42021000,2251,-1108,131051,-2863,-6202,132574,107,19220,438,0,31329,0.0010000000000047748
42022000,-768,6251,129363,11106,2283,120169,93,19230,381,0,31330,0.0009999999999976694
42023000,-154,-492,131034,-13280,-3449,131460,105,19227,430,0,31331,0.0009999999999976694
42024000,-8937,-2807,130177,-17438,-5613,130684,125,19227,430,1,31332,0.0010000000000047748
42025000,-8864,10647,129671,-12784,8481,129116,112,19219,512,1,31333,0.0009999999999976694
42026000,-9439,13166,130399,-3275,9666,126296,112,19230,459,1,31334,0.0009999999999976694
42027000,-3963,9163,129575,-13998,9271,121378,101,19230,414,1,31335,0.0010000000000047748
42028000,-1966,-7920,125172,-8220,-10650,135364,142,19221,582,0,31336,0.0009999999999976694
42029000,-4181,-720,127712,-464,-8293,126418,106,19231,434,0,31337,0.0009999999999976694
42030000,1542,6485,128585,-13598,-282,126387,103,19231,434,0,31338,0.0010000000000047748
42031000,-4474,11549,126470,-1760,13022,117388,132,19230,422,1,31339,0.0009999999999976694
42032001,-9468,26,126310,-14513,2400,129212,132,19228,541,1,31340,0.00100100000000225
42033001,-4253,-3018,126002,-9914,-10977,135173,113,19232,463,1,31341,0.0009999999999976694
42034000,-2113,13102,127902,7238,12035,113907,106,19223,434,0,31342,0.0009990000000001942
42035000,1145,-27,124989,-6938,2595,125908,102,19229,418,0,31343,0.0009999999999976694
42036000,115,-3650,123199,-5089,-6119,125285,114,19229,418,0,31344,0.0010000000000047748
42037000,3244,6765,127610,-4643,5860,131519,121,19228,467,0,31345,0.0009999999999976694
42038000,64,21540,124727,5822,11249,120280,121,19215,496,1,31346,0.0009999999999976694
42039000,-215,13875,127925,-5963,11905,127463,112,19229,459,1,31347,0.0010000000000047748
42040000,6262,-2955,124293,-3761,-7244,125568,100,19230,410,1,31348,0.0009999999999976694
42041000,8996,2933,126247,11765,-2160,123694,127,19227,520,0,31349,0.0009999999999976694
42042000,9091,271,123124,9600,-8329,120157,113,19227,520,0,31350,0.0010000000000047748
42043000,7691,-1209,126932,1495,-1018,128213,112,19225,463,0,31351,0.0009999999999976694
42044000,3306,-10044,124189,11185,-8796,136048,112,19223,459,1,31352,0.0009999999999976694
42045000,2985,13495,128587,-6393,15395,114949,139,19228,569,1,31353,0.0009999999999976694
42046000,5316,9608,127921,7785,2475,122938,113,19231,463,1,31354,0.0010000000000047748
42047000,8665,3139,124148,13778,-1858,123563,102,19224,418,0,31355,0.0009999999999976694
42048000,13900,-6301,125577,2683,-12553,131943,115,19224,418,0,31356,0.0009999999999976694
42049000,11350,-10199,127233,17826,-8725,133127,102,19235,471,0,31357,0.0010000000000047748
42050003,9399,6509,128431,-2117,4888,121243,109,19230,418,0,31358,0.0010029999999972006
42051002,1345,2325,131231,-2797,-1560,128653,109,19220,446,1,31359,0.0009990000000001942
42052000,2119,7454,128897,6238,6352,127040,106,19232,434,1,31360,0.000998000000002719
42053000,2817,2328,126662,860,-2936,130160,105,19228,430,1,31361,0.0009999999999976694
42054000,7561,3372,127680,1613,-48,120442,124,19228,508,0,31362,0.0009999999999976694
42055000,10880,-8745,128953,10452,-11202,123863,96,19222,508,0,31363,0.0010000000000047748
42056000,7054,-10272,130806,13506,-13408,141954,105,19234,393,0,31364,0.0009999999999976694
42057001,-1139,3779,130617,-21461,1541,124396,105,19224,430,1,31365,0.00100100000000225
42058000,634,10231,133930,-10121,6606,129406,142,19225,582,1,31366,0.0009990000000001942
42059000,-5205,3386,131453,13473,203,125427,114,19232,467,1,31367,0.0009999999999976694
42060000,622,-4162,129740,-17865,-7569,130323,98,19232,401,1,31368,0.0009999999999976694
42061000,852,-7118,129400,-9353,-11027,137323,123,19223,401,0,31369,0.0010000000000047748
42062000,992,7318,130247,11996,3600,120642,106,19232,504,0,31370,0.0009999999999976694
42063000,-1251,2597,129768,-14158,-801,129908,106,19231,434,0,31371,0.0009999999999976694
42064001,-8551,2617,132639,-20409,759,128252,117,19222,479,1,31372,0.00100100000000225
42065004,-8631,-3187,130077,-3433,-5674,136925,121,19228,496,1,31373,0.0010029999999972006
42066000,-9029,20545,130479,-12012,18846,118718,106,19228,434,1,31374,0.000996000000000663
42067000,-1735,8461,128455,-9119,6996,121098,113,19231,434,0,31375,0.0010000000000047748
42068002,-3972,-12393,125336,-7639,-16523,138421,101,19216,463,0,31376,0.0010019999999997253
42069000,-1528,4500,128702,-7022,-160,124642,101,19228,414,0,31377,0.0009979999999956135
42070000,-5376,4755,127038,-6867,2211,129548,109,19229,446,0,31378,0.0010000000000047748
42071000,-6673,15585,129936,-10853,12202,115114,139,19223,569,1,31379,0.0009999999999976694
42072000,-6592,-1266,127578,-8743,-501,132129,118,19230,483,1,31380,0.0009999999999976694
42073000,-8734,1516,123228,-3132,-7687,133424,101,19230,483,1,31381,0.0010000000000047748
42074000,1513,18963,126865,-3091,16540,110369,120,19227,414,0,31382,0.0009999999999976694
42075000,-3550,-2014,125499,-575,-2419,131554,120,19235,491,0,31383,0.0009999999999976694
42076001,2185,-2756,125136,2322,-7240,125235,107,19232,438,0,31384,0.00100100000000225
42077000,-2024,-8384,126298,-4958,-13343,133951,113,19233,463,1,31385,0.0009990000000001942
42078000,-5659,22858,127751,-7943,20155,116086,141,19228,577,1,31386,0.0009999999999976694
42079000,2121,11116,124195,-194,16701,118088,103,19228,577,1,31387,0.0010000000000047748
42080000,3385,-2304,124536,1852,-7834,134200,105,19230,422,0,31388,0.0009999999999976694
42081000,9573,3851,123821,-811,-281,118909,105,19224,430,0,31389,0.0009999999999976694
42082000,8043,10740,126228,11838,1093,128042,91,19230,373,0,31390,0.0010000000000047748
42083000,4879,-1048,124565,8359,-4664,122452,112,19231,459,0,31391,0.0009999999999976694
42084000,3566,-3848,128721,-6587,-11532,136841,131,19224,537,1,31392,0.0009999999999976694
42085000,-1730,14834,127261,2608,8870,121594,115,19224,537,1,31393,0.0010000000000047748
42086000,4094,4503,125758,14494,5872,129799,96,19229,471,1,31394,0.0009999999999976694
42087000,3801,3691,125629,79,-2458,118845,96,19228,393,0,31395,0.0009999999999976694
42088002,9823,-4004,126895,-660,-3450,135577,141,19230,577,0,31396,0.0010019999999997253
42089000,10588,-11092,126902,17531,-13939,133574,101,19234,414,0,31397,0.000998000000002719
42090000,3692,3596,130710,2248,-922,119471,103,19225,422,0,31398,0.0009999999999976694
42091000,2805,10024,130000,-9196,6316,132410,125,19225,422,1,31399,0.0010000000000047748
42092000,507,10828,131013,4594,7876,125166,110,19230,512,1,31400,0.0009999999999976694
42093002,3654,4495,130118,3511,-393,126610,110,19234,451,1,31401,0.0010019999999997253
42094000,4008,-4714,127986,-7384,-11741,130967,107,19218,438,0,31402,0.000998000000002719
42095000,7356,-6020,129531,23322,-7795,129960,108,19237,442,0,31403,0.0009999999999976694
42096000,4317,-5259,128805,-10196,-6939,131809,102,19228,418,0,31404,0.0009999999999976694
42097000,371,6088,132801,-18469,6677,124809,121,19228,496,1,31405,0.0010000000000047748
42098000,-2521,1286,133519,5099,-4025,134824,113,19223,496,1,31406,0.0009999999999976694
42099000,-4921,-3341,128429,-3176,-5818,131198,100,19230,463,1,31407,0.0009999999999976694
42100000,-7840,-5632,128910,-22855,-10064,132177,100,19227,410,0,31408,0.0010000000000047748
42101000,1185,2690,131232,-918,749,131046,133,19224,545,0,31409,0.0009999999999976694
42102000,1482,1107,129435,6907,-997,126153,111,19224,455,0,31410,0.0009999999999976694
42103001,-3504,7377,132669,-19509,3775,128625,114,19224,467,0,31411,0.00100100000000225
42104000,-7931,-1259,129173,-14938,-5188,131898,153,19225,467,1,31412,0.0009990000000001942
42105000,-8170,5271,130464,-3216,3910,132317,115,19227,627,1,31413,0.0009999999999976694
42106001,-7986,9007,130560,-8857,5872,127079,115,19233,471,1,31414,0.00100100000000225
42107000,-4249,3482,127202,-12102,287,120367,104,19224,426,0,31415,0.0009990000000001942
42108000,-2942,-3536,126524,-6909,-7754,132968,148,19235,606,0,31416,0.0009999999999976694
42109000,-1637,-8078,126447,-841,-11394,129464,103,19235,422,0,31417,0.0009999999999976694
42110000,804,8623,128886,-8440,5481,121053,114,19226,422,1,31418,0.0010000000000047748
42111000,-6829,10034,128505,-11382,6741,127288,113,19224,467,1,31419,0.0009999999999976694
42112000,-4387,4134,127085,-12076,1510,123157,113,19229,463,1,31420,0.0009999999999976694
42113000,-812,6067,129284,972,3302,130458,108,19232,442,1,31421,0.0010000000000047748
42114000,-1414,5520,123867,-2023,2307,121235,128,19228,524,0,31422,0.0009999999999976694
42115000,2320,-213,125782,-1546,-4355,128133,112,19228,459,0,31423,0.0009999999999976694
42116000,-843,-710,124272,-3742,-4167,126442,112,19228,459,0,31424,0.0010000000000047748
42117000,1753,5086,125830,-5557,538,125819,148,19225,459,1,31425,0.0009999999999976694
42118000,-1498,6920,125350,981,4019,121524,148,19219,606,1,31426,0.0009999999999976694
42119000,-3916,6251,123022,-3536,6291,117809,114,19232,467,1,31427,0.0010000000000047748
42120000,9405,2578,123579,-445,845,129005,98,19228,401,0,31428,0.0009999999999976694
42121000,10568,6502,123892,17382,1182,121079,108,19231,442,0,31429,0.0009999999999976694
42122000,14386,-6188,125748,4391,-8498,125347,113,19231,442,0,31430,0.0010000000000047748
42123000,6114,-2950,128399,-1951,-9892,130589,116,19229,463,0,31431,0.0009999999999976694
42124000,4848,5997,128501,5864,-1276,126361,116,19223,475,1,31432,0.0009999999999976694
42125000,4510,8784,126573,4989,9832,122626,112,19229,459,1,31433,0.0010000000000047748
42126000,3398,9062,126507,-162,6791,123174,101,19232,414,1,31434,0.0009999999999976694
42127000,11628,-3367,124189,11127,-12127,130350,118,19221,483,0,31435,0.0009999999999976694
42128002,9726,-1170,128039,13269,-3473,121757,95,19221,483,0,31436,0.0010019999999997253
42129000,9627,-7030,127916,9362,-5818,131879,102,19230,389,0,31437,0.000998000000002719
42130000,4110,1039,129194,-8014,-8098,129604,102,19224,418,1,31438,0.0009999999999976694
42131000,4614,14552,132981,5006,9693,125147,131,19225,537,1,31439,0.0010000000000047748
42132000,658,5915,128890,4846,3658,131035,112,19230,459,1,31440,0.0009999999999976694
42133000,1532,4853,128633,-13607,82,124989,101,19228,414,1,31441,0.0009999999999976694
42134000,11748,-9500,129147,8502,-12458,132467,160,19228,414,0,31442,0.0010000000000047748
42135000,8650,-9486,127733,20927,-12753,131526,108,19232,655,0,31443,0.0009999999999976694
42136000,3214,3986,130081,-5194,-9124,124294,108,19231,442,0,31444,0.0009999999999976694
42137001,2546,6802,131780,-24044,4242,128378,109,19222,446,1,31445,0.00100100000000225
42138001,-6355,2073,131040,6284,-1411,132022,132,19229,541,1,31446,0.0009999999999976694
42139001,-5791,-2580,129299,-889,-8685,130150,104,19233,426,1,31447,0.0010000000000047748
42140000,-4726,-5829,130034,-20877,-9520,131212,110,19233,426,0,31448,0.0009990000000001942
42141001,2006,3683,131008,-742,342,125494,89,19220,451,0,31449,0.0010009999999951447
42142000,5283,3744,131060,-310,-3969,127113,89,19232,365,0,31450,0.0009990000000001942
42143000,-4858,2082,131170,-16392,97,130474,111,19226,455,0,31451,0.0010000000000047748
42144000,-6971,-3835,129930,-16630,-7176,133417,134,19226,549,1,31452,0.0009999999999976694
42145000,-11564,12168,131295,-2283,7879,118831,116,19233,475,1,31453,0.0009999999999976694
42146000,-3799,13559,129529,-12351,8562,127969,101,19233,414,1,31454,0.0010000000000047748
42147002,-3953,-6505,126420,-8006,-11765,129341,145,19227,414,0,31455,0.0010019999999997253
42148000,-2732,-11080,125893,-5113,590,120575,103,19224,594,0,31456,0.0009979999999956135
42149000,-139,2911,126888,-6155,-1297,129120,103,19231,422,0,31457,0.0010000000000047748
42150000,-3362,5642,128612,-3065,5241,123110,108,19223,442,1,31458,0.0009999999999976694
42151001,-4068,8600,126979,-17191,7208,127014,133,19230,545,1,31459,0.00100100000000225
42152003,-10911,3760,125119,-11621,203,126429,112,19230,459,1,31460,0.0010019999999997253
42153000,-305,8081,128918,3513,3637,120128,109,19232,459,0,31461,0.0009969999999981383
42154000,-595,2146,123859,-2893,-9267,131805,96,19222,446,0,31462,0.0009999999999976694
42155000,572,-10189,123865,-5747,196,122985,96,19229,393,0,31463,0.0010000000000047748
42156000,2507,12003,125931,-5070,5404,123156,117,19227,479,0,31464,0.0009999999999976694
42157000,-2271,8429,124310,989,8853,120738,129,19220,528,1,31465,0.0009999999999976694
42158000,-1564,6880,125830,-3273,4433,126769,116,19229,475,1,31466,0.0010000000000047748
42159000,-2901,-76,125439,-2510,-6312,130312,99,19229,475,1,31467,0.0009999999999976694
42160000,6341,7704,125079,6694,14280,112184,131,19233,405,0,31468,0.0009999999999976694
42161000,8587,5838,124212,7621,-6495,129424,131,19233,537,0,31469,0.0010000000000047748
42162000,8956,-13079,123547,6955,-16665,126913,104,19227,426,0,31470,0.0009999999999976694
42163000,4182,3659,127175,5972,-2166,128176,111,19224,455,0,31471,0.0009999999999976694
42164000,1233,4308,127756,-2321,9498,121092,138,19229,565,1,31472,0.0010000000000047748
42165000,5693,17566,128676,5508,11513,120655,109,19229,565,1,31473,0.0009999999999976694
42166000,7156,1250,124902,5230,-5985,130053,101,19229,446,1,31474,0.0009999999999976694
42167001,12198,-316,126946,4742,-1359,122204,101,19224,414,0,31475,0.00100100000000225
42168000,10156,623,129249,11550,-4191,130731,122,19231,500,0,31476,0.0009990000000001942
42169000,5465,-10325,127097,9580,-12756,131833,103,19228,422,0,31477,0.0009999999999976694
42170000,2114,-4014,130708,-7233,-5867,131349,113,19222,463,1,31478,0.0009999999999976694
42171000,-931,6845,130169,1199,1165,126745,109,19222,463,1,31479,0.0010000000000047748
42172000,-388,25265,128966,2980,19937,114144,101,19229,446,1,31480,0.0009999999999976694
42173000,5123,4270,125773,-2531,-6954,131668,101,19230,414,1,31481,0.0009999999999976694
42174000,11384,-12080,126675,6982,-17592,130097,126,19224,516,0,31482,0.0010000000000047748
42175000,8240,-1967,130110,15407,-2883,124610,98,19230,401,0,31483,0.0009999999999976694
42176000,2056,-6996,132315,-12777,-8278,135198,104,19229,426,0,31484,0.0009999999999976694
42177002,2829,5868,134297,-11380,6216,123801,148,19229,426,1,31485,0.0010019999999997253
42178002,-6713,-1751,131733,6995,-4938,137009,113,19224,606,1,31486,0.0010000000000047748
42179000,-9060,5790,128499,-11062,2237,122290,113,19232,463,1,31487,0.0009979999999956135
42180000,131,-20,129486,-13232,-6941,137192,97,19226,397,0,31488,0.0010000000000047748
42181001,-622,-6988,129267,6807,-8248,119777,119,19230,487,0,31489,0.0010009999999951447
42182000,2454,6246,131575,-4461,4284,130647,108,19229,442,0,31490,0.0009990000000001942
42183000,-7539,1690,130555,-14741,-1792,129653,118,19229,442,1,31491,0.0010000000000047748
42184000,-6382,8321,131427,-10606,-667,125449,117,19219,483,1,31492,0.0009999999999976694
42185000,-6866,7790,129309,-9768,-1298,131397,117,19228,479,1,31493,0.0009999999999976694
42186000,-6736,4754,130120,-11284,8027,121557,106,19230,434,1,31494,0.0010000000000047748
42187000,-739,3850,126780,-9079,-6764,130969,119,19216,487,0,31495,0.0009999999999976694
42188002,-5512,-7242,126255,-3827,591,127726,89,19230,365,0,31496,0.0010019999999997253
42189000,402,-188,126321,-7331,-4505,126006,104,19230,426,0,31497,0.000998000000002719
42190000,-8346,4123,129066,-10508,12306,122051,135,19227,426,1,31498,0.0009999999999976694
42191000,-6198,16530,124431,-10077,-4943,130803,119,19228,553,1,31499,0.0009999999999976694
42192003,-8139,6218,127518,-12205,4061,123997,119,19232,487,1,31500,0.001003000000004306
42193000,-2327,14071,124632,-4144,5696,121518,102,19224,418,0,31501,0.0009969999999981383
42194000,3129,1119,124698,5723,-7332,127910,125,19230,512,0,31502,0.0009999999999976694
42195000,2636,-9002,127386,-9450,-2557,131829,105,19230,430,0,31503,0.0010000000000047748
42196000,4975,-6073,124513,-1103,2828,121826,110,19229,430,0,31504,0.0009999999999976694
42197003,-3427,14838,129522,4756,15591,116688,139,19227,451,1,31505,0.0010029999999972006
42198000,-1899,13598,124400,-9269,-1562,132719,139,19226,569,1,31506,0.0009970000000052437
42199000,-152,-316,122572,830,8762,122934,106,19230,434,1,31507,0.0009999999999976694
42200000,6427,10212,122498,5175,-3883,127284,109,19225,446,0,31508,0.0009999999999976694
42201000,8275,2512,123930,10873,1442,115760,95,19225,389,0,31509,0.0010000000000047748
42202000,6677,5502,125216,6217,-11167,132346,112,19225,389,0,31510,0.0009999999999976694
42203000,6178,-14396,125757,1090,-13816,132548,133,19226,459,1,31511,0.0009999999999976694
42204000,3227,11377,131423,-36,13057,120034,133,19224,545,1,31512,0.0010000000000047748
42205000,4264,15065,126314,4042,2821,128998,115,19228,471,1,31513,0.0009999999999976694
42206001,8171,3755,125633,6120,324,117616,98,19227,401,1,31514,0.00100100000000225
42207000,8698,-3166,128968,3653,-4131,138868,145,19232,594,0,31515,0.0009990000000001942
42208000,12794,-8101,126411,11710,3672,122215,101,19232,594,0,31516,0.0009999999999976694
42209000,7289,-8403,130367,11041,-7315,130914,108,19228,414,0,31517,0.0009999999999976694
42210000,3439,235,132041,-8525,106,132151,108,19228,442,1,31518,0.0010000000000047748
42211000,238,3936,128140,5482,607,128722,129,19228,528,1,31519,0.0009999999999976694
42212000,-1037,11174,131855,6002,8384,123128,110,19229,451,1,31520,0.0009999999999976694
42213000,5536,8854,126614,-6675,-2293,125018,109,19219,446,0,31521,0.0010000000000047748
42214000,9165,-15799,127682,7972,-21667,138770,110,19219,446,0,31522,0.0009999999999976694
42215000,11892,-6060,130728,17560,-930,125668,112,19224,451,0,31523,0.0009999999999976694
42216000,156,-6130,129799,-11809,-9367,133121,112,19228,459,0,31524,0.0010000000000047748
42217000,-1952,9889,135500,-16970,13772,121664,127,19218,520,1,31525,0.0009999999999976694
42218000,-2538,8734,128903,5525,-6869,130278,114,19233,467,1,31526,0.0009999999999976694
42219000,-4946,2941,128130,1541,-6571,132248,99,19228,405,1,31527,0.0010000000000047748
42220000,-1905,-4662,128606,-26511,-9454,125811,138,19228,405,0,31528,0.0009999999999976694
42221002,-2738,-5199,128944,4828,-10837,133442,112,19230,565,0,31529,0.0010019999999997253
42222000,3994,2964,131322,12051,3640,122565,112,19224,459,0,31530,0.000998000000002719
42223000,-7846,6115,131183,-28184,-550,133828,114,19225,467,1,31531,0.0009999999999976694
42224000,-6656,1521,130942,-16444,1826,127605,144,19229,590,1,31532,0.0009999999999976694
42225001,-7507,11934,129829,-647,5072,125971,116,19231,475,1,31533,0.00100100000000225
42226000,-4662,9042,128381,-9226,2623,124844,107,19231,475,1,31534,0.0009990000000001942
42227000,-1701,1368,124578,-10408,-3436,132593,143,19224,438,0,31535,0.0009999999999976694
42228003,-3281,-12654,126712,-8462,-12709,125616,143,19233,586,0,31536,0.001003000000004306
42229002,-74,9919,130665,-3632,11599,118708,109,19229,446,0,31537,0.0009990000000001942
42230000,-5461,10881,127607,-6436,1966,135984,117,19220,479,1,31538,0.0009979999999956135
42231000,-5643,3881,125992,-10474,2974,119899,113,19229,463,1,31539,0.0009999999999976694
42232001,-4883,11528,127451,-16136,2360,131798,106,19229,463,1,31540,0.00100100000000225
42233000,1573,6061,125341,8235,1715,120220,133,19232,434,0,31541,0.0009990000000001942
42234003,205,3312,123441,572,-6777,127396,100,19226,545,0,31542,0.001003000000004306
42235001,726,-7364,125777,-1723,-5428,130578,100,19230,410,0,31543,0.0009979999999956135
42236002,887,7491,125866,2486,6661,117505,103,19227,422,0,31544,0.00100100000000225
42237001,-1582,9966,126085,-5671,8934,129059,143,19226,586,1,31545,0.0009990000000001942
42238000,-5169,12663,126143,-5848,9051,118382,113,19226,463,1,31546,0.0009990000000001942
42239000,2451,12349,123793,3983,-3394,127408,99,19231,463,1,31547,0.0009999999999976694
42240000,11239,-1266,124465,11688,1406,123650,100,19224,405,0,31548,0.0009999999999976694
42241000,10253,-653,125593,3423,-9791,124653,100,19233,410,0,31549,0.0010000000000047748
42242000,7457,-14252,127145,7513,1986,125764,110,19228,451,0,31550,0.0009999999999976694
42243000,2975,161,127095,1481,-1661,125795,117,19220,479,1,31551,0.0009999999999976694
42244000,1113,6668,128140,-177,-1834,131633,107,19220,438,1,31552,0.0010000000000047748
42245000,1705,16147,125238,6512,10875,116565,102,19230,438,1,31553,0.0009999999999976694
42246000,6444,15739,123858,4320,-1175,126737,120,19231,418,0,31554,0.0009999999999976694
42247000,13243,2001,127137,5302,-10599,125321,120,19226,491,0,31555,0.0010000000000047748
42248000,9583,-9278,126701,13943,-19086,134835,94,19232,385,0,31556,0.0009999999999976694
42249000,7513,-14303,129042,558,-10564,132192,104,19228,426,0,31557,0.0009999999999976694
42250000,2409,9769,132630,-2132,14278,118154,133,19225,545,1,31558,0.0010000000000047748
42251000,-1906,18705,127409,-708,8030,131201,114,19225,545,1,31559,0.0009999999999976694
42252000,1847,2332,127569,633,651,126344,98,19232,467,1,31560,0.0009999999999976694
42253000,4138,1212,127448,1957,-19378,130070,98,19226,401,0,31561,0.0010000000000047748
42254000,11823,-13662,128647,15396,-2161,124798,150,19231,614,0,31562,0.0009999999999976694
42255000,3012,-2805,127614,9943,-5783,131499,109,19231,446,0,31563,0.0009999999999976694
42256000,2037,-11546,131725,-26164,-6834,133188,113,19221,463,0,31564,0.0010000000000047748
42257000,-2329,16950,134281,1377,19501,118412,137,19221,463,1,31565,0.0009999999999976694
42258001,-9853,9790,130002,4439,-1543,130415,104,19231,561,1,31566,0.00100100000000225
42259000,-3652,-4293,129270,-21773,-9994,132001,104,19228,426,1,31567,0.0009990000000001942
42260001,-614,-16795,129597,-6066,-16455,137370,109,19219,446,0,31568,0.0010009999999951447
42261000,3609,4963,131163,12722,6230,120803,89,19233,365,0,31569,0.0009990000000001942
42262000,-1891,9132,131564,-10918,1119,123735,110,19228,451,0,31570,0.0010000000000047748
42263000,-8231,1280,129381,-21864,-4145,132782,136,19228,451,1,31571,0.0009999999999976694
42264000,-8404,1117,128687,-7270,-3958,137556,117,19221,557,1,31572,0.0009999999999976694
42265000,-11418,12035,133178,-4828,10185,119122,117,19231,479,1,31573,0.0010000000000047748
42266000,-3340,24502,128439,-16015,14271,119804,96,19227,393,1,31574,0.0009999999999976694
42267000,-1820,-11828,124701,-3719,-16708,135001,149,19229,610,0,31575,0.0009999999999976694
42268000,-348,-10944,127862,-1852,-7626,133068,103,19233,422,0,31576,0.0010000000000047748
42269000,-832,8206,128754,-11679,9758,118826,107,19233,422,0,31577,0.0009999999999976694
42270000,-6230,17388,130698,-2881,13509,121629,130,19225,438,1,31578,0.0009999999999976694
42271000,-5848,4770,126860,-17910,2294,134814,130,19226,532,1,31579,0.0010000000000047748
42272000,-5669,-5382,126906,-9426,-2588,126610,112,19232,459,1,31580,0.0009999999999976694
42273000,2060,11527,127291,4436,8642,117136,107,19223,438,0,31581,0.0009999999999976694
42274002,-2220,1617,122749,-1356,-4458,125841,85,19230,348,0,31582,0.0010019999999997253
42275000,274,-1700,125088,-6147,-5425,130356,112,19230,348,0,31583,0.000998000000002719
42276000,840,2907,125416,-1685,409,124313,129,19231,459,1,31584,0.0009999999999976694
42277000,-4043,12188,125578,2483,10237,117067,129,19217,528,1,31585,0.0010000000000047748
42278000,-2044,23263,126064,-7717,-369,125429,114,19231,467,1,31586,0.0009999999999976694
42279000,4223,1730,122316,-135,-11104,129698,97,19230,397,1,31587,0.0009999999999976694
42280000,9353,601,125126,9565,-5852,120412,133,19233,545,0,31588,0.0010000000000047748
42281000,11447,-188,125070,4500,-5018,124156,109,19233,446,0,31589,0.0009999999999976694
42282000,5358,-2059,125903,4914,2013,125912,114,19227,446,0,31590,0.0009999999999976694
42283000,5527,-1423,126150,-4071,-2538,128108,141,19226,467,1,31591,0.0010000000000047748
42284000,2310,4712,129278,6897,8652,124306,141,19228,577,1,31592,0.0009999999999976694
42285000,3505,12769,124145,8964,-68,120675,111,19232,455,1,31593,0.0009999999999976694
42286000,8694,6124,126915,2306,-897,121771,101,19224,414,0,31594,0.0010000000000047748
42287000,9688,4144,126875,4585,-10815,133117,116,19224,475,0,31595,0.0009999999999976694
42288000,12593,-13824,126205,14712,-21356,135694,105,19232,475,0,31596,0.0009999999999976694
42289000,5463,-6053,132214,-7053,8294,122122,116,19229,430,0,31597,0.0010000000000047748
42290000,2128,11361,130418,-4247,2302,126322,116,19223,475,1,31598,0.0009999999999976694
42291002,2410,10103,132363,12453,8377,125232,111,19228,455,1,31599,0.0010019999999997253
42292000,3631,6839,127562,-4926,-6691,133813,103,19231,422,1,31600,0.000998000000002719
42293000,9184,-4913,126070,412,-11117,124277,130,19221,532,0,31601,0.0009999999999976694
42294002,8501,1607,132361,21328,-1284,128665,100,19221,532,0,31602,0.0010019999999997253
42295000,5870,-9146,127169,-1697,-15732,137489,105,19229,410,0,31603,0.0009979999999956135
42296002,-1399,-1970,134503,-20017,4736,124287,105,19226,430,1,31604,0.0010020000000068308
42297002,-465,7582,132417,5283,-4361,136711,148,19227,606,1,31605,0.0009999999999976694
42298000,-7782,9071,129078,-5028,6058,118288,112,19236,459,1,31606,0.0009979999999956135
42299000,-1011,5477,129210,-23760,-6297,132924,97,19227,397,1,31607,0.0010000000000047748
42300000,1673,-12635,126390,7476,-12960,132801,121,19227,397,0,31608,0.0009999999999976694
42301000,2864,2441,132096,-6241,3217,127118,108,19234,496,0,31609,0.0009999999999976694
42302000,-3164,101,130387,-13342,-497,128746,108,19228,442,0,31610,0.0010000000000047748
42303000,-8822,3248,131341,-9466,-246,127517,117,19220,479,1,31611,0.0009999999999976694
42304001,-7796,3015,128915,-11210,-139,135386,116,19230,475,1,31612,0.00100100000000225
42305003,-12605,8669,128517,-7665,8791,122263,105,19232,430,1,31613,0.0010019999999997253
42306001,-372,11435,127526,-7897,1085,123681,120,19232,430,0,31614,0.0009979999999956135
42307000,-4758,-2952,127157,-8451,-7290,129669,93,19214,491,0,31615,0.0009990000000001942
42308001,-232,-2768,123685,-4429,-13212,129153,93,19232,381,0,31616,0.00100100000000225
42309000,-1679,-3645,130647,-5511,6472,124112,103,19230,422,0,31617,0.0009990000000001942
42310000,-4759,21096,125904,-12679,6859,124778,137,19231,561,1,31618,0.0009999999999976694
42311000,-8220,462,128965,-8125,1179,126874,116,19227,475,1,31619,0.0010000000000047748
42312000,-5799,13417,126461,-15774,4577,121735,101,19227,475,1,31620,0.0009999999999976694
42313000,3197,379,125251,8659,-1758,130857,115,19229,414,0,31621,0.0009999999999976694
42314000,-696,3290,125379,1661,1725,120010,115,19233,471,0,31622,0.0010000000000047748
42315000,4091,-5413,125937,-11586,-12250,135665,109,19224,446,0,31623,0.0009999999999976694
42316000,-2337,3949,126783,4216,6666,118220,114,19223,467,1,31624,0.0009999999999976694
42317000,-565,13436,124843,-6993,3162,127484,137,19232,561,1,31625,0.0010000000000047748
42318001,-3093,7100,125531,-982,6858,124624,103,19232,561,1,31626,0.0010009999999951447
42319002,3782,14897,123148,-2772,4517,117569,110,19238,422,0,31627,0.00100100000000225
42320000,10440,188,123515,6302,-6775,122022,110,19225,451,0,31628,0.000998000000002719
42321000,8565,-1670,124813,13639,-2335,130070,97,19228,397,0,31629,0.0009999999999976694
42322000,7680,-12300,125300,-5394,-15828,127531,114,19223,467,0,31630,0.0009999999999976694
42323000,1684,5092,130325,4638,8536,117566,135,19225,553,1,31631,0.0010000000000047748
42324000,1528,9918,128114,4275,882,141474,113,19225,463,1,31632,0.0009999999999976694
42325000,5944,1070,124980,3096,8450,112336,96,19231,463,1,31633,0.0009999999999976694
42326000,7204,2737,125888,2612,294,129716,150,19226,393,0,31634,0.0010000000000047748
42327000,11621,954,128167,8334,-7723,126066,150,19231,614,0,31635,0.0009999999999976694
42328004,7408,-14446,124917,10102,-17746,131283,113,19231,463,0,31636,0.0010040000000017812
42329000,3588,-12724,131460,-12641,2781,132963,110,19224,451,1,31637,0.000996000000000663
42330000,3148,12188,131327,-997,9737,121168,125,19224,512,1,31638,0.0009999999999976694
42331002,4175,16744,130978,10485,4846,126859,109,19231,512,1,31639,0.0010019999999997253
42332000,2637,8566,130140,-7463,-7009,125434,108,19232,446,1,31640,0.000998000000002719
42333000,8259,-9140,125539,2844,-27856,139793,108,19223,442,0,31641,0.0009999999999976694
42334002,8596,-19807,131668,26306,5858,125113,105,19234,430,0,31642,0.0010019999999997253
42335000,5808,3877,128391,-19882,-6094,131507,105,19232,430,0,31643,0.000998000000002719
42336000,-2029,-475,136426,-7315,16823,122513,118,19232,483,1,31644,0.0009999999999976694
42337000,-5519,13371,129737,2656,-3341,130578,113,19219,483,1,31645,0.0009999999999976694
42338000,-5353,-7271,130659,-1590,-8625,136876,97,19231,463,1,31646,0.0010000000000047748
42339000,-7124,-2942,128024,-15978,-8902,124992,97,19229,397,0,31647,0.0009999999999976694
42340000,-23,-1670,127974,-3708,-4508,132757,139,19230,569,0,31648,0.0009999999999976694
42341000,1926,4102,131637,5609,527,122702,106,19229,434,0,31649,0.0010000000000047748
42342000,-4708,4083,132323,-16505,2087,129153,109,19222,446,0,31650,0.0009999999999976694
42343000,-8689,-496,130339,-13885,-2732,133417,137,19222,446,1,31651,0.0009999999999976694
42344000,-7924,5790,131035,-5193,5304,124011,110,19229,561,1,31652,0.0010000000000047748
42345000,-7550,13572,129262,-8230,4153,130793,110,19229,451,1,31653,0.0009999999999976694
42346000,-158,2127,126805,-6765,-1706,122230,104,19223,426,0,31654,0.0009999999999976694
42347000,-4927,-2871,127278,-9420,-16520,136206,134,19233,549,0,31655,0.0010000000000047748
42348000,-748,-5680,127409,1888,6493,121364,105,19231,430,0,31656,0.0009999999999976694
42349000,-4982,9018,127931,-11817,8518,123738,118,19231,430,1,31657,0.0009999999999976694
42350000,-5357,6851,128517,-10322,4054,126748,113,19222,483,1,31658,0.0010000000000047748
42351000,-7305,10216,126745,-4893,1494,125353,113,19238,463,1,31659,0.0009999999999976694
42352000,-3436,7700,124936,-6054,-4406,126804,105,19228,430,1,31660,0.0009999999999976694
42353000,2165,3033,125072,2296,6366,121201,130,19231,532,0,31661,0.0010000000000047748
42354000,1695,-2778,121937,-9489,-8979,130154,102,19231,418,0,31662,0.0009999999999976694
42355000,4206,890,129155,-434,4410,122874,107,19231,418,0,31663,0.0009999999999976694
42356000,247,10597,124131,-1566,927,125519,154,19229,438,1,31664,0.0009999999999976694
42357000,-5995,7125,125514,-465,4383,124160,154,19227,631,1,31665,0.0010000000000047748
42358000,-3066,15351,124356,-7916,8847,122595,112,19233,459,1,31666,0.0009999999999976694
42359000,8983,3331,124726,2840,-8202,129458,97,19229,397,0,31667,0.0009999999999976694
42360000,10039,16719,123733,20326,7894,110977,94,19232,385,0,31668,0.0010000000000047748
42361000,7136,-10385,122004,-3513,-21275,132529,115,19232,385,0,31669,0.0009999999999976694
42362000,5930,-8985,127419,3262,-6151,128615,122,19231,471,0,31670,0.0009999999999976694
42363000,3450,11290,128879,9854,8982,123813,122,19222,500,1,31671,0.0010000000000047748
42364000,1934,15209,128360,-3351,13090,119048,109,19230,446,1,31672,0.0009999999999976694
42365000,6187,9571,124337,1557,-3311,127300,101,19231,414,1,31673,0.0009999999999976694
42366002,11416,-2567,125669,10352,-11891,125356,120,19227,491,0,31674,0.0010019999999997253
42367004,10449,5884,127085,11812,350,124294,98,19227,401,0,31675,0.0010020000000068308
42368000,7265,-7314,129013,7232,-10255,130811,106,19234,401,0,31676,0.0009959999999935576
42369000,4925,-1127,130671,-2292,-5869,133333,106,19228,434,1,31677,0.0010000000000047748
42370000,728,8738,130884,-296,-24,130426,140,19229,573,1,31678,0.0009999999999976694
42371000,-443,12735,129569,1615,10572,120003,113,19231,463,1,31679,0.0009999999999976694
42372000,3582,15297,128232,-2649,-12558,131342,98,19228,401,1,31680,0.0010000000000047748
42373000,8923,-11032,127621,1693,-24083,137865,139,19228,569,0,31681,0.0009999999999976694
42374000,14180,-12644,129770,20082,-5890,127243,108,19232,569,0,31682,0.0009999999999976694
42375001,1779,3287,130542,4914,-599,127799,112,19230,442,0,31683,0.00100100000000225
42376000,1989,11829,134477,-17378,17651,120015,112,19225,459,1,31684,0.0009990000000001942
42377000,-5682,14009,130543,12813,-3637,137104,131,19232,537,1,31685,0.0009999999999976694
42378000,-5163,-5354,128315,-10539,-12277,132640,102,19231,418,1,31686,0.0010000000000047748
42379000,-5791,-6312,127357,-15555,-15515,126765,111,19231,455,0,31687,0.0009999999999976694
42380000,795,-4274,131778,4143,3293,124456,93,19223,455,0,31688,0.0009999999999976694
42381000,5050,10397,128050,3631,-63,127387,112,19230,381,0,31689,0.0010000000000047748
42382000,-5836,1324,131636,-20327,-2353,130357,112,19226,459,1,31690,0.0009999999999976694
42383000,-6134,-6570,127988,-21141,5772,130653,140,19224,573,1,31691,0.0009999999999976694
42384000,-11209,8810,130235,-436,10263,120038,118,19229,483,1,31692,0.0010000000000047748
42385002,-4939,17167,132058,-8618,2771,129222,98,19228,401,1,31693,0.0010019999999997253
42386000,-4975,-2407,122461,-10074,-15038,130699,153,19228,401,0,31694,0.0009979999999956135
42387003,-5702,-7631,126350,-3988,-9240,128116,113,19228,627,0,31695,0.001003000000004306
42388001,289,4038,127628,-7303,11649,119463,113,19232,463,0,31696,0.0009979999999956135
42389002,-2150,8625,127760,-6489,6605,124234,114,19230,467,1,31697,0.00100100000000225
42390002,-6039,9081,129654,-12336,-545,131668,134,19227,549,1,31698,0.0009999999999976694
42391002,-7197,22,126738,-14226,1222,121428,112,19228,459,1,31699,0.0010000000000047748
42392000,-509,13574,126988,2509,8456,121261,110,19228,459,0,31700,0.0009979999999956135
42393000,695,-1287,123073,-484,-11498,129600,85,19221,451,0,31701,0.0010000000000047748
42394000,3246,-6480,124467,-10006,-8903,128265,85,19230,348,0,31702,0.0009999999999976694
42395000,917,1967,127999,-12238,13928,121385,108,19227,442,0,31703,0.0009999999999976694
42396000,1296,16247,126918,9475,13419,118356,126,19225,516,1,31704,0.0010000000000047748
42397000,-4050,8310,126947,-1354,8410,133654,115,19231,471,1,31705,0.0009999999999976694
42398000,-406,-6224,124046,-11257,-1805,130893,98,19231,471,1,31706,0.0009999999999976694
42399001,6431,7801,126197,12675,6299,119045,129,19231,401,0,31707,0.00100100000000225
42400000,7196,4802,124803,14741,-3880,124553,129,19236,528,0,31708,0.0009990000000001942
42401000,9127,-6204,123285,-768,-12486,127639,108,19229,442,0,31709,0.0009999999999976694
42402000,1499,-8915,125709,3564,-11561,133006,116,19225,475,1,31710,0.0010000000000047748
42403000,3919,5533,129044,1641,12735,118748,134,19229,549,1,31711,0.0009999999999976694
42404000,4688,23062,126728,-1778,12651,119374,111,19229,549,1,31712,0.0009999999999976694
42405000,6481,4217,124984,4152,-1801,126353,103,19229,455,1,31713,0.0010000000000047748
42406000,12258,-3447,126701,7855,-7702,127496,103,19222,422,0,31714,0.0009999999999976694
42407000,7689,-2991,127498,11901,-6504,132232,102,19231,418,0,31715,0.0009999999999976694
42408000,8626,-15650,129501,6336,-13214,127909,101,19229,414,0,31716,0.0010000000000047748
42409000,3088,-2260,130506,-8008,-1876,129836,119,19229,487,1,31717,0.0009999999999976694
42410000,1071,12060,129999,3389,11032,123916,113,19229,487,1,31718,0.0009999999999976694
42411000,-1714,15430,127447,5190,8167,125063,101,19229,463,1,31719,0.0010000000000047748
42412001,2082,-5457,127269,-7032,-11487,131662,101,19230,414,0,31720,0.0010009999999951447
42413000,13837,-6910,128025,11158,-11731,125246,131,19226,537,0,31721,0.0009990000000001942
42414000,5900,-2741,128474,16948,-6209,137639,100,19228,410,0,31722,0.0010000000000047748
42415001,4419,-8649,132340,-15662,-8335,122344,107,19226,438,0,31723,0.0010009999999951447
42416000,32,5196,133869,-9762,4713,132031,153,19226,627,1,31724,0.0009990000000001942
42417000,-8888,5306,130525,6552,2676,123693,109,19234,627,1,31725,0.0010000000000047748
42418002,-7770,7208,130594,-11632,-9664,136348,99,19231,446,1,31726,0.0010019999999997253
42419000,1319,-8108,126551,-13482,-15689,130915,99,19223,405,0,31727,0.0009979999999956135
42420000,1182,-6203,130447,9835,507,122159,126,19229,516,0,31728,0.0009999999999976694
42421000,-1514,8100,131909,-9043,3630,129870,119,19226,487,0,31729,0.0010000000000047748
42422000,-4590,3734,130321,-11568,-4467,129571,124,19226,508,1,31730,0.0009999999999976694
42423000,-8073,-1671,130882,-9287,6131,134302,110,19223,508,1,31731,0.0009999999999976694
42424000,-7630,9487,130810,-12076,15667,121113,105,19227,451,1,31732,0.0010000000000047748
42425000,-4526,15146,128888,-6986,1363,127176,105,19231,430,1,31733,0.0009999999999976694
42426000,-2002,-5423,127371,-4780,-14640,136419,126,19219,516,0,31734,0.0009999999999976694
42427000,-2849,-6552,126213,-2625,-7345,127836,105,19231,430,0,31735,0.0010000000000047748
42428000,-3045,-4212,127763,-13243,5052,121811,107,19231,438,0,31736,0.0009999999999976694
42429000,-4065,16043,129675,-6828,15066,121896,141,19226,438,1,31737,0.0009999999999976694
42430000,-7456,4505,125132,503,-546,138400,117,19228,577,1,31738,0.0010000000000047748
42431000,-7395,5110,125477,-20742,8342,113202,117,19232,479,1,31739,0.0009999999999976694
42432000,-1644,13154,126451,-1921,1255,127704,105,19229,430,0,31740,0.0009999999999976694
42433000,1910,-4014,123370,8657,-6069,127160,121,19230,496,0,31741,0.0010000000000047748
42434000,4508,535,123301,-4752,-13152,128687,108,19227,442,0,31742,0.0009999999999976694
42435000,-365,-1901,127412,-5889,2722,127526,109,19227,442,0,31743,0.0009999999999976694
42436000,-1929,20094,126333,-2257,16789,113313,138,19220,446,1,31744,0.0010000000000047748
42437002,-1113,11735,126840,-1636,2697,130640,138,19229,565,1,31745,0.0010019999999997253
42438002,3393,4511,125177,2358,-13,123397,101,19236,414,1,31746,0.0009999999999976694
42439000,7104,7022,123980,4204,-4010,126095,111,19225,455,0,31747,0.000998000000002719
42440000,9710,-944,125856,9281,-2028,121809,98,19229,401,0,31748,0.0009999999999976694
42441000,10095,201,125673,5176,-8317,126913,109,19229,401,0,31749,0.0009999999999976694
42442000,5242,-8010,129084,6598,3239,135697,134,19226,446,1,31750,0.0010000000000047748
42443000,867,3571,127093,-1723,11102,114314,134,19228,549,1,31751,0.0009999999999976694
42444000,3806,8594,128786,5632,1823,131885,112,19230,459,1,31752,0.0009999999999976694
42445000,7485,3117,125253,8361,567,121703,99,19229,405,1,31753,0.0010000000000047748
42446000,9830,510,126773,4411,-6159,127552,149,19230,610,0,31754,0.0009999999999976694
42447007,10312,-8820,125279,9256,-17409,132776,108,19230,610,0,31755,0.0010070000000013124
42448002,4558,252,129597,3815,2854,122466,106,19229,442,0,31756,0.0009949999999960824
42449000,5414,4329,129711,-1825,1946,134336,106,19227,434,1,31757,0.000998000000002719
42450000,-1773,7389,130226,-260,2506,123804,129,19225,528,1,31758,0.0009999999999976694
42451001,310,9295,128849,5064,-477,127370,108,19234,442,1,31759,0.00100100000000225
42452000,4532,-5104,126829,2461,-11672,130699,113,19219,463,0,31760,0.0009990000000001942
42453001,8915,-8675,130191,-2479,-20094,130924,95,19219,463,0,31761,0.00100100000000225
42454000,8021,5062,128992,20157,1511,127649,104,19229,389,0,31762,0.0009990000000001942
42455000,-3369,-7615,130633,-16909,-2657,125104,104,19226,426,0,31763,0.0009999999999976694
42456000,2358,7755,135317,-15167,4156,130268,124,19218,508,1,31764,0.0009999999999976694
42457000,-9046,5353,129249,15623,-3680,132488,113,19227,463,1,31765,0.0010000000000047748
42458000,-2727,109,129564,-13901,-1823,126168,100,19231,410,1,31766,0.0009999999999976694
42459000,-1622,-6719,129442,-21421,-12561,131816,142,19231,582,0,31767,0.0009999999999976694
42460000,1502,255,129977,10902,-901,124155,105,19229,582,0,31768,0.0010000000000047748
42461000,-1116,6818,130014,2483,-1643,135186,112,19224,430,0,31769,0.0009999999999976694
42462000,-10574,-4096,130845,-26614,-6656,126763,112,19221,459,1,31770,0.0009999999999976694
42463000,-8382,11173,131595,-13612,5179,131105,137,19228,561,1,31771,0.0010000000000047748
42464001,-10766,4498,128926,-1644,911,127953,111,19231,455,1,31772,0.0010009999999951447
42465000,-2779,7874,127672,-11124,10009,120646,105,19231,430,1,31773,0.0009990000000001942
42466001,-5196,6452,124188,-11174,-17924,135754,134,19225,430,0,31774,0.00100100000000225
42467000,-4624,-3770,128005,-9390,1475,121938,104,19229,549,0,31775,0.0009990000000001942
42468000,765,8012,128777,-800,-1710,131493,104,19229,426,0,31776,0.0009999999999976694
42469000,-6544,8932,128821,-10588,5083,118638,121,19224,496,1,31777,0.0010000000000047748
42470000,-6823,10062,128362,-16736,5326,131492,114,19232,467,1,31778,0.0009999999999976694
42471000,-4365,-1839,126113,-4426,-1613,129770,102,19232,418,1,31779,0.0009999999999976694
42472000,3503,5386,126931,7676,7373,116451,134,19232,418,0,31780,0.0010000000000047748
42473000,-3583,4576,124042,-9818,-7423,129194,112,19229,549,0,31781,0.0009999999999976694
42474003,-879,-5923,126598,-7048,846,122871,112,19227,459,0,31782,0.0010029999999972006
42475002,1105,4438,126924,3016,1429,131328,112,19231,459,0,31783,0.0009990000000001942
42476000,-3545,8591,125349,-1241,5473,121606,157,19227,643,1,31784,0.000998000000002719
42477000,-3004,10351,124346,-5908,19709,115721,110,19232,451,1,31785,0.0009999999999976694
42478000,2890,17173,121401,104,-8309,127171,99,19232,451,1,31786,0.0010000000000047748
42479000,11755,2720,125251,13612,-6449,124831,98,19226,405,0,31787,0.0009999999999976694
42480002,11253,-2091,124427,7216,-8339,128173,98,19230,401,0,31788,0.0010019999999997253
42481000,4122,-1633,127456,-325,-6472,121477,112,19226,459,0,31789,0.0009979999999956135
42482000,6479,3134,127589,3252,-3147,131286,122,19222,500,1,31790,0.0010000000000047748
42483000,1605,2036,128155,3462,6693,126532,108,19232,442,1,31791,0.0009999999999976694
42484000,4948,13761,125353,6229,8957,121050,99,19232,442,1,31792,0.0009999999999976694
42485000,6930,6495,126222,2333,646,120690,119,19237,405,0,31793,0.0010000000000047748
42486000,11374,1279,125254,6538,-4459,125865,119,19224,487,0,31794,0.0009999999999976694
42487000,11443,-10620,123312,18762,-24032,132666,97,19233,397,0,31795,0.0009999999999976694
42488000,4454,-4711,131259,-3012,59,127287,103,19229,422,0,31796,0.0010000000000047748
42489000,3430,4747,129142,-10553,14161,121738,138,19230,565,1,31797,0.0009999999999976694
42490000,1872,14829,131256,8963,7654,129899,115,19230,565,1,31798,0.0009999999999976694
42491000,-188,-1613,128836,2052,-7831,132706,102,19231,471,1,31799,0.0010000000000047748
42492001,7323,-7475,126400,-4511,-10837,126948,102,19224,418,0,31800,0.0010009999999951447
42493000,9221,-5821,131069,19614,-1123,127541,144,19230,590,0,31801,0.0009990000000001942
42494000,7691,-302,128631,11832,-7685,131671,105,19232,430,0,31802,0.0010000000000047748
42495000,2008,-1108,133435,-27314,-846,127507,110,19223,451,1,31803,0.0009999999999976694
42496000,-3190,11932,132223,1516,3860,125051,123,19223,451,1,31804,0.0009999999999976694
42497000,-7086,6210,130874,5903,2184,128357,102,19226,504,1,31805,0.0010000000000047748
42498000,-2790,-1581,127418,-26641,-10469,130923,102,19229,418,1,31806,0.0009999999999976694
42499000,1257,-7739,131626,-1062,-9349,133366,116,19222,475,0,31807,0.0009999999999976694
42500001,5230,3740,130019,7228,-1972,124482,93,19228,381,0,31808,0.00100100000000225
42501001,-2801,9655,132245,-11202,9882,124262,108,19230,442,0,31809,0.0009999999999976694
42502001,-5529,3417,130294,-18430,3419,129852,138,19230,565,1,31810,0.0010000000000047748
42503000,-7690,-1645,129428,-10052,-4148,137103,118,19228,565,1,31811,0.0009990000000001942
42504000,-9073,8818,130676,-4303,10475,120529,103,19228,483,1,31812,0.0009999999999976694
42505000,-2171,11762,126719,-11969,4860,124874,103,19226,422,0,31813,0.0009999999999976694
42506002,-2488,-8925,123424,-4731,-15550,130859,155,19228,635,0,31814,0.0010019999999997253
42507002,571,-3894,128342,-3977,-5526,127154,102,19229,418,0,31815,0.0010000000000047748
42508000,-1238,4861,127082,-9096,2785,119157,107,19229,438,0,31816,0.0009979999999956135
42509000,-7357,14837,130508,-4128,12738,127970,132,19224,438,1,31817,0.0010000000000047748
42510002,-7146,4908,126808,-16445,-1277,131885,111,19227,541,1,31818,0.0010019999999997253
42511000,-4623,398,126933,-8426,1386,122396,111,19227,455,1,31819,0.0009979999999956135
42512001,98,7580,124891,8382,-610,126967,113,19220,463,0,31820,0.00100100000000225
42513000,-1552,976,124139,-9211,-6289,118403,89,19227,365,0,31821,0.0009990000000001942
42514000,5062,1921,125759,-3691,1552,129381,106,19227,434,0,31822,0.0009999999999976694
42515000,-1641,513,126390,1738,7784,125695,133,19234,434,1,31823,0.0010000000000047748
42516000,146,15535,127754,-2939,11157,120168,117,19222,545,1,31824,0.0009999999999976694
42517000,-2666,7135,125208,-331,3637,129230,117,19230,479,1,31825,0.0009999999999976694
42518002,5498,3054,123520,5234,1340,121232,97,19227,397,0,31826,0.0010019999999997253
42519002,8830,2445,125671,6071,-5950,125967,130,19233,532,0,31827,0.0010000000000047748
42520002,9923,971,125573,6349,-5998,126829,109,19233,446,0,31828,0.0009999999999976694
42521000,6248,-6860,126020,8341,-6378,129647,113,19228,446,0,31829,0.000998000000002719
42522003,90,495,127217,-4534,5507,121667,131,19222,463,1,31830,0.0010029999999972006
42523000,3037,12782,129834,203,11775,121334,131,19225,537,1,31831,0.0009969999999981383
42524000,6002,702,127715,8994,5349,135968,109,19235,446,1,31832,0.0010000000000047748
42525000,10267,205,125105,3088,-4331,113858,102,19223,418,0,31833,0.0009999999999976694
42526000,9130,3081,128557,9313,-4739,129611,93,19227,381,0,31834,0.0009999999999976694
42527000,8098,-10627,125471,10019,-17527,135744,103,19227,381,0,31835,0.0010000000000047748
42528001,4672,-5412,130428,-2405,-2686,127504,121,19227,422,1,31836,0.0010009999999951447
42529000,-350,7300,132174,-5690,8178,130777,121,19226,496,1,31837,0.0009990000000001942
42530000,-493,17657,129189,3464,11266,114193,111,19229,455,1,31838,0.0010000000000047748
42531000,3746,5643,128362,3896,-7444,135581,101,19227,414,1,31839,0.0009999999999976694
42532000,9241,-9806,126979,-4944,-13735,129013,137,19227,561,0,31840,0.0009999999999976694
42533000,9730,-952,130538,9412,880,127077,110,19227,561,0,31841,0.0010000000000047748
42534000,3758,-4880,131146,5782,-8656,131309,111,19228,451,0,31842,0.0009999999999976694
42535000,-1479,1960,131369,-22070,1521,124421,111,19228,455,1,31843,0.0009999999999976694
42536000,-4049,1593,134608,517,168,144670,156,19228,639,1,31844,0.0010000000000047748
42537000,-8382,2633,127692,2492,3145,118039,112,19229,459,1,31845,0.0009999999999976694
42538000,-798,2110,130878,-22897,-6173,131663,102,19224,418,0,31846,0.0009999999999976694
42539002,-2484,-5425,127218,3398,-11368,129635,127,19224,418,0,31847,0.0010019999999997253
42540000,2963,-3401,130015,1029,-5112,129829,116,19229,520,0,31848,0.000998000000002719
42541000,-7366,4467,132502,-17967,-765,132378,116,19228,475,0,31849,0.0009999999999976694
42542000,-8873,5803,130785,-13491,6123,123515,123,19217,504,1,31850,0.0010000000000047748
42543000,-7187,4734,130155,-7435,-676,137258,114,19228,467,1,31851,0.0009999999999976694
42544000,-9347,8455,129992,-4924,5868,122320,105,19229,430,1,31852,0.0009999999999976694
42545000,-682,6865,125822,-11164,-7183,128727,131,19229,430,0,31853,0.0009999999999976694
42546000,-5573,-5399,128193,-9190,-3174,128010,110,19220,537,0,31854,0.0010000000000047748
42547000,-151,4383,127032,-8173,-2908,125787,110,19229,451,0,31855,0.0009999999999976694
42548002,-3311,-959,128128,-3625,-3368,130821,106,19226,434,1,31856,0.0010019999999997253
42549000,-6771,16882,129396,-17344,17202,115018,143,19228,586,1,31857,0.000998000000002719
42550000,-5360,5629,125616,-2966,-5487,137469,119,19232,487,1,31858,0.0009999999999976694
42551000,-6092,5224,124502,-1829,3276,115971,106,19232,434,1,31859,0.0009999999999976694
42552003,4071,6909,126419,-13609,3797,128100,115,19225,434,0,31860,0.001003000000004306
42553000,-1202,-2091,122674,11235,-5927,124182,106,19236,471,0,31861,0.0009969999999981383
42554000,5637,-1573,126366,-7163,-6010,134873,106,19230,434,0,31862,0.0009999999999976694
42555000,-4333,-5243,126320,-6480,-1704,119569,111,19221,455,1,31863,0.0010000000000047748
42556000,-3587,17683,125879,2900,14422,119507,132,19231,541,1,31864,0.0009999999999976694
42557000,336,14082,125222,-3493,4384,125752,103,19231,422,1,31865,0.0009999999999976694
42558000,1980,2198,122827,3014,-1251,122715,114,19233,422,0,31866,0.0010000000000047748
42559000,13847,-6566,122636,1750,-1703,132262,107,19225,467,0,31867,0.0009999999999976694
42560000,6706,4714,126291,18539,-6566,118438,107,19226,438,0,31868,0.0009999999999976694
42561000,5597,1854,126343,-5878,-12179,137814,114,19226,467,0,31869,0.0010000000000047748
42562000,5115,-1535,129232,9425,11518,119252,142,19226,582,1,31870,0.0009999999999976694
42563000,2629,20622,129811,8181,8928,123295,116,19226,475,1,31871,0.0009999999999976694
42564000,8518,-437,123901,-1364,-7395,131842,100,19229,475,1,31872,0.0010000000000047748
42565002,7272,-1269,127521,5208,-3144,122812,144,19227,410,0,31873,0.0010019999999997253
42566000,14843,-1660,126001,17679,-10725,135847,144,19232,590,0,31874,0.0009979999999956135
42567000,5926,-9393,127667,9504,1,121479,103,19237,422,0,31875,0.0010000000000047748
42568000,4082,1020,131906,-11387,8555,131137,106,19224,434,1,31876,0.0009999999999976694
42569000,1949,849,128819,1382,4241,129744,116,19229,475,1,31877,0.0009999999999976694
42570000,-1029,12425,131295,11183,4461,123804,107,19229,475,1,31878,0.0010000000000047748
42571001,4481,-4282,129342,1706,3736,125816,113,19235,438,1,31879,0.0010009999999951447
42572000,8185,-5297,125991,431,-20849,130311,113,19218,463,0,31880,0.0009990000000001942
42573000,10286,-15457,131972,19778,-12451,139707,90,19232,369,0,31881,0.0010000000000047748
42574000,5590,-1471,129429,-17391,3331,121485,105,19230,430,0,31882,0.0009999999999976694
42575000,-782,17200,136164,-7483,16115,119770,130,19223,532,1,31883,0.0009999999999976694
42576000,-4877,9595,130859,2165,-9835,138423,112,19223,532,1,31884,0.0010000000000047748
42577001,-7433,-10078,127443,-4322,-12558,130016,97,19230,459,1,31885,0.0010009999999951447
42578000,-1501,-4142,130775,-11655,-9213,134153,97,19225,397,0,31886,0.0009990000000001942
42579000,199,5790,128981,2604,2808,116578,145,19232,594,0,31887,0.0010000000000047748
42580000,-122,6342,130844,-789,-440,129747,106,19229,434,0,31888,0.0009999999999976694
42581000,-1771,-1303,130419,-17277,-3321,132417,113,19224,463,0,31889,0.0009999999999976694
42582002,-10364,-1068,130932,-9023,-2345,131777,139,19224,463,1,31890,0.0010019999999997253
42583002,-4108,10388,130552,-7678,18050,117946,109,19224,569,1,31891,0.0010000000000047748
42584000,-6664,12149,128972,-11649,2067,128808,109,19230,446,1,31892,0.0009979999999956135
42585000,1472,-8757,124914,-3908,-17137,135876,105,19223,430,0,31893,0.0010000000000047748
42586000,-5681,2555,126470,-1594,-1644,122267,133,19230,545,0,31894,0.0009999999999976694
42587001,-3731,2077,127423,-9935,4785,126199,106,19228,434,0,31895,0.00100100000000225
42588000,-2947,17878,129426,-7613,9775,120500,124,19228,434,1,31896,0.0009990000000001942
42589000,-7178,6826,126945,-11172,-4302,131640,116,19227,508,1,31897,0.0009999999999976694
42590000,-3308,931,126675,-6802,1821,126122,116,19229,475,1,31898,0.0009999999999976694
42591000,-3006,11847,126197,-4815,4724,118495,101,19230,414,0,31899,0.0010000000000047748
42592000,2339,6328,123777,-2315,-3207,125783,136,19230,557,0,31900,0.0009999999999976694
42593000,2627,-66,123878,-6794,-4986,126417,106,19231,434,0,31901,0.0009999999999976694
42594000,487,-2118,125999,-3752,-6420,128118,110,19231,451,0,31902,0.0010000000000047748
42595000,-2527,24928,126881,-1571,23083,110252,161,19220,451,1,31903,0.0009999999999976694
42596002,-1330,11982,124972,-8024,6655,128634,110,19228,659,1,31904,0.0010019999999997253
42597000,2130,-3867,122607,8647,-4111,131403,110,19233,451,1,31905,0.000998000000002719
42598000,6959,5005,125021,-1725,6182,117309,101,19229,414,0,31906,0.0009999999999976694
42599000,6938,7519,124267,3353,4899,122309,90,19229,369,0,31907,0.0009999999999976694
42600000,8547,-670,124328,16032,-10266,126213,113,19229,463,0,31908,0.0010000000000047748
42601000,4783,-14871,125692,-1176,-17023,129802,123,19224,463,1,31909,0.0009999999999976694
42602000,1107,5409,129875,-1653,7529,116874,114,19220,504,1,31910,0.0009999999999976694
42603002,3515,15737,126247,3962,8039,134912,114,19232,467,1,31911,0.0010019999999997253
42604000,5403,10140,124744,7466,-561,122347,101,19231,414,1,31912,0.000998000000002719
42605000,7976,4004,125337,-2576,-9897,132874,124,19223,508,0,31913,0.0009999999999976694
42606000,7743,-6948,125849,10438,-10337,126868,100,19223,410,0,31914,0.0009999999999976694
42607000,6320,4435,130668,15257,-5089,125384,104,19228,410,0,31915,0.0010000000000047748
42608000,4887,-2933,129227,-11511,-9686,138541,143,19225,426,1,31916,0.0009999999999976694
42609000,396,5173,132718,439,11750,122929,143,19228,586,1,31917,0.0009999999999976694
42610000,2885,12055,130025,-417,412,128325,113,19233,463,1,31918,0.0010000000000047748
42611000,2594,95,128290,-4387,1585,124978,102,19227,418,0,31919,0.0009999999999976694
42612000,9969,-6361,129110,8454,-14853,133473,137,19232,561,0,31920,0.0009999999999976694
42613004,11365,-12658,127509,18976,-14956,133817,105,19232,561,0,31921,0.0010040000000017812
42614000,396,-3718,132242,-22367,5199,123726,113,19231,430,0,31922,0.000996000000000663
42615002,1145,9012,133403,-10379,10278,128826,113,19218,463,1,31923,0.0010019999999997253
42616000,-10891,5235,130917,11633,2527,127619,129,19225,528,1,31924,0.000998000000002719
42617000,-4943,-746,129324,-19161,-9968,134377,101,19234,414,1,31925,0.0009999999999976694
42618000,-3632,-16713,128419,-13447,-1365,131491,117,19225,479,0,31926,0.0009999999999976694
42619000,-95,4840,129290,7346,2060,118463,95,19225,479,0,31927,0.0010000000000047748
42620000,-584,4396,131173,951,-7543,134452,110,19227,389,0,31928,0.0009999999999976694
42621001,-8115,-8070,131834,-22298,-2987,130799,110,19225,451,1,31929,0.00100100000000225
42622002,-8804,1258,130290,-16771,3766,131185,141,19227,577,1,31930,0.0010009999999951447
42623002,-11677,8133,130997,-5773,11917,121408,117,19232,479,1,31931,0.0010000000000047748
42624000,-2076,21980,128508,-10835,7671,122565,100,19227,410,1,31932,0.0009979999999956135
42625000,-6529,-5645,124271,-8802,-14699,133789,161,19227,410,0,31933,0.0010000000000047748
42626000,-1693,-6199,127842,-8705,-5386,124458,104,19231,659,0,31934,0.0009999999999976694
42627000,831,2740,129243,-2498,2172,129573,104,19226,426,0,31935,0.0009999999999976694
42628000,-4397,9413,128348,-7215,12203,116194,108,19224,442,1,31936,0.0010000000000047748
42629003,-6203,12391,128352,-12715,2722,132097,124,19231,508,1,31937,0.0010029999999972006
42630000,-9228,-3882,127789,-16284,-3219,138954,108,19232,442,1,31938,0.0009969999999981383
42631003,3958,4245,124596,6482,9505,111170,112,19232,442,0,31939,0.001003000000004306
42632002,-1911,2658,124824,2572,-3922,127402,93,19224,459,0,31940,0.0009990000000001942
42633004,2311,-890,123617,-12774,-10868,125259,93,19227,381,0,31941,0.0010019999999997253
42634001,685,886,125366,26,-588,127913,112,19226,459,0,31942,0.0009969999999981383
42635000,-3579,13425,127704,1167,15040,121769,130,19220,532,1,31943,0.0009990000000001942
42636000,-1866,16648,125817,-9303,10116,118716,112,19230,459,1,31944,0.0009999999999976694
42637000,1864,7571,125626,5412,3798,130078,93,19230,459,1,31945,0.0010000000000047748
42638000,11843,-1638,122443,6953,-9697,124201,129,19230,381,0,31946,0.0009999999999976694
42639000,9233,7260,126157,3994,-3441,122681,129,19233,528,0,31947,0.0009999999999976694
42640000,9906,-1090,126487,7912,-28,126734,111,19225,455,0,31948,0.0010000000000047748
42641000,5787,-8866,126254,3509,-11992,129293,113,19223,463,1,31949,0.0009999999999976694
42642000,386,5522,130917,197,5170,131376,129,19231,528,1,31950,0.0009999999999976694
42643000,3486,10388,125616,-1371,10397,118666,105,19231,430,1,31951,0.0010000000000047748
42644000,8948,8214,126350,13853,4984,123801,105,19231,430,1,31952,0.0009999999999976694
42645000,13504,2190,126623,8168,-3633,127183,114,19222,430,0,31953,0.0009999999999976694
42646000,12351,-12546,123806,8641,-18524,134752,114,19228,467,0,31954,0.0010000000000047748
42647000,6982,-7815,130172,12010,-9630,127048,111,19226,455,0,31955,0.0009999999999976694
42648001,5289,7710,130476,-9658,6475,128772,121,19224,496,1,31956,0.00100100000000225
42649000,446,10184,131067,3363,10283,124654,112,19224,459,1,31957,0.0009990000000001942
42650001,465,4831,128579,7300,108,130419,101,19232,459,1,31958,0.0010009999999951447
42651000,2564,1001,128459,-5059,-6956,126682,139,19229,414,0,31959,0.0009990000000001942
42652001,8909,-8353,127956,7379,-7879,125834,139,19221,569,0,31960,0.00100100000000225
42653003,10731,309,128655,12271,-7742,144108,105,19230,430,0,31961,0.0010019999999997253
42654000,7084,-3453,131768,-1095,3163,115249,105,19228,430,0,31962,0.0009969999999981383
42655000,2006,12016,134582,-17708,6373,130851,150,19226,614,1,31963,0.0010000000000047748
42656000,-9612,4160,131670,5863,-2255,130717,109,19226,614,1,31964,0.0009999999999976694
42657000,-4533,-4721,129130,-17206,-14100,129674,102,19229,446,1,31965,0.0009999999999976694
42658000,216,-10084,130634,-10076,-4956,139731,102,19226,418,0,31966,0.0010000000000047748
42659000,-921,-7298,127950,6318,7466,118772,113,19231,463,0,31967,0.0009999999999976694
42660000,3912,12872,133286,-7321,10574,125621,111,19227,455,0,31968,0.0009999999999976694
42661000,-9326,303,128630,-17655,-7050,135629,123,19223,504,1,31969,0.0010000000000047748
42662000,-7871,-4835,129859,-7222,10783,127874,114,19223,504,1,31970,0.0009999999999976694
42663000,-9892,3995,130276,-7899,4493,127600,103,19227,467,1,31971,0.0009999999999976694
42664000,-5541,9994,130084,-10508,8802,121304,103,19233,422,1,31972,0.0010000000000047748
42665001,-4794,-4878,125726,691,-7122,136432,128,19224,524,0,31973,0.0010009999999951447
42666000,-2265,-8959,124527,-9156,-9625,124772,100,19228,410,0,31974,0.0009990000000001942
42667000,-1340,5242,126863,-9360,729,127298,106,19226,434,0,31975,0.0010000000000047748
42668000,-7349,9180,127725,-4330,13360,118243,148,19226,434,1,31976,0.0009999999999976694
42669000,-6294,23335,128182,-10253,3256,127628,117,19228,606,1,31977,0.0009999999999976694
42670000,-9125,-2504,125122,-7785,-7514,130062,117,19232,479,1,31978,0.0009999999999976694
42671000,-1646,3847,126663,-6190,3023,120399,104,19229,426,0,31979,0.0010000000000047748
42672000,2528,1783,126300,4429,-2355,126793,115,19231,471,0,31980,0.0009999999999976694
42673000,1735,5320,126820,516,1676,122723,109,19227,446,0,31981,0.0009999999999976694
42674000,3039,-3304,125400,-9046,-2128,132969,119,19227,446,0,31982,0.0010000000000047748
42675000,-2686,4268,128365,-4202,15698,115595,128,19224,487,1,31983,0.0009999999999976694
42676000,-631,19033,125825,-1718,2770,126531,128,19230,524,1,31984,0.0009999999999976694
42677000,2293,177,122795,12971,3871,121459,100,19233,410,1,31985,0.0010000000000047748
42678002,6209,4023,122445,-3819,-10206,127985,113,19228,463,0,31986,0.0010019999999997253
42679000,7619,-6382,125595,4622,-8071,126978,108,19231,442,0,31987,0.0009979999999956135
42680000,4825,7081,126229,14424,2135,121978,119,19231,442,0,31988,0.0010000000000047748
42681000,2798,-4166,127103,-5932,-6853,132856,145,19227,487,1,31989,0.0009999999999976694
42682000,169,9557,129948,-5146,13067,119096,145,19229,594,1,31990,0.0009999999999976694
42683003,3199,8590,126593,10749,-879,131691,115,19229,471,1,31991,0.001003000000004306
42684000,8581,-1215,126290,8489,-2535,125136,99,19227,405,0,31992,0.0009969999999981383
42685000,10336,-350,127055,-1852,-8472,123122,133,19233,545,0,31993,0.0009999999999976694
42686000,8233,-5080,125208,12900,-15914,133581,104,19233,426,0,31994,0.0010000000000047748
42687000,5009,-3042,130110,927,-3962,126747,107,19228,426,0,31995,0.0009999999999976694
42688000,1354,7191,131960,-8293,1825,128293,120,19222,438,1,31996,0.0009999999999976694
42689000,-1701,21481,130578,7527,17153,118147,120,19228,491,1,31997,0.0010000000000047748
42690000,667,3952,127200,-2599,-4584,131115,102,19227,418,1,31998,0.0009999999999976694
42691000,7637,-8562,126972,845,-11359,131991,113,19220,463,0,31999,0.0009999999999976694
42692001,10332,-2831,130600,9825,-5150,122914,86,19220,352,0,32000,0.00100100000000225
42693000,4624,-7098,128946,8873,-8596,134708,105,19230,352,0,32001,0.0009990000000001942
42694000,733,-633,131169,-16229,-6910,121376,130,19232,430,1,32002,0.0009999999999976694
42695000,-4685,5103,133350,-9220,2457,135712,130,19225,532,1,32003,0.0010000000000047748
42696000,-8424,3084,132590,2520,352,122619,114,19229,467,1,32004,0.0009999999999976694
42697000,-5581,2162,129341,-12642,-5053,139344,97,19224,397,1,32005,0.0009999999999976694
42698000,226,-5453,128525,-10888,-8147,123423,145,19224,594,0,32006,0.0010000000000047748
42699000,1952,5116,129222,6396,-3723,129509,111,19231,594,0,32007,0.0009999999999976694
42700000,-2235,1574,131205,-2592,-6023,129842,114,19227,455,0,32008,0.0009999999999976694
42701000,-8055,12881,128702,-21816,2430,125696,114,19222,467,1,32009,0.0010000000000047748
42702000,-9711,1553,131929,-15885,-5801,142430,133,19230,545,1,32010,0.0009999999999976694
42703000,-7980,5037,130452,-2201,6962,117364,113,19231,463,1,32011,0.0009999999999976694
42704003,-3106,11208,128282,-9659,-3367,131764,108,19221,442,0,32012,0.001003000000004306
42705000,-4349,-4773,125948,-12986,-446,123829,137,19221,442,0,32013,0.0009969999999981383
42706000,-731,2046,126977,-2015,529,126339,109,19229,561,0,32014,0.0009999999999976694
42707000,-1767,-1632,127528,-3939,-2362,131529,109,19228,446,0,32015,0.0010000000000047748
42708000,-7013,9494,128299,-14704,11718,117414,126,19221,516,1,32016,0.0009999999999976694
42709000,-7520,12378,128713,-12478,883,136225,118,19226,483,1,32017,0.0009999999999976694
42710001,-4955,3042,126765,-1317,2541,122967,105,19231,430,1,32018,0.00100100000000225
42711000,2748,2750,127027,2455,-10046,129972,139,19231,430,0,32019,0.0009990000000001942
42712000,-1471,-4204,125286,-4956,2486,118557,101,19231,569,0,32020,0.0009999999999976694
42713002,497,10407,124285,-2110,-393,124723,101,19227,414,0,32021,0.0010019999999997253
42714002,728,952,126288,2205,165,131677,104,19227,426,1,32022,0.0010000000000047748
42715000,-1036,14625,126436,-9445,14441,116849,160,19225,655,1,32023,0.0009979999999956135
42716000,-929,8991,126498,2166,-3042,130571,110,19232,451,1,32024,0.0010000000000047748
42717000,4409,6786,123782,6336,7520,117742,100,19232,451,0,32025,0.0009999999999976694
42718000,12056,6249,122655,2892,-4213,126754,84,19220,410,0,32026,0.0009999999999976694
42719000,13120,-3277,123823,12406,-4342,124446,84,19229,344,0,32027,0.0010000000000047748
42720000,10095,-1976,125272,4578,-10373,126867,111,19229,455,0,32028,0.0009999999999976694
42721002,3932,-896,128578,-632,-648,126347,122,19221,500,1,32029,0.0010019999999997253
42722000,1591,11540,128539,5454,13423,121171,113,19228,463,1,32030,0.000998000000002719
42723000,7254,45,125680,7197,241,132294,101,19228,463,1,32031,0.0009999999999976694
42724000,8617,3549,125114,-4900,10739,115850,128,19232,414,0,32032,0.0009999999999976694
42725000,12394,4710,127827,9157,-11592,130163,128,19227,524,0,32033,0.0010000000000047748
42726000,11079,-14944,125808,24533,-14681,131469,97,19227,397,0,32034,0.0009999999999976694
42727000,3851,-5019,128821,-7598,-9094,130880,105,19225,430,0,32035,0.0009999999999976694
42728000,1403,4800,131328,-4354,10023,124324,135,19226,553,1,32036,0.0010000000000047748
42729000,3353,23182,132215,7456,11492,126717,112,19226,553,1,32037,0.0009999999999976694
42730000,2330,323,128894,-3633,-7374,127800,101,19231,459,1,32038,0.0009999999999976694
42731000,7994,-153,128603,1192,-7412,125655,101,19223,414,0,32039,0.0009999999999976694
42732000,8561,-11190,129407,19065,-19071,135546,131,19231,537,0,32040,0.0010000000000047748
42733000,8620,-2784,128315,3283,-9727,128219,104,19231,426,0,32041,0.0009999999999976694
42734000,2540,8272,132641,-25325,9617,124074,113,19221,463,1,32042,0.0009999999999976694
42735000,-2206,15760,134323,6403,6158,124968,122,19221,500,1,32043,0.0010000000000047748
42736000,-7689,9872,130663,-662,5382,133342,97,19228,500,1,32044,0.0009999999999976694
42737000,-564,-17541,126645,-21476,-23679,134555,118,19232,397,0,32045,0.0009999999999976694
42738000,742,-7932,129984,4480,-4002,127716,118,19223,483,0,32046,0.0010000000000047748
42739000,5912,5491,130309,-1262,2178,128176,107,19230,438,0,32047,0.0009999999999976694
42740000,-4186,475,130813,-11353,-3456,127199,114,19225,467,0,32048,0.0009999999999976694
42741000,-8385,753,131585,-15208,-3697,132132,146,19225,598,1,32049,0.0010000000000047748
42742000,-9081,3458,128484,-10691,5455,122688,117,19230,598,1,32050,0.0009999999999976694
42743000,-9299,12025,130739,-5677,10768,125671,101,19228,479,1,32051,0.0009999999999976694
42744000,-3750,4661,130513,-10338,-2874,129534,101,19227,414,0,32052,0.0010000000000047748
42745000,-2917,-4156,124866,-10389,-11158,127161,168,19230,688,0,32053,0.0009999999999976694
42746000,-1641,890,127472,-3897,2184,125163,103,19229,422,0,32054,0.0009999999999976694
42747002,-1601,6187,127397,-6723,5517,128507,108,19221,442,1,32055,0.0010019999999997253
42748001,-5895,8039,128289,-6726,12601,118948,119,19221,442,1,32056,0.0009990000000001942
42749000,-5709,7595,126794,-14970,-49,129301,107,19224,487,1,32057,0.0009990000000001942
42750000,-3478,3600,126778,3268,3368,125670,107,19227,438,1,32058,0.0010000000000047748
42751000,779,5876,124966,118,-2144,121098,116,19222,475,0,32059,0.0009999999999976694
42752000,-466,-4597,124882,-8294,-9661,133150,94,19232,385,0,32060,0.0009999999999976694
42753002,-82,-2878,126373,-5447,5144,121115,105,19226,430,0,32061,0.0010019999999997253
42754000,-141,14916,127589,-164,9957,124412,133,19226,430,1,32062,0.000998000000002719
42755001,-3394,10960,125642,-2140,8791,124339,113,19228,545,1,32063,0.00100100000000225
42756001,-2181,5463,126221,-1925,8026,123624,113,19231,463,1,32064,0.0009999999999976694
42757000,5948,-6272,123503,6994,3809,125482,97,19229,397,0,32065,0.0009990000000001942
42758000,8771,-1148,123387,6976,972,120265,125,19233,512,0,32066,0.0009999999999976694
42759000,7425,-3313,123385,5420,-7122,135563,112,19226,459,0,32067,0.0010000000000047748
42760000,5835,-5953,125336,7310,-4836,120259,114,19226,459,0,32068,0.0009999999999976694
42761000,255,3563,126975,-2158,4093,126627,126,19223,467,1,32069,0.0009999999999976694
42762000,1127,12451,130164,-5832,7862,124555,126,19229,516,1,32070,0.0010000000000047748
42763000,6936,13477,126241,16448,-136,123956,107,19230,438,1,32071,0.0009999999999976694
42764000,9992,-1441,123653,4447,-3052,127056,105,19222,430,0,32072,0.0009999999999976694
42765000,7373,87,127397,614,-3303,123322,84,19230,344,0,32073,0.0010000000000047748
42766000,9202,-12753,126387,17312,-12534,139043,107,19230,344,0,32074,0.0009999999999976694
42767000,3182,-7202,128075,-3698,123,129518,125,19228,438,1,32075,0.0009999999999976694
42768002,-3601,4296,131458,-7517,13631,122886,125,19224,512,1,32076,0.0010019999999997253
42769002,665,10472,130121,7644,6877,122830,113,19229,463,1,32077,0.0010000000000047748
42770000,3994,1624,127922,-163,-7242,132269,101,19229,414,1,32078,0.0009979999999956135
42771001,8641,-7764,127790,4413,-10417,132728,142,19229,582,0,32079,0.00100100000000225
42772000,8216,-4545,129120,12735,-3773,120253,105,19229,582,0,32080,0.0009990000000001942
42773000,2853,-3304,130458,911,-13464,137124,109,19231,430,0,32081,0.0009999999999976694
42774000,-3074,-2051,132107,-22344,1004,130097,109,19226,446,1,32082,0.0010000000000047748
42775000,-6308,6671,132271,2684,5986,132151,145,19229,594,1,32083,0.0009999999999976694
42776000,-7244,4201,128820,1490,9732,125708,109,19231,446,1,32084,0.0009999999999976694
42777000,-300,2106,128705,-22507,-8986,126553,103,19222,422,0,32085,0.0010000000000047748
42778000,1814,-10587,127097,5234,-11137,136424,105,19222,430,0,32086,0.0009999999999976694
42779000,3651,823,131130,2152,-7975,126464,112,19229,430,0,32087,0.0009999999999976694
42780000,-7638,8984,131605,-18974,4275,126846,126,19229,459,0,32088,0.0010000000000047748
42781001,-8062,4836,132669,-14781,745,130506,126,19221,516,1,32089,0.0010009999999951447
42782000,-7732,5520,130372,-10628,-2292,131590,115,19229,471,1,32090,0.0009990000000001942
42783000,-6384,17613,129427,-2795,15424,118888,102,19229,418,1,32091,0.0010000000000047748
42784001,-4168,5824,127756,-12984,511,123336,130,19229,532,0,32092,0.0010009999999951447
42785000,-776,-12719,127144,-5439,-13290,136662,101,19221,532,0,32093,0.0009990000000001942
42786000,-1070,2232,127862,1261,2667,123294,107,19226,414,0,32094,0.0010000000000047748
42787004,-5545,-781,128182,-13860,-2613,122639,107,19230,438,1,32095,0.0010039999999946758
42788000,-6063,18712,129895,-11887,13547,125805,149,19225,610,1,32096,0.000996000000000663
42789000,-5974,105,126624,-7200,-4747,134319,115,19229,471,1,32097,0.0010000000000047748
42790001,-2499,4589,125119,-3132,5973,112640,102,19229,418,0,32098,0.0010009999999951447
42791000,387,18157,127610,-8700,9679,128643,118,19223,418,0,32099,0.0009990000000001942
42792000,3154,-2650,123310,6323,-9953,129145,117,19229,483,0,32100,0.0010000000000047748
42793000,2128,-1188,127505,-1560,-10303,133309,117,19229,479,0,32101,0.0009999999999976694
42794000,-1564,-1383,125910,-9513,9751,119466,121,19226,496,1,32102,0.0009999999999976694
42795001,-1603,32701,128729,2276,17679,116416,122,19230,500,1,32103,0.00100100000000225
42796001,512,9009,124671,-2284,-14035,137433,101,19232,414,1,32104,0.0009999999999976694
42797000,7801,-5338,122490,8290,2419,118803,119,19232,414,0,32105,0.0009990000000001942
42798001,8930,8323,124514,6811,-4293,124434,100,19224,487,0,32106,0.00100100000000225
42799000,9490,-1342,125066,13171,-183,120863,100,19228,410,0,32107,0.0009990000000001942
42800000,7018,1473,126625,-1213,-13973,135587,111,19229,455,1,32108,0.0009999999999976694
42801000,3627,-14000,125477,-3290,7742,125907,144,19227,590,1,32109,0.0009999999999976694
42802000,5261,22571,131218,15324,19762,115108,116,19228,475,1,32110,0.0010000000000047748
42803000,4299,9544,125893,3833,-2728,133371,98,19228,475,1,32111,0.0009999999999976694
42804000,10188,-3657,125237,-6304,-3605,123777,140,19223,401,0,32112,0.0009999999999976694
42805000,8698,-8612,128039,21532,-19981,139819,140,19234,573,0,32113,0.0010000000000047748
42806000,8474,-19508,124849,13921,4794,119849,102,19230,418,0,32114,0.0009999999999976694
42807000,3621,15554,130787,-14691,3626,128093,106,19222,434,1,32115,0.0009999999999976694
42808002,1203,8794,131179,2971,864,134246,116,19232,475,1,32116,0.0010019999999997253
42809002,2499,7866,128543,11070,6416,120079,106,19232,475,1,32117,0.0010000000000047748
42810000,-589,4093,129826,-8674,-4147,132106,117,19231,434,1,32118,0.0009979999999956135
42811000,10322,-15962,125908,2847,-12947,128276,117,19216,479,0,32119,0.0010000000000047748
42812003,9703,-10373,129941,23970,-8148,134244,88,19232,360,0,32120,0.0010029999999972006
42813000,5470,-4997,127803,-19256,-1515,128228,99,19229,405,0,32121,0.0009969999999981383
42814000,463,17297,132179,-12231,21216,112693,131,19223,537,1,32122,0.0010000000000047748
42815000,-4919,6353,132911,10236,-7177,143687,114,19223,537,1,32123,0.0009999999999976694
42816000,-5139,-7913,128994,-5493,-11352,129261,99,19229,467,1,32124,0.0009999999999976694
42817000,-2869,-7573,130217,-23168,-12336,134210,99,19225,405,0,32125,0.0010000000000047748
42818001,-398,-3238,130493,1548,8372,119816,143,19232,586,0,32126,0.0010009999999951447
42819001,1568,9479,131190,6901,-1963,126056,106,19228,434,0,32127,0.0010000000000047748
42820000,-6065,-2091,131523,-18070,-8078,135204,113,19224,463,1,32128,0.0009990000000001942
42821000,-9688,-787,129831,-16355,-452,130139,136,19224,463,1,32129,0.0009999999999976694
42822001,-8204,12595,132056,-5122,10370,124507,111,19227,557,1,32130,0.00100100000000225
42823000,-5230,12398,129499,-8334,10631,123393,109,19230,455,1,32131,0.0009990000000001942
42824000,-584,-6511,126697,-8933,-15093,135297,109,19223,446,0,32132,0.0009999999999976694
42825000,-6484,-11698,125461,-5165,-11578,131479,113,19232,463,0,32133,0.0009999999999976694
42826000,-612,8606,127440,-10237,5309,119169,103,19226,422,0,32134,0.0010000000000047748
42827000,-3886,19764,129131,-4463,13823,121804,129,19226,528,1,32135,0.0009999999999976694
42828001,-6334,10025,128530,-11629,1490,126897,119,19224,528,1,32136,0.00100100000000225
42829000,-5365,-3027,126735,-13601,-271,131514,103,19225,487,1,32137,0.0009990000000001942
42830000,-1125,10908,126233,-5677,9990,119985,103,19231,422,0,32138,0.0009999999999976694
42831000,3868,841,124127,3325,-3215,123191,141,19236,577,0,32139,0.0009999999999976694
42832000,1796,-5238,124481,-4118,-9611,129913,106,19227,434,0,32140,0.0010000000000047748
42833000,982,-1478,125090,-11540,-2289,128486,112,19227,459,0,32141,0.0009999999999976694
42834000,-3977,10505,127366,-516,10616,120138,154,19227,459,1,32142,0.0009999999999976694
42835000,-1906,18036,126874,-4552,9844,128380,110,19230,631,1,32143,0.0010000000000047748
42836000,1163,3344,125223,3119,-5016,125518,110,19233,451,1,32144,0.0009999999999976694
42837000,6171,933,122896,835,1634,124775,100,19220,410,0,32145,0.0009999999999976694
42838002,9663,9665,126043,5054,5052,118072,84,19227,344,0,32146,0.0010019999999997253
42839000,8450,2469,124213,13741,-11299,130772,111,19226,455,0,32147,0.000998000000002719
42840000,4857,-8317,126263,-1984,-6096,129865,126,19226,455,1,32148,0.0009999999999976694
42841000,2217,6030,128549,542,7271,123750,111,19223,516,1,32149,0.0010000000000047748
42842000,2725,12464,130177,-938,2333,121422,111,19230,455,1,32150,0.0009999999999976694
42843000,10101,6516,123859,11529,2545,120786,99,19232,405,1,32151,0.0009999999999976694
42844003,9677,2632,127082,-6823,-7685,133208,129,19223,528,0,32152,0.001003000000004306
42845002,12125,-10634,123671,20510,-12652,126029,98,19229,401,0,32153,0.0009990000000001942
42846001,6172,-2957,129844,450,-8962,132690,103,19229,401,0,32154,0.0009990000000001942
42847000,3841,6734,131630,-13077,-1444,120077,137,19230,422,1,32155,0.0009990000000001942
42848000,111,13962,130877,11129,15636,127496,137,19228,561,1,32156,0.0009999999999976694
42849000,-228,6231,131382,-985,-7377,134401,114,19234,467,1,32157,0.0009999999999976694
42850000,4944,-7261,126448,-935,2423,119715,101,19226,414,0,32158,0.0010000000000047748
42851000,8619,-9644,129454,10364,-12845,133711,130,19235,532,0,32159,0.0009999999999976694
42852000,11284,-8011,129915,20962,-7351,130514,107,19235,532,0,32160,0.0009999999999976694
42853003,-1130,-6702,133922,-25759,6438,133877,114,19228,438,0,32161,0.001003000000004306
42854003,-885,9850,135650,-12896,6437,119818,114,19219,467,1,32162,0.0009999999999976694
42855001,-9034,8885,130287,19914,4022,127882,115,19227,471,1,32163,0.000998000000002719
42856002,-5279,657,131592,-25246,-7221,134195,101,19229,414,1,32164,0.0010009999999951447
42857002,-820,-11656,126364,-10226,-15947,131066,123,19226,504,0,32165,0.0010000000000047748
42858000,1952,-1406,129329,12949,6651,126985,101,19226,504,0,32166,0.0009979999999956135
42859000,1870,8744,130468,-7921,2704,122100,111,19230,414,0,32167,0.0009999999999976694
42860000,-8399,-2394,130646,-20339,-4366,133502,111,19225,455,1,32168,0.0010000000000047748
42861001,-6263,1307,131627,-12640,-420,134698,149,19228,610,1,32169,0.0010009999999951447
42862000,-13111,2964,128404,-2448,17212,119642,116,19230,475,1,32170,0.0009990000000001942
42863000,-2931,17837,132154,-12891,11093,120013,101,19223,414,1,32171,0.0010000000000047748
42864000,-5134,-5166,125647,-6829,-13778,132928,166,19223,414,0,32172,0.0009999999999976694
42865000,-2899,-11636,123999,-3644,-6875,140545,108,19231,680,0,32173,0.0009999999999976694
42866000,524,1849,128360,-5724,1995,116282,108,19234,442,0,32174,0.0010000000000047748
42867001,-6067,15413,128782,-5608,14588,122741,113,19219,463,1,32175,0.0010009999999951447
42868000,-8060,11128,130294,-13103,-338,128860,124,19225,508,1,32176,0.0009990000000001942
42869001,-10492,-5989,127021,-8940,-4412,132185,109,19230,446,1,32177,0.00100100000000225
42870000,2579,5224,126647,3349,5735,123498,118,19230,483,0,32178,0.0009990000000001942
42871000,-4331,4198,123757,1092,2506,119803,98,19225,483,0,32179,0.0009999999999976694
42872004,3232,730,124946,-8638,-4907,130126,112,19231,401,0,32180,0.0010040000000017812
42873000,2482,-1427,124801,-806,130,127652,112,19225,459,0,32181,0.000996000000000663
42874000,-2437,12719,125511,1030,15971,119669,136,19220,557,1,32182,0.0009999999999976694
42875000,-403,12105,126462,-7428,5530,117987,115,19227,471,1,32183,0.0010000000000047748
42876000,1490,8271,124728,-221,-2087,127836,96,19227,393,1,32184,0.0009999999999976694
42877001,13063,4100,124395,13501,-2007,128695,125,19229,393,0,32185,0.00100100000000225
42878000,5686,-441,122759,6322,-2178,115793,115,19231,512,0,32186,0.0009990000000001942
42879000,9321,-2495,127581,1589,-8678,133418,115,19228,471,0,32187,0.0009999999999976694
42880000,4058,-2824,125642,9277,-7818,125626,119,19223,487,1,32188,0.0009999999999976694
42881000,112,9661,129509,-3331,9090,125364,131,19229,537,1,32189,0.0010000000000047748
42882000,5200,12308,128018,-636,7682,116416,106,19233,434,1,32190,0.0009999999999976694
42883000,7178,5083,123932,12613,4630,127012,108,19233,434,1,32191,0.0009999999999976694
42884002,13736,-4420,126587,2329,-9179,130249,97,19224,442,0,32192,0.0010019999999997253
42885000,9857,-8423,125466,13269,-15055,132804,97,19230,397,0,32193,0.000998000000002719
42886000,6235,-3831,126912,8300,-4394,128660,109,19228,446,0,32194,0.0009999999999976694
42887000,4514,7732,132259,-9309,7028,126312,123,19228,504,1,32195,0.0010000000000047748
42888000,688,7533,130968,386,5586,129825,113,19229,463,1,32196,0.0009999999999976694
42889000,5882,20282,130292,13364,-1137,120680,99,19229,463,1,32197,0.0009999999999976694
42890000,1800,-4782,124103,-7993,-23242,136188,143,19229,405,0,32198,0.0010000000000047748
42891000,11187,-13394,126832,23558,-1733,125073,143,19228,586,0,32199,0.0009999999999976694
42892000,4906,6914,130530,2188,-9037,133039,116,19229,475,0,32200,0.0009999999999976694
42893000,2955,-8743,129496,-19158,2368,128471,112,19225,459,0,32201,0.0010000000000047748
42894000,-440,17530,136436,-3327,3554,127550,155,19223,635,1,32202,0.0009999999999976694
42895000,-6010,-3479,130414,7547,-3909,133278,110,19223,635,1,32203,0.0009999999999976694
42896000,-5727,974,131665,-16588,-969,124147,100,19230,451,1,32204,0.0010000000000047748
42897000,-1299,-8774,130041,-9891,-19264,142132,100,19226,410,0,32205,0.0009999999999976694
42898001,-400,-4190,128315,8479,3672,118414,116,19229,475,0,32206,0.00100100000000225
42899000,-2044,13091,132905,-13902,3310,130557,110,19230,451,0,32207,0.0009990000000001942
42900000,-8106,-8927,132481,-10710,4645,133579,122,19218,500,1,32208,0.0009999999999976694
42901000,-8719,18399,130464,-11248,-793,126796,114,19218,500,1,32209,0.0009999999999976694
42902000,-10590,1141,127311,-9972,-2737,137963,100,19226,467,1,32210,0.0010000000000047748
42903000,-1965,13636,130273,-4498,7488,115385,100,19231,410,1,32211,0.0009999999999976694
42904000,-2704,-1838,125915,-9400,-13789,133896,132,19219,541,0,32212,0.0009999999999976694
42905000,-1311,-6235,127946,-7317,-5345,130383,99,19233,405,0,32213,0.0010000000000047748
42906000,-1839,-1444,126549,-12807,-2436,126469,105,19227,430,0,32214,0.0009999999999976694
42907000,-3898,13616,129398,-7362,19327,119890,143,19227,430,1,32215,0.0009999999999976694
42908000,-6669,19772,127475,-6851,2407,123116,116,19226,586,1,32216,0.0010000000000047748
42909000,-9461,-4617,123759,-13474,-2613,133514,116,19229,475,1,32217,0.0009999999999976694
42910002,1266,10078,127887,-3360,-78,120246,103,19225,422,0,32218,0.0010019999999997253
42911000,148,-3788,123905,8032,-5060,128119,112,19227,459,0,32219,0.000998000000002719
42912000,1069,-896,128588,-3435,7355,121494,107,19229,438,0,32220,0.0009999999999976694
42913000,-1561,608,124889,-10377,-5459,130155,117,19229,479,1,32221,0.0009999999999976694
42914000,-921,7440,125234,-3686,10530,126952,131,19220,479,1,32222,0.0010000000000047748
42915000,-1841,11065,127335,360,6752,122934,102,19226,537,1,32223,0.0009999999999976694
42916000,2665,8885,124304,1511,7548,119283,102,19234,418,1,32224,0.0009999999999976694
42917000,9864,5673,124215,1516,-2210,126533,118,19230,483,0,32225,0.0010000000000047748
42918002,10689,-11952,121810,12107,-14842,128856,101,19229,414,0,32226,0.0010019999999997253
42919000,7003,-558,126623,7810,-8235,123883,111,19229,455,0,32227,0.0009979999999956135
42920000,2543,3459,125392,-6668,3239,123404,144,19226,455,1,32228,0.0009999999999976694
42921000,1382,18687,130738,4047,16501,125405,115,19229,590,1,32229,0.0010000000000047748
42922000,5314,4904,126058,9013,-4807,128952,115,19232,471,1,32230,0.0009999999999976694
42923000,9559,-4024,124224,3076,-6664,125487,101,19228,414,0,32231,0.0009999999999976694
42924000,11334,5449,127243,3121,8073,120595,140,19233,573,0,32232,0.0010000000000047748
42925000,14914,-8471,125308,15410,-12131,130374,106,19233,434,0,32233,0.0009999999999976694
42926001,6135,-8087,127893,3182,-9476,132867,109,19229,434,0,32234,0.00100100000000225
42927000,1821,6183,130252,-9294,2713,128049,114,19222,446,1,32235,0.0009990000000001942
42928000,497,11266,129947,6617,5635,119843,114,19228,467,1,32236,0.0009999999999976694
42929002,1689,12267,130610,3181,6375,129980,109,19232,446,1,32237,0.0010019999999997253
42930000,8833,-10821,126582,-5661,-18430,132431,116,19216,475,0,32238,0.000998000000002719
42931000,9211,-9072,129753,12417,-8305,129171,88,19229,360,0,32239,0.0009999999999976694
42932000,5946,-1164,129933,13640,-7078,132976,106,19229,360,0,32240,0.0009999999999976694
42933000,-1628,602,131438,-20397,6189,123300,130,19232,434,1,32241,0.0010000000000047748
42934000,-3469,13626,134555,-10468,1547,133380,130,19225,532,1,32242,0.0009999999999976694
42935000,-4588,1168,130502,6847,-4017,129152,114,19233,467,1,32243,0.0009999999999976694
42936000,-4610,2083,126868,-16165,-5792,129998,97,19228,397,1,32244,0.0010000000000047748
42937000,3780,-7069,130032,-10535,-5919,127544,150,19228,614,0,32245,0.0009999999999976694
42938001,5063,-3319,128069,4161,-3765,128995,108,19228,614,0,32246,0.00100100000000225
42939000,-1309,3140,132175,-17106,908,128932,114,19227,442,0,32247,0.0009990000000001942
42940000,-8268,5524,130875,-17723,-552,128606,114,19223,467,1,32248,0.0009999999999976694
42941000,-9533,6754,131817,-7044,2941,129903,135,19232,553,1,32249,0.0009999999999976694
42942000,-8503,7318,130159,-6738,1633,127831,111,19233,455,1,32250,0.0010000000000047748
42943000,-1812,6534,130605,-9571,-1936,125004,109,19223,446,0,32251,0.0009999999999976694
42944000,-4876,-2883,124746,-7071,-1310,128723,128,19223,446,0,32252,0.0009999999999976694
42945000,-1929,885,128330,-1622,-161,123875,104,19230,524,0,32253,0.0010000000000047748
42946000,-1219,2202,127569,-7167,5013,127973,104,19228,426,0,32254,0.0009999999999976694
42947000,-7697,-148,128723,-17724,2037,128734,122,19226,500,1,32255,0.0009999999999976694
42948000,-7552,16702,130859,-8931,2471,118641,115,19227,471,1,32256,0.0010000000000047748
42949000,-2893,7959,125473,3378,2838,128164,103,19229,422,1,32257,0.0009999999999976694
42950000,-1239,352,126929,-6955,-6275,129345,142,19229,422,0,32258,0.0009999999999976694
42951000,1472,-4212,123198,-4909,-4082,121637,107,19232,582,0,32259,0.0010000000000047748
42952000,115,1480,122694,-2613,1586,129384,107,19228,438,0,32260,0.0009999999999976694
42953000,188,8042,128595,-5398,10452,119381,109,19226,446,1,32261,0.0009999999999976694
42954000,-3375,12491,124330,4,5597,124344,159,19227,651,1,32262,0.0010000000000047748
42955000,-3146,6800,123948,-9186,11055,127988,108,19233,442,1,32263,0.0009999999999976694
42956002,6658,1854,122793,5537,12668,119836,102,19233,418,0,32264,0.0010019999999997253
42957002,9274,3907,125052,15236,-2399,122780,88,19223,418,0,32265,0.0009999999999976694
42958000,10675,-6992,122109,4707,-12124,128266,113,19226,360,0,32266,0.000998000000002719
42959000,2259,-12324,125577,-550,-9904,140898,113,19229,463,0,32267,0.0009999999999976694
42960005,4276,-1580,128476,5337,-826,117033,119,19222,487,1,32268,0.0010049999999992565
42961000,1314,16938,128638,4444,15401,119832,110,19230,451,1,32269,0.0009950000000031878
42962000,849,14720,130513,641,3456,126764,99,19230,405,1,32270,0.0009999999999976694
42963000,8431,-5581,123682,2328,-11905,125128,129,19231,405,0,32271,0.0010000000000047748
42964000,8232,3900,125854,11033,2958,128661,100,19228,528,0,32272,0.0009999999999976694
42965000,9243,-5612,126401,10018,-8528,128488,100,19230,410,0,32273,0.0009999999999976694
42966000,4882,-3041,128740,-3572,-3214,126361,104,19230,426,1,32274,0.0010000000000047748
42967000,2644,8347,131327,-3892,4903,130482,135,19231,553,1,32275,0.0009999999999976694
42968002,3025,13063,130266,5629,13383,126663,111,19231,455,1,32276,0.0010019999999997253
42969000,173,3839,128703,616,-1199,123240,106,19231,455,1,32277,0.000998000000002719
42970000,9405,-11429,126343,-1951,-14925,134536,134,19221,434,0,32278,0.0009999999999976694
42971000,8073,-5449,129728,22847,-7679,131060,134,19232,549,0,32279,0.0009999999999976694
42972000,5621,-6193,127361,-528,-8834,128000,105,19230,430,0,32280,0.0010000000000047748
42973000,1472,11397,134521,-20197,13194,127430,114,19218,467,1,32281,0.0009999999999976694
42974000,-6587,2575,130664,6222,-1298,131941,122,19227,500,1,32282,0.0009999999999976694
42975000,-7914,-2945,130052,-5870,-5384,129879,103,19227,500,1,32283,0.0010000000000047748
42976003,-3719,-3181,129630,-19425,-7419,129210,122,19231,422,0,32284,0.0010029999999972006
42977000,1607,-3596,129220,5511,-4028,124571,122,19224,500,0,32285,0.0009969999999981383
42978001,4884,2435,129976,-63,-2265,130373,99,19229,405,0,32286,0.00100100000000225
42979000,-4898,-1200,129842,-12134,-5476,128709,112,19223,459,0,32287,0.0009990000000001942
42980000,-7420,10433,130334,-13361,-2971,133498,146,19227,598,1,32288,0.0009999999999976694
42981000,-9115,1859,130706,-9824,12607,125629,117,19227,598,1,32289,0.0009999999999976694
42982000,-10034,15194,131718,-9133,4160,127683,101,19229,479,1,32290,0.0010000000000047748
42983001,-606,2365,128879,-5461,-10345,126150,101,19226,414,0,32291,0.00100100000000225
42984000,-4757,-4400,123622,-7806,-5744,128807,170,19234,696,0,32292,0.0009989999999930887
42985000,2120,-1053,128325,-2616,574,126646,107,19228,438,0,32293,0.0010000000000047748
42986000,-3592,8185,126962,-2966,7024,122209,110,19222,451,1,32294,0.0009999999999976694
42987000,-4875,10824,129717,-17321,1598,132170,129,19222,451,1,32295,0.0009999999999976694
42988001,-7477,3254,126827,-5660,2081,124152,109,19231,528,1,32296,0.00100100000000225
42989000,-2596,8338,126402,-1950,4814,125693,109,19231,446,1,32297,0.0009990000000001942
42990001,3717,2673,126529,-834,2682,125022,115,19225,471,0,32298,0.00100100000000225
42991000,849,-7323,124032,-399,-8361,129920,98,19228,401,0,32299,0.0009990000000001942
42992002,3022,4316,123670,-8885,-1540,122823,111,19227,455,0,32300,0.0010019999999997253
42993002,-3362,15035,127029,2974,11405,122944,138,19227,455,1,32301,0.0009999999999976694
42994000,-1772,4223,127824,2604,7745,129712,112,19220,565,1,32302,0.000998000000002719
42995000,822,14987,127117,-6887,-1301,120067,112,19232,459,1,32303,0.0009999999999976694
42996001,5183,680,121833,-573,-4426,130190,96,19225,393,0,32304,0.00100100000000225
42997000,11313,2200,125128,16544,-499,119929,123,19233,504,0,32305,0.0009990000000001942
42998000,9598,-3280,123508,8537,-9718,126108,115,19228,471,0,32306,0.0009999999999976694
42999001,6714,-6042,124718,-2142,79,130196,115,19228,471,0,32307,0.00100100000000225
43000002,581,79,127300,-2192,7536,124212,131,19224,471,1,32308,0.0010009999999951447
43001002,7273,14142,129698,7347,7267,125243,131,19229,537,1,32309,0.0010000000000047748
43002000,6242,6010,124652,11363,-768,123375,109,19232,446,1,32310,0.0009979999999956135
43003001,7020,-4285,125435,-2870,-1609,126749,105,19222,430,0,32311,0.00100100000000225
43004000,11700,-1446,126736,9090,-13036,129573,105,19224,430,0,32312,0.0009990000000001942
43005000,5350,-13504,126964,16998,-13930,135476,113,19224,463,0,32313,0.0009999999999976694
43006000,2821,-313,132292,-4127,5636,124798,124,19231,463,1,32314,0.0010000000000047748
43007000,69,15305,130386,-8208,6446,123691,114,19224,508,1,32315,0.0009999999999976694
43008000,2719,3670,128452,5654,-3057,135532,114,19229,467,1,32316,0.0009999999999976694
43009000,5362,-4627,127408,6364,-3289,126555,99,19231,405,1,32317,0.0010000000000047748
43010003,8335,-3321,127468,-3078,-7475,128388,143,19228,586,0,32318,0.0010029999999972006
43011000,10784,-4827,129339,15620,-2225,127230,105,19228,430,0,32319,0.0009969999999981383
43012001,456,-10405,128113,1822,-14667,138673,104,19228,430,0,32320,0.00100100000000225
43013000,1398,-1102,131265,-20934,-116,128760,149,19224,426,1,32321,0.0009990000000001942
43014000,-8063,11974,132978,1846,12342,124792,149,19226,610,1,32322,0.0009999999999976694
43015000,-4582,9247,130261,-1906,9359,130343,106,19233,434,1,32323,0.0010000000000047748
43016000,2214,-6042,126240,-19082,-13175,130469,101,19224,414,0,32324,0.0009999999999976694
43017000,-1660,-15341,127507,2165,-16198,136695,113,19224,463,0,32325,0.0009999999999976694
43018000,3428,7437,130436,5322,12793,114842,109,19232,463,0,32326,0.0010000000000047748
43019000,-8642,8606,134016,-21136,1790,129071,124,19229,446,0,32327,0.0009999999999976694
43020000,-6549,-1933,132739,-13129,-7891,136748,124,19218,508,1,32328,0.0009999999999976694
43021000,-9804,4176,128955,-6919,2398,126078,111,19226,455,1,32329,0.0010000000000047748
43022000,-8181,10310,130770,-11433,9080,123687,101,19229,414,1,32330,0.0009999999999976694
43023000,-2546,6681,129194,-7352,-231,133368,127,19221,520,0,32331,0.0009999999999976694
43024000,-4270,-10123,125409,-10040,-16622,131538,98,19221,520,0,32332,0.0010000000000047748
43025000,-2249,1144,127749,-3142,3019,119538,105,19231,401,0,32333,0.0009999999999976694
43026001,-2346,11923,128260,-9844,7595,129876,105,19229,430,1,32334,0.00100100000000225
43027000,-8319,12251,127665,-5462,2681,116886,149,19225,610,1,32335,0.0009990000000001942
43028000,-7743,8056,125911,-19847,262,130425,115,19229,471,1,32336,0.0009999999999976694
43029000,1460,6252,126742,-6406,-618,122974,102,19226,418,0,32337,0.0009999999999976694
43030003,3399,11823,123290,8000,-3188,121160,109,19226,418,0,32338,0.001003000000004306
43031000,6048,-11652,123805,-6938,-13987,135132,113,19232,446,0,32339,0.0009969999999981383
43032001,302,-2702,125901,-1754,9914,119111,113,19226,463,0,32340,0.00100100000000225
43033000,-530,15878,126026,-2265,10461,124517,119,19225,487,1,32341,0.0009990000000001942
43034003,-3922,13339,126674,-3061,8464,120600,129,19228,528,1,32342,0.0010029999999972006
43035001,745,11218,125712,-2966,-4900,128639,99,19229,405,1,32343,0.000998000000002719
43036002,6256,2331,124275,12338,-5905,122047,115,19229,405,0,32344,0.0010009999999951447
43037002,7894,3739,125140,8085,-693,124673,118,19225,471,0,32345,0.0010000000000047748
43038000,7675,-4054,127574,-2091,-6447,127363,118,19225,483,0,32346,0.0009979999999956135
43039000,3102,4561,126403,6869,-1366,122993,123,19229,504,1,32347,0.0010000000000047748
43040001,4448,1606,127539,1636,-1315,131029,148,19227,606,1,32348,0.0010009999999951447
43041000,2985,2047,127881,2022,5461,123031,117,19234,479,1,32349,0.0009990000000001942
43042000,6860,16318,127630,6904,2921,121893,99,19234,479,1,32350,0.0010000000000047748
43043000,13106,671,125156,9054,-5949,126907,135,19227,405,0,32351,0.0009999999999976694
43044000,7557,-2814,127962,12256,-13214,132463,135,19231,553,0,32352,0.0009999999999976694
43045000,7873,-10970,125773,1174,-13200,126377,103,19231,422,0,32353,0.0009999999999976694
43046000,2043,7625,130939,-3554,8090,129741,104,19227,426,1,32354,0.0010000000000047748
43047000,2998,9725,133036,6525,-397,128758,112,19228,459,1,32355,0.0009999999999976694
43048000,145,7745,129103,966,3416,118686,107,19228,438,1,32356,0.0009999999999976694
43049000,4204,2945,129822,-7654,-9188,134979,115,19232,438,0,32357,0.0010000000000047748
43050000,10526,-17983,126731,16560,-14951,131840,89,19220,471,0,32358,0.0009999999999976694
43051000,8022,1302,129857,10694,2970,124563,89,19235,365,0,32359,0.0009999999999976694
43052000,2265,-1852,129241,-15059,-4777,132931,103,19229,422,0,32360,0.0010000000000047748
43053000,-260,1622,131894,-12326,1680,126427,126,19224,516,1,32361,0.0009999999999976694
43054000,-3875,6648,135165,10379,-8240,131420,113,19224,463,1,32362,0.0009999999999976694
43055000,-9323,797,129348,-2657,-3899,128587,100,19229,463,1,32363,0.0010000000000047748
43056000,-2151,-3148,130815,-27211,-4821,130028,150,19227,410,0,32364,0.0009999999999976694
43057000,303,-5996,128620,5746,-5492,130586,150,19232,614,0,32365,0.0009999999999976694
43058000,1875,1913,128874,7060,5841,126052,106,19230,434,0,32366,0.0010000000000047748
43059000,-6754,7248,131750,-22891,4430,127835,109,19224,446,1,32367,0.0009999999999976694
43060002,-7523,-1772,129575,-11015,-1791,135330,130,19224,532,1,32368,0.0010019999999997253
43061000,-4469,4485,129432,-4026,4349,128996,110,19230,532,1,32369,0.000998000000002719
43062000,-6031,8186,129091,-5807,12232,124738,113,19230,451,1,32370,0.0009999999999976694
43063000,-2298,511,127314,-13562,85,124874,113,19221,463,0,32371,0.0009999999999976694
43064002,-4175,-11513,124399,-3442,-15296,133767,125,19229,512,0,32372,0.0010019999999997253
43065002,-1601,6177,127878,-6872,8113,129652,105,19229,430,0,32373,0.0010000000000047748
43066003,-4469,10655,128166,-8941,6171,115912,122,19225,500,1,32374,0.0010009999999951447
43067000,-9293,8281,129744,-7311,2471,126363,118,19225,500,1,32375,0.0009970000000052437
43068000,-4574,2288,128203,-13736,-2349,129197,105,19229,483,1,32376,0.0009999999999976694
43069000,-2264,5214,126949,2020,3170,124254,105,19230,430,0,32377,0.0009999999999976694
43070001,-1639,5221,124935,-1905,1184,121129,141,19234,577,0,32378,0.00100100000000225
43071000,-1580,1751,123252,-12647,-548,125404,106,19228,434,0,32379,0.0009990000000001942
43072000,2630,-176,126225,-268,73,131080,107,19225,438,0,32380,0.0009999999999976694
43073000,1661,156,124570,4776,-885,121894,149,19225,438,1,32381,0.0010000000000047748
43074000,-3676,16565,125660,-3475,5774,123497,107,19229,610,1,32382,0.0009999999999976694
43075000,5224,8678,124465,-3063,5673,120856,107,19232,438,1,32383,0.0009999999999976694
43076001,7831,7121,124545,11077,-7304,128968,103,19221,422,0,32384,0.00100100000000225
43077000,8961,-4088,126771,7514,-11763,122400,85,19229,348,0,32385,0.0009990000000001942
43078000,6713,-1393,121626,4478,1879,122144,110,19226,451,0,32386,0.0009999999999976694
43079000,3572,6248,128935,1897,137,132539,122,19226,451,1,32387,0.0010000000000047748
43080000,4792,2526,125848,6306,3636,118588,111,19225,500,1,32388,0.0009999999999976694
43081000,3274,11116,126690,4367,1565,130317,111,19232,455,1,32389,0.0009999999999976694
43082000,6881,21,126427,1406,5140,120259,101,19228,414,1,32390,0.0010000000000047748
43083000,11994,6467,125930,10733,-6709,127099,129,19227,528,0,32391,0.0009999999999976694
43084000,12165,-10089,127590,16154,-11465,135194,101,19227,414,0,32392,0.0009999999999976694
43085000,5802,-7035,127368,-7807,-9268,128198,103,19227,414,0,32393,0.0010000000000047748
43086000,3672,7921,130939,-419,5843,127506,140,19227,422,1,32394,0.0009999999999976694
43087000,-335,14880,131279,9268,7511,126976,140,19228,573,1,32395,0.0009999999999976694
43088000,-487,2874,131163,-3373,-4445,133939,113,19227,463,1,32396,0.0010000000000047748
43089000,8286,-2400,128796,276,-13535,123530,104,19225,426,0,32397,0.0009999999999976694
43090000,8908,-2454,127070,9064,-4549,127657,137,19230,561,0,32398,0.0009999999999976694
43091000,9644,-3007,127925,14072,-4386,133489,109,19230,446,0,32399,0.0010000000000047748
43092000,885,-291,129944,-23045,-4491,123541,114,19228,446,0,32400,0.0009999999999976694
43093000,1904,10430,130428,-4779,5619,130828,114,19223,467,1,32401,0.0009999999999976694
43094000,-6251,7241,134788,6754,-1167,130453,114,19230,467,1,32402,0.0010000000000047748
43095000,-33,-5824,128392,-19200,-9161,130188,101,19230,414,1,32403,0.0009999999999976694
43096000,-1342,-6210,129842,-6375,-11290,133943,121,19221,496,0,32404,0.0009999999999976694
43097000,1131,-181,129393,4754,4914,120794,109,19221,446,0,32405,0.0010000000000047748
43098000,-1829,6160,131348,-5269,-2397,129362,114,19236,446,0,32406,0.0009999999999976694
43099002,-8780,-2609,130463,-19079,-4773,135609,148,19223,467,1,32407,0.0010019999999997253
43100002,-11821,-2937,130949,-5184,3783,133125,148,19227,606,1,32408,0.0009999999999976694
43101000,-9229,12351,131137,-9527,6124,121164,117,19228,479,1,32409,0.000998000000002719
43102000,-2608,7158,128948,-13006,2052,127376,104,19227,426,1,32410,0.0009999999999976694
43103000,-4961,-6897,127489,-2175,-12937,135417,169,19227,692,0,32411,0.0010000000000047748
43104000,-1912,-9574,123911,-9091,-2956,124860,111,19228,692,0,32412,0.0009999999999976694
43105000,-1712,11527,128075,-6598,15214,124177,111,19230,455,0,32413,0.0009999999999976694
43106000,-5460,4887,126822,-9018,834,124495,111,19223,455,1,32414,0.0009999999999976694
43107000,-3990,7416,126646,-10671,-1063,126845,124,19224,508,1,32415,0.0010000000000047748
43108000,-8942,1658,128555,-5202,-3679,129269,113,19231,463,1,32416,0.0009999999999976694
43109000,1163,6632,125678,-637,8774,118305,117,19225,479,0,32417,0.0009999999999976694
43110000,-1194,245,125211,-5410,-5494,129222,94,19225,479,0,32418,0.0010000000000047748
43111000,-30,-3787,122932,-3119,-3671,123293,104,19229,385,0,32419,0.0009999999999976694
43112002,486,12874,125670,4869,16578,121602,104,19228,426,0,32420,0.0010019999999997253
43113000,-3866,4899,126854,-8742,1630,124331,133,19222,545,1,32421,0.000998000000002719
43114000,440,5811,127673,-4804,746,127650,114,19232,467,1,32422,0.0009999999999976694
43115000,2515,6258,124890,3706,3171,126281,95,19229,389,1,32423,0.0009999999999976694
43116000,10238,800,123314,2653,1899,124279,123,19229,389,0,32424,0.0010000000000047748
43117000,10155,-2302,124326,8084,-10829,130026,109,19233,504,0,32425,0.0009999999999976694
43118000,3981,-7507,122753,7093,-12975,127233,109,19228,446,0,32426,0.0009999999999976694
43119000,5227,2980,127627,1055,2133,123884,114,19223,467,1,32427,0.0010000000000047748
43120000,-1565,11074,130711,-574,9245,123760,128,19224,524,1,32428,0.0009999999999976694
43121000,3584,9472,127183,1704,-2454,127325,109,19229,446,1,32429,0.0009999999999976694
43122000,6395,-2508,125293,5349,-4836,127618,109,19229,446,0,32430,0.0010000000000047748
43123000,11942,1665,126266,6924,-9581,128160,84,19219,446,0,32431,0.0009999999999976694
43124000,11877,1454,123701,11954,-7960,125290,84,19229,344,0,32432,0.0009999999999976694
43125000,5577,-9375,128545,-7556,418,135337,101,19227,414,0,32433,0.0010000000000047748
43126000,6683,-5349,130575,958,9036,127343,124,19227,508,1,32434,0.0009999999999976694
43127000,-2864,9660,128288,1095,15437,120315,113,19228,463,1,32435,0.0009999999999976694
43128000,522,11576,130579,-4192,-4781,131857,101,19228,463,1,32436,0.0010000000000047748
43129000,2850,-6737,127302,4242,-16278,131437,144,19226,414,0,32437,0.0009999999999976694
43130002,8577,-11643,127552,16760,-6225,129067,144,19230,590,0,32438,0.0010019999999997253
43131000,7412,235,131633,-907,-8272,130544,103,19232,422,0,32439,0.000998000000002719
43132000,1860,6553,132200,-13917,6589,121570,107,19228,438,1,32440,0.0009999999999976694
43133000,318,12620,134250,155,-1843,133286,143,19228,586,1,32441,0.0009999999999976694
43134000,-9670,-3681,131118,-4230,-116,132490,111,19228,586,1,32442,0.0010000000000047748
43135000,-5361,-9437,131248,-16859,-9845,134278,103,19230,455,1,32443,0.0009999999999976694
43136000,-2393,4762,129339,2275,-7682,127413,103,19222,422,0,32444,0.0009999999999976694
43137001,1921,1562,127901,89,23,129049,103,19231,422,0,32445,0.00100100000000225
43138000,-1669,-1314,128783,-12967,-150,129078,109,19227,446,0,32446,0.0009990000000001942
43139000,-4544,4563,129696,-10563,3838,124651,127,19223,520,1,32447,0.0009999999999976694
43140000,-8227,7367,130473,-11731,2798,134288,116,19223,475,1,32448,0.0010000000000047748
43141001,-8899,8294,131444,-10196,3375,125545,102,19228,475,1,32449,0.0010009999999951447
43142001,-2839,8811,127785,-5544,215,126867,131,19233,418,1,32450,0.0010000000000047748
43143000,-4925,-6445,126137,-10245,-7623,132130,131,19228,537,0,32451,0.0009990000000001942
43144000,-712,2560,127106,-3573,-1668,122749,101,19236,414,0,32452,0.0009999999999976694
43145000,-432,-1022,125114,-8161,-1156,124493,106,19225,434,0,32453,0.0009999999999976694
43146002,-3264,17551,129878,-9892,12724,120923,150,19225,614,1,32454,0.0010019999999997253
43147000,-6066,-1395,126950,-3632,-7698,135103,117,19228,614,1,32455,0.000998000000002719
43148000,-9447,13072,127297,-13397,8220,116863,102,19228,479,1,32456,0.0009999999999976694
43149000,-931,6420,126763,1667,-10275,131757,102,19224,418,0,32457,0.0010000000000047748
43150000,-972,-2390,125717,2733,-2480,122253,109,19232,446,0,32458,0.0009999999999976694
43151002,4372,3062,125355,-8668,-4830,126631,111,19228,455,0,32459,0.0010019999999997253
43152002,-2464,-3283,125365,1612,1307,126863,121,19228,496,1,32460,0.0009999999999976694
43153000,2353,28099,128242,-4117,20991,112864,120,19220,496,1,32461,0.000998000000002719
43154000,-2014,648,123030,-2140,-1041,135151,100,19228,491,1,32462,0.0009999999999976694
43155000,5190,9789,125991,459,9217,117399,100,19231,410,0,32463,0.0010000000000047748
43156000,9940,2084,121985,7491,-570,127658,117,19226,479,0,32464,0.0009999999999976694
43157000,11199,-1053,123529,13588,-4399,122426,103,19226,422,0,32465,0.0009999999999976694
43158001,9125,-9457,124326,1453,-16882,133636,115,19225,471,0,32466,0.00100100000000225
43159000,4353,-3450,124774,-3835,9959,127552,146,19225,471,1,32467,0.0009990000000001942
43160003,4303,19938,131606,12724,13893,115165,113,19228,598,1,32468,0.0010029999999972006
43161000,3202,1403,125802,6867,-6882,135549,113,19231,463,1,32469,0.0009970000000052437
43162000,6687,11217,128065,-689,4728,119830,96,19227,393,0,32470,0.0009999999999976694
43163000,11301,1691,127285,5852,-2503,133988,138,19234,565,0,32471,0.0009999999999976694
43164000,10697,-4505,128616,15393,-7733,124444,106,19228,434,0,32472,0.0010000000000047748
43165000,6173,-5222,129001,-540,-7164,133223,111,19228,434,0,32473,0.0009999999999976694
43166000,3532,959,129912,-5316,-3022,129606,116,19222,455,1,32474,0.0009999999999976694
43167000,259,10246,129200,7868,9067,122407,116,19228,475,1,32475,0.0010000000000047748
43168000,3052,14819,130009,1097,445,126697,104,19233,426,1,32476,0.0009999999999976694
43169000,7281,-5617,127158,-2783,-18891,131314,113,19216,463,0,32477,0.0009999999999976694
43170000,11036,-13680,128769,14787,-10691,130837,89,19234,365,0,32478,0.0009999999999976694
43171000,4463,-3666,130904,3588,-7476,128045,105,19234,365,0,32479,0.0010000000000047748
43172000,682,-535,128564,-16136,12529,125099,134,19229,430,1,32480,0.0009999999999976694
43173001,-1963,14414,135239,-609,3869,132676,134,19224,549,1,32481,0.00100100000000225
43174000,-6538,1025,129593,1321,-7736,129291,115,19227,471,1,32482,0.0009990000000001942
43175000,-5861,-6102,128487,-19884,-9689,132292,96,19229,393,1,32483,0.0009999999999976694
43176000,270,2201,131826,-1434,-5478,125207,141,19234,577,0,32484,0.0009999999999976694
43177000,3639,-827,126991,5227,-1905,128450,108,19234,577,0,32485,0.0010000000000047748
43178000,-3146,5273,133350,-19004,3798,131078,117,19229,442,0,32486,0.0009999999999976694
43179000,-8435,-2009,130079,-15230,-6728,131930,117,19223,479,1,32487,0.0009999999999976694
43180000,-8863,10831,130255,-9118,10579,125115,132,19231,541,1,32488,0.0010000000000047748
43181000,-9282,8535,130417,-11971,3142,129917,111,19231,455,1,32489,0.0009999999999976694
43182001,-1077,1425,128585,-8766,-1806,126309,109,19218,446,0,32490,0.00100100000000225
43183000,-4844,-784,128332,-7564,-10596,126996,129,19218,528,0,32491,0.0009990000000001942
43184000,-2381,-1873,126327,-5079,537,125248,104,19233,528,0,32492,0.0009999999999976694
43185000,-2598,9620,129151,-8452,7163,124186,127,19229,426,0,32493,0.0009999999999976694
43186000,-7421,5907,126632,-10150,2168,127714,127,19224,520,1,32494,0.0010000000000047748
43187000,-6030,9220,126323,-12593,7042,125739,117,19230,479,1,32495,0.0009999999999976694
43188001,-3763,7016,127724,-2754,4789,121910,105,19227,430,1,32496,0.00100100000000225
43189002,2431,707,124669,859,3709,128509,142,19227,582,0,32497,0.0010009999999951447
43190000,1345,-8197,123566,-6666,-12471,128599,119,19230,582,0,32498,0.000998000000002719
43191000,96,-3412,124896,-2780,-814,125302,118,19227,487,0,32499,0.0009999999999976694
43192000,-1081,14274,126860,-4135,7364,122748,118,19223,483,1,32500,0.0010000000000047748
43193000,-6217,8125,126430,-3153,4210,124813,167,19232,684,1,32501,0.0009999999999976694
43194000,-2210,13188,124702,-1405,4003,130757,112,19236,459,1,32502,0.0009999999999976694
43195000,5976,6442,124252,-1240,-2651,116048,101,19236,414,0,32503,0.0010000000000047748
43196000,11387,7903,124379,7419,3512,119969,84,19216,414,0,32504,0.0009999999999976694
43197000,11774,-2424,126165,8952,-11317,130277,113,19228,344,0,32505,0.0009999999999976694
43198000,5531,-8536,123502,274,175,127373,113,19225,463,0,32506,0.0010000000000047748
43199001,4075,-1898,127794,2328,365,130747,123,19220,504,1,32507,0.0010009999999951447
43200000,-1471,6708,125800,-403,10639,119353,112,19228,459,1,32508,0.0009990000000001942
43201000,8700,14332,127327,4963,6458,125984,101,19233,414,1,32509,0.0010000000000047748
43202000,8612,-3804,125428,8718,-6927,128016,128,19233,414,0,32510,0.0009999999999976694
43203000,12213,-6406,126373,6423,-5004,128015,99,19226,524,0,32511,0.0009999999999976694
43204000,9638,-7205,127103,13813,-11849,129897,99,19230,405,0,32512,0.0010000000000047748
43205000,3956,-123,126725,1161,-956,126740,102,19227,418,1,32513,0.0009999999999976694
43206000,3346,8389,128987,-1318,15313,132048,134,19228,549,1,32514,0.0009999999999976694
43207000,-528,10515,130534,-2095,11167,121574,113,19236,463,1,32515,0.0010000000000047748
43208000,3561,-1093,129233,2001,-7819,135008,103,19236,463,1,32516,0.0009999999999976694
43209000,6139,-8902,127549,4049,-15374,132056,131,19226,422,0,32517,0.0009999999999976694
43210000,10533,-11460,128708,13046,-11924,131178,131,19232,537,0,32518,0.0010000000000047748
43211001,8261,493,129996,5710,-1481,123474,105,19229,430,0,32519,0.0010009999999951447
43212000,-531,9170,132388,-17126,4519,127464,114,19223,467,1,32520,0.0009990000000001942
43213000,-5222,9813,133399,-815,6148,131727,114,19228,467,1,32521,0.0010000000000047748
43214000,-11167,-753,131801,-1578,-14869,134521,102,19228,467,1,32522,0.0009999999999976694
43215000,-4288,-12005,129171,-18214,-10596,132789,122,19233,418,0,32523,0.0009999999999976694
43216003,259,-7313,129560,-1397,-379,124471,122,19223,500,0,32524,0.001003000000004306
43217001,4577,4913,128878,4298,-2524,130760,99,19228,405,0,32525,0.0009979999999956135
43218000,-183,9490,127769,-3529,7927,118303,108,19225,442,0,32526,0.0009990000000001942
43219000,-9714,1750,130571,-20981,-2985,138426,143,19228,586,1,32527,0.0010000000000047748
43220000,-1533,-4656,130807,-197,3697,127736,119,19228,586,1,32528,0.0009999999999976694
43221000,-11719,15478,130985,-9568,12289,120751,105,19230,487,1,32529,0.0009999999999976694
43222000,-2594,2218,129450,-13778,-9323,134493,105,19227,430,0,32530,0.0010000000000047748
43223000,-5973,-4856,125510,-2815,-12290,126289,168,19233,688,0,32531,0.0009999999999976694
43224000,-464,-8191,125896,-4513,-3824,131929,102,19233,418,0,32532,0.0009999999999976694
43225000,-263,15608,129654,-1113,15008,112448,109,19222,446,1,32533,0.0010000000000047748
43226000,-8608,19518,128804,-14376,3588,127654,121,19222,446,1,32534,0.0009999999999976694
43227000,-5123,5226,127776,-12132,-4107,129364,110,19228,496,1,32535,0.0009999999999976694
43228000,-1459,-712,125598,-256,552,127748,110,19230,451,1,32536,0.0010000000000047748
43229000,3069,-4298,126550,-512,-7127,128940,120,19221,491,0,32537,0.0009999999999976694
43230000,97,11163,123845,-8026,408,116472,98,19226,401,0,32538,0.0009999999999976694
43231000,3411,-4280,124189,-8943,-5210,137163,110,19228,451,0,32539,0.0009999999999976694
43232000,825,7183,126647,8357,13643,117477,135,19228,553,1,32540,0.0010000000000047748
43233000,-3256,16519,125461,-5875,10055,121218,116,19220,553,1,32541,0.0009999999999976694
43234000,-491,8746,127420,-4320,1413,124928,96,19232,475,1,32542,0.0009999999999976694
43235000,5379,266,124612,8642,-11629,129249,96,19227,393,0,32543,0.0010000000000047748
43236000,8902,-1916,124166,8766,-3093,125632,125,19232,512,0,32544,0.0009999999999976694
43237002,8016,4546,126186,4469,-2869,118496,111,19227,455,0,32545,0.0010019999999997253
43238000,2509,-4636,125538,10512,-11009,132023,114,19227,467,0,32546,0.000998000000002719
43239000,4809,3256,127017,-7768,1973,120921,133,19223,467,1,32547,0.0009999999999976694
43240000,3993,15280,129744,4993,9754,125754,107,19228,545,1,32548,0.0009999999999976694
43241000,7998,2491,126919,12822,-753,125265,107,19233,438,1,32549,0.0010000000000047748
43242000,9984,6793,124177,-1878,-982,120603,105,19219,430,0,32550,0.0009999999999976694
43243000,9178,-10777,126926,7933,-22498,141701,93,19232,381,0,32551,0.0009999999999976694
43244000,9564,-12166,126551,17664,-11859,128526,105,19227,430,0,32552,0.0010000000000047748
43245000,-784,7626,129941,-7885,8283,122832,122,19227,430,1,32553,0.0009999999999976694
43246000,404,12524,132245,-10602,9516,127311,113,19227,500,1,32554,0.0009999999999976694
43247000,2044,4214,128677,14226,-962,127497,113,19231,463,1,32555,0.0010000000000047748
43248000,4486,-4088,126948,-565,-6719,134885,100,19227,410,1,32556,0.0009999999999976694
43249000,11057,1670,127509,-3644,730,118290,143,19230,586,0,32557,0.0009999999999976694
43250000,7888,72,129952,23386,-6434,131980,105,19231,430,0,32558,0.0010000000000047748
43251000,5089,-18839,127506,-6263,-19792,136499,107,19231,430,0,32559,0.0009999999999976694
43252000,331,4043,133868,-16808,1801,123858,143,19225,438,1,32560,0.0009999999999976694
43253000,-7997,4262,133392,5105,8185,133322,143,19230,586,1,32561,0.0010000000000047748
43254000,-8081,13597,130293,-6619,5417,117484,106,19232,434,1,32562,0.0009999999999976694
43255000,-634,-10556,129225,-14445,-18366,141880,102,19222,418,0,32563,0.0009999999999976694
43256000,-1092,-8691,128050,5032,-9937,125876,113,19232,463,0,32564,0.0010000000000047748
43257000,1094,9022,131776,-1618,5887,133266,111,19232,463,0,32565,0.0009999999999976694
43258000,-5676,4407,133115,-17696,-777,127098,124,19228,455,1,32566,0.0009999999999976694
43259000,-7137,3585,130023,-10142,3206,135928,124,19224,508,1,32567,0.0010000000000047748
43260000,-10671,1532,130124,-12095,-2085,128360,114,19231,467,1,32568,0.0009999999999976694
43261000,-3922,16641,130882,-10654,5247,115247,102,19229,418,1,32569,0.0009999999999976694
43262000,-1456,275,126373,-1564,-8711,133391,131,19223,537,0,32570,0.0010000000000047748
43263000,-3168,-5227,126380,-9456,-5429,123302,100,19223,537,0,32571,0.0009999999999976694
43264000,734,-5457,124547,-3987,-7060,130645,106,19229,410,0,32572,0.0009999999999976694
43265001,-5958,11862,129903,-14616,17211,118719,106,19226,434,1,32573,0.00100100000000225
43266000,-3780,7249,127255,-4742,775,129773,145,19229,594,1,32574,0.0009990000000001942
43267000,-9830,4975,127915,-15042,6942,124591,116,19228,475,1,32575,0.0009999999999976694
43268000,92,9423,125691,-5425,436,122134,103,19226,422,0,32576,0.0010000000000047748
43269000,-1004,728,126490,9575,-5188,128141,108,19226,422,0,32577,0.0009999999999976694
43270000,4499,-33,123942,-6363,-11759,125341,110,19232,442,0,32578,0.0009999999999976694
43271000,1973,-4751,123352,-3734,5958,124389,110,19233,451,0,32579,0.0010000000000047748
43272000,-2422,12901,129207,-866,12564,125558,118,19219,483,1,32580,0.0009999999999976694
43273000,-1510,7546,124165,-4164,5438,122311,130,19230,532,1,32581,0.0009999999999976694
43274000,-308,18262,127312,-2807,2622,124307,99,19235,405,1,32582,0.0010000000000047748
43275000,8408,2,123237,3599,-7089,126107,114,19235,467,0,32583,0.0009999999999976694
43276000,7062,-750,123300,17204,-5072,123521,99,19232,467,0,32584,0.0009999999999976694
43277002,7551,-274,129791,1512,-14089,129738,112,19228,405,0,32585,0.0010019999999997253
43278000,6676,-6414,122436,-516,-1054,124629,112,19226,459,1,32586,0.000998000000002719
43279000,778,22555,132708,5300,10945,123205,145,19229,594,1,32587,0.0009999999999976694
43280000,5658,3326,124035,-1362,14,126889,113,19230,463,1,32588,0.0010000000000047748
43281002,6798,3229,126345,4214,1901,126366,96,19230,393,1,32589,0.0010019999999997253
43282002,11062,526,128408,6957,-4503,125399,137,19230,393,0,32590,0.0009999999999976694
43283000,14859,-438,125518,14734,-10684,127305,105,19229,561,0,32591,0.000998000000002719
43284000,3260,-12455,127216,5868,-11155,133840,105,19230,430,0,32592,0.0009999999999976694
43285000,5760,1813,130230,-15225,1809,127395,110,19228,451,1,32593,0.0009999999999976694
43286002,763,16208,131806,9613,7084,123990,113,19228,463,1,32594,0.0010019999999997253
43287000,-2325,9121,132330,4610,-1478,127672,105,19228,430,1,32595,0.000998000000002719
43288000,2657,1694,128966,-13338,-14227,133281,115,19230,430,0,32596,0.0009999999999976694
43289000,7914,-13012,128077,13114,-13978,127585,98,19220,471,0,32597,0.0010000000000047748
43290002,8243,-914,129368,14128,-321,125482,98,19231,401,0,32598,0.0010019999999997253
43291000,3517,3544,130520,-19168,4037,125865,112,19227,459,0,32599,0.0009979999999956135
43292000,2834,11302,132223,-6287,4538,128181,137,19222,561,1,32600,0.0010000000000047748
43293000,-2604,-6374,131108,7950,-6073,138329,114,19227,467,1,32601,0.0009999999999976694
43294000,-9596,-1117,129599,-11209,-295,125765,97,19227,467,1,32602,0.0009999999999976694
43295000,2447,-2455,129333,-19225,-8762,129269,140,19228,397,0,32603,0.0009999999999976694
43296000,-1797,-2242,129474,9523,-8294,132811,140,19234,573,0,32604,0.0010000000000047748
43297000,2227,-5843,129255,-2872,1967,131797,108,19226,442,0,32605,0.0009999999999976694
43298000,-9081,6607,130905,-22087,2926,123142,113,19224,463,1,32606,0.0009999999999976694
43299000,-5996,2915,129702,-9438,1839,133051,131,19228,537,1,32607,0.0010000000000047748
43300000,-7795,10087,130549,-2337,7638,131710,110,19228,537,1,32608,0.0009999999999976694
43301000,-4969,-592,128437,-14716,-3180,125676,110,19227,451,1,32609,0.0009999999999976694
43302000,-4282,3241,127755,-8889,-229,124291,110,19219,451,0,32610,0.0010000000000047748
43303000,-5620,-5842,126002,-4115,-10730,133264,116,19232,475,0,32611,0.0009999999999976694
43304000,514,1295,127128,-6455,1733,124656,105,19225,430,0,32612,0.0009999999999976694
43305001,-6426,9036,128393,-8153,5430,122583,127,19224,520,1,32613,0.00100100000000225
43306000,-7786,8614,126691,-12795,6049,123894,120,19224,520,1,32614,0.0009990000000001942
43307000,-5681,10499,128351,-3396,4623,132740,103,19229,491,1,32615,0.0009999999999976694
43308003,-426,-2405,124860,-127,-3284,124783,103,19225,422,0,32616,0.001003000000004306
43309002,-900,1779,125128,-4826,23,122626,139,19233,569,0,32617,0.0009990000000001942
43310001,-203,-1385,124358,-7341,239,124348,107,19227,438,0,32618,0.0009990000000001942
43311002,4200,6151,125460,44,421,126306,112,19229,459,0,32619,0.0010009999999951447
43312016,-1416,4704,125136,-6876,7127,123622,151,19229,618,1,32620,0.0010140000000049554
43313008,-4286,11229,125492,-12539,13130,117669,109,19227,618,1,32621,0.0009919999999965512
43314001,6746,10330,126292,12956,4044,128108,109,19233,446,1,32622,0.0009930000000011319
43315002,9142,-1541,123171,12445,956,124217,102,19224,418,0,32623,0.00100100000000225
43316002,8742,-6376,123147,-1341,-12694,129715,83,19228,340,0,32624,0.0009999999999976694
43317001,5442,-6812,125302,2980,-2324,124042,111,19231,455,0,32625,0.0009990000000001942
43318002,4861,1524,127488,7336,5718,123220,126,19231,516,1,32626,0.00100100000000225
43319001,2295,7494,130766,2701,7087,127591,114,19220,516,1,32627,0.0009990000000001942
43320001,-35,12105,126159,-145,658,123369,99,19225,467,1,32628,0.0009999999999976694
43321002,6967,7675,125638,8041,-3941,127298,99,19227,405,1,32629,0.00100100000000225
43322002,13588,832,126780,6731,-2492,125150,129,19229,528,0,32630,0.0009999999999976694
43323000,11057,-12548,127732,11387,-19169,137422,99,19229,405,0,32631,0.000998000000002719
43324002,7549,-12,126798,-2081,1176,120971,104,19229,426,0,32632,0.0010019999999997253
43325002,2952,1702,128433,-7968,1016,133889,136,19224,426,1,32633,0.0009999999999976694
43326000,1806,10125,131147,12921,12570,124991,115,19228,557,1,32634,0.000998000000002719
43327001,-1749,14822,129458,-166,579,122874,115,19229,471,1,32635,0.0010009999999951447
43328005,6573,-5404,128068,-8159,-13747,135297,102,19224,418,0,32636,0.0010040000000017812
43329005,12199,-16570,129148,13513,-12311,129477,126,19233,516,0,32637,0.0009999999999976694
43330004,8769,-270,129562,21060,-9910,131776,108,19233,442,0,32638,0.0009990000000001942
43331015,759,1322,128683,-29872,5632,121292,116,19229,442,0,32639,0.0010110000000054242
43332000,-2217,12869,136031,-5724,6701,130933,122,19221,475,1,32640,0.0009850000000000136
43333002,-7903,2958,131199,14142,-8101,132011,122,19235,500,1,32641,0.0010019999999997253
43334000,-4770,-413,130067,-21246,-8021,130786,102,19233,418,1,32642,0.0009979999999956135
43335002,-2849,-15844,131928,-8320,-19395,136246,119,19228,487,0,32643,0.0010019999999997253
43336000,3884,12617,129344,7383,7308,115323,98,19227,401,0,32644,0.000998000000002719
43337000,-1793,-103,129516,-7786,-11126,140024,109,19227,401,0,32645,0.0009999999999976694
43338000,-6950,146,131581,-16469,-681,126347,147,19226,446,1,32646,0.0010000000000047748
43339002,-11653,6614,129860,-12971,-123,129508,147,19227,602,1,32647,0.0010019999999997253
43340000,-8600,11325,131043,-7913,10976,122856,117,19233,479,1,32648,0.0009979999999956135
43341002,-837,8356,131081,-6217,-3676,127475,99,19228,405,1,32649,0.0010019999999997253
43342000,-4354,-9747,124295,-3751,-15381,132748,168,19232,688,0,32650,0.000998000000002719
43343002,-488,-2257,125207,-11518,-1394,125152,107,19232,688,0,32651,0.0010019999999997253
43344002,-3119,8249,128455,-3727,4995,121959,113,19224,438,0,32652,0.0009999999999976694
43345001,-1973,11841,128235,-5063,5167,121866,113,19222,463,1,32653,0.0009990000000001942
43346006,-9311,2734,128561,-16122,-5038,133819,129,19229,528,1,32654,0.0010049999999992565
43347005,-7167,-577,127686,-8098,4799,125214,109,19234,446,1,32655,0.0009990000000001942
43348012,1328,13921,126689,1420,4816,128506,115,19226,471,0,32656,0.0010070000000013124
43349003,-1906,-8309,123012,-2145,-14909,134602,96,19226,471,0,32657,0.000990999999999076
43350001,2923,-3658,124023,-4943,-5635,123415,110,19225,393,0,32658,0.000998000000002719
43351003,-3275,11755,127875,-1363,5884,122182,110,19226,451,0,32659,0.0010019999999997253
43352002,-351,18458,127376,-324,17887,119110,135,19223,553,1,32660,0.0009990000000001942
43353002,-1646,7092,125700,-5114,3252,133342,113,19232,463,1,32661,0.0009999999999976694
43354002,4774,-746,122947,146,-2529,120039,96,19232,393,1,32662,0.0010000000000047748
43355002,11183,7699,122664,9528,-998,120112,121,19232,393,0,32663,0.0009999999999976694
43356003,10268,-3358,123687,8981,-2965,128266,114,19230,496,0,32664,0.00100100000000225
43357003,9530,-5145,124299,3126,-6473,127626,114,19227,467,0,32665,0.0009999999999976694
43358002,1987,-4020,125715,4319,-1428,129425,115,19223,471,1,32666,0.0009990000000001942
43359003,1423,10300,128096,-4067,24716,116789,130,19230,532,1,32667,0.00100100000000225
43360004,3747,7370,128723,10418,-1792,130610,106,19232,434,1,32668,0.0010009999999951447
43361001,7374,-4484,124784,4276,-5164,125842,107,19232,434,0,32669,0.0009969999999981383
43362003,11077,6331,129087,4947,-4176,122284,92,19216,438,0,32670,0.0010020000000068308
43363002,8427,-7694,126829,19374,-12840,132213,92,19228,377,0,32671,0.0009989999999930887
43364004,6089,-4149,128888,-6273,-4164,127318,106,19235,434,0,32672,0.0010020000000068308
43365003,2056,1821,130535,-5231,-2156,134254,119,19223,487,1,32673,0.0009990000000001942
43366003,-614,12851,131089,9546,16232,120311,111,19231,455,1,32674,0.0009999999999976694
43367002,2600,11537,128301,-7113,-978,127289,99,19231,405,1,32675,0.0009990000000001942
43368002,6201,-6789,127742,-921,-14242,133556,144,19232,405,0,32676,0.0009999999999976694
43369002,9408,-12338,125705,19817,-6707,123894,115,19224,590,0,32677,0.0009999999999976694
43370001,8169,986,130682,5146,-11209,138484,115,19231,471,0,32678,0.0009990000000001942
43371002,-1716,4375,131905,-17539,10234,120060,109,19225,446,1,32679,0.00100100000000225
43372000,1656,5741,131507,-5651,548,133085,148,19230,606,1,32680,0.000998000000002719
43373000,-8625,1324,132766,4917,-1511,132499,108,19230,442,1,32681,0.0009999999999976694
43374004,-3242,-4836,127887,-13595,-9247,129370,104,19234,442,1,32682,0.0010040000000017812
43375000,-1399,-6675,129436,-6818,-6914,135617,112,19223,426,0,32683,0.000996000000000663
43376000,2724,1207,129189,3180,3220,119374,112,19229,459,0,32684,0.0009999999999976694
43377000,-2554,7797,130085,-8691,1529,131029,107,19228,438,0,32685,0.0009999999999976694
43378004,-7149,-2595,131206,-16829,-2334,129019,121,19221,496,1,32686,0.0010040000000017812
43379000,-9882,5762,130741,-12593,3322,129246,111,19232,455,1,32687,0.000996000000000663
43380000,-9937,12161,131365,-10551,5707,125650,100,19232,455,1,32688,0.0009999999999976694
43381000,-2474,10625,129890,-8302,3063,122068,131,19231,410,0,32689,0.0010000000000047748
43382000,-5275,-13017,126559,-7917,-21980,139369,131,19225,537,0,32690,0.0009999999999976694
43383000,-2407,-691,128796,-6017,-1810,119533,100,19232,410,0,32691,0.0009999999999976694
43384000,127,9080,126212,-8532,6121,124338,103,19225,422,0,32692,0.0010000000000047748
43385000,-6278,15730,129858,-10769,13679,123021,139,19233,569,1,32693,0.0009999999999976694
43386000,-4979,2388,124461,-8313,-5690,128888,116,19233,569,1,32694,0.0009999999999976694
43387000,-7842,1794,125810,-15120,10589,127242,104,19231,475,1,32695,0.0010000000000047748
43388000,2540,5129,125285,2043,-3348,121368,104,19227,426,0,32696,0.0009999999999976694
43389002,406,-1820,123157,8035,-5639,127882,105,19232,430,0,32697,0.0010019999999997253
43390000,1770,-5356,124124,-11463,-9748,131794,108,19229,442,0,32698,0.000998000000002719
43391000,-1476,563,127552,-3815,4563,121390,117,19224,479,1,32699,0.0009999999999976694
43392000,-1317,19649,129813,1875,13488,121795,125,19224,479,1,32700,0.0009999999999976694
43393000,-2225,8626,124483,-5648,1847,126361,100,19227,512,1,32701,0.0010000000000047748
43394000,2724,5502,124008,-2858,2646,128182,100,19234,410,0,32702,0.0009999999999976694
43395000,10076,-4527,122585,8395,-8383,121815,117,19228,479,0,32703,0.0009999999999976694
43396003,9886,9209,124006,13638,8110,119357,102,19228,418,0,32704,0.001003000000004306
43397000,6325,-2178,126671,-4524,-8222,133600,112,19224,459,0,32705,0.0009969999999981383
43398000,4796,-3018,126747,-660,-3584,121887,143,19224,459,1,32706,0.0009999999999976694
43399000,1953,14623,128580,8632,12971,125451,111,19230,586,1,32707,0.0010000000000047748
43400000,6384,6923,125956,3420,4820,120601,111,19231,455,1,32708,0.0009999999999976694
43401000,7850,-1850,124866,5259,-5059,129182,97,19226,397,0,32709,0.0009999999999976694
43402000,11713,-3191,126928,4032,-9271,131241,141,19228,577,0,32710,0.0010000000000047748
43403000,10244,-9458,126378,13652,-3745,125230,112,19228,459,0,32711,0.0009999999999976694
43404000,2489,750,131690,1312,-835,128107,111,19228,459,1,32712,0.0009999999999976694
43405000,1673,9684,129417,-10105,-3108,121940,113,19222,455,1,32713,0.0010000000000047748
43406000,1598,7996,129808,10998,7466,129640,113,19228,463,1,32714,0.0009999999999976694
43407001,4314,7198,127823,-8879,-5165,125348,107,19234,438,1,32715,0.00100100000000225
43408000,11517,-800,128126,3057,-12782,131914,119,19220,487,0,32716,0.0009990000000001942
43409000,9455,-10698,129483,24417,-11902,130933,91,19232,373,0,32717,0.0009999999999976694
43410001,5904,-6326,129249,-12515,-10686,132780,108,19232,442,0,32718,0.00100100000000225
43411000,-2429,8022,131465,-20098,17498,118603,131,19226,442,1,32719,0.0009990000000001942
43412001,-4132,16131,135203,5570,-1210,132038,113,19221,537,1,32720,0.0010009999999951447
43413000,-4231,-4514,131281,4233,-7067,133978,113,19229,463,1,32721,0.0009990000000001942
43414000,-5115,-3159,129649,-24499,-17101,130781,96,19224,393,0,32722,0.0010000000000047748
43415000,1081,-2742,125845,-3456,4094,123912,151,19234,618,0,32723,0.0009999999999976694
43416000,3488,6775,130003,8809,5092,124997,108,19234,442,0,32724,0.0009999999999976694
43417000,-2235,-916,130543,-19374,-1696,133268,113,19228,442,0,32725,0.0009999999999976694
43418000,-7045,1900,132929,-17662,-2532,129303,136,19220,463,1,32726,0.0010000000000047748
43419000,-9814,-1330,128457,-8818,8552,127718,136,19229,557,1,32727,0.0009999999999976694
43420000,-5980,11158,131683,-3887,11848,127654,111,19231,455,1,32728,0.0009999999999976694
43421000,-3036,2236,126111,-6475,-5333,123423,109,19218,446,0,32729,0.0010000000000047748
43422001,-3076,-8892,126045,-15560,-7486,137166,127,19232,520,0,32730,0.0010009999999951447
43423001,-2510,-2593,127593,-3240,2983,119995,103,19232,520,0,32731,0.0010000000000047748
43424002,-2076,13979,128673,-4560,6070,126017,128,19229,422,1,32732,0.00100100000000225
43425000,-8823,5882,128169,-11756,2586,128250,128,19226,524,1,32733,0.0009979999999956135
43426000,-7715,3462,127765,-11327,-1317,126436,118,19228,483,1,32734,0.0009999999999976694
43427001,-2242,8580,126437,353,2401,127674,103,19227,422,1,32735,0.00100100000000225
43428000,-432,6421,125857,-421,-6,120080,140,19238,573,0,32736,0.0009990000000001942
43429000,1753,-5052,126523,-5651,-9776,130419,105,19238,573,0,32737,0.0009999999999976694
43430000,4071,1837,125867,-4214,1043,122844,110,19232,430,0,32738,0.0010000000000047748
43431000,259,5244,125387,-8162,1802,129813,110,19225,451,1,32739,0.0009999999999976694
43432000,-4125,4876,124768,4255,7565,123312,160,19227,655,1,32740,0.0009999999999976694
43433003,-2816,15560,125412,-4941,8774,116940,110,19233,451,1,32741,0.001003000000004306
43434001,8232,3347,124290,964,-2382,128834,101,19222,414,0,32742,0.0009979999999956135
43435000,8346,4545,125743,14360,-4934,120539,92,19222,414,0,32743,0.0009990000000001942
43436000,10365,-8480,123006,5819,-11382,129510,118,19232,377,0,32744,0.0010000000000047748
43437000,3584,-2962,127081,-539,-3359,125847,118,19230,483,0,32745,0.0009999999999976694
43438000,3630,3965,126969,6316,334,126519,130,19224,532,1,32746,0.0009999999999976694
43439000,2933,10004,128723,1967,6933,123568,115,19230,471,1,32747,0.0010000000000047748
43440000,4989,9386,126904,1862,5982,124893,99,19232,405,1,32748,0.0009999999999976694
43441000,12528,-11611,124226,12447,-6369,128944,128,19232,405,0,32749,0.0009999999999976694
43442000,7612,-1199,126362,6021,-10261,123524,98,19226,524,0,32750,0.0010000000000047748
43443000,9581,-16295,124846,8716,-22681,141727,98,19229,401,0,32751,0.0009999999999976694
43444000,1329,-1189,129367,3021,-1247,122373,104,19228,426,1,32752,0.0009999999999976694
43445000,-1273,14219,132618,-5790,8937,130143,136,19228,557,1,32753,0.0010000000000047748
43446000,3356,10043,131334,-1845,5768,125209,112,19228,459,1,32754,0.0009999999999976694
43447002,346,3067,129093,7088,-1119,130803,99,19228,459,1,32755,0.0010019999999997253
43448000,11335,-10820,125649,-812,-16539,127351,124,19225,405,0,32756,0.000998000000002719
43449000,6053,-5345,128904,16039,-3849,128826,124,19230,508,0,32757,0.0009999999999976694
43450000,6488,-14014,126963,3439,-1319,133799,106,19232,434,0,32758,0.0009999999999976694
43451000,1939,9216,133412,-17509,13342,120676,117,19220,479,1,32759,0.0010000000000047748
43452002,-7490,8026,131465,-977,-6262,133984,122,19228,500,1,32760,0.0010019999999997253
43453000,-8260,4113,129846,287,3790,122336,98,19228,500,1,32761,0.0009979999999956135
43454000,-2266,-11077,129815,-14178,-18714,140023,120,19229,401,0,32762,0.0010000000000047748
43455000,2603,-12624,130191,8394,-2921,126652,120,19226,491,0,32763,0.0009999999999976694
43456000,1725,10554,129896,-3091,5365,118198,99,19230,405,0,32764,0.0009999999999976694
43457002,-7323,8687,131341,-20391,2105,130204,110,19227,451,0,32765,0.0010019999999997253
43458000,-8078,68,130250,-13445,-6683,139309,150,19227,614,1,32766,0.000998000000002719
43459000,-8353,1486,129480,-3159,2774,126707,114,19227,467,1,32767,0.0009999999999976694
43460000,-7593,15090,131486,-11980,13414,122993,98,19234,467,1,32768,0.0010000000000047748
43461002,-3404,6984,128415,-9526,-4836,123623,165,19226,401,0,32769,0.0010019999999997253
43462000,-4255,-6877,125581,-1844,-14099,139152,165,19229,676,0,32770,0.0009979999999956135
43463000,-707,-5018,125832,-5496,-4623,123775,106,19230,434,0,32771,0.0010000000000047748
43464000,-5260,11504,128109,-4703,7179,122879,113,19222,463,1,32772,0.0009999999999976694
43465000,-6363,23042,130206,-16653,12331,119684,120,19222,491,1,32773,0.0009999999999976694
43466000,-5854,4,126036,-9581,-4523,132220,108,19226,491,1,32774,0.0010000000000047748
43467000,-484,-1323,127901,2180,-4580,129685,115,19231,442,0,32775,0.0009999999999976694
43468000,913,7913,124251,-425,-205,112925,115,19224,471,0,32776,0.0009999999999976694
43469000,54,1328,124038,-6545,-3584,130697,99,19227,405,0,32777,0.0010000000000047748
43470000,3716,2431,127240,-5851,-456,124188,113,19224,463,0,32778,0.0009999999999976694
43471001,-510,6818,125048,4533,4805,125253,139,19220,569,1,32779,0.00100100000000225
43472001,-3539,11032,127023,-5582,8066,125295,115,19220,569,1,32780,0.0009999999999976694
43473000,98,10713,125631,-4692,5287,118949,96,19229,471,1,32781,0.0009990000000001942
43474000,8877,8196,125587,9640,-692,126349,96,19228,393,0,32782,0.0009999999999976694
43475000,8060,-447,124419,6987,-6731,126490,117,19233,479,0,32783,0.0010000000000047748
43476000,9128,-8636,126622,11112,-17680,128952,109,19227,446,0,32784,0.0009999999999976694
43477000,1237,5443,127022,5633,-4262,121006,114,19223,467,1,32785,0.0009999999999976694
43478000,5099,8848,126762,-6317,7595,125586,130,19223,467,1,32786,0.0010000000000047748
43479000,3654,11541,130702,6592,9169,125944,106,19229,532,1,32787,0.0009999999999976694
43480000,10065,8027,123679,5329,1944,119396,106,19233,434,1,32788,0.0009999999999976694
43481000,9843,233,125016,4495,-3485,127411,107,19221,438,0,32789,0.0009999999999976694
43482000,12898,-6319,128568,10112,-14287,130880,87,19232,356,0,32790,0.0010000000000047748
43483000,8859,-14830,125636,13105,-14159,134969,101,19228,414,0,32791,0.0009999999999976694
43484000,957,3841,131108,-6517,4379,126061,122,19228,414,1,32792,0.0009999999999976694
43485000,87,7484,130555,-5205,674,123848,113,19222,500,1,32793,0.0010000000000047748
43486000,-3045,7832,130287,6196,4180,122584,113,19229,463,1,32794,0.0009999999999976694
43487000,5205,331,128383,-4694,-7548,132911,100,19231,410,0,32795,0.0009999999999976694
43488000,9299,-12388,126823,2691,-9013,129068,145,19226,594,0,32796,0.0010000000000047748
43489000,6928,3313,131455,22268,-6452,121008,103,19226,422,0,32797,0.0009999999999976694
43490002,3941,-15499,126326,-10051,-15265,139461,107,19226,422,0,32798,0.0010019999999997253
43491000,70,8376,136971,-14914,6648,129607,144,19224,438,1,32799,0.000998000000002719
43492000,-7623,7876,131138,7849,4486,125073,144,19230,590,1,32800,0.0009999999999976694
43493000,-6327,11009,130907,-9758,8593,125491,106,19230,434,1,32801,0.0009999999999976694
43494000,504,-6757,129303,-16624,-12596,137196,101,19223,414,0,32802,0.0010000000000047748
43495000,-39,-6767,126460,5189,-8138,119863,106,19225,434,0,32803,0.0009999999999976694
43496000,2709,3335,129783,-2872,-1871,130022,115,19225,434,0,32804,0.0009999999999976694
43497000,-7201,-161,132155,-16302,4767,126600,129,19227,471,1,32805,0.0010000000000047748
43498002,-5929,6064,130726,-11385,-1120,131333,129,19223,528,1,32806,0.0010019999999997253
43499002,-9059,2879,130027,-13015,4117,124557,117,19235,479,1,32807,0.0009999999999976694
43500002,-4605,9909,129625,-10720,5520,126984,101,19228,414,1,32808,0.0009999999999976694
43501002,-1405,2009,125568,-8255,-5396,127446,136,19224,557,0,32809,0.0010000000000047748
43502000,-4230,-2628,126127,-7256,-6347,130597,99,19224,405,0,32810,0.0009979999999956135
43503000,828,-3003,127149,-3715,759,123464,101,19230,405,0,32811,0.0010000000000047748
43504000,-5884,6224,128084,-9683,11664,129853,144,19226,414,1,32812,0.0009999999999976694
43505000,-8135,5291,126692,-10949,3720,123229,144,19228,590,1,32813,0.0009999999999976694
43506000,-9491,12843,128057,-11261,13228,120491,113,19230,463,1,32814,0.0010000000000047748
43507000,-247,5676,126773,1051,-3363,130012,105,19221,430,0,32815,0.0009999999999976694
43508000,2077,-453,124788,-264,-10446,124797,104,19221,426,0,32816,0.0009999999999976694
43509000,3441,1039,123569,-5322,-9225,128897,110,19228,426,0,32817,0.0010000000000047748
43510000,1025,727,125375,-6374,11101,118277,115,19227,451,0,32818,0.0009999999999976694
43511000,-1118,16901,129523,-855,9211,124732,115,19220,471,1,32819,0.0009999999999976694
43512000,-1307,5322,126391,-2448,1787,126199,114,19230,467,1,32820,0.0010000000000047748
43513000,935,11769,123005,-3100,11805,119564,100,19231,410,1,32821,0.0009999999999976694
43514000,8252,3282,123425,7530,-692,128324,123,19231,504,0,32822,0.0009999999999976694
43515000,10210,-557,122445,13341,-5519,118608,104,19228,504,0,32823,0.0010000000000047748
43516000,9309,-5518,125803,1895,-10776,134770,112,19225,426,0,32824,0.0009999999999976694
43517000,4070,-1387,129682,-1471,-70,122289,112,19226,459,1,32825,0.0009999999999976694
43518000,1996,12000,128926,4798,6408,123735,146,19224,598,1,32826,0.0010000000000047748
43519000,1458,6175,127192,7384,2323,130630,114,19231,467,1,32827,0.0009999999999976694
43520000,6703,3655,124121,-81,-327,121719,100,19224,410,1,32828,0.0009999999999976694
43521000,12403,7474,126249,4854,2955,124218,125,19224,410,0,32829,0.0010000000000047748
43522000,12117,4552,127491,19042,-6273,125486,106,19234,512,0,32830,0.0009999999999976694
43523000,5888,-14529,126029,168,-14717,137922,106,19221,434,0,32831,0.0009999999999976694
43524002,5578,2736,132832,-10151,2789,123330,109,19217,446,1,32832,0.0010019999999997253
43525001,986,12566,129911,6547,6352,127621,112,19229,459,1,32833,0.0009990000000001942
43526000,1366,13731,131354,7171,10639,123591,105,19229,430,1,32834,0.0009990000000001942
43527000,3075,-4103,128614,-9966,-15195,131142,122,19229,430,0,32835,0.0010000000000047748
43528000,10542,-24042,125659,9771,-19806,135771,95,19215,500,0,32836,0.0009999999999976694
43529000,5507,6564,132403,18357,1332,121416,95,19230,389,0,32837,0.0009999999999976694
43530000,1264,-1687,129260,-20625,-1590,129958,104,19227,426,0,32838,0.0010000000000047748
43531000,1557,11678,135141,-12574,12163,128534,133,19224,545,1,32839,0.0009999999999976694
43532000,-7091,-8338,130180,14924,-16370,142798,112,19231,459,1,32840,0.0009999999999976694
43533000,-6300,2376,129048,-12617,-1942,120447,99,19231,459,1,32841,0.0010000000000047748
43534001,-1131,3618,131520,-20360,-5194,129939,143,19227,405,0,32842,0.0010009999999951447
43535001,1689,-10018,128918,18186,-5298,136124,143,19228,586,0,32843,0.0010000000000047748
43536000,104,8019,129431,-4454,1518,117855,111,19222,455,0,32844,0.0009990000000001942
43537003,-8408,-2157,129401,-30340,-7516,133674,113,19224,463,1,32845,0.0010029999999972006
43538000,-9058,8816,132235,-3239,5795,126017,127,19228,520,1,32846,0.0009969999999981383
43539002,-9731,1707,128861,-3575,-2342,133224,111,19228,520,1,32847,0.0010019999999997253
43540000,-2252,10576,131165,-15375,7652,116573,114,19234,455,1,32848,0.000998000000002719
43541000,-6572,1089,125660,-8046,-2725,136323,114,19220,467,0,32849,0.0009999999999976694
43542000,2335,-7594,126178,1689,-11737,121993,108,19230,442,0,32850,0.0009999999999976694
43543000,-2612,8085,127293,-5412,399,125884,105,19229,430,0,32851,0.0010000000000047748
43544000,-5183,-1176,127672,-10016,10250,126713,125,19223,512,1,32852,0.0009999999999976694
43545000,-7403,10114,129332,-9552,2704,124070,117,19223,479,1,32853,0.0009999999999976694
43546003,-6864,2523,127213,-12314,-820,131456,101,19230,479,1,32854,0.001003000000004306
43547000,1271,12076,125608,7152,13011,113472,145,19229,414,0,32855,0.0009969999999981383
43548000,-4936,-5590,124393,-13743,-6132,134864,145,19234,594,0,32856,0.0009999999999976694
43549000,2857,-10750,123429,-1239,393,123287,109,19228,446,0,32857,0.0010000000000047748
43550001,623,11478,127756,7329,4856,125565,114,19224,467,0,32858,0.0010009999999951447
43551000,-3986,7969,125968,-6775,7301,122332,159,19224,651,1,32859,0.0009990000000001942
43552000,-4013,14228,126781,-11287,5930,122703,106,19230,651,1,32860,0.0010000000000047748
43553000,4271,70,123965,6749,-4084,131926,102,19232,434,1,32861,0.0009999999999976694
43554001,12520,11429,126328,16215,4752,116061,102,19222,418,0,32862,0.00100100000000225
43555000,8432,2337,122571,371,-11418,126687,82,19228,336,0,32863,0.0009990000000001942
43556000,6356,-7699,124829,-4110,-5273,128485,114,19228,467,0,32864,0.0009999999999976694
43557000,5935,-4385,125301,11507,2538,131292,129,19228,528,1,32865,0.0009999999999976694
43558001,1694,4472,127979,2447,7067,125014,111,19225,528,1,32866,0.00100100000000225
43559000,1852,23444,126857,-2449,11515,116260,96,19229,455,1,32867,0.0009990000000001942
43560000,6655,-1601,124652,6520,-7476,132134,96,19230,393,0,32868,0.0009999999999976694
43561000,15120,-4718,127654,11901,-7827,127349,133,19224,545,0,32869,0.0010000000000047748
43562000,8557,-5842,125918,13072,-6987,126496,102,19231,418,0,32870,0.0009999999999976694
43563000,5306,-3198,128862,-8041,-3381,131198,106,19225,434,0,32871,0.0009999999999976694
43564001,3380,7099,131251,1622,-1619,126631,136,19225,434,1,32872,0.00100100000000225
43565000,480,13705,130147,9709,7944,130277,112,19228,557,1,32873,0.0009990000000001942
43566000,-426,7038,130779,-6171,6954,125791,112,19231,459,1,32874,0.0009999999999976694
43567000,5810,-7158,125829,-455,-8947,126794,102,19220,418,0,32875,0.0010000000000047748
43568000,12140,-8955,129133,15672,-13503,133535,126,19229,516,0,32876,0.0009999999999976694
43569002,5199,-2924,126442,16585,-5753,128407,107,19230,438,0,32877,0.0010019999999997253
43570002,-55,-2589,132414,-25674,-3832,130896,116,19230,438,1,32878,0.0009999999999976694
43571002,-794,22465,133375,-7400,17756,116694,109,19231,475,1,32879,0.0010000000000047748
43572002,-6111,4690,132336,10581,-9803,139650,109,19232,446,1,32880,0.0009999999999976694
43573000,-3280,-8493,128866,-15913,-10146,128436,100,19231,410,1,32881,0.000998000000002719
43574000,-2833,-8641,127756,-14074,-12460,130729,121,19222,496,0,32882,0.0009999999999976694
43575000,5037,5030,131332,7627,8736,123895,99,19231,405,0,32883,0.0009999999999976694
43576004,-1762,5296,130922,2871,-4020,128465,109,19231,405,0,32884,0.0010040000000017812
43577002,-7708,175,130267,-24118,-1957,135138,150,19226,446,1,32885,0.000998000000002719
43578000,-13111,-129,129036,-14994,-651,130726,150,19227,614,1,32886,0.0009979999999956135
43579000,-9180,13981,131800,-1576,12159,118247,114,19230,467,1,32887,0.0010000000000047748
43580000,-1810,7703,131248,-8543,-2186,127982,100,19223,410,1,32888,0.0009999999999976694
43581000,-4998,-12106,124467,-8976,-17454,134593,172,19236,704,0,32889,0.0009999999999976694
43582000,642,-5642,127897,-9679,-4713,128983,105,19236,704,0,32890,0.0010000000000047748
43583000,-2703,16795,127817,-2591,13355,115095,112,19233,430,0,32891,0.0009999999999976694
43584000,-4165,10084,127866,-3178,3472,130536,112,19221,459,1,32892,0.0009999999999976694
43585000,-8648,4750,126799,-20263,1549,129503,115,19228,471,1,32893,0.0010000000000047748
43586000,-3904,5975,125845,-10403,5162,123202,108,19235,442,1,32894,0.0009999999999976694
43587000,2390,9402,128652,6530,4928,125819,118,19226,483,0,32895,0.0009999999999976694
43588000,-125,-7879,122572,-1844,-11495,127764,110,19226,483,0,32896,0.0010000000000047748
43589000,-635,-5201,124659,-8902,-7624,129443,114,19227,451,0,32897,0.0009999999999976694
43590000,-2445,6722,125962,-3702,17465,116763,114,19227,467,1,32898,0.0009999999999976694
43591000,-1039,20352,128239,-192,15028,125676,142,19218,582,1,32899,0.0010000000000047748
43592001,-1993,5157,125887,-5666,-3623,128365,115,19230,471,1,32900,0.0010009999999951447
43593000,5360,-1289,123597,-1763,-5291,126807,96,19234,393,0,32901,0.0009990000000001942
43594000,8588,4602,124572,6904,-334,121540,113,19234,463,0,32902,0.0010000000000047748
43595000,12426,3125,124184,6602,-860,122116,109,19232,463,0,32903,0.0009999999999976694
43596000,5139,-4441,126939,3579,-10640,134015,115,19228,446,0,32904,0.0009999999999976694
43597001,2224,945,126118,-1523,590,122037,115,19225,471,1,32905,0.00100100000000225
43598000,2300,8424,127427,4054,8139,125777,122,19227,500,1,32906,0.0009990000000001942
43599000,4598,13690,128594,9134,6851,121206,106,19235,434,1,32907,0.0009999999999976694
43600000,11461,6097,124846,671,-3697,123038,106,19235,434,0,32908,0.0010000000000047748
43601000,10644,-6963,127437,8868,-12722,133805,86,19220,434,0,32909,0.0009999999999976694
43602000,9326,-8801,127011,17397,-18766,131741,103,19228,352,0,32910,0.0009999999999976694
43603000,2284,107,127555,-9866,-3219,122821,103,19231,422,0,32911,0.0010000000000047748
43604000,2443,12151,130973,-4164,10640,127082,126,19223,516,1,32912,0.0009999999999976694
43605001,3452,11784,130143,10283,6358,121964,110,19227,451,1,32913,0.00100100000000225
43606000,3447,12993,130334,-5190,-797,127509,94,19227,385,1,32914,0.0009989999999930887
43607001,8969,-11481,125074,523,-17172,133144,149,19228,385,0,32915,0.00100100000000225
43608000,8703,-9743,129925,23046,-3969,129147,105,19233,610,0,32916,0.0009990000000001942
43609000,6621,-2115,127143,-7275,-9269,132702,105,19230,430,0,32917,0.0009999999999976694
43610000,2545,3170,132601,-19811,6845,125678,109,19222,446,1,32918,0.0010000000000047748
43611000,-2978,8332,135292,7863,1446,129769,142,19230,582,1,32919,0.0009999999999976694
43612000,-9188,8283,130838,-5787,2208,121633,105,19234,430,1,32920,0.0009999999999976694
43613000,-2208,1238,130753,-21254,-9237,134980,103,19234,430,1,32921,0.0010000000000047748
43614000,1559,-12630,128332,7482,-14303,135376,109,19221,422,0,32922,0.0009999999999976694
43615000,4108,10039,128437,-3666,7347,116253,109,19228,446,0,32923,0.0009999999999976694
43616000,-6819,4872,131797,-19140,-617,132472,118,19225,483,0,32924,0.0010000000000047748
43617000,-6197,724,130889,-6746,-4097,127201,133,19225,545,1,32925,0.0009999999999976694
43618000,-7709,5115,132769,-10190,2722,132563,118,19228,483,1,32926,0.0009999999999976694
43619000,-10507,13230,129485,-12787,13572,120931,100,19228,483,1,32927,0.0010000000000047748
43620000,-2634,8506,130848,-5218,4353,127541,137,19232,410,0,32928,0.0009999999999976694
43621000,-2656,-11936,123260,-5996,-11412,134209,137,19224,561,0,32929,0.0009999999999976694
43622000,691,-9995,126306,-6828,-7370,131390,103,19229,422,0,32930,0.0010000000000047748
43623000,-1622,7493,127492,-8844,10133,117293,108,19226,442,1,32931,0.0009999999999976694
43624000,-3934,21470,129076,-7278,13211,121534,142,19228,582,1,32932,0.0009999999999976694
43625000,-7136,-1605,125209,-9237,-4863,135541,114,19228,582,1,32933,0.0010000000000047748
43626000,-5282,8344,126996,-12775,4627,121319,105,19239,467,1,32934,0.0009999999999976694
43627000,800,7872,124991,1613,635,123910,105,19224,430,0,32935,0.0009999999999976694
43628000,768,3659,126338,2170,-119,122425,104,19232,426,0,32936,0.0010000000000047748
43629000,3148,-7872,125452,-4361,-10136,137680,109,19230,446,0,32937,0.0009999999999976694
43630000,-1726,1219,125490,-4090,6586,117983,120,19220,491,1,32938,0.0009999999999976694
43631000,-2445,17571,127136,-7538,12890,119657,116,19220,491,1,32939,0.0010000000000047748
43632000,-1724,3031,126455,1124,-511,129942,100,19230,475,1,32940,0.0009999999999976694
43633000,4614,6249,123276,2540,740,129436,100,19232,410,0,32941,0.0009999999999976694
43634000,7645,-4030,123602,2813,-9527,121532,122,19233,500,0,32942,0.0010000000000047748
43635000,8301,2995,125936,12231,1613,122530,105,19226,430,0,32943,0.0009999999999976694
43636000,8296,-6767,125770,2163,-13794,135402,110,19225,451,0,32944,0.0009999999999976694
43637002,3349,3079,128213,1864,7227,121372,150,19225,614,1,32945,0.0010019999999997253
43638000,1299,8981,128370,2601,9009,123190,115,19229,614,1,32946,0.000998000000002719
43639000,6287,11643,126802,5205,1408,120360,99,19232,471,1,32947,0.0009999999999976694
43640003,8681,109,124106,5215,-9768,129272,99,19226,405,0,32948,0.001003000000004306
43641000,12984,-2617,127014,12241,-5240,129109,119,19232,487,0,32949,0.0009969999999981383
43642001,6967,-9260,125149,5928,-6899,126265,105,19234,430,0,32950,0.00100100000000225
43643000,8611,-3915,131980,-2020,2773,132868,113,19234,463,1,32951,0.0009990000000001942
43644000,-443,8782,130789,5310,6001,125313,112,19224,463,1,32952,0.0009999999999976694
43645002,-1103,10889,129112,-2873,2413,125400,103,19228,459,1,32953,0.0010019999999997253
43646000,4959,7147,129461,-353,-5602,128667,103,19233,422,1,32954,0.000998000000002719
43647000,8816,-8549,127733,10256,-13338,126992,120,19220,491,0,32955,0.0009999999999976694
43648000,12988,-4453,129647,15430,-10692,131977,107,19229,438,0,32956,0.0009999999999976694
43649000,3281,-5911,129159,-14816,-6773,129617,110,19229,451,0,32957,0.0010000000000047748
43650000,1506,5563,131905,-12097,16028,123368,139,19229,451,1,32958,0.0009999999999976694
43651001,-4338,9057,132392,2836,3305,130524,115,19218,569,1,32959,0.00100100000000225
43652001,-6223,-784,129419,-8244,-13960,135066,115,19232,471,1,32960,0.0009999999999976694
43653000,22,1120,128224,-11707,-4919,125040,100,19229,410,0,32961,0.0009990000000001942
43654000,-1289,-6819,129273,-2816,-6337,128225,143,19230,586,0,32962,0.0009999999999976694
43655000,5029,283,132987,7985,-661,129372,112,19225,459,0,32963,0.0010000000000047748
43656000,-6893,1088,130452,-16118,1499,131377,113,19225,459,0,32964,0.0009999999999976694
43657000,-8976,-519,129278,-19299,401,131354,127,19223,463,1,32965,0.0009999999999976694
43658002,-8799,10017,131207,-5818,7446,126454,127,19231,520,1,32966,0.0010019999999997253
43659000,-4839,7521,128411,-4932,4639,126924,109,19232,446,1,32967,0.000998000000002719
43660000,-1709,3468,129445,-7033,-3788,127002,117,19214,479,0,32968,0.0009999999999976694
43661001,-4732,-7789,124901,-12291,-12812,131367,113,19230,463,0,32969,0.00100100000000225
43662001,-894,4362,127194,-3646,5456,124876,106,19230,463,0,32970,0.0009999999999976694
43663000,-5901,6494,127037,-6364,4695,127121,126,19229,434,1,32971,0.0009990000000001942
43664000,-7362,5206,128971,-16247,-536,126278,126,19224,516,1,32972,0.0010000000000047748
43665000,-7876,15020,127621,-9911,3263,124754,116,19227,475,1,32973,0.0009999999999976694
43666000,-957,4313,128072,-2493,-4363,127013,104,19230,426,1,32974,0.0009999999999976694
43667000,3691,2830,125783,6032,-1896,124732,146,19233,598,0,32975,0.0009999999999976694
43668000,600,-1152,124548,-7629,-2745,123830,107,19233,598,0,32976,0.0010000000000047748
43669000,745,4967,126100,-6980,3869,123831,108,19225,438,0,32977,0.0009999999999976694
43670000,-2049,4119,126443,-1973,1052,128822,108,19226,442,1,32978,0.0009999999999976694
43671000,-3151,11774,126026,-2822,9959,124085,145,19228,594,1,32979,0.0010000000000047748
43672000,-2162,12613,125449,2427,10430,121671,106,19232,434,1,32980,0.0009999999999976694
43673000,7874,4983,123817,-4081,-135,120930,105,19224,430,0,32981,0.0009999999999976694
43674000,11016,-448,125464,11900,-5388,127211,87,19224,430,0,32982,0.0010000000000047748
43675000,8298,-12386,124732,13744,-16384,127379,112,19229,356,0,32983,0.0009999999999976694
43676000,2212,-7945,128472,-5522,-7044,130980,112,19227,459,0,32984,0.0009999999999976694
43677000,-386,12480,128139,321,5807,124337,126,19221,516,1,32985,0.0010000000000047748
43678000,3428,7433,127144,4643,3640,124940,113,19231,463,1,32986,0.0009999999999976694
43679000,4593,4227,125871,5438,2396,126620,101,19234,414,1,32987,0.0009999999999976694
43680000,9902,5696,126700,-228,614,125165,136,19234,557,0,32988,0.0010000000000047748
43681000,9529,-2714,126211,10972,-8946,131150,108,19220,557,0,32989,0.0009999999999976694
43682000,7263,-12047,126951,14640,-14205,131560,103,19232,442,0,32990,0.0009999999999976694
43683000,2424,-6385,127489,-7483,-7197,125137,103,19226,422,1,32991,0.0010000000000047748
43684000,-1206,15072,129872,-5320,18644,121505,137,19225,561,1,32992,0.0009999999999976694
43685000,1041,12801,130496,3521,225,133836,111,19230,455,1,32993,0.0009999999999976694
43686000,3202,-4557,126374,-504,-11748,128058,106,19230,434,1,32994,0.0010000000000047748
43687000,10765,-13716,126727,2644,-14982,132223,126,19223,434,0,32995,0.0009999999999976694
43688002,7194,-10391,128642,7622,417,127802,103,19228,516,0,32996,0.0010019999999997253
43689002,5993,-1329,130141,-18140,7073,123357,103,19230,422,0,32997,0.0009999999999976694
43690000,-1834,14202,134946,-1268,292,132503,115,19217,471,1,32998,0.000998000000002719
43691000,-7954,2547,130188,-369,265,126160,109,19227,446,1,32999,0.0009999999999976694
43692000,-10365,-814,132813,-18647,-8565,136552,100,19227,410,1,33000,0.0010000000000047748
43693000,-1133,-8495,129262,142,-9429,130337,125,19235,410,0,33001,0.0009999999999976694
43694000,873,4517,130204,3824,1696,125433,102,19224,512,0,33002,0.0009999999999976694
43695000,-796,-3135,129901,-8881,-708,129455,102,19229,418,0,33003,0.0010000000000047748
43696000,-6389,5712,131615,-12395,-4076,127259,110,19225,451,1,33004,0.0009999999999976694
43697000,-9329,1115,129768,-11152,5018,134960,151,19227,618,1,33005,0.0009999999999976694
43698000,-9045,10363,130728,-11325,5508,124452,116,19225,475,1,33006,0.0010000000000047748
43699000,-4522,6370,128190,-7085,-4063,125969,102,19225,475,1,33007,0.0009999999999976694
43700000,-4439,11276,129341,-10045,744,125920,159,19227,418,0,33008,0.0009999999999976694
43701000,-718,-12297,123936,-2571,-8862,130916,159,19231,651,0,33009,0.0010000000000047748
43702000,518,-1908,129294,-7100,-1493,129774,106,19232,434,0,33010,0.0009999999999976694
43703000,-3780,6518,124244,-11289,9036,120480,113,19225,463,1,33011,0.0009999999999976694
43704000,-8968,16281,129956,-10485,11509,123743,117,19227,479,1,33012,0.0010000000000047748
43705001,-6461,3949,128061,-8781,-1937,128076,104,19227,479,1,33013,0.0010009999999951447
43706000,-880,1976,126631,2435,-4971,127646,119,19232,426,0,33014,0.0009990000000001942
43707000,-483,-856,125911,-3880,-5879,127714,119,19225,487,0,33015,0.0010000000000047748
43708000,3434,3168,123356,-7191,-635,121703,101,19225,414,0,33016,0.0009999999999976694
43709000,2260,13402,125969,-1245,9486,123184,111,19226,455,0,33017,0.0009999999999976694
43710000,-18,4859,124769,-107,586,125832,141,19225,577,1,33018,0.0010000000000047748
43711000,-2647,16699,127708,-448,9668,117303,112,19225,577,1,33019,0.0009999999999976694
43712000,2656,7527,127542,-4263,639,128903,94,19234,459,1,33020,0.0009999999999976694
43713000,10918,7738,124371,10912,5783,120508,94,19225,385,0,33021,0.0010000000000047748
43714002,8993,2142,125059,7391,-1429,128057,110,19230,451,0,33022,0.0010019999999997253
43715000,11542,-8150,122680,-112,-11780,125961,113,19229,463,0,33023,0.0009979999999956135
43716000,3457,-6013,126380,13450,-6136,132523,117,19224,479,1,33024,0.0010000000000047748
43717000,2862,7899,128600,-4457,8210,120100,120,19224,479,1,33025,0.0009999999999976694
43718000,5794,17400,128440,-2389,11586,119925,103,19229,491,1,33026,0.0009999999999976694
43719000,7245,-513,126252,18191,-7147,133774,103,19232,422,1,33027,0.0010000000000047748
43720000,11834,3090,126008,-2864,-7145,117100,109,19217,446,0,33028,0.0009999999999976694
43721003,9033,575,127791,11044,-7416,131465,89,19230,365,0,33029,0.0010029999999972006
43722002,7580,-6778,129448,12125,-10148,130837,105,19228,430,0,33030,0.0009990000000001942
43723002,4450,-3023,129916,-5209,-4169,130305,129,19228,430,1,33031,0.0010000000000047748
43724000,-470,10215,131887,1464,6787,124077,113,19226,528,1,33032,0.0009979999999956135
43725000,1513,11099,128165,2837,7460,120030,113,19230,463,1,33033,0.0010000000000047748
43726000,4580,1443,129544,105,-3326,132830,101,19229,414,0,33034,0.0009999999999976694
43727000,11934,-12504,125136,4685,-16716,128151,152,19235,623,0,33035,0.0009999999999976694
43728003,6824,-472,130709,15336,-4567,132870,106,19231,434,0,33036,0.001003000000004306
43729000,37,-899,129284,-8691,-3533,121357,108,19231,442,0,33037,0.0009969999999981383
43730011,2515,8607,132431,-18893,4004,135142,145,19225,442,1,33038,0.0010109999999983188
43731000,-5788,3056,133590,7347,-413,128786,106,19228,594,1,33039,0.00098899999999702
43732000,-4075,2313,129861,-251,3099,121366,106,19230,434,1,33040,0.0010000000000047748
43733001,-261,-7826,128535,-25280,-11665,133921,105,19220,430,0,33041,0.00100100000000225
43734000,393,-7002,128582,3909,-749,121713,98,19233,401,0,33042,0.0009989999999930887
43735001,2126,4253,129865,8609,4039,134149,112,19233,459,0,33043,0.00100100000000225
43736000,-8453,62,130414,-22483,2139,125353,130,19229,459,1,33044,0.0009990000000001942
43737000,-8151,5824,132466,-7995,6095,133106,116,19219,532,1,33045,0.0009999999999976694
43738000,-8286,4073,129359,-3159,117,123981,116,19227,475,1,33046,0.0010000000000047748
43739000,-4717,8411,127796,-12639,6103,125874,100,19228,410,1,33047,0.0009999999999976694
43740000,-2548,1471,128528,-11706,-7878,128383,141,19223,577,0,33048,0.0009999999999976694
43741001,-3890,-3098,125305,-1102,1679,122893,104,19223,426,0,33049,0.00100100000000225
43742000,1188,1339,130264,-6911,-9729,137034,109,19233,426,0,33050,0.0009990000000001942
43743000,-8735,3097,126592,-11492,11367,113448,144,19226,446,1,33051,0.0009999999999976694
43744000,-5349,17335,131709,-14736,16462,129202,144,19226,590,1,33052,0.0010000000000047748
43745000,-9192,-3565,125714,32,-6001,127092,114,19232,467,1,33053,0.0009999999999976694
43746000,436,7608,125171,-13147,5636,118217,106,19224,434,0,33054,0.0009999999999976694
43747000,2187,7003,125208,3308,1942,128257,102,19231,418,0,33055,0.0010000000000047748
43748000,-2034,-4837,122258,407,-4420,121718,111,19231,418,0,33056,0.0009999999999976694
43749000,7035,-4148,127851,-6596,-8487,140538,124,19224,455,0,33057,0.0009999999999976694
43750000,-7824,9144,125677,4653,16566,112062,124,19220,508,1,33058,0.0010000000000047748
43751000,1388,20427,127956,-10457,10618,128032,114,19223,467,1,33059,0.0009999999999976694
43752000,1644,-1156,122395,2026,-3780,126110,97,19229,397,1,33060,0.0009999999999976694
43753000,10063,9265,123715,5112,1420,120515,121,19231,496,0,33061,0.0010000000000047748
43754000,10508,-884,124259,11019,-8950,128030,108,19231,496,0,33062,0.0009999999999976694
43755000,2818,2630,126383,6459,-2449,120937,116,19228,442,0,33063,0.0009999999999976694
43756001,7116,-5456,126231,-7768,-2240,139575,116,19225,475,1,33064,0.00100100000000225
43757002,-2095,6244,127560,4319,17188,113938,150,19231,614,1,33065,0.00100100000000225
43758000,6617,13611,129111,6230,410,132092,113,19231,463,1,33066,0.0009979999999956135
43759000,6149,-554,122108,3568,-3116,120267,98,19225,401,1,33067,0.0010000000000047748
43760000,11236,4097,128710,-2312,-3371,127396,125,19225,401,0,33068,0.0009999999999976694
43761000,14202,-16391,126507,23226,-18191,137855,115,19231,512,0,33069,0.0009999999999976694
43762001,910,7504,129001,4256,6143,113879,115,19230,471,0,33070,0.00100100000000225
43763000,3909,3098,131371,-20157,-2220,138428,116,19221,475,1,33071,0.0009990000000001942
43764000,-1641,9955,129133,9881,9517,123780,112,19228,459,1,33072,0.0009999999999976694
43765000,4528,7142,127674,9080,3847,128587,103,19231,422,1,33073,0.0010000000000047748
43766000,2095,1256,129388,-7918,-4403,125805,122,19231,422,0,33074,0.0009999999999976694
43767000,11957,-9800,128464,7567,-14357,128358,95,19222,500,0,33075,0.0009999999999976694
43768000,7533,697,132175,20141,-5821,135986,95,19236,389,0,33076,0.0010000000000047748
43769000,-1904,-875,129904,-19523,-406,123642,105,19229,430,0,33077,0.0009999999999976694
43770000,-1282,6016,135548,-16806,5624,133109,134,19224,549,1,33078,0.0009999999999976694
43771000,-7012,9656,130837,8712,2250,124376,112,19230,459,1,33079,0.0010000000000047748
43772000,-4045,-7495,127746,-9464,-15444,137064,97,19230,397,1,33080,0.0009999999999976694
43773000,1146,-12643,129890,-17582,-10123,132292,141,19229,397,0,33081,0.0009999999999976694
43774000,-537,8890,130320,10971,2068,126398,116,19231,577,0,33082,0.0010000000000047748
43775000,-253,5734,130863,-2597,1611,128231,116,19227,475,0,33083,0.0009999999999976694
43776000,-9870,487,131278,-24397,-4036,134425,116,19221,475,1,33084,0.0009999999999976694
43777000,-8689,-2491,130501,-7555,-2138,129538,127,19231,520,1,33085,0.0010000000000047748
43778000,-10948,10993,129913,-6632,6049,122713,110,19231,451,1,33086,0.0009999999999976694
43779000,-3342,4206,129373,-11987,2235,132400,116,19228,451,1,33087,0.0009999999999976694
43780000,-1622,-2184,128143,-7005,-7194,126846,115,19216,475,0,33088,0.0010000000000047748
43781002,-3494,-5608,125987,-4406,-4221,130607,115,19227,471,0,33089,0.0010019999999997253
43782000,-3991,-250,127774,-5929,23172,116857,106,19231,434,0,33090,0.0009979999999956135
43783002,-6110,14444,129971,-9617,4349,123736,127,19226,520,1,33091,0.0010019999999997253
43784001,-6539,1010,125824,-201,-4849,136549,117,19226,479,1,33092,0.0009990000000001942
43785000,-6704,1278,128074,-13043,2104,121373,105,19228,479,1,33093,0.0009990000000001942
43786001,-1177,6522,125978,229,5642,120460,144,19231,430,0,33094,0.00100100000000225
43787000,623,6125,126077,2366,-2246,128104,144,19232,590,0,33095,0.0009990000000001942
43788002,762,-8906,122573,-6774,-7411,130131,105,19228,430,0,33096,0.0010019999999997253
43789002,-1381,3224,126656,-5130,10239,124676,106,19224,434,1,33097,0.0009999999999976694
43790000,-2310,16146,125186,1995,11424,117353,145,19228,594,1,33098,0.000998000000002719
43791000,-4035,7687,126287,-2236,11666,132087,108,19228,594,1,33099,0.0009999999999976694
43792000,7509,9,122910,-6710,-6772,123782,105,19230,442,1,33100,0.0009999999999976694
43793000,9553,2990,123231,18765,-5937,124769,105,19233,430,0,33101,0.0010000000000047748
43794000,9536,12543,123642,3604,4917,117775,105,19226,430,0,33102,0.0009999999999976694
43795000,6965,-8672,125741,297,-13636,129839,120,19228,491,0,33103,0.0009999999999976694
43796000,5008,-8712,127487,5230,-6135,135328,130,19227,532,1,33104,0.0010000000000047748
43797000,3168,10204,128919,-1040,12662,119232,115,19227,532,1,33105,0.0009999999999976694
43798000,2988,15724,127063,9018,14380,120311,101,19228,471,1,33106,0.0009999999999976694
43799000,9147,3143,125353,3268,-7641,127227,101,19231,414,0,33107,0.0010000000000047748
43800000,9478,-13665,122874,6149,-8568,135067,139,19228,569,0,33108,0.0009999999999976694
43801000,11663,-8807,127818,15818,-9618,128032,98,19235,401,0,33109,0.0009999999999976694
43802000,4542,2725,129001,-2253,945,123965,99,19226,405,0,33110,0.0010000000000047748
43803000,2292,8496,129986,-1842,4453,131462,125,19226,405,1,33111,0.0009999999999976694
43804000,2632,6889,129385,4970,3855,128466,112,19232,512,1,33112,0.0009999999999976694
43805000,710,3135,129188,2844,-4434,129873,112,19227,459,1,33113,0.0010000000000047748
43806002,7280,4750,129654,-4046,-2489,122870,104,19226,426,0,33114,0.0010019999999997253
43807000,13028,-6640,128645,15429,-8727,131923,121,19233,496,0,33115,0.0009979999999956135
43808000,3346,-6335,128985,11783,-7095,133661,103,19229,422,0,33116,0.0010000000000047748
43809000,2264,-501,129085,-30271,633,125626,113,19229,422,1,33117,0.0009999999999976694
43810003,-4301,14637,133157,5940,9938,125654,110,19219,463,1,33118,0.0010029999999972006
43811000,-5376,8550,131249,7467,2362,125800,110,19230,451,1,33119,0.0009970000000052437
43812000,-3810,964,129405,-27488,-8033,131943,97,19232,397,1,33120,0.0009999999999976694
43813000,1584,-12936,129509,-1904,-14543,133172,128,19225,524,0,33121,0.0009999999999976694
43814000,5039,5243,130757,11252,769,123383,101,19228,414,0,33122,0.0010000000000047748
43815000,-1749,4883,130344,-13167,236,128273,109,19228,414,0,33123,0.0009999999999976694
43816000,-8299,6727,132623,-21547,5174,128763,144,19226,446,1,33124,0.0009999999999976694
43817000,-6802,-6605,128675,-7158,-7518,137807,114,19224,590,1,33125,0.0010000000000047748
43818000,-9409,18062,131568,-3241,15641,113990,114,19229,467,1,33126,0.0009999999999976694
43819002,-3723,9344,128069,-14043,6151,129241,104,19223,426,0,33127,0.0010019999999997253
43820000,-3567,-12452,124874,-10435,-13631,132281,150,19229,614,0,33128,0.000998000000002719
43821000,-305,557,128159,-5823,-1723,126297,112,19229,459,0,33129,0.0009999999999976694
43822000,162,7015,126660,-3473,4629,123148,115,19229,459,0,33130,0.0009999999999976694
43823000,-7456,14491,128546,-3218,9370,125006,109,19223,471,1,33131,0.0010000000000047748
43824000,-4708,127,127390,-19030,-4473,130634,109,19230,446,1,33132,0.0009999999999976694
43825000,-1806,6118,127657,-4162,6713,121237,108,19231,442,1,33133,0.0009999999999976694
43826000,505,5020,127090,4154,2249,124838,124,19226,508,0,33134,0.0010000000000047748
43827000,-678,-2744,124084,-7056,-10312,125073,99,19226,405,0,33135,0.0009999999999976694
43828000,-19,3269,124180,-7967,-4068,124325,106,19227,405,0,33136,0.0009999999999976694
43829000,355,7084,126012,2182,11399,133493,140,19225,434,1,33137,0.0010000000000047748
43830000,-1707,10517,126091,-6988,11853,115356,140,19222,573,1,33138,0.0009999999999976694
43831000,-1532,10439,126527,-2937,6085,128310,111,19233,455,1,33139,0.0009999999999976694
43832000,4849,4538,125811,7451,-5226,124976,97,19226,397,0,33140,0.0010000000000047748
43833000,8293,-4248,123449,7197,-2431,126737,111,19231,455,0,33141,0.0009999999999976694
43834000,7984,-2310,125417,8277,-4103,122485,112,19231,455,0,33142,0.0009999999999976694
43835000,4145,-3081,125355,5720,-201,124366,114,19227,459,0,33143,0.0010000000000047748
43836000,2928,2179,126699,-3550,-5214,129243,114,19222,467,1,33144,0.0009999999999976694
43837000,3878,14624,130454,3555,3384,119449,113,19230,463,1,33145,0.0009999999999976694
43838000,6462,7102,126259,10749,12263,122812,102,19231,418,1,33146,0.0010000000000047748
43839000,7969,2124,127229,2259,-1351,121969,115,19222,471,0,33147,0.0009999999999976694
43840000,9951,-1831,125438,5496,-14737,130478,92,19222,471,0,33148,0.0009999999999976694
43841000,9115,-12508,126946,16264,-15240,135686,103,19229,377,0,33149,0.0010000000000047748
43842000,2214,-551,128517,-5442,5573,123511,103,19235,422,1,33150,0.0009999999999976694
43843000,2348,11535,132638,-4072,10429,128128,129,19225,528,1,33151,0.0009999999999976694
43844000,-449,10336,129093,6912,3817,125601,114,19232,467,1,33152,0.0010000000000047748
43845000,5103,-6742,128244,-2324,-8903,134757,100,19227,410,1,33153,0.0009999999999976694
43846000,8749,-501,128281,3008,-12090,117956,155,19227,410,0,33154,0.0009999999999976694
43847000,7885,3116,129924,14907,-359,127776,106,19232,635,0,33155,0.0010000000000047748
43848000,3605,-10844,130118,-3715,-16075,136570,106,19230,434,0,33156,0.0009999999999976694
43849000,299,532,132954,-18138,-1569,128216,110,19226,451,1,33157,0.0009999999999976694
43850000,-6747,6566,132135,1312,8234,128339,136,19232,557,1,33158,0.0010000000000047748
43851000,-9705,8580,131098,-5349,4261,122458,106,19231,434,1,33159,0.0009999999999976694
43852000,99,-5493,129352,-20921,-11738,136613,105,19231,434,0,33160,0.0009999999999976694
43853000,913,-6709,128348,6980,-10082,128024,97,19222,430,0,33161,0.0010000000000047748
43854000,2275,8395,128735,-8634,6325,122107,97,19231,397,0,33162,0.0009999999999976694
43855000,-5150,7390,133220,-13278,379,134451,116,19228,475,0,33163,0.0009999999999976694
43856000,-5779,-465,129979,-4905,-3998,129567,135,19222,553,1,33164,0.0009999999999976694
43857000,-6834,6610,131365,-14438,5728,134000,121,19224,496,1,33165,0.0010000000000047748
43858002,-9151,11719,130098,-10250,8681,120253,100,19224,410,1,33166,0.0010019999999997253
43859000,132,9441,127752,-6049,2078,125534,143,19228,410,0,33167,0.0009979999999956135
43860000,-3963,-9396,126459,-4550,-12170,136314,143,19225,586,0,33168,0.0010000000000047748
43861000,-1959,-2036,125994,-3261,-3182,123699,103,19232,422,0,33169,0.0009999999999976694
43862000,-5055,12021,128605,-16625,10219,121081,108,19225,442,1,33170,0.0009999999999976694
43863000,-4484,9725,129205,-10587,8064,125997,140,19228,573,1,33171,0.0010000000000047748
43864000,-7719,-5158,127234,-3484,-2701,131986,112,19228,459,1,33172,0.0009999999999976694
43865001,-5137,13331,125075,-11831,3464,118841,105,19229,459,1,33173,0.00100100000000225
43866000,1500,-2419,122179,-5943,-3969,129031,93,19225,430,0,33174,0.0009990000000001942
43867000,2531,2717,126999,6537,554,122579,93,19232,381,0,33175,0.0009999999999976694
43868000,3052,1516,125622,-4273,-2826,125058,111,19228,455,0,33176,0.0009999999999976694
43869012,176,12978,128833,-3285,8621,125136,122,19220,500,1,33177,0.0010120000000028995
43870000,-7101,3636,125826,1656,-35,128027,110,19220,451,1,33178,0.0009879999999995448
43871000,1619,9881,124731,-9986,8879,118389,95,19227,451,1,33179,0.0009999999999976694
43872000,4185,13458,124528,3591,-788,124124,128,19229,389,0,33180,0.0010000000000047748
43873000,10241,-4718,120872,16586,-1948,124193,128,19230,524,0,33181,0.0009999999999976694
43874000,8808,-3377,125769,-1334,-11655,128010,104,19228,426,0,33182,0.0009999999999976694
43875002,5638,-7780,126133,546,-4520,129570,114,19225,467,0,33183,0.0010019999999997253
43876002,5560,5157,129022,3465,16129,117922,143,19228,586,1,33184,0.0010000000000047748
43877000,457,9126,129846,-3043,4738,127143,113,19228,586,1,33185,0.0009979999999956135
43878000,5879,962,125930,9777,-6982,128472,101,19231,463,1,33186,0.0010000000000047748
43879000,8761,1135,124827,9871,3298,120588,101,19227,414,0,33187,0.0009999999999976694
43880000,8792,7186,129905,11077,-5891,128201,118,19235,483,0,33188,0.0009999999999976694
43881000,10046,-10346,125652,-104,-15991,132909,104,19229,426,0,33189,0.0010000000000047748
43882000,4660,-5104,128665,996,5620,129858,115,19224,471,1,33190,0.0009999999999976694
43883000,1617,9863,130504,5978,9353,125305,109,19224,471,1,33191,0.0009999999999976694
43884000,283,10622,128594,-5010,9200,119963,103,19232,446,1,33192,0.0010000000000047748
43885000,4328,3626,130204,-317,-1070,136196,103,19233,422,1,33193,0.0009999999999976694
43886000,9951,-14556,126542,5642,-20576,130981,123,19222,504,0,33194,0.0009999999999976694
43887000,11058,-12580,127646,14071,-9924,129103,97,19235,397,0,33195,0.0010000000000047748
43888029,358,12086,131376,-3353,8177,122219,102,19228,418,0,33196,0.0010289999999955057
43889000,330,-277,129745,-22267,4417,128604,141,19228,418,1,33197,0.0009709999999998331
43890000,-2197,5142,135808,4237,5911,137977,113,19228,577,1,33198,0.0010000000000047748
43891000,-6782,4082,127959,4595,776,122145,113,19230,463,1,33199,0.0009999999999976694
43892000,-2955,-4232,128039,-21071,-8392,129981,97,19228,397,0,33200,0.0009999999999976694
43893000,-658,-8591,129510,-5183,-9931,133201,125,19233,512,0,33201,0.0010000000000047748
43894000,3140,1020,131853,11835,-463,126769,110,19232,451,0,33202,0.0009999999999976694
43895000,-6051,8171,132197,-16474,3130,127717,119,19232,451,0,33203,0.0009999999999976694
43896000,-9454,7095,132169,-22998,3595,127948,118,19225,487,1,33204,0.0010000000000047748
43897000,-5683,2361,128898,-3114,-286,136075,118,19223,483,1,33205,0.0009999999999976694
43898000,-4543,8398,128273,-5221,8506,121903,105,19228,430,1,33206,0.0009999999999976694
43899001,-2112,4208,129343,-8415,-8106,132741,114,19220,467,0,33207,0.00100100000000225
43900000,-3834,-2415,123451,-7115,-7946,124223,87,19229,356,0,33208,0.0009990000000001942
43901000,-1331,2262,128125,-1574,3641,129292,105,19229,356,0,33209,0.0009999999999976694
43902000,-3795,4144,128372,-9248,3107,125266,136,19228,430,1,33210,0.0010000000000047748
43903001,-7851,15117,127761,-10285,10709,119710,136,19222,557,1,33211,0.0010009999999951447
43904000,-5655,2811,127478,-12019,-1987,132649,118,19228,483,1,33212,0.0009990000000001942
43905000,2772,6433,127906,3790,4084,121512,101,19226,414,0,33213,0.0010000000000047748
43906002,-1161,-1249,124429,-397,-5638,130304,130,19233,532,0,33214,0.0010019999999997253
43907001,2013,-2436,124019,-14021,-4057,121766,108,19233,442,0,33215,0.0009990000000001942
43908000,1548,3455,126180,693,-1935,126453,114,19232,442,0,33216,0.0009990000000001942
43909000,-347,7709,126959,7325,661,125874,141,19228,467,1,33217,0.0009999999999976694
43910000,-5695,10223,125196,-11066,8737,122066,141,19227,577,1,33218,0.0009999999999976694
43911000,2420,9465,128873,-2593,5326,125709,105,19229,430,1,33219,0.0010000000000047748
43912000,9794,14387,123660,12037,6070,114551,105,19226,430,0,33220,0.0009999999999976694
43913000,8358,-8355,122337,9688,-15421,134897,90,19226,369,0,33221,0.0009999999999976694
43914000,5314,-8960,126242,2155,-9683,125695,112,19228,369,0,33222,0.0010000000000047748
43915000,5674,2642,126787,-512,-331,125574,132,19228,459,1,33223,0.0009999999999976694
43916000,2825,11552,128890,10366,9957,123427,132,19223,541,1,33224,0.0009999999999976694
43917002,4271,7686,127502,-744,2320,129090,118,19231,483,1,33225,0.0010019999999997253
43918000,8159,-2141,125169,-837,-7056,122383,96,19229,393,1,33226,0.000998000000002719
43919000,10814,4259,126001,12514,-5070,125568,139,19229,569,0,33227,0.0009999999999976694
43920000,11932,-6705,125769,8310,-11019,132086,105,19231,569,0,33228,0.0009999999999976694
43921000,5137,-4854,128472,9480,-7517,127015,105,19232,430,0,33229,0.0010000000000047748
43922000,3045,-409,129112,-12316,329,131680,105,19224,430,1,33230,0.0009999999999976694
43923002,-26,13624,132746,4374,11771,128992,132,19228,541,1,33231,0.0010019999999997253
43924000,424,10782,129484,-4626,402,121406,108,19232,442,1,33232,0.000998000000002719
43925000,6523,-6706,125857,1116,-11643,132155,104,19224,426,0,33233,0.0009999999999976694
43926000,9307,-8759,129833,16837,-7828,130700,123,19224,426,0,33234,0.0009999999999976694
43927000,9928,-6829,127155,8152,-12510,129468,105,19233,504,0,33235,0.0010000000000047748
43928000,341,2916,131539,-20571,12651,124761,105,19227,430,0,33236,0.0009999999999976694
43929000,-1229,8678,133946,-4107,1193,130860,119,19221,487,1,33237,0.0009999999999976694
43930000,-10573,-2026,130038,5036,-6700,131542,109,19230,446,1,33238,0.0010000000000047748
43931000,-6553,-1658,129845,-21539,-9035,131673,98,19230,401,1,33239,0.0009999999999976694
43932000,-790,-8602,129515,-1793,-296,128626,133,19230,401,0,33240,0.0009999999999976694
43933000,669,7070,130633,6893,5007,120747,105,19227,545,0,33241,0.0010000000000047748
43934000,-423,1108,129327,-6357,-7742,131020,105,19228,430,0,33242,0.0009999999999976694
43935000,-9999,130,130529,-16407,-401,133698,111,19226,455,1,33243,0.0009999999999976694
43936002,-7195,-673,129185,-9851,3890,127855,145,19228,594,1,33244,0.0010019999999997253
43937000,-11216,15050,132020,-9435,11367,125542,114,19231,467,1,33245,0.000998000000002719
43938000,-2966,6854,129377,-16142,-137,124297,105,19231,467,1,33246,0.0009999999999976694
43939000,-2923,-4297,127202,-2778,-10242,131302,144,19226,430,0,33247,0.0010000000000047748
43940000,-1242,-8249,126674,-4608,-10568,129527,144,19232,590,0,33248,0.0009999999999976694
43941000,-2547,11218,127450,-6984,12028,115668,105,19229,430,0,33249,0.0009999999999976694
43942000,-6079,12701,131035,-16652,2703,130389,115,19220,471,1,33250,0.0010000000000047748
43943000,-6603,5208,128436,-7634,2350,124969,109,19227,446,1,33251,0.0009999999999976694
43944006,-10812,5291,128713,-1187,3711,128644,107,19227,446,1,33252,0.0010059999999967317
43945002,-2054,3751,125277,-11134,5941,121995,129,19229,438,0,33253,0.000996000000000663
43946000,-1372,2312,124977,-4618,2013,120629,129,19224,528,0,33254,0.000998000000002719
43947000,3907,-3456,126149,3546,-7159,133296,112,19226,459,0,33255,0.0009999999999976694
43948000,1437,8292,122506,-8434,10190,117087,112,19226,459,0,33256,0.0010000000000047748
43949000,-3777,9770,128791,762,3262,133226,145,19230,594,1,33257,0.0009999999999976694
43950000,-1301,2691,124299,91,-120,120455,114,19230,594,1,33258,0.0009999999999976694
43951000,2323,6351,125119,-5107,2562,131204,100,19229,467,1,33259,0.0010000000000047748
43952002,8011,3140,125083,4372,1012,118558,112,19228,410,0,33260,0.0010019999999997253
43953000,10474,10027,123431,12357,2057,117837,112,19231,459,0,33261,0.0009979999999956135
43954000,2986,-9063,123745,9497,-12963,138869,111,19227,455,0,33262,0.0010000000000047748
43955000,5169,-823,125230,-6266,-1663,122687,116,19225,475,1,33263,0.0009999999999976694
43956000,1632,15770,128683,1608,14751,122637,113,19225,463,1,33264,0.0009999999999976694
43957000,5218,18801,129668,9443,14757,115785,105,19228,463,1,33265,0.0010000000000047748
43958000,6971,-5412,125496,1385,-12586,135966,115,19229,430,1,33266,0.0009999999999976694
43959000,10023,-2581,126089,5875,-4943,120618,115,19220,471,0,33267,0.0009999999999976694
43960000,11834,-2778,125806,8827,-8498,130032,92,19229,377,0,33268,0.0010000000000047748
43961001,4387,-5148,130832,9641,-6059,131114,102,19225,418,0,33269,0.0010009999999951447
43962000,3700,9699,130651,-6188,4449,133712,128,19225,524,1,33270,0.0009990000000001942
43963000,-686,8240,130596,-1301,4201,121883,112,19225,524,1,33271,0.0010000000000047748
43964002,2356,16091,130964,7937,3313,126613,102,19231,459,1,33272,0.0010019999999997253
43965006,8818,-2921,128535,1377,-7271,133068,102,19230,418,0,33273,0.0010039999999946758
43966000,9584,-5826,126759,1605,-8469,123128,160,19228,655,0,33274,0.0009940000000057125
43967000,7005,-5292,130203,16539,-10914,138155,105,19232,430,0,33275,0.0009999999999976694
43968000,783,-1083,129200,-11378,-1227,123298,107,19220,438,0,33276,0.0009999999999976694
43969000,-415,11285,134596,-14552,1530,136630,132,19220,438,1,33277,0.0010000000000047748
43970000,-5660,-1871,131489,6354,8141,123302,105,19229,541,1,33278,0.0009999999999976694
43971000,-5199,11416,131738,-17149,-874,121706,105,19236,430,1,33279,0.0009999999999976694
43972000,2678,-12117,128100,-1308,-18405,137967,107,19222,438,0,33280,0.0010000000000047748
43973000,284,-2774,129434,8996,-1047,124723,89,19230,365,0,33281,0.0009999999999976694
43974003,-1891,2169,129549,-16237,2749,128106,110,19225,451,0,33282,0.0010029999999972006
43975000,-5321,8782,133670,-16346,3875,127909,131,19225,451,1,33283,0.0009970000000052437
43976001,-7862,-3650,129625,-4520,-241,133568,114,19224,537,1,33284,0.0010009999999951447
43977002,-7219,11106,129754,-6044,7520,126384,114,19229,467,1,33285,0.00100100000000225
43978000,-3920,9533,128300,-10864,6233,125097,102,19227,418,1,33286,0.000998000000002719
43979000,-4127,-3337,126837,-8658,-8437,130116,146,19223,598,0,33287,0.0009999999999976694
43980000,-1090,-7033,127612,-1855,-6312,129642,104,19228,426,0,33288,0.0009999999999976694
43981000,-792,-1252,126813,-7594,-8462,126037,108,19228,426,0,33289,0.0009999999999976694
43982001,-3960,24577,129622,-5654,21821,117873,133,19224,442,1,33290,0.00100100000000225
43983000,-9300,3571,125618,-11599,-4647,130716,133,19230,545,1,33291,0.0009990000000001942
43984002,-5192,2416,127673,-9193,10813,122972,113,19228,463,1,33292,0.0010019999999997253
43985003,976,13006,126830,5378,2616,121951,107,19225,438,0,33293,0.00100100000000225
43986001,-1222,-6829,122953,-387,-7279,128952,92,19228,377,0,33294,0.0009979999999956135
43987002,4129,-773,124818,-8691,-5132,128682,110,19228,377,0,33295,0.00100100000000225
43988000,-917,-1698,125220,1265,4602,124070,121,19228,451,0,33296,0.000998000000002719
43989000,1651,19092,128972,-527,19218,122073,121,19217,496,1,33297,0.0009999999999976694
43990000,-3888,4923,124721,-5766,1109,128074,112,19226,459,1,33298,0.0009999999999976694
43991000,3855,5788,122978,-5354,6911,125528,97,19231,397,1,33299,0.0010000000000047748
43992000,8341,5641,124101,9559,-1798,121935,129,19231,528,0,33300,0.0009999999999976694
43993000,9470,-5504,123504,15384,-13718,128085,107,19231,528,0,33301,0.0009999999999976694
43994000,7398,1210,124704,-1731,-2425,125692,113,19228,438,0,33302,0.0010000000000047748
43995000,2426,-3066,128067,-745,-3764,127208,113,19228,463,1,33303,0.0009999999999976694
43996000,5387,12654,129258,10596,13311,122256,150,19228,614,1,33304,0.0009999999999976694
43997000,1239,9576,126662,629,4139,123632,111,19230,455,1,33305,0.0010000000000047748
43998000,8110,6800,125298,2000,4637,124800,98,19226,401,0,33306,0.0009999999999976694
43999000,12321,-1480,125459,9628,-5904,129244,122,19226,500,0,33307,0.0009999999999976694
44000000,11272,-11857,125541,12638,-15911,131632,105,19229,500,0,33308,0.0010000000000047748
44001000,7006,-4188,129079,621,-5761,126933,114,19229,430,0,33309,0.0009999999999976694
44002000,1631,9732,131215,-6960,6824,126638,114,19227,467,1,33310,0.0009999999999976694
44003000,1869,11536,129812,7272,6928,131610,106,19227,434,1,33311,0.0010000000000047748
44004000,-1721,7081,129610,489,2243,125316,103,19230,422,1,33312,0.0009999999999976694
44005000,9144,-11777,128489,-6746,-19289,135957,123,19230,504,0,33313,0.0009999999999976694
44006000,8747,-499,130088,17319,-2974,117539,97,19220,504,0,33314,0.0010000000000047748
44007000,5684,-3198,130050,9741,-8449,141404,106,19225,397,0,33315,0.0009999999999976694
44008000,-2351,-4915,129301,-20171,-3460,125184,106,19222,434,1,33316,0.0009999999999976694
44009001,-3988,15810,134819,-7255,11173,135209,141,19225,577,1,33317,0.00100100000000225
44010000,-5983,1190,130681,4033,-2574,127204,113,19236,463,1,33318,0.0009990000000001942
44011000,-5805,-1589,130128,-12098,-5827,130405,96,19236,393,1,33319,0.0009999999999976694
44012000,1610,-9524,129553,-14608,-7101,132582,137,19227,393,0,33320,0.0010000000000047748
44013000,2063,-822,125505,9582,-5553,122319,109,19232,561,0,33321,0.0009999999999976694
44014000,-5055,9348,133268,-4350,3179,131306,109,19227,446,0,33322,0.0009999999999976694
44015000,-7607,2338,130882,-25123,-5252,129365,117,19213,479,1,33323,0.0010000000000047748
44016000,-10209,595,130780,-7674,6109,134177,128,19227,524,1,33324,0.0009999999999976694
44017000,-9890,4637,131023,-2837,10124,122128,105,19230,430,1,33325,0.0009999999999976694
44018000,-2285,10282,128218,-2785,940,121475,114,19230,430,0,33326,0.0010000000000047748
44019000,-3590,-3669,125674,-4723,-11832,137305,105,19217,467,0,33327,0.0009999999999976694
44020000,-1706,-9328,126888,-8512,-3347,125296,105,19227,430,0,33328,0.0009999999999976694
44021000,-4124,8215,127397,-10530,9389,122530,105,19228,430,0,33329,0.0010000000000047748
44022000,-7455,11909,128923,-10965,10137,126968,132,19224,541,1,33330,0.0009999999999976694
44023000,-5313,6003,126571,-7467,-16,126663,117,19229,479,1,33331,0.0009999999999976694
44024000,-5287,5234,127175,-9144,-5810,127059,101,19229,479,1,33332,0.0010000000000047748
44025000,1488,5973,124160,499,403,120800,128,19227,414,0,33333,0.0009999999999976694
44026001,-1113,7136,127065,2764,650,123082,128,19232,524,0,33334,0.00100100000000225
44027000,2783,-468,124563,-6554,-3678,126843,107,19226,438,0,33335,0.0009990000000001942
44028002,-1502,3246,126277,-6432,-354,125664,112,19228,459,1,33336,0.0010019999999997253
44029000,-2641,13820,126657,890,13329,124654,149,19228,610,1,33337,0.0009979999999956135
44030000,-3096,5174,122968,-1128,2286,119814,106,19228,610,1,33338,0.0010000000000047748
44031000,5914,6233,125003,-6308,6190,126438,103,19227,434,0,33339,0.0009999999999976694
44032000,11049,8384,125205,13376,2345,119492,103,19224,422,0,33340,0.0009999999999976694
44033000,13678,-2401,123094,10529,-7826,128034,87,19231,356,0,33341,0.0010000000000047748
44034000,3771,-11261,125117,1651,-16552,130818,112,19225,459,0,33342,0.0009999999999976694
44035000,1973,972,128620,1938,-4309,122473,129,19223,528,1,33343,0.0009999999999976694
44036000,2378,6893,129072,6572,8949,125842,114,19223,528,1,33344,0.0010000000000047748
44037000,3585,15316,130136,5681,8804,123065,93,19228,467,1,33345,0.0009999999999976694
44038000,9561,3214,124485,2576,-432,124144,93,19228,381,0,33346,0.0009999999999976694
44039000,6421,-5204,124777,10805,-7565,126439,137,19228,561,0,33347,0.0010000000000047748
44040003,12081,-9218,126923,16159,-16807,129280,98,19230,401,0,33348,0.0010029999999972006
44041000,4787,-3917,130573,-3894,-1301,132606,104,19224,426,0,33349,0.0009969999999981383
44042000,4906,10850,129496,-2916,10712,123510,129,19224,426,1,33350,0.0009999999999976694
44043000,1098,12684,131582,6962,7749,131035,112,19227,528,1,33351,0.0010000000000047748
44044000,693,1429,127344,-4437,-12276,122936,112,19228,459,1,33352,0.0009999999999976694
44045000,9598,-9283,128630,-660,-13358,136625,106,19230,434,0,33353,0.0009999999999976694
44046000,9680,-5753,130350,16485,-8192,126708,126,19223,516,0,33354,0.0010000000000047748
44047000,3552,-2768,130131,11920,-3752,126594,111,19230,455,0,33355,0.0009999999999976694
44048000,-298,-991,130101,-29200,-4574,132648,123,19230,504,1,33356,0.0009999999999976694
44049000,-3759,11971,132670,507,11245,125675,113,19220,504,1,33357,0.0010000000000047748
44050001,-4117,14413,130264,10958,10308,127535,99,19228,463,1,33358,0.0010009999999951447
44051000,-5482,-1976,130218,-20985,-5726,124004,99,19232,405,1,33359,0.0009990000000001942
44052000,3071,-19369,128492,-9085,-22557,138667,130,19229,532,0,33360,0.0010000000000047748
44053000,4126,6264,131369,11614,3270,125028,103,19231,422,0,33361,0.0009999999999976694
44054000,-2381,2804,128924,-10908,-1435,127942,111,19231,455,0,33362,0.0009999999999976694
44055005,-8639,11725,134272,-22178,11836,123473,145,19227,455,1,33363,0.001005000000006362
44056000,-8610,1350,127841,-8863,-2766,139238,116,19225,594,1,33364,0.0009949999999960824
44057000,-4747,7563,129791,-3810,6507,119987,116,19227,475,1,33365,0.0009999999999976694
44058000,-6649,12028,131173,-9799,7491,127927,104,19224,426,0,33366,0.0010000000000047748
44059000,-539,-5814,125138,-10793,-9056,129571,138,19228,565,0,33367,0.0009999999999976694
44060000,-1990,-727,127974,-2351,-3473,129089,102,19231,418,0,33368,0.0009999999999976694
44061000,-1862,2249,126798,-5006,495,126294,118,19231,418,1,33369,0.0010000000000047748
44062000,-7601,21841,127453,-9622,15015,115714,112,19221,483,1,33370,0.0009999999999976694
44063000,-7083,7438,126753,-16865,-6098,135207,112,19232,459,1,33371,0.0009999999999976694
44064000,3043,388,127461,-607,5949,127765,108,19230,442,1,33372,0.0010000000000047748
44065000,832,1397,123817,-4694,-4419,120954,125,19229,512,0,33373,0.0009999999999976694
44066000,1639,-4559,125146,-8814,-3461,128888,100,19228,410,0,33374,0.0009999999999976694
44067000,884,4794,124937,145,-865,123528,112,19228,410,0,33375,0.0010000000000047748
44068000,312,5104,124579,-944,9400,127355,146,19227,459,1,33376,0.0009999999999976694
44069001,-4650,20540,127469,-6802,6580,119086,146,19223,598,1,33377,0.00100100000000225
44070000,-3917,14181,125623,3091,2292,121934,115,19232,471,1,33378,0.0009990000000001942
44071000,11536,9018,124841,7109,-3967,128275,96,19228,393,0,33379,0.0009999999999976694
44072000,7858,-3974,124819,2782,-3668,124385,110,19231,451,0,33380,0.0009999999999976694
44073001,13262,-5720,124936,8876,-4069,126129,112,19231,451,0,33381,0.00100100000000225
44074000,2808,-1080,125833,11235,-3808,125171,119,19226,459,0,33382,0.0009990000000001942
44075002,3256,1070,126707,-13548,-4587,129731,119,19220,487,1,33383,0.0010019999999997253
44076000,5769,20933,130418,11934,19895,117806,118,19230,483,1,33384,0.000998000000002719
44077000,4793,6960,124519,8489,1391,123115,104,19233,426,1,33385,0.0009999999999976694
44078000,13563,-2939,128329,1600,-6507,128485,115,19224,471,0,33386,0.0009999999999976694
44079001,7324,-859,127766,12734,-13021,126980,91,19224,471,0,33387,0.00100100000000225
44080000,6371,-11723,126550,12687,-14621,135963,106,19230,373,0,33388,0.0009990000000001942
44081000,132,7800,132209,-10684,7694,124252,106,19231,434,1,33389,0.0009999999999976694
44082000,1479,5818,131234,-1236,2836,127945,130,19229,532,1,33390,0.0010000000000047748
44083000,1433,14146,131499,11133,10158,122726,115,19232,471,1,33391,0.0009999999999976694
44084000,2306,2120,127622,-9627,-10223,133085,100,19228,410,1,33392,0.0009999999999976694
44085000,14046,-12322,125260,6034,-9692,127074,159,19228,410,0,33393,0.0010000000000047748
44086000,7012,2294,131056,18792,-3380,123403,106,19234,651,0,33394,0.0009999999999976694
44087001,3405,-14397,128191,-13188,-18263,138003,106,19233,434,0,33395,0.00100100000000225
44088000,3212,18020,134472,-12518,17412,121339,107,19224,438,1,33396,0.0009990000000001942
44089000,-10878,-2324,131047,2597,-7178,137292,141,19232,577,1,33397,0.0009999999999976694
44090000,-4644,3613,130332,-7978,4975,122194,105,19232,430,1,33398,0.0009999999999976694
44091002,-1150,960,130872,-15061,-2797,131827,110,19232,451,0,33399,0.0010019999999997253
44092000,1526,-8535,126274,6091,-8794,132195,90,19221,451,0,33400,0.000998000000002719
44093000,1633,7101,130189,-8934,2210,123193,107,19226,369,0,33401,0.0009999999999976694
44094000,-5669,-8034,130506,-16779,-7545,137654,107,19223,438,0,33402,0.0010000000000047748
44095003,-7140,7272,134119,-5076,6413,123107,129,19222,528,1,33403,0.0010029999999972006
44096000,-10752,3460,130976,-15326,-552,135500,117,19231,479,1,33404,0.0009969999999981383
44097000,-5069,7328,128607,-13070,7971,128505,100,19231,410,1,33405,0.0010000000000047748
44098000,-2346,-2306,126942,-4441,-7605,125612,145,19230,410,0,33406,0.0009999999999976694
44099000,-2520,-9552,127626,-4432,-11978,136197,103,19228,594,0,33407,0.0009999999999976694
44100000,-903,8355,127783,-8019,2773,118134,103,19235,422,0,33408,0.0010000000000047748
44101000,-6630,-1160,127009,-7788,-4233,130327,106,19226,434,1,33409,0.0009999999999976694
44102002,-6539,13389,129008,-10093,9451,124032,140,19228,573,1,33410,0.0010019999999997253
44103000,-8475,-857,125321,-12894,-2185,128221,114,19228,467,1,33411,0.000998000000002719
44104000,-4105,13602,127464,-1245,11470,116909,109,19228,467,1,33412,0.0009999999999976694
44105000,2,1274,123761,-9491,-4723,130837,84,19223,446,0,33413,0.0009999999999976694
44106000,3972,-5495,123504,2821,-7988,121453,84,19226,344,0,33414,0.0009999999999976694
44107000,3822,218,125668,652,-3191,129275,114,19233,467,0,33415,0.0010000000000047748
44108000,-2035,4839,125125,-10181,17548,115276,124,19218,508,1,33416,0.0009999999999976694
44109000,-3232,26227,130997,780,-1054,127199,110,19230,451,1,33417,0.0009999999999976694
44110000,-1133,-7732,121620,-734,-5665,128141,100,19230,451,1,33418,0.0010000000000047748
44111000,5762,7035,127097,-1022,13696,113631,128,19232,410,0,33419,0.0009999999999976694
44112000,8350,7253,123756,14982,-7506,125837,128,19229,524,0,33420,0.0009999999999976694
44113001,10207,-667,123938,9607,-5497,125585,107,19225,438,0,33421,0.00100100000000225
44114000,2013,-9267,125842,-7388,-14221,134287,113,19224,463,0,33422,0.0009990000000001942
44115000,3667,2543,127720,3152,18526,117247,145,19233,594,1,33423,0.0009999999999976694
44116000,4842,16916,128902,8646,11833,126937,109,19233,594,1,33424,0.0010000000000047748
44117000,7645,-3877,126271,761,-10790,130929,100,19232,446,1,33425,0.0009999999999976694
44118000,10903,1312,123029,5810,-1341,120098,100,19222,410,0,33426,0.0009999999999976694
44119000,9516,-732,127248,13386,-5555,133937,122,19234,500,0,33427,0.0010000000000047748
44120000,9014,-7884,126908,6298,-6021,125310,106,19229,434,0,33428,0.0009999999999976694
44121000,5373,-846,130902,-7408,-3424,130455,112,19223,459,1,33429,0.0009999999999976694
44122000,521,11624,131210,4627,9490,126001,106,19223,459,1,33430,0.0010000000000047748
44123000,-1022,15774,130895,1007,12792,120551,102,19231,434,1,33431,0.0009999999999976694
44124000,5548,-1312,128428,-2810,-6124,132144,102,19232,418,1,33432,0.0009999999999976694
44125000,9158,-13219,127942,4135,-18383,136093,127,19221,520,0,33433,0.0010000000000047748
44126000,12440,-9832,129858,15809,-6153,125087,102,19228,418,0,33434,0.0009999999999976694
44127000,2758,6330,131275,-5444,2859,128712,105,19229,430,0,33435,0.0009999999999976694
44128002,-1931,2733,130828,-19947,1175,128237,140,19229,573,1,33436,0.0010019999999997253
44129003,-2927,14478,133562,2692,10759,125316,110,19226,573,1,33437,0.00100100000000225
44130002,-3812,-662,130299,5294,-6383,132876,110,19235,451,1,33438,0.0009990000000001942
44131000,-3889,-2692,128656,-13790,-10216,123639,99,19226,405,0,33439,0.000998000000002719
44132000,-858,-10996,129412,-10090,-13686,138426,137,19236,561,0,33440,0.0009999999999976694
44133000,-299,-2042,130838,13377,3652,123935,109,19226,446,0,33441,0.0009999999999976694
44134000,-5681,14226,131581,-13749,7077,125586,114,19226,467,1,33442,0.0010000000000047748
44135000,-10737,3591,129825,-29137,5936,130137,121,19225,467,1,33443,0.0009999999999976694
44136001,-4451,3655,127832,-6,5787,125925,106,19230,496,1,33444,0.00100100000000225
44137000,-1457,3229,128016,31,690,130480,106,19231,434,1,33445,0.0009990000000001942
44138000,-2096,4496,127763,-11813,-1910,122187,120,19218,491,0,33446,0.0009999999999976694
44139000,-1877,-9866,125501,-7723,-15404,135601,100,19231,410,0,33447,0.0009999999999976694
44140000,-2159,3868,128947,-728,1506,123117,103,19231,422,0,33448,0.0010000000000047748
44141000,-4838,12947,128273,-9357,11537,120782,129,19227,422,1,33449,0.0009999999999976694
44142000,-10472,8889,128680,-10101,2599,127214,116,19224,528,1,33450,0.0009999999999976694
44143000,-5250,7726,127072,-11599,3098,127255,116,19228,475,1,33451,0.0010000000000047748
44144002,1407,11658,126943,2557,12569,125036,102,19230,418,0,33452,0.0010019999999997253
44145000,1388,804,126583,1710,-3389,121956,129,19231,528,0,33453,0.0009979999999956135
44146000,2604,-12083,123462,-4321,-15295,129087,110,19231,451,0,33454,0.0010000000000047748
44147000,-532,2380,127667,-9776,-2092,129749,109,19228,451,0,33455,0.0009999999999976694
44148002,-4064,8802,125813,-201,6652,122099,143,19228,446,1,33456,0.0010019999999997253
44149000,-3422,22122,129214,-7240,19575,122795,143,19228,586,1,33457,0.000998000000002719
44150000,1566,-2662,121309,698,-6156,125337,105,19233,430,1,33458,0.0009999999999976694
44151000,8942,5832,124697,5501,2310,128513,107,19222,438,0,33459,0.0009999999999976694
44152000,9372,5287,126629,9168,-2061,117285,89,19227,365,0,33460,0.0010000000000047748
44153000,8323,226,125275,14376,-3070,132422,113,19227,365,0,33461,0.0009999999999976694
44154000,3623,-12322,126629,-6136,-15259,134182,130,19231,463,1,33462,0.0009999999999976694
44155000,1700,10645,128369,1294,16451,116437,130,19225,532,1,33463,0.0010000000000047748
44156000,3675,22076,126327,9397,2072,127891,113,19229,463,1,33464,0.0009999999999976694
44157000,6694,1887,124912,1506,-1455,119871,96,19228,393,1,33465,0.0009999999999976694
44158000,12481,1827,126478,2379,-7592,139980,138,19228,565,0,33466,0.0010000000000047748
44159001,12681,-14841,125759,19245,-13524,123796,113,19228,565,0,33467,0.0010009999999951447
44160000,3366,33,129018,2140,96,127110,110,19227,463,0,33468,0.0009990000000001942
44161000,1447,2648,132879,-14552,-7658,130370,110,19225,451,1,33469,0.0010000000000047748
44162000,-844,10524,130339,13141,12999,127392,128,19229,524,1,33470,0.0009999999999976694
44163002,-2236,8913,131961,404,-1572,129570,111,19234,455,1,33471,0.0010019999999997253
44164000,4742,401,126067,-7871,-6939,120140,107,19217,438,0,33472,0.000998000000002719
44165000,10440,-4578,129239,19579,-15003,134952,117,19217,438,0,33473,0.0009999999999976694
44166000,9983,-14509,127415,8097,-17257,135114,104,19232,479,0,33474,0.0009999999999976694
44167000,4062,570,131626,-22636,11759,124176,104,19227,426,0,33475,0.0009999999999976694
44168001,-2755,15922,133851,-160,4686,128064,120,19221,491,1,33476,0.00100100000000225
44169000,-9058,1382,128141,299,-6683,129259,111,19227,455,1,33477,0.0009990000000001942
44170002,-4301,725,130914,-18205,-15750,134248,96,19230,393,1,33478,0.0010019999999997253
44171001,-1785,-1958,127646,-177,-3860,127321,129,19230,393,0,33479,0.0009990000000001942
44172000,3815,8191,131711,1304,4280,123236,103,19226,528,0,33480,0.0009990000000001942
44173000,-1841,8475,133411,-6929,-3782,129308,103,19231,422,0,33481,0.0009999999999976694
44174000,-4995,-12883,127398,-16413,-12261,137316,109,19225,446,1,33482,0.0010000000000047748
44175000,-11327,11009,131980,-14698,14284,124848,155,19225,635,1,33483,0.0009999999999976694
44176000,-11987,14345,130759,-8549,11778,124495,113,19228,463,1,33484,0.0009999999999976694
44177000,369,8945,129385,-11985,1435,126001,104,19228,426,1,33485,0.0010000000000047748
44178000,-4818,-6138,127002,-6482,-8744,134426,156,19223,426,0,33486,0.0009999999999976694
44179000,106,-6002,125249,-3810,-4086,125292,103,19229,639,0,33487,0.0009999999999976694
44180000,233,2282,128006,-8680,1704,126018,103,19230,422,0,33488,0.0010000000000047748
44181000,-5916,11593,129715,-12717,9484,123973,116,19220,475,1,33489,0.0009999999999976694
44182000,-5108,18141,128755,-6021,11260,124321,113,19230,463,1,33490,0.0009999999999976694
44183000,-9581,-3568,125717,-11520,-5485,132386,106,19230,434,1,33491,0.0010000000000047748
44184000,1917,2121,127581,789,1831,122783,123,19228,434,0,33492,0.0009999999999976694
44185000,-2376,7412,125053,1267,4120,121774,108,19226,504,0,33493,0.0009999999999976694
44186000,1689,4691,124994,-9488,-1650,123720,108,19228,442,0,33494,0.0010000000000047748
44187000,878,5518,125630,-5627,6480,128993,112,19228,459,0,33495,0.0009999999999976694
44188000,-3118,2897,124058,3728,6092,124302,148,19226,606,1,33496,0.0009999999999976694
44189000,-428,12447,127463,-7478,5953,120640,116,19226,475,1,33497,0.0010000000000047748
44190000,3847,3766,125008,422,-1194,128178,99,19230,475,1,33498,0.0009999999999976694
44191000,11357,128,123115,7664,-1282,124043,115,19225,405,0,33499,0.0009999999999976694
44192000,6369,118,124986,4363,-2910,122519,115,19232,471,0,33500,0.0010000000000047748
44193000,5496,-8758,125926,-1903,-13274,133394,117,19229,479,0,33501,0.0009999999999976694
44194000,4254,3683,125557,12769,-3089,121992,118,19222,483,1,33502,0.0009999999999976694
44195000,-1307,3052,127440,-7849,2064,127877,118,19222,483,1,33503,0.0010000000000047748
44196000,7379,17689,128880,1089,15557,124346,104,19228,483,1,33504,0.0009999999999976694
44197000,6617,9711,124688,21873,6845,123369,114,19230,426,1,33505,0.0009999999999976694
44198000,12602,785,127665,-5287,-2376,128733,114,19223,467,0,33506,0.0010000000000047748
44199000,9726,-9689,125983,6580,-14441,132697,91,19232,373,0,33507,0.0009999999999976694
44200000,9300,-9522,127737,17599,-12202,128030,101,19228,414,0,33508,0.0009999999999976694
44201000,3774,5754,131636,-5967,2078,123070,133,19226,545,1,33509,0.0010000000000047748
44202000,491,7949,130203,-4761,5740,129372,114,19226,545,1,33510,0.0009999999999976694
44203001,3943,6092,130371,9621,975,126322,99,19228,467,1,33511,0.00100100000000225
44204001,3853,-3480,127278,-1815,-12824,133078,99,19222,405,0,33512,0.0009999999999976694
44205000,7933,-9567,129380,-913,4120,116022,158,19234,647,0,33513,0.0009990000000001942
44206001,4990,9177,130708,3880,-12987,135376,104,19228,426,0,33514,0.00100100000000225
44207002,2439,-10070,130910,-15783,-6296,132499,110,19222,451,0,33515,0.0010009999999951447
44208000,22,8422,135380,-2272,3393,126610,135,19222,451,1,33516,0.000998000000002719
44209000,-9362,2289,132286,2217,995,130159,105,19228,553,1,33517,0.0009999999999976694
44210000,-3004,2104,130354,-20123,-2207,125701,105,19230,430,1,33518,0.0010000000000047748
44211000,-594,-9061,128856,-3410,-13413,138287,107,19224,438,0,33519,0.0009999999999976694
44212000,1975,1231,128293,9204,5486,120298,85,19230,348,0,33520,0.0009999999999976694
44213000,-3064,7124,129311,-17401,2326,126532,108,19228,442,0,33521,0.0010000000000047748
44214000,-7220,-1254,131521,-16932,-248,133658,136,19228,442,1,33522,0.0009999999999976694
44215000,-4914,-1292,129573,-4282,-2030,129944,118,19225,557,1,33523,0.0009999999999976694
44216002,-9862,6132,130058,-9956,5945,128807,118,19225,483,1,33524,0.0010019999999997253
44217000,-3524,18652,129070,-11884,14486,114842,98,19229,401,1,33525,0.000998000000002719
44218003,-4749,-3849,126417,-8796,-12723,133823,142,19225,582,0,33526,0.0010029999999972006
44219000,-276,-9047,126650,-3356,-8475,132529,111,19228,455,0,33527,0.0009970000000052437
44220003,-1380,-73,127238,-7291,2679,124030,111,19228,455,0,33528,0.0010029999999972006
44221000,-7604,14329,129179,-13077,19180,114637,137,19225,455,1,33529,0.0009969999999981383
44222000,-3910,15530,128386,-8680,427,132483,137,19225,561,1,33530,0.0010000000000047748
44223000,-7614,-11270,122928,-3098,-5621,134071,115,19227,471,1,33531,0.0009999999999976694
44224000,1443,9370,126506,-7673,7795,113753,108,19222,442,0,33532,0.0009999999999976694
44225000,-2207,7849,126460,3681,825,125687,83,19230,340,0,33533,0.0010000000000047748
44226002,2217,-111,124903,-1434,-7679,127596,108,19230,442,0,33534,0.0010019999999997253
44227000,1860,-5306,126043,-3862,-9645,129843,124,19227,442,1,33535,0.0009979999999956135
44228000,-4941,10468,126139,-520,12208,121034,113,19221,508,1,33536,0.0010000000000047748
44229000,-1600,20793,126467,-9959,18167,117450,113,19231,463,1,33537,0.0009999999999976694
44230000,5710,4466,123804,8251,2482,126214,95,19233,389,1,33538,0.0009999999999976694
44231000,10210,-867,122191,4624,-5452,126790,129,19234,528,0,33539,0.0009999999999976694
44232000,9036,-1811,122298,3269,-864,123405,109,19234,446,0,33540,0.0010000000000047748
44233000,9222,-2087,125609,7314,-7658,124339,114,19228,446,0,33541,0.0009999999999976694
44234000,4642,-2048,126123,6200,-6564,132555,141,19224,467,1,33542,0.0009999999999976694
44235000,59,7433,128022,-5162,6520,122979,141,19229,577,1,33543,0.0010000000000047748
44236000,5434,6869,129680,8187,-750,123231,112,19230,459,1,33544,0.0009999999999976694
44237001,6631,3938,125839,11739,1902,124885,99,19225,405,0,33545,0.00100100000000225
44238000,11499,3113,126712,1001,-1698,131616,115,19225,471,0,33546,0.0009990000000001942
44239001,7691,-6356,126013,16859,-9450,126649,103,19239,471,0,33547,0.0010009999999951447
44240000,7437,-8813,128174,1207,-13124,131127,112,19228,422,0,33548,0.0009990000000001942
44241002,1514,11567,133250,-7942,11206,127062,112,19226,459,1,33549,0.0010019999999997253
44242000,422,7626,126777,11080,3434,126055,109,19229,446,1,33550,0.000998000000002719
44243000,1906,877,128601,-4000,-3362,133633,102,19231,418,1,33551,0.0009999999999976694
44244000,8935,-2860,126575,-6073,-6419,128773,130,19222,532,0,33552,0.0010000000000047748
44245003,10565,-8917,128165,19891,-10644,130945,100,19222,532,0,33553,0.0010029999999972006
44246000,6515,-834,130573,8815,-6140,129737,105,19229,410,0,33554,0.0009969999999981383
44247000,-422,-3374,131396,-20823,-6122,129882,105,19227,430,1,33555,0.0010000000000047748
44248000,-4207,11318,133769,-3735,3732,130464,145,19229,594,1,33556,0.0009999999999976694
44249000,-10679,-1917,130364,382,-2399,131551,111,19232,455,1,33557,0.0009999999999976694
44250002,-3242,941,128617,-12952,-9165,127514,99,19228,405,1,33558,0.0010019999999997253
44251001,-1576,-2190,127288,-10149,-2588,129587,128,19228,405,0,33559,0.0009990000000001942
44252000,4165,1203,129106,10850,-2122,131985,113,19228,524,0,33560,0.0009990000000001942
44253000,-1231,7094,132328,-12613,148,119605,113,19228,463,0,33561,0.0010000000000047748
44254000,-8958,1704,132313,-10731,-7257,138371,119,19218,487,1,33562,0.0009999999999976694
44255000,-9155,2542,131798,-11266,4565,125826,117,19228,479,1,33563,0.0009999999999976694
44256000,-10619,9264,130006,-10688,3006,128601,106,19231,434,1,33564,0.0010000000000047748
44257000,-1532,4828,128751,-6497,1729,124086,121,19231,434,0,33565,0.0009999999999976694
44258000,-3230,435,126161,-6001,-7716,126560,93,19214,496,0,33566,0.0009999999999976694
44259000,-230,-48,126845,-4983,-9572,128994,93,19233,381,0,33567,0.0010000000000047748
44260000,-3586,10366,128738,-9612,5866,120392,100,19227,410,0,33568,0.0009999999999976694
44261000,-6923,9342,129160,-12055,5225,132022,135,19227,553,1,33569,0.0009999999999976694
44262000,-4278,8159,127850,-6603,1465,124611,117,19231,479,1,33570,0.0010000000000047748
44263001,-5419,3976,124849,-9505,-2862,128059,101,19231,479,1,33571,0.0010009999999951447
44264000,1440,1968,126872,-1312,-1239,128899,117,19227,414,0,33572,0.0009990000000001942
44265000,3068,4255,123520,1951,2418,118404,117,19233,479,0,33573,0.0010000000000047748
44266000,1967,653,125703,-7511,-3960,132873,109,19227,446,0,33574,0.0009999999999976694
44267000,341,5528,126702,-6393,6638,119247,112,19223,459,1,33575,0.0009999999999976694
44268000,-2395,5999,125870,3872,-1830,132258,136,19228,557,1,33576,0.0010000000000047748
44269000,-5689,11765,126222,1666,3707,121629,104,19228,426,1,33577,0.0009999999999976694
44270000,5062,13421,122906,-9045,9676,116495,111,19234,426,0,33578,0.0009999999999976694
44271000,12558,6864,127382,11969,-2744,126807,96,19226,455,0,33579,0.0010000000000047748
44272000,11241,-75,124105,13503,-8307,122814,96,19228,393,0,33580,0.0009999999999976694
44273000,5862,-13195,125183,-2768,-14406,134520,112,19230,459,0,33581,0.0009999999999976694
44274000,2676,2525,130284,1329,2483,123049,133,19225,545,1,33582,0.0010000000000047748
44275000,2331,8035,128106,773,4644,122875,113,19225,463,1,33583,0.0009999999999976694
44276000,5930,12207,129977,9352,8108,129529,97,19230,463,1,33584,0.0009999999999976694
44277001,8851,2824,123625,-2825,-5556,120319,150,19230,397,0,33585,0.00100100000000225
44278002,9248,-63,127878,12746,-8642,126063,150,19233,614,0,33586,0.00100100000000225
44279000,9732,-4799,127250,18458,-9626,127634,106,19229,434,0,33587,0.0009979999999956135
44280001,6228,-7424,128205,-11659,-10687,135970,106,19227,434,1,33588,0.00100100000000225
44281000,190,12282,131908,1374,13306,119525,124,19229,508,1,33589,0.0009990000000001942
44282002,119,13916,128439,3873,5977,128158,108,19229,508,1,33590,0.0010019999999997253
44283000,-636,-612,129609,-6250,-4857,129540,109,19232,442,1,33591,0.000998000000002719
44284000,9311,-7107,127682,-2561,-9891,129709,109,19220,446,0,33592,0.0009999999999976694
44285000,13998,-11459,128172,19152,-11031,132826,106,19232,434,0,33593,0.0009999999999976694
44286000,1380,4342,129246,11968,796,121824,105,19227,430,0,33594,0.0010000000000047748
44287000,3575,-7226,131094,-38894,-11710,134031,122,19220,500,1,33595,0.0009999999999976694
44288000,-8190,17415,133744,9220,15514,122942,112,19220,500,1,33596,0.0009999999999976694
44289000,-5427,3011,129711,-898,-3053,129731,97,19231,459,1,33597,0.0010000000000047748
44290001,-5732,-1489,130489,-18024,-5009,131479,97,19230,397,0,33598,0.0010009999999951447
44291002,1556,-14538,128279,-2817,-18338,132020,139,19229,569,0,33599,0.00100100000000225
44292001,1523,3586,131797,3850,2077,127365,105,19228,430,0,33600,0.0009990000000001942
44293000,-5569,2435,129654,-14646,-956,122546,110,19224,451,0,33601,0.0009990000000001942
44294001,-6282,16457,133141,-18014,13992,129708,142,19224,451,1,33602,0.00100100000000225
44295000,-9562,-7619,127696,-9316,-3082,130686,111,19228,582,1,33603,0.0009989999999930887
44296000,-4760,10290,130767,-6656,12038,119864,111,19230,455,1,33604,0.0010000000000047748
44297000,-4686,9538,129348,-13719,-7222,130247,106,19221,434,0,33605,0.0009999999999976694
44298000,-2034,-5768,124568,-8586,-5729,125304,143,19230,586,0,33606,0.0009999999999976694
44299000,-1518,-2391,129374,-3359,1403,131167,104,19234,426,0,33607,0.0010000000000047748
44300000,-3018,1799,126103,-11422,3772,118088,118,19234,426,1,33608,0.0009999999999976694
44301000,-7715,16184,129924,-15541,6881,128744,113,19224,483,1,33609,0.0009999999999976694
44302000,-7083,4137,129891,-5968,-2953,129479,113,19228,463,1,33610,0.0010000000000047748
44303000,-1414,6017,126068,3022,6684,120102,105,19234,430,1,33611,0.0009999999999976694
44304001,-147,1789,126413,-8385,-3006,132562,128,19232,524,0,33612,0.00100100000000225
44305000,848,-10063,120690,-7968,-5191,123224,111,19228,455,0,33613,0.0009990000000001942
44306000,4422,7926,124353,194,8711,126237,113,19228,455,0,33614,0.0009999999999976694
44307000,-1638,9058,125398,497,12400,120938,152,19228,463,1,33615,0.0009999999999976694
44308000,-2537,14280,125487,-6553,8046,121927,152,19226,623,1,33616,0.0010000000000047748
44309001,-94,4605,127090,-607,-5556,130422,113,19228,463,1,33617,0.0010009999999951447
44310000,7457,3391,123232,8694,-1308,121414,97,19224,397,0,33618,0.0009990000000001942
44311000,8256,10516,125944,7943,6651,121003,104,19232,426,0,33619,0.0010000000000047748
44312000,8409,-7042,124429,4617,-14279,125539,111,19232,455,0,33620,0.0009999999999976694
44313000,3738,-8995,126246,8800,-12219,136667,119,19227,455,0,33621,0.0009999999999976694
44314000,2299,8465,126327,-6168,18168,116592,109,19220,487,1,33622,0.0010000000000047748
44315000,4770,19841,130950,6734,17015,119043,109,19228,446,1,33623,0.0009999999999976694
44316000,9559,2010,123234,10434,-6159,129491,102,19231,418,1,33624,0.0009999999999976694
44317000,10671,-5158,125339,-766,-7966,125357,115,19223,471,0,33625,0.0010000000000047748
44318000,11125,-2707,128010,13886,-11707,131805,94,19223,385,0,33626,0.0009999999999976694
44319000,6364,-8778,127888,14236,-8902,129365,104,19233,385,0,33627,0.0009999999999976694
44320000,2210,2924,130790,-12390,1119,128400,136,19231,426,1,33628,0.0010000000000047748
44321001,117,8832,132585,-38,2437,126376,136,19227,557,1,33629,0.0010009999999951447
44322000,-729,17264,130089,8374,7983,125199,113,19234,463,1,33630,0.0009990000000001942
44323000,3975,13118,127533,-5296,6554,125512,100,19230,410,1,33631,0.0010000000000047748
44324000,12119,-12103,127012,6152,-11664,126623,152,19230,623,0,33632,0.0009999999999976694
44325000,11851,-4671,130416,17268,-6583,132395,107,19231,623,0,33633,0.0009999999999976694
44326000,4002,-3742,129194,-7377,-5459,130762,111,19229,438,0,33634,0.0010000000000047748
44327000,2278,6039,132229,-15826,3948,124879,111,19224,455,1,33635,0.0009999999999976694
44328000,-6574,4348,132951,4544,1153,133923,130,19230,532,1,33636,0.0009999999999976694
44329000,-5937,1674,129394,-6676,-1502,124585,102,19231,418,1,33637,0.0010000000000047748
44330000,1544,-1737,131721,-12656,-9906,132422,110,19223,451,0,33638,0.0009999999999976694
44331000,-1679,-2021,127537,4600,-2947,129869,90,19223,451,0,33639,0.0009999999999976694
44332000,3080,7704,130271,-1407,5638,126051,112,19230,369,0,33640,0.0010000000000047748
44333000,-6003,63,130591,-16408,-3950,129586,112,19226,459,1,33641,0.0009999999999976694
44334000,-5877,508,131296,-6020,-3009,131688,139,19225,569,1,33642,0.0009999999999976694
44335000,-9335,15169,130073,-13657,12545,123400,119,19228,487,1,33643,0.0010000000000047748
44336000,-3237,7206,129168,-10057,4195,125604,98,19226,401,1,33644,0.0009999999999976694
44337000,-3534,-4819,127255,-4926,-9475,132381,149,19226,401,0,33645,0.0009999999999976694
44338000,-1046,-1749,126624,-6845,-4383,122469,104,19227,610,0,33646,0.0010000000000047748
44339000,745,2307,126695,-908,-713,128979,104,19230,426,0,33647,0.0009999999999976694
44340000,-5310,5328,128697,-9051,2488,119073,110,19221,451,1,33648,0.0009999999999976694
44341000,-4981,14802,129371,-10091,10007,132245,133,19227,545,1,33649,0.0010000000000047748
44342000,-8787,2030,126183,-950,5266,123267,111,19229,455,1,33650,0.0009999999999976694
44343007,-1298,9193,126463,-12493,2787,123058,108,19229,455,0,33651,0.0010070000000013124
44344000,904,2441,125721,4115,-2228,121226,84,19221,442,0,33652,0.0009930000000011319
44345003,5462,1879,124227,997,-6061,129063,84,19230,344,0,33653,0.0010029999999972006
44346000,3972,-10165,127013,98,-168,131167,110,19232,451,0,33654,0.0009969999999981383
44347000,-2797,13303,127158,1428,12679,112884,129,19219,528,1,33655,0.0010000000000047748
44348000,-1882,13223,126377,1290,938,132516,114,19229,467,1,33656,0.0009999999999976694
44349000,1127,3081,126210,-20,14694,124648,96,19229,467,1,33657,0.0009999999999976694
44350002,8238,-506,122989,6708,-3816,124856,136,19231,393,0,33658,0.0010019999999997253
44351000,6733,-1246,123081,13064,-119,124963,136,19235,557,0,33659,0.000998000000002719
44352000,8959,1861,125035,3275,-9269,123814,110,19227,451,0,33660,0.0009999999999976694
44353000,3224,-10616,126549,3544,-9761,135322,114,19226,467,1,33661,0.0010000000000047748
44354000,2413,8524,127916,1728,13177,120554,133,19225,545,1,33662,0.0009999999999976694
44355000,2109,11357,129287,-2091,4841,129215,109,19225,545,1,33663,0.0009999999999976694
44356002,8887,8551,126284,8666,-1303,119387,101,19230,446,1,33664,0.0010019999999997253
44357002,9712,-2419,124515,1736,-10815,128693,101,19223,414,0,33665,0.0010000000000047748
44358000,8790,-2737,127585,7894,-678,134566,114,19233,467,0,33666,0.0009979999999956135
44359000,8690,-10566,124990,10863,-13142,121860,104,19224,426,0,33667,0.0009999999999976694
44360000,4170,3088,131510,-5130,-143,133486,118,19221,483,1,33668,0.0010000000000047748
44361000,-4222,10411,131300,-2284,5681,123739,113,19221,463,1,33669,0.0009999999999976694
44362000,96,4753,129858,3353,-1833,128440,100,19226,463,1,33670,0.0009999999999976694
44363000,1836,3952,129762,2535,-2109,127719,129,19226,410,0,33671,0.0010000000000047748
44364000,8578,-9835,126952,-1125,-20097,129904,129,19225,528,0,33672,0.0009999999999976694
44365000,7855,-4574,131365,15882,-6235,127046,97,19232,397,0,33673,0.0009999999999976694
44366001,891,-3094,129543,-11001,-6492,132230,107,19224,438,0,33674,0.00100100000000225
44367002,-745,6469,132846,-15965,8540,127779,152,19224,623,1,33675,0.00100100000000225
44368000,-5249,10763,133992,4536,2026,124595,111,19227,623,1,33676,0.0009979999999956135
44369000,-6841,-2084,127523,-5061,-7417,131590,99,19230,455,1,33677,0.0010000000000047748
44370000,-1884,-4909,130770,-22439,-9752,133109,99,19224,405,0,33678,0.0009999999999976694
44371000,105,-4446,127193,5500,-4402,125865,116,19228,475,0,33679,0.0009999999999976694
44372000,749,5595,132648,3937,-1741,131549,109,19227,446,0,33680,0.0010000000000047748
44373000,-9540,5327,131028,-24373,861,124630,122,19227,500,1,33681,0.0009999999999976694
44374000,-10257,1896,132427,-18308,-2366,140121,112,19216,500,1,33682,0.0009999999999976694
44375000,-9045,7378,128774,-1620,7755,123128,105,19227,459,1,33683,0.0010000000000047748
44376000,-6975,15688,130180,-9586,9852,119178,105,19232,430,1,33684,0.0009999999999976694
44377001,-2807,509,127341,-18624,-7211,128502,121,19215,496,0,33685,0.00100100000000225
44378000,-3425,-9335,125021,-1657,-11251,129836,95,19232,389,0,33686,0.0009990000000001942
44379000,-1343,5055,129888,-6184,5897,126449,105,19227,430,0,33687,0.0009999999999976694
44380000,-7082,9133,127600,-11555,5598,118818,145,19227,430,1,33688,0.0009999999999976694
44381000,-9201,4364,127949,-12967,-1151,129606,119,19228,594,1,33689,0.0010000000000047748
44382000,-3650,3811,127812,-9447,88,129132,119,19232,487,1,33690,0.0009999999999976694
44383000,-2677,11287,125416,-1498,7661,119288,103,19227,422,0,33691,0.0009999999999976694
44384000,-482,4673,127067,-4327,1458,125888,118,19229,483,0,33692,0.0010000000000047748
44385000,386,-6419,121775,-4482,-10115,128885,110,19224,451,0,33693,0.0009999999999976694
44386000,1046,8815,128779,-4638,6817,123951,116,19224,451,0,33694,0.0009999999999976694
44387000,-3363,15570,124549,352,12544,117026,140,19224,475,1,33695,0.0010000000000047748
44388000,-3858,15094,127178,-3241,13050,124161,140,19227,573,1,33696,0.0009999999999976694
44389000,6992,5166,123073,-10073,1889,123520,103,19232,422,1,33697,0.0009999999999976694
44390000,10513,1676,123351,15065,-2306,126470,113,19224,463,0,33698,0.0010000000000047748
44391000,13151,1138,122745,10853,-4482,120781,97,19230,397,0,33699,0.0009999999999976694
44392001,6050,-8519,124959,533,-11056,130083,113,19230,397,0,33700,0.00100100000000225
44393000,5333,-6611,127446,4013,-50,135949,135,19227,463,1,33701,0.0009990000000001942
44394000,151,7077,127792,-3852,7997,113112,135,19222,553,1,33702,0.0009999999999976694
44395000,1248,22689,129952,179,7684,124594,115,19230,471,1,33703,0.0009999999999976694
44396000,7611,2336,125713,12156,-4839,125996,100,19227,410,1,33704,0.0010000000000047748
44397000,11688,-282,126894,4818,-5611,128034,152,19234,623,0,33705,0.0009999999999976694
44398000,12176,-12241,125980,13823,-14454,133182,105,19234,623,0,33706,0.0009999999999976694
44399001,2906,-2815,127975,-5360,-4198,123203,107,19228,430,0,33707,0.00100100000000225
44400000,7278,4369,131088,1277,9145,133255,107,19224,438,1,33708,0.0009990000000001942
44401000,-1211,14197,131494,4675,12668,122398,126,19229,516,1,33709,0.0009999999999976694
44402001,26,3211,128105,-2520,-7176,132070,110,19233,451,1,33710,0.00100100000000225
44403001,8349,1769,127986,8011,-14871,123220,109,19220,446,0,33711,0.0009999999999976694
44404000,10460,-7732,128690,11920,-16116,132085,116,19220,475,0,33712,0.0009990000000001942
44405000,11022,12,129764,10205,3973,128459,111,19228,475,0,33713,0.0010000000000047748
44406000,1770,3513,131026,-23710,5215,122026,126,19228,455,0,33714,0.0009999999999976694
44407000,-1191,1143,133590,3194,-6109,136876,126,19218,516,1,33715,0.0009999999999976694
44408000,-10440,3673,130159,2112,2063,125894,111,19231,455,1,33716,0.0010000000000047748
44409001,-1657,-4102,130149,-22584,-3867,132070,100,19231,410,1,33717,0.0010009999999951447
44410000,2675,-1900,130226,4271,-5903,128895,139,19231,569,0,33718,0.0009990000000001942
44411000,5398,3292,129066,2392,-3007,125509,104,19229,569,0,33719,0.0010000000000047748
44412000,-1049,4698,130771,-7547,18,129103,108,19229,426,0,33720,0.0009999999999976694
44413002,-7320,-1359,130783,-16571,-2124,127623,108,19230,442,1,33721,0.0010019999999997253
44414000,-8139,5869,131883,-11120,3534,135494,141,19227,577,1,33722,0.000998000000002719
44415000,-11071,15724,130977,-3767,12493,118335,113,19232,463,1,33723,0.0009999999999976694
44416000,-1773,8011,129388,-14170,-3260,130176,105,19232,430,1,33724,0.0009999999999976694
44417000,193,-1380,123987,819,245,124114,142,19225,430,0,33725,0.0009999999999976694
44418000,815,-6197,126163,-5384,-6277,127552,104,19233,582,0,33726,0.0010000000000047748
44419000,505,866,127905,-8783,2290,130701,104,19230,426,0,33727,0.0009999999999976694
44420000,-6261,18861,129130,-7192,16818,114439,116,19219,475,1,33728,0.0009999999999976694
44421000,-5477,6972,127894,-10173,1580,133561,112,19227,459,1,33729,0.0010000000000047748
44422000,-6733,-5101,124969,-6993,-8804,127650,104,19231,426,1,33730,0.0009999999999976694
44423000,2078,3313,126572,-3171,-194,125389,129,19231,426,0,33731,0.0009999999999976694
44424000,21,7995,125417,-217,1674,119564,103,19230,528,0,33732,0.0010000000000047748
44425000,2168,6289,126497,1027,1949,123424,103,19228,422,0,33733,0.0009999999999976694
44426000,-1458,-2753,125005,-4095,-4309,132684,109,19226,446,0,33734,0.0009999999999976694
44427000,-5171,10113,126075,-6354,7603,118350,151,19225,618,1,33735,0.0010000000000047748
44428000,-573,7830,126909,-2140,1678,127469,109,19232,446,1,33736,0.0009999999999976694
44429000,5815,17890,126297,5744,13694,117024,95,19232,446,1,33737,0.0009999999999976694
44430000,8896,-1419,122439,2548,-5974,128413,103,19226,389,0,33738,0.0010000000000047748
44431000,11555,-4737,123619,6586,-7995,128783,103,19229,422,0,33739,0.0009999999999976694
44432000,6501,1204,124933,10615,-2553,125503,114,19228,467,0,33740,0.0009999999999976694
44433000,2826,4962,125350,2649,2754,124445,120,19227,491,1,33741,0.0010000000000047748
44434000,2489,9871,128174,-8408,6998,126711,108,19230,442,1,33742,0.0009999999999976694
44435002,6956,3663,127076,10750,-395,127396,99,19230,442,1,33743,0.0010019999999997253
44436002,9943,1334,124794,13474,5641,117768,116,19230,405,0,33744,0.0009999999999976694
44437002,9407,4141,127955,-977,-7033,129898,116,19223,475,0,33745,0.0010000000000047748
44438000,9372,-8605,126830,9174,-17500,131570,96,19234,393,0,33746,0.0009979999999956135
44439000,5005,-3559,129042,8259,-6343,127556,104,19228,426,0,33747,0.0010000000000047748
44440000,2269,4144,131643,-3232,12840,123991,136,19231,557,1,33748,0.0009999999999976694
44441000,2047,17643,130485,8352,5869,120154,112,19231,557,1,33749,0.0009999999999976694
44442000,4850,1397,128442,4141,-9934,138193,100,19228,459,1,33750,0.0010000000000047748
44443000,5109,-6685,128611,-7577,-9256,125907,100,19225,410,0,33751,0.0009999999999976694
44444000,8686,-3284,127546,15865,-4906,123894,153,19229,627,0,33752,0.0009999999999976694
44445001,3599,1016,131475,8236,-4266,134334,107,19230,438,0,33753,0.00100100000000225
44446000,-1092,-4864,130589,-24042,-3554,126506,111,19218,455,1,33754,0.0009990000000001942
44447000,-1931,3668,133861,-4422,2383,135667,129,19218,455,1,33755,0.0009999999999976694
44448000,-5875,8538,131103,6552,7324,122237,102,19229,528,1,33756,0.0010000000000047748
44449002,-4123,2353,128105,-23084,-6704,130002,112,19231,418,1,33757,0.0010019999999997253
44450000,1482,-8463,130178,-4469,-11056,133534,112,19226,459,0,33758,0.0009979999999956135
44451000,2301,-5785,126624,9910,-1703,129561,93,19229,381,0,33759,0.0010000000000047748
44452000,-4776,8425,130262,-21284,13996,125183,111,19224,455,0,33760,0.0009999999999976694
44453000,-6464,6465,131750,-15082,162,125093,137,19224,561,1,33761,0.0009999999999976694
44454000,-7228,-5918,129225,-4189,-4374,142015,117,19225,561,1,33762,0.0010000000000047748
44455000,-8899,6397,130774,-9951,8566,121891,99,19229,479,1,33763,0.0009999999999976694
44456000,-3979,11627,129881,-11111,1159,123250,99,19227,405,0,33764,0.0009999999999976694
44457000,-5653,-5687,125551,-8398,-9075,132332,153,19235,627,0,33765,0.0010000000000047748
44458000,-2352,1118,129267,-3427,-6162,126535,103,19231,422,0,33766,0.0009999999999976694
44459000,-3432,-3754,126823,-10525,-2517,130468,107,19231,438,0,33767,0.0009999999999976694
44460001,-7839,19294,130302,-12656,19123,114131,130,19225,438,1,33768,0.00100100000000225
44461000,-6427,8810,128198,-8471,-1023,135173,110,19229,532,1,33769,0.0009990000000001942
44462000,-6714,-2398,124903,-10873,-2607,122228,110,19232,451,1,33770,0.0009999999999976694
44463000,501,9230,127156,-6383,2704,124924,109,19221,446,0,33771,0.0010000000000047748
44464000,-3179,-3334,124957,1264,-3061,129545,84,19229,344,0,33772,0.0009999999999976694
44465002,6330,2223,123479,-3484,-1400,121166,107,19227,438,0,33773,0.0010019999999997253
44466000,-1662,-7251,126467,-208,-10445,136761,130,19227,438,1,33774,0.000998000000002719
44467000,-3387,19550,127987,-3369,15372,108011,114,19220,532,1,33775,0.0009999999999976694
44468000,-935,10078,125910,-5498,3779,132280,114,19229,467,1,33776,0.0009999999999976694
44469000,2861,10701,126461,7859,5492,119611,94,19229,385,0,33777,0.0010000000000047748
44470000,9310,2825,121466,4600,-2550,120545,136,19231,557,0,33778,0.0009999999999976694
44471000,7683,-8175,124232,5462,-12017,128868,107,19230,438,0,33779,0.0009999999999976694
44472003,9601,1037,126069,5581,-1277,123188,113,19230,438,0,33780,0.001003000000004306
44473000,3753,-528,127656,2512,-655,133030,134,19225,463,1,33781,0.0009969999999981383
44474000,2010,18264,129696,423,14757,115990,134,19228,549,1,33782,0.0009999999999976694
44475000,6689,-6822,124882,3660,-11897,132614,111,19230,455,1,33783,0.0010000000000047748
44476000,9091,-2613,125859,7806,-4769,122571,100,19222,410,0,33784,0.0009999999999976694
44477000,12236,2286,126533,2542,-2297,127275,111,19229,455,0,33785,0.0009999999999976694
44478000,4885,-6098,125601,17786,-9629,132832,109,19229,455,0,33786,0.0010000000000047748
44479000,5019,-3334,129363,-5348,-6861,133928,120,19234,446,1,33787,0.0009999999999976694
44480000,3509,3166,130444,-6873,592,130325,120,19223,491,1,33788,0.0009999999999976694
44481000,-1400,20101,132082,16319,16616,117031,113,19231,463,1,33789,0.0009999999999976694
44482001,4727,7068,126772,-8498,2389,130588,100,19236,410,1,33790,0.00100100000000225
44483001,9491,-14601,125800,-2307,-17325,133021,130,19224,532,0,33791,0.0009999999999976694
44484000,10368,-10016,127914,22644,-11665,136284,101,19224,532,0,33792,0.0009990000000001942
44485000,4787,636,129809,761,5849,120375,105,19232,414,0,33793,0.0010000000000047748
44486000,-895,9195,135469,-16908,3203,128045,105,19229,430,1,33794,0.0009999999999976694
44487000,-5988,762,131471,-2834,-5313,144946,150,19228,614,1,33795,0.0009999999999976694
44488000,-9402,1106,129597,-7589,-4165,119766,111,19232,455,1,33796,0.0010000000000047748
44489000,-838,-3039,129342,-15382,-4880,130046,102,19225,418,0,33797,0.0009999999999976694
44490000,220,6030,131356,4735,-2753,124167,118,19225,418,0,33798,0.0009999999999976694
44491000,4216,177,128397,-1424,-7087,129387,109,19233,483,0,33799,0.0010000000000047748
44492000,-2671,2762,132546,-17357,1191,132185,109,19229,446,0,33800,0.0009999999999976694
44493000,-10288,3269,129137,-7608,-1977,126599,121,19223,496,1,33801,0.0009999999999976694
44494002,-6938,12137,131613,-10636,10544,125067,111,19223,455,1,33802,0.0010019999999997253
44495002,-6963,4297,128658,-12279,1429,130087,106,19230,434,1,33803,0.0010000000000047748
44496000,779,4328,127714,111,-4686,126720,125,19230,512,0,33804,0.0009979999999956135
44497000,-2245,2923,124050,-6365,-5892,125063,97,19220,512,0,33805,0.0010000000000047748
44498000,-636,-1966,126814,-8255,-3310,126517,104,19229,397,0,33806,0.0009999999999976694
44499000,-2133,10725,129573,-5020,10882,128208,104,19227,426,1,33807,0.0009999999999976694
44500000,-6957,9159,127008,-13761,6745,120671,141,19227,577,1,33808,0.0010000000000047748
44501000,-6898,5671,128755,-5855,371,130074,118,19227,483,1,33809,0.0009999999999976694
44502000,-3373,3938,126000,-3291,-3165,124260,104,19227,426,1,33810,0.0009999999999976694
44503000,1579,3626,125099,-2861,4012,124865,114,19226,426,0,33811,0.0010000000000047748
44504000,5115,1767,127028,-5423,-3588,125460,110,19232,467,0,33812,0.0009999999999976694
44505000,2462,3391,125855,-261,1190,124110,110,19228,451,0,33813,0.0009999999999976694
44506000,-376,6534,126132,-2497,4800,126660,116,19220,475,1,33814,0.0010000000000047748
44507000,-4003,3648,125977,-8314,4934,127780,136,19229,557,1,33815,0.0009999999999976694
44508000,-1402,7438,125138,8498,3008,124571,105,19229,430,1,33816,0.0009999999999976694
44509000,6260,13042,123880,-2602,8551,118872,110,19232,430,0,33817,0.0010000000000047748
44510001,10594,5605,125435,6373,-6156,124393,96,19225,451,0,33818,0.0010009999999951447
44511000,11010,-1872,125385,22717,-7486,124396,96,19230,393,0,33819,0.0009990000000001942
44512000,4718,-3925,124804,-7819,-5972,129325,114,19224,467,0,33820,0.0010000000000047748
44513000,4028,2675,130044,3456,5886,127847,140,19226,573,1,33821,0.0009999999999976694
44514000,3854,15869,128735,8025,13723,120476,115,19230,471,1,33822,0.0009999999999976694
44515002,6771,7078,124700,1110,1542,125756,98,19230,471,1,33823,0.0010019999999997253
44516000,10690,548,126830,1246,-5009,126663,150,19230,401,0,33824,0.000998000000002719
44517000,10219,-7158,125325,9940,-8221,125886,150,19232,614,0,33825,0.0009999999999976694
44518003,10049,-2,127882,18118,-5063,125462,112,19230,459,0,33826,0.001003000000004306
44519002,1516,-2885,129281,-8916,-7194,131570,110,19222,451,1,33827,0.0009990000000001942
44520000,2017,6483,129208,-3161,3841,125045,128,19229,524,1,33828,0.0009979999999956135
44521000,137,13359,133756,12102,7976,124685,109,19229,524,1,33829,0.0010000000000047748
44522000,1855,-7591,129991,-9790,-13579,131541,110,19231,446,1,33830,0.0009999999999976694
44523003,8990,5257,130921,1302,1030,120638,110,19221,451,0,33831,0.0010029999999972006
44524000,8753,-16448,127258,16538,-19118,137198,99,19230,405,0,33832,0.0009970000000052437
44525000,73,-4613,128668,8698,-8139,130890,105,19231,430,0,33833,0.0009999999999976694
44526000,138,6483,132504,-29115,4689,124965,125,19223,512,1,33834,0.0009999999999976694
44527001,-5423,14836,132466,1667,12640,129187,114,19223,512,1,33835,0.00100100000000225
44528000,-5392,4701,130524,5064,1059,129044,96,19230,467,1,33836,0.0009990000000001942
44529000,-3458,-11460,126648,-24042,-16459,132145,96,19226,393,0,33837,0.0009999999999976694
44530000,1948,-12265,129702,-651,-10,125392,139,19228,569,0,33838,0.0010000000000047748
44531000,-1653,5978,131866,5877,-4528,130737,105,19228,430,0,33839,0.0009999999999976694
44532000,-4200,2184,130647,-18244,5222,125893,113,19228,463,0,33840,0.0009999999999976694
44533000,-9078,7281,130577,-15509,-1024,132857,145,19228,463,1,33841,0.0010000000000047748
44534000,-8359,-6662,130479,-7103,9873,126242,112,19229,594,1,33842,0.0009999999999976694
44535000,-5898,21056,129684,-12335,8819,120119,112,19232,459,1,33843,0.0009999999999976694
44536000,-5107,-229,128375,-10714,-13287,137137,104,19223,426,0,33844,0.0010000000000047748
44537000,-4282,-4949,125288,-2086,-4579,124857,136,19236,557,0,33845,0.0009999999999976694
44538001,-3017,2161,128430,-7360,2357,128745,103,19231,422,0,33846,0.00100100000000225
44539000,-3180,4587,126840,-8704,10696,121622,119,19231,422,1,33847,0.0009990000000001942
44540000,-8547,13235,129485,-12341,5780,123960,113,19233,487,1,33848,0.0009999999999976694
44541000,-4475,1415,126591,-12428,4536,128224,113,19228,463,1,33849,0.0009999999999976694
44542000,1004,5938,127748,3154,3871,121441,105,19226,430,0,33850,0.0009999999999976694
44543001,-1445,-683,123617,-1514,-4959,125501,132,19231,541,0,33851,0.00100100000000225
44544000,2368,2172,125117,-10722,-1691,124622,104,19227,426,0,33852,0.0009990000000001942
44545000,1666,-2571,123455,697,1427,127497,110,19227,451,0,33853,0.0009999999999976694
44546000,-537,12016,127001,-568,23247,116783,152,19222,451,1,33854,0.0010000000000047748
44547000,-1957,15591,124655,-7562,8506,122462,113,19230,623,1,33855,0.0009999999999976694
44548000,1634,-774,124009,2211,-2461,132359,113,19232,463,1,33856,0.0009999999999976694
44549002,9835,5111,124352,6977,76,122043,100,19230,410,0,33857,0.0010019999999997253
44550000,5956,2924,125271,6197,-1025,120479,110,19228,451,0,33858,0.000998000000002719
44551000,9010,-3015,128418,7217,-8533,130596,117,19228,479,0,33859,0.0009999999999976694
44552000,2104,-13357,125086,10607,-18739,134302,120,19227,479,1,33860,0.0010000000000047748
44553000,457,9537,127166,-5668,13323,121633,109,19220,491,1,33861,0.0009999999999976694
44554000,5008,21185,128780,-41,16385,118033,109,19229,446,1,33862,0.0009999999999976694
44555000,7990,7603,125900,12433,3500,123645,103,19233,422,1,33863,0.0010000000000047748
44556001,12590,2927,126712,1274,-3729,125691,123,19224,504,0,33864,0.0010009999999951447
44557000,9804,-6526,125351,10258,-10043,132266,95,19228,389,0,33865,0.0009990000000001942
44558000,7512,-6087,129428,10336,-4465,128496,99,19228,389,0,33866,0.0010000000000047748
44559000,7245,269,129632,-6343,-1142,128039,134,19227,405,1,33867,0.0009999999999976694
44560000,-428,5059,130955,3185,1957,133114,134,19225,549,1,33868,0.0009999999999976694
44561000,519,13623,129953,1976,10860,119885,113,19231,463,1,33869,0.0010000000000047748
44562000,4992,-418,128134,-3080,-6137,130709,102,19232,418,1,33870,0.0009999999999976694
44563000,9552,-8788,128049,11808,-11960,127670,151,19237,618,0,33871,0.0009999999999976694
44564000,7906,-1589,129463,9190,-7237,127764,104,19237,618,0,33872,0.0010000000000047748
44565000,2544,-5131,131443,-8323,-7583,134883,108,19227,426,0,33873,0.0009999999999976694
44566000,2204,9415,134694,-4466,5268,125899,108,19222,442,1,33874,0.0009999999999976694
44567000,-10043,-1545,131804,2357,-4538,135331,129,19227,528,1,33875,0.0010000000000047748
44568000,-5800,7675,131489,-15212,4010,118107,103,19233,422,1,33876,0.0009999999999976694
44569000,809,-11559,129550,-10621,-19374,137317,113,19218,463,0,33877,0.0009999999999976694
44570000,-237,2049,130034,8982,-54,126554,93,19218,463,0,33878,0.0010000000000047748
44571000,425,3274,128913,-5551,158,122680,107,19231,381,0,33879,0.0009999999999976694
44572000,-7752,-2710,132392,-19817,-6691,135480,107,19227,438,1,33880,0.0009999999999976694
44573000,-6012,7676,130884,-5453,4094,131557,137,19225,561,1,33881,0.0010000000000047748
44574000,-9785,3163,129444,-9238,768,130576,115,19230,471,1,33882,0.0009999999999976694
44575000,-4840,20573,130504,-12408,17796,115650,98,19230,401,1,33883,0.0009999999999976694
44576000,-2886,-463,125664,-9146,-4287,140993,156,19230,401,0,33884,0.0010000000000047748
44577000,128,-6835,126029,-2636,-3580,122734,111,19227,639,0,33885,0.0009999999999976694
44578000,-1106,584,127790,-4642,-3277,131388,111,19225,455,0,33886,0.0009999999999976694
44579000,-7140,3767,126439,-9649,10098,117077,112,19223,459,1,33887,0.0010000000000047748
44580000,-6244,14530,128885,-14472,9124,126264,132,19230,541,1,33888,0.0009999999999976694
44581000,-7371,-260,125976,-6933,-4322,142408,109,19242,446,1,33889,0.0009999999999976694
44582000,-1869,6653,125123,-3713,7003,102414,112,19242,446,0,33890,0.0010000000000047748
44583001,-288,7131,124912,-6406,-1187,129080,88,19223,459,0,33891,0.0010009999999951447
44584000,2171,1124,128151,7123,-9477,123440,88,19228,360,0,33892,0.0009990000000001942
44585000,3549,-1625,122832,-5427,-9115,131472,107,19232,438,0,33893,0.0010000000000047748
44586000,-4546,6297,127922,-6695,12318,125041,128,19224,524,1,33894,0.0009999999999976694
44587001,-600,21614,125979,-3898,19213,109455,113,19232,463,1,33895,0.00100100000000225
44588000,3565,6111,124827,6028,-1509,137949,97,19232,397,1,33896,0.0009990000000001942
44589000,8273,-4587,121206,4300,-1226,120787,127,19230,397,0,33897,0.0009999999999976694
44590000,10602,3166,123647,4293,-3682,126518,111,19232,520,0,33898,0.0009999999999976694
44591000,7079,5736,124341,10019,-3239,121174,111,19225,455,0,33899,0.0010000000000047748
44592000,6680,-2597,127357,1163,-6255,131461,111,19225,455,1,33900,0.0009999999999976694
44593000,856,-5403,130043,-3681,-3463,134298,127,19231,520,1,33901,0.0009999999999976694
44594000,3281,15971,128725,6821,12873,115053,108,19231,442,1,33902,0.0010000000000047748
44595000,5163,4444,125449,9326,-4745,131983,104,19232,442,1,33903,0.0009999999999976694
44596000,8020,1088,126501,-1114,7,119514,101,19222,426,0,33904,0.0009999999999976694
44597000,11449,-8102,125317,9662,-14686,137067,101,19229,414,0,33905,0.0010000000000047748
44598000,5350,-9239,128905,9210,-5339,128457,104,19230,426,0,33906,0.0009999999999976694
44599000,4856,15269,132385,-7912,9390,120541,117,19222,479,1,33907,0.0009999999999976694
44600002,35,9441,129136,2664,4544,134752,111,19222,455,1,33908,0.0010019999999997253
44601003,1032,2729,128570,4708,1719,124264,100,19230,455,1,33909,0.00100100000000225
44602002,6363,-8720,127067,-299,-13744,131215,137,19231,410,0,33910,0.0009990000000001942
44603000,7658,879,127601,5979,-2185,124673,137,19226,561,0,33911,0.0009979999999956135
44604000,6202,-4615,127960,10275,-10931,131261,105,19223,430,0,33912,0.0010000000000047748
44605000,1646,-7730,131825,-8344,-6154,134732,106,19225,434,0,33913,0.0009999999999976694
44606000,-3048,14189,130886,-15954,14832,117125,152,19228,623,1,33914,0.0009999999999976694
44607000,-6026,5785,133357,2191,2606,135058,109,19228,623,1,33915,0.0010000000000047748
44608002,-3734,1478,127919,-2800,-1444,126481,101,19230,446,1,33916,0.0010019999999997253
44609000,-222,-13907,125488,-17845,-20575,136527,101,19229,414,0,33917,0.0009979999999956135
44610000,-1458,2843,130657,39,595,119936,127,19228,520,0,33918,0.0010000000000047748
44611000,-680,6221,132428,1729,246,121960,117,19232,479,0,33919,0.0009999999999976694
44612000,-7054,6020,132939,-18657,-713,134545,123,19219,504,1,33920,0.0009999999999976694
44613000,-13415,2996,130918,-17941,-819,129376,112,19219,504,1,33921,0.0010000000000047748
44614000,-9453,5734,130960,-5497,3666,127921,104,19231,459,1,33922,0.0009999999999976694
44615000,-3828,9763,130232,-6170,5255,121536,104,19230,426,1,33923,0.0009999999999976694
44616000,-4340,-11313,127048,-12875,-17029,133727,125,19220,512,0,33924,0.0010000000000047748
44617000,-525,4703,127764,-3005,2430,124370,97,19232,397,0,33925,0.0009999999999976694
44618001,-2929,6650,126160,-10096,3889,122733,103,19229,422,0,33926,0.00100100000000225
44619000,-3576,10125,128593,-1647,6316,130715,142,19229,422,1,33927,0.0009990000000001942
44620000,-6193,5484,126747,-9033,2479,124231,116,19228,582,1,33928,0.0009999999999976694
44621000,-3888,5142,127529,-15559,2306,130658,116,19232,475,1,33929,0.0009999999999976694
44622000,2480,8495,126160,1644,3844,118153,102,19227,418,0,33930,0.0010000000000047748
44623000,2679,-2922,123284,2215,-5921,128501,118,19232,483,0,33931,0.0009999999999976694
44624000,665,-3392,125989,-4962,-1277,125899,106,19229,434,0,33932,0.0009999999999976694
44625003,-2584,350,125614,-7864,2816,127657,116,19229,434,0,33933,0.001003000000004306
44626000,-1630,14061,126917,-928,20914,118691,134,19223,475,1,33934,0.0009969999999981383
44627000,-1908,12928,126512,-2514,720,124264,134,19229,549,1,33935,0.0009999999999976694
44628000,2188,1118,124470,58,-1193,122267,101,19230,414,1,33936,0.0010000000000047748
44629000,8653,8543,123130,-5277,-5682,120873,111,19225,455,0,33937,0.0009999999999976694
44630001,14714,-3656,124250,9646,-6777,131050,100,19228,410,0,33938,0.00100100000000225
44631000,8579,-471,127046,11784,-3719,123211,114,19228,467,0,33939,0.0009990000000001942
44632000,3099,-3226,125317,-5920,-6742,129947,141,19228,467,1,33940,0.0009999999999976694
44633000,2368,6027,129231,895,10937,124066,114,19224,577,1,33941,0.0009999999999976694
44634000,3060,9691,126175,12842,2629,123262,114,19227,467,1,33942,0.0010000000000047748
44635003,11564,2636,124782,3355,6536,122231,98,19225,401,0,33943,0.0010029999999972006
44636003,9976,6535,129228,1949,-5916,125652,144,19231,590,0,33944,0.0009999999999976694
44637002,9571,-12845,125511,18680,-28722,132849,110,19231,451,0,33945,0.0009990000000001942
44638000,6232,2489,129950,903,-745,126601,112,19227,451,0,33946,0.000998000000002719
44639001,290,5657,131565,-8889,4246,130089,128,19221,459,1,33947,0.00100100000000225
44640000,4451,19755,130632,4005,26154,116747,128,19225,524,1,33948,0.0009990000000001942
44641000,3138,7916,129658,2594,-9933,131429,108,19231,442,1,33949,0.0009999999999976694
44642000,9489,-16485,127030,-677,-20662,136348,111,19220,455,0,33950,0.0009999999999976694
44643001,7742,-4252,128805,15070,125,121718,87,19220,356,0,33951,0.00100100000000225
44644002,7387,-4348,130310,8251,-12798,138535,105,19231,356,0,33952,0.00100100000000225
44645000,4026,3179,132453,-17481,5043,120395,127,19228,430,1,33953,0.0009979999999956135
44646000,-5862,16735,134915,-5135,801,131289,127,19223,520,1,33954,0.0010000000000047748
44647000,-7360,5419,130080,1871,4145,125855,113,19231,463,1,33955,0.0009999999999976694
44648000,-4436,-2203,129765,-18091,-9720,127869,96,19235,393,1,33956,0.0009999999999976694
44649000,800,-10605,129206,-3666,-12373,135275,141,19233,577,0,33957,0.0010000000000047748
44650000,6139,5920,129394,4440,4794,117872,104,19233,577,0,33958,0.0009999999999976694
44651000,-6042,6764,132152,-8013,2424,132060,112,19226,426,0,33959,0.0009999999999976694
44652000,-3982,5696,129671,-18423,6582,125846,112,19226,459,1,33960,0.0010000000000047748
44653000,-9965,3331,128810,-6606,5030,131850,138,19230,565,1,33961,0.0009999999999976694
44654004,-7112,6255,129578,-7563,5114,128421,109,19231,446,1,33962,0.0010040000000017812
44655000,-629,11185,129002,-10530,7706,121082,105,19219,430,0,33963,0.000996000000000663
44656000,-4042,-9919,125038,-5552,-13584,135193,133,19219,430,0,33964,0.0009999999999976694
44657000,-18,196,127684,-4528,-4111,125542,104,19235,545,0,33965,0.0009999999999976694
44658000,-472,4702,127008,-9931,1077,126083,104,19229,426,0,33966,0.0010000000000047748
44659000,-5025,14287,130182,-2485,12874,123858,122,19223,500,1,33967,0.0009999999999976694
44660000,-7558,13149,126831,-13348,7776,121876,115,19230,471,1,33968,0.0009999999999976694
44661000,-4837,4377,126549,-14106,2006,130033,100,19231,410,1,33969,0.0010000000000047748
44662000,2887,2435,125816,5107,-1619,120162,135,19231,410,0,33970,0.0009999999999976694
44663000,106,-7395,124694,1052,-11089,130485,114,19233,553,0,33971,0.0009999999999976694
44664000,-2454,9417,126238,-11915,10428,120228,114,19229,467,0,33972,0.0010000000000047748
44665000,722,2734,124204,-5408,-854,123472,114,19225,467,1,33973,0.0009999999999976694
44666000,-1543,8675,126633,4862,5395,131897,161,19230,659,1,33974,0.0009999999999976694
44667000,-642,14050,124250,-8146,10696,120004,110,19231,451,1,33975,0.0009999999999976694
44668002,5387,7380,125622,-281,4161,127805,97,19231,451,0,33976,0.0010020000000068308
44669000,10190,-2623,124813,10915,-6750,127174,89,19224,397,0,33977,0.0009979999999956135
44670000,8335,-7047,123471,5364,-11913,128419,89,19230,365,0,33978,0.0009999999999976694
44671000,6455,3459,127722,753,-803,123204,110,19227,451,0,33979,0.0010000000000047748
44672000,736,1776,126175,8158,1022,125626,120,19221,491,1,33980,0.0009999999999976694
44673000,1479,12876,128900,-4770,12072,123558,110,19230,451,1,33981,0.0009999999999976694
44674000,7165,1971,125176,1388,2914,126351,96,19230,451,1,33982,0.0010000000000047748
44675000,9153,-2504,127003,18454,3004,124304,121,19229,393,0,33983,0.0009999999999976694
44676000,8279,3986,127355,6727,-12540,125083,121,19226,496,0,33984,0.0009999999999976694
44677001,7232,-13069,127268,19812,-17933,138262,97,19227,397,0,33985,0.00100100000000225
44678000,2210,-3525,131636,-10045,-3291,130753,105,19228,430,0,33986,0.0009990000000001942
44679000,-847,6461,130156,-6465,9906,122241,143,19229,586,1,33987,0.0009999999999976694
44680000,631,16592,130950,14027,11552,124945,111,19229,455,1,33988,0.0010000000000047748
44681000,5221,681,127221,-7839,-10245,130284,100,19228,455,1,33989,0.0009999999999976694
44682000,9832,-10917,125885,-39,-11091,133116,134,19225,410,0,33990,0.0009999999999976694
44683000,10765,-4659,128395,18309,728,125475,134,19232,549,0,33991,0.0010000000000047748
44684000,3027,-546,128685,-1201,-8067,132408,105,19230,430,0,33992,0.0009999999999976694
44685000,-302,7196,130847,-24211,3940,126161,113,19226,463,1,33993,0.0009999999999976694
44686000,-3402,2936,132470,996,-4215,134695,119,19226,487,1,33994,0.0010000000000047748
44687000,-7386,8370,131820,3675,11412,128604,100,19229,487,1,33995,0.0009999999999976694
44688000,905,-1056,128607,-23746,-8513,123652,116,19232,410,1,33996,0.0009999999999976694
44689000,-1659,-8746,129542,1954,-14249,135848,116,19226,475,0,33997,0.0010000000000047748
44690000,3691,-124,128529,5321,-555,124756,97,19231,397,0,33998,0.0009999999999976694
44691000,-8579,3952,132081,-22391,-184,128539,111,19228,455,0,33999,0.0009999999999976694
44692000,-8439,4559,133451,-12680,-810,129471,143,19227,586,1,34000,0.0010000000000047748
44693001,-9136,5805,130663,-5919,-604,130775,116,19227,586,1,34001,0.0010009999999951447
44694000,-6520,7852,129892,-11390,7102,126699,101,19230,475,1,34002,0.0009990000000001942
44695000,-2631,6824,128703,-6754,1337,123488,101,19221,414,0,34003,0.0010000000000047748
44696000,-4039,-12483,124658,-8489,-14686,136986,165,19233,676,0,34004,0.0009999999999976694
44697000,-435,8686,127298,-5699,6093,121585,103,19229,422,0,34005,0.0009999999999976694
44698000,-6418,2491,126221,-12850,-1559,127912,109,19226,446,1,34006,0.0010000000000047748
44699000,-3168,11150,130040,-9765,13082,123879,127,19226,446,1,34007,0.0009999999999976694
44700000,-5832,9042,127004,-6122,132,127799,110,19227,520,1,34008,0.0009999999999976694
44701000,-2051,3323,125627,-2769,-596,125695,110,19231,451,1,34009,0.0010000000000047748
44702000,903,13463,125192,-9488,11003,115219,116,19224,475,0,34010,0.0009999999999976694
44703000,2788,-2975,125905,2472,-8019,133838,92,19229,377,0,34011,0.0009999999999976694
44704000,2365,698,125986,3451,-3409,122080,110,19229,451,0,34012,0.0010000000000047748
44705002,-3008,-1904,126029,-12020,-3846,130134,132,19229,451,1,34013,0.0010019999999997253
44706001,-886,20466,129795,-507,20265,118251,113,19224,541,1,34014,0.0009990000000001942
44707002,1167,12428,125808,588,6562,124436,113,19227,463,1,34015,0.0010009999999951447
44708000,5834,-2678,123771,3874,-5174,131290,98,19227,401,0,34016,0.000998000000002719
44709000,8671,2070,123145,4306,-2645,115617,129,19231,528,0,34017,0.0009999999999976694
44710000,7518,-13316,124317,5243,-18512,127875,111,19226,455,0,34018,0.0010000000000047748
44711000,7010,1645,127646,11777,-1567,128164,113,19226,455,0,34019,0.0009999999999976694
44712000,3245,189,126432,-5490,-2601,127958,132,19224,463,1,34020,0.0009999999999976694
44713000,3579,17878,130688,2777,16437,121266,132,19231,541,1,34021,0.0010000000000047748
44714000,7016,2709,124815,14538,-1603,133588,109,19232,446,1,34022,0.0009999999999976694
44715000,9434,-5683,124113,-1751,-8736,123581,107,19220,438,0,34023,0.0009999999999976694
44716000,10322,4310,128606,-709,643,126462,102,19233,418,0,34024,0.0010000000000047748
44717000,10250,-11159,125658,22303,-15467,129951,105,19233,418,0,34025,0.0009999999999976694
44718000,4018,-1683,129782,2252,3353,130852,119,19228,430,1,34026,0.0009999999999976694
44719002,-1720,1028,130764,-16721,1458,134860,119,19227,487,1,34027,0.0010019999999997253
44720000,2442,7191,129349,11880,16931,117049,113,19229,463,1,34028,0.000998000000002719
44721000,1965,9394,129817,8225,-3872,128550,101,19228,414,1,34029,0.0009999999999976694
44722000,7345,-15410,127046,-15579,-18785,136104,141,19222,577,0,34030,0.0010000000000047748
44723000,10794,-9782,129064,25405,-12642,127749,101,19222,414,0,34031,0.0009999999999976694
44724000,3580,-1818,130104,-17991,-7338,133802,106,19231,414,0,34032,0.0009999999999976694
44725002,346,13570,133243,-14526,15196,117327,145,19225,434,1,34033,0.0010019999999997253
44726000,-4804,9516,133189,9484,-1780,139166,145,19232,594,1,34034,0.000998000000002719
44727000,-5036,-9629,128781,-1024,-3696,130057,109,19231,446,1,34035,0.0009999999999976694
44728000,-5637,-7082,126916,-21544,-13488,127178,102,19227,418,0,34036,0.0009999999999976694
44729000,2876,-1079,129357,3597,2751,127926,109,19227,446,0,34037,0.0010000000000047748
44730000,-254,343,130018,8484,-1180,125522,112,19230,446,0,34038,0.0009999999999976694
44731000,-2875,2033,130260,-21595,-1450,131749,125,19226,459,0,34039,0.0009999999999976694
44732000,-9280,5243,130538,-17813,6058,127802,125,19220,512,1,34040,0.0010000000000047748
44733000,-7519,6023,129232,-5221,2389,127257,109,19231,446,1,34041,0.0009999999999976694
44734000,-2310,16697,130085,-2480,20168,122285,101,19231,414,1,34042,0.0009999999999976694
44735000,-2154,-2543,125804,-13151,-11245,125384,128,19231,524,0,34043,0.0010000000000047748
44736000,-1759,-8011,127458,-6011,-8094,134631,101,19219,524,0,34044,0.0009999999999976694
44737000,-1293,674,126617,-2617,2057,122111,107,19230,414,0,34045,0.0009999999999976694
44738000,-4866,8349,128719,-9157,7944,122272,107,19225,438,1,34046,0.0010000000000047748
44739000,-9330,13934,129641,-11655,6500,124834,146,19228,598,1,34047,0.0009999999999976694
44740000,-8528,134,126010,-11740,-6978,130234,117,19230,479,1,34048,0.0009999999999976694
44741001,781,9651,128409,-1253,11785,119751,102,19224,418,1,34049,0.00100100000000225
44742000,254,3444,125676,3333,-4801,122174,117,19224,418,0,34050,0.0009990000000001942
44743000,2857,-3884,124197,-5635,-8148,126563,114,19233,479,0,34051,0.0009999999999976694
44744000,-1162,2719,125572,-9184,700,129173,114,19225,467,0,34052,0.0010000000000047748
44745000,-811,10744,125820,1168,11806,126016,116,19221,475,1,34053,0.0009999999999976694
44746003,-1010,27398,126191,-4079,28088,112594,122,19232,500,1,34054,0.0010029999999972006
44747001,2808,-2020,125051,-214,-5057,135362,101,19236,414,1,34055,0.000998000000002719
44748000,9229,-2784,121636,8950,-3893,124199,116,19236,414,0,34056,0.0009990000000001942
44749002,9582,7947,124400,-1840,3330,121085,100,19226,475,0,34057,0.0010019999999997253
44750000,7396,2108,127143,20284,-1281,123031,100,19228,410,0,34058,0.000998000000002719
44751000,5181,-2824,126649,-3507,-8882,131818,113,19226,463,0,34059,0.0009999999999976694
44752002,438,-5086,127690,-3666,-4812,129741,141,19227,577,1,34060,0.0010019999999997253
44753000,5575,25641,132360,9619,22541,115802,111,19228,455,1,34061,0.000998000000002719
44754000,6340,4434,124481,6862,-1986,129531,96,19228,455,1,34062,0.0009999999999976694
44755001,11495,8403,128265,-698,6264,118549,147,19223,393,0,34063,0.00100100000000225
44756000,12136,-14945,125901,11263,-21124,136533,147,19232,602,0,34064,0.0009990000000001942
44757001,4480,-8554,127697,18840,-11622,124744,109,19229,446,0,34065,0.0010009999999951447
44758001,1858,10465,130568,-14319,6258,124437,108,19226,442,1,34066,0.0010000000000047748
44759000,-739,6124,130468,-4030,4249,127386,119,19228,487,1,34067,0.0009990000000001942
44760000,42,12487,131172,13287,8145,130526,106,19228,487,1,34068,0.0009999999999976694
44761000,3078,-2317,127013,-9216,-5705,121364,110,19232,434,1,34069,0.0009999999999976694
44762000,10718,-5578,126796,1947,-9200,130785,110,19221,451,0,34070,0.0010000000000047748
44763000,10072,-7025,130510,23916,-9643,135316,100,19226,410,0,34071,0.0009999999999976694
44764001,1937,-6275,128520,-5704,-10495,125688,110,19230,451,0,34072,0.00100100000000225
44765000,370,15202,136362,-27973,12303,127548,133,19224,545,1,34073,0.0009990000000001942
44766000,-9475,8192,129785,12524,729,124127,113,19224,463,1,34074,0.0009999999999976694
44767000,-4770,1114,129352,-6779,-10054,137386,98,19228,463,1,34075,0.0009999999999976694
44768000,-1499,-15318,127726,-20405,-16317,134531,145,19226,401,0,34076,0.0010000000000047748
44769000,4134,-1595,130712,7580,10435,118784,145,19232,594,0,34077,0.0009999999999976694
44770000,-1501,15996,131943,-6617,360,127391,105,19227,430,0,34078,0.0009999999999976694
44771000,-6979,-2958,131192,-10865,-15764,136043,112,19225,459,1,34079,0.0010000000000047748
44772000,-8490,-2191,130362,-16500,1061,131531,133,19225,545,1,34080,0.0009999999999976694
44773000,-13704,10887,131838,-10263,11750,122452,111,19228,545,1,34081,0.0009999999999976694
44774000,-1002,18547,131309,-7704,11052,123364,106,19233,455,1,34082,0.0010000000000047748
44775000,-3287,-4955,125027,-5565,-16179,132198,106,19222,434,0,34083,0.0009999999999976694
44776000,-5104,-12207,124948,-10198,-6348,130532,122,19227,500,0,34084,0.0009999999999976694
44777000,1876,2861,128227,-3869,410,124727,105,19228,430,0,34085,0.0010000000000047748
44778000,-7234,11510,128275,-2048,15010,120434,121,19228,496,1,34086,0.0009999999999976694
44779006,-6851,19466,129990,-17306,7153,127582,118,19224,496,1,34087,0.0010059999999967317
44780005,-8449,-3275,125378,-7528,-6282,130217,102,19232,483,1,34088,0.0009990000000001942
44781001,2954,-431,126270,-769,10599,128470,102,19232,418,0,34089,0.000996000000000663
44782000,1527,-2395,123416,-1072,-5036,117090,136,19236,557,0,34090,0.0009990000000001942
44783000,2614,6686,124896,618,-2124,127399,104,19228,426,0,34091,0.0010000000000047748
44784000,1163,1865,125293,-8460,-396,129786,110,19229,451,0,34092,0.0009999999999976694
44785000,-3192,8850,126638,-627,9193,118472,159,19229,451,1,34093,0.0009999999999976694
44786000,-1550,12685,127259,-2980,9079,125999,109,19230,651,1,34094,0.0010000000000047748
44787000,1729,10324,124913,-3507,615,120551,109,19230,446,1,34095,0.0009999999999976694
44788000,9946,4527,125002,9763,-3305,129918,99,19223,405,0,34096,0.0009999999999976694
44789000,8902,-6015,122507,5209,-8272,123821,88,19230,360,0,34097,0.0010000000000047748
44790000,8598,3837,126910,6651,8205,124891,113,19228,463,0,34098,0.0009999999999976694
44791000,5943,-3180,124820,4674,-6255,130222,124,19228,463,1,34099,0.0009999999999976694
44792000,995,3561,126614,-1369,5697,123594,112,19221,508,1,34100,0.0009999999999976694
44793000,2662,10294,129140,-2672,7419,133807,112,19229,459,1,34101,0.0010000000000047748
44794000,11104,2765,123142,11926,487,115716,100,19232,410,1,34102,0.0009999999999976694
44795001,11837,1391,127838,9477,-2709,128765,124,19228,508,0,34103,0.00100100000000225
44796002,12237,-10642,125436,4823,-15482,135472,99,19228,405,0,34104,0.00100100000000225
44797002,6420,-5389,126113,10480,-8385,125391,105,19228,405,0,34105,0.0009999999999976694
44798000,1641,13905,132301,-4330,11138,128811,144,19226,430,1,34106,0.0009979999999956135
44799000,2233,11575,129969,-3672,9718,122647,144,19232,590,1,34107,0.0010000000000047748
44800000,2861,6,130443,13640,-1525,131669,112,19232,459,1,34108,0.0009999999999976694
44801000,3855,-281,129416,-4086,-6127,131854,102,19222,418,0,34109,0.0009999999999976694
44802000,7236,-13804,124467,1780,-18036,130532,127,19235,520,0,34110,0.0010000000000047748
44803000,6524,2732,133150,14213,-1246,121312,106,19235,520,0,34111,0.0009999999999976694
44804000,3091,-5747,129911,-12197,-9268,132460,113,19228,434,0,34112,0.0009999999999976694
44805001,-283,8409,135702,-8099,3851,132201,113,19222,463,1,34113,0.00100100000000225
44806000,-8383,5316,132497,1738,3434,125304,121,19229,496,1,34114,0.0009990000000001942
44807000,-5596,-1651,130270,-9808,-5274,134389,99,19232,405,1,34115,0.0009999999999976694
44808000,782,-5560,129488,-11316,-9453,133628,119,19224,487,0,34116,0.0010000000000047748
44809000,-60,-7320,128034,4750,-11875,130544,98,19224,487,0,34117,0.0009999999999976694
44810000,-204,9905,129106,-1712,5445,116493,110,19230,401,0,34118,0.0009999999999976694
44811000,-8156,6771,129858,-18556,4180,133132,110,19224,451,1,34119,0.0010000000000047748
44812000,-5040,-1191,131170,-9995,-3702,133310,147,19227,602,1,34120,0.0009999999999976694
44813000,-9541,3999,129757,-6216,5896,127678,118,19226,483,1,34121,0.0009999999999976694
44814000,-5336,6200,130387,-11408,9662,121544,100,19227,410,1,34122,0.0010000000000047748
44815000,-4122,887,127155,-9470,-7582,125675,167,19227,684,0,34123,0.0009999999999976694
44816003,-2785,-9239,124876,-7314,-8708,144633,105,19232,684,0,34124,0.0010029999999972006
44817002,-1450,-267,126995,-12828,-4458,115276,109,19230,430,0,34125,0.0009990000000001942
44818000,-6877,16365,128078,-11575,13921,115415,109,19219,446,1,34126,0.000998000000002719
44819000,-4968,19671,131554,-6287,7404,132096,129,19228,528,1,34127,0.0009999999999976694
44820000,-8051,-5748,125404,-3535,-11249,129927,112,19230,459,1,34128,0.0010000000000047748
44821000,498,-1552,124129,-11664,10306,124254,115,19230,471,0,34129,0.0009999999999976694
44822000,-3750,5438,124482,-1902,2532,118816,93,19220,471,0,34130,0.0009999999999976694
44823000,3796,-1279,123256,9550,1217,127521,110,19230,381,0,34131,0.0010000000000047748
44824000,2195,-4303,127102,-7147,-10217,134843,110,19226,451,0,34132,0.0009999999999976694
44825000,-4405,2842,124893,-4773,10973,119931,134,19222,549,1,34133,0.0009999999999976694
44826000,-256,25501,129526,-3406,18272,116037,118,19227,483,1,34134,0.0010000000000047748
44827000,2791,4540,124326,1090,-8098,125459,98,19227,401,1,34135,0.0009999999999976694
44828000,10459,1901,122489,14561,1619,130737,127,19230,401,0,34136,0.0009999999999976694
44829000,6320,-3141,122708,681,-9967,117782,111,19233,520,0,34137,0.0010000000000047748
44830000,10062,5180,126692,2521,415,124335,111,19226,455,0,34138,0.0009999999999976694
44831000,4937,-2663,127419,9570,-7341,133010,117,19223,479,1,34139,0.0009999999999976694
44832000,2293,5701,127630,-4035,8171,119320,131,19229,537,1,34140,0.0010000000000047748
44833000,4582,12838,128767,4933,5228,127809,109,19232,446,1,34141,0.0009999999999976694
44834000,3783,-332,124114,8678,-5602,123362,107,19232,446,1,34142,0.0009999999999976694
44835000,16101,-1016,126903,5416,-1964,125547,100,19220,438,0,34143,0.0010000000000047748
44836000,7140,-12210,127861,12637,-17132,131649,100,19228,410,0,34144,0.0009999999999976694
44837000,7978,-4403,127170,1099,-4527,128848,105,19228,430,0,34145,0.0009999999999976694
44838001,39,11689,131296,-5319,13650,124955,122,19225,500,1,34146,0.00100100000000225
44839000,637,12261,129045,2330,5067,129109,112,19229,459,1,34147,0.0009990000000001942
44840000,4727,5154,126859,9806,2847,125027,99,19229,459,1,34148,0.0009999999999976694
44841000,3127,-4787,128350,-6432,-6635,129285,141,19230,405,0,34149,0.0010000000000047748
44842000,15822,-12086,128511,8448,-13528,132998,141,19227,577,0,34150,0.0009999999999976694
44843000,2965,-1435,128842,21933,-7215,129751,105,19226,430,0,34151,0.0009999999999976694
44844000,1363,-1145,131157,-22998,-3938,127005,107,19225,438,0,34152,0.0010000000000047748
44845000,-4707,15381,133650,-12906,12273,124776,154,19229,631,1,34153,0.0009999999999976694
44846000,-6695,4607,133025,6988,-124,132614,109,19229,631,1,34154,0.0009999999999976694
44847004,-3630,2265,128700,-9543,-728,126912,101,19233,446,1,34155,0.0010040000000017812
44848000,-280,-11285,128039,-15849,-14525,131370,101,19228,414,0,34156,0.000996000000000663
44849000,3559,3826,129473,8823,-945,123894,122,19229,500,0,34157,0.0009999999999976694
44850000,-1142,7380,132496,-3246,3638,130624,113,19228,463,0,34158,0.0010000000000047748
44851000,-9198,1663,131753,-18713,-2144,129150,121,19220,496,1,34159,0.0009999999999976694
44852000,-10287,13392,132422,-13889,11457,126199,111,19220,496,1,34160,0.0009999999999976694
44853000,-10784,9994,129206,-12250,8844,126444,101,19230,455,1,34161,0.0009999999999976694
44854000,-579,3875,131380,-2144,748,130705,101,19231,414,1,34162,0.0010000000000047748
44855003,-4206,-3750,124734,-9197,-7875,121257,132,19218,541,0,34163,0.0010029999999972006
44856000,-727,8033,126735,-8979,6275,124807,103,19230,422,0,34164,0.0009969999999981383
44857000,909,1716,127623,-5834,-1695,130543,105,19229,430,0,34165,0.0010000000000047748
44858000,-6583,7368,128450,-2275,2834,124092,143,19229,586,1,34166,0.0009999999999976694
44859000,-5801,14664,126504,-17022,10796,126857,117,19231,586,1,34167,0.0009999999999976694
44860000,-4900,8302,128126,-8330,2799,123236,104,19236,479,1,34168,0.0010000000000047748
44861000,4099,2736,125054,3712,-6403,131692,104,19227,426,0,34169,0.0009999999999976694
44862003,-52,-2723,125006,-2458,-9650,125552,112,19231,459,0,34170,0.001003000000004306
44863000,-322,-6670,124223,-4803,3636,124945,110,19228,451,0,34171,0.0009969999999981383
44864000,-1617,15950,128376,-3151,6745,124042,116,19228,475,1,34172,0.0009999999999976694
44865000,-2662,11238,125351,-1863,4574,127411,131,19220,475,1,34173,0.0009999999999976694
44866000,-1929,4934,126213,4038,3354,128461,99,19227,537,1,34174,0.0010000000000047748
44867001,2415,8128,123816,-3142,4751,116843,99,19233,405,1,34175,0.0010009999999951447
44868000,11529,7165,124410,7219,2477,124295,119,19229,487,0,34176,0.0009990000000001942
44869000,12817,-3121,124185,13050,-10460,129443,105,19230,430,0,34177,0.0010000000000047748
44870001,6149,-13344,124402,-1617,-16772,130777,112,19230,459,0,34178,0.0010009999999951447
44871000,1851,7666,128246,3431,3154,120414,140,19226,459,1,34179,0.0009990000000001942
44872000,1025,15255,128897,6409,10703,124320,112,19229,573,1,34180,0.0010000000000047748
44873000,8112,8542,127528,4968,5712,129691,112,19228,459,1,34181,0.0009999999999976694
44874000,8475,1798,123981,2928,-3519,121612,98,19226,401,0,34182,0.0009999999999976694
44875000,12537,-1455,126173,3619,2626,127737,149,19229,610,0,34183,0.0010000000000047748
44876000,9355,-6704,126974,19127,-16518,127461,111,19229,455,0,34184,0.0009999999999976694
44877002,3028,-17483,126754,-2222,-16770,139819,109,19229,455,0,34185,0.0010019999999997253
44878000,760,8378,132024,-7027,10321,122519,117,19222,446,1,34186,0.000998000000002719
44879000,1900,23102,131483,4430,10436,123197,117,19228,479,1,34187,0.0009999999999976694
44880000,2697,6746,129965,2685,-2061,127273,107,19231,438,1,34188,0.0009999999999976694
44881000,7550,-3765,128822,-5925,-12607,128898,115,19217,471,0,34189,0.0010000000000047748
44882002,9948,-20583,128230,17028,-17843,135618,89,19232,365,0,34190,0.0010019999999997253
44883000,3988,841,129684,16962,-1628,124113,103,19232,365,0,34191,0.0009979999999956135
44884000,728,2401,130503,-36312,2631,129603,127,19228,422,1,34192,0.0010000000000047748
44885000,-1588,20650,135618,812,17413,121350,127,19220,520,1,34193,0.0009999999999976694
44886002,-5861,-1915,129306,13751,-6214,134933,112,19230,459,1,34194,0.0010019999999997253
44887000,-3561,-9355,127846,-29719,-9139,130668,97,19230,397,1,34195,0.000998000000002719
44888000,3090,-10621,129266,-4448,-15147,128958,146,19230,598,0,34196,0.0009999999999976694
44889000,4146,5215,131169,12889,716,131789,108,19230,598,0,34197,0.0009999999999976694
44890000,-2278,5057,130307,-13168,2017,125392,113,19227,442,0,34198,0.0010000000000047748
44891000,-12209,5329,132317,-21402,2290,130281,113,19223,463,1,34199,0.0009999999999976694
44892000,-6840,4496,128342,-7277,4489,134140,134,19228,549,1,34200,0.0009999999999976694
44893000,-9554,14367,129673,-2304,11515,118402,109,19234,446,1,34201,0.0010000000000047748
44894000,-182,4664,131096,-15220,1316,131885,107,19223,438,0,34202,0.0009999999999976694
44895000,-2473,-7661,123646,-5798,-10234,129392,132,19223,438,0,34203,0.0009999999999976694
44896000,-2378,-6816,127422,-5804,-9650,132821,103,19231,541,0,34204,0.0010000000000047748
44897000,1285,10560,128125,-11525,7008,117621,103,19228,422,0,34205,0.0009999999999976694
44898000,-9321,9203,127695,-587,4807,125935,122,19226,500,1,34206,0.0009999999999976694
44899000,-5834,11924,130477,-20683,8839,131923,114,19228,467,1,34207,0.0010000000000047748
44900000,-1810,3758,123832,-6416,1286,118523,101,19229,414,1,34208,0.0009999999999976694
44901000,2186,2281,127130,8587,-310,127934,138,19229,565,0,34209,0.0009999999999976694
44902000,391,-1457,123880,-3442,-3754,122406,108,19232,565,0,34210,0.0010000000000047748
44903000,774,-5264,122733,-9920,-9882,133274,110,19226,442,0,34211,0.0009999999999976694
44904000,984,11933,129819,-546,9178,114828,110,19226,451,1,34212,0.0009999999999976694
44905000,-4021,16556,125016,1668,13848,122491,156,19230,639,1,34213,0.0010000000000047748
44906000,713,8247,127564,-7138,5862,127750,109,19236,446,1,34214,0.0009999999999976694
44907000,5590,-4016,123066,44,2998,127339,100,19236,410,0,34215,0.0009999999999976694
44908000,10388,566,126168,13511,4453,120357,98,19224,410,0,34216,0.0010000000000047748
44909000,6664,124,125757,3410,-10042,124542,117,19226,401,0,34217,0.0009999999999976694
44910001,3932,-9771,124810,-2089,-9366,139071,117,19227,479,0,34218,0.00100100000000225
44911000,1567,-1508,127337,4398,5201,114936,126,19222,516,1,34219,0.0009990000000001942
44912000,3298,17211,128002,-5034,12856,119945,113,19227,463,1,34220,0.0009999999999976694
44913000,6792,14190,128483,13779,1068,127486,102,19227,418,1,34221,0.0009999999999976694
44914000,12552,-3074,124060,1254,-10029,122555,125,19230,418,0,34222,0.0010000000000047748
44915000,10192,-5270,127369,8391,-8468,134868,96,19224,512,0,34223,0.0009999999999976694
44916000,6466,-6616,127160,10721,533,125966,96,19231,393,0,34224,0.0009999999999976694
44917000,4609,-6654,126230,-3805,-2456,132604,99,19228,405,1,34225,0.0009999999999976694
44918000,-1410,6655,130816,-1332,7336,126060,143,19227,586,1,34226,0.0010000000000047748
44919000,1668,11019,126985,2992,6456,125228,115,19228,471,1,34227,0.0009999999999976694
44920000,4635,4450,129217,3404,2871,124164,101,19228,471,1,34228,0.0009999999999976694
44921000,10269,-7907,127648,2367,-9583,127322,135,19220,414,0,34229,0.0010000000000047748
44922000,11941,-8437,129140,14989,-4647,139247,135,19232,553,0,34230,0.0009999999999976694
44923000,-584,-6819,128095,31,-9638,122858,105,19230,430,0,34231,0.0009999999999976694
44924000,605,7520,131361,-24737,6208,127833,111,19224,455,1,34232,0.0010000000000047748
44925000,-7769,3083,134357,9723,-1199,135144,121,19231,496,1,34233,0.0009999999999976694
44926000,-6771,-3057,129347,-1414,-2767,123035,103,19231,496,1,34234,0.0009999999999976694
44927000,966,954,132118,-22975,-11116,135731,116,19230,422,0,34235,0.0010000000000047748
44928000,-3965,-3877,127713,7060,-6250,123867,116,19227,475,0,34236,0.0009999999999976694
44929000,3658,3803,131588,854,3394,126831,98,19232,401,0,34237,0.0009999999999976694
44930000,-9591,-6446,131021,-18164,-8900,134982,109,19225,446,0,34238,0.0010000000000047748
44931000,-7307,4318,131803,-11274,462,130478,145,19229,594,1,34239,0.0009999999999976694
44932000,-10056,11134,130000,-9838,9240,126266,119,19229,594,1,34240,0.0009999999999976694
44933000,-2132,9398,129427,-11936,6104,122162,100,19233,487,1,34241,0.0010000000000047748
44934000,125,3555,129034,3911,-3601,132225,100,19222,410,0,34242,0.0009999999999976694
44935000,-5804,-7031,123044,-14422,-8253,123243,161,19230,659,0,34243,0.0009999999999976694
44936002,1191,6429,130184,-7765,3540,130215,113,19228,463,0,34244,0.0010019999999997253
44937002,-10164,1023,125077,-1767,-2533,125416,114,19222,467,1,34245,0.0010000000000047748
44938002,-2191,14637,129064,-19166,12326,120130,128,19222,467,1,34246,0.0009999999999976694
44939002,-9510,1589,129802,-5230,-2811,136492,111,19228,524,1,34247,0.0009999999999976694
44940000,-990,6637,123415,-5502,5108,115708,111,19235,455,1,34248,0.000998000000002719
44941001,3453,14370,127309,-5755,11597,121667,115,19223,471,0,34249,0.00100100000000225
44942000,756,-2558,123951,5014,-6787,124907,91,19230,373,0,34250,0.0009990000000001942
44943000,6280,-5572,124532,-1188,-11319,131187,107,19228,438,0,34251,0.0009999999999976694
44944001,-7497,7500,127666,-8338,5521,126554,132,19228,438,1,34252,0.00100100000000225
44945000,1198,18588,129115,-9051,15261,116069,114,19224,541,1,34253,0.0009990000000001942
44946000,1718,18968,127788,14834,16032,123707,114,19231,467,1,34254,0.0009999999999976694
44947003,5756,-3496,120172,-2693,-6317,127926,98,19227,401,0,34255,0.0010029999999972006
44948014,10192,-3187,123712,-1269,-7505,123805,127,19233,520,0,34256,0.0010110000000054242
44949000,5470,5406,125267,21039,2269,116499,109,19229,446,0,34257,0.0009859999999974889
44950000,8789,-173,125285,-618,-3707,138830,113,19229,463,0,34258,0.0009999999999976694
44951000,935,-9600,127916,-5895,-12598,123897,132,19226,463,1,34259,0.0010000000000047748
44952000,8631,13754,129565,6990,12106,125814,110,19229,541,1,34260,0.0009999999999976694
44953000,4217,12278,125723,13215,11140,123363,110,19231,451,1,34261,0.0009999999999976694
44954000,8570,5240,127205,-1724,-7184,128821,108,19219,442,0,34262,0.0010000000000047748
44955000,12318,-4477,128261,1231,-16107,131772,87,19232,356,0,34263,0.0009999999999976694
44956000,4825,-3376,126902,25739,-7458,122710,107,19232,438,0,34264,0.0009999999999976694
44957000,5223,-3682,132336,-4168,-3930,134521,122,19230,438,1,34265,0.0010000000000047748
44958000,-1084,16290,130553,-4134,6012,125598,114,19224,500,1,34266,0.0009999999999976694
44959000,3005,9981,129836,10425,-2351,131469,114,19231,467,1,34267,0.0009999999999976694
44960000,2972,715,128014,-33,65,123829,101,19234,414,1,34268,0.0010000000000047748
44961000,6937,-5321,128724,-5066,-18249,129290,142,19226,582,0,34269,0.0009999999999976694
44962000,10790,-15242,129038,25390,-9577,136830,102,19226,418,0,34270,0.0009999999999976694
44963001,1470,-4908,128846,-16173,-4331,128403,103,19230,418,0,34271,0.00100100000000225
44964000,2513,9710,132151,-15089,13852,121522,149,19225,422,1,34272,0.0009990000000001942
44965000,-6131,11718,132505,11762,-3208,131470,149,19227,610,1,34273,0.0009999999999976694
44966000,-4989,-8386,129672,-4223,-10329,135848,111,19231,455,1,34274,0.0010000000000047748
44967000,-3273,-7437,128516,-20971,-7254,136150,103,19220,422,0,34275,0.0009999999999976694
44968000,-484,2548,128589,4030,5147,121340,113,19227,463,0,34276,0.0009999999999976694
44969000,1188,175,129566,5067,3008,127716,116,19227,463,0,34277,0.0010000000000047748
44970000,-5677,9352,131797,-21833,876,123961,128,19228,475,0,34278,0.0009999999999976694
44971000,-7777,-5743,129580,-12627,-10298,140834,128,19221,524,1,34279,0.0009999999999976694
44972000,-6269,11260,131836,-3909,10415,121660,116,19228,475,1,34280,0.0010000000000047748
44973001,-5125,15004,130665,-11144,8807,122457,104,19229,426,1,34281,0.0010009999999951447
44974000,-1900,-3309,127911,-8950,-7762,131389,132,19223,541,0,34282,0.0009990000000001942
44975004,-4977,-5369,125840,-5546,-11217,129337,98,19223,541,0,34283,0.0010040000000017812
44976000,-785,-728,127090,-5116,641,128625,101,19231,401,0,34284,0.000996000000000663
44977000,-3684,14792,129472,-6131,13695,112901,101,19225,414,1,34285,0.0009999999999976694
44978000,-10407,6538,129180,-11250,1434,131026,145,19228,594,1,34286,0.0009999999999976694
44979000,-5807,4255,127268,-13936,4871,134310,117,19230,479,1,34287,0.0010000000000047748
44980000,-530,2382,124926,-1284,2655,122425,102,19226,418,0,34288,0.0009999999999976694
44981000,840,7010,125574,2076,8732,123284,111,19226,418,0,34289,0.0009999999999976694
44982001,5402,-1537,122464,-7239,-7758,122570,107,19229,455,0,34290,0.00100100000000225
44983000,808,-8898,125440,-4437,-9864,138176,107,19228,438,0,34291,0.0009990000000001942
44984000,481,11909,126463,-832,11093,119202,115,19220,471,1,34292,0.0009999999999976694
44985000,-3977,19104,126141,-1743,17177,119067,124,19229,508,1,34293,0.0010000000000047748
44986000,536,10139,125260,1115,5542,127546,100,19232,410,1,34294,0.0009999999999976694
44987000,10194,-2207,121184,-2936,-6174,123726,116,19232,410,0,34295,0.0009999999999976694
44988000,8871,9789,127355,15744,6274,126250,103,19232,475,0,34296,0.0010000000000047748
44989000,10067,-1617,124264,11225,-4993,120599,103,19228,422,0,34297,0.0009999999999976694
44990000,2419,-5723,128588,-7054,-10144,130596,112,19225,459,1,34298,0.0009999999999976694
44991000,4067,5078,129633,1997,3025,128377,142,19230,582,1,34299,0.0010000000000047748
44992000,2450,11101,126745,8443,7738,122905,110,19232,451,1,34300,0.0009999999999976694
44993000,3417,14406,128620,-215,12331,122251,97,19232,397,1,34301,0.0009999999999976694
44994000,13549,-295,124156,-346,-3766,121334,132,19225,397,0,34302,0.0010000000000047748
44995000,11710,-12639,127398,16521,-15606,137982,107,19230,541,0,34303,0.0009999999999976694
44996003,6995,42,127866,12270,-3395,122351,107,19229,438,0,34304,0.0010029999999972006
44997000,3255,4767,129656,-11146,802,128128,108,19221,442,1,34305,0.0009970000000052437
44998000,-467,12663,132726,2483,8983,126104,117,19230,479,1,34306,0.0009999999999976694
44999000,1135,5853,129742,6091,3188,130931,105,19230,430,1,34307,0.0009999999999976694
45000000,6205,2613,126953,-5966,-1739,119671,117,19231,430,0,34308,0.0010000000000047748
45001000,10977,-5692,129695,5661,-14252,134462,93,19216,479,0,34309,0.0009999999999976694
45002002,10371,-9340,128688,20354,-9472,132198,93,19236,381,0,34310,0.0010019999999997253
45003002,-548,1629,130717,-1899,1639,125635,104,19225,426,0,34311,0.0009999999999976694
45004000,887,9462,133250,-32760,7256,127844,127,19228,520,1,34312,0.000998000000002719
45005000,-10711,11931,134086,22584,232,122239,110,19228,451,1,34313,0.0009999999999976694
45006000,-1836,-487,129243,-20910,-12315,135269,96,19231,451,1,34314,0.0010000000000047748
45007002,-3002,-16300,129773,-16349,-15262,137093,153,19227,393,0,34315,0.0010019999999997253
45008000,3562,-818,130293,10603,5020,122316,153,19233,627,0,34316,0.0009979999999956135
45009000,1215,2438,130537,-2921,1994,132654,111,19229,455,0,34317,0.0010000000000047748
45010000,-8466,1381,131789,-20838,3322,125545,113,19223,463,1,34318,0.0009999999999976694
45011000,-10567,-2097,128614,-15581,-5027,139378,131,19228,537,1,34319,0.0009999999999976694
45012000,-10603,3620,128250,-2411,13517,119152,107,19228,537,1,34320,0.0010000000000047748
45013000,-2680,20052,131884,-9634,11606,121318,109,19230,438,1,34321,0.0009999999999976694
45014000,-4331,-7567,125116,-4251,-8384,132949,109,19220,446,0,34322,0.0009999999999976694
45015000,-3593,-13038,125229,-8607,-11692,128973,122,19230,500,0,34323,0.0010000000000047748
45016000,396,-2432,127356,-5916,2783,133097,106,19229,434,0,34324,0.0009999999999976694
45017001,-6383,17806,127743,-853,14364,109693,121,19224,496,1,34325,0.00100100000000225
45018002,-9025,11507,128702,-16928,1337,129918,114,19224,496,1,34326,0.0010009999999951447
45019000,-7322,-444,128572,-10956,-2362,130131,101,19229,467,1,34327,0.000998000000002719
45020001,2377,4085,125841,4763,1316,120970,101,19230,414,0,34328,0.00100100000000225
45021000,-2465,2509,126354,-822,-857,129672,144,19233,590,0,34329,0.0009990000000001942
45022000,-662,-89,122927,-9158,-2745,118417,117,19225,479,0,34330,0.0009999999999976694
45023000,992,935,125897,-3700,4134,130997,114,19224,467,0,34331,0.0009999999999976694
45024000,-1932,7797,126985,1208,5528,121331,157,19224,467,1,34332,0.0010000000000047748
45025000,-229,7317,124910,-5725,4356,120060,107,19228,643,1,34333,0.0009999999999976694
45026000,1373,7360,125157,2248,4135,127032,107,19234,438,1,34334,0.0009999999999976694
45027000,9320,764,122065,7036,-3173,120319,102,19222,418,0,34335,0.0010000000000047748
45028000,11642,146,126919,13340,-5882,137553,82,19230,336,0,34336,0.0009999999999976694
45029000,4589,-5387,122107,-157,-7165,116766,113,19226,463,0,34337,0.0009999999999976694
45030000,5715,2767,128455,1574,368,128053,124,19226,463,1,34338,0.0010000000000047748
45031002,166,5931,126312,4941,5080,126186,112,19220,508,1,34339,0.0010019999999997253
45032000,4649,7427,125394,513,2366,124142,112,19231,459,1,34340,0.0009979999999956135
45033000,4891,2892,125380,8492,2193,126115,99,19228,405,1,34341,0.0010000000000047748
45034000,15680,2751,125694,1566,-2042,114609,129,19228,528,0,34342,0.0009999999999976694
45035000,12464,-11425,126653,22491,-16487,140633,101,19232,414,0,34343,0.0009999999999976694
45036003,2269,-9785,127381,4297,-12181,129222,103,19232,422,0,34344,0.001003000000004306
45037002,4514,2730,131539,-15029,-1027,131805,141,19228,422,1,34345,0.0009990000000001942
45038000,-3646,23391,132099,12191,18931,119408,141,19228,577,1,34346,0.0009979999999956135
45039003,2930,8290,129277,-1798,1870,126846,109,19235,446,1,34347,0.001003000000004306
45040002,7466,-2379,130652,-1214,-4607,134546,102,19223,418,0,34348,0.0009990000000001942
45041000,8142,-8625,125720,9739,-10906,121551,126,19232,516,0,34349,0.0009979999999956135
45042000,8916,3454,131264,13026,-1730,130971,104,19232,426,0,34350,0.0009999999999976694
45043000,-1548,-4941,129501,-7705,-8634,126406,114,19228,426,0,34351,0.0010000000000047748
45044000,2247,6316,133063,-18608,3391,134305,119,19223,467,1,34352,0.0009999999999976694
45045000,-10008,3305,131448,7345,958,124413,119,19227,487,1,34353,0.0009999999999976694
45046001,571,244,131121,-8733,-1867,131689,97,19229,397,1,34354,0.00100100000000225
45047000,918,-2783,129186,-10086,-6356,136997,120,19222,491,0,34355,0.0009990000000001942
45048000,4240,-5756,127537,8451,1537,123586,99,19222,405,0,34356,0.0009999999999976694
45049000,-3651,15394,132212,-3617,8704,122567,108,19230,405,0,34357,0.0010000000000047748
45050000,-6743,4454,130235,-20058,-6547,132141,148,19228,442,1,34358,0.0009999999999976694
45051000,-11254,582,132809,-10205,-528,138212,148,19229,606,1,34359,0.0009999999999976694
45052001,-10623,5736,129751,-17405,-1218,124705,116,19229,475,1,34360,0.00100100000000225
45053001,-2193,14371,129374,-13258,6681,119797,101,19228,414,1,34361,0.0009999999999976694
45054000,-3380,-3979,126647,543,-9697,134458,167,19229,684,0,34362,0.0009990000000001942
45055001,-531,-5362,126576,-5324,-6776,125887,104,19229,684,0,34363,0.00100100000000225
45056001,-2146,-1910,126957,-12648,-5761,130049,111,19232,426,0,34364,0.0009999999999976694
45057000,-8608,10639,128621,-10948,16979,115940,111,19224,455,1,34365,0.0009990000000001942
45058000,-1202,21812,128612,-7267,4725,127603,125,19226,512,1,34366,0.0010000000000047748
45059001,-7998,-6282,123104,-1916,-14664,134332,108,19229,442,1,34367,0.0010009999999951447
45060000,-1212,10600,125954,-8341,3852,114685,118,19222,483,0,34368,0.0009990000000001942
45061001,-106,245,123453,-1070,4808,126727,93,19222,483,0,34369,0.00100100000000225
45062000,4110,4319,127066,3376,1208,123245,109,19230,381,0,34370,0.0009990000000001942
45063001,1941,-8043,124725,432,115,133593,109,19226,446,0,34371,0.00100100000000225
45064000,-5542,10674,125508,-11295,9980,116704,136,19223,557,1,34372,0.0009990000000001942
45065000,2339,12069,127695,-5859,3296,129549,116,19229,475,1,34373,0.0009999999999976694
45066001,4392,4429,124660,13778,3215,125302,97,19229,397,1,34374,0.00100100000000225
45067000,9424,9172,125720,325,-286,122048,118,19229,397,0,34375,0.0009990000000001942
45068000,8670,-7068,122843,3118,-9937,128441,112,19230,483,0,34376,0.0009999999999976694
45069000,6561,3576,128328,9030,-4976,121975,112,19229,459,0,34377,0.0009999999999976694
45070000,5343,-3377,126251,5392,-5832,133083,114,19227,467,1,34378,0.0010000000000047748
45071000,-1727,15892,131713,-3375,13895,117253,133,19229,545,1,34379,0.0009999999999976694
45072000,6122,5487,127359,5237,-1139,130713,109,19228,446,1,34380,0.0009999999999976694
45073000,8372,-2496,124861,8979,-2543,126707,109,19228,446,0,34381,0.0010000000000047748
45074000,12650,-2658,126392,4505,-6603,125842,88,19220,446,0,34382,0.0009999999999976694
45075000,8962,-3318,125300,13915,-1319,125873,88,19229,360,0,34383,0.0009999999999976694
45076000,6124,-3148,127996,-4592,-6287,127341,103,19229,422,0,34384,0.0010000000000047748
45077002,3959,-3125,130505,-26,-4959,136354,121,19222,496,1,34385,0.0010019999999997253
45078004,-735,13506,128866,7302,5467,118919,116,19229,475,1,34386,0.0010019999999997253
45079001,-261,3654,128900,-6373,404,126982,100,19229,475,1,34387,0.0009969999999981383
45080002,7579,-3400,127663,52,-7968,129508,144,19229,410,0,34388,0.00100100000000225
45081000,9900,-9352,128008,11430,-13195,130108,144,19235,590,0,34389,0.0009979999999956135
45082000,5318,-4276,130215,13427,-8144,133225,104,19228,426,0,34390,0.0010000000000047748
45083000,-1043,3918,132562,-16490,3743,123771,106,19225,434,1,34391,0.0009999999999976694
45084000,-5499,12564,133131,-13579,9352,129906,148,19229,606,1,34392,0.0009999999999976694
45085000,-5834,6593,132154,6019,1931,131963,106,19229,434,1,34393,0.0010000000000047748
45086000,-1991,-10166,128374,-6543,-14507,133070,104,19232,434,1,34394,0.0009999999999976694
45087000,-1496,6184,129940,-18416,3464,124341,109,19221,426,0,34395,0.0009999999999976694
45088000,5565,6630,129564,4495,2431,119265,109,19231,446,0,34396,0.0010000000000047748
45089001,-960,-4567,132381,2333,-7279,139358,109,19233,446,0,34397,0.0010009999999951447
45090000,-9788,3490,129456,-20497,712,124398,125,19220,512,1,34398,0.0009990000000001942
45091000,-12683,6088,131141,-17744,3693,133201,115,19220,471,1,34399,0.0010000000000047748
45092000,-5835,9169,131689,-7326,7256,123124,102,19230,471,1,34400,0.0009999999999976694
45093000,-3086,2801,129325,-1911,929,136557,132,19233,418,0,34401,0.0009999999999976694
45094000,-3758,-4782,124016,-15386,-9010,121115,132,19220,541,0,34402,0.0010000000000047748
45095005,-3296,6409,126720,-7350,7213,123690,101,19232,414,0,34403,0.0010049999999992565
45096000,-128,6494,127824,-5979,6190,127323,106,19233,434,0,34404,0.0009949999999960824
45097000,-6008,8354,126551,-3122,1064,122749,149,19227,610,1,34405,0.0010000000000047748
45098000,-8851,284,127881,-12836,-5374,136028,116,19227,610,1,34406,0.0009999999999976694
45099000,-2501,14076,127452,-111,9320,112546,101,19226,475,1,34407,0.0009999999999976694
45100000,1596,6890,126215,9024,-9453,132523,101,19231,414,0,34408,0.0010000000000047748
45101000,2878,-8791,124134,-12742,-10438,126964,103,19231,422,0,34409,0.0009999999999976694
45102000,-1058,11145,125507,-10273,5006,118114,112,19226,459,0,34410,0.0009999999999976694
45103000,943,7443,126546,635,6114,128237,116,19220,475,1,34411,0.0009999999999976694
45104000,-2374,12498,128491,-1159,10507,117419,124,19220,475,1,34412,0.0010000000000047748
45105000,-709,9408,125479,-8502,4660,131405,98,19233,508,1,34413,0.0009999999999976694
45106000,7237,-2884,121663,13889,-32,120706,98,19230,401,0,34414,0.0009999999999976694
45107000,7750,6103,124296,2971,3422,120995,119,19227,487,0,34415,0.0010000000000047748
45108000,12278,1288,124302,5181,-602,126198,101,19226,414,0,34416,0.0009999999999976694
45109000,5279,-5139,126428,13590,-7520,126770,114,19226,467,0,34417,0.0009999999999976694
45110000,5895,-13566,127146,-4536,-6516,140584,141,19226,467,1,34418,0.0010000000000047748
45111000,311,10838,127675,1348,11403,110010,111,19230,577,1,34419,0.0009999999999976694
45112004,6825,12113,125685,18819,3548,131246,111,19230,455,1,34420,0.0010040000000017812
45113000,10314,-1601,124890,-2422,-2294,124432,98,19226,401,0,34421,0.000996000000000663
45114005,7894,11973,129279,1310,6690,121675,132,19232,541,0,34422,0.0010049999999992565
45115002,8391,-14563,125008,22606,-17416,140437,105,19228,430,0,34423,0.0009969999999981383
45116000,3725,-438,129455,-7882,-476,119543,109,19228,430,0,34424,0.000998000000002719
45117000,2251,253,129550,-2747,-1018,133567,110,19225,446,1,34425,0.0009999999999976694
45118000,2287,15751,131270,6403,13656,120207,110,19231,451,1,34426,0.0009999999999976694
45119000,2979,4672,129292,-6879,-2452,129802,104,19235,426,1,34427,0.0010000000000047748
45120000,7764,-7903,127059,9369,-10797,127300,120,19217,491,0,34428,0.0009999999999976694
45121002,6574,-11244,129246,13872,-12151,127946,105,19232,430,0,34429,0.0010019999999997253
45122000,2910,-13599,129444,-320,-15421,148568,109,19232,430,0,34430,0.000998000000002719
45123000,4590,10366,132757,-17186,9764,112931,134,19231,446,1,34431,0.0009999999999976694
45124000,-5690,8143,132988,2874,9656,129051,134,19223,549,1,34432,0.0009999999999976694
45125000,-7013,3958,130789,-168,-3823,132446,113,19232,463,1,34433,0.0010000000000047748
45126000,-1117,-16861,124853,-18376,-20077,133720,98,19228,401,0,34434,0.0009999999999976694
45127000,-1983,-3749,132112,3798,-6312,135015,150,19234,614,0,34435,0.0009999999999976694
45128003,5435,13103,130911,-1822,11148,114096,109,19234,446,0,34436,0.001003000000004306
45129000,-5379,3456,133567,-12627,-1854,136328,112,19231,446,0,34437,0.0009969999999981383
45130000,-7300,-6698,128729,-10639,-9806,132543,133,19220,459,1,34438,0.0009999999999976694
45131000,-9937,5809,129411,-11264,3507,131719,133,19228,545,1,34439,0.0010000000000047748
45132000,-6116,19661,129305,-8289,17685,117179,106,19230,434,1,34440,0.0009999999999976694
45133000,-2468,6395,130162,-5936,1131,120244,113,19220,463,0,34441,0.0009999999999976694
45134000,-2504,-15925,126132,-7834,-19538,146711,122,19220,500,0,34442,0.0010000000000047748
45135000,-1518,623,127594,-3818,-793,113551,105,19233,500,0,34443,0.0009999999999976694
45136000,-3638,8139,129051,-9262,4795,130091,126,19228,430,1,34444,0.0009999999999976694
45137000,-5461,7282,124947,-1554,3329,115127,126,19225,516,1,34445,0.0010000000000047748
45138000,-7815,9512,127730,-19723,7362,135434,115,19226,471,1,34446,0.0009999999999976694
45139000,-2077,3895,126330,-9847,19,114472,104,19232,426,1,34447,0.0009999999999976694
45140000,3586,5806,124921,9486,4037,129121,145,19232,594,0,34448,0.0010000000000047748
45141000,3452,-13163,123688,-361,-15811,132754,117,19232,594,0,34449,0.0009999999999976694
45142000,1960,6488,124975,-5526,7939,115467,116,19228,479,0,34450,0.0009999999999976694
45143000,234,10527,126793,-1140,5136,130924,116,19223,475,1,34451,0.0010000000000047748
45144000,-4835,18545,126062,22,9365,114791,160,19225,655,1,34452,0.0009999999999976694
45145000,-105,7729,125528,-9540,-4741,136794,107,19230,438,1,34453,0.0009999999999976694
45146000,6831,-2028,124845,8459,-5963,117891,104,19223,426,0,34454,0.0010000000000047748
45147000,10421,9397,124951,4099,-3449,121583,84,19223,426,0,34455,0.0009999999999976694
45148000,8311,-5103,126965,8356,-7780,131692,112,19228,344,0,34456,0.0009999999999976694
45149000,5000,330,126536,4332,-1543,122105,112,19224,459,0,34457,0.0010000000000047748
45150000,4554,-6749,125407,-225,3668,136356,126,19224,516,1,34458,0.0009999999999976694
45151000,1100,12388,128067,46,16998,112618,112,19229,459,1,34459,0.0009999999999976694
45152001,11477,7926,124959,8433,-5483,132424,100,19229,410,1,34460,0.00100100000000225
45153000,9827,-637,124718,6225,-4852,124539,132,19229,410,0,34461,0.0009990000000001942
45154000,10305,-5176,127085,7613,-14654,133318,100,19225,541,0,34462,0.0009999999999976694
45155001,7803,-15827,127260,10663,-4388,130363,100,19232,410,0,34463,0.00100100000000225
45156000,1481,12479,132949,-5628,5361,125226,102,19226,418,1,34464,0.0009990000000001942
45157000,-841,-976,128127,6235,3021,135859,133,19229,545,1,34465,0.0009999999999976694
45158000,-1336,10182,130489,2878,7563,115725,110,19233,451,1,34466,0.0010000000000047748
45159000,6943,-6017,127547,-6209,-12115,138347,103,19233,451,1,34467,0.0009999999999976694
45160000,7558,-9602,127202,12370,-9276,126733,128,19220,422,0,34468,0.0009999999999976694
45161000,10978,3098,130404,11502,-5827,128510,128,19232,524,0,34469,0.0010000000000047748
45162000,-897,-9837,127603,-8260,-7447,132457,106,19230,434,0,34470,0.0009999999999976694
45163000,-2341,11915,133938,-19090,9127,121143,115,19221,471,1,34471,0.0009999999999976694
45164000,-5053,469,132734,8324,-8535,139943,110,19227,451,1,34472,0.0010000000000047748
45165000,-9134,2650,131088,-3537,-1539,121363,101,19227,451,1,34473,0.0009999999999976694
45166000,-88,-2387,129784,-24422,-9049,133902,124,19233,414,0,34474,0.0009999999999976694
45167002,-1457,-9466,128578,839,-6912,127705,124,19225,508,0,34475,0.0010019999999997253
45168000,1618,10654,131799,9591,6620,120986,100,19231,410,0,34476,0.000998000000002719
45169000,-9217,944,128231,-18907,-639,135142,109,19227,446,0,34477,0.0009999999999976694
45170000,-9156,4181,132189,-19834,3436,123597,150,19227,614,1,34478,0.0009999999999976694
45171000,-6786,-4378,129990,-3644,-7629,138358,116,19227,614,1,34479,0.0010000000000047748
45172000,-4790,11240,129848,-7123,9062,120280,101,19229,475,1,34480,0.0009999999999976694
45173000,-5052,4028,128268,-11356,-2563,125470,101,19223,414,0,34481,0.0009999999999976694
45174000,-3869,-5601,124657,-11888,-8536,133744,171,19231,700,0,34482,0.0010000000000047748
45175001,-1378,8672,127919,-4189,5605,121902,105,19228,430,0,34483,0.0010009999999951447
45176000,-5677,5467,128660,-4624,2739,129473,112,19220,459,1,34484,0.0009990000000001942
45177000,-7937,11413,128593,-14372,7765,122179,119,19220,487,1,34485,0.0010000000000047748
45178000,-6757,1015,126719,-13566,-1147,131010,109,19225,487,1,34486,0.0009999999999976694
45179000,-217,11537,128047,-2275,9144,126744,117,19229,446,0,34487,0.0009999999999976694
45180000,-748,-1026,122566,-354,-4169,121081,117,19229,479,0,34488,0.0010000000000047748
45181001,723,10249,125132,-8191,7223,120983,96,19228,393,0,34489,0.0010009999999951447
45182000,3421,-661,125190,-7045,-3945,125171,109,19225,446,0,34490,0.0009990000000001942
45183000,-1816,-3417,126465,8444,-6407,136746,140,19225,573,1,34491,0.0010000000000047748
45184000,-4612,19189,126662,-9671,17041,114423,115,19220,573,1,34492,0.0009999999999976694
45185000,1815,10704,124576,-7482,7116,126440,94,19233,471,1,34493,0.0009999999999976694
45186000,9791,6756,127444,13795,5276,124717,94,19228,385,0,34494,0.0010000000000047748
45187000,8876,-8833,121591,3631,-13211,128907,115,19230,471,0,34495,0.0009999999999976694
45188000,4534,5365,127847,5122,845,119678,109,19227,446,0,34496,0.0009999999999976694
45189000,3973,-1113,125949,4432,-9043,130606,116,19223,475,1,34497,0.0010000000000047748
45190000,4461,5756,127589,3260,6796,124831,132,19223,475,1,34498,0.0009999999999976694
45191000,1926,10940,128930,2195,1760,125237,106,19228,541,1,34499,0.0009999999999976694
45192000,7747,1371,126354,2607,-74,123774,106,19233,434,1,34500,0.0010000000000047748
45193000,9442,15706,127224,6876,-856,122576,107,19219,438,0,34501,0.0009999999999976694
45194000,10833,-14287,124694,8890,-24680,141458,85,19229,348,0,34502,0.0009999999999976694
45195002,6683,-12881,126235,6733,-6622,123046,104,19234,426,0,34503,0.0010019999999997253
45196000,2830,13492,131946,-9203,9759,125055,126,19234,426,1,34504,0.000998000000002719
45197000,1753,12711,130221,2558,11112,126234,116,19224,516,1,34505,0.0009999999999976694
45198000,392,4126,131201,8617,-5615,131309,116,19228,475,1,34506,0.0010000000000047748
45199000,4588,-8301,125674,-6083,-12460,132012,99,19230,405,1,34507,0.0009999999999976694
45200000,8519,-7866,127128,8565,-7386,124372,145,19227,594,0,34508,0.0009999999999976694
45201000,10054,2449,130605,19480,-1589,130666,103,19231,422,0,34509,0.0010000000000047748
45202000,4489,-1648,127549,-20964,-260,130124,106,19231,422,0,34510,0.0009999999999976694
45203000,-166,6980,133740,-13694,134,126028,142,19224,434,1,34511,0.0009999999999976694
45204000,-4800,255,133376,11773,-3588,130848,142,19228,582,1,34512,0.0010000000000047748
45205002,-7987,5531,130735,-11307,-3977,126930,107,19229,438,1,34513,0.0010019999999997253
45206002,-871,-10361,130083,-16303,-15691,138482,103,19225,422,0,34514,0.0009999999999976694
45207000,794,-89,130799,8388,-760,123788,96,19228,393,0,34515,0.000998000000002719
45208000,488,6694,129194,104,1126,124501,110,19228,393,0,34516,0.0009999999999976694
45209002,-7862,6296,133236,-18309,2503,127829,126,19228,451,1,34517,0.0010019999999997253
45210001,-5280,3190,130222,-14450,962,135012,126,19225,516,1,34518,0.0009990000000001942
45211000,-8318,3919,128848,-2811,5066,128107,119,19229,487,1,34519,0.0009990000000001942
45212000,-3440,15959,131882,-9903,8203,117115,102,19230,418,1,34520,0.0009999999999976694
45213000,-1653,-3367,124735,-8877,-5655,133076,133,19221,545,0,34521,0.0010000000000047748
45214000,-1852,-7152,125716,3400,-9288,131492,100,19221,545,0,34522,0.0009999999999976694
45215000,2092,-2359,126131,-7543,-269,126294,103,19230,410,0,34523,0.0009999999999976694
45216000,-2547,15340,128642,-11309,16081,121332,103,19227,422,1,34524,0.0010000000000047748
45217000,-6524,7375,128957,-3454,-721,124927,144,19229,590,1,34525,0.0009999999999976694
45218000,-7300,-2977,126476,-5975,-7451,131221,117,19232,479,1,34526,0.0009999999999976694
45219000,705,9502,127623,-6935,7424,125251,105,19225,430,0,34527,0.0010000000000047748
45220000,-2455,2952,125124,2075,912,120425,103,19225,422,0,34528,0.0009999999999976694
45221000,1393,1376,123989,-1892,-2399,128127,108,19232,422,0,34529,0.0009999999999976694
45222000,2413,2105,124960,-9695,1448,126177,118,19229,442,0,34530,0.0010000000000047748
45223000,-2737,7312,126191,5948,4328,122022,118,19221,483,1,34531,0.0009999999999976694
45224000,1175,7440,125815,-3094,4926,123754,116,19229,475,1,34532,0.0009999999999976694
45225000,2121,6604,124816,-6047,3659,124383,99,19232,405,1,34533,0.0010000000000047748
45226000,10304,8134,124742,14016,3644,122161,121,19232,496,0,34534,0.0009999999999976694
45227000,10262,-3370,121566,6666,-8995,124506,102,19228,496,0,34535,0.0009999999999976694
45228000,6056,-2058,129451,7968,-4549,133865,109,19229,418,0,34536,0.0009999999999976694
45229001,5364,-1897,123415,6218,-5113,118833,109,19228,446,1,34537,0.00100100000000225
45230003,1095,14028,132044,-5876,11689,122758,145,19229,594,1,34538,0.0010019999999997253
45231000,3969,14884,125326,8255,10046,129363,116,19232,475,1,34539,0.0009969999999981383
45232000,9770,1525,121925,6944,-2540,130028,100,19232,410,1,34540,0.0010000000000047748
45233000,9038,-1076,127608,5359,-5851,120953,136,19227,410,0,34541,0.0009999999999976694
45234000,15378,-3137,127303,6079,-4565,132140,110,19233,557,0,34542,0.0009999999999976694
45235001,7023,-10984,128903,15375,-15274,135969,110,19232,451,0,34543,0.00100100000000225
45236000,3522,2245,132655,-3139,9085,122800,113,19222,463,1,34544,0.0009990000000001942
45237000,-1004,9249,128704,-7391,7156,125195,113,19226,463,1,34545,0.0009999999999976694
45238000,-419,17146,129696,11332,-63,124531,107,19234,438,1,34546,0.0010000000000047748
45239000,6955,-4142,126952,-5085,-18714,139632,117,19234,438,0,34547,0.0009999999999976694
45240000,9067,-5813,132117,4640,-5766,117059,92,19218,479,0,34548,0.0009999999999976694
45241000,6657,3250,129084,7362,-5354,131993,92,19228,377,0,34549,0.0010000000000047748
45242000,-257,-4130,133815,-17276,-3562,131773,100,19228,410,0,34550,0.0009999999999976694
45243000,-413,2676,131233,-4939,821,128503,135,19220,553,1,34551,0.0009999999999976694
45244004,-7954,1481,131879,448,5190,133815,114,19232,467,1,34552,0.0010040000000017812
45245000,-6190,7234,129929,-15159,2898,118715,100,19232,467,1,34553,0.000996000000000663
45246002,1256,-5231,129030,-6756,-14763,137478,140,19227,410,0,34554,0.0010019999999997253
45247000,4424,-9151,128716,6502,-13162,129969,140,19232,573,0,34555,0.000998000000002719
45248000,-3674,1842,130346,-6825,1742,128343,109,19232,446,0,34556,0.0009999999999976694
45249000,-8256,1427,132498,-22652,3236,130525,114,19222,467,1,34557,0.0009999999999976694
45250000,-10511,3693,130389,-9039,771,130161,129,19227,528,1,34558,0.0010000000000047748
45251000,-12362,2361,129296,-3591,-97,140140,110,19227,528,1,34559,0.0009999999999976694
45252000,-3367,8077,127300,-13382,7893,112136,113,19231,451,1,34560,0.0009999999999976694
45253000,-5888,74,127416,-10266,-7102,131045,113,19216,463,0,34561,0.0010000000000047748
45254000,-625,-2752,128332,-4358,-5493,131124,108,19229,442,0,34562,0.0009999999999976694
45255000,-2588,-3803,124829,-5107,-7271,127548,107,19228,438,0,34563,0.0009999999999976694
45256000,-7692,12322,129393,-14310,14727,122917,129,19225,528,1,34564,0.0010000000000047748
45257000,-7936,15594,126560,-9890,6928,122420,119,19225,528,1,34565,0.0009999999999976694
45258000,-8161,-2341,125494,-5933,-8842,129642,104,19230,487,1,34566,0.0009999999999976694
45259000,2516,12829,129220,-7917,3013,116695,104,19228,426,0,34567,0.0010000000000047748
45260000,-3063,-3318,123894,5186,-6007,131464,145,19229,594,0,34568,0.0009999999999976694
45261000,1552,-2284,126432,-6129,-2505,121306,111,19226,455,0,34569,0.0009999999999976694
45262005,-2576,-1417,125244,-5462,-1609,128498,111,19224,455,0,34570,0.0010049999999992565
45263000,-1117,12791,126184,5586,13793,125692,147,19224,602,1,34571,0.0009950000000031878
45264002,-3103,9149,125192,-7580,5482,117807,107,19230,602,1,34572,0.0010019999999997253
45265000,3098,3499,125117,-2630,624,127529,107,19233,438,1,34573,0.000998000000002719
45266001,10723,3545,122664,7652,-528,123704,105,19222,430,0,34574,0.0010009999999951447
45267001,7610,-5259,122218,13006,-10466,123627,94,19227,385,0,34575,0.0010000000000047748
45268000,8036,-1879,125789,2330,-5833,127593,119,19228,487,0,34576,0.0009990000000001942
45269000,1149,-1043,125331,-5651,-4971,128639,129,19228,528,1,34577,0.0009999999999976694
45270000,3395,12435,131496,7647,10208,124570,115,19223,528,1,34578,0.0009999999999976694
45271000,3713,5652,128512,5485,2014,127195,101,19230,471,1,34579,0.0010000000000047748
45272000,5913,-2686,123714,-1783,-6522,127785,101,19231,414,0,34580,0.0009999999999976694
45273000,9238,12344,128751,5291,8749,122654,135,19229,553,0,34581,0.0009999999999976694
45274000,9492,-9797,124755,13455,-14545,130598,98,19229,401,0,34582,0.0010000000000047748
45275000,8302,2613,129674,10262,454,126450,103,19229,422,0,34583,0.0009999999999976694
45276001,2034,58,128553,-10419,-4530,125674,133,19230,422,1,34584,0.00100100000000225
45277003,5706,3823,130092,4442,-674,133346,114,19229,545,1,34585,0.0010019999999997253
45278000,39,13110,128512,10392,9536,119438,114,19230,467,1,34586,0.0009969999999981383
45279000,5837,-2554,127114,-11122,-5593,140375,105,19223,430,0,34587,0.0009999999999976694
45280000,9536,-19334,128460,5945,-22235,129734,128,19228,524,0,34588,0.0010000000000047748
45281000,4595,-1011,130989,21287,-6278,136607,106,19227,434,0,34589,0.0009999999999976694
45282000,-252,7315,131486,-17730,2138,113054,117,19227,434,0,34590,0.0009999999999976694
45283000,-1969,15922,133336,-14955,2819,131412,107,19216,479,1,34591,0.0010000000000047748
45284000,-1269,-7211,130183,11736,-12572,139197,107,19229,438,1,34592,0.0009999999999976694
45285000,-7980,798,130237,-5366,-9377,120163,100,19232,410,1,34593,0.0009999999999976694
45286000,-588,-7796,131339,-26332,-10040,137830,124,19228,508,0,34594,0.0010000000000047748
45287002,3156,12534,131012,8927,1173,119189,100,19228,410,0,34595,0.0010019999999997253
45288000,-1762,3485,128581,-12952,-5756,133786,109,19228,410,0,34596,0.0009979999999956135
45289000,-6122,-61,131177,-19803,689,129206,149,19225,446,1,34597,0.0010000000000047748
45290003,-8469,5668,130245,-3002,3416,125680,149,19225,610,1,34598,0.0010029999999972006
45291002,-5561,10972,130316,-6957,6121,127317,115,19231,471,1,34599,0.0009990000000001942
45292000,-3123,6223,129315,-12301,-2798,125745,100,19224,410,1,34600,0.0009979999999956135
45293000,-3702,-7321,126443,-5835,-14889,133896,173,19232,709,0,34601,0.0010000000000047748
45294000,-2849,5746,126137,-1417,274,118623,106,19232,709,0,34602,0.0009999999999976694
45295000,-1586,8336,127962,-11338,8054,125824,112,19231,434,0,34603,0.0009999999999976694
45296000,-5067,10259,128614,-7842,5289,126071,112,19222,459,1,34604,0.0010000000000047748
45297000,-3377,4784,125927,-11716,-4496,125052,116,19232,475,1,34605,0.0009999999999976694
45298000,-2684,-2396,127681,-4156,4894,130846,108,19231,442,1,34606,0.0009999999999976694
45299000,177,13719,127014,2330,4089,115839,118,19228,483,0,34607,0.0010000000000047748
45300000,1506,-6118,122873,-3789,-15470,136360,97,19228,483,0,34608,0.0009999999999976694
45301000,518,-1860,125161,-5586,-2116,124976,110,19229,397,0,34609,0.0009999999999976694
45302000,520,11182,126430,-731,6135,118787,110,19228,451,1,34610,0.0010000000000047748
45303000,-2653,21174,128986,1094,12459,122119,138,19221,565,1,34611,0.0009999999999976694
45304000,-1094,7551,124496,-6915,5359,127208,114,19226,467,1,34612,0.0009999999999976694
45305000,8144,-134,124727,-1198,-2116,127967,94,19229,385,1,34613,0.0010000000000047748
45306000,9671,15125,124025,17054,9279,113276,117,19229,385,0,34614,0.0009999999999976694
45307000,12108,-4892,123087,5710,-11526,130541,113,19233,479,0,34615,0.0009999999999976694
45308000,6874,-14597,126752,1214,-14256,133457,113,19225,463,0,34616,0.0010000000000047748
45309000,5205,-3453,126691,3872,-5574,127571,117,19221,479,1,34617,0.0009999999999976694
45310000,1150,13297,128067,994,16050,121040,127,19238,520,1,34618,0.0009999999999976694
45311000,5458,14213,128361,6797,4401,120799,105,19236,430,1,34619,0.0010000000000047748
45312000,9177,-9990,124472,5344,-16220,131781,108,19236,442,0,34620,0.0009999999999976694
45313000,9660,1720,127843,5036,-1506,125139,87,19221,442,0,34621,0.0009999999999976694
45314000,10084,-4872,127519,18616,-8138,128562,107,19231,356,0,34622,0.0010000000000047748
45315000,4101,1672,128218,-729,-1706,127802,107,19229,438,0,34623,0.0009999999999976694
45316002,3442,-978,129439,-7645,-4172,134308,125,19225,512,1,34624,0.0010019999999997253
45317005,806,13935,131933,9747,11738,125592,113,19231,463,1,34625,0.0010029999999972006
45318000,1289,8615,128499,-1510,3793,123457,99,19231,405,1,34626,0.0009950000000031878
45319000,9841,-8648,127135,-3746,-12194,128291,145,19231,405,0,34627,0.0009999999999976694
45320000,11904,-8022,129043,20733,-10954,134107,106,19230,594,0,34628,0.0010000000000047748
45321000,3948,-9286,127502,10275,-12782,132308,106,19229,434,0,34629,0.0009999999999976694
45322000,402,18295,135357,-31779,16819,122229,107,19225,438,1,34630,0.0009999999999976694
45323000,-5869,5691,132180,3467,2253,123534,137,19226,561,1,34631,0.0010000000000047748
45324000,-8881,-2353,130790,7547,-5854,135427,105,19226,430,1,34632,0.0009999999999976694
45325000,-2906,-6002,128697,-29632,-9117,131465,103,19232,430,1,34633,0.0009999999999976694
45326000,-1652,-9991,127678,-793,-14877,124682,105,19221,422,0,34634,0.0010000000000047748
45327003,5809,11374,131162,4116,7403,125329,105,19224,430,0,34635,0.0010029999999972006
45328000,-6826,-4321,128789,-9633,-7274,132486,116,19228,475,0,34636,0.0009969999999981383
45329000,-6185,982,131603,-18556,-2253,134425,129,19225,528,1,34637,0.0010000000000047748
45330000,-11688,-639,128323,-10689,8179,126349,118,19231,483,1,34638,0.0009999999999976694
45331000,-7044,18949,131636,-6407,12462,118761,102,19231,483,1,34639,0.0009999999999976694
45332001,-3410,6353,127172,-9547,-12033,133005,136,19230,418,0,34640,0.00100100000000225
45333000,-5148,-12346,124908,-5047,-15401,129338,136,19219,557,0,34641,0.0009990000000001942
45334001,1035,3335,130419,-14308,2004,122215,107,19229,438,0,34642,0.00100100000000225
45335000,-5116,12826,127382,-2786,9122,121551,108,19230,442,0,34643,0.0009990000000001942
45336000,-4879,13929,129862,-19236,5165,129828,142,19228,582,1,34644,0.0009999999999976694
45337000,-7912,-2454,127239,-10850,-2953,128946,115,19228,582,1,34645,0.0009999999999976694
45338000,-1716,2904,126422,-723,1998,126081,106,19227,471,1,34646,0.0010000000000047748
45339000,1399,2890,126782,-2604,5393,121262,106,19224,434,0,34647,0.0009999999999976694
45340000,235,-2757,123527,-1666,-7989,125528,100,19231,410,0,34648,0.0009999999999976694
45341000,3155,-3194,125143,-5487,-6498,134222,106,19227,434,0,34649,0.0010000000000047748
45342000,-3732,11473,124834,-1953,12305,116403,118,19221,483,1,34650,0.0009999999999976694
45343000,-2847,16197,129836,-2725,12352,124195,114,19221,483,1,34651,0.0009999999999976694
45344000,-1694,4809,125491,-3840,-4646,127253,101,19231,467,1,34652,0.0010000000000047748
45345001,5718,430,123474,3579,-2638,133989,101,19235,414,0,34653,0.0010009999999951447
45346000,8956,-2322,122638,9582,-6436,116926,120,19232,491,0,34654,0.0009990000000001942
45347000,7014,3327,124875,7215,-110,118733,102,19230,418,0,34655,0.0010000000000047748
45348000,5482,1028,127471,1380,-736,135556,112,19226,459,0,34656,0.0009999999999976694
45349000,3632,1800,125218,803,3268,122254,148,19226,459,1,34657,0.0009999999999976694
45350000,3495,8737,129454,4807,3167,130838,115,19228,606,1,34658,0.0010000000000047748
45351000,5236,4005,123806,3902,4230,119638,115,19230,471,1,34659,0.0009999999999976694
45352001,11708,-2489,125172,5402,-8835,127964,100,19225,410,0,34660,0.00100100000000225
45353000,11827,-2595,128209,11358,-8265,130824,119,19232,487,0,34661,0.0009989999999930887
45354000,9017,-5000,126257,8677,-8216,127694,104,19233,426,0,34662,0.0010000000000047748
45355017,2434,4192,132354,-3793,3861,124369,111,19233,455,1,34663,0.0010169999999973811
45356001,-1323,7749,131133,-2545,1989,127502,111,19224,455,1,34664,0.0009840000000025384
45357001,507,5926,130281,7182,6204,142648,105,19229,455,1,34665,0.0009999999999976694
45358000,1470,-1390,126131,-4543,-2535,119977,105,19229,430,1,34666,0.0009990000000001942
45359000,11326,-1249,129329,652,-7329,128140,120,19220,491,0,34667,0.0009999999999976694
45360000,11485,716,129693,19273,-2883,125417,94,19230,385,0,34668,0.0010000000000047748
45361000,4745,-5565,128807,2620,-10033,133638,104,19230,426,0,34669,0.0009999999999976694
45362000,1999,2636,132367,-15044,2159,131538,136,19228,426,1,34670,0.0009999999999976694
45363001,-6978,11312,130916,-6128,8862,123072,114,19227,557,1,34671,0.00100100000000225
45364001,-5908,4788,132338,1948,924,130645,114,19229,467,1,34672,0.0009999999999976694
45365001,-1405,-13640,129422,-14973,-18344,134002,97,19227,397,0,34673,0.0010000000000047748
45366000,-938,-10122,127912,-4162,-12470,135545,140,19230,573,0,34674,0.0009990000000001942
45367000,963,12090,129540,2049,11176,115879,115,19230,471,0,34675,0.0009999999999976694
45368000,-4446,10273,131939,-13252,5365,124283,116,19229,471,0,34676,0.0009999999999976694
45369000,-3254,256,130702,-5755,-2232,138514,130,19221,475,1,34677,0.0010000000000047748
45370001,-9736,678,129063,-12737,-1550,123889,130,19231,532,1,34678,0.0010009999999951447
45371000,-5097,7522,133478,-11650,4012,132383,111,19233,455,1,34679,0.0009990000000001942
45372000,-5470,7482,128678,-2246,4463,122653,117,19218,479,0,34680,0.0010000000000047748
45373000,-3979,-11922,124049,-11478,-15843,137057,105,19231,430,0,34681,0.0009999999999976694
45374000,-2104,-1682,128525,-6239,-4040,122097,104,19231,430,0,34682,0.0009999999999976694
45375000,-2881,9618,127089,-8847,7290,119300,129,19230,426,1,34683,0.0010000000000047748
45376000,-4398,16768,130624,-5263,13465,128230,129,19226,528,1,34684,0.0009999999999976694
45377000,-10845,-5224,126253,-8097,-3422,127460,117,19227,479,1,34685,0.0009999999999976694
45378000,-1138,10481,126371,-16299,6995,121322,104,19226,426,1,34686,0.0010000000000047748
45379000,-2370,4902,124351,495,-6318,127134,147,19231,602,0,34687,0.0009999999999976694
45380000,5005,-6849,124692,3110,-6738,127457,106,19231,602,0,34688,0.0009999999999976694
45381000,3716,6344,125165,588,-2472,126658,106,19230,434,0,34689,0.0010000000000047748
45382000,216,9747,125094,-6127,10729,122706,106,19226,434,1,34690,0.0009999999999976694
45383000,1594,14982,127674,9125,12375,125206,145,19226,594,1,34691,0.0009999999999976694
45384000,-502,1258,124876,-456,-2328,123292,111,19231,455,1,34692,0.0010000000000047748
45385002,4526,4545,123990,-3949,-3313,124111,105,19224,430,0,34693,0.0010019999999997253
45386000,5290,-861,124681,9860,-11529,127358,86,19224,430,0,34694,0.0009979999999956135
45387000,10152,3341,125529,15577,-155,118555,113,19226,352,0,34695,0.0010000000000047748
45388000,3719,1279,126755,-2721,-3788,128451,113,19225,463,0,34696,0.0009999999999976694
45389000,2652,1714,127783,828,4340,123098,127,19224,520,1,34697,0.0009999999999976694
45390000,4112,9464,127351,3648,5467,126320,116,19230,475,1,34698,0.0010000000000047748
45391001,7515,5936,126624,3860,-993,122977,99,19229,405,1,34699,0.0010009999999951447
45392002,9976,-3852,126624,11441,3387,125593,135,19229,405,0,34700,0.00100100000000225
45393000,8911,-14406,124449,4544,-21516,132369,102,19227,553,0,34701,0.000998000000002719
45394000,8195,-16488,126231,7727,-20105,135277,102,19229,418,0,34702,0.0009999999999976694
45395000,2914,5340,130568,1032,1724,129236,106,19226,434,1,34703,0.0009999999999976694
45396000,-4848,14453,130717,-3144,9523,119988,136,19231,557,1,34704,0.0010000000000047748
45397000,888,17092,132944,2564,8952,125230,111,19230,455,1,34705,0.0009999999999976694
45398002,3151,-9139,127244,-1017,-15000,137933,103,19230,422,1,34706,0.0010019999999997253
45399003,11173,-9760,127506,8894,-12390,128848,122,19224,422,0,34707,0.00100100000000225
45400000,9077,7299,129371,13771,234,123694,108,19233,500,0,34708,0.0009969999999981383
45401000,1709,-9472,128682,-11005,-9430,132003,108,19233,442,0,34709,0.0009999999999976694
45402000,1358,4080,135348,-13179,-855,127448,118,19221,483,1,34710,0.0010000000000047748
45403000,-6634,-1710,131293,5861,-5847,135912,108,19231,442,1,34711,0.0009999999999976694
45404000,-9750,4823,128157,-7405,6821,119861,97,19231,397,1,34712,0.0009999999999976694
45405000,-1823,-971,131366,-22660,-7911,129478,124,19230,397,0,34713,0.0010000000000047748
45406000,2518,-14981,126862,5061,-19137,137619,102,19227,508,0,34714,0.0009999999999976694
45407000,-220,4255,131610,8080,2346,124043,102,19231,418,0,34715,0.0009999999999976694
45408000,-9274,7884,132770,-23966,4654,126864,112,19229,459,0,34716,0.0010000000000047748
45409000,-8357,8961,129976,-15452,7993,127909,150,19229,614,1,34717,0.0009999999999976694
45410000,-7835,-1099,129492,-5007,-5928,136493,113,19229,463,1,34718,0.0009999999999976694
45411000,-5811,7540,128119,-7045,5295,122561,100,19231,463,1,34719,0.0010000000000047748
45412000,-3834,7866,126731,-12778,3809,119860,161,19227,410,0,34720,0.0009999999999976694
45413000,-2164,-7709,125978,-7610,-10200,132573,161,19233,659,0,34721,0.0009999999999976694
45414000,215,2710,127528,791,42,125774,105,19229,430,0,34722,0.0010000000000047748
45415000,-6277,4068,125218,-11110,179,128258,114,19221,467,1,34723,0.0009999999999976694
45416002,-10281,23196,128558,-12490,19615,118020,116,19228,475,1,34724,0.0010019999999997253
45417000,-2441,5347,127698,-9338,2255,127978,105,19228,475,1,34725,0.0009979999999956135
45418000,594,-190,127595,2889,-2245,129257,121,19233,430,0,34726,0.0010000000000047748
45419000,1453,1561,124595,-2428,-1857,123293,121,19230,496,0,34727,0.0009999999999976694
45420000,152,4215,124554,-8472,-19,118582,108,19229,442,0,34728,0.0009999999999976694
45421000,1475,5588,126037,-335,2840,131044,113,19225,463,0,34729,0.0010000000000047748
45422000,-1436,3639,127490,-5071,691,125998,141,19224,577,1,34730,0.0009999999999976694
45423000,-3660,14061,127236,-3210,11243,120185,114,19224,577,1,34731,0.0009999999999976694
45424000,2283,7488,125634,-262,-784,128210,95,19235,467,1,34732,0.0010000000000047748
45425000,8974,4425,123758,3291,-889,121440,95,19225,389,0,34733,0.0009999999999976694
45426000,11952,1427,124303,10640,-10835,128174,107,19232,438,0,34734,0.0009999999999976694
45427000,7660,-8324,124262,6782,-7580,126040,115,19230,471,0,34735,0.0010000000000047748
45428000,3391,8578,129877,-5586,-1326,125802,115,19221,471,1,34736,0.0009999999999976694
45429000,3580,6748,127410,1253,476,123603,120,19221,471,1,34737,0.0009999999999976694
45430000,238,11096,128402,2397,6769,128439,104,19230,491,1,34738,0.0010000000000047748
45431000,8495,5304,126164,-2051,2139,121379,104,19232,426,1,34739,0.0009999999999976694
45432000,11757,3846,124863,11163,-709,122787,113,19220,463,0,34740,0.0009999999999976694
45433000,11909,-5997,127301,14235,-15605,132347,89,19232,365,0,34741,0.0010000000000047748
45434000,8014,-13529,125251,-1323,-12742,129654,103,19227,422,0,34742,0.0009999999999976694
45435001,3891,2718,130053,-1065,7741,128538,126,19227,422,1,34743,0.00100100000000225
45436000,148,21172,132539,1002,16422,119817,110,19227,516,1,34744,0.0009990000000001942
45437001,-113,5857,130544,389,-6381,132965,110,19230,451,1,34745,0.0010009999999951447
45438000,2261,-12613,130047,-1666,-18572,129950,97,19228,397,0,34746,0.0009990000000001942
45439000,8757,-18629,126193,3511,-15703,137465,150,19233,614,0,34747,0.0010000000000047748
45440000,4777,1026,129024,20127,-2067,119653,106,19233,434,0,34748,0.0009999999999976694
45441000,6611,7935,129303,-17120,3664,124837,108,19233,434,0,34749,0.0009999999999976694
45442000,-167,11367,134762,-9030,9619,132584,137,19223,442,1,34750,0.0010000000000047748
45443000,-5163,6321,132382,7528,624,125196,137,19226,561,1,34751,0.0009999999999976694
45444000,-5879,-5758,128833,-12093,-10930,136403,106,19234,434,1,34752,0.0009999999999976694
45445000,-315,-7798,130396,-11984,-10004,129577,105,19221,430,0,34753,0.0010000000000047748
45446000,3636,-2603,128977,4313,-5121,129304,95,19230,389,0,34754,0.0009999999999976694
45447000,-420,4104,129866,-602,2480,129386,110,19230,451,0,34755,0.0009999999999976694
45448000,-5483,9130,130060,-18006,8065,125597,129,19225,451,1,34756,0.0010000000000047748
45449000,-8349,-1664,132056,-14203,-4424,135927,114,19220,528,1,34757,0.0009999999999976694
45450000,-9417,8730,130388,-2233,5726,124497,114,19228,467,1,34758,0.0009999999999976694
45451000,-4788,6099,130090,-12528,1045,137203,99,19230,405,1,34759,0.0010000000000047748
45452000,-3769,-7272,124883,-8087,-7724,119961,138,19222,565,0,34760,0.0009999999999976694
45453000,-3595,-4411,126577,-3131,-8719,131049,105,19222,430,0,34761,0.0009999999999976694
45454000,-339,4039,126237,-7517,2971,127792,107,19228,430,0,34762,0.0010000000000047748
45455000,-4827,16194,129925,-4733,13834,114088,145,19222,438,1,34763,0.0009999999999976694
45456000,-7292,3028,127997,-15630,-2158,134034,145,19230,594,1,34764,0.0009999999999976694
45457002,-5069,5195,126361,-5517,1541,117511,111,19235,455,1,34765,0.0010019999999997253
45458002,-880,2585,126766,1846,-2829,130283,103,19227,422,0,34766,0.0010000000000047748
45459001,-1259,-8103,123112,-6268,-10465,125119,103,19227,422,0,34767,0.0009990000000001942
45460002,-928,3277,125787,-3530,273,123261,111,19232,422,0,34768,0.0010009999999951447
45461000,-827,13257,126054,-5767,11133,124316,123,19228,455,0,34769,0.000998000000002719
45462002,-2552,16593,126685,949,13470,117433,123,19217,504,1,34770,0.0010019999999997253
45463001,284,5119,127325,-2346,1876,138331,110,19232,451,1,34771,0.0009990000000001942
45464000,4973,4970,122600,-1144,1816,116990,96,19232,393,1,34772,0.0009990000000001942
45465000,10037,2396,124192,7918,-1961,122671,122,19228,500,0,34773,0.0009999999999976694
45466000,12862,-5911,122215,7151,-11334,125140,109,19228,500,0,34774,0.0010000000000047748
45467000,7490,-9639,122321,9802,-13952,132879,115,19231,446,0,34775,0.0009999999999976694
45468000,2061,-78,126551,5358,-4215,119651,115,19225,471,1,34776,0.0009999999999976694
45469000,2071,19362,129810,-9931,17443,119024,150,19229,614,1,34777,0.0010000000000047748
45470000,4883,7701,128187,9327,4877,134142,110,19231,451,1,34778,0.0009999999999976694
45471000,5712,-345,124525,7620,-5873,119029,99,19223,405,1,34779,0.0009999999999976694
45472000,9672,1772,126871,-3515,-8132,129459,120,19223,405,0,34780,0.0010000000000047748
45473000,9825,-6497,127326,12351,-9259,129727,105,19232,491,0,34781,0.0009999999999976694
45474000,4868,-10977,127324,12519,-5902,134823,105,19230,430,0,34782,0.0009999999999976694
45475000,3738,5406,131430,-5542,9299,124741,113,19222,463,1,34783,0.0010000000000047748
45476000,-1102,17657,127599,3309,12810,118738,109,19228,446,1,34784,0.0009999999999976694
45477001,4453,8766,130199,6514,1770,133107,105,19228,430,1,34785,0.00100100000000225
45478002,6074,-8148,126731,-1880,-18815,128996,122,19228,430,0,34786,0.0010009999999951447
45479000,8845,-12472,128686,9912,-7336,131293,105,19223,500,0,34787,0.000998000000002719
45480000,4493,-509,131467,9584,-11912,131143,105,19228,430,0,34788,0.0009999999999976694
45481000,-285,1340,132057,-16898,2704,124982,109,19234,446,0,34789,0.0009999999999976694
45482000,-3352,8764,134787,-5989,8151,135249,140,19228,573,1,34790,0.0010000000000047748
45483002,-9721,-9,130302,3260,-1107,130968,113,19229,463,1,34791,0.0010019999999997253
45484000,-2280,13,128395,-16406,-1425,127095,100,19229,463,1,34792,0.0009979999999956135
45485000,-651,-2389,130240,-1732,-15677,132933,140,19224,410,0,34793,0.0010000000000047748
45486000,3485,-7604,128618,10598,1909,127938,140,19232,573,0,34794,0.0009999999999976694
45487000,-4436,6658,132902,-18216,-7267,128302,111,19232,455,0,34795,0.0009999999999976694
45488000,-6191,-1434,129165,-19749,-2016,131242,117,19222,479,1,34796,0.0010000000000047748
45489000,-9134,8223,132028,-4901,4028,132558,128,19229,524,1,34797,0.0009999999999976694
45490000,-12537,9952,129275,-8589,7819,119563,108,19229,442,1,34798,0.0009999999999976694
45491000,-1806,10790,130746,-14347,-683,128554,115,19231,442,1,34799,0.0010000000000047748
45492000,-6448,-10357,124313,-7114,-11398,131873,104,19216,471,0,34800,0.0009999999999976694
45493000,2302,-1355,126585,-3319,-2073,125627,104,19230,426,0,34801,0.0009999999999976694
45494000,-4182,8736,125221,-7746,9943,120470,99,19229,405,0,34802,0.0010000000000047748
45495000,-6158,13331,126908,-12072,11117,122766,128,19224,524,1,34803,0.0009999999999976694
45496000,-7021,1889,126881,-8097,-4301,130233,117,19224,479,1,34804,0.0009999999999976694
45497000,-6396,6523,126236,-10807,3902,120815,103,19225,479,1,34805,0.0010000000000047748
45498000,3634,4633,125799,5333,5090,124977,141,19228,422,0,34806,0.0009999999999976694
45499000,-3443,-5719,125457,-2436,-10883,124457,141,19230,577,0,34807,0.0009999999999976694
45500000,4365,-13395,123924,-9611,-18374,135284,103,19230,422,0,34808,0.0010000000000047748
45501000,-4433,10718,128898,4369,8751,119064,109,19224,446,0,34809,0.0009999999999976694
45502000,-4040,21589,128647,-5445,18186,117969,147,19224,602,1,34810,0.0009999999999976694
45503000,-1611,10203,125493,-9528,6779,128816,111,19229,602,1,34811,0.0010000000000047748
45504000,2379,2757,124034,6215,-1327,125116,104,19234,455,1,34812,0.0009999999999976694
45505002,11263,-3399,121830,6837,-8488,125222,104,19223,426,0,34813,0.0010019999999997253
45506002,7682,8932,126539,6693,5046,116965,95,19223,389,0,34814,0.0009999999999976694
45507000,8332,-5666,125541,2498,-8624,132162,114,19228,467,0,34815,0.000998000000002719
45508000,4007,1855,127303,1689,-592,129557,129,19224,528,1,34816,0.0009999999999976694
45509000,917,8750,127158,1854,5409,120335,113,19224,528,1,34817,0.0010000000000047748
45510000,6085,10126,125804,5185,7175,124641,99,19230,463,1,34818,0.0009999999999976694
45511000,8553,-1041,125508,2524,-4148,124113,99,19230,405,0,34819,0.0009999999999976694
45512000,13215,-9829,127709,7799,-13464,135702,136,19231,557,0,34820,0.0010000000000047748
45513000,6836,-3160,125542,16430,-7261,124507,101,19230,414,0,34821,0.0009999999999976694
45514000,4958,1178,129201,-3466,-3907,130970,101,19231,414,0,34822,0.0009999999999976694
45515000,4396,9559,130571,-3826,5347,128238,128,19231,414,1,34823,0.0010000000000047748
45516000,1575,10550,129868,5637,7437,128091,111,19227,524,1,34824,0.0009999999999976694
45517000,2712,2859,129520,4381,-2938,124729,111,19232,455,1,34825,0.0009999999999976694
45518000,5181,-10082,129175,-2046,-15268,136113,107,19218,438,0,34826,0.0010000000000047748
45519003,9753,-16363,127309,8622,-7323,128037,122,19232,500,0,34827,0.0010029999999972006
45520000,4198,5813,131111,11800,507,124962,105,19228,430,0,34828,0.0009969999999981383
45521000,-1378,8124,130116,-18908,2946,124682,116,19228,430,1,34829,0.0010000000000047748
45522005,-2850,18675,134166,5948,5839,126591,110,19223,475,1,34830,0.0010049999999992565
45523000,-6127,-6805,129708,2356,-15674,137329,110,19232,451,1,34831,0.0009949999999960824
45524000,-2603,-10728,129448,-23821,-13653,130479,101,19232,414,1,34832,0.0010000000000047748
45525000,354,3587,130949,-2586,1287,124934,129,19226,528,0,34833,0.0009999999999976694
45526001,3900,4128,127996,5969,968,126696,102,19230,418,0,34834,0.00100100000000225
45527001,-2828,4779,131016,-15331,3768,126251,109,19230,418,0,34835,0.0009999999999976694
45528000,-7507,-1737,129591,-11945,-4599,133417,151,19224,446,1,34836,0.0009990000000001942
45529001,-5353,1853,129834,-6760,7959,129108,151,19227,618,1,34837,0.00100100000000225
45530000,-7460,13821,131612,-7125,7353,124102,115,19229,471,1,34838,0.0009990000000001942
45531000,-2646,1078,128737,-10671,-7110,128874,104,19226,426,0,34839,0.0009999999999976694
45532000,-5594,-9551,126815,-8289,-16741,132170,161,19234,659,0,34840,0.0009999999999976694
45533001,-2787,-6721,127460,-4500,-2396,128989,104,19234,659,0,34841,0.00100100000000225
45534000,-2459,23159,129410,-10060,14932,114276,113,19229,426,0,34842,0.0009990000000001942
45535000,-8032,10863,126960,-5019,3614,125728,113,19220,463,1,34843,0.0009999999999976694
45536000,-3590,-828,127795,-14545,-4008,134534,109,19230,446,1,34844,0.0010000000000047748
45537000,-3396,5084,126329,-4677,6001,122211,108,19229,442,1,34845,0.0009999999999976694
45538000,875,8046,125902,3701,2184,123917,121,19227,496,0,34846,0.0009999999999976694
45539000,1435,-8197,124864,-10471,-7885,127229,99,19227,405,0,34847,0.0010000000000047748
45540000,1877,1142,124502,-3909,-1066,125543,109,19230,405,0,34848,0.0009999999999976694
45541001,2214,6996,124508,3297,5015,129573,141,19229,446,1,34849,0.00100100000000225
45542000,-6401,11053,124798,-1795,10338,120380,141,19222,577,1,34850,0.0009989999999930887
45543000,646,12117,127000,-12067,5784,123796,114,19231,467,1,34851,0.0010000000000047748
45544000,7076,4345,124292,7972,-1762,123417,94,19228,385,0,34852,0.0009999999999976694
45545001,9812,-1357,124071,7862,-4241,129696,106,19228,434,0,34853,0.00100100000000225
45546000,8716,-2747,124545,7261,-8471,119871,112,19229,434,0,34854,0.0009990000000001942
45547000,3311,-1528,124637,4600,-4922,127339,117,19227,459,0,34855,0.0009999999999976694
45548000,6041,3828,131367,1978,2841,132263,117,19224,479,1,34856,0.0009999999999976694
45549002,148,13973,128131,1367,12743,114010,123,19230,504,1,34857,0.0010019999999997253
45550001,8917,6402,128504,3747,1884,132309,101,19231,414,1,34858,0.0009990000000001942
45551000,7055,2715,124996,9913,-620,120624,106,19221,434,0,34859,0.0009990000000001942
45552000,11102,-7077,125900,2248,-11525,130644,102,19221,434,0,34860,0.0010000000000047748
45553002,7863,-9128,127193,16602,-11668,131764,112,19230,418,0,34861,0.0010019999999997253
45554000,2154,4959,131113,-3748,1567,124739,112,19236,459,1,34862,0.0009979999999956135
45555000,2897,15336,131358,-5768,12194,132207,131,19226,537,1,34863,0.0010000000000047748
45556000,-1036,12079,129712,9605,10299,123858,117,19229,479,1,34864,0.0009999999999976694
45557000,5978,-1646,129823,-6528,-5401,140859,99,19233,405,1,34865,0.0009999999999976694
45558000,9869,-4894,125440,4384,-8930,115170,155,19233,405,0,34866,0.0010000000000047748
45559000,14984,-7471,130030,17024,-9901,136300,104,19233,635,0,34867,0.0009999999999976694
45560000,1772,-6222,127747,7491,-10915,131912,104,19232,426,0,34868,0.0009999999999976694
45561000,2471,4729,131222,-28103,1897,132433,109,19228,446,1,34869,0.0010000000000047748
45562000,-10211,11200,135538,2425,8775,126408,134,19228,549,1,34870,0.0009999999999976694
45563000,-7404,174,129188,2660,-252,129799,102,19234,418,1,34871,0.0009999999999976694
45564000,-1956,-7217,130897,-25430,-11786,136915,104,19234,418,0,34872,0.0010000000000047748
45565001,-378,-5474,127879,2413,-2596,122525,85,19217,426,0,34873,0.0010009999999951447
45566000,3341,6896,130764,3389,1786,127872,85,19230,348,0,34874,0.0009990000000001942
45567000,-8001,5628,131642,-9744,-2024,128505,113,19227,463,0,34875,0.0010000000000047748
45568001,-7218,-2527,130017,-19500,-3741,135465,132,19222,541,1,34876,0.0010009999999951447
45569000,-9729,8371,133963,-6655,8604,121803,117,19227,479,1,34877,0.0009990000000001942
45570000,-5660,18897,129037,-15062,13120,121276,100,19227,479,1,34878,0.0010000000000047748
45571000,-3566,765,128692,-5320,-7784,134960,145,19233,410,0,34879,0.0009999999999976694
45572000,-4803,-8554,124460,-4051,-13571,125350,145,19224,594,0,34880,0.0009999999999976694
45573000,2177,-2959,127524,-6911,3134,132400,104,19230,426,0,34881,0.0010000000000047748
45574000,-8215,10788,129860,-1452,10174,116566,108,19228,442,1,34882,0.0009999999999976694
45575000,-5638,13438,128746,-15763,5164,129159,136,19224,557,1,34883,0.0009999999999976694
45576000,-9149,-1433,126999,-9464,-2170,131708,114,19224,557,1,34884,0.0010000000000047748
45577000,-1468,2238,126691,2624,2976,122376,106,19231,467,1,34885,0.0009999999999976694
45578000,2867,2805,125025,-1393,-1475,123991,106,19224,434,0,34886,0.0009999999999976694
45579000,366,4037,124285,-4923,-5630,122910,93,19229,381,0,34887,0.0010000000000047748
45580002,3359,-1186,124805,-4373,842,134444,113,19228,463,0,34888,0.0010019999999997253
45581002,-2441,8071,125692,-1094,9023,116974,124,19216,508,1,34889,0.0009999999999976694
45582000,-3062,12512,125424,-10367,14074,122548,110,19216,451,1,34890,0.000998000000002719
45583001,-462,4711,126927,134,-1271,130191,97,19224,451,1,34891,0.0010009999999951447
45584002,6097,-783,122344,9634,-7246,124161,127,19233,397,0,34892,0.00100100000000225
45585000,6927,1428,125539,3126,-5215,126471,127,19232,520,0,34893,0.000998000000002719
45586000,5786,-1303,125386,8197,-1658,119023,106,19229,434,0,34894,0.0009999999999976694
45587000,6879,-527,126781,5267,-6748,132248,114,19224,467,0,34895,0.0009999999999976694
45588000,-393,9907,127654,356,8338,122816,152,19224,623,1,34896,0.0010000000000047748
45589000,4679,9608,127730,-1122,7935,125566,112,19229,623,1,34897,0.0009999999999976694
45590000,6913,1102,125869,10495,-1996,125702,98,19229,459,1,34898,0.0009999999999976694
45591000,11654,3426,124942,7394,1102,122953,98,19225,401,0,34899,0.0010000000000047748
45592000,14157,-7911,125218,13338,-10063,136665,131,19231,537,0,34900,0.0009999999999976694
45593001,6015,-9957,126154,10037,-13350,124237,114,19228,467,0,34901,0.00100100000000225
45594000,6426,2965,130035,-15747,-741,129956,118,19228,483,1,34902,0.0009990000000001942
45595000,-1531,9337,132375,7713,7901,125801,109,19218,483,1,34903,0.0009999999999976694
45596000,-1461,7212,129919,6659,3833,126401,105,19228,446,1,34904,0.0009999999999976694
45597000,2396,1723,129363,-12927,-3185,133245,105,19232,430,1,34905,0.0010000000000047748
45598000,9232,-8840,125592,9069,-12513,128046,123,19222,504,0,34906,0.0009999999999976694
45599000,12173,-547,132046,20595,-2771,126317,96,19231,393,0,34907,0.0009999999999976694
45600000,5097,-898,127699,-5765,-4649,128428,103,19228,422,0,34908,0.0010000000000047748
45601000,2439,5147,132800,-10489,2371,130484,140,19228,422,1,34909,0.0009999999999976694
45602001,-7300,2873,132020,-360,-504,130359,112,19224,573,1,34910,0.00100100000000225
45603000,-7778,31,131524,-2370,-2652,125671,112,19231,459,1,34911,0.0009989999999930887
45604000,2054,-121,128833,-9076,-3389,131009,95,19228,389,0,34912,0.0010000000000047748
45605001,-3216,-10983,127053,-4500,-15708,132113,126,19232,516,0,34913,0.00100100000000225
45606000,3794,2879,131796,-1919,332,125403,109,19228,446,0,34914,0.0009989999999930887
45607000,-9486,11761,131861,-11399,10350,123442,118,19228,446,0,34915,0.0010000000000047748
45608000,-6423,714,129979,-13449,-3990,136603,118,19224,483,1,34916,0.0009999999999976694
45609000,-8932,3765,131050,-9528,4366,130265,118,19228,483,1,34917,0.0009999999999976694
45610002,-6034,5101,127924,-12435,252,125279,106,19233,434,1,34918,0.0010020000000068308
45611000,-2839,4195,130593,-4535,3374,127748,114,19217,467,0,34919,0.0009979999999956135
45612000,-5048,-8630,125875,-9022,-9191,130700,93,19229,381,0,34920,0.0009999999999976694
45613000,1863,394,127096,-6620,-5492,129524,104,19229,381,0,34921,0.0010000000000047748
45614000,-7144,8908,127539,-6205,15621,118369,133,19227,426,1,34922,0.0009999999999976694
45615000,-4253,16450,128864,-11962,995,131618,133,19224,545,1,34923,0.0009999999999976694
45616000,-9748,9518,125042,-1790,2808,120822,116,19227,475,1,34924,0.0010000000000047748
45617001,598,6547,126977,-14221,-5258,127754,103,19231,422,0,34925,0.0010009999999951447
45618001,1739,-3115,126401,8486,-8927,126101,131,19232,537,0,34926,0.0010000000000047748
45619000,3117,9556,123946,-2204,6634,117781,110,19232,537,0,34927,0.0009990000000001942
45620000,2889,1987,124589,-9648,192,129662,113,19228,451,0,34928,0.0009999999999976694
45621000,-1223,8257,127027,1231,10545,118979,113,19221,463,1,34929,0.0009999999999976694
45622000,1607,6136,125510,-1243,-963,132400,142,19229,582,1,34930,0.0010000000000047748
45623000,-267,4471,125720,-1905,9086,119472,106,19234,434,1,34931,0.0009999999999976694
45624000,8867,9965,124987,3045,2077,123324,105,19222,430,0,34932,0.0009999999999976694
45625002,7171,-5579,122280,11326,-10116,127798,98,19222,401,0,34933,0.0010019999999997253
45626000,8034,-2670,126887,6934,-8760,124732,116,19227,401,0,34934,0.000998000000002719
45627000,4482,-14038,127349,-664,-14264,131797,132,19226,475,1,34935,0.0009999999999976694
45628000,984,23779,130208,4631,18131,113464,132,19224,541,1,34936,0.0010000000000047748
45629000,3460,7400,126359,8586,-3561,135666,117,19229,479,1,34937,0.0009999999999976694
45630000,6967,-7365,123925,12,-3699,126056,102,19229,418,1,34938,0.0009999999999976694
45631000,10569,6933,127917,8918,3146,118440,142,19229,582,0,34939,0.0010000000000047748
45632000,10759,-2583,126718,11184,-11460,133817,100,19231,582,0,34940,0.0009999999999976694
45633000,8200,-8429,126604,6309,-10115,128624,100,19226,410,0,34941,0.0009999999999976694
45634000,4622,227,130776,-3488,-232,132362,100,19227,410,1,34942,0.0010000000000047748
45635000,-915,12070,128517,-1409,14049,123207,129,19229,528,1,34943,0.0009999999999976694
45636001,-224,8627,128847,6834,1813,122227,111,19226,455,1,34944,0.00100100000000225
45637000,5592,-6235,128008,-5368,-11735,137193,108,19226,442,0,34945,0.0009990000000001942
45638000,10398,-14523,125846,4393,-16706,125489,124,19223,442,0,34946,0.0009999999999976694
45639000,7341,-4137,132149,16009,-6652,132131,103,19232,508,0,34947,0.0009999999999976694
45640000,457,-4179,130170,-11840,-7088,125449,103,19229,422,0,34948,0.0010000000000047748
45641000,-2943,5587,132269,-12433,2268,130820,115,19218,471,1,34949,0.0009999999999976694
45642000,-7222,223,132718,1527,-2288,136838,111,19228,455,1,34950,0.0009999999999976694
45643000,-9523,6689,129601,-3743,3215,120516,100,19232,410,1,34951,0.0010000000000047748
45644000,1435,-6007,129130,-20920,-9596,132706,129,19232,410,0,34952,0.0009999999999976694
45645000,-1121,995,129970,3174,-2688,123567,111,19224,528,0,34953,0.0009999999999976694
45646000,1512,-3377,128365,5483,-7647,134104,111,19226,455,0,34954,0.0010000000000047748
45647000,-9279,8660,133118,-22923,6004,126907,112,19225,459,1,34955,0.0009999999999976694
45648000,-9071,3664,131216,-15442,966,130938,149,19229,610,1,34956,0.0009999999999976694
45649000,-9017,8669,131067,-2608,5696,130687,117,19226,479,1,34957,0.0010000000000047748
45650000,-4587,1231,127564,-11225,-2328,127857,107,19226,479,1,34958,0.0009999999999976694
45651000,-3605,6657,129380,-15566,4743,131186,151,19224,438,0,34959,0.0009999999999976694
45652000,-1730,1623,125016,-2812,-1194,118518,151,19230,618,0,34960,0.0010000000000047748
45653000,374,-1971,128759,2439,-4469,128467,111,19231,455,0,34961,0.0009999999999976694
45654000,-5241,6147,127683,-14208,2136,129566,118,19222,483,1,34962,0.0009999999999976694
45655000,-10079,6173,127118,-11297,3777,128863,112,19229,459,1,34963,0.0010000000000047748
45656000,-5675,9033,128244,-5393,4648,124590,110,19229,459,1,34964,0.0009999999999976694
45657000,1725,5378,126544,-6053,3841,124618,127,19228,451,0,34965,0.0009999999999976694
45658000,-163,-3204,126021,3231,-4666,131990,127,19225,520,0,34966,0.0010000000000047748
45659000,378,-4668,124617,-4052,-3599,124442,97,19232,397,0,34967,0.0009999999999976694
45660000,-197,14455,126012,-8129,7030,121952,104,19228,426,0,34968,0.0009999999999976694
45661000,-2392,15899,125195,5199,12895,120962,139,19226,569,1,34969,0.0010000000000047748
45662003,-2727,6611,125911,-7738,-4841,124311,110,19226,451,1,34970,0.0010029999999972006
45663002,2868,9815,127723,-4901,-1003,123636,96,19232,451,1,34971,0.0009990000000001942
45664000,9141,8105,120854,1629,4142,119561,96,19224,393,0,34972,0.000998000000002719
45665000,12514,3278,126693,7357,244,129051,106,19228,434,0,34973,0.0009999999999976694
45666000,10246,-4184,122284,3751,-9975,125271,110,19227,451,0,34974,0.0009999999999976694
45667000,5871,-5424,124652,3781,469,131493,115,19225,471,1,34975,0.0009999999999976694
45668000,372,9659,131676,832,7679,121754,113,19225,471,1,34976,0.0010000000000047748
45669000,4115,10488,126071,3109,1368,124099,103,19229,463,1,34977,0.0009999999999976694
45670000,7231,-3827,126314,13518,-5323,134433,103,19230,422,1,34978,0.0009999999999976694
45671000,10909,1437,126669,-971,-3808,123627,116,19222,475,0,34979,0.0010000000000047748
45672000,9454,1382,126969,9293,-10826,124955,92,19232,377,0,34980,0.0009999999999976694
45673000,3346,5620,129557,7669,-6157,129784,98,19232,401,0,34981,0.0009999999999976694
45674000,3445,-2536,131289,-8262,-5592,133551,129,19232,528,1,34982,0.0010000000000047748
45675000,295,15522,132621,4793,14495,118155,113,19225,528,1,34983,0.0009999999999976694
45676001,2549,6592,130595,-1400,-2947,131660,100,19226,463,1,34984,0.00100100000000225
45677000,5794,-2319,128685,217,-4039,127885,100,19227,410,0,34985,0.0009990000000001942
45678000,6582,-11999,126766,5977,-17139,129576,159,19232,651,0,34986,0.0009999999999976694
45679000,7035,-2813,129684,14530,-5618,130563,105,19230,430,0,34987,0.0009999999999976694
45680000,-222,3613,131112,-13084,3073,124605,107,19230,438,0,34988,0.0010000000000047748
45681000,1738,17134,133501,-16964,14535,127722,134,19221,438,1,34989,0.0009999999999976694
45682000,-6178,11200,130328,12460,8413,128734,105,19227,549,1,34990,0.0009999999999976694
45683001,-1856,-12626,127264,-10993,-15335,135530,105,19232,430,1,34991,0.00100100000000225
45684000,-424,-12726,129695,-12683,-14259,133730,109,19219,446,0,34992,0.0009990000000001942
45685000,929,4718,130207,3544,-1714,126963,98,19229,401,0,34993,0.0009999999999976694
45686000,-741,4618,130468,1168,3889,132611,113,19231,463,0,34994,0.0010000000000047748
45687002,-8295,250,130040,-22465,-1994,121235,136,19231,463,1,34995,0.0010019999999997253
45688000,-7605,1015,129833,-17278,-2006,134256,119,19223,557,1,34996,0.0009979999999956135
45689000,-11517,6832,129561,2425,4410,125201,119,19230,487,1,34997,0.0010000000000047748
45690000,-2504,8996,129774,-11902,6598,123362,102,19229,418,1,34998,0.0009999999999976694
45691000,-4726,-6887,126161,-9579,-11478,137049,147,19222,602,0,34999,0.0009999999999976694
45692000,-3823,-3925,126005,-3603,-6476,124554,103,19234,422,0,35000,0.0010000000000047748
45693000,1378,8348,129298,-9505,5213,124005,107,19234,422,0,35001,0.0009999999999976694
45694000,-6080,11366,127483,-101,7856,122394,133,19218,438,1,35002,0.0009999999999976694
45695000,-3884,6775,127317,-13359,2475,128122,133,19226,545,1,35003,0.0010000000000047748
45696000,-6274,-640,126209,-11722,-4041,130546,114,19227,467,1,35004,0.0009999999999976694
45697000,2472,9957,127636,4012,6364,117702,108,19224,442,0,35005,0.0009999999999976694
45698000,-65,2641,125069,7919,770,133296,82,19232,336,0,35006,0.0010000000000047748
45699000,-2005,-11622,120457,-11896,-16357,120636,107,19232,336,0,35007,0.0009999999999976694
45700003,3405,6016,130592,-7273,3979,126395,125,19228,438,0,35008,0.0010029999999972006
45701002,-4393,17428,124883,9965,13328,124036,125,19218,512,1,35009,0.0009990000000001942
45702000,-919,12471,126629,-8277,10004,131502,117,19229,479,1,35010,0.000998000000002719
45703000,3339,-3665,125055,-4602,-6442,127181,97,19229,397,1,35011,0.0009999999999976694
45704000,10782,3892,122969,9742,-841,121090,130,19234,532,0,35012,0.0010000000000047748
45705000,9086,2982,125944,14222,-800,126688,107,19234,532,0,35013,0.0009999999999976694
45706000,7445,-3343,126577,-3049,-3008,126280,115,19228,438,0,35014,0.0009999999999976694
45707000,2674,-4700,123843,10346,-1468,132645,115,19222,471,1,35015,0.0010000000000047748
45708002,-598,6982,126837,-2725,24598,119436,145,19226,594,1,35016,0.0010019999999997253
45709000,8147,9958,127549,-1916,-2266,128391,111,19230,455,1,35017,0.0009979999999956135
45710000,8966,1586,122323,23812,-1133,121693,98,19223,401,0,35018,0.0010000000000047748
45711001,10237,4610,126705,-8808,-6521,127904,120,19223,401,0,35019,0.0010009999999951447
45712000,10767,-15185,129209,23387,-17853,138430,106,19232,491,0,35020,0.0009990000000001942
45713001,6028,-3286,128456,2275,-3311,124581,106,19230,434,0,35021,0.00100100000000225
45714000,-2179,8445,132091,-11756,7360,127255,117,19223,479,1,35022,0.0009990000000001942
45715000,-168,12195,130797,3787,5830,125591,111,19227,455,1,35023,0.0009999999999976694
45716000,3926,393,127388,3430,-1613,132188,101,19230,414,1,35024,0.0010000000000047748
45717000,6752,-2489,128131,-1491,422,125226,125,19230,512,0,35025,0.0009999999999976694
45718000,9447,-5039,129533,8813,-7367,125109,99,19225,512,0,35026,0.0009999999999976694
45719000,6798,-4330,129524,13494,-14254,137610,106,19231,405,0,35027,0.0010000000000047748
45720000,-1994,-1536,133081,-20286,-4568,128467,106,19227,434,1,35028,0.0009999999999976694
45721000,-2174,1356,134706,-9937,5820,131129,148,19222,606,1,35029,0.0009999999999976694
45722000,-8668,18560,133183,7799,8587,122739,111,19229,455,1,35030,0.0010000000000047748
45723001,-187,-4010,127573,-18360,-17451,134728,96,19229,393,1,35031,0.0010009999999951447
45724000,-739,-14621,127193,-7399,-14126,135921,130,19225,393,0,35032,0.0009990000000001942
45725001,3007,1654,130190,8054,2192,120642,112,19231,532,0,35033,0.00100100000000225
45726001,-4139,10804,131178,-8799,3363,126157,112,19227,459,0,35034,0.0009999999999976694
45727000,-7242,-2709,131131,-21669,-5725,134261,118,19220,483,1,35035,0.0009990000000001942
45728000,-9425,1030,130473,-5551,2279,130989,118,19228,483,1,35036,0.0009999999999976694
45729000,-8862,13474,128379,-8482,15243,120577,104,19228,426,1,35037,0.0010000000000047748
45730001,-1773,8323,128162,-7562,2610,126876,117,19232,426,0,35038,0.00100100000000225
45731000,-2562,-12904,124550,-8410,-16738,132255,94,19216,479,0,35039,0.0009989999999930887
45732003,1355,-2936,128354,-7244,-6432,124358,94,19232,385,0,35040,0.001003000000004306
45733002,-5279,1850,127744,-6950,2371,124715,105,19229,430,0,35041,0.0009990000000001942
45734000,-6032,18746,130534,-10813,10633,118747,138,19225,565,1,35042,0.0009979999999956135
45735000,-10575,-3115,124351,-4549,-10458,133978,116,19232,475,1,35043,0.0010000000000047748
45736001,-5426,8801,126281,-16614,8339,123425,102,19232,475,1,35044,0.0010009999999951447
45737000,432,10618,127873,234,6856,118021,131,19228,418,0,35045,0.0009990000000001942
45738000,650,846,123995,7417,-1559,123848,131,19229,537,0,35046,0.0010000000000047748
45739000,4630,-11587,123969,-12272,-16096,135488,122,19227,500,0,35047,0.0009999999999976694
45740000,-3447,-526,126306,1553,-2522,126760,119,19223,487,1,35048,0.0009999999999976694
45741000,-1537,25902,127369,-8650,23199,115885,143,19230,586,1,35049,0.0010000000000047748
45742000,-1364,8506,124595,-6596,5426,125621,104,19230,586,1,35050,0.0009999999999976694
45743001,6153,-1846,123641,7801,-6321,127391,108,19237,426,0,35051,0.00100100000000225
45744000,10362,-10543,121271,2511,-14556,126055,108,19226,442,0,35052,0.0009990000000001942
45745000,7619,12829,125656,8589,9986,118328,93,19230,381,0,35053,0.0009999999999976694
45746000,7401,-615,126716,7955,-4543,126654,109,19227,446,0,35054,0.0009999999999976694
45747001,3137,-7949,126254,-1647,-11721,133251,131,19226,537,1,35055,0.00100100000000225
45748001,3055,18103,131813,1610,15458,123368,115,19226,537,1,35056,0.0009999999999976694
45749000,3018,541,125418,6835,-2224,123539,95,19230,471,1,35057,0.0009990000000001942
45750001,10843,6675,126955,3659,2594,123376,95,19230,389,0,35058,0.00100100000000225
45751000,9467,-7226,126845,5941,-8905,136506,145,19233,594,0,35059,0.0009990000000001942
45752002,9129,-15503,126007,13642,-17993,128076,102,19225,418,0,35060,0.0010019999999997253
45753000,2639,4570,131531,1110,-1272,126805,105,19224,430,1,35061,0.000998000000002719
45754000,733,11358,130404,-11122,6830,126911,124,19224,430,1,35062,0.0009999999999976694
45755002,-594,11795,130469,7629,2413,127679,110,19229,508,1,35063,0.0010019999999997253
45756000,-821,-3971,128221,3851,-10094,131223,110,19228,451,1,35064,0.000998000000002719
45757000,8532,-2413,128029,-15880,-10008,126944,104,19220,426,0,35065,0.0009999999999976694
45758001,11686,-9754,128598,23776,-9744,130274,109,19232,446,0,35066,0.00100100000000225
45759000,7227,826,128784,-12143,841,128799,101,19228,414,0,35067,0.0009990000000001942
45760000,2923,11217,130767,-17681,8951,122638,121,19228,414,1,35068,0.0009999999999976694
45761000,-4983,2636,131529,8463,-2766,134974,112,19220,496,1,35069,0.0009999999999976694
45762000,-8604,3464,131353,1134,-3726,126133,112,19220,459,1,35070,0.0010000000000047748
45763002,-4998,-8749,129538,-23722,-18824,134759,94,19232,385,0,35071,0.0010019999999997253
45764000,-344,-343,131264,-1489,1168,130635,134,19230,549,0,35072,0.0009979999999956135
45765000,1534,3385,129342,9390,-3314,125377,115,19226,471,0,35073,0.0010000000000047748
45766000,-4065,8139,130529,-21376,5952,124506,117,19226,479,0,35074,0.0009999999999976694
45767000,-7454,8801,132042,-16990,-3911,131120,143,19223,479,1,35075,0.0009999999999976694
45768000,-4457,-1963,129028,-5851,4038,132397,115,19228,586,1,35076,0.0010000000000047748
45769000,-5730,16104,134240,-5088,5306,120550,115,19231,471,1,35077,0.0009999999999976694
45770000,-3843,-765,126424,-9165,-2917,128616,103,19221,422,0,35078,0.0009999999999976694
45771000,-4552,-4107,126908,-13105,-2631,134425,137,19232,561,0,35079,0.0010000000000047748
45772000,-1172,-2577,124247,-1379,-2260,123005,105,19232,430,0,35080,0.0009999999999976694
45773000,-907,13718,128000,-9251,12872,123520,117,19228,430,1,35081,0.0009999999999976694
45774000,-7910,15114,127729,-10387,8448,119401,113,19223,479,1,35082,0.0010000000000047748
45775000,-4761,4751,128854,-9836,-239,131380,113,19231,463,1,35083,0.0009999999999976694
45776002,-414,-1640,125826,-1321,-4847,133305,103,19232,422,1,35084,0.0010019999999997253
45777001,-437,4893,125630,884,3120,119321,130,19228,532,0,35085,0.0009990000000001942
45778000,2985,-2169,124276,-8641,-5669,127205,100,19230,410,0,35086,0.0009990000000001942
45779000,863,5332,125293,-5511,752,121733,103,19230,410,0,35087,0.0009999999999976694
45780000,603,10015,125316,-1029,8562,137942,148,19225,422,1,35088,0.0010000000000047748
45781000,-6111,5613,122910,391,5283,112456,148,19231,606,1,35089,0.0009999999999976694
45782000,2668,18516,127921,-10124,15121,117848,112,19228,459,1,35090,0.0009999999999976694
45783002,8141,1521,125107,7859,-3893,130843,98,19227,401,0,35091,0.0010019999999997253
45784000,9892,-2502,123400,15332,-6707,120168,100,19230,410,0,35092,0.000998000000002719
45785000,5366,-12019,125177,819,-16020,138046,113,19230,410,0,35093,0.0009999999999976694
45786000,1315,11010,127661,-1738,8464,113755,119,19230,463,0,35094,0.0010000000000047748
45787000,5979,5466,129719,8416,2377,130483,119,19223,487,1,35095,0.0009999999999976694
45788000,2772,6402,128181,3562,3561,127595,109,19230,446,1,35096,0.0009999999999976694
45789000,6951,15365,126591,-460,12323,125358,105,19232,430,1,35097,0.0010000000000047748
45790002,9759,1646,125152,8803,-1575,126296,119,19222,487,0,35098,0.0010019999999997253
45791000,13760,-8138,127812,11489,-11991,125957,94,19222,487,0,35099,0.0009979999999956135
45792000,8181,-13312,127233,13721,-17634,143708,102,19231,385,0,35100,0.0009999999999976694
45793000,4049,5050,128101,-9908,986,119286,102,19230,418,1,35101,0.0010000000000047748
45794000,270,13807,134304,-93,10059,126045,135,19233,553,1,35102,0.0009999999999976694
45795000,-1864,9804,129875,8325,7095,128373,116,19232,475,1,35103,0.0009999999999976694
45796000,4379,-11491,126372,-10877,-15436,135983,103,19225,422,1,35104,0.0010000000000047748
45797000,8832,-8277,129801,7445,-12222,123397,146,19225,422,0,35105,0.0009999999999976694
45798000,9559,6283,128729,20711,2867,124434,111,19229,598,0,35106,0.0009999999999976694
45799006,1645,-1287,130393,-6503,-4738,131939,111,19232,455,0,35107,0.0010060000000038372
45800000,1831,4918,136443,-18651,5417,129544,111,19222,455,1,35108,0.0009939999999986071
45801000,-8470,3483,130572,11837,-3038,130168,140,19228,573,1,35109,0.0009999999999976694
45802000,-7232,5761,131088,-8160,3761,125186,107,19228,438,1,35110,0.0010000000000047748
45803000,-2310,-10968,129355,-19621,-17460,137419,116,19228,438,0,35111,0.0009999999999976694
45804000,6815,-179,128497,12110,2723,121600,91,19221,475,0,35112,0.0009999999999976694
45805006,-2503,7635,130675,-11810,-2358,126392,107,19231,373,0,35113,0.0010060000000038372
45806001,-3633,1452,132399,-10420,367,132637,107,19228,438,0,35114,0.0009949999999960824
45807000,-7311,1502,129608,-10863,-1011,131894,137,19225,561,1,35115,0.0009990000000001942
45808001,-10360,4290,129291,-13261,9145,131671,117,19230,479,1,35116,0.00100100000000225
45809000,-3544,13749,130696,-11812,10039,118275,101,19230,414,1,35117,0.0009990000000001942
45810000,-4522,2588,126481,-2094,-8836,132243,153,19229,414,0,35118,0.0009999999999976694
45811000,-2006,-10046,125548,-5210,-6287,130126,102,19229,627,0,35119,0.0010000000000047748
45812002,-797,673,128761,-7186,24,124869,102,19227,418,0,35120,0.0010019999999997253
45813000,-5293,10286,128460,-4620,10393,124965,105,19224,430,1,35121,0.0009979999999956135
45814000,-9763,16910,129441,-16612,5739,121794,131,19226,537,1,35122,0.0010000000000047748
45815000,-7398,-11163,127572,-4990,487,136971,113,19226,463,1,35123,0.0009999999999976694
45816000,-576,7538,126703,-1855,-2375,117588,112,19228,463,0,35124,0.0009999999999976694
45817000,-356,-3942,121772,-9316,-9919,130330,95,19220,459,0,35125,0.0010000000000047748
45818000,4006,2287,124860,5480,1608,123945,95,19228,389,0,35126,0.0009999999999976694
45819000,-1991,5853,125021,-4498,728,118419,112,19231,459,0,35127,0.0009999999999976694
45820000,-1343,11158,127668,-9789,5561,127535,128,19220,524,1,35128,0.0010000000000047748
45821000,-4473,10798,126603,-884,7312,123370,116,19220,475,1,35129,0.0009999999999976694
45822000,4053,2210,124574,5552,557,126846,97,19234,475,1,35130,0.0009999999999976694
45823000,6138,10446,124258,2009,10529,116339,135,19230,397,0,35131,0.0010000000000047748
45824000,7893,-6240,122116,3016,-7871,132121,135,19233,553,0,35132,0.0009999999999976694
45825000,9652,-8210,123712,14631,-9846,124933,110,19228,451,0,35133,0.0009999999999976694
45826000,2335,493,127158,-163,-4271,125775,112,19223,459,1,35134,0.0010000000000047748
45827000,2221,4147,127812,-1308,6723,125995,136,19232,557,1,35135,0.0009999999999976694
45828000,2446,11120,129993,6219,4065,121298,110,19232,557,1,35136,0.0009999999999976694
45829000,10508,-6649,124765,3076,-10530,135928,103,19232,451,1,35137,0.0010000000000047748
45830000,11067,4712,126527,8010,1643,120962,103,19225,422,0,35138,0.0009999999999976694
45831000,8952,703,128226,12516,-4476,126830,112,19234,459,0,35139,0.0009999999999976694
45832000,8000,-7599,127553,5524,-10822,134072,103,19228,422,0,35140,0.0010000000000047748
45833000,1190,-2217,129744,-4156,-3884,131471,116,19223,475,1,35141,0.0009999999999976694
45834000,512,7838,128688,1726,3724,125584,110,19223,475,1,35142,0.0009999999999976694
45835000,1945,21124,129209,2563,17739,117989,101,19229,451,1,35143,0.0010000000000047748
45836000,6868,-5210,126893,-1085,-9247,133391,101,19230,414,0,35144,0.0009999999999976694
45837000,10104,-14825,126553,3231,-18395,130622,133,19224,545,0,35145,0.0009999999999976694
45838000,6015,-2891,129936,17268,-7820,123713,100,19230,410,0,35146,0.0010000000000047748
45839000,2674,-1490,129345,-7590,-5474,134702,103,19228,422,0,35147,0.0009999999999976694
45840011,-1667,9637,134685,-15158,6855,124430,150,19228,422,1,35148,0.0010109999999983188
45841003,-4938,-4602,132387,2627,-7832,137117,110,19227,614,1,35149,0.0009920000000036566
45842000,-6928,8313,130257,-4046,3726,122612,110,19233,451,1,35150,0.0009969999999981383
45843002,17,-8511,127549,-16797,-13616,135615,98,19223,401,0,35151,0.0010019999999997253
45844002,862,-3087,128288,4022,-10009,124407,118,19228,483,0,35152,0.0009999999999976694
45845000,-808,5028,130232,-1630,2879,127411,109,19233,446,0,35153,0.000998000000002719
45846000,-6678,5654,133146,-16530,2418,130721,118,19233,446,1,35154,0.0009999999999976694
45847000,-9545,2082,131516,-11330,1342,131339,111,19220,483,1,35155,0.0010000000000047748
45848000,-8355,8820,129993,-10529,6187,126769,111,19228,455,1,35156,0.0009999999999976694
45849001,-2985,11090,131333,-8264,7398,123263,105,19234,430,1,35157,0.00100100000000225
45850000,-4087,-2512,126295,-5798,-14388,132717,122,19221,500,0,35158,0.0009990000000001942
45851000,-1803,-1190,125837,-12019,-5890,129401,98,19234,401,0,35159,0.0009999999999976694
45852001,-934,3587,126817,-4950,-1159,121458,105,19234,430,0,35160,0.00100100000000225
45853000,-5469,7437,130288,-5709,11333,130344,143,19229,430,1,35161,0.0009989999999930887
45854000,-6952,6933,125851,-10901,132,122994,115,19225,586,1,35162,0.0010000000000047748
45855000,-7868,12057,126694,-12270,13902,122310,115,19227,471,1,35163,0.0009999999999976694
45856000,1399,3045,126521,3268,-8085,130417,101,19226,414,0,35164,0.0009999999999976694
45857001,-1124,-7216,123221,2769,-6684,126312,114,19231,467,0,35165,0.00100100000000225
45858000,1687,-2408,125319,-11576,-5157,131253,111,19231,455,0,35166,0.0009990000000001942
45859002,-180,6491,126360,174,10216,118146,117,19231,455,0,35167,0.0010019999999997253
45860000,-1236,17695,127349,313,5361,124738,135,19220,479,1,35168,0.000998000000002719
45861000,-1507,2930,125938,-5355,-10048,124381,135,19231,553,1,35169,0.0009999999999976694
45862000,1563,4499,125064,-1422,8139,122410,101,19232,414,1,35170,0.0009999999999976694
45863000,8079,13786,128173,6674,-218,119939,109,19227,446,0,35171,0.0010000000000047748
45864000,10363,1576,123119,16530,-8403,121559,95,19227,389,0,35172,0.0009999999999976694
45865000,4541,-12048,125441,-3608,-17097,140606,115,19228,389,0,35173,0.0009999999999976694
45866000,4098,-2932,126001,-1047,1017,117772,139,19224,471,1,35174,0.0010000000000047748
45867000,3295,20216,129264,9992,16139,123142,139,19226,569,1,35175,0.0009999999999976694
45868000,4038,6062,126986,1505,1300,129098,113,19229,463,1,35176,0.0009999999999976694
45869000,9432,-1071,124364,2551,-5056,122974,94,19228,385,1,35177,0.0010000000000047748
45870003,11518,1768,126874,8345,-5140,127070,150,19232,614,0,35178,0.0010029999999972006
45871000,11374,-2793,124104,12134,-6113,127549,105,19232,614,0,35179,0.0009969999999981383
45872000,5124,-4485,130143,1867,-7551,131131,109,19232,430,0,35180,0.0010000000000047748
45873000,4681,2362,128942,-9714,-3473,133803,109,19224,446,1,35181,0.0009999999999976694
45874000,-292,7007,128151,4544,5666,126437,123,19228,504,1,35182,0.0009999999999976694
45875001,3008,14756,132209,8458,9142,117785,105,19231,430,1,35183,0.00100100000000225
45876022,8069,-4462,125979,-5996,-9907,131922,110,19229,451,0,35184,0.001021000000001493
45877000,7453,-8503,130079,9911,-11217,131017,98,19229,451,0,35185,0.0009779999999963707
45878000,5034,-3464,129556,14763,-7852,127971,107,19231,401,0,35186,0.0010000000000047748
45879008,-2416,5606,131133,-20593,4657,127697,107,19228,438,0,35187,0.0010079999999987876
45880000,-575,12220,135679,-11093,8890,127204,123,19221,504,1,35188,0.0009919999999965512
45881000,-8711,-1414,130483,8308,-4815,133698,109,19232,446,1,35189,0.0010000000000047748
45882000,-2167,4088,130795,-12468,-166,127539,96,19231,393,1,35190,0.0009999999999976694
45883001,-1,-5981,128794,-16197,-8836,134493,141,19231,393,0,35191,0.00100100000000225
45884002,4320,-1091,128536,13581,-5721,125463,110,19232,577,0,35192,0.0010009999999951447
45885002,-2987,5159,130333,-6248,1271,127085,110,19228,451,0,35193,0.0010000000000047748
45886000,-7068,815,131184,-26001,-2193,138158,114,19224,467,1,35194,0.0009979999999956135
45887000,-10237,7889,129981,-4731,4740,122477,131,19226,537,1,35195,0.0010000000000047748
45888000,-8367,7012,129960,-9966,2940,133715,113,19231,463,1,35196,0.0009999999999976694
45889000,-2373,10463,129072,-10985,7030,122742,106,19231,463,1,35197,0.0009999999999976694
45890000,-1854,-4181,126297,-5621,-7979,135993,140,19222,434,0,35198,0.0010000000000047748
45891000,993,-3106,126925,-1595,-7982,117613,140,19233,573,0,35199,0.0009999999999976694
45892000,-4429,9803,129336,-5693,7951,127958,107,19230,438,0,35200,0.0009999999999976694
45893000,-5439,5370,129048,-13568,530,126851,121,19221,496,1,35201,0.0010000000000047748
45894000,-5470,11444,129164,-3209,9336,126082,113,19228,463,1,35202,0.0009999999999976694
45895000,-5651,4807,126819,-8437,1835,126574,102,19228,463,1,35203,0.0009999999999976694
45896000,82,14112,126934,-4227,12139,114176,135,19230,418,0,35204,0.0010000000000047748
45897000,-1663,-4315,123823,-2515,-6000,132815,135,19235,553,0,35205,0.0009999999999976694
45898000,2977,-4122,124694,2640,-566,123346,113,19226,463,0,35206,0.0009999999999976694
45899000,-2767,7575,125820,-2544,8353,124600,115,19226,471,0,35207,0.0010000000000047748
45900000,-1954,12114,127802,-7078,11294,124161,157,19227,643,1,35208,0.0009999999999976694
45901000,1868,8877,126951,228,490,124628,113,19227,463,1,35209,0.0009999999999976694
45902000,3557,-9,125014,8197,-3929,131260,101,19232,463,1,35210,0.0010000000000047748
45903000,7958,786,122064,-1862,-1033,116489,97,19231,414,0,35211,0.0009999999999976694
45904000,12591,2107,123308,10976,-2418,125842,97,19229,397,0,35212,0.0009999999999976694
45905001,5742,3,125645,10189,-3141,126757,111,19228,455,0,35213,0.00100100000000225
45906000,3639,3955,127541,-12781,1269,128582,122,19219,500,1,35214,0.0009990000000001942
45907000,1043,8957,129261,10713,7461,125672,109,19219,446,1,35215,0.0009999999999976694
45908000,2019,11988,126942,10117,3122,122827,101,19232,446,1,35216,0.0010000000000047748
45909000,9141,-9061,123079,-5752,-4191,132256,121,19230,414,0,35217,0.0009999999999976694
45910000,13516,6256,128267,10156,237,119148,121,19226,496,0,35218,0.0009999999999976694
45911000,11240,-3720,124438,11394,-9833,129472,106,19227,434,0,35219,0.0010000000000047748
45912000,5041,-914,130403,-1822,-2845,128854,110,19227,451,0,35220,0.0009999999999976694
45913000,1723,2775,130574,5162,-4433,125772,141,19227,577,1,35221,0.0009999999999976694
45914000,394,12463,130408,-4348,9369,132419,113,19228,577,1,35222,0.0009999999999976694
45915002,2322,12488,132403,-4060,7156,123033,98,19231,463,1,35223,0.0010020000000068308
45916002,9304,-6106,129169,10463,-11121,131579,98,19226,401,0,35224,0.0009999999999976694
45917000,8576,-11424,127703,3070,-11950,130665,143,19233,586,0,35225,0.0009979999999956135
45918000,2960,-4768,130498,16642,-4083,129768,104,19231,426,0,35226,0.0010000000000047748
45919000,3884,-998,129422,-14902,-5228,132597,110,19223,451,1,35227,0.0009999999999976694
45920000,-5202,17895,131338,-15573,17638,116231,126,19223,451,1,35228,0.0009999999999976694
45921004,-3725,8661,134553,7109,1792,133706,103,19230,516,1,35229,0.0010040000000017812
45922003,-4461,-11404,129281,-6087,-14872,128326,103,19233,422,1,35230,0.0009990000000001942
45923000,-4719,-25541,128615,-22497,-30263,146521,113,19224,463,0,35231,0.0009969999999981383
45924001,4947,5978,129632,5155,4620,126133,94,19228,385,0,35232,0.00100100000000225
45925000,-2767,15145,130095,3593,10629,120870,110,19225,451,0,35233,0.0009990000000001942
45926000,-4640,12229,131950,-23255,10482,128575,139,19225,451,1,35234,0.0009999999999976694
45927000,-11687,-8213,127755,-15915,-11690,134889,117,19224,569,1,35235,0.0010000000000047748
45928000,-2045,4314,129774,1867,1255,129433,117,19228,479,1,35236,0.0009999999999976694
45929000,-6248,15595,129500,-4999,12459,118695,99,19228,405,0,35237,0.0009999999999976694
45930002,-2838,-8882,125761,-16684,-11842,134481,155,19232,635,0,35238,0.0010019999999997253
45931000,-2074,-3455,126882,-4611,-7885,126774,105,19228,430,0,35239,0.000998000000002719
45932000,-1891,774,127652,-2545,-3375,128061,108,19228,430,0,35240,0.0009999999999976694
45933000,-3741,28955,129219,-376,26679,112853,133,19223,442,1,35241,0.0010000000000047748
45934000,-10804,1261,126701,-17637,-2094,130959,133,19227,545,1,35242,0.0009999999999976694
45935000,1514,-4950,128048,-14051,-8901,134522,112,19228,459,1,35243,0.0009999999999976694
45936000,-1599,11801,127869,9916,9522,119391,112,19222,459,0,35244,0.0010000000000047748
45937000,1723,-5991,122742,-1587,-9412,127815,88,19229,360,0,35245,0.0009999999999976694
45938000,-576,6033,125109,-7745,2316,127486,109,19229,360,0,35246,0.0009999999999976694
45939000,1911,417,124182,-4591,-2607,126818,129,19227,446,1,35247,0.0010000000000047748
45940000,-29,20166,127944,3577,15993,114341,129,19221,528,1,35248,0.0009999999999976694
45941000,-3909,12691,126037,-8266,11774,133301,116,19233,475,1,35249,0.0009999999999976694
45942000,9820,-1652,122425,-1724,-3801,125256,99,19231,405,0,35250,0.0010000000000047748
45943000,4944,-4182,122790,14946,-5062,132216,136,19228,557,0,35251,0.0009999999999976694
45944000,12975,-1004,123066,-3106,-2654,119406,117,19228,479,0,35252,0.0009999999999976694
45945000,5072,12713,125556,11310,6374,120457,116,19229,479,0,35253,0.0010000000000047748
45946000,6152,-6081,126475,5280,-8570,136186,137,19224,475,1,35254,0.0009999999999976694
45947000,5840,3037,128761,5566,6794,121310,137,19225,561,1,35255,0.0009999999999976694
45948000,4331,14298,127318,12399,6839,122576,112,19231,459,1,35256,0.0010000000000047748
45949000,9003,7094,126337,-2642,3232,119046,107,19221,438,0,35257,0.0009999999999976694
45950000,7690,192,128849,5844,-12355,138146,106,19221,434,0,35258,0.0009999999999976694
45951000,11328,-24321,123266,21208,-21674,136579,101,19232,434,0,35259,0.0010000000000047748
45952002,1099,7024,131695,-3332,9844,117188,113,19230,414,1,35260,0.0010019999999997253
45953002,2486,13823,132316,-7922,5488,127722,113,19222,463,1,35261,0.0009999999999976694
45954000,830,8249,130414,11895,6313,126125,113,19232,463,1,35262,0.000998000000002719
45955000,993,172,130529,-2044,-10183,137144,103,19232,422,1,35263,0.0009999999999976694
45956000,10101,-16967,125207,1476,-15805,129047,135,19232,553,0,35264,0.0009999999999976694
45957000,5697,11485,133149,19493,798,119663,101,19224,553,0,35265,0.0010000000000047748
45958000,7417,-14015,127548,-128,-19982,141247,102,19229,414,0,35266,0.0009999999999976694
45959000,2392,2402,132912,-21814,8489,128542,102,19227,418,1,35267,0.0009999999999976694
45960000,-7804,13796,133019,7408,9974,122728,152,19229,623,1,35268,0.0010000000000047748
45961000,-7847,5058,128278,-3442,-1556,127417,112,19233,459,1,35269,0.0009999999999976694
45962000,-1361,-6100,129847,-21344,-12219,131975,103,19224,422,1,35270,0.0009999999999976694
45963000,-856,-18832,127712,6055,-17961,138415,116,19224,422,0,35271,0.0010000000000047748
45964000,4575,10578,129659,-3242,11953,116319,107,19232,475,0,35272,0.0009999999999976694
45965000,-7349,4054,134219,-14668,-7327,132643,107,19229,438,0,35273,0.0009999999999976694
45966000,-7233,-3709,129170,-12192,-6459,129425,120,19220,491,1,35274,0.0010000000000047748
45967000,-9440,7511,130725,-12530,4660,129690,112,19228,459,1,35275,0.0009999999999976694
45968000,-7526,5987,129509,-10873,6073,125945,104,19232,426,1,35276,0.0009999999999976694
45969000,-3583,12895,130096,-3402,4743,116075,126,19232,426,0,35277,0.0010000000000047748
45970000,-4403,-14047,123206,-3809,-19105,141237,106,19216,516,0,35278,0.0009999999999976694
45971000,-2793,-1977,128765,-10955,-2654,125014,106,19226,434,0,35279,0.0009999999999976694
45972000,-4911,6543,127831,-12706,3774,120678,108,19225,442,1,35280,0.0010000000000047748
45973000,-3654,16619,129018,-2411,13444,125705,145,19229,594,1,35281,0.0009999999999976694
45974000,-8318,956,125926,-11723,-2092,126365,118,19231,483,1,35282,0.0009999999999976694
45975000,-3632,3779,125786,-10340,436,129467,105,19231,483,1,35283,0.0010000000000047748
45976002,2527,2927,123716,-1367,-673,125972,115,19224,430,0,35284,0.0010019999999997253
45977000,2670,3674,125696,1951,1798,121834,115,19234,471,0,35285,0.0009979999999956135
45978002,3050,9208,128157,-7453,6130,127445,108,19229,442,0,35286,0.0010019999999997253
45979002,-2604,-3697,122703,-2835,-6935,127191,112,19225,459,1,35287,0.0010000000000047748
45980000,-4548,17948,128040,-8723,15083,129838,129,19230,528,1,35288,0.0009979999999956135
45981000,3993,14541,123730,-2328,11493,112823,101,19230,528,1,35289,0.0009999999999976694
45982000,6363,5228,125199,13270,2342,124287,115,19229,414,0,35290,0.0010000000000047748
45983000,8088,-9031,124118,97,-13174,134379,115,19223,471,0,35291,0.0009999999999976694
45984000,8303,-5145,126006,-702,-7804,118165,100,19229,410,0,35292,0.0009999999999976694
45985000,4626,442,127860,11576,-3760,129854,111,19229,455,0,35293,0.0010000000000047748
45986000,2575,5184,125780,4805,1458,118049,136,19227,557,1,35294,0.0009999999999976694
45987000,792,10821,129070,-6646,11333,129661,113,19227,463,1,35295,0.0009999999999976694
45988002,7550,5789,127641,3456,3860,120435,97,19230,463,1,35296,0.0010019999999997253
45989001,9557,11544,127962,12904,2386,121261,142,19226,397,0,35297,0.0009990000000001942
45990001,9136,-4105,127847,4502,-9649,131757,142,19236,582,0,35298,0.0010000000000047748
45991000,6322,-17394,124806,5973,-14828,128059,105,19228,430,0,35299,0.0009990000000001942
45992000,4304,-1508,133161,3722,-5055,134845,105,19224,430,1,35300,0.0009999999999976694
45993001,322,12447,127813,-2042,20077,116385,124,19224,508,1,35301,0.00100100000000225
45994000,476,16737,133394,933,8502,129527,107,19227,508,1,35302,0.0009990000000001942
45995000,7227,-5973,126209,4475,-17187,133660,113,19236,438,1,35303,0.0009999999999976694
45996000,7873,-11945,126230,4755,-15416,125625,113,19215,463,0,35304,0.0009999999999976694
45997000,7690,3180,131967,9044,-335,128993,89,19230,365,0,35305,0.0010000000000047748
45998000,3109,-3086,127932,-9506,-2694,125614,105,19228,430,0,35306,0.0009999999999976694
45999002,1885,7016,133413,-11539,4187,134982,129,19228,528,1,35307,0.0010019999999997253
46000002,-7309,-1229,132501,4261,-4565,129182,113,19221,528,1,35308,0.0009999999999976694
46001000,-7677,5333,130120,-8315,2882,123172,97,19225,463,1,35309,0.000998000000002719
46002000,-426,5378,130390,-17286,-3983,130966,97,19229,397,0,35310,0.0009999999999976694
46003000,-443,-7404,128070,4387,-7068,128447,146,19230,598,0,35311,0.0010000000000047748
46004000,1595,1024,131475,1036,-385,126773,121,19227,496,0,35312,0.0009999999999976694
46005000,-10130,6346,130714,-23503,3152,123948,119,19224,487,0,35313,0.0009999999999976694
46006000,-4976,5261,132332,-10904,4428,133214,136,19224,487,1,35314,0.0010000000000047748
46007000,-7076,4890,129870,-4227,2085,128042,113,19226,557,1,35315,0.0009999999999976694
46008000,-3547,11388,129149,-12111,8480,124686,113,19229,463,1,35316,0.0009999999999976694
46009000,-3989,-1834,127144,-9608,-4875,128418,110,19221,451,0,35317,0.0010000000000047748
46010000,-3306,-4500,126105,-4780,-6143,128296,130,19233,532,0,35318,0.0009999999999976694
46011000,129,4169,128637,-1675,2598,130891,104,19233,426,0,35319,0.0009999999999976694
46012000,-8928,-1567,125598,-11286,-3823,123302,121,19233,426,1,35320,0.0010000000000047748
46013003,-4005,15759,129469,-13769,15044,120831,115,19222,496,1,35321,0.0010029999999972006
46014002,-8240,10547,127431,-3383,5960,130757,115,19228,471,1,35322,0.0009990000000001942
46015000,294,1419,122927,1111,-631,124910,103,19227,422,0,35323,0.000998000000002719
46016000,173,3389,126376,-11657,-1633,120869,135,19232,553,0,35324,0.0009999999999976694
46017000,3295,-5999,122758,-1800,-10008,126654,105,19233,430,0,35325,0.0009999999999976694
46018000,2841,2873,128201,3895,-39,129478,110,19233,430,0,35326,0.0010000000000047748
46019001,-4157,2628,124212,-9040,-854,126342,156,19222,451,1,35327,0.0010009999999951447
46020000,-1669,18823,127676,-2556,17001,121097,156,19229,639,1,35328,0.0009990000000001942
46021002,1242,6156,123763,-974,2745,122153,111,19231,455,1,35329,0.0010019999999997253
46022002,11281,7107,124928,6647,2737,123672,100,19224,410,0,35330,0.0010000000000047748
46023003,7986,4179,122641,11751,575,125943,89,19230,365,0,35331,0.0010009999999951447
46024000,6951,-9413,124219,5583,-13350,127430,116,19230,365,0,35332,0.0009970000000052437
46025001,7508,276,127738,4832,-4969,127832,125,19231,475,0,35333,0.0010009999999951447
46026000,1673,4839,128453,3754,2234,124974,125,19221,512,1,35334,0.0009990000000001942
46027000,6651,21562,128906,7657,18153,123605,112,19228,459,1,35335,0.0010000000000047748
46028000,4419,-6206,124827,814,-8859,127486,100,19233,410,1,35336,0.0009999999999976694
46029001,14652,-4314,127660,2301,-9324,127439,122,19226,500,0,35337,0.00100100000000225
46030000,9335,-484,127210,15087,-3304,129431,101,19226,500,0,35338,0.0009990000000001942
46031000,4847,-3409,127779,10269,-7953,126193,106,19229,414,0,35339,0.0009999999999976694
46032002,5133,6224,130325,-8602,1506,128007,140,19231,434,1,35340,0.0010019999999997253
46033000,-1400,10205,131027,-776,5533,127548,140,19225,573,1,35341,0.000998000000002719
46034000,4880,9713,130669,13059,6821,123713,113,19228,463,1,35342,0.0009999999999976694
46035000,1861,3410,129196,-5227,3963,131632,102,19222,418,1,35343,0.0009999999999976694
46036000,15241,-12654,126559,-1075,-12691,130785,149,19222,610,0,35344,0.0010000000000047748
46037000,6651,-2567,129723,29194,-3939,133480,107,19233,610,0,35345,0.0009999999999976694
46038001,3067,-5105,129821,-10006,-5399,124944,112,19229,438,0,35346,0.00100100000000225
46039001,-1238,22613,134247,-13795,12877,123942,112,19224,459,1,35347,0.0009999999999976694
46040000,-7347,-5528,130431,1906,-8811,140401,125,19229,512,1,35348,0.0009990000000001942
46041000,-4518,-3060,129915,-10955,-6348,127550,102,19228,418,1,35349,0.0009999999999976694
46042000,-473,-1860,128342,-8788,-637,128725,116,19228,475,0,35350,0.0009999999999976694
46043000,1405,8841,129948,5510,4695,121791,98,19222,475,0,35351,0.0010000000000047748
46044000,32,756,130329,-6532,-4816,134981,110,19227,401,0,35352,0.0009999999999976694
46045000,-3573,-3000,130582,-16856,-3852,131497,110,19226,451,1,35353,0.0009999999999976694
46046000,-11215,1159,130558,-7363,4877,130901,140,19226,573,1,35354,0.0010000000000047748
46047000,-10498,11875,133192,-14126,6361,121766,116,19232,475,1,35355,0.0009999999999976694
46048000,-3200,6973,128888,-9033,-1758,131010,99,19232,405,1,35356,0.0009999999999976694
46049000,-3689,-8037,125934,-6347,-8223,136943,161,19228,405,0,35357,0.0010000000000047748
46050000,-1503,-8328,125824,-2717,-5430,122853,105,19236,659,0,35358,0.0009999999999976694
46051000,-2674,14898,127629,-10143,6297,122548,105,19224,430,0,35359,0.0009999999999976694
46052000,-4754,7082,127788,-11286,1703,125947,112,19224,459,1,35360,0.0010000000000047748
46053000,-7401,3970,129591,-3350,593,131604,126,19224,516,1,35361,0.0009999999999976694
46054001,-8606,2874,126544,-10395,-775,124537,113,19238,463,1,35362,0.00100100000000225
46055000,-3718,7162,126234,-5610,7179,122392,113,19238,463,0,35363,0.0009990000000001942
46056000,469,-741,125370,-1090,-6731,129634,92,19221,463,0,35364,0.0009999999999976694
46057001,3207,-3560,122669,-1042,-4875,124855,92,19229,377,0,35365,0.00100100000000225
46058000,-2143,1498,126104,-3508,1670,128482,110,19227,451,0,35366,0.0009990000000001942
46059000,-1198,4432,125713,-6368,489,119141,133,19223,545,1,35367,0.0009999999999976694
46060000,-2382,13215,127236,1919,8312,127053,113,19237,463,1,35368,0.0009999999999976694
46061002,971,2921,124175,1564,-1082,129511,96,19237,463,1,35369,0.0010019999999997253
46062001,8314,8827,125494,-1436,6394,114321,130,19229,393,0,35370,0.0009990000000001942
46063000,8789,6062,125819,14309,-2880,126482,130,19231,532,0,35371,0.0009990000000001942
46064001,9624,-12475,123474,9571,-16899,130171,112,19232,459,0,35372,0.00100100000000225
46065000,2758,-4202,126958,808,-6109,131263,115,19224,471,1,35373,0.0009990000000001942
46066000,170,12535,132018,-4796,9989,119230,134,19228,549,1,35374,0.0009999999999976694
46067007,2477,12699,126159,4612,8929,124451,109,19228,549,1,35375,0.0010070000000013124
46068002,7068,-5418,124762,7732,-8707,128285,103,19231,446,1,35376,0.0009950000000031878
46069000,11250,-839,123717,-2219,-4029,125819,103,19223,422,0,35377,0.0009979999999956135
46070000,10087,-2202,125423,11265,-5423,127805,105,19230,430,0,35378,0.0010000000000047748
46071000,8463,-1577,128507,15833,-5909,123485,104,19229,426,0,35379,0.0009999999999976694
46072000,3882,-7015,129792,-11739,-11555,136812,122,19221,500,1,35380,0.0009999999999976694
46073000,1457,8706,130567,1439,3991,124416,113,19221,500,1,35381,0.0010000000000047748
46074000,-1592,16206,130217,8308,12950,127107,101,19232,463,1,35382,0.0009999999999976694
46075000,6228,425,127533,-6022,-3241,123712,101,19231,414,0,35383,0.0009999999999976694
46076000,9393,-16771,127838,2972,-21049,135646,133,19223,545,0,35384,0.0010000000000047748
46077000,6326,-7915,128580,22913,-14258,133410,101,19230,414,0,35385,0.0009999999999976694
46078000,94,7771,131909,-7552,5662,122590,109,19227,446,0,35386,0.0009999999999976694
46079000,-1528,14054,133612,-27127,8785,125500,152,19227,623,1,35387,0.0010000000000047748
46080000,-5119,10963,132114,12620,9525,131715,108,19229,623,1,35388,0.0009999999999976694
46081000,-4412,-5983,128895,-1810,-8650,130217,100,19234,442,1,35389,0.0009999999999976694
46082000,-1403,-6845,129701,-22967,-10377,127120,100,19224,410,0,35390,0.0010000000000047748
46083000,4445,1521,130877,902,-5087,128910,114,19230,467,0,35391,0.0009999999999976694
46084000,1226,4489,131284,6753,1749,127838,109,19229,446,0,35392,0.0009999999999976694
46085000,-7521,62,131508,-19166,-2333,129724,121,19229,496,1,35393,0.0010000000000047748
46086000,-12611,6596,129576,-24909,6943,132602,112,19222,496,1,35394,0.0009999999999976694
46087000,-5213,8074,126945,-1067,14249,122399,102,19229,459,1,35395,0.0009999999999976694
46088000,-5922,10962,128923,-7388,1980,127468,102,19232,418,1,35396,0.0010000000000047748
46089000,-853,-3511,125021,-14395,-9299,126616,125,19216,512,0,35397,0.0009999999999976694
46090000,-3689,-4115,127096,-3529,-10300,131861,97,19231,397,0,35398,0.0009999999999976694
46091005,2017,2223,130582,-2919,1265,126378,104,19228,426,0,35399,0.0010049999999992565
46092002,-5993,14689,127304,-8285,12958,117798,143,19228,426,1,35400,0.0009970000000052437
46093002,-8678,10549,128709,-21086,1421,129190,117,19229,586,1,35401,0.0009999999999976694
46094000,-4962,3755,127099,-2689,-808,122190,117,19231,479,1,35402,0.000998000000002719
46095000,562,7643,126385,4841,-2157,128228,103,19223,422,0,35403,0.0009999999999976694
46096000,686,6267,125129,-3041,5142,118645,122,19232,500,0,35404,0.0009999999999976694
46097000,-1838,-5835,125445,-7742,-7682,126975,113,19229,463,0,35405,0.0010000000000047748
46098000,4617,3019,127385,1141,1928,127678,116,19229,463,0,35406,0.0009999999999976694
46099000,-3973,16558,125362,1642,14506,119114,131,19222,475,1,35407,0.0009999999999976694
46100000,-1538,10565,125621,-12173,9080,128272,131,19228,537,1,35408,0.0010000000000047748
46101000,4900,6882,124923,77,1648,118941,105,19232,430,1,35409,0.0009999999999976694
46102000,12813,-5458,122212,11812,-8488,133004,116,19227,475,0,35410,0.0009999999999976694
46103001,9977,2999,126392,8935,-2488,118520,97,19228,397,0,35411,0.00100100000000225
46104000,5785,3316,126828,-901,-6908,124729,107,19228,397,0,35412,0.0009990000000001942
46105001,4716,-6789,125289,8576,-7816,136801,137,19225,438,1,35413,0.00100100000000225
46106000,-1417,8205,128422,-2324,9066,118030,137,19230,561,1,35414,0.0009989999999930887
46107000,7585,16356,127515,1043,12240,122598,119,19228,487,1,35415,0.0010000000000047748
46108000,7202,10982,123912,16402,4495,119153,101,19231,414,1,35416,0.0009999999999976694
46109000,12086,-7537,125910,-3744,-11836,135728,139,19233,569,0,35417,0.0009999999999976694
46110000,12328,-13526,126929,14434,-15567,126071,104,19233,569,0,35418,0.0010000000000047748
46111000,3822,-1932,128897,6302,-3473,125849,106,19229,426,0,35419,0.0009999999999976694
46112000,1292,5095,131778,-9872,563,134604,106,19223,434,1,35420,0.0009999999999976694
46113000,-2148,11725,129501,3047,6030,117599,124,19226,508,1,35421,0.0010000000000047748
46114000,4376,2910,128972,-602,-1080,139407,110,19229,451,1,35422,0.0009999999999976694
46115000,6098,-328,128972,861,-2118,116563,114,19220,467,0,35423,0.0009999999999976694
46116000,10431,-3757,129510,12321,-7866,127106,91,19220,467,0,35424,0.0010000000000047748
46117000,5954,-5266,127719,7527,-9750,138121,103,19232,373,0,35425,0.0009999999999976694
46118002,-3240,-3817,131376,-14048,-6312,126500,103,19221,422,0,35426,0.0010019999999997253
46119000,-1033,6516,134721,-9305,3116,132305,127,19224,520,1,35427,0.000998000000002719
46120000,-9902,5228,129843,4327,2849,120623,115,19230,471,1,35428,0.0009999999999976694
46121000,282,1637,132072,-13169,-1306,136818,99,19227,405,1,35429,0.0009999999999976694
46122000,618,-12351,124384,-11817,-16757,132244,146,19227,598,0,35430,0.0010000000000047748
46123000,4539,7196,130226,9726,1823,121899,109,19231,598,0,35431,0.0009999999999976694
46124000,-4088,9751,131849,-6917,6523,128287,114,19227,446,0,35432,0.0009999999999976694
46125000,-7848,-5960,128814,-17690,-9559,130903,114,19224,467,1,35433,0.0010000000000047748
46126000,-7103,6503,132816,-9423,1983,131939,133,19228,545,1,35434,0.0009999999999976694
46127001,-11378,8966,128775,-9155,6585,118061,114,19231,467,1,35435,0.00100100000000225
46128000,-1349,13706,130593,-9287,10342,126679,109,19231,446,1,35436,0.0009990000000001942
46129000,-3434,-5153,125345,-8345,-6036,136155,137,19221,446,0,35437,0.0009999999999976694
46130000,-124,-4014,125411,-478,-13775,125833,106,19231,561,0,35438,0.0009999999999976694
46131000,-1818,4195,128113,-4693,7919,121748,106,19227,434,0,35439,0.0010000000000047748
46132000,-6356,8648,129157,-11209,4766,122162,122,19222,500,1,35440,0.0009999999999976694
46133000,-1190,12431,127826,-1128,3912,128667,117,19230,479,1,35441,0.0009999999999976694
46134000,-6264,-1128,125640,-13775,-4283,128859,106,19230,434,1,35442,0.0010000000000047748
46135002,902,6102,125618,5348,7431,117468,137,19228,434,0,35443,0.0010019999999997253
46136000,-1675,9580,125830,-694,742,123997,108,19232,561,0,35444,0.0009979999999956135
46137002,741,-2445,124870,-5933,-6936,128712,108,19228,442,0,35445,0.0010019999999997253
46138000,1445,686,127417,-6665,-2613,129561,112,19229,459,1,35446,0.000998000000002719
46139000,-2064,11769,126582,-683,18961,118699,155,19227,635,1,35447,0.0009999999999976694
46140000,-304,18575,127496,3198,12116,122955,111,19227,455,1,35448,0.0010000000000047748
46141000,3700,-3176,122191,-4975,-14493,132338,100,19227,455,1,35449,0.0009999999999976694
46142000,10656,-1011,122632,5965,-2498,123340,95,19226,410,0,35450,0.0009999999999976694
46143000,7992,7456,125971,7335,6953,120958,95,19229,389,0,35451,0.0010000000000047748
46144000,6868,-7438,127153,4161,-11263,131565,114,19229,467,0,35452,0.0009999999999976694
46145000,3925,2523,125534,2151,-4953,129308,122,19222,500,1,35453,0.0009999999999976694
46146001,2374,5377,126645,-4040,4181,126069,109,19231,446,1,35454,0.00100100000000225
46147000,8807,11665,128405,16347,10460,123465,101,19231,446,1,35455,0.0009990000000001942
46148000,6653,8702,126867,2370,3145,121926,124,19234,414,0,35456,0.0009999999999976694
46149000,10717,1868,126152,-1299,521,131600,124,19225,508,0,35457,0.0010000000000047748
46150000,8383,-15409,126756,18375,-19481,134792,99,19231,405,0,35458,0.0009999999999976694
46151000,7289,-6074,127509,2517,-4984,125545,104,19229,426,0,35459,0.0009999999999976694
46152000,2381,13743,132212,-6362,12728,124250,141,19228,577,1,35460,0.0010000000000047748
46153000,1366,8067,129839,4087,2089,130058,111,19228,577,1,35461,0.0009999999999976694
46154000,4395,-1806,128064,2933,-6109,130836,100,19231,455,1,35462,0.0009999999999976694
46155002,2906,-2354,130448,-3915,-6171,128444,100,19222,410,0,35463,0.0010019999999997253
46156000,8597,-20484,127906,7788,-18518,133377,144,19235,590,0,35464,0.000998000000002719
46157000,4720,8537,133134,15803,3395,128868,106,19228,434,0,35465,0.0009999999999976694
46158000,1709,-10429,126889,-18715,-14586,137555,113,19216,463,1,35466,0.0010000000000047748
46159000,-3963,18668,135182,-11888,17848,120958,124,19216,463,1,35467,0.0009999999999976694
46160000,-5952,12385,133457,7473,7558,125888,101,19228,508,1,35468,0.0009999999999976694
46161000,-3470,-8703,127926,-6226,-13447,132943,101,19232,414,1,35469,0.0010000000000047748
46162000,-328,-15893,129738,-20290,-20404,136357,115,19215,471,0,35470,0.0009999999999976694
46163000,2660,-4324,127711,8566,-7892,132794,94,19230,385,0,35471,0.0009999999999976694
46164002,-4054,20468,132150,-1288,17677,113930,110,19222,451,0,35472,0.0010019999999997253
46165002,-7630,334,131511,-27115,-2760,132741,142,19222,582,1,35473,0.0010000000000047748
46166002,-7186,-5813,128255,-6137,-8646,137675,117,19224,582,1,35474,0.0009999999999976694
46167000,-7816,5870,130770,-3828,4005,122592,117,19230,479,1,35475,0.0009979999999956135
46168000,-4117,17375,129629,-9309,13738,122401,100,19229,410,0,35476,0.0010000000000047748
46169000,-2381,-5491,127375,-12806,-6659,123539,156,19229,639,0,35477,0.0009999999999976694
46170000,-3406,-15814,125318,77,-20588,140844,104,19230,426,0,35478,0.0009999999999976694
46171000,-2758,10365,127709,-9477,5169,122757,112,19230,459,0,35479,0.0010000000000047748
46172000,-9055,17725,129471,-7771,15073,114634,129,19225,459,1,35480,0.0009999999999976694
46173000,-5886,6733,127396,-12268,4851,130179,109,19232,528,1,35481,0.0009999999999976694
46174000,561,455,125333,-12184,-4776,129056,109,19231,446,1,35482,0.0010000000000047748
46175000,330,-1416,125137,9325,-2949,127019,111,19227,455,0,35483,0.0009999999999976694
46176000,3678,-759,123646,-3221,-961,117989,93,19229,381,0,35484,0.0009999999999976694
46177000,-264,4101,125155,-6813,-762,132950,113,19229,463,0,35485,0.0010000000000047748
46178000,365,3425,124921,-547,2215,126381,133,19229,463,1,35486,0.0009999999999976694
46179000,-3822,17527,126818,-5262,10787,118350,113,19216,545,1,35487,0.0009999999999976694
46180000,-1687,12754,125301,-7997,6239,127922,113,19232,463,1,35488,0.0010000000000047748
46181000,5517,-310,122574,15544,1912,120039,95,19232,389,0,35489,0.0009999999999976694
46182000,11576,1910,124568,-543,-1393,126901,129,19234,528,0,35490,0.0009999999999976694
46183000,10038,-1423,125173,17984,-4801,122273,110,19234,451,0,35491,0.0010000000000047748
46184000,4703,-2632,125983,-639,-5065,129669,115,19225,451,0,35492,0.0009999999999976694
46185000,4595,-3084,128553,-266,-5789,126680,133,19224,471,1,35493,0.0009999999999976694
46186000,2336,9797,129077,5901,6471,125406,133,19228,545,1,35494,0.0010000000000047748
46187000,7057,3861,125637,4521,-3611,127937,106,19232,434,1,35495,0.0009999999999976694
46188000,7998,12675,128671,5680,7696,111059,103,19224,422,0,35496,0.0009999999999976694
46189000,9849,-908,124323,6723,-14994,138649,105,19232,430,0,35497,0.0010000000000047748
46190000,7376,-9885,126947,21221,-8227,129007,108,19232,430,0,35498,0.0009999999999976694
46191000,3780,-3182,128954,-9105,-7248,130522,119,19224,442,1,35499,0.0009999999999976694
46192000,2098,14320,133240,-3091,14571,120349,119,19223,487,1,35500,0.0010000000000047748
46193001,568,18528,129691,14663,14157,126001,109,19229,446,1,35501,0.0010009999999951447
46194001,1839,-14221,127013,-11853,-20583,139850,98,19232,401,1,35502,0.0010000000000047748
46195000,10241,-7153,125917,2532,-6430,120006,137,19227,561,0,35503,0.0009990000000001942
46196000,12274,-2731,129840,21611,-6038,136466,111,19227,561,0,35504,0.0009999999999976694
46197000,2217,-5277,129681,2331,-5185,124038,110,19231,455,0,35505,0.0009999999999976694
46198000,2959,8074,134405,-30188,1292,129954,110,19226,451,1,35506,0.0010000000000047748
46199000,-7765,2206,131820,9266,538,131473,148,19228,606,1,35507,0.0009999999999976694
46200000,-9477,5342,130868,1021,2614,121889,109,19231,446,1,35508,0.0009999999999976694
46201002,-2599,-5297,128097,-28536,-9424,135028,102,19222,418,0,35509,0.0010019999999997253
46202001,-910,-2265,127602,6044,-4099,126706,112,19222,418,0,35510,0.0009990000000001942
46203000,2727,5781,130798,1558,4287,122633,108,19234,459,0,35511,0.0009990000000001942
46204000,-3873,193,132343,-10830,-5609,129427,108,19228,442,0,35512,0.0010000000000047748
46205000,-8179,9779,131734,-12745,8341,126347,120,19221,491,1,35513,0.0009999999999976694
46206000,-10543,3443,131964,-14878,39,137861,112,19227,459,1,35514,0.0009999999999976694
46207000,-5056,10693,128715,-8250,8834,118958,103,19232,422,1,35515,0.0010000000000047748
46208000,-3476,2003,127179,-8303,-1640,130609,125,19232,422,0,35516,0.0009999999999976694
46209000,-4393,-3822,125515,-7170,-6582,127674,97,19222,512,0,35517,0.0009999999999976694
46210000,1820,1393,127633,-5989,-1725,124805,97,19232,397,0,35518,0.0010000000000047748
46211000,-3628,2935,127820,-8102,60,132331,105,19229,430,1,35519,0.0009999999999976694
46212000,-6890,19503,127188,-8371,16529,116423,147,19228,602,1,35520,0.0009999999999976694
46213000,-6938,1912,128273,-14560,-421,129532,116,19231,475,1,35521,0.0010000000000047748
46214000,-2472,903,124446,-3135,-2767,126402,103,19231,422,1,35522,0.0009999999999976694
46215000,3834,-242,124806,-2623,-3619,128362,115,19228,422,0,35523,0.0009999999999976694
46216000,3969,3470,125522,889,1266,117087,110,19232,471,0,35524,0.0010000000000047748
46217000,1741,2739,124916,132,-68,122247,110,19228,451,0,35525,0.0009999999999976694
46218000,-3945,4416,126237,-13350,1626,132046,117,19220,479,1,35526,0.0009999999999976694
46219002,-3051,7023,125805,-3521,4176,123442,129,19229,528,1,35527,0.0010019999999997253
46220002,-1231,11038,126266,8079,7619,124530,103,19229,422,1,35528,0.0010000000000047748
46221000,5225,11104,123799,-5141,9038,116568,113,19233,422,0,35529,0.0009979999999956135
46222000,11637,1935,125058,3003,-3020,130262,101,19228,463,0,35530,0.0010000000000047748
46223000,10619,-3240,126031,19414,-5284,124881,101,19228,414,0,35531,0.0009999999999976694
46224000,7690,2401,126387,-5321,-3527,124266,116,19227,475,0,35532,0.0009999999999976694
46225000,-596,-1798,128918,7876,-2978,129850,144,19229,590,1,35533,0.0010000000000047748
46226002,671,1473,126857,5405,1100,121667,113,19229,463,1,35534,0.0010019999999997253
46227002,10424,9807,128823,-1249,2193,126063,99,19230,463,1,35535,0.0009999999999976694
46228000,9737,6790,125041,10024,5469,120239,135,19228,405,0,35536,0.0009979999999956135
46229000,13425,6485,128198,11132,-7218,129516,135,19232,553,0,35537,0.0010000000000047748
46230000,5830,-9010,127327,9869,-22657,128968,105,19228,430,0,35538,0.0009999999999976694
46231000,5820,-9726,128131,-4986,-9992,136080,109,19228,446,1,35539,0.0009999999999976694
46232000,-2378,12593,134555,-2467,15359,118251,121,19226,496,1,35540,0.0010000000000047748
46233000,4396,22310,132131,5697,9888,124618,108,19226,496,1,35541,0.0009999999999976694
46234000,3136,-8338,126783,-429,-15543,133683,115,19227,442,1,35542,0.0009999999999976694
46235000,6216,-6169,128062,-5593,-15296,127493,115,19215,471,0,35543,0.0010000000000047748
46236000,12002,-4130,127524,18922,-1738,126068,92,19231,377,0,35544,0.0009999999999976694
46237000,473,1160,129937,-4934,2377,128126,104,19232,426,0,35545,0.0009999999999976694
46238000,5312,-4864,131092,-25443,-3818,133998,127,19226,520,1,35546,0.0010000000000047748
46239000,-6281,16126,134083,11447,6757,120447,112,19226,520,1,35547,0.0009999999999976694
46240000,-4675,5102,128106,-11336,-256,130202,99,19229,459,1,35548,0.0009999999999976694
46241001,-2143,-10503,131286,-11893,-15601,135424,99,19230,405,0,35549,0.00100100000000225
46242000,-424,-12624,128847,5095,-13429,132295,148,19236,606,0,35550,0.0009990000000001942
46243000,1452,9495,130800,-6317,9136,124562,107,19230,438,0,35551,0.0009999999999976694
46244000,-9473,12053,133559,-17428,6893,124571,112,19225,459,0,35552,0.0010000000000047748
46245000,-2499,2142,130229,-7301,-1618,134642,132,19225,459,1,35553,0.0009999999999976694
46246000,-10541,-659,127508,-5751,-798,134228,112,19230,541,1,35554,0.0009999999999976694
46247000,-4407,10929,131367,-16296,9207,122474,112,19230,459,1,35555,0.0010000000000047748
46248000,-1916,4139,127653,-4923,-2400,126517,109,19220,446,0,35556,0.0009999999999976694
46249000,-3825,-5762,126186,-6320,-8580,135399,127,19230,520,0,35557,0.0009999999999976694
46250000,-1684,-5917,128298,-4708,-7064,128736,103,19230,422,0,35558,0.0010000000000047748
46251000,-6241,8264,127670,-12299,3805,121080,120,19230,422,1,35559,0.0009999999999976694
46252000,-3629,16265,129138,-15386,11918,121278,116,19221,491,1,35560,0.0009999999999976694
46253000,-6041,4220,128675,1333,135,133775,116,19230,475,1,35561,0.0010000000000047748
46254000,-2320,7072,124924,-2380,4924,122066,105,19228,430,0,35562,0.0009999999999976694
46255001,-2187,6092,124865,-13828,3469,119629,139,19233,569,0,35563,0.00100100000000225
46256000,2507,-5486,124271,1438,-9749,128983,103,19228,422,0,35564,0.0009990000000001942
46257000,4853,-4365,123006,4571,-6926,126270,110,19228,422,0,35565,0.0009999999999976694
46258000,-3881,5131,125903,-9699,1494,126882,157,19222,451,1,35566,0.0009999999999976694
46259000,-1757,14922,127570,-4521,12012,116395,157,19227,643,1,35567,0.0010000000000047748
46260000,4051,6206,125540,4139,3736,127430,112,19234,459,1,35568,0.0009999999999976694
46261000,8449,-4155,123331,3496,-8098,130365,102,19223,418,0,35569,0.0009999999999976694
46262000,5884,6489,124017,8205,671,121288,94,19230,385,0,35570,0.0010000000000047748
46263000,7380,-2272,126463,4785,-5087,123162,111,19230,455,0,35571,0.0009999999999976694
46264000,6458,-7047,126729,5409,-10650,131108,119,19229,455,1,35572,0.0009999999999976694
46265000,113,8201,127263,1944,2288,130128,113,19223,487,1,35573,0.0010000000000047748
46266000,1472,16815,127745,-3056,12692,114980,113,19227,463,1,35574,0.0009999999999976694
46267000,8933,5012,126247,7232,3310,129028,101,19228,414,1,35575,0.0009999999999976694
46268000,9269,-9853,125411,5855,-12021,130537,127,19223,520,0,35576,0.0010000000000047748
46269000,11069,-7643,127615,5743,-9529,130875,107,19223,438,0,35577,0.0009999999999976694
46270000,5068,-2057,128201,10762,-6639,123121,109,19230,438,0,35578,0.0009999999999976694
46271000,3841,6336,130014,-1588,7255,130503,145,19227,446,1,35579,0.0010000000000047748
46272000,-1141,10538,130685,-4725,4087,130187,145,19229,594,1,35580,0.0009999999999976694
46273002,974,5813,128579,6243,-6427,125404,115,19230,471,1,35581,0.0010019999999997253
46274000,5055,9031,127437,-3230,892,125180,103,19224,422,0,35582,0.000998000000002719
46275000,11071,-7568,127557,5566,-6511,128851,129,19233,528,0,35583,0.0009999999999976694
46276000,10657,-9210,129088,11554,-11402,134506,105,19233,528,0,35584,0.0009999999999976694
46277000,1351,-4414,129405,-17002,3237,125242,112,19227,430,0,35585,0.0010000000000047748
46278000,-3429,15321,134486,-7726,10017,126094,112,19216,459,1,35586,0.0009999999999976694
46279000,-4729,601,130716,845,-8496,134541,122,19230,500,1,35587,0.0009999999999976694
46280000,-6619,-4678,129162,-13046,-7778,133254,102,19232,418,1,35588,0.0010000000000047748
46281000,2149,-5242,129810,-10944,-7976,127736,116,19222,475,0,35589,0.0009999999999976694
46282001,-1864,15404,130269,8004,8685,117696,99,19222,475,0,35590,0.00100100000000225
46283000,-606,1939,129643,-6487,-3377,136657,112,19229,405,0,35591,0.0009990000000001942
46284000,-7439,-2371,130215,-18613,-3364,133999,112,19229,459,1,35592,0.0009999999999976694
46285000,-10286,-3336,130437,-7212,-5742,134435,142,19229,582,1,35593,0.0009999999999976694
46286000,-10935,25040,132410,-10674,22783,114031,116,19230,475,1,35594,0.0010000000000047748
46287000,-1616,5223,128461,-10658,-1164,129972,99,19226,405,1,35595,0.0009999999999976694
46288005,-2544,-11189,125955,-4042,-15653,135700,165,19226,405,0,35596,0.0010049999999992565
46289002,-277,-3990,124811,-7051,-1520,123446,107,19230,676,0,35597,0.0009969999999981383
46290001,-2399,12684,126635,-7134,11394,120581,107,19235,438,0,35598,0.0009990000000001942
46291000,-4987,11178,129821,-11408,7205,124243,111,19221,455,1,35599,0.0009990000000001942
46292000,-5736,1299,126392,-10368,-5368,133432,131,19226,537,1,35600,0.0009999999999976694
46293000,-8788,5958,128770,709,214,123822,107,19229,438,1,35601,0.0010000000000047748
46294000,-124,6058,125047,-7810,4507,120976,113,19229,438,0,35602,0.0009999999999976694
46295000,-364,5980,126613,-2249,2710,121282,90,19221,463,0,35603,0.0009999999999976694
46296000,2704,78,123970,5466,-2603,130737,90,19230,369,0,35604,0.0010000000000047748
46297003,-247,-2160,126086,-8325,-5118,127625,107,19225,438,0,35605,0.0010029999999972006
46298002,-3611,14825,129445,-952,11619,120566,131,19220,537,1,35606,0.0009990000000001942
46299002,-637,9297,126266,671,6565,124328,112,19231,459,1,35607,0.0009999999999976694
46300000,293,3216,124652,-1954,509,131210,95,19231,459,1,35608,0.000998000000002719
46301000,8332,1119,122170,-2397,-3322,118634,125,19227,389,0,35609,0.0009999999999976694
46302000,13054,8555,122695,9888,3789,116702,125,19226,512,0,35610,0.0010000000000047748
46303000,5907,-2366,125941,13873,-7022,127992,120,19228,491,0,35611,0.0009999999999976694
46304000,5314,-10534,125255,-4525,-13481,131151,117,19224,479,1,35612,0.0009999999999976694
46305000,1108,2423,129841,-111,-158,129633,131,19227,537,1,35613,0.0010000000000047748
46306000,4675,14936,127345,8203,10919,117713,109,19227,446,1,35614,0.0009999999999976694
46307000,7506,3289,127000,3868,873,124296,105,19231,446,1,35615,0.0009999999999976694
46308000,8956,1724,125658,4416,-1009,125126,90,19220,430,0,35616,0.0010000000000047748
46309000,9493,-10760,124382,6380,-15802,137812,90,19233,369,0,35617,0.0009999999999976694
46310000,7821,-251,128726,15290,-4621,118277,100,19235,410,0,35618,0.0009999999999976694
46311000,3571,3280,129990,-1123,869,126640,119,19221,487,1,35619,0.0010000000000047748
46312000,1619,12671,130679,-7581,8355,129369,114,19221,467,1,35620,0.0009999999999976694
46313000,1654,2125,129055,9957,580,124228,99,19232,467,1,35621,0.0009999999999976694
46314000,5417,-3967,127200,2542,-8752,124796,136,19235,405,0,35622,0.0010000000000047748
46315001,7095,-3957,128747,-4866,-5920,130851,136,19228,557,0,35623,0.0010009999999951447
46316000,7361,-9546,130586,19464,-16152,132541,101,19231,414,0,35624,0.0009990000000001942
46317000,2867,6870,132168,-4658,1777,124502,104,19226,426,0,35625,0.0010000000000047748
46318000,-901,9005,131323,-20987,4018,130565,145,19226,594,1,35626,0.0009999999999976694
46319000,-7023,6454,131534,10636,6116,122059,110,19227,594,1,35627,0.0009999999999976694
46320000,-3518,1406,128908,-10440,-12202,127190,102,19232,451,1,35628,0.0010000000000047748
46321000,-209,-11131,130901,-19079,-13798,137815,102,19224,418,0,35629,0.0009999999999976694
46322000,5082,3205,129094,7724,2003,122491,101,19231,414,0,35630,0.0009999999999976694
46323000,-2326,1196,130336,-13355,-2485,133058,109,19228,446,0,35631,0.0010000000000047748
46324002,-4637,1116,129998,-18471,-1006,126463,126,19218,516,1,35632,0.0010019999999997253
46325000,-9001,-1856,129511,-7927,-2761,139622,115,19218,516,1,35633,0.0009979999999956135
46326000,-7965,14927,130863,-8558,14959,117856,101,19230,471,1,35634,0.0010000000000047748
46327000,-4198,14383,129411,-8667,5555,125453,101,19230,414,1,35635,0.0009999999999976694
46328000,-3663,-8863,125080,-9075,-16033,132071,130,19219,532,0,35636,0.0009999999999976694
46329000,-190,4604,127305,-7768,1227,121232,100,19229,410,0,35637,0.0010000000000047748
46330000,-1561,2711,128656,-7303,-1729,130996,105,19227,430,0,35638,0.0009999999999976694
46331006,-4814,11982,128170,-8128,17776,115531,148,19227,430,1,35639,0.0010059999999967317
46332003,-5936,7412,128017,-16859,1343,127833,117,19229,606,1,35640,0.0009970000000052437
46333000,-2674,3549,128610,-4457,-2435,127713,117,19228,479,1,35641,0.0009969999999981383
46334000,474,3450,124447,758,-4200,124071,105,19223,430,0,35642,0.0009999999999976694
46335000,-184,-7315,125600,-3841,-9760,129776,117,19224,479,0,35643,0.0010000000000047748
46336000,1333,8185,127053,-2994,4922,114260,117,19228,479,0,35644,0.0009999999999976694
46337000,144,7753,126135,-1649,3303,132848,126,19228,479,0,35645,0.0009999999999976694
46338000,-3464,13748,126244,-3366,12000,123637,134,19217,516,1,35646,0.0010000000000047748
46339000,-342,14552,123770,-6987,13499,118720,134,19230,549,1,35647,0.0009999999999976694
46340000,7280,7234,125825,5120,5638,127419,103,19231,422,1,35648,0.0009999999999976694
46341000,10983,-2593,122791,9082,-8398,125126,118,19229,483,0,35649,0.0010000000000047748
46342000,10866,-8418,124388,1339,-11799,130373,101,19228,414,0,35650,0.0009999999999976694
46343001,5475,3640,126511,1648,2460,120160,112,19228,414,0,35651,0.00100100000000225
46344000,3138,-4425,126548,8539,-8003,131886,143,19228,459,1,35652,0.0009990000000001942
46345000,1342,5829,127548,-214,4668,123031,143,19228,586,1,35653,0.0009999999999976694
46346000,6612,13962,127683,-8612,7019,121166,114,19230,467,1,35654,0.0009999999999976694
46347000,8796,9248,127596,23255,6608,129364,98,19225,401,0,35655,0.0010000000000047748
46348000,11908,5151,127943,6870,1178,119106,139,19228,569,0,35656,0.0009999999999976694
46349000,6636,-18648,126212,3424,-22028,140050,105,19228,430,0,35657,0.0009999999999976694
46350000,3080,-519,130879,1080,-3989,125526,105,19229,430,0,35658,0.0010000000000047748
46351000,6251,1488,128371,249,-1811,133211,105,19223,430,1,35659,0.0009999999999976694
46352000,-3135,16296,131817,8072,13153,120502,117,19230,479,1,35660,0.0009999999999976694
46353000,5054,-1988,128234,-13032,-6291,128279,106,19232,434,1,35661,0.0009999999999976694
46354000,9378,-15852,125583,7695,-18856,135294,115,19219,471,0,35662,0.0010000000000047748
46355000,5348,11138,130098,14719,9304,120100,91,19219,373,0,35663,0.0009999999999976694
46356000,6399,-4034,127264,-5299,-7978,136945,103,19230,373,0,35664,0.0009999999999976694
46357000,-1488,7925,136626,-7871,4386,119839,129,19231,422,1,35665,0.0010000000000047748
46358001,-1583,-11502,131423,-6323,-15447,144933,129,19216,528,1,35666,0.0010009999999951447
46359000,-12701,7567,129015,583,1682,126662,115,19230,471,1,35667,0.0009990000000001942
46360000,298,5265,131871,-20066,5155,119667,99,19232,405,1,35668,0.0010000000000047748
46361000,309,-8994,126198,-854,-15981,127624,146,19232,598,0,35669,0.0009999999999976694
46362000,3086,5812,130093,3922,983,127077,116,19229,598,0,35670,0.0009999999999976694
46363000,-4976,-1585,130051,-14231,-4663,130810,116,19224,475,0,35671,0.0010000000000047748
46364000,-7538,7832,131274,-10673,1190,121821,116,19224,475,1,35672,0.0009999999999976694
46365000,-7285,828,132036,-8026,-2554,138857,135,19229,553,1,35673,0.0009999999999976694
46366001,-8806,4928,129050,-10813,7252,120360,111,19230,455,1,35674,0.00100100000000225
46367000,-2345,13734,129790,-12097,-2513,124371,112,19221,459,0,35675,0.0009990000000001942
46368001,-4508,3138,126006,-1959,-1575,127930,137,19221,459,0,35676,0.00100100000000225
46369000,-3019,-9081,126795,-7048,-3639,127804,106,19231,561,0,35677,0.0009990000000001942
46370000,-2867,-2256,129335,-8315,-1524,130625,106,19229,434,0,35678,0.0009999999999976694
46371000,-6981,12504,127168,-5185,15865,117498,123,19229,504,1,35679,0.0009999999999976694
46372000,-7809,13296,128226,-14394,8713,124098,114,19228,467,1,35680,0.0010000000000047748
46373000,-1919,-2397,125411,-7134,-6283,135902,105,19229,430,1,35681,0.0009999999999976694
46374000,-217,-3467,122095,4793,-1481,119018,143,19229,430,0,35682,0.0009999999999976694
46375000,1118,9521,127347,-7679,1081,124531,104,19236,586,0,35683,0.0010000000000047748
46376000,1915,10059,124717,-1901,3092,119551,104,19224,426,0,35684,0.0009999999999976694
46377000,1809,3418,126504,-1416,-2505,134511,105,19224,430,1,35685,0.0009999999999976694
46378000,-2725,-219,125951,-2107,2415,129320,149,19233,610,1,35686,0.0010000000000047748
46379000,-1588,12022,125248,-1446,6720,117375,109,19234,446,1,35687,0.0009999999999976694
46380000,5104,17327,125760,-507,4211,122697,100,19234,446,0,35688,0.0009999999999976694
46381000,9105,1650,123205,6245,-5514,122666,84,19224,410,0,35689,0.0010000000000047748
46382002,8291,-9062,125213,8425,-10881,134536,84,19230,344,0,35690,0.0010019999999997253
46383000,3426,2103,124945,3489,4877,118913,109,19228,446,0,35691,0.0009979999999956135
46384001,5187,9119,128405,-500,5225,123958,121,19223,496,1,35692,0.00100100000000225
46385000,4614,4438,127976,5872,3017,130594,110,19227,451,1,35693,0.0009990000000001942
46386000,8718,6003,126122,2981,368,126608,97,19227,451,1,35694,0.0009999999999976694
46387000,9975,-3196,125163,8809,-4874,125740,131,19231,397,0,35695,0.0010000000000047748
46388000,9302,2824,128341,9178,-2117,122596,131,19228,537,0,35696,0.0009999999999976694
46389000,9796,-9551,126603,8461,-16375,134417,100,19232,410,0,35697,0.0009999999999976694
46390000,3081,1240,129930,2747,509,132373,101,19228,414,1,35698,0.0010000000000047748
46391000,2656,11806,130895,-339,8473,128923,138,19227,565,1,35699,0.0009999999999976694
46392002,-120,16689,130607,5399,14141,121582,112,19227,565,1,35700,0.0010019999999997253
46393002,6852,-69,129126,939,-5837,131337,103,19232,459,1,35701,0.0009999999999976694
46394000,8451,-10957,128896,246,-14571,132794,103,19227,422,0,35702,0.000998000000002719
46395001,11733,-3128,131290,11270,-5127,125518,126,19227,516,0,35703,0.00100100000000225
46396001,2756,2317,130262,11475,-923,128654,106,19226,434,0,35704,0.0009999999999976694
46397000,-720,-4584,129053,-19271,-8152,133428,112,19222,459,1,35705,0.0009990000000001942
46398000,-4915,13370,134904,-10812,11386,125022,116,19222,475,1,35706,0.0009999999999976694
46399000,-2624,5862,131711,4394,3336,127303,97,19227,475,1,35707,0.0010000000000047748
46400000,-3903,-4695,129724,-1695,-8420,127291,121,19232,397,0,35708,0.0009999999999976694
46401000,-399,-14563,127530,-17883,-18533,133478,121,19230,496,0,35709,0.0009999999999976694
46402000,983,-1552,128758,4476,-4545,131485,97,19228,397,0,35710,0.0010000000000047748
46403000,-4843,14958,130409,-1711,8345,124290,110,19226,451,0,35711,0.0009999999999976694
46404001,-6142,7949,131440,-23230,5966,122593,146,19226,598,1,35712,0.00100100000000225
46405000,-7311,-3508,128290,-6585,-6355,136200,114,19227,598,1,35713,0.0009990000000001942
46406000,-2642,3857,129343,-5631,-344,131736,101,19230,467,1,35714,0.0009999999999976694
46407000,-3766,7652,128699,-6340,6214,118092,101,19227,414,0,35715,0.0009999999999976694
46408000,-3356,-2082,125924,-11710,-3466,128445,170,19230,696,0,35716,0.0010000000000047748
46409000,-3684,-3750,126639,-4429,-7977,129807,106,19232,434,0,35717,0.0009999999999976694
46410000,-5806,8982,127312,-7969,4849,119161,113,19220,463,1,35718,0.0009999999999976694
46411000,-6522,14198,129589,-10989,9398,126931,124,19220,463,1,35719,0.0010000000000047748
46412000,-8175,6654,128815,-9081,6300,126571,109,19229,508,1,35720,0.0009999999999976694
46413000,2265,1844,127178,-10113,2782,126677,109,19231,446,1,35721,0.0009999999999976694
46414000,303,-2655,124454,4907,-7919,125788,116,19224,475,0,35722,0.0009999999999976694
46415003,-967,-4359,124189,-2279,1084,128885,106,19226,434,0,35723,0.001003000000004306
46416001,2985,2178,122424,-4004,5063,121739,113,19229,463,0,35724,0.000998000000002719
46417000,-1197,9730,127197,-1522,9295,126884,139,19229,463,1,35725,0.0009989999999930887
46418000,-403,11929,125708,-6379,6782,121602,117,19220,569,1,35726,0.0010000000000047748
46419000,-722,4173,126719,5632,-8967,127869,117,19231,479,1,35727,0.0009999999999976694
46420000,5739,4127,123845,3156,1434,121679,97,19229,397,0,35728,0.0009999999999976694
46421000,6802,7915,125498,4828,3098,119762,120,19230,491,0,35729,0.0010000000000047748
46422000,7853,-2663,126088,14462,-12224,129922,120,19226,491,0,35730,0.0009999999999976694
46423000,5558,-7150,125540,-3439,-10663,127655,117,19226,491,0,35731,0.0009999999999976694
46424000,893,6507,129229,371,9772,123306,129,19223,479,1,35732,0.0010000000000047748
46425001,7094,14012,128921,10536,17430,120835,129,19226,528,1,35733,0.0010009999999951447
46426000,5999,-4834,123469,2701,-6927,128349,108,19228,442,1,35734,0.0009990000000001942
46427003,10470,173,127725,1726,-2470,126029,107,19222,438,0,35735,0.001003000000004306
46428000,11115,-10955,123071,13739,-15171,127993,84,19231,344,0,35736,0.0009969999999981383
46429000,5408,-4857,129191,14397,-4796,131062,102,19231,344,0,35737,0.0009999999999976694
46430000,5579,-1200,128512,-13122,-7301,130649,124,19230,418,1,35738,0.0010000000000047748
46431000,-1696,6666,130301,1643,9796,126282,124,19226,508,1,35739,0.0009999999999976694
46432000,-521,16101,132091,8593,8929,125196,116,19228,475,1,35740,0.0009999999999976694
46433003,3980,-4065,126509,-8248,-9845,127745,99,19227,405,1,35741,0.001003000000004306
46434000,8246,-4990,128642,8254,-5924,128871,142,19234,582,0,35742,0.0009969999999981383
46435000,10920,-11755,127592,12893,-18775,137721,102,19234,582,0,35743,0.0009999999999976694
46436000,3584,-2505,128691,-6600,-2298,119882,106,19232,418,0,35744,0.0010000000000047748
46437000,-13,17725,136559,-13345,11833,120877,106,19225,434,1,35745,0.0009999999999976694
46438000,-11150,67,129439,5365,-2208,135785,150,19228,614,1,35746,0.0009999999999976694
46439000,-4924,-5836,130323,-12438,-10575,127201,109,19231,446,1,35747,0.0010000000000047748
46440000,-2748,-2202,129211,-16212,-5021,130178,103,19223,422,0,35748,0.0009999999999976694
46441000,2020,5399,131694,5801,1369,123801,106,19223,434,0,35749,0.0009999999999976694
46442000,-1313,2544,131477,664,-478,126233,110,19233,434,0,35750,0.0010000000000047748
46443000,-5825,-2867,131202,-19163,-5389,137453,128,19229,451,0,35751,0.0009999999999976694
46444000,-10049,7689,129816,-12536,5998,125022,128,19216,524,1,35752,0.0009999999999976694
46445000,-10716,12183,130689,-9124,8847,129287,118,19230,483,1,35753,0.0010000000000047748
46446000,-3088,14476,130503,-12473,11828,123181,102,19227,418,1,35754,0.0009999999999976694
46447000,-3380,-11129,125578,-10180,-14871,133519,136,19227,557,0,35755,0.0009999999999976694
46448000,-781,-2481,127536,-2728,-5044,130681,101,19225,557,0,35756,0.0010000000000047748
46449000,476,12470,125417,-5121,9936,118680,105,19230,414,0,35757,0.0009999999999976694
46450000,-3458,8710,128393,-7927,3255,133316,105,19230,430,1,35758,0.0009999999999976694
46451001,-8229,11026,129760,-12077,9054,116973,145,19228,594,1,35759,0.00100100000000225
46452000,-4659,-2967,126417,-13784,-5862,135580,118,19228,483,1,35760,0.0009990000000001942
46453000,-1911,8178,126686,3228,4156,123579,104,19228,426,0,35761,0.0009999999999976694
46454000,-1581,6934,125217,-4142,6528,119507,101,19223,426,0,35762,0.0010000000000047748
46455000,5054,2279,123406,-8594,-4927,131368,108,19233,414,0,35763,0.0009999999999976694
46456000,63,3724,126544,1816,2385,128466,108,19230,442,0,35764,0.0009999999999976694
46457007,603,4473,126006,666,629,123051,120,19221,491,1,35765,0.0010070000000013124
46458000,-3914,15321,127511,-5387,11943,121988,125,19230,512,1,35766,0.0009930000000011319
46459002,3431,2830,124735,-4876,-727,132054,102,19231,418,1,35767,0.0010019999999997253
46460000,11351,6893,124675,4433,4872,114659,119,19231,418,0,35768,0.000998000000002719
46461000,7051,4514,125195,7801,-10625,129018,101,19230,487,0,35769,0.0009999999999976694
46462000,10445,-4663,124866,9618,-11278,126635,101,19224,414,0,35770,0.0009999999999976694
46463000,1603,-3793,126009,105,-8484,126722,113,19225,463,1,35771,0.0010000000000047748
46464000,3508,10913,129724,-6,12582,123758,148,19228,606,1,35772,0.0009999999999976694
46465000,3031,21656,128121,7375,17137,116630,114,19226,467,1,35773,0.0009999999999976694
46466000,9240,3755,125466,7419,-7394,128724,98,19226,467,1,35774,0.0010000000000047748
46467001,12827,-2222,124401,812,-4949,124537,129,19228,401,0,35775,0.0010009999999951447
46468000,11838,-6269,127853,11752,-10382,130641,129,19233,528,0,35776,0.0009990000000001942
46469000,8832,-7739,128941,10052,-4484,129582,106,19225,434,0,35777,0.0010000000000047748
46470000,1299,6189,130297,-9627,5192,126674,111,19224,455,1,35778,0.0009999999999976694
46471000,1374,6014,129719,3154,-809,131193,111,19233,455,1,35779,0.0009999999999976694
46472000,-351,8117,128811,8071,6224,121161,106,19233,455,1,35780,0.0010000000000047748
46473000,5694,-5817,129033,-7868,-15183,133317,116,19230,434,0,35781,0.0009999999999976694
46474000,11657,3772,129877,5785,-3797,119842,116,19220,475,0,35782,0.0009999999999976694
46475000,4344,-1805,129171,15512,-9636,132388,93,19231,381,0,35783,0.0010000000000047748
46476000,971,-12398,129852,-11134,-11333,135402,106,19226,434,0,35784,0.0009999999999976694
46477001,-1612,10643,133919,-11578,10082,121793,136,19224,557,1,35785,0.00100100000000225
46478000,-6564,7291,132703,2943,4551,133837,113,19224,557,1,35786,0.0009989999999930887
46479001,-5242,5208,130839,-10813,-76,122612,96,19242,463,1,35787,0.00100100000000225
46480000,2583,-7429,128696,-13295,-14306,136223,96,19229,393,0,35788,0.0009990000000001942
46481002,-1998,-3656,128554,6501,-5756,130273,148,19231,606,0,35789,0.0010019999999997253
46482001,-596,2391,129710,-7418,-795,124946,109,19229,446,0,35790,0.0009990000000001942
46483000,-6417,6270,133569,-19715,3115,132571,116,19227,475,1,35791,0.0009990000000001942
46484001,-8275,6115,129554,-9531,4471,132361,137,19227,561,1,35792,0.00100100000000225
46485000,-8296,-1124,129767,-7104,-4605,133077,109,19226,561,1,35793,0.0009990000000001942
46486000,-4043,16839,129126,-10936,12211,118018,109,19231,446,1,35794,0.0009999999999976694
46487000,-680,-6148,125351,-10843,-10235,134298,109,19220,446,0,35795,0.0009999999999976694
46488000,-2241,-4363,127451,1040,-6286,127964,120,19232,491,0,35796,0.0010000000000047748
46489000,-1653,5067,128174,-7769,1156,125488,105,19228,430,0,35797,0.0009999999999976694
46490000,-6303,5830,126283,-12209,3766,123607,129,19228,528,1,35798,0.0009999999999976694
46491000,-5965,9687,128756,-8976,4807,122571,114,19224,528,1,35799,0.0010000000000047748
46492000,-5603,-2577,123326,-2510,-7136,138061,101,19229,467,1,35800,0.0009999999999976694
46493001,432,18409,126696,-6277,16673,110187,101,19228,414,0,35801,0.00100100000000225
46494000,-1439,1668,126441,-2918,-1171,124080,137,19236,561,0,35802,0.0009990000000001942
46495001,2988,-4778,124713,4616,-9466,130094,110,19226,451,0,35803,0.0010009999999951447
46496001,779,-6325,125812,-8714,-9718,138285,113,19226,463,0,35804,0.0010000000000047748
46497000,-5019,16697,127559,1658,10279,120911,153,19224,463,1,35805,0.0009990000000001942
46498002,716,21875,127832,-5708,20675,114689,105,19230,627,1,35806,0.0010019999999997253
46499000,4377,-4868,122034,-356,-9799,138015,105,19232,430,1,35807,0.0009979999999956135
46500000,9666,854,123096,9568,-3898,119737,99,19224,405,0,35808,0.0010000000000047748
46501000,9704,659,124222,4424,-1931,122581,86,19229,352,0,35809,0.0009999999999976694
46502000,7187,3464,126231,7456,1518,119920,113,19226,463,0,35810,0.0009999999999976694
46503000,4512,-13035,126160,6211,-15992,138347,125,19226,463,1,35811,0.0010000000000047748
46504000,-870,9867,127794,-3067,581,114868,109,19221,512,1,35812,0.0009999999999976694
46505000,2954,16552,128250,48,15529,127610,109,19229,446,1,35813,0.0009999999999976694
46506000,8196,3389,125731,14045,-1141,122642,98,19231,401,1,35814,0.0010000000000047748
46507000,12295,123,127277,-1240,-8534,131358,132,19228,541,0,35815,0.0009999999999976694
46508000,9744,-8657,126326,14610,-13734,130294,102,19225,418,0,35816,0.0009999999999976694
46509000,4035,-758,126006,9062,7396,122535,103,19225,418,0,35817,0.0010000000000047748
46510000,5087,5563,133079,-7282,7864,130160,128,19224,422,1,35818,0.0009999999999976694
46511001,95,7842,127571,11420,5317,127546,128,19229,524,1,35819,0.00100100000000225
46512002,2412,6072,128751,-10229,833,127134,111,19230,455,1,35820,0.0010009999999951447
46513000,7413,-4311,128992,3269,-12460,129078,106,19227,434,0,35821,0.000998000000002719
46514000,10692,-9100,128330,22952,-7676,128563,133,19227,545,0,35822,0.0009999999999976694
46515000,5791,-2889,130071,-5390,-5936,132444,112,19227,545,0,35823,0.0010000000000047748
46516000,-377,-2143,132289,-14187,-3031,126718,117,19225,459,0,35824,0.0009999999999976694
46517000,-4035,11588,132766,2598,8124,128696,117,19221,479,1,35825,0.0009999999999976694
46518000,-6622,1940,131904,-5649,-4500,131831,114,19230,467,1,35826,0.0010000000000047748
46519003,-4862,-2840,129983,-8080,-4243,129004,103,19232,422,1,35827,0.0010029999999972006
46520000,2653,-9075,127656,-3861,-14080,128112,126,19222,516,0,35828,0.0009969999999981383
46521000,526,10157,131821,510,4093,122833,101,19222,516,0,35829,0.0010000000000047748
46522000,-998,-317,128496,-5659,-4041,130722,106,19228,414,0,35830,0.0009999999999976694
46523000,-7989,-4429,131670,-16226,-8465,136899,106,19225,434,1,35831,0.0009999999999976694
46524000,-10581,4488,131578,-13349,3182,126600,145,19232,594,1,35832,0.0010000000000047748
46525000,-9984,11135,130427,-9761,8753,125150,112,19230,459,1,35833,0.0009999999999976694
46526000,541,1740,129622,-3163,-3437,128121,99,19225,405,1,35834,0.0009999999999976694
46527000,-4390,2669,124877,-4228,-4717,124912,166,19225,405,0,35835,0.0010000000000047748
46528001,-773,-4345,124173,-12577,-6437,130599,101,19232,680,0,35836,0.0010009999999951447
46529002,-1348,8642,129469,-2786,8822,120634,101,19229,414,0,35837,0.00100100000000225
46530000,-7223,13471,129252,-8668,7798,124249,109,19221,446,1,35838,0.000998000000002719
46531000,-4408,3330,126919,-13266,1563,129845,114,19232,467,1,35839,0.0009999999999976694
46532000,-7529,814,126440,-1246,-2895,124085,107,19232,438,1,35840,0.0009999999999976694
46533001,2485,-769,123964,-3293,-5447,127526,117,19232,479,0,35841,0.00100100000000225
46534000,934,11070,125655,-3414,10542,116203,98,19228,479,0,35842,0.0009990000000001942
46535000,2222,463,126906,3026,-4029,131864,107,19228,401,0,35843,0.0009999999999976694
46536001,-1329,1557,126118,-5687,-1590,123555,107,19228,438,0,35844,0.00100100000000225
46537000,-1721,8374,128272,-11452,6090,129346,136,19223,557,1,35845,0.0009990000000001942
46538000,-3050,9981,126369,9997,6385,121968,112,19233,459,1,35846,0.0009999999999976694
46539000,3012,11330,121710,2209,8435,117756,95,19233,389,1,35847,0.0009999999999976694
46540000,10683,-5019,121822,-9653,-9315,134579,115,19230,389,0,35848,0.0010000000000047748
46541000,13505,6309,124577,17894,2235,115206,111,19227,471,0,35849,0.0009999999999976694
46542000,10530,-3437,126352,10234,-6294,128785,111,19228,455,0,35850,0.0009999999999976694
46543000,1038,3864,126994,-559,429,124800,112,19224,459,1,35851,0.0010000000000047748
46544003,1679,-5228,128078,-634,-7335,134070,127,19229,520,1,35852,0.0010029999999972006
46545002,5303,6375,127764,5364,4281,118853,103,19229,422,1,35853,0.0009990000000001942
46546001,7100,19277,128039,4006,17620,114427,110,19232,422,0,35854,0.0009990000000001942
46547001,7717,-1968,125571,3181,-4334,131867,89,19218,451,0,35855,0.0009999999999976694
46548000,7296,-13704,124166,14290,-15077,127024,89,19228,365,0,35856,0.0009990000000001942
46549000,7581,-8597,129197,-296,-14460,139402,105,19228,430,0,35857,0.0010000000000047748
46550000,2893,16004,131549,1896,11900,115995,126,19225,516,1,35858,0.0009999999999976694
46551000,3276,16106,131430,3685,12260,134385,113,19226,463,1,35859,0.0009999999999976694
46552000,1700,1458,128285,-2546,-665,126946,98,19226,463,1,35860,0.0010000000000047748
46553000,5451,-9702,126635,-1573,-12432,132625,149,19228,401,0,35861,0.0009999999999976694
46554000,9684,-18524,127808,3330,-17935,129357,149,19231,610,0,35862,0.0009999999999976694
46555000,2622,6806,132124,18111,217,126531,106,19228,434,0,35863,0.0010000000000047748
46556001,4525,-3744,129464,-9380,-3562,136025,106,19224,434,1,35864,0.0010009999999951447
46557002,-6124,14944,131849,-19067,22189,114931,140,19229,573,1,35865,0.00100100000000225
46558000,-4896,9652,131994,2436,-958,134621,110,19229,573,1,35866,0.000998000000002719
46559001,-6906,-860,129669,-10742,-11142,127564,105,19232,451,1,35867,0.0010009999999951447
46560000,113,-17214,127695,-15665,-20556,141253,105,19220,430,0,35868,0.0009990000000001942
46561002,3979,2927,132643,8095,2986,123156,93,19231,381,0,35869,0.0010019999999997253
46562000,-1198,7354,129358,-8051,3608,123163,109,19228,446,0,35870,0.000998000000002719
46563000,-9054,8038,135078,-17978,2707,127163,128,19224,524,1,35871,0.0009999999999976694
46564002,-9677,5884,128414,-13573,-3191,133813,117,19224,524,1,35872,0.0010019999999997253
46565001,-4277,4494,128144,-5714,5166,125289,103,19231,479,1,35873,0.0009990000000001942
46566000,-6175,13209,131593,-6534,10646,119008,103,19229,422,0,35874,0.0009990000000001942
46567000,-1476,-16849,125724,-15617,-26338,137610,137,19223,561,0,35875,0.0010000000000047748
46568000,-2922,2714,127803,-70,-2275,124379,101,19235,414,0,35876,0.0009999999999976694
46569000,-1706,4266,126771,-15881,-1051,128324,105,19228,430,0,35877,0.0009999999999976694
46570003,-7169,14680,128083,1409,16889,119520,142,19228,430,1,35878,0.001003000000004306
46571001,-8322,13838,128786,-15092,11434,127138,115,19228,582,1,35879,0.0009979999999956135
46572002,1477,-1120,124182,-13883,-852,131523,115,19232,471,1,35880,0.00100100000000225
46573000,-1458,2584,127549,8208,-2443,124898,104,19222,426,0,35881,0.000998000000002719
46574000,5292,-2299,123041,-2413,-5184,126834,97,19229,397,0,35882,0.0009999999999976694
46575003,-533,3390,124596,-5498,478,123116,110,19225,451,0,35883,0.0010029999999972006
46576000,-646,1276,125977,-2421,-836,131195,123,19225,504,1,35884,0.0009970000000052437
46577000,-3546,19019,126672,-4749,15713,117779,115,19220,504,1,35885,0.0009999999999976694
46578000,-2549,11552,125222,-5276,9252,122686,98,19229,471,1,35886,0.0009999999999976694
46579000,6649,-2984,125787,3298,-8533,127144,98,19231,401,0,35887,0.0010000000000047748
46580000,7759,4767,123881,6737,-1444,125109,120,19233,491,0,35888,0.0009999999999976694
46581001,10684,-4855,124791,2125,-7928,130967,102,19228,418,0,35889,0.00100100000000225
46582000,3899,-5194,127718,7881,-7449,124047,113,19228,463,0,35890,0.0009990000000001942
46583001,2136,9106,128075,3567,5868,122361,152,19226,463,1,35891,0.0010009999999951447
46584000,3562,10683,127251,-6609,9039,123095,112,19225,623,1,35892,0.0009990000000001942
46585001,5928,5090,126414,9849,1097,128462,112,19230,459,1,35893,0.00100100000000225
46586000,13576,-1637,123650,10966,-4269,126521,96,19226,393,0,35894,0.0009990000000001942
46587000,8822,5816,128528,-111,2613,119292,128,19232,524,0,35895,0.0009999999999976694
46588001,8075,-13939,128246,13657,-18224,136481,104,19232,426,0,35896,0.00100100000000225
46589001,5185,-1382,129690,-2,-5344,134465,111,19231,426,0,35897,0.0009999999999976694
46590000,-1235,13288,131997,-5736,10504,133798,112,19221,455,1,35898,0.0009990000000001942
46591000,1302,19450,131608,5125,14055,118443,112,19225,459,1,35899,0.0010000000000047748
46592001,6510,5390,128990,1119,2078,127176,102,19229,418,1,35900,0.0010009999999951447
46593001,13042,-17768,124520,2484,-20771,139431,117,19220,479,0,35901,0.0010000000000047748
46594000,9608,2283,130957,15472,-1368,122314,95,19231,389,0,35902,0.0009990000000001942
46595001,4341,-6256,128988,5659,-9367,131787,105,19231,389,0,35903,0.0010009999999951447
46596000,2889,6478,134208,-13054,3752,123219,136,19230,430,1,35904,0.0009990000000001942
46597000,-7676,-1254,132962,-7325,-4438,138487,136,19224,557,1,35905,0.0010000000000047748
46598000,-9535,9970,130206,972,5041,115684,114,19235,467,1,35906,0.0009999999999976694
46599000,653,8263,131663,-18216,7513,134004,95,19226,389,1,35907,0.0009999999999976694
46600000,165,-10116,127992,2055,-14181,128971,134,19231,549,0,35908,0.0010000000000047748
46601000,4643,2781,130158,1965,-3079,125285,109,19231,549,0,35909,0.0009999999999976694
46602001,-6605,-955,131596,-12710,-6772,131552,114,19232,446,0,35910,0.00100100000000225
46603000,-6719,11886,129955,-9409,17642,118539,114,19221,467,1,35911,0.0009989999999930887
46604000,-6867,2608,130262,-12835,1962,137747,128,19227,524,1,35912,0.0010000000000047748
46605001,-5904,4202,128070,-7501,9036,120159,108,19229,442,1,35913,0.0010009999999951447
46606000,-783,6702,126720,-9982,-2385,126979,112,19216,459,0,35914,0.0009990000000001942
46607000,-3902,-6157,127077,-2633,-3744,129496,103,19216,459,0,35915,0.0010000000000047748
46608000,2201,497,127544,-5229,-6629,128264,104,19229,422,0,35916,0.0009999999999976694
46609000,-5541,-3748,126427,-7156,-1035,130044,104,19229,426,1,35917,0.0009999999999976694
46610000,-7455,21563,130548,-14853,17996,116760,129,19223,528,1,35918,0.0010000000000047748
46611000,-6881,2604,127727,-7339,-3400,132703,117,19231,479,1,35919,0.0009999999999976694
46612002,-5762,11480,126251,-1223,11315,118309,101,19231,414,1,35920,0.0010019999999997253
46613000,3140,-766,124789,-10171,-6055,131920,142,19231,414,0,35921,0.000998000000002719
46614000,2484,-1971,124826,8702,-2091,117629,106,19236,582,0,35922,0.0009999999999976694
46615000,2436,6490,126882,-8429,-1230,130319,106,19232,434,0,35923,0.0009999999999976694
46616000,-395,-5073,123019,-13045,8525,126675,109,19225,446,1,35924,0.0010000000000047748
46617000,-2924,16176,129644,6935,8008,123025,147,19229,602,1,35925,0.0009999999999976694
46618000,854,-7195,120438,-29,-7060,134249,107,19232,438,1,35926,0.0009999999999976694
46619000,3195,17647,124548,-4546,13918,109403,103,19232,422,0,35927,0.0010000000000047748
46620000,9794,-586,125527,11474,-6646,130265,82,19223,422,0,35928,0.0009999999999976694
46621000,10806,-1960,124239,12996,-6035,123006,112,19231,336,0,35929,0.0009999999999976694
46622002,1874,-6428,127369,-1673,-11477,133337,112,19228,459,0,35930,0.0010019999999997253
46623008,2718,426,127610,1057,1537,123631,126,19223,516,1,35931,0.0010060000000038372
46624001,1138,18389,129431,2324,12990,120216,114,19230,467,1,35932,0.0009930000000011319
46625000,7273,214,126436,7203,-846,137162,98,19230,401,1,35933,0.0009990000000001942
46626000,10068,-3690,124148,6644,-6949,115560,133,19231,401,0,35934,0.0009999999999976694
46627000,11043,-1908,128278,7865,-7940,131364,101,19230,545,0,35935,0.0009999999999976694
46628000,8990,-8389,125000,19079,-11850,128573,101,19230,414,0,35936,0.0010000000000047748
46629000,1211,-6705,129984,-6128,-9915,130409,105,19225,430,1,35937,0.0009999999999976694
46630000,1740,12390,132724,-8283,9132,128181,135,19231,553,1,35938,0.0009999999999976694
46631000,-694,12262,130283,12278,9329,122644,109,19231,446,1,35939,0.0010000000000047748
46632000,3030,6219,130513,-3822,1693,129096,103,19231,446,1,35940,0.0009999999999976694
46633000,7922,-12681,125743,-6211,-16611,130838,118,19223,422,0,35941,0.0009999999999976694
46634000,12389,-12695,128826,26587,-15693,133871,118,19232,483,0,35942,0.0010000000000047748
46635001,3655,-948,129572,3796,-4739,125545,106,19225,434,0,35943,0.0010009999999951447
46636000,-679,7279,132013,-24097,3538,126816,118,19217,483,1,35944,0.0009990000000001942
46637000,-4009,20215,132667,-567,19043,124682,110,19231,451,1,35945,0.0010000000000047748
46638000,-5334,-4760,128088,5372,-8114,133296,97,19231,451,1,35946,0.0009999999999976694
46639002,-1238,-10970,128076,-11238,-14937,127542,127,19235,397,0,35947,0.0010019999999997253
46640000,-1056,-7567,128589,-11506,-11161,131756,127,19221,520,0,35948,0.000998000000002719
46641000,1376,4797,132216,5118,142,129855,104,19227,426,0,35949,0.0009999999999976694
46642000,-5710,14612,133334,-10602,13275,119252,111,19226,455,0,35950,0.0009999999999976694
46643000,-10077,-6381,128704,-19166,-7793,138077,151,19228,618,1,35951,0.0010000000000047748
46644000,-9463,13554,131590,-6183,10653,120008,115,19228,618,1,35952,0.0009999999999976694
46645000,-5078,8042,129157,-10852,7168,129114,101,19231,471,1,35953,0.0009999999999976694
46646001,-2028,8440,130118,-6450,6780,123303,101,19226,414,0,35954,0.00100100000000225
46647000,-2361,-15542,123640,-8994,-15981,138591,155,19230,635,0,35955,0.0009990000000001942
46648000,-2830,767,127701,-3830,4614,119959,106,19230,434,0,35956,0.0009999999999976694
46649000,-4313,16734,127587,-9701,2006,119903,115,19219,471,1,35957,0.0010000000000047748
46650000,-7675,8515,131036,-9194,5777,133300,114,19219,471,1,35958,0.0009999999999976694
46651001,-4876,6357,125322,-11239,2289,122161,108,19230,467,1,35959,0.00100100000000225
46652002,340,6933,127691,-8444,-1781,129014,108,19232,442,1,35960,0.0010009999999951447
46653000,860,6194,124062,2995,-6146,116871,123,19226,504,0,35961,0.000998000000002719
46654001,3282,-10591,121909,-6199,-12692,137022,103,19224,422,0,35962,0.00100100000000225
46655000,23,6423,128577,-7590,6348,120174,111,19226,455,0,35963,0.0009990000000001942
46656000,-337,18268,125415,-2532,17386,116108,137,19226,455,1,35964,0.0009999999999976694
46657000,-3910,12747,128303,179,5816,131058,113,19222,561,1,35965,0.0009999999999976694
46658000,2670,293,122640,-2429,-1337,123025,113,19232,463,1,35966,0.0010000000000047748
46659000,9712,7732,123818,2748,5143,123662,98,19226,401,0,35967,0.0009999999999976694
46660002,9410,4318,127902,15763,-3845,123294,121,19228,496,0,35968,0.0010019999999997253
46661002,10225,-15784,124090,7312,-24756,129985,120,19225,491,0,35969,0.0009999999999976694
46662000,2323,-3355,131920,435,-10367,129178,119,19225,491,0,35970,0.000998000000002719
46663000,486,9667,126040,-2981,8648,121643,128,19221,487,1,35971,0.0009999999999976694
46664000,1630,16179,130901,8803,11657,126172,128,19230,524,1,35972,0.0009999999999976694
46665000,7411,6657,124284,6460,2682,119535,107,19231,438,1,35973,0.0010000000000047748
46666000,13077,-2814,124542,-3281,-9470,130895,115,19217,471,0,35974,0.0009999999999976694
46667002,10122,-9549,127042,19227,-10562,128379,87,19233,356,0,35975,0.0010019999999997253
46668006,10335,-3319,127712,7781,-8606,127443,102,19233,418,0,35976,0.0010040000000017812
46669002,2567,-2313,128570,-9253,-3760,135011,121,19228,418,1,35977,0.000996000000000663
46670002,-2035,16932,132260,1660,10881,119386,112,19225,496,1,35978,0.0009999999999976694
46671003,118,6178,128156,2505,-247,127803,112,19230,459,1,35979,0.00100100000000225
46672000,3297,-3334,129208,-3063,-4506,127151,102,19222,418,1,35980,0.0009969999999981383
46673000,11481,-16475,128236,4675,-20583,131553,156,19225,639,0,35981,0.0009999999999976694
46674000,8344,-2030,128672,21787,-9469,129459,107,19225,438,0,35982,0.0010000000000047748
46675000,2719,-697,130323,-17247,-2511,127562,107,19233,438,0,35983,0.0009999999999976694
46676000,-2385,11101,136021,-15978,9611,129255,134,19230,438,1,35984,0.0009999999999976694
46677002,-9122,8414,130640,14546,4890,126790,134,19230,549,1,35985,0.0010019999999997253
46678000,-6123,-2018,129811,-14958,-6058,129453,108,19230,442,1,35986,0.000998000000002719
46679000,-887,-10229,128752,-19434,-14185,133765,105,19219,430,0,35987,0.0009999999999976694
46680000,5233,4564,128833,8252,1162,122195,92,19219,377,0,35988,0.0010000000000047748
46681002,-1975,6103,131481,2209,2937,129479,110,19232,377,0,35989,0.0010019999999997253
46682001,-7994,-180,129358,-18544,-3903,126770,127,19226,451,1,35990,0.0009990000000001942
46683000,-10477,568,130298,-18188,-1394,136046,127,19222,520,1,35991,0.0009990000000001942
46684000,-12229,9951,130171,-9703,6288,129334,115,19230,471,1,35992,0.0009999999999976694
46685000,-946,19463,129836,-8271,14032,120596,103,19232,422,1,35993,0.0009999999999976694
46686000,-5475,-6503,125758,-8445,-8146,129018,137,19220,561,0,35994,0.0010000000000047748
46687000,2667,-12700,124876,-10529,-16564,134244,111,19220,561,0,35995,0.0009999999999976694
46688000,-913,5561,127731,495,313,128981,110,19230,455,0,35996,0.0009999999999976694
46689002,-6418,12577,128320,-5324,9348,115300,110,19225,451,1,35997,0.0010019999999997253
46690002,-5508,15584,130683,-20452,13111,125050,141,19229,577,1,35998,0.0010000000000047748
46691002,-8187,-6170,125549,-2946,-8478,136207,116,19232,475,1,35999,0.0009999999999976694
46692002,1111,605,126220,404,-4692,118483,105,19225,430,0,36000,0.0009999999999976694
46693000,-2494,13503,128213,-8731,11568,119742,97,19225,430,0,36001,0.000998000000002719
46694000,4943,-248,124207,1343,-2429,130536,110,19230,397,0,36002,0.0009999999999976694
46695000,-2125,5161,127180,5397,853,125053,110,19230,451,0,36003,0.0010000000000047748
46696000,-4181,8471,126188,-17406,2636,122637,118,19218,483,1,36004,0.0009999999999976694
46697000,382,25716,126625,-1067,26209,114218,110,19232,451,1,36005,0.0009999999999976694
46698002,900,2510,124813,11693,-3949,131847,97,19230,397,1,36006,0.0010019999999997253
46699000,15129,-9006,121367,-9457,-4615,124923,122,19230,397,0,36007,0.000998000000002719
46700000,9372,9202,124096,18129,4131,120673,105,19229,500,0,36008,0.0009999999999976694
46701000,9777,134,125030,1126,-3537,123370,105,19228,430,0,36009,0.0010000000000047748
46702000,6613,1713,127820,2676,-5380,131010,111,19227,455,1,36010,0.0009999999999976694
46703000,-1285,-9961,127287,3445,-9878,135668,143,19230,586,1,36011,0.0009999999999976694
46704002,5296,12159,127569,1928,13786,116173,111,19228,455,1,36012,0.0010019999999997253
46705002,4470,15449,126525,8219,5785,120776,97,19228,455,1,36013,0.0010000000000047748
46706000,15538,7313,126932,4225,-1122,123586,133,19225,397,0,36014,0.0009979999999956135
46707000,7462,-9528,125432,10770,-13651,135170,133,19235,545,0,36015,0.0010000000000047748
46708000,6909,-14296,130300,4210,-19354,128026,103,19228,422,0,36016,0.0009999999999976694
46709000,3493,14004,129804,-3848,12442,118070,110,19222,451,1,36017,0.0009999999999976694
46710000,-305,10340,131136,2500,5342,129834,106,19225,434,1,36018,0.0010000000000047748
46711000,3249,2045,129798,1625,-2613,130945,105,19225,430,1,36019,0.0009999999999976694
46712000,1065,6,128226,-5009,-2657,126035,119,19229,430,0,36020,0.0009999999999976694
46713000,9089,-4919,127649,6575,-9169,126375,94,19219,487,0,36021,0.0010000000000047748
46714000,4138,-5078,130878,17453,-8863,127957,94,19232,385,0,36022,0.0009999999999976694
46715000,3726,-5337,129878,-15788,-9611,139360,104,19229,426,0,36023,0.0009999999999976694
46716004,1767,9015,132311,-10827,7332,126427,137,19222,561,1,36024,0.0010040000000017812
46717000,-7476,13562,132145,7221,14586,120859,115,19222,471,1,36025,0.000996000000000663
46718000,-2946,4104,129355,-12139,-3623,131695,100,19224,471,1,36026,0.0009999999999976694
46719000,-1050,-18953,126922,-14180,-22096,141632,137,19224,410,0,36027,0.0010000000000047748
46720000,2531,-11845,129956,12364,-16197,133572,137,19231,561,0,36028,0.0009999999999976694
46721000,-2770,17329,130503,-9229,15632,116021,116,19228,475,0,36029,0.0009999999999976694
46722000,-6474,8133,131927,-18551,2664,128387,118,19226,483,1,36030,0.0010000000000047748
46723000,-8257,-6979,129611,-7236,-9014,139424,128,19226,524,1,36031,0.0009999999999976694
46724002,-8722,9810,129330,-11316,6907,127932,110,19227,524,1,36032,0.0010019999999997253
46725001,-5465,14310,130202,-9635,12078,118690,113,19232,451,1,36033,0.0009990000000001942
46726000,-2315,418,127988,-5708,-3136,125603,113,19216,463,0,36034,0.0009990000000001942
46727000,-1953,-11281,126256,-5836,-14603,137066,102,19233,418,0,36035,0.0009999999999976694
46728000,-226,-5800,126384,-4342,-9139,127710,101,19230,414,0,36036,0.0009999999999976694
46729001,-6194,18222,129972,-7816,15399,115030,130,19226,532,1,36037,0.00100100000000225
46730002,-5364,9057,125108,-9427,4011,129423,117,19226,532,1,36038,0.00100100000000225
46731000,-5127,10359,127225,-6530,6723,127440,100,19229,479,1,36039,0.0009979999999956135
46732000,-140,2156,124308,-6066,-2452,126203,100,19229,410,0,36040,0.0010000000000047748
46733000,2905,-3609,125781,4264,-5269,122381,137,19232,561,0,36041,0.0009999999999976694
46734000,1034,-2755,124409,2925,-4435,121940,104,19228,426,0,36042,0.0009999999999976694
46735000,-111,1361,126679,-11741,-3720,136266,112,19219,459,0,36043,0.0010000000000047748
46736003,-4171,21978,127003,144,18821,113453,147,19219,459,1,36044,0.0010029999999972006
46737000,-1081,9851,126391,-24,10117,127332,106,19228,602,1,36045,0.0009969999999981383
46738001,4957,5944,124848,-2214,1627,119777,106,19231,434,1,36046,0.00100100000000225
46739001,7839,-188,124418,9832,-2448,131287,102,19225,418,0,36047,0.0009999999999976694
46740000,14531,-2773,122637,5831,-6864,119898,85,19230,348,0,36048,0.0009990000000001942
46741000,6429,832,126865,8763,-1449,128557,112,19227,459,0,36049,0.0010000000000047748
46742000,4601,-2557,126497,4286,6534,127786,129,19227,459,1,36050,0.0009999999999976694
46743000,1908,8319,126313,-191,3680,121529,116,19224,528,1,36051,0.0009999999999976694
46744000,4821,5388,128381,-996,3625,139134,116,19230,475,1,36052,0.0010000000000047748
46745000,11962,1672,121701,12953,3268,114110,95,19229,389,1,36053,0.0009999999999976694
46746000,11034,4954,128737,6990,-3229,130460,137,19231,561,0,36054,0.0009999999999976694
46747000,11240,-13065,125821,11237,-18150,133958,106,19232,434,0,36055,0.0010000000000047748
46748000,3419,-7938,127352,-525,-6613,131365,108,19232,434,0,36056,0.0009999999999976694
46749000,1960,17328,134059,-3938,10406,126431,137,19227,442,1,36057,0.0009999999999976694
46750000,-1448,12888,127765,6636,8417,116993,137,19229,561,1,36058,0.0010000000000047748
46751000,3295,2202,130993,1066,-2802,135946,111,19228,455,1,36059,0.0009999999999976694
46752000,11138,-16083,125944,-466,-16851,128870,104,19226,426,0,36060,0.0009999999999976694
46753000,9065,-3257,129678,19122,-3212,129292,130,19230,532,0,36061,0.0010000000000047748
46754000,4593,-1198,129308,817,-6937,129005,110,19230,451,0,36062,0.0009999999999976694
46755000,-3108,-2729,132747,-18509,-5475,124219,121,19229,451,0,36063,0.0009999999999976694
46756000,-3312,4600,135839,-1536,-1366,139018,111,19219,496,1,36064,0.0010000000000047748
46757000,-9062,3975,129774,519,-1999,126163,111,19230,455,1,36065,0.0009999999999976694
46758002,-3200,3503,130983,-17694,-1420,128902,100,19233,410,1,36066,0.0010019999999997253
46759002,1745,-1109,127893,-2234,-5867,127535,129,19226,528,0,36067,0.0009999999999976694
46760002,5341,-1147,127476,5424,-3876,127250,101,19226,414,0,36068,0.0010000000000047748
46761002,-3438,3041,133727,-9072,-4824,127069,107,19230,414,0,36069,0.0009999999999976694
46762000,-9124,1204,128594,-16468,-145,130229,152,19230,438,1,36070,0.000998000000002719
46763002,-8044,12346,133376,-12620,9173,129671,152,19230,623,1,36071,0.0010019999999997253
46764002,-9402,1535,128166,-3737,-1411,128972,116,19227,475,1,36072,0.0009999999999976694
46765002,-1481,2821,128436,-8635,-739,126059,102,19225,418,1,36073,0.0009999999999976694
46766000,-3851,-3822,125542,-11778,-5990,125689,153,19225,627,0,36074,0.000998000000002719
46767000,-1153,-644,127932,-4034,-3263,125638,103,19236,627,0,36075,0.0009999999999976694
46768000,-1027,4993,127323,-6721,-284,127415,113,19229,422,0,36076,0.0010000000000047748
46769009,-8943,9716,127723,-11986,5838,123591,113,19224,463,1,36077,0.0010089999999962629
46770000,-7780,14140,129986,-10394,11429,127665,117,19229,479,1,36078,0.000990999999999076
46771000,-3668,1292,125781,-6676,-1999,124902,109,19232,446,1,36079,0.0010000000000047748
46772000,3119,3736,128237,-3006,1111,130115,122,19218,500,0,36080,0.0009999999999976694
46773000,1431,-2775,122648,-1720,-6005,122232,107,19218,500,0,36081,0.0009999999999976694
46774000,3193,6046,125380,2392,3073,122551,111,19227,438,0,36082,0.0010000000000047748
46775000,-1281,-1067,124947,-6466,-3911,131702,111,19227,455,1,36083,0.0009999999999976694
46776000,-4709,9243,126255,-6045,5583,124396,142,19223,582,1,36084,0.0009999999999976694
46777000,-1298,15455,126847,-4722,13487,119303,118,19233,483,1,36085,0.0010000000000047748
46778000,3538,12168,124244,-376,8821,120738,97,19230,397,1,36086,0.0009999999999976694
46779000,10493,392,123573,12265,-3981,133739,109,19230,397,0,36087,0.0009999999999976694
46780002,7940,-11867,122163,6122,-16168,124794,112,19231,446,0,36088,0.0010019999999997253
46781000,8588,8881,128694,-2026,5035,122401,112,19225,459,0,36089,0.000998000000002719
46782002,4692,4054,126815,10605,196,129719,115,19222,471,1,36090,0.0010019999999997253
46783002,2426,9757,129139,4140,8249,120764,120,19229,491,1,36091,0.0009999999999976694
46784000,4148,551,126081,-7854,209,129810,104,19232,426,1,36092,0.000998000000002719
46785000,5941,2832,125124,9397,-2281,119645,113,19232,426,0,36093,0.0009999999999976694
46786000,9717,-2690,127029,6839,-2592,135623,89,19219,463,0,36094,0.0010000000000047748
46787000,6158,-8496,126971,4364,-11121,126096,89,19231,365,0,36095,0.0009999999999976694
46788000,4627,-2377,129065,5944,-3861,129631,104,19230,426,0,36096,0.0009999999999976694
46789000,274,10055,130329,-1197,13271,121356,128,19225,524,1,36097,0.0009999999999976694
46790000,-436,19396,131258,-3378,2156,130197,114,19232,467,1,36098,0.0010000000000047748
46791000,8031,287,126294,3695,-206,127703,98,19232,467,1,36099,0.0009999999999976694
46792000,3248,-10582,130067,1231,-14724,130301,157,19230,401,0,36100,0.0009999999999976694
46793000,13019,-19827,129334,-3707,-12930,135506,157,19232,643,0,36101,0.0010000000000047748
46794000,2405,5776,128684,2947,4237,125653,106,19232,434,0,36102,0.0009999999999976694
46795000,1413,2499,130705,-25306,-644,128683,107,19220,438,1,36103,0.0009999999999976694
46796000,-5775,25282,134306,-1690,14522,118356,139,19228,569,1,36104,0.0010000000000047748
46797000,-4864,-859,130176,2410,-5385,134042,104,19228,569,1,36105,0.0009999999999976694
46798001,-3951,-7190,131670,-10462,-15967,134621,108,19232,426,1,36106,0.00100100000000225
46799002,-82,-12190,128999,-13481,-13142,130625,108,19220,442,0,36107,0.0010009999999951447
46800002,-58,6083,131521,3259,2062,126884,90,19232,369,0,36108,0.0010000000000047748
46801000,-4187,6293,131994,-10373,4613,123204,109,19227,446,0,36109,0.0009979999999956135
46802000,-9313,6448,132640,-20141,-5406,132592,129,19224,528,1,36110,0.0010000000000047748
46803000,-6383,8223,127790,-7190,9539,125710,114,19224,467,1,36111,0.0009999999999976694
46804000,-7366,14921,131115,-8244,12019,121213,98,19232,467,1,36112,0.0009999999999976694
46805000,-335,3876,128410,-8041,-400,130899,143,19228,401,0,36113,0.0010000000000047748
46806000,-3770,-5481,123461,-7385,-9923,125987,143,19223,586,0,36114,0.0009999999999976694
46807000,-831,466,127535,-4565,1302,130807,102,19231,418,0,36115,0.0009999999999976694
46808000,448,11887,126293,-10446,11238,116786,105,19226,430,0,36116,0.0010000000000047748
46809000,-6443,13735,129618,-4820,7767,127898,133,19226,545,1,36117,0.0009999999999976694
46810000,-3183,3854,126502,-13463,1286,127987,113,19228,545,1,36118,0.0009999999999976694
46811000,-1828,8515,127301,-5226,5413,121413,109,19232,463,1,36119,0.0010000000000047748
46812000,2483,2044,126331,5490,-1600,129821,109,19216,446,0,36120,0.0009999999999976694
46813000,1622,-8432,122761,-4301,-11046,125278,96,19228,393,0,36121,0.0009999999999976694
46814000,93,-1159,126273,-5877,-4274,128847,113,19229,463,0,36122,0.0010000000000047748
46815000,-720,23315,126262,-2050,20265,113969,124,19229,508,1,36123,0.0009999999999976694
46816000,-2588,11629,126266,-3941,7504,125954,111,19222,508,1,36124,0.0009999999999976694
46817000,1468,222,124920,-1257,-2415,126089,99,19229,455,1,36125,0.0010000000000047748
46818000,6188,7778,124258,2256,4476,122473,99,19232,405,0,36126,0.0009999999999976694
46819001,8790,-333,124413,7051,-5476,125306,130,19231,532,0,36127,0.00100100000000225
46820000,10512,-7849,125910,13494,-10995,128209,107,19230,438,0,36128,0.0009990000000001942
46821000,3092,-7390,124965,-217,-11404,132272,110,19228,451,0,36129,0.0009999999999976694
46822000,4835,12820,127770,-974,9718,118534,144,19228,451,1,36130,0.0009999999999976694
46823000,3477,20314,130154,8505,18114,123750,113,19230,590,1,36131,0.0010000000000047748
46824000,9314,4082,124210,5589,460,129455,113,19232,463,1,36132,0.0009999999999976694
46825004,9533,-44,127440,4799,-3488,125530,101,19224,414,0,36133,0.0010040000000017812
46826000,12119,-6061,126219,6803,-11854,130364,122,19232,500,0,36134,0.000996000000000663
46827000,9377,-6605,127922,16536,-9146,128032,104,19233,426,0,36135,0.0009999999999976694
46828000,1591,-6193,129487,-1809,-10109,134493,110,19233,426,1,36136,0.0009999999999976694
46829000,1592,8258,131202,-9258,1879,126774,106,19217,451,1,36137,0.0010000000000047748
46830000,-129,18946,132697,7414,18817,117430,106,19231,434,1,36138,0.0009999999999976694
46831000,4086,-4891,126354,523,-4358,133067,103,19224,422,1,36139,0.0009999999999976694
46832000,11572,-8569,128151,-955,-12907,125783,125,19221,512,0,36140,0.0010000000000047748
46833000,8191,-2153,131111,18627,-4599,134225,99,19230,405,0,36141,0.0009999999999976694
46834000,3710,-6107,130127,5685,-10283,124708,104,19230,405,0,36142,0.0009999999999976694
46835000,1110,8396,134269,-18421,6482,130763,142,19227,426,1,36143,0.0010000000000047748
46836000,-8117,3998,131627,-1477,1042,129483,142,19226,582,1,36144,0.0009999999999976694
46837000,-5695,4994,129482,5872,-2278,123956,112,19230,459,1,36145,0.0009999999999976694
46838001,-936,-6813,129424,-19102,-5388,137368,98,19227,401,0,36146,0.00100100000000225
46839000,1520,-6359,128953,4068,-3633,120997,124,19233,508,0,36147,0.0009990000000001942
46840000,2836,-828,130859,2333,-3555,132761,111,19233,508,0,36148,0.0009999999999976694
46841000,-5359,-1754,131006,-21242,-4698,134088,118,19226,455,0,36149,0.0010000000000047748
46842000,-9605,3877,129238,-9208,2267,127028,118,19221,483,1,36150,0.0009999999999976694
46843000,-8119,12507,130960,-9397,9380,129407,116,19227,475,1,36151,0.0009999999999976694
46844000,-4753,16268,129991,-10494,12166,118737,105,19229,430,1,36152,0.0010000000000047748
46845000,-2241,-6517,127760,-6101,-14632,137192,117,19219,479,0,36153,0.0009999999999976694
46846001,-2982,-7910,126003,-6164,-8206,128034,101,19219,414,0,36154,0.00100100000000225
46847000,-197,1549,126293,-6510,988,127047,104,19232,414,0,36155,0.0009990000000001942
46848000,-6868,10809,128779,-9906,11968,121079,133,19228,426,1,36156,0.0009999999999976694
46849000,-6520,6589,127311,-12852,-7548,124431,133,19227,545,1,36157,0.0009999999999976694
46850000,-9886,9023,130452,-8518,5989,132184,115,19231,471,1,36158,0.0010000000000047748
46851000,-1075,2908,124238,-1338,-1672,116934,101,19227,414,1,36159,0.0009999999999976694
46852000,2031,730,127143,-1278,-3375,128474,130,19227,532,0,36160,0.0009999999999976694
46853003,4126,1084,122627,-1961,-5304,124639,109,19233,532,0,36161,0.001003000000004306
46854000,3284,-4099,123668,-3424,-3838,130113,111,19228,446,0,36162,0.0009969999999981383
46855000,-5017,9505,128622,-6105,9461,121859,111,19223,455,1,36163,0.0009999999999976694
46856000,-1588,11315,125899,-4979,9111,123187,138,19227,565,1,36164,0.0009999999999976694
46857000,-849,9366,124996,9483,4792,126324,105,19231,430,1,36165,0.0010000000000047748
46858000,6862,761,122076,-3630,-3613,124661,106,19231,434,0,36166,0.0009999999999976694
46859000,10428,4423,122283,4841,2715,118809,90,19224,434,0,36167,0.0009999999999976694
46860002,8807,-2203,126194,18029,-7409,122060,110,19230,369,0,36168,0.0010019999999997253
46861002,5815,-8858,126562,-3919,-12265,129550,110,19228,451,0,36169,0.0010000000000047748
46862002,-2656,317,130910,-1329,-4600,134031,132,19220,541,1,36170,0.0009999999999976694
46863000,919,5165,127540,4194,2097,124882,113,19228,463,1,36171,0.000998000000002719
46864000,4255,14605,130206,5727,12802,122663,96,19229,393,1,36172,0.0009999999999976694
46865000,11839,-443,123692,-442,-5282,125778,141,19229,393,0,36173,0.0009999999999976694
46866000,12050,154,125763,14434,-3201,128620,102,19230,577,0,36174,0.0010000000000047748
46867000,6178,-3907,126803,11766,-7311,126692,102,19231,418,0,36175,0.0009999999999976694
46868000,7834,-4781,128202,-4277,-8678,128618,106,19227,434,1,36176,0.0009999999999976694
46869001,-3582,-33,129157,6707,-4814,128921,129,19229,528,1,36177,0.00100100000000225
46870000,2851,11321,130476,-7910,7917,129204,111,19228,455,1,36178,0.0009990000000001942
46871000,1963,4880,127981,-1050,1894,122914,106,19228,455,1,36179,0.0009999999999976694
46872000,5403,-6958,127770,5489,-11117,129853,128,19214,434,0,36180,0.0010000000000047748
46873000,12239,-11920,128990,6794,-19614,136023,128,19230,524,0,36181,0.0009999999999976694
46874000,-2214,-2861,128139,11454,-5594,126947,111,19230,455,0,36182,0.0009999999999976694
46875000,5303,15905,132349,-29652,10529,124589,125,19218,512,1,36183,0.0010000000000047748
46876000,-7018,12999,133827,-348,12098,124866,115,19228,471,1,36184,0.0009999999999976694
46877000,-3227,-12012,128876,13922,-13580,135532,101,19228,471,1,36185,0.0009999999999976694
46878003,-5561,-13101,128958,-27030,-14526,133568,129,19231,414,0,36186,0.001003000000004306
46879000,-3036,-5634,131466,-9244,-9860,128017,129,19226,528,0,36187,0.0009969999999981383
46880000,1310,14678,132052,10833,13114,120066,102,19229,418,0,36188,0.0009999999999976694
46881000,-9445,4050,133316,-16077,4051,135529,109,19227,446,0,36189,0.0010000000000047748
46882000,-7336,-706,130530,-19795,-4738,131563,157,19228,643,1,36190,0.0009999999999976694
46883000,-11240,925,128000,-2737,-4243,130813,117,19228,643,1,36191,0.0009999999999976694
46884000,-3655,23888,130776,-10868,21582,112289,103,19234,479,1,36192,0.0010000000000047748
46885000,-1606,3529,128153,-7749,-13476,140174,103,19220,422,0,36193,0.0009999999999976694
46886000,-5333,-17610,122208,-11985,-10472,125257,153,19231,627,0,36194,0.0009999999999976694
46887000,-111,12119,131044,-10234,6165,123626,102,19235,418,0,36195,0.0010000000000047748
46888001,-6479,5908,125817,-5833,5854,126135,115,19220,471,1,36196,0.0010009999999951447
46889000,-4714,14722,128721,-10914,4316,121070,112,19220,471,1,36197,0.0009990000000001942
46890000,-5601,-453,126516,-12938,-4026,134286,105,19219,459,1,36198,0.0010000000000047748
46891000,2117,10851,128059,4655,10651,115713,105,19230,430,0,36199,0.0009999999999976694
46892000,-2362,-445,125581,810,-8628,130169,123,19228,504,0,36200,0.0009999999999976694
46893000,992,-2240,123152,-16191,-4470,123140,98,19231,401,0,36201,0.0010000000000047748
46894000,2640,6514,125947,1831,2529,125744,108,19226,442,0,36202,0.0009999999999976694
46895000,-3565,10934,127901,8100,2480,123355,148,19226,606,1,36203,0.0009999999999976694
46896000,-2906,11541,126913,-19916,-2419,120529,115,19223,606,1,36204,0.0010000000000047748
46897000,2601,18892,128578,4665,14895,122884,97,19230,471,1,36205,0.0009999999999976694
46898000,11578,3990,123342,8408,97,121671,97,19227,397,0,36206,0.0009999999999976694
46899000,11985,-8301,123547,11132,-14419,131193,109,19232,446,0,36207,0.0010000000000047748
46900000,4238,-4073,124851,9881,-5776,122842,110,19232,451,0,36208,0.0009999999999976694
46901000,7563,191,125650,-2552,-1992,127279,120,19232,491,1,36209,0.0009999999999976694
46902000,423,8201,129834,2044,9724,124896,119,19222,491,1,36210,0.0010000000000047748
46903000,5628,9587,126598,3646,2809,125241,105,19229,487,1,36211,0.0009999999999976694
46904002,7125,4130,125547,6679,-3725,121603,105,19231,430,1,36212,0.0010019999999997253
46905000,11348,3496,127772,5637,-2056,123298,112,19221,459,0,36213,0.000998000000002719
46906000,13487,-11365,124934,12220,-15404,135797,93,19228,381,0,36214,0.0009999999999976694
46907000,4508,-2181,127937,7903,-5778,128177,106,19228,434,0,36215,0.0009999999999976694
46908000,6382,4035,132391,-7707,-555,128289,130,19228,434,1,36216,0.0010000000000047748
46909000,-1399,23476,130322,6506,20463,119848,114,19225,532,1,36217,0.0009999999999976694
46910000,-306,4992,129542,-1508,830,130041,114,19230,467,1,36218,0.0009999999999976694
46911000,10144,-8047,125465,1365,-12254,130659,100,19227,410,0,36219,0.0010000000000047748
46912000,10524,-3344,128888,12949,-6192,124054,157,19233,643,0,36220,0.0009999999999976694
46913008,8453,387,129785,9614,-3840,126903,106,19227,434,0,36221,0.0010079999999987876
46914000,1540,-4475,132021,-17922,-6991,130119,108,19227,434,0,36222,0.0009919999999965512
46915000,-3537,3628,133444,-3267,574,131114,132,19224,442,1,36223,0.0010000000000047748
46916000,-10154,4794,130097,4524,2104,127514,132,19232,541,1,36224,0.0009999999999976694
46917000,-3266,780,129592,-18698,-1374,127120,107,19231,438,1,36225,0.0009999999999976694
46918000,3091,-7574,128850,-5717,-12192,134315,110,19220,451,0,36226,0.0010000000000047748
46919000,4334,6256,128537,4013,-479,127395,89,19227,365,0,36227,0.0009999999999976694
46920000,-2043,-3187,127845,-2282,-10217,127160,107,19227,365,0,36228,0.0009999999999976694
46921000,-5581,4587,131416,-16230,2400,126021,130,19227,438,1,36229,0.0010000000000047748
46922000,-9347,-2141,130227,-14959,-4166,141169,130,19223,532,1,36230,0.0009999999999976694
46923000,-11320,11199,131181,-4938,4559,127209,119,19230,487,1,36231,0.0009999999999976694
46924000,-3177,13290,131367,-14782,11781,121672,101,19230,414,1,36232,0.0010000000000047748
46925000,-2396,-3004,125601,-2825,-3902,127844,142,19221,582,0,36233,0.0009999999999976694
46926000,1029,-8421,126737,-3650,-12921,133053,102,19221,582,0,36234,0.0009999999999976694
46927000,-2747,3651,127964,-5622,-3027,119976,106,19230,418,0,36235,0.0010000000000047748
46928000,-5945,19661,129942,-7175,15139,121754,106,19225,434,1,36236,0.0009999999999976694
46929000,-6672,5441,129173,-16466,4050,131165,137,19229,561,1,36237,0.0009999999999976694
46930000,-8012,-3034,127894,-2751,-1136,125942,114,19234,467,1,36238,0.0010000000000047748
46931000,1584,6116,125630,-3381,4368,122284,107,19223,438,0,36239,0.0009999999999976694
46932000,805,3532,121614,-4815,13583,116124,87,19223,438,0,36240,0.0009999999999976694
46933000,5064,3773,128366,4235,-3816,130796,107,19231,356,0,36241,0.0010000000000047748
46934000,826,-3633,122355,-7497,-688,126861,107,19226,438,0,36242,0.0009999999999976694
46935000,-3875,9769,128150,-6709,4725,127388,124,19215,508,1,36243,0.0009999999999976694
46936000,-2819,7839,126564,-2038,6853,121678,114,19232,467,1,36244,0.0010000000000047748
46937000,3932,15866,124315,228,8228,121528,96,19230,393,1,36245,0.0009999999999976694
46938002,8703,1252,124060,5511,-6323,128032,128,19230,524,0,36246,0.0010019999999997253
46939000,11835,-1820,124084,6927,-6355,121368,106,19230,524,0,36247,0.000998000000002719
46940000,4168,2211,125914,8620,-1814,128239,114,19227,434,0,36248,0.0009999999999976694
46941001,4747,-1646,127183,-4203,789,127505,114,19224,467,1,36249,0.00100100000000225
46942000,2101,6865,129868,2402,4310,125423,145,19225,594,1,36250,0.0009990000000001942
46943000,4922,4330,127083,7094,-4863,123694,110,19230,451,1,36251,0.0009999999999976694
46944000,5677,11048,126340,974,5423,122846,99,19230,405,1,36252,0.0009999999999976694
46945000,11406,-1792,127024,6332,-4693,123682,122,19225,405,0,36253,0.0010000000000047748
46946001,9466,-11908,127372,12051,-17956,137347,113,19230,500,0,36254,0.0010009999999951447
46947001,3770,-2502,129107,-2013,-5331,126679,113,19230,463,0,36255,0.0010000000000047748
46948000,3775,10984,130402,-2500,7412,126036,118,19224,483,1,36256,0.0009990000000001942
46949000,383,8922,129581,5299,5828,128124,110,19229,451,1,36257,0.0009999999999976694
46950000,4732,7139,127779,-1103,3217,127404,100,19229,410,1,36258,0.0009999999999976694
46951000,5857,-2744,129076,574,-8222,132170,128,19229,410,0,36259,0.0010000000000047748
46952000,10859,-6576,127026,9007,-8792,123942,99,19221,524,0,36260,0.0009999999999976694
46953000,4442,1715,132648,12852,-4255,132121,99,19229,405,0,36261,0.0009999999999976694
46954000,634,-7592,129906,-14465,-9194,131295,101,19227,414,0,36262,0.0010000000000047748
46955000,-902,6689,133926,-10213,3020,129010,138,19228,565,1,36263,0.0009999999999976694
46956000,-10444,12353,133885,-807,9240,125518,109,19229,446,1,36264,0.0009999999999976694
46957000,-2668,7086,129038,-11577,2166,124371,97,19229,446,1,36265,0.0010000000000047748
46958000,-2146,-16924,129979,-10573,-20929,141180,130,19226,397,0,36266,0.0009999999999976694
46959000,3872,-7516,127727,8214,-11812,124430,130,19230,532,0,36267,0.0009999999999976694
46960000,-5404,5090,129678,-9872,876,126974,113,19228,463,0,36268,0.0010000000000047748
46961000,-5938,10377,133015,-16239,7515,121788,116,19224,475,1,36269,0.0009999999999976694
46962000,-8646,-3129,127982,-7819,-5372,132849,114,19229,467,1,36270,0.0009999999999976694
46963000,-8881,969,127739,-10645,-2547,133704,106,19229,467,1,36271,0.0010000000000047748
46964000,-3566,13037,130555,-10237,11083,119564,122,19231,434,1,36272,0.0009999999999976694
46965002,-3753,-2157,126462,-7236,-5631,127614,122,19217,500,0,36273,0.0010019999999997253
46966000,-755,-1259,126124,-3524,-6403,130378,94,19229,385,0,36274,0.000998000000002719
46967000,-2708,-9132,125298,-9182,-13854,130221,101,19230,414,0,36275,0.0009999999999976694
46968000,-3894,18709,129289,-7935,15968,117468,131,19228,537,1,36276,0.0009999999999976694
46969000,-9489,8695,124375,-5174,4465,129628,115,19228,537,1,36277,0.0010000000000047748
46970000,-4156,12134,129385,-14788,8528,124675,101,19230,471,1,36278,0.0009999999999976694
46971000,636,1973,125406,-1255,1232,122799,101,19229,414,0,36279,0.0009999999999976694
46972000,1467,-7262,124405,3808,-9980,132464,131,19233,537,0,36280,0.0010000000000047748
46973000,2136,-944,125242,-3614,-6724,123184,107,19226,438,0,36281,0.0009999999999976694
46974000,-1679,9999,128436,-5484,4244,123993,107,19224,438,1,36282,0.0009999999999976694
46975000,-1010,16397,126578,-2829,13622,124535,135,19224,438,1,36283,0.0010000000000047748
46976000,-1570,3970,125737,-1101,2418,127156,105,19229,553,1,36284,0.0009999999999976694
46977000,5904,3503,123782,-2682,-1390,120822,105,19232,430,1,36285,0.0009999999999976694
46978000,7863,5848,122932,7364,-4671,121456,109,19226,446,0,36286,0.0009999999999976694
46979000,10904,-3895,125963,11750,-9275,136373,110,19226,451,0,36287,0.0010000000000047748
46980000,5329,-9336,123630,4458,-5844,121579,119,19226,487,0,36288,0.0009999999999976694
46981000,4490,9970,129606,-2722,9857,125897,136,19226,487,1,36289,0.0009999999999976694
46982000,2136,11592,128156,5578,6543,124113,116,19227,557,1,36290,0.0010000000000047748
46983000,7656,1736,123696,4862,-2998,129711,98,19231,475,1,36291,0.0009999999999976694
46984000,8841,-698,126522,3886,-4537,123500,98,19229,401,0,36292,0.0009999999999976694
46985000,10295,2104,126814,8440,7702,122898,148,19230,606,0,36293,0.0010000000000047748
46986000,9974,-17059,126231,17976,-24097,140449,101,19231,414,0,36294,0.0009999999999976694
46987000,2813,-1265,128454,-4560,328,125951,102,19231,418,0,36295,0.0009999999999976694
46988001,2531,8716,129374,-6462,3591,130682,123,19225,418,1,36296,0.00100100000000225
46989000,-2777,10942,131148,12944,9660,120176,108,19230,504,1,36297,0.0009990000000001942
46990000,2870,6424,130836,-9149,-12064,128811,108,19234,442,1,36298,0.0009999999999976694
46991001,13488,-13400,127629,4222,-20541,138018,109,19221,446,0,36299,0.00100100000000225
46992000,7116,1201,130928,23935,253,119550,105,19230,430,0,36300,0.0009990000000001942
46993000,7139,-7115,128368,-8436,-10991,138881,103,19230,422,0,36301,0.0009999999999976694
46994000,-3634,8818,132443,-9558,10295,117582,120,19231,422,1,36302,0.0010000000000047748
46995000,-2469,1312,130547,-3231,-4382,137407,110,19218,491,1,36303,0.0009999999999976694
46996000,-10726,-289,129213,-906,-1453,129244,110,19231,451,1,36304,0.0009999999999976694
46997000,-55,487,128550,-21368,-4779,121626,97,19224,397,1,36305,0.0010000000000047748
46998000,1097,-4050,129866,2882,-6855,134675,137,19227,561,0,36306,0.0009999999999976694
46999000,4865,259,128317,4165,-3463,123438,104,19229,426,0,36307,0.0009999999999976694
47000001,-5389,4227,132219,-16376,67,132451,109,19229,426,0,36308,0.00100100000000225
47001000,-8942,281,129520,-13879,-2776,130345,144,19227,446,1,36309,0.0009990000000001942
47002003,-8803,6056,134554,-7581,2726,128682,144,19230,590,1,36310,0.0010029999999972006
47003002,-8400,9415,129018,-10679,5535,126787,110,19230,451,1,36311,0.0009990000000001942
47004000,-2042,5368,127733,-12383,2566,120201,103,19226,422,0,36312,0.000998000000002719
47005010,-3472,-3589,127333,-4218,-6886,133511,143,19234,586,0,36313,0.0010100000000008436
47006000,-1293,308,125142,-904,-2019,119944,105,19234,586,0,36314,0.0009900000000016007
47007000,-4725,8958,128491,-14482,5596,124448,117,19231,430,0,36315,0.0009999999999976694
47008000,-6028,2544,127900,-13161,-954,129552,117,19222,479,1,36316,0.0009999999999976694
47009000,-4706,8801,127677,801,6859,123256,113,19229,463,1,36317,0.0010000000000047748
47010000,-3940,5369,126895,-8362,2731,128166,104,19230,426,1,36318,0.0009999999999976694
47011004,1095,6846,124733,-7054,3984,117387,129,19233,528,0,36319,0.0010040000000017812
47012003,4073,2132,126121,2284,918,133822,104,19233,528,0,36320,0.0009990000000001942
47013000,1359,-458,122281,-538,-5153,124517,110,19229,426,0,36321,0.0009969999999981383
47014001,-156,9108,127452,-11275,1533,124622,110,19232,451,1,36322,0.00100100000000225
47015000,-2766,8815,125252,-23,7707,123618,150,19226,614,1,36323,0.0009990000000001942
47016000,484,1797,122873,3380,-870,128486,113,19231,463,1,36324,0.0009999999999976694
47017000,4997,6039,124655,-8914,793,127305,98,19228,401,0,36325,0.0009999999999976694
47018000,10149,15004,125748,9807,11713,111861,105,19228,401,0,36326,0.0010000000000047748
47019000,13771,-4189,123504,14138,-4784,127226,111,19229,430,0,36327,0.0009999999999976694
47020000,2517,-11237,125195,-704,-18599,128853,111,19230,455,0,36328,0.0009999999999976694
47021000,6075,-814,127915,1330,-3086,124595,119,19221,487,1,36329,0.0010000000000047748
47022000,2764,18572,131284,6399,12632,114983,109,19228,446,1,36330,0.0009999999999976694
47023000,4860,11356,128564,6396,12579,131449,101,19230,414,1,36331,0.0009999999999976694
47024002,10867,-7011,124135,-1326,-7838,123856,117,19230,414,0,36332,0.0010019999999997253
47025002,6891,-719,125738,5954,-5246,127468,92,19220,479,0,36333,0.0010000000000047748
47026000,10498,-3145,126676,17480,-1027,123922,92,19232,377,0,36334,0.0009979999999956135
47027000,4440,-817,130912,-2722,-508,128466,102,19227,418,1,36335,0.0010000000000047748
47028000,4600,-1209,131043,-4313,772,134806,136,19226,557,1,36336,0.0009999999999976694
47029000,-1532,10783,130555,6633,8780,121907,114,19229,467,1,36337,0.0009999999999976694
47030000,237,3179,130674,-6673,-5535,124839,97,19229,397,1,36338,0.0010000000000047748
47031000,8773,-7373,127895,-114,-14084,134742,152,19226,397,0,36339,0.0009999999999976694
47032000,9740,-14396,128191,20512,-15821,133356,105,19232,623,0,36340,0.0009999999999976694
47033000,2792,2158,130764,316,2315,124252,105,19231,430,0,36341,0.0010000000000047748
47034002,496,5143,131497,-26994,701,125092,111,19224,455,1,36342,0.0010019999999997253
47035000,-5821,12324,133236,7644,10530,131270,132,19229,541,1,36343,0.0009979999999956135
47036000,-4083,3543,130798,-2383,-2654,128528,104,19229,426,1,36344,0.0010000000000047748
47037000,-6144,-4699,129001,-16090,-17178,128519,108,19232,426,0,36345,0.0009999999999976694
47038000,-849,-5290,129372,-9771,-7958,127635,98,19222,442,0,36346,0.0009999999999976694
47039000,-838,2772,133292,7115,539,125271,98,19228,401,0,36347,0.0009999999999976694
47040000,-4228,-6292,130470,-13866,-8801,135078,114,19228,467,0,36348,0.0010000000000047748
47041012,-10482,18708,133007,-22372,15032,119876,140,19224,573,1,36349,0.001011999999995794
47042000,-7215,-1676,127758,-7424,-5491,136775,118,19230,483,1,36350,0.0009879999999995448
47043000,-4248,11135,129847,-4909,11513,119453,101,19230,483,1,36351,0.0010000000000047748
47044003,-3974,-686,126504,-10492,-7798,133469,151,19226,414,0,36352,0.0010029999999972006
47045000,-2590,-5055,124953,-7244,-6613,128178,151,19229,618,0,36353,0.0009969999999981383
47046000,-1459,6428,127984,-3098,3140,123124,99,19232,405,0,36354,0.0010000000000047748
47047000,-877,4577,128253,-7635,2342,128606,107,19227,438,1,36355,0.0009999999999976694
47048000,-10504,12163,127734,-8323,8600,121754,132,19229,541,1,36356,0.0009999999999976694
47049001,-5356,-6652,126841,-14597,-11190,133066,110,19229,541,1,36357,0.00100100000000225
47050000,-1551,18426,128153,-5721,15848,117263,109,19227,451,1,36358,0.0009990000000001942
47051000,-13,4714,124396,4000,1155,124489,109,19223,446,0,36359,0.0009999999999976694
47052000,1185,-10285,124237,-4097,-14211,131800,85,19229,348,0,36360,0.0010000000000047748
47053000,808,118,125537,-9928,-2230,123304,109,19228,446,0,36361,0.0009999999999976694
47054000,-980,16883,126793,752,14329,123624,129,19224,528,1,36362,0.0009999999999976694
47055000,-1900,17044,127025,1372,15853,115612,116,19224,528,1,36363,0.0010000000000047748
47056000,1057,-673,124227,-5879,-4129,132861,96,19231,475,1,36364,0.0009999999999976694
47057001,9326,8183,122840,3725,3537,127000,96,19231,393,0,36365,0.00100100000000225
47058002,7695,-476,123640,11808,-4759,120306,127,19234,520,0,36366,0.0010009999999951447
47059000,12408,-2440,126781,5998,-6930,128789,109,19226,446,0,36367,0.000998000000002719
47060000,4412,-4749,124723,5716,-9087,128074,115,19225,471,0,36368,0.0009999999999976694
47061000,1065,351,126360,2199,-6909,127539,135,19225,471,1,36369,0.0010000000000047748
47062000,5740,16057,128598,-5424,14158,117902,109,19228,553,1,36370,0.0009999999999976694
47063000,7044,6525,123444,15961,3389,129208,109,19232,446,1,36371,0.0009999999999976694
47064000,11787,1227,127791,2071,-1462,124875,102,19224,418,0,36372,0.0010000000000047748
47065000,10970,-4466,129438,-254,-5970,127412,103,19236,422,0,36373,0.0009999999999976694
47066000,8262,-6722,128252,21757,-13614,138942,104,19231,426,0,36374,0.0009999999999976694
47067000,2603,1951,129399,389,-8247,128898,113,19231,426,1,36375,0.0010000000000047748
47068000,-1967,13934,132266,-7348,9745,121196,110,19222,463,1,36376,0.0009999999999976694
47069004,3690,9302,127625,3254,7516,129515,100,19229,451,1,36377,0.0010040000000017812
47070000,5428,-3230,129448,2981,-7586,131469,100,19231,410,1,36378,0.000996000000000663
47071000,12481,-6095,128709,4281,-7486,122854,133,19225,545,0,36379,0.0009999999999976694
47072000,9179,-1664,128272,16194,-9217,133651,101,19230,414,0,36380,0.0009999999999976694
47073000,-1134,-7907,132303,-159,-2433,135902,105,19230,430,0,36381,0.0010000000000047748
47074002,2438,3741,131134,-18345,3413,127197,148,19232,430,1,36382,0.0010019999999997253
47075000,-10841,12192,133451,4025,11187,129046,112,19227,606,1,36383,0.0009979999999956135
47076000,-2922,1601,128187,-15057,-3944,128825,112,19232,459,1,36384,0.0010000000000047748
47077000,2031,-8770,129235,-6387,-16841,137009,100,19222,410,0,36385,0.0009999999999976694
47078000,1215,-9,128853,9836,1114,122486,120,19228,491,0,36386,0.0009999999999976694
47079000,-1946,6470,131572,-8056,184,125024,111,19228,455,0,36387,0.0010000000000047748
47080001,-5959,-481,132493,-17092,-4159,133760,120,19230,455,0,36388,0.0010009999999951447
47081001,-10028,2164,130844,-9322,1150,132344,108,19217,491,1,36389,0.0010000000000047748
47082001,-11219,7819,129667,-10989,6573,125733,108,19231,442,1,36390,0.0009999999999976694
47083000,-3625,12361,130457,-11282,7075,119442,105,19232,430,1,36391,0.0009990000000001942
47084000,-2439,-3531,125724,-6713,-16009,131292,124,19216,508,0,36392,0.0009999999999976694
47085000,556,-8135,128196,-485,-12172,132769,99,19216,405,0,36393,0.0010000000000047748
47086000,-2226,1236,127214,-6633,2046,127042,107,19225,405,0,36394,0.0009999999999976694
47087001,-7222,11989,129228,-10314,10273,122251,143,19229,438,1,36395,0.00100100000000225
47088000,-7768,16684,128723,-10865,10296,124023,143,19223,586,1,36396,0.0009990000000001942
47089000,-8041,-7129,124184,-5912,-10002,135876,118,19230,483,1,36397,0.0009999999999976694
47090000,623,9815,127694,-6463,10050,117289,104,19228,426,0,36398,0.0009999999999976694
47091000,-446,4286,124434,-635,-2455,122924,121,19234,496,0,36399,0.0010000000000047748
47092000,3257,186,123754,3012,-2791,127033,110,19234,496,0,36400,0.0009999999999976694
47093000,1471,-10463,124785,-12471,-15188,133714,116,19227,451,0,36401,0.0009999999999976694
47094001,-1596,14143,128137,23,12446,114941,116,19220,475,1,36402,0.00100100000000225
47095002,-3947,14780,127380,4319,9486,125784,141,19231,577,1,36403,0.00100100000000225
47096000,-396,608,124405,-9762,-3890,125270,103,19233,422,1,36404,0.0009979999999956135
47097000,10332,6079,125870,5108,1224,122336,113,19227,463,0,36405,0.0010000000000047748
47098000,7444,-2845,121217,7498,-6451,122831,99,19227,463,0,36406,0.0009999999999976694
47099000,6024,9312,128522,10330,5615,119172,115,19227,405,0,36407,0.0009999999999976694
47100000,3390,-11847,124542,44,-16001,133844,115,19224,471,1,36408,0.0010000000000047748
47101002,684,6141,129500,-1942,3871,127319,138,19230,565,1,36409,0.0010019999999997253
47102002,2259,9308,127239,2071,5525,119944,115,19230,471,1,36410,0.0009999999999976694
47103000,10283,1212,123756,7500,-2294,121722,98,19230,401,1,36411,0.0009979999999956135
47104000,8547,284,125078,6135,-2432,125900,148,19230,401,0,36412,0.0010000000000047748
47105002,10324,-12000,124565,4923,-16436,135397,105,19231,606,0,36413,0.0010019999999997253
47106000,7572,-2556,128022,12280,-7123,125311,105,19230,430,0,36414,0.0009979999999956135
47107000,3129,5599,131391,-5085,638,127294,108,19221,442,1,36415,0.0010000000000047748
47108000,1025,12490,129914,-1737,3267,130584,128,19234,524,1,36416,0.0009999999999976694
47109000,-49,994,126047,6248,376,122664,106,19233,434,1,36417,0.0009999999999976694
47110000,5893,-5367,128806,-6172,-8718,135434,112,19233,434,0,36418,0.0010000000000047748
47111004,7654,-11316,127738,5258,-13817,125983,106,19219,459,0,36419,0.0010040000000017812
47112000,5273,-4072,130391,18346,-12222,125264,106,19231,434,0,36420,0.0009959999999935576
47113000,-1181,401,130060,-8331,2042,134898,108,19228,442,0,36421,0.0010000000000047748
47114000,-3575,6237,130374,-22881,-1655,124619,124,19222,508,1,36422,0.0009999999999976694
47115000,-2607,14586,134394,4066,13060,126874,112,19232,459,1,36423,0.0009999999999976694
47116000,-4322,-2327,129512,3453,-2427,131522,98,19232,459,1,36424,0.0010000000000047748
47117000,-2163,-11941,129004,-17642,-16435,133980,142,19230,401,0,36425,0.0009999999999976694
47118000,1254,-7370,130547,-12289,-11682,131423,142,19230,582,0,36426,0.0009999999999976694
47119000,-3134,10579,130678,10569,14536,120710,109,19230,446,0,36427,0.0010000000000047748
47120000,-5031,20349,131035,-16452,9083,124315,111,19224,455,1,36428,0.0009999999999976694
47121000,-12788,-4775,129071,-25530,-2308,136483,136,19228,557,1,36429,0.0009999999999976694
47122000,-3691,1522,129318,-8361,1641,127282,111,19228,455,1,36430,0.0010000000000047748
47123000,-4985,12773,130408,-1914,10672,119179,107,19231,455,1,36431,0.0009999999999976694
47124000,-3493,1614,127930,-13953,-7154,128968,133,19222,438,0,36432,0.0009999999999976694
47125000,-1168,-11411,124976,-6865,-15841,135308,133,19233,545,0,36433,0.0010000000000047748
47126000,-4466,4239,127604,-9250,6307,123427,106,19225,434,0,36434,0.0009999999999976694
47127000,-2903,19393,129518,-6091,14842,116282,117,19222,479,1,36435,0.0009999999999976694
47128000,-9072,12930,127692,-10355,2189,126383,112,19222,459,1,36436,0.0010000000000047748
47129000,-1903,-1000,126941,-11657,-4676,134161,105,19228,459,1,36437,0.0009999999999976694
47130000,637,5436,125827,4760,4454,119737,136,19227,430,0,36438,0.0009999999999976694
47131000,748,-812,126920,-3902,-10584,127164,136,19228,557,0,36439,0.0010000000000047748
47132000,-1922,8414,123116,-901,9695,117030,111,19230,455,0,36440,0.0009999999999976694
47133000,-409,372,126609,-10918,-3854,133277,113,19224,463,0,36441,0.0009999999999976694
47134000,1478,1678,125690,5926,4552,123903,151,19226,618,1,36442,0.0010000000000047748
47135000,-4408,22592,127730,-1909,15648,117788,111,19226,618,1,36443,0.0009999999999976694
47136000,7097,6018,122320,-8395,4613,122821,99,19233,455,1,36444,0.0009999999999976694
47137000,10545,1775,125609,15947,-6078,124759,99,19227,405,0,36445,0.0010000000000047748
47138000,14685,-15282,122734,11708,-21972,137363,94,19228,385,0,36446,0.0009999999999976694
47139003,3744,4210,126584,4997,2176,115130,112,19230,459,0,36447,0.0010029999999972006
47140002,2889,3132,128815,-3123,45,130992,119,19219,487,1,36448,0.0009990000000001942
47141002,3551,11870,128019,2812,9410,121795,109,19219,487,1,36449,0.0010000000000047748
47142000,2894,8710,126847,8171,3272,125170,101,19225,446,1,36450,0.0009979999999956135
47143006,8710,-6017,127559,2679,-9938,125093,101,19233,414,1,36451,0.0010060000000038372
47144000,10532,12825,126688,4273,10704,114859,119,19226,487,0,36452,0.0009939999999986071
47145008,12136,-17227,125677,17988,-22248,141961,97,19232,397,0,36453,0.0010079999999987876
47146000,4012,-5922,128326,3804,-9569,126204,103,19228,422,0,36454,0.0009920000000036566
47147000,2382,7179,130813,-13541,3484,126676,138,19228,422,1,36455,0.0009999999999976694
47148000,-165,23257,132255,8464,20815,119479,112,19228,565,1,36456,0.0009999999999976694
47149000,1586,-3082,127654,5043,-6965,130349,112,19228,459,1,36457,0.0010000000000047748
47150000,10276,-15610,125537,-6678,-19609,135059,100,19226,410,0,36458,0.0009999999999976694
47151000,9553,-3692,128480,15134,-7199,123879,141,19235,577,0,36459,0.0009999999999976694
47152001,7167,-5051,128132,14935,-8390,130517,109,19228,446,0,36460,0.00100100000000225
47153000,80,8270,133639,-23083,4395,125237,113,19228,446,0,36461,0.0009990000000001942
47154000,-2285,-326,132530,-4844,-2318,132019,131,19221,463,1,36462,0.0009999999999976694
47155002,-11067,-672,129515,9539,-5255,127235,131,19230,537,1,36463,0.0010019999999997253
47156002,-2041,-725,130199,-24563,1340,126693,102,19230,418,1,36464,0.0010000000000047748
47157000,1461,-8277,127457,-2015,-14188,138589,113,19220,463,0,36465,0.0009979999999956135
47158000,4737,5728,131764,8179,610,124568,93,19225,381,0,36466,0.0010000000000047748
47159000,-2834,6460,130947,-10100,2593,127770,113,19225,381,0,36467,0.0009999999999976694
47160000,-8052,3547,131038,-11616,373,128485,140,19228,463,1,36468,0.0009999999999976694
47161000,-8120,4286,130582,-12837,1273,132949,140,19224,573,1,36469,0.0010000000000047748
47162000,-10749,9797,129983,-7656,3386,121576,116,19230,475,1,36470,0.0009999999999976694
47163000,-3009,12481,128394,-12934,10278,124316,99,19229,405,1,36471,0.0009999999999976694
47164000,-2723,-5051,126090,-7263,-9779,132924,154,19230,631,0,36472,0.0009999999999976694
47165000,1085,-6117,126836,1306,-7894,123946,110,19230,451,0,36473,0.0010000000000047748
47166000,-64,3949,127998,-11555,6307,127377,111,19229,451,0,36474,0.0009999999999976694
47167000,-7769,17213,128937,-8435,16451,121511,133,19226,455,1,36475,0.0009999999999976694
47168000,-2220,8573,126197,-7713,1211,126585,133,19228,545,1,36476,0.0010000000000047748
47169000,-6905,-2965,124599,-7253,-4385,129939,114,19226,467,1,36477,0.0009999999999976694
47170000,-452,3129,125965,-8221,-158,122809,111,19229,455,0,36478,0.0009999999999976694
47171000,1970,6291,125911,1485,4036,122381,84,19229,344,0,36479,0.0010000000000047748
47172000,779,6541,125544,3550,964,126220,103,19231,344,0,36480,0.0009999999999976694
47173000,1653,4309,126100,-13224,1439,124652,126,19229,422,0,36481,0.0009999999999976694
47174000,-5376,9815,126722,3244,12057,125413,126,19220,516,1,36482,0.0010000000000047748
47175000,107,3986,122981,-1819,2489,125512,115,19229,471,1,36483,0.0009999999999976694
47176000,3974,7697,126216,-6381,3022,124369,96,19230,393,1,36484,0.0009999999999976694
47177000,8200,5398,124269,10572,-776,120841,126,19230,516,0,36485,0.0010000000000047748
47178000,12931,2486,126369,7311,-11504,123120,108,19232,516,0,36486,0.0009999999999976694
47179000,1718,-10293,127063,2654,-13963,137255,111,19228,442,0,36487,0.0009999999999976694
47180001,3547,2122,126644,1717,2164,122672,111,19225,455,1,36488,0.00100100000000225
47181000,1096,15763,128603,-3935,14680,120293,133,19230,545,1,36489,0.0009990000000001942
47182000,6278,12500,128148,9457,6391,125158,111,19230,455,1,36490,0.0009999999999976694
47183000,10251,1217,121460,5525,-312,126949,105,19220,430,0,36491,0.0010000000000047748
47184000,7579,-2093,127500,2831,-2199,125575,106,19220,430,0,36492,0.0009999999999976694
47185000,11400,-4072,127946,14190,-10522,129426,105,19228,434,0,36493,0.0009999999999976694
47186000,4720,-6528,128324,1286,-9272,131590,105,19229,430,0,36494,0.0010000000000047748
47187000,3328,10319,133583,-6436,8610,128341,119,19222,487,1,36495,0.0009999999999976694
47188000,-1083,8513,128627,4860,5158,128202,112,19227,459,1,36496,0.0009999999999976694
47189000,1579,7387,128339,1120,2665,125986,102,19233,418,1,36497,0.0010000000000047748
47190005,8198,-5608,128718,-6463,-9730,126302,133,19233,418,0,36498,0.0010049999999992565
47191000,8809,-10826,129561,13573,-12415,132040,112,19223,545,0,36499,0.0009949999999960824
47192000,4470,5668,131487,9453,1768,127559,112,19228,459,0,36500,0.0010000000000047748
47193000,-2488,-1912,131883,-17098,-3808,132003,110,19228,451,1,36501,0.0009999999999976694
47194000,-2427,798,131863,-5156,-3378,130420,155,19227,635,1,36502,0.0009999999999976694
47195000,-6563,2076,130192,1806,-1088,132547,116,19231,475,1,36503,0.0010000000000047748
47196000,-3596,949,129768,-16031,-2236,120795,101,19231,475,1,36504,0.0009999999999976694
47197000,1771,-5195,128186,-8407,-9842,129748,121,19225,414,0,36505,0.0009999999999976694
47198000,1619,-9246,128028,8470,-13200,135971,121,19228,496,0,36506,0.0010000000000047748
47199000,-6156,2592,130859,-11293,-355,121613,106,19232,434,0,36507,0.0009999999999976694
47200000,-8458,4831,131495,-22443,1517,128910,118,19220,483,1,36508,0.0009999999999976694
47201000,-8509,7414,131669,-5984,6905,125583,110,19227,451,1,36509,0.0010000000000047748
47202000,-8393,-205,127671,-4236,-5771,129737,104,19227,451,1,36510,0.0009999999999976694
47203000,-3253,3679,128074,-15134,2266,125643,125,19226,426,0,36511,0.0009999999999976694
47204000,-6133,-2710,124926,-11163,-5029,124092,125,19219,512,0,36512,0.0010000000000047748
47205000,-1232,-1902,129322,-1322,-5690,131733,95,19232,389,0,36513,0.0009999999999976694
47206000,-2514,2640,127361,-5456,-2739,123338,102,19224,418,0,36514,0.0009999999999976694
47207000,-6725,11543,129646,-14290,10148,126799,141,19229,577,1,36515,0.0010000000000047748
47208003,-9669,5860,124699,-6924,-516,117511,118,19229,483,1,36516,0.0010029999999972006
47209001,149,15083,127539,-9531,13219,124053,102,19229,483,1,36517,0.000998000000002719
47210000,868,-5240,124918,695,-1429,128034,113,19228,418,0,36518,0.0009990000000001942
47211000,1794,-4049,125856,5332,-5458,124568,113,19229,463,0,36519,0.0009999999999976694
47212000,2165,-3275,124336,-11677,-4784,128193,109,19228,446,0,36520,0.0009999999999976694
47213001,-2425,16300,128243,1653,20752,114151,111,19220,455,1,36521,0.00100100000000225
47214000,728,12162,125295,2686,7193,131703,140,19220,573,1,36522,0.0009990000000001942
47215000,-3048,-3669,122572,-8964,1855,123075,102,19228,573,1,36523,0.0009999999999976694
47216002,9113,10446,124670,-5775,7257,121902,113,19231,418,0,36524,0.0010019999999997253
47217000,8770,2776,123118,15751,-2576,123818,113,19225,463,0,36525,0.000998000000002719
47218007,9128,-3607,124567,6355,-7802,127123,103,19229,422,0,36526,0.0010070000000013124
47219002,6522,-14749,125114,-5636,-16480,136627,114,19225,467,0,36527,0.0009949999999960824
47220000,2970,8778,128661,7806,12477,114037,135,19225,553,1,36528,0.000998000000002719
47221000,5311,18770,129610,8266,5272,129361,113,19225,553,1,36529,0.0009999999999976694
47222000,4500,471,125365,-4139,-3390,125084,100,19229,463,1,36530,0.0010000000000047748
47223000,12557,-389,125971,5903,-3364,125585,100,19228,410,0,36531,0.0009999999999976694
47224000,9298,-1747,128473,16895,-8380,130073,152,19232,623,0,36532,0.0009999999999976694
47225000,6652,-2308,127180,5795,-12773,125698,104,19232,426,0,36533,0.0009999999999976694
47226000,5121,10332,131254,-3503,10135,125979,105,19224,430,1,36534,0.0010000000000047748
47227000,-266,2790,129437,-2506,2427,131111,118,19224,430,1,36535,0.0009999999999976694
47228002,3278,3245,130356,11725,1423,124058,108,19232,483,1,36536,0.0010019999999997253
47229000,781,8090,128412,-4347,3514,125148,108,19230,442,1,36537,0.000998000000002719
47230000,13724,-13134,123833,-3818,-19090,135364,114,19220,467,0,36538,0.0009999999999976694
47231000,10261,-5621,131099,27491,-3557,126438,97,19230,397,0,36539,0.0009999999999976694
47232000,3399,-7793,127409,-7326,-12248,135187,106,19227,434,0,36540,0.0010000000000047748
47233001,-594,10215,132432,-16045,9849,121284,125,19227,434,1,36541,0.0010009999999951447
47234000,-4206,5119,133375,2481,-374,135865,112,19221,512,1,36542,0.0009990000000001942
47235000,-5824,-2955,126458,2973,-3533,132149,112,19229,459,1,36543,0.0010000000000047748
47236000,-1082,-1438,130790,-21936,-6991,123293,97,19234,397,0,36544,0.0009999999999976694
47237000,-1448,-6411,131280,1180,-11509,132767,144,19232,590,0,36545,0.0009999999999976694
47238000,2797,10971,129826,5744,8932,118718,106,19235,434,0,36546,0.0010000000000047748
47239000,-9263,4400,134481,-21255,1273,133819,110,19235,434,0,36547,0.0009999999999976694
47240002,-8814,-144,129603,-12087,-2989,128831,138,19222,451,1,36548,0.0010019999999997253
47241002,-9145,9246,132591,-7399,7281,128544,138,19227,565,1,36549,0.0009999999999976694
47242000,-6843,5365,130133,-9524,2440,126941,112,19233,459,1,36550,0.000998000000002719
47243000,-1530,4021,129218,-10592,2343,123732,105,19223,430,0,36551,0.0009999999999976694
47244000,-4032,-9905,125782,-9825,-12877,134500,132,19234,541,0,36552,0.0010000000000047748
47245000,-684,3232,127140,3418,538,122584,104,19234,541,0,36553,0.0009999999999976694
47246001,-6807,10735,126530,-17642,9093,125352,119,19231,426,1,36554,0.00100100000000225
47247000,-6059,11352,129333,-13998,8688,124211,119,19221,487,1,36555,0.0009990000000001942
47248000,-5687,-2434,127036,-879,-4588,131544,113,19230,463,1,36556,0.0009999999999976694
47249000,-1164,549,125908,-9929,-5049,125315,102,19229,418,1,36557,0.0009999999999976694
47250000,191,8682,124779,-3412,10465,116749,132,19227,541,0,36558,0.0010000000000047748
47251000,2924,-6556,121674,2953,-8654,130457,104,19227,426,0,36559,0.0009999999999976694
47252000,459,2834,124968,-5872,-2467,125430,112,19230,426,0,36560,0.0009999999999976694
47253000,-896,13386,127713,-8206,11387,121230,112,19223,459,1,36561,0.0010000000000047748
47254000,-5498,11437,125615,5986,9789,122899,152,19226,623,1,36562,0.0009999999999976694
47255000,2657,4810,127691,-6501,7459,128428,109,19232,446,1,36563,0.0009999999999976694
47256000,6914,5779,123247,-3805,-422,122078,97,19225,397,0,36564,0.0010000000000047748
47257003,8624,9511,125325,17474,6940,119485,93,19225,381,0,36565,0.0010029999999972006
47258000,8919,-4139,123741,4635,-7416,127162,113,19229,381,0,36566,0.0009969999999981383
47259000,4997,-5209,127990,-1429,-7977,130024,121,19229,463,0,36567,0.0010000000000047748
47260000,4238,-3855,127201,8465,3826,131265,121,19220,496,1,36568,0.0009999999999976694
47261000,2962,12821,128420,2123,17840,115510,109,19230,446,1,36569,0.0009999999999976694
47262000,10476,7922,127012,761,-95,127330,99,19234,405,1,36570,0.0010000000000047748
47263000,10145,-6550,123421,9101,-11825,129801,125,19234,512,0,36571,0.0009999999999976694
47264000,9920,-2298,127377,5974,-10626,125272,100,19226,512,0,36572,0.0009999999999976694
47265000,6193,-6086,128334,7188,-9516,130036,103,19231,410,0,36573,0.0010000000000047748
47266000,3826,6719,130648,1875,69,127477,103,19224,422,1,36574,0.0009999999999976694
47267000,1395,9343,131937,1833,2644,127985,137,19234,561,1,36575,0.0009999999999976694
47268006,-2433,9308,131062,1396,5709,125556,113,19232,463,1,36576,0.0010060000000038372
47269003,6203,2941,129004,-2196,-2932,128372,102,19225,418,1,36577,0.0009969999999981383
47270000,7179,-6552,128316,4535,-9841,131075,144,19225,418,0,36578,0.0009969999999981383
47271000,10731,-9152,128096,17108,-11670,128805,109,19231,590,0,36579,0.0010000000000047748
47272001,2300,-1033,129235,-6494,-9477,130844,109,19231,446,0,36580,0.0010009999999951447
47273000,-163,15796,134027,-24660,14085,120989,110,19220,451,1,36581,0.0009990000000001942
47274000,-2953,12035,132644,11029,8663,126669,130,19227,532,1,36582,0.0010000000000047748
47275000,-4677,-6357,130564,-5367,-9390,132312,102,19232,418,1,36583,0.0009999999999976694
47276000,-2024,-8863,126761,-19938,-12723,133281,117,19232,418,0,36584,0.0009999999999976694
47277000,-1375,-6776,128514,146,-8878,131280,97,19225,479,0,36585,0.0010000000000047748
47278000,376,8670,133067,5248,5940,123116,97,19231,397,0,36586,0.0009999999999976694
47279000,-6612,3901,132472,-18061,1122,129787,107,19226,438,0,36587,0.0009999999999976694
47280000,-8928,3302,130592,-18107,78,130786,137,19225,561,1,36588,0.0010000000000047748
47281000,-7606,1901,128671,-2408,-533,132154,116,19232,475,1,36589,0.0009999999999976694
47282000,-5870,16068,129554,-11006,13737,119256,99,19232,475,1,36590,0.0009999999999976694
47283000,-3238,-3527,127097,-11034,-8877,131156,159,19227,405,0,36591,0.0010000000000047748
47284000,-4152,-8032,125665,-3215,-12061,128712,159,19223,651,0,36592,0.0009999999999976694
47285000,636,2781,130559,-8554,544,131871,104,19229,426,0,36593,0.0009999999999976694
47286000,-6086,14865,128309,-2881,12599,117198,108,19223,442,1,36594,0.0010000000000047748
47287002,-8439,10811,129461,-12085,6621,128656,126,19228,516,1,36595,0.0010019999999997253
47288000,-5482,1550,126371,-15427,-1250,129987,110,19228,516,1,36596,0.0009979999999956135
47289000,-1117,7622,127109,-58,4120,125795,113,19231,451,0,36597,0.0009999999999976694
47290000,750,2578,125366,1651,80,120521,113,19225,463,0,36598,0.0010000000000047748
47291000,-792,-6947,121575,-6187,-11503,123899,89,19228,365,0,36599,0.0009999999999976694
47292002,2621,-5675,125004,-8475,-9359,131405,109,19228,446,0,36600,0.0010019999999997253
47293001,-2740,15395,126102,3647,13235,119167,129,19220,528,1,36601,0.0009990000000001942
47294000,-3215,13676,125440,-5799,11241,124273,114,19220,528,1,36602,0.0009990000000001942
47295000,590,6533,126243,-5119,3997,121202,96,19228,467,1,36603,0.0009999999999976694
47296000,9845,-8392,123169,2619,-11936,128731,96,19230,393,0,36604,0.0010000000000047748
47297002,9274,1965,123665,9771,-3742,125352,129,19231,528,0,36605,0.0010019999999997253
47298002,6093,-459,123532,8076,-3616,121117,110,19227,451,0,36606,0.0009999999999976694
47299000,2413,-3614,128169,2278,-6555,133622,114,19226,467,1,36607,0.000998000000002719
47300000,1639,5930,126478,-2396,-2544,120191,132,19226,541,1,36608,0.0009999999999976694
47301000,3184,10793,126785,3392,5681,124164,109,19235,541,1,36609,0.0009999999999976694
47302000,7239,5845,124860,8490,4974,117016,102,19231,446,1,36610,0.0010000000000047748
47303000,11172,-1197,124946,1789,-4708,129427,102,19221,418,0,36611,0.0009999999999976694
47304000,11513,-10076,128600,7857,-12945,136604,112,19229,459,0,36612,0.0009999999999976694
47305000,5749,-12837,128041,15409,-17597,131041,113,19228,463,0,36613,0.0010000000000047748
47306000,991,9792,132230,-6645,4229,124901,122,19228,500,1,36614,0.0009999999999976694
47307000,-2266,13511,130253,-5740,12815,118625,113,19224,500,1,36615,0.0009999999999976694
47308000,3770,7792,131580,7711,-105,140816,100,19227,463,1,36616,0.0010000000000047748
47309000,3552,-5958,124334,-1022,-6033,124789,100,19230,410,1,36617,0.0009999999999976694
47310001,11732,-4669,127722,-2513,-1386,124740,136,19224,557,0,36618,0.00100100000000225
47311000,4870,1541,130987,16399,-12033,132573,105,19231,430,0,36619,0.0009990000000001942
47312000,1951,-11554,128555,-20179,-8048,129520,107,19229,438,0,36620,0.0009999999999976694
47313001,-180,17596,138092,-11614,10924,130858,155,19229,438,1,36621,0.00100100000000225
47314000,-9427,1986,130508,9094,1454,124699,109,19231,635,1,36622,0.0009990000000001942
47315000,-3479,8978,130438,-16500,2809,124520,109,19229,446,1,36623,0.0009999999999976694
47316000,-122,-13340,129642,-11528,-23758,142131,100,19226,410,0,36624,0.0009999999999976694
47317002,798,-5644,126840,12419,-710,120747,121,19230,496,0,36625,0.0010019999999997253
47318000,-3124,14307,132941,-9721,8203,125685,110,19234,451,0,36626,0.000998000000002719
47319000,-7500,2929,129701,-23048,-4513,129389,121,19234,451,1,36627,0.0009999999999976694
47320000,-6636,10369,132307,-919,7082,130570,112,19218,496,1,36628,0.0010000000000047748
47321000,-12175,-823,126501,-13245,3915,127107,112,19228,459,1,36629,0.0009999999999976694
47322000,1291,14120,132521,-11072,6878,120498,103,19228,422,1,36630,0.0009999999999976694
47323000,-2674,-5375,125558,3044,-11302,134551,126,19215,516,0,36631,0.0010000000000047748
47324000,36,-5200,125287,-10252,-7066,129702,97,19235,397,0,36632,0.0009999999999976694
47325000,-1802,-749,127193,-9503,-1814,123185,104,19235,397,0,36633,0.0009999999999976694
47326000,-5473,14262,128918,-6716,10379,121696,144,19228,426,1,36634,0.0010000000000047748
47327000,-4970,7102,128044,-7493,-816,125366,144,19227,590,1,36635,0.0009999999999976694
47328001,-10844,9012,127494,-7225,6243,124878,116,19229,475,1,36636,0.00100100000000225
47329000,1031,3334,124799,-8100,-1167,127161,101,19224,414,0,36637,0.0009990000000001942
47330001,-1888,475,125038,2257,-1455,121034,114,19232,467,0,36638,0.0010009999999951447
47331000,1252,-3034,126475,-2954,-8712,131473,109,19232,467,0,36639,0.0009990000000001942
47332000,3680,12459,126461,-9851,10999,119035,115,19230,446,0,36640,0.0010000000000047748
47333000,-3110,14667,128668,2489,11475,124643,115,19220,471,1,36641,0.0009999999999976694
47334000,463,1089,123416,3135,-1988,133474,140,19239,573,1,36642,0.0009999999999976694
47335000,2680,9909,123750,-6672,6625,114836,101,19232,414,1,36643,0.0010000000000047748
47336000,12300,-1078,125591,7758,-4769,124451,113,19227,463,0,36644,0.0009999999999976694
47337000,11072,-1119,122343,14163,-4711,122748,106,19227,463,0,36645,0.0009999999999976694
47338000,5662,-8386,124082,-2,-12439,131453,115,19223,434,0,36646,0.0010000000000047748
47339000,3650,3069,128321,3330,-122,125087,115,19229,471,1,36647,0.0009999999999976694
47340000,357,9337,129011,3727,6963,122303,144,19225,590,1,36648,0.0009999999999976694
47341000,5610,6569,128772,1039,3429,128928,116,19229,475,1,36649,0.0010000000000047748
47342000,6112,-339,125118,5460,-4014,124378,98,19225,401,1,36650,0.0009999999999976694
47343000,12343,-3960,126419,4851,-10485,126723,143,19225,586,0,36651,0.0009999999999976694
47344000,9116,-6495,126593,16110,-4271,123670,102,19233,586,0,36652,0.0010000000000047748
47345000,6010,-20644,125404,-96,-23794,131748,107,19228,418,0,36653,0.0009999999999976694
47346000,2819,7738,132213,-3378,2308,129609,107,19220,438,1,36654,0.0009999999999976694
47347000,-3329,14034,127973,6496,12367,120982,123,19227,504,1,36655,0.0010000000000047748
47348000,3785,9201,131501,-3169,9146,125151,107,19226,438,1,36656,0.0009999999999976694
47349000,5843,-12684,127520,-828,-12508,136242,108,19226,442,0,36657,0.0009999999999976694
47350000,9763,-13300,128124,7860,-18116,130424,87,19224,442,0,36658,0.0009999999999976694
47351000,2915,9621,130533,14723,1097,121705,105,19233,356,0,36659,0.0010000000000047748
47352000,-1103,-1623,129291,-8076,-3419,131654,105,19228,430,0,36660,0.0009999999999976694
47353000,1488,3535,132145,-17588,-205,128476,129,19227,528,1,36661,0.0009999999999976694
47354000,-7880,-393,132211,4098,-1197,135232,114,19229,467,1,36662,0.0010000000000047748
47355000,-2978,306,126946,771,6574,117716,96,19229,393,1,36663,0.0009999999999976694
47356000,-1314,-10160,131647,-20224,-19133,139153,143,19226,393,0,36664,0.0009999999999976694
47357000,4631,-15820,127440,-3109,-10376,134592,107,19233,586,0,36665,0.0010000000000047748
47358000,-2622,8664,129939,10689,3914,123095,107,19226,438,0,36666,0.0009999999999976694
47359000,-10288,9357,132807,-23651,6493,128947,113,19225,463,1,36667,0.0009999999999976694
47360000,-9617,12327,131606,-6967,3946,129223,133,19227,545,1,36668,0.0010000000000047748
47361000,-5198,221,127136,-5919,-3617,133962,111,19233,455,1,36669,0.0009999999999976694
47362001,-5692,8418,130532,-5254,7662,120885,105,19233,455,1,36670,0.00100100000000225
47363003,-1999,4690,125264,-17045,-1512,122274,130,19221,430,0,36671,0.0010019999999997253
47364000,-3107,-3850,125765,-2517,-4010,130197,130,19240,532,0,36672,0.0009969999999981383
47365000,-2030,6251,129078,-8728,2716,124443,109,19229,446,0,36673,0.0009999999999976694
47366002,-6217,6706,125683,-9870,2270,126265,125,19221,512,1,36674,0.0010019999999997253
47367000,-7775,19839,129033,-13191,16037,118543,118,19228,483,1,36675,0.000998000000002719
47368000,401,1556,127373,-5978,-3608,129482,105,19228,483,1,36676,0.0009999999999976694
47369000,-622,2917,127003,6039,-2077,125135,135,19229,430,0,36677,0.0010000000000047748
47370000,1217,-3294,123405,-12092,-5316,124571,135,19232,553,0,36678,0.0009999999999976694
47371000,-1783,4448,125871,-2898,4302,121407,102,19229,418,0,36679,0.0009999999999976694
47372000,1343,13113,127151,688,7344,127137,107,19225,438,0,36680,0.0010000000000047748
47373000,-5115,5756,124327,-984,5438,126712,158,19228,647,1,36681,0.0009999999999976694
47374000,-2339,15778,128539,-11897,12593,120575,111,19228,647,1,36682,0.0009999999999976694
47375000,9570,11737,124402,2332,8182,119117,100,19235,455,1,36683,0.0010000000000047748
47376001,9116,5141,124241,17933,-368,126538,100,19222,410,0,36684,0.0010009999999951447
47377000,11084,-16376,121091,685,-21269,131357,93,19229,381,0,36685,0.0009990000000001942
47378000,3594,-198,127549,2198,-3694,124497,111,19226,455,0,36686,0.0010000000000047748
47379000,3684,11263,129854,-2402,10061,125918,119,19223,487,1,36687,0.0009999999999976694
47380002,1813,14209,129459,6726,11893,120261,112,19223,487,1,36688,0.0010019999999997253
47381000,3743,8587,127164,442,5517,131200,101,19229,459,1,36689,0.000998000000002719
47382000,9074,6386,124033,2097,3408,124265,101,19227,414,0,36690,0.0009999999999976694
47383000,11692,-242,127769,6881,-3847,121902,125,19223,512,0,36691,0.0009999999999976694
47384000,12964,-10300,127043,20231,-14021,133387,97,19229,397,0,36692,0.0010000000000047748
47385000,993,-4631,127968,-3106,-8280,128754,102,19226,418,0,36693,0.0009999999999976694
47386006,3671,1889,130736,-12092,-3079,132661,141,19226,577,1,36694,0.0010059999999967317
47387000,-40,18309,131632,14076,15767,121324,115,19224,577,1,36695,0.0009940000000057125
47388000,607,1374,128495,-2941,-665,128120,103,19230,471,1,36696,0.0009999999999976694
47389000,9058,-11470,128208,-9200,-15312,130368,103,19222,422,0,36697,0.0009999999999976694
47390000,6680,-12313,128725,19363,-16199,129699,141,19228,577,0,36698,0.0010000000000047748
47391001,6360,-2219,129222,5127,-5743,131265,103,19229,422,0,36699,0.0010009999999951447
47392000,-1035,11503,133513,-22116,7854,120478,112,19229,459,1,36700,0.0009990000000001942
47393000,-6713,257,133947,2390,-2760,139910,121,19222,459,1,36701,0.0010000000000047748
47394000,-10930,1209,129137,-137,-2458,125555,103,19230,496,1,36702,0.0009999999999976694
47395000,-1701,-3336,131279,-23455,-6545,134657,103,19235,422,1,36703,0.0009999999999976694
47396001,1215,1594,127830,3386,-4477,127367,119,19227,487,0,36704,0.00100100000000225
47397000,4852,3662,128821,2750,-277,130206,109,19228,446,0,36705,0.0009990000000001942
47398000,-5021,-976,129448,-9260,-5844,126829,113,19228,463,0,36706,0.0009999999999976694
47399000,-6087,-419,129772,-13394,-4668,135416,147,19224,463,1,36707,0.0010000000000047748
47400000,-9487,3770,131339,-10443,-920,126804,117,19227,602,1,36708,0.0009999999999976694
47401000,-7371,10090,130254,-9263,9702,125440,117,19231,479,1,36709,0.0009999999999976694
47402000,-3758,-1350,127482,-16616,-577,136938,105,19227,430,1,36710,0.0010000000000047748
47403000,-4542,-3878,125520,-1860,-12011,122804,164,19235,672,0,36711,0.0009999999999976694
47404000,1227,-3492,124996,-5613,1731,127376,104,19225,426,0,36712,0.0009999999999976694
47405000,-4692,14864,130968,-8885,10098,120275,108,19225,426,0,36713,0.0010000000000047748
47406000,-5048,6199,127562,-10376,3766,129459,128,19222,442,1,36714,0.0009999999999976694
47407000,-7958,4844,128213,-11949,220,127978,128,19232,524,1,36715,0.0009999999999976694
47408001,-4236,289,125339,-3484,4521,125797,109,19231,446,1,36716,0.00100100000000225
47409001,2093,5232,125338,-2889,216,120802,117,19224,479,0,36717,0.0009999999999976694
47410000,3212,-1711,124100,-1428,-6694,128937,93,19230,381,0,36718,0.0009990000000001942
47411000,1909,1336,124987,284,-164,125268,107,19230,381,0,36719,0.0010000000000047748
47412000,-3396,7252,125980,-10324,3318,120574,131,19228,438,1,36720,0.0009999999999976694
47413000,-3583,16736,127068,-1295,10293,121490,131,19223,537,1,36721,0.0009999999999976694
47414000,-1191,5981,126760,2037,1015,131248,115,19230,471,1,36722,0.0009999999999976694
47415000,5807,1706,122948,-2816,501,121493,95,19234,389,0,36723,0.0010000000000047748
47416000,9087,13848,126788,9625,8895,118435,126,19234,516,0,36724,0.0009999999999976694
47417001,9285,-7153,121710,9675,-7895,130359,111,19234,516,0,36725,0.00100100000000225
47418000,6591,-3224,124264,-1191,-3785,125823,115,19227,455,0,36726,0.0009990000000001942
47419000,4655,-4837,127342,3336,-7797,134117,115,19225,471,1,36727,0.0009999999999976694
47420000,5508,16593,128365,4666,17045,115284,131,19225,537,1,36728,0.0009999999999976694
47421000,6685,6826,128819,4835,-208,129118,107,19232,438,1,36729,0.0010000000000047748
47422000,11453,-6946,124404,6313,-9396,129514,106,19222,434,0,36730,0.0009999999999976694
47423000,8868,8192,127123,5376,2644,123046,89,19222,434,0,36731,0.0009999999999976694
47424000,5886,-6192,127069,13825,-9991,131637,105,19230,365,0,36732,0.0010000000000047748
47425003,5229,3792,129711,-7138,725,122093,105,19231,430,0,36733,0.0010029999999972006
47426000,3148,4914,130788,5877,2418,135065,119,19225,487,1,36734,0.0009969999999981383
47427000,1778,11248,128909,1797,9001,122153,113,19230,463,1,36735,0.0010000000000047748
47428000,6585,8184,130989,2133,4456,129632,101,19233,414,1,36736,0.0009999999999976694
47429000,7810,-8258,126686,4090,-11604,128789,142,19233,414,0,36737,0.0009999999999976694
47430000,10986,-13087,129849,5341,-15879,129789,105,19219,582,0,36738,0.0010000000000047748
47431000,1825,-4719,130169,11480,-7916,133072,105,19231,430,0,36739,0.0009999999999976694
47432000,2571,2355,130285,-14037,-344,124947,104,19224,426,1,36740,0.0009999999999976694
47433000,-7125,12479,134336,-10229,10015,127419,146,19229,598,1,36741,0.0010000000000047748
47434003,-4545,5056,130401,4196,1329,127805,109,19233,446,1,36742,0.0010029999999972006
47435000,-620,-2634,127610,-10149,-5709,128050,103,19233,422,1,36743,0.0009969999999981383
47436000,-2028,-12217,128526,-8809,-18375,134144,109,19221,422,0,36744,0.0010000000000047748
47437000,2366,-5152,131175,3000,-11008,131405,111,19232,446,0,36745,0.0009999999999976694
47438001,-7619,10232,131453,-9069,9574,119111,111,19224,455,0,36746,0.00100100000000225
47439000,-4077,-1515,131084,-22930,-2654,133223,123,19220,504,1,36747,0.0009990000000001942
47440000,-8638,1757,129398,354,-3005,134489,113,19230,463,1,36748,0.0009999999999976694
47441000,-7199,15323,129774,-5824,12026,120682,105,19230,430,1,36749,0.0009999999999976694
47442000,-2678,9824,130890,-14514,12102,125029,128,19233,430,0,36750,0.0010000000000047748
47443000,-6021,-14941,124309,-8575,-16099,132182,101,19220,524,0,36751,0.0009999999999976694
47444000,-418,683,127575,-3636,-6504,122767,101,19226,414,0,36752,0.0009999999999976694
47445000,-6315,13544,128533,-7943,8138,120853,104,19224,426,1,36753,0.0010000000000047748
47446000,-7179,3506,127681,-11321,1739,128575,147,19235,602,1,36754,0.0009999999999976694
47447000,-7640,3845,128005,-12864,1081,125880,117,19235,479,1,36755,0.0009999999999976694
47448000,-288,5035,126048,-13182,8478,126432,104,19232,479,1,36756,0.0010000000000047748
47449000,1497,4404,124732,8082,1989,120097,112,19226,426,0,36757,0.0009999999999976694
47450000,1325,-15156,122982,-3473,-15640,135162,112,19230,459,0,36758,0.0009999999999976694
47451000,2221,-5985,124685,-11782,-3404,127169,113,19223,463,0,36759,0.0010000000000047748
47452000,-1813,13059,126882,4255,12333,120326,116,19220,475,1,36760,0.0009999999999976694
47453000,-4785,14048,128136,-3541,7748,120440,125,19231,512,1,36761,0.0009999999999976694
47454000,-129,9416,124310,-6570,3654,125791,99,19231,512,1,36762,0.0010000000000047748
47455000,4409,4220,124523,5108,-2788,127318,117,19231,405,0,36763,0.0009999999999976694
47456000,8711,4518,124210,13020,-506,118454,117,19230,479,0,36764,0.0009999999999976694
47457000,7648,-6437,127023,3711,-13941,128556,101,19228,414,0,36765,0.0010000000000047748
47458000,3796,-6206,126774,-1376,-5102,129053,113,19226,463,0,36766,0.0009999999999976694
47459000,2782,4865,128099,5381,1402,125645,141,19228,577,1,36767,0.0009999999999976694
47460002,2146,17204,128721,1036,12764,126488,113,19228,577,1,36768,0.0010019999999997253
47461000,6286,15212,123691,1236,14920,115905,97,19231,463,1,36769,0.000998000000002719
47462000,11894,-4035,125422,5575,-7034,124485,97,19228,397,0,36770,0.0009999999999976694
47463000,13508,-11125,126822,11847,-16919,135382,148,19233,606,0,36771,0.0010000000000047748
47464000,7379,-8337,125037,11540,-9674,127735,106,19229,434,0,36772,0.0009999999999976694
47465000,2107,6610,133038,-8884,5349,128257,109,19219,446,1,36773,0.0009999999999976694
47466000,-142,7254,129019,-758,1326,129160,117,19219,446,1,36774,0.0010000000000047748
47467005,-1800,6368,129992,6467,4336,126141,105,19225,479,1,36775,0.0010049999999992565
47468002,3237,6169,131540,-8859,2287,126536,105,19230,430,1,36776,0.0009969999999981383
47469000,10208,-7343,125393,6479,-13222,127216,112,19222,459,0,36777,0.000998000000002719
47470000,9370,-2215,131413,22413,-5761,129449,88,19233,360,0,36778,0.0009999999999976694
47471000,1151,-13071,126652,-11683,-16295,129218,106,19229,434,0,36779,0.0009999999999976694
47472001,-2605,15884,136589,-14818,13342,127643,127,19229,434,1,36780,0.00100100000000225
47473000,-6273,12473,131011,-2674,9675,129206,112,19222,520,1,36781,0.0009990000000001942
47474000,-9572,2041,131565,2007,-51,127351,112,19231,459,1,36782,0.0009999999999976694
47475000,2356,-8667,128713,-21312,-13305,132259,96,19227,393,0,36783,0.0009999999999976694
47476000,640,-992,128814,-91,-3995,128770,147,19231,602,0,36784,0.0010000000000047748
47477000,2182,7238,130587,6942,4600,124938,107,19229,438,0,36785,0.0009999999999976694
47478000,-5728,5007,131882,-20016,1996,127714,112,19229,459,0,36786,0.0009999999999976694
47479003,-10277,-2266,129790,-14751,-4724,135014,136,19226,459,1,36787,0.001003000000004306
47480002,-9798,10068,133041,-8127,7704,128131,109,19226,557,1,36788,0.0009990000000001942
47481002,-5180,8862,128217,-10785,5949,123575,109,19231,446,1,36789,0.0009999999999976694
47482000,-2402,5598,129164,-9070,4764,125172,107,19222,438,0,36790,0.000998000000002719
47483000,-2356,-10919,124001,-7476,-14768,131831,133,19234,545,0,36791,0.0009999999999976694
47484000,-708,-8673,128110,1278,-11309,128234,103,19234,422,0,36792,0.0009999999999976694
47485000,-8676,17816,129696,-18593,15620,119134,123,19229,422,1,36793,0.0010000000000047748
47486000,-6637,13768,127401,-9802,11751,124291,117,19222,504,1,36794,0.0009999999999976694
47487000,-6976,-177,127233,-1649,-3745,132693,117,19227,479,1,36795,0.0009999999999976694
47488000,-778,5793,126578,-15049,1738,124539,103,19228,422,1,36796,0.0010000000000047748
47489000,2634,11433,124566,2261,4747,122627,136,19232,557,0,36797,0.0009999999999976694
47490002,1364,-2545,122306,6865,-8095,125948,113,19229,463,0,36798,0.0010019999999997253
47491000,1356,2093,126700,-11556,-3518,126631,112,19229,463,0,36799,0.000998000000002719
47492000,263,7690,126113,-6074,3466,125107,158,19223,459,1,36800,0.0009999999999976694
47493000,-3728,6436,125170,8098,4290,125265,158,19228,647,1,36801,0.0009999999999976694
47494002,2755,9851,126705,-6303,8295,120956,112,19234,459,1,36802,0.0010019999999997253
47495000,10037,4443,123489,-3328,4046,124222,101,19225,414,0,36803,0.000998000000002719
47496000,10034,-4996,124315,16548,-8681,133460,87,19232,356,0,36804,0.0009999999999976694
47497000,8552,-7538,124340,6476,-11118,117865,110,19232,356,0,36805,0.0010000000000047748
47498000,1300,4965,127875,2212,-3665,128317,124,19229,451,0,36806,0.0009999999999976694
47499000,789,7172,128880,1782,7638,127595,124,19223,508,1,36807,0.0009999999999976694
47500000,4665,14025,129617,7617,11096,120814,114,19231,467,1,36808,0.0010000000000047748
47501000,8659,9452,126228,7185,9739,126250,98,19227,401,1,36809,0.0009999999999976694
47502000,11525,-1026,124265,1956,-8341,123996,122,19227,500,0,36810,0.0009999999999976694
47503000,12196,-7547,126600,15558,-11090,132053,97,19227,500,0,36811,0.0010000000000047748
47504000,9811,-10068,126115,6252,-9474,131419,104,19227,397,0,36812,0.0009999999999976694
47505000,4765,5157,131366,-5280,4200,125998,104,19222,426,1,36813,0.0009999999999976694
47506000,-1180,19038,132759,4578,12136,122801,144,19228,590,1,36814,0.0010000000000047748
47507000,1930,14930,128127,985,4700,128149,113,19230,463,1,36815,0.0009999999999976694
47508000,5808,-3360,130266,-1674,-5492,134721,101,19225,414,1,36816,0.0009999999999976694
47509000,11831,-10729,128413,7237,-12173,126706,135,19225,414,0,36817,0.0010000000000047748
47510000,10796,-1332,130342,19461,-4381,126293,106,19231,553,0,36818,0.0009999999999976694
47511000,-1014,4327,129523,-11823,-1049,132534,106,19230,434,0,36819,0.0009999999999976694
47512002,1857,-3563,128420,-19652,-2153,129351,118,19219,483,1,36820,0.0010019999999997253
47513000,-7888,14962,134237,8908,12506,124387,118,19228,483,1,36821,0.000998000000002719
47514000,-1031,-4291,129714,-5486,-7135,127329,99,19231,405,1,36822,0.0009999999999976694
47515000,-3625,-7464,131074,-16073,-14436,132087,118,19231,405,0,36823,0.0010000000000047748
47516000,1741,-14635,129423,-890,-18149,142875,95,19221,483,0,36824,0.0009999999999976694
47517000,121,13149,130016,6026,11633,118973,95,19228,389,0,36825,0.0009999999999976694
47518000,-9038,6550,132537,-18489,2810,127810,113,19227,463,1,36826,0.0010000000000047748
47519000,-10596,16343,129959,-20981,13911,120284,149,19226,610,1,36827,0.0009999999999976694
47520001,-7018,-3496,129583,-2900,-8012,142816,118,19228,483,1,36828,0.00100100000000225
47521002,-3999,15990,131198,-6416,14250,118205,100,19228,410,1,36829,0.0010009999999951447
47522000,-2691,1083,127715,-10676,-2899,130832,162,19225,410,0,36830,0.000998000000002719
47523000,-1811,-6062,125255,-4034,-8938,127213,106,19238,664,0,36831,0.0009999999999976694
47524000,167,-1380,127665,-5999,-5474,132954,106,19229,434,0,36832,0.0010000000000047748
47525000,-6498,4495,126583,-4692,1254,124107,114,19223,467,1,36833,0.0009999999999976694
47526000,-7642,20956,130183,-12075,18596,110684,128,19229,524,1,36834,0.0009999999999976694
47527000,-5729,-2810,126596,-14597,-5246,139875,112,19229,459,1,36835,0.0010000000000047748
47528000,111,3908,126089,3489,771,120359,115,19232,459,0,36836,0.0009999999999976694
47529000,-1596,-1439,124807,-2127,-4685,127483,97,19224,471,0,36837,0.0009999999999976694
47530000,-1486,1826,123659,-7059,-3148,122541,97,19229,397,0,36838,0.0010000000000047748
47531000,512,1954,126244,-10680,431,121613,112,19231,459,0,36839,0.0009999999999976694
47532001,-2651,6651,125664,5332,4687,130411,139,19211,569,1,36840,0.00100100000000225
47533000,-1320,15430,125617,-9365,12309,116063,117,19211,479,1,36841,0.0009990000000001942
47534000,1072,3362,125859,1206,-1544,129962,95,19230,479,1,36842,0.0009999999999976694
47535000,11021,3111,122045,8963,-115,115697,125,19228,389,0,36843,0.0009999999999976694
47536000,11961,-4727,123660,218,-6298,133155,125,19232,512,0,36844,0.0010000000000047748
47537000,2384,-4481,123739,11961,-8501,122067,111,19231,455,0,36845,0.0009999999999976694
47538000,7069,-974,127222,2450,-3767,130035,117,19224,479,1,36846,0.0009999999999976694
47539000,-217,10587,128784,-4419,4031,123757,133,19229,545,1,36847,0.0009999999999976694
47540000,3387,9571,126279,6958,8636,125770,109,19229,545,1,36848,0.0010000000000047748
47541000,6457,2245,125740,3972,-497,121983,106,19231,446,1,36849,0.0009999999999976694
47542000,9758,2004,127774,3646,-954,125717,106,19221,434,0,36850,0.0009999999999976694
47543000,13819,-15063,124934,8000,-10740,139184,97,19230,397,0,36851,0.0010000000000047748
47544000,905,-10422,128303,15407,-8347,126726,104,19228,426,0,36852,0.0009999999999976694
47545000,5836,485,129933,-15093,-672,131548,121,19225,496,1,36853,0.0009999999999976694
47546000,-3617,19928,131257,16297,17179,119467,115,19225,496,1,36854,0.0010000000000047748
47547001,244,8607,129275,-125,4179,131172,101,19229,471,1,36855,0.0010009999999951447
47548000,7824,-9331,125624,-9371,-14154,132585,101,19231,414,0,36856,0.0009990000000001942
47549000,7087,-3891,128409,23865,-5384,123615,141,19229,577,0,36857,0.0010000000000047748
47550000,7828,-5699,128042,5456,-13489,135224,101,19230,414,0,36858,0.0009999999999976694
47551000,2765,77,133627,-25514,3492,124784,106,19224,434,0,36859,0.0009999999999976694
47552000,-1841,2331,134008,12734,-3165,137646,158,19224,434,1,36860,0.0010000000000047748
47553000,-11016,3364,128789,-3540,3075,125605,109,19225,647,1,36861,0.0009999999999976694
47554000,-4934,5836,130750,-29705,-1317,125332,109,19233,446,1,36862,0.0009999999999976694
47555000,2585,-2476,127552,13248,-5562,132505,101,19223,414,0,36863,0.0010000000000047748
47556000,2932,-2374,127751,225,-3775,122626,117,19231,479,0,36864,0.0009999999999976694
47557002,-2520,-2512,134293,-14352,-6027,134851,111,19230,455,0,36865,0.0010019999999997253
47558000,-8093,3632,131999,-9914,-2673,125231,125,19230,455,1,36866,0.000998000000002719
47559000,-13237,6324,131404,-12645,5374,131910,114,19224,512,1,36867,0.0009999999999976694
47560000,-11669,4261,131159,-13311,-1356,128152,114,19229,467,1,36868,0.0009999999999976694
47561000,-4425,8845,129178,-8410,4450,121204,100,19232,410,1,36869,0.0010000000000047748
47562000,-4819,-1042,126978,-1518,-4950,133523,127,19219,520,0,36870,0.0009999999999976694
47563000,-578,429,128184,-9752,-3618,121088,101,19230,414,0,36871,0.0009999999999976694
47564000,-204,-3287,125137,-5124,-6312,129710,106,19230,414,0,36872,0.0010000000000047748
47565000,-4978,14732,129115,-8364,11132,122064,151,19226,434,1,36873,0.0009999999999976694
47566000,-5030,3820,126626,-12053,-1525,132828,151,19223,618,1,36874,0.0009999999999976694
47567000,-7783,25271,125700,-5414,23200,112979,115,19232,471,1,36875,0.0010000000000047748
47568001,924,-163,123519,-6686,-3786,130378,101,19224,414,0,36876,0.0010009999999951447
47569001,3301,-8181,125162,2565,-10371,126255,111,19232,455,0,36877,0.0010000000000047748
47570000,3292,3545,126032,2504,913,126327,112,19232,459,0,36878,0.0009990000000001942
47571002,193,11442,126753,-11059,8866,120053,119,19227,459,0,36879,0.0010019999999997253
47572000,-738,17162,129947,4591,14840,122025,131,19225,487,1,36880,0.0009979999999956135
47573003,-2949,-10273,121944,-1009,-13408,138800,131,19231,537,1,36881,0.001003000000004306
47574000,2424,17829,126198,-5947,13609,113082,101,19231,414,1,36882,0.0009969999999981383
47575000,10190,6276,125169,4921,3736,123553,116,19229,475,0,36883,0.0009999999999976694
47576000,13807,3620,123140,17977,25,120141,101,19229,414,0,36884,0.0010000000000047748
47577000,6433,-14885,125233,962,-16461,132747,111,19227,414,0,36885,0.0009999999999976694
47578000,4800,-10659,127426,1506,-13949,131902,141,19224,455,1,36886,0.0009999999999976694
47579000,1339,20396,130170,5611,23408,109925,141,19235,577,1,36887,0.0010000000000047748
47580000,3806,6445,126549,2007,4988,132108,112,19230,459,1,36888,0.0009999999999976694
47581000,6109,556,125261,2246,-1568,126129,98,19226,401,1,36889,0.0009999999999976694
47582000,8715,3320,127182,3903,-1603,123800,141,19226,577,0,36890,0.0010000000000047748
47583000,10205,-2561,127361,16020,-2535,125824,106,19232,577,0,36891,0.0009999999999976694
47584000,6662,-8871,127740,4981,-14495,131342,109,19230,434,0,36892,0.0009999999999976694
47585000,4994,7002,131147,-5556,-571,128079,109,19221,446,1,36893,0.0010000000000047748
47586000,1019,13426,127679,8911,8309,120649,114,19227,467,1,36894,0.0009999999999976694
47587000,2090,4091,128562,697,4644,129802,106,19232,434,1,36895,0.0009999999999976694
47588004,8854,-9855,128371,-5256,-18224,132789,115,19216,471,0,36896,0.0010040000000017812
47589001,9613,-18371,126826,5129,-12220,136519,98,19216,471,0,36897,0.0009969999999981383
47590000,4394,-995,130633,21965,5322,125455,107,19229,401,0,36898,0.0009990000000001942
47591000,-3116,1620,130358,-14247,-3554,127598,107,19228,438,0,36899,0.0010000000000047748
47592000,-2828,10682,131400,-18761,4758,130250,130,19217,532,1,36900,0.0009999999999976694
47593000,-6858,5470,133865,8935,1618,131539,114,19232,467,1,36901,0.0009999999999976694
47594000,-3642,-786,129402,-12266,-3886,125273,100,19219,410,1,36902,0.0010000000000047748
47595002,-1243,-5859,128555,-15591,-8760,132812,151,19219,410,0,36903,0.0010019999999997253
47596000,5395,-5034,128165,10554,-5751,128807,107,19232,618,0,36904,0.0009979999999956135
47597000,-4559,8068,129888,-6189,7478,124577,107,19228,438,0,36905,0.0010000000000047748
47598001,-5517,5395,130512,-28005,3167,128313,107,19228,438,1,36906,0.0010009999999951447
47599000,-8979,5701,131919,-6824,3874,131176,132,19228,541,1,36907,0.0009990000000001942
47600000,-4200,7847,129178,-1555,4540,124307,111,19229,455,1,36908,0.0009999999999976694
47601000,-3093,10308,128463,-5846,6180,126960,109,19229,455,1,36909,0.0010000000000047748
47602000,-5014,-1903,126823,-19295,-2811,134107,130,19220,446,0,36910,0.0009999999999976694
47603000,896,-1728,125621,16,-2071,120504,130,19234,532,0,36911,0.0009999999999976694
47604000,-3246,12270,131656,-5079,7912,125836,100,19229,410,0,36912,0.0010000000000047748
47605000,-6876,3134,125603,-13566,-135,124295,122,19221,500,1,36913,0.0009999999999976694
47606000,-7646,5326,129207,-13148,4396,126772,116,19232,475,1,36914,0.0009999999999976694
47607000,-1383,3828,126418,-4933,104,126810,105,19232,475,1,36915,0.0010000000000047748
47608001,-803,7704,126229,6788,4087,120729,141,19229,430,0,36916,0.0010009999999951447
47609000,1779,-7868,123875,-10559,-10993,128352,141,19228,577,0,36917,0.0009990000000001942
47610000,754,-2015,126666,-3772,-4176,126093,105,19228,430,0,36918,0.0010000000000047748
47611000,459,12762,127737,3498,9947,126026,110,19228,451,0,36919,0.0009999999999976694
47612000,-6458,15687,124859,-4811,12501,119991,160,19230,655,1,36920,0.0009999999999976694
47613000,-2569,16065,124582,-7703,11626,118622,109,19230,655,1,36921,0.0010000000000047748
47614000,9827,-1137,125214,-68,-4148,135961,98,19233,446,1,36922,0.0009999999999976694
47615000,10832,11514,123106,18422,8679,116385,85,19222,401,0,36923,0.0009999999999976694
47616000,8599,-6466,124727,2676,-10507,130130,85,19228,348,0,36924,0.0010000000000047748
47617000,6709,-8651,124510,-2614,-13864,128523,112,19230,459,0,36925,0.0009999999999976694
47618000,6272,6056,128069,6320,2785,128488,125,19224,512,1,36926,0.0009999999999976694
47619000,571,10994,128730,4905,8592,124118,111,19224,455,1,36927,0.0010000000000047748
47620002,5645,12317,127075,-2344,10169,117628,99,19228,455,1,36928,0.0010019999999997253
47621000,8642,-8188,124897,5960,-11140,133910,125,19230,405,0,36929,0.0009979999999956135
47622000,12837,-222,127899,6244,-2660,120181,125,19224,512,0,36930,0.0010000000000047748
47623000,5853,-9388,127457,14850,-12852,134944,101,19231,414,0,36931,0.0009999999999976694
47624000,571,11344,131963,-2910,7303,124834,103,19226,422,0,36932,0.0009999999999976694
47625000,1501,562,128618,-10602,-1698,128268,138,19226,565,1,36933,0.0010000000000047748
47626000,-1052,15991,134920,15462,13142,131871,113,19228,565,1,36934,0.0009999999999976694
47627000,4367,4768,127067,-3932,4165,122899,101,19231,463,1,36935,0.0009999999999976694
47628000,9162,-9747,129231,-2846,-13711,132885,101,19225,414,0,36936,0.0010000000000047748
47629000,10267,-4374,128031,21488,-6245,124799,136,19234,557,0,36937,0.0009999999999976694
47630000,5220,-9519,126731,3648,-15975,140619,105,19235,430,0,36938,0.0009999999999976694
47631000,654,15845,135694,-20030,12271,117013,114,19219,467,1,36939,0.0010000000000047748
47632000,-5576,927,132125,-1331,2534,137145,116,19219,467,1,36940,0.0009999999999976694
47633000,-9979,3893,129573,3639,-3670,128296,101,19230,475,1,36941,0.0009999999999976694
47634001,780,-9620,128487,-22197,-13296,138458,101,19230,414,1,36942,0.00100100000000225
47635000,-125,-3346,127927,564,-12399,120342,120,19225,491,0,36943,0.0009990000000001942
47636000,6985,11606,130683,3499,5369,125043,98,19232,401,0,36944,0.0009999999999976694
47637001,-4480,-5244,129775,-11107,-7073,140757,110,19224,451,0,36945,0.00100100000000225
47638000,-7161,29,129759,-13837,260,124249,145,19224,451,1,36946,0.0009990000000001942
47639000,-10102,4400,130541,-15846,8396,133394,117,19229,594,1,36947,0.0009999999999976694
47640000,-7947,13982,130958,-518,9159,117765,117,19228,479,1,36948,0.0010000000000047748
47641000,-1529,-6117,126652,-10560,-9592,134008,100,19225,410,0,36949,0.0009999999999976694
47642000,-4902,-5812,126574,-3831,-6267,132747,165,19229,676,0,36950,0.0009999999999976694
47643000,878,-263,125229,-3226,-4042,121851,105,19228,430,0,36951,0.0010000000000047748
47644000,-4984,11202,129594,-7428,11367,123802,113,19228,430,0,36952,0.0009999999999976694
47645000,-5813,11320,129221,-14206,6118,122554,124,19221,463,1,36953,0.0009999999999976694
47646000,-5784,-1170,127846,-6330,-3501,135119,124,19228,508,1,36954,0.0010000000000047748
47647000,-5884,3420,125489,-1359,2184,124355,109,19230,446,1,36955,0.0009999999999976694
47648000,2460,5949,124037,-8157,5723,121429,115,19226,471,0,36956,0.0009999999999976694
47649000,5956,11414,125224,9904,7920,124600,97,19229,397,0,36957,0.0010000000000047748
47650000,1961,-10232,122516,-6528,-10774,126641,109,19229,397,0,36958,0.0009999999999976694
47651000,3053,-451,128405,-7986,-715,129034,136,19227,446,1,36959,0.0009999999999976694
47652000,-6499,10376,125277,8125,6849,120223,136,19220,557,1,36960,0.0010000000000047748
47653000,-1894,10331,124922,-5893,6724,125048,115,19231,471,1,36961,0.0009999999999976694
47654000,5622,2681,124715,-5179,-2255,124263,93,19229,381,0,36962,0.0009999999999976694
47655000,9591,6738,125857,14233,3469,120409,121,19233,496,0,36963,0.0010000000000047748
47656002,9406,-5751,125092,5864,-8798,128382,112,19233,496,0,36964,0.0010019999999997253
47657001,1495,-462,127185,4877,-5499,123231,115,19228,459,0,36965,0.0009990000000001942
47658002,4824,721,126724,2826,-2305,132541,115,19225,471,1,36966,0.0010009999999951447
47659002,120,11053,129467,-4938,10119,120212,133,19224,545,1,36967,0.0010000000000047748
47660002,9268,8669,127251,6490,4124,126248,107,19229,438,1,36968,0.0009999999999976694
47661000,12136,-2735,120607,12123,-5704,122934,103,19221,422,0,36969,0.000998000000002719
47662000,7751,-181,127573,870,-3475,125873,94,19221,385,0,36970,0.0009999999999976694
47663000,11947,-20388,126146,14168,-24975,140239,107,19231,385,0,36971,0.0009999999999976694
47664000,3420,8237,131232,5611,4911,119812,123,19225,438,1,36972,0.0009999999999976694
47665000,-681,8696,132514,-10642,5558,131334,123,19222,504,1,36973,0.0010000000000047748
47666000,-85,8781,129757,3107,6898,123182,113,19226,463,1,36974,0.0009999999999976694
47667000,2962,1557,128496,6015,-1652,130625,97,19232,397,1,36975,0.0009999999999976694
47668000,8506,-9369,126924,-4765,-13400,132167,138,19232,565,0,36976,0.0010000000000047748
47669000,10108,-2226,129530,15093,-6260,117422,107,19227,565,0,36977,0.0009999999999976694
47670000,4617,-7767,130112,8099,-9551,140685,108,19230,438,0,36978,0.0009999999999976694
47671000,-1326,2053,131132,-16639,-1465,123661,108,19224,442,1,36979,0.0010000000000047748
47672002,-5879,-266,136580,-9317,685,135915,148,19226,606,1,36980,0.0010019999999997253
47673000,-8730,17906,129979,4480,18126,118302,107,19228,438,1,36981,0.0009979999999956135
47674000,-973,-5601,129131,-17962,-4840,126686,101,19224,414,0,36982,0.0010000000000047748
47675000,-257,-10653,128887,-3579,-15745,142045,116,19224,414,0,36983,0.0009999999999976694
47676000,637,3690,129649,7089,-1352,121819,111,19231,475,0,36984,0.0009999999999976694
47677000,-6348,10879,133284,-13730,9455,125541,111,19229,455,0,36985,0.0010000000000047748
47678000,-6293,481,130253,-18302,654,132907,125,19221,512,1,36986,0.0009999999999976694
47679000,-7098,-225,128281,-5355,-3089,132419,116,19229,475,1,36987,0.0009999999999976694
47680000,-7650,15210,130049,-9640,10347,116452,101,19228,414,1,36988,0.0010000000000047748
47681000,-4398,4163,126199,-11596,5009,129442,128,19228,414,0,36989,0.0009999999999976694
47682000,-3541,-7259,126383,-8210,-9664,133210,100,19220,524,0,36990,0.0009999999999976694
47683000,-799,-7845,126936,-5622,-10243,131151,100,19228,410,0,36991,0.0010000000000047748
47684000,-4496,7819,129924,-4378,17534,112807,104,19228,426,1,36992,0.0009999999999976694
47685001,-7158,20144,128617,-12726,5180,126576,148,19228,606,1,36993,0.00100100000000225
47686002,-9851,-7538,125313,-5162,-10611,133690,116,19230,475,1,36994,0.0010009999999951447
47687001,-1194,16307,128615,-14891,8072,114332,102,19230,475,1,36995,0.0009990000000001942
47688000,-1713,-135,124797,5748,-6326,130316,111,19226,418,0,36996,0.0009990000000001942
47689000,3093,3643,126577,-6035,1541,118914,111,19232,455,0,36997,0.0010000000000047748
47690000,2551,-4398,124586,-6718,-7749,132534,107,19229,438,0,36998,0.0009999999999976694
47691000,-1632,6938,125192,3774,8850,123464,118,19222,483,1,36999,0.0009999999999976694
47692000,-2948,17597,125780,-7500,14059,120833,122,19229,500,1,37000,0.0010000000000047748
47693000,840,9438,124527,-2068,8161,124730,101,19229,500,1,37001,0.0009999999999976694
47694001,9489,6909,124712,4072,819,123385,116,19236,414,0,37002,0.00100100000000225
47695000,7444,-11467,121480,12376,-12890,132405,116,19225,475,0,37003,0.0009990000000001942
47696000,8952,4963,125957,5568,95,117420,99,19229,405,0,37004,0.0009999999999976694
47697000,4902,-3321,125373,1727,-7649,128976,110,19224,451,0,37005,0.0009999999999976694
47698000,2041,7382,129703,1983,7620,126579,142,19227,582,1,37006,0.0010000000000047748
47699000,3015,9793,127711,1198,5284,125361,115,19227,582,1,37007,0.0009999999999976694
47700000,5722,1922,125562,4803,-394,125148,97,19233,471,1,37008,0.0009999999999976694
47701000,10688,6928,128191,4706,2517,119962,97,19228,397,0,37009,0.0010000000000047748
47702000,10913,-9889,125799,10301,-13876,133927,142,19229,582,0,37010,0.0009999999999976694
47703000,6458,-8725,127566,11898,-10226,128381,110,19231,451,0,37011,0.0009999999999976694
47704001,2195,3932,131384,-8328,-73,128684,113,19223,463,1,37012,0.00100100000000225
47705005,-2396,10004,130353,-1387,6037,125352,116,19223,475,1,37013,0.0010040000000017812
47706001,19,7875,129855,7210,5151,121197,107,19230,475,1,37014,0.000996000000000663
47707002,6332,-46,128897,-3062,-3889,134255,118,19231,438,1,37015,0.0010009999999951447
47708003,8921,-8853,126964,1113,-12226,128015,118,19219,483,0,37016,0.00100100000000225
47709000,11462,-211,129915,24235,-3953,127857,89,19231,365,0,37017,0.0009969999999981383
47710000,865,-7220,129208,-9289,-10624,133590,104,19228,426,0,37018,0.0010000000000047748
47711000,290,12579,133117,-18590,8625,124350,129,19228,528,1,37019,0.0009999999999976694
47712000,-3546,-903,131615,6082,-2887,135794,112,19226,528,1,37020,0.0009999999999976694
47713000,-7907,2489,129993,1368,144,124970,95,19233,459,1,37021,0.0010000000000047748
47714000,859,-3778,129051,-26205,-8319,131628,95,19226,389,0,37022,0.0009999999999976694
47715000,-184,-1378,127520,2400,-6009,127008,144,19228,590,0,37023,0.0009999999999976694
47716000,1776,4181,130289,7648,-1511,125905,115,19230,471,0,37024,0.0010000000000047748
47717001,-7996,6452,131925,-21232,4356,130453,117,19230,479,0,37025,0.0010009999999951447
47718000,-9204,-428,130374,-13141,-3944,132535,134,19223,479,1,37026,0.0009990000000001942
47719000,-6771,8691,133231,-4531,7083,124249,109,19229,549,1,37027,0.0010000000000047748
47720000,-4610,6384,129637,-9900,4911,132256,109,19232,446,1,37028,0.0009999999999976694
47721000,-2782,5367,127162,-6408,3030,120950,112,19223,459,0,37029,0.0009999999999976694
47722000,-3483,-5593,126590,-9257,-10364,133810,118,19232,483,0,37030,0.0010000000000047748
47723001,-189,4774,126643,-2399,-3707,123575,102,19226,418,0,37031,0.0010009999999951447
47724002,-5025,7692,127546,-8768,4171,124292,125,19226,418,1,37032,0.00100100000000225
47725000,-6088,7759,129278,-12655,6409,127992,115,19226,512,1,37033,0.0009979999999956135
47726000,-6254,3239,125582,-4421,4302,128938,115,19228,471,1,37034,0.0010000000000047748
47727000,-1815,1138,126683,-6511,-2185,127038,102,19229,418,0,37035,0.0009999999999976694
47728000,1960,6016,124526,-2973,4191,120733,143,19234,586,0,37036,0.0009999999999976694
47729000,2502,48,124587,406,-1956,128996,101,19229,414,0,37037,0.0010000000000047748
47730000,-241,2658,125629,-209,5822,119532,105,19229,414,0,37038,0.0009999999999976694
47731000,-4026,5326,127997,-8966,-2850,142933,151,19228,430,1,37039,0.0009999999999976694
47732000,-3248,6897,123860,-7360,11183,113631,151,19228,618,1,37040,0.0010000000000047748
47733000,1772,15914,124770,8833,10588,121133,109,19233,446,1,37041,0.0009999999999976694
47734000,7597,812,122663,3520,-4013,125404,103,19222,422,0,37042,0.0009999999999976694
47735000,14395,1959,122649,7061,-3278,118219,88,19227,360,0,37043,0.0010000000000047748
47736000,9397,-6666,126611,14717,-9936,136744,113,19227,360,0,37044,0.0009999999999976694
47737000,6710,7156,128404,-2362,2717,117887,125,19229,463,1,37045,0.0009999999999976694
47738000,146,4835,129236,925,193,132829,125,19224,512,1,37046,0.0010000000000047748
47739000,2345,-336,126771,8245,-1170,127657,113,19235,463,1,37047,0.0009999999999976694
47740000,6074,5958,125485,1322,5161,124370,100,19228,410,1,37048,0.0009999999999976694
47741000,11236,15311,127655,267,11153,122206,136,19225,557,0,37049,0.0010000000000047748
47742000,15187,2102,124814,20458,482,123413,100,19225,557,0,37050,0.0009999999999976694
47743000,8091,-12764,129382,5469,-15761,139963,98,19240,410,0,37051,0.0009999999999976694
47744000,6389,-6219,126315,-3879,-6332,125019,98,19227,401,1,37052,0.0010000000000047748
47745001,1345,18335,133014,6193,15667,124330,132,19230,541,1,37053,0.0010009999999951447
47746000,569,9945,131112,-3653,4982,131148,116,19229,475,1,37054,0.0009990000000001942
47747000,5129,-8227,127712,-1764,-12325,128490,106,19223,434,0,37055,0.0010000000000047748
47748000,6656,-12960,129616,4855,-16214,134742,125,19223,434,0,37056,0.0009999999999976694
47749000,5410,-7917,127294,21781,-9469,128808,107,19232,512,0,37057,0.0009999999999976694
47750000,3174,13163,131263,-11245,9870,127441,107,19230,438,0,37058,0.0010000000000047748
47751000,3121,11030,131774,-18874,8756,126278,113,19221,463,1,37059,0.0009999999999976694
47752000,-5934,15654,134414,12472,11853,125695,114,19232,467,1,37060,0.0009999999999976694
47753000,-2897,-8765,128538,-8131,-13184,132929,102,19233,418,1,37061,0.0010000000000047748
47754000,-7551,-15232,128892,-18405,-19778,136465,124,19233,508,0,37062,0.0009999999999976694
47755000,9221,1250,131005,4634,-2439,129271,99,19224,508,0,37063,0.0009999999999976694
47756001,-3548,11256,129966,1029,8013,123200,107,19228,405,0,37064,0.00100100000000225
47757000,-2196,7395,132216,-14690,3011,127032,107,19229,438,1,37065,0.0009990000000001942
47758000,-12495,1654,130006,-15192,61,129839,148,19221,606,1,37066,0.0009999999999976694
47759001,-6970,-1177,128708,-7487,-4395,132931,116,19225,475,1,37067,0.00100100000000225
47760000,-9274,17213,132581,-10245,15543,117726,102,19225,418,1,37068,0.0009990000000001942
47761000,-2351,-4466,125194,-13763,-7408,132860,167,19223,418,0,37069,0.0009999999999976694
47762000,-4227,-1447,127540,-3588,-4366,123459,112,19231,684,0,37070,0.0010000000000047748
47763000,-2720,-5743,127174,-4404,-8920,135451,112,19228,459,0,37071,0.0009999999999976694
47764002,-1186,13765,126791,-8310,7283,118303,115,19224,471,1,37072,0.0010019999999997253
47765000,-9249,16166,131189,-10597,14753,121210,117,19228,479,1,37073,0.000998000000002719
47766000,-2486,-5581,125656,-20366,-9628,134539,109,19231,446,1,37074,0.0009999999999976694
47767000,-1462,8377,127635,12164,10840,114712,119,19231,446,0,37075,0.0009999999999976694
47768000,-1540,-19146,121187,-7483,-19098,135747,97,19226,487,0,37076,0.0010000000000047748
47769000,1300,9529,125733,-3899,2329,118774,97,19231,397,0,37077,0.0009999999999976694
47770000,-2150,7735,125718,-1266,6454,126890,108,19227,442,0,37078,0.0009999999999976694
47771000,-716,21583,129755,-2146,17583,118366,135,19222,553,1,37079,0.0010000000000047748
47772000,-4821,3275,124405,-3577,7298,123644,113,19230,463,1,37080,0.0009999999999976694
47773000,6635,-341,125817,-1098,-4677,121072,97,19230,463,1,37081,0.0009999999999976694
47774000,6634,11377,124011,11000,8641,119884,113,19228,397,0,37082,0.0010000000000047748
47775000,10769,-4771,124730,1070,-7126,128998,113,19232,463,0,37083,0.0009999999999976694
47776000,7763,-5803,124431,8846,-10387,128135,111,19228,455,0,37084,0.0009999999999976694
47777000,1566,-12311,124184,10905,-7255,132869,114,19224,467,1,37085,0.0010000000000047748
47778000,3042,14521,127488,-12351,25228,106566,126,19229,516,1,37086,0.0009999999999976694
47779000,3649,15371,128832,4831,-1154,132200,105,19229,516,1,37087,0.0009999999999976694
47780000,10893,-9120,122494,10666,-9120,127905,109,19231,430,1,37088,0.0010000000000047748
47781000,8136,1494,127856,3100,-4153,124866,109,19219,446,0,37089,0.0009999999999976694
47782000,10175,-12450,126652,15114,-17207,137401,87,19229,356,0,37090,0.0009999999999976694
47783000,5594,4382,129868,2465,503,121802,102,19228,418,0,37091,0.0010000000000047748
47784000,-528,1868,130449,-8598,-3438,136915,122,19229,500,1,37092,0.0009999999999976694
47785003,1704,17035,129648,2593,22011,119554,111,19229,500,1,37093,0.0010029999999972006
47786002,1075,11262,127061,2708,7449,126698,97,19231,455,1,37094,0.0009990000000001942
47787002,8843,-12933,125357,-120,-16905,132865,97,19229,397,0,37095,0.0010000000000047748
47788002,9693,-3227,128559,11911,-4018,122907,149,19224,610,0,37096,0.0009999999999976694
47789000,5967,-11274,128864,9326,-13538,142554,105,19231,430,0,37097,0.0009979999999956135
47790000,1363,11084,131812,-15155,13692,114159,106,19225,434,0,37098,0.0010000000000047748
47791000,-4045,2293,133771,-6506,-6387,137843,137,19225,434,1,37099,0.0009999999999976694
47792000,-7949,-2607,130650,3928,-2811,130603,106,19230,561,1,37100,0.0009999999999976694
47793000,-4043,6689,129650,-21593,2298,123332,106,19231,434,1,37101,0.0010000000000047748
47794000,-217,-8125,129572,-2272,-10384,137438,105,19221,430,0,37102,0.0009999999999976694
47795000,5026,5910,127354,7497,3086,115953,93,19232,381,0,37103,0.0009999999999976694
47796001,-4105,-2402,131420,-13868,-6788,139472,108,19227,442,0,37104,0.00100100000000225
47797000,-6350,2768,130348,-12491,2029,126049,129,19227,528,1,37105,0.0009990000000001942
47798000,-10068,11349,132753,-9984,8538,127576,116,19222,528,1,37106,0.0009999999999976694
47799002,-10168,7720,129498,-12030,4927,130413,101,19230,475,1,37107,0.0010019999999997253
47800000,-2845,8088,129481,-8978,4870,119797,101,19230,414,1,37108,0.000998000000002719
47801000,-2853,-9850,126486,-3878,-14037,142761,135,19228,553,0,37109,0.0009999999999976694
47802000,-1339,10127,127686,-9247,8611,115622,100,19229,410,0,37110,0.0010000000000047748
47803001,-480,-1839,126667,-6678,-5579,131686,107,19229,438,0,37111,0.0010009999999951447
47804000,-8660,18346,129208,-7826,15066,120096,142,19226,438,1,37112,0.0009990000000001942
47805000,-4678,7008,125220,-18882,2764,129469,116,19228,582,1,37113,0.0010000000000047748
47806000,-6748,10240,127928,-1536,6544,124686,116,19229,475,1,37114,0.0009999999999976694
47807000,2643,383,124055,-2830,-942,119105,104,19223,426,0,37115,0.0009999999999976694
47808000,2466,-5910,125508,-4864,-8049,130848,100,19232,410,0,37116,0.0010000000000047748
47809000,2113,2368,126746,6464,581,122288,111,19230,455,0,37117,0.0009999999999976694
47810000,-178,-1998,125614,-9924,-5749,131241,121,19230,455,0,37118,0.0009999999999976694
47811000,-3909,24324,130450,-7495,22828,113087,113,19216,496,1,37119,0.0010000000000047748
47812000,-3356,-5896,122774,6554,-6328,133308,113,19229,463,1,37120,0.0009999999999976694
47813001,4540,8346,126411,1924,8874,123032,98,19227,401,1,37121,0.00100100000000225
47814000,7463,9246,125014,-4688,9873,120533,119,19231,487,0,37122,0.0009990000000001942
47815000,11688,3488,125284,16588,411,121531,105,19226,430,0,37123,0.0009999999999976694
47816000,5391,-6243,125287,11101,-11376,126257,113,19226,430,0,37124,0.0009999999999976694
47817000,2935,-7313,125334,-4600,-14997,136646,151,19224,463,1,37125,0.0010000000000047748
47818000,2140,13827,128200,2161,10001,119290,151,19229,618,1,37126,0.0009999999999976694
47819000,9309,9297,128429,7456,7027,129596,110,19232,451,1,37127,0.0009999999999976694
47820000,11597,3731,125779,3240,3909,121987,94,19226,385,0,37128,0.0010000000000047748
47821000,8673,-7327,125322,5273,-8378,135581,129,19229,528,0,37129,0.0009999999999976694
47822000,9374,-7548,125420,13566,-7695,124287,107,19229,528,0,37130,0.0009999999999976694
47823000,3627,431,128280,4728,-5582,128136,112,19231,438,0,37131,0.0010000000000047748
47824002,3934,9710,131933,-6205,12478,127119,112,19223,459,1,37132,0.0010019999999997253
47825002,-737,10583,129825,11433,3878,131475,107,19229,438,1,37133,0.0009999999999976694
47826000,4748,-1228,127612,-3569,-7537,124643,101,19231,414,1,37134,0.000998000000002719
47827000,6145,-7549,127913,1162,-11899,128554,119,19226,487,0,37135,0.0009999999999976694
47828000,9583,-14215,129410,6590,-12632,133359,94,19226,487,0,37136,0.0009999999999976694
47829000,5838,2605,131088,2605,-2016,124874,106,19233,385,0,37137,0.0010000000000047748
47830000,-1086,-2150,131318,-14353,167,135047,106,19227,434,1,37138,0.0009999999999976694
47831002,-4136,24694,134003,-7839,21107,114864,138,19224,565,1,37139,0.0010019999999997253
47832002,-7900,2795,130882,3709,-5007,135263,112,19231,459,1,37140,0.0009999999999976694
47833002,-2906,-6512,128867,-9829,-10409,129977,95,19228,389,1,37141,0.0010000000000047748
47834002,756,-13473,128856,-14974,-18095,136413,134,19228,389,0,37142,0.0009999999999976694
47835000,1823,1165,129982,8480,4805,124394,111,19231,549,0,37143,0.000998000000002719
47836000,-3272,14133,132021,-8314,10831,122331,111,19226,455,0,37144,0.0009999999999976694
47837000,-8563,-709,131002,-23164,-1751,142272,117,19222,479,1,37145,0.0009999999999976694
47838000,-6478,3302,128027,-6215,-294,125875,126,19226,516,1,37146,0.0010000000000047748
47839000,-4537,9611,129561,-3766,10113,126490,106,19230,434,1,37147,0.0009999999999976694
47840000,-1948,13816,130041,-11301,9408,122134,113,19230,463,0,37148,0.0009999999999976694
47841000,-1478,-15378,124136,-8355,-18970,139257,103,19217,463,0,37149,0.0010000000000047748
47842001,-2980,-3357,127478,-888,-5238,130455,106,19231,422,0,37150,0.0010009999999951447
47843000,-2374,15697,128220,-11794,14016,114831,106,19229,434,0,37151,0.0009990000000001942
47844000,-8605,13908,130149,-6776,10534,126129,132,19221,541,1,37152,0.0010000000000047748
47845000,-5374,2598,127542,-12670,-348,129207,118,19230,483,1,37153,0.0009999999999976694
47846000,-1712,3316,127170,-6584,7,131617,103,19230,422,1,37154,0.0009999999999976694
47847002,1110,10348,127245,3711,8110,117184,145,19232,422,0,37155,0.0010019999999997253
47848002,323,-1810,123249,-3833,-4921,124802,120,19230,594,0,37156,0.0010000000000047748
47849000,3184,-708,126956,-3605,-3431,136775,120,19226,491,0,37157,0.0009979999999956135
47850000,-1341,5419,122062,-3926,1746,119433,115,19224,471,1,37158,0.0009999999999976694
47851000,-400,24005,129684,-5732,20678,120464,149,19227,610,1,37159,0.0010000000000047748
47852000,792,-46,122941,3912,-2359,124859,112,19227,459,1,37160,0.0009999999999976694
47853000,5290,-1199,124572,2647,-4639,129154,104,19231,459,0,37161,0.0009999999999976694
47854000,9089,-1910,124244,-6254,-5682,124486,84,19221,426,0,37162,0.0010000000000047748
47855001,9257,4740,127169,19874,3073,117328,84,19228,344,0,37163,0.0010009999999951447
47856000,5037,-7003,125533,5752,-11059,133238,111,19229,455,0,37164,0.0009990000000001942
47857000,-1455,-551,127324,-8294,-4892,125728,125,19226,512,1,37165,0.0010000000000047748
47858000,4585,17484,129852,2528,13143,127618,114,19229,467,1,37166,0.0009999999999976694
47859001,6202,8140,125175,11568,4349,121109,101,19229,467,1,37167,0.00100100000000225
47860000,7123,6264,127900,-768,3555,119619,136,19228,414,0,37168,0.0009990000000001942
47861000,11721,-12827,124212,-3921,-12094,133426,136,19226,557,0,37169,0.0009999999999976694
47862000,8080,-6332,125970,20845,-12549,125333,100,19233,410,0,37170,0.0009999999999976694
47863000,4000,-1991,130096,677,-7162,135678,101,19227,414,1,37171,0.0010000000000047748
47864000,-1527,17703,131387,-8216,12805,120296,132,19228,541,1,37172,0.0009999999999976694
47865000,1242,9434,132043,3001,12468,129071,112,19228,541,1,37173,0.0009999999999976694
47866000,1540,-2379,127725,-837,-9617,133566,107,19233,459,1,37174,0.0010000000000047748
47867000,13426,-1450,128146,2779,-7399,124558,107,19223,438,0,37175,0.0009999999999976694
47868002,10964,-6193,129597,17100,-9074,135140,126,19235,516,0,37176,0.0010019999999997253
47869000,3953,-7968,130150,5793,-12656,126872,104,19231,426,0,37177,0.000998000000002719
47870000,3017,9175,134660,-20918,2676,130303,116,19221,475,1,37178,0.0009999999999976694
47871000,-12078,6526,131297,2781,3346,127021,109,19221,475,1,37179,0.0009999999999976694
47872001,-7406,-4299,131562,-8620,-6105,130871,98,19229,446,1,37180,0.00100100000000225
47873001,-3678,-5268,130623,-14640,-11890,133554,98,19229,401,0,37181,0.0009999999999976694
47874000,2965,-7907,129256,-1751,-10609,129334,125,19225,512,0,37182,0.0009990000000001942
47875000,-1565,10413,132499,3233,8546,127541,101,19227,414,0,37183,0.0010000000000047748
47876000,-6001,-7632,129221,-15931,-13672,133999,112,19226,459,0,37184,0.0009999999999976694
47877001,-8437,5618,130769,-15387,8963,130700,152,19226,459,1,37185,0.00100100000000225
47878000,-12047,4900,130623,-12153,1551,130205,117,19229,623,1,37186,0.0009990000000001942
47879000,-509,16169,128942,-6020,13993,120055,117,19232,479,1,37187,0.0009999999999976694
47880000,-5007,-3739,125778,-5171,-11367,134081,102,19224,418,0,37188,0.0009999999999976694
47881000,-2665,-7974,123749,-9521,-7269,126145,150,19231,614,0,37189,0.0010000000000047748
47882000,1430,2439,127419,-6539,-152,130192,105,19232,430,0,37190,0.0009999999999976694
47883000,-5768,3897,127104,-2525,3762,122333,111,19232,430,1,37191,0.0009999999999976694
47884000,-5388,22733,129387,-12647,20158,116925,116,19220,455,1,37192,0.0010000000000047748
47885000,-11793,-1450,127871,-11040,-8879,132769,116,19228,475,1,37193,0.0009999999999976694
47886000,-485,-972,126272,2183,-2674,129960,109,19235,446,1,37194,0.0009999999999976694
47887000,1597,3767,124703,-6887,2920,121556,121,19228,496,0,37195,0.0010000000000047748
47888000,2236,9823,126819,1611,7747,116680,98,19227,401,0,37196,0.0009999999999976694
47889000,4975,2860,125037,-2450,-3056,130796,106,19227,434,0,37197,0.0009999999999976694
47890000,-6185,-4817,124294,-6649,-6989,130773,141,19227,434,1,37198,0.0010000000000047748
47891000,-589,17152,128492,-5926,16873,120600,113,19225,577,1,37199,0.0009999999999976694
47892000,-752,13443,125354,3789,10228,119432,113,19232,463,1,37200,0.0009999999999976694
47893000,7248,4874,123120,6915,899,125284,96,19229,393,0,37201,0.0010000000000047748
47894001,9517,-9140,119073,-4474,-14259,126478,113,19230,463,0,37202,0.0010009999999951447
47895002,9401,7564,126334,14788,4098,122615,113,19230,463,0,37203,0.00100100000000225
47896002,6893,8403,126596,5251,5548,121943,114,19225,463,0,37204,0.0009999999999976694
47897002,1416,-1559,129805,-6182,-5473,128807,127,19223,467,1,37205,0.0010000000000047748
47898000,2952,-2266,126895,5807,-7787,136112,127,19228,520,1,37206,0.0009979999999956135
47899000,5019,8062,125167,8265,5636,121486,107,19229,438,1,37207,0.0010000000000047748
47900000,9479,10306,125885,245,7142,118938,108,19219,442,0,37208,0.0009999999999976694
47901000,14307,2831,127901,5748,469,126128,87,19219,356,0,37209,0.0009999999999976694
47902000,8743,-11935,126145,18032,-17125,134076,102,19228,356,0,37210,0.0010000000000047748
47903000,4726,-2141,130608,-446,-7529,127545,125,19234,418,1,37211,0.0009999999999976694
47904000,-1978,7650,130693,-5263,4374,126628,125,19225,512,1,37212,0.0009999999999976694
47905000,1350,11766,131304,3218,7955,126377,114,19229,467,1,37213,0.0010000000000047748
47906000,3112,1054,130328,-1073,-2919,133344,101,19230,414,1,37214,0.0009999999999976694
47907000,6824,-10229,129452,2585,-10460,130821,154,19230,631,0,37215,0.0009999999999976694
47908000,9572,2307,128381,6877,-4029,121798,102,19230,631,0,37216,0.0010000000000047748
47909003,397,96,129504,10737,-156,131351,107,19226,418,0,37217,0.0010029999999972006
47910002,5505,1727,130769,-21213,-5848,133194,107,19227,438,1,37218,0.0009990000000001942
47911000,-6528,12998,134615,-2897,11369,125155,137,19229,561,1,37219,0.000998000000002719
47912000,-3731,2563,129192,4603,764,124882,108,19233,442,1,37220,0.0009999999999976694
47913001,-1689,-10749,128311,-19117,-10778,130641,106,19220,434,0,37221,0.00100100000000225
47914002,-1763,-16395,128882,-5630,-19666,137179,93,19220,434,0,37222,0.0010009999999951447
47915000,1870,6877,130437,5696,-432,115639,110,19228,381,0,37223,0.000998000000002719
47916000,-9225,14923,133921,-15504,15066,128300,110,19228,451,0,37224,0.0009999999999976694
47917000,-4891,-249,129619,-14302,555,135388,127,19221,520,1,37225,0.0009999999999976694
47918000,-11517,-2760,128191,-1576,-4827,131969,117,19229,479,1,37226,0.0010000000000047748
47919000,-6540,7180,130203,-5503,11639,118948,99,19230,405,1,37227,0.0009999999999976694
47920000,-3300,10445,129879,-18469,-2473,122474,139,19230,405,0,37228,0.0009999999999976694
47921000,-4164,-9345,125510,-4590,-17365,136492,103,19223,569,0,37229,0.0010000000000047748
47922000,-1381,-2618,127785,947,-544,129171,103,19231,422,0,37230,0.0009999999999976694
47923000,-6464,6982,127797,-12070,6260,120651,106,19228,434,1,37231,0.0009999999999976694
47924000,-4948,14203,127794,-4462,12213,120568,138,19229,565,1,37232,0.0010000000000047748
47925000,-2920,6956,127686,-10566,1347,129922,113,19231,463,1,37233,0.0009999999999976694
47926000,-1795,-1095,124210,2915,-5483,129797,104,19231,463,0,37234,0.0009999999999976694
47927002,-3378,2050,122695,-9077,-2290,121503,99,19223,426,0,37235,0.0010019999999997253
47928002,2564,514,122671,-9026,86,120513,99,19231,405,0,37236,0.0010000000000047748
47929002,4887,5945,127370,11176,2130,126588,110,19228,451,0,37237,0.0009999999999976694
47930001,-3091,1922,125156,-3797,286,130864,122,19224,500,1,37238,0.0009990000000001942
47931000,-3859,11547,126823,-19516,13278,127641,110,19230,451,1,37239,0.0009990000000001942
47932000,7242,16559,126254,7975,12240,114359,96,19230,393,1,37240,0.0009999999999976694
47933000,10293,1776,122798,19161,-3523,126396,124,19235,393,0,37241,0.0010000000000047748
47934000,7023,-6934,123749,-4484,-11834,129513,107,19229,508,0,37242,0.0009999999999976694
47935000,6852,-11056,124301,1885,-13763,127208,107,19226,438,0,37243,0.0009999999999976694
47936000,4513,10081,129011,16047,7191,122848,114,19225,467,1,37244,0.0010000000000047748
47937000,540,8780,128174,-4288,5391,123064,145,19227,594,1,37245,0.0009999999999976694
47938000,2913,4670,127653,-4922,1436,128517,112,19227,459,1,37246,0.0009999999999976694
47939000,6130,3514,126706,13405,-2039,124419,97,19231,459,1,37247,0.0010000000000047748
47940000,11903,5408,128604,2908,2768,126098,121,19224,397,0,37248,0.0009999999999976694
47941000,10239,-4408,128496,12715,-8499,125007,121,19234,496,0,37249,0.0009999999999976694
47942000,5321,-12081,126498,8312,-15091,132608,107,19231,438,0,37250,0.0010000000000047748
47943000,3905,1463,131508,-11857,-3255,139554,116,19222,475,1,37251,0.0009999999999976694
47944000,-614,17090,129030,10325,13614,117598,108,19222,442,1,37252,0.0009999999999976694
47945000,463,11484,129419,-417,8309,125111,103,19228,442,1,37253,0.0010000000000047748
47946000,8514,-7938,126260,-6257,-11221,128379,120,19232,422,1,37254,0.0009999999999976694
47947000,12949,-15820,126722,14486,-20740,135639,120,19220,491,0,37255,0.0009999999999976694
47948000,4676,4302,131096,13831,2708,126075,107,19228,438,0,37256,0.0010000000000047748
47949000,-353,3242,131337,-18367,160,126630,113,19227,463,0,37257,0.0009999999999976694
47950000,189,8736,136051,-11002,4454,129128,144,19223,590,1,37258,0.0009999999999976694
47951000,-10060,-252,129465,14423,-2964,137066,115,19223,590,1,37259,0.0010000000000047748
47952000,-210,346,129632,-18690,-4333,130654,99,19236,471,1,37260,0.0009999999999976694
47953000,-2975,-1254,130130,-8507,-5120,125455,99,19226,405,0,37261,0.0009999999999976694
47954000,7515,6910,127480,2776,-1638,126754,134,19232,549,0,37262,0.0010000000000047748
47955000,-3325,7053,131035,-1687,4023,125211,108,19230,442,0,37263,0.0009999999999976694
47956002,-4859,-5958,130709,-15444,-9225,137508,117,19225,479,1,37264,0.0010019999999997253
47957000,-11675,13433,132571,-10887,5769,129040,127,19225,479,1,37265,0.000998000000002719
47958000,-11499,4728,129807,-9092,3116,128005,109,19227,520,1,37266,0.0009999999999976694
47959000,128,8402,130942,-15940,4024,128913,109,19231,446,1,37267,0.0009999999999976694
47960000,-4246,-6365,124821,-160,-6031,126056,114,19217,467,0,37268,0.0010000000000047748
47961001,1150,-1553,126662,-5462,-7863,122960,101,19231,414,0,37269,0.0010009999999951447
47962000,-5284,8643,128530,-13263,6512,126380,104,19230,426,0,37270,0.0009990000000001942
47963000,-5300,3861,127329,-8395,-508,129159,131,19230,426,1,37271,0.0010000000000047748
47964000,-8420,10741,129611,-11962,10034,123689,117,19223,537,1,37272,0.0009999999999976694
47965000,-8994,1202,126267,-5622,276,129653,117,19228,479,1,37273,0.0009999999999976694
47966000,3700,5849,124722,-10475,5837,127216,104,19227,426,0,37274,0.0010000000000047748
47967002,-473,-3985,123279,1402,-10084,124396,139,19236,569,0,37275,0.0010019999999997253
47968000,4289,919,125192,-1053,157,125056,108,19228,442,0,37276,0.0009979999999956135
47969000,-3162,8655,126801,-4522,3584,124347,114,19228,442,0,37277,0.0010000000000047748
47970000,-6267,5168,126189,-4009,3740,127577,147,19226,467,1,37278,0.0009999999999976694
47971000,-1208,11387,126209,-12061,9414,124999,147,19223,602,1,37279,0.0009999999999976694
47972000,3326,9045,124716,5083,5257,121114,106,19235,434,1,37280,0.0010000000000047748
47973001,8820,2868,123640,13761,-6863,124941,101,19221,414,0,37281,0.0010009999999951447
47974000,8701,-4109,121619,-3794,-3342,124246,83,19229,340,0,37282,0.0009990000000001942
47975000,10237,153,125263,6574,-786,129694,114,19229,467,0,37283,0.0009999999999976694
47976000,4796,2793,127552,13560,2358,126374,131,19226,467,1,37284,0.0010000000000047748
47977000,1335,4676,129268,-7187,1999,125969,113,19227,537,1,37285,0.0009999999999976694
47978002,5765,5897,127404,12756,3561,127807,113,19226,463,1,37286,0.0010019999999997253
47979000,4939,-6663,124035,8047,-10276,124659,100,19229,410,1,37287,0.000998000000002719
47980000,14286,810,129475,-867,-1425,129239,133,19226,545,0,37288,0.0009999999999976694
47981000,7459,-759,126212,15055,-5126,124941,103,19226,422,0,37289,0.0009999999999976694
47982000,4736,-703,128214,2023,-2624,127215,107,19230,422,0,37290,0.0010000000000047748
47983000,3086,2775,129186,-4803,-1925,132435,134,19227,438,1,37291,0.0009999999999976694
47984000,1025,10291,128618,9821,6451,125712,134,19229,549,1,37292,0.0009999999999976694
47985000,6033,11552,132238,-911,8457,129201,111,19230,455,1,37293,0.0010000000000047748
47986000,5920,1598,129994,-2153,-2768,124856,103,19221,422,0,37294,0.0009999999999976694
47987000,9326,-7859,128584,8066,-12517,131972,126,19221,516,0,37295,0.0009999999999976694
47988000,1912,-6258,129719,15432,-8283,131007,108,19238,516,0,37296,0.0010000000000047748
47989001,1490,-1261,129948,-16504,-5282,131674,117,19230,442,0,37297,0.0010009999999951447
47990000,2744,24296,132694,-6648,21212,119290,117,19218,479,1,37298,0.0009990000000001942
47991000,-6393,6581,131422,4104,4277,125428,107,19229,438,1,37299,0.0010000000000047748
47992002,-387,-6290,130609,-10942,-9851,134662,100,19231,410,1,37300,0.0010019999999997253
47993002,-2505,-15626,126847,-6926,-19605,132192,126,19227,516,0,37301,0.0009999999999976694
47994000,4654,2102,129920,4500,-3234,129992,104,19227,516,0,37302,0.000998000000002719
47995000,-4283,9451,129497,-6706,5880,121124,112,19231,426,0,37303,0.0009999999999976694
47996000,-4082,3479,131303,-16455,524,129212,112,19227,459,1,37304,0.0009999999999976694
47997000,-8244,-1223,129402,-8397,-5042,135287,151,19232,618,1,37305,0.0010000000000047748
47998000,-7935,11114,130405,-7905,7183,124361,117,19231,479,1,37306,0.0009999999999976694
47999000,-3009,11959,129689,-10359,10195,122545,104,19225,426,1,37307,0.0009999999999976694
48000000,-5981,-6077,125719,-7433,-7825,129062,169,19225,426,0,37308,0.0010000000000047748
48001000,-1040,-9061,127447,-6457,-11207,132557,102,19230,692,0,37309,0.0009999999999976694
48002000,-3405,7579,127076,-2237,7153,118540,102,19228,418,0,37310,0.0009999999999976694
48003000,-5195,11829,126851,-9299,4791,126000,112,19219,459,1,37311,0.0010000000000047748
48004000,-5596,8774,128711,-11625,6608,126685,115,19226,471,1,37312,0.0009999999999976694
48005000,-3541,7441,128274,-8137,4730,122069,109,19232,446,1,37313,0.0009999999999976694
48006000,-212,-99,125614,-524,754,128820,122,19232,446,0,37314,0.0010000000000047748
48007000,-2193,-6125,122450,-563,-14985,127288,100,19226,500,0,37315,0.0009999999999976694
48008000,1250,3107,126186,-5599,-339,125724,100,19228,410,0,37316,0.0009999999999976694
48009000,287,6328,125026,-3254,3063,121373,108,19227,442,0,37317,0.0010000000000047748
48010000,-1834,10592,127152,-507,10363,126421,140,19220,573,1,37318,0.0009999999999976694
48011000,-1069,5324,125121,-3592,7498,124032,115,19229,471,1,37319,0.0009999999999976694
48012000,4671,6450,124447,-1129,6219,123212,99,19229,471,1,37320,0.0010000000000047748
48013000,8226,-2985,125717,11396,-6618,123719,115,19232,405,0,37321,0.0009999999999976694
48014001,7805,1892,125349,5301,-5592,122027,115,19235,471,0,37322,0.00100100000000225
48015000,7687,-5384,126639,3949,-14093,135225,110,19226,451,0,37323,0.0009990000000001942
48016000,2371,-1623,126924,5842,224,124685,116,19223,475,1,37324,0.0009999999999976694
48017000,1125,13627,127925,216,12411,121052,125,19226,512,1,37325,0.0009999999999976694
48018000,7649,8284,125296,-3843,9415,124238,106,19226,512,1,37326,0.0010000000000047748
48019000,9615,-377,124783,18107,-1214,127856,111,19233,434,1,37327,0.0009999999999976694
48020000,10631,-10514,122747,807,-13171,129137,111,19219,455,0,37328,0.0009999999999976694
48021000,9058,-6966,126309,6531,-7991,129823,87,19229,356,0,37329,0.0010000000000047748
48022000,5197,-2159,129697,6048,-5396,129941,102,19226,418,0,37330,0.0009999999999976694
48023001,3096,-2362,129557,-4646,-4844,133653,125,19224,512,1,37331,0.00100100000000225
48024000,-2395,11936,130273,2863,10981,121434,115,19224,471,1,37332,0.0009990000000001942
48025000,3628,4394,127968,-7991,160,130673,101,19228,471,1,37333,0.0009999999999976694
48026000,8451,-4485,127024,6255,-8502,124610,149,19229,414,0,37334,0.0009999999999976694
48027001,8045,-3167,129338,14468,-6033,130476,149,19229,610,0,37335,0.00100100000000225
48028000,4274,-7879,128530,1274,-11413,133201,105,19229,430,0,37336,0.0009990000000001942
48029000,-108,-2376,131775,-12201,-4335,121994,108,19226,442,0,37337,0.0009999999999976694
48030000,-3395,7074,134486,-4207,4009,137937,138,19226,565,1,37338,0.0010000000000047748
48031000,-10003,8626,128665,171,5674,121684,107,19230,565,1,37339,0.0009999999999976694
48032000,-3241,3551,132449,-20330,-210,129514,105,19234,438,1,37340,0.0009999999999976694
48033000,2402,-8317,127822,-5478,-12887,135313,105,19221,430,0,37341,0.0010000000000047748
48034001,2807,2026,130469,12902,-464,125722,88,19229,360,0,37342,0.0010009999999951447
48035000,-4705,9246,132372,-17897,6051,127593,111,19226,455,0,37343,0.0009990000000001942
48036002,-6185,2235,130722,-16804,42,129297,126,19224,516,1,37344,0.0010019999999997253
48037000,-11007,2699,132394,-9361,-129,139762,118,19224,516,1,37345,0.000998000000002719
48038000,-5271,8562,126425,-10004,4653,120555,102,19237,483,1,37346,0.0009999999999976694
48039001,-3947,10044,129066,-6417,8777,119178,102,19234,418,1,37347,0.00100100000000225
48040000,-803,-7858,125399,-14756,-11178,135188,140,19224,573,0,37348,0.0009990000000001942
48041000,114,-1859,127199,2628,-4876,127558,104,19230,426,0,37349,0.0009999999999976694
48042000,-4914,6084,129719,-8565,4042,128506,105,19225,430,0,37350,0.0009999999999976694
48043003,-6614,10023,128748,-15095,7004,119108,135,19225,430,1,37351,0.001003000000004306
48044000,-7551,9710,128493,-2954,7856,126270,113,19229,553,1,37352,0.0009969999999981383
48045000,-3080,5666,125785,-11466,1472,131554,113,19232,463,1,37353,0.0009999999999976694
48046000,-2153,9055,124663,-3303,5561,119823,106,19223,434,0,37354,0.0010000000000047748
48047000,2188,6409,125008,942,4265,122762,93,19232,381,0,37355,0.0009999999999976694
48048000,3872,698,122805,-485,-3862,122427,108,19227,442,0,37356,0.0009999999999976694
48049000,1095,-2349,128995,-4201,-6271,140066,119,19227,442,1,37357,0.0010000000000047748
48050000,826,15649,126702,-4127,8691,117902,109,19219,487,1,37358,0.0009999999999976694
48051000,-3574,19268,128563,4880,17434,120073,109,19232,446,1,37359,0.0009999999999976694
48052000,7077,-289,120961,-4300,-2342,128280,101,19230,414,1,37360,0.0010000000000047748
48053006,10249,946,124249,3916,-753,126135,128,19229,524,0,37361,0.0010059999999967317
48054004,9345,-2952,124733,12949,-8774,126728,104,19231,426,0,37362,0.000998000000002719
48055000,6939,3979,127071,2706,2177,125217,112,19231,426,0,37363,0.000996000000000663
48056000,2650,-3220,127063,3279,-5975,133079,141,19226,459,1,37364,0.0009999999999976694
48057001,4583,8804,128598,-363,572,121185,141,19229,577,1,37365,0.00100100000000225
48058002,5779,16372,129086,3134,14709,123024,115,19227,471,1,37366,0.0010009999999951447
48059000,11308,3147,125429,9569,2413,122873,101,19225,414,0,37367,0.000998000000002719
48060000,8288,-3043,125103,865,-14894,141859,134,19231,549,0,37368,0.0009999999999976694
48061000,8621,-17770,125931,14099,-17891,126293,113,19231,549,0,37369,0.0010000000000047748
48062000,7843,657,129138,5295,6840,121878,113,19226,463,0,37370,0.0009999999999976694
48063000,-1219,18301,134034,-3921,17247,127328,113,19226,463,1,37371,0.0009999999999976694
48064000,1928,7137,127848,1157,-644,126232,108,19229,442,1,37372,0.0010000000000047748
48065000,2099,-715,128757,1219,-8338,131970,105,19232,430,1,37373,0.0009999999999976694
48066000,6201,-3661,129299,-548,-8768,128744,123,19221,504,0,37374,0.0009999999999976694
48067000,13460,-14146,129502,16100,-15172,127589,98,19221,401,0,37375,0.0010000000000047748
48068000,3596,5139,133653,8651,1371,130321,103,19226,401,0,37376,0.0009999999999976694
48069000,1582,-7883,128271,-23938,-8527,134972,137,19227,422,1,37377,0.0009999999999976694
48070002,-9783,19555,133889,-2035,18048,118417,137,19225,561,1,37378,0.0010019999999997253
48071000,-2791,-1356,131015,71,-7051,135676,113,19228,463,1,37379,0.000998000000002719
48072000,-4681,-3094,129496,71,-8250,130184,97,19227,397,1,37380,0.0009999999999976694
48073000,1272,-13206,128776,-18847,-17195,132406,132,19227,541,0,37381,0.0010000000000047748
48074000,-1355,-1817,132267,497,-3945,131257,110,19233,541,0,37382,0.0009999999999976694
48075000,-4085,12619,130386,-2922,11646,123327,115,19232,451,0,37383,0.0009999999999976694
48076000,-8891,6291,131447,-23699,2688,129974,115,19223,471,1,37384,0.0010000000000047748
48077008,-8269,4307,129218,-6402,1362,135275,123,19228,504,1,37385,0.0010079999999987876
48078000,-2559,9466,129470,-5876,6122,122827,105,19232,430,1,37386,0.0009919999999965512
48079000,-1284,5527,129754,-5588,3651,126562,113,19232,463,0,37387,0.0010000000000047748
48080002,-2882,-3837,125004,-9003,-6866,127986,99,19219,463,0,37388,0.0010019999999997253
48081000,-1781,-2546,125437,-2607,-6298,130913,105,19231,405,0,37389,0.0009979999999956135
48082000,-2875,6635,126941,-9891,4522,123644,105,19225,430,0,37390,0.0010000000000047748
48083000,-7935,16266,128318,-6088,12625,119239,129,19224,528,1,37391,0.0009999999999976694
48084000,-11077,4383,126451,-2545,2091,130370,118,19229,483,1,37392,0.0009999999999976694
48085000,-3201,-56,126141,-11211,-4177,125698,101,19228,414,1,37393,0.0010000000000047748
48086000,1346,1399,127446,4623,-804,125640,139,19228,414,0,37394,0.0009999999999976694
48087000,412,-633,123921,3406,-3582,124257,108,19232,569,0,37395,0.0009999999999976694
48088000,-169,5319,126242,-8885,2347,124951,108,19238,442,0,37396,0.0010000000000047748
48089000,-1866,7687,126251,-5336,5016,129805,113,19222,463,1,37397,0.0009999999999976694
48090000,-4026,15762,127592,-3697,12497,116836,145,19227,594,1,37398,0.0009999999999976694
48091000,452,10443,127117,-780,6023,128092,106,19233,434,1,37399,0.0010000000000047748
48092001,4471,1693,120594,8665,-2830,122096,104,19233,434,0,37400,0.0010009999999951447
48093001,6570,-1382,123285,2002,-4881,124021,96,19228,426,0,37401,0.0010000000000047748
48094000,11567,-296,126663,1453,-1559,126689,96,19229,393,0,37402,0.0009990000000001942
48095000,6159,-4003,127230,13202,-6530,123824,118,19226,483,0,37403,0.0009999999999976694
48096000,4399,9019,126002,2317,2990,125228,131,19224,537,1,37404,0.0009999999999976694
48097000,-55,10358,128056,-7203,4266,125863,113,19228,463,1,37405,0.0010000000000047748
48098001,6819,1153,124094,14665,-2764,132161,98,19228,463,1,37406,0.0010009999999951447
48099000,8501,11718,129150,10762,3950,117284,137,19230,401,0,37407,0.0009990000000001942
48100000,6164,74,127009,-6955,-801,127314,137,19227,561,0,37408,0.0009999999999976694
48101000,7378,-16533,124245,18214,-28876,135570,99,19229,405,0,37409,0.0010000000000047748
48102002,2568,1921,131171,1447,-4806,129914,103,19227,422,1,37410,0.0010019999999997253
48103000,444,9221,131120,-9335,4168,118023,129,19229,528,1,37411,0.0009979999999956135
48104003,-1127,16837,132194,6116,20217,129852,112,19229,528,1,37412,0.001003000000004306
48105000,1553,-11770,128968,-3037,-10509,139370,104,19230,459,1,37413,0.0009969999999981383
48106000,9317,-11029,126795,2033,-15789,119486,104,19225,426,0,37414,0.0009999999999976694
48107000,6464,-5136,133470,11652,-4893,132717,128,19232,524,0,37415,0.0010000000000047748
48108001,9012,4275,129493,6204,335,122881,103,19231,422,0,37416,0.0010009999999951447
48109000,270,3390,133747,-16178,-1374,141019,114,19220,467,1,37417,0.0009990000000001942
48110000,-3972,1956,129182,-2442,6086,125487,111,19220,455,1,37418,0.0010000000000047748
48111002,-7043,9373,131454,-11362,3699,122341,98,19230,455,1,37419,0.0010019999999997253
48112002,-3354,-4161,128857,-13712,-7740,136466,125,19232,401,0,37420,0.0009999999999976694
48113000,-900,-7715,128293,3575,-9127,125662,125,19228,512,0,37421,0.000998000000002719
48114000,5962,2655,131339,-362,36,131014,100,19230,410,0,37422,0.0009999999999976694
48115000,-4950,-303,130601,-16334,-4577,127699,112,19224,459,0,37423,0.0009999999999976694
48116003,-9798,2834,131978,-12157,1474,127655,150,19224,614,1,37424,0.001003000000004306
48117000,-9414,3944,130940,-13399,-52,134542,116,19227,614,1,37425,0.0009969999999981383
48118000,-9120,8076,128357,-11635,8389,121158,100,19229,475,1,37426,0.0009999999999976694
48119000,-2607,1776,126533,-5689,-965,125385,100,19227,410,0,37427,0.0010000000000047748
48120000,-3876,-4328,124993,-6258,-7743,128255,150,19229,614,0,37428,0.0009999999999976694
48121000,-1774,-3124,126499,-7279,-7280,129389,111,19232,455,0,37429,0.0009999999999976694
48122000,-1554,5119,129232,-5819,2996,126435,119,19232,487,1,37430,0.0010000000000047748
48123000,-5055,14577,129770,-11191,10662,119785,113,19221,487,1,37431,0.0009999999999976694
48124000,-7336,2922,127963,-10118,1,131598,105,19227,463,1,37432,0.0009999999999976694
48125001,-4673,3918,125516,-3477,-639,124101,105,19230,430,1,37433,0.00100100000000225
48126000,1116,-3414,122679,-4618,-6370,129393,120,19229,491,0,37434,0.0009990000000001942
48127000,2369,6148,124315,1212,2621,118122,96,19233,393,0,37435,0.0009999999999976694
48128000,1029,4137,126081,-5927,510,120668,105,19228,430,0,37436,0.0010000000000047748
48129002,-682,2827,126090,-4341,-348,132085,143,19228,430,1,37437,0.0010019999999997253
48130009,-3518,4735,125135,6618,2364,123730,117,19216,586,1,37438,0.0010070000000013124
48131000,-1618,12767,123626,-13318,10099,118169,117,19226,479,1,37439,0.000990999999999076
48132000,4627,5387,123637,6330,1231,120057,94,19228,385,0,37440,0.0009999999999976694
48133001,11293,-9388,123324,16960,-14635,133906,105,19231,430,0,37441,0.00100100000000225
48134000,9352,2165,125660,2078,-2093,121896,114,19227,467,0,37442,0.0009990000000001942
48135000,5094,-3404,127493,-258,-7313,129737,118,19227,467,0,37443,0.0009999999999976694
48136000,5164,7422,129313,13213,4883,124355,120,19220,483,1,37444,0.0009999999999976694
48137000,2023,2335,126765,-4177,1804,122967,120,19228,491,1,37445,0.0010000000000047748
48138000,7107,8650,127468,-687,6151,126630,104,19230,426,1,37446,0.0009999999999976694
48139000,12294,9310,126047,17930,7286,120892,112,19223,459,0,37447,0.0009999999999976694
48140000,12068,-2202,127509,2157,-5082,130376,89,19232,365,0,37448,0.0010000000000047748
48141001,9512,-12764,127878,9912,-15108,132938,103,19232,365,0,37449,0.0010009999999951447
48142001,3772,-1388,130675,6234,-5492,134426,128,19225,422,1,37450,0.0010000000000047748
48143000,1281,22986,132327,-8604,17969,124264,128,19225,524,1,37451,0.0009990000000001942
48144000,-75,8420,128874,4826,3954,121882,113,19228,463,1,37452,0.0009999999999976694
48145000,4383,-5184,127034,2609,-9215,134634,99,19229,405,1,37453,0.0009999999999976694
48146000,5730,-11813,126104,-2936,-11338,127690,155,19231,635,0,37454,0.0010000000000047748
48147000,8619,-1024,128629,15618,-8634,126628,105,19231,635,0,37455,0.0009999999999976694
48148000,1757,895,130358,5615,-720,126124,107,19228,430,0,37456,0.0009999999999976694
48149000,756,703,130258,-22532,-5374,131060,107,19225,438,1,37457,0.0010000000000047748
48150000,-2303,8048,133592,228,7993,127252,139,19228,569,1,37458,0.0009999999999976694
48151000,-6486,-428,129970,8186,-1138,128130,104,19232,426,1,37459,0.0009999999999976694
48152000,-2129,-319,131212,-20748,-3984,127697,109,19220,446,0,37460,0.0010000000000047748
48153000,-964,-10953,128774,-5921,-12582,138318,100,19220,446,0,37461,0.0009999999999976694
48154000,2834,9778,129369,13023,3999,122663,111,19226,410,0,37462,0.0009999999999976694
48155001,-6563,9858,132031,-22339,4855,122119,111,19226,455,1,37463,0.00100100000000225
48156000,-5010,5635,131723,-13929,2749,130808,130,19223,532,1,37464,0.0009990000000001942
48157000,-6040,6699,129910,-3964,3098,129446,117,19229,479,1,37465,0.0009999999999976694
48158003,-7493,9700,129791,-9445,7183,120670,103,19230,422,1,37466,0.001003000000004306
48159000,-2361,-52,127421,-10716,-7033,131509,143,19230,586,0,37467,0.0009969999999981383
48160000,-2938,-6504,125788,155,-6415,128865,101,19224,586,0,37468,0.0009999999999976694
48161000,-3902,5550,128500,-9305,1622,126888,102,19236,414,0,37469,0.0010000000000047748
48162000,-1994,2963,126702,-11645,-119,125687,102,19224,418,1,37470,0.0009999999999976694
48163000,-7863,14011,128478,-6261,13438,120667,138,19228,565,1,37471,0.0009999999999976694
48164000,-4048,9327,126725,-9166,5815,133556,114,19231,467,1,37472,0.0009999999999976694
48165000,-3712,1949,123612,2777,721,122024,110,19231,451,0,37473,0.0010000000000047748
48166000,-1624,-3784,126409,-13111,-9207,131278,87,19222,451,0,37474,0.0009999999999976694
48167002,2706,764,124118,-798,-935,119102,111,19231,356,0,37475,0.0010019999999997253
48168002,898,858,127179,3641,-4213,130376,111,19228,455,0,37476,0.0010000000000047748
48169004,-4695,2739,125514,-5282,569,126821,119,19218,487,1,37477,0.0010019999999997253
48170000,-6407,16854,126903,-10843,14651,118060,108,19231,442,1,37478,0.0009959999999935576
48171003,4357,9438,125709,4713,5375,128622,99,19231,405,1,37479,0.001003000000004306
48172000,5858,4557,123036,12005,-927,118820,127,19232,405,0,37480,0.0009969999999981383
48173000,8899,-394,124087,1800,-4635,131009,112,19229,520,0,37481,0.0009999999999976694
48174000,7356,-3154,124262,8251,-5834,124724,112,19227,459,0,37482,0.0010000000000047748
48175000,4785,-583,128367,5313,-4540,127831,113,19224,463,1,37483,0.0009999999999976694
48176000,4820,10331,127566,-3490,8317,123274,146,19229,598,1,37484,0.0009999999999976694
48177000,1080,7655,126910,-2762,4647,122688,113,19235,463,1,37485,0.0010000000000047748
48178000,5540,-628,128097,19327,-4136,137435,101,19235,463,1,37486,0.0009999999999976694
48179000,9569,-2232,124266,-1154,-5021,118012,121,19225,414,0,37487,0.0009999999999976694
48180000,11994,-7111,129548,10153,-9712,133708,121,19232,496,0,37488,0.0010000000000047748
48181000,5652,1165,128792,7204,-2725,126145,104,19227,426,0,37489,0.0009999999999976694
48182002,4363,5262,129897,-8906,1881,133599,110,19223,451,1,37490,0.0010019999999997253
48183000,-978,16695,132598,6094,13573,127246,108,19232,442,1,37491,0.000998000000002719
48184003,-3979,8322,129038,-149,5843,119396,104,19232,442,1,37492,0.0010029999999972006
48185000,7779,-4138,127863,1718,-7110,133212,125,19232,426,0,37493,0.0009969999999981383
48186000,8996,-2024,129743,10739,-5109,126468,125,19222,512,0,37494,0.0010000000000047748
48187000,12240,-7731,128047,14532,-12436,135818,99,19227,405,0,37495,0.0009999999999976694
48188000,1459,5831,133847,-14836,723,123105,102,19230,418,0,37496,0.0009999999999976694
48189007,-5632,3356,132917,-12693,964,128503,139,19223,569,1,37497,0.0010070000000013124
48190000,-8683,6172,130421,13260,3531,134646,112,19223,569,1,37498,0.0009930000000011319
48191000,-9388,1456,127745,-18269,-1389,125670,99,19232,459,1,37499,0.0009999999999976694
48192000,-920,-4895,129231,-9207,-10806,137021,99,19228,405,0,37500,0.0010000000000047748
48193000,825,8049,129656,9447,4130,117164,136,19231,557,0,37501,0.0009999999999976694
48194000,-745,391,131375,-6572,-1648,130912,108,19231,442,0,37502,0.0009999999999976694
48195000,-6774,-4287,129168,-17143,-8237,133093,115,19221,471,1,37503,0.0010000000000047748
48196000,-9608,5878,132350,-10195,728,130116,123,19221,471,1,37504,0.0009999999999976694
48197000,-8413,11781,128997,-10915,7630,124887,104,19230,504,1,37505,0.0009999999999976694
48198000,-5585,7179,129644,-9870,11517,127730,104,19230,426,1,37506,0.0010000000000047748
48199000,-1798,-7251,125375,-5867,-11555,133868,116,19215,475,0,37507,0.0009999999999976694
48200000,-2944,-637,127417,-3729,-480,120557,100,19232,410,0,37508,0.0009999999999976694
48201003,-489,8745,129370,-8882,10396,125415,103,19227,422,0,37509,0.001003000000004306
48202001,-2903,11147,128200,-5052,1875,124303,129,19227,528,1,37510,0.0009979999999956135
48203000,-8489,2705,127834,-14501,-3877,134850,115,19223,528,1,37511,0.0009990000000001942
48204000,-6562,2701,126979,-3175,598,124820,104,19230,471,1,37512,0.0010000000000047748
48205006,-3031,10855,125914,-5922,7719,118017,104,19225,426,0,37513,0.0010059999999967317
48206003,1637,2360,126585,-3536,-36,128621,137,19226,561,0,37514,0.0009969999999981383
48207000,5167,-3031,123420,5563,-4979,125717,121,19226,496,0,37515,0.0009970000000052437
48208000,-250,-237,124454,-9567,3772,131059,113,19226,463,0,37516,0.0009999999999976694
48209000,-2019,12008,125273,-5574,11187,116780,136,19223,463,1,37517,0.0009999999999976694
48210000,-5142,6220,126289,4219,830,127007,107,19229,557,1,37518,0.0010000000000047748
48211000,3587,1580,123850,-4546,1286,128053,107,19229,438,1,37519,0.0009999999999976694
48212001,7423,-150,123091,11515,-4742,119296,109,19219,446,0,37520,0.00100100000000225
48213000,8163,6577,123552,7375,4672,120038,90,19228,369,0,37521,0.0009990000000001942
48214000,12509,-1893,127082,3993,-8911,126762,107,19228,438,0,37522,0.0009999999999976694
48215000,6067,-11681,128685,7863,-14622,137141,127,19232,438,1,37523,0.0009999999999976694
48216001,5238,6613,128320,-3879,5250,123993,115,19224,520,1,37524,0.00100100000000225
48217000,852,16926,129015,4003,15003,122289,115,19231,471,1,37525,0.0009990000000001942
48218001,9314,6857,124438,11054,3460,123729,98,19229,401,1,37526,0.00100100000000225
48219000,10097,-4507,125449,668,-9679,127937,142,19229,582,0,37527,0.0009990000000001942
48220000,9762,-9376,126087,10082,-11923,133872,100,19233,410,0,37528,0.0009999999999976694
48221000,9746,3279,129628,8874,528,120733,101,19233,410,0,37529,0.0009999999999976694
48222003,1780,2235,128429,-1511,-3137,133398,127,19224,414,1,37530,0.001003000000004306
48223000,1355,6597,130693,226,2609,131144,127,19231,520,1,37531,0.0009969999999981383
48224004,2550,5254,128998,2821,2714,125466,109,19232,446,1,37532,0.0010040000000017812
48225002,4089,4731,128472,-2804,1893,120940,104,19221,426,0,37533,0.0009979999999956135
48226000,7375,-9284,128954,5566,-13255,132677,104,19232,426,0,37534,0.000998000000002719
48227001,10363,-10618,129131,21077,-14909,136109,102,19232,426,0,37535,0.00100100000000225
48228001,695,2730,130006,-16202,-2302,128317,121,19228,418,0,37536,0.0009999999999976694
48229000,-847,17497,134354,-13771,13607,121617,121,19219,496,1,37537,0.0009990000000001942
48230002,-3896,10803,131242,6761,9359,124408,111,19231,455,1,37538,0.0010019999999997253
48231000,-5109,-8341,128879,-7172,-9953,129904,97,19231,397,1,37539,0.0009979999999956135
48232000,-2181,-19252,128573,-13708,-25035,138447,129,19227,528,0,37540,0.0010000000000047748
48233000,665,7046,130197,3233,2568,124428,105,19227,528,0,37541,0.0009999999999976694
48234000,-1193,7536,129795,-4052,1432,127822,113,19230,430,0,37542,0.0009999999999976694
48235003,-6302,7717,133478,-18388,7126,125303,113,19226,463,1,37543,0.001003000000004306
48236000,-9922,-6234,127250,-11267,-8358,135987,148,19231,606,1,37544,0.0009969999999981383
48237000,-9939,20893,130077,-9033,15739,120693,114,19230,467,1,37545,0.0009999999999976694
48238000,-4305,8728,128396,-9567,8332,119346,100,19223,410,1,37546,0.0010000000000047748
48239000,-4091,-8972,126085,-5680,-11724,134472,141,19223,410,0,37547,0.0009999999999976694
48240000,-2861,-7123,125495,-8272,-11927,130120,105,19232,577,0,37548,0.0009999999999976694
48241000,-2202,8872,129083,-7456,4508,125552,105,19234,430,0,37549,0.0010000000000047748
48242000,-4128,7871,127150,-7273,7266,121998,118,19223,483,1,37550,0.0009999999999976694
48243000,-8086,6368,127526,-10334,3991,126637,111,19228,455,1,37551,0.0009999999999976694
48244000,-6708,7091,127374,-11154,6279,122209,104,19228,426,1,37552,0.0010000000000047748
48245000,2316,5983,128866,-2887,11598,121213,125,19228,426,0,37553,0.0009999999999976694
48246000,-1591,-3296,124541,884,-3823,130361,99,19228,512,0,37554,0.0009999999999976694
48247000,2864,-3934,125484,-7356,-9839,125083,99,19229,405,0,37555,0.0010000000000047748
48248000,-969,13060,127465,2403,12663,122857,108,19227,442,1,37556,0.0009999999999976694
48249000,-3503,12369,125784,-9118,3511,121436,148,19222,606,1,37557,0.0009999999999976694
48250000,3356,10581,126439,-915,9166,122671,113,19229,463,1,37558,0.0010000000000047748
48251000,1327,6608,125776,1567,1305,127072,97,19229,397,1,37559,0.0009999999999976694
48252000,9910,-257,123106,2464,-3724,123250,111,19223,397,0,37560,0.0009999999999976694
48253000,8433,-8824,124786,13548,-13917,130822,120,19228,455,0,37561,0.0010000000000047748
48254001,4952,-7515,125236,-474,-9898,121718,120,19230,491,0,37562,0.0010009999999951447
48255000,3636,7131,127750,-375,3067,127010,120,19221,491,1,37563,0.0009990000000001942
48256001,566,2633,126544,8994,1270,129649,113,19228,463,1,37564,0.00100100000000225
48257000,3838,8354,124997,-2644,4679,117302,104,19228,426,1,37565,0.0009990000000001942
48258001,9159,4293,125492,10405,969,126551,117,19232,426,0,37566,0.00100100000000225
48259000,8904,-5067,126988,6921,-12821,127659,90,19224,479,0,37567,0.0009990000000001942
48260000,14421,-10614,127014,4339,-12083,137292,90,19231,369,0,37568,0.0009999999999976694
48261000,4144,1269,130301,-401,-1970,123716,100,19234,410,0,37569,0.0009999999999976694
48262000,6718,1259,129812,1025,-4290,130820,132,19229,541,1,37570,0.0010000000000047748
48263000,-2392,10381,132033,5777,7986,116080,116,19228,475,1,37571,0.0009999999999976694
48264000,1918,4770,129963,-10292,-544,133762,98,19228,475,1,37572,0.0009999999999976694
48265000,9540,-11986,125083,7463,-16770,135796,153,19230,401,0,37573,0.0010000000000047748
48266000,9139,4569,132124,21961,2804,119566,153,19234,627,0,37574,0.0009999999999976694
48267002,8459,-10901,126260,-8594,-13917,135617,109,19226,446,0,37575,0.0010019999999997253
48268003,-2596,11539,135521,-12791,9489,125455,112,19224,459,1,37576,0.00100100000000225
48269001,536,-928,130481,3008,-5450,140624,138,19230,565,1,37577,0.0009979999999956135
48270000,-12187,4544,128865,-3093,2692,122858,106,19230,565,1,37578,0.0009990000000001942
48271000,-5873,2485,130595,-21313,-1601,125199,113,19232,434,1,37579,0.0010000000000047748
48272002,-539,-9448,130558,986,-13483,145404,113,19217,463,0,37580,0.0010019999999997253
48273000,5360,1133,127211,5227,-1705,116933,88,19231,360,0,37581,0.0009979999999956135
48274000,-2841,7084,133914,-16929,4799,130912,108,19227,442,0,37582,0.0010000000000047748
48275000,-5532,1210,128356,-15849,-2285,125376,133,19222,545,1,37583,0.0009999999999976694
48276000,-8991,880,131706,-7531,-1301,137009,118,19222,545,1,37584,0.0009999999999976694
48277000,-10159,3564,129405,-12298,962,128930,100,19228,483,1,37585,0.0010000000000047748
48278000,-2698,15899,130335,-10205,16050,112055,100,19230,410,0,37586,0.0009999999999976694
48279001,-3918,-5061,126093,-7995,-7013,135942,149,19226,610,0,37587,0.00100100000000225
48280000,3077,3128,126068,3428,-2445,125062,102,19229,418,0,37588,0.0009990000000001942
48281000,-1926,8232,127914,-10127,2095,130932,106,19223,434,0,37589,0.0009999999999976694
48282000,-7392,13843,129199,-13363,8880,120370,128,19223,434,1,37590,0.0009999999999976694
48283000,-6295,6325,129043,-4565,4063,126548,115,19227,524,1,37591,0.0010000000000047748
48284000,-7145,-1828,125167,-3674,-6714,138136,115,19230,471,1,37592,0.0009999999999976694
48285000,-637,8485,124772,-7748,6459,114747,111,19222,455,0,37593,0.0009999999999976694
48286001,509,943,125085,3294,-58,130415,89,19232,365,0,37594,0.00100100000000225
48287000,5250,-1121,124385,7663,-2960,121285,111,19224,455,0,37595,0.0009990000000001942
48288001,-3275,5712,128153,-12954,5380,129574,125,19224,455,1,37596,0.00100100000000225
48289000,-189,12325,125876,-10969,8134,124757,112,19217,512,1,37597,0.0009989999999930887
48290000,-2018,20860,126778,15682,15709,118741,112,19228,459,1,37598,0.0010000000000047748
48291000,2880,-242,122041,-8640,-4823,126120,98,19234,401,0,37599,0.0009999999999976694
48292000,10609,6061,125457,5496,2855,120859,135,19234,553,0,37600,0.0009999999999976694
48293000,12356,-6483,124450,18980,-7083,131973,108,19225,442,0,37601,0.0010000000000047748
48294000,9368,1131,128511,910,-4129,121155,112,19225,459,0,37602,0.0009999999999976694
48295000,2221,-1140,127732,-3025,-5794,135053,139,19227,459,1,37603,0.0009999999999976694
48296000,2344,4613,126279,11098,2520,121089,108,19227,569,1,37604,0.0010000000000047748
48297000,3239,10684,127181,-793,5373,124671,108,19232,442,1,37605,0.0009999999999976694
48298002,8121,8818,127362,3998,252,121782,100,19224,410,0,37606,0.0010019999999997253
48299001,9445,1937,127371,15105,-10479,124666,119,19235,487,0,37607,0.0009990000000001942
48300000,8441,-14133,127150,2122,-15681,138524,105,19235,430,0,37608,0.0009990000000001942
48301000,9553,-1516,129281,3713,-1443,125240,115,19227,430,1,37609,0.0009999999999976694
48302000,3652,14137,130302,3577,12614,123915,108,19221,471,1,37610,0.0010000000000047748
48303000,2566,15060,132417,-4396,9460,124952,108,19227,442,1,37611,0.0009999999999976694
48304002,197,-7481,128810,-1743,-13894,135476,102,19232,418,1,37612,0.0010019999999997253
48305000,6609,-15033,127460,5938,-17175,130916,131,19228,537,0,37613,0.000998000000002719
48306001,8682,-9434,127994,17998,-12567,127250,102,19228,418,0,37614,0.0010009999999951447
48307000,3885,12365,130428,915,10348,127156,105,19232,418,0,37615,0.0009990000000001942
48308001,5718,900,129757,-24420,-2521,125353,145,19229,430,1,37616,0.00100100000000225
48309000,-4951,11024,134416,3053,9152,132995,145,19228,594,1,37617,0.0009990000000001942
48310000,-4794,8722,128547,2333,5418,122956,109,19236,446,1,37618,0.0009999999999976694
48311000,-7997,-11805,127295,-16978,-16482,134363,100,19228,410,0,37619,0.0010000000000047748
48312000,1176,-9136,130732,-6192,-12101,135795,118,19235,483,0,37620,0.0009999999999976694
48313000,3368,1348,130963,6358,-2263,127620,112,19235,483,0,37621,0.0009999999999976694
48314000,-1765,8466,132257,-10571,7057,125610,119,19226,459,0,37622,0.0010000000000047748
48315000,-9103,10154,131614,-21811,7002,125513,119,19217,487,1,37623,0.0009999999999976694
48316000,-10531,-3286,127259,-9112,-7255,144378,110,19228,451,1,37624,0.0009999999999976694
48317000,-6129,13509,130064,-3862,10907,117592,105,19229,430,1,37625,0.0010000000000047748
48318000,-5996,3022,128915,-10321,161,128877,121,19217,496,0,37626,0.0009999999999976694
48319000,-4241,280,124027,-3732,-3234,121361,92,19217,496,0,37627,0.0009999999999976694
48320000,-1505,-6963,128724,-3903,-10327,133395,105,19235,377,0,37628,0.0010000000000047748
48321000,-538,1091,126452,-8642,-5739,132952,105,19232,430,1,37629,0.0009999999999976694
48322000,-7102,23734,130147,-5394,20078,113031,139,19227,569,1,37630,0.0009999999999976694
48323001,-8067,1743,126739,-17437,-2808,134277,117,19230,479,1,37631,0.00100100000000225
48324000,-933,5107,128439,-2660,4195,120374,103,19226,422,1,37632,0.0009990000000001942
48325000,48,-8277,123634,3255,-13246,133227,121,19226,422,0,37633,0.0009999999999976694
48326000,1678,550,123922,-3105,-4645,120731,108,19234,496,0,37634,0.0010000000000047748
48327000,-662,11460,124941,-7657,5808,122067,108,19227,442,0,37635,0.0009999999999976694
48328000,91,11711,125446,-3041,7592,128559,113,19222,463,1,37636,0.0009999999999976694
48329000,-3259,13007,126676,-1209,11968,119651,138,19227,565,1,37637,0.0010000000000047748
48330002,-2470,-347,125985,-4832,-819,129310,103,19237,422,1,37638,0.0010019999999997253
48331002,5719,15764,124521,2393,12755,111539,108,19237,422,0,37639,0.0009999999999976694
48332001,8931,-6310,123677,10715,-9608,127950,95,19228,442,0,37640,0.0009990000000001942
48333000,10163,-9776,124464,5776,-15361,132706,95,19227,389,0,37641,0.0009990000000001942
48334000,5091,1319,126424,3333,-5433,123730,110,19227,451,0,37642,0.0009999999999976694
48335002,1272,13076,126542,2667,3562,123477,133,19225,545,1,37643,0.0010019999999997253
48336000,1447,14150,128879,-5452,12647,118198,112,19229,459,1,37644,0.000998000000002719
48337002,6935,-2393,124181,10759,-4161,133613,97,19229,459,1,37645,0.0010019999999997253
48338002,10717,3132,126190,9606,-2604,117406,153,19228,397,0,37646,0.0009999999999976694
48339000,9230,-3572,129142,-266,-619,135554,153,19231,627,0,37647,0.000998000000002719
48340000,9621,-14020,127516,14281,-18237,132175,106,19230,434,0,37648,0.0009999999999976694
48341000,4332,4360,132100,-2664,-1270,130353,107,19224,438,1,37649,0.0010000000000047748
48342000,268,10728,133178,-3896,3805,122059,126,19232,516,1,37650,0.0009999999999976694
48343003,-4360,20398,128862,1717,8599,122470,108,19232,442,1,37651,0.0010029999999972006
48344000,4725,-10699,127663,-4379,-16444,139766,110,19228,442,1,37652,0.0009970000000052437
48345000,9726,-8581,127071,6489,-9578,118982,106,19221,451,0,37653,0.0009999999999976694
48346000,8917,5683,130532,11910,-2599,131678,106,19226,434,0,37654,0.0009999999999976694
48347000,3451,-654,131550,-7119,-338,127009,105,19229,430,0,37655,0.0010000000000047748
48348000,-1929,331,132399,-17242,-4452,133558,123,19227,504,1,37656,0.0009999999999976694
48349000,-6727,3574,131721,5259,2588,132411,110,19227,451,1,37657,0.0009999999999976694
48350000,-9250,6696,129922,-9641,573,118702,98,19230,451,1,37658,0.0009999999999976694
48351000,1034,-7308,129775,-11343,-12852,132982,138,19232,401,0,37659,0.0010000000000047748
48352000,-692,-4735,129214,9416,-8326,131769,138,19230,565,0,37660,0.0009999999999976694
48353000,5558,3176,129191,-5210,-2260,124857,107,19226,438,0,37661,0.0009999999999976694
48354000,-5124,3777,132037,-24322,2309,130874,112,19224,459,0,37662,0.0010000000000047748
48355000,-7803,6125,131151,-7289,4951,125226,136,19229,557,1,37663,0.0009999999999976694
48356000,-7636,6955,129877,-3514,435,132031,112,19229,557,1,37664,0.0009999999999976694
48357000,-9327,7356,129266,-16778,3410,125014,104,19230,459,1,37665,0.0010000000000047748
48358000,310,-349,127206,-4136,-3256,125457,104,19221,426,0,37666,0.0009999999999976694
48359000,-1689,-8540,125685,-176,-11326,131956,129,19231,528,0,37667,0.0009999999999976694
48360000,-968,7231,128273,-8572,3080,123616,103,19230,422,0,37668,0.0010000000000047748
48361000,-5711,2187,126702,-11007,-1400,128887,119,19220,487,1,37669,0.0009999999999976694
48362000,-4244,15290,128153,-7708,11773,120510,113,19220,487,1,37670,0.0009999999999976694
48363000,-7392,9506,127024,-12527,6196,126338,101,19229,463,1,37671,0.0010000000000047748
48364000,-1961,607,124744,-1564,-3080,125060,101,19230,414,0,37672,0.0009999999999976694
48365000,397,5380,125586,-320,2909,121072,131,19229,537,0,37673,0.0009999999999976694
48366000,1724,-6366,124531,-12048,-11172,140663,103,19227,422,0,37674,0.0010000000000047748
48367000,3434,3869,125234,1582,819,115100,109,19221,446,0,37675,0.0009999999999976694
48368000,242,4052,126593,-1858,236,128231,150,19221,446,1,37676,0.0009999999999976694
48369001,-2964,14489,126556,-1349,11551,122025,110,19224,614,1,37677,0.00100100000000225
48370000,392,1642,122974,-1056,265,122371,110,19231,451,1,37678,0.0009990000000001942
48371000,5682,-3042,125734,6679,-3466,131277,95,19226,389,0,37679,0.0009999999999976694
48372000,9522,11956,124424,5494,7461,112659,103,19229,422,0,37680,0.0010000000000047748
48373000,10882,-4492,125824,11038,-6546,130886,112,19226,459,0,37681,0.0009999999999976694
48374000,4502,-248,125716,7308,-6641,128015,122,19226,459,1,37682,0.0009999999999976694
48375000,4648,2628,128115,-9670,-1718,130392,111,19220,500,1,37683,0.0010000000000047748
48376000,4196,21128,130270,9048,16263,119465,111,19227,455,1,37684,0.0009999999999976694
48377002,6378,1745,124651,7417,-4352,123264,101,19232,414,1,37685,0.0010019999999997253
48378002,8336,-5970,125413,-1621,-12709,134433,119,19221,487,0,37686,0.0009999999999976694
48379000,7907,-13608,125696,8886,-11737,128309,105,19228,430,0,37687,0.000998000000002719
48380000,7844,-7342,128773,14047,-10035,130376,109,19228,430,0,37688,0.0009999999999976694
48381000,3689,9117,131080,-5254,6167,124091,141,19228,446,1,37689,0.0010000000000047748
48382000,2289,8856,127589,-3148,2389,129370,141,19227,577,1,37690,0.0009999999999976694
48383000,711,9309,129972,8076,8140,123372,117,19232,479,1,37691,0.0009999999999976694
48384000,5658,-5461,127527,-2097,-5112,128620,101,19229,414,0,37692,0.0010000000000047748
48385000,9221,-13400,128957,745,-14999,130547,155,19232,635,0,37693,0.0009999999999976694
48386000,11572,2761,132189,21273,-3544,129083,103,19232,422,0,37694,0.0009999999999976694
48387000,1973,-4525,128855,-4339,-6763,131096,109,19231,422,0,37695,0.0010000000000047748
48388003,909,9901,133964,-16522,4678,122904,135,19223,446,1,37696,0.0010029999999972006
48389000,-6390,8981,130971,-2665,11813,132937,135,19229,553,1,37697,0.0009969999999981383
48390025,-3922,2258,129118,2463,-6369,120579,104,19231,426,1,37698,0.0010249999999984993
48391002,-4529,-7008,130429,-11092,-14724,134226,109,19220,446,0,37699,0.0009770000000060008
48392001,1746,-1551,131088,-9225,-6046,127094,91,19220,373,0,37700,0.0009990000000001942
48393003,-1669,4202,130092,10729,909,125306,110,19228,373,0,37701,0.0010019999999997253
48394000,-5128,7937,132770,-23696,5270,134087,142,19227,451,1,37702,0.0009969999999981383
48395000,-10993,6562,129033,-10396,6257,125888,142,19225,582,1,37703,0.0009999999999976694
48396000,-9092,6775,129879,-7659,4314,130946,117,19229,479,1,37704,0.0010000000000047748
48397000,-3293,9125,129173,-5188,3979,123640,99,19230,405,1,37705,0.0009999999999976694
48398000,-4257,-4161,126013,-11565,-9913,128158,151,19230,618,0,37706,0.0009999999999976694
48399000,-1754,-5969,126821,-9969,-6526,130889,103,19229,618,0,37707,0.0010000000000047748
48400000,-4427,10566,128959,-3201,6707,122232,109,19225,422,0,37708,0.0009999999999976694
48401000,-4944,18315,126735,-3150,14206,126275,109,19225,446,1,37709,0.0009999999999976694
48402000,-7921,5708,126872,-17081,444,123250,133,19228,545,1,37710,0.0010000000000047748
48403000,-8192,818,128753,-14146,-2417,128936,113,19226,463,1,37711,0.0009999999999976694
48404001,1533,11528,126835,11677,9072,121760,109,19218,446,0,37712,0.00100100000000225
48405000,-1498,-5791,123735,-4523,-8545,125807,83,19218,446,0,37713,0.0009990000000001942
48406000,4228,3132,125041,-8149,268,127059,110,19230,340,0,37714,0.0009999999999976694
48407000,-3566,7271,125600,-2365,4836,127906,110,19228,451,0,37715,0.0009999999999976694
48408000,1024,14347,127112,-2117,12478,118377,131,19222,537,1,37716,0.0010000000000047748
48409001,-5243,11300,128114,-6493,8053,123564,116,19231,475,1,37717,0.0010009999999951447
48410000,2767,-2436,120124,6712,-6532,130618,98,19229,401,1,37718,0.0009990000000001942
48411000,4557,6116,123532,5695,2342,120748,134,19229,401,0,37719,0.0009999999999976694
48412002,7533,-3675,122704,-673,-8557,127981,115,19232,549,0,37720,0.0010020000000068308
48413002,8673,6347,127147,30018,4000,119191,115,19227,471,0,37721,0.0009999999999976694
48414000,3050,-9889,125267,-12506,-14387,133627,115,19225,471,1,37722,0.0009979999999956135
48415000,3478,10799,130799,-6986,7501,127105,137,19231,561,1,37723,0.0010000000000047748
48416000,4679,17644,126605,22127,14650,124581,115,19231,471,1,37724,0.0009999999999976694
48417000,8103,5610,127140,430,1680,123927,106,19231,471,1,37725,0.0009999999999976694
48418001,9580,4433,128802,-1902,2471,122207,117,19223,434,0,37726,0.00100100000000225
48419000,8797,-19742,124369,15069,-24847,141366,117,19233,479,0,37727,0.0009990000000001942
48420001,9674,6813,131559,13063,1026,122188,102,19230,418,0,37728,0.00100100000000225
48421000,434,1244,129506,-13264,-5293,134798,115,19219,471,1,37729,0.0009990000000001942
48422000,200,19220,129629,4479,8271,121513,111,19227,455,1,37730,0.0009999999999976694
48423000,-348,-23,129887,9525,3596,133457,102,19227,455,1,37731,0.0009999999999976694
48424000,2364,-15855,125432,-11262,-22343,134697,130,19231,418,0,37732,0.0010000000000047748
48425000,10655,10955,133441,15306,11761,111277,130,19223,532,0,37733,0.0009999999999976694
48426000,7614,-16052,126614,14139,-20049,145120,97,19232,397,0,37734,0.0009999999999976694
48427000,4856,5842,133354,-17297,-1877,123758,101,19226,414,0,37735,0.0010000000000047748
48428000,357,6291,133781,-8449,6001,130699,148,19232,606,1,37736,0.0009999999999976694
48429000,-7858,10340,128773,8236,4565,126552,113,19232,463,1,37737,0.0009999999999976694
48430002,-5206,-5161,130744,-19639,-6249,140441,99,19232,463,1,37738,0.0010019999999997253
48431000,83,-12855,128409,-7417,-19461,142469,114,19226,405,0,37739,0.000998000000002719
48432000,2014,10990,129623,7833,5967,120909,114,19233,467,0,37740,0.0009999999999976694
48433000,-1908,3719,131539,-5973,-194,134427,109,19229,446,0,37741,0.0010000000000047748
48434000,-5893,-4527,129510,-11318,-6599,132219,116,19220,475,1,37742,0.0009999999999976694
48435000,-9941,-1,129033,-10913,-4773,133287,109,19220,446,1,37743,0.0009999999999976694
48436000,-12581,14067,132837,-11444,7650,120580,105,19229,446,1,37744,0.0010000000000047748
48437000,-3198,14987,129401,-10722,370,125931,121,19230,430,1,37745,0.0009999999999976694
48438000,-4108,-16197,124513,-4669,-22539,140561,121,19217,496,0,37746,0.0009999999999976694
48439000,-1515,-530,126732,-2511,3198,121943,105,19231,430,0,37747,0.0010000000000047748
48440000,-628,8989,128737,-11145,4106,124580,109,19228,446,0,37748,0.0009999999999976694
48441000,-4201,14748,128768,-6533,13690,120981,140,19228,573,1,37749,0.0009999999999976694
48442002,-6263,2654,127107,-13783,695,134908,116,19227,573,1,37750,0.0010019999999997253
48443002,-8229,-5033,124181,-4893,-5622,126675,101,19226,475,1,37751,0.0010000000000047748
48444000,-2234,5123,125222,2187,40,120523,101,19228,414,0,37752,0.0009979999999956135
48445000,326,-612,124666,3941,-3273,125043,121,19231,496,0,37753,0.0010000000000047748
48446000,4128,3552,126734,-3373,-492,122992,106,19225,434,0,37754,0.0009999999999976694
48447000,1746,-5342,125874,-11512,-9301,135482,111,19223,455,0,37755,0.0009999999999976694
48448000,787,14004,127009,8451,14354,118640,136,19223,455,1,37756,0.0010000000000047748
48449000,-5518,14359,125501,-3999,9605,121394,101,19229,557,1,37757,0.0009999999999976694
48450001,3991,5155,124568,-5608,459,125522,101,19233,414,1,37758,0.00100100000000225
48451000,9794,3656,123760,15473,223,128048,111,19233,455,0,37759,0.0009990000000001942
48452000,12673,-8907,123134,4180,-11286,123488,99,19232,405,0,37760,0.0009999999999976694
48453000,5915,3076,128052,873,-1263,123558,111,19226,455,0,37761,0.0009999999999976694
48454001,4772,-9707,125372,6387,-13675,137016,134,19226,455,1,37762,0.00100100000000225
48455000,634,7129,128147,2194,5102,121578,112,19225,549,1,37763,0.0009990000000001942
48456000,363,14043,128041,-2965,11237,123697,112,19228,459,1,37764,0.0009999999999976694
48457000,7977,6634,122999,15200,2689,120112,96,19230,393,0,37765,0.0010000000000047748
48458000,9666,-182,127040,6093,-3743,127797,150,19235,614,0,37766,0.0009999999999976694
48459002,12759,-16323,124865,3324,-20883,135681,103,19231,422,0,37767,0.0010019999999997253
48460000,8688,3592,130522,2682,-977,127199,104,19231,422,0,37768,0.000998000000002719
48461000,3075,8138,130364,1425,1689,127749,128,19224,426,1,37769,0.0009999999999976694
48462001,-1128,9350,131804,274,6073,127830,128,19230,524,1,37770,0.00100100000000225
48463000,-1141,1012,126597,-2143,-2499,130398,106,19232,434,1,37771,0.0009990000000001942
48464000,5361,-3832,128346,386,-8098,127866,113,19219,463,0,37772,0.0009999999999976694
48465000,8657,-4483,130552,14153,-6827,126976,101,19226,414,0,37773,0.0009999999999976694
48466000,7946,-1872,129972,7924,-3216,129791,109,19226,414,0,37774,0.0010000000000047748
48467002,694,2745,133502,-19144,-1902,132860,122,19225,446,1,37775,0.0010019999999997253
48468002,2899,14196,134913,-6659,10323,126625,122,19219,500,1,37776,0.0009999999999976694
48469002,-8545,2408,128857,5520,-1297,129210,112,19232,459,1,37777,0.0009999999999976694
48470000,-5834,-5653,130058,-15218,-5830,128061,95,19231,389,1,37778,0.000998000000002719
48471000,-1014,-10661,129022,-13929,-14402,135321,141,19228,577,0,37779,0.0009999999999976694
48472002,692,8440,132947,5518,4310,129316,114,19228,467,0,37780,0.0010019999999997253
48473002,716,8674,131146,-5838,6679,118258,113,19228,467,0,37781,0.0010000000000047748
48474000,-8719,-6072,129890,-21331,-6837,135748,138,19225,463,1,37782,0.0009979999999956135
48475000,-8072,2169,128777,-7538,-868,131783,138,19227,565,1,37783,0.0009999999999976694
48476000,-9219,12933,129480,-4718,8711,126435,110,19232,451,1,37784,0.0010000000000047748
48477000,-4572,9686,130537,-13122,8767,121529,107,19221,438,0,37785,0.0009999999999976694
48478000,-3422,-9859,124285,-8950,-9386,127628,132,19221,541,0,37786,0.0009999999999976694
48479000,-2187,2637,128762,-6257,-2069,122015,101,19236,541,0,37787,0.0010000000000047748
48480002,652,7690,128475,-7466,4386,123739,116,19227,414,0,37788,0.0010019999999997253
48481000,-6198,12310,129813,-7490,6500,122722,116,19224,475,1,37789,0.0009979999999956135
48482001,-3973,5955,127703,-12762,5111,127031,114,19227,467,1,37790,0.00100100000000225
48483000,-7064,7926,125091,-6499,-520,129996,103,19228,422,1,37791,0.0009990000000001942
48484000,152,-1077,123265,496,-3562,116610,134,19228,549,0,37792,0.0009999999999976694
48485000,-2921,3843,124267,-5677,-642,122529,104,19233,549,0,37793,0.0010000000000047748
48486002,271,5174,126740,-5936,2894,128617,109,19226,426,0,37794,0.0010019999999997253
48487000,2325,2387,125562,2769,-3053,124478,109,19230,446,1,37795,0.0009979999999956135
48488000,-3479,8040,127708,-6887,826,128484,154,19229,631,1,37796,0.0010000000000047748
48489000,-829,8117,124543,-7386,11013,117673,108,19233,442,1,37797,0.0009999999999976694
48490000,6406,11658,126383,10965,5057,124995,101,19233,414,0,37798,0.0009999999999976694
48491000,11919,-6540,121419,5492,-14347,127779,96,19226,414,0,37799,0.0010000000000047748
48492000,9734,-6885,124576,3822,-9126,125211,113,19230,393,0,37800,0.0009999999999976694
48493000,5979,-977,127247,-292,-2721,124623,113,19225,463,0,37801,0.0009999999999976694
48494000,4786,8826,127553,7530,5164,121616,120,19221,491,1,37802,0.0010000000000047748
48495000,1700,13763,129395,1847,7072,132200,109,19227,446,1,37803,0.0009999999999976694
48496000,6455,-1369,123635,-1202,-5620,120406,101,19235,414,1,37804,0.0009999999999976694
48497000,7568,-2005,127034,9480,-5391,117896,123,19235,414,0,37805,0.0010000000000047748
48498000,11950,-1524,127432,12511,-6707,132438,100,19217,504,0,37806,0.0009999999999976694
48499000,10459,-12376,124299,6346,-16376,131535,100,19228,410,0,37807,0.0009999999999976694
48500000,6199,5419,132653,-5280,2040,129803,104,19225,426,1,37808,0.0010000000000047748
48501001,3508,14977,131438,-587,11265,123362,140,19227,573,1,37809,0.0010009999999951447
48502000,612,11667,131335,5810,9885,124156,112,19229,459,1,37810,0.0009990000000001942
48503000,2704,-490,128031,-1480,-4702,131486,101,19229,459,1,37811,0.0010000000000047748
48504000,9059,-17571,123925,1410,-22209,133641,144,19221,414,0,37812,0.0009999999999976694
48505001,10318,5769,131485,20744,2834,122287,144,19241,590,0,37813,0.00100100000000225
48506000,5237,-8030,129166,-9325,-10972,130811,105,19226,430,0,37814,0.0009990000000001942
48507000,-1897,8855,135054,-8412,6085,130091,109,19220,446,1,37815,0.0009999999999976694
48508000,-5200,-2548,129862,-941,-5126,130372,121,19229,496,1,37816,0.0009999999999976694
48509000,-6315,-388,130608,-8101,-3649,130295,101,19229,496,1,37817,0.0010000000000047748
48510000,-2170,168,129205,-10987,-3437,128698,117,19229,414,0,37818,0.0009999999999976694
48511000,1615,2301,128012,713,-2005,128965,117,19221,479,0,37819,0.0009999999999976694
48512000,3409,8094,131769,-228,5452,125535,96,19232,393,0,37820,0.0010000000000047748
48513000,-6345,1418,130717,-14017,-3221,129399,107,19226,438,0,37821,0.0009999999999976694
48514000,-4629,5255,132752,-10794,-68,134732,141,19226,577,1,37822,0.0009999999999976694
48515000,-11094,8332,130517,-8703,3298,131444,116,19226,577,1,37823,0.0010000000000047748
48516001,-9682,8352,130025,-12010,4714,128319,100,19231,475,1,37824,0.0010009999999951447
48517000,-1991,-445,126924,-7744,648,126341,100,19229,410,0,37825,0.0009990000000001942
48518000,-2765,-12727,126761,-4856,-15720,132759,158,19228,647,0,37826,0.0010000000000047748
48519000,395,11292,127978,3751,10472,117679,103,19229,422,0,37827,0.0009999999999976694
48520000,-3389,5784,126840,-19812,1305,125970,109,19223,446,1,37828,0.0009999999999976694
48521000,-5389,10319,129679,-6560,6095,130478,129,19223,528,1,37829,0.0010000000000047748
48522000,-5138,252,126845,-4136,618,124816,110,19227,528,1,37830,0.0009999999999976694
48523000,-7345,15260,126758,-12975,-864,128984,111,19230,451,1,37831,0.0009999999999976694
48524000,869,931,123036,-1975,-174,120062,111,19222,455,0,37832,0.0010000000000047748
48525000,1017,-2081,123634,6697,-11660,129446,97,19229,397,0,37833,0.0009999999999976694
48526000,758,8059,125251,-5181,7612,122406,113,19228,463,0,37834,0.0009999999999976694
48527000,-1832,10909,124326,-6612,1336,124486,134,19228,549,1,37835,0.0010000000000047748
48528001,-2617,6742,127684,4445,5103,128326,117,19216,549,1,37836,0.0010009999999951447
48529000,-1932,1472,125006,-6452,-1567,123637,97,19229,479,1,37837,0.0009990000000001942
48530000,5373,7763,126956,-183,3727,122084,97,19230,397,0,37838,0.0010000000000047748
48531000,10637,3279,122194,16499,-9240,121851,128,19234,524,0,37839,0.0009999999999976694
48532000,8564,-2711,125543,2651,-13221,130402,107,19228,438,0,37840,0.0009999999999976694
48533000,9380,-1637,127163,466,-2304,129238,113,19223,463,0,37841,0.0010000000000047748
48534002,2715,7030,130556,8866,11495,119497,130,19223,463,1,37842,0.0010019999999997253
48535001,2448,13981,129615,-821,6911,126310,109,19229,532,1,37843,0.0009990000000001942
48536002,5308,-8344,122245,6115,-11637,131073,109,19228,446,1,37844,0.0010009999999951447
48537002,9880,-1262,126065,8582,-3380,124442,102,19223,418,0,37845,0.0010000000000047748
48538000,9853,4176,128627,8934,-916,126652,105,19234,430,0,37846,0.0009979999999956135
48539001,6031,-5629,127792,7347,-11564,128760,103,19231,422,0,37847,0.00100100000000225
48540000,7009,-2876,131226,-1361,-7662,134386,121,19231,422,1,37848,0.0009990000000001942
48541000,1401,6751,129902,444,986,126794,114,19221,496,1,37849,0.0009999999999976694
48542000,2526,21513,131017,3916,19463,122178,114,19229,467,1,37850,0.0009999999999976694
48543000,3641,3306,131293,-1928,-1832,126359,99,19229,405,1,37851,0.0010000000000047748
48544000,7989,-14855,128543,1220,-20162,137952,133,19227,545,0,37852,0.0009999999999976694
48545000,6414,-7997,128194,19414,-11194,128652,99,19236,405,0,37853,0.0009999999999976694
48546000,3763,-5043,130167,-3923,-7062,130959,105,19236,405,0,37854,0.0010000000000047748
48547000,-1423,6662,130569,-20566,4370,127986,154,19228,430,1,37855,0.0009999999999976694
48548000,-4341,11432,132685,2750,7771,127223,154,19228,631,1,37856,0.0009999999999976694
48549000,-8465,2643,129759,231,-718,129785,107,19236,438,1,37857,0.0010000000000047748
48550000,-2132,-4444,130195,-17993,-7351,128591,98,19224,401,0,37858,0.0009999999999976694
48551002,-4859,-8439,129698,726,-12726,133783,112,19230,459,0,37859,0.0010019999999997253
48552000,4635,735,129535,2248,-3603,127965,108,19230,459,0,37860,0.000998000000002719
48553000,-4537,10690,132474,-15559,8133,122910,124,19230,442,0,37861,0.0009999999999976694
48554001,-5770,3900,127810,-20429,1416,128339,124,19223,508,1,37862,0.00100100000000225
48555000,-6513,6407,130017,-6210,2258,127028,117,19232,479,1,37863,0.0009990000000001942
48556000,-8487,3752,129826,-7579,952,131782,101,19232,414,1,37864,0.0009999999999976694
48557000,-1853,4795,126122,-10570,2755,120102,126,19223,516,0,37865,0.0009999999999976694
48558000,-6575,-6275,125627,-6068,-9239,131325,97,19223,516,0,37866,0.0010000000000047748
48559001,-602,-309,127660,-3181,-3160,129463,108,19234,397,0,37867,0.0010009999999951447
48560000,-1922,5763,127393,-6232,3431,120630,108,19228,442,1,37868,0.0009990000000001942
48561000,-6848,7544,127927,-8388,1979,131588,149,19228,610,1,37869,0.0010000000000047748
48562001,-6771,16361,126526,-14585,12146,116811,117,19228,479,1,37870,0.0010009999999951447
48563000,-1932,8154,126875,-3324,7005,124419,101,19225,414,0,37871,0.0009990000000001942
48564000,2570,-7321,123929,6443,-9044,130678,113,19225,463,0,37872,0.0010000000000047748
48565000,1076,-10021,123200,-7077,-16747,129977,108,19233,463,0,37873,0.0009999999999976694
48566001,630,15500,128147,-12211,6514,120914,115,19231,442,0,37874,0.00100100000000225
48567002,1665,16619,127192,1148,16315,118271,115,19226,471,1,37875,0.0010009999999951447
48568002,-3124,-988,124776,3220,-6889,136035,130,19229,532,1,37876,0.0010000000000047748
48569002,-1563,6275,123974,-6263,4618,114036,102,19231,418,1,37877,0.0009999999999976694
48570000,3433,3836,123053,-160,-118,125704,113,19231,463,0,37878,0.000998000000002719
48571002,9687,2805,124485,13782,1192,120632,101,19229,463,0,37879,0.0010019999999997253
48572000,11462,-14554,124523,8096,-14631,128218,112,19227,414,0,37880,0.0009979999999956135
48573003,3414,-653,128323,-2098,-9940,123976,112,19228,459,1,37881,0.001003000000004306
48574001,4508,14099,129632,5258,8490,123936,141,19228,577,1,37882,0.0009979999999956135
48575000,3878,16050,127985,2224,10245,121545,115,19229,471,1,37883,0.0009990000000001942
48576000,7759,3175,125069,3688,6237,124987,95,19229,389,1,37884,0.0010000000000047748
48577000,8866,-2778,125236,7993,-12200,130639,135,19231,389,0,37885,0.0009999999999976694
48578000,9540,-6463,127464,3786,-13518,125940,105,19234,553,0,37886,0.0009999999999976694
48579000,10121,-7894,127816,13280,-8089,132272,105,19231,430,0,37887,0.0010000000000047748
48580000,3084,9580,132603,-5060,5236,130981,108,19224,442,1,37888,0.0009999999999976694
48581000,1192,3410,128769,-6267,3897,125485,124,19224,508,1,37889,0.0009999999999976694
48582000,-2403,13791,129736,9779,8713,124798,106,19231,434,1,37890,0.0010000000000047748
48583000,2889,-8666,126309,-8780,-16988,131364,112,19231,434,0,37891,0.0009999999999976694
48584000,12634,-8489,128763,18469,-9519,125583,97,19218,459,0,37892,0.0009999999999976694
48585000,11086,-1051,129277,7067,-9316,133592,97,19229,397,0,37893,0.0010000000000047748
48586000,2416,-2377,131690,-14256,-1754,122558,109,19227,446,0,37894,0.0009999999999976694
48587000,-1079,11167,134705,-9985,6369,125955,130,19225,532,1,37895,0.0009999999999976694
48588000,-4987,-2154,130048,4167,-6189,137911,113,19230,463,1,37896,0.0010000000000047748
48589000,-8168,7514,128904,-14037,2663,124051,96,19230,463,1,37897,0.0009999999999976694
48590000,1778,-9840,127842,-12329,-13812,130063,147,19228,393,0,37898,0.0009999999999976694
48591002,-595,-2798,128602,12695,-5765,126176,147,19232,602,0,37899,0.0010019999999997253
48592003,5022,8091,132692,-8361,2837,125595,107,19229,438,0,37900,0.00100100000000225
48593001,-9067,-1536,129888,-21650,-5299,136118,112,19223,459,1,37901,0.000998000000002719
48594000,-6214,10853,132083,-9983,9245,128333,131,19230,537,1,37902,0.0009990000000001942
48595000,-10235,5548,129329,-5278,1496,129191,107,19230,537,1,37903,0.0009999999999976694
48596000,-6031,10255,128826,-14145,8039,118610,108,19233,438,1,37904,0.0009999999999976694
48597001,102,-2779,127498,-9039,-5881,128821,108,19223,442,0,37905,0.00100100000000225
48598000,-1743,-11091,124848,-767,-14478,132186,130,19232,532,0,37906,0.0009990000000001942
48599001,816,12272,127911,-10059,8789,117879,107,19228,438,0,37907,0.00100100000000225
48600000,-8621,2218,128033,-15398,-1245,131141,123,19222,504,1,37908,0.0009989999999930887
48601000,-5120,8495,131479,-3056,6434,130386,113,19222,504,1,37909,0.0010000000000047748
48602000,-7751,-777,124528,-11093,-3414,124082,101,19228,463,1,37910,0.0009999999999976694
48603000,-827,10435,127738,-5664,7994,119369,101,19233,414,0,37911,0.0009999999999976694
48604000,2911,1053,123195,4554,1179,121961,139,19236,569,0,37912,0.0010000000000047748
48605000,2480,-3424,124115,-3034,-5880,133570,107,19229,438,0,37913,0.0009999999999976694
48606000,4446,10662,128662,-12472,7795,121881,110,19225,451,0,37914,0.0009999999999976694
48607000,-2202,12168,128033,5842,7835,126239,157,19225,643,1,37915,0.0010000000000047748
48608000,-5288,13096,124978,4279,9901,122923,109,19232,643,1,37916,0.0009999999999976694
48609000,-45,3432,123267,-16614,-1017,127139,101,19232,446,1,37917,0.0009999999999976694
48610001,7264,8985,123353,13792,2017,123602,101,19225,414,0,37918,0.00100100000000225
48611000,10543,-1066,122130,14369,-1255,121039,89,19232,365,0,37919,0.0009990000000001942
48612000,6868,-14486,125514,132,-20009,131092,117,19227,479,0,37920,0.0009999999999976694
48613000,1081,-1906,128772,10234,971,128382,122,19227,500,1,37921,0.0010000000000047748
48614000,1226,9387,127129,-2068,3431,124895,110,19218,500,1,37922,0.0009999999999976694
48615000,3357,18955,129315,4790,17601,121059,101,19230,451,1,37923,0.0009999999999976694
48616000,7275,-5593,123495,2774,-5175,127766,101,19230,414,1,37924,0.0010000000000047748
48617004,10955,799,126779,4278,-5018,125642,127,19225,520,0,37925,0.0010039999999946758
48618002,11207,-11256,127345,16612,-13222,132465,106,19230,434,0,37926,0.000998000000002719
48619000,6337,-353,129704,2847,-8424,128312,107,19230,438,0,37927,0.000998000000002719
48620000,5258,7844,130307,-2118,3485,126562,143,19223,438,1,37928,0.0009999999999976694
48621000,-2220,16799,128268,3216,8628,125290,111,19230,586,1,37929,0.0009999999999976694
48622000,-822,1556,128301,148,4977,126547,111,19232,455,1,37930,0.0010000000000047748
48623000,4795,-10295,127648,-1438,-6200,130544,102,19227,418,0,37931,0.0009999999999976694
48624000,9527,-6991,128941,418,-22346,130193,143,19233,586,0,37932,0.0009999999999976694
48625000,12465,559,129247,30898,-5618,125928,113,19228,463,0,37933,0.0010000000000047748
48626000,-822,-3780,131177,-20882,-5694,131092,115,19228,463,0,37934,0.0009999999999976694
48627000,2594,12894,133592,-14501,12092,127848,126,19221,471,1,37935,0.0009999999999976694
48628000,-9066,5323,131192,16550,-1195,127712,126,19230,516,1,37936,0.0010000000000047748
48629001,-3277,1218,129602,-20734,-2385,129339,100,19231,410,1,37937,0.0010009999999951447
48630000,-2401,-18647,127258,-5010,-23449,136039,117,19224,479,0,37938,0.0009990000000001942
48631000,4675,10849,131082,8971,9124,119275,98,19232,401,0,37939,0.0010000000000047748
48632000,-10,2343,130295,-11691,-3500,129370,107,19232,401,0,37940,0.0009999999999976694
48633003,-8596,11188,132522,-22839,7063,125193,140,19227,438,1,37941,0.0010029999999972006
48634002,-8856,-2744,129318,-8181,-6448,138046,140,19226,573,1,37942,0.0009990000000001942
48635000,-10335,9365,129412,-4480,11724,121769,116,19233,475,1,37943,0.000998000000002719
48636000,-3212,20760,130110,-5362,16831,122971,98,19227,401,1,37944,0.0009999999999976694
48637000,-3074,-15475,122417,-15342,-18939,131135,167,19233,684,0,37945,0.0010000000000047748
48638000,-3724,-1208,130626,-6014,-3985,132222,103,19233,684,0,37946,0.0009999999999976694
48639000,-947,6836,125922,-66,4532,123366,107,19229,422,0,37947,0.0009999999999976694
48640000,-6122,15820,129568,-12337,13516,120177,107,19222,438,1,37948,0.0010000000000047748
48641000,-9787,1086,125847,-15924,-2757,132073,121,19228,496,1,37949,0.0009999999999976694
48642000,-5889,2378,126567,-5753,-1431,127530,106,19232,434,1,37950,0.0009999999999976694
48643000,3687,3790,126231,6905,1255,123102,115,19220,471,0,37951,0.0010000000000047748
48644000,-2181,-4866,126644,-1329,-6658,124596,102,19220,471,0,37952,0.0009999999999976694
48645000,1983,-2341,125173,-9758,-6137,126521,110,19228,418,0,37953,0.0009999999999976694
48646000,-1022,6642,127788,1756,4119,128761,110,19227,451,0,37954,0.0010000000000047748
48647000,-383,16045,125980,-824,13073,118188,132,19220,541,1,37955,0.0009999999999976694
48648000,-2075,12918,124240,-5122,10884,119282,115,19231,471,1,37956,0.0009999999999976694
48649000,4316,5166,125749,-1944,861,131236,93,19233,381,1,37957,0.0010000000000047748
48650000,12651,-3177,124298,12983,-7617,128271,122,19233,381,0,37958,0.0009999999999976694
48651000,8229,3592,126111,3981,-399,122196,109,19232,500,0,37959,0.0009999999999976694
48652000,6107,-1451,124878,5527,-5926,126525,109,19227,446,0,37960,0.0010000000000047748
48653000,1682,5349,126373,2917,1785,126277,112,19224,459,1,37961,0.0009999999999976694
48654000,2101,3614,127913,-3323,1494,129076,131,19229,537,1,37962,0.0009999999999976694
48655000,3721,8866,126575,12975,3626,123558,105,19232,430,1,37963,0.0010000000000047748
48656000,9363,5596,126294,5519,5322,119239,102,19232,418,0,37964,0.0009999999999976694
48657000,9218,-7374,125915,2578,-9234,127393,95,19220,418,0,37965,0.0009999999999976694
48658000,10376,-11794,127732,16955,-11043,138326,108,19228,389,0,37966,0.0010000000000047748
48659000,3738,-2929,129098,-3529,-8185,128557,108,19231,442,0,37967,0.0009999999999976694
48660000,3200,22476,133259,-7180,19473,118956,124,19222,508,1,37968,0.0009999999999976694
48661000,1587,9536,129429,9675,6497,124407,114,19229,467,1,37969,0.0009999999999976694
48662000,3069,-7325,126826,-866,-10423,135472,99,19229,405,1,37970,0.0010000000000047748
48663000,7204,-7757,127721,-755,-10203,129243,143,19233,405,0,37971,0.0009999999999976694
48664000,9758,2398,130133,13403,-2434,125501,99,19229,586,0,37972,0.0009999999999976694
48665000,4540,-3774,128971,7987,-4812,127108,99,19232,405,0,37973,0.0010000000000047748
48666000,1527,-805,132016,-21222,-4498,129534,102,19224,418,1,37974,0.0009999999999976694
48667000,-70,4695,131422,-82,306,127139,144,19226,590,1,37975,0.0009999999999976694
48668000,-8039,12443,130720,5894,7326,123876,108,19226,442,1,37976,0.0010000000000047748
48669000,-2400,-947,131195,-23411,-5639,132577,104,19232,442,1,37977,0.0009999999999976694
48670000,-910,-4950,127911,-1488,-12875,131638,113,19222,426,0,37978,0.0009999999999976694
48671000,318,59,130555,8831,-7397,130923,113,19231,463,0,37979,0.0010000000000047748
48672000,-7146,11566,132131,-20059,6776,121040,111,19228,455,0,37980,0.0009999999999976694
48673000,-5030,1438,130539,-14539,-954,137696,125,19222,512,1,37981,0.0009999999999976694
48674000,-9341,1194,129439,-3751,1189,130760,117,19229,479,1,37982,0.0010000000000047748
48675000,-9146,10970,130691,-13731,9173,120679,105,19229,479,1,37983,0.0009999999999976694
48676000,-4312,3488,128281,-9484,-1118,129124,129,19231,430,0,37984,0.0009999999999976694
48677000,-4399,-6668,126393,-7533,-11578,127227,129,19222,528,0,37985,0.0010000000000047748
48678000,1265,-2109,128292,-3930,-3844,132510,99,19230,405,0,37986,0.0009999999999976694
48679000,-3090,9672,127962,-11575,7820,117974,101,19228,414,0,37987,0.0009999999999976694
48680000,-2556,18079,130412,-10230,13426,125705,148,19230,606,1,37988,0.0010000000000047748
48681000,-7173,-1558,128183,-675,-3643,132017,116,19230,606,1,37989,0.0009999999999976694
48682000,-7543,4203,124628,-16979,1913,121503,103,19227,475,1,37990,0.0009999999999976694
48683000,-414,9870,126899,-3028,7174,129945,103,19225,422,0,37991,0.0010000000000047748
48684000,-3108,2264,122081,5682,-1338,114483,97,19232,397,0,37992,0.0009999999999976694
48685001,4998,-8235,125471,-1550,-13050,137389,106,19230,434,0,37993,0.00100100000000225
48686000,-5956,3220,125327,-4750,911,119651,116,19220,475,1,37994,0.0009990000000001942
48687000,421,15698,127710,-6230,12998,122351,126,19220,475,1,37995,0.0009999999999976694
48688000,-1359,7155,124720,718,4004,127784,101,19232,516,1,37996,0.0009999999999976694
48689000,5875,7886,124825,1999,4345,117009,101,19232,414,0,37997,0.0010000000000047748
48690001,8902,-6182,122896,5788,-10181,130712,119,19228,487,0,37998,0.0010009999999951447
48691000,8596,629,126625,4821,-1517,119490,110,19229,451,0,37999,0.0009990000000001942
48692000,9903,-1253,126104,2938,-5781,129579,112,19227,459,0,38000,0.0010000000000047748
48693000,3086,6975,128405,5652,3869,122791,148,19227,459,1,38001,0.0009999999999976694
48694001,2086,4794,127496,-1628,1554,127658,114,19231,606,1,38002,0.00100100000000225
48695000,3021,-2275,127441,-1584,-6897,137484,114,19226,467,1,38003,0.0009990000000001942
48696001,9139,5120,123060,13804,64,116403,99,19227,405,0,38004,0.0010009999999951447
48697000,9877,2147,128236,6436,110,125411,130,19228,532,0,38005,0.0009990000000001942
48698002,6543,-11587,125613,6355,-15352,131339,103,19231,422,0,38006,0.0010019999999997253
48699000,6896,-4862,129259,1951,-10219,132677,108,19231,442,1,38007,0.000998000000002719
48700000,1706,14156,131928,2155,9890,127423,109,19226,442,1,38008,0.0009999999999976694
48701000,554,15657,130534,-4188,14542,118385,104,19228,446,1,38009,0.0010000000000047748
48702000,4185,-5846,128331,1150,-6913,132885,104,19228,426,1,38010,0.0009999999999976694
48703000,7170,-14152,127123,1142,-19595,132753,117,19216,479,0,38011,0.0009999999999976694
48704000,11507,-3902,128439,11040,-11920,123582,92,19229,377,0,38012,0.0010000000000047748
48705000,3607,3270,130843,9507,1874,130653,104,19229,426,0,38013,0.0009999999999976694
48706000,654,1392,130912,-22270,-4665,126602,134,19229,426,1,38014,0.0009999999999976694
48707000,-3470,3573,135802,-7346,5983,132363,112,19224,549,1,38015,0.0010000000000047748
48708000,-6547,-757,129151,5734,-3750,130598,112,19232,459,1,38016,0.0009999999999976694
48709000,-4069,-7647,128288,-12621,-7228,128776,97,19227,397,0,38017,0.0009999999999976694
48710000,514,-977,131318,-12257,-4350,129921,151,19232,618,0,38018,0.0010000000000047748
48711000,5500,2108,130761,5628,-1356,128164,105,19232,430,0,38019,0.0009999999999976694
48712000,-1389,5186,131715,-5684,571,129561,112,19231,430,0,38020,0.0009999999999976694
48713001,-8485,3161,130899,-21907,8210,123572,137,19221,459,1,38021,0.00100100000000225
48714000,-8754,7568,130302,-8553,2468,135701,137,19228,561,1,38022,0.0009990000000001942
48715000,-8763,14432,128956,-535,7386,121250,108,19232,442,1,38023,0.0009999999999976694
48716000,-2512,-2302,127669,-11777,-2535,130194,113,19216,463,0,38024,0.0010000000000047748
48717001,-4992,-3350,125430,-13349,-9923,124893,119,19232,487,0,38025,0.0010009999999951447
48718000,-3633,6356,127199,-4045,-2052,127859,103,19232,487,0,38026,0.0009990000000001942
48719000,1022,5158,126851,-1186,1057,120762,127,19230,422,1,38027,0.0010000000000047748
48720000,-8674,8372,127028,-10846,4193,123376,127,19226,520,1,38028,0.0009999999999976694
48721000,-6407,6086,129227,-12359,-837,130189,119,19224,487,1,38029,0.0009999999999976694
48722000,-1707,5496,127446,-4996,606,119900,106,19231,434,1,38030,0.0010000000000047748
48723000,3651,-3106,124871,-1004,-5032,133478,143,19235,586,0,38031,0.0009999999999976694
48724002,874,789,122478,-6534,127,119360,104,19235,586,0,38032,0.0010019999999997253
48725000,185,9750,125432,1137,6735,125867,111,19227,426,0,38033,0.0009979999999956135
48726000,-1631,4730,124805,-2693,3674,127434,111,19225,455,1,38034,0.0010000000000047748
48727000,-4298,16914,127769,-8327,14695,117086,155,19229,635,1,38035,0.0009999999999976694
48728000,295,3612,124420,10330,-956,132962,110,19231,451,1,38036,0.0009999999999976694
48729001,2879,1094,122310,2588,-2484,118424,102,19221,418,0,38037,0.00100100000000225
48730002,10333,9804,124583,10114,4774,125327,84,19221,418,0,38038,0.00100100000000225
48731000,12551,-2820,125413,13848,-7539,118535,116,19228,344,0,38039,0.0009979999999956135
48732000,7474,-3289,128312,-6838,-8323,133087,116,19227,475,0,38040,0.0010000000000047748
48733000,4863,7555,130368,4215,6335,123533,128,19220,524,1,38041,0.0009999999999976694
48734000,4595,16163,128201,7106,12175,118522,113,19228,463,1,38042,0.0009999999999976694
48735000,9352,-2836,124728,3478,-5845,131538,96,19232,393,1,38043,0.0010000000000047748
48736001,8771,8820,126252,4011,5939,117560,131,19232,393,0,38044,0.0010009999999951447
48737000,12884,-12887,124444,12899,-17120,138275,101,19229,537,0,38045,0.0009990000000001942
48738000,4989,-6791,128764,14443,-9858,123536,101,19229,414,0,38046,0.0010000000000047748
48739000,4311,-1227,130023,-6908,-4525,127441,105,19225,430,1,38047,0.0009999999999976694
48740000,1664,12774,130440,-2134,8398,124376,135,19226,553,1,38048,0.0009999999999976694
48741000,2083,7327,130194,7361,5137,128221,111,19232,455,1,38049,0.0010000000000047748
48742000,4789,4135,125852,7750,-153,126373,102,19232,455,1,38050,0.0009999999999976694
48743000,9268,-10987,127469,-3801,-15416,127551,128,19224,418,0,38051,0.0009999999999976694
48744000,12555,-13819,130645,17721,-18702,140357,128,19231,524,0,38052,0.0010000000000047748
48745000,2762,7687,130956,-993,690,124993,107,19232,438,0,38053,0.0009999999999976694
48746000,2451,15754,133192,-23117,12213,123549,117,19220,479,1,38054,0.0009999999999976694
48747004,-7717,2640,131565,10594,2949,128906,116,19228,475,1,38055,0.0010040000000017812
48748000,-6437,-7243,128951,-4497,-9726,134428,97,19228,397,1,38056,0.000996000000000663
48749002,-1036,-15093,128407,-16058,-19994,137604,123,19238,397,0,38057,0.0010019999999997253
48750000,-63,10161,133835,1461,4113,123418,102,19226,504,0,38058,0.000998000000002719
48751000,3754,2748,129239,1652,2841,127111,102,19231,418,0,38059,0.0009999999999976694
48752003,-3987,-1953,132295,-15998,-4582,133068,113,19228,463,0,38060,0.0010029999999972006
48753000,-8379,-3563,130596,-13357,-3827,131066,150,19231,614,1,38061,0.0009970000000052437
48754000,-9004,18387,129317,-6989,12748,125197,110,19231,451,1,38062,0.0009999999999976694
48755000,-8401,17146,130301,-11702,16724,115865,98,19229,451,1,38063,0.0009999999999976694
48756000,-1841,-13929,125067,-11387,-14902,139297,170,19226,401,0,38064,0.0010000000000047748
48757000,-3278,2781,127157,-2285,-6695,129847,170,19231,696,0,38065,0.0009999999999976694
48758000,-4956,642,126094,-6674,-2803,124800,115,19229,471,0,38066,0.0009999999999976694
48759003,-3535,17906,130449,-14431,12003,119735,117,19219,479,1,38067,0.001003000000004306
48760000,-7968,7524,126866,-4597,8604,124286,120,19224,491,1,38068,0.0009969999999981383
48761000,-5880,-1424,125233,-10478,-5626,135898,108,19224,491,1,38069,0.0009999999999976694
48762000,-3268,11872,127433,-7025,2646,117276,119,19230,442,0,38070,0.0010000000000047748
48763000,-1694,543,124922,2031,-1174,129433,119,19224,487,0,38071,0.0009999999999976694
48764003,2534,-313,124585,-3247,-5033,124577,107,19228,438,0,38072,0.0010029999999972006
48765002,-872,-2767,126973,-7287,-5050,134741,114,19226,467,0,38073,0.0009990000000001942
48766000,-1605,23387,125901,-4547,17330,115166,136,19223,557,1,38074,0.000998000000002719
48767000,-2824,9210,125297,-1726,2772,129001,112,19223,557,1,38075,0.0009999999999976694
48768000,417,992,126038,-1678,-256,127433,96,19229,459,1,38076,0.0010000000000047748
48769002,4334,2120,123027,65,-1336,118966,96,19228,393,0,38077,0.0010019999999997253
48770002,5623,3986,126125,3605,-2467,125474,118,19232,483,0,38078,0.0009999999999976694
48771000,7466,-8919,124039,4773,-16046,128580,109,19228,446,0,38079,0.000998000000002719
48772000,3426,-9678,125400,4478,-8441,135403,112,19224,459,1,38080,0.0009999999999976694
48773000,2322,20279,129657,-7506,18531,114505,118,19224,459,1,38081,0.0009999999999976694
48774000,3211,16708,127897,5740,10433,122583,104,19226,483,1,38082,0.0010000000000047748
48775000,7932,5654,127000,14797,-1086,126054,104,19229,426,1,38083,0.0009999999999976694
48776000,9087,-5969,125677,-8130,-9530,126172,110,19220,451,0,38084,0.0009999999999976694
48777000,8251,-10495,129182,12542,-3550,133667,86,19230,352,0,38085,0.0010000000000047748
48778000,7141,-2055,128368,12401,-6482,125890,103,19228,422,0,38086,0.0009999999999976694
48779001,4002,654,131083,-10357,-3422,136455,125,19228,422,1,38087,0.00100100000000225
48780000,-3335,15325,131460,1216,10441,123918,112,19224,512,1,38088,0.0009990000000001942
48781000,-305,6687,127663,3262,1010,128162,112,19232,459,1,38089,0.0009999999999976694
48782000,4036,7177,129626,390,2258,124588,99,19226,405,0,38090,0.0009999999999976694
48783000,9406,-2088,126556,6294,-11816,128681,148,19230,606,0,38091,0.0010000000000047748
48784000,9937,-11088,129142,8705,-11836,134840,105,19232,430,0,38092,0.0009999999999976694
48785000,1957,-2630,133144,-10167,315,122293,104,19232,430,0,38093,0.0009999999999976694
48786000,1065,6867,133590,-8590,-2530,134168,137,19224,426,1,38094,0.0009999999999976694
48787000,-8092,3807,131262,3668,3957,125512,137,19226,561,1,38095,0.0010000000000047748
48788000,-6001,5318,128661,-18991,-5993,131448,108,19231,442,1,38096,0.0009999999999976694
48789000,3196,-4813,128747,-14261,-4488,129007,104,19220,426,0,38097,0.0009999999999976694
48790000,-484,4320,127947,13597,-5932,123589,101,19232,414,0,38098,0.0010000000000047748
48791000,1846,-18,131111,-3368,-8189,131019,113,19232,463,0,38099,0.0009999999999976694
48792000,-9126,-1852,130328,-21972,-2395,129611,131,19227,463,1,38100,0.0009999999999976694
48793000,-8184,4555,131841,-9915,4928,132025,116,19223,537,1,38101,0.0010000000000047748
48794000,-8124,12805,129190,-4748,5733,123608,116,19229,475,1,38102,0.0009999999999976694
48795001,-2983,9024,129648,-11661,7084,126418,99,19226,405,1,38103,0.00100100000000225
48796000,-4046,22,125299,-9256,-5889,126953,135,19224,553,0,38104,0.0009990000000001942
48797000,639,-2246,127352,-1899,-5954,125749,101,19224,414,0,38105,0.0009999999999976694
48798000,211,1662,125977,-3099,-3668,129235,107,19229,414,0,38106,0.0009999999999976694
48799000,-6179,1161,127476,-10751,2161,121046,142,19227,438,1,38107,0.0010000000000047748
48800000,-6595,14998,128309,-16362,5287,125315,142,19228,582,1,38108,0.0009999999999976694
48801000,-6951,10633,126279,-4459,-2068,135806,112,19231,459,1,38109,0.0009999999999976694
48802000,-369,2948,124300,-1236,2401,114304,102,19224,418,0,38110,0.0010000000000047748
48803000,1554,17633,125976,-7763,1139,123654,100,19224,410,0,38111,0.0009999999999976694
48804000,5152,-1836,124402,4053,-5446,126935,115,19229,410,0,38112,0.0009999999999976694
48805000,5848,-5144,124971,-6359,-8101,133436,123,19231,471,0,38113,0.0010000000000047748
48806007,-3455,16272,129335,-362,7282,112277,123,19219,504,1,38114,0.0010070000000013124
48807000,-2226,18819,126577,-4207,17715,113592,111,19230,455,1,38115,0.0009929999999940264
48808000,4101,3523,123598,1353,-597,129146,98,19229,401,1,38116,0.0010000000000047748
48809000,8234,-1362,123435,8148,-4445,122274,124,19231,508,0,38117,0.0009999999999976694
48810000,10215,-30,123279,4348,-4648,123392,103,19231,508,0,38118,0.0009999999999976694
48811000,5504,2338,126848,14242,-4605,126316,110,19225,422,0,38119,0.0010000000000047748
48812000,5486,-910,123781,724,-14465,138408,110,19228,451,1,38120,0.0009999999999976694
48813000,2785,1512,128889,-3373,11106,113192,148,19228,606,1,38121,0.0009999999999976694
48814000,4685,18197,126426,6287,1635,124654,110,19231,451,1,38122,0.0010000000000047748
48815003,7937,-897,127389,13584,-3693,125450,98,19224,401,1,38123,0.0010029999999972006
48816000,11984,8,127611,793,-10087,127579,120,19224,401,0,38124,0.0009969999999981383
48817001,13839,-14510,126661,20597,-12034,137296,104,19231,491,0,38125,0.00100100000000225
48818000,6127,-2687,130126,-1840,9463,112596,104,19230,426,0,38126,0.0009990000000001942
48819000,6563,9645,131091,-8792,83,135383,112,19224,459,1,38127,0.0009999999999976694
48820000,-2213,2706,128795,6570,8367,129946,107,19228,438,1,38128,0.0010000000000047748
48821000,756,6557,126829,2893,-2100,127428,106,19227,434,1,38129,0.0009999999999976694
48822003,4061,1627,128853,-723,-4296,126273,122,19227,434,0,38130,0.0010029999999972006
48823002,8198,-7905,127862,13790,-8674,127656,97,19221,500,0,38131,0.0009990000000001942
48824000,9232,-11729,130123,11335,-4357,140713,97,19231,397,0,38132,0.000998000000002719
48825000,1975,-8924,130251,-15531,3921,117705,104,19229,426,0,38133,0.0009999999999976694
48826000,-4549,13233,135090,-6567,13449,127187,139,19226,569,1,38134,0.0010000000000047748
48827000,-5854,3985,130346,5123,-1472,132707,112,19234,459,1,38135,0.0009999999999976694
48828000,-7462,-5195,128934,-13496,-13735,132633,96,19234,459,1,38136,0.0009999999999976694
48829000,860,-9863,129220,-7181,-8080,132947,138,19225,393,0,38137,0.0010000000000047748
48830000,-4037,7790,128215,8601,2171,115099,138,19232,565,0,38138,0.0009999999999976694
48831000,3171,7751,132329,-11975,-329,133043,106,19228,434,0,38139,0.0009999999999976694
48832000,-7722,5071,130976,-18279,-6219,130029,115,19222,471,1,38140,0.0010000000000047748
48833000,-8685,5006,131289,-9974,43,130617,129,19236,528,1,38141,0.0009999999999976694
48834002,-7772,5445,131250,-9118,7367,124939,109,19236,446,1,38142,0.0010019999999997253
48835000,-4442,10243,129389,-8486,780,126517,116,19231,446,1,38143,0.000998000000002719
48836000,-26,224,125559,-3672,-467,127657,116,19216,475,0,38144,0.0009999999999976694
48837000,-4970,-5660,124925,-9385,-4205,126550,106,19230,434,0,38145,0.0009999999999976694
48838000,300,1445,128768,-12747,5664,124375,103,19230,422,0,38146,0.0010000000000047748
48839000,-5228,11091,127649,-1614,5060,124081,132,19224,541,1,38147,0.0009999999999976694
48840000,-9813,8486,127162,-11762,3390,130052,121,19224,496,1,38148,0.0009999999999976694
48841001,-5738,1540,126805,-11383,2667,127911,101,19225,496,1,38149,0.00100100000000225
48842001,-2909,3672,125245,435,-1619,123545,133,19224,414,0,38150,0.0009999999999976694
48843001,2322,905,125905,245,-2809,127593,133,19227,545,0,38151,0.0010000000000047748
48844001,-2483,-1441,124352,-5895,-3603,124764,111,19230,455,0,38152,0.0009999999999976694
48845002,684,5534,125415,-4390,-372,128081,113,19224,463,0,38153,0.00100100000000225
48846002,-2891,9675,127157,-6062,11276,120289,153,19224,627,1,38154,0.0009999999999976694
48847000,-1709,14962,128478,-6813,4603,124655,107,19228,627,1,38155,0.000998000000002719
48848002,5208,20090,124011,18008,10768,121044,105,19234,438,1,38156,0.0010019999999997253
48849000,4767,-4120,122475,-5829,-6465,124151,105,19224,430,0,38157,0.0009979999999956135
48850000,13700,-529,124042,2144,-4688,125880,89,19224,365,0,38158,0.0009999999999976694
48851000,7588,3335,127003,20790,492,121738,111,19227,455,0,38159,0.0010000000000047748
48852000,5331,-3316,127088,-4528,-6124,131455,126,19224,516,1,38160,0.0009999999999976694
48853000,-1729,3381,130316,-8073,1518,123982,113,19224,516,1,38161,0.0009999999999976694
48854000,3483,9583,124412,11310,3206,128116,98,19231,463,1,38162,0.0010000000000047748
48855000,9439,2404,125243,11413,3345,116293,98,19228,401,0,38163,0.0009999999999976694
48856000,6837,13606,125039,-4872,1883,130273,137,19224,561,0,38164,0.0009999999999976694
48857000,12595,-12047,125590,9237,-19737,131640,99,19228,405,0,38165,0.0010000000000047748
48858000,4742,-2839,130311,12968,412,128572,104,19224,426,0,38166,0.0009999999999976694
48859000,3620,1223,131516,-11469,-4741,129672,129,19224,426,1,38167,0.0009999999999976694
48860000,265,25903,132184,1828,14307,119573,110,19225,528,1,38168,0.0010000000000047748
48861000,-2065,6186,126807,5857,-24791,144726,110,19230,451,1,38169,0.0009999999999976694
48862000,7667,-17359,126233,-5531,-3809,119940,108,19220,442,0,38170,0.0009999999999976694
48863000,6932,2715,131876,7686,-5796,130122,123,19231,504,0,38171,0.0010000000000047748
48864000,7838,-4155,127480,17126,-11449,131039,104,19231,426,0,38172,0.0009999999999976694
48865000,2215,5234,135119,-24899,612,123946,116,19231,426,1,38173,0.0009999999999976694
48866000,158,5363,131176,8627,-3983,140458,109,19220,475,1,38174,0.0010000000000047748
48867000,-8783,4802,129115,-2806,7596,116172,109,19230,446,1,38175,0.0009999999999976694
48868000,-4917,6154,128654,-26327,-6982,133249,98,19231,401,1,38176,0.0009999999999976694
48869001,2237,-13574,129168,4278,-10523,132649,129,19228,528,0,38177,0.00100100000000225
48870001,4404,-69,130461,5515,-3247,123928,104,19226,426,0,38178,0.0009999999999976694
48871000,-4001,-3997,132998,-17142,12397,131813,111,19226,426,0,38179,0.0009990000000001942
48872000,-7051,11435,129283,-12895,-179,123579,145,19226,455,1,38180,0.0010000000000047748
48873001,-9867,-1138,131258,-5992,-8033,144705,145,19227,594,1,38181,0.0010009999999951447
48874002,-11186,2995,129430,-13430,14745,118060,115,19232,471,1,38182,0.00100100000000225
48875002,-4754,15489,128066,-8219,586,125154,100,19222,410,0,38183,0.0009999999999976694
48876000,-4511,-2943,125964,-7825,-6204,130039,146,19232,598,0,38184,0.000998000000002719
48877000,1187,-1654,127101,-6450,-2691,123686,104,19232,598,0,38185,0.0009999999999976694
48878000,1233,-1934,127807,-1425,-5269,135013,115,19232,426,0,38186,0.0010000000000047748
48879003,-4072,9309,129360,-9538,15042,112158,115,19220,471,1,38187,0.0010029999999972006
48880000,-8831,17461,130246,-18879,10895,129689,110,19229,451,1,38188,0.0009969999999981383
48881000,-3189,2913,126664,-1787,2625,125691,104,19229,426,1,38189,0.0010000000000047748
48882019,2746,-6447,124909,3875,-8797,129540,123,19227,504,0,38190,0.001018999999999437
48883005,-1159,12602,124714,-11393,8777,125112,100,19227,410,0,38191,0.0009859999999974889
48884001,2164,5688,124168,-993,1900,119223,110,19228,410,0,38192,0.000996000000000663
48885001,524,5330,128039,8258,130,136190,145,19227,451,1,38193,0.0009999999999976694
48886000,-3007,9727,122676,-10030,7303,118950,145,19224,594,1,38194,0.0009990000000001942
48887000,-3274,10377,125994,-3579,7632,124700,110,19231,451,1,38195,0.0010000000000047748
48888000,3370,9193,124950,8756,6728,122357,96,19228,393,0,38196,0.0009999999999976694
48889000,12016,-9,122910,3366,-7421,125468,105,19228,430,0,38197,0.0009999999999976694
48890000,11141,-4019,127045,9281,-7299,128328,115,19232,430,0,38198,0.0010000000000047748
48891000,7693,-1793,124820,2909,-5694,121398,119,19224,471,0,38199,0.0009999999999976694
48892000,3840,1164,129210,3891,5793,128473,119,19223,487,1,38200,0.0009999999999976694
48893000,2631,5899,126871,4437,8482,123614,115,19228,471,1,38201,0.0010000000000047748
48894000,6798,6831,126843,-467,-3085,126094,101,19230,414,1,38202,0.0009999999999976694
48895001,8184,12671,126725,2949,5784,120337,113,19224,463,0,38203,0.00100100000000225
48896000,13593,-2269,124766,10043,-11957,124845,93,19224,463,0,38204,0.0009990000000001942
48897000,10257,-13059,127078,17807,-19103,136398,107,19232,381,0,38205,0.0009999999999976694
48898001,4475,-3545,131303,-7153,-3124,129839,107,19225,438,1,38206,0.00100100000000225
48899000,4563,12461,130162,-4544,9536,126788,133,19220,545,1,38207,0.0009990000000001942
48900000,-1361,13377,132160,10376,9851,122090,112,19230,459,1,38208,0.0009999999999976694
48901000,4509,6750,127220,-5465,543,130679,98,19226,401,1,38209,0.0009999999999976694
48902001,7593,-16395,125805,4108,-21347,130581,155,19226,401,0,38210,0.00100100000000225
48903000,10542,-7592,131570,22082,-5120,127652,109,19230,635,0,38211,0.0009990000000001942
48904000,5891,3703,128054,-4143,-5404,126992,109,19228,446,0,38212,0.0009999999999976694
48905000,-2459,4233,134310,-15113,6228,129053,111,19222,455,1,38213,0.0010000000000047748
48906000,-852,4965,131597,-3666,-4376,137665,134,19227,549,1,38214,0.0009999999999976694
48907000,-10385,-2220,129913,-1046,196,119856,101,19234,414,1,38215,0.0009999999999976694
48908000,1452,4741,132555,-19063,-4382,128191,104,19234,414,0,38216,0.0010000000000047748
48909000,1284,-5038,128413,-1733,-13375,135818,89,19228,426,0,38217,0.0009999999999976694
48910000,6067,-3524,130405,9025,987,124364,89,19230,365,0,38218,0.0009999999999976694
48911000,-6360,9952,130977,-15714,-207,133832,113,19227,463,0,38219,0.0009999999999976694
48912000,-7938,5131,130653,-8405,5882,124154,134,19217,549,1,38220,0.0010000000000047748
48913002,-7919,13052,129589,-6383,3117,132158,114,19229,467,1,38221,0.0010019999999997253
48914000,-9357,-340,128194,-13908,-917,129547,99,19229,467,1,38222,0.0009979999999956135
48915000,-1615,6817,128514,-8404,-4781,124846,144,19228,405,0,38223,0.0010000000000047748
48916001,-4217,-3576,126146,-3575,-9070,132772,144,19226,590,0,38224,0.0010009999999951447
48917000,-505,150,127691,-7436,4293,119356,111,19229,455,0,38225,0.0009990000000001942
48918000,-4471,2188,127943,-10930,8122,132099,111,19225,455,1,38226,0.0010000000000047748
48919000,-7510,3558,125506,-8468,-850,118856,138,19227,565,1,38227,0.0009999999999976694
48920000,-5784,14459,129551,-7242,5368,119819,110,19227,565,1,38228,0.0009999999999976694
48921000,-4756,6272,126528,-7383,3675,127784,109,19231,451,1,38229,0.0010000000000047748
48922000,1913,3545,122985,2825,-6536,122218,109,19218,446,0,38230,0.0009999999999976694
48923000,108,-4994,125117,-7886,-5475,130632,94,19230,385,0,38231,0.0009999999999976694
48924000,-59,2681,125358,-10182,6640,118959,109,19227,446,0,38232,0.0010000000000047748
48925000,854,8904,128007,7660,5709,127800,122,19216,500,1,38233,0.0009999999999976694
48926002,-4518,4917,125936,-5006,2065,128241,109,19216,446,1,38234,0.0010019999999997253
48927000,-3046,5974,126177,-6916,8734,120327,97,19230,446,1,38235,0.000998000000002719
48928000,4952,9589,123366,11047,4202,123039,129,19229,397,0,38236,0.0009999999999976694
48929001,8302,6066,121449,7505,-7353,117688,129,19233,528,0,38237,0.00100100000000225
48930000,5781,-3956,125823,6993,-7859,140873,109,19225,446,0,38238,0.0009990000000001942
48931000,4950,-11903,123532,-1612,-4609,117962,114,19228,467,0,38239,0.0009999999999976694
48932000,3918,8648,132106,3825,9705,121782,141,19228,577,1,38240,0.0009999999999976694
48933000,266,13346,127168,1968,6725,126062,113,19233,577,1,38241,0.0010000000000047748
48934002,7147,2997,124167,2198,-2576,127078,102,19230,463,1,38242,0.0010019999999997253
48935000,9206,-4868,127313,6855,-3978,127634,102,19226,418,0,38243,0.0009979999999956135
48936000,7242,4479,126578,7405,-4693,122691,125,19229,512,0,38244,0.0010000000000047748
48937000,8455,-7614,126470,11085,-19716,135027,113,19230,463,0,38245,0.0009999999999976694
48938000,1152,-1723,128854,-7865,-5217,124631,117,19230,479,1,38246,0.0009999999999976694
48939000,2726,16290,129466,-4221,9302,128757,108,19220,479,1,38247,0.0010000000000047748
48940000,-2430,11197,129672,6913,7061,123182,103,19231,442,1,38248,0.0009999999999976694
48941002,4686,-14741,128915,-5765,-11992,128157,103,19230,422,1,38249,0.0010019999999997253
48942001,9628,-1828,128438,8197,-13179,133601,125,19225,512,0,38250,0.0009990000000001942
48943000,9711,-7712,128971,17436,-1275,122996,109,19228,446,0,38251,0.0009990000000001942
48944000,5522,-2309,131144,-6400,-6135,135214,107,19225,438,0,38252,0.0009999999999976694
48945000,171,5317,134455,-17141,6221,121540,144,19225,438,1,38253,0.0010000000000047748
48946000,-6255,9990,131163,3228,944,133253,111,19225,590,1,38254,0.0009999999999976694
48947000,-5316,-2009,127868,-2621,-8576,126583,111,19230,455,1,38255,0.0009999999999976694
48948000,-3773,-1678,129263,-16570,-6650,129601,98,19226,401,0,38256,0.0010000000000047748
48949000,2907,-5101,127792,-2541,-6719,128653,128,19232,524,0,38257,0.0009999999999976694
48950000,1246,7979,131291,5528,-1240,131658,105,19230,430,0,38258,0.0009999999999976694
48951000,-4154,704,130123,-17119,-10133,131409,114,19230,430,0,38259,0.0010000000000047748
48952000,-11195,2161,131538,-17491,3693,128639,119,19220,467,1,38260,0.0009999999999976694
48953002,-8845,6860,130591,-7910,1311,125968,119,19229,487,1,38261,0.0010019999999997253
48954002,-4022,23045,129757,132,-2814,123710,103,19230,422,1,38262,0.0009999999999976694
48955001,-1953,-1978,124380,-12637,-18568,137858,116,19216,475,0,38263,0.0009990000000001942
48956000,1301,-12983,126300,-7505,3827,121780,90,19231,369,0,38264,0.0009990000000001942
48957000,-1695,13555,129021,2019,7357,121900,101,19231,369,0,38265,0.0010000000000047748
48958000,-1717,9599,128167,-9866,4363,127564,132,19228,414,1,38266,0.0009999999999976694
48959000,-7866,7896,126771,-13101,-4915,130323,132,19228,541,1,38267,0.0009999999999976694
48960000,-5779,-1157,127589,-4963,-685,125890,115,19229,471,1,38268,0.0010000000000047748
48961000,43,15417,127434,6923,9190,119747,102,19222,418,0,38269,0.0009999999999976694
48962000,1523,2284,121028,-6385,-10515,126188,122,19230,500,0,38270,0.0009999999999976694
48963000,4743,-8172,125434,-6908,-5556,127547,105,19230,500,0,38271,0.0010000000000047748
48964000,991,3867,127729,1819,2394,124081,112,19230,430,0,38272,0.0009999999999976694
48965000,989,532,126970,3033,29543,118247,112,19225,459,1,38273,0.0009999999999976694
48966000,-3864,20279,126912,-13436,2133,126636,133,19231,545,1,38274,0.0010000000000047748
48967000,1314,-865,124369,-98,-5697,131008,104,19228,426,1,38275,0.0009999999999976694
48968000,8379,2313,122927,18480,-1047,122761,109,19225,446,0,38276,0.0009999999999976694
48969000,6764,4449,124787,3154,-2734,121108,92,19225,446,0,38277,0.0010000000000047748
48970000,9352,1528,125467,2650,-1932,125684,111,19225,377,0,38278,0.0009999999999976694
48971000,2335,-3852,125297,5879,-11039,135001,111,19227,455,1,38279,0.0009999999999976694
48972002,6209,3552,129827,3106,5699,120759,133,19227,545,1,38280,0.0010019999999997253
48973000,2618,20550,128168,7851,4445,118669,115,19231,471,1,38281,0.000998000000002719
48974000,6919,2030,124936,633,396,127196,98,19227,401,1,38282,0.0009999999999976694
48975002,13876,-3384,126450,7067,-3123,124736,144,19227,590,0,38283,0.0010019999999997253
48976000,10162,-2955,127128,13626,-9350,131790,109,19231,590,0,38284,0.000998000000002719
48977000,8284,-12801,127562,1271,3838,123186,106,19231,446,0,38285,0.0009999999999976694
48978000,1629,8433,131050,-3294,-1860,128724,106,19228,434,1,38286,0.0009999999999976694
48979000,2349,1761,130059,6182,1042,132420,128,19229,524,1,38287,0.0010000000000047748
48980000,940,6668,126771,178,1141,126451,112,19225,459,1,38288,0.0009999999999976694
48981000,2851,897,128971,118,-6472,128872,108,19225,442,0,38289,0.0009999999999976694
48982000,12384,-174,128130,8564,-7757,122742,113,19221,442,0,38290,0.0010000000000047748
48983001,5845,-3537,129605,5567,-8957,136945,100,19230,463,0,38291,0.0010009999999951447
48984000,3690,-10403,131990,-9765,-2551,128569,100,19230,410,0,38292,0.0009990000000001942
48985000,2486,11031,133382,-8206,10059,123980,118,19225,483,1,38293,0.0010000000000047748
48986000,-6520,10986,131623,2583,5527,127575,114,19236,467,1,38294,0.0009999999999976694
48987000,-3265,839,129779,-10071,-7371,131473,98,19230,401,1,38295,0.0009999999999976694
48988000,169,-17195,129245,-12050,-16870,139179,134,19230,401,0,38296,0.0010000000000047748
48989000,-1354,5828,129625,-603,11119,114988,105,19227,549,0,38297,0.0009999999999976694
48990000,1789,9743,131044,-4084,4247,124976,105,19228,430,0,38298,0.0009999999999976694
48991000,-6676,831,129870,-13531,-7717,139214,109,19227,446,1,38299,0.0010000000000047748
48992000,-5547,-2818,129708,-12111,-3248,128991,142,19227,582,1,38300,0.0009999999999976694
48993000,-9121,9579,131398,-10775,10870,126339,115,19233,471,1,38301,0.0009999999999976694
48994000,-3013,13879,128962,-11081,12023,118539,105,19233,471,1,38302,0.0010000000000047748
48995000,-3358,-561,127597,-5012,-9192,135068,136,19224,430,0,38303,0.0009999999999976694
48996000,-5015,-12349,124032,-7021,-14669,132454,136,19234,557,0,38304,0.0009999999999976694
48997000,-3638,-119,128744,-7732,1752,121656,100,19230,410,0,38305,0.0010000000000047748
48998000,-5252,20059,126727,-12041,14245,124574,115,19225,471,1,38306,0.0009999999999976694
48999000,-5008,5085,126199,-2138,-1718,130157,112,19228,459,1,38307,0.0009999999999976694
49000000,-11280,150,126109,-9635,-6160,131567,105,19228,459,1,38308,0.0010000000000047748
49001000,-5585,6611,125290,-19421,5196,113779,127,19230,430,0,38309,0.0009999999999976694
49002000,2720,12065,127332,4382,-3358,129918,127,19230,520,0,38310,0.0009999999999976694
49003000,4014,-5721,123583,4486,-10008,130220,101,19228,414,0,38311,0.0010000000000047748
49004002,611,2421,127156,-8565,9416,118652,109,19227,446,0,38312,0.0010019999999997253
49005000,-1021,5846,126843,-9291,5015,131946,149,19228,610,1,38313,0.0009979999999956135
49006000,-2342,12377,126199,1184,14723,114623,112,19228,610,1,38314,0.0010000000000047748
49007000,4483,13542,124605,1439,-7743,131712,97,19233,459,1,38315,0.0009999999999976694
49008001,4754,-4587,122283,1975,-2487,121085,97,19222,397,0,38316,0.00100100000000225
49009000,6634,1284,127273,2610,6699,126325,100,19230,410,0,38317,0.0009990000000001942
49010000,10793,-7261,124848,11500,-4235,128321,112,19227,459,0,38318,0.0009999999999976694
49011002,4063,3005,129368,3845,-227,124001,120,19220,491,1,38319,0.0010019999999997253
49012000,-619,-9981,125956,-5847,8564,134104,105,19220,491,1,38320,0.000998000000002719
49013000,-135,9561,127167,10252,8674,114647,101,19226,430,1,38321,0.0009999999999976694
49014000,8724,7606,126058,13627,-4192,130226,101,19232,414,1,38322,0.0009999999999976694
49015000,6848,33,127417,-1350,4798,121340,119,19223,487,0,38323,0.0010000000000047748
49016000,11593,3160,125456,5440,-22295,131638,98,19236,401,0,38324,0.0009999999999976694
49017000,9118,-15753,130392,8292,-7213,130767,104,19227,426,0,38325,0.0009999999999976694
49018000,5028,8750,131725,-6682,15218,126566,134,19227,549,1,38326,0.0010000000000047748
49019000,1094,-2079,129794,2492,5288,129311,113,19229,549,1,38327,0.0009999999999976694
49020000,-263,11670,132190,3491,4286,121077,100,19232,463,1,38328,0.0009999999999976694
49021000,4255,-272,126909,-4765,-13143,135406,100,19223,410,0,38329,0.0010000000000047748
49022000,6535,-11269,129298,7715,-6726,123999,151,19233,618,0,38330,0.0009999999999976694
49023000,12432,1599,130559,17673,-8205,132106,106,19235,434,0,38331,0.0009999999999976694
49024000,-1406,-7215,131420,-14629,-2661,137024,109,19235,446,0,38332,0.0010000000000047748
49025000,643,8566,133598,-21712,10101,116148,137,19225,446,1,38333,0.0009999999999976694
49026002,-5267,5054,132704,17757,920,138239,104,19228,561,1,38334,0.0010019999999997253
49027000,-5973,-2321,127084,-8563,-5857,125390,104,19230,426,1,38335,0.000998000000002719
49028001,-3012,-7227,129812,-22213,-10050,132937,113,19224,463,0,38336,0.0010009999999951447
49029000,-656,-5988,129027,9579,-4563,129135,90,19230,369,0,38337,0.0009990000000001942
49030000,1483,10137,131445,5747,8769,120494,111,19230,455,0,38338,0.0010000000000047748
49031000,-9581,3266,130640,-28602,-6126,136347,137,19228,455,1,38339,0.0009999999999976694
49032000,-7206,-1648,131271,-11655,1,127947,117,19225,561,1,38340,0.0009999999999976694
49033000,-10129,6744,127924,-2021,296,133318,117,19228,479,1,38341,0.0010000000000047748
49034001,-3671,12466,129787,-14166,12847,116873,100,19228,410,1,38342,0.0010009999999951447
49035000,-3973,7693,125148,-9282,-12744,129981,153,19224,627,0,38343,0.0009990000000001942
49036000,-2213,-5923,126969,-912,-11466,136143,114,19230,467,0,38344,0.0009999999999976694
49037000,-1305,9846,128460,-8086,10123,114073,113,19230,467,0,38345,0.0010000000000047748
49038000,-2921,7952,128185,-10306,3099,131459,134,19223,463,1,38346,0.0009999999999976694
49039001,-8027,10069,127296,-7633,8604,119157,134,19228,549,1,38347,0.00100100000000225
49040000,-4778,-1245,126827,-12788,-7436,137835,114,19226,467,1,38348,0.0009990000000001942
49041000,1012,956,125416,5757,-1133,122082,112,19224,459,0,38349,0.0009999999999976694
49042000,-4235,7999,123456,-3893,407,119543,86,19228,352,0,38350,0.0009999999999976694
49043000,2513,-6743,125346,-10064,-9016,131324,110,19228,352,0,38351,0.0010000000000047748
49044000,-180,6327,124682,1183,117,128615,127,19228,451,0,38352,0.0009999999999976694
49045000,-920,6105,124951,-16,-3260,121924,127,19220,520,1,38353,0.0009999999999976694
49046002,-5579,24577,125347,-7865,22176,116881,114,19228,467,1,38354,0.0010019999999997253
49047002,4725,7848,123381,-7402,-595,133412,96,19230,393,1,38355,0.0010000000000047748
49048000,14085,10460,124520,22936,-6684,115889,134,19232,549,0,38356,0.0009979999999956135
49049000,11521,-1133,124891,3650,-15781,131737,111,19232,549,0,38357,0.0010000000000047748
49050001,8194,-9480,126493,3772,-416,126032,115,19235,455,0,38358,0.0010009999999951447
49051000,5653,6509,128287,10149,-139,125948,115,19226,471,1,38359,0.0009990000000001942
49052000,3387,5270,128015,-5500,11097,126837,138,19228,565,1,38360,0.0010000000000047748
49053000,891,15962,126914,1673,8499,120644,109,19232,446,1,38361,0.0009999999999976694
49054000,8848,1694,122676,8828,-6251,131656,99,19224,405,0,38362,0.0009999999999976694
49055000,12141,590,126807,11338,-6061,124606,115,19224,405,0,38363,0.0010000000000047748
49056000,10079,-11073,123833,12738,-15159,134253,106,19229,471,0,38364,0.0009999999999976694
49057000,7739,-11972,131084,-5982,6941,123167,106,19229,434,0,38365,0.0009999999999976694
49058000,581,14695,132851,-598,8760,126442,117,19219,479,1,38366,0.0010000000000047748
49059000,-1085,-319,129374,9886,17208,131847,110,19230,451,1,38367,0.0009999999999976694
49060000,403,10418,128911,-9356,-4679,122851,98,19232,401,1,38368,0.0009999999999976694
49061000,6990,-5964,127578,2779,-26100,140172,130,19232,532,0,38369,0.0010000000000047748
49062000,10635,-8880,130734,28052,-800,125040,101,19225,532,0,38370,0.0009999999999976694
49063000,4369,4633,127508,-5422,-13710,129412,105,19232,414,0,38371,0.0009999999999976694
49064000,2984,5424,135469,-21713,11742,126759,105,19226,430,1,38372,0.0010000000000047748
49065000,-5502,13137,130479,8187,-546,129545,146,19228,598,1,38373,0.0009999999999976694
49066000,-6515,-1790,131946,-4650,-4815,130627,111,19229,455,1,38374,0.0009999999999976694
49067000,-3579,-1575,131013,-19578,-11673,127664,96,19229,393,1,38375,0.0010000000000047748
49068000,210,-10751,129382,4464,-3749,130637,128,19224,393,0,38376,0.0009999999999976694
49069000,7814,3568,129852,476,4122,121857,115,19228,524,0,38377,0.0009999999999976694
49070000,-5483,5493,132958,-12421,3165,127150,115,19228,471,0,38378,0.0010000000000047748
49071000,-6187,-3785,128606,-16676,2236,132160,125,19221,512,1,38379,0.0009999999999976694
49072000,-11888,6855,131309,-7685,4155,125250,115,19228,471,1,38380,0.0009999999999976694
49073000,-10283,6723,129693,-12198,3771,130825,105,19228,430,1,38381,0.0010000000000047748
49074000,-2071,8813,126823,-7476,2489,122307,123,19230,430,0,38382,0.0009999999999976694
49075000,-3296,-2560,125173,-4923,-11540,131033,93,19215,504,0,38383,0.0009999999999976694
49076000,1246,-5210,127389,-10130,-266,126822,93,19231,381,0,38384,0.0010000000000047748
49077000,-3989,7503,127687,-8031,5640,122458,102,19226,418,0,38385,0.0009999999999976694
49078000,-3552,12886,130096,-4645,10924,125246,137,19229,561,1,38386,0.0009999999999976694
49079001,-8632,11791,127097,-13758,2679,126127,117,19229,479,1,38387,0.00100100000000225
49080000,-5584,1639,126723,-8017,-426,126431,102,19229,479,1,38388,0.0009990000000001942
49081002,3299,6321,126575,3733,4865,124390,116,19226,418,0,38389,0.0010019999999997253
49082000,-460,-8785,122945,-3125,-11270,126428,116,19232,475,0,38390,0.000998000000002719
49083000,2945,13451,126873,-6181,17992,118252,108,19229,442,0,38391,0.0009999999999976694
49084000,-2502,7283,124397,-6992,3707,126541,113,19232,463,1,38392,0.0009999999999976694
49085000,-1586,5539,125706,-432,4745,127622,137,19227,561,1,38393,0.0010000000000047748
49086000,-1549,5748,125002,-2989,659,125039,105,19227,561,1,38394,0.0009999999999976694
49087002,4756,5608,123946,4,5016,122121,111,19232,430,0,38395,0.0010019999999997253
49088000,9395,11865,124240,8340,-1014,120801,111,19226,455,0,38396,0.000998000000002719
49089000,10431,-11904,123174,4291,-18402,133407,96,19227,393,0,38397,0.0009999999999976694
49090002,3650,-166,126451,8079,1603,125022,113,19226,463,0,38398,0.0010019999999997253
49091002,1243,5396,127694,-2398,3260,124049,135,19224,553,1,38399,0.0009999999999976694
49092001,3900,21574,129228,1679,17151,124493,113,19224,553,1,38400,0.0009990000000001942
49093000,6595,5022,124018,12688,-2663,130771,96,19229,463,1,38401,0.0009990000000001942
49094000,10976,-4679,127267,1040,-7455,127062,96,19233,393,0,38402,0.0010000000000047748
49095000,9217,5887,128086,3579,-9297,129402,149,19231,610,0,38403,0.0009999999999976694
49096000,12099,-9226,128022,11885,-10566,134566,104,19230,426,0,38404,0.0009999999999976694
49097000,2746,-3099,130266,-262,916,129035,105,19223,430,1,38405,0.0010000000000047748
49098000,984,7318,130256,-8887,4733,123437,123,19223,430,1,38406,0.0009999999999976694
49099000,3127,17989,129634,11277,6439,122108,110,19231,504,1,38407,0.0009999999999976694
49100002,3401,5517,126703,-4482,-9929,135468,110,19228,451,1,38408,0.0010019999999997253
49101000,11604,-9196,126163,356,-7956,125380,111,19219,455,0,38409,0.000998000000002719
49102000,7260,-2461,130769,18495,-2767,128618,99,19228,405,0,38410,0.0009999999999976694
49103000,4213,-4972,128043,-7633,-8361,132682,105,19227,430,0,38411,0.0009999999999976694
49104003,-2507,-6,133060,-18262,1766,128728,126,19227,430,1,38412,0.001003000000004306
49105000,-2688,4940,132837,5191,3598,133568,113,19224,516,1,38413,0.0009969999999981383
49106000,-7333,462,129119,-2680,12860,125759,113,19231,463,1,38414,0.0009999999999976694
49107001,-2767,7460,129062,-16175,-11499,128284,96,19228,393,0,38415,0.00100100000000225
49108000,1175,-7673,128136,6109,-18176,133941,139,19231,569,0,38416,0.0009990000000001942
49109000,1244,-5207,131261,-5054,1645,127492,104,19228,426,0,38417,0.0009999999999976694
49110000,-3998,9271,133674,-17865,4840,124258,110,19228,451,0,38418,0.0010000000000047748
49111000,-6774,7693,131909,-9050,3207,130996,144,19225,451,1,38419,0.0009999999999976694
49112002,-6843,3267,128787,-11564,1466,130905,109,19227,590,1,38420,0.0010019999999997253
49113000,-7948,2089,130596,-7065,6031,124869,109,19232,446,1,38421,0.000998000000002719
49114000,-1150,7505,128443,-8533,2880,124308,104,19221,426,0,38422,0.0009999999999976694
49115000,-4723,-4317,127474,-8512,-2111,132570,134,19230,549,0,38423,0.0009999999999976694
49116000,-161,-1009,126828,-2288,-5419,124828,104,19230,426,0,38424,0.0010000000000047748
49117000,-1645,1042,128707,-11387,1285,124455,119,19227,426,1,38425,0.0009999999999976694
49118000,-6328,11852,126715,-15677,7329,128914,113,19222,487,1,38426,0.0009999999999976694
49119000,-6706,8441,125749,-2825,3602,117604,113,19234,463,1,38427,0.0010000000000047748
49120000,-3941,13070,127266,-1980,7894,123846,103,19230,422,1,38428,0.0009999999999976694
49121000,-34,2577,123304,-1769,-4077,128981,132,19229,541,0,38429,0.0009999999999976694
49122000,1438,-8241,124442,-1157,-8048,123594,114,19224,467,0,38430,0.0010000000000047748
49123000,2216,-4772,127088,-5733,1532,132213,111,19224,467,0,38431,0.0009999999999976694
49124000,357,10396,126953,-345,15728,113356,151,19224,455,1,38432,0.0009999999999976694
49125000,-2632,17248,127416,-178,3186,131291,151,19229,618,1,38433,0.0010000000000047748
49126000,236,-3313,122737,-5756,-232,125631,113,19229,463,1,38434,0.0009999999999976694
49127000,4274,11843,123734,2971,5709,117680,99,19223,405,0,38435,0.0009999999999976694
49128001,11122,5990,123827,12435,-2845,126070,98,19232,401,0,38436,0.00100100000000225
49129000,8948,-1019,124690,10582,-10963,124882,108,19232,401,0,38437,0.0009990000000001942
49130001,7239,-2018,128074,-3182,-8916,135525,117,19226,442,0,38438,0.00100100000000225
49131000,5699,-3203,129670,4986,6194,119245,117,19225,479,1,38439,0.0009990000000001942
49132000,2865,18414,127798,7489,11168,124135,110,19228,451,1,38440,0.0009999999999976694
49133000,6162,6289,125012,269,316,125090,103,19230,422,1,38441,0.0009999999999976694
49134000,8817,-3103,125847,1247,-6048,128144,122,19223,500,0,38442,0.0010000000000047748
49135000,10084,-4174,127681,13712,-2299,130797,93,19223,500,0,38443,0.0009999999999976694
49136000,8827,-8961,125952,15510,-10759,121101,101,19230,381,0,38444,0.0009999999999976694
49137000,3380,-3088,133547,-7185,-3730,136367,101,19229,414,1,38445,0.0010000000000047748
49138000,2043,8041,128472,-4653,4695,125557,137,19228,561,1,38446,0.0009999999999976694
49139000,-420,10439,129283,7585,4702,125050,114,19228,467,1,38447,0.0009999999999976694
49140000,-402,4311,129615,-4885,3345,126997,103,19225,422,1,38448,0.0010000000000047748
49141000,10028,-15297,125608,-3290,-26010,141376,146,19225,422,0,38449,0.0009999999999976694
49142000,8995,-4485,132776,30152,-5544,116293,101,19232,598,0,38450,0.0009999999999976694
49143000,5134,2692,130468,-9957,-2546,127312,101,19230,414,0,38451,0.0010000000000047748
49144000,-640,5612,135021,-15183,13081,131403,110,19226,451,1,38452,0.0009999999999976694
49145000,-3270,3064,129011,6808,-6048,133017,129,19223,528,1,38453,0.0009999999999976694
49146001,-8216,-2516,130598,-2636,-2317,130630,105,19231,430,1,38454,0.00100100000000225
49147000,-4718,316,129342,-16627,-337,124694,115,19231,430,0,38455,0.0009990000000001942
49148000,-120,-993,128659,9454,-7780,132916,94,19225,471,0,38456,0.0009999999999976694
49149000,2418,-2078,130083,1537,-573,127978,94,19227,385,0,38457,0.0010000000000047748
49150000,-6412,4477,128978,-19874,2900,129623,109,19228,446,0,38458,0.0009999999999976694
49151001,-9158,466,130142,-10498,3985,127777,141,19225,577,1,38459,0.00100100000000225
49152000,-8691,11508,130180,-4888,2866,128597,120,19225,491,1,38460,0.0009990000000001942
49153000,-8465,2562,128926,-5246,11512,133480,102,19225,418,1,38461,0.0009999999999976694
49154000,-1602,7473,124669,-12257,-9361,120828,156,19226,418,0,38462,0.0009999999999976694
49155002,-6212,-5909,127319,-6347,-11248,135753,103,19232,639,0,38463,0.0010019999999997253
49156002,-1216,2782,127224,-2996,5618,120231,103,19227,422,0,38464,0.0010000000000047748
49157000,-2406,11024,129422,-8625,1756,125991,109,19228,446,1,38465,0.0009979999999956135
49158002,-6754,6304,128263,-11449,3884,127859,134,19229,549,1,38466,0.0010019999999997253
49159000,-6374,5233,126718,-12858,2084,125212,113,19229,463,1,38467,0.000998000000002719
49160000,1913,7877,129258,3470,5589,125579,113,19232,463,0,38468,0.0009999999999976694
49161000,595,4360,124703,-1719,-4604,122396,88,19222,463,0,38469,0.0009999999999976694
49162000,685,-1326,123510,-8317,-9721,125712,88,19235,360,0,38470,0.0010000000000047748
49163000,3299,5749,127637,-1017,5532,121140,109,19229,446,0,38471,0.0009999999999976694
49164000,1037,6934,124012,4267,1435,128634,129,19219,528,1,38472,0.0009999999999976694
49165000,-5278,5052,127288,-1741,18843,119602,113,19219,463,1,38473,0.0010000000000047748
49166000,982,11130,123672,-13085,1713,121503,98,19232,463,1,38474,0.0009999999999976694
49167000,7812,2158,125799,12062,-655,128599,137,19228,401,0,38475,0.0009999999999976694
49168000,8565,2317,122078,16822,-5100,124086,137,19232,561,0,38476,0.0010000000000047748
49169000,7192,-7258,124849,-1429,-9288,126824,111,19227,455,0,38477,0.0009999999999976694
49170000,3459,-2961,127283,2929,-5047,130503,114,19225,467,1,38478,0.0009999999999976694
49171000,3354,4095,128547,5474,-2444,122837,137,19229,561,1,38479,0.0010000000000047748
49172000,5793,19888,127961,1476,8338,124262,110,19229,561,1,38480,0.0009999999999976694
49173000,3232,11250,126452,205,1174,125040,103,19232,451,1,38481,0.0009999999999976694
49174000,10946,6844,125235,7934,-3880,120752,103,19221,422,0,38482,0.0010000000000047748
49175000,10877,-5069,127749,14989,-7509,130976,113,19232,463,0,38483,0.0009999999999976694
49176000,8860,-8175,128462,4680,-14370,130854,105,19229,430,0,38484,0.0009999999999976694
49177000,5504,9519,133828,-2245,20786,120366,119,19222,487,1,38485,0.0010000000000047748
49178000,2316,11914,128592,-1437,6918,126287,111,19222,487,1,38486,0.0009999999999976694
49179000,319,-3469,129039,5637,-7877,134012,103,19228,455,1,38487,0.0009999999999976694
49180002,4262,2888,127467,-1788,-4603,121803,103,19228,422,0,38488,0.0010019999999997253
49181000,8772,-7932,126184,311,-12389,131895,136,19224,557,0,38489,0.000998000000002719
49182000,11763,-3292,129475,22647,-5483,124060,102,19230,418,0,38490,0.0009999999999976694
49183000,-88,-1280,129417,-9501,-10499,135356,105,19226,430,0,38491,0.0010000000000047748
49184000,-1170,-1874,132852,-22394,6905,125640,148,19226,430,1,38492,0.0009999999999976694
49185000,-7444,19074,133369,8588,10899,135444,110,19226,606,1,38493,0.0009999999999976694
49186000,-4891,2915,129469,-2234,-2959,128831,110,19231,451,1,38494,0.0010000000000047748
49187000,-3211,-8392,128064,-16126,-13108,136929,101,19224,414,0,38495,0.0009999999999976694
49188000,2241,-10778,131496,-3936,-14255,127374,120,19231,491,0,38496,0.0009999999999976694
49189000,675,20715,129693,8124,22088,117468,108,19232,442,0,38497,0.0010000000000047748
49190000,-3997,1400,131536,-18648,-5961,139116,120,19232,442,1,38498,0.0009999999999976694
49191000,-7387,-1280,129851,-19858,-6131,130483,112,19218,491,1,38499,0.0009999999999976694
49192000,-6611,7123,131683,-3730,13517,117997,112,19230,459,1,38500,0.0010000000000047748
49193000,-5242,16988,129428,-8439,5150,128379,102,19231,418,1,38501,0.0009999999999976694
49194000,-673,-2238,124418,-10259,-16046,131534,125,19218,512,0,38502,0.0009999999999976694
49195000,-3865,-10282,126485,-4976,-6803,130412,97,19229,397,0,38503,0.0010000000000047748
49196000,-102,2966,128263,-7988,12772,118612,103,19229,422,0,38504,0.0009999999999976694
49197000,-5427,14814,129155,-4005,10139,123779,141,19227,422,1,38505,0.0009999999999976694
49198000,-9079,4782,127025,-13850,-5825,133776,116,19224,577,1,38506,0.0010000000000047748
49199002,-5855,-4254,126188,-9237,3459,126132,116,19232,475,1,38507,0.0010019999999997253
49200010,-988,6987,127335,2999,14372,124027,101,19227,414,0,38508,0.0010079999999987876
49201000,483,11089,122859,737,-6198,120017,113,19234,463,0,38509,0.0009900000000016007
49202000,647,-5624,124361,-6215,-15230,138112,111,19234,455,0,38510,0.0009999999999976694
49203000,1330,-6763,126354,-3151,5452,122775,118,19232,455,0,38511,0.0009999999999976694
49204000,-1533,21280,129290,1381,18026,115058,133,19220,483,1,38512,0.0010000000000047748
49205002,-2408,16933,125817,-7868,4192,128023,133,19228,545,1,38513,0.0010019999999997253
49206003,2846,2958,124735,-815,-2925,124631,100,19235,410,1,38514,0.0010009999999951447
49207000,9051,-1890,123917,11465,-5403,128890,110,19228,451,0,38515,0.0009970000000052437
49208000,8803,1895,125687,6368,7621,114740,98,19228,401,0,38516,0.0009999999999976694
49209002,8892,-191,125199,1848,-7264,131705,114,19227,401,0,38517,0.0010019999999997253
49210000,4256,-10132,126826,2836,-3633,127355,141,19225,467,1,38518,0.000998000000002719
49211000,1782,7459,127588,-2295,6248,123984,141,19225,577,1,38519,0.0009999999999976694
49212000,3103,6243,127951,6804,13127,126756,112,19232,459,1,38520,0.0009999999999976694
49213000,6811,14385,123620,8573,-1732,118392,96,19229,393,1,38521,0.0010000000000047748
49214000,9969,-4221,128040,6023,-11764,135251,152,19232,623,0,38522,0.0009999999999976694
49215000,9780,-5531,124304,12091,-13226,129978,105,19232,623,0,38523,0.0009999999999976694
49216000,4870,-9044,129409,1880,-11512,127088,108,19231,430,0,38524,0.0010000000000047748
49217000,4761,8167,132520,-6706,13335,127526,108,19222,442,1,38525,0.0009999999999976694
49218000,-871,11395,128112,5118,5152,121381,125,19229,512,1,38526,0.0009999999999976694
49219000,2390,10140,129859,-1648,3040,128738,107,19230,438,1,38527,0.0010000000000047748
49220000,6531,3033,127170,-1459,-6631,127189,110,19219,451,0,38528,0.0009999999999976694
49221000,10396,-12522,128359,14755,-12899,130552,113,19219,451,0,38529,0.0009999999999976694
49222000,9886,189,131504,3747,-176,129365,113,19231,463,0,38530,0.0010000000000047748
49223001,2121,-5257,131050,-12248,-8521,128697,113,19228,463,0,38531,0.0010009999999951447
49224000,4608,12977,136775,-7378,15471,131835,128,19222,524,1,38532,0.0009990000000001942
49225000,-8478,4925,127234,1125,-1513,123753,113,19230,463,1,38533,0.0009999999999976694
49226000,-4286,483,130957,-11061,-6580,130577,97,19229,397,1,38534,0.0010000000000047748
49227000,1819,-3031,126110,-8448,-10518,133160,142,19229,397,0,38535,0.0009999999999976694
49228000,-1475,-6787,127394,6168,-7851,126197,106,19236,582,0,38536,0.0009999999999976694
49229000,787,8994,132671,-6745,5512,125867,106,19230,434,0,38537,0.0010000000000047748
49230000,-9368,1645,129681,-13678,-3520,132506,111,19224,455,1,38538,0.0009999999999976694
49231000,-7562,2622,130074,-11981,3148,129992,137,19228,561,1,38539,0.0009999999999976694
49232000,-11194,6889,129112,-9473,3225,127900,109,19228,446,1,38540,0.0010000000000047748
49233002,-3371,15620,126851,-12822,8379,121010,106,19228,446,1,38541,0.0010019999999997253
49234000,-1586,-2564,125535,-2525,-12787,136380,130,19222,434,0,38542,0.0009979999999956135
49235000,-3227,-7768,125570,-870,-14630,127136,130,19232,532,0,38543,0.0010000000000047748
49236001,920,2332,129328,-14502,2093,116236,102,19229,418,0,38544,0.0010009999999951447
49237000,-4990,19010,129932,-6375,12939,125023,121,19223,496,1,38545,0.0009990000000001942
49238000,-5164,8383,126654,-2696,-3339,131477,116,19228,475,1,38546,0.0010000000000047748
49239000,-8385,2803,126968,-15816,6785,118881,102,19228,475,1,38547,0.0009999999999976694
49240000,-1013,6998,126481,2200,-2396,131734,133,19227,418,0,38548,0.0009999999999976694
49241002,735,-6096,125727,5615,1814,118404,133,19231,545,0,38549,0.0010019999999997253
49242002,1982,2493,125621,-8252,-7252,132324,103,19231,422,0,38550,0.0010000000000047748
49243000,221,-7191,125354,-1233,13714,124777,108,19225,442,0,38551,0.0009979999999956135
49244000,-3406,15654,124877,-1106,12959,124521,156,19232,639,1,38552,0.0010000000000047748
49245000,-1843,7167,124969,-1091,4990,123941,110,19232,451,1,38553,0.0009999999999976694
49246000,-1146,13625,124216,2220,3996,119594,97,19232,451,1,38554,0.0009999999999976694
49247000,6364,-3327,123878,7132,-2369,133934,89,19223,397,0,38555,0.0010000000000047748
49248000,10234,-4875,124041,11064,-6805,118832,89,19227,365,0,38556,0.0009999999999976694
49249000,5885,-1328,125709,-802,-5522,128227,113,19227,463,0,38557,0.0009999999999976694
49250000,4785,2168,128406,51,5298,123378,122,19219,500,1,38558,0.0010000000000047748
49251000,2032,13525,128069,7452,3617,124301,112,19219,459,1,38559,0.0009999999999976694
49252000,2437,-3127,127209,3159,7753,137070,101,19228,459,1,38560,0.0009999999999976694
49253000,6281,50,124835,3080,1492,117630,122,19232,414,0,38561,0.0010000000000047748
49254000,12231,3099,131098,11532,-3903,129468,122,19225,500,0,38562,0.0009999999999976694
49255000,10599,-5797,125513,11149,-13807,129003,99,19229,405,0,38563,0.0009999999999976694
49256000,3361,-10584,129633,-202,-1830,130232,105,19235,430,0,38564,0.0010000000000047748
49257000,3785,3017,130248,2187,3508,129976,143,19235,586,1,38565,0.0009999999999976694
49258000,-2302,16236,130850,-146,9575,120736,113,19231,586,1,38566,0.0009999999999976694
49259000,2926,7584,131641,4140,5515,134078,97,19228,463,1,38567,0.0010000000000047748
49260000,6464,-8573,124866,-2576,-16290,126453,97,19219,397,0,38568,0.0009999999999976694
49261000,9999,-15662,133036,11176,-3886,131847,131,19231,537,0,38569,0.0009999999999976694
49262000,4516,-2912,127176,13767,-8345,133081,110,19230,451,0,38570,0.0010000000000047748
49263000,-2127,-1377,132881,-21966,-189,124720,113,19220,463,1,38571,0.0009999999999976694
49264000,-242,14948,135172,-11038,12601,130974,127,19220,463,1,38572,0.0009999999999976694
49265000,-10488,3315,127321,10998,-6541,128366,102,19227,520,1,38573,0.0010000000000047748
49266000,-1058,2389,131218,-14405,-3808,127218,102,19232,418,1,38574,0.0009999999999976694
49267000,-1383,-6168,127069,-12441,-15881,135652,113,19221,463,0,38575,0.0009999999999976694
49268000,3308,1936,131812,10187,3969,121474,103,19230,422,0,38576,0.0010000000000047748
49269001,-828,5393,131945,-8807,1065,129113,115,19227,471,0,38577,0.0010009999999951447
49270000,-7687,3538,132139,-20635,-1420,125817,145,19227,471,1,38578,0.0009990000000001942
49271000,-6379,12233,130504,-1828,15250,128841,116,19226,594,1,38579,0.0010000000000047748
49272000,-10461,-218,127625,-11485,-1467,125463,116,19231,475,1,38580,0.0009999999999976694
49273000,276,7376,129854,-9333,4751,124837,101,19225,414,0,38581,0.0009999999999976694
49274000,-4983,-1960,125383,-4905,-11010,130789,159,19231,651,0,38582,0.0010000000000047748
49275000,-1996,-2910,127793,-6862,-1631,124122,105,19229,430,0,38583,0.0009999999999976694
49276000,-2656,7069,126432,-10523,1288,127502,106,19229,430,0,38584,0.0009999999999976694
49277000,-6335,10307,127546,-7309,6297,121533,129,19228,434,1,38585,0.0010000000000047748
49278000,-4814,11774,128339,-9612,6428,127759,129,19230,528,1,38586,0.0009999999999976694
49279000,-7391,8179,126437,-9615,-732,124270,111,19231,455,1,38587,0.0009999999999976694
49280000,4249,11917,125578,2552,7438,126371,112,19221,459,0,38588,0.0010000000000047748
49281000,-2732,-2262,123060,-5169,-5622,127597,89,19235,365,0,38589,0.0009999999999976694
49282000,4806,-245,126489,-4257,-5006,122434,107,19235,365,0,38590,0.0009999999999976694
49283000,1064,16870,127107,3543,17379,125969,130,19228,438,1,38591,0.0010000000000047748
49284000,-3639,3585,124658,-5975,1937,126913,130,19222,532,1,38592,0.0009999999999976694
49285000,-680,8316,126986,-5480,8892,121048,115,19232,471,1,38593,0.0009999999999976694
49286000,4890,13775,124585,-866,5909,118563,98,19228,401,0,38594,0.0009999999999976694
49287003,11092,7707,122641,11000,-7106,126910,122,19236,500,0,38595,0.001003000000004306
49288000,13117,-5045,123136,7263,-20883,131721,109,19236,446,0,38596,0.0009969999999981383
49289000,6239,-10318,125381,3254,-4559,123643,112,19230,446,0,38597,0.0009999999999976694
49290000,4481,5939,127782,96,10622,125166,131,19226,459,1,38598,0.0010000000000047748
49291000,729,12751,128750,2048,12740,119748,131,19228,537,1,38599,0.0009999999999976694
49292000,4647,12749,125306,4537,-3075,130292,109,19232,446,1,38600,0.0009999999999976694
49293000,5515,-2900,123894,2964,-6753,127459,106,19221,434,0,38601,0.0010000000000047748
49294000,11937,-4680,126377,13703,6924,125075,104,19221,426,0,38602,0.0009999999999976694
49295000,9886,342,126265,9805,-16204,132190,108,19229,426,0,38603,0.0009999999999976694
49296000,4191,-11054,130373,-5575,-10160,136066,120,19228,442,1,38604,0.0010000000000047748
49297000,3203,5671,131705,1865,10817,122721,120,19227,491,1,38605,0.0009999999999976694
49298000,-1623,21784,131857,818,7632,125412,116,19229,475,1,38606,0.0009999999999976694
49299000,3808,6120,128023,-3865,-2216,128167,101,19230,414,1,38607,0.0010000000000047748
49300000,9187,-5912,127080,6584,-19375,133654,138,19230,565,0,38608,0.0009999999999976694
49301001,12204,-16921,128925,23787,-13809,130103,99,19228,565,0,38609,0.00100100000000225
49302002,3064,30,130490,-6878,-410,127160,102,19232,405,0,38610,0.0010009999999951447
49303000,1782,2426,134165,-28289,16223,124070,102,19229,418,1,38611,0.000998000000002719
49304000,-1451,15817,132448,13802,7342,127348,153,19228,627,1,38612,0.0009999999999976694
49305000,-7719,-2634,129063,-2339,-13335,134621,110,19228,451,1,38613,0.0010000000000047748
49306000,-5131,-10334,126873,-23660,-10059,129306,99,19223,405,0,38614,0.0009999999999976694
49307001,272,-6411,132217,2165,-8121,133003,114,19223,405,0,38615,0.00100100000000225
49308000,6301,4434,130225,6188,-1426,130721,107,19232,467,0,38616,0.0009990000000001942
49309000,-5713,561,133152,-18587,4248,124840,107,19229,438,0,38617,0.0009999999999976694
49310000,-10876,7764,129191,-20642,-4172,131851,121,19220,496,1,38618,0.0009999999999976694
49311000,-9018,-2484,130803,-2477,7002,129579,114,19228,467,1,38619,0.0010000000000047748
49312000,-8161,18947,129839,-8452,15663,118998,101,19231,414,1,38620,0.0009999999999976694
49313000,-868,2712,127848,-10313,-5851,133362,126,19231,414,0,38621,0.0009999999999976694
49314000,-1849,-5509,125791,-5011,-9421,125140,98,19218,516,0,38622,0.0010000000000047748
49315002,-441,-6011,128647,-9660,2261,130146,98,19232,401,0,38623,0.0010019999999997253
49316000,870,7293,128440,-9649,9843,119207,106,19227,434,1,38624,0.0009979999999956135
49317000,-6568,12814,129750,-5782,4286,128340,146,19226,598,1,38625,0.0010000000000047748
49318000,-5186,4893,127552,-17253,6883,129533,117,19229,479,1,38626,0.0009999999999976694
49319000,-3274,6103,126432,-7029,1848,118076,102,19229,479,1,38627,0.0009999999999976694
49320000,2634,889,125145,10046,-5605,130512,111,19227,418,0,38628,0.0010000000000047748
49321000,918,1104,121657,-5990,-4854,123621,111,19231,455,0,38629,0.0009999999999976694
49322002,-1266,-2265,124876,-10413,-2296,127237,109,19232,446,0,38630,0.0010019999999997253
49323002,-849,15471,127617,1125,15209,119591,116,19226,475,1,38631,0.0009999999999976694
49324002,-2728,13063,125385,-2126,12328,126528,133,19232,545,1,38632,0.0010000000000047748
49325002,-1996,1424,125288,-5944,1374,127977,101,19232,545,1,38633,0.0009999999999976694
49326000,7824,2566,124783,3380,-2461,122478,116,19237,414,0,38634,0.000998000000002719
49327000,9129,8027,124365,10759,5285,119627,116,19225,475,0,38635,0.0009999999999976694
49328002,9677,-1609,123152,5543,-8180,133014,110,19226,451,0,38636,0.0010019999999997253
49329000,4941,-8528,126546,2986,-11984,127404,116,19226,475,0,38637,0.000998000000002719
49330000,3447,11902,129048,-5781,12486,116414,142,19226,582,1,38638,0.0009999999999976694
49331000,7890,13705,128634,6826,8111,124288,114,19226,582,1,38639,0.0009999999999976694
49332000,8839,5769,126397,16386,-8722,129018,99,19232,467,1,38640,0.0010000000000047748
49333000,10771,-5200,127075,-3917,-7016,118401,99,19230,405,0,38641,0.0009999999999976694
49334000,9343,-860,126755,5653,-8038,135914,145,19231,594,0,38642,0.0009999999999976694
49335000,9348,-6768,129267,20773,-6083,125941,102,19232,418,0,38643,0.0010000000000047748
49336000,3961,-311,128889,-6832,88,130550,105,19223,430,1,38644,0.0009999999999976694
49337000,-194,1377,129241,2046,4016,128584,115,19223,471,1,38645,0.0009999999999976694
49338000,1462,13171,129215,6902,9935,126310,105,19226,471,1,38646,0.0010000000000047748
49339000,2683,3657,126823,-3166,-4981,130167,112,19231,430,1,38647,0.0009999999999976694
49340002,9414,-2568,127812,5351,-6694,122858,112,19220,459,0,38648,0.0010019999999997253
49341000,6103,-11972,128840,17349,-7234,142844,88,19231,360,0,38649,0.000998000000002719
49342000,1826,-10063,128785,-10630,-7174,119885,104,19233,426,0,38650,0.0009999999999976694
49343001,-797,5488,135362,-15667,8296,128328,127,19233,520,1,38651,0.00100100000000225
49344000,-7291,6076,131989,10878,3969,130620,113,19224,520,1,38652,0.0009990000000001942
49345000,-4487,6374,130612,-12171,-2155,119962,96,19228,463,1,38653,0.0009999999999976694
49346000,1336,-5553,130240,-14579,-13428,142486,96,19229,393,0,38654,0.0009999999999976694
49347000,-1154,-9088,128411,8908,-2189,120259,148,19232,606,0,38655,0.0010000000000047748
49348000,4402,5285,132401,-5680,2466,128922,108,19228,442,0,38656,0.0009999999999976694
49349000,-6961,2024,132036,-17559,-1918,129825,113,19224,463,0,38657,0.0009999999999976694
49350000,-7863,183,131288,-8499,3604,134228,133,19224,463,1,38658,0.0009999999999976694
49351000,-9816,3001,129901,-10687,2886,130702,111,19228,545,1,38659,0.0010000000000047748
49352000,-6319,13589,129422,-10020,9968,119463,111,19231,455,1,38660,0.0009999999999976694
49353000,-6733,-3079,127523,-973,-3532,144205,106,19222,434,0,38661,0.0009999999999976694
49354000,-5744,-8336,122772,-7880,-9461,118495,129,19229,528,0,38662,0.0010000000000047748
49355000,-2055,243,129732,-4708,-1587,128767,112,19231,459,0,38663,0.0009999999999976694
49356000,-9221,7135,126275,-7955,6020,125930,130,19231,459,1,38664,0.0009999999999976694
49357000,-5740,7205,126386,-9746,2776,125198,117,19220,532,1,38665,0.0010000000000047748
49358000,-9347,4729,128989,-12283,7220,129204,117,19227,479,1,38666,0.0009999999999976694
49359002,-1423,10438,125984,-3533,6352,117549,103,19227,422,0,38667,0.0010019999999997253
49360003,2674,755,126393,4687,-7563,130034,140,19228,573,0,38668,0.00100100000000225
49361000,3153,-6063,122611,-7466,-15105,126348,107,19228,438,0,38669,0.0009969999999981383
49362002,2451,-364,128601,-1231,3792,127222,112,19228,438,0,38670,0.0010019999999997253
49363000,-2475,15828,127515,-1844,13282,119448,151,19224,459,1,38671,0.000998000000002719
49364000,-551,14420,126162,-5872,3281,122148,151,19227,618,1,38672,0.0009999999999976694
49365000,-258,8721,125774,1268,10777,130315,109,19231,446,1,38673,0.0009999999999976694
49366000,5994,1885,121461,1045,50,117840,97,19224,397,0,38674,0.0010000000000047748
49367000,10069,7901,127130,9604,3649,121432,89,19232,365,0,38675,0.0009999999999976694
49368000,8627,-4351,122726,8818,-11247,128979,115,19232,365,0,38676,0.0009999999999976694
49369000,5903,-10762,127095,-452,-8035,127983,126,19228,471,1,38677,0.0010000000000047748
49370000,3334,2648,127518,2473,-2892,126054,126,19221,516,1,38678,0.0009999999999976694
49371002,2980,11853,127349,3561,8707,120191,112,19232,459,1,38679,0.0010019999999997253
49372002,5951,7444,125042,5964,3234,128482,99,19231,405,1,38680,0.0009999999999976694
49373000,10145,-1787,126750,732,-8412,124132,127,19225,520,0,38681,0.000998000000002719
49374000,11861,2731,126597,12654,-3938,131246,97,19225,520,0,38682,0.0009999999999976694
49375000,4584,-4863,129113,15426,-7302,126755,104,19231,397,0,38683,0.0010000000000047748
49376002,6233,3775,131703,-11304,749,135063,141,19227,426,1,38684,0.0010019999999997253
49377001,2062,13110,129739,3610,12066,124884,141,19228,577,1,38685,0.0009990000000001942
49378001,1349,6399,130234,3894,7394,123848,111,19231,455,1,38686,0.0009999999999976694
49379001,5375,2286,130167,-498,-9243,133700,103,19231,422,1,38687,0.0009999999999976694
49380000,9190,-11891,127822,3550,-17380,127532,137,19231,561,0,38688,0.0009990000000001942
49381000,8998,-8717,130310,17393,-1801,134673,107,19232,561,0,38689,0.0010000000000047748
49382000,2922,1133,129746,-5265,549,124099,114,19230,438,0,38690,0.0009999999999976694
49383000,887,11226,133117,-5755,9824,125801,114,19220,467,1,38691,0.0009999999999976694
49384000,-4727,6407,130672,3809,-7080,136591,117,19235,479,1,38692,0.0010000000000047748
49385000,-7466,-4242,127780,-7600,-4706,126065,100,19236,410,1,38693,0.0009999999999976694
49386000,-2295,-6495,131319,-18439,-9344,134635,117,19236,479,0,38694,0.0009999999999976694
49387000,-2451,4481,128487,10864,-2664,126581,107,19225,479,0,38695,0.0010000000000047748
49388001,-188,-7295,128937,4483,7884,130990,114,19228,438,0,38696,0.0010009999999951447
49389000,-5492,17224,130193,-28608,-3731,126733,114,19234,467,1,38697,0.0009990000000001942
49390000,-9500,-769,131067,-10240,-5610,135266,148,19228,606,1,38698,0.0010000000000047748
49391000,-6083,6459,130002,387,4315,128069,119,19230,487,1,38699,0.0009999999999976694
49392000,-4347,9055,130244,-11535,2129,122034,101,19230,414,1,38700,0.0009999999999976694
49393000,-2008,4988,127076,-12261,-2758,129434,161,19230,414,0,38701,0.0010000000000047748
49394000,-3714,-2581,125321,-4949,-10009,128125,110,19229,659,0,38702,0.0009999999999976694
49395000,390,-1445,128219,-3435,905,124833,110,19228,451,0,38703,0.0009999999999976694
49396000,-3804,12753,129525,-10675,11347,120350,114,19222,467,1,38704,0.0010000000000047748
49397000,-6938,2506,125995,-9873,9784,126189,126,19233,516,1,38705,0.0009999999999976694
49398000,-3454,245,128216,-11486,-450,129621,111,19232,455,1,38706,0.0009999999999976694
49399000,-1831,1715,125978,298,2086,123909,115,19232,455,0,38707,0.0010000000000047748
49400000,-448,-3391,124542,1044,7891,123498,92,19226,471,0,38708,0.0009999999999976694
49401000,1538,2348,123440,-7833,-12051,127677,92,19229,377,0,38709,0.0009999999999976694
49402000,-620,-2596,126884,-5346,-3761,132311,108,19227,442,0,38710,0.0010000000000047748
49403000,-1165,10729,124377,2484,8804,121438,133,19223,545,1,38711,0.0009999999999976694
49404000,-7167,15058,126407,-2109,9816,119188,113,19231,463,1,38712,0.0009999999999976694
49405000,3094,13882,124156,-6773,3359,124316,94,19231,463,1,38713,0.0010000000000047748
49406002,8223,927,123105,11121,-5327,125918,123,19234,385,0,38714,0.0010019999999997253
49407000,11965,-503,125483,14328,-5267,125538,123,19237,504,0,38715,0.0009979999999956135
49408000,8478,-1740,127253,2236,-5112,121968,108,19222,442,0,38716,0.0010000000000047748
49409000,3940,-5995,127518,-3320,-592,129059,114,19224,467,1,38717,0.0009999999999976694
49410000,6876,623,131222,2169,6088,127688,128,19229,524,1,38718,0.0009999999999976694
49411000,712,10422,127107,5644,9923,120258,108,19229,524,1,38719,0.0009999999999976694
49412000,8228,8684,127161,50,13041,124731,105,19233,442,1,38720,0.0010000000000047748
49413000,10487,-923,124728,4455,-10588,123850,105,19224,430,0,38721,0.0009999999999976694
49414000,13892,-14341,125097,19805,-23024,138567,84,19232,344,0,38722,0.0009999999999976694
49415001,6225,-2601,128673,3329,-1657,123489,105,19236,430,0,38723,0.00100100000000225
49416000,162,4538,129916,-13036,2687,127507,122,19222,500,1,38724,0.0009990000000001942
49417000,-259,12252,130793,7337,10408,126701,114,19222,500,1,38725,0.0009999999999976694
49418003,-2561,4822,127699,3147,-4729,130517,99,19228,467,1,38726,0.001003000000004306
49419000,4986,-6044,128938,-6385,-9092,128690,99,19228,405,0,38727,0.0009969999999981383
49420000,9367,-4083,129133,7640,-7457,122128,140,19224,573,0,38728,0.0009999999999976694
49421000,10350,-3144,129644,19844,-6027,130075,103,19229,422,0,38729,0.0010000000000047748
49422000,556,-1378,130514,-17331,-2052,131049,106,19224,434,0,38730,0.0009999999999976694
49423000,167,7553,134224,-19561,2850,126445,149,19224,434,1,38731,0.0009999999999976694
49424000,-5732,19243,131682,12759,19069,120353,109,19230,610,1,38732,0.0010000000000047748
49425000,-2591,-1443,128459,-10412,-6648,139667,109,19232,446,1,38733,0.0009999999999976694
49426000,891,-15385,129881,-15780,-14911,131202,102,19220,418,0,38734,0.0009999999999976694
49427001,1351,-1855,130641,2773,4636,121482,104,19232,426,0,38735,0.00100100000000225
49428000,-757,8335,130103,1928,-1393,130037,111,19229,455,0,38736,0.0009990000000001942
49429001,-7777,8143,131230,-17243,-500,126732,124,19229,508,1,38737,0.00100100000000225
49430000,-9675,-1469,127257,-9328,-5558,138713,114,19224,508,1,38738,0.0009990000000001942
49431000,-9408,9053,129757,-7234,16013,115749,100,19231,467,1,38739,0.0009999999999976694
49432000,-4283,19593,127419,-10150,5020,125618,100,19229,410,1,38740,0.0009999999999976694
49433000,-2592,-2896,123114,-8350,-15659,133326,130,19221,532,0,38741,0.0010000000000047748
49434000,-4118,-8097,126208,-4466,-7618,129626,99,19233,405,0,38742,0.0009999999999976694
49435000,-848,-1745,127513,-7428,12474,125603,105,19233,430,0,38743,0.0009999999999976694
49436000,-5589,19456,127763,-3727,7002,115978,150,19227,430,1,38744,0.0010000000000047748
49437000,-8460,6904,128073,-13561,-4072,136467,117,19230,614,1,38745,0.0009999999999976694
49438002,-5350,-2539,126984,-9687,588,127652,117,19228,479,1,38746,0.0010019999999997253
49439002,-1,10380,128130,4625,6788,115594,103,19223,422,0,38747,0.0009999999999976694
49440000,355,1815,124647,-3180,-6234,130370,112,19229,459,0,38748,0.000998000000002719
49441000,2015,-6077,125765,-6375,6022,123739,108,19229,442,0,38749,0.0009999999999976694
49442000,2556,3544,126235,-304,4174,127851,117,19229,442,0,38750,0.0010000000000047748
49443000,-1337,8554,128070,-2561,10722,122937,125,19222,479,1,38751,0.0009999999999976694
49444000,-2592,10085,126688,-4926,11670,125688,125,19234,512,1,38752,0.0009999999999976694
49445000,2062,3858,124443,4757,26,125459,102,19232,418,1,38753,0.0010000000000047748
49446000,7855,2474,124208,7826,-4333,125244,118,19232,483,0,38754,0.0009999999999976694
49447000,7234,-1578,125786,2339,-3930,131903,101,19226,414,0,38755,0.0009999999999976694
49448000,5246,-3349,121982,10725,-10607,117860,110,19226,414,0,38756,0.0010000000000047748
49449000,4349,-2390,127338,8246,-3773,128667,145,19228,451,1,38757,0.0009999999999976694
49450000,-1254,10448,128805,-6543,17171,124120,145,19229,594,1,38758,0.0009999999999976694
49451001,4532,7623,125631,4463,5968,123769,115,19230,471,1,38759,0.00100100000000225
49452000,10179,4921,129773,14475,6423,124851,97,19228,397,0,38760,0.0009990000000001942
49453000,10084,3836,126368,-1296,-1473,120087,127,19230,520,0,38761,0.0009999999999976694
49454000,11702,-15679,127045,15100,-20387,140604,102,19230,520,0,38762,0.0010000000000047748
49455000,4977,-14798,130946,6770,-10493,131286,110,19229,418,0,38763,0.0009999999999976694
49456000,5386,2655,132525,-10698,7099,133589,110,19218,451,1,38764,0.0009999999999976694
49457007,-2656,21226,132513,9689,18601,114282,119,19233,487,1,38765,0.0010070000000013124
49458000,3013,13587,126589,-247,-2631,131307,107,19233,438,1,38766,0.0009930000000011319
49459000,6324,-6802,127609,-1051,-972,135552,116,19221,475,0,38767,0.0009999999999976694
49460000,7437,-10130,130135,14435,-4046,119221,93,19221,475,0,38768,0.0010000000000047748
49461000,11191,-92,130798,6993,-9792,134917,107,19230,381,0,38769,0.0009999999999976694
49462000,-965,-3540,132860,-10106,-3113,126013,107,19226,438,1,38770,0.0009999999999976694
49463002,1176,-1559,131148,-9985,-3560,138089,133,19222,545,1,38771,0.0010019999999997253
49464000,-10318,7321,130933,2356,4225,125382,115,19232,471,1,38772,0.000998000000002719
49465000,-5520,5689,128464,-17038,-3431,122527,97,19228,397,1,38773,0.0009999999999976694
49466000,823,-3844,125786,-8194,-12317,136795,150,19228,397,0,38774,0.0010000000000047748
49467000,269,-4947,129798,6342,-9889,126614,115,19231,614,0,38775,0.0009999999999976694
49468000,-2701,12387,131967,-6614,6129,128967,115,19226,471,0,38776,0.0009999999999976694
49469003,-7636,-2024,129450,-14458,-4296,128332,117,19224,479,1,38777,0.001003000000004306
49470000,-8859,8546,131838,-12986,4653,141132,137,19227,561,1,38778,0.0009969999999981383
49471000,-9039,10496,129271,-5790,8415,115028,111,19232,455,1,38779,0.0009999999999976694
49472000,-3345,8842,129553,-11067,9984,127399,112,19232,459,1,38780,0.0010000000000047748
49473000,-98,-4160,128624,-4629,-12092,134393,119,19220,459,0,38781,0.0009999999999976694
49474000,319,-7279,126543,207,-7278,123959,103,19229,487,0,38782,0.0009999999999976694
49475000,-82,-4302,128670,-12646,5041,128812,103,19228,422,0,38783,0.0009999999999976694
49476000,-4619,20412,129442,-13661,18223,114093,124,19226,508,1,38784,0.0010000000000047748
49477000,-6895,16482,125309,-1890,-797,135341,116,19229,475,1,38785,0.0009999999999976694
49478000,-9691,4559,124239,-19160,2433,121618,102,19229,418,1,38786,0.0009999999999976694
49479000,-1032,7023,124596,7079,-1400,127596,145,19228,418,0,38787,0.0010000000000047748
49480000,2631,1538,124443,5386,-2141,121010,114,19232,594,0,38788,0.0009999999999976694
49481000,1420,3047,126168,-10101,-7383,130931,114,19228,467,0,38789,0.0009999999999976694
49482002,-1525,-12780,124991,3778,3710,134917,113,19226,463,1,38790,0.0010019999999997253
49483000,-1419,23244,125527,-5698,11425,112090,156,19228,639,1,38791,0.000998000000002719
49484000,-3317,14778,125140,-6905,4153,130495,110,19228,451,1,38792,0.0009999999999976694
49485000,4522,6905,126142,7980,6486,120726,104,19233,451,0,38793,0.0010000000000047748
49486000,10166,-2892,121704,3985,-8591,127432,82,19226,426,0,38794,0.0009999999999976694
49487000,11382,-2775,122932,8179,-5086,124510,82,19231,336,0,38795,0.0009999999999976694
49488000,6569,4256,125408,5078,-8281,127531,111,19225,455,0,38796,0.0010000000000047748
49489000,4707,-3239,125688,2179,617,126596,123,19225,504,1,38797,0.0009999999999976694
49490000,2373,13719,129903,-273,13034,121808,113,19230,463,1,38798,0.0009999999999976694
49491000,3447,284,127641,8020,-6,132403,97,19230,463,1,38799,0.0010000000000047748
49492000,8627,3945,125137,7296,-576,117836,130,19232,397,0,38800,0.0009999999999976694
49493000,9309,2195,126653,3159,-5430,131390,130,19225,532,0,38801,0.0009999999999976694
49494000,9718,-17981,127202,21115,-5297,129393,101,19228,414,0,38802,0.0010000000000047748
49495000,5839,92,128111,-4784,-5001,127363,101,19228,414,0,38803,0.0009999999999976694
49496000,2360,2036,130112,-9486,460,135305,138,19236,565,1,38804,0.0009999999999976694
49497000,-256,12971,129556,13475,9401,121036,114,19236,565,1,38805,0.0010000000000047748
49498000,622,6967,128849,-4515,1767,128633,103,19229,467,1,38806,0.0009999999999976694
49499000,9192,-6911,127369,-6527,-9690,130710,103,19220,422,0,38807,0.0009999999999976694
49500000,8043,-15697,127931,22114,-13033,131290,124,19231,508,0,38808,0.0010000000000047748
49501000,9154,223,128757,9591,-3098,132674,104,19231,426,0,38809,0.0009999999999976694
49502000,-3144,978,129027,-25751,6557,122165,114,19219,467,1,38810,0.0009999999999976694
49503000,-1211,10536,133725,-8231,12471,127023,114,19219,467,1,38811,0.0010000000000047748
49504000,-5348,1305,131457,14716,-2305,130679,100,19228,467,1,38812,0.0009999999999976694
49505002,-6330,-3849,129236,-17189,-9944,128386,100,19229,410,1,38813,0.0010019999999997253
49506002,1214,-2413,130385,-12850,1396,128358,121,19228,496,0,38814,0.0009999999999976694
49507000,3262,-3098,128721,9412,-6625,124622,100,19229,410,0,38815,0.000998000000002719
49508000,-824,2572,132240,-5960,-1811,133519,112,19224,459,0,38816,0.0009999999999976694
49509001,-8730,2789,131728,-22636,-1435,128887,146,19224,459,1,38817,0.00100100000000225
49510000,-8773,2161,131174,-9276,5002,130148,115,19227,598,1,38818,0.0009990000000001942
49511000,-7509,12129,130410,-6005,8101,125218,115,19231,471,1,38819,0.0009999999999976694
49512000,-3441,5235,128387,-10191,-4456,124565,96,19225,393,0,38820,0.0010000000000047748
49513000,-4096,-628,126884,-6753,-5931,129710,167,19232,684,0,38821,0.0009999999999976694
49514000,-2428,-1496,125873,-7916,-1051,123415,108,19231,442,0,38822,0.0009999999999976694
49515000,-622,13517,130098,-10629,15349,124697,116,19231,475,1,38823,0.0010000000000047748
49516000,-6665,8714,126626,-6095,3770,128172,124,19223,475,1,38824,0.0009999999999976694
49517002,-4097,2912,129644,-14836,-2991,131992,105,19231,508,1,38825,0.0010019999999997253
49518000,-3278,13736,127045,-6340,15859,114155,105,19231,430,1,38826,0.000998000000002719
49519000,2976,5766,125974,318,3255,132072,116,19228,475,0,38827,0.0009999999999976694
49520000,2139,-7091,125383,276,-6997,125843,95,19230,389,0,38828,0.0009999999999976694
49521000,749,-3194,121981,-5272,1032,125591,110,19230,451,0,38829,0.0010000000000047748
49522000,-1752,13166,128608,-2929,13167,118213,137,19228,451,1,38830,0.0009999999999976694
49523000,-2213,19636,127001,-2018,4389,125649,113,19220,561,1,38831,0.0009999999999976694
49524000,-1268,-31,125535,-3450,-2546,129575,113,19232,463,1,38832,0.0010000000000047748
49525000,4664,5707,123719,2421,10931,114770,92,19231,377,0,38833,0.0009999999999976694
49526000,9891,10889,125018,12752,-4748,126486,113,19233,463,0,38834,0.0009999999999976694
49527000,10090,-1386,124374,10482,-14674,129333,116,19233,475,0,38835,0.0010000000000047748
49528000,5788,-10880,126697,243,-12176,133434,120,19228,475,0,38836,0.0009999999999976694
49529000,2188,-2640,128435,-2274,8524,124098,128,19224,491,1,38837,0.0009999999999976694
49530000,679,26242,130949,7084,9626,116658,128,19227,524,1,38838,0.0010000000000047748
49531000,7512,11280,127152,7156,-7362,131444,107,19235,438,1,38839,0.0009999999999976694
49532000,6592,1038,126933,-4851,-3989,123561,105,19221,430,0,38840,0.0009999999999976694
49533000,11651,1202,126215,17259,-10182,126393,98,19224,401,0,38841,0.0010000000000047748
49534000,9435,-3153,126439,12736,-8771,128184,110,19224,401,0,38842,0.0009999999999976694
49535000,4247,-7044,129035,-13524,-8933,134920,126,19228,451,1,38843,0.0009999999999976694
49536000,3629,1955,130298,2877,11483,126237,126,19225,516,1,38844,0.0009999999999976694
49537000,1527,18009,130666,6122,11981,124975,116,19228,475,1,38845,0.0010000000000047748
49538000,1772,3854,128337,-9879,-2815,127805,98,19229,401,1,38846,0.0009999999999976694
49539000,9776,-9863,127828,9324,-21760,132401,143,19228,586,0,38847,0.0009999999999976694
49540000,9681,-12478,128759,20765,-17676,134866,112,19228,586,0,38848,0.0010000000000047748
49541000,2946,-5594,130297,-13188,8128,124789,107,19234,459,0,38849,0.0009999999999976694
49542000,-898,19691,135983,-17225,9567,121674,107,19227,438,1,38850,0.0009999999999976694
49543000,-6016,6010,132167,18191,-8100,137771,148,19231,606,1,38851,0.0010000000000047748
49544000,-11113,-4146,129591,-13685,-8387,132896,108,19232,442,1,38852,0.0009999999999976694
49545000,-1606,-7708,128460,-20996,-7817,127846,105,19222,430,0,38853,0.0009999999999976694
49546000,1393,-1020,129137,10954,8891,126042,106,19222,430,0,38854,0.0010000000000047748
49547000,8045,7647,130465,-2025,1390,126176,106,19231,434,0,38855,0.0009999999999976694
49548000,-5625,-6144,128009,-16071,-8171,132512,106,19229,434,0,38856,0.0009999999999976694
49549000,-7524,886,130289,-16331,3738,130766,124,19221,508,1,38857,0.0010000000000047748
49550000,-9435,3022,128797,-6509,6460,130073,112,19229,459,1,38858,0.0009999999999976694
49551000,-7641,16121,130756,-9422,12186,120269,99,19231,405,1,38859,0.0009999999999976694
49552000,-1248,2376,127153,-13010,-9359,131863,135,19231,405,0,38860,0.0010000000000047748
49553000,-4174,-7629,124320,1154,3316,134446,99,19224,553,0,38861,0.0009999999999976694
49554000,996,-3561,125846,-4718,-2359,116987,99,19232,405,0,38862,0.0009999999999976694
49555000,-4905,8993,128312,-8140,9998,124605,103,19230,422,1,38863,0.0010000000000047748
49556000,-6147,15628,130181,-7595,10681,126771,139,19228,569,1,38864,0.0009999999999976694
49557000,-8125,-394,128269,-11243,-10374,130194,115,19231,471,1,38865,0.0009999999999976694
49558000,-4422,-876,126244,-6703,309,127945,102,19231,471,0,38866,0.0010000000000047748
49559000,392,4906,125900,-3770,2969,113685,97,19221,418,0,38867,0.0009999999999976694
49560000,3135,3985,126147,3019,-1336,129758,97,19232,397,0,38868,0.0009999999999976694
49561000,2805,-3059,124122,-2381,-6829,127554,106,19228,434,0,38869,0.0010000000000047748
49562003,-3873,11674,125981,-5358,12040,120232,118,19219,483,1,38870,0.0010029999999972006
49563004,-3287,13638,126535,-3827,10104,122611,114,19231,467,1,38871,0.00100100000000225
49564007,2035,12019,125552,2408,7734,131544,98,19231,401,1,38872,0.0010029999999972006
49565000,8441,2692,124723,5705,-2375,120897,118,19231,401,0,38873,0.0009930000000011319
49566000,9155,-2855,121576,1494,1485,119449,101,19229,483,0,38874,0.0009999999999976694
49567002,8368,2328,127022,7518,-8253,131349,101,19227,414,0,38875,0.0010019999999997253
49568000,6866,-11645,121352,4433,-1916,123627,111,19226,455,0,38876,0.000998000000002719
49569000,1983,5523,126904,3221,8494,130327,146,19232,598,1,38877,0.0009999999999976694
49570000,2449,10578,128367,-5091,14250,114822,114,19232,467,1,38878,0.0010000000000047748
49571000,10050,12037,126760,11568,-6602,129042,97,19232,467,1,38879,0.0009999999999976694
49572000,9790,-9233,126422,775,-8664,130232,117,19226,397,0,38880,0.0009999999999976694
49573000,10768,-1904,127336,8745,-4936,128879,117,19228,479,0,38881,0.0010000000000047748
49574000,7413,-4251,129474,9901,-10610,129805,102,19229,418,0,38882,0.0009999999999976694
49575001,1385,3428,130693,-7530,2456,126456,111,19222,455,1,38883,0.00100100000000225
49576000,34,7757,131096,727,564,133435,111,19222,455,1,38884,0.0009990000000001942
49577001,2545,10668,129266,4695,-4078,123423,105,19229,455,1,38885,0.0010009999999951447
49578000,6052,8385,128314,-3372,-3858,126111,120,19232,430,1,38886,0.0009990000000001942
49579000,10448,-1067,128547,5593,-13624,129915,120,19221,491,0,38887,0.0010000000000047748
49580000,9912,-749,130763,13272,-6732,126895,94,19227,385,0,38888,0.0009999999999976694
49581000,4910,-9356,127907,-12151,-11121,137061,105,19226,430,0,38889,0.0009999999999976694
49582000,-467,2794,132799,-12419,8430,124124,135,19225,553,1,38890,0.0010000000000047748
49583000,-3656,7996,132061,3666,-302,127563,112,19225,553,1,38891,0.0009999999999976694
49584000,-5290,5243,130734,-5896,1560,127814,97,19229,459,1,38892,0.0009999999999976694
49585000,1013,-5828,130275,-14058,-7706,136029,97,19229,397,0,38893,0.0010000000000047748
49586000,-1014,-11993,127546,5634,-6840,129181,136,19231,557,0,38894,0.0009999999999976694
49587000,993,2080,130291,-3413,5625,123590,108,19229,442,0,38895,0.0009999999999976694
49588002,-10103,1754,130203,-10808,4543,134858,113,19222,463,1,38896,0.0010019999999997253
49589000,-6655,3949,131043,-15514,-6010,128112,128,19222,463,1,38897,0.000998000000002719
49590000,-7757,2024,129882,-10343,1068,132904,113,19229,524,1,38898,0.0009999999999976694
49591000,-7663,10572,131750,-7107,9065,123615,113,19231,463,1,38899,0.0010000000000047748
49592000,-1865,5595,127871,-9850,-4494,123629,114,19217,467,0,38900,0.0009999999999976694
49593000,-5777,-7448,125507,-6252,-9567,137230,105,19231,430,0,38901,0.0009999999999976694
49594000,-2232,262,127720,-5266,-1598,122948,102,19229,418,0,38902,0.0010000000000047748
49595000,-4664,3127,125820,-5123,3299,124359,126,19229,418,1,38903,0.0009999999999976694
49596000,-6991,20211,130177,-12943,14827,119525,118,19224,516,1,38904,0.0009999999999976694
49597000,-8193,-1386,126619,-237,-2530,131627,118,19230,483,1,38905,0.0010000000000047748
49598000,-2866,-434,125358,-8675,5317,121377,103,19228,422,0,38906,0.0009999999999976694
49599000,1641,9552,125968,-6734,2929,122981,144,19234,590,0,38907,0.0009999999999976694
49600000,3239,264,126979,12721,11954,124773,105,19230,430,0,38908,0.0009999999999976694
49601001,3622,-7484,125115,-17880,-11494,128639,107,19230,430,0,38909,0.00100100000000225
49602000,-582,-8281,125017,-1097,-2440,131987,148,19227,438,1,38910,0.0009990000000001942
49603000,-2461,21618,129568,5958,17245,114257,148,19228,606,1,38911,0.0009999999999976694
49604000,439,9653,126600,-5715,1860,124412,107,19231,438,1,38912,0.0010000000000047748
49605000,3967,4767,124472,1645,-1570,126146,105,19223,430,0,38913,0.0009999999999976694
49606000,4760,-543,121831,5001,-7031,123096,83,19229,340,0,38914,0.0009999999999976694
49607000,8232,-321,125608,14436,1313,122732,112,19229,459,0,38915,0.0010000000000047748
49608000,4749,35,128192,1470,-7132,127610,126,19229,459,1,38916,0.0009999999999976694
49609000,3079,531,126304,-5431,7038,124116,114,19228,516,1,38917,0.0009999999999976694
49610000,4381,14973,130526,8274,11612,128030,114,19229,467,1,38918,0.0010000000000047748
49611000,8709,-4025,123260,9005,-9300,124827,98,19230,401,1,38919,0.0009999999999976694
49612000,9850,5790,124035,-75,6401,122218,134,19224,549,0,38920,0.0009999999999976694
49613000,11042,-8554,127130,7861,-14988,138437,110,19224,451,0,38921,0.0010000000000047748
49614000,8810,-12585,125628,17564,-3695,122996,109,19227,451,0,38922,0.0009999999999976694
49615000,1426,5720,130315,-8438,6060,128378,139,19227,446,1,38923,0.0009999999999976694
49616001,1029,10068,132377,-5743,7757,127258,139,19231,569,1,38924,0.00100100000000225
49617000,-341,12554,130598,13391,-544,126174,113,19228,463,1,38925,0.0009990000000001942
49618010,2735,1714,128046,-8832,-11745,131783,104,19221,426,0,38926,0.0010100000000008436
49619001,11050,-10567,129009,16974,-6928,125134,120,19232,491,0,38927,0.000990999999999076
49620000,7541,-3431,129703,10090,-10623,139281,105,19232,491,0,38928,0.0009990000000001942
49621000,3396,-1551,129629,-18552,2437,125243,116,19228,430,0,38929,0.0009999999999976694
49622000,1178,7380,133504,-7395,3373,134960,116,19218,475,1,38930,0.0010000000000047748
49623000,-6189,-3527,132846,4326,5566,131185,108,19233,442,1,38931,0.0009999999999976694
49624000,-9142,17142,129652,-15017,-10061,121639,97,19231,397,1,38932,0.0009999999999976694
49625000,972,-7878,128750,-9852,-16737,142267,124,19226,508,0,38933,0.0010000000000047748
49626000,-1280,-5333,129483,8717,-2710,122523,102,19226,508,0,38934,0.0009999999999976694
49627000,3500,9637,130780,-7161,2678,125115,111,19232,418,0,38935,0.0009999999999976694
49628000,-7038,9036,130874,-23467,-869,129343,111,19226,455,1,38936,0.0010000000000047748
49629000,-8248,-3777,131290,-7267,-3482,137714,148,19229,606,1,38937,0.0009999999999976694
49630000,-8314,5637,130020,-3203,3385,124716,113,19229,463,1,38938,0.0009999999999976694
49631000,-5282,12169,129208,-15014,10824,119535,101,19226,414,1,38939,0.0010000000000047748
49632000,-1948,3753,129178,-7745,-4477,128926,159,19226,414,0,38940,0.0009999999999976694
49633001,-2019,-5916,124993,2084,-15082,128274,104,19230,651,0,38941,0.00100100000000225
49634000,-668,-2809,126841,-10339,-980,127510,104,19232,426,0,38942,0.0009990000000001942
49635000,-6026,7696,131224,-13186,12465,121688,113,19220,463,1,38943,0.0009999999999976694
49636000,-8688,18668,128884,-4390,-19,124398,117,19227,479,1,38944,0.0009999999999976694
49637000,-7047,3696,127221,-10060,-4932,134079,105,19230,430,1,38945,0.0010000000000047748
49638001,-1502,175,127247,-3717,-2729,123120,117,19230,430,0,38946,0.0010009999999951447
49639000,585,14102,125675,6026,1838,115488,99,19225,479,0,38947,0.0009990000000001942
49640000,2812,-2983,122341,-4281,-3886,132091,99,19226,405,0,38948,0.0010000000000047748
49641000,1779,-639,126740,-8063,3672,122627,110,19231,451,0,38949,0.0009999999999976694
49642000,749,10698,124877,-188,9143,124446,141,19219,577,1,38950,0.0009999999999976694
49643001,-3732,12237,125413,1393,10331,123550,113,19230,463,1,38951,0.00100100000000225
49644001,3116,8454,125312,-9059,5499,123489,94,19230,463,1,38952,0.0009999999999976694
49645000,11916,2489,121782,10377,785,125631,116,19227,385,0,38953,0.0009990000000001942
49646000,12497,4182,124899,15549,-5596,123791,116,19229,475,0,38954,0.0010000000000047748
49647000,7910,-15262,122220,2796,-7010,133804,125,19228,512,0,38955,0.0009999999999976694
49648000,3201,2570,129629,3399,-3732,117928,121,19222,496,1,38956,0.0009999999999976694
49649002,2809,4741,126645,4195,4914,132898,125,19228,512,1,38957,0.0010019999999997253
49650003,1827,13298,130315,3216,11646,120661,106,19228,434,1,38958,0.00100100000000225
49651002,6856,8045,125270,3689,1471,121982,110,19229,434,0,38959,0.0009990000000001942
49652000,11664,-2574,125343,2941,-7386,129188,85,19219,451,0,38960,0.000998000000002719
49653000,11303,-6261,126978,18243,-9701,126148,85,19228,348,0,38961,0.0009999999999976694
49654000,7970,-10237,127605,2333,-11290,133361,101,19231,414,0,38962,0.0009999999999976694
49655000,2644,4699,130455,-6744,6388,124527,125,19225,512,1,38963,0.0010000000000047748
49656000,-216,16935,132393,5274,12765,131894,113,19225,463,1,38964,0.0009999999999976694
49657003,-1080,7156,126695,2295,1171,127638,97,19230,463,1,38965,0.0010029999999972006
49658003,5955,-5725,128456,-5498,-12496,134731,147,19227,397,0,38966,0.0010000000000047748
49659000,10652,-6855,129710,6777,-7494,125084,147,19234,602,0,38967,0.0009969999999981383
49660000,9370,-5551,127013,22159,-7560,129588,100,19230,410,0,38968,0.0009999999999976694
49661000,3760,2567,132566,-20134,534,129886,105,19225,430,1,38969,0.0009999999999976694
49662000,-1900,8902,132571,-7413,1565,127029,138,19225,565,1,38970,0.0010000000000047748
49663002,-9350,3835,129937,8907,678,132249,106,19228,565,1,38971,0.0010019999999997253
49664000,-5516,7173,133290,-19750,-6056,126417,105,19232,434,1,38972,0.0009979999999956135
49665000,853,-13152,127839,-7330,-13988,133777,105,19221,430,0,38973,0.0010000000000047748
49666000,5151,-2262,131699,2388,3218,126729,86,19232,352,0,38974,0.0009999999999976694
49667003,-4997,-3723,129060,-13346,-1001,128676,107,19230,438,0,38975,0.001003000000004306
49668002,-7069,7301,132809,-14661,8243,124136,130,19224,532,1,38976,0.0009989999999930887
49669000,-11434,5978,131178,-8402,-1611,134782,117,19224,532,1,38977,0.000998000000002719
49670001,-11229,3523,129887,-13866,9623,129379,101,19228,479,1,38978,0.00100100000000225
49671000,-3004,18227,131934,-6586,-3332,119042,101,19233,414,1,38979,0.0009990000000001942
49672000,-5664,-4501,123966,-7762,-9956,132706,137,19225,561,0,38980,0.0009999999999976694
49673000,576,-3242,127100,-7101,-654,126838,111,19228,455,0,38981,0.0009999999999976694
49674000,-2350,3270,125897,-3559,3500,122590,112,19223,459,0,38982,0.0010000000000047748
49675000,-4085,5380,126216,-16155,16005,128882,141,19223,459,1,38983,0.0009999999999976694
49676000,-7645,8454,128989,-12104,2687,124331,117,19228,577,1,38984,0.0009999999999976694
49677000,-4424,4145,125271,-2841,-525,128784,117,19232,479,1,38985,0.0010000000000047748
49678002,1836,4782,123811,-91,-4273,124957,108,19219,442,0,38986,0.0010019999999997253
49679001,-4884,-4194,126070,-2900,-7745,130244,95,19231,389,0,38987,0.0009990000000001942
49680000,3305,103,123912,-5745,-3923,123244,108,19228,442,0,38988,0.0009990000000001942
49681000,-4901,14599,128093,1009,11972,122244,118,19228,442,1,38989,0.0009999999999976694
49682000,-2206,8625,125186,-6143,6305,135488,109,19219,483,1,38990,0.0009999999999976694
49683000,-1963,8605,126003,-4746,1122,114405,109,19230,446,1,38991,0.0010000000000047748
49684000,4782,4678,124566,3605,7470,129080,98,19230,401,0,38992,0.0009999999999976694
49685000,10159,1896,124849,7945,-1502,122043,124,19230,508,0,38993,0.0009999999999976694
49686000,9569,-1810,123288,2827,-10368,126918,105,19226,430,0,38994,0.0010000000000047748
49687000,8601,-8548,124416,3949,-7591,133206,111,19226,430,0,38995,0.0009999999999976694
49688000,-88,2865,126279,6315,6192,118238,140,19228,455,1,38996,0.0009999999999976694
49689000,5017,11612,126970,-559,7896,127457,140,19230,573,1,38997,0.0010000000000047748
49690000,4662,13541,126339,7398,5658,122884,111,19231,455,1,38998,0.0009999999999976694
49691000,9149,-138,123595,9276,1601,127048,101,19225,414,0,38999,0.0009999999999976694
49692000,13143,46,128124,4934,1437,121232,127,19231,520,0,39000,0.0010000000000047748
49693000,7101,-5471,125547,14736,-9079,136169,105,19231,430,0,39001,0.0009999999999976694
49694000,6669,-18333,126735,-2846,-3589,138262,110,19226,430,0,39002,0.0009999999999976694
49695000,2220,2986,130418,-3713,5556,122231,107,19223,451,1,39003,0.0010000000000047748
49696000,2254,13996,129815,8495,10588,124778,107,19228,438,1,39004,0.0009999999999976694
49697000,678,14268,129955,-2203,3637,124772,105,19230,430,1,39005,0.0009999999999976694
49698000,6520,-17102,127577,-1323,-23837,138971,126,19220,516,0,39006,0.0010000000000047748
49699000,8676,-5366,128256,17068,-2728,121900,97,19220,397,0,39007,0.0009999999999976694
49700000,616,2871,130107,2733,-5589,129822,101,19231,397,0,39008,0.0009999999999976694
49701000,2656,-155,132187,-17429,4099,127597,140,19227,414,1,39009,0.0010000000000047748
49702002,-3836,5519,133083,-423,-901,135301,140,19229,573,1,39010,0.0010019999999997253
49703000,-6263,-2974,127173,3968,5780,128350,113,19230,463,1,39011,0.0009979999999956135
49704000,-2118,9991,132149,-20193,4852,131252,98,19228,401,1,39012,0.0010000000000047748
49705000,1032,-10632,126918,-1052,-19285,135397,131,19228,537,0,39013,0.0009999999999976694
49706000,6999,7487,129149,8996,9628,120160,113,19231,537,0,39014,0.0009999999999976694
49707000,-6299,-1588,129937,-19708,-2146,134958,119,19227,463,0,39015,0.0010000000000047748
49708000,-4153,1231,131835,-9657,-174,126388,119,19223,487,1,39016,0.0009999999999976694
49709000,-10077,9384,131154,-4941,-782,132021,123,19225,504,1,39017,0.0009999999999976694
49710000,-9893,4849,130263,-14039,8802,126814,109,19230,446,1,39018,0.0010000000000047748
49711000,-2817,13163,131110,-8558,-6750,126697,119,19230,487,0,39019,0.0009999999999976694
49712000,-2955,-9705,125237,-5748,-4670,131045,92,19218,487,0,39020,0.0009999999999976694
49713000,471,259,129509,-4625,-3696,125652,103,19230,377,0,39021,0.0010000000000047748
49714001,-4095,-4023,124476,-9219,2216,126300,103,19229,422,1,39022,0.0010009999999951447
49715000,-3582,21917,129300,-11846,7430,126147,130,19223,532,1,39023,0.0009990000000001942
49716000,-6981,1839,126224,-8277,-3204,130132,118,19233,483,1,39024,0.0010000000000047748
49717001,-4521,1852,128106,-3297,22361,118678,101,19226,414,1,39025,0.0010009999999951447
49718000,1768,22787,126149,-1102,-11080,123899,133,19226,414,0,39026,0.0009990000000001942
49719000,-467,-10387,121507,-3839,-8441,132758,107,19232,545,0,39027,0.0010000000000047748
49720002,4575,-2986,128262,-2670,-9127,129685,107,19229,438,0,39028,0.0010019999999997253
49721002,-2355,3408,124940,1669,10326,116005,109,19224,446,1,39029,0.0009999999999976694
49722000,-2078,27100,129832,-6895,16426,124752,143,19230,586,1,39030,0.0009979999999956135
49723000,-1284,-2129,123699,-2613,-4236,129980,106,19233,434,1,39031,0.0010000000000047748
49724000,7743,4476,123208,8486,5241,120820,105,19233,434,0,39032,0.0009999999999976694
49725001,8777,3291,123372,7210,-3968,121406,90,19226,430,0,39033,0.00100100000000225
49726001,9601,-1518,124397,8124,-2079,122370,90,19228,369,0,39034,0.0009999999999976694
49727001,9302,137,126075,3008,-13909,134824,113,19227,463,0,39035,0.0009999999999976694
49728000,2371,-7965,126222,2387,6950,125741,128,19224,524,1,39036,0.0009990000000001942
49729000,2968,7137,132126,1837,13988,120720,113,19231,463,1,39037,0.0010000000000047748
49730000,3618,10791,127428,5518,-6492,126758,98,19231,463,1,39038,0.0009999999999976694
49731003,9442,-1086,124594,6373,-8864,131574,143,19228,401,0,39039,0.001003000000004306
49732002,8312,-3827,127554,7387,-5811,127061,143,19228,586,0,39040,0.0009989999999930887
49733002,6633,480,127282,13131,-5925,124650,111,19229,455,0,39041,0.0010000000000047748
49734002,6168,-5391,128432,-4891,-3169,132826,108,19224,442,1,39042,0.0009999999999976694
49735000,1626,7431,131592,643,5420,127279,130,19231,532,1,39043,0.000998000000002719
49736000,1920,9394,127060,3679,3711,124607,109,19231,532,1,39044,0.0009999999999976694
49737000,3310,4286,128608,-6186,4641,127263,106,19234,446,1,39045,0.0009999999999976694
49738000,9660,-13105,126875,4908,-10742,129905,106,19223,434,0,39046,0.0010000000000047748
49739000,11716,-12827,130614,18708,-13394,133483,124,19226,508,0,39047,0.0009999999999976694
49740002,1233,-4012,128279,-1741,-7873,130969,110,19229,451,0,39048,0.0010019999999997253
49741000,-3578,3407,131379,-23593,16939,122446,118,19223,483,1,39049,0.000998000000002719
49742000,-3053,10973,132937,166,4426,125338,107,19223,438,1,39050,0.0009999999999976694
49743000,-7663,-3239,130890,10533,-13565,140482,99,19230,438,1,39051,0.0009999999999976694
49744000,-3280,-3238,128617,-20990,-7555,126040,133,19228,405,0,39052,0.0010000000000047748
49745000,-3491,-2498,130545,-10905,-8091,127818,133,19225,545,0,39053,0.0009999999999976694
49746001,4683,1897,130679,10408,4544,126022,103,19232,422,0,39054,0.00100100000000225
49747000,-5046,6993,132715,-12457,-2313,127575,106,19224,434,0,39055,0.0009990000000001942
49748000,-9736,-6572,128224,-19901,-4184,137728,144,19224,590,1,39056,0.0009999999999976694
49749000,-8748,13527,131746,-9166,9937,121629,113,19229,590,1,39057,0.0009999999999976694
49750001,-4583,6789,127677,-6825,6664,128820,102,19229,463,1,39058,0.00100100000000225
49751001,-50,3571,129332,-6120,-1430,129691,102,19224,418,0,39059,0.0009999999999976694
49752000,-4382,-9888,123974,-11563,-15333,132176,151,19236,618,0,39060,0.0009990000000001942
49753000,-1479,10737,126717,-7524,13507,110445,101,19233,414,0,39061,0.0010000000000047748
49754000,-2113,11726,127791,-4271,8144,132845,114,19233,467,1,39062,0.0009999999999976694
49755000,-6117,-1237,128474,-4936,-4690,129229,110,19219,467,1,39063,0.0009999999999976694
49756000,-5994,7670,126405,-19648,-3360,120619,105,19227,451,1,39064,0.0010000000000047748
49757000,-2222,3665,126400,-3731,10344,125280,105,19234,430,0,39065,0.0009999999999976694
49758000,4796,10019,127683,7066,-3475,120783,124,19224,508,0,39066,0.0009999999999976694
49759000,-651,-10528,122080,-6627,-7416,131732,106,19228,434,0,39067,0.0010000000000047748
49760000,-30,-567,126611,-9684,1885,125344,111,19224,455,0,39068,0.0009999999999976694
49761000,-1982,10145,126149,2085,14072,118735,149,19224,455,1,39069,0.0009999999999976694
49762000,-6107,24085,128352,1261,7812,122643,113,19227,610,1,39070,0.0010000000000047748
49763000,824,5029,124767,-6858,-3335,128392,113,19230,463,1,39071,0.0009999999999976694
49764000,5652,-4249,124619,6517,240,129315,98,19228,401,0,39072,0.0009999999999976694
49765000,11019,19468,129062,14021,-13206,112760,107,19232,438,0,39073,0.0010000000000047748
49766000,8995,-4798,122314,9812,-8666,132663,109,19230,446,0,39074,0.0009999999999976694
49767001,3333,-4338,130398,-5276,-4546,133220,117,19230,446,0,39075,0.00100100000000225
49768000,4379,-4343,123737,2235,5061,119991,110,19221,479,1,39076,0.0009990000000001942
49769000,3577,15424,128547,11558,14241,125901,110,19228,451,1,39077,0.0009999999999976694
49770000,7245,8383,126917,-147,-242,122550,101,19229,414,1,39078,0.0009999999999976694
49771000,11392,319,124000,3434,-6103,127029,113,19222,463,0,39079,0.0010000000000047748
49772000,12326,-6937,127369,16645,-12302,134416,93,19233,381,0,39080,0.0009999999999976694
49773000,8256,-9627,127601,7642,-7524,129875,102,19233,381,0,39081,0.0009999999999976694
49774000,923,7697,130618,-9384,-2893,121850,133,19228,418,1,39082,0.0010000000000047748
49775000,-129,12633,131484,-1009,11957,130024,133,19228,545,1,39083,0.0009999999999976694
49776000,-1901,1751,131016,5554,406,137691,114,19233,467,1,39084,0.0009999999999976694
49777000,5614,1324,129504,-1280,-9770,117552,97,19229,397,1,39085,0.0010000000000047748
49778000,8886,-6749,126672,4831,-13828,131448,147,19233,602,0,39086,0.0009999999999976694
49779000,9005,-6888,131938,17715,-9310,132612,107,19233,602,0,39087,0.0009999999999976694
49780000,2830,-3220,127829,-16623,834,126869,111,19231,438,0,39088,0.0010000000000047748
49781000,655,9695,134036,-14855,7484,127925,111,19224,455,1,39089,0.0009999999999976694
49782000,-9199,10375,131669,14485,2947,126320,134,19226,549,1,39090,0.0009999999999976694
49783000,-6328,-3258,129629,-19275,-10561,133054,102,19229,418,1,39091,0.0010000000000047748
49784000,-646,-7202,128937,-11705,-11771,134480,109,19220,446,0,39092,0.0009999999999976694
49785000,2127,-4239,128997,8992,1780,127845,89,19220,365,0,39093,0.0009999999999976694
49786000,2554,8362,129896,-2913,4875,120690,110,19228,365,0,39094,0.0009999999999976694
49787000,-7176,-699,129194,-17556,-4880,133045,137,19228,451,1,39095,0.0010000000000047748
49788000,-6014,130,130565,-12937,4847,137490,137,19216,561,1,39096,0.0009999999999976694
49789000,-9444,-1779,127910,-3987,5358,124864,116,19229,475,1,39097,0.0009999999999976694
49790002,-5846,22611,131862,-13890,16030,119254,100,19228,410,1,39098,0.0010020000000068308
49791000,-1527,-1357,126729,-9067,-9629,132779,147,19228,602,0,39099,0.0009979999999956135
49792000,-4474,-13711,124785,442,-12218,133801,104,19224,602,0,39100,0.0009999999999976694
49793000,2147,-834,128522,-7837,-1134,128969,110,19231,426,0,39101,0.0010000000000047748
49794000,-6582,13998,127695,-7026,15284,115995,110,19224,451,1,39102,0.0009999999999976694
49795000,-6435,14394,130982,-9621,8036,127207,139,19224,569,1,39103,0.0009999999999976694
49796000,-6809,-3071,127388,-11808,-6056,134650,113,19231,463,1,39104,0.0010000000000047748
49797000,-2500,6178,125973,2349,7515,121400,108,19231,442,0,39105,0.0009999999999976694
49798000,91,8443,126306,-799,4986,124921,85,19217,442,0,39106,0.0009999999999976694
49799000,2336,-755,122955,-6223,-6047,130949,107,19230,348,0,39107,0.0010000000000047748
49800000,5433,2056,127064,-2748,5143,122718,107,19229,438,0,39108,0.0009999999999976694
49801000,-3352,119,123128,-1057,6360,118959,126,19219,516,1,39109,0.0009999999999976694
49802000,-798,15574,126100,-2822,12110,125945,115,19229,471,1,39110,0.0010000000000047748
49803000,279,3393,124265,-2583,-4281,125239,97,19231,397,1,39111,0.0009999999999976694
49804000,8502,114,122683,6647,1351,126020,133,19231,397,0,39112,0.0009999999999976694
49805000,6874,2365,126946,5497,-4717,121637,110,19233,545,0,39113,0.0010000000000047748
49806000,8345,-1707,125095,5319,-7883,128196,110,19227,451,0,39114,0.0009999999999976694
49807000,3282,-3713,127887,10698,-5826,131944,115,19230,471,1,39115,0.0009999999999976694
49808001,-901,4095,126715,-9971,9785,121648,139,19229,569,1,39116,0.00100100000000225
49809001,6035,25175,128647,8351,4481,121618,112,19232,459,1,39117,0.0009999999999976694
49810000,6160,5589,124496,12692,-493,124693,102,19232,459,1,39118,0.0009990000000001942
49811000,11413,-7303,125901,5777,-244,132497,115,19226,418,0,39119,0.0010000000000047748
49812000,13292,1789,127786,10850,-22645,127089,115,19230,471,0,39120,0.0009999999999976694
49813000,7793,-12691,124827,-1677,-9094,133200,105,19228,430,0,39121,0.0009999999999976694
49814000,5162,1347,133430,-825,7204,128419,115,19220,471,1,39122,0.0010000000000047748
49815000,-1540,11037,129680,4767,8252,121358,109,19230,446,1,39123,0.0009999999999976694
49816001,1595,12834,129555,-2178,1442,128828,101,19230,446,1,39124,0.00100100000000225
49817000,3327,2118,128251,2072,-8378,127216,127,19233,414,0,39125,0.0009990000000001942
49818002,13530,-10975,126418,10259,-7949,128356,127,19223,520,0,39126,0.0010019999999997253
49819005,8378,-566,129969,7909,-4457,128062,109,19228,446,0,39127,0.0010029999999972006
49820000,568,-10247,130268,-12470,-6977,134813,111,19230,455,0,39128,0.0009950000000031878
49821000,1634,9309,132660,-11115,3092,128105,145,19228,594,1,39129,0.0009999999999976694
49822000,-9284,3937,133433,3246,1840,132192,110,19228,594,1,39130,0.0009999999999976694
49823000,-6336,-1502,131891,-5525,5065,123910,98,19231,451,1,39131,0.0010000000000047748
49824000,1820,-4232,128209,-17386,-17472,135256,98,19222,401,0,39132,0.0009999999999976694
49825000,-65,-7851,128581,6597,-6474,129756,125,19229,512,0,39133,0.0009999999999976694
49826000,80,4717,130525,-1834,1108,126125,112,19229,459,0,39134,0.0010000000000047748
49827000,-9277,1731,132221,-18804,-502,132271,116,19220,475,1,39135,0.0009999999999976694
49828002,-8959,6367,131620,-13172,2406,131417,115,19220,471,1,39136,0.0010019999999997253
49829003,-9440,950,128142,-6067,1058,132274,104,19229,471,1,39137,0.00100100000000225
49830000,-2921,13673,129685,-5207,8779,119366,104,19232,426,1,39138,0.0009969999999981383
49831000,-2135,-2681,125431,-9924,-9009,130356,119,19217,487,0,39139,0.0009999999999976694
49832000,-3207,-9957,126734,-5017,-5123,131224,95,19232,389,0,39140,0.0010000000000047748
49833001,665,-3577,127767,-6558,-8126,130182,105,19227,430,0,39141,0.0010009999999951447
49834000,-8032,8501,127808,-10312,12860,119686,133,19227,545,1,39142,0.0009990000000001942
49835000,-6423,18039,128184,-8525,14884,122324,114,19226,545,1,39143,0.0010000000000047748
49836000,-8708,-6617,124747,-6893,-9343,127458,99,19228,467,1,39144,0.0009999999999976694
49837000,2257,8027,128016,-7187,-200,123824,99,19228,405,0,39145,0.0009999999999976694
49838000,-585,462,124129,6856,-2722,127503,134,19235,549,0,39146,0.0010000000000047748
49839000,-134,3556,125874,-3741,1310,119418,110,19233,451,0,39147,0.0009999999999976694
49840000,2346,-4251,125439,-10211,-6448,133998,112,19233,459,0,39148,0.0009999999999976694
49841000,-4079,11081,126687,4588,12416,120044,136,19222,459,1,39149,0.0010000000000047748
49842000,445,11723,126405,-4458,7950,125655,101,19229,557,1,39150,0.0009999999999976694
49843000,1707,8757,123680,641,8233,119802,101,19234,414,1,39151,0.0009999999999976694
49844000,10983,6194,123325,1853,1157,124224,110,19229,451,0,39152,0.0010000000000047748
49845000,9453,-9943,122052,13074,-10021,127073,107,19226,438,0,39153,0.0009999999999976694
49846000,5618,-775,126892,7313,-10024,132191,118,19227,483,0,39154,0.0009999999999976694
49847000,4636,-1029,124289,-6401,-950,117412,133,19227,483,1,39155,0.0009999999999976694
49848000,994,16493,131389,4344,15920,126283,113,19224,545,1,39156,0.0010000000000047748
49849000,5837,-2543,126046,9492,-8277,132617,113,19231,463,1,39157,0.0009999999999976694
49850000,6452,788,124619,1549,6297,114242,97,19229,397,0,39158,0.0009999999999976694
49851000,10952,4047,128551,1862,-10451,136464,148,19231,606,0,39159,0.0010000000000047748
49852000,11588,-3075,126516,18488,-9046,122912,104,19229,426,0,39160,0.0009999999999976694
49853000,3645,-5901,127021,5654,-8404,134665,101,19229,426,0,39161,0.0009999999999976694
49854000,3597,-1969,131344,-14386,15919,126740,123,19224,414,1,39162,0.0010000000000047748
49855002,38,17276,129720,18582,5355,123578,123,19228,504,1,39163,0.0010019999999997253
49856004,260,9525,128094,-4400,-4659,129282,108,19231,442,1,39164,0.0010019999999997253
49857000,7041,883,128990,-5150,-19304,130137,110,19220,451,0,39165,0.000996000000000663
49858000,9224,-21388,126835,23585,-11347,133908,105,19231,430,0,39166,0.0009999999999976694
49859000,9815,13325,132446,1283,-2672,120590,104,19231,430,0,39167,0.0009999999999976694
49860000,-954,-3436,128833,-17523,-2989,135486,119,19229,426,1,39168,0.0010000000000047748
49861000,-531,10135,135342,-8141,7418,124888,119,19221,487,1,39169,0.0009999999999976694
49862000,-5848,5239,128882,9108,-4706,129291,110,19228,451,1,39170,0.0009999999999976694
49863000,-5678,-6014,128443,-18307,-6534,134039,100,19230,410,1,39171,0.0010000000000047748
49864000,3111,-1895,131090,-6970,-2859,123631,135,19228,553,0,39172,0.0009999999999976694
49865000,-1421,-2440,128446,7699,-9410,134168,106,19228,553,0,39173,0.0009999999999976694
49866000,2140,5723,131143,-12690,11340,119920,110,19228,434,0,39174,0.0010000000000047748
49867000,-10834,5969,133394,-16952,-7931,135631,110,19224,451,1,39175,0.0009999999999976694
49868000,-9446,-2344,130587,-5931,2272,127466,142,19228,582,1,39176,0.0009999999999976694
49869000,-12144,8912,131284,-4979,296,131387,111,19233,455,1,39177,0.0010000000000047748
49870000,-2978,2580,130463,-14257,5671,124076,103,19226,422,1,39178,0.0009999999999976694
49871000,-3636,10787,127878,-4729,-6244,120253,143,19226,422,0,39179,0.0009999999999976694
49872008,-4524,-6037,124937,520,-15269,137071,105,19236,586,0,39180,0.001008000000005893
49873002,1155,3784,127877,-15467,14035,117946,105,19229,430,0,39181,0.0009939999999986071
49874000,-7843,9698,127232,-8806,6326,127003,118,19225,483,1,39182,0.0009979999999956135
49875000,-3284,5811,127199,-8580,4092,129361,112,19228,459,1,39183,0.0010000000000047748
49876001,-4456,4136,125645,-9386,863,123102,103,19230,422,1,39184,0.0010009999999951447
49877000,-83,2424,126270,2063,-2691,128775,128,19230,524,0,39185,0.0009990000000001942
49878000,1535,-322,124188,-982,-4158,123585,106,19226,524,0,39186,0.0010000000000047748
49879000,-1282,2361,123848,-9501,-2064,129308,112,19228,434,0,39187,0.0009999999999976694
49880000,629,6068,127274,-2623,5517,118604,112,19226,459,1,39188,0.0009999999999976694
49881000,-4592,12792,125855,-893,7343,123742,153,19222,627,1,39189,0.0010000000000047748
49882000,-4189,5745,125554,-4147,10425,134088,109,19232,446,1,39190,0.0009999999999976694
49883000,5091,3382,123016,-953,3260,113183,93,19232,381,0,39191,0.0009999999999976694
49884000,9801,7190,124532,12835,958,125737,104,19226,381,0,39192,0.0010000000000047748
49885001,12239,1890,124445,7922,-4202,123619,114,19225,426,0,39193,0.0010009999999951447
49886000,6900,-14558,124140,-1203,-18639,133203,114,19227,467,0,39194,0.0009990000000001942
49887000,3067,-5078,128303,7668,-653,131259,121,19226,496,1,39195,0.0010000000000047748
49888000,-183,15812,128639,-2885,11681,116017,108,19227,442,1,39196,0.0009999999999976694
49889000,4710,9207,127121,6992,5172,129073,99,19227,405,1,39197,0.0009999999999976694
49890000,7319,2828,125652,6445,-2379,123629,117,19232,405,0,39198,0.0010000000000047748
49891000,11927,7291,125585,251,-3282,127460,98,19222,479,0,39199,0.0009999999999976694
49892000,9629,-3422,127564,20402,-7054,128328,98,19232,401,0,39200,0.0009999999999976694
49893000,6180,-3896,129685,-7019,-10105,136109,104,19229,426,0,39201,0.0010000000000047748
49894000,3683,4296,132437,-1325,8204,119800,135,19228,553,1,39202,0.0009999999999976694
49895000,1813,14512,129924,6739,11786,127702,112,19229,459,1,39203,0.0009999999999976694
49896000,1411,3638,128831,-3343,-1003,130199,101,19229,459,1,39204,0.0010000000000047748
49897000,7901,-4783,126414,27,-15333,128820,153,19228,414,0,39205,0.0009999999999976694
49898000,13102,-13926,127573,11242,-6971,135262,153,19231,627,0,39206,0.0009999999999976694
49899000,4439,-418,131293,18418,391,122465,105,19228,430,0,39207,0.0010000000000047748
49900001,820,10401,132092,-29469,594,123588,110,19222,451,1,39208,0.0010009999999951447
49901000,-3355,9236,133002,-4759,4750,134524,132,19231,541,1,39209,0.0009990000000001942
49902000,-8699,258,130634,-8835,-12754,132345,104,19231,541,1,39210,0.0010000000000047748
49903000,127,667,127488,-22874,-13302,125441,112,19238,426,1,39211,0.0009999999999976694
49904000,-1965,-5942,128051,1554,-3942,127514,112,19213,459,0,39212,0.0009999999999976694
49905003,10479,5296,132235,6731,3208,132997,90,19230,369,0,39213,0.001003000000004306
49906000,-3670,3525,129066,-16905,-6620,123307,111,19227,455,0,39214,0.0009969999999981383
49907000,-8160,3311,130286,-24628,2154,132957,139,19222,569,1,39215,0.0009999999999976694
49908000,-10472,-527,130583,-1884,5125,128425,116,19222,569,1,39216,0.0010000000000047748
49909000,-9965,14472,129964,-9707,13594,115778,103,19229,475,1,39217,0.0009999999999976694
49910000,-1088,7109,129014,-11311,-9056,138350,103,19221,422,0,39218,0.0009999999999976694
49911000,-6899,-9217,125297,-6389,-5267,123397,149,19226,610,0,39219,0.0009999999999976694
49912000,3443,1099,126852,-5520,695,126084,105,19232,430,0,39220,0.0010000000000047748
49913000,-2885,4512,130083,-1445,6693,125093,108,19227,442,0,39221,0.0009999999999976694
49914000,-5807,8170,128129,-16316,6000,125429,130,19227,442,1,39222,0.0009999999999976694
49915000,-7530,6266,127309,-16289,-1859,132043,112,19229,532,1,39223,0.0010000000000047748
49916000,-5018,3454,125188,-1369,9551,119073,112,19230,459,1,39224,0.0009999999999976694
49917000,3144,4913,128562,11476,5008,130306,111,19218,455,0,39225,0.0009999999999976694
49918000,-2697,-6655,121908,-10208,-12905,125243,91,19231,373,0,39226,0.0010000000000047748
49919000,4795,-264,124294,-12000,-1097,127534,113,19229,463,0,39227,0.0009999999999976694
49920000,-3832,10265,127237,11601,10618,124223,133,19229,463,1,39228,0.0009999999999976694
49921000,-3041,16664,126757,-8783,11493,118019,116,19219,545,1,39229,0.0010000000000047748
49922000,-1170,3380,125782,-4954,-359,134088,116,19228,475,1,39230,0.0009999999999976694
49923000,3084,29,124315,6078,-2353,122497,97,19229,397,0,39231,0.0009999999999976694
49924000,15179,7854,122105,10288,-1821,122736,132,19234,541,0,39232,0.0010000000000047748
49925000,6604,-1009,125466,5312,-404,123513,108,19228,442,0,39233,0.0009999999999976694
49926000,9760,-7441,125117,-4836,-5548,131705,113,19228,463,0,39234,0.0009999999999976694
49927000,1506,-8082,125407,12904,3008,129989,141,19228,463,1,39235,0.0010000000000047748
49928000,176,12456,128646,-3737,9701,121326,111,19227,577,1,39236,0.0009999999999976694
49929000,7956,4819,123731,11980,8896,124542,111,19232,455,1,39237,0.0009999999999976694
49930002,7617,1356,127010,4951,-4332,121730,102,19221,418,0,39238,0.0010019999999997253
49931000,14893,-8513,127480,5727,-16648,137311,125,19228,512,0,39239,0.000998000000002719
49932000,4386,-7503,127152,20685,-8001,127932,110,19228,451,0,39240,0.0009999999999976694
49933001,1981,-2373,130452,-9516,-7053,129289,118,19230,451,1,39241,0.00100100000000225
49934000,1815,7902,130452,-6454,9623,126915,112,19225,483,1,39242,0.0009990000000001942
49935000,-68,15314,130749,9745,8061,127366,112,19230,459,1,39243,0.0009999999999976694
49936000,7633,-2754,125358,1577,-1867,128948,101,19228,414,1,39244,0.0010000000000047748
49937000,7112,-1966,128053,141,-7652,126291,131,19220,537,0,39245,0.0009999999999976694
49938000,10626,-10214,126233,18864,-8226,129930,100,19229,410,0,39246,0.0009999999999976694
49939000,5795,-1132,129924,250,-6869,131805,103,19229,410,0,39247,0.0010000000000047748
49940000,1963,3288,133660,-15464,1961,131327,146,19231,422,1,39248,0.0009999999999976694
49941000,-2742,12283,131267,1676,10287,127058,146,19228,598,1,39249,0.0009999999999976694
49942011,-9132,1492,131400,-1831,-1090,133672,110,19232,451,1,39250,0.0010110000000054242
49943002,951,-10617,129617,-18933,-9543,132036,99,19224,405,0,39251,0.000990999999999076
49944000,-1583,-5494,128823,2593,1203,125869,117,19233,479,0,39252,0.0009979999999956135
49945000,3209,6359,130579,3463,4107,126077,107,19233,479,0,39253,0.0010000000000047748
49946001,-6225,10477,131440,-18871,-2331,131091,117,19228,438,0,39254,0.0010009999999951447
49947000,-7907,-3710,129695,-11011,2326,132793,117,19221,479,1,39255,0.0009990000000001942
49948000,-7174,7448,133250,-4703,5521,126791,109,19227,446,1,39256,0.0010000000000047748
49949000,-9515,9601,130278,-10572,999,124847,107,19231,438,1,39257,0.0009999999999976694
49950000,-2709,6758,128129,-4163,-7379,132093,122,19219,500,0,39258,0.0009999999999976694
49951000,-3456,-8859,126042,-6575,-8491,130555,95,19219,500,0,39259,0.0010000000000047748
49952000,-1057,-4635,127087,-3792,1680,127051,101,19231,389,0,39260,0.0009999999999976694
49953000,-5252,12719,127193,-12099,7289,118636,101,19229,414,1,39261,0.0009999999999976694
49954001,-5728,17594,129152,-12770,3829,127112,135,19224,553,1,39262,0.00100100000000225
49955000,-6240,2588,127402,-839,-5116,134051,117,19229,479,1,39263,0.0009990000000001942
49956000,-3977,4313,125085,-8891,7260,113626,103,19224,422,0,39264,0.0009999999999976694
49957003,265,10442,125738,-4646,148,128534,116,19224,422,0,39265,0.001003000000004306
49958000,2387,-2292,126820,2724,-6552,123448,108,19229,475,0,39266,0.0009969999999981383
49959001,4655,-3659,124118,-7255,-7158,132611,108,19229,442,0,39267,0.00100100000000225
49960002,-1375,2277,127303,-1422,13881,119252,111,19219,455,1,39268,0.0010009999999951447
49961002,-3593,18216,126350,-967,13862,119644,137,19229,561,1,39269,0.0010000000000047748
49962000,-850,7010,126851,251,-1124,133634,105,19231,430,1,39270,0.0009979999999956135
49963003,6351,-628,122916,6432,-6835,121860,109,19231,430,0,39271,0.001003000000004306
49964000,7363,-1539,124643,2683,-1687,123512,104,19225,446,0,39272,0.0009969999999981383
49965031,6313,8496,125008,8863,-3079,115620,117,19226,426,0,39273,0.0010309999999975616
49966000,6502,-1070,125973,7017,-15523,137176,117,19226,479,0,39274,0.0009690000000048826
49967000,3439,-4318,126963,-3210,2889,126198,137,19225,561,1,39275,0.0009999999999976694
49968000,3524,17518,130148,1509,14032,118236,117,19228,479,1,39276,0.0009999999999976694
49969000,7515,3768,125080,8506,3952,129693,99,19228,405,1,39277,0.0010000000000047748
49970000,10456,-3021,125470,8536,-6388,125212,147,19232,405,0,39278,0.0009999999999976694
49971000,9041,-9925,124468,6227,-9660,136190,102,19235,602,0,39279,0.0009999999999976694
49972000,7873,-8006,126841,12149,-5883,124767,102,19229,418,0,39280,0.0009999999999976694
49973000,3183,1865,129358,-3748,608,128707,105,19224,430,1,39281,0.0010000000000047748
49974000,673,7199,131756,-2420,1992,127481,126,19230,516,1,39282,0.0009999999999976694
49975000,-2496,6482,129687,8362,2349,126731,107,19230,438,1,39283,0.0009999999999976694
49976002,2799,-1772,128712,-6158,2871,131529,109,19232,438,1,39284,0.0010020000000068308
49977002,9492,-8678,127904,3787,-16742,122409,93,19219,446,0,39285,0.0009999999999976694
49978000,10080,-5662,130427,22125,-8860,136089,93,19233,381,0,39286,0.0009979999999956135
49979000,2963,-4576,128471,-10497,-6837,131137,104,19228,426,0,39287,0.0010000000000047748
49980000,-1990,5013,131832,-17199,5532,122844,123,19224,504,1,39288,0.0009999999999976694
49981000,-6833,11444,133333,849,7180,129774,110,19224,451,1,39289,0.0009999999999976694
49982000,-8120,2952,129731,-1156,-856,129567,96,19232,451,1,39290,0.0010000000000047748
49983000,-1835,-8154,127515,-19213,-13108,132269,140,19239,393,0,39291,0.0009999999999976694
49984001,183,606,129562,-268,-2024,127733,140,19232,573,0,39292,0.00100100000000225
49985000,3644,1190,128796,3823,1534,128158,106,19231,434,0,39293,0.0009990000000001942
49986000,-5458,9083,133160,-15517,5069,125835,110,19224,451,1,39294,0.0009999999999976694
49987000,-6777,-2271,129328,-16462,-3057,128334,135,19228,553,1,39295,0.0009999999999976694
49988000,-9172,9433,131145,-9332,12255,124313,109,19228,553,1,39296,0.0010000000000047748
49989000,-3394,4002,128000,-6105,2706,128415,105,19230,446,1,39297,0.0009999999999976694
49990000,-1100,2602,127430,-8131,2067,127118,105,19223,430,0,39298,0.0009999999999976694
49991002,-3161,-6585,123532,-11762,-10817,127811,142,19229,582,0,39299,0.0010019999999997253
49992002,-354,4077,128653,-3672,7409,126177,113,19230,463,0,39300,0.0010000000000047748
49993000,-4169,13926,129923,-4448,2559,122642,121,19220,496,1,39301,0.0009979999999956135
49994000,-8816,9795,128825,-14118,1901,128718,112,19220,496,1,39302,0.0010000000000047748
49995000,-7129,5227,130809,-8553,-1993,130458,103,19227,459,1,39303,0.0009999999999976694
49996000,-337,3900,125849,419,-923,121402,103,19238,422,0,39304,0.0009999999999976694
49997000,1438,5852,126499,31,-1729,123536,135,19230,553,0,39305,0.0010000000000047748
49998000,2098,-2247,123771,-3556,-7167,125749,105,19228,430,0,39306,0.0009999999999976694
49999000,1141,3609,124518,-3390,-2034,130703,106,19228,434,0,39307,0.0009999999999976694
50000000,1118,11992,125752,-4708,5779,117696,149,19228,434,1,39308,0.0010000000000047748
50001000,-1351,15767,125722,-5290,15579,118719,109,19230,610,1,39309,0.0009999999999976694
50002000,3864,7445,126040,4665,-59,130756,109,19232,446,1,39310,0.0009999999999976694
50003000,8723,-317,121001,4244,-8632,121946,98,19225,401,0,39311,0.0010000000000047748
50004000,8431,1825,123344,6077,-5870,130983,95,19226,389,0,39312,0.0009999999999976694
50005000,6935,176,125660,6167,188,117861,114,19228,467,0,39313,0.0009999999999976694
50006000,7476,3354,127483,3099,-2313,130488,116,19228,467,1,39314,0.0010000000000047748
50007000,1184,584,128184,1491,-1058,127537,108,19222,475,1,39315,0.0009999999999976694
50008000,3361,16686,129606,3989,769,118284,108,19229,442,1,39316,0.0009999999999976694
50009000,8110,4407,124343,6509,-2586,127230,98,19229,401,1,39317,0.0010000000000047748
50010000,10288,6115,129435,1117,3269,119542,126,19225,516,0,39318,0.0009999999999976694
50011000,12360,-7017,126054,16695,-18025,145277,99,19230,405,0,39319,0.0009999999999976694
50012001,7483,-7248,126499,1377,-10158,119784,102,19230,405,0,39320,0.00100100000000225
50013000,3389,4843,130354,-8756,3665,128932,137,19222,418,1,39321,0.0009990000000001942
50014000,-2433,8947,133010,9664,12713,125735,110,19229,561,1,39322,0.0009999999999976694
50015000,1930,7679,128550,-1004,521,127253,110,19231,451,1,39323,0.0010000000000047748
50016000,4389,-4949,129689,-3334,-7810,134120,101,19226,414,0,39324,0.0009999999999976694
50017001,9218,-1467,126640,8829,-12138,119010,143,19232,586,0,39325,0.00100100000000225
50018001,10897,-1841,129791,17434,-4988,134653,106,19232,434,0,39326,0.0009999999999976694
50019000,1268,-3660,131299,-19481,-5533,128149,112,19228,434,0,39327,0.0009990000000001942
50020000,3249,4257,133135,-11737,4306,129577,130,19220,459,1,39328,0.0009999999999976694
50021000,-9235,9544,133286,9240,7066,126352,130,19227,532,1,39329,0.0010000000000047748
50022000,-5987,2554,130145,-17934,-8644,128808,102,19233,418,1,39330,0.0009999999999976694
50023000,-632,-12005,128637,-5097,-10954,140174,117,19220,479,0,39331,0.0009999999999976694
50024000,-1640,-6274,130277,3928,-7788,120883,106,19220,434,0,39332,0.0010000000000047748
50025000,1977,2666,131930,-5411,285,133347,116,19227,434,0,39333,0.0009999999999976694
50026000,-8434,4340,131812,-13190,5440,126350,141,19226,475,1,39334,0.0009999999999976694
50027002,-6195,337,128819,-18117,-1728,136979,141,19226,577,1,39335,0.0010019999999997253
50028000,-10383,2014,127469,-5382,5671,128877,115,19229,471,1,39336,0.000998000000002719
50029000,-4173,18998,129843,-9354,12576,117821,98,19227,401,1,39337,0.0009999999999976694
50030000,-777,-4262,125852,-6886,-7050,133097,162,19228,664,0,39338,0.0010000000000047748
50031000,-3247,-4391,126914,-4280,-6624,127582,103,19228,664,0,39339,0.0009999999999976694
50032000,766,-2243,126082,-6488,-623,132629,108,19230,422,0,39340,0.0009999999999976694
50033000,-7281,11203,127482,-7730,10547,116352,108,19226,442,1,39341,0.0010000000000047748
50034000,-6859,11984,129316,-13446,6951,126978,124,19232,508,1,39342,0.0009999999999976694
50035000,-4383,1012,125632,-3250,796,123331,110,19227,451,1,39343,0.0009999999999976694
50036000,-1199,-703,126232,-2503,-2884,128474,111,19223,455,0,39344,0.0009999999999976694
50037000,1438,-3284,125700,457,-6894,123103,91,19223,455,0,39345,0.0010000000000047748
50038000,-1830,2367,123445,95,165,123423,108,19231,373,0,39346,0.0009999999999976694
50039000,804,3694,126629,-7801,-1169,133017,108,19228,442,0,39347,0.0009999999999976694
50040000,-3584,9693,125920,-2332,9458,119663,128,19221,524,1,39348,0.0010000000000047748
50041000,-1568,14154,126756,-2247,14227,120278,111,19230,455,1,39349,0.0009999999999976694
50042000,4195,10368,126778,-513,-3278,125703,96,19229,393,1,39350,0.0009999999999976694
50043000,8619,-1358,121866,6982,-6738,123859,130,19229,393,0,39351,0.0010000000000047748
50044001,10720,-2920,121786,2895,-3844,128099,111,19234,532,0,39352,0.0010009999999951447
50045001,7107,-4561,125140,4331,-5032,126224,111,19227,455,0,39353,0.0010000000000047748
50046002,5502,-6056,126398,12672,3090,126051,113,19225,463,1,39354,0.0010009999999951447
50047000,-1466,19992,129136,-8659,4581,120295,132,19230,541,1,39355,0.000998000000002719
50048000,6066,6959,126247,2350,-5468,134264,107,19232,438,1,39356,0.0009999999999976694
50049000,9902,-763,126163,19690,5411,119479,104,19232,438,0,39357,0.0010000000000047748
50050000,10897,12688,125996,-6093,-3671,119643,104,19221,426,0,39358,0.0009999999999976694
50051000,11501,-6945,127584,11749,-15197,138356,104,19233,426,0,39359,0.0009999999999976694
50052000,5122,-10977,129235,3574,-6941,131045,104,19228,426,0,39360,0.0010000000000047748
50053000,5695,-5284,127864,-6995,3031,132100,120,19225,491,1,39361,0.0009999999999976694
50054000,-3292,18639,131578,5739,23033,112513,111,19227,455,1,39362,0.0009999999999976694
50055000,2441,9951,129260,-1991,-7451,135606,101,19227,455,1,39363,0.0010000000000047748
50056000,8008,-9411,125960,6149,-11324,130963,136,19228,414,0,39364,0.0009999999999976694
50057000,7530,-1901,130270,11972,-5559,128242,136,19221,557,0,39365,0.0009999999999976694
50058000,7823,-12032,129321,-380,-3270,126360,103,19233,422,0,39366,0.0010000000000047748
50059000,-1960,15457,135998,-7559,-282,120409,103,19232,422,0,39367,0.0009999999999976694
50060000,252,-5399,131587,-3633,-19941,149564,150,19227,614,1,39368,0.0009999999999976694
50061000,-9225,-1026,131833,-3930,12035,119998,109,19227,446,1,39369,0.0010000000000047748
50062000,-4406,11471,130108,-16547,2602,126633,101,19231,446,1,39370,0.0009999999999976694
50063001,3547,-5248,127737,-195,-1916,129036,109,19224,414,0,39371,0.00100100000000225
50064000,3004,1882,128425,4163,-3053,126603,109,19230,446,0,39372,0.0009990000000001942
50065002,-1554,-8641,129432,-11322,-11720,137049,109,19228,446,0,39373,0.0010019999999997253
50066000,-7618,7296,131484,-15040,7576,120431,122,19222,500,1,39374,0.0009979999999956135
50067000,-9729,4857,133235,-9847,-1791,138466,114,19222,467,1,39375,0.0010000000000047748
50068000,-9385,6427,130136,-9300,4295,122088,103,19228,467,1,39376,0.0009999999999976694
50069000,-4040,7727,129586,-8332,223,128192,124,19230,422,1,39377,0.0009999999999976694
50070000,-4318,-2992,125535,-9855,3004,127933,124,19220,508,0,39378,0.0010000000000047748
50071000,343,4631,127699,-275,-5848,120305,97,19231,397,0,39379,0.0009999999999976694
50072000,-1810,-4132,127031,-2897,-5147,139136,105,19228,430,0,39380,0.0009999999999976694
50073000,-6496,3203,127301,-15899,5606,117374,148,19228,606,1,39381,0.0010000000000047748
50074000,-5589,14217,128898,-8304,9509,125538,117,19228,606,1,39382,0.0009999999999976694
50075000,-6858,3555,125829,-400,-2868,131364,102,19229,479,1,39383,0.0009999999999976694
50076000,-119,2726,123616,-6845,934,119131,102,19227,418,0,39384,0.0010000000000047748
50077000,-834,4187,126509,-6578,2045,127667,119,19229,487,0,39385,0.0009999999999976694
50078000,3977,1085,124028,6172,-2709,123547,115,19227,471,0,39386,0.0009999999999976694
50079002,-550,-1416,126003,-4122,-6085,131796,119,19221,487,1,39387,0.0010019999999997253
50080000,-3000,7210,127305,-7219,1946,118581,131,19221,487,1,39388,0.000998000000002719
50081000,-328,16209,126143,236,12909,121629,101,19229,537,1,39389,0.0009999999999976694
50082000,-618,8632,125009,-3240,8438,119001,101,19234,414,1,39390,0.0010000000000047748
50083000,10858,205,121370,5440,-1719,123041,112,19227,459,0,39391,0.0009999999999976694
50084000,10144,-5783,123305,10042,-13395,131412,96,19227,393,0,39392,0.0009999999999976694
50085000,5818,-4429,124643,9234,-6738,122017,111,19227,455,0,39393,0.0010000000000047748
50086000,6496,1801,127404,-1006,263,130167,142,19227,455,1,39394,0.0009999999999976694
50087000,705,10702,129649,1731,11079,117289,114,19225,582,1,39395,0.0009999999999976694
50088000,5440,11192,127871,5347,2796,134144,114,19232,467,1,39396,0.0010000000000047748
50089000,7207,-7167,125878,6196,-5655,125357,95,19226,389,0,39397,0.0009999999999976694
50090003,9547,7444,127441,10317,-6560,124746,133,19230,545,0,39398,0.0010029999999972006
50091000,8597,-7501,124982,12231,-16664,131177,104,19231,426,0,39399,0.0009970000000052437
50092000,5251,1016,128168,-1480,2614,122745,109,19231,426,0,39400,0.0009999999999976694
50093000,5093,1086,129711,-11078,5225,138342,121,19225,446,1,39401,0.0009999999999976694
50094002,1526,24638,134034,9039,4073,114734,121,19232,496,1,39402,0.0010019999999997253
50095000,3660,6521,126844,4818,-8870,134320,104,19232,426,1,39403,0.000998000000002719
50096000,4208,-9388,129103,-9357,-16052,134813,114,19219,467,0,39404,0.0009999999999976694
50097000,11370,-15461,126098,23904,-9746,126326,86,19228,352,0,39405,0.0009999999999976694
50098000,6673,2370,129380,-241,-5195,132944,105,19228,352,0,39406,0.0010000000000047748
50099000,2317,8189,132841,-17769,15271,118088,127,19225,430,1,39407,0.0009999999999976694
50100000,-4028,14975,133423,-2763,-1849,134468,127,19224,520,1,39408,0.0009999999999976694
50101000,-4212,-8406,129978,4274,-10077,134918,111,19225,455,1,39409,0.0010000000000047748
50102001,-7837,-4313,129269,-16656,-11141,130258,100,19231,410,1,39410,0.0010009999999951447
50103000,2042,-5426,129620,-11375,-2704,124335,146,19234,598,0,39411,0.0009990000000001942
50104000,301,13526,130020,6524,-475,125305,110,19234,451,0,39412,0.0010000000000047748
50105000,581,-563,129390,-19254,-6430,144110,112,19229,451,0,39413,0.0009999999999976694
50106000,-7483,6625,131166,-15236,-2413,116832,133,19228,459,1,39414,0.0009999999999976694
50107000,-9872,8821,131819,-8106,6285,129588,133,19228,545,1,39415,0.0010000000000047748
50108001,-6515,9619,130976,-8994,6568,126301,111,19230,455,1,39416,0.0010009999999951447
50109000,-5283,5088,130094,-9979,-2324,125792,109,19218,446,0,39417,0.0009990000000001942
50110000,-90,-7694,125059,-11365,-11189,133549,134,19218,549,0,39418,0.0010000000000047748
50111000,-5528,472,126427,-1308,3172,118971,108,19233,549,0,39419,0.0009999999999976694
50112001,2165,11570,128274,-12731,5985,124385,125,19231,442,1,39420,0.00100100000000225
50113001,-6777,11248,128183,-6703,4760,126177,125,19221,512,1,39421,0.0009999999999976694
50114000,-6014,4348,126685,-13373,-141,130197,118,19229,483,1,39422,0.0009990000000001942
50115000,-2164,3741,127478,-5774,4572,120952,105,19229,430,1,39423,0.0009999999999976694
50116000,-1442,8290,124220,3071,5672,126425,140,19229,573,0,39424,0.0010000000000047748
50117000,3484,-10233,123269,-4252,-8127,135082,103,19235,573,0,39425,0.0009999999999976694
50118000,468,-2035,124475,-4271,-263,120744,109,19229,422,0,39426,0.0009999999999976694
50119000,1173,9480,126388,-2006,7829,125697,109,19228,446,1,39427,0.0010000000000047748
50120001,-5276,15739,127103,-6551,12446,119865,158,19228,647,1,39428,0.0010009999999951447
50121000,75,5619,126392,16,-2808,131705,110,19232,451,1,39429,0.0009990000000001942
50122000,2214,-834,123001,7282,-1235,126133,101,19224,414,0,39430,0.0010000000000047748
50123000,7108,8238,124583,-4261,4021,116752,84,19224,414,0,39431,0.0009999999999976694
50124000,12571,-109,125242,17391,-4286,126359,114,19227,344,0,39432,0.0009999999999976694
50125000,4666,268,126285,4495,-6098,131258,114,19223,467,0,39433,0.0010000000000047748
50126000,4150,-4280,125641,-4057,-850,128972,122,19223,500,1,39434,0.0009999999999976694
50127000,1972,14070,132043,5938,17359,118732,113,19228,463,1,39435,0.0009999999999976694
50128028,8347,4795,124623,2953,-3885,128720,101,19229,414,1,39436,0.001028000000005136
50129000,9883,2458,126545,12137,3672,118874,126,19229,414,0,39437,0.0009719999999973084
50130000,10583,-6186,125207,-3481,-10500,133794,110,19224,516,0,39438,0.0009999999999976694
50131000,9734,-10101,126627,21815,-11783,123775,110,19222,451,0,39439,0.0010000000000047748
50132002,1681,5631,131311,1541,536,133223,109,19227,446,1,39440,0.0010019999999997253
50133000,2578,160,128385,-16479,7123,124363,140,19225,573,1,39441,0.0009979999999956135
50134000,-736,27419,134370,11390,6060,124589,113,19232,463,1,39442,0.0010000000000047748
50135003,3726,331,127677,312,-12674,133777,103,19232,463,1,39443,0.0010029999999972006
50136000,8519,-8119,129690,-1554,-11087,125249,136,19233,422,0,39444,0.0009969999999981383
50137003,11122,-5190,130552,12203,-14810,136694,136,19229,557,0,39445,0.001003000000004306
50138001,9587,-9531,126792,-8568,2212,122565,112,19231,459,0,39446,0.0009979999999956135
50139000,-1717,9565,133997,-24817,9710,128417,113,19221,463,1,39447,0.0009990000000001942
50140000,-5217,-3412,131455,20835,10293,132298,119,19228,487,1,39448,0.0010000000000047748
50141000,-7473,16647,130373,-11048,-8287,121870,100,19228,487,1,39449,0.0009999999999976694
50142000,-1287,-8191,127429,-25939,-18733,138560,120,19243,410,0,39450,0.0009999999999976694
50143000,1576,-10680,129303,12448,-4457,123257,120,19222,491,0,39451,0.0010000000000047748
50144000,6953,6931,130855,-469,4585,125410,98,19232,401,0,39452,0.0009999999999976694
50145000,-4400,5326,131731,-20841,-2533,130740,107,19227,438,0,39453,0.0009999999999976694
50146000,-8078,-969,130425,-14259,2711,130509,138,19228,565,1,39454,0.0010000000000047748
50147001,-7187,4586,129424,-6141,3899,130646,112,19228,459,1,39455,0.0010009999999951447
50148000,-8927,12551,130059,-9904,13731,117291,100,19233,459,1,39456,0.0009990000000001942
50149000,-1457,1843,128393,-6572,-7247,135212,166,19229,410,0,39457,0.0010000000000047748
50150000,-4660,-7014,125117,-5987,-10137,128552,166,19233,680,0,39458,0.0009999999999976694
50151000,240,-2998,127555,-6312,232,128457,103,19232,422,0,39459,0.0009999999999976694
50152000,-4232,-798,129305,2495,10207,120615,107,19223,438,1,39460,0.0010000000000047748
50153000,-8133,24246,129285,-14989,7469,120045,117,19223,479,1,39461,0.0009999999999976694
50154000,-7437,2260,127193,-16799,-9979,138305,109,19228,479,1,39462,0.0009999999999976694
50155000,-1700,1892,128025,5802,2394,122171,117,19230,446,1,39463,0.0010000000000047748
50156000,3001,2378,125600,-92,-5424,125711,117,19223,479,0,39464,0.0009999999999976694
50157000,1032,153,124564,-9035,3161,123624,105,19226,430,0,39465,0.0009999999999976694
50158000,2247,2613,124716,-3323,-275,127761,112,19228,459,0,39466,0.0010000000000047748
50159000,1059,3881,123743,1828,8473,124469,133,19228,545,1,39467,0.0009999999999976694
50160000,-5095,21128,127469,-5540,18421,117837,114,19223,545,1,39468,0.0009999999999976694
50161000,768,1985,124418,-890,-2961,128692,98,19234,467,1,39469,0.0009999999999976694
50162000,7037,2564,125500,13256,-5371,126405,98,19228,401,0,39470,0.0010000000000047748
50163001,8130,-9662,122055,3099,-11174,129699,123,19234,504,0,39471,0.0010009999999951447
50164003,8664,2938,125813,5905,14026,113909,109,19229,446,0,39472,0.0010020000000068308
50165000,5435,2156,127020,10143,-8444,127422,110,19223,451,0,39473,0.0009969999999981383
50166000,3870,-4274,126429,-2375,-5204,133047,129,19223,451,1,39474,0.0009999999999976694
50167000,-119,13117,129505,-581,10543,119939,107,19228,528,1,39475,0.0009999999999976694
50168000,5176,4514,127307,7120,-1098,125026,107,19232,438,1,39476,0.0010000000000047748
50169000,10532,4654,125022,7662,2852,123857,109,19220,446,0,39477,0.0009999999999976694
50170000,9506,-6690,125642,6280,-12358,134570,90,19228,369,0,39478,0.0009999999999976694
50171000,10490,-7504,126828,15522,-7301,128616,99,19231,405,0,39479,0.0010000000000047748
50172000,3458,10433,129926,-2473,7490,124251,119,19231,405,1,39480,0.0009999999999976694
50173000,2578,10405,132020,-6318,7141,129022,112,19225,487,1,39481,0.0009999999999976694
50174000,-876,-30,130085,9770,-1755,129158,112,19230,459,1,39482,0.0010000000000047748
50175002,3178,-2975,128627,-3247,-8824,137588,100,19229,410,1,39483,0.0010019999999997253
50176000,6754,2296,126130,-1616,-249,121522,146,19231,598,0,39484,0.0009979999999956135
50177000,9664,-3241,128943,19256,-3389,131106,102,19231,418,0,39485,0.0010000000000047748
50178000,7805,-3442,128272,-3361,-5263,126744,103,19231,418,0,39486,0.0009999999999976694
50179000,1980,2879,130149,-13250,2897,128863,141,19226,422,1,39487,0.0009999999999976694
50180000,-4595,5332,133976,3297,1642,129680,141,19228,577,1,39488,0.0010000000000047748
50181000,-7394,2090,131678,-4213,-8949,130869,106,19230,434,1,39489,0.0009999999999976694
50182000,-3705,-12740,130300,-17414,-16560,138278,102,19223,418,0,39490,0.0009999999999976694
50183000,-2594,-9195,130242,-1785,-1759,128326,102,19229,418,0,39491,0.0010000000000047748
50184000,-2075,6456,128679,-36,11827,118147,112,19229,418,0,39492,0.0009999999999976694
50185000,-8848,16718,132156,-18387,3161,128351,123,19225,459,1,39493,0.0009999999999976694
50186001,-4481,676,129344,-5502,-4227,135930,123,19221,504,1,39494,0.00100100000000225
50187000,-7468,-3202,130387,-11768,2557,132296,115,19235,471,1,39495,0.0009990000000001942
50188000,-8893,17511,131140,-11004,4612,116303,100,19228,410,1,39496,0.0009999999999976694
50189001,-3045,4667,127531,-5391,-8461,134133,133,19224,545,0,39497,0.00100100000000225
50190000,-5381,-11909,126459,-7019,-9897,133497,101,19224,545,0,39498,0.0009990000000001942
50191000,544,1097,126542,-7300,7247,119656,106,19229,414,0,39499,0.0009999999999976694
50192000,-5592,10885,126719,-9077,7156,124494,106,19228,434,1,39500,0.0010000000000047748
50193000,-5703,9344,128669,-10986,8341,120948,144,19227,590,1,39501,0.0009999999999976694
50194001,-5632,3661,127993,-4905,-842,133402,114,19228,467,1,39502,0.00100100000000225
50195000,-3720,-48,126079,387,-4858,126568,102,19224,418,0,39503,0.0009990000000001942
50196000,-3344,2538,124183,-9777,3602,118850,107,19224,438,0,39504,0.0009999999999976694
50197000,-148,11995,128093,-1534,-1273,119347,109,19232,438,0,39505,0.0009999999999976694
50198000,3638,-237,124080,5976,-4640,132004,119,19227,446,0,39506,0.0010000000000047748
50199000,-653,-1344,127499,-13925,-569,131243,119,19223,487,1,39507,0.0009999999999976694
50200002,-1523,15130,127534,-2594,9202,110738,120,19229,491,1,39508,0.0010019999999997253
50201001,3240,16644,126587,11048,4741,128033,101,19233,414,1,39509,0.0009990000000001942
50202002,5245,84,125909,16,-5085,130528,120,19233,491,0,39510,0.00100100000000225
50203000,7648,-1688,121474,2099,-3547,117837,105,19231,491,0,39511,0.0009979999999956135
50204000,8291,-1808,124390,10140,-1633,131739,113,19229,430,0,39512,0.0010000000000047748
50205000,6904,2575,125186,6082,-601,117828,113,19228,463,1,39513,0.0009999999999976694
50206002,5028,5697,129225,-6623,-8894,129057,147,19227,602,1,39514,0.0010019999999997253
50207000,4355,3340,127848,3966,2509,128997,111,19230,455,1,39515,0.000998000000002719
50208000,6357,14269,128745,8889,6213,122242,99,19230,405,1,39516,0.0009999999999976694
50209000,11492,-671,125822,3936,-7329,123522,132,19227,405,0,39517,0.0009999999999976694
50210000,8124,-6698,125721,11347,-13185,130852,113,19232,541,0,39518,0.0010000000000047748
50211000,6160,-15535,127781,-906,-13127,141919,113,19230,463,0,39519,0.0009999999999976694
50212000,7667,10871,131117,-350,11765,112977,113,19224,463,1,39520,0.0009999999999976694
50213000,-1414,12479,130671,5464,3960,132423,115,19227,471,1,39521,0.0010000000000047748
50214000,-841,4857,129784,-4642,-1409,125792,105,19233,430,1,39522,0.0009999999999976694
50215000,5262,-7790,127127,5293,-18328,128177,119,19233,430,0,39523,0.0009999999999976694
50216000,10901,-8215,127364,7942,-7857,134537,92,19220,487,0,39524,0.0010000000000047748
50217000,8001,8670,129554,15094,2056,120024,92,19232,377,0,39525,0.0009999999999976694
50218000,2555,-8060,129062,-17181,-8504,134510,104,19226,426,0,39526,0.0009999999999976694
50219000,2295,6871,134113,-6530,5541,124924,134,19225,549,1,39527,0.0010000000000047748
50220000,-9242,3302,130864,9514,-225,137292,114,19229,467,1,39528,0.0009999999999976694
50221000,-2096,2436,128946,-17842,1088,124589,95,19229,467,1,39529,0.0009999999999976694
50222000,-2717,-3370,127816,-11951,-8894,127711,146,19226,389,0,39530,0.0009999999999976694
50223000,3998,847,131111,7472,3211,112479,146,19231,598,0,39531,0.0010000000000047748
50224000,-2020,6465,129044,-4260,1551,135825,108,19230,442,0,39532,0.0009999999999976694
50225000,-4609,-4862,132381,-16694,-7147,131413,115,19224,471,1,39533,0.0009999999999976694
50226000,-11189,8244,130729,-13124,6813,124333,134,19229,549,1,39534,0.0010000000000047748
50227000,-9174,6794,130600,-9904,3226,131373,109,19229,549,1,39535,0.0009999999999976694
50228000,-3940,5823,130487,-8859,-1391,124511,113,19232,446,1,39536,0.0009999999999976694
50229000,-4276,-5716,125249,-8111,-10853,131052,113,19221,463,0,39537,0.0010000000000047748
50230000,263,-670,126176,-7341,7807,120352,113,19230,463,0,39538,0.0009999999999976694
50231000,-574,9689,129645,-1867,-3938,129875,104,19229,426,0,39539,0.0009999999999976694
50232002,-2751,4392,125656,-9653,4948,121054,128,19224,524,1,39540,0.0010019999999997253
50233002,-10744,11044,129141,-18513,4032,127043,119,19224,524,1,39541,0.0010000000000047748
50234000,-5430,-447,125799,1846,4899,131473,102,19231,487,1,39542,0.0009979999999956135
50235000,3461,14704,129632,-358,-1626,115284,102,19228,418,0,39543,0.0010000000000047748
50236000,298,-6895,121743,-8645,-9368,131352,144,19232,590,0,39544,0.0009999999999976694
50237000,2396,3593,127677,4637,1775,124247,106,19228,434,0,39545,0.0009999999999976694
50238000,405,4982,124633,-3540,-100,124747,111,19224,455,0,39546,0.0010000000000047748
50239001,1286,8311,127936,-7683,12919,124954,154,19224,631,1,39547,0.0010009999999951447
50240000,-4025,13183,128271,-4753,3882,122552,111,19229,631,1,39548,0.0009990000000001942
50241000,4683,4943,122990,10473,-3801,125618,102,19231,455,1,39549,0.0010000000000047748
50242000,7541,7919,124034,5173,-810,119447,102,19222,418,0,39550,0.0009999999999976694
50243000,8155,-459,123123,-101,-1536,126372,92,19231,377,0,39551,0.0009999999999976694
50244000,12997,3746,124921,11027,-2224,123440,120,19225,491,0,39552,0.0010000000000047748
50245001,4400,-924,127383,3205,-4073,131009,131,19225,537,1,39553,0.0010009999999951447
50246000,2019,-5449,128133,4345,4932,126352,115,19220,537,1,39554,0.0009990000000001942
50247000,3127,16388,128354,6216,5522,120653,100,19226,471,1,39555,0.0010000000000047748
50248000,7834,-251,124667,3484,-7382,130952,100,19229,410,1,39556,0.0009999999999976694
50249000,10112,4050,128130,7231,-1734,123401,132,19228,541,0,39557,0.0009999999999976694
50250000,10643,-3899,126304,10323,-14903,128086,100,19232,410,0,39558,0.0010000000000047748
50251000,9498,-2252,127972,5588,-1684,127215,104,19232,426,0,39559,0.0009999999999976694
50252000,1426,2933,129592,-3222,-1368,127413,138,19226,426,1,39560,0.0009999999999976694
50253000,5599,11878,130432,97,10045,126906,113,19228,565,1,39561,0.0010000000000047748
50254000,896,9210,130236,5534,43,127951,113,19230,463,1,39562,0.0009999999999976694
50255000,3533,-6762,128568,-1741,-16476,132995,104,19224,426,0,39563,0.0009999999999976694
50256000,8322,-10777,127762,6890,-11647,128353,124,19234,508,0,39564,0.0010000000000047748
50257000,4542,-2189,130571,12235,-8465,133163,105,19230,430,0,39565,0.0009999999999976694
50258000,4935,259,130061,-7638,9935,122329,113,19230,430,0,39566,0.0009999999999976694
50259000,-2156,18861,134748,-15487,10368,122857,115,19226,463,1,39567,0.0010000000000047748
50260000,-4655,-773,131608,3836,-6849,136303,115,19227,471,1,39568,0.0009999999999976694
50261000,-6444,-5020,129817,-7071,-11406,129765,101,19231,414,1,39569,0.0009999999999976694
50262000,-877,-12210,130660,-13465,-11705,135260,124,19225,508,0,39570,0.0010000000000047748
50263000,446,3855,129826,3337,-445,123665,101,19228,414,0,39571,0.0009999999999976694
50264000,-1960,8047,129927,-4685,3017,128182,108,19228,414,0,39572,0.0009999999999976694
50265000,-4846,-2344,129524,-15475,-2039,132793,147,19225,442,1,39573,0.0010000000000047748
50266000,-10315,4282,130371,-13673,5784,125102,147,19228,602,1,39574,0.0009999999999976694
50267000,-10681,8273,129639,-6709,5890,130479,117,19228,479,1,39575,0.0009999999999976694
50268000,-2846,6521,129148,-9857,5723,126158,102,19224,418,1,39576,0.0010000000000047748
50269000,-4097,-8568,125285,-7634,-14573,131748,166,19232,680,0,39577,0.0009999999999976694
50270000,-3393,820,124574,-3862,2154,120625,106,19232,680,0,39578,0.0009999999999976694
50271000,-1394,4346,127117,-8580,3473,126944,110,19230,434,0,39579,0.0010000000000047748
50272000,-3508,5214,130384,-4150,2766,123032,110,19221,451,1,39580,0.0009999999999976694
50273000,-7514,11132,126270,-11058,6919,121308,121,19228,496,1,39581,0.0009999999999976694
50274002,-7205,7509,129393,-9836,3279,128362,109,19232,446,1,39582,0.0010019999999997253
50275002,905,-147,125109,22,-9262,127753,119,19225,487,0,39583,0.0010000000000047748
50276001,-3745,-4621,124815,-1698,-5874,126039,95,19225,487,0,39584,0.0009990000000001942
50277000,512,-998,124496,-4959,5780,123825,108,19228,389,0,39585,0.0009990000000001942
50278000,-1242,8292,126431,-5402,8895,121695,108,19228,442,1,39586,0.0009999999999976694
50279000,-1542,12872,125101,-3655,8322,127116,135,19220,553,1,39587,0.0009999999999976694
50280000,-801,9688,126209,-3301,4387,122423,115,19231,471,1,39588,0.0010000000000047748
50281000,2723,3788,125325,5211,-1720,127790,96,19226,393,1,39589,0.0009999999999976694
50282003,9183,9859,124598,7511,-7808,122655,112,19226,459,0,39590,0.0010029999999972006
50283000,10059,-4926,122226,6322,-11350,130798,113,19235,459,0,39591,0.0009970000000052437
50284000,6742,-6569,126600,158,-3147,130418,117,19226,463,0,39592,0.0009999999999976694
50285000,3683,2485,124648,7798,6026,116248,117,19222,479,1,39593,0.0009999999999976694
50286000,-526,12653,128175,-2764,13621,128060,125,19230,512,1,39594,0.0009999999999976694
50287000,7750,3774,126920,2632,2484,125665,106,19233,434,1,39595,0.0010000000000047748
50288000,7502,44,124280,15877,-2744,124514,108,19233,442,0,39596,0.0009999999999976694
50289002,12314,2102,126345,-170,-1746,125241,99,19221,442,0,39597,0.0010019999999997253
50290000,8356,-6818,128432,13400,-14838,131997,112,19230,405,0,39598,0.000998000000002719
50291000,4714,-7564,129985,-466,-8278,135813,112,19229,459,0,39599,0.0009999999999976694
50292002,2147,-769,130269,-5229,2408,127497,126,19225,516,1,39600,0.0010019999999997253
50293000,-2259,17517,132952,1613,16770,117234,111,19230,455,1,39601,0.000998000000002719
50294000,3869,15947,130104,-58,-7039,128102,99,19230,405,1,39602,0.0009999999999976694
50295000,4828,-14332,124963,6108,-18473,137746,152,19231,405,0,39603,0.0009999999999976694
50296000,9614,-6689,130530,14115,-1037,125767,105,19228,623,0,39604,0.0010000000000047748
50297000,4709,5147,129703,2617,-8173,125899,105,19231,430,0,39605,0.0009999999999976694
50298000,-871,3846,131927,-16138,5024,129467,107,19224,438,1,39606,0.0009999999999976694
50299000,42,4589,134239,-3438,-3230,135052,142,19227,582,1,39607,0.0010000000000047748
50300000,-9343,-3202,128181,3341,-1968,127335,106,19232,434,1,39608,0.0009999999999976694
50301000,-658,7895,130897,-20937,1003,124949,103,19232,434,1,39609,0.0009999999999976694
50302000,419,-7198,127945,-1115,-14506,131988,103,19224,422,0,39610,0.0010000000000047748
50303000,6351,3246,129863,8147,-1306,122727,103,19230,422,0,39611,0.0009999999999976694
50304000,-4745,-150,130192,-16262,-5565,135892,108,19224,442,0,39612,0.0009999999999976694
50305000,-8051,1887,130540,-18532,10440,126708,123,19222,504,1,39613,0.0010000000000047748
50306000,-7270,10069,132087,-7673,-2385,124179,112,19229,459,1,39614,0.0009999999999976694
50307000,-11014,4355,128503,-8116,-647,131605,100,19229,459,1,39615,0.0009999999999976694
50308000,-1534,9499,130763,-11867,913,122672,137,19231,410,0,39616,0.0010000000000047748
50309000,-5214,-3885,126725,-5662,-10434,130074,137,19222,561,0,39617,0.0009999999999976694
50310000,1516,-1497,127291,-3751,-2718,127781,110,19229,451,0,39618,0.0009999999999976694
50311000,-3213,6574,129351,-8734,1879,124934,106,19224,434,0,39619,0.0010000000000047748
50312000,-6406,6557,125923,-11881,4497,122970,137,19230,561,1,39620,0.0009999999999976694
50313000,-2782,13149,127526,-8907,7169,126042,115,19230,561,1,39621,0.0009999999999976694
50314000,-5695,7510,126012,1215,608,130107,108,19231,471,1,39622,0.0010000000000047748
50315000,3125,1025,122487,-5972,1719,116186,108,19224,442,0,39623,0.0009999999999976694
50316000,9,5262,127950,-7385,988,125560,108,19228,442,0,39624,0.0009999999999976694
50317000,4603,-5039,124784,4732,-5555,124626,111,19227,455,0,39625,0.0010000000000047748
50318001,3260,67,123223,1601,-2190,128793,120,19219,491,1,39626,0.0010009999999951447
50319000,-3161,7524,126932,-8375,8691,122005,109,19219,491,1,39627,0.0009990000000001942
50320000,1807,18142,126601,-2028,15121,118568,101,19228,446,1,39628,0.0010000000000047748
50321000,5201,2754,123438,3939,-9396,135813,101,19230,414,0,39629,0.0009999999999976694
50322002,8751,-2435,124641,7537,3444,117529,126,19229,516,0,39630,0.0010019999999997253
50323003,6250,4023,125968,3901,-9917,127308,103,19229,422,0,39631,0.00100100000000225
50324001,6789,-4349,127440,8368,-5397,130633,107,19228,438,0,39632,0.0009979999999956135
50325000,1775,4176,127442,4509,-351,126037,139,19228,438,1,39633,0.0009990000000001942
50326000,2615,11793,128290,952,14589,118435,112,19232,569,1,39634,0.0010000000000047748
50327000,7678,14549,127931,15538,208,125770,112,19230,459,1,39635,0.0009999999999976694
50328002,8022,-8696,125098,392,-15495,136388,99,19224,405,0,39636,0.0010019999999997253
50329000,11497,-2156,127008,6334,-7605,119764,116,19229,475,0,39637,0.000998000000002719
50330000,7693,-11039,124838,12836,-10565,131090,104,19228,426,0,39638,0.0009999999999976694
50331000,5546,1132,128370,-1556,17824,121436,109,19228,446,1,39639,0.0009999999999976694
50332000,3184,14286,132406,-8175,459,128937,106,19222,446,1,39640,0.0010000000000047748
50333000,1594,-455,127897,7743,-970,132818,102,19223,434,1,39641,0.0009999999999976694
50334000,3302,7621,130485,2696,5963,119055,102,19230,418,1,39642,0.0009999999999976694
50335000,5879,-8742,126935,-1338,-23272,137950,122,19231,500,0,39643,0.0010000000000047748
50336002,8126,-11202,129391,21397,-3094,125640,96,19232,393,0,39644,0.0010019999999997253
50337001,2847,-1260,130537,-13267,-11510,139015,107,19232,438,0,39645,0.0009990000000001942
50338000,26,5158,131502,-14662,17187,115363,136,19229,438,1,39646,0.0009990000000001942
50339003,-5182,20641,135209,571,2766,131968,112,19225,557,1,39647,0.0010029999999972006
50340000,-6341,-16609,129310,5981,-12826,144768,112,19233,459,1,39648,0.0009969999999981383
50341002,-4405,291,129048,-21734,-15210,117264,97,19228,397,0,39649,0.0010019999999997253
50342002,18,-5610,127860,-8336,-471,133948,139,19230,569,0,39650,0.0010000000000047748
50343000,-1088,11370,132497,11148,248,120624,120,19230,491,0,39651,0.0009979999999956135
50344000,-4990,4045,129943,-21634,-2128,130220,121,19229,491,0,39652,0.0010000000000047748
50345000,-7722,-978,130733,-18456,-2088,136313,126,19224,496,1,39653,0.0009999999999976694
50346000,-7888,7905,129788,-4066,10214,119317,126,19229,516,1,39654,0.0009999999999976694
50347001,-3248,13355,130257,-8689,6598,129218,109,19230,446,1,39655,0.00100100000000225
50348000,-2663,203,127588,-9478,-6434,128101,115,19216,471,0,39656,0.0009990000000001942
50349000,-5296,-7101,125390,-9862,-10204,132926,101,19229,414,0,39657,0.0009999999999976694
50350001,-1967,4568,126815,-6006,3113,119941,104,19229,414,0,39658,0.00100100000000225
50351000,-1180,10913,128399,-9309,8061,121789,131,19226,426,1,39659,0.0009990000000001942
50352000,-5913,12258,129297,379,11918,131443,131,19224,537,1,39660,0.0009999999999976694
50353000,-8229,-28,124166,-18351,-10440,120887,115,19227,471,1,39661,0.0009999999999976694
50354000,-135,3510,128979,-6961,1818,131299,104,19230,426,1,39662,0.0010000000000047748
50355000,-1891,6284,127104,11574,1811,121328,140,19235,573,0,39663,0.0009999999999976694
50356001,2563,-2320,124245,-10941,-5809,125434,107,19235,573,0,39664,0.00100100000000225
50357000,-1102,-28,126258,-9177,-3027,129470,110,19230,438,0,39665,0.0009990000000001942
50358002,-1291,12147,125122,852,10043,119970,110,19225,451,1,39666,0.0010019999999997253
50359000,-837,15705,125928,-2487,16222,124228,144,19228,590,1,39667,0.0009979999999956135
50360000,-516,7036,126499,-1596,817,125538,107,19232,438,1,39668,0.0010000000000047748
50361000,6024,-1217,121688,6629,-1994,127600,103,19224,422,0,39669,0.0009999999999976694
50362000,9541,6733,124852,134,1693,118280,89,19224,422,0,39670,0.0009999999999976694
50363000,10967,-1931,126169,20008,-12115,129297,115,19226,365,0,39671,0.0010000000000047748
50364000,4383,434,123674,9752,-434,124493,115,19227,471,0,39672,0.0009999999999976694
50365000,4598,-5125,128380,-12990,-5202,128988,129,19226,528,1,39673,0.0009999999999976694
50366001,5941,10571,131051,13000,10407,122208,117,19229,479,1,39674,0.00100100000000225
50367000,4632,14253,124684,10032,8201,122517,100,19232,410,1,39675,0.0009990000000001942
50368000,7577,10113,127071,-5039,8395,126367,137,19232,410,0,39676,0.0009999999999976694
50369000,11440,-4787,127715,5711,-22307,136721,102,19232,561,0,39677,0.0010000000000047748
50370000,10474,-13304,125617,23027,969,122259,102,19228,418,0,39678,0.0009999999999976694
50371000,2449,6662,132662,-4381,-1897,130685,105,19226,430,1,39679,0.0009999999999976694
50372000,1094,2123,129231,-12809,7488,124179,137,19231,561,1,39680,0.0010000000000047748
50373000,833,17175,132707,14058,5935,128807,112,19238,459,1,39681,0.0009999999999976694
50374001,1798,-4419,128449,-10863,-13320,129619,105,19238,430,1,39682,0.00100100000000225
50375001,10495,-10229,128890,9050,-4223,123339,117,19220,430,0,39683,0.0009999999999976694
50376000,10580,8110,130712,21179,-18739,134455,106,19230,479,0,39684,0.0009990000000001942
50377000,4215,-8694,126574,-22809,-5598,128799,106,19233,434,0,39685,0.0009999999999976694
50378000,3880,5938,135160,-7292,5558,130942,121,19218,496,1,39686,0.0010000000000047748
50379000,-7990,5871,131773,11032,5507,122262,112,19230,459,1,39687,0.0009999999999976694
50380000,-5506,9441,129146,-22277,-740,129007,99,19230,405,1,39688,0.0009999999999976694
50381000,-1988,-7176,131310,-7352,-15993,137622,124,19231,405,0,39689,0.0010000000000047748
50382000,2136,-9583,126565,11692,-827,124421,112,19225,508,0,39690,0.0009999999999976694
50383000,632,3490,131729,-7664,5325,126280,112,19227,459,0,39691,0.0009999999999976694
50384001,-5815,3216,133168,-14656,-7745,131420,114,19229,467,1,39692,0.00100100000000225
50385002,-6414,-129,129535,-9929,3532,134508,156,19228,639,1,39693,0.00100100000000225
50386002,-10590,4990,130567,-11615,6326,129060,116,19228,475,1,39694,0.0009999999999976694
50387000,-3121,7144,131150,-10259,14623,118222,101,19229,475,1,39695,0.000998000000002719
50388000,-5121,10528,127103,-3889,-9557,127398,156,19222,414,0,39696,0.0009999999999976694
50389000,-3174,-8016,125754,-7633,-14983,134964,156,19226,639,0,39697,0.0009999999999976694
50390000,1183,-1747,128559,-2712,-1758,127618,111,19227,455,0,39698,0.0010000000000047748
50391000,-5351,7909,127559,-3525,10850,120863,117,19224,479,1,39699,0.0009999999999976694
50392000,-6754,16848,129021,-15506,14522,121913,116,19227,475,1,39700,0.0009999999999976694
50393000,-7453,2329,128211,-9162,-3234,131084,107,19227,475,1,39701,0.0010000000000047748
50394000,1597,-3791,123898,2686,532,129725,122,19229,438,0,39702,0.0009999999999976694
50395000,1167,-2950,124441,-3532,-2612,123010,122,19227,500,0,39703,0.0009999999999976694
50396000,808,-1349,124303,-4284,868,123263,106,19229,434,0,39704,0.0010000000000047748
50397002,2090,6910,125996,-1512,567,126749,107,19235,438,0,39705,0.0010019999999997253
50398000,-2159,2368,126105,67,-320,129383,141,19219,577,1,39706,0.0009979999999956135
50399000,-4826,10470,125836,-9150,18399,119304,114,19219,577,1,39707,0.0010000000000047748
50400000,1831,11436,126751,-1768,1545,119613,96,19231,467,1,39708,0.0009999999999976694
50401000,8238,1219,123378,17461,-2630,128200,96,19227,393,0,39709,0.0009999999999976694
50402000,6669,-1636,125105,-232,-8553,126487,106,19230,434,0,39710,0.0010000000000047748
50403000,9668,-5010,124790,3496,-1560,125743,106,19229,434,0,39711,0.0009999999999976694
50404000,4566,197,127839,13814,-415,126085,112,19222,459,1,39712,0.0009999999999976694
50405000,487,3634,126636,-7078,90,127931,119,19222,459,1,39713,0.0010000000000047748
50406000,2277,8723,127019,-1908,3222,125125,104,19228,487,1,39714,0.0009999999999976694
50407000,6010,2417,126676,12646,-1947,124403,104,19230,426,1,39715,0.0009999999999976694
50408000,10562,5071,125805,2423,1519,121449,110,19220,451,0,39716,0.0010000000000047748
50409000,11553,-3865,126803,7265,-11989,130355,88,19230,360,0,39717,0.0009999999999976694
50410001,8193,-6866,126244,16314,-7925,131225,100,19226,410,0,39718,0.00100100000000225
50411000,2263,7720,129629,-15037,9910,124918,125,19226,410,1,39719,0.0009989999999930887
50412000,1777,9032,131030,1237,7729,125486,115,19226,512,1,39720,0.0010000000000047748
50413000,-727,-826,128128,11874,-4368,133683,115,19230,471,1,39721,0.0009999999999976694
50414000,3149,-5595,127088,-10895,-8801,126255,101,19227,414,0,39722,0.0009999999999976694
50415002,8726,-7112,125757,5912,-3648,126321,154,19234,631,0,39723,0.0010020000000068308
50416000,9156,8794,130510,18448,-1191,126230,101,19228,414,0,39724,0.0009979999999956135
50417000,3485,-2297,128107,-12553,-424,127512,105,19228,414,0,39725,0.0009999999999976694
50418000,3497,5744,133377,-11272,-2949,135327,130,19228,430,1,39726,0.0010000000000047748
50419000,-7235,2316,132503,10117,-4899,127507,130,19228,532,1,39727,0.0009999999999976694
50420000,-8100,1314,129990,-10962,-7593,128994,106,19225,434,1,39728,0.0009999999999976694
50421000,-366,-2471,132717,-8015,-10676,137123,108,19219,442,0,39729,0.0010000000000047748
50422000,-872,-9366,127890,5573,-4324,131743,85,19231,348,0,39730,0.0009999999999976694
50423000,216,15020,133443,-11922,6888,115888,106,19231,434,0,39731,0.0009999999999976694
50424000,-8405,7557,130591,-16048,-727,131371,130,19227,434,1,39732,0.0010000000000047748
50425000,-6758,952,132026,-3997,1788,135726,118,19221,532,1,39733,0.0009999999999976694
50426000,-8676,571,129424,-11054,-793,128876,118,19228,483,1,39734,0.0009999999999976694
50427000,-5821,5936,130028,-12290,4462,128185,99,19228,405,1,39735,0.0010000000000047748
50428000,-4670,3324,130073,-7101,-4254,125780,144,19226,590,0,39736,0.0009999999999976694
50429000,-3074,-6164,124520,-4783,-5251,129539,101,19226,414,0,39737,0.0009999999999976694
50430001,318,5272,127582,-8207,-2244,127719,108,19231,414,0,39738,0.00100100000000225
50431000,-6757,9441,126157,-8793,4718,115972,136,19224,442,1,39739,0.0009990000000001942
50432000,-3455,16855,128707,-11447,12882,124572,136,19227,557,1,39740,0.0009999999999976694
50433000,-6454,2997,128882,-2595,-6976,132540,114,19230,467,1,39741,0.0010000000000047748
50434000,-2055,-2517,122317,-4963,-298,129668,108,19220,442,0,39742,0.0009999999999976694
50435000,-987,10360,125299,-12665,3059,116312,86,19232,352,0,39743,0.0009999999999976694
50436000,111,2252,124066,9459,727,122832,110,19232,352,0,39744,0.0010000000000047748
50437000,3654,4423,127545,-2306,-3496,130268,124,19223,451,0,39745,0.0009999999999976694
50438000,-2959,-1157,124768,-9529,2218,122548,124,19216,508,1,39746,0.0009999999999976694
50439000,-906,16355,129640,770,10634,122344,113,19231,463,1,39747,0.0010000000000047748
50440000,3342,8985,125800,2888,-1761,121522,97,19230,397,1,39748,0.0009999999999976694
50441001,7166,1157,124510,5551,2470,126795,131,19232,537,0,39749,0.00100100000000225
50442000,8196,-2403,123921,2554,-11024,127065,109,19232,537,0,39750,0.0009990000000001942
50443000,5484,-1296,122002,7686,1226,121987,114,19227,446,0,39751,0.0009999999999976694
50444000,8562,5551,128155,5112,-4258,126437,114,19227,467,1,39752,0.0009999999999976694
50445000,1084,2043,127780,-3147,5502,124683,139,19230,569,1,39753,0.0010000000000047748
50446000,6599,10027,130198,5400,875,133033,113,19232,463,1,39754,0.0009999999999976694
50447000,5360,2852,124683,13584,-7147,124154,102,19221,418,0,39755,0.0009999999999976694
50448000,10573,2184,126348,-3782,-4243,124814,124,19221,418,0,39756,0.0010000000000047748
50449000,8784,-5842,128626,13395,-13032,126571,107,19228,508,0,39757,0.0009999999999976694
50450000,6562,-8235,126957,5156,-9866,132304,107,19227,438,0,39758,0.0009999999999976694
50451001,4772,7535,131429,-6731,4670,128246,113,19224,463,1,39759,0.00100100000000225
50452001,-1041,13469,131709,8382,5343,122872,107,19229,438,1,39760,0.0009999999999976694
50453000,3295,2202,127648,2168,-138,130149,103,19234,422,1,39761,0.0009990000000001942
50454000,5084,-3970,128783,-2394,-9808,129308,126,19234,422,0,39762,0.0010000000000047748
50455000,11135,-4794,126717,7802,-4609,129675,111,19225,516,0,39763,0.0009999999999976694
50456000,5759,1086,128668,14838,-5849,128087,111,19227,455,0,39764,0.0009999999999976694
50457000,2178,-4219,130170,-21497,-8155,128548,109,19226,446,0,39765,0.0010000000000047748
50458000,1607,6964,134604,4526,5138,125000,142,19227,582,1,39766,0.0009999999999976694
50459001,-7029,3421,130556,-2010,273,129483,110,19234,451,1,39767,0.00100100000000225
50460000,-2735,-637,130668,-12591,-4476,130903,99,19234,451,1,39768,0.0009990000000001942
50461000,-1009,-7399,126614,-2161,-11930,127329,125,19227,405,0,39769,0.0009999999999976694
50462000,3005,5463,129132,-1086,1178,125282,125,19232,512,0,39770,0.0009999999999976694
50463000,-1415,3742,132263,-4381,-6474,134496,108,19229,442,0,39771,0.0010000000000047748
50464000,-3734,1120,132208,-11653,4527,126151,115,19219,471,1,39772,0.0009999999999976694
50465000,-11311,6047,131756,-11895,9,132603,113,19227,463,1,39773,0.0009999999999976694
50466000,-10569,7368,129966,-13144,9744,121961,107,19227,438,1,39774,0.0010000000000047748
50467000,-2229,7079,129181,-6027,-2891,130756,121,19230,438,1,39775,0.0009999999999976694
50468000,-2564,-8355,125553,-11398,-7008,127561,91,19218,496,0,39776,0.0009999999999976694
50469000,-1791,21,128296,2232,11912,121386,91,19230,373,0,39777,0.0010000000000047748
50470000,358,11464,129164,-12153,-4723,127454,102,19227,418,0,39778,0.0009999999999976694
50471000,-5459,1130,125154,-13574,2188,127424,133,19222,545,1,39779,0.0009999999999976694
50472000,-7973,7874,128842,-8624,1033,131572,117,19222,479,1,39780,0.0009999999999976694
50473000,-5481,8840,126476,-5525,5723,114434,103,19231,479,1,39781,0.0010000000000047748
50474000,877,10401,127610,-48,-6750,129926,130,19225,422,0,39782,0.0009999999999976694
50475000,43,-4196,124928,724,-7710,125550,130,19232,532,0,39783,0.0009999999999976694
50476000,3958,2296,123233,-3696,2732,122161,107,19227,438,0,39784,0.0010000000000047748
50477002,-889,1581,125419,-5577,5322,127966,113,19224,463,1,39785,0.0010019999999997253
50478002,-1987,17345,126609,-5368,17378,115761,136,19224,557,1,39786,0.0009999999999976694
50479000,175,9865,125513,-1001,-4089,133971,106,19232,557,1,39787,0.000998000000002719
50480000,2268,-1889,124409,4938,2111,121680,106,19233,434,1,39788,0.0009999999999976694
50481000,8505,1300,125229,3870,3142,120223,106,19226,434,0,39789,0.0009999999999976694
50482000,10567,4240,124224,8582,-1408,124093,90,19227,369,0,39790,0.0010000000000047748
50483000,8244,86,125751,3435,-17818,133491,109,19228,446,0,39791,0.0009999999999976694
50484000,3679,-7823,126249,3278,-5972,129272,132,19229,541,1,39792,0.0009999999999976694
50485000,92,21829,131666,287,17023,116141,114,19229,541,1,39793,0.0010000000000047748
50486000,4792,5613,128496,6363,-9,134435,97,19232,467,1,39794,0.0009999999999976694
50487000,8741,224,126105,9675,-1821,120732,97,19228,397,0,39795,0.0009999999999976694
50488002,11592,-2269,125036,191,-9706,132757,144,19229,590,0,39796,0.0010019999999997253
50489000,9296,-3602,127018,15064,-6580,123440,103,19228,422,0,39797,0.000998000000002719
50490000,5050,1283,129034,3223,-3796,128101,105,19225,430,0,39798,0.0009999999999976694
50491000,3212,-23,129933,-7599,148,132403,126,19225,430,1,39799,0.0010000000000047748
50492002,116,14734,131563,1196,9655,124765,108,19228,516,1,39800,0.0010019999999997253
50493000,2822,7171,128307,1612,1533,125115,108,19232,442,1,39801,0.0009979999999956135
50494000,7787,6099,130193,1088,-7211,120772,106,19222,434,0,39802,0.0010000000000047748
50495000,7231,-20581,128485,10918,-23206,141114,121,19231,496,0,39803,0.0009999999999976694
50496000,7384,-3986,128982,9255,-2056,128540,106,19228,434,0,39804,0.0009999999999976694
50497000,-714,5176,131373,-17009,5029,125017,122,19228,434,1,39805,0.0010000000000047748
50498000,-3689,14268,132885,-8120,14345,124654,111,19220,500,1,39806,0.0009999999999976694
50499000,-9507,4204,130782,5032,-5962,130947,111,19230,455,1,39807,0.0009999999999976694
50500001,-2966,-16745,126803,-16484,-20500,138982,96,19229,393,1,39808,0.00100100000000225
50501000,-278,-1526,130588,-7064,-2108,123251,133,19229,545,0,39809,0.0009990000000001942
50502001,2519,5654,130028,4145,3298,130368,106,19231,434,0,39810,0.00100100000000225
50503001,-1603,6900,130341,-9041,2300,123922,112,19231,434,0,39811,0.0009999999999976694
50504000,-8808,-309,130602,-17092,-2435,134763,143,19225,459,1,39812,0.0009990000000001942
50505000,-7814,10128,129114,-18820,13411,124617,143,19228,586,1,39813,0.0009999999999976694
50506000,-8836,10357,130032,-929,8304,128362,112,19230,459,1,39814,0.0010000000000047748
50507000,-1953,1757,130120,-8941,-2997,131700,102,19226,418,0,39815,0.0009999999999976694
50508000,-4614,-10598,124291,-16840,-13622,130023,140,19231,573,0,39816,0.0009999999999976694
50509000,-4852,-1147,128235,-1559,-1600,124328,104,19231,573,0,39817,0.0010000000000047748
50510000,1694,11115,127698,-11060,2592,123103,113,19231,426,0,39818,0.0009999999999976694
50511002,-9494,6978,128386,-2409,11993,126494,111,19220,463,1,39819,0.0010019999999997253
50512002,-4140,4694,129201,-12654,-2968,131125,111,19228,455,1,39820,0.0009999999999976694
50513002,-4215,4847,126726,-9692,4108,121963,103,19231,422,1,39821,0.0010000000000047748
50514000,-659,9077,125951,4227,1790,124685,124,19228,508,0,39822,0.0009979999999956135
50515000,1634,-3939,124145,-5262,-11297,128280,102,19228,418,0,39823,0.0010000000000047748
50516000,-1281,-8717,123451,-9395,-1430,129436,109,19230,418,0,39824,0.0009999999999976694
50517000,1915,16463,128580,2850,11976,117639,147,19225,446,1,39825,0.0009999999999976694
50518000,-3860,14012,123962,2820,10994,121463,147,19225,602,1,39826,0.0010000000000047748
50519000,1213,10264,126304,-10799,-2293,130339,112,19232,459,1,39827,0.0009999999999976694
50520000,5869,-1951,122411,2944,6344,121222,94,19228,385,0,39828,0.0009999999999976694
50521000,11133,2007,122975,11583,-3820,127253,101,19228,414,0,39829,0.0010000000000047748
50522000,10036,-936,126588,6693,-4233,122976,114,19228,414,0,39830,0.0009999999999976694
50523000,6112,-4632,123159,2412,-9396,127797,118,19228,467,0,39831,0.0009999999999976694
50524000,2708,-4011,127896,5578,-508,129956,118,19222,483,1,39832,0.0010000000000047748
50525000,1733,12090,128546,-6934,14137,118275,113,19230,463,1,39833,0.0009999999999976694
50526002,7957,15538,128385,15233,3956,126846,104,19231,426,1,39834,0.0010019999999997253
50527000,8237,3168,124132,5994,-2896,121593,113,19222,463,0,39835,0.000998000000002719
50528000,10456,-3087,126509,-5178,-14829,138570,101,19222,463,0,39836,0.0009999999999976694
50529000,8886,-12581,127571,23641,-10354,128006,109,19229,414,0,39837,0.0009999999999976694
50530000,5520,-5639,128373,1122,-362,128285,109,19232,446,1,39838,0.0010000000000047748
50531000,-466,11121,133105,-8333,11349,127299,138,19225,565,1,39839,0.0009999999999976694
50532000,1286,11461,127730,3807,5707,122320,114,19229,467,1,39840,0.0009999999999976694
50533000,6186,-2624,128344,5279,-1185,134852,97,19224,397,1,39841,0.0010000000000047748
50534000,7857,-390,129121,-2163,-8269,122897,149,19224,397,0,39842,0.0009999999999976694
50535000,11661,-8995,127606,16339,-12998,129563,104,19230,610,0,39843,0.0009999999999976694
50536000,2670,-732,131866,5689,-8028,134818,104,19228,426,0,39844,0.0009999999999976694
50537000,-710,-3893,131136,-25592,-3999,130878,109,19227,446,1,39845,0.0010000000000047748
50538002,-5790,11148,133895,2067,10526,126064,135,19228,553,1,39846,0.0010019999999997253
50539000,-7998,6687,131133,4548,544,126277,108,19228,442,1,39847,0.0009979999999956135
50540000,-1643,-3160,128470,-21791,-10700,136419,109,19228,442,0,39848,0.0010000000000047748
50541000,-220,-6270,128297,-3173,-13454,127518,86,19213,446,0,39849,0.0009999999999976694
50542000,1848,-3356,128739,7368,-221,127846,86,19229,352,0,39850,0.0009999999999976694
50543001,-5254,5664,132507,-17759,1249,127574,110,19229,451,0,39851,0.00100100000000225
50544000,-8310,-1960,129926,-15891,-895,132324,136,19221,557,1,39852,0.0009990000000001942
50545000,-8550,6391,131711,-7360,2073,135600,118,19230,483,1,39853,0.0009999999999976694
50546000,-8514,11639,127441,-10214,9505,117010,99,19230,483,1,39854,0.0010000000000047748
50547000,-960,7248,130202,-8624,-2413,127589,146,19228,405,0,39855,0.0009999999999976694
50548000,-2988,-5222,125126,-6305,-10636,127991,146,19224,598,0,39856,0.0009999999999976694
50549000,-1093,-1240,128697,-5745,-3338,130516,103,19232,422,0,39857,0.0010000000000047748
50550000,-4806,3381,127027,-12208,1699,124115,109,19225,446,1,39858,0.0009999999999976694
50551000,-8544,19313,128887,-13462,16420,114041,138,19228,565,1,39859,0.0009999999999976694
50552000,-5349,2206,129967,-5226,-4097,146460,113,19228,565,1,39860,0.0010000000000047748
50553000,-3580,-2009,123514,-6119,-4428,115427,108,19233,463,1,39861,0.0009999999999976694
50554000,2990,11630,128466,-7895,7082,130829,108,19221,442,0,39862,0.0009999999999976694
50555000,1281,-5355,123605,9440,-8448,118254,87,19227,356,0,39863,0.0010000000000047748
50556000,2874,-1885,124454,-4941,-8820,143513,109,19227,446,0,39864,0.0009999999999976694
50557000,-3141,2151,127843,-7585,8828,110931,125,19217,512,1,39865,0.0009999999999976694
50558000,-3006,27660,127217,-916,17657,122069,114,19217,467,1,39866,0.0010000000000047748
50559000,2211,10581,128556,-2562,-6221,130830,98,19226,467,1,39867,0.0009999999999976694
50560000,5204,596,120906,6233,445,118346,132,19227,401,0,39868,0.0009999999999976694
50561000,11681,-2630,123171,999,-6325,129763,132,19229,541,0,39869,0.0010000000000047748
50562002,5297,-2777,124213,14099,3060,114571,117,19226,479,0,39870,0.0010019999999997253
50563000,5475,-1058,126705,3480,-13183,144141,117,19225,479,0,39871,0.0009979999999956135
50564000,5392,-6264,127453,-11573,15732,111234,141,19225,577,1,39872,0.0010000000000047748
50565000,4422,23282,130800,4950,13004,125818,113,19230,577,1,39873,0.0009999999999976694
50566000,6194,-1012,126652,10494,-12558,131638,104,19232,463,1,39874,0.0009999999999976694
50567000,8446,2946,125656,-1064,-1426,116349,104,19224,426,0,39875,0.0010000000000047748
50568001,9063,-7059,127854,13332,-19800,145149,117,19238,479,0,39876,0.0010009999999951447
50569000,7088,-9064,125098,11548,1141,113807,104,19230,426,0,39877,0.0009990000000001942
50570000,5753,10409,130739,-8472,-1511,134900,111,19230,455,1,39878,0.0010000000000047748
50571000,833,7003,131204,-1663,13911,124280,109,19222,455,1,39879,0.0009999999999976694
50572000,2198,12055,130155,8678,2857,126402,102,19229,446,1,39880,0.0009999999999976694
50573000,2180,-5263,128020,-868,-11936,132634,102,19232,418,1,39881,0.0010000000000047748
50574000,6218,-8584,127981,-1738,-18039,127440,128,19225,524,0,39882,0.0009999999999976694
50575000,9442,-15076,131167,29523,-8264,133306,99,19228,405,0,39883,0.0009999999999976694
50576000,3597,11458,131205,-15606,2037,122411,103,19229,422,0,39884,0.0010000000000047748
50577000,1675,7136,130592,-23521,3590,126495,143,19229,422,1,39885,0.0009999999999976694
50578003,-6633,9261,133698,11069,-660,132453,113,19225,586,1,39886,0.0010029999999972006
50579005,-5154,-2986,128802,-551,-6595,128593,113,19234,463,1,39887,0.0010019999999997253
50580006,-2900,-8795,129492,-21262,-10950,135998,101,19228,414,0,39888,0.00100100000000225
50581000,-1004,-3949,129918,-2414,-2568,125021,125,19233,512,0,39889,0.0009939999999986071
50582000,4170,5647,128542,10525,-2324,128159,109,19228,446,0,39890,0.0010000000000047748
50583000,-6581,10034,131715,-20221,9436,122967,118,19228,446,1,39891,0.0009999999999976694
50584000,-7711,3017,130070,-18269,-1320,131138,117,19222,483,1,39892,0.0009999999999976694
50585000,-4854,2695,130294,-5619,4707,131459,117,19229,479,1,39893,0.0010000000000047748
50586000,-5782,13100,131412,-8544,5737,122204,107,19231,438,1,39894,0.0009999999999976694
50587003,-2347,3296,128026,-2773,3419,129066,120,19216,491,0,39895,0.0010029999999972006
50588001,-5778,-3303,127376,-10248,-12959,126535,92,19228,377,0,39896,0.000998000000002719
50589002,-705,-7828,126263,-4799,-5472,134720,106,19228,377,0,39897,0.00100100000000225
50590000,-4210,20300,130796,-4057,21378,115499,135,19229,434,1,39898,0.0009979999999956135
50591000,-6924,13581,127244,-12561,6995,121697,135,19224,553,1,39899,0.0010000000000047748
50592000,-5688,-1300,127656,-11260,696,134702,115,19228,471,1,39900,0.0009999999999976694
50593000,102,-1128,124927,-3765,-4206,123361,101,19229,414,0,39901,0.0009999999999976694
50594000,2214,2818,125763,6903,-1819,126256,132,19234,541,0,39902,0.0010000000000047748
50595000,1355,2234,125037,-8166,-905,120359,110,19234,541,0,39903,0.0009999999999976694
50596000,1340,-1420,125190,-8132,-2545,129745,113,19225,451,0,39904,0.0009999999999976694
50597000,-2565,8865,126035,2528,8412,123673,113,19224,463,1,39905,0.0009999999999976694
50598000,-2777,11728,124977,-7125,10555,122882,139,19227,569,1,39906,0.0010000000000047748
50599000,1965,17246,124750,4497,16228,116398,101,19234,414,1,39907,0.0009999999999976694
50600000,5675,-4220,123333,5464,-10565,129099,105,19219,430,0,39908,0.0009999999999976694
50601000,11351,-218,124648,1035,-1664,120905,94,19219,385,0,39909,0.0010000000000047748
50602000,6943,3427,126242,18408,-754,124969,115,19227,385,0,39910,0.0009999999999976694
50603001,4016,-3312,125892,-996,-4256,126633,136,19226,471,1,39911,0.00100100000000225
50604000,2848,10066,129142,-2276,550,127237,136,19222,557,1,39912,0.0009990000000001942
50605001,6083,2711,126376,5849,-759,127338,112,19234,459,1,39913,0.0010009999999951447
50606000,9099,5556,127112,10131,8421,120257,97,19230,397,1,39914,0.0009990000000001942
50607000,8640,8147,127772,744,-217,125244,144,19230,590,0,39915,0.0010000000000047748
50608003,12813,-6385,124951,6946,-16447,135824,116,19228,590,0,39916,0.0010029999999972006
50609002,3073,-13496,126640,7874,-10751,131910,111,19234,475,0,39917,0.0009990000000001942
50610002,4297,2589,131646,-11803,-2697,127321,111,19222,455,1,39918,0.0009999999999976694
50611002,-1669,23502,131708,10096,17390,120934,129,19228,528,1,39919,0.0010000000000047748
50612002,1740,12742,132648,2395,-7412,137236,107,19232,438,1,39920,0.0009999999999976694
50613000,5863,-13181,126158,-6845,-13502,129557,109,19232,446,0,39921,0.000998000000002719
50614001,7621,-2077,128359,14676,-2608,122818,109,19227,446,0,39922,0.0010009999999951447
50615000,11619,-3381,128200,15096,-15537,136780,106,19233,446,0,39923,0.0009990000000001942
50616000,1290,-4421,130978,-22097,8170,122305,106,19229,434,0,39924,0.0010000000000047748
50617000,2984,10716,134665,-9000,1362,134554,120,19222,491,1,39925,0.0009999999999976694
50618026,-9983,3075,130779,12182,3101,124066,110,19228,451,1,39926,0.00102600000000308
50619001,-4323,6930,129884,-22378,-8941,128254,94,19233,385,1,39927,0.0009749999999968395
50620000,-643,-7741,127549,-10234,-15623,135963,134,19233,385,0,39928,0.0009990000000001942
50621000,2699,-93,129740,7443,1770,122137,106,19228,549,0,39929,0.0009999999999976694
50622002,2781,5193,133393,-9702,-4037,131952,106,19229,434,0,39930,0.0010019999999997253
50623002,-8729,4465,131107,-12551,-5432,126208,108,19225,442,1,39931,0.0010000000000047748
50624002,-7661,3140,130012,-11407,-426,134792,144,19230,590,1,39932,0.0009999999999976694
50625000,-12367,3648,130585,-10748,10343,128185,112,19230,459,1,39933,0.000998000000002719
50626000,-1913,17390,129323,-11513,13032,116135,103,19230,459,1,39934,0.0009999999999976694
50627000,-5130,-5945,125848,-5001,-11442,137799,146,19223,422,0,39935,0.0009999999999976694
50628000,-1047,-6407,125460,-7727,-5832,122653,146,19226,598,0,39936,0.0010000000000047748
50629001,262,2720,127957,-2990,-4817,130934,111,19229,455,0,39937,0.0010009999999951447
50630000,-5207,7227,128285,-5417,9004,123314,120,19225,491,1,39938,0.0009990000000001942
50631002,-6231,17745,129164,-15442,12119,120188,113,19228,463,1,39939,0.0010019999999997253
50632000,-7452,6511,127940,-5519,1115,131899,105,19228,463,1,39940,0.000998000000002719
50633000,2057,-1817,124123,4098,-3148,124223,129,19233,430,0,39941,0.0009999999999976694
50634000,-2051,-6437,124466,-11730,2833,133499,129,19227,528,0,39942,0.0010000000000047748
50635001,3794,5814,124630,-5070,487,110924,108,19230,442,0,39943,0.0010009999999951447
50636000,1625,8376,125870,5059,363,129816,109,19229,446,0,39944,0.0009990000000001942
50637000,-3276,3072,127457,-5888,2316,130081,149,19231,610,1,39945,0.0010000000000047748
50638000,-1297,10322,126354,-7614,6238,111116,111,19231,610,1,39946,0.0009999999999976694
50639000,39,9684,125972,5768,2819,133008,95,19228,455,1,39947,0.0009999999999976694
50640000,7526,4501,123832,3209,-1548,117977,95,19224,389,0,39948,0.0010000000000047748
50641002,8201,-2000,124750,7148,-9074,126905,104,19229,426,0,39949,0.0010019999999997253
50642000,5597,-7782,126400,8514,-10522,130085,109,19229,446,0,39950,0.0009979999999956135
50643000,4627,2715,126805,-487,5989,122193,117,19220,479,1,39951,0.0010000000000047748
50644000,-482,10624,129044,1876,6386,126610,108,19220,479,1,39952,0.0009999999999976694
50645002,4427,8149,123929,2629,5400,121926,102,19230,442,1,39953,0.0010019999999997253
50646002,7652,921,128355,3486,1320,138603,116,19232,418,1,39954,0.0009999999999976694
50647000,14804,-5980,122426,8533,-7640,126962,116,19223,475,0,39955,0.000998000000002719
50648000,11660,-6196,126417,11420,-12206,134208,93,19230,381,0,39956,0.0009999999999976694
50649001,4611,-9343,126637,5083,-11236,125798,104,19228,426,0,39957,0.00100100000000225
50650000,4760,2507,129847,-4811,-526,132420,135,19228,553,1,39958,0.0009990000000001942
50651000,-2481,13079,131862,289,13007,119665,115,19228,553,1,39959,0.0009999999999976694
50652000,2107,12216,130880,1741,-1787,130060,98,19229,471,1,39960,0.0010000000000047748
50653000,3478,-3842,128455,2145,-15651,131357,98,19229,401,0,39961,0.0009999999999976694
50654000,7389,-14970,127791,6160,-5503,126362,138,19232,565,0,39962,0.0009999999999976694
50655000,5186,-1676,129757,8059,2382,131050,105,19227,430,0,39963,0.0010000000000047748
50656000,762,-2413,130299,-9655,11465,122991,111,19227,455,0,39964,0.0009999999999976694
50657000,-343,8684,135285,-748,-7461,141710,134,19228,455,1,39965,0.0009999999999976694
50658000,-10535,-7059,131498,-3085,3982,117545,105,19233,549,1,39966,0.0010000000000047748
50659000,-4349,351,130962,-20766,-5729,130666,105,19228,430,1,39967,0.0009999999999976694
50660000,704,-5551,130948,6230,-8479,133561,113,19221,463,0,39968,0.0009999999999976694
50661000,689,936,127683,-768,-4013,122450,103,19231,422,0,39969,0.0009999999999976694
50662000,-2759,5663,130168,-18024,1203,132452,113,19231,463,0,39970,0.0010000000000047748
50663000,-8434,4662,130771,-9728,3284,124510,138,19227,463,1,39971,0.0009999999999976694
50664000,-7035,9223,130320,-6945,665,134471,119,19230,565,1,39972,0.0009999999999976694
50665000,-8475,1671,130942,-6869,2007,128734,119,19228,487,1,39973,0.0010000000000047748
50666000,-3957,8321,129399,-12087,1461,125434,102,19227,418,1,39974,0.0009999999999976694
50667000,-2867,-1342,126254,-7096,-7589,128439,153,19226,627,0,39975,0.0009999999999976694
50668000,-1049,-3720,126762,-1472,-3171,126741,101,19226,414,0,39976,0.0010000000000047748
50669000,-1925,-457,128111,-4020,-769,134206,106,19226,414,0,39977,0.0009999999999976694
50670000,-6204,8787,126642,-16718,8291,113413,130,19224,434,1,39978,0.0009999999999976694
50671001,-2677,15087,128801,-14102,7439,126728,130,19229,532,1,39979,0.00100100000000225
50672000,-5782,5142,127424,2719,-1697,129227,114,19230,467,1,39980,0.0009990000000001942
50673001,-897,3402,124088,-584,-6601,123027,113,19221,463,0,39981,0.00100100000000225
50674009,-2325,1121,125255,-10007,1601,125868,84,19228,344,0,39982,0.0010079999999987876
50675000,764,4572,125664,-179,2599,122498,105,19228,344,0,39983,0.000990999999999076
50676000,4548,3997,126495,8594,-3424,129554,125,19228,430,1,39984,0.0009999999999976694
50677000,-3037,6164,125889,-7066,3813,124394,125,19221,512,1,39985,0.0010000000000047748
50678000,-897,9850,126030,-6141,6754,122367,117,19226,479,1,39986,0.0009999999999976694
50679000,6122,11740,125542,6168,10147,122181,99,19229,405,1,39987,0.0009999999999976694
50680001,9342,4279,123040,7558,-2016,124172,132,19234,541,0,39988,0.00100100000000225
50681000,11136,-3222,121348,14452,-3535,127332,110,19234,541,0,39989,0.0009990000000001942
50682000,3275,197,124401,-2047,-12108,118415,111,19226,451,0,39990,0.0009999999999976694
50683000,8544,1721,128810,3404,-5921,131159,111,19228,455,1,39991,0.0010000000000047748
50684000,2084,13114,130385,6582,13926,121788,135,19228,553,1,39992,0.0009999999999976694
50685000,3588,12434,129360,-662,3628,122647,113,19233,463,1,39993,0.0009999999999976694
50686000,8525,-2848,124804,6872,-5133,128900,104,19222,426,0,39994,0.0010000000000047748
50687001,7870,1757,127347,5814,-6530,125380,119,19222,426,0,39995,0.0010009999999951447
50688001,11827,-6808,126253,11571,-5795,132505,111,19227,487,0,39996,0.0010000000000047748
50689000,4553,2823,130909,2148,81,121987,111,19231,455,0,39997,0.0009990000000001942
50690000,5016,3703,130174,-3088,-491,133568,119,19224,487,1,39998,0.0009999999999976694
50691000,217,12903,129535,7667,7381,121304,110,19227,451,1,39999,0.0009999999999976694
50692000,3665,2765,129203,-2685,-5081,129470,104,19231,426,1,40000,0.0010000000000047748
50693000,9107,-2187,126530,6601,-2634,124866,130,19231,532,0,40001,0.0009999999999976694
50694004,7156,-9191,128702,8190,-11781,134276,111,19225,532,0,40002,0.0010040000000017812
50695000,7847,-9855,129931,13819,-12427,133184,109,19231,455,0,40003,0.000996000000000663
50696000,-3678,-5,129993,-17027,216,119611,109,19227,446,1,40004,0.0009999999999976694
50697001,-2002,16506,134810,-10977,13992,131281,149,19227,610,1,40005,0.00100100000000225
50698000,-4317,5508,130472,5419,-11761,129468,112,19230,459,1,40006,0.0009990000000001942
50699000,-3282,-8896,128084,-7987,-14113,134889,98,19230,401,1,40007,0.0009999999999976694
50700000,-996,-5978,129790,-13809,-3433,122444,121,19223,401,0,40008,0.0009999999999976694
50701000,1740,3259,128462,480,5956,123647,107,19228,496,0,40009,0.0010000000000047748
50702000,-2338,10979,132692,35,-3197,133209,107,19231,438,0,40010,0.0009999999999976694
50703000,-5456,-793,130387,-14620,-6990,130049,116,19223,475,1,40011,0.0009999999999976694
50704000,-12819,-1185,130524,-7333,6514,131013,109,19230,446,1,40012,0.0010000000000047748
50705001,-7458,19796,131811,-14238,9985,120906,101,19230,414,1,40013,0.0010009999999951447
50706000,-2456,5928,128082,-4036,-13148,136030,121,19230,414,0,40014,0.0009990000000001942
50707000,-2525,-11212,125165,-9662,-8360,129625,92,19219,496,0,40015,0.0010000000000047748
50708000,-3509,5643,126106,-5347,3872,116428,92,19232,377,0,40016,0.0009999999999976694
50709000,-2568,14501,128102,-6819,9676,125753,102,19228,418,0,40017,0.0009999999999976694
50710000,-5180,1186,126847,-8786,1473,132037,138,19228,565,1,40018,0.0010000000000047748
50711000,-6504,1492,127667,-12468,1647,129534,115,19223,471,1,40019,0.0009999999999976694
50712000,-2037,7151,125768,-7178,9240,118278,103,19223,471,1,40020,0.0009999999999976694
50713000,-1019,7366,127113,4623,-5357,128964,114,19224,422,0,40021,0.0010000000000047748
50714000,3435,-6803,123808,-5089,-10267,127803,114,19235,467,0,40022,0.0009999999999976694
50715003,-1599,592,125389,-6761,46,127471,109,19232,446,0,40023,0.0010029999999972006
50716000,-2010,7997,129265,-5005,10729,120026,114,19222,467,1,40024,0.0009970000000052437
50717000,-2782,21235,126661,-1582,8097,123211,131,19228,537,1,40025,0.0009999999999976694
50718000,-4024,9426,125688,-1901,-3218,132765,102,19228,537,1,40026,0.0009999999999976694
50719001,6987,-1034,123554,3238,2243,123530,110,19226,418,0,40027,0.00100100000000225
50720000,7366,4022,124485,9844,-1148,121124,110,19227,451,0,40028,0.0009990000000001942
50721000,9549,-4,123782,-910,-476,122316,95,19232,389,0,40029,0.0009999999999976694
50722000,7733,-3652,126842,2733,-9043,130910,111,19226,455,0,40030,0.0009999999999976694
50723000,3419,-2165,126071,4517,-3042,127998,138,19232,565,1,40031,0.0010000000000047748
50724002,2621,12113,128795,1275,11162,121444,113,19232,565,1,40032,0.0010019999999997253
50725000,3759,11209,127687,2028,4415,122337,96,19229,463,1,40033,0.0009979999999956135
50726002,11084,425,125733,8961,-8669,129129,96,19227,393,0,40034,0.0010020000000068308
50727000,8981,860,127037,4515,-6020,126221,149,19232,610,0,40035,0.0009979999999956135
50728000,8840,-5177,126511,5131,-2680,128218,104,19233,426,0,40036,0.0009999999999976694
50729000,6423,3813,130661,3480,-118,122696,106,19223,434,1,40037,0.0010000000000047748
50730000,2254,2578,128128,112,-1626,133090,125,19223,434,1,40038,0.0009999999999976694
50731000,1179,11531,132489,-2033,8885,126601,108,19227,512,1,40039,0.0009999999999976694
50732001,3891,3799,128408,964,-4443,127500,109,19231,442,1,40040,0.00100100000000225
50733001,9211,-1883,129205,5640,-4456,129753,109,19220,446,0,40041,0.0009999999999976694
50734000,8239,-5480,129145,8686,-9705,124157,96,19233,393,0,40042,0.0009990000000001942
50735000,5674,-5090,130120,7431,-10819,135340,112,19229,459,0,40043,0.0010000000000047748
50736000,1536,2428,132017,-14926,1173,128057,127,19229,520,1,40044,0.0009999999999976694
50737000,-4284,13759,133382,-8617,11666,123842,115,19226,520,1,40045,0.0009999999999976694
50738000,-7159,10118,132337,4316,4675,125340,96,19229,471,1,40046,0.0010000000000047748
50739000,-964,-11463,128099,-12533,-17253,136107,96,19231,393,0,40047,0.0009999999999976694
50740000,-3365,-14209,128799,-16250,-13114,139247,138,19232,565,0,40048,0.0009999999999976694
50741000,5711,2292,129165,7522,-314,122378,107,19229,438,0,40049,0.0010000000000047748
50742000,-4847,8563,131571,-7842,3786,132016,113,19229,463,0,40050,0.0009999999999976694
50743003,-5501,-1245,131183,-20350,-5469,130452,139,19224,463,1,40051,0.0010029999999972006
50744002,-9528,3052,128137,-5534,2229,128723,109,19229,569,1,40052,0.0009990000000001942
50745000,-6980,12264,130189,-6699,16259,119067,109,19232,446,1,40053,0.000998000000002719
50746000,-2711,8088,129106,-5520,-7218,129531,104,19220,426,0,40054,0.0009999999999976694
50747001,-4013,-12081,126509,-10218,-14683,136417,130,19232,532,0,40055,0.00100100000000225
50748000,-1879,-1333,126399,-5674,6058,118858,102,19232,418,0,40056,0.0009990000000001942
50749000,-3198,10504,128497,-6814,4220,128193,120,19228,418,1,40057,0.0009999999999976694
50750000,-4243,7837,127286,-8516,7458,119320,114,19222,491,1,40058,0.0010000000000047748
50751000,-8527,7639,128060,-15965,2893,133640,114,19228,467,1,40059,0.0009999999999976694
50752000,-696,2050,128569,3858,6420,117166,100,19230,410,1,40060,0.0009999999999976694
50753000,778,4825,125340,6715,-5088,124222,132,19232,541,0,40061,0.0010000000000047748
50754002,1691,-11569,124048,-9895,-787,133695,105,19230,430,0,40062,0.0010019999999997253
50755000,1489,-1052,125588,-5727,7805,113208,110,19230,430,0,40063,0.0009979999999956135
50756000,364,8972,126908,3772,838,136439,156,19227,451,1,40064,0.0010000000000047748
50757000,-2231,8932,125360,-971,14789,113411,156,19231,639,1,40065,0.0009999999999976694
50758000,-2046,19604,126993,-4171,3089,126747,109,19232,446,1,40066,0.0009999999999976694
50759000,6717,-3851,122743,9020,-5061,129768,97,19224,397,0,40067,0.0010000000000047748
50760000,8952,2089,124886,7993,-3442,121741,90,19232,369,0,40068,0.0009999999999976694
50761000,8891,-6149,124513,7320,-8545,129074,114,19232,369,0,40069,0.0009999999999976694
50762000,4725,4324,126678,2914,1888,120189,122,19225,467,0,40070,0.0010000000000047748
50763000,3401,-5378,125209,3011,1562,144548,122,19223,500,1,40071,0.0009999999999976694
50764000,3713,4517,127294,100,12266,109911,108,19231,442,1,40072,0.0009999999999976694
50765000,7908,13273,124888,4865,3123,123947,100,19230,410,1,40073,0.0010000000000047748
50766000,9611,2083,128918,11078,1721,123584,123,19224,504,0,40074,0.0009999999999976694
50767001,11214,-4801,126070,5850,-16596,130441,99,19224,504,0,40075,0.00100100000000225
50768000,7588,-21022,126864,12005,-17044,140212,103,19231,405,0,40076,0.0009990000000001942
50769000,1945,10783,131220,-6395,8175,120534,103,19228,422,1,40077,0.0009999999999976694
50770000,169,6797,129924,1015,878,129552,137,19230,561,1,40078,0.0009999999999976694
50771000,-1105,14151,131605,4992,11791,121751,113,19230,463,1,40079,0.0010000000000047748
50772000,5279,-1586,127034,-7576,-8132,138358,101,19222,414,1,40080,0.0009999999999976694
50773000,10815,-12104,123952,13530,-5794,121530,133,19222,414,0,40081,0.0009999999999976694
50774000,11046,5064,130709,12310,-3232,130985,107,19229,545,0,40082,0.0010000000000047748
50775000,2762,-11144,124882,-5472,-7599,135330,107,19230,438,0,40083,0.0009999999999976694
50776000,-863,16594,133999,-14735,10438,118097,112,19219,459,1,40084,0.0009999999999976694
50777000,-3642,-2886,132972,4332,-10134,141031,128,19230,524,1,40085,0.0010000000000047748
50778000,-9171,6024,130829,1599,3305,121086,102,19232,418,1,40086,0.0009999999999976694
50779000,-814,-2099,130171,-25254,-8202,131623,117,19232,418,0,40087,0.0009999999999976694
50780000,-76,-7177,127710,3616,-8940,130479,97,19221,479,0,40088,0.0010000000000047748
50781000,490,6363,131423,6894,3509,121370,97,19228,397,0,40089,0.0009999999999976694
50782000,-7529,-4341,131037,-22396,-6717,133113,110,19226,451,1,40090,0.0009999999999976694
50783000,-9673,5849,133258,-13248,1695,126600,142,19226,582,1,40091,0.0010000000000047748
50784000,-9840,4755,131102,-7264,401,133405,117,19231,479,1,40092,0.0009999999999976694
50785000,-6391,10932,129526,-10352,8542,119674,102,19231,418,1,40093,0.0009999999999976694
50786000,-3301,2371,128084,-11761,-5912,129114,162,19226,418,0,40094,0.0009999999999976694
50787000,-2990,-6026,124709,52,-7612,132321,102,19235,664,0,40095,0.0010000000000047748
50788000,-2371,8420,128407,-6349,4351,127183,102,19228,418,0,40096,0.0009999999999976694
50789000,-5604,2377,129405,-10247,-1536,129453,106,19223,434,1,40097,0.0009999999999976694
50790000,-9945,15840,128760,-8170,11336,118689,125,19231,512,1,40098,0.0010000000000047748
50791000,-6043,6919,127435,-13664,3849,132493,110,19231,451,1,40099,0.0009999999999976694
50792000,-1874,11191,126541,-1979,2701,117862,116,19231,451,0,40100,0.0009999999999976694
50793000,2760,-388,122603,-2639,-2763,124718,93,19224,475,0,40101,0.0010000000000047748
50794002,1137,-1177,125332,-3889,-735,125150,93,19227,381,0,40102,0.0010019999999997253
50795002,1928,2433,125178,-5464,-1147,127240,109,19227,446,0,40103,0.0009999999999976694
50796002,-708,4013,126009,820,9366,126007,133,19221,545,1,40104,0.0009999999999976694
50797000,-4967,14028,127686,-9020,6003,122754,115,19221,471,1,40105,0.000998000000002719
50798000,3479,-1672,124879,5336,10745,127047,95,19221,471,1,40106,0.0009999999999976694
50799000,6804,19537,128233,8459,-2922,118069,126,19231,389,0,40107,0.0010000000000047748
50800000,7090,-5458,121702,-507,-21757,133893,126,19232,516,0,40108,0.0009999999999976694
50801000,6209,-6653,126704,10660,-1374,124218,110,19226,451,0,40109,0.0009999999999976694
50802000,2140,4613,127134,3084,-2567,125041,114,19224,467,1,40110,0.0010000000000047748
50803000,3486,6777,127126,-5679,10603,124734,132,19231,541,1,40111,0.0009999999999976694
50804000,1996,12577,130176,6891,2671,127954,109,19231,541,1,40112,0.0009999999999976694
50805000,10817,-1531,124936,8114,-3056,126471,107,19232,446,1,40113,0.0010000000000047748
50806014,10196,3268,125140,1330,2965,119485,107,19221,438,0,40114,0.00101399999999785
50807000,10014,-7713,127856,11552,-18285,138608,100,19231,410,0,40115,0.0009859999999974889
50808000,7952,-15655,125007,8952,-12391,125001,106,19228,434,0,40116,0.0010000000000047748
50809000,-322,9238,132365,-10407,4252,130376,118,19223,483,1,40117,0.0009999999999976694
50810000,1134,8611,132728,2611,12776,124980,113,19223,483,1,40118,0.0009999999999976694
50811001,-1642,15944,129189,7253,1126,126725,101,19231,463,1,40119,0.00100100000000225
50812000,5478,-3479,126879,-4276,-14639,135909,101,19229,414,0,40120,0.0009990000000001942
50813000,7882,-21698,126486,8881,-23846,131446,142,19223,582,0,40121,0.0009999999999976694
50814000,7771,3410,130652,18111,3969,126599,102,19229,418,0,40122,0.0010000000000047748
50815000,3871,1127,130416,-22886,-1722,129847,105,19224,430,0,40123,0.0009999999999976694
50816000,-2116,9689,132808,-8890,10072,121817,145,19224,430,1,40124,0.0009999999999976694
50817000,-3701,5616,133445,12280,-10648,135092,107,19229,594,1,40125,0.0010000000000047748
50818000,-7876,-8628,127551,-11541,-9896,129962,107,19235,438,1,40126,0.0009999999999976694
50819000,-633,-4709,131025,-18969,-10621,130559,101,19223,414,0,40127,0.0009999999999976694
50820000,1183,-524,128947,9817,581,126287,107,19230,438,0,40128,0.0010000000000047748
50821000,530,5340,129500,-741,2281,125468,109,19227,446,0,40129,0.0009999999999976694
50822000,-9624,195,131148,-26738,4586,128641,120,19227,446,1,40130,0.0009999999999976694
50823000,-9628,4885,130718,-10426,1060,129897,112,19222,491,1,40131,0.0010000000000047748
50824000,-6290,5278,128404,-2944,1857,131273,112,19229,459,1,40132,0.0009999999999976694
50825001,-4488,10554,131980,-10054,5609,123907,103,19225,422,1,40133,0.00100100000000225
50826000,611,-2875,126512,-10030,-7002,127370,131,19222,537,0,40134,0.0009990000000001942
50827000,-3590,-7382,125278,-1376,-7289,132757,99,19229,405,0,40135,0.0009999999999976694
50828000,-1672,6330,128320,-12378,3405,121687,104,19229,426,0,40136,0.0009999999999976694
50829000,-3382,11830,127622,-5324,9756,122509,146,19227,426,1,40137,0.0010000000000047748
50830000,-9061,10263,129696,-7247,3046,127217,115,19229,598,1,40138,0.0009999999999976694
50831000,-3940,66,126625,-14765,-1871,126878,115,19233,471,1,40139,0.0009999999999976694
50832000,-486,11518,128130,1722,7739,122489,105,19236,430,0,40140,0.0010000000000047748
50833000,2666,-718,124047,3678,-5990,126634,109,19229,446,0,40141,0.0009999999999976694
50834000,-2207,3423,123890,-11643,3914,121178,109,19229,446,0,40142,0.0009999999999976694
50835002,3832,7312,126056,-9225,7497,119796,115,19230,446,0,40143,0.0010019999999997253
50836000,-761,7398,125612,8071,7975,125652,121,19221,471,1,40144,0.000998000000002719
50837000,374,10518,126669,-5644,6473,122135,121,19233,496,1,40145,0.0009999999999976694
50838000,6106,6341,123831,-2524,4076,122438,101,19232,414,1,40146,0.0010000000000047748
50839000,9750,4822,125039,12596,-10931,129506,116,19226,475,0,40147,0.0009999999999976694
50840000,9808,-4615,122811,9718,-4729,121635,100,19226,410,0,40148,0.0009999999999976694
50841000,5392,859,126057,1768,-2325,130195,112,19228,410,0,40149,0.0010000000000047748
50842000,4962,319,126521,3956,2821,124058,139,19226,459,1,40150,0.0009999999999976694
50843000,1988,13658,129315,1240,8696,125086,139,19227,569,1,40151,0.0009999999999976694
50844000,4165,7680,127306,3364,-11713,124772,115,19228,471,1,40152,0.0010000000000047748
50845000,10357,-1727,123182,4758,4940,125038,98,19227,401,1,40153,0.0009999999999976694
50846000,9782,6984,129848,6757,-281,123740,149,19227,610,0,40154,0.0009999999999976694
50847000,14604,-9171,124414,17390,-8671,130316,112,19227,610,0,40155,0.0009999999999976694
50848000,2324,-9450,128552,-4058,-8774,135463,112,19222,459,0,40156,0.0010000000000047748
50849000,4002,2402,128637,-8191,7007,119910,112,19228,459,1,40157,0.0009999999999976694
50850000,2320,11641,128732,13614,11630,127962,119,19230,487,1,40158,0.0009999999999976694
50851000,780,10168,133435,-2717,-1511,127892,104,19230,426,1,40159,0.0010000000000047748
50852000,7749,-2113,126361,-4775,-15543,128136,113,19219,463,0,40160,0.0009999999999976694
50853000,7301,-7284,130483,17090,-5756,129253,89,19219,463,0,40161,0.0009999999999976694
50854000,6268,-4013,128762,7130,-10062,134044,103,19233,365,0,40162,0.0010000000000047748
50855000,-1681,-862,131158,-20686,3309,124911,103,19231,422,0,40163,0.0009999999999976694
50856000,847,7197,133635,-3489,8005,128929,128,19222,524,1,40164,0.0009999999999976694
50857000,-7483,4443,132221,3365,-3250,134716,113,19229,463,1,40165,0.0010000000000047748
50858000,-2312,852,128381,-12336,-983,117729,93,19226,381,1,40166,0.0009999999999976694
50859003,-1806,-6126,129936,-5702,-14454,137351,148,19226,381,0,40167,0.0010029999999972006
50860000,1403,-3796,129237,4131,2325,123671,110,19233,606,0,40168,0.0009970000000052437
50861000,-2782,8704,132262,-9034,962,127415,110,19229,451,0,40169,0.0009999999999976694
50862000,-7287,-8097,129709,-19007,-3954,138498,115,19222,471,1,40170,0.0009999999999976694
50863000,-9576,6503,130718,-9574,7716,124521,136,19227,557,1,40171,0.0010000000000047748
50864000,-11778,6284,128692,-9165,5210,130851,107,19231,438,1,40172,0.0009999999999976694
50865000,-1549,11060,129364,-7735,6553,121450,108,19231,438,1,40173,0.0009999999999976694
50866000,-6668,-5313,125559,-7282,-13073,137054,124,19218,442,0,40174,0.0010000000000047748
50867000,-207,-8508,127124,-8577,-4820,122799,124,19228,508,0,40175,0.0009999999999976694
50868000,-2041,9779,129241,-5455,8242,127077,107,19230,438,0,40176,0.0009999999999976694
50869001,-4441,2146,126973,-5246,-2456,136215,125,19220,512,1,40177,0.00100100000000225
50870000,-7190,18335,124779,-14500,13310,111233,116,19228,475,1,40178,0.0009990000000001942
50871000,-8879,2810,127624,-11854,-2564,133302,101,19228,414,1,40179,0.0009999999999976694
50872003,3457,4268,127502,7906,-744,116389,141,19230,414,0,40180,0.001003000000004306
50873000,-2811,-5895,124154,-4539,-14003,134186,105,19232,577,0,40181,0.0009969999999981383
50874001,-743,-2814,125165,-7022,-3123,125554,105,19230,430,0,40182,0.00100100000000225
50875000,-1659,15209,127086,-357,12034,114667,112,19235,459,1,40183,0.0009990000000001942
50876000,-2016,5427,125958,-3339,5130,133180,158,19228,647,1,40184,0.0009999999999976694
50877000,-1645,13434,126401,-5120,8820,117690,108,19228,442,1,40185,0.0009999999999976694
50878023,3502,6315,124982,1212,781,127471,103,19233,442,1,40186,0.0010230000000035488
50879000,10586,9438,124267,7688,4088,118073,81,19224,422,0,40187,0.0009769999999988954
50880000,11021,-10597,122466,8430,-16672,128240,81,19228,332,0,40188,0.0009999999999976694
50881000,9386,-12349,126504,8351,-13384,136019,114,19224,467,0,40189,0.0010000000000047748
50882000,1932,5303,122731,-1029,3673,125631,126,19220,516,1,40190,0.0009999999999976694
50883001,2269,11451,129356,337,9415,126425,113,19220,463,1,40191,0.00100100000000225
50884001,4311,12561,127440,10574,7610,123072,99,19229,463,1,40192,0.0009999999999976694
50885000,7727,-4331,124233,166,-8666,131611,128,19230,405,0,40193,0.0009990000000001942
50886000,10109,3031,128759,3127,-3288,120094,128,19223,524,0,40194,0.0009999999999976694
50887000,10091,-4240,125626,16520,-14593,134796,109,19228,446,0,40195,0.0010000000000047748
50888000,4225,-8746,129259,2577,1737,129122,107,19227,438,0,40196,0.0009999999999976694
50889000,1734,6489,131153,-10920,6308,129660,145,19230,594,1,40197,0.0009999999999976694
50890003,604,6874,128603,12757,12853,122560,113,19230,594,1,40198,0.001003000000004306
50891000,-623,15249,130609,-7803,-3046,125979,100,19225,463,1,40199,0.0009969999999981383
50892000,7610,-20276,126039,5959,-16761,143101,100,19224,410,0,40200,0.0009999999999976694
50893000,11383,-6492,131117,22709,3112,116358,126,19237,516,0,40201,0.0010000000000047748
50894000,2870,746,128317,-16471,-10559,136360,102,19224,418,0,40202,0.0009999999999976694
50895000,-625,1992,132299,-12182,5963,125153,113,19220,463,1,40203,0.0009999999999976694
50896023,-2601,8892,133697,11207,-4765,133253,119,19220,463,1,40204,0.0010230000000035488
50897006,-7675,-5023,128191,-10422,-1332,132514,99,19228,487,1,40205,0.0009829999999979577
50898003,-5184,8027,131295,-21499,3313,123169,99,19233,405,1,40206,0.0009969999999981383
50899000,3780,-10063,127654,7893,-12969,138782,120,19227,491,0,40207,0.0009970000000052437
50900000,2573,2318,128788,5005,829,120891,98,19227,401,0,40208,0.0009999999999976694
50901000,-6865,1070,129465,-22866,45,131146,109,19226,446,0,40209,0.0009999999999976694
50902002,-6943,7449,132562,-11168,2510,126247,147,19226,446,1,40210,0.0010019999999997253
50903000,-7919,1697,129796,-2678,784,134323,114,19224,602,1,40211,0.000998000000002719
50904000,-10017,2767,132641,-6427,10205,124464,114,19232,467,1,40212,0.0009999999999976694
50905000,-1819,13093,128015,-20286,-2425,119752,97,19226,397,0,40213,0.0010000000000047748
50906002,-1792,-8576,124960,-5103,-15453,138862,165,19232,676,0,40214,0.0010019999999997253
50907002,-1804,331,127307,2272,-1022,121909,113,19231,463,0,40215,0.0009999999999976694
50908000,-1967,8722,127137,-15144,7010,123772,117,19231,463,0,40216,0.0009979999999956135
50909000,-7015,11343,129757,-9038,10072,125304,120,19221,479,1,40217,0.0010000000000047748
50910000,-5057,53,125384,-8595,-3352,129673,120,19225,491,1,40218,0.0009999999999976694
50911001,-564,4234,126451,-2804,6161,127456,109,19231,446,1,40219,0.00100100000000225
50912000,-1296,6774,126021,2282,149,123296,116,19227,475,0,40220,0.0009990000000001942
50913000,378,-1872,123734,-5767,-3394,126369,94,19225,385,0,40221,0.0009999999999976694
50914000,1902,1496,126231,-7304,-665,126077,108,19225,385,0,40222,0.0009999999999976694
50915000,1633,1862,126146,5214,757,126686,133,19227,442,1,40223,0.0010000000000047748
50916000,-5746,16666,127853,2393,14909,116364,133,19223,545,1,40224,0.0009999999999976694
50917000,-3345,14278,125504,-17017,6753,123715,113,19230,463,1,40225,0.0009999999999976694
50918000,9659,5851,125673,7193,152,128922,94,19229,385,0,40226,0.0010000000000047748
50919000,9874,4004,124020,18583,352,121041,116,19233,475,0,40227,0.0009999999999976694
50920000,10875,-4477,124466,-3805,-11530,124164,110,19233,451,0,40228,0.0009999999999976694
50921000,5535,-6589,126166,1440,-7530,130413,113,19227,451,0,40229,0.0010000000000047748
50922000,5492,591,127259,9748,-1604,129032,128,19224,463,1,40230,0.0009999999999976694
50923000,1110,11356,126696,-664,12094,120709,128,19227,524,1,40231,0.0009999999999976694
50924000,4904,9742,127831,-124,3428,120887,104,19232,426,1,40232,0.0010000000000047748
50925000,10414,-1939,125726,8423,-6909,124379,106,19221,434,0,40233,0.0009999999999976694
50926000,9667,-1992,127096,7695,-7637,129574,86,19221,352,0,40234,0.0009999999999976694
50927000,9118,-6865,126265,12203,-9881,129743,105,19231,352,0,40235,0.0010000000000047748
50928000,2107,3368,127503,-6067,4242,120566,123,19227,430,1,40236,0.0009999999999976694
50929000,3924,9489,132360,189,7014,129907,123,19224,504,1,40237,0.0009999999999976694
50930000,907,2111,130022,6812,-2471,130191,113,19228,463,1,40238,0.0010000000000047748
50931002,2167,6983,129330,-7132,5413,121170,97,19223,397,1,40239,0.0010019999999997253
50932002,9525,-3456,127975,2417,-7912,130638,146,19223,598,0,40240,0.0009999999999976694
50933000,12005,-11145,127952,18434,-8154,134255,102,19229,598,0,40241,0.000998000000002719
50934000,2864,-5419,129952,7691,-3467,130396,106,19232,418,0,40242,0.0009999999999976694
50935000,-36,5584,132940,-26275,8538,122373,106,19226,434,1,40243,0.0009999999999976694
50936000,-5715,21287,135218,-2788,6316,128187,140,19229,573,1,40244,0.0010000000000047748
50937000,-7842,1065,130333,8312,-13654,136037,107,19231,438,1,40245,0.0009999999999976694
50938000,-2365,-10412,128522,-17571,-17263,131848,104,19222,426,0,40246,0.0009999999999976694
50939000,-802,-10979,129651,1501,-8028,130962,96,19222,426,0,40247,0.0010000000000047748
50940002,4831,19039,131955,8156,12340,118669,108,19229,393,0,40248,0.0010019999999997253
50941000,-5841,3772,129509,-18955,-6093,135455,108,19228,442,0,40249,0.0009979999999956135
50942000,-7972,-5323,130252,-20604,-5351,135361,126,19222,516,1,40250,0.0010000000000047748
50943000,-8359,3632,128761,-408,8997,120223,117,19229,479,1,40251,0.0009999999999976694
50944000,-5657,16753,130347,-11820,13011,123773,102,19230,418,1,40252,0.0009999999999976694
50945000,886,6445,129435,-10782,-9409,130056,135,19230,418,0,40253,0.0010000000000047748
50946000,-4606,-10834,123441,-6048,-16386,132589,102,19223,553,0,40254,0.0009999999999976694
50947000,1404,258,126480,-7878,5777,123085,102,19232,418,0,40255,0.0009999999999976694
50948000,-6038,12502,129838,-2101,11124,120927,103,19226,422,1,40256,0.0010000000000047748
50949000,-5156,13657,127908,-15401,1389,128028,144,19230,590,1,40257,0.0009999999999976694
50950000,-6691,1113,127088,-11782,-3766,129065,114,19231,467,1,40258,0.0009999999999976694
50951000,-547,474,128061,-3242,3233,125752,104,19231,467,1,40259,0.0010000000000047748
50952000,2018,14484,126838,7118,4546,118045,100,19224,426,0,40260,0.0009999999999976694
50953000,-603,-6335,121569,-4951,-12938,132141,100,19230,410,0,40261,0.0009999999999976694
50954000,3040,-2745,127345,-12655,2165,127928,108,19232,442,0,40262,0.0010000000000047748
50955000,-2815,11669,125860,4305,10642,117321,118,19220,483,1,40263,0.0009999999999976694
50956000,-2643,13808,127963,-1666,12408,127616,116,19229,475,1,40264,0.0009999999999976694
50957000,-444,2948,124273,-3579,2515,124419,101,19229,475,1,40265,0.0010000000000047748
50958000,6192,2979,123325,4838,-2873,125850,119,19231,414,0,40266,0.0009999999999976694
50959000,11126,281,122941,11569,-1717,122544,119,19230,487,0,40267,0.0009999999999976694
50960001,5268,32,126664,4761,-5328,124829,103,19227,422,0,40268,0.00100100000000225
50961001,6473,914,125009,-42,-689,130021,111,19226,455,0,40269,0.0009999999999976694
50962000,1753,268,125253,4920,6405,124746,146,19230,598,1,40270,0.0009990000000001942
50963001,5257,15495,128882,-1106,18407,129287,113,19230,463,1,40271,0.00100100000000225
50964000,11913,11817,123108,4968,2641,113058,99,19229,463,1,40272,0.0009990000000001942
50965000,10286,647,126086,10602,-5545,128351,120,19224,405,0,40273,0.0009999999999976694
50966002,11715,-3867,129982,8085,-9668,133005,120,19228,491,0,40274,0.0010019999999997253
50967000,5265,-12805,126829,10752,-15928,129778,103,19227,422,0,40275,0.000998000000002719
50968000,281,-2791,133437,-6478,-2029,131529,109,19223,446,1,40276,0.0009999999999976694
50969000,-146,14384,130938,-4751,11808,120989,111,19223,455,1,40277,0.0010000000000047748
50970000,833,13145,130362,9422,13123,128483,104,19229,455,1,40278,0.0009999999999976694
50971000,3475,2717,128148,-4372,-1708,128959,121,19232,426,1,40279,0.0009999999999976694
50972000,11291,-13732,126015,2744,-18622,129667,121,19219,496,0,40280,0.0009999999999976694
50973001,10203,230,132763,20698,872,131921,94,19231,385,0,40281,0.00100100000000225
50974001,3382,-8924,129126,-6230,-13634,136642,103,19226,422,0,40282,0.0010000000000047748
50975000,1624,745,134661,-16491,-869,137790,133,19226,545,1,40283,0.0009989999999930887
50976000,-6891,8866,130247,1066,6524,128509,113,19226,545,1,40284,0.0010000000000047748
50977000,-7826,6340,131049,-3682,1330,128735,101,19230,463,1,40285,0.0009999999999976694
50978000,1062,-4085,128986,-14630,-9807,134369,101,19231,414,0,40286,0.0009999999999976694
50979000,-799,-14174,128764,2048,-17672,127317,142,19236,582,0,40287,0.0010000000000047748
50980000,1997,7871,131010,-345,10836,120296,110,19227,451,0,40288,0.0009999999999976694
50981000,-8102,6043,132138,-14845,-4244,134754,115,19225,471,1,40289,0.0009999999999976694
50982001,-6263,-2177,129556,-11660,1933,130763,129,19225,471,1,40290,0.00100100000000225
50983000,-10555,3878,130405,-9520,4306,129498,110,19227,528,1,40291,0.0009990000000001942
50984000,-4395,12187,130650,-11616,12215,117120,110,19230,451,1,40292,0.0009999999999976694
50985001,-2521,5156,128432,-4063,-9048,133043,114,19218,467,0,40293,0.00100100000000225
50986000,-4303,-13386,125611,-5373,-9552,135880,107,19228,438,0,40294,0.0009990000000001942
50987000,1044,-5326,127904,-7137,5044,116389,105,19229,430,0,40295,0.0009999999999976694
50988000,-7365,9857,128385,-12186,12848,125251,129,19229,430,1,40296,0.0010000000000047748
50989000,-6824,12335,129601,-1852,584,129061,118,19224,528,1,40297,0.0009999999999976694
50990000,-12119,6790,125685,-13911,1997,120913,118,19229,483,1,40298,0.0009999999999976694
50991000,-1209,11729,128372,-794,2033,130170,103,19231,422,0,40299,0.0010000000000047748
50992000,60,-1634,124434,6635,-6449,120960,148,19229,606,0,40300,0.0009999999999976694
50993000,4267,-2927,124385,-10978,-5481,130702,115,19225,471,0,40301,0.0009999999999976694
50994000,2796,-1754,124705,-214,5566,123542,116,19225,471,0,40302,0.0010000000000047748
50995000,-1224,14280,126001,744,15000,121042,161,19225,475,1,40303,0.0009999999999976694
50996001,-542,8064,125049,-5086,6058,125738,161,19228,659,1,40304,0.00100100000000225
50997000,-96,2768,124690,76,6985,123362,111,19230,455,1,40305,0.0009990000000001942
50998000,8401,1138,124334,12122,-6024,129512,106,19226,434,0,40306,0.0009999999999976694
50999001,5895,-1147,123322,8164,-6207,118481,82,19228,336,0,40307,0.00100100000000225
51000001,9749,-2666,126780,-2363,-10791,130187,115,19228,336,0,40308,0.0009999999999976694
51001000,964,-1791,128173,8886,-4894,128238,127,19229,471,1,40309,0.0009990000000001942
51002001,1520,10938,128486,1723,9550,122621,127,19222,520,1,40310,0.00100100000000225
51003000,4023,9092,129195,1056,1724,130324,114,19230,467,1,40311,0.0009990000000001942
51004000,5890,2498,124548,3653,3416,120521,97,19230,397,1,40312,0.0009999999999976694
51005000,14730,4613,126257,9517,-2057,128811,131,19227,537,0,40313,0.0009999999999976694
51006000,9252,-8872,124530,10849,-7961,130429,102,19227,537,0,40314,0.0010000000000047748
51007000,7135,-10054,125834,3885,-10050,130771,104,19232,418,0,40315,0.0009999999999976694
51008000,4161,2974,129743,-2899,4698,128957,104,19224,426,1,40316,0.0009999999999976694
51009000,-790,11089,130079,1046,7799,125350,136,19228,557,1,40317,0.0010000000000047748
51010000,3047,13988,129967,11950,15432,122814,110,19230,451,1,40318,0.0009999999999976694
51011000,3375,-3382,127166,-8834,-10955,128890,102,19221,418,0,40319,0.0009999999999976694
51012000,12790,-17548,127643,4727,-17419,136047,128,19221,524,0,40320,0.0010000000000047748
51013000,6862,3805,130085,20398,1073,128040,107,19226,524,0,40321,0.0009999999999976694
51014000,384,-4277,129555,-17767,-4269,126780,117,19227,438,0,40322,0.0009999999999976694
51015000,-1566,11313,134342,-12463,10061,124043,117,19216,479,1,40323,0.0010000000000047748
51016000,-4947,758,132192,6332,-5689,137750,109,19233,446,1,40324,0.0009999999999976694
51017000,-7560,565,129985,-807,-2588,125492,100,19231,410,1,40325,0.0009999999999976694
51018000,-1813,-5408,129704,-23271,-10958,127940,125,19231,512,0,40326,0.0010000000000047748
51019000,-250,-2015,129997,3421,-3473,128043,102,19228,512,0,40327,0.0009999999999976694
51020000,920,4165,131539,6585,722,127110,112,19229,418,0,40328,0.0009999999999976694
51021000,-8045,7066,132212,-21562,2025,129438,112,19227,459,1,40329,0.0010000000000047748
51022000,-8912,7553,128634,-13075,6849,125471,150,19229,614,1,40330,0.0009999999999976694
51023000,-9626,4532,131933,-7167,2145,132468,115,19230,471,1,40331,0.0009999999999976694
51024000,-2006,3753,128979,-9202,-35,126868,100,19225,410,1,40332,0.0010000000000047748
51025001,-4186,650,125643,-8934,-1607,125886,171,19225,410,0,40333,0.0010009999999951447
51026000,-5472,1297,127485,-9621,-1296,124629,106,19233,700,0,40334,0.0009990000000001942
51027001,456,5453,126105,-6051,122,127952,106,19233,434,0,40335,0.00100100000000225
51028000,-5779,3774,128795,-6742,1642,128013,114,19223,467,1,40336,0.0009990000000001942
51029000,-7405,9530,129777,-9130,8450,124234,121,19225,496,1,40337,0.0009999999999976694
51030000,-6793,9319,128400,-11798,1222,128372,109,19230,446,1,40338,0.0010000000000047748
51031000,456,7179,126105,-1779,603,122470,117,19230,446,0,40339,0.0009999999999976694
51032001,405,1609,125255,-1528,-13861,132337,95,19227,479,0,40340,0.00100100000000225
51033000,386,-7759,123350,-2011,-4718,122581,95,19226,389,0,40341,0.0009989999999930887
51034002,-496,19325,127435,-5239,13194,123204,109,19227,446,0,40342,0.0010020000000068308
51035000,-1731,3808,126583,-3309,-1103,129019,138,19225,565,1,40343,0.0009979999999956135
51036000,-2938,8046,125860,-2475,12781,120788,114,19229,467,1,40344,0.0009999999999976694
51037000,3039,10440,124627,-1501,496,124209,97,19229,467,1,40345,0.0010000000000047748
51038000,10400,5229,122776,12552,4771,118727,116,19230,397,0,40346,0.0009999999999976694
51039000,12096,-989,124526,6665,-12928,132582,116,19233,475,0,40347,0.0009999999999976694
51040000,7174,-12036,123686,3501,-8817,125952,111,19224,455,0,40348,0.0010000000000047748
51041000,5860,5062,127858,2772,4699,125090,116,19224,475,1,40349,0.0009999999999976694
51042000,-534,6705,129490,-37,794,125050,135,19230,553,1,40350,0.0009999999999976694
51043001,1581,16105,127148,4490,8344,122603,108,19230,553,1,40351,0.00100100000000225
51044000,7214,2068,126246,4276,-9119,131570,108,19232,442,1,40352,0.0009990000000001942
51045000,12415,-2100,126548,7251,-2283,118639,108,19221,442,0,40353,0.0009999999999976694
51046000,12107,766,126535,17566,-18633,137427,88,19234,360,0,40354,0.0010000000000047748
51047000,8136,-10888,126207,1265,-12713,130257,104,19238,426,0,40355,0.0009999999999976694
51048000,5153,6721,130216,-5220,8689,125734,123,19225,504,1,40356,0.0009999999999976694
51049000,-1207,18266,132080,364,16207,122795,113,19225,504,1,40357,0.0010000000000047748
51050000,1239,8593,129774,1259,-1272,129146,99,19230,463,1,40358,0.0009999999999976694
51051000,5376,-12446,128538,2418,-21425,133028,99,19230,405,0,40359,0.0009999999999976694
51052000,7945,-15706,126332,5796,-14735,131237,146,19227,598,0,40360,0.0010000000000047748
51053000,7199,-505,129273,14035,-907,127790,103,19228,422,0,40361,0.0009999999999976694
51054000,3634,4644,130982,-19491,6313,124028,106,19224,434,0,40362,0.0009999999999976694
51055000,85,15046,133683,-7089,11023,127428,142,19224,582,1,40363,0.0010000000000047748
51056002,-9089,742,131478,7067,-5801,132590,107,19231,582,1,40364,0.0010019999999997253
51057000,-6298,-10906,128822,-20907,-5113,134660,102,19229,438,1,40365,0.0009979999999956135
51058000,1149,-7594,128916,-722,-10360,131251,102,19221,418,0,40366,0.0010000000000047748
51059000,4295,-2418,128522,10135,-4137,129416,96,19233,393,0,40367,0.0009999999999976694
51060000,-359,3709,131396,-7481,3369,125935,111,19226,455,0,40368,0.0009999999999976694
51061002,-6904,8408,131606,-19053,2892,124955,128,19226,524,1,40369,0.0010019999999997253
51062000,-8143,1836,130475,-13564,-155,138099,114,19223,524,1,40370,0.000998000000002719
51063000,-10850,12564,131114,-2325,11760,120311,101,19228,467,1,40371,0.0009999999999976694
51064000,-4374,10272,130038,-13091,3884,128149,101,19230,414,1,40372,0.0010000000000047748
51065000,-4279,-8375,126598,-9290,-10857,131810,135,19224,553,0,40373,0.0009999999999976694
51066001,-1310,-4477,127456,-3472,-5720,129205,103,19234,422,0,40374,0.00100100000000225
51067000,62,6547,127941,-7074,6428,124229,104,19234,426,0,40375,0.0009990000000001942
51068000,-5325,16763,129074,-4858,13733,117992,142,19227,426,1,40376,0.0009999999999976694
51069000,-8468,3040,129139,-26496,-3468,139270,112,19228,582,1,40377,0.0009999999999976694
51070000,-1834,-653,123269,-983,-694,123648,112,19230,459,1,40378,0.0010000000000047748
51071000,511,3327,126435,9710,-298,128522,105,19225,430,0,40379,0.0009999999999976694
51072000,-1387,-2354,123063,-8804,-6250,122171,107,19230,438,0,40380,0.0009999999999976694
51073002,-615,-765,124528,-4262,-3068,131331,110,19229,451,0,40381,0.0010019999999997253
51074000,-317,8118,127574,-1874,7026,121814,117,19229,451,0,40382,0.000998000000002719
51075000,-2841,20454,125574,-850,15036,115912,114,19220,479,1,40383,0.0009999999999976694
51076000,-1513,10063,126443,-4193,-1996,133698,114,19229,467,1,40384,0.0010000000000047748
51077000,4325,-2777,123330,-688,-2497,121307,99,19232,405,1,40385,0.0009999999999976694
51078000,9714,6610,123381,7680,1625,121732,121,19228,496,0,40386,0.0009999999999976694
51079000,10365,-387,123086,-209,-6441,124467,103,19227,422,0,40387,0.0010000000000047748
51080000,7605,-8322,126089,9355,-5964,132120,110,19227,422,0,40388,0.0009999999999976694
51081000,1565,-3854,127249,763,3139,124598,146,19226,451,1,40389,0.0009999999999976694
51082000,3053,11117,128412,-4697,15310,117416,146,19227,598,1,40390,0.0010000000000047748
51083000,2700,15014,129033,15877,3099,131240,114,19230,467,1,40391,0.0009999999999976694
51084000,9550,-1243,123577,1345,-5094,119882,100,19226,410,0,40392,0.0009999999999976694
51085002,9877,-305,126354,3264,-10626,134949,122,19232,500,0,40393,0.0010019999999997253
51086004,9761,-11844,129741,18665,-14088,131056,106,19232,500,0,40394,0.0010019999999997253
51087001,6616,3020,127452,-4750,-2054,125090,110,19228,434,0,40395,0.0009970000000052437
51088001,1009,1599,130757,-8237,4388,135206,110,19228,451,1,40396,0.0009999999999976694
51089000,3084,15079,130013,6760,10852,116516,110,19227,451,1,40397,0.0009990000000001942
51090001,3091,9388,127205,2710,-1679,131969,104,19234,426,1,40398,0.00100100000000225
51091001,6458,-4669,128972,-4013,-17358,127135,121,19221,496,0,40399,0.0009999999999976694
51092001,8817,-5559,129382,20557,-6139,136232,103,19221,496,0,40400,0.0009999999999976694
51093000,2730,-6278,129576,4224,-12812,127717,108,19229,422,0,40401,0.0009990000000001942
51094000,172,1985,133626,-26794,4553,120282,108,19228,442,1,40402,0.0010000000000047748
51095001,-2818,9386,135568,3714,338,137740,134,19224,549,1,40403,0.0010009999999951447
51096000,-7455,962,129283,2524,4566,124397,115,19231,471,1,40404,0.0009990000000001942
51097000,-1971,-378,129307,-23920,-3340,134050,101,19229,414,1,40405,0.0009999999999976694
51098000,-132,-13710,127342,1673,-11284,130591,141,19229,414,0,40406,0.0010000000000047748
51099000,4928,4256,127922,5906,6464,121998,108,19235,577,0,40407,0.0009999999999976694
51100000,-5724,1130,131852,-15138,-4494,135824,111,19227,442,0,40408,0.0009999999999976694
51101000,-6877,-2078,128927,-13587,348,127844,111,19223,455,1,40409,0.0010000000000047748
51102000,-12060,5936,131034,-9938,4346,132941,130,19229,532,1,40410,0.0009999999999976694
51103000,-10911,10028,130253,-9584,9922,119541,109,19232,446,1,40411,0.0009999999999976694
51104000,-1804,10638,129926,130,4219,132491,112,19232,459,0,40412,0.0010000000000047748
51105000,-6844,-12778,123210,-12905,-12601,127985,107,19219,459,0,40413,0.0009999999999976694
51106001,699,-346,127604,-8590,-3494,125808,105,19229,438,0,40414,0.00100100000000225
51107000,-4535,1351,126737,-2950,489,128629,105,19230,430,0,40415,0.0009990000000001942
51108000,-6163,16782,129215,-14132,12478,115284,126,19220,516,1,40416,0.0009999999999976694
51109000,-7931,1239,126888,-7300,-4003,136085,115,19228,471,1,40417,0.0009999999999976694
51110000,-7363,10694,127011,-11076,6921,119275,104,19228,426,1,40418,0.0010000000000047748
51111000,3281,4334,125017,-1707,100,126051,146,19229,426,0,40419,0.0009999999999976694
51112000,-467,-1053,126680,4971,-2209,124507,108,19235,598,0,40420,0.0009999999999976694
51113000,3880,-6876,124312,-5388,-9217,132116,108,19226,442,0,40421,0.0010000000000047748
51114001,-4379,1276,127359,-2176,1722,122786,109,19220,446,1,40422,0.0010009999999951447
51115000,-2479,21909,129185,-5033,16020,119797,152,19228,623,1,40423,0.0009990000000001942
51116000,287,10248,123167,3047,8252,126925,107,19231,438,1,40424,0.0010000000000047748
51117000,217,8003,125635,-2081,6772,126087,102,19231,438,0,40425,0.0009999999999976694
51118000,13503,-6556,122907,282,-10682,126820,84,19226,418,0,40426,0.0009999999999976694
51119000,7082,2150,123936,18925,-1060,120114,84,19229,344,0,40427,0.0010000000000047748
51120000,8330,-319,126033,1078,-4077,132419,115,19228,471,0,40428,0.0009999999999976694
51121002,5791,1313,126340,-7515,6640,120940,125,19223,512,1,40429,0.0010019999999997253
51122000,2414,10445,130019,9641,11796,126468,111,19228,455,1,40430,0.000998000000002719
51123000,8227,-4030,125796,11790,3419,126556,99,19228,455,1,40431,0.0009999999999976694
51124000,5896,-379,125247,-2596,-1417,123291,136,19229,405,0,40432,0.0009999999999976694
51125000,12852,-3574,125091,3622,-11704,136317,136,19229,557,0,40433,0.0010000000000047748
51126003,7634,-2270,126052,16082,-1854,121175,102,19232,418,0,40434,0.0010029999999972006
51127000,3710,-2357,131026,-11112,-10475,137865,105,19225,430,1,40435,0.0009969999999981383
51128000,1296,9982,130229,-514,9151,121894,134,19229,549,1,40436,0.0010000000000047748
51129000,-916,18388,132127,6612,-3022,131248,111,19229,549,1,40437,0.0009999999999976694
51130000,3478,-5380,127570,-1158,-3598,130001,105,19228,455,1,40438,0.0009999999999976694
51131000,4674,886,129403,-1447,-4861,124883,105,19218,430,0,40439,0.0010000000000047748
51132000,12890,-15200,126137,21935,-10555,134516,123,19233,504,0,40440,0.0009999999999976694
51133000,4734,-3065,129965,-198,-788,128507,106,19230,434,0,40441,0.0009999999999976694
51134000,913,3617,130398,-22373,4879,127741,117,19222,479,1,40442,0.0010000000000047748
51135000,-3585,13895,133381,2780,9108,124123,110,19222,479,1,40443,0.0009999999999976694
51136000,-6894,904,131007,5402,-9173,135569,99,19230,451,1,40444,0.0009999999999976694
51137002,-3790,-11317,128834,-20949,-18395,133131,99,19230,405,0,40445,0.0010019999999997253
51138000,-61,-3621,128921,-7496,-8234,128253,125,19226,512,0,40446,0.000998000000002719
51139000,2538,-1120,131404,9995,4149,125798,112,19229,459,0,40447,0.0009999999999976694
51140000,-3316,17978,130236,-19967,5601,125541,115,19227,471,0,40448,0.0010000000000047748
51141000,-7428,2236,131413,-15731,-12965,136262,151,19227,471,1,40449,0.0009999999999976694
51142000,-7555,-2704,129545,-3934,1499,130757,116,19227,618,1,40450,0.0009999999999976694
51143000,-8070,13290,132008,-8309,9505,119444,116,19228,475,1,40451,0.0010000000000047748
51144000,-3069,8682,129747,-11016,1787,126805,101,19226,414,0,40452,0.0009999999999976694
51145000,-2180,-12324,125010,-9395,-17037,136964,161,19233,659,0,40453,0.0009999999999976694
51146000,-3515,-5485,126015,1466,-49,124042,108,19229,442,0,40454,0.0010000000000047748
51147000,510,19998,128665,-14785,12987,117769,113,19229,463,1,40455,0.0009999999999976694
51148000,-7426,12545,127629,-7546,9164,123813,117,19221,463,1,40456,0.0009999999999976694
51149000,-2375,4451,128005,-11085,-5237,133159,105,19227,479,1,40457,0.0010000000000047748
51150000,-1197,-1087,125385,-487,-3715,125174,105,19231,430,1,40458,0.0009999999999976694
51151002,295,6919,126123,-573,11484,119518,119,19227,487,0,40459,0.0010019999999997253
51152002,3581,-63,125607,-5148,-5574,128189,95,19234,389,0,40460,0.0009999999999976694
51153000,1025,-3115,122459,-3720,-3943,128716,105,19234,430,0,40461,0.000998000000002719
51154000,2343,7106,127313,-2559,5566,128265,136,19229,430,1,40462,0.0009999999999976694
51155000,-8062,15136,125722,1250,11615,115748,112,19218,557,1,40463,0.0010000000000047748
51156000,115,14977,126370,-11383,8722,124603,112,19231,459,1,40464,0.0009999999999976694
51157000,8183,1632,124385,6424,-3439,127640,94,19227,385,0,40465,0.0009999999999976694
51158000,9325,-1678,123438,15922,-5354,123780,104,19233,426,0,40466,0.0009999999999976694
51159000,8617,-213,125254,2133,-5071,123105,110,19228,451,0,40467,0.0010000000000047748
51160001,2554,2726,126170,1787,1689,125325,114,19228,451,0,40468,0.00100100000000225
51161000,7090,1645,129243,4124,-128,130663,123,19223,467,1,40469,0.0009989999999930887
51162000,359,9418,127543,2070,10245,122370,123,19230,504,1,40470,0.0010000000000047748
51163001,7129,8564,124549,-6716,5299,124325,105,19230,430,1,40471,0.0010009999999951447
51164000,13736,-2719,126058,14183,-6010,123535,109,19222,446,0,40472,0.0009990000000001942
51165001,11217,-7576,126149,12201,-12621,134184,95,19228,389,0,40473,0.00100100000000225
51166000,7157,-8429,127396,8293,-10960,124387,109,19228,389,0,40474,0.0009990000000001942
51167000,-535,3465,130107,-8439,59,132397,129,19230,446,1,40475,0.0009999999999976694
51168000,1029,15320,133524,-1482,7458,125410,129,19224,528,1,40476,0.0010000000000047748
51169000,-3311,10796,131228,6292,-1927,129681,115,19226,471,1,40477,0.0009999999999976694
51170000,2685,-8255,129908,-10509,-10039,130329,100,19230,410,1,40478,0.0009999999999976694
51171000,10063,-5764,129216,8947,-6320,125949,150,19232,614,0,40479,0.0010000000000047748
51172001,9913,-8670,127227,16347,-11019,134054,103,19232,614,0,40480,0.0010009999999951447
51173001,2676,2211,131003,-21168,4238,121838,106,19231,422,0,40481,0.0010000000000047748
51174000,1395,7292,132320,-4991,3547,132354,106,19225,434,1,40482,0.0009990000000001942
51175002,-11161,9312,135165,11010,2727,128053,137,19227,561,1,40483,0.0010019999999997253
51176002,-4997,-8838,128023,-20275,-10950,132983,106,19236,434,1,40484,0.0009999999999976694
51177002,-2333,-11063,130254,-6470,-6985,134073,104,19220,426,0,40485,0.0009999999999976694
51178000,2376,3649,126770,3658,9240,117567,86,19220,426,0,40486,0.000998000000002719
51179000,1653,3450,129118,-2890,-496,132276,107,19232,352,0,40487,0.0009999999999976694
51180000,-6178,2123,131449,-14240,-3668,128523,107,19228,438,0,40488,0.0010000000000047748
51181000,-7970,-1088,130250,-16390,-3155,134611,127,19226,520,1,40489,0.0009999999999976694
51182000,-11081,8751,132547,-7665,11476,124893,119,19234,487,1,40490,0.0009999999999976694
51183000,-3143,11830,130546,-10053,6072,126147,98,19229,401,1,40491,0.0010000000000047748
51184000,-4855,207,125324,-5433,-6658,128804,138,19229,401,0,40492,0.0009999999999976694
51185000,-4175,-7426,125667,-6697,-8123,127410,100,19225,565,0,40493,0.0009999999999976694
51186000,981,-978,126186,-6713,5784,130017,100,19232,410,0,40494,0.0010000000000047748
51187000,-4982,9656,130129,-1857,7484,114712,104,19226,426,1,40495,0.0009999999999976694
51188000,-6707,9557,129854,-16200,1683,128593,140,19227,573,1,40496,0.0009999999999976694
51189000,-8914,1256,129044,-8516,-1487,130386,114,19232,467,1,40497,0.0010000000000047748
51190000,-2081,2538,125703,1242,455,122046,107,19232,438,0,40498,0.0009999999999976694
51191000,549,2741,124601,-5229,-1526,128719,95,19222,438,0,40499,0.0009999999999976694
51192000,3592,2911,123138,-1709,-477,119062,107,19228,389,0,40500,0.0010000000000047748
51193002,3046,10641,126024,-1024,5362,126287,107,19232,438,0,40501,0.0010019999999997253
51194000,-290,3733,125113,-646,-1185,126301,123,19219,504,1,40502,0.0009979999999956135
51195000,-1394,9975,125632,-5296,16772,126054,111,19229,455,1,40503,0.0010000000000047748
51196000,1816,2783,124157,232,385,124400,99,19229,405,1,40504,0.0009999999999976694
51197000,8778,3738,122757,7867,1507,121465,125,19231,405,0,40505,0.0009999999999976694
51198001,7365,-1302,124098,9183,-9217,134037,115,19229,512,0,40506,0.00100100000000225
51199000,8018,-2901,124007,6654,768,114530,115,19227,471,0,40507,0.0009990000000001942
51200000,5146,3083,127765,-327,-2491,129981,115,19226,471,1,40508,0.0009999999999976694
51201000,2504,7355,128734,3866,6361,125588,144,19230,590,1,40509,0.0010000000000047748
51202000,4967,8823,126351,7989,2706,123784,114,19230,467,1,40510,0.0009999999999976694
51203000,4655,166,125729,389,-2878,131640,99,19232,467,1,40511,0.0009999999999976694
51204002,12736,10483,126238,5416,9961,118184,116,19225,405,0,40512,0.0010019999999997253
51205000,14047,-1716,126651,17826,-4213,133423,116,19231,475,0,40513,0.000998000000002719
51206000,7504,-7060,129369,6257,-11218,129140,105,19230,430,0,40514,0.0009999999999976694
51207000,4972,-1638,128733,-8724,-4446,130113,110,19226,451,1,40515,0.0010000000000047748
51208001,-1571,7765,131497,7948,5146,128480,105,19229,430,1,40516,0.0010009999999951447
51209000,-36,6177,129765,1595,3504,125810,103,19229,430,1,40517,0.0009990000000001942
51210000,6591,645,129658,-309,-3058,132919,123,19232,422,0,40518,0.0010000000000047748
51211000,9463,-2874,125507,3912,-5484,127638,123,19224,504,0,40519,0.0009999999999976694
51212000,11039,-1606,130684,14835,-4796,130862,98,19225,401,0,40520,0.0009999999999976694
51213000,798,-3813,128370,-1124,-6629,125285,101,19231,414,0,40521,0.0010000000000047748
51214000,1115,3179,131553,-17447,2049,134749,139,19226,569,1,40522,0.0009999999999976694
51215000,-7503,8207,135467,1539,-722,126107,111,19226,569,1,40523,0.0009999999999976694
51216000,-4624,6480,131388,-4509,-5682,126386,97,19233,455,1,40524,0.0010000000000047748
51217000,378,-8706,129985,-14255,-12337,138325,97,19225,397,0,40525,0.0009999999999976694
51218000,-2372,-6552,129345,908,-3427,124752,135,19230,553,0,40526,0.0009999999999976694
51219000,2378,6524,128634,-897,9218,124787,113,19228,463,0,40527,0.0010000000000047748
51220000,-9680,13305,133809,-17514,1030,127990,116,19220,475,1,40528,0.0009999999999976694
51221000,-7937,-8661,130761,-5955,-1005,139574,123,19220,475,1,40529,0.0009999999999976694
51222001,-7520,7443,131025,-11476,-652,126452,104,19228,504,1,40530,0.00100100000000225
51223000,-7696,12684,129344,-13830,3007,128727,104,19232,426,1,40531,0.0009990000000001942
51224000,-2460,-1434,127090,-1360,-6226,130656,117,19217,479,0,40532,0.0009999999999976694
51225000,-4148,-2318,126046,-7237,-288,123631,115,19231,471,0,40533,0.0009999999999976694
51226000,455,-2653,125634,-10340,-3867,132527,109,19226,446,0,40534,0.0010000000000047748
51227000,-6954,11570,128870,-9450,17401,116966,131,19226,446,1,40535,0.0009999999999976694
51228000,-5263,9835,128047,-5546,-3641,135722,116,19224,537,1,40536,0.0009999999999976694
51229000,-8575,1640,125067,-9682,10440,117169,116,19226,475,1,40537,0.0010000000000047748
51230000,-1363,11043,128823,-9326,864,129431,104,19229,426,0,40538,0.0009999999999976694
51231000,-1452,-10075,123782,6205,-11316,126212,137,19239,561,0,40539,0.0009999999999976694
51232000,889,5540,124882,-6939,-5031,125090,105,19230,430,0,40540,0.0010000000000047748
51233000,427,-5179,127075,218,1730,127453,107,19230,430,0,40541,0.0009999999999976694
51234000,-3874,23389,127824,-5108,15669,113769,140,19224,438,1,40542,0.0009999999999976694
51235000,384,485,125429,-10074,-13995,140667,140,19227,573,1,40543,0.0010000000000047748
51236000,-393,6334,125143,9321,11826,115877,107,19234,438,1,40544,0.0009999999999976694
51237000,7562,9997,123044,613,1171,122879,107,19226,438,0,40545,0.0009999999999976694
51238000,8558,-3048,122644,8887,-282,120618,92,19229,377,0,40546,0.0010000000000047748
51239000,7667,-5086,125383,6483,-11779,132657,108,19229,442,0,40547,0.0009999999999976694
51240000,6194,-14801,123351,65,-6837,129386,127,19227,442,1,40548,0.0009999999999976694
51241000,61,22631,130117,899,18243,113678,114,19225,520,1,40549,0.0010000000000047748
51242000,1557,3789,126395,5423,-2780,135442,114,19232,467,1,40550,0.0009999999999976694
51243000,6994,51,125126,1929,-1560,120677,97,19231,397,1,40551,0.0009999999999976694
51244001,9751,-3507,127689,6562,-7042,132097,144,19230,590,0,40552,0.00100100000000225
51245000,12822,-4402,125486,13962,839,124167,100,19230,410,0,40553,0.0009990000000001942
51246000,5311,1386,128269,1418,-2332,126065,101,19228,410,0,40554,0.0009999999999976694
51247001,4651,-785,129834,-6478,-4533,139205,120,19226,414,1,40555,0.00100100000000225
51248000,-1123,6071,128636,5713,6210,123536,120,19229,491,1,40556,0.0009990000000001942
51249003,632,6466,130744,1640,4513,121902,110,19229,451,1,40557,0.0010029999999972006
51250000,7072,1096,129080,-5321,-6070,130802,107,19221,438,0,40558,0.0009970000000052437
51251000,7695,-14356,125722,11140,-19202,131959,113,19232,463,0,40559,0.0009999999999976694
51252000,7524,-2525,131099,13186,-2660,128587,102,19232,463,0,40560,0.0009999999999976694
51253000,-1189,244,129850,-12844,-336,124029,120,19232,418,0,40561,0.0010000000000047748
51254000,-173,12335,134514,-14010,7276,127627,120,19219,491,1,40562,0.0009999999999976694
51255000,-6097,915,132455,5225,-3247,134746,111,19229,455,1,40563,0.0009999999999976694
51256000,-5261,-3108,128468,-4461,-4918,130043,97,19234,397,1,40564,0.0010000000000047748
51257002,255,765,128986,-23879,382,128229,130,19228,532,0,40565,0.0010019999999997253
51258000,2164,-4897,129232,11492,-9666,125392,106,19228,532,0,40566,0.0009979999999956135
51259000,3146,204,128813,5292,-1885,128736,110,19228,434,0,40567,0.0010000000000047748
51260000,-8367,6047,131488,-24047,1867,127632,110,19224,451,1,40568,0.0009999999999976694
51261000,-7854,4916,131177,-9392,4358,129070,141,19230,577,1,40569,0.0009999999999976694
51262000,-8367,8978,131198,-5148,-2404,132349,113,19234,463,1,40570,0.0010000000000047748
51263000,-2927,418,128743,-9508,1133,124145,101,19224,414,1,40571,0.0009999999999976694
51264000,-2662,3794,127778,-6800,-5321,127593,136,19224,414,0,40572,0.0009999999999976694
51265000,-1930,-432,126137,-7091,50,125014,105,19231,557,0,40573,0.0010000000000047748
51266000,-1803,8707,128142,-1915,1637,126937,105,19229,430,0,40574,0.0009999999999976694
51267000,-6511,9467,128434,-10813,-3012,126180,117,19220,479,1,40575,0.0009999999999976694
51268000,-6273,3059,126805,-6043,6674,128880,111,19231,455,1,40576,0.0010000000000047748
51269000,-6741,11092,130107,-5375,3506,125810,105,19234,430,1,40577,0.0009999999999976694
51270000,2922,3275,124974,3801,350,121387,126,19234,430,0,40578,0.0009999999999976694
51271000,-776,-3083,124843,-497,-5823,131156,104,19228,516,0,40579,0.0010000000000047748
51272000,2358,-4857,123207,-3941,845,121648,104,19229,426,0,40580,0.0009999999999976694
51273000,566,10818,125373,1318,7758,124890,109,19227,446,0,40581,0.0009999999999976694
51274000,-2492,4931,127033,-5644,4846,127992,145,19226,594,1,40582,0.0010000000000047748
51275001,-1291,10333,125365,-5356,6612,118779,111,19229,455,1,40583,0.0010009999999951447
51276000,2753,16223,126714,5228,-3005,124797,95,19229,455,1,40584,0.0009990000000001942
51277001,9407,3210,121996,6234,-113,122016,109,19224,389,0,40585,0.00100100000000225
51278000,11521,1427,125531,7123,-7601,126075,109,19232,446,0,40586,0.0009990000000001942
51279003,7488,-8140,123881,5443,-9248,125732,114,19227,467,0,40587,0.0010029999999972006
51280000,6508,-1285,127395,-1068,-3767,131301,118,19224,483,1,40588,0.0009970000000052437
51281000,701,10217,130532,10506,9030,119212,107,19229,438,1,40589,0.0009999999999976694
51282000,4093,14466,129557,7228,7011,122552,101,19229,414,1,40590,0.0009999999999976694
51283001,3613,-879,126359,-544,-2973,130961,116,19230,414,0,40591,0.00100100000000225
51284000,11662,-5550,126688,6392,-9806,126207,92,19220,475,0,40592,0.0009990000000001942
51285000,9871,-8337,123990,18469,-18442,130061,92,19232,377,0,40593,0.0009999999999976694
51286000,6521,4261,130194,-4604,2987,124520,106,19229,434,0,40594,0.0009999999999976694
51287000,5223,5405,129779,-300,3602,127538,134,19228,549,1,40595,0.0010000000000047748
51288000,2767,15850,130482,4476,11922,127693,112,19228,459,1,40596,0.0009999999999976694
51289000,1893,5914,128038,-5456,-551,129453,101,19230,459,1,40597,0.0009999999999976694
51290002,6485,-6104,127816,4894,-8812,127887,161,19224,414,0,40598,0.0010020000000068308
51291000,10984,-16689,126334,7705,-16459,135009,161,19230,659,0,40599,0.0009979999999956135
51292000,2909,-60,130278,15961,-1169,132316,107,19232,438,0,40600,0.0009999999999976694
51293000,4726,112,129600,-20740,-1665,122605,108,19229,442,1,40601,0.0010000000000047748
51294000,-4163,20897,135102,-6538,20832,121070,134,19229,549,1,40602,0.0009999999999976694
51295000,-6538,10243,131987,7486,81,131677,104,19229,549,1,40603,0.0009999999999976694
51296000,-3478,-9641,128182,-18134,-12505,130354,110,19229,426,1,40604,0.0010000000000047748
51297000,-3017,-14990,129984,-9804,-20273,139281,110,19217,451,0,40605,0.0009999999999976694
51298000,4896,5969,130433,6324,6015,121592,88,19230,360,0,40606,0.0009999999999976694
51299000,-2896,6551,130905,-6865,1349,127968,107,19228,438,0,40607,0.0010000000000047748
51300000,-6931,8359,132747,-19140,8381,126532,137,19222,561,1,40608,0.0009999999999976694
51301000,-9644,-1281,127819,-13704,-4775,135507,121,19222,561,1,40609,0.0009999999999976694
51302000,-7476,12272,130264,-2806,12476,121005,101,19228,496,1,40610,0.0010000000000047748
51303002,-4291,10359,129699,-10830,5666,123692,101,19227,414,0,40611,0.0010019999999997253
51304001,-2523,-15775,126254,-8387,-19530,145785,147,19226,602,0,40612,0.0009990000000001942
51305000,-2465,4904,125585,-3974,4629,128969,104,19234,426,0,40613,0.0009990000000001942
51306001,-2026,3993,128441,-8998,1094,124076,110,19225,451,0,40614,0.0010009999999951447
51307000,-6640,18337,127768,-2058,14861,116833,139,19225,451,1,40615,0.0009990000000001942
51308000,-6719,5336,126949,-17389,-86,139606,115,19227,569,1,40616,0.0010000000000047748
51309000,-2286,3038,126905,-9727,8585,113145,115,19231,471,1,40617,0.0009999999999976694
51310000,440,12075,127363,5785,-5918,130285,109,19222,446,0,40618,0.0009999999999976694
51311000,-417,-9316,124488,-3042,-11398,127518,94,19227,385,0,40619,0.0010000000000047748
51312000,-350,-2006,124333,-6948,6555,125473,115,19228,471,0,40620,0.0009999999999976694
51313000,-755,5258,125301,-4180,11763,124164,129,19228,471,1,40621,0.0009999999999976694
51314000,-2713,21560,126843,-3514,17298,114787,117,19220,528,1,40622,0.0010000000000047748
51315000,-3055,4303,125613,-358,-5314,137320,117,19229,479,1,40623,0.0009999999999976694
51316000,6000,-475,127161,5213,-5712,119001,97,19231,397,0,40624,0.0009999999999976694
51317000,6500,6290,124074,4942,-7229,126072,129,19233,528,0,40625,0.0010000000000047748
51318000,9605,-3823,126457,8519,-7109,130876,104,19230,426,0,40626,0.0009999999999976694
51319000,4494,-1444,125712,5127,-4799,122349,111,19230,426,0,40627,0.0009999999999976694
51320000,1980,3813,125883,-5147,1957,127780,141,19227,455,1,40628,0.0010000000000047748
51321000,2314,15483,128541,4138,17530,118217,141,19229,577,1,40629,0.0009999999999976694
51322000,7994,7198,124862,10664,-2026,129121,112,19232,459,1,40630,0.0009999999999976694
51323002,11337,-3455,124891,4341,-3397,123823,100,19224,410,0,40631,0.0010019999999997253
51324000,9174,868,128134,2750,-8015,130078,111,19232,455,0,40632,0.000998000000002719
51325000,9851,-12015,127137,16461,-12628,133468,104,19232,426,0,40633,0.0009999999999976694
51326006,773,396,129602,-5863,-1086,127722,113,19231,426,1,40634,0.0010060000000038372
51327000,-432,3322,130689,-3983,6571,130354,112,19224,463,1,40635,0.0009939999999986071
51328000,1508,16498,130262,7961,9779,117459,112,19232,459,1,40636,0.0009999999999976694
51329000,4787,2416,129278,-8397,-11067,138461,102,19230,418,1,40637,0.0010000000000047748
51330000,10510,-7568,127365,6309,-8221,125786,128,19222,524,0,40638,0.0009999999999976694
51331000,5098,2815,130975,18606,-852,126021,98,19222,401,0,40639,0.0009999999999976694
51332000,7803,-14950,127666,-4974,-15926,139293,102,19229,401,0,40640,0.0010000000000047748
51333000,-3363,2629,133192,-15562,7387,123396,143,19225,418,1,40641,0.0009999999999976694
51334000,350,8274,131522,2989,2354,133945,143,19228,586,1,40642,0.0009999999999976694
51335003,-9760,6553,130611,-517,5284,121671,114,19228,467,1,40643,0.001003000000004306
51336000,218,-3911,129225,-20878,-11484,134217,99,19227,405,0,40644,0.0009969999999981383
51337000,-779,-14272,126933,3626,-12847,133738,121,19227,496,0,40645,0.0009999999999976694
51338000,3042,2013,128782,-124,6321,122740,110,19231,496,0,40646,0.0010000000000047748
51339003,-3747,7760,131539,-7999,10097,130344,117,19226,451,0,40647,0.0010029999999972006
51340000,-8079,-3512,128559,-16957,-5265,128890,117,19217,479,1,40648,0.0009969999999981383
51341001,-5576,276,130736,-10240,-1796,137036,119,19229,487,1,40649,0.00100100000000225
51342000,-9104,11183,129674,-3732,9485,121056,107,19231,438,1,40650,0.0009990000000001942
51343000,-1947,6040,130002,-9567,10,124426,120,19216,491,0,40651,0.0009999999999976694
51344000,-7573,-8581,126829,-10370,-11980,135750,90,19216,491,0,40652,0.0010000000000047748
51345002,-2247,-4676,124733,-8031,-7252,125760,103,19231,369,0,40653,0.0010019999999997253
51346000,-3436,12545,129713,-4445,9717,120808,103,19226,422,1,40654,0.0009979999999956135
51347000,-5747,7696,127643,-6740,3193,125351,134,19225,549,1,40655,0.0009999999999976694
51348000,-8186,10368,127758,-12438,7420,123679,120,19232,491,1,40656,0.0010000000000047748
51349000,-3034,7909,125930,-11976,2284,127065,102,19229,418,1,40657,0.0009999999999976694
51350000,2981,1888,126336,6672,-608,123821,128,19229,418,0,40658,0.0009999999999976694
51351000,2814,6601,123716,3078,4863,118426,108,19234,524,0,40659,0.0010000000000047748
51352000,1595,-9613,124934,-9469,-11651,125762,108,19224,442,0,40660,0.0009999999999976694
51353002,3284,4323,125681,-1962,3802,124227,112,19225,459,1,40661,0.0010019999999997253
51354000,-1584,14447,127004,1959,11116,119790,138,19227,565,1,40662,0.000998000000002719
51355000,-1486,14460,125564,-6100,11715,119484,106,19231,434,1,40663,0.0009999999999976694
51356001,6977,2022,124089,-2695,-7753,136208,106,19231,434,0,40664,0.00100100000000225
51357000,7796,-11107,121718,17878,-6222,122266,95,19228,434,0,40665,0.0009990000000001942
51358000,8323,1607,125539,5652,-1274,123797,95,19226,389,0,40666,0.0009999999999976694
51359000,5351,4014,126744,-6806,2331,123964,115,19228,471,0,40667,0.0009999999999976694
51360000,7244,9830,129287,13998,270,126833,134,19228,549,1,40668,0.0010000000000047748
51361000,2133,3708,128305,-4324,-3384,131133,114,19232,467,1,40669,0.0009999999999976694
51362000,6842,2508,127258,3155,-3203,126132,95,19232,467,1,40670,0.0009999999999976694
51363000,8453,12180,125911,15426,379,120181,144,19229,389,0,40671,0.0010000000000047748
51364000,10990,427,127731,5886,-11125,129239,144,19231,590,0,40672,0.0009999999999976694
51365000,10677,-18134,124929,5536,-10551,135966,104,19227,426,0,40673,0.0009999999999976694
51366000,4580,306,128555,3087,8961,120061,107,19226,438,1,40674,0.0010000000000047748
51367000,2820,19487,130081,-743,11680,124993,126,19228,516,1,40675,0.0009999999999976694
51368000,73,4756,130780,2724,-3503,131028,108,19228,442,1,40676,0.0009999999999976694
51369001,2434,-4270,129195,-419,-12255,134059,107,19231,442,1,40677,0.00100100000000225
51370002,7552,-9523,128063,1810,-12976,130141,114,19227,438,0,40678,0.00100100000000225
51371002,8558,-5752,130058,20662,-1711,126454,114,19230,467,0,40679,0.0009999999999976694
51372000,3562,5322,129048,-8284,-1789,128963,113,19229,463,0,40680,0.000998000000002719
51373003,1527,4351,129195,-16570,5199,125871,125,19221,512,1,40681,0.0010029999999972006
51374002,-2828,4185,135415,7587,3217,133426,109,19221,446,1,40682,0.0009990000000001942
51375002,-8582,4591,130661,3874,-6079,128296,96,19228,446,1,40683,0.0009999999999976694
51376000,-4869,-8542,128380,-19269,-19948,133760,137,19229,393,0,40684,0.000998000000002719
51377000,-3501,-12820,130421,-6441,-11314,135462,137,19228,561,0,40685,0.0009999999999976694
51378000,-530,4498,130882,9321,6115,117301,109,19225,446,0,40686,0.0010000000000047748
51379000,-6893,12445,131058,-21247,7390,127486,112,19230,459,0,40687,0.0009999999999976694
51380000,-6060,2396,131293,-17420,-3756,131205,140,19230,573,1,40688,0.0009999999999976694
51381000,-8287,2622,129602,-1898,-523,130390,111,19228,573,1,40689,0.0010000000000047748
51382000,-5094,11180,129600,-13966,10145,123575,104,19230,455,1,40690,0.0009999999999976694
51383002,-5856,293,130085,-8937,-4355,127929,104,19225,426,0,40691,0.0010019999999997253
51384000,-3498,-12166,123975,-6089,-13071,134221,143,19231,586,0,40692,0.000998000000002719
51385001,-2176,-1205,124857,-4769,398,125166,106,19231,434,0,40693,0.0010009999999951447
51386000,-4515,9981,127891,-16001,15478,126303,113,19222,463,1,40694,0.0009990000000001942
51387000,-5664,16070,126913,-1231,11895,113878,110,19222,463,1,40695,0.0010000000000047748
51388000,-7917,548,126769,-9098,-4958,135460,104,19228,451,1,40696,0.0009999999999976694
51389000,-449,361,127939,-6621,-2842,129623,104,19231,426,0,40697,0.0009999999999976694
51390000,-2481,8484,125277,4624,552,117369,131,19228,537,0,40698,0.0010000000000047748
51391000,2859,-4305,123506,-13313,-7797,129989,104,19228,426,0,40699,0.0009999999999976694
51392000,1266,7109,127251,-3122,7204,120351,106,19227,434,0,40700,0.0009999999999976694
51393000,-3253,10354,124718,3972,7366,130043,145,19227,434,1,40701,0.0010000000000047748
51394000,-3428,12993,125490,-12775,12215,120914,109,19226,594,1,40702,0.0009999999999976694
51395000,509,16401,128639,-3174,11755,123175,109,19236,446,1,40703,0.0009999999999976694
51396000,12071,2430,124188,13494,-843,123854,97,19227,397,0,40704,0.0010000000000047748
51397000,6817,-5181,123317,6408,-10661,127916,101,19229,414,0,40705,0.0009999999999976694
51398000,6259,-10986,127264,-2279,-14864,139950,113,19225,463,0,40706,0.0009999999999976694
51399000,8122,4865,122669,11331,4641,123682,116,19225,463,1,40707,0.0010000000000047748
51400000,1286,10325,129931,6362,7786,130315,107,19222,475,1,40708,0.0009999999999976694
51401000,5032,9822,126339,-6908,5325,121526,107,19228,438,1,40709,0.0009999999999976694
51402000,4871,5800,126141,5987,2701,129757,100,19233,410,1,40710,0.0010000000000047748
51403000,11282,2440,127947,8813,-4411,124763,120,19225,491,0,40711,0.0009999999999976694
51404001,11180,-4846,127725,10829,-15543,130984,96,19228,393,0,40712,0.00100100000000225
51405001,6053,-9221,127232,10852,-10050,133256,104,19228,393,0,40713,0.0009999999999976694
51406000,3618,4402,130060,-11219,5723,125816,135,19228,426,1,40714,0.0009990000000001942
51407010,-2502,19421,132287,10938,10592,124506,135,19227,553,1,40715,0.0010100000000008436
51408002,-870,12140,130300,-8619,1682,124745,114,19232,467,1,40716,0.0009919999999965512
51409000,6004,-10051,126712,565,-14176,136423,100,19227,410,0,40717,0.000998000000002719
51410000,12409,-10721,130600,19234,-11034,126220,153,19233,627,0,40718,0.0009999999999976694
51411000,10147,3242,127467,5825,-16300,125648,106,19233,627,0,40719,0.0009999999999976694
51412000,2222,1538,132137,-22391,5392,131725,112,19230,434,0,40720,0.0010000000000047748
51413000,761,7950,134578,3879,2569,126363,112,19223,459,1,40721,0.0009999999999976694
51414000,-9483,3213,129385,-1608,-2005,132655,137,19229,561,1,40722,0.0009999999999976694
51415000,-4186,413,130942,-20470,-2514,126890,103,19232,422,1,40723,0.0010000000000047748
51416000,-1942,-4458,127664,2529,-10868,130602,112,19222,459,0,40724,0.0009999999999976694
51417003,6073,2681,130088,5253,4400,125284,90,19222,369,0,40725,0.001003000000004306
51418000,-2867,894,131596,-5376,-6149,129738,113,19229,369,0,40726,0.0009969999999981383
51419002,-4914,-4152,130239,-18264,237,131745,137,19225,463,1,40727,0.0010019999999997253
51420000,-9866,7952,130878,-13505,8857,125727,137,19218,561,1,40728,0.0009979999999956135
51421000,-9845,9173,129613,-6815,7181,133037,115,19230,471,1,40729,0.0010000000000047748
51422000,-2003,7377,130049,-8791,4378,118611,99,19228,405,1,40730,0.0009999999999976694
51423000,-4605,-5428,126389,-11816,-15763,133404,150,19228,614,0,40731,0.0009999999999976694
51424000,984,-5888,127337,-2787,-3472,128622,106,19227,614,0,40732,0.0010000000000047748
51425000,-3530,10823,128877,-816,4456,119702,112,19230,434,0,40733,0.0009999999999976694
51426000,-2429,8044,127806,-12332,8108,131102,112,19223,459,1,40734,0.0009999999999976694
51427000,-12162,7669,128219,-13175,5877,122426,134,19227,549,1,40735,0.0010000000000047748
51428000,-2809,3053,127068,-7611,5394,129758,111,19228,455,1,40736,0.0009999999999976694
51429001,477,6494,127421,4093,5131,124971,110,19228,451,0,40737,0.00100100000000225
51430000,-308,-8082,122424,-3510,-11109,128072,86,19220,451,0,40738,0.0009990000000001942
51431000,4313,960,124673,-4818,384,124057,113,19229,352,0,40739,0.0009999999999976694
51432001,-3056,8685,126175,-1335,5751,122765,113,19230,463,0,40740,0.00100100000000225
51433000,1253,9933,126345,5772,14685,129581,128,19220,524,1,40741,0.0009990000000001942
51434000,-4608,5084,124991,-10675,3254,119193,115,19228,471,1,40742,0.0009999999999976694
51435000,5859,3698,124645,-2682,-1826,128944,98,19230,401,1,40743,0.0009999999999976694
51436002,9309,7809,124706,15979,692,122642,135,19230,401,0,40744,0.0010019999999997253
51437002,7769,3684,123455,4444,158,120673,109,19236,553,0,40745,0.0010000000000047748
51438000,9868,-6749,125473,-88,-6736,132643,109,19227,446,0,40746,0.0009979999999956135
51439000,1255,-5846,124691,9419,-6500,124766,114,19228,467,1,40747,0.0010000000000047748
51440000,5750,6643,127873,1970,5797,125342,137,19229,561,1,40748,0.0009999999999976694
51441000,-82,8724,127415,118,4961,122124,109,19230,446,1,40749,0.0009999999999976694
51442000,10508,2876,125213,5948,-1616,128267,104,19230,446,1,40750,0.0010000000000047748
51443000,11546,1239,126951,9409,46,121677,114,19223,426,0,40751,0.0009999999999976694
51444000,9824,-2424,128467,11360,-8662,130507,114,19232,467,0,40752,0.0009999999999976694
51445000,7593,-7760,125222,12738,-8663,130135,106,19231,434,0,40753,0.0010000000000047748
51446000,-799,3869,131537,-16087,1643,127456,115,19223,471,1,40754,0.0009999999999976694
51447000,5469,4262,130698,2839,2201,126796,111,19230,455,1,40755,0.0009999999999976694
51448000,-2948,13499,129496,11265,9561,121607,104,19230,455,1,40756,0.0010000000000047748
51449000,5043,215,128102,-10943,-4827,134767,127,19230,426,0,40757,0.0009999999999976694
51450000,10786,-13779,126192,5451,-10379,126598,127,19225,520,0,40758,0.0009999999999976694
51451000,6262,1761,131830,20570,-5938,132117,99,19229,405,0,40759,0.0010000000000047748
51452000,4165,-1171,131213,-14809,3916,124409,105,19228,430,0,40760,0.0009999999999976694
51453000,-2741,14208,135817,-12581,2895,128408,147,19231,602,1,40761,0.0009999999999976694
51454000,-7699,294,130749,6226,-8916,135633,113,19231,602,1,40762,0.0010000000000047748
51455000,-7390,-3582,130343,-19085,-6105,128533,100,19231,463,1,40763,0.0009999999999976694
51456000,634,-7473,130625,-4485,-12779,137079,100,19226,410,0,40764,0.0009999999999976694
51457000,-379,8776,128988,3225,2859,119691,120,19230,491,0,40765,0.0010000000000047748
51458000,-1837,7993,130236,-12405,168,130565,108,19226,442,0,40766,0.0009999999999976694
51459000,-6016,-5305,131879,-13033,-5847,134861,123,19222,504,1,40767,0.0009999999999976694
51460001,-10033,2503,129684,-8762,6242,125272,115,19222,471,1,40768,0.00100100000000225
51461008,-8568,12541,130679,-12273,8594,127853,105,19227,471,1,40769,0.0010070000000013124
51462000,-3057,7591,129796,-12859,974,124487,118,19232,430,1,40770,0.0009919999999965512
51463000,-2500,-3510,125662,-6955,-8211,132040,118,19214,483,0,40771,0.0010000000000047748
51464000,-3439,-7237,126134,-6195,-6886,129256,95,19227,389,0,40772,0.0009999999999976694
51465000,-673,1620,127290,-8795,18,119400,107,19238,438,0,40773,0.0009999999999976694
51466000,-3334,17973,129481,-6689,10145,127320,141,19238,577,1,40774,0.0010000000000047748
51467000,-8757,1588,126128,-8388,-7039,130210,120,19225,577,1,40775,0.0009999999999976694
51468000,-7247,4876,128165,-11733,9707,119857,101,19230,491,1,40776,0.0009999999999976694
51469000,-3501,12648,125728,1076,-4413,129302,101,19225,414,0,40777,0.0010000000000047748
51470001,-422,-6052,123735,706,-11626,124601,124,19233,508,0,40778,0.0010009999999951447
51471000,1382,-3716,125028,-5107,-5647,131430,105,19229,430,0,40779,0.0009990000000001942
51472001,-950,4900,126579,-2706,11024,117154,112,19229,459,0,40780,0.00100100000000225
51473001,-1072,18589,127164,705,17181,122411,139,19222,459,1,40781,0.0009999999999976694
51474000,-559,-1068,125397,-4092,-9894,132132,105,19228,569,1,40782,0.0009990000000001942
51475000,3742,4635,122590,2409,6275,119994,105,19232,430,1,40783,0.0009999999999976694
51476000,7859,8320,124488,3447,2880,123851,105,19226,430,0,40784,0.0010000000000047748
51477000,10424,1618,123884,11759,-3154,119827,94,19228,385,0,40785,0.0009999999999976694
51478000,7836,-8058,124621,3270,-16341,136599,111,19223,455,0,40786,0.0009999999999976694
51479000,3173,-5576,126282,629,-3326,126423,134,19223,455,1,40787,0.0010000000000047748
51480000,2719,14036,129400,9,21890,117620,113,19226,549,1,40788,0.0009999999999976694
51481000,3218,10269,127014,9627,1537,128118,113,19230,463,1,40789,0.0009999999999976694
51482002,7541,-8598,122342,6138,-10134,129379,97,19228,397,0,40790,0.0010019999999997253
51483002,10748,-2931,127225,1383,-6905,126273,146,19230,598,0,40791,0.0010000000000047748
51484000,5975,-6596,127282,13675,-10829,127258,116,19225,475,0,40792,0.0009979999999956135
51485000,5542,-2840,129358,-441,-6239,128654,110,19225,475,0,40793,0.0010000000000047748
51486000,1744,-321,130920,-4561,-3089,133148,129,19225,451,1,40794,0.0009999999999976694
51487000,-1596,9598,129138,7496,4279,126243,129,19226,528,1,40795,0.0009999999999976694
51488000,1955,8040,128804,-693,4072,123061,110,19230,451,1,40796,0.0010000000000047748
51489000,8656,-415,128680,-2626,-5267,131803,111,19222,455,0,40797,0.0009999999999976694
51490000,9900,-12537,127062,13507,-14854,128796,107,19230,438,0,40798,0.0009999999999976694
51491000,7087,-4040,129705,11148,-6915,132932,103,19230,438,0,40799,0.0010000000000047748
51492000,-3314,-1495,129885,-23182,-2272,125075,117,19230,422,1,40800,0.0009999999999976694
51493000,1229,12120,133614,-2617,8221,130562,117,19227,479,1,40801,0.0009999999999976694
51494000,-8557,-1076,128860,10815,-4997,133732,111,19230,455,1,40802,0.0010000000000047748
51495000,-1326,-2672,131150,-15923,-5692,127462,98,19228,401,1,40803,0.0009999999999976694
51496007,-1491,-1982,129507,-13710,-9369,130217,138,19232,565,0,40804,0.0010070000000013124
51497000,5572,4770,130907,11716,2496,124800,102,19232,565,0,40805,0.0009930000000011319
51498000,-3520,7980,131027,-2171,-3316,130455,103,19234,418,0,40806,0.0009999999999976694
51499000,-8304,-2265,130483,-23525,-2738,131327,103,19225,422,1,40807,0.0009999999999976694
51500000,-9057,7910,131596,-9750,2309,130085,140,19227,573,1,40808,0.0010000000000047748
51501000,-10019,8404,129487,-6599,3275,123896,109,19232,446,1,40809,0.0009999999999976694
51502000,1617,10088,128878,-10693,2958,124507,102,19220,418,0,40810,0.0009999999999976694
51503000,-2942,-9738,125687,-8777,-13026,135977,141,19220,418,0,40811,0.0010000000000047748
51504001,986,1511,127520,-1356,4461,115492,101,19232,577,0,40812,0.0010009999999951447
51505000,-933,12795,126824,-10297,-749,130297,101,19230,414,0,40813,0.0009990000000001942
51506000,-8325,4758,127306,-11990,-402,129609,116,19224,475,1,40814,0.0010000000000047748
51507000,-4615,12300,128426,-8821,2373,125833,113,19228,463,1,40815,0.0009999999999976694
51508000,-4633,2056,126232,-5263,-89,129686,102,19229,418,1,40816,0.0009999999999976694
51509000,1792,8947,128168,2661,4474,117786,130,19229,532,0,40817,0.0010000000000047748
51510001,397,4350,122723,-1904,-7625,128779,102,19227,532,0,40818,0.0010009999999951447
51511003,3620,-2685,123048,-5632,542,126611,106,19229,418,0,40819,0.0010019999999997253
51512000,651,5571,128055,-232,2843,127353,106,19227,434,1,40820,0.0009970000000052437
51513000,-3853,11706,126125,-2492,13241,117923,148,19224,606,1,40821,0.0009999999999976694
51514000,-1212,14673,127361,-9240,2480,124485,111,19231,455,1,40822,0.0009999999999976694
51515000,3937,-1331,123892,8890,-5357,135343,95,19231,389,0,40823,0.0010000000000047748
51516000,10892,1247,123900,8770,-988,112696,92,19228,389,0,40824,0.0009999999999976694
51517000,9442,1358,123434,-93,-5702,125648,112,19231,377,0,40825,0.0009999999999976694
51518000,4633,4924,129135,6159,-2850,127573,112,19228,459,0,40826,0.0010000000000047748
51519000,5369,503,126304,7490,-10247,125530,122,19220,500,1,40827,0.0009999999999976694
51520000,636,9339,129601,-1692,9125,128743,108,19228,442,1,40828,0.0009999999999976694
51521000,6098,11031,127999,2048,10145,118236,100,19231,410,1,40829,0.0010000000000047748
51522000,11651,4145,124627,11030,-2079,124648,120,19231,410,0,40830,0.0009999999999976694
51523000,10816,-2022,126389,4671,-8163,131620,97,19228,491,0,40831,0.0009999999999976694
51524000,8277,-11691,125017,9440,-12874,130840,97,19230,397,0,40832,0.0010000000000047748
51525000,4585,-1961,129271,4808,-974,123670,105,19225,430,1,40833,0.0009999999999976694
51526000,2353,8600,131437,-5571,5823,126506,138,19229,565,1,40834,0.0009999999999976694
51527000,1222,9435,130652,1435,4287,137204,109,19230,446,1,40835,0.0010000000000047748
51528000,1170,2670,130150,-682,-1734,118948,100,19230,446,1,40836,0.0009999999999976694
51529000,5381,-4902,128565,-3671,-9204,131590,141,19229,410,0,40837,0.0009999999999976694
51530003,7318,-12176,130835,14690,-15053,130551,141,19232,577,0,40838,0.001003000000004306
51531000,4956,-5706,128284,11851,-9281,130922,108,19228,442,0,40839,0.0009969999999981383
51532000,-428,1861,131013,-24207,1441,132092,110,19223,451,1,40840,0.0009999999999976694
51533000,-5395,26878,135939,-7451,22165,113575,127,19229,520,1,40841,0.0009999999999976694
51534000,-4626,-2649,129861,8990,-9223,137796,102,19229,520,1,40842,0.0010000000000047748
51535000,-5436,-13820,128532,-12871,-17475,132892,115,19232,418,0,40843,0.0009999999999976694
51536000,-989,-14165,128007,-16869,-15546,137321,115,19222,471,0,40844,0.0009999999999976694
51537000,1760,14866,130925,7007,14407,120150,104,19227,426,0,40845,0.0010000000000047748
51538000,-2455,7965,129192,-7703,4468,127652,114,19226,467,0,40846,0.0009999999999976694
51539000,-5749,3346,131617,-16538,1687,134167,138,19225,565,1,40847,0.0009999999999976694
51540000,-7288,-6181,124824,-14048,-5749,125283,115,19225,565,1,40848,0.0010000000000047748
51541000,-4944,15563,132248,-3976,14519,121213,102,19230,471,1,40849,0.0009999999999976694
51542000,-4465,6895,128491,-7321,2101,130297,102,19229,418,0,40850,0.0009999999999976694
51543000,-3952,-9306,124313,-13326,-12095,132807,159,19226,651,0,40851,0.0010000000000047748
51544000,-3190,-2510,127679,-5566,-3958,127582,112,19229,459,0,40852,0.0009999999999976694
51545000,-1255,7394,128499,-7881,23561,112746,109,19225,446,1,40853,0.0009999999999976694
51546000,-4611,18360,130715,-1130,5059,128820,131,19225,446,1,40854,0.0010000000000047748
51547000,-7944,-4315,125426,-16346,-6878,131835,111,19228,537,1,40855,0.0009999999999976694
51548000,-1760,6781,127000,-9001,6748,122313,111,19231,455,1,40856,0.0009999999999976694
51549000,-868,5275,127265,2838,-5070,125183,113,19222,463,0,40857,0.0010000000000047748
51550000,443,-9836,125357,-5247,-3253,129051,89,19229,365,0,40858,0.0009999999999976694
51551000,1541,4603,124574,-11032,-7570,128034,106,19228,434,0,40859,0.0009999999999976694
51552000,-942,11547,125511,-1465,12301,120126,125,19228,512,1,40860,0.0010000000000047748
51553000,-2237,18686,128069,5468,8874,124526,112,19222,512,1,40861,0.0009999999999976694
51554001,-2461,5284,125001,-5175,5575,124480,96,19231,459,1,40862,0.00100100000000225
51555000,7863,4261,121610,-1318,2293,126949,96,19230,393,0,40863,0.0009990000000001942
51556000,8477,-3700,124408,11920,-5076,126505,127,19228,520,0,40864,0.0009999999999976694
51557001,12521,-1528,124457,13501,-7674,124393,110,19227,451,0,40865,0.00100100000000225
51558000,1709,-7075,124903,1832,-6718,127957,112,19227,459,0,40866,0.0009990000000001942
51559000,2692,4727,128641,-8403,5111,125417,128,19225,459,1,40867,0.0009999999999976694
51560000,5495,15428,128957,7541,9925,123741,108,19228,524,1,40868,0.0009999999999976694
51561002,5580,12642,125845,12092,1664,123957,108,19234,442,1,40869,0.0010019999999997253
51562000,10108,-6499,126310,-2523,-8277,122280,102,19222,418,0,40870,0.000998000000002719
51563000,9484,1292,127793,5010,-11389,133617,105,19230,430,0,40871,0.0009999999999976694
51564000,12001,-11927,126335,18444,-14421,135034,104,19230,426,0,40872,0.0010000000000047748
51565000,1925,1692,130673,-2032,6647,124284,122,19229,426,1,40873,0.0009999999999976694
51566002,-442,13478,131611,-12592,12422,122014,112,19222,500,1,40874,0.0010019999999997253
51567000,1921,9233,129927,10105,6006,127273,112,19228,459,1,40875,0.000998000000002719
51568000,4907,-4215,127687,2453,-11057,135013,100,19230,410,1,40876,0.0009999999999976694
51569000,13238,-12445,125474,-1941,-11435,125194,133,19224,545,0,40877,0.0009999999999976694
51570000,7919,5102,132428,19313,1428,123184,105,19228,430,0,40878,0.0010000000000047748
51571004,3319,-9797,128284,-864,-12780,137960,107,19228,430,0,40879,0.0010039999999946758
51572000,628,1199,132424,-24339,5151,131266,153,19227,438,1,40880,0.000996000000000663
51573000,-6551,7096,131749,8832,5073,130571,153,19229,627,1,40881,0.0010000000000047748
51574000,-5630,9015,129145,967,15915,122023,108,19232,442,1,40882,0.0009999999999976694
51575000,3744,1028,129901,-22328,-6089,130036,98,19223,401,0,40883,0.0009999999999976694
51576000,2018,-22126,127013,9977,-27001,141422,127,19229,520,0,40884,0.0010000000000047748
51577001,3026,3068,129895,226,3406,122830,116,19229,520,0,40885,0.0010009999999951447
51578000,-8469,8301,133182,-20246,3197,127035,124,19222,475,0,40886,0.0009990000000001942
51579000,-7390,5212,132421,-12009,4512,128157,124,19216,508,1,40887,0.0010000000000047748
51580000,-8420,3003,130113,-9650,-1234,134641,112,19228,459,1,40888,0.0009999999999976694
51581000,-7691,5301,128833,-7564,3944,126360,102,19231,418,1,40889,0.0009999999999976694
51582000,-1064,6980,128414,-7872,396,117546,123,19224,504,0,40890,0.0010000000000047748
51583001,-4391,-4517,126529,-5420,-5833,135805,96,19224,504,0,40891,0.0010009999999951447
51584000,265,-550,128046,-6644,-4154,125184,101,19231,393,0,40892,0.0009990000000001942
51585000,-8431,-2024,125860,-6639,-260,126643,101,19231,414,1,40893,0.0010000000000047748
51586000,-7184,22369,128582,-19420,19369,118984,141,19226,577,1,40894,0.0009999999999976694
51587000,-4958,-4501,125766,-669,-8658,126504,116,19233,475,1,40895,0.0009999999999976694
51588000,-2235,6798,126604,-1986,4327,124033,101,19220,414,0,40896,0.0010000000000047748
51589000,4925,-1816,122698,-14675,-5713,121945,114,19220,414,0,40897,0.0009999999999976694
51590000,2699,2479,126187,12833,-1361,129408,108,19231,467,0,40898,0.0009999999999976694
51591000,3141,-4427,124878,-560,-14396,132328,108,19224,442,0,40899,0.0010000000000047748
51592000,-3408,5454,125731,-3270,17691,117660,113,19221,463,1,40900,0.0009999999999976694
51593003,-5898,21307,130378,2953,7714,126392,127,19229,520,1,40901,0.0010029999999972006
51594002,1022,5299,123875,-3491,1951,120815,102,19231,418,1,40902,0.0009990000000001942
51595000,2986,8391,125271,311,-4181,129399,114,19231,418,0,40903,0.000998000000002719
51596000,6440,-9251,124906,10677,-8413,124392,94,19233,467,0,40904,0.0009999999999976694
51597001,8961,-725,124960,7722,-1299,123245,108,19228,385,0,40905,0.00100100000000225
51598000,3781,3862,130145,2797,-3564,127283,108,19227,442,1,40906,0.0009990000000001942
51599000,7615,5694,125707,-1545,8562,122581,138,19228,565,1,40907,0.0009999999999976694
51600002,-58,5638,130594,2332,1114,133285,117,19232,479,1,40908,0.0010019999999997253
51601000,6936,330,126693,5273,-7903,125644,99,19232,405,1,40909,0.000998000000002719
51602000,7324,-1286,123172,6854,-4240,124938,132,19225,405,0,40910,0.0009999999999976694
51603000,9046,-346,128907,8863,-7314,131437,102,19233,541,0,40911,0.0009999999999976694
51604002,9592,-6752,123555,6229,-6521,124519,102,19227,418,0,40912,0.0010019999999997253
51605000,6932,7411,129584,-2196,6210,128728,108,19223,442,1,40913,0.000998000000002719
51606000,1166,14678,130593,3063,10508,125137,123,19227,504,1,40914,0.0009999999999976694
51607000,766,5519,129064,-297,-6472,126911,109,19227,446,1,40915,0.0010000000000047748
51608000,3767,-5847,130509,1918,-9484,136889,112,19228,446,0,40916,0.0009999999999976694
51609000,5873,-14871,128059,-722,-20856,134517,86,19218,459,0,40917,0.0009999999999976694
51610000,7501,-4339,129777,20327,-847,120728,86,19233,352,0,40918,0.0010000000000047748
51611000,507,7921,130230,-11647,-2056,127966,103,19229,422,0,40919,0.0009999999999976694
51612000,-646,2487,130808,-16207,6331,128786,129,19224,528,1,40920,0.0009999999999976694
51613000,-3809,9303,133125,5564,568,127965,115,19231,471,1,40921,0.0010000000000047748
51614000,-3636,-3888,129244,-3541,-4141,131618,96,19231,471,1,40922,0.0009999999999976694
51615000,-3232,-2604,129869,-16998,-10693,129777,143,19230,393,0,40923,0.0009999999999976694
51616000,-2993,-10915,128495,-2527,-11844,134557,143,19232,586,0,40924,0.0010000000000047748
51617000,-477,762,130057,5549,-1910,127080,111,19227,455,0,40925,0.0009999999999976694
51618000,-9729,16417,130621,-18617,10550,121923,116,19223,475,1,40926,0.0009999999999976694
51619000,-6923,13753,131959,-18428,8183,125402,135,19229,553,1,40927,0.0010000000000047748
51620000,-5759,2828,129291,-2892,-1578,131926,113,19229,553,1,40928,0.0009999999999976694
51621000,-3806,7527,130394,-7234,5964,129564,107,19231,463,1,40929,0.0009999999999976694
51622000,-3818,-1313,126240,-9590,-2450,122141,107,19221,438,0,40930,0.0010000000000047748
51623000,-4870,-8211,125333,-8460,-10961,129218,135,19228,553,0,40931,0.0009999999999976694
51624000,-1839,3947,128434,-3641,1499,129552,109,19229,446,0,40932,0.0009999999999976694
51625000,-3662,9286,127368,-9997,6213,119886,126,19222,516,1,40933,0.0010000000000047748
51626000,-7916,14673,130013,-8617,11449,126435,117,19222,516,1,40934,0.0009999999999976694
51627000,-4492,8831,127943,-9408,5903,129384,105,19230,479,1,40935,0.0009999999999976694
51628000,1544,897,125905,-942,-559,125967,105,19228,430,0,40936,0.0010000000000047748
51629001,-1340,-34,126659,-2294,-2003,129856,137,19230,561,0,40937,0.0010009999999951447
51630000,1564,-629,121500,-5800,-3512,124184,112,19226,459,0,40938,0.0009990000000001942
51631002,-1441,4186,126177,-5151,2679,126259,112,19227,459,0,40939,0.0010019999999997253
51632002,-124,11071,126504,-5217,8572,120804,160,19227,459,1,40940,0.0010000000000047748
51633000,-1820,14380,128651,4965,11051,133069,109,19227,655,1,40941,0.0009979999999956135
51634000,2478,6777,121894,-4428,4570,120142,109,19228,446,1,40942,0.0010000000000047748
51635000,10031,5510,125571,2623,1169,129410,101,19224,414,0,40943,0.0009999999999976694
51636000,9832,985,124022,15601,-4180,122190,84,19229,344,0,40944,0.0009999999999976694
51637003,9526,-8753,123439,7180,-12152,134908,110,19227,451,0,40945,0.001003000000004306
51638001,1186,-758,131208,2186,2915,122143,121,19227,451,1,40946,0.0009979999999956135
51639000,4739,15562,128415,-4989,15408,118459,113,19220,496,1,40947,0.0009990000000001942
51640002,1376,11444,128445,9508,-1827,133240,113,19228,463,1,40948,0.0010019999999997253
51641000,5911,-837,124057,6361,400,120971,101,19236,414,1,40949,0.000998000000002719
51642000,11643,5722,126426,-2843,-2581,125107,127,19228,520,0,40950,0.0009999999999976694
51643000,11137,-8176,127374,21634,-17639,134038,97,19231,397,0,40951,0.0010000000000047748
51644000,7510,-11279,128699,-984,-9831,131941,103,19231,422,0,40952,0.0009999999999976694
51645000,3697,9741,133933,-12450,-3018,123480,134,19228,422,1,40953,0.0009999999999976694
51646000,-296,23200,130481,8434,10500,126097,115,19230,549,1,40954,0.0010000000000047748
51647000,-2112,8268,131088,1399,-758,129567,115,19229,471,1,40955,0.0009999999999976694
51648000,7404,-5735,126754,-5809,-18663,128231,102,19227,418,0,40956,0.0009999999999976694
51649000,11994,-10708,127528,15402,-7690,130347,130,19231,532,0,40957,0.0010000000000047748
51650001,8163,-825,129012,18663,-4402,130034,104,19231,426,0,40958,0.0010009999999951447
51651000,3599,2011,129737,-30067,8536,122800,112,19228,426,0,40959,0.0009990000000001942
51652001,153,7943,132103,-2452,5534,130643,121,19219,459,1,40960,0.00100100000000225
51653000,-9962,3038,131226,11610,-4542,131323,121,19234,496,1,40961,0.0009990000000001942
51654000,-2239,-2249,128891,-26268,-8703,124483,101,19230,414,1,40962,0.0009999999999976694
51655000,-2940,-7644,130751,-5938,-11879,136632,119,19223,487,0,40963,0.0010000000000047748
51656000,5509,660,131324,15391,5572,120868,97,19229,397,0,40964,0.0009999999999976694
51657000,-2864,5494,130761,-11309,-9354,131903,109,19229,397,0,40965,0.0009999999999976694
51658000,-5927,-1291,130724,-25375,-6461,131970,144,19226,446,1,40966,0.0009999999999976694
51659000,-11507,5599,130748,-2249,5227,132292,144,19224,590,1,40967,0.0010000000000047748
51660000,-12766,11205,130442,-8545,14461,120699,114,19231,467,1,40968,0.0009999999999976694
51661001,-1221,14937,130855,-14545,7028,123024,97,19228,397,1,40969,0.00100100000000225
51662000,-7408,-15049,124580,-4908,-19131,141295,165,19233,676,0,40970,0.0009990000000001942
51663000,3714,-6529,124309,-5847,-5493,119168,103,19233,676,0,40971,0.0009999999999976694
51664000,-4086,10506,129896,-5131,3845,126738,112,19225,422,0,40972,0.0009999999999976694
51665000,-3159,13599,127054,-9302,12480,118392,112,19223,459,1,40973,0.0010000000000047748
51666002,-6510,7750,130733,-12080,-3075,134601,121,19228,496,1,40974,0.0010019999999997253
51667000,-7197,-4618,124134,-7592,-3664,127778,109,19231,446,1,40975,0.0009979999999956135
51668000,2528,19362,127086,3294,23455,113203,114,19225,467,0,40976,0.0010000000000047748
51669000,-2973,-2494,124769,-4451,-6104,130118,97,19225,467,0,40977,0.0009999999999976694
51670000,4377,-11246,122837,-2780,-14009,128427,111,19232,397,0,40978,0.0009999999999976694
51671000,-2260,5683,125456,-769,8509,130209,111,19226,455,0,40979,0.0010000000000047748
51672000,-497,15430,125688,-4022,15016,113007,136,19220,557,1,40980,0.0009999999999976694
51673000,786,12278,127841,-4594,8114,124862,113,19227,463,1,40981,0.0009999999999976694
51674000,2724,-4548,124292,3629,-11716,135617,93,19231,381,1,40982,0.0010000000000047748
51675000,11089,1686,123473,9521,126,120666,123,19231,381,0,40983,0.0009999999999976694
51676002,6137,5757,125906,5546,1186,122562,112,19233,504,0,40984,0.0010019999999997253
51677001,7022,-1102,124979,2668,-4123,126583,112,19226,459,0,40985,0.0009990000000001942
51678002,4273,18,125867,3762,-3430,129289,116,19221,475,1,40986,0.00100100000000225
51679003,1208,10734,128943,-186,9630,122746,131,19227,537,1,40987,0.0010009999999951447
51680002,6612,19541,124948,9506,18141,118497,102,19233,418,1,40988,0.0009990000000001942
51681002,8443,-4410,124858,5025,-7470,129142,105,19233,418,0,40989,0.0010000000000047748
51682002,15993,-5938,127045,2899,-9774,127527,95,19222,430,0,40990,0.0009999999999976694
51683000,9063,-3148,126477,16769,-7065,127082,95,19232,389,0,40991,0.000998000000002719
51684000,3756,-1286,130050,607,-4139,127305,106,19227,434,0,40992,0.0009999999999976694
51685000,3334,4647,131399,-11588,-6020,133844,121,19223,496,1,40993,0.0009999999999976694
51686000,-235,3005,128847,10138,9098,125290,110,19227,451,1,40994,0.0010000000000047748
51687000,3880,12605,129592,2545,4520,121166,96,19227,393,1,40995,0.0009999999999976694
51688000,5257,129,128995,-5702,-14393,131962,146,19228,393,0,40996,0.0009999999999976694
51689000,9515,-5434,127442,9976,-11659,126284,114,19226,598,0,40997,0.0010000000000047748
51690000,5982,158,128929,-3629,-9123,136119,114,19229,467,0,40998,0.0009999999999976694
51691000,-868,-3033,133786,-14482,4720,127530,109,19229,446,1,40999,0.0009999999999976694
51692000,-1449,17050,134848,-1180,2681,125960,141,19229,577,1,41000,0.0010000000000047748
51693002,-7287,-1455,131632,1087,-10692,135374,106,19229,434,1,41001,0.0010019999999997253
51694001,-2450,-9220,129325,-16934,-6905,130004,106,19230,434,1,41002,0.0009990000000001942
51695002,-498,-2723,128586,-1115,-2354,128811,101,19222,434,0,41003,0.0010009999999951447
51696002,3226,7120,128901,560,7880,120426,101,19230,414,0,41004,0.0010000000000047748
51697000,-4977,3443,132057,-12364,1118,132893,108,19227,442,0,41005,0.0009979999999956135
51698000,-7043,-5426,129652,-10981,-7700,136187,121,19220,496,1,41006,0.0010000000000047748
51699000,-8487,5887,129052,-10027,7461,124383,111,19220,455,1,41007,0.0009999999999976694
51700000,-10824,9927,132139,-10094,6622,129607,101,19230,455,1,41008,0.0009999999999976694
51701001,-471,8459,129685,-6452,2566,122665,135,19232,414,0,41009,0.00100100000000225
51702000,-5191,-10805,125675,-9534,-17805,137262,135,19219,553,0,41010,0.0009990000000001942
51703001,-390,-7723,127141,-7072,-2170,125258,101,19228,414,0,41011,0.00100100000000225
51704001,-3290,13117,126979,-4963,9553,116971,103,19227,422,0,41012,0.0009999999999976694
51705000,-6134,12940,128848,-8474,3846,127438,142,19229,582,1,41013,0.0009990000000001942
51706003,-8844,-18,125153,-14139,-1542,129424,113,19229,582,1,41014,0.0010029999999972006
51707000,-6969,11886,126636,-10614,6861,119794,103,19231,463,1,41015,0.0009970000000052437
51708000,1138,7897,127378,7179,-5702,123523,103,19225,422,0,41016,0.0009999999999976694
51709000,2466,-3420,123991,-1199,-4391,127986,107,19236,438,0,41017,0.0009999999999976694
51710000,1531,-7385,125890,-7051,-11387,131033,107,19227,438,0,41018,0.0010000000000047748
51711000,394,10207,125743,-1629,12228,119003,118,19223,483,1,41019,0.0009999999999976694
51712000,-3474,15993,128016,-3273,9102,125482,117,19223,483,1,41020,0.0009999999999976694
51713000,-795,5582,125082,-1143,4702,126103,98,19230,479,1,41021,0.0010000000000047748
51714000,4151,5607,124236,396,119,123409,98,19233,401,0,41022,0.0009999999999976694
51715000,9480,4543,122854,1700,6375,128582,119,19229,487,0,41023,0.0009999999999976694
51716000,12799,-4300,123645,19732,-6787,117679,102,19228,418,0,41024,0.0010000000000047748
51717000,6123,-12342,124392,2667,-18825,130285,112,19227,459,0,41025,0.0009999999999976694
51718000,3771,2799,128801,-2668,1938,130299,147,19227,459,1,41026,0.0009999999999976694
51719015,50,14522,128075,3915,9744,119397,113,19228,602,1,41027,0.0010150000000024306
51720000,6555,9254,129698,5486,2493,129298,113,19232,463,1,41028,0.0009850000000000136
51721000,7525,-1346,125077,8370,-5765,123691,95,19226,389,0,41029,0.0009999999999976694
51722000,10280,-2775,128117,2482,-8990,127912,124,19223,508,0,41030,0.0009999999999976694
51723000,11559,-5949,125567,16097,-6878,129187,106,19229,434,0,41031,0.0010000000000047748
51724000,3303,6564,129506,-327,3481,125859,111,19229,434,1,41032,0.0009999999999976694
51725000,1112,4510,128711,-6399,1223,130651,114,19225,455,1,41033,0.0009999999999976694
51726000,-656,6881,130255,6375,2793,120295,114,19227,467,1,41034,0.0010000000000047748
51727005,4928,4086,130768,-1776,130,130013,103,19232,422,1,41035,0.0010049999999992565
51728002,12114,-7300,123628,2339,-9993,123120,116,19218,475,0,41036,0.0009969999999981383
51729000,11355,-2412,131754,18540,-4383,136479,105,19225,430,0,41037,0.000998000000002719
51730000,4237,-9399,125382,2759,-14696,126676,109,19225,430,0,41038,0.0009999999999976694
51731000,-2619,8857,132318,-18940,7791,128357,139,19227,446,1,41039,0.0009999999999976694
51732000,-5171,13465,136227,-6918,-1224,129634,139,19225,569,1,41040,0.0010000000000047748
51733000,-7919,3771,128236,4823,-1669,126374,112,19231,459,1,41041,0.0009999999999976694
51734000,-667,-2497,130672,-15786,-10979,136140,97,19227,397,0,41042,0.0009999999999976694
51735000,-29,-8348,127937,-5493,-11264,126149,145,19231,594,0,41043,0.0010000000000047748
51736000,4315,4553,129337,8422,6933,123459,109,19231,446,0,41044,0.0009999999999976694
51737000,-6008,8236,134154,-23698,-2296,131914,115,19225,446,0,41045,0.0009999999999976694
51738000,-7490,-2015,130240,-8901,-382,133143,129,19223,471,1,41046,0.0010000000000047748
51739026,-7784,6201,134158,-7584,-1791,129907,129,19228,528,1,41047,0.0010259999999959746
51740000,-7869,10290,128425,-15751,3944,121575,108,19230,442,1,41048,0.0009739999999993643
51741001,-1417,9127,130956,-5599,-3247,129992,110,19219,451,0,41049,0.00100100000000225
51742000,-2321,-5692,124468,-4105,-12049,129318,114,19219,467,0,41050,0.0009990000000001942
51743000,-922,5476,127249,-6054,3938,123359,104,19232,467,0,41051,0.0009999999999976694
51744001,-4824,11408,128334,-8885,5754,122409,128,19228,426,1,41052,0.00100100000000225
51745000,-5929,9971,127899,-11652,6188,124592,128,19224,524,1,41053,0.0009990000000001942
51746000,-6023,3737,129338,-12255,-3715,132963,117,19225,479,1,41054,0.0009999999999976694
51747000,-1507,2054,126607,-1450,2503,122476,101,19228,414,1,41055,0.0010000000000047748
51748001,2189,4347,125777,11,-3925,125307,138,19238,565,0,41056,0.0010009999999951447
51749000,2046,-3323,124053,-6901,-7802,124888,107,19238,565,0,41057,0.0009990000000001942
51750000,1107,2109,124975,345,1816,130223,110,19229,438,0,41058,0.0010000000000047748
51751001,-2226,3041,126110,-7149,-832,121377,110,19227,451,1,41059,0.0010009999999951447
51752000,-5788,20102,126533,-5251,10469,120665,152,19229,623,1,41060,0.0009990000000001942
51753000,-901,13769,126122,-50,3541,127956,109,19228,446,1,41061,0.0010000000000047748
51754000,5440,3612,122202,2747,4879,119364,102,19223,418,0,41062,0.0009999999999976694
51755000,10232,2909,125114,7751,-2763,127142,84,19223,418,0,41063,0.0009999999999976694
51756001,10971,-9042,121432,8465,-5969,122810,113,19228,344,0,41064,0.00100100000000225
51757002,7296,4510,128121,4644,-2386,127044,113,19230,463,0,41065,0.00100100000000225
51758002,3326,-3705,127086,693,-1867,129142,126,19219,516,1,41066,0.0009999999999976694
51759001,3603,12109,128233,-263,9158,122453,117,19231,479,1,41067,0.0009990000000001942
51760002,4519,3779,126448,8883,822,127667,98,19230,401,1,41068,0.00100100000000225
51761000,10667,5073,125672,1145,-3964,118189,134,19230,401,0,41069,0.0009979999999956135
51762000,11447,1530,126851,19265,-1399,133892,113,19224,549,0,41070,0.0010000000000047748
51763000,5618,-13521,126953,7144,-17990,125766,113,19228,463,0,41071,0.0009999999999976694
51764000,5138,-7618,130521,-8377,-12062,129965,112,19226,459,1,41072,0.0009999999999976694
51765000,-1022,14001,132186,4964,13321,125199,145,19229,594,1,41073,0.0010000000000047748
51766000,-191,13051,131413,-311,6136,125119,114,19231,467,1,41074,0.0009999999999976694
51767002,821,-8565,129504,-6871,-11822,135201,105,19231,467,1,41075,0.0010019999999997253
51768000,8423,-4297,128111,6422,-9487,124661,128,19222,430,0,41076,0.000998000000002719
51769000,9919,-15136,127667,23776,-17122,135277,128,19231,524,0,41077,0.0009999999999976694
51770000,1124,7559,131091,-10024,5745,123360,109,19229,446,0,41078,0.0009999999999976694
51771000,4934,7604,131600,-23337,3395,130591,115,19221,471,1,41079,0.0010000000000047748
51772000,-7523,12304,133155,14019,11464,126102,115,19240,471,1,41080,0.0009999999999976694
51773000,-5784,740,130293,-7857,-4378,129632,101,19240,471,1,41081,0.0009999999999976694
51774001,-2040,-7913,126722,-13726,-11406,135669,124,19228,414,0,41082,0.00100100000000225
51775001,1821,-5482,130586,-1946,-9028,128548,124,19220,508,0,41083,0.0009999999999976694
51776000,4539,49,131702,3634,-775,125624,98,19230,401,0,41084,0.0009990000000001942
51777000,-6270,13766,130437,-13132,10085,119224,107,19227,438,0,41085,0.0010000000000047748
51778000,-9304,4877,130378,-17450,1543,142086,148,19232,606,1,41086,0.0009999999999976694
51779000,-7765,-780,128406,-9036,-3130,118998,116,19232,475,1,41087,0.0009999999999976694
51780000,-3726,12649,131290,-6545,7554,125709,100,19235,475,1,41088,0.0010000000000047748
51781000,-2648,1456,129161,-5084,-3788,127291,161,19228,410,0,41089,0.0009999999999976694
51782000,-3357,-4524,124987,-10545,-12723,128679,161,19231,659,0,41090,0.0009999999999976694
51783000,-280,-3184,126931,-3233,-2224,131638,101,19234,414,0,41091,0.0009999999999976694
51784000,-3461,12597,127779,-6865,14856,113896,111,19222,455,1,41092,0.0010000000000047748
51785000,-8230,11374,130051,-12654,5675,131492,115,19222,471,1,41093,0.0009999999999976694
51786000,-4750,14223,128470,-10037,-2586,122756,107,19228,471,1,41094,0.0009999999999976694
51787001,-171,4108,125195,4907,-8199,130253,117,19235,438,0,41095,0.00100100000000225
51788000,1443,-5990,124210,-3543,-921,126164,117,19226,479,0,41096,0.0009990000000001942
51789000,3816,1697,123840,-5972,2816,117226,100,19229,410,0,41097,0.0009999999999976694
51790000,2514,9628,125321,-3829,5496,128346,109,19229,446,0,41098,0.0010000000000047748
51791000,712,12049,126474,-567,6974,122903,139,19229,569,1,41099,0.0009999999999976694
51792000,-2558,7831,125594,-1385,2582,126115,114,19223,569,1,41100,0.0009999999999976694
51793000,2262,6163,125738,-539,2647,122386,97,19229,467,1,41101,0.0010000000000047748
51794003,7493,4376,125490,6187,-4199,126304,97,19227,397,0,41102,0.0010029999999972006
51795000,8501,3438,125897,8381,-4568,125418,116,19231,475,0,41103,0.0009969999999981383
51796000,8982,-7660,124891,6769,-15750,128979,114,19228,467,0,41104,0.0010000000000047748
51797000,-15,-1184,127993,6895,4890,125994,116,19222,475,1,41105,0.0009999999999976694
51798000,1097,12724,125278,-5290,12191,120613,118,19222,475,1,41106,0.0009999999999976694
51799000,7248,10645,129182,11179,1112,126880,109,19228,483,1,41107,0.0010000000000047748
51800000,8786,1733,124033,13103,918,123985,109,19232,446,1,41108,0.0009999999999976694
51801000,10467,4527,127089,-4019,-2366,123495,112,19219,459,0,41109,0.0009999999999976694
51802000,11522,-8766,127429,11458,-11315,133765,84,19232,344,0,41110,0.0010000000000047748
51803000,8819,-15225,127270,14649,-15464,135369,99,19229,405,0,41111,0.0009999999999976694
51804001,746,6454,129927,-10281,5966,124432,123,19229,405,1,41112,0.00100100000000225
51805000,-1,18109,131561,-1569,12334,120767,115,19224,504,1,41113,0.0009990000000001942
51806000,1374,9705,129751,11213,4422,130308,115,19230,471,1,41114,0.0009999999999976694
51807000,7121,-5554,127852,-3139,-10657,132887,100,19225,410,0,41115,0.0009999999999976694
51808000,11108,-7930,128790,2657,-10047,122984,151,19232,618,0,41116,0.0010000000000047748
51809000,7050,3668,132728,14490,-293,128883,102,19227,418,0,41117,0.0009999999999976694
51810000,-193,-11094,129614,-8453,-12436,133139,102,19227,418,0,41118,0.0009999999999976694
51811000,-1529,-1333,131826,-18334,-3644,131869,136,19231,418,1,41119,0.0010000000000047748
51812000,-6050,8304,132461,7319,5636,130203,136,19228,557,1,41120,0.0009999999999976694
51813000,-5667,7004,130535,-5234,1593,119480,107,19231,438,1,41121,0.0009999999999976694
51814000,1860,-5959,130770,-19916,-10219,134951,103,19226,422,0,41122,0.0010000000000047748
51815000,-909,-8897,128552,8079,-13213,135382,89,19230,365,0,41123,0.0009999999999976694
51816000,-1260,5988,129278,711,3077,122004,110,19230,365,0,41124,0.0009999999999976694
51817000,-7563,4946,132142,-20748,1489,130713,129,19228,451,1,41125,0.0010000000000047748
51818000,-8446,6052,130046,-12033,5122,130100,129,19222,528,1,41126,0.0009999999999976694
51819000,-8945,3058,128088,-9349,-581,130462,114,19227,467,1,41127,0.0009999999999976694
51820000,-2895,9240,130478,-8745,7693,123854,100,19232,410,1,41128,0.0010000000000047748
51821000,-4955,2182,126932,-14979,-2180,128892,140,19225,573,0,41129,0.0009999999999976694
51822000,-308,-7481,125770,269,-10174,126906,109,19225,446,0,41130,0.0009999999999976694
51823000,-1939,-426,126817,-2375,-4374,127078,109,19230,446,0,41131,0.0010000000000047748
51824000,-6502,8476,127719,-14463,6097,121777,142,19224,446,1,41132,0.0009999999999976694
51825000,-8846,13961,128328,-10897,9897,127285,142,19226,582,1,41133,0.0009999999999976694
51826000,-8213,9514,128656,-3305,6556,126482,112,19229,459,1,41134,0.0010000000000047748
51827000,-375,6179,126429,-11840,1139,120984,104,19223,426,0,41135,0.0009999999999976694
51828000,906,1863,126422,-67,-2593,128235,86,19223,352,0,41136,0.0009999999999976694
51829000,2565,-4970,123001,4057,-9751,129229,109,19229,352,0,41137,0.0010000000000047748
51830000,-78,-1156,124890,-8426,9919,120419,121,19227,446,0,41138,0.0009999999999976694
51831002,-3291,17979,127053,-4289,9049,123193,121,19219,496,1,41139,0.0010019999999997253
51832003,-1908,8239,125733,-1239,4107,127985,109,19234,446,1,41140,0.00100100000000225
51833003,2251,6872,126693,-3915,3723,121424,95,19236,389,1,41141,0.0009999999999976694
51834003,9176,6164,123977,6542,-8725,122722,124,19236,508,0,41142,0.0009999999999976694
51835000,7191,841,121987,13042,-3694,126942,106,19235,508,0,41143,0.0009970000000052437
51836000,7729,-2578,124238,-3205,-12032,126868,112,19227,434,0,41144,0.0009999999999976694
51837001,6596,84,126024,7811,4136,125648,112,19227,459,1,41145,0.00100100000000225
51838001,2085,12064,131454,-363,10137,123078,142,19231,582,1,41146,0.0009999999999976694
51839000,3504,11537,127738,1555,-606,127076,106,19231,434,1,41147,0.0009990000000001942
51840001,4695,-4845,125740,11652,-12743,130855,97,19225,397,1,41148,0.00100100000000225
51841001,9944,-5249,124869,-1007,-2862,124593,120,19225,397,0,41149,0.0009999999999976694
51842000,8682,-289,126892,11704,2497,127046,105,19230,491,0,41150,0.0009990000000001942
51843000,8426,-3516,127458,3447,-2698,125588,105,19231,430,0,41151,0.0009999999999976694
51844000,4079,6393,129128,-1702,4492,137878,111,19220,455,1,41152,0.0010000000000047748
51845000,55,4599,128164,2208,967,121605,106,19230,434,1,41153,0.0009999999999976694
51846000,2636,6093,130035,1513,-648,126543,100,19229,410,1,41154,0.0009999999999976694
51847001,3032,-1453,132128,-1695,-12396,136643,126,19229,410,0,41155,0.00100100000000225
51848007,7932,-20852,126280,5555,-19619,132520,101,19221,516,0,41156,0.0010059999999967317
51849000,4434,7730,131790,14736,8235,126427,101,19231,414,0,41157,0.0009930000000011319
51850000,78,1867,126900,-14584,543,126591,105,19225,430,0,41158,0.0009999999999976694
51851000,3212,10173,132164,-11195,9727,123738,140,19224,573,1,41159,0.0010000000000047748
51852000,-4517,1988,134004,9761,-6443,131659,111,19231,455,1,41160,0.0009999999999976694
51853000,-4134,-3005,129218,-7613,-6746,130876,99,19231,455,1,41161,0.0009999999999976694
51854000,-3700,-6704,130759,-22240,-12236,130937,142,19225,405,0,41162,0.0010000000000047748
51855000,-2383,-5856,130569,6843,-12296,130634,142,19228,582,0,41163,0.0009999999999976694
51856000,166,8376,129164,2434,8178,129178,118,19228,483,0,41164,0.0009999999999976694
51857000,-9194,6752,132474,-25946,5432,123071,119,19224,487,1,41165,0.0010000000000047748
51858000,-5321,6928,132738,-10864,2169,130691,124,19228,508,1,41166,0.0009999999999976694
51859000,-7536,2987,127405,878,-785,132656,108,19228,508,1,41167,0.0009999999999976694
51860000,-5400,8895,129465,-11451,6108,121841,119,19229,442,1,41168,0.0010000000000047748
51861000,-2564,-2651,126968,-11547,-9518,128986,119,19217,487,0,41169,0.0009999999999976694
51862000,-4713,-4031,125313,-3176,-4196,127888,101,19231,414,0,41170,0.0009999999999976694
51863000,2330,11840,129381,-8490,9748,123312,104,19229,426,0,41171,0.0010000000000047748
51864000,-6640,6568,126102,-4797,2230,122230,131,19226,537,1,41172,0.0009999999999976694
51865000,-2059,6618,125390,-10196,3008,126204,118,19226,537,1,41173,0.0009999999999976694
51866000,-4236,2865,127148,-8322,586,126273,102,19231,483,1,41174,0.0010000000000047748
51867000,613,8416,127141,696,4538,123080,102,19228,418,0,41175,0.0009999999999976694
51868000,1798,-3605,123771,1798,-6543,129671,129,19231,528,0,41176,0.0009999999999976694
51869000,-3505,4017,124707,-9574,2518,124723,109,19228,446,0,41177,0.0010000000000047748
51870000,4391,3373,127394,-2522,748,123558,113,19222,463,0,41178,0.0009999999999976694
51871000,-6423,15708,126709,5084,13982,118957,146,19222,598,1,41179,0.0009999999999976694
51872002,443,12440,125811,-9099,8844,126953,106,19228,598,1,41180,0.0010019999999997253
51873000,5352,8284,125100,-1345,-523,123499,105,19231,434,1,41181,0.000998000000002719
51874000,11336,-1072,125141,13087,-5412,126807,105,19222,430,0,41182,0.0009999999999976694
51875000,13459,-6252,125214,11764,-7823,124228,91,19229,373,0,41183,0.0010000000000047748
51876000,2174,-7045,125338,3073,-8721,128387,112,19227,459,0,41184,0.0009999999999976694
51877000,7281,6,127071,-676,1510,127425,131,19227,537,1,41185,0.0009999999999976694
51878001,-1845,19982,129980,7206,8857,117936,114,19226,537,1,41186,0.00100100000000225
51879000,5220,6765,129328,2968,1186,130812,94,19229,467,1,41187,0.0009990000000001942
51880000,7119,10297,125364,440,-6888,119481,94,19229,385,0,41188,0.0009999999999976694
51881000,11688,2240,126582,8764,-20826,136700,140,19230,573,0,41189,0.0010000000000047748
51882000,13988,-13619,124920,22122,-9637,127839,104,19229,426,0,41190,0.0009999999999976694
51883000,1223,2706,131002,-12969,-2292,126798,106,19229,434,0,41191,0.0009999999999976694
51884000,6488,6179,130515,-6077,11297,128653,126,19226,434,1,41192,0.0010000000000047748
51885003,-1454,17224,130267,12662,9765,125051,106,19228,516,1,41193,0.0010029999999972006
51886000,2747,-1580,128272,-8134,-10474,132721,106,19230,434,1,41194,0.0009969999999981383
51887002,9777,-2178,127079,4204,-13824,120479,106,19226,434,0,41195,0.0010019999999997253
51888000,10764,-6984,130540,20585,-13509,138106,122,19230,500,0,41196,0.000998000000002719
51889000,8698,-4864,130057,-1000,-5828,124082,105,19228,430,0,41197,0.0009999999999976694
51890000,-1300,7692,133173,-25055,4697,127646,120,19228,430,1,41198,0.0010000000000047748
51891000,-5393,1257,133773,10998,6151,130466,109,19220,491,1,41199,0.0009999999999976694
51892002,-11012,8603,129233,-5849,-3318,124189,109,19229,446,1,41200,0.0010019999999997253
51893000,-639,-10306,130114,-22981,-16690,140688,97,19230,397,1,41201,0.000998000000002719
51894002,539,-3747,128568,11311,-2357,122698,130,19226,532,0,41202,0.0010019999999997253
51895001,6533,8531,130200,169,2367,125766,104,19226,426,0,41203,0.0009990000000001942
51896002,-3933,1291,129405,-16200,270,129187,109,19226,426,0,41204,0.0010009999999951447
51897000,-7082,-2968,129531,-15253,-2058,133567,143,19230,446,1,41205,0.000998000000002719
51898000,-8150,5622,130109,-5257,7598,132170,143,19231,586,1,41206,0.0009999999999976694
51899000,-9184,19481,128663,-8782,17503,116031,114,19233,467,1,41207,0.0010000000000047748
51900000,-1717,2021,128376,-10604,-5796,132876,103,19220,422,0,41208,0.0009999999999976694
51901001,-1873,-13280,124715,-2136,-14446,131946,140,19233,573,0,41209,0.00100100000000225
51902000,1749,-1535,126998,-7522,-2183,127914,104,19233,573,0,41210,0.0009990000000001942
51903000,-4144,14364,128092,-6874,19179,117515,115,19229,426,0,41211,0.0009999999999976694
51904000,-5246,14813,129394,-9278,7516,121977,115,19220,471,1,41212,0.0009999999999976694
51905000,-5781,-6322,126979,-12695,-7212,141339,110,19230,451,1,41213,0.0010000000000047748
51906000,-5019,2537,124845,-3465,2390,120297,105,19231,430,1,41214,0.0009999999999976694
51907000,2317,7207,127646,-4753,4989,121587,123,19225,504,0,41215,0.0009999999999976694
51908000,1390,1397,124073,2503,-847,123647,109,19225,504,0,41216,0.0009999999999976694
51909000,2357,-4561,125243,-431,-9738,131578,111,19228,446,0,41217,0.0010000000000047748
51910000,-4404,2607,127460,-9087,1520,125835,111,19223,455,1,41218,0.0009999999999976694
51911000,-4629,22462,128452,-5725,21535,114018,148,19225,606,1,41219,0.0009999999999976694
51912003,-130,8648,125545,-3926,4070,129331,112,19231,459,1,41220,0.001003000000004306
51913000,3662,1324,123793,7256,-3071,125041,96,19227,393,0,41221,0.0009969999999981383
51914000,9753,-2794,122221,4268,-5076,130814,103,19227,422,0,41222,0.0009999999999976694
51915001,6941,2882,123293,-60,1415,117188,111,19228,422,0,41223,0.00100100000000225
51916000,9780,831,127530,11925,-4134,130752,114,19225,455,0,41224,0.0009990000000001942
51917000,6894,-2009,125488,-2215,-5019,122803,114,19221,467,1,41225,0.0009999999999976694
51918000,1961,10701,129352,4910,8067,124907,114,19231,467,1,41226,0.0010000000000047748
51919000,6744,1871,124686,7798,-2090,126634,103,19232,422,1,41227,0.0009999999999976694
51920002,8616,1407,125526,2220,-3102,122373,114,19232,467,0,41228,0.0010019999999997253
51921002,11078,3018,131035,5196,-7905,133838,99,19223,467,0,41229,0.0009999999999976694
51922001,5242,-5677,127673,13544,-11338,127957,106,19228,405,0,41230,0.0009990000000001942
51923002,1800,3539,131111,-2173,-2717,126650,106,19232,434,1,41231,0.00100100000000225
51924001,1550,5008,129052,-4023,2780,127715,132,19225,541,1,41232,0.0009990000000001942
51925003,613,10606,130874,6875,8385,122900,112,19233,459,1,41233,0.0010019999999997253
51926000,6516,1587,128899,-5372,-4506,133751,101,19233,414,1,41234,0.0009969999999981383
51927025,6608,-523,130803,3747,-16109,125268,151,19227,414,0,41235,0.0010250000000056048
51928002,11344,-8627,127495,19704,-11045,129931,105,19229,618,0,41236,0.0009769999999988954
51929000,106,-5107,130461,-13468,-6737,135528,105,19233,430,0,41237,0.0009979999999956135
51930000,2113,2873,132524,-14230,4548,123119,105,19224,430,1,41238,0.0010000000000047748
51931000,-4027,10506,131918,5849,3768,132029,133,19231,545,1,41239,0.0009999999999976694
51932000,-7042,7278,130986,-6503,50,125866,102,19232,418,1,41240,0.0009999999999976694
51933001,-2131,-2886,128834,-15182,-13844,132022,109,19232,418,0,41241,0.00100100000000225
51934000,-1159,-13305,128378,-1028,-16346,137258,86,19224,446,0,41242,0.0009990000000001942
51935000,-270,228,130765,1677,2391,124666,86,19229,352,0,41243,0.0009999999999976694
51936000,-7690,10784,131794,-21357,9569,123869,106,19227,434,0,41244,0.0010000000000047748
51937000,-8298,2270,130742,-12190,-4298,132363,132,19222,541,1,41245,0.0009999999999976694
51938000,-8742,-2100,128771,-9144,-3451,138401,113,19229,463,1,41246,0.0009999999999976694
51939000,-6812,7348,130574,-9118,8177,115278,96,19229,463,1,41247,0.0010000000000047748
51940000,-3128,9589,128629,-8319,-1373,125412,148,19231,393,0,41248,0.0009999999999976694
51941000,-5832,-7805,127214,-12069,-14185,135556,148,19230,606,0,41249,0.0009999999999976694
51942000,-1806,-4615,126039,1260,-7145,124558,102,19230,418,0,41250,0.0010000000000047748
51943000,-5701,6946,125495,-13017,10573,126928,105,19224,430,1,41251,0.0009999999999976694
51944000,-7257,20818,129632,-12133,15440,116734,127,19229,520,1,41252,0.0009999999999976694
51945000,-8571,1740,124699,-5198,-116,128251,112,19229,520,1,41253,0.0010000000000047748
51946000,1586,8078,128017,-13793,3894,125313,107,19230,459,1,41254,0.0009999999999976694
51947000,-181,-463,124844,11128,-3603,128314,107,19221,438,0,41255,0.0009999999999976694
51948001,3218,-2476,123399,-5146,-4337,122299,83,19232,340,0,41256,0.00100100000000225
51949000,747,878,124329,-12055,-2050,126918,109,19231,446,0,41257,0.0009990000000001942
51950000,-1537,7557,127189,5269,6588,131030,126,19220,516,1,41258,0.0009999999999976694
51951000,-749,7679,125702,-3889,3970,114895,114,19220,516,1,41259,0.0010000000000047748
51952000,-2935,4650,126751,-3200,1484,126263,98,19230,467,1,41260,0.0009999999999976694
51953000,6957,8868,123894,1381,3476,124231,98,19231,401,0,41261,0.0009999999999976694
51954000,5817,-688,122784,9846,-4164,126031,136,19233,557,0,41262,0.0010000000000047748
51955000,8800,-5089,126358,9478,-8053,132238,108,19224,442,0,41263,0.0009999999999976694
51956000,2507,1007,127215,-4241,-1933,121329,112,19227,459,0,41264,0.0009999999999976694
51957000,5832,6405,129271,5061,5336,124922,131,19227,537,1,41265,0.0010000000000047748
51958000,4239,8170,129972,8370,3745,129426,109,19225,537,1,41266,0.0009999999999976694
51959000,6287,383,123083,-1674,-2901,124501,102,19231,446,1,41267,0.0009999999999976694
51960000,10714,2934,126435,8860,-145,119209,102,19223,418,0,41268,0.0010000000000047748
51961000,9323,-4935,125240,7583,-10948,129406,121,19231,496,0,41269,0.0009999999999976694
51962000,11242,-12225,127214,16809,-15390,138934,104,19230,426,0,41270,0.0009999999999976694
51963000,1633,7000,131664,-4791,5341,127770,116,19230,475,1,41271,0.0010000000000047748
51964000,3116,6799,132149,-4466,2591,128406,111,19224,475,1,41272,0.0009999999999976694
51965000,-829,13161,130338,14369,10400,122172,101,19228,455,1,41273,0.0009999999999976694
51966000,6113,-2399,126555,-6608,-14538,138822,101,19227,414,1,41274,0.0010000000000047748
51967004,12475,-12760,127214,344,-7887,121925,127,19222,520,0,41275,0.0010039999999946758
51968001,10082,2364,130846,27154,1779,133098,109,19228,446,0,41276,0.0009970000000052437
51969000,3233,-10375,127086,-4417,-4572,128432,110,19228,451,0,41277,0.0009990000000001942
51970000,-1366,10214,133603,-20337,4691,127217,149,19224,451,1,41278,0.0009999999999976694
51971000,-1996,546,130104,2546,-3188,135136,112,19224,610,1,41279,0.0009999999999976694
51972000,-8829,5248,130262,-9957,2796,120136,112,19230,459,1,41280,0.0009999999999976694
51973001,35,-10110,130494,-12883,-6869,139330,98,19224,401,0,41281,0.00100100000000225
51974003,2032,-2088,129012,9198,-13609,123531,118,19232,483,0,41282,0.0010019999999997253
51975000,2088,9097,128576,-4371,1554,125754,109,19228,446,0,41283,0.0009969999999981383
51976000,-5620,5815,132954,-18126,-2053,131475,120,19228,446,0,41284,0.0010000000000047748
51977000,-8583,-137,128185,-7818,-136,125240,112,19220,491,1,41285,0.0009999999999976694
51978000,-7980,8534,134002,-8161,5425,133169,112,19228,459,1,41286,0.0009999999999976694
51979000,-6611,6532,128245,-13525,2814,121361,103,19232,422,1,41287,0.0010000000000047748
51980000,-914,2201,128379,-4125,-1926,125874,119,19217,487,0,41288,0.0009999999999976694
51981003,-4121,-4200,125099,-3149,-10623,131923,94,19233,385,0,41289,0.001003000000004306
51982001,-218,-3675,126734,-6281,-3267,125422,104,19233,385,0,41290,0.0009979999999956135
51983000,-6709,12663,129823,-10986,9042,124320,139,19230,426,1,41291,0.0009990000000001942
51984000,-6802,10431,129599,-10967,1863,123488,139,19224,569,1,41292,0.0009999999999976694
51985000,-7175,1150,128026,1564,3391,129118,114,19228,467,1,41293,0.0010000000000047748
51986000,-2884,8768,127642,-9266,-6778,125082,100,19228,410,0,41294,0.0009999999999976694
51987000,2939,2897,123522,-4635,-1588,124260,121,19233,496,0,41295,0.0009999999999976694
51988000,4251,753,125539,7314,-5257,128041,109,19233,496,0,41296,0.0010000000000047748
51989000,2795,5697,125424,-8342,6899,120047,116,19234,446,0,41297,0.0009999999999976694
51990000,-424,8420,126202,-11602,4789,128379,116,19225,475,1,41298,0.0009999999999976694
51991001,-5991,6267,126441,-89,7259,125376,137,19231,561,1,41299,0.00100100000000225
51992000,5584,11707,125427,2629,6307,122469,101,19236,414,1,41300,0.0009990000000001942
51993000,3982,2809,122437,6142,-1379,124670,107,19228,438,0,41301,0.0009999999999976694
51994002,10065,633,123508,3421,-7319,121519,98,19228,438,0,41302,0.0010019999999997253
51995000,12069,-2782,125898,11956,-8831,126357,115,19225,401,0,41303,0.000998000000002719
51996000,4196,9528,129033,5460,6058,123574,115,19226,471,1,41304,0.0009999999999976694
51997000,2178,10241,129101,-6811,11264,124737,136,19224,557,1,41305,0.0010000000000047748
51998000,-944,850,128209,7841,-3296,125524,111,19230,455,1,41306,0.0009999999999976694
51999001,7572,-9202,125335,5872,-13566,135178,95,19228,389,1,41307,0.00100100000000225
52000001,9030,4250,125402,2129,3388,119970,151,19228,389,0,41308,0.0009999999999976694
52001003,12542,7204,128048,14556,4051,122269,106,19234,618,0,41309,0.0010019999999997253
52002000,10064,-6178,124817,7525,-8636,130266,106,19223,434,0,41310,0.0009969999999981383
52003000,2673,-2959,128275,-3267,-8724,130085,107,19224,438,1,41311,0.0010000000000047748
52004000,967,7620,131184,2894,2879,125578,126,19228,516,1,41312,0.0009999999999976694
52005002,-1406,17674,132618,-2121,13508,123769,104,19232,426,1,41313,0.0010019999999997253
52006002,3936,-757,131158,-2542,-5352,133015,108,19232,442,0,41314,0.0009999999999976694
52007000,4972,-10644,127156,1465,-14408,130182,97,19217,442,0,41315,0.000998000000002719
52008000,7197,-12435,126828,16602,-16114,133951,107,19229,397,0,41316,0.0009999999999976694
52009000,-6,11732,129007,-5208,10209,121377,107,19231,438,0,41317,0.0010000000000047748
52010000,5113,7893,130990,-23784,5034,126452,123,19220,504,1,41318,0.0009999999999976694
52011000,-7255,11893,133498,6597,9598,129910,109,19232,446,1,41319,0.0009999999999976694
52012000,-1163,-9820,128098,-7208,-13694,131365,97,19232,397,1,41320,0.0010000000000047748
52013000,-10053,-10042,129322,-11883,-13835,135610,138,19225,397,0,41321,0.0009999999999976694
52014000,2304,-8670,130560,-10227,-12362,130011,106,19232,565,0,41322,0.0009999999999976694
52015000,-2081,10444,132990,4099,4826,125337,106,19228,434,0,41323,0.0010000000000047748
52016000,-4947,9460,132646,-12098,10721,124112,112,19227,459,1,41324,0.0009999999999976694
52017001,-12136,9584,129422,-21337,-4163,133502,140,19230,573,1,41325,0.00100100000000225
52018000,-10916,-1166,128380,-6474,1416,129501,110,19230,451,1,41326,0.0009990000000001942
52019000,-2974,12410,131567,-7187,6523,124195,104,19231,451,1,41327,0.0009999999999976694
52020000,-6731,-6073,127011,-12091,-9844,134509,130,19224,426,0,41328,0.0009999999999976694
52021000,-809,2991,126304,-6587,-3874,119749,130,19233,532,0,41329,0.0010000000000047748
52022000,-2722,-1256,128381,-5273,-2177,131525,105,19230,430,0,41330,0.0009999999999976694
52023000,-2602,5083,125812,-11328,11535,119023,120,19219,491,1,41331,0.0009999999999976694
52024004,-7954,20339,131503,-12555,6457,124641,111,19232,455,1,41332,0.0010040000000017812
52025006,-5573,2517,124929,-8196,-934,128656,102,19232,455,1,41333,0.0010019999999997253
52026000,1636,5684,129883,2695,-2782,125622,129,19229,418,0,41334,0.0009939999999986071
52027000,-3721,-11419,122877,-766,-15780,133303,129,19228,528,0,41335,0.0010000000000047748
52028003,3040,3594,123328,-9097,5272,117280,102,19229,418,0,41336,0.0010029999999972006
52029000,-1053,10893,126223,-312,6113,125192,108,19227,442,0,41337,0.0009969999999981383
52030000,1718,14119,127025,344,13269,119553,151,19229,618,1,41338,0.0010000000000047748
52031000,-1716,10830,125323,-8057,9977,128192,113,19229,618,1,41339,0.0009999999999976694
52032000,4216,-4256,124280,-3236,-1162,130405,97,19232,463,1,41340,0.0009999999999976694
52033000,9892,7379,123834,18897,-4016,118523,97,19228,397,0,41341,0.0009999999999976694
52034000,10125,-603,123640,5680,-13617,128453,103,19227,422,0,41342,0.0010000000000047748
52035001,7216,-4454,127368,3779,-6790,127722,120,19227,491,0,41343,0.00100100000000225
52036000,3427,-2079,127234,2439,-2619,126251,124,19224,508,1,41344,0.0009989999999930887
52037000,4534,12352,128024,-1436,15375,123407,111,19224,508,1,41345,0.0010000000000047748
52038000,3077,14780,127495,12026,6983,121766,101,19230,455,1,41346,0.0009999999999976694
52039001,5760,-3580,123146,5466,-7187,127977,101,19234,414,1,41347,0.00100100000000225
52040000,13323,1636,127719,-3750,-42,127504,119,19229,487,0,41348,0.0009990000000001942
52041001,11647,-9792,126567,21405,-10102,135101,104,19228,426,0,41349,0.0010009999999951447
52042000,8612,-5516,128847,7717,-8099,128027,106,19228,434,0,41350,0.0009990000000001942
52043000,2808,3629,128740,-15127,1880,125814,138,19228,434,1,41351,0.0010000000000047748
52044005,-250,19049,129507,3495,19442,132173,113,19230,565,1,41352,0.0010049999999992565
52045009,5344,7984,127988,9874,312,118609,113,19228,463,1,41353,0.0010040000000017812
52046000,5019,-12381,127275,-4443,-18576,132405,102,19226,418,0,41354,0.000990999999999076
52047000,10010,-4340,131507,8486,-7902,127883,143,19234,586,0,41355,0.0009999999999976694
52048000,4704,-8021,127106,14954,-12301,131784,101,19232,414,0,41356,0.0009999999999976694
52049000,2869,1393,134161,-17466,1105,131015,105,19232,430,0,41357,0.0010000000000047748
52050000,-3774,10357,131572,-3302,6086,124821,124,19223,430,1,41358,0.0009999999999976694
52051000,-8204,2308,130760,2992,-95,131350,103,19229,508,1,41359,0.0009999999999976694
52052000,-436,-296,129433,-16625,-3857,126817,103,19232,422,1,41360,0.0010000000000047748
52053000,212,-8628,129723,-276,-13219,136955,114,19224,467,0,41361,0.0009999999999976694
52054001,5836,2872,128638,5107,-658,123556,93,19228,381,0,41362,0.00100100000000225
52055000,-6153,4296,131410,-11184,667,126120,105,19228,430,0,41363,0.0009990000000001942
52056000,-3461,1595,133288,-13785,-1754,144416,135,19228,430,1,41364,0.0009999999999976694
52057000,-12535,7845,127636,-8709,6052,126601,119,19226,553,1,41365,0.0009999999999976694
52058000,-10383,5699,131159,-13931,2480,132257,119,19229,487,1,41366,0.0010000000000047748
52059000,-630,7769,128797,-9607,5295,122816,104,19228,426,1,41367,0.0009999999999976694
52060000,-4849,-9640,124537,-1889,-13933,140427,157,19227,643,0,41368,0.0009999999999976694
52061000,153,-3505,127856,-8135,-5459,115095,101,19227,414,0,41369,0.0010000000000047748
52062000,-3271,9179,127596,-7836,1963,130673,106,19229,414,0,41370,0.0009999999999976694
52063000,-3737,2923,127912,-7467,6351,125849,133,19220,434,1,41371,0.0009999999999976694
52064000,-6192,12701,128037,-10902,7462,124928,133,19226,545,1,41372,0.0010000000000047748
52065000,-6865,3874,125853,-8154,2189,126522,114,19231,467,1,41373,0.0009999999999976694
52066000,663,5187,125223,-3613,2775,120323,113,19221,463,0,41374,0.0009999999999976694
52067000,553,-13291,124406,-251,-11492,142087,88,19225,360,0,41375,0.0010000000000047748
52068002,3351,4140,126840,-742,2282,109375,107,19225,360,0,41376,0.0010019999999997253
52069000,-5233,19014,125923,-15193,5480,127112,128,19229,438,0,41377,0.0009979999999956135
52070000,-1108,7007,128781,3555,3666,126805,128,19222,524,1,41378,0.0010000000000047748
52071000,-3533,8462,124999,4152,1373,121457,119,19229,487,1,41379,0.0009999999999976694
52072000,3903,2718,123754,-13172,333,128378,100,19226,410,1,41380,0.0009999999999976694
52073000,10487,12749,125245,14732,7033,113076,133,19231,545,0,41381,0.0010000000000047748
52074002,12964,-1795,122661,9924,-9910,131709,113,19231,545,0,41382,0.0010019999999997253
52075002,8381,-3620,126062,-6768,-3043,124797,116,19228,463,0,41383,0.0009999999999976694
52076002,1511,-6004,126800,7247,-4922,132797,116,19225,475,1,41384,0.0009999999999976694
52077000,2650,430,127545,4467,4319,121099,137,19229,561,1,41385,0.000998000000002719
52078000,3209,9549,126092,45,3025,125248,112,19230,459,1,41386,0.0009999999999976694
52079000,7087,-2412,125111,10637,750,132509,104,19222,426,0,41387,0.0010000000000047748
52080000,10005,4227,125811,5688,-4793,112707,106,19222,426,0,41388,0.0009999999999976694
52081000,7700,-6160,127102,4524,-15211,140459,102,19231,434,0,41389,0.0009999999999976694
52082000,4728,-3555,129615,5663,-3890,126968,102,19228,418,0,41390,0.0010000000000047748
52083000,1420,2171,128637,-1083,168,130588,116,19224,475,1,41391,0.0009999999999976694
52084000,1879,9418,130809,-6009,10465,127462,113,19228,463,1,41392,0.0009999999999976694
52085000,2076,5571,128998,1799,2052,124130,102,19229,418,1,41393,0.0010000000000047748
52086000,6955,-10036,127239,7068,-13785,136488,136,19229,418,0,41394,0.0009999999999976694
52087000,4336,-8212,126869,1306,-11389,125867,101,19223,557,0,41395,0.0009999999999976694
52088000,2794,617,130162,10712,-3481,130221,101,19231,414,0,41396,0.0010000000000047748
52089000,-459,-2740,130689,-11631,-3475,126919,103,19226,422,1,41397,0.0009999999999976694
52090002,-1146,11608,133844,-17449,6157,126257,150,19228,614,1,41398,0.0010019999999997253
52091000,-5671,15852,132152,15098,14642,126264,109,19232,446,1,41399,0.000998000000002719
52092000,-5639,-6531,128691,-14325,-15678,127480,99,19232,405,1,41400,0.0009999999999976694
52093000,-1239,-21077,131065,-19517,-26022,139610,114,19228,405,0,41401,0.0009999999999976694
52094000,372,1938,129850,14103,1117,124996,109,19232,467,0,41402,0.0010000000000047748
52095000,-5678,9486,129237,-12208,7628,119494,109,19228,446,0,41403,0.0009999999999976694
52096000,-8571,9948,133313,-25728,4973,130460,120,19220,491,1,41404,0.0009999999999976694
52097000,-8028,-6319,126842,-5306,-10336,136033,111,19228,455,1,41405,0.0009999999999976694
52098000,-4673,10610,130880,-2114,11194,123516,104,19228,426,1,41406,0.0010000000000047748
52099000,-4843,12611,131015,-12700,8806,120463,125,19232,426,0,41407,0.0009999999999976694
52100000,-1709,-1279,125979,-10277,-5914,132018,110,19220,512,0,41408,0.0009999999999976694
52101001,-3695,-4250,125992,386,-7986,135184,110,19230,451,0,41409,0.00100100000000225
52102000,-1739,7741,128377,-8873,5801,121715,109,19229,446,0,41410,0.0009990000000001942
52103000,-6117,20512,126518,-6311,18652,117953,146,19227,598,1,41411,0.0009999999999976694
52104000,-3895,4931,126917,-15677,1374,134334,117,19227,479,1,41412,0.0010000000000047748
52105000,3571,-1104,126970,-3030,-4584,124764,101,19230,479,1,41413,0.0009999999999976694
52106000,-3726,5874,123382,8081,3435,118201,115,19223,414,0,41414,0.0009999999999976694
52107000,737,1993,123953,-14004,-160,124757,115,19231,471,0,41415,0.0010000000000047748
52108000,1266,-25,126993,-1188,-1950,131256,108,19230,442,0,41416,0.0009999999999976694
52109000,3601,-3263,126081,3707,-442,129594,113,19219,463,1,41417,0.0009999999999976694
52110000,-4395,15354,128349,-3809,15364,116122,128,19230,524,1,41418,0.0010000000000047748
52111000,-2670,14265,126435,-6033,5225,124730,102,19230,524,1,41419,0.0009999999999976694
52112000,7122,10394,124701,53,-1559,123132,112,19227,418,0,41420,0.0009999999999976694
52113000,7304,-2069,122889,4013,-10578,129399,112,19224,459,0,41421,0.0010000000000047748
52114000,10994,-9567,125177,8584,-4743,124271,96,19228,393,0,41422,0.0009999999999976694
52115000,3636,12185,125988,4850,-3685,119831,109,19227,446,0,41423,0.0009999999999976694
52116000,7928,-916,126890,474,-8326,136741,138,19225,565,1,41424,0.0010000000000047748
52117000,3326,3831,127758,4868,10378,121854,112,19225,565,1,41425,0.0009999999999976694
52118002,6458,15955,127443,2603,10960,120011,97,19229,459,1,41426,0.0010019999999997253
52119002,10940,6948,124866,5124,-1264,122644,97,19228,397,0,41427,0.0009999999999976694
52120000,10642,-8463,127159,12525,-18393,137022,141,19232,577,0,41428,0.000998000000002719
52121000,11684,-18900,126320,13961,-18581,131353,102,19230,418,0,41429,0.0009999999999976694
52122000,2321,9351,130868,-8801,9959,119863,107,19220,438,1,41430,0.0010000000000047748
52123000,48,9662,133789,-2333,6365,133058,124,19220,438,1,41431,0.0009999999999976694
52124000,-2150,7709,129311,9960,3659,123495,105,19229,508,1,41432,0.0009999999999976694
52125000,4109,-3117,127474,-5397,-12525,134246,105,19233,430,1,41433,0.0010000000000047748
52126000,10332,-13863,129120,4097,-11887,127431,110,19220,451,0,41434,0.0009999999999976694
52127000,10834,3681,131143,23716,165,122957,86,19228,352,0,41435,0.0009999999999976694
52128000,5830,-5768,129617,-7725,-14198,137431,106,19228,434,0,41436,0.0010000000000047748
52129000,-2473,-3410,131761,-19490,-795,125122,129,19228,434,1,41437,0.0009999999999976694
52130001,-7731,11131,134770,7298,122,129460,112,19223,528,1,41438,0.00100100000000225
52131000,-6288,3265,129335,-5993,3679,128823,112,19231,459,1,41439,0.0009990000000001942
52132000,-1503,1316,129820,-17366,-4759,129841,95,19229,389,0,41440,0.0009999999999976694
52133000,2902,-6946,126753,1491,-9053,131292,142,19228,582,0,41441,0.0009999999999976694
52134000,3172,7166,129236,2530,3492,120084,116,19228,475,0,41442,0.0010000000000047748
52135001,-5323,3787,132903,-16541,-1280,133953,115,19228,475,0,41443,0.0010009999999951447
52136000,-5762,-176,131070,-12802,-1165,131403,136,19223,471,1,41444,0.0009990000000001942
52137000,-9019,5702,129792,-7823,4680,131215,136,19230,557,1,41445,0.0010000000000047748
52138000,-5924,11749,129527,-16604,15055,124805,111,19232,455,1,41446,0.0009999999999976694
52139000,-136,3883,127432,-2484,-1593,120087,106,19220,434,0,41447,0.0009999999999976694
52140000,-1999,-12650,125546,-2663,-19034,136008,132,19229,541,0,41448,0.0010000000000047748
52141000,-702,2097,127983,-8192,1242,125008,104,19229,426,0,41449,0.0009999999999976694
52142000,-4679,11270,129126,-9266,7838,120711,122,19231,426,1,41450,0.0009999999999976694
52143000,-8006,9034,128701,-8794,5692,127798,113,19221,500,1,41451,0.0010000000000047748
52144000,-7990,1821,128014,-11356,-1174,130012,113,19228,463,1,41452,0.0009999999999976694
52145000,-3928,6896,124684,-4486,4408,125601,99,19231,405,1,41453,0.0009999999999976694
52146001,2254,8890,125566,-2466,6170,119618,133,19231,545,0,41454,0.00100100000000225
52147000,4445,3158,124553,-177,179,126167,106,19231,434,0,41455,0.0009990000000001942
52148000,2098,2591,124509,-1972,-454,124812,111,19229,434,0,41456,0.0009999999999976694
52149000,-76,743,123948,-6862,-2708,127047,155,19224,455,1,41457,0.0010000000000047748
52150002,-6410,10681,128687,-8071,7874,129681,155,19229,635,1,41458,0.0010019999999997253
52151002,4254,6788,122807,2446,4609,124401,108,19237,442,1,41459,0.0009999999999976694
52152000,3038,2750,125028,6499,-1411,126755,99,19225,405,0,41460,0.000998000000002719
52153000,9071,1399,122064,-139,-3689,120727,89,19225,365,0,41461,0.0009999999999976694
52154002,9607,701,124959,3850,-1455,126510,113,19231,365,0,41462,0.0010019999999997253
52155001,2680,2219,129290,15124,-599,127638,119,19227,463,0,41463,0.0009990000000001942
52156000,2867,-1565,127314,-5135,-2851,126214,119,19222,487,1,41464,0.0009990000000001942
52157003,65,13484,130026,714,7522,125679,107,19228,438,1,41465,0.0010029999999972006
52158001,6998,1707,123762,9588,-1280,126292,97,19227,397,1,41466,0.000998000000002719
52159000,10431,10818,127129,1376,8874,116037,125,19227,512,0,41467,0.0009990000000001942
52160000,7904,-1323,127057,9235,-15926,134549,99,19227,512,0,41468,0.0009999999999976694
52161000,9786,-18789,126049,6620,-12647,133777,104,19232,405,0,41469,0.0009999999999976694
52162002,2693,2850,132455,-2284,-657,125635,104,19226,426,1,41470,0.0010020000000068308
52163000,1340,12529,127809,-1110,11594,119096,135,19228,553,1,41471,0.0009979999999956135
52164000,-1798,19331,132819,2770,11073,125853,111,19231,455,1,41472,0.0009999999999976694
52165000,3867,-4034,128732,-721,-19007,134621,101,19225,414,1,41473,0.0010000000000047748
52166001,8179,-9956,127050,-2339,-8804,128821,134,19225,414,0,41474,0.0010009999999951447
52167000,10396,-4520,130392,18578,-423,130998,106,19232,549,0,41475,0.0009990000000001942
52168000,3155,-4378,127944,-8671,-5187,128378,106,19231,434,0,41476,0.0010000000000047748
52169000,543,3842,130932,-21970,8130,126938,113,19224,463,1,41477,0.0009999999999976694
52170000,-6470,11055,133960,8690,4858,133962,125,19228,512,1,41478,0.0009999999999976694
52171000,-4952,1624,129337,-613,-374,120261,103,19227,422,1,41479,0.0010000000000047748
52172000,-6186,-5732,129865,-23849,-18859,137908,117,19227,422,0,41480,0.0009999999999976694
52173000,563,-15284,129251,2517,-11761,139548,95,19226,479,0,41481,0.0009999999999976694
52174000,-1881,2873,131483,6539,-1718,120113,95,19228,389,0,41482,0.0010000000000047748
52175000,-5803,10444,131874,-23588,6109,128713,109,19226,446,1,41483,0.0009999999999976694
52176002,-10457,5044,130354,-13865,-1073,129682,144,19227,590,1,41484,0.0010019999999997253
52177000,-7878,-1528,128471,-5979,-3427,133720,116,19231,475,1,41485,0.000998000000002719
52178000,-4697,14202,130451,-10033,15261,119700,101,19231,475,1,41486,0.0009999999999976694
52179000,-3897,275,126253,-8926,-4779,128226,163,19224,414,0,41487,0.0009999999999976694
52180000,-2644,-5434,125441,-6217,-5253,128919,163,19230,668,0,41488,0.0010000000000047748
52181000,-504,-915,127093,-5138,-6544,130772,103,19228,422,0,41489,0.0009999999999976694
52182000,-3505,4345,126463,-4199,5908,124669,110,19228,451,1,41490,0.0009999999999976694
52183000,-8485,17402,129232,-12316,12165,116231,124,19228,508,1,41491,0.0010000000000047748
52184000,-3914,4224,127780,-12190,-2461,130038,111,19228,455,1,41492,0.0009999999999976694
52185000,999,11091,129299,10046,6111,126712,114,19232,455,0,41493,0.0009999999999976694
52186000,-2700,-12576,121402,-3805,-17356,127752,101,19223,467,0,41494,0.0010000000000047748
52187000,1042,739,127469,-10075,-2380,121622,101,19228,414,0,41495,0.0009999999999976694
52188000,422,2828,124587,226,894,128388,115,19229,471,0,41496,0.0009999999999976694
52189000,106,8603,126600,515,7006,124018,139,19218,569,1,41497,0.0010000000000047748
52190000,-2735,9657,124884,-4762,6026,122623,116,19218,475,1,41498,0.0009999999999976694
52191000,1834,10907,124910,-2524,5695,122216,97,19231,475,1,41499,0.0009999999999976694
52192000,12442,4528,123984,8947,1879,123087,123,19228,397,0,41500,0.0010000000000047748
52193000,7255,-13212,124588,12953,-18867,128852,123,19232,504,0,41501,0.0009999999999976694
52194000,7897,-1605,124140,1576,-6021,122521,112,19226,459,0,41502,0.0009999999999976694
52195000,2372,988,126683,110,-2235,127850,114,19224,467,1,41503,0.0010000000000047748
52196000,1738,11412,128676,10731,7285,122486,132,19224,541,1,41504,0.0009999999999976694
52197000,5834,11838,126258,3948,9107,125394,108,19230,541,1,41505,0.0009999999999976694
52198000,7151,5118,125587,-789,2675,123088,105,19232,442,1,41506,0.0010000000000047748
52199000,15857,2685,128041,15577,-1085,127273,105,19218,430,0,41507,0.0009999999999976694
52200000,10657,-7042,124798,13090,-11102,129172,97,19233,397,0,41508,0.0009999999999976694
52201003,5739,-6409,130359,7633,-8694,133802,103,19229,422,0,41509,0.001003000000004306
52202000,4985,-3807,129271,-6687,-7794,131739,118,19224,483,1,41510,0.0009969999999981383
52203001,227,12953,131105,4414,17834,118357,112,19224,483,1,41511,0.00100100000000225
52204002,1175,14411,129961,7247,1882,129136,102,19234,459,1,41512,0.0010009999999951447
52205002,5718,-6906,126552,-12136,-16983,130663,102,19228,418,0,41513,0.0010000000000047748
52206000,13290,-7621,127091,13678,-6515,128700,141,19229,577,0,41514,0.0009979999999956135
52207000,5800,-1166,130191,19610,-7564,131267,100,19227,410,0,41515,0.0010000000000047748
52208000,1730,-6375,131894,-17994,5643,125230,103,19228,422,0,41516,0.0009999999999976694
52209000,1008,14928,133595,-2038,-3834,133657,143,19228,422,1,41517,0.0009999999999976694
52210000,-7605,-4057,128649,202,-7709,135857,111,19228,586,1,41518,0.0010000000000047748
52211002,-5559,3951,130404,-14767,5170,118904,111,19232,455,1,41519,0.0010019999999997253
52212000,1150,-977,130605,-4079,-11874,135964,104,19221,426,0,41520,0.0009979999999956135
52213000,1744,1219,128195,13115,-570,122819,120,19228,491,0,41521,0.0010000000000047748
52214001,-1856,4535,130818,-15949,-2567,130516,107,19229,438,0,41522,0.0010009999999951447
52215000,-6090,-2728,130798,-13234,-1075,129586,120,19229,438,1,41523,0.0009990000000001942
52216000,-9284,7752,131538,-5639,3989,128722,116,19226,491,1,41524,0.0010000000000047748
52217000,-9325,5158,130080,-13732,1670,129894,116,19229,475,1,41525,0.0009999999999976694
52218000,-4085,13396,129778,-10424,6699,119406,105,19234,430,1,41526,0.0009999999999976694
52219000,-1614,-3464,127601,-5622,-13641,133716,131,19220,537,0,41527,0.0009999999999976694
52220000,-2641,-4132,128657,1040,-1258,122680,100,19230,410,0,41528,0.0010000000000047748
52221002,-1975,5877,127295,-13225,-1319,129189,101,19230,410,0,41529,0.0010019999999997253
52222001,-4842,5505,129490,-8547,160,127817,148,19226,414,1,41530,0.0009990000000001942
52223000,-6846,12228,127138,-6623,7308,119999,148,19224,606,1,41531,0.0009990000000001942
52224000,-9972,4425,129738,-15253,-237,132511,117,19232,479,1,41532,0.0009999999999976694
52225000,-857,5740,125282,625,4859,118315,105,19227,430,0,41533,0.0009999999999976694
52226000,-2076,3104,124179,-5650,-2205,128504,109,19229,446,0,41534,0.0010000000000047748
52227000,977,-780,123981,-1901,-5032,126286,106,19229,446,0,41535,0.0009999999999976694
52228000,1019,4700,124678,-1743,426,122700,117,19232,434,0,41536,0.0009999999999976694
52229000,-2061,9987,127822,-4107,6590,128609,117,19219,479,1,41537,0.0010000000000047748
52230000,-250,13550,126641,88,12467,118854,124,19230,508,1,41538,0.0009999999999976694
52231000,4938,6206,125791,-2856,1744,129502,101,19231,414,1,41539,0.0009999999999976694
52232000,7897,1766,120595,4796,5242,121377,114,19227,467,0,41540,0.0010000000000047748
52233000,11404,2614,124181,10375,-5086,120321,98,19227,401,0,41541,0.0009999999999976694
52234000,5415,-15245,124081,6725,-20605,133885,112,19232,401,0,41542,0.0009999999999976694
52235004,4730,3993,129077,-376,2379,123477,141,19225,459,1,41543,0.0010040000000017812
52236005,-353,9104,130641,-4010,4888,124419,141,19227,577,1,41544,0.00100100000000225
52237000,1780,14479,127966,6168,11225,119401,113,19231,463,1,41545,0.0009949999999960824
52238000,7376,-2311,125444,5125,-10984,130210,96,19228,393,1,41546,0.0010000000000047748
52239000,8163,-1793,127260,3915,-2818,124016,145,19228,594,0,41547,0.0009999999999976694
52240000,11065,2184,128925,9790,-2068,125762,104,19233,594,0,41548,0.0009999999999976694
52241000,5561,-7209,127876,6154,-10269,131897,109,19230,426,0,41549,0.0010000000000047748
52242000,4540,4610,129807,-2653,237,127376,109,19224,446,1,41550,0.0009999999999976694
52243002,-369,6130,128241,1150,2369,132266,118,19228,483,1,41551,0.0010019999999997253
52244000,2320,16637,128503,-4086,14409,119765,105,19234,430,1,41552,0.000998000000002719
52245000,9500,-251,128290,7047,-4867,135393,112,19218,459,0,41553,0.0009999999999976694
52246003,8196,-20358,124310,2160,-24489,133385,90,19218,459,0,41554,0.0010029999999972006
52247000,7256,-1346,130866,11100,-5472,127926,105,19230,369,0,41555,0.0009970000000052437
52248000,-2497,-2394,128672,-3198,-5783,130435,105,19230,430,0,41556,0.0009999999999976694
52249000,838,14126,134074,-18455,11193,120793,131,19222,537,1,41557,0.0009999999999976694
52250000,-6689,9929,133303,190,-4715,135700,113,19228,463,1,41558,0.0010000000000047748
52251000,-2933,-6611,128187,430,-7990,124267,95,19229,389,1,41559,0.0009999999999976694
52252000,-3353,-6253,130386,-14397,-16480,138094,147,19229,389,0,41560,0.0009999999999976694
52253000,2760,-9848,128709,-8953,-2502,127542,112,19233,602,0,41561,0.0010000000000047748
52254000,-1316,13618,131731,10892,12844,121516,112,19227,459,0,41562,0.0009999999999976694
52255002,-7148,-1445,132226,-25231,-5425,137777,114,19224,467,1,41563,0.0010019999999997253
52256000,-11682,9249,132638,-5695,5906,119810,133,19224,545,1,41564,0.000998000000002719
52257000,-7721,7607,126445,-4686,-1427,132917,109,19233,446,1,41565,0.0009999999999976694
52258000,-5004,10112,129919,-12791,11015,121186,106,19233,446,1,41566,0.0009999999999976694
52259000,-448,2284,127550,-8038,-9297,127960,123,19222,434,0,41567,0.0010000000000047748
52260000,848,-10286,124880,-1596,-9208,132883,123,19235,504,0,41568,0.0009999999999976694
52261000,-2484,6610,129231,-10795,7935,119559,104,19231,426,0,41569,0.0009999999999976694
52262000,-5233,12122,127216,-8183,7766,123389,123,19220,504,1,41570,0.0010000000000047748
52263000,-6939,12237,126468,-12849,7318,126862,112,19229,459,1,41571,0.0009999999999976694
52264000,-2577,162,127228,-6380,-2175,130930,101,19229,459,1,41572,0.0009999999999976694
52265000,1352,7018,126643,3457,9465,117122,139,19230,414,0,41573,0.0010000000000047748
52266000,794,-4663,124343,-3250,-11943,128737,139,19233,569,0,41574,0.0009999999999976694
52267000,-357,-5299,124452,-3710,-6321,135420,106,19228,434,0,41575,0.0009999999999976694
52268000,130,2806,126036,-3407,1704,116140,109,19226,446,0,41576,0.0010000000000047748
52269004,-2351,22817,127223,-4985,21665,118734,156,19228,639,1,41577,0.0010039999999946758
52270002,-5457,14679,128467,-2686,2899,129467,109,19228,639,1,41578,0.000998000000002719
52271000,6470,130,121454,-1751,-255,120882,98,19232,446,1,41579,0.000998000000002719
52272000,10005,8789,126296,10324,949,127764,98,19224,401,0,41580,0.0009999999999976694
52273000,13265,-2683,123604,13056,-4743,119640,80,19227,328,0,41581,0.0009999999999976694
52274000,8445,-2767,124400,53,-5195,131846,115,19226,471,0,41582,0.0010000000000047748
52275000,3192,-12883,124648,-544,-9571,134862,127,19219,520,1,41583,0.0009999999999976694
52276000,4510,13099,128423,6225,14235,119124,113,19219,463,1,41584,0.0009999999999976694
52277000,3978,14411,127269,6454,9400,121686,98,19227,463,1,41585,0.0010000000000047748
52278000,8521,3640,125620,2046,-837,123324,125,19228,401,0,41586,0.0009999999999976694
52279000,12080,-5495,127251,3680,-11571,139074,125,19226,512,0,41587,0.0009999999999976694
52280000,11646,-17390,124041,21388,-18999,126529,100,19229,410,0,41588,0.0010000000000047748
52281002,3317,3119,130832,-3093,-2207,122084,106,19226,434,0,41589,0.0010019999999997253
52282000,208,4649,131314,-14416,1657,132486,144,19226,590,1,41590,0.0009979999999956135
52283000,1716,16530,129794,12183,15246,128174,112,19223,590,1,41591,0.0009999999999976694
52284000,-408,4354,127913,1323,434,128831,101,19228,459,1,41592,0.0010000000000047748
52285000,10429,-2625,127419,-7090,-7430,124140,101,19229,414,0,41593,0.0009999999999976694
52286000,11969,-6617,129456,21220,-9192,131538,125,19234,512,0,41594,0.0009999999999976694
52287002,7721,-14083,129348,11670,-18044,137136,109,19233,446,0,41595,0.0010020000000068308
52288000,2847,12187,134572,-24628,10744,122352,117,19233,479,1,41596,0.0009979999999956135
52289000,-7408,10291,131975,1313,7081,129162,120,19220,479,1,41597,0.0009999999999976694
52290000,-10595,3125,129568,445,-1236,129380,101,19229,491,1,41598,0.0010000000000047748
52291000,1464,-9877,129414,-19678,-13238,137771,101,19230,414,1,41599,0.0009999999999976694
52292000,-387,-3454,128248,3289,-6485,126175,118,19225,483,0,41600,0.0009999999999976694
52293000,9316,6771,130597,3549,1944,131797,99,19229,405,0,41601,0.0010000000000047748
52294000,-5659,-6234,130429,-4867,-9554,130771,112,19226,459,0,41602,0.0009999999999976694
52295000,-6341,-2400,128549,-19166,-5837,134810,147,19226,459,1,41603,0.0009999999999976694
52296000,-13458,5339,133036,-12920,4005,126728,117,19226,602,1,41604,0.0010000000000047748
52297000,-8828,16492,130381,-3963,12350,120045,117,19231,479,1,41605,0.0009999999999976694
52298000,-3199,3712,129335,-17664,-4890,134498,101,19231,414,0,41606,0.0009999999999976694
52299000,-6166,-9349,125279,-1237,-13382,128526,165,19235,676,0,41607,0.0010000000000047748
52300000,3142,-3423,126025,-4547,-1597,126703,106,19232,434,0,41608,0.0009999999999976694
52301000,-7450,10679,129514,-9732,9293,120565,112,19232,434,0,41609,0.0009999999999976694
52302000,-6050,6928,129847,-12035,2979,130261,124,19224,459,1,41610,0.0010000000000047748
52303000,-5449,11316,128851,-13640,-4220,125381,124,19227,508,1,41611,0.0009999999999976694
52304000,-7225,4156,124342,-6646,2945,124974,108,19228,442,1,41612,0.0009999999999976694
52305000,3745,-635,124186,-24,156,125808,116,19225,475,0,41613,0.0010000000000047748
52306000,1033,2439,125010,2564,-231,120714,94,19229,385,0,41614,0.0009999999999976694
52307001,6241,2617,123463,-9624,-950,129882,110,19229,385,0,41615,0.00100100000000225
52308000,-3522,7217,126785,-8062,6687,123107,133,19228,451,1,41616,0.0009990000000001942
52309000,-567,9292,126855,4370,7205,125217,133,19223,545,1,41617,0.0009999999999976694
52310000,-3819,4554,124608,347,37,124222,110,19230,451,1,41618,0.0009999999999976694
52311000,2880,1211,124488,-5057,-3049,124927,97,19228,397,0,41619,0.0010000000000047748
52312000,11343,8001,124590,8990,2424,120567,125,19234,512,0,41620,0.0009999999999976694
52313000,6961,2555,125001,9468,-6290,123750,110,19234,512,0,41621,0.0009999999999976694
52314000,7691,-9981,127425,5384,-5028,131113,114,19224,451,0,41622,0.0010000000000047748
52315000,1442,-408,127621,2736,-8021,129126,114,19224,467,1,41623,0.0009999999999976694
52316000,3286,7232,127062,-5288,7150,125913,126,19230,516,1,41624,0.0009999999999976694
52317002,6845,14539,127809,9158,9646,121554,108,19233,442,1,41625,0.0010019999999997253
52318000,9180,2606,124595,7524,-591,122951,105,19224,430,0,41626,0.000998000000002719
52319000,12564,-4634,126437,4420,-9264,128852,85,19224,430,0,41627,0.0009999999999976694
52320002,3657,-21106,126139,14632,-24790,137740,104,19228,348,0,41628,0.0010019999999997253
52321000,6730,-228,128367,-1327,-1785,125609,104,19230,426,1,41629,0.000998000000002719
52322000,-1774,14226,131174,-3999,9653,123833,121,19226,496,1,41630,0.0009999999999976694
52323000,1447,10724,131279,4481,7729,125830,113,19230,463,1,41631,0.0010000000000047748
52324000,3926,1760,129329,-1836,-6671,131698,101,19235,414,1,41632,0.0009999999999976694
52325000,3998,-9487,127104,307,-10466,131255,142,19235,582,0,41633,0.0009999999999976694
52326000,12157,-4361,128083,15148,-981,123632,104,19228,582,0,41634,0.0010000000000047748
52327000,2310,-5628,129279,5850,-13983,132000,102,19231,426,0,41635,0.0009999999999976694
52328001,992,-8281,133931,-15485,-14168,132474,102,19224,418,1,41636,0.00100100000000225
52329000,-5900,6876,132371,-7230,5987,129296,147,19227,602,1,41637,0.0009990000000001942
52330000,-10394,12015,132445,2800,7449,121812,109,19233,446,1,41638,0.0009999999999976694
52331000,-894,-3410,127050,-15959,-7591,127178,102,19233,418,0,41639,0.0009999999999976694
52332003,-1596,-13962,128224,-6039,-19352,141834,109,19224,418,0,41640,0.001003000000004306
52333002,3290,-4459,129441,8100,-6086,126940,111,19228,446,0,41641,0.0009990000000001942
52334001,-6722,18175,133562,-13618,16527,119431,111,19226,455,0,41642,0.0009990000000001942
52335000,-5815,5761,130334,-19383,2349,131896,125,19222,512,1,41643,0.0009990000000001942
52336000,-7591,-628,129994,-3240,-3560,132460,115,19235,471,1,41644,0.0009999999999976694
52337001,-7664,9539,128766,-9737,6500,126568,102,19229,418,1,41645,0.00100100000000225
52338000,-2320,14905,128376,-14657,13704,117435,132,19229,418,0,41646,0.0009990000000001942
52339000,-3907,-9180,125658,-6109,-12315,129929,101,19220,541,0,41647,0.0009999999999976694
52340000,1190,-11502,126182,-2053,-14462,127550,101,19231,414,0,41648,0.0009999999999976694
52341000,-5128,9252,127165,-11499,5280,119917,105,19227,430,1,41649,0.0010000000000047748
52342000,-6562,13698,129584,-8837,11401,126915,147,19228,602,1,41650,0.0009999999999976694
52343000,-6735,8499,126775,-7994,7227,123254,114,19228,467,1,41651,0.0009999999999976694
52344000,-365,9601,127855,-13305,-47,129139,105,19228,467,1,41652,0.0009999999999976694
52345001,1443,-1743,125773,8724,-8459,124783,100,19223,430,0,41653,0.00100100000000225
52346000,1761,4430,124774,-1784,-10538,121783,100,19230,410,0,41654,0.0009990000000001942
52347000,1861,641,123241,-10163,-1041,129265,109,19233,446,0,41655,0.0009999999999976694
52348000,307,15915,129174,4837,12892,119880,116,19224,475,1,41656,0.0010000000000047748
52349000,-1394,6498,125358,-4293,-896,130489,124,19229,508,1,41657,0.0009999999999976694
52350000,-472,14051,126871,-1153,6729,117762,100,19229,508,1,41658,0.0009999999999976694
52351000,8337,6930,123099,11597,-2201,128512,120,19232,410,0,41659,0.0010000000000047748
52352000,8285,-3577,122622,9903,-4584,125039,120,19228,491,0,41660,0.0009999999999976694
52353000,10180,-3803,125212,2980,-9870,127173,103,19230,422,0,41661,0.0009999999999976694
52354000,5179,-2608,125236,5216,-2861,126138,111,19229,455,0,41662,0.0010000000000047748
52355000,4422,15473,130765,5492,3829,120549,141,19232,577,1,41663,0.0009999999999976694
52356000,3024,5502,126790,-523,1964,129746,112,19232,577,1,41664,0.0009999999999976694
52357000,7940,6307,126797,2051,5592,122365,98,19231,459,1,41665,0.0010000000000047748
52358000,11527,4481,124650,8316,2023,123194,98,19227,401,0,41666,0.0009999999999976694
52359001,10417,3944,126885,12449,-8659,127220,139,19229,569,0,41667,0.00100100000000225
52360000,6224,-19751,125247,5653,-20839,134349,112,19228,459,0,41668,0.0009990000000001942
52361002,3907,3179,134044,-9543,4608,129285,109,19224,446,1,41669,0.0010019999999997253
52362000,-537,10976,131249,8571,5737,123281,108,19224,446,1,41670,0.0009979999999956135
52363000,352,15495,131581,7032,4911,121344,108,19229,442,1,41671,0.0010000000000047748
52364001,138,3674,129898,-16315,-5351,132656,108,19231,442,1,41672,0.0010009999999951447
52365000,12004,-19810,125047,12568,-20954,130639,119,19218,487,0,41673,0.0009990000000001942
52366000,11351,6370,133275,21079,5496,124225,92,19229,377,0,41674,0.0010000000000047748
52367000,2406,-5238,129065,-15071,-9677,129304,100,19230,410,0,41675,0.0009999999999976694
52368001,-729,8355,132937,-14279,5766,126093,129,19230,528,1,41676,0.00100100000000225
52369000,-3893,-1737,132241,5454,-4383,140380,114,19222,528,1,41677,0.0009990000000001942
52370000,-9574,2641,127985,-2527,2701,125221,97,19230,467,1,41678,0.0009999999999976694
52371000,485,3040,130724,-22891,-2513,123428,97,19228,397,0,41679,0.0009999999999976694
52372002,36,-8644,127777,3566,-11369,134562,153,19231,627,0,41680,0.0010019999999997253
52373001,3149,3860,130985,1291,6263,132007,105,19229,430,0,41681,0.0009990000000001942
52374002,-7515,3368,131128,-19475,-3224,124671,111,19229,455,0,41682,0.00100100000000225
52375002,-7803,3168,130573,-13232,310,129561,128,19225,455,1,41683,0.0009999999999976694
52376002,-9766,6921,131267,-9466,4019,134212,109,19226,524,1,41684,0.0010000000000047748
52377002,-5327,1995,128593,-10983,70,127312,109,19230,446,1,41685,0.0009999999999976694
52378000,-2374,6939,128747,-7156,3530,123932,112,19220,459,0,41686,0.000998000000002719
52379000,-4106,-1918,125892,-5107,-6216,131404,121,19232,496,0,41687,0.0009999999999976694
52380000,806,2068,126120,-3263,45,121555,102,19232,418,0,41688,0.0009999999999976694
52381000,-5292,3916,128233,-13211,1949,129144,127,19231,418,1,41689,0.0010000000000047748
52382000,-6445,8110,128242,-7794,4350,124335,118,19226,520,1,41690,0.0009999999999976694
52383000,-7587,1840,127228,-4651,-1793,124424,118,19228,483,1,41691,0.0009999999999976694
52384000,-2726,2150,126256,-11382,-1366,128187,103,19230,422,0,41692,0.0010000000000047748
52385000,1760,4408,127651,1839,1491,130216,144,19237,590,0,41693,0.0009999999999976694
52386000,631,-1848,122276,-1083,-5263,119175,105,19228,430,0,41694,0.0009999999999976694
52387000,2340,11351,128926,-11300,8384,129364,109,19228,430,0,41695,0.0010000000000047748
52388000,-1486,590,123795,-14,-3261,126082,151,19223,446,1,41696,0.0009999999999976694
52389000,-4567,8493,125905,5423,6004,126891,151,19227,618,1,41697,0.0009999999999976694
52390000,2664,6092,125389,-13492,3888,119612,109,19232,446,1,41698,0.0010000000000047748
52391000,9150,13595,125055,7324,16413,119911,100,19222,410,0,41699,0.0009999999999976694
52392001,11207,-7377,121272,5581,-16879,136582,94,19223,385,0,41700,0.00100100000000225
52393000,6270,-12107,122677,3429,-4089,120194,118,19223,385,0,41701,0.0009990000000001942
52394000,5234,5590,127478,1883,-1559,127774,131,19227,483,1,41702,0.0009999999999976694
52395000,1288,4156,127623,4695,11230,121453,131,19221,537,1,41703,0.0009999999999976694
52396000,3297,11429,129867,5930,2163,132450,115,19228,471,1,41704,0.0010000000000047748
52397000,8428,-1248,126067,-307,-8166,124249,98,19230,401,1,41705,0.0009999999999976694
52398001,8611,6304,123493,7153,8417,115650,128,19226,524,0,41706,0.00100100000000225
52399000,11476,-5973,128689,12945,-9504,135622,98,19226,524,0,41707,0.0009990000000001942
52400000,7381,-6784,125708,2993,-5672,126215,103,19232,401,0,41708,0.0009999999999976694
52401000,4067,-628,128187,-4858,525,134542,103,19227,422,1,41709,0.0009999999999976694
52402000,1152,17178,133250,6986,15479,117802,136,19227,557,1,41710,0.0010000000000047748
52403000,1642,8008,128378,1111,-1385,126173,113,19229,463,1,41711,0.0009999999999976694
52404000,6262,-6174,130026,-3230,-12053,135251,101,19226,414,0,41712,0.0009999999999976694
52405000,8099,-11006,128458,3235,-13928,130646,126,19226,414,0,41713,0.0010000000000047748
52406000,8669,-4789,129615,20876,-6244,126231,105,19232,516,0,41714,0.0009999999999976694
52407000,-2648,5949,130935,-18185,-389,125774,105,19231,430,0,41715,0.0009999999999976694
52408000,-1456,-3211,130929,-8786,2942,135165,114,19223,467,1,41716,0.0009999999999976694
52409000,-4951,15521,133090,2712,6760,124933,112,19228,459,1,41717,0.0010000000000047748
52410000,-2422,32,128541,-13333,-3701,129443,100,19225,410,1,41718,0.0009999999999976694
52411000,-3696,-7450,129680,-4687,-15937,133359,121,19225,496,0,41719,0.0009999999999976694
52412000,1822,-11165,128123,-2603,-9594,130360,98,19227,496,0,41720,0.0010000000000047748
52413000,-1612,5280,131690,405,3603,129253,109,19228,401,0,41721,0.0009999999999976694
52414000,-5349,7155,132608,-16280,4462,126070,109,19224,446,1,41722,0.0009999999999976694
52415000,-9790,10211,129730,-13149,3058,131872,149,19230,610,1,41723,0.0010000000000047748
52416000,-7491,2898,128767,-8379,-258,129372,117,19234,479,1,41724,0.0009999999999976694
52417000,-4926,7407,129642,-6782,5983,122868,99,19234,405,1,41725,0.0009999999999976694
52418002,-2268,1410,128231,-8312,-6137,130365,161,19226,405,0,41726,0.0010019999999997253
52419000,-1852,-2348,125059,-6204,-3124,125761,109,19230,659,0,41727,0.000998000000002719
52420000,-2079,9687,128095,1582,11177,127588,109,19230,446,0,41728,0.0009999999999976694
52421000,-3892,2722,125745,-13457,-570,120408,114,19223,467,1,41729,0.0010000000000047748
52422000,-8926,8775,131071,-11652,-566,129462,120,19228,491,1,41730,0.0009999999999976694
52423012,-2365,786,126454,-6246,-918,129708,110,19231,451,1,41731,0.0010120000000028995
52424000,-1325,8465,129313,586,6798,118896,117,19231,451,0,41732,0.0009879999999995448
52425000,-921,-1693,123481,-6435,-6071,127709,93,19227,479,0,41733,0.0009999999999976694
52426000,-1864,-6969,121547,-5061,-11528,127221,93,19232,381,0,41734,0.0009999999999976694
52427000,790,3644,127233,-1626,1548,124571,105,19229,430,0,41735,0.0010000000000047748
52428000,-1230,17139,126959,1069,14799,118379,136,19223,557,1,41736,0.0009999999999976694
52429000,-3560,13716,127079,-7806,10029,126459,114,19233,467,1,41737,0.0009999999999976694
52430000,4836,3921,124855,-1857,265,125042,96,19233,467,1,41738,0.0010000000000047748
52431004,8519,581,123225,11370,-3718,125643,108,19229,393,0,41739,0.0010039999999946758
52432000,10575,6699,123430,8909,3060,120866,108,19233,442,0,41740,0.000996000000000663
52433000,5386,-2201,124534,6058,-6665,124617,109,19225,446,0,41741,0.0010000000000047748
52434000,7847,-7804,126633,1162,-11269,125899,114,19223,467,1,41742,0.0009999999999976694
52435000,1600,11198,128191,4074,8377,119851,127,19233,520,1,41743,0.0009999999999976694
52436000,2564,10568,128096,4980,7593,127981,105,19233,520,1,41744,0.0010000000000047748
52437000,6049,-1238,125366,87,-1876,125688,109,19233,430,1,41745,0.0009999999999976694
52438001,8871,-4402,126297,5231,-7582,131566,109,19220,446,0,41746,0.00100100000000225
52439000,11257,-2666,128410,10077,-5403,126120,92,19232,377,0,41747,0.0009990000000001942
52440000,1611,-2746,128085,11581,-5813,130602,107,19223,438,0,41748,0.0009999999999976694
52441000,4870,-1278,129871,-9957,334,133645,126,19223,516,1,41749,0.0009999999999976694
52442000,410,13784,129933,-1480,11322,120413,114,19223,516,1,41750,0.0010000000000047748
52443011,2461,5300,128815,1954,-2865,133871,99,19232,467,1,41751,0.0010109999999983188
52444004,7138,3551,127357,-6739,-4124,123577,99,19228,405,0,41752,0.0009930000000011319
52445000,6981,-12066,127013,21390,-8853,136256,147,19230,602,0,41753,0.000996000000000663
52446000,7701,-11451,126815,2364,-14009,135621,107,19230,438,0,41754,0.0009999999999976694
52447000,384,5881,131224,-14802,8433,117172,108,19225,442,0,41755,0.0009999999999976694
52448000,-1074,10179,133908,-1239,-2227,135276,142,19225,442,1,41756,0.0010000000000047748
52449000,-7445,2266,132024,-4250,-1955,127044,106,19227,582,1,41757,0.0009999999999976694
52450000,-3642,-3943,130620,-16083,-14336,134867,106,19233,434,1,41758,0.0009999999999976694
52451000,446,-1696,128752,747,-1649,126661,105,19223,430,0,41759,0.0010000000000047748
52452000,315,6238,128982,-1445,2255,122372,110,19229,451,0,41760,0.0009999999999976694
52453000,-4296,2804,132127,-11298,-2993,132269,111,19231,455,0,41761,0.0009999999999976694
52454000,-4663,-5389,129804,-9914,-11559,131637,129,19231,528,1,41762,0.0010000000000047748
52455003,-10366,-1063,132362,-9972,6100,132397,115,19221,528,1,41763,0.0010029999999972006
52456002,-11346,18264,131428,-11174,8637,118350,115,19229,471,1,41764,0.0009990000000001942
52457003,-1848,7413,128959,-4487,-3203,128899,100,19229,410,1,41765,0.00100100000000225
52458001,-4957,-9507,126551,-8653,-11464,135901,138,19225,565,0,41766,0.0009979999999956135
52459002,-1414,-297,125689,-4607,-2595,118795,99,19230,405,0,41767,0.00100100000000225
52460002,-362,12235,128307,-9073,7716,127244,101,19230,414,0,41768,0.0009999999999976694
52461000,-2412,3806,126750,-12066,2255,124548,136,19225,414,1,41769,0.000998000000002719
52462000,-5132,11113,128422,-3351,5548,126082,113,19229,557,1,41770,0.0009999999999976694
52463000,-7185,7613,123870,-12314,6002,128223,113,19234,463,1,41771,0.0010000000000047748
52464000,-15,4759,124762,-4965,3615,119524,106,19224,434,0,41772,0.0009999999999976694
52465000,1889,-1440,125979,1983,-5475,130790,95,19229,389,0,41773,0.0009999999999976694
52466000,3963,279,123633,-3094,-728,122089,105,19229,430,0,41774,0.0010000000000047748
52467000,-336,11091,128419,-7379,11425,128695,115,19228,430,0,41775,0.0009999999999976694
52468000,-2145,-1099,125041,3402,-5825,123737,109,19224,471,1,41776,0.0009999999999976694
52469000,-2614,9920,126727,-4007,3625,121515,109,19229,446,1,41777,0.0009999999999976694
52470000,2459,6090,125627,-9167,4501,127808,97,19230,397,1,41778,0.0010000000000047748
52471000,9116,10813,124481,11424,5979,114349,125,19231,512,0,41779,0.0009999999999976694
52472000,9082,1780,123946,7190,-4440,131393,105,19231,430,0,41780,0.0009999999999976694
52473000,6284,-2310,125654,-1127,-4167,124901,109,19227,430,0,41781,0.0010000000000047748
52474000,4514,-2479,129037,6828,-5381,129325,141,19227,446,1,41782,0.0009999999999976694
52475000,3852,11386,128591,4690,10842,122640,141,19230,577,1,41783,0.0009999999999976694
52476000,5152,12857,127579,-1970,8543,124662,114,19233,467,1,41784,0.0010000000000047748
52477000,7515,-798,123486,7053,-3527,126572,101,19227,414,0,41785,0.0009999999999976694
52478000,11598,3517,125943,9673,-576,123022,116,19234,475,0,41786,0.0009999999999976694
52479000,8977,-11910,128008,3404,-15114,141024,102,19234,475,0,41787,0.0010000000000047748
52480000,9382,-678,129154,6214,-4029,118982,111,19229,418,0,41788,0.0009999999999976694
52481000,406,8910,131524,84,5155,129257,111,19226,455,1,41789,0.0009999999999976694
52482000,1361,9756,127398,-4561,4882,123606,105,19229,430,1,41790,0.0010000000000047748
52483000,3278,2794,130262,5372,106,133059,104,19234,426,1,41791,0.0009999999999976694
52484001,6227,-506,128803,2513,-8450,122884,125,19220,512,0,41792,0.00100100000000225
52485001,12169,-6686,128455,-2786,-11524,130334,98,19220,512,0,41793,0.0009999999999976694
52486000,1495,-3236,132509,24726,-5560,134617,102,19228,401,0,41794,0.0009990000000001942
52487000,940,-4350,128529,-17213,122,127304,102,19230,418,1,41795,0.0009999999999976694
52488000,-2972,12960,134308,-18926,12464,124448,138,19227,565,1,41796,0.0010000000000047748
52489000,-8376,7192,132275,14970,-890,127879,112,19232,459,1,41797,0.0009999999999976694
52490000,-2618,-3162,128602,-22370,-10861,130856,98,19226,401,1,41798,0.0009999999999976694
52491000,-2229,-8817,131694,-7606,-14830,131421,133,19226,401,0,41799,0.0010000000000047748
52492000,5632,1325,128152,12404,9357,120861,110,19231,545,0,41800,0.0009999999999976694
52493000,-3931,5649,128984,-20259,6073,128061,110,19231,451,0,41801,0.0009999999999976694
52494001,-5132,2424,131945,-20475,-214,129608,117,19222,479,1,41802,0.00100100000000225
52495000,-7691,1746,129424,-1040,-3847,135792,125,19229,512,1,41803,0.0009990000000001942
52496000,-7148,9249,128909,-9387,16138,119036,105,19231,430,1,41804,0.0009999999999976694
52497001,-2939,14222,130816,-13614,3399,124276,116,19231,430,0,41805,0.00100100000000225
52498026,-2758,-11196,124847,-5471,-14155,135623,99,19216,475,0,41806,0.0010249999999984993
52499000,-1983,-4889,127134,-1966,1121,128477,99,19232,405,0,41807,0.0009739999999993643
52500000,-3245,4212,127538,-13943,2915,123367,106,19225,434,0,41808,0.0010000000000047748
52501000,-7029,12877,128563,-5647,9340,120776,132,19225,541,1,41809,0.0009999999999976694
52502000,-6833,4238,126923,-9959,-1709,138701,117,19236,479,1,41810,0.0009999999999976694
52503000,-645,3116,127415,-6013,540,118856,103,19236,422,1,41811,0.0010000000000047748
52504001,-1138,11884,123763,1329,6424,117077,142,19224,422,0,41812,0.0010009999999951447
52505002,-1261,-638,125215,-8718,-5045,126908,116,19229,582,0,41813,0.00100100000000225
52506002,2536,898,124715,-2494,-672,123758,116,19227,475,0,41814,0.0009999999999976694
52507000,2441,346,126767,3400,-416,135216,117,19222,479,1,41815,0.000998000000002719
52508000,-5631,9007,124307,-8212,16659,115449,141,19226,577,1,41816,0.0009999999999976694
52509000,2281,12867,126324,-6589,5814,124543,108,19226,442,1,41817,0.0010000000000047748
52510000,6624,4650,123970,13342,4,127307,107,19232,442,0,41818,0.0009999999999976694
52511000,6373,-4022,122498,5204,-8751,124955,91,19224,438,0,41819,0.0009999999999976694
52512000,6970,-2352,126127,-745,-4956,123650,91,19230,373,0,41820,0.0010000000000047748
52513000,5577,190,125740,9142,-5312,126480,112,19227,459,0,41821,0.0009999999999976694
52514000,6573,4892,128062,13574,6439,133381,127,19224,520,1,41822,0.0009999999999976694
52515000,1232,9613,128912,-9170,2745,116694,112,19224,459,1,41823,0.0010000000000047748
52516000,7770,11981,127257,2969,5796,128874,99,19227,459,1,41824,0.0009999999999976694
52517018,10103,4488,125400,13772,4101,125618,140,19228,405,0,41825,0.0010180000000019618
52518002,9339,-5034,126470,3356,-9430,126431,140,19232,573,0,41826,0.000983999999995433
52519000,8613,-12407,125445,12125,-16915,135047,104,19229,426,0,41827,0.000998000000002719
52520000,4483,6302,129773,-6340,2755,122857,104,19228,426,1,41828,0.0009999999999976694
52521006,5609,9696,133174,4307,7336,130315,132,19227,541,1,41829,0.0010060000000038372
52522002,-3592,8524,129596,6461,5752,124786,110,19227,541,1,41830,0.000996000000000663
52523000,5387,4117,128306,-12100,-928,128571,105,19230,451,1,41831,0.0009979999999956135
52524000,9421,-8786,126755,10649,-11825,128942,105,19223,430,0,41832,0.0010000000000047748
52525000,11427,-3880,130865,17261,-6033,129293,116,19232,475,0,41833,0.0009999999999976694
52526000,7979,2949,128629,4177,-152,129037,106,19227,434,0,41834,0.0009999999999976694
52527000,-1218,2961,132696,-17974,-131,127595,119,19218,487,1,41835,0.0010000000000047748
52528000,-3055,1003,133817,3087,-2458,133165,109,19218,487,1,41836,0.0009999999999976694
52529000,-10125,923,129753,466,-2961,126996,99,19231,446,1,41837,0.0009999999999976694
52530002,-148,-881,129964,-19422,-3641,132146,99,19232,405,0,41838,0.0010019999999997253
52531000,233,-2506,128363,-2143,-6488,124188,129,19226,528,0,41839,0.000998000000002719
52532000,3820,4756,130175,3600,1091,124868,103,19230,422,0,41840,0.0009999999999976694
52533000,-6066,2184,132434,-10108,-4363,132875,111,19225,455,0,41841,0.0009999999999976694
52534000,-9425,-5125,130205,-15618,-923,134719,151,19225,455,1,41842,0.0010000000000047748
52535000,-8382,8653,131700,-9454,5017,126928,114,19226,618,1,41843,0.0009999999999976694
52536002,-7911,9623,128974,-11085,4370,125378,114,19229,467,1,41844,0.0010019999999997253
52537002,-1315,-3958,129563,-1215,-2851,130745,104,19222,426,0,41845,0.0010000000000047748
52538000,-5233,-2323,125205,-3284,-9200,127251,148,19231,606,0,41846,0.0009979999999956135
52539000,-1947,-995,125734,-10159,-462,131004,105,19231,430,0,41847,0.0009999999999976694
52540000,-5112,3901,126554,-7396,8387,123854,117,19231,430,1,41848,0.0010000000000047748
52541000,-8003,12902,129412,-10842,7457,124457,112,19228,479,1,41849,0.0009999999999976694
52542000,-7494,5457,126688,-8840,-726,128536,112,19228,459,1,41850,0.0009999999999976694
52543000,-5129,-872,126738,-4186,-3722,129206,106,19229,434,1,41851,0.0010000000000047748
52544000,2667,2271,125115,-1111,-2980,120823,119,19227,487,0,41852,0.0009999999999976694
52545002,3794,9795,124043,-3068,8623,120065,96,19230,393,0,41853,0.0010019999999997253
52546000,2947,2332,125411,-4447,-1464,129899,109,19230,446,0,41854,0.000998000000002719
52547000,-1759,3209,125676,257,886,123489,146,19227,446,1,41855,0.0009999999999976694
52548000,-4783,6115,125671,-8628,1986,129021,114,19223,598,1,41856,0.0009999999999976694
52549002,1418,2294,128972,-1442,5607,122034,114,19231,467,1,41857,0.0010019999999997253
52550001,4662,16985,124663,11120,5362,119174,95,19224,389,0,41858,0.0009990000000001942
52551002,9011,-4462,122748,-2492,-12464,132438,105,19234,430,0,41859,0.00100100000000225
52552002,8367,-3196,124844,11425,-877,121926,114,19234,467,0,41860,0.0009999999999976694
52553000,4807,-4687,128068,9477,-11696,128171,120,19232,467,0,41861,0.000998000000002719
52554000,4174,4474,127296,-4496,5385,124109,120,19223,491,1,41862,0.0009999999999976694
52555000,2382,7975,130745,1173,823,130664,120,19227,491,1,41863,0.0010000000000047748
52556000,8457,-1940,123644,9479,-2362,124754,104,19231,426,1,41864,0.0009999999999976694
52557001,9420,9515,126335,4388,5484,120520,112,19220,459,0,41865,0.00100100000000225
52558000,8942,-6539,126229,7972,-14062,134123,98,19220,401,0,41866,0.0009990000000001942
52559000,9280,-5785,126016,11882,-6644,124902,106,19230,401,0,41867,0.0009999999999976694
52560000,4608,696,128800,-3451,-3077,133315,132,19229,434,1,41868,0.0009999999999976694
52561000,1611,7450,129545,-993,12698,123960,132,19227,541,1,41869,0.0010000000000047748
52562000,2489,11032,130333,7133,4715,120386,114,19225,467,1,41870,0.0009999999999976694
52563000,3041,-4433,129147,-543,-11741,139339,99,19229,405,1,41871,0.0009999999999976694
52564001,7283,-7011,126378,-3631,-9375,126120,156,19228,639,0,41872,0.00100100000000225
52565000,10346,-10670,132026,16944,-12451,131305,118,19228,639,0,41873,0.0009990000000001942
52566000,-435,1219,128704,6930,-1670,128463,112,19228,483,0,41874,0.0009999999999976694
52567000,1323,2328,131385,-29597,-414,129750,112,19225,459,1,41875,0.0010000000000047748
52568000,-6423,15571,134328,2491,13686,126830,141,19229,577,1,41876,0.0009999999999976694
52569000,-3144,6677,129305,8026,3372,124278,106,19228,434,1,41877,0.0009999999999976694
52570000,-4211,-14282,127889,-20751,-18191,135498,107,19221,438,0,41878,0.0010000000000047748
52571000,-1322,-11475,129229,-7697,-14778,130294,86,19221,438,0,41879,0.0009999999999976694
52572000,1242,7583,131013,6043,4973,129010,104,19230,352,0,41880,0.0009999999999976694
52573000,-9021,10443,131950,-21153,7866,125707,104,19229,426,0,41881,0.0010000000000047748
52574001,-5241,5808,131739,-13746,3284,122457,126,19224,516,1,41882,0.0010009999999951447
52575003,-9096,-5431,127152,-5056,-8964,131642,115,19229,471,1,41883,0.0010019999999997253
52576000,-4371,14668,130785,-11625,11848,119843,100,19229,410,1,41884,0.0009970000000052437
52577000,-4070,4105,128003,-9260,2151,127999,142,19229,410,0,41885,0.0009999999999976694
52578000,-4681,-1144,126376,-7359,-2833,127496,98,19223,582,0,41886,0.0009999999999976694
52579000,-889,-3288,128612,-2843,-6449,132903,98,19235,401,0,41887,0.0010000000000047748
52580000,-5798,5768,127411,-9508,12217,119145,101,19223,414,1,41888,0.0009999999999976694
52581000,-6794,17245,127145,-9181,13436,121504,132,19228,541,1,41889,0.0009999999999976694
52582000,-7351,6429,128854,-12163,-234,129208,114,19228,467,1,41890,0.0010000000000047748
52583000,4510,-1213,124195,-2942,-3439,125512,106,19228,467,0,41891,0.0009999999999976694
52584000,-2929,-8392,125634,-1589,-9867,132790,83,19222,434,0,41892,0.0009999999999976694
52585000,1283,2891,126200,-6864,-1838,116192,83,19231,340,0,41893,0.0010000000000047748
52586000,2465,13801,124401,4309,12553,125496,104,19226,426,0,41894,0.0009999999999976694
52587000,-4283,4631,125936,-7094,7088,129539,122,19220,500,1,41895,0.0009999999999976694
52588000,864,10604,124502,-3257,7130,114978,113,19235,463,1,41896,0.0010000000000047748
52589000,562,15099,125000,4039,3496,128217,97,19235,397,1,41897,0.0009999999999976694
52590000,11325,1582,124492,6664,-1411,123407,127,19232,397,0,41898,0.0009999999999976694
52591000,9415,1234,125810,6517,-3198,124475,108,19231,520,0,41899,0.0010000000000047748
52592000,9766,-7578,124865,2991,-10565,132423,108,19227,442,0,41900,0.0009999999999976694
52593000,2971,-4249,125484,8921,-1338,124022,113,19228,463,1,41901,0.0009999999999976694
52594000,458,8726,127797,-6806,11763,123146,139,19229,569,1,41902,0.0009999999999976694
52595000,5523,13127,127170,2133,8463,121110,111,19229,455,1,41903,0.0010000000000047748
52596003,6411,2328,125576,14199,-3831,135961,101,19234,455,1,41904,0.0010029999999972006
52597000,12786,-6305,125925,-353,-10521,118040,113,19224,414,0,41905,0.0009969999999981383
52598000,9746,7081,128889,13640,-7268,121683,113,19236,463,0,41906,0.0010000000000047748
52599000,3117,-8567,130062,6029,-12615,141346,106,19226,434,0,41907,0.0009999999999976694
52600000,4801,-762,130918,-10688,-2878,123430,116,19219,475,1,41908,0.0009999999999976694
52601000,-3105,11414,130884,6636,10264,127617,109,19219,446,1,41909,0.0010000000000047748
52602000,2286,15106,129677,-602,10440,119990,105,19225,446,1,41910,0.0009999999999976694
52603000,6631,-4307,126494,1885,-13050,133275,127,19230,430,0,41911,0.0009999999999976694
52604000,9541,-8651,127956,10463,-9474,128511,127,19224,520,0,41912,0.0010000000000047748
52605000,9684,-3177,126482,3191,-8791,126720,100,19227,410,0,41913,0.0009999999999976694
52606000,684,-365,132808,-4826,-1962,126382,107,19227,438,0,41914,0.0009999999999976694
52607000,2114,8778,132450,-9342,2238,134241,144,19227,590,1,41915,0.0010000000000047748
52608000,-10055,-3965,129887,-388,-3166,141254,110,19227,590,1,41916,0.0009999999999976694
52609000,-1874,9169,130830,-15270,7370,113049,99,19235,451,1,41917,0.0009999999999976694
52610000,2773,4548,129711,-4383,-6369,133449,99,19224,405,0,41918,0.0010000000000047748
52611000,294,-5375,127366,8138,-6975,129549,124,19231,508,0,41919,0.0009999999999976694
52612002,-2223,-2458,131529,-12677,-4763,128860,111,19226,455,0,41920,0.0010019999999997253
52613000,-8022,1822,130735,-12330,-161,132773,118,19219,483,1,41921,0.000998000000002719
52614000,-8399,12737,132281,-8198,8896,122414,114,19219,483,1,41922,0.0009999999999976694
52615000,-10752,1825,130619,-12515,-297,136570,107,19229,467,1,41923,0.0009999999999976694
52616001,-3178,9547,129521,-11188,6667,122963,107,19229,438,1,41924,0.00100100000000225
52617000,-1870,-1744,126065,-3745,-5439,132756,122,19214,500,0,41925,0.0009990000000001942
52618000,-558,928,128089,-1020,-2551,124998,90,19230,369,0,41926,0.0009999999999976694
52619000,-414,-2526,126172,-10002,-6591,128179,106,19229,434,0,41927,0.0010000000000047748
52620000,-3349,5091,129006,-3575,2372,130849,133,19229,434,1,41928,0.0009999999999976694
52621000,-5786,17364,128378,-11773,13193,117670,115,19225,545,1,41929,0.0009999999999976694
52622000,-8119,1332,126293,-4904,-3056,125749,115,19233,471,1,41930,0.0010000000000047748
52623000,-1891,12940,126129,-6231,10589,119644,103,19227,422,0,41931,0.0009999999999976694
52624000,283,-3934,123726,-7592,-7092,129428,129,19231,528,0,41932,0.0009999999999976694
52625000,4157,2869,124996,6622,-1745,123507,109,19226,446,0,41933,0.0010000000000047748
52626000,2012,-5846,124524,-3477,-9182,131411,112,19226,446,0,41934,0.0009999999999976694
52627000,-1458,13177,128695,-5218,14934,118621,137,19222,459,1,41935,0.0009999999999976694
52628000,-2825,13440,126771,-3749,3577,128022,137,19230,561,1,41936,0.0010000000000047748
52629000,5428,7642,124055,1915,5764,121071,105,19230,430,1,41937,0.0009999999999976694
52630000,8158,8379,123950,4711,-1679,122397,108,19226,442,0,41938,0.0009999999999976694
52631000,8912,-10212,123925,12300,-6849,130240,93,19230,381,0,41939,0.0010000000000047748
52632000,9887,5531,125895,5439,-11179,121494,113,19230,381,0,41940,0.0009999999999976694
52633000,3591,-8276,125223,-8751,2091,134112,131,19225,463,1,41941,0.0009999999999976694
52634000,2798,4959,128668,7147,19845,121868,131,19222,537,1,41942,0.0010000000000047748
52635000,2275,11856,127770,9418,4428,124814,115,19231,471,1,41943,0.0009999999999976694
52636002,8402,589,123724,2558,-1069,127649,99,19227,405,1,41944,0.0010019999999997253
52637000,8248,-1948,126307,761,-4546,124731,146,19232,598,0,41945,0.000998000000002719
52638000,14390,-8313,127547,17916,-10798,134034,111,19232,455,0,41946,0.0009999999999976694
52639000,4932,-10135,126668,5892,-2942,126033,108,19228,455,0,41947,0.0009999999999976694
52640000,869,6130,131877,-9707,2816,130747,125,19224,442,1,41948,0.0010000000000047748
52641000,-95,11664,128492,7224,7794,125998,125,19230,512,1,41949,0.0009999999999976694
52642000,-983,5904,128756,-852,2349,128379,109,19229,446,1,41950,0.0009999999999976694
52643000,7162,-6618,129750,-1540,-2072,129267,108,19221,442,0,41951,0.0010000000000047748
52644000,8948,-4828,128203,10699,-15900,128900,119,19221,487,0,41952,0.0009999999999976694
52645000,8165,-8346,129529,13248,-12740,137887,105,19234,487,0,41953,0.0009999999999976694
52646000,-2107,-2975,129935,-16605,-1972,126313,119,19229,430,0,41954,0.0010000000000047748
52647000,-451,13019,133918,-15724,12367,125547,119,19222,487,1,41955,0.0009999999999976694
52648000,-5794,8509,131969,8102,3441,131878,110,19234,451,1,41956,0.0009999999999976694
52649000,-5040,-3098,128647,-9082,-7638,127126,98,19235,401,1,41957,0.0010000000000047748
52650000,-1000,-7500,130210,-21840,-14928,132075,132,19235,541,0,41958,0.0009999999999976694
52651000,1719,-7076,128723,7749,-7452,130318,104,19227,541,0,41959,0.0009999999999976694
52652001,-712,7716,131342,2567,3134,122580,109,19228,426,0,41960,0.00100100000000225
52653000,-8022,4408,131796,-25533,-413,134505,109,19224,446,1,41961,0.0009990000000001942
52654001,-13224,1288,130131,-11898,470,127125,141,19228,577,1,41962,0.00100100000000225
52655002,-8479,10055,129430,-2135,11765,127980,111,19233,455,1,41963,0.0010009999999951447
52656000,-2404,5347,128689,-10947,1006,122919,100,19224,410,1,41964,0.000998000000002719
52657000,-3652,-6186,127606,-6613,-12300,134378,139,19224,410,0,41965,0.0009999999999976694
52658000,75,-5846,125394,-6807,-8032,129330,106,19233,569,0,41966,0.0009999999999976694
52659001,-3548,10996,129241,-7102,8961,118417,106,19226,434,0,41967,0.00100100000000225
52660000,-6566,4511,126613,-7828,638,128796,117,19219,479,1,41968,0.0009990000000001942
52661000,-7393,11226,126952,-9296,3880,122046,109,19230,446,1,41969,0.0009999999999976694
52662000,-3471,3749,127604,-8886,837,133138,104,19233,426,1,41970,0.0010000000000047748
52663000,1389,11869,128032,1312,10007,115353,126,19233,426,0,41971,0.0009999999999976694
52664000,-991,241,125674,-2995,-2980,125189,101,19232,516,0,41972,0.0009999999999976694
52665000,1373,-8717,123421,-4825,-12008,132795,101,19230,414,0,41973,0.0010000000000047748
52666000,-3285,5022,125998,-2748,2695,122878,109,19225,446,0,41974,0.0009999999999976694
52667000,-2100,22258,126183,-9132,19794,120235,146,19228,598,1,41975,0.0009999999999976694
52668000,-2568,12324,125556,1955,9610,119055,109,19231,446,1,41976,0.0010000000000047748
52669000,8052,-8435,122808,-1139,-11662,129347,95,19231,446,1,41977,0.0009999999999976694
52670000,10537,6511,124663,4727,2874,116521,112,19228,389,0,41978,0.0009999999999976694
52671001,10697,1817,123767,15375,-1118,128261,112,19227,459,0,41979,0.00100100000000225
52672000,6879,-4374,123951,2994,-7934,128633,119,19227,487,0,41980,0.0009990000000001942
52673000,1239,-1819,126732,-79,-5996,130433,122,19224,500,1,41981,0.0009999999999976694
52674000,3191,7638,128061,-283,12793,120349,110,19227,451,1,41982,0.0010000000000047748
52675001,4965,18929,129580,6725,7643,122922,104,19227,451,1,41983,0.0010009999999951447
52676000,8748,2699,124342,4585,-2798,126921,115,19231,426,0,41984,0.0009990000000001942
52677005,11757,-2451,125987,9341,-9204,126907,115,19222,471,0,41985,0.0010049999999992565
52678000,8133,-19898,125888,20013,-11828,138307,94,19231,385,0,41986,0.0009950000000031878
52679001,3188,-39,129548,-7673,-1667,121848,105,19232,430,0,41987,0.00100100000000225
52680000,1116,6360,130203,-521,8869,132917,131,19226,537,1,41988,0.0009990000000001942
52681000,170,11914,130670,5390,7535,128961,114,19226,467,1,41989,0.0009999999999976694
52682000,971,3233,128059,-3375,-1504,123715,101,19230,467,1,41990,0.0009999999999976694
52683000,8649,-7311,126905,5482,-13699,133035,150,19226,414,0,41991,0.0010000000000047748
52684000,11110,-9542,128771,20025,-12246,130581,150,19230,614,0,41992,0.0009999999999976694
52685000,4514,-4117,128504,-4831,-2596,128093,101,19235,414,0,41993,0.0009999999999976694
52686000,3906,13294,133846,-22054,14095,123186,108,19224,442,1,41994,0.0010000000000047748
52687000,-6418,3094,132009,13596,-843,135267,136,19224,557,1,41995,0.0009999999999976694
52688002,-10275,-3956,128868,-7916,-6061,127814,103,19231,557,1,41996,0.0010019999999997253
52689008,-2524,-5325,129033,-24505,-11398,132636,108,19234,422,1,41997,0.0010059999999967317
52690000,1406,-2056,129351,6397,-1017,128811,108,19224,442,0,41998,0.0009920000000036566
52691000,7242,9608,131100,5914,-325,118783,87,19231,356,0,41999,0.0009999999999976694
52692000,-6196,2304,130663,-12057,-1935,130345,105,19227,430,0,42000,0.0010000000000047748
52693000,-7507,-782,131834,-20786,-3754,134983,133,19227,545,1,42001,0.0009999999999976694
52694000,-11445,5025,131692,-3268,8920,128666,118,19224,545,1,42002,0.0009999999999976694
52695000,-5762,11474,128893,-12403,11725,125049,98,19228,483,1,42003,0.0010000000000047748
52696000,-2926,6143,128526,-11007,2618,123648,98,19230,401,0,42004,0.0009999999999976694
52697000,-4253,-3591,123848,-4630,-6788,132249,145,19228,594,0,42005,0.0009999999999976694
52698003,4781,-6199,125095,-8758,-6090,128197,108,19232,442,0,42006,0.001003000000004306
52699001,-5786,11560,130032,-4670,11193,121147,110,19225,451,0,42007,0.0009979999999956135
52700000,-1267,13327,128349,-12477,7787,122805,132,19225,451,1,42008,0.0009990000000001942
52701000,-8658,4258,127421,-9623,-2073,131727,113,19229,541,1,42009,0.0010000000000047748
52702000,-3920,-3930,125922,-4690,-5451,138104,113,19232,463,1,42010,0.0009999999999976694
52703000,1253,7834,124248,-6673,6672,109367,107,19223,438,0,42011,0.0009999999999976694
52704000,2878,10295,127089,1385,3563,122655,83,19229,340,0,42012,0.0010000000000047748
52705000,4690,-3291,124729,393,-6959,130416,105,19227,430,0,42013,0.0009999999999976694
52706000,-3153,4713,125339,-4213,3096,124965,127,19227,430,1,42014,0.0009999999999976694
52707000,-3035,11120,125803,-5923,9405,125782,113,19222,520,1,42015,0.0010000000000047748
52708000,-978,17334,127467,-317,14044,116020,113,19231,463,1,42016,0.0009999999999976694
52709000,7996,-2470,123715,2609,-6369,131430,96,19232,393,0,42017,0.0009999999999976694
52710000,10329,1177,124867,3944,-2007,121841,127,19232,520,0,42018,0.0010000000000047748
52711000,6692,-5184,124184,10783,-9279,128636,108,19228,442,0,42019,0.0009999999999976694
52712000,5638,2982,126291,5289,-273,123197,114,19228,442,0,42020,0.0009999999999976694
52713000,2542,-209,127073,-4937,-3189,126329,134,19225,467,1,42021,0.0010000000000047748
52714000,4478,13075,131640,6712,10646,134842,134,19228,549,1,42022,0.0009999999999976694
52715000,6729,14118,124920,5802,11081,117339,110,19230,451,1,42023,0.0009999999999976694
52716000,9320,1058,128205,4662,-1081,129452,102,19222,418,0,42024,0.0010000000000047748
52717001,12024,-4499,126583,5221,-7693,129539,108,19232,442,0,42025,0.0010009999999951447
52718000,9020,-13766,125567,13968,-17457,132739,104,19232,442,0,42026,0.0009990000000001942
52719000,2350,7211,131689,-210,3651,119642,117,19227,426,1,42027,0.0009999999999976694
52720000,1523,5870,130058,-7904,2570,131895,117,19220,479,1,42028,0.0010000000000047748
52721000,1025,8037,129804,9061,12183,124211,111,19232,455,1,42029,0.0009999999999976694
52722003,3800,853,128519,412,-10846,132840,102,19233,418,1,42030,0.001003000000004306
52723000,9990,-6977,126423,-5455,-6767,122103,133,19232,545,0,42031,0.0009969999999981383
52724000,7765,3872,132703,16717,-11507,126691,101,19232,545,0,42032,0.0009999999999976694
52725000,2900,-17718,127939,-7749,-10906,142274,103,19230,414,0,42033,0.0009999999999976694
52726000,-301,8357,135596,-18288,5290,118414,103,19226,422,1,42034,0.0010000000000047748
52727000,-6419,5260,131586,-506,5802,131842,148,19227,606,1,42035,0.0009999999999976694
52728000,-6056,7162,131868,-1112,1797,125284,111,19231,455,1,42036,0.0009999999999976694
52729000,-1089,-5274,127786,-15838,-15053,131692,99,19229,405,0,42037,0.0010000000000047748
52730000,709,-7253,128160,-648,-4932,132354,126,19229,516,0,42038,0.0009999999999976694
52731000,544,2259,129895,1224,2870,122009,117,19228,516,0,42039,0.0009999999999976694
52732000,-3582,6699,132766,-17255,3654,131010,120,19228,479,0,42040,0.0010000000000047748
52733000,-5966,882,129108,-11476,-3126,132062,120,19221,491,1,42041,0.0009999999999976694
52734000,-8867,2521,129314,-11423,4547,131011,111,19228,455,1,42042,0.0009999999999976694
52735000,-4295,13496,129552,-10971,11871,120305,104,19230,426,1,42043,0.0010000000000047748
52736000,-3493,7547,128753,-4400,-2126,127516,124,19230,508,0,42044,0.0009999999999976694
52737000,-4254,-12269,125892,-2686,-10691,136282,93,19221,508,0,42045,0.0009999999999976694
52738000,-2244,-3267,126654,-10179,-6877,121068,104,19233,381,0,42046,0.0010000000000047748
52739000,-2556,13288,128994,-16285,15511,125394,104,19228,426,1,42047,0.0009999999999976694
52740000,-8090,7312,127689,3505,2199,128189,139,19226,569,1,42048,0.0009999999999976694
52741000,-8874,4990,126272,-16956,10687,123610,115,19230,471,1,42049,0.0010000000000047748
52742000,28,7013,125586,-9833,3951,126596,99,19228,405,1,42050,0.0009999999999976694
52743000,-866,-2803,124716,10073,-7348,125924,113,19228,405,0,42051,0.0009999999999976694
52744000,8477,-4731,123613,-5691,-10109,130598,110,19234,463,0,42052,0.0010000000000047748
52745000,-3261,-1038,125665,-1036,-736,123565,110,19228,451,0,42053,0.0009999999999976694
52746000,1016,13348,128133,-3915,10573,122908,115,19225,471,1,42054,0.0009999999999976694
52747002,-5585,10900,126518,-3898,6145,126851,139,19226,569,1,42055,0.0010019999999997253
52748000,1022,7822,125461,-646,4620,122376,99,19234,405,1,42056,0.000998000000002719
52749002,7126,14805,123520,10698,15336,119062,107,19234,405,0,42057,0.0010019999999997253
52750000,5282,-133,123128,3100,-5621,124188,97,19228,438,0,42058,0.000998000000002719
52751000,11075,-19033,125145,1593,-22671,137278,97,19226,397,0,42059,0.0009999999999976694
52752000,2157,387,126227,7989,195,122583,113,19227,463,0,42060,0.0009999999999976694
52753000,4632,10834,129774,-1568,7855,122866,135,19225,553,1,42061,0.0010000000000047748
52754000,1361,9747,127034,2237,5654,123681,110,19232,451,1,42062,0.0009999999999976694
52755001,8554,264,125486,4343,-4415,131968,94,19232,451,1,42063,0.00100100000000225
52756000,12807,-1258,125394,5919,-2874,126648,150,19230,385,0,42064,0.0009990000000001942
52757000,8055,7767,128957,12557,3433,117102,150,19239,614,0,42065,0.0009999999999976694
52758001,8753,-13503,125594,9309,-17935,137277,106,19230,434,0,42066,0.00100100000000225
52759000,2221,3219,131157,-7984,601,129568,107,19225,438,1,42067,0.0009990000000001942
52760000,2136,8554,129532,3983,4233,132046,119,19227,487,1,42068,0.0009999999999976694
52761000,-1357,23490,128782,8481,19874,114751,105,19227,487,1,42069,0.0009999999999976694
52762000,6200,-725,129806,-9817,-3956,127038,109,19232,430,1,42070,0.0010000000000047748
52763000,13418,-23321,127205,12880,-26938,126310,109,19217,446,0,42071,0.0009999999999976694
52764000,9930,3943,130576,18935,-336,127808,97,19232,397,0,42072,0.0009999999999976694
52765000,720,-2498,130377,-7517,-6258,126437,106,19227,434,0,42073,0.0010000000000047748
52766000,-1346,13505,134169,-15482,12833,126191,125,19220,512,1,42074,0.0009999999999976694
52767000,-6625,-4291,131197,70,-8081,142828,108,19220,512,1,42075,0.0009999999999976694
52768000,-8598,2129,131095,1493,2726,119791,94,19230,442,1,42076,0.0010000000000047748
52769000,1925,4252,128210,-20918,-4873,129922,94,19231,385,0,42077,0.0009999999999976694
52770000,1078,-3165,129110,1352,-5690,129761,145,19229,594,0,42078,0.0009999999999976694
52771002,4126,2100,129890,3350,805,125233,107,19229,438,0,42079,0.0010019999999997253
52772000,-7727,-4593,132232,-18536,-6852,138430,113,19222,463,0,42080,0.000998000000002719
52773000,-8114,13349,130400,-10083,6844,118929,131,19222,537,1,42081,0.0009999999999976694
52774000,-9586,9443,130772,-6019,-1106,141160,109,19227,537,1,42082,0.0010000000000047748
52775001,-4874,-2996,126974,-14688,4070,121550,103,19228,446,1,42083,0.0010009999999951447
52776000,-2209,11135,129970,-4891,1489,122601,103,19222,422,0,42084,0.0009990000000001942
52777000,-2854,-7226,123401,1442,-12898,136917,129,19232,528,0,42085,0.0010000000000047748
52778000,-1576,6053,128446,-9667,2126,117979,105,19229,430,0,42086,0.0009999999999976694
52779000,-5665,3659,128438,-11794,1102,134878,120,19229,491,1,42087,0.0009999999999976694
52780000,-6666,10961,128488,-2243,10151,117544,112,19223,491,1,42088,0.0010000000000047748
52781000,-8147,7338,128411,-11424,1448,130545,103,19228,459,1,42089,0.0009999999999976694
52782000,-1274,1527,126292,-4094,-827,125504,103,19228,422,0,42090,0.0009999999999976694
52783000,1173,2376,123886,2332,-1350,124370,134,19234,549,0,42091,0.0009999999999976694
52784000,757,-8979,123890,-9124,-3650,128802,113,19229,463,0,42092,0.0010000000000047748
52785000,2519,15198,125894,-6465,9835,114912,112,19229,459,0,42093,0.0009999999999976694
52786000,132,-2579,124591,12117,-9222,139076,157,19225,459,1,42094,0.0009999999999976694
52787000,-6791,6301,127234,-5854,3695,116202,111,19228,643,1,42095,0.0010000000000047748
52788000,2788,14299,126240,-14185,8850,123015,111,19228,455,1,42096,0.0009999999999976694
52789001,7753,13444,125269,18510,9720,120469,97,19228,397,0,42097,0.00100100000000225
52790000,11909,-2747,121929,9651,-11838,125150,86,19228,352,0,42098,0.0009990000000001942
52791001,4971,-17901,122870,683,-18193,133889,112,19229,459,0,42099,0.0010009999999951447
52792000,6212,4998,128735,3228,1414,121976,121,19229,459,1,42100,0.0009990000000001942
52793000,3431,9332,128996,4048,9470,125596,110,19222,496,1,42101,0.0010000000000047748
52794000,1381,18829,129894,3166,13138,121004,110,19229,451,1,42102,0.0009999999999976694
52795001,7199,-7767,123036,-2735,-14364,132824,98,19232,401,1,42103,0.00100100000000225
52796000,7932,728,125093,6332,4217,122978,122,19221,500,0,42104,0.0009990000000001942
52797000,15157,-2580,126201,16366,-11098,124500,95,19230,389,0,42105,0.0009999999999976694
52798000,6094,-6037,127029,6200,-12060,130960,101,19230,389,0,42106,0.0009999999999976694
52799000,3564,3823,132256,-9648,713,130758,143,19227,414,1,42107,0.0010000000000047748
52800000,-44,9774,132540,5899,7542,124054,143,19227,586,1,42108,0.0009999999999976694
52801000,-3553,14605,130812,6156,10133,124165,113,19231,463,1,42109,0.0009999999999976694
52802000,7463,-1922,127460,-14092,-6596,132895,94,19227,385,0,42110,0.0010000000000047748
52803000,9421,-13528,126839,11001,-15863,128651,136,19234,557,0,42111,0.0009999999999976694
52804000,7539,-5445,129671,25256,-9587,131247,113,19234,557,0,42112,0.0009999999999976694
52805000,870,3217,130548,-23003,-128,126396,113,19229,463,0,42113,0.0010000000000047748
52806000,-336,9775,133411,-12021,7454,124235,113,19221,463,1,42114,0.0009999999999976694
52807000,-3596,5860,130069,12230,2766,131549,129,19230,528,1,42115,0.0009999999999976694
52808000,-6542,1490,130954,-13878,-1677,133170,100,19230,410,1,42116,0.0010000000000047748
52809000,939,-13843,126576,-12505,-17327,129022,118,19222,483,0,42117,0.0009999999999976694
52810000,2753,-3072,130889,1076,-8535,129982,94,19222,483,0,42118,0.0009999999999976694
52811000,1201,3910,130185,323,722,127820,108,19227,385,0,42119,0.0010000000000047748
52812003,-7282,7694,132357,-14937,4952,130154,108,19224,442,1,42120,0.0010029999999972006
52813000,-12384,3720,130267,-15899,1907,131543,139,19227,569,1,42121,0.0009969999999981383
52814000,-9472,13346,130268,-11127,8696,119535,115,19235,471,1,42122,0.0010000000000047748
52815000,-4284,12370,130414,-8803,93,129690,99,19227,405,1,42123,0.0009999999999976694
52816000,-633,-5421,126616,-4692,-11301,128455,161,19227,405,0,42124,0.0009999999999976694
52817000,-1287,-2973,126733,-6564,-2272,123330,102,19228,659,0,42125,0.0010000000000047748
52818000,-1442,2258,127461,-5976,1197,126843,102,19234,418,0,42126,0.0009999999999976694
52819000,-5378,9537,128668,-5407,9078,125567,107,19224,438,1,42127,0.0009999999999976694
52820001,-7634,9716,129037,-18642,-2632,124349,125,19232,512,1,42128,0.00100100000000225
52821000,-5317,2587,126484,-4432,11219,120651,112,19230,459,1,42129,0.0009990000000001942
52822001,194,9822,129059,5103,-1518,125317,116,19230,475,0,42130,0.00100100000000225
52823002,403,-5423,122273,-1591,-12820,126820,92,19222,475,0,42131,0.0010009999999951447
52824000,1606,-201,124087,-6695,1463,126794,106,19228,377,0,42132,0.000998000000002719
52825000,-1473,7708,127286,17,11494,122413,106,19226,434,0,42133,0.0009999999999976694
52826000,323,19282,125590,-2801,17706,118192,132,19223,541,1,42134,0.0010000000000047748
52827000,-2275,3293,126018,-6721,-5966,134660,117,19229,479,1,42135,0.0009999999999976694
52828000,5299,485,124099,3232,4392,120872,100,19229,410,1,42136,0.0009999999999976694
52829000,9762,8307,124489,8184,-1961,121562,125,19229,410,0,42137,0.0010000000000047748
52830000,10504,-2721,123503,6180,-7696,126248,110,19232,512,0,42138,0.0009999999999976694
52831000,5608,-1726,125053,10744,-9046,133048,110,19228,451,0,42139,0.0009999999999976694
52832000,2557,-873,126136,-4194,-5931,120783,113,19224,463,1,42140,0.0010000000000047748
52833000,4049,20657,130276,-2866,20172,116162,129,19226,528,1,42141,0.0009999999999976694
52834000,2663,6868,129359,12703,-1349,131063,109,19232,446,1,42142,0.0009999999999976694
52835000,10930,-1524,123751,3523,-4195,121447,108,19232,446,1,42143,0.0010000000000047748
52836002,9942,-1422,127035,3708,-5966,131613,98,19217,442,0,42144,0.0010019999999997253
52837000,8712,-5359,127088,11499,-6179,126445,98,19233,401,0,42145,0.0009979999999956135
52838000,8318,-2507,129053,3032,-6401,129132,103,19227,422,0,42146,0.0010000000000047748
52839000,238,1494,130433,-3892,-1675,132373,117,19223,479,1,42147,0.0009999999999976694
52840000,2753,17832,129807,2515,14930,120760,115,19228,471,1,42148,0.0009999999999976694
52841000,1708,11761,129884,3681,1770,129547,102,19228,471,1,42149,0.0010000000000047748
52842003,10906,-4678,127573,-138,-7857,128371,139,19231,418,0,42150,0.0010029999999972006
52843000,10360,252,129945,17124,1125,127952,139,19223,569,0,42151,0.0009969999999981383
52844000,2970,-5405,127945,4312,-11584,130568,111,19232,455,0,42152,0.0009999999999976694
52845000,2727,-2225,132786,-18242,-5591,130010,109,19227,446,0,42153,0.0010000000000047748
52846000,-3246,7396,132714,-1931,6765,133081,149,19228,610,1,42154,0.0009999999999976694
52847002,-5371,8290,132012,1583,6065,122097,109,19228,610,1,42155,0.0010019999999997253
52848002,-3470,-355,129186,-17360,-5870,128661,101,19232,446,1,42156,0.0010000000000047748
52849002,2188,-10921,128106,-7472,-15305,140528,101,19223,414,0,42157,0.0009999999999976694
52850002,2672,1689,129686,11062,-592,123073,119,19228,487,0,42158,0.0009999999999976694
52851000,-5247,8732,133053,-10744,4964,126604,108,19225,442,0,42159,0.000998000000002719
52852002,-6253,739,130271,-18573,-2460,130551,121,19219,496,1,42160,0.0010019999999997253
52853000,-10637,1807,130752,-8078,195,131557,114,19219,496,1,42161,0.0009979999999956135
52854000,-9835,7973,130259,-11415,4575,128413,102,19225,467,1,42162,0.0010000000000047748
52855000,-2595,20039,129103,-3402,17595,116944,102,19231,418,1,42163,0.0009999999999976694
52856000,-2689,-6464,126036,-9759,-10283,134656,128,19224,524,0,42164,0.0009999999999976694
52857000,-23,-7443,127432,-4295,-10824,130357,96,19230,393,0,42165,0.0010000000000047748
52858000,-3188,2789,126188,-5585,-2305,119173,104,19227,426,0,42166,0.0009999999999976694
52859000,-3426,16228,130006,-12441,14004,124768,147,19227,602,1,42167,0.0009999999999976694
52860000,-7816,3152,126243,-1756,873,129640,114,19227,602,1,42168,0.0010000000000047748
52861000,-4257,5474,126234,-13873,1417,123456,114,19235,467,1,42169,0.0009999999999976694
52862000,-3312,8138,126837,-3321,3015,120217,100,19229,410,0,42170,0.0009999999999976694
52863000,1990,1676,127018,-825,-4906,127479,112,19236,459,0,42171,0.0010000000000047748
52864000,3640,-5041,124571,2882,-11802,134710,111,19228,455,0,42172,0.0009999999999976694
52865000,-3802,2153,126511,-3203,6956,119999,117,19228,479,0,42173,0.0009999999999976694
52866000,-1326,8926,127271,-10832,9850,125721,126,19220,479,1,42174,0.0010000000000047748
52867000,-2910,21120,126640,3808,11995,123107,98,19232,516,1,42175,0.0009999999999976694
52868000,5471,3032,121773,-2640,-2870,132529,98,19232,401,1,42176,0.0009999999999976694
52869000,7343,-9220,121409,5256,-2880,123725,113,19226,463,0,42177,0.0010000000000047748
52870000,11345,7346,124979,11298,2372,117963,103,19228,422,0,42178,0.0009999999999976694
52871001,8456,-3657,124326,3211,-8725,131898,115,19228,471,0,42179,0.00100100000000225
52872000,4276,-2634,127657,2368,-3538,128762,143,19228,471,1,42180,0.0009990000000001942
52873000,2527,1694,127483,2398,4066,126905,113,19226,586,1,42181,0.0009999999999976694
52874000,5313,19089,126789,2772,13832,116869,113,19226,463,1,42182,0.0009999999999976694
52875000,8675,4669,127266,5892,-3693,127441,95,19225,389,0,42183,0.0010000000000047748
52876000,9607,2146,126547,5990,-5814,127566,133,19232,545,0,42184,0.0009999999999976694
52877000,8979,-11840,125571,12204,-16670,134701,105,19224,430,0,42185,0.0009999999999976694
52878000,5405,-9029,131476,-123,1910,125058,109,19224,430,0,42186,0.0010000000000047748
52879000,3341,15566,132072,-119,3769,126244,121,19222,446,1,42187,0.0009999999999976694
52880000,177,3523,129474,2945,-846,136544,121,19227,496,1,42188,0.0009999999999976694
52881000,1249,6300,128924,-2207,2318,122836,104,19228,426,1,42189,0.0010000000000047748
52882001,9000,-3246,129295,1232,-10202,132399,113,19220,463,0,42190,0.0010009999999951447
52883000,10950,-7058,128832,18204,-8123,124716,89,19233,365,0,42191,0.0009990000000001942
52884000,5545,-7703,130255,5151,-12368,134922,104,19233,365,0,42192,0.0010000000000047748
52885000,-628,2903,130710,-21171,5004,130721,131,19227,426,1,42193,0.0009999999999976694
52886003,-3122,14780,131609,-3175,11687,124471,131,19224,537,1,42194,0.0010029999999972006
52887000,-7287,550,130362,6459,-2757,132574,113,19233,463,1,42195,0.0009970000000052437
52888000,-1138,-1357,129105,-18620,-4722,124885,94,19226,385,1,42196,0.0009999999999976694
52889000,-1251,-7917,128254,-9083,-11667,135880,147,19234,602,0,42197,0.0009999999999976694
52890000,4903,2010,129616,7553,1414,126224,107,19234,602,0,42198,0.0010000000000047748
52891001,-4454,1320,129890,-8716,-2042,126105,114,19227,438,0,42199,0.0010009999999951447
52892001,-8723,564,132977,-20739,-3272,134452,114,19223,467,1,42200,0.0010000000000047748
52893000,-7813,7257,131126,-8194,5310,129576,134,19225,549,1,42201,0.0009990000000001942
52894000,-8816,8987,130955,-2696,6639,127842,109,19234,446,1,42202,0.0009999999999976694
52895000,-2716,11627,127665,-13315,7764,118351,107,19222,438,0,42203,0.0009999999999976694
52896000,-3921,-8081,125918,-10219,-11293,133969,127,19222,438,0,42204,0.0010000000000047748
52897000,284,-2703,126505,-481,-3706,127130,103,19230,520,0,42205,0.0009999999999976694
52898000,-3087,8233,128601,-9617,3928,122831,103,19227,422,0,42206,0.0009999999999976694
52899000,-8359,8818,128019,-12511,5710,128123,123,19222,504,1,42207,0.0010000000000047748
52900000,-5232,6000,127422,-11549,2996,123475,116,19229,475,1,42208,0.0009999999999976694
52901000,-1491,2830,126879,-4737,-626,130115,102,19228,418,1,42209,0.0009999999999976694
52902000,-690,9503,125163,-6872,6949,121842,136,19228,418,0,42210,0.0010000000000047748
52903000,3520,-5712,121507,1337,-9048,122682,106,19236,557,0,42211,0.0009999999999976694
52904001,1727,1056,127627,-2193,-553,127391,106,19227,434,0,42212,0.00100100000000225
52905000,719,7437,125753,-4026,4155,126431,112,19227,459,1,42213,0.0009990000000001942
52906000,-7338,13510,127392,-537,10899,123860,161,19232,659,1,42214,0.0009999999999976694
52907000,38,14941,126318,-8866,13106,119895,106,19235,434,1,42215,0.0009999999999976694
52908000,8253,3102,122952,4507,218,127315,96,19235,393,0,42216,0.0009999999999976694
52909000,9683,-1619,124131,16511,-7153,125118,85,19224,393,0,42217,0.0010000000000047748
52910000,8500,-5548,123783,-344,-9015,124953,113,19229,348,0,42218,0.0009999999999976694
52911002,5284,887,126831,992,-1573,127098,113,19227,463,0,42219,0.0010019999999997253
52912000,3878,1397,127768,10790,7470,125656,124,19221,508,1,42220,0.000998000000002719
52913000,1660,1135,129067,-3159,2321,129366,112,19228,459,1,42221,0.0009999999999976694
52914000,7362,8596,128110,7882,-554,121104,96,19228,393,1,42222,0.0009999999999976694
52915000,9350,1460,123167,15970,4027,122333,126,19230,393,0,42223,0.0010000000000047748
52916000,8063,-5294,127998,7184,-9860,132586,109,19229,516,0,42224,0.0009999999999976694
52917000,7217,-13835,124847,7184,-17783,130194,109,19229,446,0,42225,0.0009999999999976694
52918000,2756,-224,130433,-4798,-211,132264,110,19230,451,1,42226,0.0010000000000047748
52919000,3009,19944,132578,1664,19183,119921,135,19229,553,1,42227,0.0009999999999976694
52920000,-776,11079,128929,2684,4016,126066,112,19229,459,1,42228,0.0009999999999976694
52921000,4698,-8237,126327,-3131,-13373,134884,104,19229,459,1,42229,0.0010000000000047748
52922000,10520,-18221,126148,9819,-18040,128817,126,19221,426,0,42230,0.0009999999999976694
52923000,12817,5121,130085,15379,4399,123660,126,19231,516,0,42231,0.0009999999999976694
52924000,2273,1869,131068,-9087,-4313,129436,105,19228,430,0,42232,0.0010000000000047748
52925000,-695,1547,133067,-16265,-2219,137537,113,19224,463,1,42233,0.0009999999999976694
52926000,-9429,470,132151,7008,-3725,125153,115,19231,471,1,42234,0.0009999999999976694
52927000,-7238,5880,130653,-8405,4244,123906,101,19231,471,1,42235,0.0010000000000047748
52928000,-435,3238,131679,-12466,-4085,130891,122,19231,414,0,42236,0.0009999999999976694
52929000,2674,-7080,126822,982,-9784,127203,122,19223,500,0,42237,0.0009999999999976694
52930000,1680,5429,130373,39,3826,123568,99,19227,405,0,42238,0.0010000000000047748
52931000,-7544,6741,132441,-15047,-1867,125739,110,19227,451,0,42239,0.0009999999999976694
52932002,-7158,1632,130850,-14445,1240,132911,145,19225,594,1,42240,0.0010019999999997253
52933000,-10482,7471,132316,-9543,4788,131180,115,19225,594,1,42241,0.000998000000002719
52934002,-3291,7971,127505,-11185,6354,123520,102,19229,471,1,42242,0.0010019999999997253
52935000,-2105,2060,127614,-4115,-3798,126974,102,19226,418,0,42243,0.0009979999999956135
52936000,-1551,-7635,124347,-7454,-11319,130244,170,19230,696,0,42244,0.0010000000000047748
52937000,965,10829,129313,-2995,9123,127694,105,19230,430,0,42245,0.0009999999999976694
52938000,-6789,6335,126883,-9161,3544,121198,110,19221,451,1,42246,0.0009999999999976694
52939000,-5775,19086,129280,-14524,15446,121409,120,19221,451,1,42247,0.0010000000000047748
52940000,-8206,1349,126865,-7307,-1264,136124,111,19228,491,1,42248,0.0009999999999976694
52941000,-1048,2179,126307,-2189,539,122828,111,19230,455,1,42249,0.0009999999999976694
52942000,4706,6541,125790,-6423,1752,126870,120,19225,491,0,42250,0.0010000000000047748
52943000,5538,4493,124191,4616,1963,120463,100,19228,410,0,42251,0.0009999999999976694
52944002,1797,2428,125319,612,-365,128748,111,19227,455,0,42252,0.0010019999999997253
52945000,-5167,2811,126389,-16550,-393,128432,135,19227,455,1,42253,0.000998000000002719
52946002,-720,14828,127400,1734,12468,121995,116,19221,553,1,42254,0.0010019999999997253
52947002,-491,6397,126257,7108,4118,124776,116,19232,475,1,42255,0.0009999999999976694
52948000,7522,6965,124240,-8949,3486,120472,99,19229,405,0,42256,0.000998000000002719
52949000,10394,6870,124221,19839,3486,131760,124,19231,508,0,42257,0.0009999999999976694
52950000,8369,2777,123696,3890,-1436,118013,116,19227,475,0,42258,0.0009999999999976694
52951003,7735,5056,130048,-467,1790,132182,116,19227,475,0,42259,0.001003000000004306
52952000,2507,-2230,125930,11230,-6212,126500,135,19224,475,1,42260,0.0009969999999981383
52953000,3786,1358,128141,-4262,-2162,129976,135,19230,553,1,42261,0.0009999999999976694
52954000,7822,7158,126856,1770,3881,119151,109,19232,446,1,42262,0.0010000000000047748
52955000,13114,6260,124093,12640,2424,122473,109,19221,446,0,42263,0.0009999999999976694
52956000,8346,-301,127969,5626,-7292,131499,91,19232,373,0,42264,0.0009999999999976694
52957000,6133,-8843,127086,2163,-16998,127792,100,19232,410,0,42265,0.0010000000000047748
52958000,5061,824,129599,6820,-2354,130034,119,19230,410,1,42266,0.0009999999999976694
52959000,-3022,9946,132796,3068,7926,122979,110,19224,487,1,42267,0.0009999999999976694
52960000,2667,594,133087,-8999,6714,132797,110,19230,451,1,42268,0.0010000000000047748
52961000,3764,8007,129255,2029,-7196,125486,100,19225,410,1,42269,0.0009999999999976694
52962000,6071,-11787,126216,-5394,-20722,135380,143,19226,586,0,42270,0.0009999999999976694
52963000,10357,-14932,129664,19715,-5548,128208,103,19226,422,0,42271,0.0010000000000047748
52964000,-2753,551,130464,-3192,-4796,130846,104,19233,422,0,42272,0.0009999999999976694
52965000,731,3715,130313,-23510,5463,129362,141,19223,426,1,42273,0.0009999999999976694
52966000,-7194,17703,133422,3796,11482,121620,141,19230,577,1,42274,0.0010000000000047748
52967000,-2926,-1801,129438,1905,-4409,133702,109,19229,446,1,42275,0.0009999999999976694
52968000,-2096,-8879,127376,-19144,-13676,129489,102,19222,418,0,42276,0.0009999999999976694
52969002,-2734,-12084,129490,-4407,-11296,137928,109,19228,446,0,42277,0.0010019999999997253
52970002,2501,5220,131029,3862,4537,122738,112,19228,446,0,42278,0.0010000000000047748
52971000,-8129,13379,133147,-15578,8420,124163,127,19228,459,1,42279,0.0009979999999956135
52972000,-6921,-6076,130434,-16152,224,136347,127,19220,520,1,42280,0.0009999999999976694
52973001,-9278,5053,127960,-7706,633,124961,114,19231,467,1,42281,0.00100100000000225
52974000,-4834,8938,129772,-11661,6077,131846,101,19230,414,1,42282,0.0009990000000001942
52975000,-2003,3303,127643,-8621,1182,124793,133,19219,545,0,42283,0.0009999999999976694
52976000,-6992,-7074,125676,-8121,-13370,128950,107,19219,545,0,42284,0.0010000000000047748
52977000,-377,3129,129289,-10158,3781,128150,106,19230,438,0,42285,0.0009999999999976694
52978000,-4852,4134,126464,-2682,2976,124136,106,19224,434,1,42286,0.0009999999999976694
52979001,-6398,9128,129482,-6394,5439,126773,145,19230,594,1,42287,0.00100100000000225
52980000,-7158,12770,126603,-14578,10319,119451,114,19228,467,1,42288,0.0009990000000001942
52981000,224,6771,127831,-3086,3162,127827,104,19225,426,0,42289,0.0009999999999976694
52982000,1675,-4147,124883,6557,-6965,130124,99,19225,426,0,42290,0.0010000000000047748
52983000,-562,-8127,121889,-5539,-10366,125100,107,19226,405,0,42291,0.0009999999999976694
52984000,754,17204,125924,-11090,21405,120783,107,19229,438,0,42292,0.0009999999999976694
52985000,233,9319,125110,2745,4744,120481,117,19223,479,1,42293,0.0010000000000047748
52986001,1428,5627,124812,40,1628,135372,118,19228,483,1,42294,0.0010009999999951447
52987012,3114,13332,125007,-2752,10020,118652,99,19231,405,1,42295,0.0010110000000054242
52988000,8299,3771,125828,6981,826,120407,119,19231,405,0,42296,0.0009879999999995448
52989000,12243,-1067,125538,9932,-7103,127567,102,19230,487,0,42297,0.0009999999999976694
52990000,4675,-11443,123817,6473,-15881,134131,102,19225,418,0,42298,0.0009999999999976694
52991000,5454,5011,128401,89,2870,122015,110,19228,451,1,42299,0.0010000000000047748
52992000,-1317,12113,128456,4160,10029,119711,147,19228,602,1,42300,0.0009999999999976694
52993000,3439,14548,128208,-1793,11129,130405,113,19231,463,1,42301,0.0009999999999976694
52994000,9099,2612,123921,4574,-720,124545,97,19231,463,1,42302,0.0010000000000047748
52995000,11087,6101,128214,9863,3459,122340,127,19225,397,0,42303,0.0009999999999976694
52996003,14105,-3757,124193,5277,-7293,126975,127,19233,520,0,42304,0.0010029999999972006
52997000,5830,-9685,128452,13806,-14630,130206,102,19230,418,0,42305,0.0009970000000052437
52998001,7079,-1353,130617,-6492,-6023,140045,110,19216,451,1,42306,0.0010009999999951447
52999001,-3942,10517,128820,-1940,4284,116766,110,19227,451,1,42307,0.0010000000000047748
53000000,1017,20951,133263,6141,18886,129992,102,19227,418,1,42308,0.0009990000000001942
53001000,8279,-10218,126617,-7972,-9531,132696,117,19228,418,0,42309,0.0009999999999976694
53002000,8318,-7333,128827,13022,-14851,125922,91,19220,479,0,42310,0.0009999999999976694
53003000,8894,1999,130290,14420,-5695,131095,91,19235,373,0,42311,0.0010000000000047748
53004000,-2717,1219,130926,-8619,3447,119516,104,19226,426,0,42312,0.0009999999999976694
53005000,1885,9667,135442,-17087,-2566,138866,139,19227,569,1,42313,0.0009999999999976694
53006000,-9773,-6326,130818,7701,-6132,130099,113,19227,463,1,42314,0.0010000000000047748
53007000,-3411,-129,131045,-3962,2937,124648,94,19232,463,1,42315,0.0009999999999976694
53008000,-111,1582,131692,-4943,-13850,133264,129,19228,385,0,42316,0.0009999999999976694
53009000,2690,-6457,125300,14953,4680,124597,129,19233,528,0,42317,0.0010000000000047748
53010000,-3068,1664,131706,-17278,-2983,135320,105,19231,430,0,42318,0.0009999999999976694
53011000,-7529,-2548,128159,-15765,-1724,125817,114,19224,467,1,42319,0.0009999999999976694
53012000,-9613,14436,132069,-2968,5169,132088,127,19224,520,1,42320,0.0010000000000047748
53013000,-10201,4284,130119,-11100,2370,130742,108,19228,520,1,42321,0.0009999999999976694
53014000,-1409,12902,129268,-8431,10125,117072,111,19233,442,1,42322,0.0009999999999976694
53015000,-3159,-5937,125875,-9535,-13179,138422,111,19218,455,0,42323,0.0010000000000047748
53016000,-351,-8221,124743,-795,-2039,123678,102,19230,418,0,42324,0.0009999999999976694
53017000,-1553,9779,128309,-8875,5485,125576,103,19229,422,0,42325,0.0009999999999976694
53018000,-6952,3231,126996,-12384,1266,126279,128,19223,524,1,42326,0.0010000000000047748
53019000,-5958,10190,127856,-10359,4627,127069,117,19223,524,1,42327,0.0009999999999976694
53020000,-4424,-3923,126413,-1826,-7270,124892,98,19228,479,1,42328,0.0009999999999976694
53021000,-779,13562,127113,3921,10727,113072,98,19226,401,0,42329,0.0010000000000047748
53022000,-3078,-387,125600,-10909,-7950,134464,141,19231,577,0,42330,0.0009999999999976694
53023000,852,-3454,123368,4462,-647,119691,107,19228,438,0,42331,0.0009999999999976694
53024000,517,7762,126690,-612,3394,130844,112,19223,459,0,42332,0.0010000000000047748
53025000,-1871,2835,125511,-8313,6797,121755,146,19223,459,1,42333,0.0009999999999976694
53026000,-439,19865,129766,-6937,15117,119982,106,19230,598,1,42334,0.0009999999999976694
53027000,5994,-1097,123546,4592,-6856,134337,106,19233,434,1,42335,0.0010000000000047748
53028000,6419,7014,122781,12382,3723,119237,102,19224,418,0,42336,0.0009999999999976694
53029000,9217,-9229,120428,-1250,-14965,127495,89,19227,365,0,42337,0.0009999999999976694
53030000,10422,3198,126157,7884,416,115251,112,19228,459,0,42338,0.0010000000000047748
53031000,7274,5248,127596,10663,-2134,137473,127,19228,459,1,42339,0.0009999999999976694
53032000,2311,4229,127853,-9025,2733,119407,114,19223,520,1,42340,0.0009999999999976694
53033000,2715,18558,129826,11323,11991,117398,114,19227,467,1,42341,0.0009999999999976694
53034002,4523,-14902,123490,8880,-17722,140190,100,19231,410,0,42342,0.0010020000000068308
53035000,10289,4064,126717,-3305,2356,115496,137,19230,561,0,42343,0.0009979999999956135
53036000,9400,563,129027,14161,-4545,135705,106,19227,434,0,42344,0.0009999999999976694
53037000,9104,4020,126009,3345,1692,119924,105,19227,434,0,42345,0.0010000000000047748
53038000,3307,2079,131791,-405,-1701,128929,135,19227,430,1,42346,0.0009999999999976694
53039000,866,-883,127822,5838,-6506,129083,135,19230,553,1,42347,0.0009999999999976694
53040000,2753,7883,128801,-2797,4717,127307,111,19232,455,1,42348,0.0010000000000047748
53041000,4207,-696,130427,1295,-3949,129760,106,19218,434,0,42349,0.0009999999999976694
53042003,7891,-11792,127462,-1060,-15762,127923,131,19230,537,0,42350,0.001003000000004306
53043000,4965,-5523,132145,21300,-9262,140847,112,19230,459,0,42351,0.0009969999999981383
53044000,-1434,3137,128850,-9607,918,122539,118,19232,459,0,42352,0.0009999999999976694
53045000,1040,17022,131708,-20229,12048,124406,109,19218,483,1,42353,0.0009999999999976694
53046000,-2448,13649,131900,7242,12247,131495,109,19231,446,1,42354,0.0010000000000047748
53047000,1358,-14274,127739,114,-18073,136024,99,19230,405,1,42355,0.0009999999999976694
53048000,-7570,-15132,129678,-13305,-17115,128756,127,19226,520,0,42356,0.0009999999999976694
53049000,4812,904,130802,-11314,-4088,129380,101,19226,414,0,42357,0.0010000000000047748
53050000,-5355,9573,130206,6782,7258,123963,108,19231,414,0,42358,0.0009999999999976694
53051000,-7229,10862,133053,-14557,4706,127757,149,19225,442,1,42359,0.0009999999999976694
53052000,-11380,1302,128456,-23938,-2368,132316,149,19227,610,1,42360,0.0010000000000047748
53053000,-7496,5834,130402,-3024,1640,126522,112,19232,459,1,42361,0.0009999999999976694
53054000,-1806,3807,130685,-9771,3093,131328,101,19227,414,1,42362,0.0009999999999976694
53055000,-3660,-161,126083,-19091,-11633,123005,162,19227,664,0,42363,0.0010000000000047748
53056000,-1418,1223,125393,-10335,-1039,127279,104,19235,664,0,42364,0.0009999999999976694
53057000,-2667,1543,129383,-1055,1166,126729,113,19229,426,0,42365,0.0009999999999976694
53058000,-4593,13311,126614,-7563,13021,118705,113,19221,463,1,42366,0.0010000000000047748
53059000,-6611,14847,128628,-17287,1381,130156,109,19224,446,1,42367,0.0009999999999976694
53060000,-2315,-2460,124284,-7434,-1576,124847,106,19229,434,1,42368,0.0009999999999976694
53061000,5039,4499,128427,7221,-494,126771,121,19228,496,0,42369,0.0010000000000047748
53062000,-1320,-5773,123605,-416,-7705,126456,105,19228,496,0,42370,0.0009999999999976694
53063000,-598,2079,124776,-10407,2259,124358,109,19227,430,0,42371,0.0009999999999976694
53064000,-2189,6957,126086,-5822,3098,124984,109,19228,446,1,42372,0.0010000000000047748
53065000,-3595,18283,126639,811,16230,116706,141,19225,577,1,42373,0.0009999999999976694
53066000,-2136,9715,126780,2437,8466,127366,112,19234,459,1,42374,0.0009999999999976694
53067000,6160,-2075,124936,-2627,-8957,126099,95,19230,389,1,42375,0.0010000000000047748
53068000,7735,-6520,123175,6989,-7980,130251,109,19230,389,0,42376,0.0009999999999976694
53069000,11841,-1333,123823,3271,-3062,123188,110,19235,446,0,42377,0.0009999999999976694
53070000,4642,3406,126451,9934,-500,123800,110,19221,451,0,42378,0.0010000000000047748
53071002,4263,973,126350,275,-108,129080,114,19223,467,1,42379,0.0010019999999997253
53072001,2190,6782,127989,-4364,6712,124665,119,19230,487,1,42380,0.0009990000000001942
53073000,7650,6690,127002,16866,-1126,127675,103,19233,422,1,42381,0.0009990000000001942
53074000,8828,5409,125365,7336,-2574,117655,113,19233,422,0,42382,0.0009999999999976694
53075001,7339,4575,128886,-6721,-3599,128938,92,19220,463,0,42383,0.00100100000000225
53076000,8485,-12448,128463,15980,-15686,135806,92,19232,377,0,42384,0.0009990000000001942
53077001,934,3643,128861,2753,1854,122386,102,19226,418,0,42385,0.0010009999999951447
53078000,2532,15713,130223,-12280,14781,126541,126,19225,516,1,42386,0.0009990000000001942
53079003,333,12948,130585,8134,10150,120078,111,19226,455,1,42387,0.001003000000004306
53080005,4817,-4257,129215,1774,-9446,142076,98,19226,455,1,42388,0.0010019999999997253
53081002,10629,-4527,126177,-3913,-5943,122082,157,19230,401,0,42389,0.0009969999999981383
53082000,7466,66,132946,15992,-2623,124458,157,19233,643,0,42390,0.000998000000002719
53083000,8036,-9165,126838,4364,-14229,138483,113,19230,463,0,42391,0.0009999999999976694
53084000,56,4836,133418,-16463,2048,124837,110,19223,451,1,42392,0.0009999999999976694
53085000,-4747,7505,133867,-2144,5709,129435,132,19230,541,1,42393,0.0010000000000047748
53086001,-9584,11355,129885,78,8298,119296,104,19230,426,1,42394,0.0010009999999951447
53087001,319,-4573,129048,-18501,-9216,137310,109,19232,426,1,42395,0.0010000000000047748
53088000,-143,-7306,128332,4103,-10502,131716,109,19221,446,0,42396,0.0009990000000001942
53089000,2793,6151,130265,-1558,3273,123159,94,19229,385,0,42397,0.0009999999999976694
53090000,-4556,14215,131652,-12699,10909,121838,109,19227,446,0,42398,0.0009999999999976694
53091002,-4194,-3908,128697,-9771,-7748,133644,128,19223,524,1,42399,0.0010019999999997253
53092000,-8346,2557,131539,-11308,439,140385,115,19223,471,1,42400,0.000998000000002719
53093002,-6912,13605,129142,-10351,9097,119294,99,19229,471,1,42401,0.0010019999999997253
53094000,-2506,11123,131087,-7379,10316,129979,145,19228,405,0,42402,0.0009979999999956135
53095000,-2136,-9888,124778,-6945,-11314,131306,145,19224,594,0,42403,0.0010000000000047748
53096000,-1823,-6231,126811,-6134,-10138,127308,101,19231,414,0,42404,0.0009999999999976694
53097000,-4224,9731,129150,-7697,6375,120714,102,19229,418,1,42405,0.0009999999999976694
53098003,-5506,13241,126775,-9348,9209,122522,134,19229,549,1,42406,0.001003000000004306
53099000,-7773,13684,128166,-9761,2845,129343,110,19227,549,1,42407,0.0009969999999981383
53100000,-2146,-5050,124255,-9358,-5919,126946,104,19228,451,1,42408,0.0009999999999976694
53101000,2634,2164,127707,-647,9917,123325,104,19225,426,0,42409,0.0010000000000047748
53102010,4199,994,123350,-1449,-5964,125940,83,19226,340,0,42410,0.0010100000000008436
53103000,3765,1118,124961,845,1634,129850,109,19228,446,0,42411,0.0009899999999944953
53104000,-2736,2087,123913,-7217,1994,127371,121,19222,496,1,42412,0.0010000000000047748
53105000,-5077,11580,126614,-6023,11075,119888,109,19222,496,1,42413,0.0009999999999976694
53106000,-630,18742,127030,3364,9793,123111,96,19230,446,1,42414,0.0009999999999976694
53107000,4242,2167,123797,6194,-4143,126638,96,19233,393,0,42415,0.0010000000000047748
53108000,8184,-1784,123678,3860,-7320,124442,126,19234,516,0,42416,0.0009999999999976694
53109000,9718,-5920,124779,7316,-4638,124301,106,19227,434,0,42417,0.0009999999999976694
53110000,7649,7924,126839,6794,10447,125014,111,19224,455,0,42418,0.0010000000000047748
53111000,3969,1565,128113,-4740,517,128152,143,19224,455,1,42419,0.0009999999999976694
53112000,3855,1326,128532,4413,-1106,128076,109,19228,586,1,42420,0.0009999999999976694
53113000,4189,-2892,125148,5657,-1723,128070,109,19232,446,1,42421,0.0010000000000047748
53114000,9949,3657,126212,4618,-271,118113,97,19225,397,0,42422,0.0009999999999976694
53115000,11431,1490,127290,16362,-7255,132433,119,19228,487,0,42423,0.0009999999999976694
53116003,7949,-7670,126083,6272,-8759,130791,104,19227,426,0,42424,0.001003000000004306
53117000,4303,5522,131454,-576,1648,123939,112,19227,426,1,42425,0.0009969999999981383
53118001,-1298,4997,129984,4536,2960,131523,109,19225,459,1,42426,0.00100100000000225
53119000,2142,7586,131099,-3745,6247,127334,109,19228,446,1,42427,0.0009990000000001942
53120000,4629,1106,130083,-930,-3324,132103,100,19229,410,1,42428,0.0009999999999976694
53121000,8689,-3577,127638,6544,-4787,127624,125,19222,512,0,42429,0.0009999999999976694
53122000,10249,-7133,127294,7454,-9083,128713,98,19229,401,0,42430,0.0010000000000047748
53123000,1046,80,130042,4376,-3422,130081,104,19229,401,0,42431,0.0009999999999976694
53124000,5712,426,130179,-18714,-1477,129470,145,19228,426,1,42432,0.0009999999999976694
53125000,-5586,19162,135899,-3780,19361,129241,145,19229,594,1,42433,0.0010000000000047748
53126000,-3437,4202,131031,5461,-1691,120603,111,19231,455,1,42434,0.0009999999999976694
53127000,-2773,-9901,128519,-13535,-18421,134348,96,19228,393,0,42435,0.0009999999999976694
53128000,-2984,-17320,129904,-9723,-19387,139961,119,19232,487,0,42436,0.0010000000000047748
53129000,806,2796,132361,9439,1906,118476,108,19232,487,0,42437,0.0009999999999976694
53130000,-9114,17134,132508,-16166,12746,123515,115,19232,442,0,42438,0.0009999999999976694
53131000,-6672,7640,131899,-19981,3630,127191,115,19222,471,1,42439,0.0010000000000047748
53132000,-7212,-10822,126413,-1447,-12989,134592,113,19226,463,1,42440,0.0009999999999976694
53133001,-4569,7575,129986,-8175,4484,125164,105,19232,430,1,42441,0.00100100000000225
53134001,-3637,11157,129304,-11332,8561,121398,120,19215,491,0,42442,0.0009999999999976694
53135001,-4366,-9976,124453,-9063,-13472,131326,90,19215,369,0,42443,0.0009999999999976694
53136000,-1944,573,127364,-3232,-3254,126315,103,19229,369,0,42444,0.0009990000000001942
53137000,-4427,976,128533,-11392,-1793,135835,135,19229,422,1,42445,0.0010000000000047748
53138000,-7645,17653,128659,-6052,15246,111763,135,19225,553,1,42446,0.0009999999999976694
53139000,-5925,8457,129236,-13245,6767,130635,119,19231,487,1,42447,0.0009999999999976694
53140000,1701,5417,125384,-6816,922,117900,103,19225,422,0,42448,0.0010000000000047748
53141000,-3304,987,124114,9040,-866,131792,127,19225,520,0,42449,0.0009999999999976694
53142000,1860,-3829,122587,-10906,-8710,116709,109,19230,520,0,42450,0.0009999999999976694
53143000,1793,10817,126106,-3870,8277,125280,111,19228,446,0,42451,0.0010000000000047748
53144000,1228,1852,126064,2395,-793,128796,111,19224,455,1,42452,0.0009999999999976694
53145000,-1776,13705,125702,-8027,10744,117088,140,19233,573,1,42453,0.0009999999999976694
53146000,2149,3876,126950,695,4008,129040,107,19228,438,1,42454,0.0010000000000047748
53147000,9013,4650,124286,5065,165,116895,110,19228,451,0,42455,0.0009999999999976694
53148000,6997,-8544,123732,4668,-14795,141346,96,19224,451,0,42456,0.0009999999999976694
53149001,6803,-5575,124695,4195,-4390,114627,113,19224,393,0,42457,0.00100100000000225
53150000,1736,2652,127101,73,1045,123692,113,19227,463,0,42458,0.0009990000000001942
53151002,980,2859,129869,2381,5650,130176,137,19226,561,1,42459,0.0010019999999997253
53152000,3229,13952,128021,4874,6247,122444,117,19229,479,1,42460,0.000998000000002719
53153000,6978,1887,123962,3984,1173,130489,98,19227,401,1,42461,0.0009999999999976694
53154003,9960,8317,128001,6194,-1327,115820,148,19227,401,0,42462,0.0010029999999972006
53155000,13077,-15559,123848,15056,-16375,140951,113,19233,606,0,42463,0.0009970000000052437
53156000,7630,-14088,127308,4405,-11440,128256,113,19224,463,0,42464,0.0009999999999976694
53157000,2868,5072,129931,-8158,5167,129684,109,19219,446,1,42465,0.0009999999999976694
53158000,-814,16086,129927,4900,11094,122681,127,19228,520,1,42466,0.0009999999999976694
53159000,-1680,11396,129596,4070,4983,121649,112,19230,459,1,42467,0.0010000000000047748
53160000,7385,-11259,127558,1446,-17289,142555,110,19230,459,1,42468,0.0009999999999976694
53161000,10550,-13394,125847,6710,-15314,121146,98,19220,451,0,42469,0.0009999999999976694
53162000,10428,6795,132391,12861,3742,128065,98,19231,401,0,42470,0.0010000000000047748
53163001,163,-6825,129405,-12713,-9959,132772,103,19228,422,0,42471,0.0010009999999951447
53164000,-4571,5561,132634,-12837,6383,124924,117,19221,479,1,42472,0.0009990000000001942
53165000,-6111,648,131448,4280,31,136161,112,19227,459,1,42473,0.0010000000000047748
53166000,-7928,2099,129346,-4630,-1234,125072,97,19227,459,1,42474,0.0009999999999976694
53167000,3426,-4523,128677,-17545,-9407,132911,136,19232,397,0,42475,0.0009999999999976694
53168000,-73,-1963,129556,7497,-4267,126667,136,19229,557,0,42476,0.0010000000000047748
53169000,1839,2068,129981,2621,-896,127728,104,19230,426,0,42477,0.0009999999999976694
53170000,-9141,6618,132538,-22138,2870,130462,110,19226,451,1,42478,0.0009999999999976694
53171001,-11484,5020,130394,-13044,721,130776,142,19228,582,1,42479,0.00100100000000225
53172000,-7289,20478,132072,-988,18588,123666,109,19228,582,1,42480,0.0009990000000001942
53173000,-6697,3402,127937,-15768,65,122962,103,19233,446,1,42481,0.0009999999999976694
53174001,1442,-6667,127971,-7945,-9463,133314,103,19224,422,0,42482,0.00100100000000225
53175000,-2523,-3813,125239,-903,-5848,127422,140,19232,573,0,42483,0.0009990000000001942
53176001,-694,9072,127750,-7934,7146,118825,105,19229,430,0,42484,0.00100100000000225
53177001,-7764,8720,129681,-14954,3014,125424,116,19220,475,1,42485,0.0009999999999976694
53178002,-8369,573,126607,-10161,-3087,129451,110,19220,451,1,42486,0.00100100000000225
53179001,-8063,5052,128530,-4624,3524,127118,100,19230,451,1,42487,0.0009990000000001942
53180001,-3063,12548,126837,-8271,9281,116337,127,19232,410,0,42488,0.0009999999999976694
53181001,4549,2051,124294,-1465,-1453,127418,127,19230,520,0,42489,0.0009999999999976694
53182000,1063,3556,125305,3328,1038,129460,104,19230,426,0,42490,0.0009990000000001942
53183000,-755,1104,124819,-7807,-1896,125848,109,19224,446,0,42491,0.0010000000000047748
53184000,-981,20367,127459,-1513,17270,118677,145,19224,594,1,42492,0.0009999999999976694
53185000,-2744,9443,125763,-2352,6149,125638,110,19226,594,1,42493,0.0009999999999976694
53186000,9017,4186,125268,-4390,548,131101,98,19233,451,1,42494,0.0010000000000047748
53187000,5668,3909,122566,14942,216,121112,98,19230,401,0,42495,0.0009999999999976694
53188000,10674,940,123129,5923,-2667,123800,112,19228,459,0,42496,0.0009999999999976694
53189000,9826,3059,125984,3898,63,128385,120,19225,491,0,42497,0.0010000000000047748
53190000,7316,-745,127858,9292,-3525,130039,121,19225,496,1,42498,0.0009999999999976694
53191001,3219,10465,130671,-1837,8982,118487,108,19223,496,1,42499,0.00100100000000225
53192000,-1655,9118,129111,3720,-3363,128673,101,19227,442,1,42500,0.0009990000000001942
53193000,8765,-5557,124669,9041,-9362,130837,101,19232,414,1,42501,0.0009999999999976694
53194000,9559,902,126745,2190,1592,122718,117,19220,479,0,42502,0.0009999999999976694
53195001,13310,-3847,128076,8707,854,129205,94,19232,385,0,42503,0.00100100000000225
53196000,7047,5943,128040,1448,-5862,122167,102,19230,418,0,42504,0.0009990000000001942
53197000,1885,-4864,128403,-519,-10351,142107,131,19230,418,1,42505,0.0009999999999976694
53198000,2713,-4340,127205,3298,4894,124662,111,19229,537,1,42506,0.0010000000000047748
53199000,-82,17268,129992,-383,5591,122940,111,19230,455,1,42507,0.0009999999999976694
53200002,9139,4194,130457,-292,-7999,127038,97,19230,397,0,42508,0.0010019999999997253
53201002,5983,-10490,128491,4657,-16645,132812,150,19235,614,0,42509,0.0009999999999976694
53202002,4734,-12399,129920,18829,-11847,134729,105,19231,430,0,42510,0.0010000000000047748
53203000,-809,2561,127732,-17521,-83,123637,108,19231,430,0,42511,0.0009979999999956135
53204000,186,10925,132643,-14302,12104,125605,129,19221,442,1,42512,0.0010000000000047748
53205003,-2182,14557,133604,10065,8236,127745,129,19229,528,1,42513,0.0010029999999972006
53206000,-2645,-2411,129427,-10777,-6775,130648,101,19233,414,1,42514,0.0009969999999981383
53207000,-2875,-18017,128165,-16614,-16189,132935,109,19224,446,0,42515,0.0010000000000047748
53208001,3158,-3070,130976,7113,-9587,128466,92,19231,377,0,42516,0.0010009999999951447
53209000,-1278,2681,131003,114,-2995,134698,108,19231,377,0,42517,0.0009990000000001942
53210003,-7348,7982,132222,-22575,9275,123664,137,19227,442,1,42518,0.001003000000004306
53211002,-10008,7179,130499,-14462,3041,131419,137,19227,561,1,42519,0.0009990000000001942
53212000,-8181,3346,127006,-3532,4059,127523,117,19228,479,1,42520,0.0009979999999956135
53213000,-4127,10137,130573,-7859,6924,125041,98,19230,401,1,42521,0.0010000000000047748
53214000,-4863,-4040,126827,-11146,-9510,130438,149,19227,610,0,42522,0.0009999999999976694
53215000,-2305,6018,125965,-8436,6617,121107,110,19227,610,0,42523,0.0009999999999976694
53216001,-1117,1378,128532,-3723,-2957,133501,113,19230,451,0,42524,0.00100100000000225
53217000,-3625,3846,125409,-5053,3295,121958,113,19225,463,1,42525,0.0009990000000001942
53218000,-6805,9640,128117,-15346,6172,126636,134,19228,549,1,42526,0.0009999999999976694
53219000,-3660,12865,127485,-10569,11598,122792,110,19233,451,1,42527,0.0009999999999976694
53220000,4104,4517,126903,4349,-2020,123396,110,19223,451,0,42528,0.0010000000000047748
53221000,-2427,-12557,124062,4597,-15205,136061,85,19223,451,0,42529,0.0009999999999976694
53222001,357,3093,125562,-10215,2575,118743,109,19232,348,0,42530,0.00100100000000225
53223000,-1565,5126,127523,-3884,2901,126951,109,19227,446,0,42531,0.0009990000000001942
53224002,-1537,18896,126642,2658,14819,120768,128,19220,524,1,42532,0.0010019999999997253
53225000,-579,8743,124923,-6807,5416,124387,109,19231,446,1,42533,0.0009979999999956135
53226001,2388,6350,126416,2282,4476,123357,94,19230,385,1,42534,0.00100100000000225
53227000,11817,5117,123388,6556,591,125801,126,19230,516,0,42535,0.0009990000000001942
53228000,10255,-4741,123264,8977,-9546,129112,112,19234,516,0,42536,0.0009999999999976694
53229000,7683,-2551,125961,6398,-6343,126342,112,19224,459,0,42537,0.0010000000000047748
53230000,4009,-3287,125257,501,-6616,128494,112,19225,459,1,42538,0.0009999999999976694
53231000,-366,15569,130848,-3944,13041,126699,132,19230,541,1,42539,0.0009999999999976694
53232000,9905,8768,125364,4878,5854,121905,108,19232,442,1,42540,0.0010000000000047748
53233000,8688,3118,124165,15093,-680,122505,101,19232,414,0,42541,0.0009999999999976694
53234000,13082,129,126062,-1505,-2475,129371,110,19225,414,0,42542,0.0009999999999976694
53235000,8385,-15735,125607,11991,-18115,135170,108,19229,451,0,42543,0.0010000000000047748
53236000,4608,1261,132575,10434,-5022,126631,108,19229,442,0,42544,0.0009999999999976694
53237004,1695,3085,128951,-12211,-4388,129291,117,19220,479,1,42545,0.0010040000000017812
53238000,-1177,14106,131381,6107,10256,122662,111,19227,455,1,42546,0.000996000000000663
53239001,5877,4113,128010,2433,-5838,131547,100,19227,410,1,42547,0.0010009999999951447
53240000,6853,-9965,127200,-3889,-10432,128151,134,19226,410,0,42548,0.0009990000000001942
53241000,9986,1044,131237,12518,-1547,126533,108,19225,549,0,42549,0.0010000000000047748
53242002,3818,-13036,126181,9341,-10678,140951,108,19228,442,0,42550,0.0010019999999997253
53243000,-2744,6429,134662,-16586,6639,116651,105,19230,430,1,42551,0.0009979999999956135
53244000,-3471,-279,131606,4110,-2946,135656,150,19230,614,1,42552,0.0010000000000047748
53245000,-10901,-271,131681,-1220,5193,128706,110,19234,451,1,42553,0.0009999999999976694
53246000,724,319,127880,-23832,-6809,128533,100,19234,451,1,42554,0.0009999999999976694
53247000,460,-9836,128104,4739,-10609,137100,128,19226,410,0,42555,0.0010000000000047748
53248000,5257,7791,128316,4377,8997,116275,128,19226,524,0,42556,0.0009999999999976694
53249001,-5895,286,131792,-19336,-8099,137468,112,19231,459,0,42557,0.00100100000000225
53250000,-6271,-1206,130822,-10444,988,128492,121,19221,496,1,42558,0.0009990000000001942
53251000,-9662,4146,130789,-8188,2969,134476,112,19234,459,1,42559,0.0009999999999976694
53252000,-10480,9186,129344,-12024,9994,119574,106,19234,459,1,42560,0.0009999999999976694
53253000,-1922,11586,129031,-9025,3783,121429,125,19229,434,0,42561,0.0010000000000047748
53254000,-3541,-11489,126302,-4005,-17875,150856,125,19216,512,0,42562,0.0009999999999976694
53255002,-309,-1939,126530,-3299,-4926,109442,96,19230,393,0,42563,0.0010019999999997253
53256000,-4176,10842,129822,-11074,10770,130311,101,19228,414,0,42564,0.000998000000002719
53257000,-6384,6915,127946,-8593,2241,121248,143,19229,586,1,42565,0.0009999999999976694
53258000,-5930,3004,125449,-8126,1221,129348,118,19229,586,1,42566,0.0009999999999976694
53259000,-4291,2490,126463,-9917,1039,131750,104,19231,483,1,42567,0.0010000000000047748
53260000,862,10360,124304,425,8373,111582,104,19222,426,0,42568,0.0009999999999976694
53261000,1537,1151,125865,2470,-3189,132233,116,19232,475,0,42569,0.0009999999999976694
53262000,3685,-1800,123314,-5159,-3841,124280,109,19224,446,0,42570,0.0010000000000047748
53263000,1276,-3007,125428,-251,-6791,131106,113,19221,463,1,42571,0.0009999999999976694
53264000,-3629,16054,127679,-1142,13140,114372,143,19221,463,1,42572,0.0009999999999976694
53265000,-560,14252,125717,-13437,6118,122900,104,19228,586,1,42573,0.0010000000000047748
53266000,5558,7308,128940,13440,3692,133520,104,19230,426,0,42574,0.0009999999999976694
53267000,5001,-5389,119704,12234,-9095,120895,113,19228,463,0,42575,0.0009999999999976694
53268000,9472,5020,124340,-8364,4033,123046,97,19226,397,0,42576,0.0010000000000047748
53269000,8034,11286,126757,13986,7429,120078,109,19226,446,0,42577,0.0009999999999976694
53270007,9016,1762,125895,6107,-946,131228,137,19226,561,1,42578,0.0010070000000013124
53271000,4849,6004,130021,-8122,3144,125867,112,19228,561,1,42579,0.0009930000000011319
53272000,7173,-1817,126366,15572,-5210,126320,97,19227,459,1,42580,0.0009999999999976694
53273000,9315,-9930,123944,8517,-12905,127640,97,19226,397,0,42581,0.0009999999999976694
53274001,5786,4228,128055,-4191,684,124526,149,19232,610,0,42582,0.00100100000000225
53275000,10322,-2533,125936,11023,-6013,133876,103,19227,422,0,42583,0.0009990000000001942
53276005,3601,10239,129504,4890,7107,117091,106,19227,434,1,42584,0.0010049999999992565
53277001,1406,1290,132195,-3836,-2658,132731,121,19228,434,1,42585,0.000996000000000663
53278000,2787,6734,128848,7893,4623,127786,106,19229,496,1,42586,0.0009990000000001942
53279002,2404,4116,128301,-5043,-621,127467,106,19230,434,1,42587,0.0010019999999997253
53280002,9028,-2357,131153,1982,-6047,133474,112,19220,459,0,42588,0.0009999999999976694
53281000,6708,-10123,126987,11581,-12359,127710,91,19228,373,0,42589,0.000998000000002719
53282000,3033,-4440,131300,5823,-7923,137123,101,19228,414,0,42590,0.0009999999999976694
53283000,-1116,-218,128794,-13788,-2484,121637,125,19228,414,1,42591,0.0009999999999976694
53284001,-1268,16902,132326,-13412,12323,124112,113,19220,512,1,42592,0.00100100000000225
53285000,-4831,8161,134101,7533,7455,131992,113,19235,463,1,42593,0.0009990000000001942
53286000,-3661,-14709,127425,-5789,-21762,134579,98,19226,401,1,42594,0.0009999999999976694
53287000,-3843,-11419,129830,-17367,-11315,134276,146,19232,598,0,42595,0.0010000000000047748
53288001,160,3904,130536,-635,4186,121719,106,19229,434,0,42596,0.0010009999999951447
53289000,-5637,3380,132979,947,16435,126123,109,19229,434,0,42597,0.0009990000000001942
53290000,-8537,16734,131667,-18327,-8513,129384,131,19224,446,1,42598,0.0010000000000047748
53291000,-6833,-10876,126547,-6918,-8662,139542,131,19229,537,1,42599,0.0009999999999976694
53292000,-4567,6707,131704,2341,7078,123236,114,19232,467,1,42600,0.0009999999999976694
53293000,-5207,8621,128024,-12409,-1789,121243,110,19223,451,0,42601,0.0010000000000047748
53294000,-6107,1464,127920,-13657,-4855,133254,128,19233,524,0,42602,0.0009999999999976694
53295000,-2884,-9272,125700,-2046,-10204,131169,102,19233,524,0,42603,0.0009999999999976694
53296000,-2906,9512,126844,-4598,10483,119334,120,19230,418,1,42604,0.0010000000000047748
53297000,-7015,18551,129100,-13642,9902,119425,120,19223,491,1,42605,0.0009999999999976694
53298002,-6256,467,126349,-10638,-3749,131595,114,19230,467,1,42606,0.0010019999999997253
53299000,1607,4458,128319,-4904,1167,129906,103,19228,422,1,42607,0.000998000000002719
53300000,1541,1237,123429,4716,431,123312,139,19230,569,0,42608,0.0009999999999976694
53301000,1016,2652,125055,-4082,6003,118764,111,19230,569,0,42609,0.0009999999999976694
53302000,545,-1253,124230,-13167,-6528,128508,111,19225,455,0,42610,0.0010000000000047748
53303003,709,-1040,126053,2566,-936,134759,111,19227,455,1,42611,0.0010029999999972006
53304002,-1648,12691,125659,-3896,13339,117167,158,19230,647,1,42612,0.0009990000000001942
53305002,-1856,14754,127716,-1099,9447,121988,112,19232,459,1,42613,0.0009999999999976694
53306000,3650,615,122311,6342,-4420,128243,98,19224,401,0,42614,0.000998000000002719
53307000,9394,-5261,122959,-2152,-10537,125725,85,19224,401,0,42615,0.0009999999999976694
53308000,8449,1963,128147,21858,-3943,123023,111,19232,348,0,42616,0.0010000000000047748
53309001,5099,3941,125738,1844,840,120771,111,19229,455,0,42617,0.0010009999999951447
53310000,3768,965,128221,-8490,-1290,130407,121,19222,496,1,42618,0.0009990000000001942
53311000,3322,9963,128159,10603,7768,124586,111,19229,455,1,42619,0.0010000000000047748
53312000,7979,6939,122963,4971,1764,125256,99,19230,405,1,42620,0.0009999999999976694
53313000,5304,17041,127374,-1947,17068,115469,125,19230,512,0,42621,0.0009999999999976694
53314000,16819,-7039,126420,7453,-13215,132074,102,19225,512,0,42622,0.0010000000000047748
53315000,7915,-19053,126804,25223,-20877,140821,106,19229,418,0,42623,0.0009999999999976694
53316001,4150,5238,130615,-11025,1256,123608,106,19225,434,1,42624,0.00100100000000225
53317000,-684,6707,131073,-8257,4177,123530,142,19229,582,1,42625,0.0009990000000001942
53318000,-944,22628,132974,13676,19833,122760,111,19232,455,1,42626,0.0009999999999976694
53319000,3195,-13302,126327,-10247,-17782,138235,97,19232,397,1,42627,0.0009999999999976694
53320002,7518,-7004,128284,2455,-9359,121070,131,19224,397,0,42628,0.0010019999999997253
53321000,12119,77,130792,21880,-3567,131667,106,19233,537,0,42629,0.000998000000002719
53322000,1894,-9261,128586,-889,-12378,130460,106,19231,434,0,42630,0.0009999999999976694
53323000,5241,12579,135127,-23630,8646,126642,112,19220,459,1,42631,0.0010000000000047748
53324000,-10525,2717,129919,9353,-344,133115,128,19235,524,1,42632,0.0009999999999976694
53325000,-8415,11836,129401,-10699,9605,119286,99,19235,405,1,42633,0.0009999999999976694
53326003,-73,-8542,131141,-22496,-11646,142132,115,19231,405,0,42634,0.001003000000004306
53327000,126,-8993,128598,11459,-14485,135171,97,19224,471,0,42635,0.0009969999999981383
53328002,2986,13143,133094,-5700,10740,126272,97,19228,397,0,42636,0.0010019999999997253
53329000,-7465,243,129980,-12870,-1912,129265,110,19227,451,0,42637,0.000998000000002719
53330000,-5441,2958,130404,-7856,-260,130052,143,19224,586,1,42638,0.0009999999999976694
53331000,-13725,3822,130660,-13409,207,132536,114,19230,467,1,42639,0.0009999999999976694
53332000,-1962,17071,130578,-12317,12217,114368,97,19230,467,1,42640,0.0010000000000047748
53333001,-3896,2807,127572,-5481,-8498,135052,161,19225,397,0,42641,0.0010009999999951447
53334000,-2750,-12325,125112,-7432,-9053,127946,161,19231,659,0,42642,0.0009990000000001942
53335002,2435,-1062,127216,-3627,1183,127183,104,19230,426,0,42643,0.0010019999999997253
53336000,-5861,-5987,126655,-4381,9223,129091,108,19222,442,1,42644,0.000998000000002719
53337000,-5676,26282,131479,-15780,13684,112105,122,19226,500,1,42645,0.0009999999999976694
53338000,-10227,5039,125785,37,-3542,137687,108,19226,500,1,42646,0.0010000000000047748
53339000,-3244,-7873,126792,-9363,-3997,127777,112,19233,442,0,42647,0.0009999999999976694
53340000,1713,3627,126016,-2091,-954,120527,112,19222,459,0,42648,0.0009999999999976694
53341000,3220,5709,123236,6929,2699,126915,97,19230,397,0,42649,0.0010000000000047748
53342000,2944,6046,125972,-11844,2087,121755,109,19228,446,0,42650,0.0009999999999976694
53343001,-1184,3744,125296,-2922,3543,127981,135,19220,553,1,42651,0.00100100000000225
53344000,-2082,12326,125183,-1861,15645,123780,115,19220,553,1,42652,0.0009989999999930887
53345000,4236,3842,122488,-2824,5254,124891,95,19226,471,1,42653,0.0010000000000047748
53346000,7906,2830,124415,11694,-2378,122938,95,19229,389,0,42654,0.0009999999999976694
53347000,8850,-5123,120553,2784,-9410,125791,125,19233,512,0,42655,0.0009999999999976694
53348001,8945,-5404,126558,6320,-5310,135896,107,19229,438,0,42656,0.00100100000000225
53349001,7307,2929,126909,9281,-2298,116198,112,19221,459,1,42657,0.0009999999999976694
53350000,1759,7701,128541,-3213,8044,123730,127,19221,459,1,42658,0.0009990000000001942
53351000,-824,9314,131126,8308,1659,127077,109,19228,520,1,42659,0.0010000000000047748
53352000,5834,-9524,123718,3925,-13282,129642,109,19229,446,1,42660,0.0009999999999976694
53353000,7504,13385,126181,3947,14391,120350,105,19222,430,0,42661,0.0009999999999976694
53354000,13218,6981,128474,9233,165,126100,83,19232,340,0,42662,0.0010000000000047748
53355001,9911,-6865,127739,11059,-9293,131175,105,19228,430,0,42663,0.0010009999999951447
53356000,3716,1209,130257,-3330,-5402,127689,123,19228,430,1,42664,0.0009990000000001942
53357000,1754,1736,130504,-881,-2352,134368,114,19221,504,1,42665,0.0010000000000047748
53358000,-44,15360,130200,8178,12775,117281,114,19229,467,1,42666,0.0009999999999976694
53359000,7157,559,129186,-6163,-6797,135777,100,19230,410,0,42667,0.0009999999999976694
53360000,8205,-7328,128711,2100,-10457,131122,140,19227,573,0,42668,0.0010000000000047748
53361000,5950,-4288,127880,19600,-6478,123356,108,19228,442,0,42669,0.0009999999999976694
53362000,3778,4226,129033,-8504,1558,135423,109,19228,446,0,42670,0.0009999999999976694
53363000,3022,3254,129702,-12502,1323,125919,153,19225,446,1,42671,0.0010000000000047748
53364000,-1864,3554,132910,7454,471,133815,112,19226,627,1,42672,0.0009999999999976694
53365001,-4491,6633,130891,-7975,4062,122449,112,19233,459,1,42673,0.00100100000000225
53366001,-1373,-10557,128289,-15846,-14348,131244,104,19222,426,0,42674,0.0009999999999976694
53367002,-512,-7921,130308,3911,-12854,137935,115,19234,471,0,42675,0.00100100000000225
53368000,-694,-612,128020,654,-5412,127232,114,19234,467,0,42676,0.0009979999999956135
53369000,-6296,17714,135950,-18364,16403,120748,127,19225,467,1,42677,0.0010000000000047748
53370000,-8919,1953,130075,-11954,-1037,130971,117,19222,520,1,42678,0.0009999999999976694
53371000,-8389,-568,129369,-7347,-4845,131043,117,19228,479,1,42679,0.0009999999999976694
53372000,-5246,5878,129391,-4772,3295,128451,101,19231,414,1,42680,0.0010000000000047748
53373000,-5472,7267,127447,-13374,6070,120249,130,19219,532,0,42681,0.0009999999999976694
53374000,-1541,1114,127994,-6950,-1910,129820,103,19219,422,0,42682,0.0009999999999976694
53375000,-2269,-4654,127170,2429,-6930,127753,105,19230,422,0,42683,0.0010000000000047748
53376000,-4429,683,125820,-14377,-4741,120013,149,19226,430,1,42684,0.0009999999999976694
53377000,-8829,21248,129818,-14870,17844,120852,149,19229,610,1,42685,0.0009999999999976694
53378000,-3391,-338,124267,-1188,109,134625,113,19231,463,1,42686,0.0010000000000047748
53379000,-1291,2193,124220,-7746,-5329,119120,104,19225,426,0,42687,0.0009999999999976694
53380001,-1551,-1612,124899,-8427,-8475,132356,112,19232,459,0,42688,0.00100100000000225
53381000,1835,-4745,122918,4503,-1133,118507,106,19232,459,0,42689,0.0009990000000001942
53382000,312,6553,126953,-7933,-242,131722,118,19230,434,0,42690,0.0009999999999976694
53383000,-3151,-1502,126819,-10547,17938,123088,118,19218,483,1,42691,0.0009999999999976694
53384000,-3595,23538,127182,7146,9869,115257,124,19230,508,1,42692,0.0010000000000047748
53385001,4723,-5944,122614,-8955,-7528,136224,100,19232,410,1,42693,0.0010009999999951447
53386000,8550,5678,125883,19800,4328,117426,121,19233,496,0,42694,0.0009990000000001942
53387000,8728,-370,123484,4021,-12880,129374,108,19233,496,0,42695,0.0010000000000047748
53388000,6784,-2092,125606,-873,2404,123784,112,19227,442,0,42696,0.0009999999999976694
53389000,2953,-6480,127232,4575,-7270,131422,112,19224,459,1,42697,0.0009999999999976694
53390000,349,2763,128078,-488,8994,122313,146,19228,598,1,42698,0.0010000000000047748
53391000,1058,17887,128189,5466,5518,123133,114,19232,467,1,42699,0.0009999999999976694
53392000,4705,-10711,123304,8253,-10852,132440,99,19228,405,1,42700,0.0009999999999976694
53393002,11158,5047,128270,1115,1965,118887,128,19228,405,0,42701,0.0010019999999997253
53394000,10097,-11523,126393,14301,-17886,139449,102,19232,524,0,42702,0.000998000000002719
53395000,7057,-511,127318,10842,3745,119489,102,19227,418,0,42703,0.0009999999999976694
53396001,238,5859,131207,-15468,574,131263,106,19224,434,1,42704,0.00100100000000225
53397000,1677,2006,128562,2428,2361,133527,109,19232,446,1,42705,0.0009990000000001942
53398000,1264,3591,126894,11638,1262,121966,108,19231,442,1,42706,0.0009999999999976694
53399000,6401,-5940,127148,-11944,-9721,136133,119,19231,442,0,42707,0.0010000000000047748
53400000,10943,-1469,127457,14789,-2085,122168,91,19220,487,0,42708,0.0009999999999976694
53401002,6997,-4878,129726,10444,-13535,137413,91,19230,373,0,42709,0.0010019999999997253
53402000,200,976,132895,-16406,328,123883,103,19227,422,0,42710,0.000998000000002719
53403000,-4916,12905,134352,-8940,6898,126176,129,19224,528,1,42711,0.0009999999999976694
53404000,-6876,1129,131550,1634,-1095,136420,112,19232,459,1,42712,0.0009999999999976694
53405000,-6023,1632,129557,-9977,-2034,125198,97,19232,397,1,42713,0.0009999999999976694
53406000,1386,-7817,128077,-12324,-14176,133435,148,19225,397,0,42714,0.0010000000000047748
53407000,2024,16215,129918,10759,12884,111735,104,19233,606,0,42715,0.0009999999999976694
53408000,-1412,-694,130729,-7044,-4151,133858,104,19231,426,0,42716,0.0009999999999976694
53409000,-6590,-4165,132601,-17978,-6617,135660,111,19221,455,1,42717,0.0010000000000047748
53410002,-10905,6768,129984,-9802,4615,126087,135,19229,553,1,42718,0.0010019999999997253
53411002,-9842,10532,130000,-10188,7728,127149,109,19229,446,1,42719,0.0009999999999976694
53412000,-927,5523,127374,-7663,1839,123120,110,19232,446,1,42720,0.000998000000002719
53413000,-1503,-4033,125505,-7435,-6703,132749,119,19217,451,0,42721,0.0009999999999976694
53414000,-1248,815,126075,-5517,-2070,124437,119,19230,487,0,42722,0.0009999999999976694
53415000,-1971,10613,129311,-3941,7473,120274,101,19228,414,0,42723,0.0010000000000047748
53416000,-5886,12137,128204,-12232,8645,129168,123,19229,504,1,42724,0.0009999999999976694
53417000,-6064,6536,126980,-10517,2926,125491,117,19229,479,1,42725,0.0009999999999976694
53418000,-5774,1676,128766,-4559,-1561,132231,102,19228,479,1,42726,0.0010000000000047748
53419001,1489,15662,124275,-5807,13499,113676,141,19227,418,0,42727,0.0010009999999951447
53420000,1994,1911,126191,-2877,403,125851,141,19233,577,0,42728,0.0009990000000001942
53421000,2406,-5886,125475,3498,-9506,132757,107,19228,438,0,42729,0.0010000000000047748
53422000,-892,11109,126175,-7080,8770,119905,109,19220,446,0,42730,0.0009999999999976694
53423000,-4356,10107,126835,-4441,9400,123038,145,19228,594,1,42731,0.0009999999999976694
53424000,-905,10605,125326,892,6579,123917,106,19228,594,1,42732,0.0010000000000047748
53425000,4783,3611,125157,-7451,3790,128590,99,19234,434,1,42733,0.0009999999999976694
53426001,8110,5240,122811,13878,-1088,116431,99,19225,405,0,42734,0.00100100000000225
53427000,10026,614,124488,8761,158,128492,96,19229,393,0,42735,0.0009990000000001942
53428000,9659,-4218,125160,-982,-3193,123938,116,19227,475,0,42736,0.0009999999999976694
53429001,7589,3461,127031,11963,-1574,131527,128,19225,524,1,42737,0.00100100000000225
53430001,2712,-2022,129178,-875,11662,123435,112,19225,524,1,42738,0.0009999999999976694
53431000,4778,15506,129243,-2685,3317,121219,99,19231,459,1,42739,0.0009990000000001942
53432002,6905,-11222,123191,9940,-16360,140158,99,19228,405,0,42740,0.0010019999999997253
53433003,5399,-3404,126883,-1046,-1509,121426,136,19229,557,0,42741,0.00100100000000225
53434000,9803,-1336,127739,13686,-8190,126483,100,19229,410,0,42742,0.0009969999999981383
53435001,7703,3137,127067,2009,2470,126452,100,19227,410,0,42743,0.00100100000000225
53436000,3374,4615,130015,-2332,177,127692,133,19227,410,1,42744,0.0009990000000001942
53437000,624,5818,130137,-707,4154,129137,109,19231,545,1,42745,0.0009999999999976694
53438000,2735,4706,129716,847,-1565,128629,109,19230,446,1,42746,0.0009999999999976694
53439000,5376,-4986,130802,5202,-9600,131587,102,19225,418,0,42747,0.0010000000000047748
53440002,8210,-9885,128648,6474,-12779,130914,122,19230,500,0,42748,0.0010019999999997253
53441000,4992,-7618,127930,7204,-6643,130310,103,19231,422,0,42749,0.0009979999999956135
53442000,4754,345,130426,-23032,4917,128517,113,19231,422,1,42750,0.0010000000000047748
53443000,-2296,15857,133154,4790,10118,116256,109,19220,463,1,42751,0.0009999999999976694
53444000,-8887,4536,130498,4595,-2536,134312,109,19230,446,1,42752,0.0009999999999976694
53445000,-5484,-11239,129322,-20454,-15402,134636,98,19233,401,1,42753,0.0010000000000047748
53446000,-1511,-16631,127624,-2412,-15573,135043,124,19224,508,0,42754,0.0009999999999976694
53447000,2912,6597,130165,4730,8593,124681,99,19229,405,0,42755,0.0009999999999976694
53448000,-2972,7389,130227,-13448,2102,124432,107,19229,405,0,42756,0.0010000000000047748
53449000,-6096,7344,132311,-16314,6263,129214,149,19227,438,1,42757,0.0009999999999976694
53450000,-5443,817,127700,-7346,-2532,134141,149,19229,610,1,42758,0.0009999999999976694
53451000,-6979,8198,129968,-5587,9385,125859,114,19234,467,1,42759,0.0010000000000047748
53452000,-5246,10789,129142,-13266,7764,122600,100,19227,410,0,42760,0.0009999999999976694
53453000,-4204,-11402,123807,-11510,-17855,132895,162,19230,664,0,42761,0.0009999999999976694
53454002,-1596,1612,130910,-3880,-908,133003,102,19230,418,0,42762,0.0010019999999997253
53455000,-1200,4043,125038,-5449,3203,118155,112,19230,418,0,42763,0.000998000000002719
53456000,-6113,23399,130779,-5469,19613,118458,112,19221,459,1,42764,0.0009999999999976694
53457000,-5112,2434,125933,-16920,-2127,130122,112,19228,459,1,42765,0.0010000000000047748
53458000,-748,3298,127451,-2494,523,128875,110,19232,451,1,42766,0.0009999999999976694
53459000,-576,3842,127609,3341,832,124385,119,19225,487,0,42767,0.0009999999999976694
53460000,492,-5053,123839,-4859,-5990,123598,96,19225,393,0,42768,0.0010000000000047748
53461000,1453,4158,124394,-7371,750,126997,106,19227,393,0,42769,0.0009999999999976694
53462000,824,2706,123600,-313,-563,125033,143,19230,434,1,42770,0.0009999999999976694
53463001,-2440,24888,127874,-683,22320,118645,143,19223,586,1,42771,0.00100100000000225
53464000,-1718,8698,125348,-8593,6352,122937,115,19234,471,1,42772,0.0009990000000001942
53465000,5446,-374,124982,2965,-3901,122529,95,19225,389,0,42773,0.0009999999999976694
53466000,8964,-6043,126675,10279,-9670,138406,107,19228,438,0,42774,0.0010000000000047748
53467000,7987,6581,124182,3489,3359,116270,111,19228,438,0,42775,0.0009999999999976694
53468001,3393,4838,128370,7965,3522,127006,119,19232,455,0,42776,0.00100100000000225
53469000,6753,-3542,124847,1087,-9259,130797,119,19224,487,1,42777,0.0009989999999930887
53470000,3592,21858,130627,1728,17867,126231,128,19229,524,1,42778,0.0010000000000047748
53471000,5886,7018,123458,7160,351,118960,105,19231,430,1,42779,0.0009999999999976694
53472000,12895,5397,126585,5529,4642,124278,109,19219,446,0,42780,0.0009999999999976694
53473000,11584,-10023,125783,2735,-13248,138167,85,19219,446,0,42781,0.0010000000000047748
53474000,10469,-12542,126189,15290,-12924,130383,103,19230,348,0,42782,0.0009999999999976694
53475002,1926,-1241,130317,3717,3646,124951,103,19227,422,1,42783,0.0010019999999997253
53476000,1143,12410,131117,-11999,11868,122563,130,19228,532,1,42784,0.000998000000002719
53477000,-735,10518,131260,4609,6636,134623,117,19228,479,1,42785,0.0009999999999976694
53478000,2700,-1362,128153,4789,-9807,125432,99,19226,405,1,42786,0.0009999999999976694
53479000,9889,-3188,127810,-2338,-9190,125381,152,19226,405,0,42787,0.0010000000000047748
53480002,7232,-5248,131975,28336,-6063,135276,103,19229,623,0,42788,0.0010019999999997253
53481000,7379,-9180,128421,-8455,-17526,130782,103,19232,422,0,42789,0.0009979999999956135
53482000,-108,4129,132534,-20601,8178,129388,109,19226,446,1,42790,0.0010000000000047748
53483000,-6831,14831,134921,6355,9670,124511,138,19227,565,1,42791,0.0009999999999976694
53484000,-6056,6972,129443,-1339,236,127507,109,19231,446,1,42792,0.0009999999999976694
53485000,-1276,-9491,129220,-20059,-16273,137045,106,19231,446,0,42793,0.0010000000000047748
53486000,-926,-13417,127658,2442,-11161,131426,99,19223,434,0,42794,0.0009999999999976694
53487000,2116,3501,130518,1289,8289,121387,99,19230,405,0,42795,0.0009999999999976694
53488000,-5136,11864,132742,-17971,4815,132132,117,19229,479,0,42796,0.0010000000000047748
53489000,-5350,-5439,126936,-2753,-1805,136220,131,19225,537,1,42797,0.0009999999999976694
53490000,-9654,4621,129046,-16100,5738,123281,117,19228,479,1,42798,0.0009999999999976694
53491000,-6167,6149,129340,-15116,12600,125040,103,19228,479,1,42799,0.0010000000000047748
53492000,-2887,1762,128735,2778,-6429,128588,141,19229,422,0,42800,0.0009999999999976694
53493010,-5736,-15680,124275,-8426,-18289,137509,100,19225,577,0,42801,0.0010100000000008436
53494003,-2834,4305,127848,-10400,7099,123798,100,19232,410,0,42802,0.0009930000000011319
53495002,-5343,7778,128185,-8526,2463,122656,102,19232,418,1,42803,0.0009990000000001942
53496001,-5983,8250,129150,-3886,5924,125902,138,19224,565,1,42804,0.0009990000000001942
53497000,-8058,6332,128488,-11785,2060,124530,113,19224,463,1,42805,0.0009990000000001942
53498002,-3008,5885,124529,-4174,1340,125908,107,19232,463,1,42806,0.0010019999999997253
53499002,217,4569,125891,164,-330,124237,94,19227,438,0,42807,0.0009999999999976694
53500000,3346,-7757,124032,-5060,-13134,126634,94,19231,385,0,42808,0.000998000000002719
53501000,3004,15730,127659,6517,13441,120238,107,19226,438,0,42809,0.0009999999999976694
53502000,-4121,-53,125662,-12386,-1547,126418,119,19216,487,1,42810,0.0009999999999976694
53503001,-3488,14724,128020,-6035,12243,126407,111,19216,455,1,42811,0.00100100000000225
53504001,742,13094,125005,-1061,9719,120555,98,19227,455,1,42812,0.0009999999999976694
53505000,6705,6593,123065,6045,4388,121360,125,19230,401,0,42813,0.0009990000000001942
53506000,9626,-11400,123007,9323,-17248,125989,125,19231,512,0,42814,0.0010000000000047748
53507000,11374,-12320,122325,6320,-15520,128367,106,19227,434,0,42815,0.0009999999999976694
53508000,4460,11017,128952,5683,8009,123159,112,19224,459,0,42816,0.0009999999999976694
53509000,2990,9425,128732,-1957,5853,121547,143,19224,586,1,42817,0.0010000000000047748
53510000,4333,8676,129603,1384,6073,128488,112,19227,586,1,42818,0.0009999999999976694
53511000,2666,-5442,124867,9945,-8752,131751,97,19231,459,1,42819,0.0009999999999976694
53512002,10176,-3272,124475,1810,-7214,122461,97,19227,397,0,42820,0.0010019999999997253
53513002,12724,13070,126958,10911,11030,120327,116,19232,475,0,42821,0.0010000000000047748
53514000,11027,-5134,126403,13116,-9302,131263,103,19230,422,0,42822,0.0009979999999956135
53515000,6235,-585,129861,300,-7317,127882,110,19221,451,1,42823,0.0010000000000047748
53516000,-3718,9579,131314,-1193,6754,126507,108,19221,451,1,42824,0.0009999999999976694
53517000,457,4494,128650,-1524,2615,128747,100,19229,442,1,42825,0.0009999999999976694
53518000,4170,-6584,130487,-856,-7913,135192,100,19231,410,1,42826,0.0010000000000047748
53519002,8158,-8385,128790,4113,-12290,130217,123,19227,504,0,42827,0.0010019999999997253
53520000,9824,-2930,128383,9085,-7066,120441,97,19228,397,0,42828,0.0009979999999956135
53521000,-995,7267,131680,8006,7328,130722,105,19226,430,0,42829,0.0010000000000047748
53522000,3944,-2285,129350,-21972,-1155,132681,137,19226,430,1,42830,0.0009999999999976694
53523000,-5720,6800,133821,-1707,9542,130008,108,19224,561,1,42831,0.0009999999999976694
53524001,-3783,-6505,129897,7180,7187,126070,108,19233,442,1,42832,0.00100100000000225
53525002,-4548,1545,127859,-20305,-15170,129260,97,19229,397,0,42833,0.00100100000000225
53526000,-1368,-20262,126900,6040,-21743,146403,133,19232,545,0,42834,0.0009979999999956135
53527000,-115,-944,131602,-163,3306,118652,110,19229,451,0,42835,0.0010000000000047748
53528000,-10368,21477,132875,-21295,13942,122139,116,19229,451,0,42836,0.0009999999999976694
53529000,-5441,10836,132249,-15225,2282,131052,120,19224,475,1,42837,0.0009999999999976694
53530000,-8090,-3993,127974,-3008,-7311,135282,120,19229,491,1,42838,0.0009999999999976694
53531000,-5937,4798,129958,-8958,5078,124277,104,19230,426,1,42839,0.0010000000000047748
53532000,-4706,7573,127544,-13067,1932,122012,113,19216,463,0,42840,0.0009999999999976694
53533000,-3273,-3304,126190,-2419,-7859,131028,98,19231,401,0,42841,0.0009999999999976694
53534000,219,1688,127937,-4289,658,127197,105,19231,401,0,42842,0.0010000000000047748
53535000,-5030,1069,126272,-14202,2894,125281,130,19230,430,1,42843,0.0009999999999976694
53536000,-6608,11814,127667,-13101,17371,116287,130,19226,532,1,42844,0.0009999999999976694
53537000,-3155,4531,128756,-6699,-5393,131510,113,19229,463,1,42845,0.0010000000000047748
53538000,-317,-4658,124563,9176,-4224,135379,100,19226,410,0,42846,0.0009999999999976694
53539000,-3800,1395,124899,-11255,-2871,121673,133,19231,545,0,42847,0.0009999999999976694
53540000,-560,2199,123651,-9527,1141,121323,116,19231,545,0,42848,0.0010000000000047748
53541000,1656,7973,126370,5910,2761,126203,113,19230,475,0,42849,0.0009999999999976694
53542000,-1,4229,125691,-1459,-2721,126835,113,19227,463,1,42850,0.0009999999999976694
53543000,-4275,12698,126903,-9133,12688,122088,142,19230,582,1,42851,0.0010000000000047748
53544000,4052,16899,128168,-1059,13462,119899,105,19235,430,1,42852,0.0009999999999976694
53545000,9708,5448,123499,12040,1363,124908,104,19225,426,0,42853,0.0009999999999976694
53546000,8207,-8314,122114,6698,-15015,129786,91,19225,373,0,42854,0.0010000000000047748
53547001,7996,-11167,122323,4147,-13930,125787,111,19227,373,0,42855,0.0010009999999951447
53548000,5002,14312,129893,4568,12592,123642,126,19228,455,1,42856,0.0009990000000001942
53549000,5061,6581,126717,1329,4546,119930,126,19225,516,1,42857,0.0010000000000047748
53550000,3832,7625,129516,6295,3709,129669,111,19232,455,1,42858,0.0009999999999976694
53551000,6001,6341,125636,1804,1580,123738,95,19234,389,1,42859,0.0009999999999976694
53552000,11304,5836,127203,6014,2857,121413,141,19234,577,0,42860,0.0010000000000047748
53553000,10917,-9339,128635,16690,-12324,131875,101,19231,577,0,42861,0.0009999999999976694
53554000,7665,-9332,126742,2829,-11953,131501,104,19229,414,0,42862,0.0009999999999976694
53555000,3532,6110,131025,-6852,2276,128956,104,19221,426,1,42863,0.0010000000000047748
53556001,263,14186,131077,6492,10147,124960,123,19229,504,1,42864,0.0010009999999951447
53557000,-535,12507,129405,-224,9974,124030,109,19231,446,1,42865,0.0009990000000001942
53558000,7746,-9995,126090,-4296,-13141,128412,104,19224,426,0,42866,0.0010000000000047748
53559000,12130,-13807,128157,13001,-17908,131476,117,19224,426,0,42867,0.0009999999999976694
53560001,5029,4193,130973,14819,1284,130243,104,19233,479,0,42868,0.00100100000000225
53561002,2337,2627,130669,-21799,-817,125969,104,19229,426,0,42869,0.0010009999999951447
53562000,-3679,13479,136214,-6137,11188,125332,121,19219,496,1,42870,0.000998000000002719
53563000,-5475,-8375,129038,10644,-9560,138289,112,19231,459,1,42871,0.0009999999999976694
53564000,-5440,-2774,129653,-16242,-7055,128402,97,19229,397,1,42872,0.0010000000000047748
53565000,1332,2027,130704,-9365,-1302,125444,130,19229,397,0,42873,0.0009999999999976694
53566000,4376,6046,126734,3033,1618,124501,103,19224,532,0,42874,0.0009999999999976694
53567000,-2662,1890,131036,-1613,-1193,134281,103,19229,422,0,42875,0.0010000000000047748
53568000,-5361,-5778,130092,-15587,-8298,132830,112,19227,459,1,42876,0.0009999999999976694
53569000,-13329,6467,129978,-12995,10879,120441,146,19233,598,1,42877,0.0009999999999976694
53570000,-8839,13942,132283,-10121,9660,126039,113,19230,463,1,42878,0.0010000000000047748
53571000,-456,4587,128636,-12057,750,133394,103,19230,463,1,42879,0.0009999999999976694
53572000,-3656,-7450,124448,-417,-13626,123823,140,19225,422,0,42880,0.0009999999999976694
53573000,-1036,-2281,127264,-10218,3868,122734,140,19229,573,0,42881,0.0010000000000047748
53574000,-2942,6115,129309,-3786,316,126469,105,19231,430,0,42882,0.0009999999999976694
53575000,-5593,8724,127849,-10132,5315,127270,117,19219,479,1,42883,0.0009999999999976694
53576000,-8409,8926,127690,-14032,1908,130982,111,19228,455,1,42884,0.0010000000000047748
53577000,-7936,4532,125795,-722,6444,118982,104,19228,455,1,42885,0.0009999999999976694
53578000,2738,8628,125833,-6218,9143,126817,124,19232,426,0,42886,0.0009999999999976694
53579000,778,-5741,123572,-1586,-6333,128405,124,19226,508,0,42887,0.0010000000000047748
53580001,4540,531,125869,3144,-1905,127808,100,19229,410,0,42888,0.0010009999999951447
53581002,-2244,4514,124575,-3501,5704,124491,111,19228,455,0,42889,0.00100100000000225
53582002,-2257,12393,127178,-5826,8428,119311,148,19224,606,1,42890,0.0009999999999976694
53583000,960,6440,127388,2859,2154,138974,114,19224,606,1,42891,0.000998000000002719
53584000,1346,3941,122743,-5144,1765,116315,97,19231,467,1,42892,0.0009999999999976694
53585000,11593,8080,126098,4880,6335,121178,97,19229,397,0,42893,0.0010000000000047748
53586000,6781,-3189,122716,18223,-9225,125806,112,19226,459,0,42894,0.0009999999999976694
53587000,6380,-5078,122564,281,-6061,132333,113,19226,463,0,42895,0.0009999999999976694
53588000,4482,-111,126322,-5019,-589,129323,120,19220,491,1,42896,0.0010000000000047748
53589000,4647,20818,130592,8799,19940,113511,112,19220,459,1,42897,0.0009999999999976694
53590000,9452,11806,129368,5197,4838,128155,105,19232,459,1,42898,0.0009999999999976694
53591000,4042,-7664,125597,8318,-11277,129153,116,19232,430,1,42899,0.0010000000000047748
53592000,10609,-9070,124983,1076,-11483,134664,116,19223,475,0,42900,0.0009999999999976694
53593000,6906,2906,126351,9789,82,121521,93,19228,381,0,42901,0.0009999999999976694
53594000,8052,6369,130293,6080,268,124499,105,19227,430,0,42902,0.0009999999999976694
53595000,4305,5649,130011,-1477,3358,133668,131,19227,537,1,42903,0.0010000000000047748
53596001,934,15145,129019,-293,13545,121708,114,19228,537,1,42904,0.00100100000000225
53597000,4477,6484,129596,8060,2888,133608,101,19229,467,1,42905,0.0009989999999930887
53598000,6876,-1657,128701,430,-5529,123288,101,19226,414,0,42906,0.0010000000000047748
53599000,10672,-11300,128729,-2767,-15026,136602,153,19225,627,0,42907,0.0009999999999976694
53600000,3707,-5475,131305,20755,-7989,128955,112,19228,459,0,42908,0.0009999999999976694
53601000,-70,-770,130014,-12982,-3928,129270,112,19228,459,0,42909,0.0010000000000047748
53602000,-1191,13119,133827,-19093,9133,125925,134,19225,459,1,42910,0.0009999999999976694
53603000,-8344,6846,131952,9668,4336,122481,105,19233,549,1,42911,0.0009999999999976694
53604003,-1406,-1514,130222,-10591,-3635,135591,105,19233,430,1,42912,0.001003000000004306
53605000,-3888,-10619,128963,-15605,-15062,129096,109,19221,446,0,42913,0.0009969999999981383
53606000,1313,-8281,130982,5541,-13313,135921,93,19230,381,0,42914,0.0009999999999976694
53607000,-2575,15189,130925,1671,11954,120758,109,19227,446,0,42915,0.0010000000000047748
53608000,-7361,5384,131349,-23105,3169,126683,133,19227,446,1,42916,0.0009999999999976694
53609000,-5876,2799,130883,-12930,-316,135452,118,19223,545,1,42917,0.0009999999999976694
53610000,-8851,10909,129247,-335,6982,123782,118,19229,483,1,42918,0.0010000000000047748
53611015,-1837,5511,129528,-12978,3837,129604,102,19225,418,1,42919,0.0010149999999953252
53612000,-5671,-6306,125491,-10203,-8262,127111,146,19221,598,0,42920,0.0009850000000000136
53613000,1005,-4446,125642,-5954,-8140,133803,101,19231,414,0,42921,0.0010000000000047748
53614002,-2143,7220,128124,-2311,1110,118932,104,19231,414,0,42922,0.0010019999999997253
53615003,-7061,13775,128253,-6782,10376,125392,133,19229,426,1,42923,0.0010009999999951447
53616000,-5077,9783,128424,-15603,4730,127003,133,19229,545,1,42924,0.0009970000000052437
53617000,-4140,5886,128397,-8618,1254,126489,114,19230,467,1,42925,0.0009999999999976694
53618000,3088,-8183,125276,691,2865,126023,107,19223,438,0,42926,0.0009999999999976694
53619000,-3689,1726,124721,2239,-4867,120782,81,19229,332,0,42927,0.0010000000000047748
53620000,2902,-7373,123554,-9241,-8143,134548,105,19229,332,0,42928,0.0009999999999976694
53621000,-119,6951,127544,9392,10122,119328,122,19228,430,0,42929,0.0009999999999976694
53622000,-3651,14338,126420,-8776,10071,123468,122,19224,500,1,42930,0.0010000000000047748
53623000,-1112,11931,125318,-5721,10317,118563,112,19231,459,1,42931,0.0009999999999976694
53624000,3331,-338,123508,4768,-8074,131178,97,19232,397,1,42932,0.0009999999999976694
53625000,11463,-2944,121574,11594,-6119,125456,130,19235,532,0,42933,0.0010000000000047748
53626000,6693,7316,126132,4879,2054,117256,107,19235,532,0,42934,0.0009999999999976694
53627000,8238,-12133,125161,969,-12790,135632,111,19228,438,0,42935,0.0009999999999976694
53628000,1791,2758,128962,9401,372,123801,111,19226,455,1,42936,0.0010000000000047748
53629002,2421,8048,126518,-7561,9590,125860,140,19231,573,1,42937,0.0010019999999997253
53630002,6756,16912,126893,10398,20410,113811,110,19232,451,1,42938,0.0009999999999976694
53631002,7779,733,124806,7699,-3040,127957,101,19225,414,0,42939,0.0009999999999976694
53632000,13395,-14348,124687,-461,-15250,138379,116,19225,475,0,42940,0.000998000000002719
53633000,7048,-9965,126339,20773,-14319,129098,105,19229,475,0,42941,0.0009999999999976694
53634000,4390,495,131054,-5688,-1066,130192,113,19228,430,0,42942,0.0010000000000047748
53635000,67,11072,131102,-6345,8532,125730,113,19224,463,1,42943,0.0009999999999976694
53636000,223,5627,130019,7580,4323,129136,109,19228,446,1,42944,0.0009999999999976694
53637000,4732,7602,127661,-4735,5004,128811,101,19228,414,1,42945,0.0010000000000047748
53638000,6976,-1745,126618,541,-9069,123808,124,19228,508,0,42946,0.0009999999999976694
53639000,11895,-2219,129779,16276,-2014,127107,100,19225,508,0,42947,0.0009999999999976694
53640000,2499,-9344,128973,5733,-14489,137680,104,19232,410,0,42948,0.0010000000000047748
53641000,1272,-2244,131592,-17605,-2070,125027,104,19227,426,1,42949,0.0009999999999976694
53642000,-6580,18283,134835,-5792,14022,126998,143,19229,586,1,42950,0.0009999999999976694
53643001,-8388,468,127127,4623,-2003,126123,110,19227,451,1,42951,0.00100100000000225
53644000,-211,-654,133155,-19828,-4031,129924,98,19227,401,1,42952,0.0009990000000001942
53645000,-153,-13049,126658,-2605,-16511,137366,131,19225,401,0,42953,0.0009999999999976694
53646001,3765,7221,130516,9215,3494,119762,111,19229,537,0,42954,0.00100100000000225
53647000,-6189,4717,132698,-18060,927,128297,111,19229,455,0,42955,0.0009990000000001942
53648000,-6924,-3520,129442,-14038,-5430,132733,118,19221,483,1,42956,0.0009999999999976694
53649000,-8932,5470,132120,-4670,3734,131286,108,19228,442,1,42957,0.0010000000000047748
53650000,-10472,9861,127297,-13478,5931,122192,102,19229,418,1,42958,0.0009999999999976694
53651000,-910,13009,129689,-10036,10577,122146,117,19229,418,0,42959,0.0009999999999976694
53652000,-4789,-9752,125708,-6618,-12039,133254,93,19214,479,0,42960,0.0010000000000047748
53653000,694,-2760,129513,-2146,-5769,126736,93,19232,381,0,42961,0.0009999999999976694
53654000,-7246,5931,127269,-15780,2779,128839,103,19228,422,0,42962,0.0009999999999976694
53655002,-6101,18480,128330,-6803,14609,115216,137,19222,561,1,42963,0.0010019999999997253
53656003,-4147,7558,128494,-7316,6080,133917,117,19230,479,1,42964,0.00100100000000225
53657000,-2301,1088,123714,-4178,-3145,128393,100,19230,479,1,42965,0.0009969999999981383
53658000,2864,9628,126442,-3884,8554,127697,121,19225,410,0,42966,0.0009999999999976694
53659000,4184,-629,124351,-447,-2745,120206,121,19234,496,0,42967,0.0010000000000047748
53660000,4048,565,124497,3665,-2732,133019,107,19228,438,0,42968,0.0009999999999976694
53661000,-1122,-6003,125580,-6855,-10382,128795,112,19223,459,1,42969,0.0009999999999976694
53662000,-2549,20308,127505,-2664,14877,112544,137,19225,561,1,42970,0.0010000000000047748
53663001,153,11573,126204,-4228,-3433,131666,103,19225,561,1,42971,0.0010009999999951447
53664000,4754,-682,123016,1800,2807,120582,108,19231,422,0,42972,0.0009990000000001942
53665000,10546,-337,124280,6534,468,132415,108,19226,442,0,42973,0.0010000000000047748
53666006,6323,-6017,123423,15983,-4870,115891,91,19229,373,0,42974,0.0010059999999967317
53667000,5522,2760,126245,9588,-7957,129121,111,19226,455,0,42975,0.0009939999999986071
53668000,1492,-3785,129858,-10928,-11135,129633,137,19224,561,1,42976,0.0010000000000047748
53669001,4342,19083,130369,5199,14338,118416,114,19224,561,1,42977,0.0010009999999951447
53670002,7575,5147,127749,12800,-5659,131892,95,19229,467,1,42978,0.00100100000000225
53671000,8888,2160,125027,-1703,-905,115722,95,19230,389,0,42979,0.000998000000002719
53672000,10323,-4842,126034,7411,-13052,137418,144,19232,590,0,42980,0.0009999999999976694
53673002,8110,-13360,125994,19827,-15003,129139,112,19230,459,0,42981,0.0010019999999997253
53674000,5108,9177,128786,-6592,11939,121309,112,19224,459,1,42982,0.000998000000002719
53675000,287,12375,131847,-9155,9092,128003,130,19224,532,1,42983,0.0009999999999976694
53676000,3472,4774,129367,11832,-286,127101,107,19226,532,1,42984,0.0009999999999976694
53677001,2288,-2217,130220,714,-10534,139054,107,19233,438,1,42985,0.00100100000000225
53678000,7453,-8735,125674,-7056,-13782,123594,107,19224,438,0,42986,0.0009990000000001942
53679000,10942,-5959,131337,26702,-2204,128011,96,19231,393,0,42987,0.0009999999999976694
53680000,2478,-4503,128819,-4034,-8790,137024,106,19229,434,0,42988,0.0010000000000047748
53681000,1193,5582,131331,-23533,3503,122255,125,19229,512,1,42989,0.0009999999999976694
53682000,-6144,16496,134425,6940,13341,130341,109,19220,512,1,42990,0.0009999999999976694
53683000,-4388,2555,130280,1645,-1577,128208,94,19228,446,1,42991,0.0010000000000047748
53684000,-2762,-12293,127999,-19555,-16386,134273,94,19230,385,0,42992,0.0009999999999976694
53685000,137,-5890,130819,-5074,-7774,132453,139,19232,569,0,42993,0.0009999999999976694
53686001,340,9813,129379,7354,8671,123299,112,19227,459,0,42994,0.00100100000000225
53687000,-5755,12244,132442,-18520,8603,126212,114,19227,467,0,42995,0.0009990000000001942
53688000,-6820,-623,129866,-17972,-4778,132205,142,19224,467,1,42996,0.0009999999999976694
53689000,-4936,3383,131359,-2369,1614,135658,111,19225,582,1,42997,0.0010000000000047748
53690000,-5166,12301,129686,-9411,10954,121710,111,19231,455,1,42998,0.0009999999999976694
53691000,-2311,7743,129193,-7641,4334,126661,103,19223,422,0,42999,0.0009999999999976694
53692000,-2900,-7336,123872,-8795,-10417,133080,133,19228,545,0,43000,0.0010000000000047748
53693000,-969,55,126904,-3001,-1962,128873,105,19228,430,0,43001,0.0009999999999976694
53694000,-2934,13277,128343,-9103,10851,119045,118,19227,430,1,43002,0.0009999999999976694
53695000,-6984,11149,127654,-8953,7655,123482,115,19222,483,1,43003,0.0010000000000047748
53696000,-4243,254,127745,-11637,-2789,132090,115,19231,471,1,43004,0.0009999999999976694
53697001,-98,3457,127296,-4444,-26,127210,101,19230,414,1,43005,0.00100100000000225
53698000,-231,5437,125377,5534,2999,123202,131,19232,537,0,43006,0.0009990000000001942
53699000,965,-352,125590,-6226,-3226,123912,105,19231,430,0,43007,0.0009999999999976694
53700000,-390,1237,125475,-9756,-2150,126958,109,19231,430,0,43008,0.0009999999999976694
53701000,872,11211,126803,5091,8259,126702,153,19229,446,1,43009,0.0010000000000047748
53702000,-3739,17618,126314,-7093,15224,117535,153,19229,627,1,43010,0.0009999999999976694
53703000,-868,12975,125983,3049,10511,127362,110,19228,451,1,43011,0.0009999999999976694
53704000,6081,1412,121835,-3522,-4269,122828,98,19226,401,0,43012,0.0010000000000047748
53705000,10284,-1370,125350,4847,-6524,128440,104,19230,426,0,43013,0.0009999999999976694
53706000,9084,-6384,123806,14009,-9943,121794,120,19230,426,0,43014,0.0009999999999976694
53707000,6192,-3732,124907,-2361,-7023,131107,124,19227,491,0,43015,0.0010000000000047748
53708000,3760,2493,129792,4018,-2299,126798,124,19221,508,1,43016,0.0009999999999976694
53709000,3034,8100,127304,2970,5668,122281,110,19228,451,1,43017,0.0009999999999976694
53710000,4845,10520,127386,1721,6509,124255,103,19232,422,1,43018,0.0010000000000047748
53711000,9248,5062,126742,3636,-3645,125100,120,19222,491,0,43019,0.0009999999999976694
53712002,10297,-13297,124825,246,-7174,132506,95,19222,491,0,43020,0.0010019999999997253
53713000,6165,-3023,128226,26062,-10302,123864,103,19231,389,0,43021,0.000998000000002719
53714000,6141,-1129,129578,-16524,-9273,134459,103,19231,422,1,43022,0.0009999999999976694
53715000,-1301,16115,136215,15657,11046,122363,137,19228,561,1,43023,0.0009999999999976694
53716000,-2236,13286,131971,-1564,-2000,128458,114,19234,467,1,43024,0.0010000000000047748
53717000,3940,-5630,128848,-13253,-11075,130200,100,19227,410,1,43025,0.0009999999999976694
53718000,7384,-7083,128459,17247,-9751,127449,139,19227,410,0,43026,0.0009999999999976694
53719000,11346,-9676,126867,18512,-14708,133153,105,19226,569,0,43027,0.0009999999999976694
53720001,2471,3781,131386,-23661,6532,118324,105,19228,430,0,43028,0.00100100000000225
53721000,1805,7120,135008,-8448,4284,138183,111,19223,455,1,43029,0.0009990000000001942
53722002,-8952,2477,129205,14127,1115,125788,135,19229,553,1,43030,0.0010019999999997253
53723000,-5077,-438,130178,-23656,-5236,132379,105,19231,430,1,43031,0.000998000000002719
53724000,-478,-8035,126301,-2635,-4377,130702,111,19231,455,0,43032,0.0009999999999976694
53725000,3459,-311,129272,4039,-1432,123347,93,19222,455,0,43033,0.0009999999999976694
53726000,2331,-760,129780,-4962,-6049,135353,111,19227,381,0,43034,0.0010000000000047748
53727000,-6117,-31,130166,-9271,-1846,124977,111,19228,455,0,43035,0.0009999999999976694
53728000,-9089,2570,131394,-17308,1621,133357,138,19225,565,1,43036,0.0009999999999976694
53729002,-13224,10703,130877,-8752,8539,125701,117,19232,479,1,43037,0.0010019999999997253
53730001,-3482,9336,128608,-13871,4872,125859,101,19232,414,1,43038,0.0009990000000001942
53731000,-4468,-3679,127238,436,-8187,129008,153,19229,414,0,43039,0.0009990000000001942
53732000,-2091,-3910,125854,-5674,-6674,126657,103,19228,627,0,43040,0.0010000000000047748
53733000,-255,-168,127425,-9005,-2590,127559,103,19230,422,0,43041,0.0009999999999976694
53734000,-6942,13129,130260,-1273,10747,119959,109,19228,446,1,43042,0.0009999999999976694
53735000,-6281,6481,128517,-18053,359,129755,132,19232,541,1,43043,0.0010000000000047748
53736000,-8993,10931,127404,-5554,9087,123642,111,19232,455,1,43044,0.0009999999999976694
53737000,-161,3389,125245,-778,1666,124985,107,19232,455,0,43045,0.0009999999999976694
53738001,1309,97,123713,-8563,-1138,128165,88,19223,438,0,43046,0.00100100000000225
53739000,3326,159,122557,3569,-5137,124624,88,19228,360,0,43047,0.0009990000000001942
53740000,1666,4181,125696,-4994,1634,125102,108,19230,442,0,43048,0.0009999999999976694
53741000,-937,12168,126876,-9786,8984,121973,128,19220,524,1,43049,0.0010000000000047748
53742000,-3394,6905,126723,6386,4521,130163,112,19232,459,1,43050,0.0009999999999976694
53743000,264,6943,124707,-2485,3647,122939,97,19232,459,1,43051,0.0009999999999976694
53744000,9865,8254,124832,-1709,4080,121109,133,19231,397,0,43052,0.0010000000000047748
53745000,10111,5875,124784,14810,1537,123850,133,19232,545,0,43053,0.0009999999999976694
53746000,9516,-4333,124192,7305,-8034,125703,111,19230,455,0,43054,0.0009999999999976694
53747000,2339,-3583,128926,1366,-6620,129623,113,19225,463,1,43055,0.0010000000000047748
53748000,506,9142,127496,925,5304,122162,133,19231,545,1,43056,0.0009999999999976694
53749000,5799,7091,125922,2799,859,121137,107,19231,545,1,43057,0.0009999999999976694
53750000,7931,4567,126916,10447,1507,134075,103,19233,438,1,43058,0.0010000000000047748
53751002,12964,3785,122901,2275,-456,119575,103,19221,422,0,43059,0.0010019999999997253
53752002,10161,-5067,129591,9773,-6103,127369,110,19232,451,0,43060,0.0009999999999976694
53753000,9438,-15150,127181,13064,-19884,129464,104,19231,426,0,43061,0.000998000000002719
53754001,4715,1371,130360,-3691,-2884,130978,115,19224,471,1,43062,0.0010009999999951447
53755000,-1589,16673,131589,-1087,10954,118465,111,19224,471,1,43063,0.0009990000000001942
53756000,1573,12110,129026,4147,10871,127805,100,19229,455,1,43064,0.0010000000000047748
53757000,3698,-5064,128100,-2054,-8820,136766,100,19231,410,0,43065,0.0009999999999976694
53758000,9968,-13781,126385,1079,-14596,127787,133,19224,545,0,43066,0.0009999999999976694
53759000,7930,-3519,130898,15631,4593,127824,101,19231,414,0,43067,0.0010000000000047748
53760000,1632,3402,129751,-531,-1029,126397,104,19224,426,0,43068,0.0009999999999976694
53761001,1301,-1137,131373,-18586,-2994,137233,149,19224,426,1,43069,0.00100100000000225
53762000,-8023,3504,133374,4183,2718,124476,110,19226,610,1,43070,0.0009990000000001942
53763000,-4321,7495,129720,-11606,-1377,126269,110,19229,451,1,43071,0.0009999999999976694
53764000,-1131,-2312,130432,-12819,-10400,131988,100,19224,410,0,43072,0.0009999999999976694
53765002,2391,-8434,129040,8406,-12555,131915,121,19229,496,0,43073,0.0010019999999997253
53766000,-2822,-352,129844,-5435,1011,128051,115,19228,471,0,43074,0.000998000000002719
53767000,-7665,13733,132852,-20230,8389,122115,121,19228,496,1,43075,0.0009999999999976694
53768000,-8332,3317,129970,-9504,1623,134723,112,19223,496,1,43076,0.0010000000000047748
53769000,-8665,4947,128735,-6690,4137,124909,104,19227,459,1,43077,0.0009999999999976694
53770000,-4308,10019,129892,-9015,5112,125125,104,19231,426,1,43078,0.0009999999999976694
53771001,-2060,-9625,124051,-15220,-12819,133902,125,19213,512,0,43079,0.00100100000000225
53772000,-115,-6110,127427,2580,-8192,122460,102,19230,418,0,43080,0.0009990000000001942
53773001,-3175,-753,126644,-2907,-2247,127112,107,19230,438,0,43081,0.00100100000000225
53774002,-3561,14329,129303,-18347,10614,121831,142,19228,438,1,43082,0.0010009999999951447
53775000,-10720,5402,125219,-625,-238,130252,116,19227,582,1,43083,0.000998000000002719
53776000,-5790,14377,126423,-13577,13887,123773,116,19230,475,1,43084,0.0009999999999976694
53777000,1178,11797,125405,-1646,6508,120207,102,19224,418,0,43085,0.0010000000000047748
53778000,59,-9331,126118,3488,-12289,132451,113,19231,463,0,43086,0.0009999999999976694
53779000,5329,-5480,122776,-7196,-7657,125725,106,19231,434,0,43087,0.0009999999999976694
53780000,-2922,4919,127870,-1900,2895,128916,112,19230,434,0,43088,0.0009999999999976694
53781000,98,19426,127012,-727,17458,116248,131,19220,459,1,43089,0.0010000000000047748
53782000,-4688,6917,125685,-5896,-1151,127884,131,19230,537,1,43090,0.0009999999999976694
53783000,5857,5262,127394,-3638,5325,130816,101,19232,414,1,43091,0.0009999999999976694
53784000,8721,7805,123649,10907,2985,114529,109,19232,446,0,43092,0.0010000000000047748
53785000,9859,5269,125409,16286,195,128520,97,19229,397,0,43093,0.0009999999999976694
53786000,8228,-7148,123906,-2795,-10383,128750,113,19229,397,0,43094,0.0009999999999976694
53787000,4181,-2358,127172,2650,-4091,130609,139,19224,463,1,43095,0.0010000000000047748
53788002,2930,19733,130979,8014,17142,119078,139,19230,569,1,43096,0.0010019999999997253
53789000,4314,7301,124999,-909,4456,122482,113,19230,463,1,43097,0.0009979999999956135
53790000,8953,-2063,126333,4794,-5512,131144,97,19227,397,1,43098,0.0010000000000047748
53791000,13109,602,125879,7875,-2813,123663,141,19232,577,0,43099,0.0009999999999976694
53792000,10870,-6732,126127,13428,-9748,130726,105,19232,577,0,43100,0.0009999999999976694
53793000,3215,-448,131083,3657,-4609,126164,109,19230,430,0,43101,0.0010000000000047748
53794000,2369,779,129565,-13792,-598,129521,109,19224,446,1,43102,0.0009999999999976694
53795000,153,10832,132018,11440,6365,133440,125,19228,512,1,43103,0.0009999999999976694
53796000,787,11229,128781,2375,9902,113743,105,19227,430,1,43104,0.0010000000000047748
53797000,9190,-1340,129275,-7916,-3269,134803,112,19218,459,0,43105,0.0009999999999976694
53798000,8127,-14803,125946,16850,-19408,128327,88,19218,459,0,43106,0.0009999999999976694
53799000,7330,-2708,131496,9570,-7331,135462,106,19232,360,0,43107,0.0010000000000047748
53800000,-4591,6561,132440,-17611,2419,115000,106,19229,434,0,43108,0.0009999999999976694
53801000,306,7161,132642,-8929,6899,140703,129,19226,528,1,43109,0.0009999999999976694
53802000,-8165,-6058,129616,3828,-10374,130399,114,19231,467,1,43110,0.0010000000000047748
53803000,-5518,842,129150,-7777,142,122901,96,19229,393,1,43111,0.0009999999999976694
53804001,1297,1507,129463,-20898,3206,129176,141,19229,393,0,43112,0.00100100000000225
53805000,1945,2660,129164,8116,-1674,125644,110,19234,577,0,43113,0.0009990000000001942
53806000,-1055,2728,129638,-3121,4462,136029,110,19230,451,0,43114,0.0009999999999976694
53807000,-9219,-2647,128990,-21595,-5717,124600,114,19225,467,1,43115,0.0009999999999976694
53808002,-8768,6377,131669,-7419,6168,129781,140,19228,573,1,43116,0.0010019999999997253
53809002,-8625,11792,132142,-4628,3178,130456,113,19231,463,1,43117,0.0010000000000047748
53810000,-3657,914,126899,-10183,-749,124451,105,19231,430,1,43118,0.0009979999999956135
53811000,-2257,604,128302,-11417,-2411,131750,135,19221,430,0,43119,0.0010000000000047748
53812000,-2919,-1337,124089,-558,-1830,121346,105,19230,553,0,43120,0.0009999999999976694
53813000,-1230,7792,128447,-11565,7226,126232,105,19231,430,0,43121,0.0009999999999976694
53814000,-6600,6492,129556,-13315,4825,126800,126,19222,516,1,43122,0.0010000000000047748
53815000,-4152,5960,126505,-1891,3191,126855,117,19226,479,1,43123,0.0009999999999976694
53816000,-7115,2291,128369,-10624,-1836,127903,101,19226,414,1,43124,0.0009999999999976694
53817000,-2196,6809,124953,-8494,4127,120088,134,19228,414,0,43125,0.0010000000000047748
53818000,4786,2708,124665,9338,658,127968,100,19232,549,0,43126,0.0009999999999976694
53819000,-2051,-2061,124429,1082,-2566,121514,100,19230,410,0,43127,0.0009999999999976694
53820002,954,5874,128007,-18768,5187,129264,108,19228,442,0,43128,0.0010019999999997253
53821002,-2187,6148,126206,4720,5680,127773,157,19228,643,1,43129,0.0010000000000047748
53822000,-3518,12086,125171,7675,7461,122335,112,19228,459,1,43130,0.0009979999999956135
53823000,7499,6854,122642,-11708,3682,125785,96,19232,459,1,43131,0.0010000000000047748
53824000,8743,4971,124129,10233,-327,118051,89,19225,393,0,43132,0.0009999999999976694
53825000,14674,-4189,124336,17415,-8533,131295,89,19228,365,0,43133,0.0009999999999976694
53826000,6230,-1232,126213,-8109,-4049,124571,114,19227,467,0,43134,0.0010000000000047748
53827000,3276,316,127344,9054,-5947,129766,124,19219,508,1,43135,0.0009999999999976694
53828000,1532,6261,128494,8030,6636,125918,112,19230,459,1,43136,0.0009999999999976694
53829000,3693,15131,128346,-10980,10468,123170,97,19230,459,1,43137,0.0010000000000047748
53830000,13662,14770,126725,14869,13023,125293,121,19232,397,0,43138,0.0009999999999976694
53831000,8652,138,124928,9819,-1474,119973,121,19225,496,0,43139,0.0009999999999976694
53832000,11319,-13943,126895,5795,-17269,138277,103,19225,422,0,43140,0.0010000000000047748
53833000,5012,-2956,126985,5737,-6601,126492,107,19228,438,0,43141,0.0009999999999976694
53834001,4660,9657,130114,-299,6225,127781,144,19225,590,1,43142,0.00100100000000225
53835000,2234,17248,132937,-2536,14391,125024,112,19225,590,1,43143,0.0009990000000001942
53836000,1585,530,129350,888,-3534,128184,96,19228,459,1,43144,0.0009999999999976694
53837000,7138,-8126,129161,3865,-11697,133539,96,19224,393,0,43145,0.0009999999999976694
53838000,8572,-12202,126456,4044,-15485,131029,137,19233,561,0,43146,0.0010000000000047748
53839000,7952,6687,130937,20735,3027,128793,109,19228,446,0,43147,0.0009999999999976694
53840001,2492,2692,130527,-19744,-1029,131150,116,19220,475,1,43148,0.00100100000000225
53841000,-5240,14975,137622,-9991,12290,122863,127,19220,475,1,43149,0.0009990000000001942
53842002,-4498,13725,130693,4647,13122,122689,99,19230,520,1,43150,0.0010019999999997253
53843002,-6146,-11535,128306,-6895,-14402,135524,99,19239,405,1,43151,0.0009999999999976694
53844000,351,-20303,128155,-12683,-27055,143622,116,19220,475,0,43152,0.0009979999999956135
53845000,1582,13071,132906,464,7593,120427,96,19228,393,0,43153,0.0010000000000047748
53846000,-1356,8557,131340,-1691,7642,122299,108,19226,442,0,43154,0.0009999999999976694
53847000,-6848,3373,131916,-18369,-10,135570,138,19226,442,1,43155,0.0009999999999976694
53848000,-10750,-7201,126146,-13255,-6791,134754,112,19226,565,1,43156,0.0010000000000047748
53849000,-5008,16424,130846,-5567,11401,115844,112,19230,459,1,43157,0.0009999999999976694
53850000,-3556,7996,127712,-7451,5804,130601,99,19227,405,0,43158,0.0009999999999976694
53851000,-1999,-11651,125960,-8249,-15134,133850,162,19230,664,0,43159,0.0010000000000047748
53852000,-1879,-6267,124775,-6704,-6099,128273,102,19232,418,0,43160,0.0009999999999976694
53853000,-2079,4328,128964,-5866,20019,119532,106,19232,434,0,43161,0.0009999999999976694
53854000,-7098,23380,129254,-6795,12008,118398,121,19227,434,1,43162,0.0010000000000047748
53855000,-7223,-2152,125611,-13800,-10960,138967,121,19228,496,1,43163,0.0009999999999976694
53856000,-1363,-2646,127491,-4455,2555,124373,107,19232,438,1,43164,0.0009999999999976694
53857000,-1151,2015,126881,3573,-5962,121443,113,19222,463,0,43165,0.0010000000000047748
53858000,2067,301,125132,-4159,-2320,126337,93,19230,381,0,43166,0.0009999999999976694
53859000,-26,-364,124753,-8598,-3182,125776,106,19230,434,0,43167,0.0009999999999976694
53860001,-1912,4893,126396,1259,6640,126108,128,19226,434,1,43168,0.00100100000000225
53861000,-1936,15465,125586,-6458,17244,116336,113,19224,524,1,43169,0.0009990000000001942
53862000,-1336,10278,127208,-3648,5118,127208,113,19231,463,1,43170,0.0009999999999976694
53863000,7160,286,123103,10285,-3667,126367,95,19233,389,0,43171,0.0010000000000047748
53864000,7064,-6892,122298,1288,-8852,126531,125,19232,512,0,43172,0.0009999999999976694
53865000,10376,-1522,124868,2768,5380,123466,107,19232,438,0,43173,0.0009999999999976694
53866000,7708,-3141,125317,14750,-9618,122871,112,19229,438,0,43174,0.0010000000000047748
53867003,3391,-4034,125555,-1762,-5978,135171,130,19227,459,1,43175,0.0010029999999972006
53868000,2127,11353,128327,-4367,7492,121128,130,19228,532,1,43176,0.0009969999999981383
53869000,6435,7711,126309,13997,3110,123247,108,19233,442,1,43177,0.0010000000000047748
53870000,8446,3950,125724,6785,1645,124547,107,19220,438,0,43178,0.0009999999999976694
53871000,10217,-3936,127672,-1798,-13405,131928,88,19220,360,0,43179,0.0009999999999976694
53872000,9108,-16679,124924,21804,-18335,134344,102,19228,360,0,43180,0.0010000000000047748
53873001,2365,9113,130712,-2394,8277,119350,119,19229,418,1,43181,0.0010009999999951447
53874000,475,7433,130134,-11190,5166,131141,119,19225,487,1,43182,0.0009990000000001942
53875000,468,10849,130500,11467,7767,122947,110,19229,451,1,43183,0.0010000000000047748
53876001,3420,-3737,126857,-1616,-10088,134609,100,19230,410,1,43184,0.0010009999999951447
53877000,9107,-1017,128894,-5457,-3377,124695,140,19223,573,0,43185,0.0009990000000001942
53878000,10069,-4101,129616,20908,-5983,122213,113,19223,573,0,43186,0.0010000000000047748
53879000,5018,-13231,129916,3717,-17009,144265,109,19228,463,0,43187,0.0009999999999976694
53880000,1418,7449,131561,-21483,4087,122738,109,19225,446,1,43188,0.0009999999999976694
53881000,-8623,9767,133693,2042,7233,129300,150,19230,614,1,43189,0.0010000000000047748
53882007,-6633,7072,130658,-1996,5523,124746,110,19234,451,1,43190,0.001006999999994207
53883001,-1355,-8468,128951,-17534,-12981,132807,102,19221,418,0,43191,0.0009940000000057125
53884000,-905,-5937,129234,1965,-10113,135375,111,19221,418,0,43192,0.0009990000000001942
53885000,1984,10121,131313,-384,7986,116381,109,19227,455,0,43193,0.0009999999999976694
53886000,-5393,3337,133741,-13544,1281,135328,109,19229,446,0,43194,0.0009999999999976694
53887000,-8019,503,129147,-10129,-2886,127209,121,19221,496,1,43195,0.0010000000000047748
53888020,-9672,5508,130393,-11535,3376,130793,112,19231,459,1,43196,0.0010199999999969123
53889000,-5097,14505,131780,-12517,12083,129956,99,19230,405,1,43197,0.0009799999999984266
53890000,-3316,8031,128515,-5003,8087,119003,129,19230,405,0,43198,0.0010000000000047748
53891000,-3148,-8235,125512,-5404,-11408,137114,100,19220,528,0,43199,0.0009999999999976694
53892000,677,749,126750,-6197,-2768,120483,100,19232,410,0,43200,0.0009999999999976694
53893000,-5462,8303,128346,-10996,3466,135555,104,19226,426,1,43201,0.0010000000000047748
53894000,-5478,18601,128707,-8681,11260,113624,143,19227,586,1,43202,0.0009999999999976694
53895000,-7933,10522,129049,-12369,10268,132734,112,19232,459,1,43203,0.0009999999999976694
53896000,470,82,123994,-4298,-3069,124744,102,19232,459,1,43204,0.0010000000000047748
53897000,2492,-4794,122777,-411,-6953,128549,104,19224,418,0,43205,0.0009999999999976694
53898000,4994,2025,126313,-1640,-3383,119854,104,19227,426,0,43206,0.0009999999999976694
53899000,4047,9728,125102,-1052,3113,123384,110,19235,451,0,43207,0.0010000000000047748
53900000,-3112,-1261,125803,-2777,562,139665,115,19220,471,1,43208,0.0009999999999976694
53901000,-4667,7111,125711,-11241,4103,113445,125,19229,512,1,43209,0.0009999999999976694
53902000,-110,18597,127185,-5151,5652,119492,98,19229,401,1,43210,0.0010000000000047748
53903000,3431,7246,125745,9644,-6243,129420,120,19230,401,0,43211,0.0009999999999976694
53904000,9950,-9853,122010,-3198,-13843,126160,109,19227,491,0,43212,0.0009999999999976694
53905000,8463,2062,126080,15443,3983,127661,109,19227,446,0,43213,0.0009999999999976694
53906000,5890,6647,127278,3429,1402,120998,116,19227,475,0,43214,0.0010000000000047748
53907000,4199,4061,128562,-301,3382,129081,145,19229,594,1,43215,0.0009999999999976694
53908000,-45,-3688,127547,8484,-9554,132339,113,19229,463,1,43216,0.0009999999999976694
53909000,7522,-106,123892,-2500,1025,125416,98,19229,463,1,43217,0.0010000000000047748
53910000,8739,11341,126909,8084,6679,116926,137,19226,401,0,43218,0.0009999999999976694
53911000,14053,3368,126741,12648,-8871,123169,137,19233,561,0,43219,0.0009999999999976694
53912000,10146,-11801,127200,7640,-13632,140890,105,19231,430,0,43220,0.0010000000000047748
53913000,1778,-1513,129001,-1199,-1988,124360,105,19224,430,1,43221,0.0009999999999976694
53914000,788,4014,129961,3864,978,128131,110,19230,451,1,43222,0.0009999999999976694
53915000,-823,13637,132074,-861,8663,124569,105,19230,451,1,43223,0.0010000000000047748
53916000,6024,-2441,129398,-1292,-8003,135889,117,19230,430,1,43224,0.0009999999999976694
53917000,3881,-6220,128590,1064,-8368,125947,117,19222,479,0,43225,0.0009999999999976694
53918000,7544,-6740,127823,13703,-10666,126721,89,19227,365,0,43226,0.0010000000000047748
53919000,836,-1110,129742,-1790,-5434,131437,105,19228,430,0,43227,0.0009999999999976694
53920000,3586,5519,132313,-21887,1834,125156,131,19224,537,1,43228,0.0009999999999976694
53921000,-4534,14476,134829,8590,11230,131889,112,19224,537,1,43229,0.0010000000000047748
53922000,-4638,3212,129707,-4073,261,121301,95,19232,459,1,43230,0.0009999999999976694
53923000,-5782,-15627,128429,-22288,-24377,136301,95,19225,389,0,43231,0.0009999999999976694
53924001,2541,-6593,130855,6088,-8527,136812,149,19231,610,0,43232,0.00100100000000225
53925000,-1867,6289,129587,1485,6476,118556,107,19231,438,0,43233,0.0009990000000001942
53926000,-6368,14122,134219,-20561,11659,128999,114,19224,467,0,43234,0.0009999999999976694
53927000,-6032,4773,128179,-9118,752,126860,135,19224,467,1,43235,0.0010000000000047748
53928000,-7096,-4624,126801,-3555,-7749,142411,107,19227,553,1,43236,0.0009999999999976694
53929000,-4464,12290,132032,-11715,10333,118111,107,19230,438,1,43237,0.0009999999999976694
53930000,-1727,7097,128996,-12528,3974,125501,106,19221,434,0,43238,0.0010000000000047748
53931000,-2722,-3513,125977,-1177,-7256,130821,125,19232,512,0,43239,0.0009999999999976694
53932000,-3778,-2113,128582,-1236,-3619,128189,103,19231,422,0,43240,0.0009999999999976694
53933001,-4591,3612,126167,-14448,525,128308,126,19231,422,1,43241,0.00100100000000225
53934000,-8248,17031,129556,-11086,13692,116605,117,19219,516,1,43242,0.0009990000000001942
53935000,-1722,4666,130063,-9674,2250,131655,117,19223,479,1,43243,0.0009999999999976694
53936000,-178,13036,126327,5339,12135,118917,103,19227,422,0,43244,0.0010000000000047748
53937000,-4822,-5617,121983,-8043,-9254,130508,137,19234,561,0,43245,0.0009999999999976694
53938000,2096,886,122634,-7587,-5614,124210,107,19230,438,0,43246,0.0009999999999976694
53939000,2776,10793,125546,2919,6576,120448,112,19230,438,0,43247,0.0010000000000047748
53940002,2320,8262,126974,109,5678,127827,152,19225,459,1,43248,0.0010019999999997253
53941002,-3099,4219,124290,-7638,1350,126682,152,19226,623,1,43249,0.0009999999999976694
53942001,7736,7900,126135,-4343,3716,121992,109,19228,446,1,43250,0.0009990000000001942
53943000,8065,9882,124585,14779,8013,121025,99,19217,405,0,43251,0.0009990000000001942
53944000,6852,-3455,122892,6387,-6172,129117,81,19230,332,0,43252,0.0009999999999976694
53945000,6767,-8357,124156,-4432,-12665,129008,111,19230,332,0,43253,0.0010000000000047748
53946000,4442,4267,128231,9177,2365,123652,125,19225,455,1,43254,0.0009999999999976694
53947000,2391,9339,128338,8805,19593,121595,125,19229,512,1,43255,0.0009999999999976694
53948000,1300,9495,128607,-7787,390,124851,113,19229,463,1,43256,0.0010000000000047748
53949000,10642,-2890,125382,1533,-10319,132607,98,19230,401,1,43257,0.0009999999999976694
53950000,10244,-598,126603,7052,-2108,120081,132,19227,541,0,43258,0.0009999999999976694
53951000,8362,1982,127373,7445,-8008,127574,108,19227,442,0,43259,0.0010000000000047748
53952000,5869,-11310,127714,-903,-8329,132558,106,19228,442,0,43260,0.0009999999999976694
53953000,5094,2868,130839,-2843,3333,127764,139,19226,434,1,43261,0.0009999999999976694
53954000,-1200,13691,131251,9833,7599,128478,139,19228,569,1,43262,0.0010000000000047748
53955000,-271,16468,128246,-6643,6617,117787,112,19229,459,1,43263,0.0009999999999976694
53956000,8068,-4589,126940,-149,-11363,135796,102,19223,418,0,43264,0.0009999999999976694
53957000,11133,-11705,128958,15172,-10147,129467,130,19223,532,0,43265,0.0010000000000047748
53958000,8775,-2833,128177,9670,-4332,128613,104,19229,532,0,43266,0.0009999999999976694
53959000,680,8735,131640,-24841,11806,122334,110,19231,426,0,43267,0.0009999999999976694
53960000,143,2038,134125,-687,-3826,132193,110,19220,451,1,43268,0.0010000000000047748
53961000,-9466,-13030,129104,6559,-14150,143779,115,19231,471,1,43269,0.0009999999999976694
53962000,-2871,-373,128711,-23891,1375,121160,100,19230,410,1,43270,0.0009999999999976694
53963000,-2242,2974,130213,-5053,-3442,129091,121,19227,496,0,43271,0.0010000000000047748
53964000,5991,8865,127641,5875,7205,125990,98,19227,496,0,43272,0.0009999999999976694
53965007,-2746,2293,130835,-6032,-4981,128843,107,19232,401,0,43273,0.0010070000000013124
53966000,-5678,-6737,131244,-15364,-7317,137748,107,19229,438,1,43274,0.0009930000000011319
53967003,-12193,15753,132908,-12739,14784,118034,146,19226,598,1,43275,0.0010029999999972006
53968002,-10666,5017,129859,-11560,1136,134448,116,19229,475,1,43276,0.0009990000000001942
53969000,-2420,5736,129979,-8529,2230,124361,99,19226,405,1,43277,0.0009979999999956135
53970000,-4519,-11684,124299,-4417,-15799,135836,165,19226,405,0,43278,0.0010000000000047748
53971000,-791,7690,127724,-12686,8459,116981,101,19233,676,0,43279,0.0009999999999976694
53972000,-1557,12878,128550,-4769,8467,118354,101,19231,414,0,43280,0.0009999999999976694
53973003,-1501,-7052,126400,-1876,-11178,141638,110,19220,451,1,43281,0.001003000000004306
53974002,-7607,9468,127053,-11225,5407,116073,122,19225,500,1,43282,0.0009990000000001942
53975002,-7808,4920,125957,-8377,1993,134213,108,19231,442,1,43283,0.0009999999999976694
53976001,2021,11205,125852,-2871,8128,114783,116,19231,442,0,43284,0.0009990000000001942
53977001,1376,-3600,125651,-3214,-6333,129189,98,19228,475,0,43285,0.0009999999999976694
53978003,3940,-3378,125023,3065,-6726,129780,98,19227,401,0,43286,0.0010020000000068308
53979000,-2796,8744,126734,-5026,6065,118648,110,19225,451,0,43287,0.0009969999999981383
53980000,-3333,11224,126862,-4567,7403,128832,136,19221,557,1,43288,0.0009999999999976694
53981000,-2614,11282,125314,-2850,8426,121708,112,19232,459,1,43289,0.0009999999999976694
53982000,5474,-1219,125211,-2440,-4315,128385,94,19232,459,1,43290,0.0010000000000047748
53983000,7213,7765,125010,3193,5595,116233,115,19224,385,0,43291,0.0009999999999976694
53984000,10549,-4298,120338,12539,-6878,122918,115,19226,471,0,43292,0.0009999999999976694
53985000,7230,-2296,125379,6553,-7144,131985,118,19228,483,0,43293,0.0010000000000047748
53986000,6445,1227,127266,-14,-1057,123639,118,19222,483,1,43294,0.0009999999999976694
53987000,4842,8967,129412,5580,4359,129437,126,19229,516,1,43295,0.0009999999999976694
53988000,4594,14287,129558,3902,13729,123140,104,19229,516,1,43296,0.0010000000000047748
53989000,6817,-6679,123847,2688,-8264,132124,108,19230,426,1,43297,0.0009999999999976694
53990005,9393,-4561,125758,10023,-9367,126345,108,19220,442,0,43298,0.0010049999999992565
53991003,9265,-7097,126428,9279,-8967,130732,86,19232,352,0,43299,0.000998000000002719
53992000,6665,956,129370,2416,-1342,123758,104,19227,426,0,43300,0.0009969999999981383
53993000,2335,5440,128948,1908,-971,128761,123,19225,504,1,43301,0.0009999999999976694
53994000,1621,9606,128296,717,15106,132889,112,19225,459,1,43302,0.0010000000000047748
53995000,1368,2658,129688,1871,-11503,121295,97,19228,459,1,43303,0.0009999999999976694
53996000,8136,-8673,128138,-134,-13969,130744,151,19229,397,0,43304,0.0009999999999976694
53997002,6408,-5927,133242,4203,-18440,134578,151,19228,618,0,43305,0.0010019999999997253
53998004,2243,-9143,129099,10381,-10654,129068,104,19230,426,0,43306,0.0010019999999997253
53999000,2373,6250,130776,-20144,5394,128628,106,19223,434,0,43307,0.000996000000000663
54000000,-3857,14767,131500,-3405,13497,122280,134,19223,549,1,43308,0.0010000000000047748
54001000,-4780,8274,130227,2712,1403,123472,105,19228,549,1,43309,0.0009999999999976694
54002000,-3544,-1727,130321,-13161,-9767,134537,105,19232,430,1,43310,0.0009999999999976694
54003002,-583,-20494,127589,-6593,-24051,139807,105,19227,430,0,43311,0.0010019999999997253
54004001,2228,1032,130164,7026,2325,123398,103,19235,422,0,43312,0.0009990000000001942
54005000,-2863,3495,129300,-13552,566,128422,109,19229,446,0,43313,0.0009990000000001942
54006000,-3373,8556,133580,-15583,7579,135791,125,19229,512,1,43314,0.0010000000000047748
54007000,-9760,3852,127473,-5003,-1000,128306,112,19220,512,1,43315,0.0009999999999976694
54008000,-3407,10337,130051,-9442,9427,125514,99,19232,459,1,43316,0.0009999999999976694
54009000,-6847,3397,128946,-6230,-3910,125727,99,19234,405,1,43317,0.0010000000000047748
54010000,-2582,-3692,126643,-12508,-8671,129373,139,19221,569,0,43318,0.0009999999999976694
54011001,-2718,-3524,126350,-5589,-7900,131180,105,19229,430,0,43319,0.00100100000000225
54012000,-4720,8860,129191,-6532,9246,119264,106,19226,434,0,43320,0.0009990000000001942
54013000,-3075,14905,128110,-13203,10331,121517,137,19226,434,1,43321,0.0009999999999976694
54014000,-9252,7304,127900,-8232,3186,127399,114,19226,561,1,43322,0.0009999999999976694
54015000,1034,2779,127035,-9230,-1724,129405,114,19232,467,1,43323,0.0010000000000047748
54016000,-2315,-311,125622,1576,-2950,124022,108,19222,442,0,43324,0.0009999999999976694
54017002,668,-1609,125763,-3545,-5014,122121,107,19229,438,0,43325,0.0010019999999997253
54018000,-404,-3127,125675,-3516,-5972,132373,116,19228,475,0,43326,0.000998000000002719
54019000,-2975,15177,125449,-2956,14355,120538,121,19228,475,1,43327,0.0009999999999976694
54020000,106,19298,126869,-6042,17017,121529,120,19222,496,1,43328,0.0009999999999976694
54021000,-1769,9173,124514,4081,5656,124841,120,19226,491,1,43329,0.0010000000000047748
54022000,10655,3256,122685,139,-1067,126831,102,19231,418,1,43330,0.0009999999999976694
54023000,7985,-6475,123955,4137,-9770,129396,125,19225,512,0,43331,0.0009999999999976694
54024000,10239,2854,125743,12673,-950,119504,104,19226,426,0,43332,0.0010000000000047748
54025000,8044,-5561,125462,-95,-9570,133007,113,19226,426,0,43333,0.0009999999999976694
54026000,1226,754,127164,4578,-1839,125380,147,19225,463,1,43334,0.0009999999999976694
54027000,2867,12648,127840,3001,10784,122607,147,19227,602,1,43335,0.0010000000000047748
54028000,6246,15218,128169,-2051,13649,120997,112,19228,459,1,43336,0.0009999999999976694
54029000,7461,-3799,127970,10728,-4372,125947,97,19225,397,0,43337,0.0009999999999976694
54030000,9480,-1480,127691,9600,-2366,125999,129,19231,528,0,43338,0.0009999999999976694
54031000,6343,-8050,126738,2827,-11345,128120,105,19231,528,0,43339,0.0010000000000047748
54032000,4794,-361,131752,5371,-5180,135624,111,19231,430,0,43340,0.0009999999999976694
54033000,-1685,4508,129299,1530,-1119,127943,111,19220,455,1,43341,0.0009999999999976694
54034001,1526,16943,132037,-1870,12114,120411,106,19228,434,1,43342,0.00100100000000225
54035000,3871,-1426,126880,-3979,447,132724,102,19232,418,1,43343,0.0009990000000001942
54036001,13277,-8605,124758,6998,-9523,128515,117,19220,479,0,43344,0.00100100000000225
54037001,7484,-1528,130499,10120,-2851,126831,95,19220,479,0,43345,0.0009999999999976694
54038001,4267,-9047,127941,2657,-10039,132697,104,19230,389,0,43346,0.0009999999999976694
54039000,639,2242,132663,-7902,2660,130161,136,19228,426,1,43347,0.0009990000000001942
54040000,-6306,6241,131679,-9353,-2248,129835,136,19222,557,1,43348,0.0010000000000047748
54041000,-8178,7589,130175,-2595,18220,120731,111,19230,455,1,43349,0.0009999999999976694
54042000,-212,2681,130585,-12258,-11649,131180,93,19232,381,1,43350,0.0009999999999976694
54043000,2109,-13728,126748,-8869,-18433,134221,136,19232,557,0,43351,0.0010000000000047748
54044003,1540,7602,131479,3209,-377,123594,113,19229,557,0,43352,0.0010029999999972006
54045000,-7046,4788,131932,-21565,652,126298,119,19227,463,0,43353,0.0009969999999981383
54046001,-6181,4024,133194,-12945,4574,128999,119,19224,487,1,43354,0.00100100000000225
54047000,-8527,4189,131095,-11271,-661,134793,122,19228,500,1,43355,0.0009990000000001942
54048000,-7018,11394,127703,-5939,9998,119310,110,19234,451,1,43356,0.0009999999999976694
54049000,-2938,9443,129356,-10214,1906,124260,115,19234,471,0,43357,0.0010000000000047748
54050000,-2300,-11228,125451,-4963,-12040,134218,101,19218,471,0,43358,0.0009999999999976694
54051000,-99,-820,127701,-1958,20,126174,103,19232,414,0,43359,0.0009999999999976694
54052000,-3625,5910,126606,-8921,5465,125940,103,19229,422,0,43360,0.0010000000000047748
54053000,-6462,20618,126472,-8698,25211,112490,129,19220,528,1,43361,0.0009999999999976694
54054000,-5271,-1982,128083,-14143,-6192,138297,115,19230,471,1,43362,0.0009999999999976694
54055000,-1683,-3275,123739,-104,-311,123120,100,19227,410,1,43363,0.0010000000000047748
54056000,1201,9771,125763,-4134,1200,120278,138,19227,410,0,43364,0.0009999999999976694
54057000,2209,-2127,124700,-11,-2821,124166,105,19227,565,0,43365,0.0009999999999976694
54058000,3925,3673,126700,1396,-3415,129281,105,19229,430,0,43366,0.0010000000000047748
54059000,-3789,-8475,124309,-10472,-9161,132783,111,19224,455,1,43367,0.0009999999999976694
54060000,-3363,26878,131970,-6558,25630,113107,145,19227,594,1,43368,0.0009999999999976694
54061000,-1671,10250,125650,8016,3657,127356,105,19234,430,1,43369,0.0010000000000047748
54062000,3401,1844,122526,24,-1014,121105,103,19234,430,0,43370,0.0009999999999976694
54063000,10395,2286,123473,-1152,-502,131521,86,19224,422,0,43371,0.0009999999999976694
54064002,9715,-506,122384,20105,-3833,121171,86,19230,352,0,43372,0.0010019999999997253
54065000,7327,14282,128375,-2171,10934,118659,112,19228,459,0,43373,0.000998000000002719
54066000,5240,-5496,128331,-2197,-7624,132814,127,19224,520,1,43374,0.0009999999999976694
54067000,3858,1353,127287,12724,-26,130078,115,19227,471,1,43375,0.0010000000000047748
54068000,6011,3278,124962,-517,-604,126841,97,19227,471,1,43376,0.0009999999999976694
54069000,10670,10618,125668,2904,7150,118779,134,19226,397,0,43377,0.0009999999999976694
54070000,13360,-862,126725,9237,-3954,126344,134,19230,549,0,43378,0.0010000000000047748
54071000,7760,-13235,126306,13645,-16519,133674,100,19232,410,0,43379,0.0009999999999976694
54072004,4679,648,130895,259,-2414,129535,103,19226,422,1,43380,0.0010040000000017812
54073002,-1026,13763,131160,-833,9449,124069,135,19229,553,1,43381,0.0009979999999956135
54074000,2358,14983,134112,1857,13765,124286,110,19229,553,1,43382,0.000998000000002719
54075000,3752,-1279,128921,-369,-4254,132193,105,19232,451,1,43383,0.0009999999999976694
54076000,4597,-11987,128776,3592,-13676,130086,105,19221,430,0,43384,0.0010000000000047748
54077000,9924,-5945,129608,6721,-8863,127269,117,19232,479,0,43385,0.0009999999999976694
54078000,3725,-46,130283,13703,-3297,131084,105,19236,430,0,43386,0.0009999999999976694
54079000,2035,4498,132572,-16121,672,132570,117,19216,479,1,43387,0.0010000000000047748
54080000,-5510,22049,134657,-15439,20295,117883,109,19216,479,1,43388,0.0009999999999976694
54081000,-5301,994,129988,11343,400,134240,98,19230,446,1,43389,0.0009999999999976694
54082000,-2890,-14623,125851,-6017,-17099,133055,98,19230,401,0,43390,0.0010000000000047748
54083001,-789,-15456,128629,-21704,-21377,136257,125,19226,512,0,43391,0.0010009999999951447
54084000,2935,12425,131660,8462,5621,114822,100,19230,410,0,43392,0.0009990000000001942
54085000,-3439,11483,130300,-3646,11478,130349,111,19226,455,0,43393,0.0010000000000047748
54086000,-7602,-3333,131378,-26798,-2896,134845,154,19226,631,1,43394,0.0009999999999976694
54087000,-7557,-3587,126671,-4661,-1905,132351,116,19229,631,1,43395,0.0009999999999976694
54088000,-4520,7859,129743,-2560,23221,120980,101,19229,475,1,43396,0.0010000000000047748
54089000,-2632,16481,130124,-13602,-1336,120105,101,19224,414,0,43397,0.0009999999999976694
54090000,-3148,-17450,121681,-9676,-27614,143484,154,19232,631,0,43398,0.0009999999999976694
54091001,-4335,-1449,130432,-10824,-3783,121121,105,19228,430,0,43399,0.00100100000000225
54092000,-5794,17887,129954,-9795,14189,119958,113,19228,463,1,43400,0.0009990000000001942
54093000,-7579,16712,129265,-5839,11201,122996,118,19221,463,1,43401,0.0009999999999976694
54094000,-5574,2041,128388,-12973,-3747,131538,106,19234,483,1,43402,0.0009999999999976694
54095000,-1954,219,125581,45,-545,126913,106,19231,434,1,43403,0.0010000000000047748
54096000,1355,2324,124003,-19,-1910,119914,122,19230,500,0,43404,0.0009999999999976694
54097000,2758,-1306,125909,-2968,-3637,128364,108,19228,442,0,43405,0.0009999999999976694
54098000,1083,4599,124445,-6032,1737,122468,110,19226,451,0,43406,0.0010000000000047748
54099002,87,4363,125448,-4384,4395,128142,142,19226,451,1,43407,0.0010019999999997253
54100000,-4937,12089,126095,-4124,10395,125095,113,19221,582,1,43408,0.0009979999999956135
54101000,5208,4436,121928,3044,-149,119623,113,19230,463,1,43409,0.0010000000000047748
54102000,5800,7997,124487,7203,4034,122599,97,19229,397,0,43410,0.0009999999999976694
54103000,9332,-1106,125719,5151,-10699,126864,109,19229,446,0,43411,0.0009999999999976694
54104000,9511,-12269,123899,9018,-12973,127854,113,19228,463,0,43412,0.0010000000000047748
54105000,-682,3211,129530,7266,-185,128310,114,19228,463,0,43413,0.0009999999999976694
54106000,2923,10750,126921,-7365,8482,120007,118,19223,467,1,43414,0.0009999999999976694
54107000,1876,14203,130705,4739,9428,127807,118,19230,483,1,43415,0.0010000000000047748
54108000,8423,1035,124267,11073,1008,127647,101,19232,414,1,43416,0.0009999999999976694
54109001,13043,3047,125796,-984,-258,120289,115,19219,471,0,43417,0.00100100000000225
54110001,10085,-9363,124194,17462,-14108,133881,89,19229,365,0,43418,0.0009999999999976694
54111000,8852,-10154,125867,8899,-14757,128966,104,19229,365,0,43419,0.0009990000000001942
54112001,4256,213,131964,-10400,-1311,136075,126,19226,426,1,43420,0.00100100000000225
54113002,682,20942,133389,5699,18409,119356,126,19226,516,1,43421,0.0010009999999951447
54114000,-2439,8499,128498,4782,3896,128791,112,19230,459,1,43422,0.000998000000002719
54115000,6295,-5455,127047,-9854,-9010,132230,99,19226,405,1,43423,0.0009999999999976694
54116000,12347,-12561,125476,10687,-16623,130537,156,19233,639,0,43424,0.0010000000000047748
54117000,9976,-4291,130372,22900,-8312,133001,107,19233,639,0,43425,0.0009999999999976694
54118000,2604,-849,131015,-12558,-4114,116504,109,19229,438,0,43426,0.0009999999999976694
54119000,-1160,8634,134992,-23561,6182,132033,109,19220,446,1,43427,0.0010000000000047748
54120002,-11277,1715,129676,16373,-462,133877,132,19227,541,1,43428,0.0010019999999997253
54121000,-6543,-3538,129963,-13652,-6223,127734,105,19231,430,1,43429,0.0009979999999956135
54122002,-3086,-3999,130357,-17577,-7858,131750,108,19222,442,0,43430,0.0010019999999997253
54123000,4816,2570,130963,1686,-142,120928,85,19222,442,0,43431,0.000998000000002719
54124000,-2287,5750,132491,4666,3117,132359,113,19233,348,0,43432,0.0009999999999976694
54125002,-7446,1511,130249,-18838,-1317,126861,113,19226,463,0,43433,0.0010019999999997253
54126000,-11108,8965,130699,-15584,5884,134073,133,19224,545,1,43434,0.000998000000002719
54127000,-13149,8295,130083,-4781,5744,125491,120,19229,491,1,43435,0.0009999999999976694
54128000,-380,10477,130622,-17057,6224,127464,101,19232,414,1,43436,0.0010000000000047748
54129000,-6703,-898,125854,-4529,-2191,125343,141,19232,577,0,43437,0.0009999999999976694
54130000,536,-10650,124623,-4454,-10885,130867,106,19227,577,0,43438,0.0009999999999976694
54131000,-1877,2504,127831,-8618,-1301,124544,110,19232,434,0,43439,0.0010000000000047748
54132000,-6009,10431,128539,-6438,7640,124460,110,19220,451,1,43440,0.0009999999999976694
54133000,-6202,12043,129528,-12094,9264,127224,140,19232,573,1,43441,0.0009999999999976694
54134000,-10180,983,125376,-7897,-5914,127927,113,19230,463,1,43442,0.0010000000000047748
54135000,1555,6521,126256,-9086,7740,126035,102,19230,418,0,43443,0.0009999999999976694
54136000,-1683,3859,124914,-2215,-3868,116884,90,19222,418,0,43444,0.0009999999999976694
54137000,5101,-123,124418,800,-5626,130738,113,19232,369,0,43445,0.0010000000000047748
54138000,-1546,8032,126812,-1318,-145,125465,113,19228,463,0,43446,0.0009999999999976694
54139000,-4318,8655,125206,-6290,7975,121600,125,19216,512,1,43447,0.0009999999999976694
54140001,277,10848,128536,-7954,6959,127051,110,19229,451,1,43448,0.00100100000000225
54141000,1683,5360,124071,6626,-1603,121329,96,19229,393,1,43449,0.0009990000000001942
54142000,12093,6521,124656,6448,492,125421,127,19232,393,0,43450,0.0009999999999976694
54143000,7992,-4807,122026,2131,-12429,123298,109,19232,520,0,43451,0.0010000000000047748
54144000,7892,-163,125821,14212,-4464,124472,109,19225,446,0,43452,0.0009999999999976694
54145000,5710,6254,128662,-2564,-563,126145,116,19226,475,1,43453,0.0009999999999976694
54146000,-79,10172,128978,-374,10248,123020,151,19227,618,1,43454,0.0010000000000047748
54147000,4633,9955,127156,15197,3869,127049,110,19233,451,1,43455,0.0009999999999976694
54148000,5682,-5531,122824,-1249,-6129,123601,97,19233,451,1,43456,0.0009999999999976694
54149002,16796,2780,129167,4490,401,125661,123,19221,397,0,43457,0.0010019999999997253
54150000,9601,-3085,126663,22788,-7462,130177,123,19233,504,0,43458,0.000998000000002719
54151000,5327,-4041,127044,-2211,-5546,127399,107,19228,438,0,43459,0.0009999999999976694
54152000,4898,1430,129528,-6875,-3791,134354,114,19217,467,1,43460,0.0010000000000047748
54153000,516,9422,127482,13488,4120,120199,105,19227,430,1,43461,0.0009999999999976694
54154000,6245,13238,132316,654,9373,126958,101,19227,430,1,43462,0.0009999999999976694
54155000,4056,-196,130328,-7742,-4844,126661,124,19230,414,0,43463,0.0009999999999976694
54156000,9958,-11801,125742,9352,-17065,131522,124,19222,508,0,43464,0.0010000000000047748
54157000,2063,-2542,130034,16729,-5087,130398,100,19233,410,0,43465,0.0009999999999976694
54158001,32,-8343,129177,-14323,-11752,130418,106,19225,434,0,43466,0.00100100000000225
54159000,2490,18052,133952,-10798,16826,124936,143,19226,586,1,43467,0.0009990000000001942
54160000,-5268,10566,132210,3675,7841,122062,112,19226,586,1,43468,0.0009999999999976694
54161000,-947,-3989,129973,-3905,-7087,132086,96,19231,459,1,43469,0.0009999999999976694
54162000,-2784,-9960,128045,-14529,-14571,133816,96,19227,393,0,43470,0.0010000000000047748
54163000,40,-8923,127636,1765,-13180,133982,127,19232,520,0,43471,0.0009999999999976694
54164003,-450,13567,131609,-4725,10541,122247,111,19228,455,0,43472,0.001003000000004306
54165005,-6507,9830,132120,-16520,6142,128202,117,19223,479,1,43473,0.0010019999999997253
54166002,-7142,-3004,129168,-9514,-5692,136017,119,19223,479,1,43474,0.0009969999999981383
54167002,-8993,7598,130103,-10174,4707,124735,107,19232,487,1,43475,0.0009999999999976694
54168000,-2779,16013,131209,-8708,13290,126646,107,19232,438,1,43476,0.000998000000002719
54169000,-4345,-1578,125887,-7134,-4189,125291,115,19217,471,0,43477,0.0009999999999976694
54170000,-2443,-12414,127984,-5309,-15440,136488,91,19230,373,0,43478,0.0009999999999976694
54171000,-2660,12202,125912,-8440,7287,121619,101,19229,414,0,43479,0.0010000000000047748
54172000,-5010,12523,127321,-8126,7990,118838,131,19229,414,1,43480,0.0009999999999976694
54173000,-4862,4556,127673,-5714,-1043,135339,117,19227,537,1,43481,0.0009999999999976694
54174000,-4925,14456,125997,-14103,10218,115400,117,19230,479,1,43482,0.0010000000000047748
54175001,2537,2584,127061,-1038,3066,125289,104,19227,426,0,43483,0.0010009999999951447
54176000,2553,-9961,123907,5464,-13073,126290,133,19234,545,0,43484,0.0009990000000001942
54177002,-4,-7776,122917,-4635,-12283,131742,106,19229,434,0,43485,0.0010019999999997253
54178001,42,14150,129058,-7297,5782,114721,109,19229,446,0,43486,0.0009990000000001942
54179000,-2338,19242,126929,-505,19433,123391,142,19226,446,1,43487,0.0009990000000001942
54180000,-634,5949,126682,-2490,413,133409,103,19229,582,1,43488,0.0010000000000047748
54181000,3046,3606,122896,-361,5249,119005,103,19230,422,1,43489,0.0009999999999976694
54182000,8520,2102,126131,6375,7116,124948,107,19227,438,0,43490,0.0009999999999976694
54183000,12019,2006,123324,6170,-6187,120846,89,19229,365,0,43491,0.0010000000000047748
54184000,6782,-12687,124172,11003,-20121,137623,112,19229,459,0,43492,0.0009999999999976694
54185000,4013,1325,129041,80,111,120884,131,19224,459,1,43493,0.0009999999999976694
54186000,667,13781,128690,6370,9347,119935,115,19225,537,1,43494,0.0010000000000047748
54187000,6029,13327,129849,1807,7876,127958,115,19232,471,1,43495,0.0009999999999976694
54188000,8106,-764,123939,5039,-7442,124360,100,19236,410,1,43496,0.0009999999999976694
54189000,10020,1587,126375,6510,-4141,128395,141,19234,577,0,43497,0.0010000000000047748
54190000,11033,-3548,125304,13224,-7552,125041,101,19234,414,0,43498,0.0009999999999976694
54191000,5106,-3789,130324,-591,-2347,130059,105,19229,414,0,43499,0.0009999999999976694
54192000,5088,6408,131366,-5103,1794,132429,132,19226,430,1,43500,0.0010000000000047748
54193000,-1469,8051,127850,5560,5910,124518,132,19232,541,1,43501,0.0009999999999976694
54194000,1832,11524,129292,-7079,10810,124500,109,19232,446,1,43502,0.0009999999999976694
54195000,11419,-13118,126071,2468,-20694,132651,106,19221,434,0,43503,0.0010000000000047748
54196000,8233,-9638,129737,22133,-11238,129093,112,19230,459,0,43504,0.0009999999999976694
54197001,6955,-4396,129976,-713,-13205,131866,104,19230,459,0,43505,0.00100100000000225
54198000,-3778,3911,133615,-16019,4682,123610,118,19227,426,0,43506,0.0009990000000001942
54199000,-3021,11956,134231,-849,5633,131637,118,19221,483,1,43507,0.0009999999999976694
54200000,-8873,-2320,129898,145,-6818,132750,109,19233,446,1,43508,0.0009999999999976694
54201000,-3621,209,129631,-17273,-3501,122822,97,19227,397,1,43509,0.0010000000000047748
54202000,881,-2415,129001,-4129,-6496,131542,131,19224,537,0,43510,0.0009999999999976694
54203000,4867,-2611,127374,8635,-6187,127003,105,19224,537,0,43511,0.0009999999999976694
54204000,-4102,6757,131720,-10124,2179,128246,109,19228,430,0,43512,0.0010000000000047748
54205000,-8540,-5327,128861,-19890,-9654,131789,109,19227,446,1,43513,0.0009999999999976694
54206001,-10280,17225,135251,-11858,16802,128816,145,19227,594,1,43514,0.00100100000000225
54207000,-8590,2617,127429,-6329,-848,128230,111,19236,455,1,43515,0.0009990000000001942
54208001,-1746,7099,130314,-4716,4513,123974,105,19224,430,1,43516,0.0010009999999951447
54209002,-2995,-3742,123875,-12570,-8108,135451,149,19224,430,0,43517,0.00100100000000225
54210000,1943,-652,126059,-1064,-3006,124028,104,19230,610,0,43518,0.000998000000002719
54211000,-2939,7074,128883,-6278,3898,124426,104,19229,426,0,43519,0.0009999999999976694
54212000,-6765,6067,128200,-15331,1850,128076,114,19222,467,1,43520,0.0009999999999976694
54213000,-4966,9174,127626,-5848,4792,125163,109,19229,446,1,43521,0.0010000000000047748
54214000,-5498,888,126125,-5737,-2519,130210,104,19227,426,1,43522,0.0009999999999976694
54215000,1999,12058,125753,-6863,9623,119109,127,19227,426,0,43523,0.0009999999999976694
54216000,2900,-6327,124213,1824,-7433,126440,101,19226,520,0,43524,0.0010000000000047748
54217000,3568,-3988,125204,5866,-7368,122651,101,19227,414,0,43525,0.0009999999999976694
54218000,-3619,5566,129948,-9403,4450,135509,106,19229,434,0,43526,0.0009999999999976694
54219000,-6006,13432,125957,-12136,8339,119177,143,19225,586,1,43527,0.0009999999999976694
54220000,-1455,21135,128614,4003,16767,121061,114,19230,467,1,43528,0.0010000000000047748
54221000,1825,-885,119890,3142,-5605,128126,98,19230,401,1,43529,0.0009999999999976694
54222000,12775,1424,122841,-832,-4144,123918,108,19225,401,0,43530,0.0009999999999976694
54223000,13825,-2218,123581,11962,-6750,120216,116,19232,442,0,43531,0.0010000000000047748
54224001,11284,6598,127975,9003,4395,125667,116,19228,475,0,43532,0.0010009999999951447
54225000,2995,-11197,127081,-1199,-12484,139210,117,19225,479,1,43533,0.0009990000000001942
54226000,-2167,-3728,127830,3233,-5238,124449,115,19228,471,1,43534,0.0010000000000047748
54227000,3887,10704,125954,2713,7843,123750,104,19228,426,1,43535,0.0009999999999976694
54228000,6209,10314,126264,98,6595,119232,114,19232,426,0,43536,0.0009999999999976694
54229002,13094,218,126812,8010,-6824,134027,93,19221,467,0,43537,0.0010019999999997253
54230000,7380,-14447,125242,16116,-17597,127730,93,19231,381,0,43538,0.000998000000002719
54231000,3411,-4985,128373,-49,-8528,128520,106,19231,434,0,43539,0.0009999999999976694
54232001,-82,13609,131646,4323,5916,125024,133,19226,545,1,43540,0.00100100000000225
54233000,-93,17021,131039,-4868,11823,126381,114,19226,467,1,43541,0.0009990000000001942
54234000,2387,-1452,130530,-1892,-2456,136359,99,19230,467,1,43542,0.0009999999999976694
54235000,4956,-8745,126533,5675,-11997,123013,157,19227,405,0,43543,0.0010000000000047748
54236000,11943,-15408,126306,15112,-17538,136899,157,19232,643,0,43544,0.0009999999999976694
54237001,3486,-781,129482,6697,717,125705,103,19229,422,0,43545,0.00100100000000225
54238000,7645,-150,130243,-20942,-1507,131656,107,19226,438,1,43546,0.0009990000000001942
54239000,-10050,21666,134613,1795,21551,119935,135,19228,553,1,43547,0.0009999999999976694
54240000,-4628,4534,130040,-7752,-4208,129624,104,19228,553,1,43548,0.0009999999999976694
54241000,-5239,-8060,129818,1209,-13271,140847,105,19232,426,1,43549,0.0010000000000047748
54242000,-833,-22963,124902,-16490,-23331,130747,105,19220,430,0,43550,0.0009999999999976694
54243000,3307,10374,134752,68,7340,124283,86,19235,352,0,43551,0.0009999999999976694
54244000,-2931,4863,131156,-719,143,122821,110,19228,451,0,43552,0.0010000000000047748
54245001,-8953,9152,132453,-21482,3911,130637,136,19223,557,1,43553,0.0010009999999951447
54246000,-12184,-4476,128942,-13047,-7708,138284,116,19223,557,1,43554,0.0009990000000001942
54247000,-6517,16587,130303,-6386,14653,113922,99,19226,475,1,43555,0.0010000000000047748
54248000,-1442,5544,129905,-5375,102,131996,99,19228,405,0,43556,0.0009999999999976694
54249000,-3554,-7527,125942,-10646,-10290,125661,143,19222,586,0,43557,0.0009999999999976694
54250000,-1152,-4757,125531,-3488,-9293,133222,104,19230,426,0,43558,0.0010000000000047748
54251000,-3312,10040,126967,-9478,8232,121686,108,19227,442,0,43559,0.0009999999999976694
54252000,-6917,23097,130588,-10199,18867,117339,131,19227,442,1,43560,0.0009999999999976694
54253002,-3351,10576,126990,-5772,8524,132266,111,19229,537,1,43561,0.0010019999999997253
54254001,-656,2512,125602,-10987,177,122082,111,19234,455,1,43562,0.0009990000000001942
54255000,4944,-5622,126745,5221,-8771,133099,105,19217,430,0,43563,0.0009990000000001942
54256000,2988,-1717,122846,7042,-4372,120336,82,19228,336,0,43564,0.0010000000000047748
54257002,531,2173,123848,-11623,-1561,128523,111,19231,455,0,43565,0.0010019999999997253
54258002,-2198,8220,126411,-5971,6026,125320,125,19231,455,1,43566,0.0009999999999976694
54259002,-1562,18328,125956,-32,16042,117721,113,19219,512,1,43567,0.0009999999999976694
54260000,-1846,8822,126953,-2093,6023,126569,113,19230,463,1,43568,0.000998000000002719
54261000,6535,5377,125340,-1207,3704,121071,95,19231,389,0,43569,0.0009999999999976694
54262000,10374,-3004,124826,8753,-6008,132718,132,19232,541,0,43570,0.0010000000000047748
54263000,6392,-2024,126486,11230,-4511,122626,107,19229,438,0,43571,0.0009999999999976694
54264000,4031,-6629,126046,215,-10477,128497,114,19229,467,0,43572,0.0009999999999976694
54265000,3133,17341,125869,4494,12164,119803,144,19224,467,1,43573,0.0010000000000047748
54266000,5155,8149,128677,-899,9016,126682,109,19230,590,1,43574,0.0009999999999976694
54267000,10003,3732,124927,8284,-3256,130233,109,19230,446,1,43575,0.0009999999999976694
54268000,9990,5999,126831,12734,4257,116287,100,19228,410,0,43576,0.0010000000000047748
54269000,11091,-6446,127013,-4640,-8045,129248,129,19230,528,0,43577,0.0009999999999976694
54270000,6900,-15484,127737,15069,-14493,132358,110,19230,451,0,43578,0.0009999999999976694
54271000,1990,923,129737,1270,-3577,128513,116,19230,451,1,43579,0.0010000000000047748
54272000,-2380,22978,132925,-8833,15952,114987,110,19224,475,1,43580,0.0009999999999976694
54273000,919,13164,130823,6251,14621,131026,110,19229,451,1,43581,0.0009999999999976694
54274000,5252,-8170,126795,3141,-9687,134403,101,19229,414,1,43582,0.0010000000000047748
54275000,10582,-9700,127847,-1412,-10272,125670,126,19221,516,0,43583,0.0009999999999976694
54276000,10487,-4339,131809,13900,9511,127077,97,19221,397,0,43584,0.0009999999999976694
54277000,2893,-1294,129557,8931,-10963,129674,99,19230,397,0,43585,0.0010000000000047748
54278000,3002,-4340,130546,-19022,-11656,137195,141,19228,405,1,43586,0.0009999999999976694
54279000,-10727,11061,134681,6965,1725,120847,141,19225,577,1,43587,0.0009999999999976694
54280000,-7232,10486,131187,-11818,2374,124390,111,19232,455,1,43588,0.0009999999999976694
54281002,1367,-5,132894,-13980,-8076,131263,97,19226,397,0,43589,0.0010020000000068308
54282000,-66,-12396,126263,3883,-14140,132947,118,19232,483,0,43590,0.0009979999999956135
54283000,385,2885,129809,-816,2729,126928,105,19232,483,0,43591,0.0009999999999976694
54284001,-7491,6705,131182,-16958,3260,123799,115,19226,430,0,43592,0.00100100000000225
54285008,-7076,3807,131168,-11152,5059,134153,115,19220,471,1,43593,0.0010070000000013124
54286000,-9248,5250,130352,-11739,886,129058,113,19228,463,1,43594,0.0009919999999965512
54287000,-382,3497,128457,-9098,3388,124714,105,19231,430,1,43595,0.0010000000000047748
54288000,-2872,5126,127051,-6237,5268,124145,117,19215,479,0,43596,0.0009999999999976694
54289000,-1834,-10646,124500,-7496,-14739,131989,90,19215,479,0,43597,0.0009999999999976694
54290000,-90,-1857,127894,-5427,-2434,128737,105,19232,369,0,43598,0.0010000000000047748
54291000,-5749,8880,127956,-10271,4944,119887,105,19230,430,1,43599,0.0009999999999976694
54292000,-7703,11821,130095,-10109,8728,123176,139,19225,569,1,43600,0.0009999999999976694
54293000,-9506,8800,129223,-7159,4107,127682,116,19229,475,1,43601,0.0010000000000047748
54294000,-2510,477,123873,-6912,-3433,127874,101,19227,414,1,43602,0.0009999999999976694
54295000,1450,5068,126740,-1685,3096,122913,123,19227,414,0,43603,0.0009999999999976694
54296000,4781,2507,124518,2512,-1153,122791,106,19234,504,0,43604,0.0010000000000047748
54297000,1656,9273,125538,-5916,8837,126954,106,19231,434,0,43605,0.0009999999999976694
54298000,-2050,-2698,124666,-9484,-5375,129962,110,19220,451,1,43606,0.0009999999999976694
54299000,72,7086,126049,-120,4025,126221,141,19232,577,1,43607,0.0010000000000047748
54300000,-1317,18430,125245,3910,16283,118115,105,19232,430,1,43608,0.0009999999999976694
54301000,8608,432,122277,-3083,-2843,121286,107,19232,430,0,43609,0.0009999999999976694
54302000,9134,-3077,124579,7506,-7223,128412,95,19226,438,0,43610,0.0010000000000047748
54303000,8760,-3035,122346,7914,-7281,126474,95,19227,389,0,43611,0.0009999999999976694
54304000,6851,10256,129357,911,6645,119704,112,19224,459,0,43612,0.0009999999999976694
54305000,-1000,-4216,128432,6079,-6877,130787,133,19224,545,1,43613,0.0010000000000047748
54306001,3416,4802,127711,-1010,162,132052,113,19229,463,1,43614,0.0010009999999951447
54307000,5128,4765,125773,2780,96,124456,95,19229,463,1,43615,0.0009990000000001942
54308000,13009,11133,127794,9163,6600,120221,151,19228,389,0,43616,0.0010000000000047748
54309003,10158,1979,125563,8194,1760,124238,151,19232,618,0,43617,0.0010029999999972006
54310001,7426,-14173,127159,8525,-18582,135657,102,19231,418,0,43618,0.000998000000002719
54311000,6288,-4327,129912,6315,-8842,130500,104,19228,426,1,43619,0.0009990000000001942
54312000,-3387,12912,132593,-7049,8652,130169,126,19226,516,1,43620,0.0009999999999976694
54313000,3957,17309,132418,-101,16737,118416,106,19226,434,1,43621,0.0009999999999976694
54314000,1899,-2088,129790,6723,-5954,135590,111,19236,434,1,43622,0.0010000000000047748
54315000,8327,-12433,125291,-3704,-16757,132822,105,19217,455,0,43623,0.0009999999999976694
54316000,8318,-3467,128783,16384,-12013,124747,105,19227,430,0,43624,0.0009999999999976694
54317000,2818,3949,129940,10050,1253,125794,104,19229,426,0,43625,0.0010000000000047748
54318000,5415,6591,129868,-27161,1994,127370,121,19219,496,1,43626,0.0009999999999976694
54319000,-4884,7281,134889,139,5956,132051,111,19219,455,1,43627,0.0009999999999976694
54320000,-2202,-2450,129640,10108,-5253,130985,97,19231,455,1,43628,0.0010000000000047748
54321000,-5588,-10466,128732,-21239,-15890,134998,141,19227,397,0,43629,0.0009999999999976694
54322000,250,-2460,131354,-10922,-5146,127580,141,19230,577,0,43630,0.0009999999999976694
54323000,1151,5540,128241,6270,12109,128841,114,19230,467,0,43631,0.0010000000000047748
54324000,-8042,10235,133924,-10016,1106,122895,113,19225,463,0,43632,0.0009999999999976694
54325000,-5847,-2007,128649,-19994,-10279,136614,136,19225,557,1,43633,0.0009999999999976694
54326000,-10446,5659,129987,-5414,-1267,129768,112,19229,557,1,43634,0.0010000000000047748
54327000,-3158,15344,131438,-12485,13016,118384,109,19229,459,1,43635,0.0009999999999976694
54328000,-4372,-727,128490,-5625,-8790,135924,109,19220,446,0,43636,0.0009999999999976694
54329000,-4952,-9410,124326,-6238,-8108,126917,151,19236,618,0,43637,0.0010000000000047748
54330000,-2889,3719,127814,-10142,2186,127750,110,19227,451,0,43638,0.0009999999999976694
54331000,-3504,6977,126943,-6435,6400,121648,120,19220,491,1,43639,0.0009999999999976694
54332000,-6011,9049,127639,-7716,5989,123842,115,19220,491,1,43640,0.0010000000000047748
54333000,-4264,1819,127142,-11167,-4165,130837,107,19231,471,1,43641,0.0009999999999976694
54334000,-1318,4688,126256,8068,-847,118290,107,19232,438,0,43642,0.0009999999999976694
54335000,-3033,455,125085,-6741,-3241,138377,133,19232,545,0,43643,0.0010000000000047748
54336000,176,1573,122489,-10813,-1068,113300,101,19227,414,0,43644,0.0009999999999976694
54337000,1845,10488,129204,6853,6197,126849,105,19221,430,0,43645,0.0009999999999976694
54338000,-262,-1781,124027,-2776,-6016,131782,148,19221,430,1,43646,0.0010000000000047748
54339000,-2870,12370,126480,-8414,11349,118082,111,19225,606,1,43647,0.0009999999999976694
54340000,4459,11644,126544,1859,6314,127743,111,19232,455,1,43648,0.0009999999999976694
54341000,9076,8727,123049,9265,4008,116485,99,19226,405,0,43649,0.0010000000000047748
54342000,11354,-8853,124261,7360,-14242,133150,93,19230,381,0,43650,0.0009999999999976694
54343000,4616,-13038,123355,3187,-16149,121328,112,19228,459,0,43651,0.0009999999999976694
54344000,4946,6261,127087,5676,2382,126554,118,19228,459,1,43652,0.0009999999999976694
54345000,-50,9462,127989,-2083,7788,125671,108,19221,483,1,43653,0.0010000000000047748
54346000,2514,10406,128039,-356,5649,118330,108,19228,442,1,43654,0.0009999999999976694
54347000,7976,-2164,127668,11326,-5401,136677,102,19235,418,1,43655,0.0009999999999976694
54348000,10599,3517,125432,3799,1382,115803,119,19225,487,0,43656,0.0010000000000047748
54349000,11848,-10429,127400,13270,-14867,135930,97,19235,397,0,43657,0.0009999999999976694
54350000,6355,-8276,127295,9104,-12406,130299,105,19235,397,0,43658,0.0009999999999976694
54351000,4196,1234,128240,-9126,-3561,129658,136,19230,430,1,43659,0.0010000000000047748
54352000,-1837,10364,129552,3083,5548,123662,136,19228,557,1,43660,0.0009999999999976694
54353003,2471,8619,127708,3157,5881,122517,111,19235,455,1,43661,0.001003000000004306
54354000,7861,-8742,126339,-785,-12361,135039,98,19224,401,0,43662,0.0009969999999981383
54355003,11392,-7241,130473,9694,-10705,124936,141,19228,577,0,43663,0.0010029999999972006
54356000,5956,-368,129369,16649,-3988,131898,105,19228,430,0,43664,0.0009969999999981383
54357001,-1640,4407,131360,-18534,638,124585,109,19232,430,0,43665,0.00100100000000225
54358000,-5257,5141,135496,-13469,4258,129814,131,19220,446,1,43666,0.0009990000000001942
54359000,-7949,-9,130403,14642,-930,134070,131,19229,537,1,43667,0.0009999999999976694
54360000,-4634,2266,129628,-19695,-1144,123089,102,19228,418,1,43668,0.0010000000000047748
54361000,1640,-5586,129127,-10100,-9560,132441,116,19225,475,0,43669,0.0009999999999976694
54362000,3875,6914,128191,10120,1141,122810,94,19225,385,0,43670,0.0009999999999976694
54363000,-3651,-1540,130497,-5103,-2328,127229,109,19228,385,0,43671,0.0010000000000047748
54364000,-6818,-2649,130495,-21718,-6130,132035,139,19228,446,1,43672,0.0009999999999976694
54365000,-10067,6989,129752,-9415,2777,128696,139,19227,569,1,43673,0.0009999999999976694
54366000,-9860,14710,131378,-8552,7400,124132,116,19228,475,1,43674,0.0010000000000047748
54367000,-4440,5295,128335,-14215,-1969,125614,99,19227,405,1,43675,0.0009999999999976694
54368002,-1710,-8939,125494,-4885,-13268,134820,154,19227,631,0,43676,0.0010019999999997253
54369000,-1231,3455,126369,-5533,6493,116892,103,19230,631,0,43677,0.000998000000002719
54370000,-3180,9518,127215,-6879,16952,123592,106,19232,422,0,43678,0.0009999999999976694
54371001,-5350,3450,128228,-7163,-1196,126891,106,19226,434,1,43679,0.00100100000000225
54372000,-5721,170,126623,-15618,-8019,133219,132,19231,541,1,43680,0.0009990000000001942
54373000,-8287,8992,128239,-561,2457,124847,112,19229,459,1,43681,0.0009999999999976694
54374000,232,11018,127004,-10871,4885,116479,111,19222,455,0,43682,0.0009999999999976694
54375000,2361,-929,127529,191,-5081,131287,95,19222,455,0,43683,0.0010000000000047748
54376003,1658,-3936,123547,2076,-6748,125632,112,19228,389,0,43684,0.0010029999999972006
54377002,-2743,3098,124830,-6632,4150,125666,112,19231,459,0,43685,0.0009990000000001942
54378000,-4955,17800,128967,-9628,9015,119135,131,19220,537,1,43686,0.000998000000002719
54379000,-1308,9006,124543,211,10099,125073,115,19231,471,1,43687,0.0009999999999976694
54380000,5418,9518,128212,2317,3550,127077,97,19234,397,1,43688,0.0009999999999976694
54381000,8646,-430,120469,8321,-3283,120707,130,19234,397,0,43689,0.0010000000000047748
54382000,12606,5598,122348,6413,3113,119411,106,19239,532,0,43690,0.0009999999999976694
54383000,8855,-5431,126450,3376,-8909,129683,106,19228,434,0,43691,0.0009999999999976694
54384000,8081,-4710,127157,7926,-4873,131045,110,19226,451,1,43692,0.0010000000000047748
54385000,-262,6434,128363,1524,3964,123977,132,19228,541,1,43693,0.0009999999999976694
54386000,2067,8221,128794,-351,4638,121327,110,19230,451,1,43694,0.0009999999999976694
54387000,9311,3010,125978,10703,-3146,125561,100,19230,451,1,43695,0.0010000000000047748
54388000,10682,-3261,125754,4316,-7377,127461,105,19223,410,0,43696,0.0009999999999976694
54389001,9542,-3551,127565,10394,-5797,128292,105,19233,430,0,43697,0.00100100000000225
54390000,3911,-365,128097,2760,-3423,123804,100,19230,410,0,43698,0.0009990000000001942
54391000,4057,-1646,128146,-644,-5890,133793,116,19226,475,1,43699,0.0009999999999976694
54392001,292,11654,131508,3605,8449,123709,112,19229,459,1,43700,0.00100100000000225
54393000,3835,7790,129557,-4717,3561,129778,100,19229,410,1,43701,0.0009990000000001942
54394002,6754,8001,128839,2255,5047,121404,131,19228,410,0,43702,0.0010019999999997253
54395000,8264,-17175,127013,7501,-20991,133166,131,19225,537,0,43703,0.0009979999999956135
54396000,4705,-15965,129951,11321,-19178,134656,98,19232,401,0,43704,0.0010000000000047748
54397000,2767,7413,131260,-14577,3733,123708,104,19227,426,0,43705,0.0009999999999976694
54398000,-2804,17348,132749,-7502,13433,128733,151,19230,618,1,43706,0.0009999999999976694
54399003,-4518,7900,130382,1527,6287,121005,111,19230,455,1,43707,0.001003000000004306
54400000,-4738,-5521,130055,-11357,-7997,133656,98,19230,455,1,43708,0.0009969999999981383
54401004,497,-15068,128366,-5273,-19888,137581,112,19225,401,0,43709,0.0010040000000017812
54402007,2565,4444,131474,3082,-356,126012,112,19232,459,0,43710,0.0010029999999972006
54403000,-1942,6648,130149,-8328,2768,128015,108,19228,442,0,43711,0.0009930000000011319
54404003,-6564,8524,132264,-14358,6762,125266,120,19221,491,1,43712,0.0010029999999972006
54405001,-8409,-6959,130021,-8944,-7934,141056,112,19221,459,1,43713,0.000998000000002719
54406000,-7805,19888,130470,-14935,17067,117229,103,19228,459,1,43714,0.0009990000000001942
54407000,-4434,12423,129572,-7415,12993,122967,125,19232,422,1,43715,0.0009999999999976694
54408000,-1731,-8110,125813,-4128,-12400,135411,125,19218,512,0,43716,0.0009999999999976694
54409000,-2513,-406,127290,-9057,-4998,126092,96,19231,393,0,43717,0.0010000000000047748
54410000,-1786,432,127955,-6263,-1661,132477,104,19226,426,0,43718,0.0009999999999976694
54411000,-2524,16270,128426,-5223,8119,118508,143,19226,586,1,43719,0.0009999999999976694
54412000,-7473,11168,127322,-12528,11372,128849,117,19229,586,1,43720,0.0010000000000047748
54413000,128,4812,125984,-10150,1263,122865,101,19233,479,1,43721,0.0009999999999976694
54414000,655,657,125177,3545,-1553,129723,101,19224,414,0,43722,0.0009999999999976694
54415000,2625,-10698,122618,-613,-14413,126975,114,19234,467,0,43723,0.0010000000000047748
54416000,383,4837,125988,-2692,3443,122462,108,19232,442,0,43724,0.0009999999999976694
54417000,-887,4356,125760,-4553,10126,130764,115,19222,471,1,43725,0.0009999999999976694
54418000,-2392,15000,126941,-4137,10178,114467,133,19222,471,1,43726,0.0010000000000047748
54419000,-2515,8993,124663,-1591,-2441,129895,103,19227,545,1,43727,0.0009999999999976694
54420000,5247,12521,126523,-4249,2038,119586,103,19233,422,1,43728,0.0009999999999976694
54421000,8043,2724,126141,4886,-11162,125792,115,19228,471,0,43729,0.0010000000000047748
54422000,9409,-8329,126219,13659,-7677,131081,100,19227,410,0,43730,0.0009999999999976694
54423000,5191,9804,127087,-4300,7300,121286,112,19227,459,0,43731,0.0009999999999976694
54424000,2071,-4990,123760,4409,-3096,132589,139,19227,459,1,43732,0.0010000000000047748
54425000,3455,14379,128905,4974,13559,118815,114,19224,569,1,43733,0.0009999999999976694
54426000,12303,9798,124398,-3646,5087,126461,114,19228,467,1,43734,0.0009999999999976694
54427000,9957,7627,128017,20424,4659,119337,99,19232,405,0,43735,0.0010000000000047748
54428000,12160,-5467,125474,550,-12998,130289,141,19235,577,0,43736,0.0009999999999976694
54429000,7261,-17052,126784,5907,-18019,144841,104,19232,426,0,43737,0.0009999999999976694
54430000,5534,1888,129584,6292,-380,119616,108,19232,426,0,43738,0.0010000000000047748
54431000,846,3863,130463,-4056,1059,131148,122,19223,442,1,43739,0.0009999999999976694
54432000,-2753,24881,133429,-1458,23956,120996,122,19231,500,1,43740,0.0009999999999976694
54433000,6654,-8146,124506,-4075,-12304,139394,108,19228,442,1,43741,0.0010000000000047748
54434001,9472,-2669,128984,12669,-6253,124109,112,19220,459,0,43742,0.0010009999999951447
54435000,12388,526,129986,11213,-2339,122811,100,19229,410,0,43743,0.0009990000000001942
54436000,2332,-8939,129043,512,-12233,137205,112,19229,410,0,43744,0.0010000000000047748
54437000,-1223,1842,134018,-14096,-1794,126429,131,19230,459,1,43745,0.0009999999999976694
54438000,-6288,-1010,130902,-6208,-3976,139498,131,19219,537,1,43746,0.0009999999999976694
54439000,-10216,14748,132409,3108,11965,115076,112,19231,459,1,43747,0.0010000000000047748
54440000,55,-3987,129447,-19135,-9496,132951,98,19229,401,1,43748,0.0009999999999976694
54441000,2471,-13788,129091,-3025,-17277,140580,148,19235,606,0,43749,0.0009999999999976694
54442000,2921,5685,129841,10911,3223,119357,105,19235,606,0,43750,0.0010000000000047748
54443001,-6028,2250,132479,-17236,-1789,134350,111,19228,430,0,43751,0.0010009999999951447
54444000,-10032,-655,130119,-17795,-3548,125722,111,19226,455,1,43752,0.0009990000000001942
54445001,-8491,-1693,130452,-8006,-4648,141633,129,19229,528,1,43753,0.00100100000000225
54446000,-7765,11822,129310,-10686,8356,121325,111,19231,455,1,43754,0.0009990000000001942
54447000,-3682,10829,128977,-8350,9208,117167,107,19222,438,0,43755,0.0009999999999976694
54448002,-1343,-10284,125423,-10918,-14148,137040,127,19222,520,0,43756,0.0010019999999997253
54449000,-2271,-3308,127366,484,-6648,125229,104,19234,520,0,43757,0.000998000000002719
54450000,-6353,2845,128369,-11437,-220,130443,121,19231,426,0,43758,0.0009999999999976694
54451000,-7814,13935,128549,-12801,11120,114271,121,19223,496,1,43759,0.0010000000000047748
54452000,-8517,7390,128827,-10398,6291,127064,114,19229,467,1,43760,0.0009999999999976694
54453000,-2308,-535,125546,-5897,-2580,135063,101,19231,414,1,43761,0.0009999999999976694
54454000,352,7402,123941,-4661,3147,114787,139,19231,569,0,43762,0.0010000000000047748
54455000,3384,5714,126900,3715,3272,128919,106,19234,569,0,43763,0.0009999999999976694
54456000,3107,-3596,123953,6809,-6515,123898,109,19228,434,0,43764,0.0009999999999976694
54457000,-1336,-2806,126522,-10045,-6800,136297,109,19225,446,1,43765,0.0010000000000047748
54458000,-3170,15479,126209,-12327,10668,110319,156,19228,639,1,43766,0.0009999999999976694
54459014,1152,12207,126212,11465,14996,129947,108,19232,442,1,43767,0.00101399999999785
54460000,4549,-5281,121368,945,-2621,128024,101,19232,414,0,43768,0.0009860000000045943
54461000,7917,-5300,121374,-2862,-9273,125026,87,19225,414,0,43769,0.0009999999999976694
54462000,9385,5498,127222,13180,3399,119673,115,19228,356,0,43770,0.0009999999999976694
54463000,4060,6421,127569,6107,-2256,123806,115,19230,471,0,43771,0.0010000000000047748
54464000,3194,-5344,126932,-7889,-1345,139639,122,19221,500,1,43772,0.0009999999999976694
54465000,1008,3124,127663,7880,1248,118606,110,19231,451,1,43773,0.0009999999999976694
54466000,8916,9608,123976,2155,1114,125418,100,19231,410,1,43774,0.0010000000000047748
54467000,10237,12228,127713,10198,6666,121352,129,19231,410,0,43775,0.0009999999999976694
54468000,12513,-5547,124656,7435,-10237,131180,101,19228,528,0,43776,0.0009999999999976694
54469003,9358,-12892,128198,6361,-12331,132649,101,19229,414,0,43777,0.001003000000004306
54470000,3274,3237,127210,1966,-258,123288,104,19226,426,1,43778,0.0009969999999981383
54471000,1460,10924,130149,1920,10339,127900,138,19229,565,1,43779,0.0009999999999976694
54472000,-587,12767,132100,-4334,8326,124590,109,19232,446,1,43780,0.0009999999999976694
54473000,7124,-3608,128869,2554,-7942,134346,102,19232,446,1,43781,0.0010000000000047748
54474000,5335,-327,129923,6299,-4173,124056,133,19226,418,0,43782,0.0009999999999976694
54475001,11260,-11442,128598,9728,-15362,132091,133,19235,545,0,43783,0.00100100000000225
54476000,5507,850,129273,7856,-806,129929,107,19229,438,0,43784,0.0009990000000001942
54477000,-810,-1086,130169,-18584,614,125321,111,19221,455,1,43785,0.0009999999999976694
54478000,-2849,18227,134479,-5800,18214,126496,121,19229,496,1,43786,0.0009999999999976694
54479000,-5745,1497,130808,8685,-6928,129407,101,19229,496,1,43787,0.0010000000000047748
54480000,-5811,-14800,126842,-8371,-19198,134071,120,19233,414,0,43788,0.0009999999999976694
54481002,1257,-10560,130875,-20129,-13316,133524,120,19225,491,0,43789,0.0010019999999997253
54482000,-641,6828,132250,10487,4790,122874,98,19228,401,0,43790,0.000998000000002719
54483000,-2935,16053,133377,-6242,12548,125642,111,19226,455,0,43791,0.0009999999999976694
54484000,-12218,4462,130120,-27239,708,128790,143,19229,586,1,43792,0.0009999999999976694
54485000,-7256,-3563,128309,-6659,-7456,135796,114,19229,586,1,43793,0.0010000000000047748
54486000,-5011,15535,131195,-2600,14149,120111,101,19230,467,1,43794,0.0009999999999976694
54487000,-2537,2084,128418,-11687,-1648,126584,101,19231,414,0,43795,0.0009999999999976694
54488000,-2817,4785,126907,-9342,1776,124510,164,19228,672,0,43796,0.0010000000000047748
54489000,-363,-9266,125155,-2065,-12433,130090,105,19229,430,0,43797,0.0009999999999976694
54490000,-1688,2839,128037,-5973,-80,127686,110,19223,451,1,43798,0.0009999999999976694
54491000,-10176,15204,127095,-6293,11195,114737,129,19223,528,1,43799,0.0010000000000047748
54492000,-4730,8850,127525,-17715,6848,129636,107,19227,528,1,43800,0.0009999999999976694
54493000,142,2777,127006,-4490,319,124930,112,19225,438,1,43801,0.0009999999999976694
54494000,1832,-6546,124545,7380,-8696,128490,112,19224,459,0,43802,0.0010000000000047748
54495002,356,2135,124398,-2551,-1315,125113,91,19228,373,0,43803,0.0010019999999997253
54496002,-735,5724,124421,-9472,2089,120798,109,19227,446,0,43804,0.0009999999999976694
54497002,889,11709,127034,-1812,7564,129133,134,19227,549,1,43805,0.0009999999999976694
54498000,-3527,13400,125158,-3523,10960,119227,113,19222,549,1,43806,0.000998000000002719
54499000,4630,-28,126233,-807,-386,128717,93,19233,463,1,43807,0.0009999999999976694
54500000,6204,3419,122878,9851,3036,119030,93,19228,381,0,43808,0.0010000000000047748
54501000,10512,-459,123925,-3235,-3914,126037,120,19231,491,0,43809,0.0009999999999976694
54502000,8795,346,125895,11896,-4980,126311,114,19224,467,0,43810,0.0009999999999976694
54503000,3833,-532,124674,9021,-3030,121170,116,19224,475,0,43811,0.0010000000000047748
54504000,2052,3528,129174,-7123,3033,128987,131,19224,475,1,43812,0.0009999999999976694
54505000,4119,11719,129594,4484,10829,128205,107,19228,537,1,43813,0.0009999999999976694
54506000,9489,-142,124748,11589,-2007,127110,107,19231,438,1,43814,0.0010000000000047748
54507000,7644,9861,128578,3538,6117,116582,105,19221,430,0,43815,0.0009999999999976694
54508000,12328,-9645,125144,-143,-3965,138513,101,19231,414,0,43816,0.0009999999999976694
54509000,4392,-12103,127124,21553,-19610,129451,108,19232,442,0,43817,0.0010000000000047748
54510000,3794,3667,131146,-5258,-1794,131614,122,19232,442,1,43818,0.0009999999999976694
54511000,954,9061,131115,-10421,18056,117798,113,19222,500,1,43819,0.0009999999999976694
54512000,680,16932,131600,9337,-151,128335,113,19229,463,1,43820,0.0010000000000047748
54513000,5963,-17030,125053,-4432,-26706,136044,97,19228,397,1,43821,0.0009999999999976694
54514000,6973,-5184,129583,5821,-5596,122911,138,19227,565,0,43822,0.0009999999999976694
54515000,10524,-2360,129418,15616,-10071,134951,103,19230,422,0,43823,0.0010000000000047748
54516000,-145,-1577,131162,-10963,3099,122982,105,19230,422,0,43824,0.0009999999999976694
54517000,1147,10071,133760,-18852,4003,130744,153,19228,430,1,43825,0.0009999999999976694
54518008,-11368,392,130038,9367,-2236,132315,153,19224,627,1,43826,0.0010079999999987876
54519000,-3482,2848,129502,-11197,561,123413,109,19230,446,1,43827,0.0009920000000036566
54520001,-114,-6098,128467,-13452,-11713,137964,101,19220,414,0,43828,0.00100100000000225
54521000,885,-3322,128885,4905,-3476,122323,116,19232,475,0,43829,0.0009990000000001942
54522003,-612,8180,133468,-3236,1549,129223,106,19232,475,0,43830,0.0010029999999972006
54523000,-7138,-6495,129182,-20670,-5927,135557,121,19228,434,0,43831,0.0009969999999981383
54524000,-8259,12935,132717,-9249,9488,121344,121,19223,496,1,43832,0.0010000000000047748
54525000,-12978,2353,128411,-8436,-2078,135484,114,19229,467,1,43833,0.0009999999999976694
54526000,-1932,15087,130694,-16588,11804,117892,103,19230,422,1,43834,0.0009999999999976694
54527000,-5606,-6034,126306,-5188,-10076,133889,128,19218,524,0,43835,0.0010000000000047748
54528000,-1938,-339,126790,-1791,-901,127078,98,19218,524,0,43836,0.0009999999999976694
54529000,341,6902,126913,-11306,2753,124190,102,19233,401,0,43837,0.0009999999999976694
54530000,-5231,4798,129067,-4724,2204,128259,102,19228,418,1,43838,0.0009999999999976694
54531002,-5499,14371,127839,-10744,11525,118663,144,19229,590,1,43839,0.0010020000000068308
54532000,-8292,-1439,126542,-10576,-4930,132026,119,19229,487,1,43840,0.0009979999999956135
54533001,1183,6958,126755,1999,3962,122726,104,19222,426,0,43841,0.00100100000000225
54534000,-59,-2793,122825,-4875,-6734,125696,108,19222,426,0,43842,0.0009990000000001942
54535001,1700,9463,129810,-1175,7317,126167,108,19232,442,0,43843,0.0010009999999951447
54536000,1850,-836,122952,-1641,-3648,122495,108,19230,442,0,43844,0.0009990000000001942
54537000,-6206,6773,127699,-7194,2720,129247,115,19222,471,1,43845,0.0010000000000047748
54538000,-577,12606,125857,-9612,9109,119147,133,19226,545,1,43846,0.0009999999999976694
54539002,2467,4423,122543,7392,603,128760,101,19232,414,1,43847,0.0010019999999997253
54540000,7724,3572,123692,6176,-926,125477,116,19232,475,0,43848,0.000998000000002719
54541000,13244,-3862,121035,-2296,-9299,117169,100,19231,475,0,43849,0.0009999999999976694
54542000,8205,2915,127443,15256,-1562,128666,109,19231,410,0,43850,0.0009999999999976694
54543000,7642,-3590,125884,3812,-7249,129445,109,19228,446,1,43851,0.0010000000000047748
54544000,-1599,5197,129264,-2144,1824,125256,144,19225,590,1,43852,0.0009999999999976694
54545000,-1576,2825,126713,3401,139,127208,114,19233,467,1,43853,0.0009999999999976694
54546000,8508,2559,123494,39,-789,119461,98,19233,401,1,43854,0.0010000000000047748
54547000,10193,7288,129836,9579,5482,127670,144,19228,401,0,43855,0.0009999999999976694
54548000,10317,830,126179,6384,-1682,124605,109,19230,590,0,43856,0.0009999999999976694
54549000,3886,1454,131258,12565,-8331,134712,109,19230,446,0,43857,0.0010000000000047748
54550000,3659,-10785,127165,-20,-18067,132209,111,19223,455,1,43858,0.0009999999999976694
54551000,1815,11420,131571,-4649,642,133015,119,19232,487,1,43859,0.0009999999999976694
54552000,4050,20091,131367,3790,18404,122127,109,19230,446,1,43860,0.0010000000000047748
54553000,7186,-5545,128228,2420,-4481,133435,116,19230,446,0,43861,0.0009999999999976694
54554000,7366,-12403,127022,587,-17423,131725,89,19216,475,0,43862,0.0009999999999976694
54555000,3289,-3982,128730,15418,-10360,128757,89,19231,365,0,43863,0.0010000000000047748
54556000,2049,-173,130180,-2846,-1757,122235,103,19229,422,0,43864,0.0009999999999976694
54557000,2157,13247,135435,-13223,8922,130885,129,19223,528,1,43865,0.0009999999999976694
54558000,-5253,4260,131034,5646,1738,137429,113,19231,463,1,43866,0.0010000000000047748
54559000,-6296,-1248,127985,-3564,-2148,121639,97,19231,463,1,43867,0.0009999999999976694
54560000,-1124,-10329,129598,-18792,-15460,136611,147,19228,397,0,43868,0.0009999999999976694
54561000,2578,1571,127434,12049,-3093,128059,147,19233,602,0,43869,0.0010000000000047748
54562000,-1093,3633,129564,-11372,1960,126763,108,19229,442,0,43870,0.0009999999999976694
54563002,-4719,5712,133509,-17427,3224,130196,112,19224,459,1,43871,0.0010019999999997253
54564000,-9132,3702,129247,-6342,-33,130145,134,19229,549,1,43872,0.000998000000002719
54565000,-6503,2803,129007,-7862,1064,129299,110,19229,549,1,43873,0.0009999999999976694
54566000,-5955,9574,130030,-8553,6208,122378,109,19230,451,1,43874,0.0009999999999976694
54567000,-2278,-3165,125301,-9224,-9944,131623,109,19219,446,0,43875,0.0010000000000047748
54568002,-2326,-1582,127181,925,-2508,126556,118,19236,483,0,43876,0.0010019999999997253
54569000,-1502,1839,128070,-12624,-3390,128333,105,19228,430,0,43877,0.0009979999999956135
54570000,-5288,8319,127259,-1437,8532,120720,124,19220,508,1,43878,0.0010000000000047748
54571000,-5161,16256,128252,-15380,12122,120886,115,19220,508,1,43879,0.0009999999999976694
54572000,-3216,-3659,125800,-2046,-8015,137349,102,19228,471,1,43880,0.0009999999999976694
54573000,-4633,10369,124021,-782,7028,117145,102,19229,418,0,43881,0.0010000000000047748
54574000,1994,2258,124801,-12914,-1515,126582,143,19231,586,0,43882,0.0009999999999976694
54575000,1497,-819,125729,11994,-3679,126046,109,19228,446,0,43883,0.0009999999999976694
54576000,3122,-6266,125905,-8808,-10828,128394,110,19222,451,0,43884,0.0010000000000047748
54577000,-2587,11796,128191,-2653,10687,123051,153,19222,451,1,43885,0.0009999999999976694
54578000,-2295,20348,126124,-2440,16399,119128,109,19230,627,1,43886,0.0009999999999976694
54579000,4421,2234,121830,169,-580,129679,109,19231,446,1,43887,0.0010000000000047748
54580000,7589,3968,124638,6195,-434,121902,103,19217,422,0,43888,0.0009999999999976694
54581000,11289,-8783,123925,3409,-13640,128302,101,19229,414,0,43889,0.0009999999999976694
54582000,7639,10606,126998,18621,7880,116514,118,19228,483,0,43890,0.0010000000000047748
54583000,4963,-4133,125789,-6642,-7597,131398,128,19228,524,1,43891,0.0009999999999976694
54584000,2498,-2586,127683,346,-6203,130244,115,19223,524,1,43892,0.0009999999999976694
54585002,5094,11129,127905,17101,7715,113766,102,19229,471,1,43893,0.0010019999999997253
54586000,5953,-2897,123370,137,-4282,129940,102,19228,418,1,43894,0.000998000000002719
54587000,9653,-1423,126606,-3007,-4307,122092,128,19226,524,0,43895,0.0009999999999976694
54588000,10744,-12749,127582,17160,-15215,134534,99,19230,405,0,43896,0.0010000000000047748
54589000,4825,-2094,128865,7830,-7100,127367,105,19230,430,0,43897,0.0009999999999976694
54590000,349,6834,132385,-8812,3414,123123,137,19223,430,1,43898,0.0009999999999976694
54591000,-364,10991,128394,1108,6542,134161,112,19227,561,1,43899,0.0010000000000047748
54592000,1133,6626,126029,6780,4628,121357,112,19231,459,1,43900,0.0009999999999976694
54593000,8817,-14033,130744,-5539,-15407,134524,101,19227,414,0,43901,0.0009999999999976694
54594001,9832,-1536,127606,9194,-3784,117189,133,19235,545,0,43902,0.00100100000000225
54595000,7483,-6198,128947,16194,-7527,132572,104,19235,426,0,43903,0.0009990000000001942
54596000,-2873,-5011,129477,-13533,-12898,132794,113,19228,426,0,43904,0.0009999999999976694
54597000,-4751,18294,133958,-12740,15719,116192,116,19216,463,1,43905,0.0009999999999976694
54598000,-8012,-427,130639,4631,-1924,136768,116,19229,475,1,43906,0.0010000000000047748
54599001,-3912,-4048,129355,-8025,-4265,128283,100,19230,410,1,43907,0.0010009999999951447
54600000,2178,-6741,129087,-17993,-9390,135452,119,19227,487,0,43908,0.0009990000000001942
54601000,6367,3698,128186,9371,-1881,115957,102,19229,418,0,43909,0.0010000000000047748
54602000,-4112,6092,131687,2290,6772,133477,111,19229,418,0,43910,0.0009999999999976694
54603001,-7740,-3851,129409,-23734,-7657,130802,146,19228,455,1,43911,0.00100100000000225
54604000,-10091,3505,131377,-13331,2327,131913,146,19227,598,1,43912,0.0009990000000001942
54605000,-10187,5636,131323,-5064,13399,123424,115,19235,471,1,43913,0.0009999999999976694
54606000,-427,12592,129266,-12257,2544,119175,98,19224,401,1,43914,0.0009999999999976694
54607000,-3817,-13701,124704,-7426,-21061,143927,168,19234,688,0,43915,0.0010000000000047748
54608000,-56,-1850,126605,-3695,-505,121827,111,19234,688,0,43916,0.0009999999999976694
54609000,-3645,14371,128504,-9593,9615,121063,115,19231,455,0,43917,0.0009999999999976694
54610000,-6534,12456,129653,-12718,10990,123821,115,19219,471,1,43918,0.0010000000000047748
54611002,-6075,2417,126453,-7597,-5850,131325,123,19228,504,1,43919,0.0010019999999997253
54612001,-3196,1195,126633,-4070,-6216,128508,108,19236,442,1,43920,0.0009990000000001942
54613000,1611,13114,125690,-1635,10820,113993,117,19224,479,0,43921,0.0009990000000001942
54614000,3176,2308,127193,1148,-898,128272,95,19224,479,0,43922,0.0009999999999976694
54615000,3484,-5369,123268,-4109,-7873,129191,110,19229,389,0,43923,0.0009999999999976694
54616000,-1517,616,125222,-3963,-295,126460,110,19224,451,1,43924,0.0010000000000047748
54617000,-3849,17871,126476,-7860,18676,117325,134,19225,549,1,43925,0.0009999999999976694
54618000,172,14087,126650,2568,8306,122148,111,19234,455,1,43926,0.0009999999999976694
54619000,3680,-3678,123583,-2985,-7441,132598,93,19231,381,1,43927,0.0010000000000047748
54620003,9710,465,123860,2011,-4049,118660,115,19231,381,0,43928,0.0010029999999972006
54621000,7336,1607,125375,17302,-2378,120993,113,19231,471,0,43929,0.0009969999999981383
54622000,5138,4109,126244,1249,604,128098,113,19229,463,0,43930,0.0010000000000047748
54623000,5461,-2604,127343,-4919,-6999,128574,113,19222,463,1,43931,0.0009999999999976694
54624000,5569,14279,130634,8233,14802,125370,125,19229,512,1,43932,0.0009999999999976694
54625000,5238,12655,125694,8493,8094,120581,104,19231,426,1,43933,0.0010000000000047748
54626000,7496,-2708,126053,-1558,-6101,126100,107,19231,426,0,43934,0.0009999999999976694
54627000,10359,-7072,125951,4919,-10945,133891,84,19221,438,0,43935,0.0009999999999976694
54628000,8092,-11439,124508,17606,-14835,128853,84,19229,344,0,43936,0.0010000000000047748
54629000,2843,12116,132534,-7469,9758,122819,103,19229,422,0,43937,0.0009999999999976694
54630000,3178,1660,127805,-1431,-1465,122420,122,19224,500,1,43938,0.0009999999999976694
54631000,937,8736,132504,6906,6717,129789,113,19227,463,1,43939,0.0010000000000047748
54632001,831,-1077,128261,-7698,-4343,128134,97,19227,397,1,43940,0.0010009999999951447
54633001,8367,-5806,127528,-394,-9432,127292,143,19231,397,0,43941,0.0010000000000047748
54634000,7636,-9777,131230,17875,-11159,133701,105,19229,586,0,43942,0.0009990000000001942
54635001,1657,-7972,128113,7804,-12592,132611,105,19228,430,0,43943,0.0010009999999951447
54636002,6008,10609,134099,-27154,6102,127255,106,19224,434,1,43944,0.00100100000000225
54637000,-7522,13506,132276,7370,11386,122980,137,19227,561,1,43945,0.000998000000002719
54638000,-5510,5179,129326,1088,3278,127050,105,19227,430,1,43946,0.0009999999999976694
54639000,-5100,-11108,127665,-24783,-11887,132592,101,19235,430,1,43947,0.0009999999999976694
54640000,1267,-15402,128078,4501,-22490,137181,92,19230,414,0,43948,0.0010000000000047748
54641000,1523,8897,133115,-1409,4371,127076,92,19231,377,0,43949,0.0009999999999976694
54642000,-6570,7327,131070,-9730,3121,124209,108,19229,442,0,43950,0.0009999999999976694
54643000,-5988,5467,131892,-16036,-333,130321,127,19226,520,1,43951,0.0010000000000047748
54644000,-9525,-5021,127689,-13527,-7980,138214,116,19229,475,1,43952,0.0009999999999976694
54645000,-3323,14821,130498,-6169,7261,123654,99,19229,475,1,43953,0.0009999999999976694
54646000,-3983,9178,128176,-10671,9994,129356,133,19232,405,0,43954,0.0010000000000047748
54647000,-4808,-10973,124190,-10023,-14323,131753,133,19226,545,0,43955,0.0009999999999976694
54648002,1708,-6343,126788,-6853,-12927,133198,99,19230,405,0,43956,0.0010019999999997253
54649000,-6448,3774,125349,-479,-3660,118951,105,19225,430,0,43957,0.000998000000002719
54650000,-5161,20829,130922,-9263,14995,119292,145,19228,594,1,43958,0.0009999999999976694
54651000,-9003,617,126722,-17180,-5598,132751,115,19228,594,1,43959,0.0009999999999976694
54652000,459,2410,127614,-5921,877,131671,103,19228,471,1,43960,0.0010000000000047748
54653000,-823,1534,125160,4369,-4193,120079,103,19227,422,0,43961,0.0009999999999976694
54654000,386,655,123992,-930,-3576,121379,102,19233,418,0,43962,0.0009999999999976694
54655001,2916,10052,126363,-5174,3269,127527,108,19230,442,0,43963,0.00100100000000225
54656000,-2037,5643,125074,2162,4122,124148,123,19217,504,1,43964,0.0009990000000001942
54657000,-2721,14963,125790,-8634,17701,122748,116,19217,504,1,43965,0.0009999999999976694
54658000,-1784,8638,124551,-3977,4880,119582,100,19231,475,1,43966,0.0009999999999976694
54659000,10437,2353,123228,10165,-2918,129285,100,19232,410,0,43967,0.0010000000000047748
54660000,6865,-4440,123920,6834,-9181,125344,121,19230,496,0,43968,0.0009999999999976694
54661000,9560,-3328,127361,1626,-6367,126378,102,19225,418,0,43969,0.0009999999999976694
54662000,3097,-1660,126390,12465,-4967,128078,113,19226,463,0,43970,0.0010000000000047748
54663000,655,8477,127097,-5385,5693,121902,149,19226,463,1,43971,0.0009999999999976694
54664000,8203,11176,130542,968,7120,134661,113,19229,610,1,43972,0.0009999999999976694
54665000,5320,4661,122262,14191,3784,116200,113,19231,463,1,43973,0.0010000000000047748
54666000,13904,11289,127783,511,8671,126510,98,19224,401,0,43974,0.0009999999999976694
54667000,9482,-1008,125311,8984,-7515,130676,121,19227,496,0,43975,0.0009999999999976694
54668000,11188,-17882,126739,16948,-22034,137519,107,19229,438,0,43976,0.0010000000000047748
54669000,2740,5312,132825,-3168,2665,126355,112,19229,438,1,43977,0.0009999999999976694
54670002,1207,15674,132117,-9604,11951,121446,112,19221,459,1,43978,0.0010019999999997253
54671001,1832,8101,131455,14123,5661,128590,112,19233,459,1,43979,0.0009990000000001942
54672002,3229,-2375,127419,-4923,-6601,130321,105,19230,430,1,43980,0.00100100000000225
54673001,12131,-8401,126620,887,-12087,127041,120,19214,491,0,43981,0.0009990000000001942
54674000,7174,4938,132237,21023,3225,124987,93,19231,381,0,43982,0.0009990000000001942
54675000,2142,-12978,129204,-6036,-16883,137368,103,19231,422,0,43983,0.0009999999999976694
54676000,4050,12188,135082,-13712,9751,127910,133,19232,422,1,43984,0.0009999999999976694
54677000,-7953,5187,131770,2545,2967,128151,114,19224,545,1,43985,0.0010000000000047748
54678000,-3143,3327,131203,604,-59,127431,114,19232,467,1,43986,0.0009999999999976694
54679000,1096,-8963,128407,-15485,-12540,130880,98,19222,401,0,43987,0.0009999999999976694
54680000,454,-3816,126987,2762,-8444,134086,137,19231,561,0,43988,0.0010000000000047748
54681000,566,5287,129941,-1916,1103,122477,107,19231,438,0,43989,0.0009999999999976694
54682003,-7412,3435,133170,-13696,874,128952,111,19230,438,0,43990,0.0010029999999972006
54683000,-6064,222,129659,-11252,-3346,131373,130,19224,455,1,43991,0.0009970000000052437
54684000,-10785,5375,129955,-8790,2733,128918,130,19228,532,1,43992,0.0009999999999976694
54685001,-2574,12979,128191,-9734,9441,123410,110,19233,451,1,43993,0.00100100000000225
54686000,-3122,994,125926,-8568,-809,124097,113,19217,463,0,43994,0.0009990000000001942
54687000,-4296,-9004,127694,-9842,-12713,131803,105,19217,430,0,43995,0.0009999999999976694
54688000,1387,-1562,126356,-373,-1289,124848,100,19230,430,0,43996,0.0009999999999976694
54689000,-6450,10003,128900,-13200,4373,122861,127,19230,410,1,43997,0.0010000000000047748
54690000,-4877,8235,128953,-6439,6810,128670,127,19224,520,1,43998,0.0009999999999976694
54691000,-10711,6332,125181,11,-160,122057,117,19229,479,1,43999,0.0009999999999976694
54692000,1436,4423,126563,-19152,6619,123467,102,19230,418,1,44000,0.0010000000000047748
54693000,-851,-5209,123186,3314,-3427,121128,142,19230,582,0,44001,0.0009999999999976694
54694000,4736,1519,124346,4861,-405,130418,113,19230,582,0,44002,0.0009999999999976694
54695000,-402,-496,126099,-10828,-7823,123010,113,19227,463,0,44003,0.0010000000000047748
54696000,-4151,15767,128505,1051,13470,121011,113,19222,463,1,44004,0.0009999999999976694
54697000,246,495,125263,-5041,-429,133194,149,19229,610,1,44005,0.0009999999999976694
54698000,-2507,13116,126566,-1383,10236,116858,108,19231,442,1,44006,0.0010000000000047748
54699000,10975,6477,123025,-2608,8276,123808,104,19224,426,0,44007,0.0009999999999976694
54700000,6543,3737,124440,9509,-4633,118235,85,19224,426,0,44008,0.0009999999999976694
54701000,10292,-15066,124531,10050,-22586,140612,112,19228,348,0,44009,0.0010000000000047748
54702000,5477,-7553,125970,1815,-2266,125644,112,19228,459,0,44010,0.0009999999999976694
54703000,-561,17660,130885,1346,15653,116273,126,19224,516,1,44011,0.0009999999999976694
54704000,5133,10726,128140,-4468,4541,132146,113,19229,463,1,44012,0.0010000000000047748
54705000,4699,-1520,124520,7626,-7257,124098,97,19231,397,1,44013,0.0009999999999976694
54706000,10890,-5139,126175,13152,-7568,131555,134,19231,397,0,44014,0.0009999999999976694
54707001,11591,-2188,125817,4388,-4585,121755,104,19227,549,0,44015,0.00100100000000225
54708000,7867,-3264,127730,7043,-6347,129350,104,19230,426,0,44016,0.0009990000000001942
54709000,5693,6273,130441,-2509,3014,130176,103,19225,422,1,44017,0.0009999999999976694
54710000,-3357,10095,129891,-3492,9804,125088,134,19227,549,1,44018,0.0010000000000047748
54711000,-1447,5691,128103,5488,5653,123463,109,19228,446,1,44019,0.0009999999999976694
54712000,2379,-5886,128163,-1218,-12027,131941,100,19228,410,1,44020,0.0009999999999976694
54713001,14118,-23631,124318,3614,-27760,137130,123,19224,410,0,44021,0.00100100000000225
54714000,7759,4573,132366,19342,2940,116660,123,19237,504,0,44022,0.0009990000000001942
54715001,2345,1740,129987,-8476,-1655,129767,107,19230,438,0,44023,0.00100100000000225
54716000,-1722,9108,132962,-18137,5342,128281,119,19220,487,1,44024,0.0009989999999930887
54717000,-10293,3206,132644,977,-535,129865,109,19226,446,1,44025,0.0010000000000047748
54718000,-5740,-2443,129571,74,-5105,134183,96,19226,393,1,44026,0.0009999999999976694
54719000,-2828,-4151,130481,-19177,-6955,121967,124,19230,393,0,44027,0.0009999999999976694
54720000,-600,-7167,128116,-2614,-12100,132764,99,19228,508,0,44028,0.0010000000000047748
54721001,2400,4658,128802,6540,807,126843,99,19230,405,0,44029,0.0010009999999951447
54722000,-10053,7081,131981,-18156,4986,125151,109,19223,446,1,44030,0.0009990000000001942
54723000,-9956,11825,131368,-22343,10308,127695,150,19228,614,1,44031,0.0010000000000047748
54724000,-9540,2949,129546,-5925,-733,128243,112,19228,459,1,44032,0.0009999999999976694
54725000,-5205,-1917,130936,-7323,-4349,134485,97,19230,459,1,44033,0.0009999999999976694
54726002,-3376,3959,126027,-12422,2333,118989,163,19227,397,0,44034,0.0010019999999997253
54727000,-4094,-4597,124224,-5203,-8375,133894,163,19235,668,0,44035,0.000998000000002719
54728000,233,6533,128253,-4996,4041,121170,105,19231,430,0,44036,0.0009999999999976694
54729000,-6670,11790,127178,-12471,8306,124914,112,19220,459,1,44037,0.0010000000000047748
54730000,-7944,10404,128011,-9298,5470,126119,110,19220,451,1,44038,0.0009999999999976694
54731000,-6827,4884,128961,-12504,2305,124488,104,19228,451,1,44039,0.0009999999999976694
54732000,892,4120,126485,-1740,2039,128849,119,19231,426,0,44040,0.0010000000000047748
54733000,-1447,-5331,122998,3359,-6780,125545,119,19227,487,0,44041,0.0009999999999976694
54734000,-834,-5200,124851,-8816,-11582,125919,100,19225,410,0,44042,0.0009999999999976694
54735000,451,20316,129814,-13932,21396,118625,108,19227,442,0,44043,0.0010000000000047748
54736001,-3189,3390,123011,10198,1083,126874,142,19224,582,1,44044,0.0010009999999951447
54737000,-3390,13055,128728,-3518,7492,125834,112,19224,582,1,44045,0.0009990000000001942
54738000,3082,10466,123441,-16380,10044,125015,95,19231,459,1,44046,0.0010000000000047748
54739002,11835,10929,125220,15811,5136,126529,95,19226,389,0,44047,0.0010019999999997253
54740000,13874,-6572,123835,14068,-8172,126793,109,19234,446,0,44048,0.0009979999999956135
54741000,4778,-6539,123459,3132,-13200,124042,113,19228,463,0,44049,0.0010000000000047748
54742000,7257,574,125796,94,-4335,130675,117,19224,479,1,44050,0.0009999999999976694
54743000,1820,10553,128977,6628,4138,118579,116,19224,479,1,44051,0.0009999999999976694
54744000,4688,17415,128942,2796,8186,126009,104,19228,475,1,44052,0.0010000000000047748
54745005,6197,-5025,123665,793,-6866,126488,104,19231,426,1,44053,0.0010049999999992565
54746002,13261,798,127308,5478,2399,132110,110,19221,451,0,44054,0.0009969999999981383
54747000,13419,-10018,125372,16590,-21108,125726,88,19233,360,0,44055,0.000998000000002719
54748000,5227,4227,128249,11583,1297,124332,103,19228,422,0,44056,0.0009999999999976694
54749000,5251,11688,133454,-11077,6418,131620,129,19228,422,1,44057,0.0009999999999976694
54750000,1506,14077,130236,13578,10164,123924,113,19224,528,1,44058,0.0010000000000047748
54751000,1010,4364,130471,721,-2451,131207,113,19230,463,1,44059,0.0009999999999976694
54752002,6718,-5250,127810,-6301,-9798,127419,97,19234,397,0,44060,0.0010019999999997253
54753000,12589,-11612,127240,13422,-9807,130953,154,19232,631,0,44061,0.000998000000002719
54754000,7663,2686,130215,19650,-1862,128776,112,19228,459,0,44062,0.0009999999999976694
54755000,807,-2292,129239,-26195,-3749,127693,113,19228,459,0,44063,0.0009999999999976694
54756002,-3079,19189,135072,-7322,16631,122680,135,19219,463,1,44064,0.0010019999999997253
54757000,-5563,827,131184,8769,-4799,133991,135,19229,553,1,44065,0.000998000000002719
54758000,-4552,-6463,131021,-17342,-8396,138255,104,19234,426,1,44066,0.0009999999999976694
54759000,1703,-12358,127556,-9467,-16608,127190,104,19220,426,0,44067,0.0010000000000047748
54760000,5337,5820,130066,6870,3211,124566,85,19232,348,0,44068,0.0009999999999976694
54761000,-2081,9248,130472,-1881,2847,126458,109,19232,348,0,44069,0.0009999999999976694
54762000,-6563,-1190,129308,-20545,-3521,133139,130,19227,446,1,44070,0.0010000000000047748
54763000,-12498,4512,130946,-13969,2359,129304,130,19223,532,1,44071,0.0009999999999976694
54764000,-8862,14095,130700,-5649,11984,121203,115,19226,471,1,44072,0.0009999999999976694
54765000,-1168,8086,130582,-6707,4690,130496,99,19225,405,1,44073,0.0010000000000047748
54766000,-2831,-12170,123689,-5796,-16202,133936,140,19226,573,0,44074,0.0009999999999976694
54767000,573,-508,127033,-7886,-3381,129317,105,19226,430,0,44075,0.0009999999999976694
54768000,-1523,15442,127944,-3232,12421,117567,108,19228,430,0,44076,0.0010000000000047748
54769000,-5549,7967,129424,-5596,3954,125994,139,19225,442,1,44077,0.0009999999999976694
54770000,-6190,2272,129156,-10977,-712,136377,139,19227,569,1,44078,0.0009999999999976694
54771000,-3858,4712,126361,-10797,975,125327,111,19228,455,1,44079,0.0010000000000047748
54772000,1091,11680,129520,4873,9053,120656,107,19224,438,0,44080,0.0009999999999976694
54773000,505,-8544,123718,-1895,-9377,127619,94,19224,385,0,44081,0.0009999999999976694
54774000,1718,-2251,123087,-6141,-8869,129654,110,19230,385,0,44082,0.0010000000000047748
54775000,-2288,6716,125085,-3961,2749,121157,123,19227,451,0,44083,0.0009999999999976694
54776002,-440,17304,126827,-2625,14709,117727,123,19219,504,1,44084,0.0010019999999997253
54777004,-1337,5202,126397,-2680,3025,127004,112,19228,459,1,44085,0.0010019999999997253
54778000,5495,-3549,124950,-4630,-5805,129136,98,19231,401,1,44086,0.000996000000000663
54779000,7628,3193,123579,10462,-910,125242,128,19234,524,0,44087,0.0009999999999976694
54780000,9366,6578,122839,9741,2089,117321,110,19234,524,0,44088,0.0009999999999976694
54781000,6429,-3621,125116,-2979,-6012,126263,115,19227,451,0,44089,0.0010000000000047748
54782000,4735,1122,126743,11304,-4579,132649,115,19226,471,1,44090,0.0009999999999976694
54783000,3672,13773,128501,-855,7683,121955,141,19229,577,1,44091,0.0009999999999976694
54784000,3590,9093,128431,3431,3728,124433,113,19231,463,1,44092,0.0010000000000047748
54785000,10823,-4675,125612,11510,-5412,126581,100,19225,410,1,44093,0.0009999999999976694
54786000,9449,-1908,126397,650,-7964,131660,120,19225,410,0,44094,0.0009999999999976694
54787000,6632,-4157,127370,7271,-7406,125635,105,19236,491,0,44095,0.0010000000000047748
54788000,7928,-1447,128372,7716,-6975,130014,105,19230,430,0,44096,0.0009999999999976694
54789001,-177,4960,130547,-961,1413,128165,115,19220,471,1,44097,0.00100100000000225
54790000,1332,11519,130653,-3204,7766,126341,110,19226,451,1,44098,0.0009990000000001942
54791000,1419,6073,129468,1083,3640,129299,105,19234,430,1,44099,0.0009999999999976694
54792000,8439,3841,127795,2552,-4571,125014,124,19234,430,0,44100,0.0009999999999976694
54793000,8092,-6827,127862,-2571,-1210,130567,99,19225,508,0,44101,0.0010000000000047748
54794000,6339,-10019,129868,15324,-15949,131350,99,19227,405,0,44102,0.0009999999999976694
54795000,2071,-821,131861,-20213,-494,132141,104,19228,426,0,44103,0.0009999999999976694
54796000,-5668,18277,133241,-2695,16868,123881,141,19226,577,1,44104,0.0010000000000047748
54797000,-6727,6065,130811,210,1052,127608,114,19231,467,1,44105,0.0009999999999976694
54798001,-3544,-11033,128573,-17553,-15118,134024,96,19231,467,1,44106,0.00100100000000225
54799000,-2173,-8681,127962,-5280,-13221,132910,131,19230,393,0,44107,0.0009990000000001942
54800000,4212,2493,130257,3835,4689,126899,131,19231,537,0,44108,0.0009999999999976694
54801000,-5834,11033,132581,-9189,5636,123153,114,19227,467,0,44109,0.0009999999999976694
54802000,-5935,-2455,129809,-17491,-5557,136306,119,19223,487,1,44110,0.0010000000000047748
54803000,-8529,3162,131452,-9965,4787,129764,123,19230,504,1,44111,0.0009999999999976694
54804002,-7331,8175,129971,-4930,6576,125625,109,19230,504,1,44112,0.0010019999999997253
54805000,-3187,11821,126869,-5556,8763,120256,117,19231,446,1,44113,0.000998000000002719
54806000,-6160,-10192,125791,-15848,-14225,133448,117,19217,479,0,44114,0.0009999999999976694
54807000,930,-8870,127355,-3725,-9994,133373,105,19230,430,0,44115,0.0009999999999976694
54808000,-4220,12259,128295,-5271,8729,118966,107,19227,438,0,44116,0.0010000000000047748
54809000,-6835,10918,127955,-10516,7592,123666,133,19223,545,1,44117,0.0009999999999976694
54810000,-7300,14678,129006,-13485,9449,123751,118,19223,483,1,44118,0.0009999999999976694
54811000,-1173,-2915,124354,-7983,-7318,134533,104,19230,483,1,44119,0.0010000000000047748
54812000,1905,4845,127502,7806,3634,122207,134,19227,426,0,44120,0.0009999999999976694
54813000,-892,2451,125935,-4083,251,120005,134,19232,549,0,44121,0.0009999999999976694
54814000,3912,-3565,124556,-6223,-7331,129987,105,19231,430,0,44122,0.0010000000000047748
54815000,-467,4446,127361,818,1431,128667,108,19224,442,1,44123,0.0009999999999976694
54816000,-1691,9771,125311,-1000,7759,121581,140,19224,573,1,44124,0.0009999999999976694
54817000,-2911,28303,126325,-5685,26134,111290,105,19229,573,1,44125,0.0010000000000047748
54818000,5472,-3461,123050,-837,-7902,129949,106,19232,430,1,44126,0.0009999999999976694
54819000,12385,-12206,122927,11080,-16581,127163,106,19223,434,0,44127,0.0009999999999976694
54820000,6350,261,125985,8204,-1613,120812,93,19222,381,0,44128,0.0010000000000047748
54821000,6881,4456,125936,-2247,293,125358,113,19228,463,0,44129,0.0009999999999976694
54822000,1348,-4629,127057,10411,-6718,126435,129,19228,528,1,44130,0.0009999999999976694
54823000,3733,2818,127299,-5838,-1921,132123,113,19224,528,1,44131,0.0010000000000047748
54824000,6935,16577,127663,5027,13509,121229,99,19231,463,1,44132,0.0009999999999976694
54825000,11428,4330,125237,15912,4967,117991,99,19231,405,0,44133,0.0009999999999976694
54826000,12095,-3109,127555,-5888,-4761,130580,143,19227,586,0,44134,0.0010000000000047748
54827000,6181,-15431,125265,15542,-20621,134554,108,19229,442,0,44135,0.0009999999999976694
54828002,6890,-7472,129779,6916,-12445,130328,104,19226,426,0,44136,0.0010019999999997253
54829001,-3281,19943,131105,-11370,16102,120792,122,19226,426,1,44137,0.0009990000000001942
54830000,3247,10632,129583,4376,10041,124748,111,19234,500,1,44138,0.0009990000000001942
54831000,4557,-4115,128215,2066,-9318,133918,111,19232,455,1,44139,0.0009999999999976694
54832000,10910,-3067,128075,-631,-5110,122388,110,19225,451,0,44140,0.0010000000000047748
54833002,12385,-1646,129421,10164,-6499,130072,114,19236,467,0,44141,0.0010019999999997253
54834000,1286,-4082,129101,12147,-5167,128040,99,19231,405,0,44142,0.0009979999999956135
54835000,3667,424,132636,-19860,-5247,134849,115,19231,405,1,44143,0.0010000000000047748
54836000,-7761,4500,133288,-4372,1358,130101,111,19224,471,1,44144,0.0009999999999976694
54837000,-7187,6738,130172,5705,4831,121031,111,19230,455,1,44145,0.0009999999999976694
54838000,1409,319,130576,-22852,-10440,133320,98,19230,401,1,44146,0.0010000000000047748
54839000,508,-11765,126566,-1891,-11671,131569,133,19229,545,0,44147,0.0009999999999976694
54840002,3365,2670,130859,13590,7212,123970,102,19228,418,0,44148,0.0010019999999997253
54841000,-6787,2389,131202,-17322,-2621,127169,105,19228,418,0,44149,0.0009979999999956135
54842002,-8291,2388,131264,-5576,-2875,133859,138,19225,430,1,44150,0.0010020000000068308
54843002,-6733,4955,130670,-13241,-213,132548,138,19229,565,1,44151,0.0009999999999976694
54844001,-7753,15062,130162,-9317,13418,118045,116,19230,475,1,44152,0.0009990000000001942
54845000,-561,3786,128851,-5379,-2596,127753,103,19224,422,0,44153,0.0009990000000001942
54846000,-3835,-1715,124706,-8089,-3371,126563,137,19234,561,0,44154,0.0009999999999976694
54847000,489,1336,128047,-5122,-2825,133735,103,19234,561,0,44155,0.0009999999999976694
54848000,-6623,559,125464,-7196,1867,122635,115,19232,422,0,44156,0.0010000000000047748
54849002,-4513,23752,131677,-14556,19371,119160,115,19216,471,1,44157,0.0010019999999997253
54850000,-7815,-8601,125282,-3708,-11685,137783,111,19226,455,1,44158,0.0009979999999956135
54851000,-2403,11381,127359,-6302,9073,117505,106,19232,434,1,44159,0.0010000000000047748
54852000,1837,4247,124544,-16036,-623,132996,126,19228,516,0,44160,0.0009999999999976694
54853000,5803,3574,123812,15404,2506,111745,101,19228,414,0,44161,0.0009999999999976694
54854000,4574,-7577,124470,-4222,-13088,137646,106,19229,414,0,44162,0.0010000000000047748
54855000,-3171,9577,126729,-11713,7772,126327,149,19227,434,1,44163,0.0009999999999976694
54856000,-1391,19963,127744,156,17303,118048,149,19228,610,1,44164,0.0009999999999976694
54857000,751,4812,126882,4685,3197,131716,109,19232,446,1,44165,0.0010000000000047748
54858000,6443,13523,123887,-3227,9611,111485,94,19226,385,0,44166,0.0009999999999976694
54859000,9065,-12321,123009,1305,-15906,136624,98,19226,401,0,44167,0.0009999999999976694
54860000,6350,2471,125231,21414,-592,117607,115,19230,401,0,44168,0.0010000000000047748
54861000,4635,-3358,126666,-7057,-7636,132515,120,19228,471,0,44169,0.0009999999999976694
54862001,1315,3481,127732,-1093,-47,125640,120,19220,491,1,44170,0.00100100000000225
54863000,4619,11372,130694,7214,9411,118832,109,19229,446,1,44171,0.0009990000000001942
54864000,4567,-2475,127840,1264,-3702,136756,101,19232,414,1,44172,0.0009999999999976694
54865000,8262,7662,125969,4458,5256,113356,114,19232,467,0,44173,0.0009999999999976694
54866000,10093,-13184,126842,7163,-16271,135960,93,19226,467,0,44174,0.0010000000000047748
54867000,6698,-3396,126663,16544,-6335,121520,105,19227,381,0,44175,0.0009999999999976694
54868000,4457,-3802,127828,-9342,-8117,134334,105,19227,430,1,44176,0.0009999999999976694
54869000,-1118,15145,134013,-4458,9356,126673,133,19225,545,1,44177,0.0010000000000047748
54870000,-2562,6589,129914,9510,8638,121562,112,19228,459,1,44178,0.0009999999999976694
54871000,1834,-7154,127455,-2727,-11671,134576,96,19227,393,1,44179,0.0009999999999976694
54872000,8254,-10575,126892,-5311,-11045,124765,150,19227,393,0,44180,0.0010000000000047748
54873000,9799,-2917,128685,18564,-6789,135856,107,19236,614,0,44181,0.0009999999999976694
54874006,2778,10173,130087,4255,6971,120535,107,19232,438,0,44182,0.0010059999999967317
54875001,-2072,-495,132291,-22207,-1667,125139,111,19227,455,1,44183,0.0009950000000031878
54876003,-5591,4700,132250,-2621,452,136497,134,19231,549,1,44184,0.0010019999999997253
54877000,-8222,-869,130251,3978,-573,129249,101,19236,414,1,44185,0.0009969999999981383
54878000,-2830,-4822,130909,-16413,-12502,136539,110,19236,414,0,44186,0.0010000000000047748
54879000,-1367,-3016,128893,-8862,-9606,125889,89,19218,451,0,44187,0.0009999999999976694
54880001,3020,677,129703,4313,-7007,129490,89,19229,365,0,44188,0.00100100000000225
54881000,-8033,14051,131559,-10275,8743,118412,112,19230,459,0,44189,0.0009990000000001942
54882000,-6009,5609,131132,-17198,1497,135620,137,19221,561,1,44190,0.0009999999999976694
54883000,-7252,2765,130078,-7455,-5324,128878,118,19230,483,1,44191,0.0009999999999976694
54884000,-6762,8600,131293,-5787,4884,127968,101,19230,483,1,44192,0.0010000000000047748
54885002,-834,1357,126812,-12661,-4477,123962,148,19228,414,0,44193,0.0010019999999997253
54886002,-6316,-5823,124742,-8839,-8527,130860,148,19227,606,0,44194,0.0009999999999976694
54887000,1258,6880,127941,-7750,7335,130130,120,19231,491,0,44195,0.000998000000002719
54888000,-5324,9974,126295,-8474,7751,115693,116,19229,475,1,44196,0.0009999999999976694
54889000,-7477,13018,130466,-14431,7299,126462,138,19232,565,1,44197,0.0009999999999976694
54890000,-5009,6169,126576,-7409,6159,128292,114,19232,565,1,44198,0.0010000000000047748
54891000,-373,-3404,124941,698,-1836,129151,111,19233,467,1,44199,0.0009999999999976694
54892000,1381,-332,123201,-2003,-2026,123720,111,19223,455,0,44200,0.0009999999999976694
54893000,1440,8502,123372,-8023,1742,118914,85,19234,348,0,44201,0.0010000000000047748
54894000,6209,3069,126150,547,3797,129873,105,19228,430,0,44202,0.0009999999999976694
54895000,-2903,6956,127939,5429,3335,124659,122,19218,500,1,44203,0.0009999999999976694
54896000,-5116,12470,124429,-13014,10106,125274,112,19218,459,1,44204,0.0010000000000047748
54897000,1701,16995,126869,-2193,13994,118385,96,19226,459,1,44205,0.0009999999999976694
54898000,11074,5163,124563,13717,-2029,126261,131,19232,393,0,44206,0.0009999999999976694
54899000,12246,-1302,123047,14935,-3551,127734,131,19230,537,0,44207,0.0010000000000047748
54900001,2871,-4641,124767,-479,-4624,124635,116,19229,475,0,44208,0.0010009999999951447
54901000,9844,-2297,128457,1317,-5434,130575,117,19225,479,0,44209,0.0009990000000001942
54902000,411,15595,128705,11636,13356,122172,138,19225,565,1,44210,0.0010000000000047748
54903000,136,9626,126821,-5149,5797,124808,109,19228,565,1,44211,0.0009999999999976694
54904001,5965,-12,126186,1790,-2943,127818,101,19230,446,1,44212,0.00100100000000225
54905000,6288,-4049,126606,11656,-7980,127014,101,19223,414,0,44213,0.0009989999999930887
54906002,15016,-8859,126368,18690,-12793,132592,113,19235,463,0,44214,0.0010020000000068308
54907003,3192,441,129444,3398,-2839,124876,100,19231,410,0,44215,0.0010009999999951447
54908000,3737,3752,129172,-13103,-562,132738,116,19231,475,1,44216,0.0009969999999981383
54909000,-2956,21244,133261,12367,17795,123578,112,19220,475,1,44217,0.0010000000000047748
54910000,-3412,-3239,130080,-2389,-6130,133542,101,19225,459,1,44218,0.0009999999999976694
54911001,5896,4646,128803,-608,2354,120773,101,19228,414,1,44219,0.00100100000000225
54912000,10260,-8572,129201,13257,-12043,129328,129,19229,528,0,44220,0.0009990000000001942
54913001,14355,-11040,127836,15542,-16459,137268,100,19232,410,0,44221,0.0010009999999951447
54914000,4064,8971,133526,-13752,6043,118494,103,19232,422,0,44222,0.0009990000000001942
54915000,1219,7995,134141,-8460,9180,130436,148,19228,422,1,44223,0.0010000000000047748
54916000,-8872,-266,130676,7149,-1904,127287,110,19232,606,1,44224,0.0009999999999976694
54917000,-8710,-8813,129375,-17792,-13575,135572,110,19231,451,1,44225,0.0009999999999976694
54918000,752,-5594,128093,-3166,-8139,130144,99,19227,405,0,44226,0.0010000000000047748
54919000,1624,5919,129618,3668,1642,119707,125,19228,512,0,44227,0.0009999999999976694
54920000,4327,677,130459,-4178,-1417,128808,114,19228,467,0,44228,0.0009999999999976694
54921000,-7098,-2941,128581,-13183,-5351,129357,121,19228,467,1,44229,0.0010000000000047748
54922000,-6162,-3421,131237,-12265,-7993,136739,110,19219,496,1,44230,0.0009999999999976694
54923001,-10929,19247,130788,-8097,20412,116840,110,19230,451,1,44231,0.00100100000000225
54924000,-3691,1254,128197,-14785,2179,127587,107,19229,438,1,44232,0.0009990000000001942
54925000,-1517,-7273,126058,-718,-10639,132256,121,19222,496,0,44233,0.0009999999999976694
54926000,-4602,-8096,123890,-7375,-10132,124153,93,19230,381,0,44234,0.0009999999999976694
54927000,-842,12229,128257,-2955,11618,119093,102,19230,381,0,44235,0.0010000000000047748
54928001,-5819,6776,127166,-8884,7392,130218,138,19225,418,1,44236,0.0010009999999951447
54929000,-2654,808,127241,-13549,-779,128849,138,19224,565,1,44237,0.0009990000000001942
54930000,-7650,6186,128811,-4954,1001,124261,119,19227,487,1,44238,0.0010000000000047748
54931001,-1291,3697,125673,-7955,1209,123123,102,19224,418,0,44239,0.0010009999999951447
54932002,1964,-2017,126764,394,-6203,131266,118,19234,483,0,44240,0.00100100000000225
54933000,3563,-3625,123128,-2450,-1798,125239,105,19234,483,0,44241,0.000998000000002719
54934000,2512,15011,125612,-6188,21108,116293,110,19230,430,0,44242,0.0009999999999976694
54935000,-3748,8969,126403,-1565,5428,126353,110,19226,451,1,44243,0.0009999999999976694
54936000,-719,-1099,124760,-373,-6782,128564,140,19230,573,1,44244,0.0010000000000047748
54937000,-378,3839,125283,2851,-1385,130293,103,19232,422,1,44245,0.0009999999999976694
54938000,7568,9044,125493,5921,3675,115722,113,19228,463,0,44246,0.0009999999999976694
54939000,6882,6239,125537,11003,-853,123202,97,19228,463,0,44247,0.0010000000000047748
54940000,6980,-9833,124294,-3293,-14742,136164,112,19228,397,0,44248,0.0009999999999976694
54941000,5535,-763,125743,2298,-243,125350,112,19228,459,1,44249,0.0009999999999976694
54942000,1641,16056,128924,7811,13699,119552,137,19227,561,1,44250,0.0010000000000047748
54943000,4752,8419,126401,-1864,4567,123667,114,19231,467,1,44251,0.0009999999999976694
54944000,8898,-750,126833,9435,-1438,131601,98,19228,401,1,44252,0.0009999999999976694
54945000,11230,-1454,124382,4278,-2723,123780,146,19228,598,0,44253,0.0010000000000047748
54946000,10202,2732,127260,3074,204,125905,105,19231,598,0,44254,0.0009999999999976694
54947000,2578,-11081,127910,8366,-14851,132554,104,19228,430,0,44255,0.0009999999999976694
54948002,3429,-2876,130437,-5836,-6659,134381,104,19222,426,1,44256,0.0010019999999997253
54949000,-2115,13908,130580,1833,9108,127562,128,19226,524,1,44257,0.000998000000002719
54950000,1360,14330,130960,3328,10653,120458,106,19229,434,1,44258,0.0009999999999976694
54951000,5228,2039,128533,-2136,-1560,129192,109,19229,446,0,44259,0.0010000000000047748
54952000,10410,-11888,126542,6123,-15499,130328,91,19218,446,0,44260,0.0009999999999976694
54953000,9435,-2928,130337,12922,-6099,131671,105,19229,373,0,44261,0.0009999999999976694
54954000,1004,-1645,131492,-11944,-4370,125372,105,19227,430,0,44262,0.0010000000000047748
54955001,1774,13104,134754,-15886,8978,130649,124,19220,508,1,44263,0.0010009999999951447
54956000,-5777,3529,131249,5707,848,131270,109,19232,446,1,44264,0.0009990000000001942
54957000,-7575,-3073,129116,-8724,-5554,125481,96,19232,393,1,44265,0.0010000000000047748
54958000,-1998,-1651,130494,-20926,-3662,133155,142,19229,393,0,44266,0.0009999999999976694
54959000,-1141,919,127438,12113,-4933,123270,104,19234,582,0,44267,0.0009999999999976694
54960000,1369,1437,131956,-6464,-2361,129944,104,19227,426,0,44268,0.0010000000000047748
54961000,-7164,1157,130636,-23997,-716,127688,110,19227,451,1,44269,0.0009999999999976694
54962000,-8007,230,129037,-9279,-2361,131973,137,19227,561,1,44270,0.0009999999999976694
54963000,-7144,14205,131111,-9217,8597,128756,111,19236,455,1,44271,0.0010000000000047748
54964000,-5816,14616,129220,-13650,13917,117582,103,19236,455,1,44272,0.0009999999999976694
54965000,-3295,-7204,125820,-9467,-10208,134292,135,19222,422,0,44273,0.0009999999999976694
54966000,-2820,-7987,125403,-2355,-11080,126622,135,19232,553,0,44274,0.0009999999999976694
54967001,-462,5964,128909,-7287,2671,125924,104,19228,426,0,44275,0.00100100000000225
54968000,-4464,3909,127621,-4993,1219,127123,121,19221,496,1,44276,0.0009990000000001942
54969001,-8460,9616,126171,-10016,4887,120569,113,19227,463,1,44277,0.00100100000000225
54970000,-8921,12518,129173,-20131,10924,133657,99,19227,463,1,44278,0.0009990000000001942
54971000,1772,5660,124716,6174,7580,114904,133,19232,405,0,44279,0.0009999999999976694
54972002,2796,-4481,127077,-2032,-4199,134730,133,19231,545,0,44280,0.0010019999999997253
54973000,4744,-7428,122944,-13107,-16910,124838,107,19235,438,0,44281,0.000998000000002719
54974002,1863,11295,130216,625,5671,129836,109,19223,446,0,44282,0.0010019999999997253
54975002,-346,10437,125157,2614,6415,117320,152,19224,623,1,44283,0.0009999999999976694
54976000,-4817,11259,125311,-4124,13041,127831,107,19224,623,1,44284,0.000998000000002719
54977007,5329,-968,122728,-6594,-3386,127906,95,19237,438,1,44285,0.0010070000000013124
54978000,6301,9333,124525,10321,5192,116641,95,19227,389,0,44286,0.0009929999999940264
54979000,10690,-6310,123511,13495,-13618,131641,97,19230,397,0,44287,0.0010000000000047748
54980000,7810,-6546,125321,3134,-9160,123506,115,19225,471,0,44288,0.0009999999999976694
54981000,4936,3706,129823,-245,-4321,133806,121,19220,496,1,44289,0.0009999999999976694
54982001,3306,9393,127771,2236,9074,117042,107,19220,496,1,44290,0.00100100000000225
54983001,2165,16900,128440,-1284,10129,121395,98,19229,438,1,44291,0.0009999999999976694
54984000,8127,8311,125302,7328,3475,122409,98,19229,401,0,44292,0.0009990000000001942
54985000,12630,-3894,124819,8486,-10400,127070,122,19221,500,0,44293,0.0010000000000047748
54986000,13235,-16721,127451,18342,-17400,136716,98,19235,401,0,44294,0.0009999999999976694
54987000,4918,8724,131357,-8786,7056,119954,104,19229,426,0,44295,0.0009999999999976694
54988001,3126,1991,129767,-2848,-41,137915,137,19229,561,1,44296,0.00100100000000225
54989000,-2220,12658,130206,13021,9108,120062,111,19227,561,1,44297,0.0009990000000001942
54990000,-853,4822,128453,-8584,-4205,126550,101,19233,455,1,44298,0.0009999999999976694
54991000,7274,-11448,126617,1082,-13724,132613,101,19228,414,0,44299,0.0010000000000047748
54992001,10524,-3314,131187,19500,-5326,120495,144,19233,590,0,44300,0.0010009999999951447
54993000,11430,-5320,129182,10588,-11194,145424,107,19231,438,0,44301,0.0009990000000001942
54994000,-3390,6988,129945,-20707,8036,115930,111,19231,455,0,44302,0.0010000000000047748
54995000,2095,7297,135676,-9019,3900,136064,125,19223,455,1,44303,0.0009999999999976694
54996000,-8584,6357,128406,13096,2669,127162,100,19228,512,1,44304,0.0009999999999976694
54997000,-7078,71,128197,-21506,-4538,123006,100,19230,410,1,44305,0.0010000000000047748
54998003,-1200,-10641,129226,-9253,-14194,138815,112,19224,459,0,44306,0.0010029999999972006
54999001,-648,8441,129329,12910,5099,117954,94,19231,385,0,44307,0.000998000000002719
55000000,3526,8690,133789,-12220,5803,134775,110,19231,451,0,44308,0.0009990000000001942
55001000,-9300,-315,129605,-20833,-3274,129228,141,19227,451,1,44309,0.0009999999999976694
55002002,-9012,8695,132803,-4552,7141,131269,118,19225,577,1,44310,0.0010019999999997253
55003000,-10441,4682,128295,-10367,1991,130808,118,19229,483,1,44311,0.000998000000002719
55004000,-1040,7039,130313,-11250,4846,114592,99,19228,405,1,44312,0.0009999999999976694
55005000,-2479,-1875,125757,-850,-4583,138470,153,19231,627,0,44313,0.0009999999999976694
55006000,-4086,-2240,123310,-11587,-6343,121216,104,19229,426,0,44314,0.0010000000000047748
55007001,-1062,8144,130363,-4912,1646,130908,110,19229,426,0,44315,0.0010009999999951447
55008002,-9751,4305,126633,-5352,3067,123360,131,19231,451,1,44316,0.00100100000000225
55009000,-6798,8406,127401,-14567,5630,122967,131,19227,537,1,44317,0.000998000000002719
55010000,-7046,4811,127710,-9034,-274,132020,110,19229,451,1,44318,0.0009999999999976694
55011000,1249,6124,122749,5832,2161,116828,110,19219,451,0,44319,0.0009999999999976694
55012000,442,-2631,125629,-472,-2855,129195,87,19228,356,0,44320,0.0010000000000047748
55013000,-451,1362,125554,-11268,-3579,123003,108,19228,356,0,44321,0.0009999999999976694
55014001,3462,4852,127762,4744,3698,128925,133,19230,442,1,44322,0.00100100000000225
55015000,-3419,8706,126953,-1143,4572,126242,133,19222,545,1,44323,0.0009990000000001942
55016000,-536,7144,127311,-14131,3285,120949,115,19230,471,1,44324,0.0009999999999976694
55017000,5637,9958,123590,11756,9157,120323,94,19231,385,1,44325,0.0009999999999976694
55018000,8123,-3742,120963,7450,-3806,123336,130,19232,532,0,44326,0.0010000000000047748
55019001,11028,-5396,125067,3857,-9474,129028,109,19232,532,0,44327,0.0010009999999951447
55020001,2781,4986,127611,8867,2198,118026,112,19228,446,0,44328,0.0010000000000047748
55021001,3936,-1900,127216,612,-3320,135637,112,19225,459,1,44329,0.0009999999999976694
55022001,2175,3840,128460,-1317,-695,123436,137,19229,561,1,44330,0.0009999999999976694
55023000,4792,6030,125801,5494,5422,126245,108,19233,442,1,44331,0.0009990000000001942
55024000,8987,5961,125588,6475,-233,116889,101,19224,414,0,44332,0.0010000000000047748
55025000,10253,7033,128393,4141,-6570,130770,105,19224,414,0,44333,0.0009999999999976694
55026000,12071,-15948,124341,11226,-16951,136358,102,19232,430,0,44334,0.0009999999999976694
55027000,2711,3919,131154,2815,5654,120301,102,19228,418,0,44335,0.0010000000000047748
55028000,1922,9592,130549,-7423,16825,127241,119,19224,487,1,44336,0.0009999999999976694
55029001,163,11033,130987,1451,4329,125688,111,19229,455,1,44337,0.00100100000000225
55030000,-789,-10219,127472,26,-15586,139713,101,19234,414,1,44338,0.0009989999999930887
55031000,5041,-8055,126483,1063,-8951,129429,135,19234,414,0,44339,0.0010000000000047748
55032000,7457,-1482,130862,14375,-1990,121511,109,19223,553,0,44340,0.0009999999999976694
55033000,5563,1289,131439,3744,-3736,135443,109,19227,446,0,44341,0.0009999999999976694
55034001,2828,4025,130199,-23731,4180,127129,107,19228,438,1,44342,0.00100100000000225
55035000,-2867,16075,134135,-1776,11797,127840,155,19227,635,1,44343,0.0009990000000001942
55036000,-6064,683,130940,7216,-3185,128988,111,19230,455,1,44344,0.0009999999999976694
55037000,-6394,-7096,128782,-16818,-12715,133363,102,19230,418,1,44345,0.0010000000000047748
55038000,-1894,-12438,130125,-11913,-12625,132539,121,19224,418,0,44346,0.0009999999999976694
55039000,1021,12693,131496,9856,9458,118736,112,19228,496,0,44347,0.0009999999999976694
55040000,-1493,13923,129945,-15080,11028,125336,112,19232,459,0,44348,0.0010000000000047748
55041000,-6158,-2119,130798,-18904,-5112,129950,118,19222,483,1,44349,0.0009999999999976694
55042000,-10231,-5933,128962,-7795,-6819,137145,111,19228,455,1,44350,0.0009999999999976694
55043000,-8814,14642,131699,-7267,11607,125765,103,19228,422,1,44351,0.0010000000000047748
55044000,-5971,1295,129535,-5866,-3069,125371,127,19228,422,0,44352,0.0009999999999976694
55045000,-1314,-5489,126165,-11437,-7958,132077,97,19218,520,0,44353,0.0009999999999976694
55046000,-3084,2220,126222,-6113,-511,123680,97,19231,397,0,44354,0.0010000000000047748
55047000,1042,12000,128745,-5624,8845,123855,99,19226,405,1,44355,0.0009999999999976694
55048000,-5151,14621,128918,-6873,10708,122010,140,19231,573,1,44356,0.0009999999999976694
55049000,-8326,1566,127196,-18773,-778,131692,117,19225,479,1,44357,0.0010000000000047748
55050000,-2031,5312,128615,-6883,1275,130053,105,19225,479,1,44358,0.0009999999999976694
55051000,-77,-2386,124473,6932,-4291,123828,110,19224,430,0,44359,0.0009999999999976694
55052000,-245,1320,123877,-4573,-2857,123654,110,19230,451,0,44360,0.0010000000000047748
55053000,-140,-344,123629,-6523,-2999,119481,106,19230,434,0,44361,0.0009999999999976694
55054000,-306,5309,125719,-1117,2659,131162,113,19220,463,1,44362,0.0009999999999976694
55055000,-1450,16301,125588,-8077,14836,116513,132,19231,541,1,44363,0.0010000000000047748
55056002,-395,10563,126654,-289,8959,123461,99,19231,541,1,44364,0.0010019999999997253
55057000,4226,-5968,122175,8231,-10551,130401,113,19228,405,0,44365,0.0009979999999956135
55058000,9466,805,124557,-1867,-4038,122948,113,19226,463,0,44366,0.0010000000000047748
55059000,12887,3747,125954,15755,256,124389,99,19228,405,0,44367,0.0009999999999976694
55060001,7238,2619,127498,4528,-2698,122965,109,19224,446,0,44368,0.00100100000000225
55061000,4367,256,127265,-6661,-4970,129472,141,19229,577,1,44369,0.0009990000000001942
55062003,232,6075,128466,8842,3925,122310,113,19229,577,1,44370,0.0010029999999972006
55063000,6772,-77,124464,9187,1328,126189,93,19232,463,1,44371,0.0009969999999981383
55064000,4058,9929,128775,-3797,8969,122077,93,19227,381,0,44372,0.0010000000000047748
55065000,16586,-11799,124711,5553,-7311,127009,141,19232,577,0,44373,0.0009999999999976694
55066000,10612,-7232,129128,21826,-17515,136158,103,19232,422,0,44374,0.0009999999999976694
55067000,4189,3131,129420,-12670,2783,121053,106,19224,434,1,44375,0.0010000000000047748
55068000,3993,12079,130358,-8053,147,123745,115,19224,434,1,44376,0.0009999999999976694
55069002,220,15544,130886,18918,19847,128746,102,19227,471,1,44377,0.0010019999999997253
55070001,2111,-15062,125126,-9511,-16639,136040,102,19232,418,1,44378,0.0009990000000001942
55071000,7975,-5212,128648,-1924,-13104,121371,113,19219,463,0,44379,0.0009990000000001942
55072000,9177,-8117,127907,23861,-13081,140613,90,19230,369,0,44380,0.0009999999999976694
55073000,6738,202,128999,1469,5186,119149,104,19226,426,0,44381,0.0010000000000047748
55074000,2390,11855,134874,-23894,3736,132559,128,19226,426,1,44382,0.0009999999999976694
55075000,-6203,439,128641,6185,3547,134883,112,19222,524,1,44383,0.0009999999999976694
55076000,-8687,1213,130967,-168,-5125,119241,112,19232,459,1,44384,0.0010000000000047748
55077000,-619,-8938,130004,-6098,-16114,140599,93,19231,381,0,44385,0.0009999999999976694
55078000,-299,7309,128827,4679,4720,118744,147,19233,602,0,44386,0.0009999999999976694
55079001,7214,4833,132962,-3746,-2653,129311,108,19228,442,0,44387,0.00100100000000225
55080000,-4524,1008,131951,-10258,-1789,126554,113,19228,463,0,44388,0.0009990000000001942
55081000,-5347,11862,132087,-16548,7331,127780,135,19224,463,1,44389,0.0009999999999976694
55082000,-10650,3818,130937,-11665,2083,131396,106,19230,553,1,44390,0.0010000000000047748
55083000,-5525,13596,130608,-10428,8690,114969,106,19233,434,1,44391,0.0009999999999976694
55084000,-3570,-6876,125710,-7933,-13055,138199,109,19222,446,0,44392,0.0009999999999976694
55085000,-3641,-4015,126293,-7004,-5148,122270,119,19234,487,0,44393,0.0010000000000047748
55086000,1126,4860,127717,-6449,636,126749,106,19234,434,0,44394,0.0009999999999976694
55087000,-5747,8940,129787,-4979,7286,130888,123,19228,434,1,44395,0.0009999999999976694
55088000,-3698,15001,127419,-11846,10710,115356,114,19226,504,1,44396,0.0010000000000047748
55089000,-9212,4964,128143,-13490,1176,137437,114,19231,467,1,44397,0.0009999999999976694
55090000,-2332,9706,124211,1712,6545,117223,101,19229,414,1,44398,0.0009999999999976694
55091001,-567,-2131,126124,139,-5741,132740,144,19239,590,0,44399,0.00100100000000225
55092000,84,210,122733,-5398,-3254,122271,108,19239,442,0,44400,0.0009990000000001942
55093000,591,8040,126109,-4238,5446,122884,111,19227,442,0,44401,0.0009999999999976694
55094000,-2659,8977,125671,823,4911,129946,150,19223,455,1,44402,0.0009999999999976694
55095000,-3860,16135,126640,-2606,14215,117687,150,19228,614,1,44403,0.0010000000000047748
55096002,-2431,2765,125175,-2247,-274,133662,108,19231,442,1,44404,0.0010019999999997253
55097000,5553,6554,124807,7716,3313,115716,99,19225,405,0,44405,0.0009979999999956135
55098001,8366,-2871,125320,5720,-5723,127019,90,19227,369,0,44406,0.00100100000000225
55099002,9723,-3780,126228,9605,-6822,131355,121,19227,369,0,44407,0.00100100000000225
55100000,5727,2879,126932,3241,-671,121957,127,19227,496,0,44408,0.0009979999999956135
55101000,2749,11251,130600,-3160,8271,126538,127,19223,520,1,44409,0.0010000000000047748
55102000,4611,8255,127819,2484,10311,119017,112,19230,459,1,44410,0.0009999999999976694
55103003,5570,-6885,124775,10859,-10018,135084,100,19230,410,1,44411,0.0010029999999972006
55104000,8752,3192,126693,31,-921,118163,129,19229,528,0,44412,0.0009970000000052437
55105000,10956,-3336,125961,8485,-4724,126023,101,19229,528,0,44413,0.0009999999999976694
55106001,10334,-3150,126694,17665,-8834,134139,103,19227,414,0,44414,0.00100100000000225
55107000,3408,2033,130393,-11262,2704,126242,103,19227,422,1,44415,0.0009990000000001942
55108004,-79,10611,132149,-4423,4460,132485,137,19228,561,1,44416,0.0010039999999946758
55109001,-2245,9684,129958,14789,10028,119845,111,19230,455,1,44417,0.0009970000000052437
55110000,2310,-7731,127382,-13395,-11468,134694,103,19225,422,1,44418,0.0009990000000001942
55111000,11527,-7677,126477,5844,-7478,129208,122,19225,422,0,44419,0.0009999999999976694
55112000,9987,761,129500,16285,-5290,125474,107,19232,500,0,44420,0.0009999999999976694
55113001,8006,4585,132088,-811,-1421,131553,107,19230,438,0,44421,0.00100100000000225
55114000,-1842,1163,132030,-13339,-412,124547,116,19220,475,1,44422,0.0009990000000001942
55115000,-3359,-105,132244,-3437,-3727,129321,117,19231,479,1,44423,0.0009999999999976694
55116000,-9532,-794,130953,-3826,5005,124882,99,19231,405,1,44424,0.0010000000000047748
55117000,98,-5856,129204,-15208,-11155,133759,119,19231,405,0,44425,0.0009999999999976694
55118000,-1295,-4981,128249,4046,-10536,130348,101,19221,487,0,44426,0.0009999999999976694
55119001,1861,4911,127670,-1989,6735,122701,101,19228,414,0,44427,0.00100100000000225
55120000,-5390,7582,132767,-18283,3243,129712,111,19226,455,1,44428,0.0009990000000001942
55121000,-6288,7537,130948,-11035,7533,127930,147,19228,602,1,44429,0.0009999999999976694
55122000,-9509,12079,129217,-11800,12597,130962,114,19232,467,1,44430,0.0010000000000047748
55123000,-7091,-774,127796,-9957,-3504,124420,97,19232,467,1,44431,0.0009999999999976694
55124000,-3910,-6769,128103,-8089,-9998,133810,168,19227,397,0,44432,0.0009999999999976694
55125000,-3732,104,125726,-2301,3357,126674,168,19232,688,0,44433,0.0010000000000047748
55126003,-440,1914,127753,-8486,-1529,125209,109,19232,446,0,44434,0.0010029999999972006
55127000,-4977,15359,128937,-11099,13551,118011,111,19223,455,1,44435,0.0009969999999981383
55128000,-7370,13408,129272,-9048,1371,128617,124,19228,508,1,44436,0.0010000000000047748
55129000,-5950,-6075,125904,427,-2880,129196,107,19228,438,1,44437,0.0009999999999976694
55130000,-2645,14536,128621,-10618,10014,116875,116,19231,438,0,44438,0.0009999999999976694
55131000,504,-3415,123453,-219,-6403,131038,93,19227,475,0,44439,0.0010000000000047748
55132000,2727,3994,126228,2372,1102,119746,93,19229,381,0,44440,0.0009999999999976694
55133000,4742,-1174,125152,-9220,-2056,135489,109,19228,446,0,44441,0.0009999999999976694
55134002,-3094,22417,125117,6716,23579,111081,135,19225,553,1,44442,0.0010019999999997253
55135000,-3370,7999,126972,-9117,3200,128545,113,19225,463,1,44443,0.000998000000002719
55136000,-541,-4473,122463,1676,-7225,132178,95,19233,463,1,44444,0.0009999999999976694
55137000,4140,9707,123739,11004,5277,121728,120,19226,389,0,44445,0.0010000000000047748
55138000,7696,-3032,122642,4389,-7086,125775,120,19230,491,0,44446,0.0009999999999976694
55139000,5119,3577,126954,7032,275,121371,118,19227,483,0,44447,0.0009999999999976694
55140000,5957,-10527,125043,4346,-14944,135288,117,19224,479,1,44448,0.0010000000000047748
55141000,4235,20041,130973,175,18141,114983,131,19229,537,1,44449,0.0009999999999976694
55142000,4692,13577,128551,4252,11330,127809,108,19229,537,1,44450,0.0009999999999976694
55143000,6638,-4210,123292,7100,-8810,128801,106,19230,442,1,44451,0.0010000000000047748
55144000,12557,-382,130216,1867,-3447,125371,106,19219,434,0,44452,0.0009999999999976694
55145000,9644,-13604,127073,16393,-15668,134346,85,19229,348,0,44453,0.0009999999999976694
55146000,7469,10629,129748,4274,7884,115302,99,19230,405,0,44454,0.0010000000000047748
55147001,4563,2862,130735,-9455,-849,135943,120,19227,491,1,44455,0.0010009999999951447
55148000,-444,4443,128156,9286,-112,130958,114,19227,491,1,44456,0.0009990000000001942
55149000,575,10465,130405,2055,9054,118230,100,19230,467,1,44457,0.0010000000000047748
55150000,4127,-3131,128695,-7558,-1545,130202,100,19230,410,0,44458,0.0009999999999976694
55151000,12432,-8353,129548,11333,-12725,133106,143,19228,586,0,44459,0.0009999999999976694
55152000,10298,-1766,130257,14231,-5457,132026,100,19230,410,0,44460,0.0010000000000047748
55153000,792,719,131586,-14898,-4802,127862,102,19228,418,0,44461,0.0009999999999976694
55154000,-2557,14960,133549,-9191,12555,119872,140,19228,418,1,44462,0.0009999999999976694
55155000,-5165,-2012,129979,1952,-3532,137296,108,19228,573,1,44463,0.0009999999999976694
55156000,-6986,-6438,128100,-4109,-8957,129092,108,19231,442,1,44464,0.0010000000000047748
55157000,389,-9512,129215,-15638,-14912,130994,101,19222,414,0,44465,0.0009999999999976694
55158000,-2807,9662,129561,55,8912,118369,104,19231,426,0,44466,0.0009999999999976694
55159001,3909,2103,130022,3289,2260,127935,113,19228,463,0,44467,0.00100100000000225
55160003,-6918,-3128,130018,-19685,-10670,135299,125,19228,463,1,44468,0.0010019999999997253
55161000,-9731,10639,131587,-17325,5246,121078,117,19224,512,1,44469,0.0009969999999981383
55162000,-8085,8181,129701,-7439,5427,129835,117,19228,479,1,44470,0.0010000000000047748
55163000,-4097,7181,129849,-5408,5551,122781,104,19230,426,1,44471,0.0009999999999976694
55164000,-2221,-10814,124030,-7592,-11881,136852,134,19223,549,0,44472,0.0009999999999976694
55165000,-4699,1536,127183,-9849,-9636,120837,97,19235,397,0,44473,0.0010000000000047748
55166000,-639,13880,127817,-1998,14042,122382,101,19235,397,0,44474,0.0009999999999976694
55167000,-6007,6669,128245,-8691,3784,128655,144,19228,414,1,44475,0.0009999999999976694
55168000,-7816,3899,125584,-14066,-592,126650,144,19229,590,1,44476,0.0010000000000047748
55169000,-6736,1057,126640,-4365,4779,132880,116,19226,475,1,44477,0.0009999999999976694
55170000,-610,4801,125761,-3204,1685,111008,105,19222,430,0,44478,0.0009999999999976694
55171000,1844,486,126297,148,-7590,133029,102,19231,418,0,44479,0.0010000000000047748
55172000,1637,2349,124488,-3544,2925,128181,106,19231,434,0,44480,0.0009999999999976694
55173001,1980,8076,127321,-1795,6268,121057,118,19231,434,0,44481,0.00100100000000225
55174000,-2608,11194,127017,-1048,10527,125473,119,19220,483,1,44482,0.0009990000000001942
55175000,-4662,16296,125147,-7236,11304,117799,119,19231,487,1,44483,0.0009999999999976694
55176000,3549,2044,124114,3340,-1358,131330,99,19230,405,1,44484,0.0009999999999976694
55177000,9860,2543,124184,12066,-1754,120588,119,19230,487,0,44485,0.0010000000000047748
55178000,9500,-3380,123157,2889,-4473,125403,104,19230,426,0,44486,0.0009999999999976694
55179000,7179,-5140,127576,4261,-8952,126792,111,19225,426,0,44487,0.0009999999999976694
55180000,5670,-285,126379,6513,-3141,129030,146,19226,455,1,44488,0.0010000000000047748
55181000,922,7932,129126,-8388,6262,133823,146,19228,598,1,44489,0.0009999999999976694
55182000,3007,7471,125131,11324,5147,114613,111,19233,455,1,44490,0.0009999999999976694
55183002,8498,384,126150,9853,-4126,129210,98,19231,401,0,44491,0.0010019999999997253
55184002,8267,-1623,125269,-2590,-6089,125920,124,19235,508,0,44492,0.0010000000000047748
55185001,13555,-4277,127326,13188,-7644,128762,103,19235,508,0,44493,0.0009990000000001942
55186000,8012,3054,130261,4572,-56,128680,107,19230,422,0,44494,0.0009990000000001942
55187012,3119,7196,130718,-6115,3090,123526,107,19221,438,1,44495,0.001011999999995794
55188000,1596,164,130728,3875,-3502,130404,112,19226,459,1,44496,0.0009879999999995448
55189000,3327,4040,129241,-1228,231,129202,101,19230,414,1,44497,0.0010000000000047748
55190000,6289,-907,127492,-1048,-4291,127046,119,19219,487,0,44498,0.0009999999999976694
55191000,8660,-14103,130680,10125,-15515,129992,95,19219,487,0,44499,0.0009999999999976694
55192000,6327,-7082,129106,15838,-11627,130161,105,19230,389,0,44500,0.0010000000000047748
55193000,498,4624,132623,-21019,2210,134416,105,19225,430,1,44501,0.0009999999999976694
55194000,2337,26558,134554,-12202,23847,114836,135,19222,553,1,44502,0.0009999999999976694
55195000,-5162,-3347,130783,12632,-2849,134619,111,19230,455,1,44503,0.0010000000000047748
55196000,-2879,-16426,128353,-8558,-16484,132378,96,19228,393,1,44504,0.0009999999999976694
55197000,-2204,-15476,129295,-20700,-19377,135368,146,19228,393,0,44505,0.0009999999999976694
55198000,-154,16328,132269,11054,10566,121071,110,19233,598,0,44506,0.0010000000000047748
55199000,532,7397,129113,-6485,7574,120477,110,19228,451,0,44507,0.0009999999999976694
55200000,-6716,39,131195,-23022,-848,133991,115,19224,471,1,44508,0.0009999999999976694
55201000,-9658,-8030,126470,-10160,-11163,137464,132,19231,541,1,44509,0.0010000000000047748
55202000,-8751,19332,131915,-3552,14244,118736,106,19230,434,1,44510,0.0009999999999976694
55203000,-6950,9809,129624,-11138,14156,121218,113,19230,434,1,44511,0.0009999999999976694
55204000,-2469,-15737,122129,-13007,-16429,130744,113,19219,463,0,44512,0.0010000000000047748
55205000,-3031,-5270,125843,298,-9181,133970,113,19232,463,0,44513,0.0009999999999976694
55206000,-638,18034,127354,-14246,9237,121005,106,19228,434,0,44514,0.0009999999999976694
55207000,-5559,14494,131074,-2154,13084,122909,130,19222,532,1,44515,0.0010000000000047748
55208006,-7645,-6965,126235,-11312,-4909,130748,117,19228,479,1,44516,0.0010059999999967317
55209000,-3872,6146,127786,-12078,-3712,126931,100,19228,410,1,44517,0.0009939999999986071
55210001,-2700,4923,124033,5950,7481,118423,138,19230,410,0,44518,0.00100100000000225
55211000,321,-1182,124569,-4970,-2874,127439,138,19232,565,0,44519,0.0009990000000001942
55212000,-1251,-3767,124366,-5511,-5341,131174,116,19228,475,0,44520,0.0009999999999976694
55213000,1092,9307,126560,-1432,9000,120807,117,19228,479,1,44521,0.0010000000000047748
55214000,-1052,19244,127481,-2192,11179,118700,151,19228,618,1,44522,0.0009999999999976694
55215000,-2495,13659,127095,-5184,2474,122856,109,19228,446,1,44523,0.0009999999999976694
55216000,4188,4661,123549,-2204,3782,132550,103,19233,446,1,44524,0.0009999999999976694
55217000,10086,-1138,124796,7508,-3299,118806,88,19226,422,0,44525,0.0010000000000047748
55218000,10164,-767,124954,10182,-2737,123853,88,19227,360,0,44526,0.0009999999999976694
55219000,3574,-3689,124237,2735,-3717,130108,113,19227,463,0,44527,0.0009999999999976694
55220000,3558,-712,126355,-2560,2910,123480,128,19226,524,1,44528,0.0010000000000047748
55221001,1126,16682,129920,6835,12423,126063,111,19226,455,1,44529,0.0010009999999951447
55222002,1432,8426,123962,6529,3217,120954,95,19233,455,1,44530,0.00100100000000225
55223000,9329,-1427,126717,5700,-5390,123059,135,19230,389,0,44531,0.000998000000002719
55224000,9981,-9103,128891,5861,-16140,132762,135,19228,553,0,44532,0.0009999999999976694
55225000,13043,-11029,126417,16448,-13528,133739,104,19230,426,0,44533,0.0009999999999976694
55226000,5913,4897,132289,-4087,3758,124616,106,19227,434,0,44534,0.0010000000000047748
55227002,2581,10132,131027,-11329,5812,126323,135,19227,553,1,44535,0.0010019999999997253
55228000,-572,17568,130505,20278,15979,122249,108,19225,553,1,44536,0.0009979999999956135
55229001,2103,-6742,127899,-5597,-10016,133241,103,19230,442,1,44537,0.00100100000000225
55230000,9054,-9716,127367,-2316,-12784,127917,103,19225,422,0,44538,0.0009990000000001942
55231000,7724,1633,128348,27445,-2203,128285,128,19230,524,0,44539,0.0009999999999976694
55232001,6145,-9382,128911,-7652,-12660,134577,110,19228,451,0,44540,0.00100100000000225
55233000,919,6388,134730,-25701,3113,126734,117,19220,479,1,44541,0.0009990000000001942
55234001,-5205,8882,133877,9321,5890,132508,107,19220,479,1,44542,0.00100100000000225
55235000,-5328,7207,128976,-620,4789,123077,97,19228,438,1,44543,0.0009990000000001942
55236002,-5055,-3985,129978,-25465,-7368,132444,97,19233,397,1,44544,0.0010019999999997253
55237000,3034,-12215,125940,5756,-17396,136192,127,19228,520,0,44545,0.0009979999999956135
55238000,4932,9447,133266,2640,7133,122502,102,19232,418,0,44546,0.0010000000000047748
55239014,-4353,146,132552,-19669,-1889,129613,110,19225,451,0,44547,0.00101399999999785
55240000,-7450,8260,130888,-7184,8444,123257,149,19225,451,1,44548,0.0009859999999974889
55241000,-11039,5582,129179,-14078,1518,136310,112,19228,610,1,44549,0.0010000000000047748
55242000,-9366,6268,128645,-5613,2078,125366,112,19233,459,1,44550,0.0009999999999976694
55243000,-2194,4652,129473,-3494,5285,122703,100,19224,410,0,44551,0.0009999999999976694
55244000,-4525,-3980,125362,-11612,-6409,131878,165,19235,676,0,44552,0.0010000000000047748
55245000,-373,-2669,127611,-7765,-7986,126740,105,19228,430,0,44553,0.0009999999999976694
55246000,-1914,8954,129535,-5350,4227,128313,111,19228,430,1,44554,0.0009999999999976694
55247006,-4971,12211,126323,-5054,7731,123917,112,19220,455,1,44555,0.0010060000000038372
55248003,-7624,13580,129223,-14204,10985,121786,112,19228,459,1,44556,0.0009969999999981383
55249000,-5773,2935,125002,-11748,928,126968,106,19232,434,1,44557,0.0009969999999981383
55250000,2315,-3,125171,6997,-4406,128199,121,19223,496,0,44558,0.0010000000000047748
55251000,84,-14638,124234,85,-15273,128609,106,19228,434,0,44559,0.0009999999999976694
55252000,436,13540,128020,-8505,14574,118401,111,19228,434,0,44560,0.0009999999999976694
55253000,-1669,6201,125002,-4710,10851,124892,143,19227,455,1,44561,0.0010000000000047748
55254001,1298,6013,126012,1111,1073,127299,143,19221,586,1,44562,0.0010009999999951447
55255000,-511,10752,124903,-3013,12233,118273,116,19232,475,1,44563,0.0009990000000001942
55256000,4017,4919,124328,-5719,1996,125940,98,19225,401,0,44564,0.0010000000000047748
55257001,11789,-4069,123960,16507,-2652,127328,110,19232,451,0,44565,0.0010009999999951447
55258000,10406,-11642,124677,8319,-16890,129431,109,19232,451,0,44566,0.0009990000000001942
55259000,6055,15207,128368,-6592,441,119553,112,19230,446,0,44567,0.0010000000000047748
55260000,4169,15938,128076,6666,13379,122295,112,19223,459,1,44568,0.0009999999999976694
55261000,2514,5497,128674,4819,1026,131226,124,19227,508,1,44569,0.0009999999999976694
55262002,3958,-3097,125279,-1167,-10396,127988,105,19232,430,1,44570,0.0010019999999997253
55263002,7791,3127,124869,10796,8495,122361,110,19216,451,0,44571,0.0010000000000047748
55264000,9076,1703,128826,10195,-5339,124259,86,19216,352,0,44572,0.0009979999999956135
55265000,8270,-13216,125427,4016,-16353,137274,101,19231,352,0,44573,0.0010000000000047748
55266000,4955,8512,130150,-1010,7983,127265,125,19226,414,1,44574,0.0009999999999976694
55267000,3028,13962,131116,901,9020,121402,125,19229,512,1,44575,0.0009999999999976694
55268000,-134,8357,131118,4449,3992,128418,113,19228,463,1,44576,0.0010000000000047748
55269000,2546,-6292,128506,-1811,-12251,134417,101,19228,414,1,44577,0.0009999999999976694
55270000,6325,-15626,128390,1343,-18014,131930,150,19228,614,0,44578,0.0009999999999976694
55271000,8752,8327,130999,17273,5945,116806,112,19230,614,0,44579,0.0010000000000047748
55272000,3917,1467,128539,-10783,-2548,132739,109,19229,459,0,44580,0.0009999999999976694
55273000,501,5175,132408,-15110,4309,127389,109,19225,446,1,44581,0.0009999999999976694
55274000,-1634,2404,132066,5931,-658,134845,137,19228,561,1,44582,0.0010000000000047748
55275000,-7349,6859,130837,-11390,5328,123531,107,19232,438,1,44583,0.0009999999999976694
55276000,-3532,-9298,129461,-10778,-14521,128362,106,19223,434,0,44584,0.0009999999999976694
55277000,-3290,-13693,129283,1047,-16631,145741,99,19223,434,0,44585,0.0010000000000047748
55278000,-233,9617,128172,787,5626,118887,112,19225,405,0,44586,0.0009999999999976694
55279000,-6655,13871,133470,-16463,11909,125224,112,19228,459,0,44587,0.0009999999999976694
55280000,-5494,8254,130649,-13390,5708,129247,128,19225,524,1,44588,0.0009999999999976694
55281000,-5406,-1235,128529,-3753,-5103,131317,116,19230,475,1,44589,0.0010000000000047748
55282000,-8161,2879,131272,-10461,-138,132136,100,19229,410,1,44590,0.0009999999999976694
55283000,-2164,3501,126808,-9876,834,120651,142,19229,410,0,44591,0.0009999999999976694
55284000,-6106,-6549,125689,-8054,-10513,134393,98,19224,582,0,44592,0.0010000000000047748
55285000,347,3305,127850,-5253,412,120806,98,19229,401,0,44593,0.0009999999999976694
55286000,-4121,-1316,126315,-8712,-3350,126000,99,19227,405,1,44594,0.0009999999999976694
55287000,-5717,15754,132457,-16676,15190,122201,135,19229,553,1,44595,0.0010000000000047748
55288000,-2643,7460,125959,-5877,2817,122146,112,19234,459,1,44596,0.0009999999999976694
55289001,-1099,-1986,127002,-3108,-4123,132055,106,19234,459,0,44597,0.00100100000000225
55290000,1977,-3870,123510,-5247,-4900,121400,85,19221,434,0,44598,0.0009990000000001942
55291000,-910,1195,123295,-8580,-4331,128399,85,19229,348,0,44599,0.0009999999999976694
55292001,2879,10412,127538,961,3425,123273,105,19228,430,0,44600,0.00100100000000225
55293000,-1340,11023,125817,-936,8659,120846,117,19219,479,1,44601,0.0009990000000001942
55294000,-1748,3602,125280,-9545,2485,129631,109,19231,446,1,44602,0.0009999999999976694
55295000,42,4991,124913,4868,1011,122109,100,19231,446,1,44603,0.0009999999999976694
55296000,7230,-248,122983,6997,188,122577,129,19229,410,0,44604,0.0010000000000047748
55297000,7556,385,123383,9529,-1888,125188,129,19235,528,0,44605,0.0009999999999976694
55298000,7689,-9234,123029,3608,-8279,122589,103,19223,422,0,44606,0.0009999999999976694
55299000,8023,-832,128534,2613,-2644,132440,108,19226,442,1,44607,0.0010000000000047748
55300000,5428,12972,129306,6842,9840,119463,142,19229,582,1,44608,0.0009999999999976694
55301001,4112,11402,129858,-1057,9651,127847,110,19229,451,1,44609,0.00100100000000225
55302000,8512,-1716,125479,1313,-1903,125068,100,19230,451,1,44610,0.0009990000000001942
55303000,11761,-2298,127163,9513,-7432,130796,100,19226,410,0,44611,0.0009999999999976694
55304000,8518,-2448,126118,11677,-9273,124773,121,19231,496,0,44612,0.0009999999999976694
55305000,6777,-11284,125931,6945,-13075,133681,101,19232,414,0,44613,0.0010000000000047748
55306000,3494,5955,130516,-4492,-4702,129750,112,19220,459,1,44614,0.0009999999999976694
55307000,1355,17858,128292,-899,10954,125561,106,19220,434,1,44615,0.0009999999999976694
55308000,-3489,9002,130135,4726,3133,122789,103,19228,434,1,44616,0.0010000000000047748
55309000,1474,-6455,127240,-4409,-14758,131080,125,19232,422,0,44617,0.0009999999999976694
55310000,10446,-10930,129308,3739,-11235,139090,125,19219,512,0,44618,0.0009999999999976694
55311000,11169,2483,128592,23534,-2063,121985,97,19231,397,0,44619,0.0010000000000047748
55312000,3944,3763,130643,-25897,3057,125294,104,19228,426,0,44620,0.0009999999999976694
55313000,420,12619,133166,3012,12893,126894,141,19228,577,1,44621,0.0009999999999976694
55314000,-7768,-12367,128993,3452,-14149,134690,111,19221,577,1,44622,0.0010000000000047748
55315000,-5490,744,131641,-14435,-4637,130205,98,19229,455,1,44623,0.0009999999999976694
55316000,-4909,-1627,128399,-8875,-6372,125576,98,19226,401,0,44624,0.0009999999999976694
55317000,3961,4658,130596,6041,1452,122775,124,19226,508,0,44625,0.0010000000000047748
55318000,2455,-1736,130585,-1047,-6885,133533,108,19230,442,0,44626,0.0009999999999976694
55319000,-5255,-1255,128373,-18134,-3963,133489,118,19230,483,1,44627,0.0009999999999976694
55320000,-9175,10024,132009,-13185,8582,125499,118,19221,483,1,44628,0.0010000000000047748
55321000,-9746,15146,131572,-10479,11210,123556,105,19227,483,1,44629,0.0009999999999976694
55322000,-4318,8332,130637,-22,4250,130586,105,19233,430,1,44630,0.0009999999999976694
55323000,-3736,-8254,122957,-10043,-10238,126386,114,19219,467,0,44631,0.0010000000000047748
55324000,-2423,5249,128319,-11244,2280,126861,89,19231,365,0,44632,0.0009999999999976694
55325000,-368,12854,126190,1119,10379,121498,105,19226,430,0,44633,0.0009999999999976694
55326000,-3681,6365,127936,-7942,2644,125672,137,19226,430,1,44634,0.0010000000000047748
55327000,-7599,2664,128665,-18035,-1775,132722,116,19225,561,1,44635,0.0009999999999976694
55328002,-11062,10507,127011,-6135,7746,117909,116,19228,475,1,44636,0.0010019999999997253
55329002,2176,9903,127990,2927,7769,124796,101,19229,414,0,44637,0.0009999999999976694
55330000,244,-11596,122443,-4138,-14407,128044,128,19232,524,0,44638,0.000998000000002719
55331000,5283,-706,125431,-1259,-2124,125064,109,19230,446,0,44639,0.0009999999999976694
55332000,-232,8377,126415,-6412,5159,127498,115,19230,446,0,44640,0.0010000000000047748
55333000,-413,9512,129667,-8596,8394,118428,138,19222,471,1,44641,0.0009999999999976694
55334000,1058,12616,127115,8980,11551,125111,138,19232,565,1,44642,0.0009999999999976694
55335000,-2066,3491,122156,-7111,1167,124133,104,19229,426,1,44643,0.0010000000000047748
55336000,9489,-7578,123202,9925,-11936,131395,104,19224,426,0,44644,0.0009999999999976694
55337000,4858,8875,125051,13519,5840,115146,89,19230,365,0,44645,0.0009999999999976694
55338000,8269,-362,124423,-4720,-3082,128513,113,19230,365,0,44646,0.0010000000000047748
55339000,5479,-131,127918,4828,-5405,127757,133,19226,463,1,44647,0.0009999999999976694
55340000,2534,3679,127923,3052,6766,125320,133,19224,545,1,44648,0.0009999999999976694
55341000,3302,6269,128169,2794,8160,127193,114,19226,467,1,44649,0.0009999999999976694
55342000,6102,3050,126571,7100,3033,119981,96,19227,393,1,44650,0.0010000000000047748
55343002,14097,-1629,125670,6940,-5450,131656,140,19229,573,0,44651,0.0010019999999997253
55344000,7681,-505,126585,7853,-2077,124134,103,19229,573,0,44652,0.0009979999999956135
55345000,8571,-11730,130348,3438,-14713,133672,106,19231,422,0,44653,0.0010000000000047748
55346000,5030,8972,129706,1720,5654,123842,106,19226,434,1,44654,0.0009999999999976694
55347002,-4446,6976,130111,-2262,6933,127078,130,19223,532,1,44655,0.0010019999999997253
55348000,3794,4406,129079,3648,2936,130877,108,19232,442,1,44656,0.000998000000002719
55349000,1047,750,129041,1352,5702,124317,105,19217,430,0,44657,0.0009999999999976694
55350000,10207,-15614,127489,-1341,-14126,136407,121,19217,496,0,44658,0.0009999999999976694
55351000,9773,-4270,130236,18170,-8727,128388,105,19234,496,0,44659,0.0010000000000047748
55352002,2048,-3230,129265,-7047,-5639,129103,120,19227,430,0,44660,0.0010019999999997253
55353000,1785,21762,135234,-22322,14277,119633,120,19222,491,1,44661,0.0009979999999956135
55354000,-5604,1821,130147,7191,-6450,132219,112,19228,459,1,44662,0.0010000000000047748
55355000,-3876,-9229,128496,-2448,-10825,134891,97,19231,397,1,44663,0.0009999999999976694
55356000,-5072,-10698,127236,-20879,-13657,131538,127,19231,520,0,44664,0.0009999999999976694
55357000,-186,9026,128647,-307,12232,120771,103,19227,520,0,44665,0.0010000000000047748
55358000,-855,10913,131011,-12922,4896,124906,111,19230,422,0,44666,0.0009999999999976694
55359000,-7843,-5422,130520,-19825,-6675,136916,111,19224,455,1,44667,0.0009999999999976694
55360000,-8999,7562,130037,-7841,6633,132256,144,19228,590,1,44668,0.0010000000000047748
55361000,-9847,8222,129080,-6309,8394,123277,112,19230,459,1,44669,0.0009999999999976694
55362000,-6054,10904,130563,-10998,5326,126122,102,19230,418,1,44670,0.0009999999999976694
55363000,-3329,-11790,124671,-12142,-17860,132146,139,19222,418,0,44671,0.0010000000000047748
55364000,-3600,1623,128588,-810,2045,128538,105,19231,569,0,44672,0.0009999999999976694
55365000,-8,9607,128616,-6816,6010,120924,105,19229,430,0,44673,0.0009999999999976694
55366000,-5129,13726,128169,-7886,11205,121415,114,19217,467,1,44674,0.0010000000000047748
55367000,-7791,10983,127762,-17455,8587,132719,113,19227,463,1,44675,0.0009999999999976694
55368000,-5407,305,125105,-6790,-1122,125865,105,19230,430,1,44676,0.0009999999999976694
55369000,-561,11087,126390,2975,8916,121569,123,19230,430,0,44677,0.0010000000000047748
55370000,-2596,-5442,122987,-2394,-7920,125536,100,19224,504,0,44678,0.0009999999999976694
55371000,334,-1307,126224,-3361,-4029,127473,100,19229,410,0,44679,0.0009999999999976694
55372000,1594,6123,127106,-645,3020,133272,109,19228,446,0,44680,0.0010000000000047748
55373000,-1770,19809,126468,-1687,17173,116008,149,19224,610,1,44681,0.0009999999999976694
55374000,-2159,18253,129165,-5797,15905,122904,109,19231,446,1,44682,0.0009999999999976694
55375000,3333,-136,122492,1277,-4257,128160,94,19231,446,1,44683,0.0010000000000047748
55376000,9961,4656,126179,9650,1193,129038,109,19223,385,0,44684,0.0009999999999976694
55377000,9752,-1182,123624,4697,-5357,120727,109,19227,446,0,44685,0.0009999999999976694
55378000,5695,1685,128089,-297,-1633,125194,121,19227,496,0,44686,0.0010000000000047748
55379000,6008,-6826,125456,10777,-10042,133406,124,19223,508,1,44687,0.0009999999999976694
55380000,-1223,7751,129140,-1708,5400,122331,111,19228,455,1,44688,0.0009999999999976694
55381000,4600,17039,127904,-4249,16983,120886,102,19228,455,1,44689,0.0010000000000047748
55382000,8173,1354,124489,18900,-1182,123358,115,19231,418,0,44690,0.0009999999999976694
55383000,14120,-4584,127589,-916,-5538,127005,115,19226,471,0,44691,0.0009999999999976694
55384001,11675,-11137,127467,9376,-14197,133168,94,19227,385,0,44692,0.00100100000000225
55385000,6754,5451,130296,7625,-316,131501,103,19228,422,0,44693,0.0009990000000001942
55386001,4313,5888,131081,-5502,-3117,128024,131,19228,537,1,44694,0.00100100000000225
55387000,-2706,16945,130637,618,12786,122811,113,19228,537,1,44695,0.0009990000000001942
55388001,2279,1276,127182,245,1127,128428,101,19229,463,1,44696,0.0010009999999951447
55389000,6541,-8608,126697,5703,-12054,129915,101,19228,414,0,44697,0.0009990000000001942
55390000,9815,-2164,130212,9821,-4245,126342,152,19233,623,0,44698,0.0010000000000047748
55391000,7434,-8581,126932,4042,-12179,131585,105,19235,430,0,44699,0.0009999999999976694
55392000,2026,3714,135446,-11239,3169,125521,104,19222,426,1,44700,0.0009999999999976694
55393000,-1217,276,131976,-9787,2621,138610,131,19222,426,1,44701,0.0010000000000047748
55394000,-7217,5939,130624,4812,3755,126506,102,19234,537,1,44702,0.0009999999999976694
55395002,-3875,-1867,130881,-18151,-3088,125355,102,19231,418,1,44703,0.0010019999999997253
55396000,4404,-4887,128177,-5896,-7500,125534,110,19218,451,0,44704,0.000998000000002719
55397000,3163,-2957,127908,11472,-3399,130355,88,19230,360,0,44705,0.0009999999999976694
55398000,122,-3235,130636,-6017,-1611,130415,108,19228,442,0,44706,0.0009999999999976694
55399001,-8087,2072,130577,-19462,-2343,131021,129,19228,528,1,44707,0.00100100000000225
55400000,-8232,4559,131424,-10454,1298,135046,114,19224,528,1,44708,0.0009990000000001942
55401000,-10722,10717,129537,-6439,9369,119994,100,19229,467,1,44709,0.0009999999999976694
55402000,-1265,4355,128125,-12455,-2157,126885,100,19231,410,0,44710,0.0010000000000047748
55403000,-3144,-9347,124189,-4881,-12913,130604,147,19224,602,0,44711,0.0009999999999976694
55404000,321,1957,128286,-5033,659,130837,103,19231,422,0,44712,0.0009999999999976694
55405000,353,3169,126092,-8996,309,123106,104,19231,426,0,44713,0.0009999999999976694
55406000,-7024,14659,129308,-12530,12836,116352,125,19222,426,1,44714,0.0010000000000047748
55407000,-5515,12350,129081,-4491,10516,130697,111,19226,512,1,44715,0.0009999999999976694
55408000,-7486,-5061,122571,-2536,-7100,127881,111,19231,455,1,44716,0.0009999999999976694
55409000,-177,8665,126681,-4430,7166,121544,110,19219,451,0,44717,0.0010000000000047748
55410000,-2458,3816,124848,-4870,573,121715,96,19228,393,0,44718,0.0009999999999976694
55411000,2293,-679,125682,5053,-3493,128320,115,19228,471,0,44719,0.0009999999999976694
55412000,630,-3741,126618,-6775,-6659,132799,126,19226,471,1,44720,0.0010000000000047748
55413000,-5231,11596,126556,-7258,9697,116739,114,19218,516,1,44721,0.0009999999999976694
55414000,49,16268,126632,4143,14067,123960,114,19230,467,1,44722,0.0009999999999976694
55415000,3705,2023,121327,375,-3195,122669,101,19231,414,0,44723,0.0010000000000047748
55416000,9031,1159,127756,4456,-2250,133477,134,19233,549,0,44724,0.0009999999999976694
55417000,11520,-4205,122546,9244,-5363,118834,105,19228,430,0,44725,0.0009999999999976694
55418000,5211,6490,129313,4931,1885,125058,109,19228,430,0,44726,0.0010000000000047748
55419000,3042,4174,123726,-211,1397,127525,138,19223,446,1,44727,0.0009999999999976694
55420000,-206,7797,127736,3744,4849,128109,138,19229,565,1,44728,0.0009999999999976694
55421001,2796,2514,125658,8884,-2090,126319,109,19232,446,1,44729,0.00100100000000225
55422002,4523,1652,125218,3089,-1371,115191,102,19225,418,0,44730,0.00100100000000225
55423003,12894,-4738,126836,7881,-8699,134365,119,19235,487,0,44731,0.0010009999999951447
55424000,8867,-12822,124386,12263,-16419,132394,104,19235,487,0,44732,0.0009970000000052437
55425000,6455,7123,130473,-2408,2885,122755,113,19229,426,0,44733,0.0009999999999976694
55426000,1056,14691,133595,-3592,11334,126663,113,19224,463,1,44734,0.0009999999999976694
55427000,2536,2204,130388,-3070,725,126956,109,19231,446,1,44735,0.0010000000000047748
55428000,4787,1378,131389,10097,-244,132800,99,19229,405,1,44736,0.0009999999999976694
55429001,3764,-11104,125774,-7242,-13243,127763,130,19225,532,0,44737,0.00100100000000225
55430000,11141,-3607,132657,16286,-8186,126941,101,19225,532,0,44738,0.0009990000000001942
55431000,4182,-6203,126379,8903,-7983,128049,104,19230,414,0,44739,0.0009999999999976694
55432001,2960,9673,131377,-25513,3697,129681,104,19224,426,1,44740,0.00100100000000225
55433000,-4998,12996,132199,-6652,11670,121990,146,19227,598,1,44741,0.0009990000000001942
55434000,-4422,-5496,131000,7068,-6125,132170,111,19234,455,1,44742,0.0009999999999976694
55435001,-5931,-12362,128225,-11866,-15969,135145,98,19226,401,1,44743,0.00100100000000225
55436000,-791,-3033,130133,-14730,-9904,131503,126,19226,401,0,44744,0.0009990000000001942
55437000,505,9985,130423,6208,7691,122179,116,19228,516,0,44745,0.0009999999999976694
55438000,-2172,6934,131425,-9322,5903,124963,116,19227,475,0,44746,0.0009999999999976694
55439000,-7873,-5345,129907,-23429,-5210,134559,121,19225,496,1,44747,0.0010000000000047748
55440000,-5155,1553,129991,-4631,591,131068,110,19233,451,1,44748,0.0009999999999976694
55441000,-7918,10936,132095,-10363,14680,122715,104,19231,426,1,44749,0.0009999999999976694
55442000,-1065,-6544,128513,-3379,-76,128707,119,19231,487,0,44750,0.0010000000000047748
55443000,-4004,-9143,125301,-8562,-6157,130764,105,19216,487,0,44751,0.0009999999999976694
55444000,-3866,142,125776,-11555,-4953,127791,107,19233,430,0,44752,0.0009999999999976694
55445000,-399,12395,127824,-8803,9822,119898,107,19229,438,1,44753,0.0010000000000047748
55446000,-4469,13001,128818,-3863,13052,125293,138,19225,565,1,44754,0.0009999999999976694
55447000,-5127,643,127217,-11409,-1175,130533,116,19233,475,1,44755,0.0009999999999976694
55448002,-3714,6513,127606,-7799,-1567,123308,103,19233,422,1,44756,0.0010019999999997253
55449008,1665,1169,124155,2400,254,125924,125,19226,422,0,44757,0.0010060000000038372
55450000,-233,3866,124424,-2889,572,123853,107,19232,512,0,44758,0.0009919999999965512
55451000,259,11051,123921,-6280,13059,122178,107,19231,438,0,44759,0.0010000000000047748
55452000,-484,6316,125072,-8101,1706,122728,109,19223,446,1,44760,0.0009999999999976694
55453000,-4069,3443,127956,-770,497,129332,137,19228,561,1,44761,0.0009999999999976694
55454000,-1810,10103,123854,11197,11261,124670,103,19228,422,1,44762,0.0010000000000047748
55455000,2876,4418,122921,-8605,3075,121268,109,19230,422,0,44763,0.0009999999999976694
55456000,9372,3180,124208,10018,-4897,124134,92,19227,446,0,44764,0.0009999999999976694
55457000,10004,-8682,124495,17652,-16173,126569,92,19230,377,0,44765,0.0010000000000047748
55458000,9897,-2574,127965,-867,-3278,126981,110,19228,451,0,44766,0.0009999999999976694
55459000,1488,12062,132307,-1001,9122,121983,134,19226,549,1,44767,0.0009999999999976694
55460000,4485,10667,126398,4030,6204,126008,114,19232,467,1,44768,0.0010000000000047748
55461000,7696,7277,125942,8896,5231,124521,97,19232,467,1,44769,0.0009999999999976694
55462001,6785,19,126306,476,-4455,125540,149,19227,397,0,44770,0.00100100000000225
55463000,11634,1258,124032,13004,-1428,124238,149,19230,610,0,44771,0.0009990000000001942
55464000,7820,-5262,129272,15854,-8647,130350,101,19233,414,0,44772,0.0009999999999976694
55465000,6765,-7765,129279,-10164,-11315,135440,104,19222,426,1,44773,0.0009999999999976694
55466000,126,18807,133068,3069,14616,119226,126,19231,516,1,44774,0.0009999999999976694
55467000,537,10139,130581,3972,7203,131389,108,19231,516,1,44775,0.0010000000000047748
55468000,2597,-5289,127518,-7272,-7601,128197,109,19230,442,1,44776,0.0009999999999976694
55469000,8898,-9262,128391,8843,-13049,129373,109,19220,446,0,44777,0.0009999999999976694
55470000,11982,-5891,128163,18208,-9566,133916,97,19230,397,0,44778,0.0010000000000047748
55471002,5834,4927,132940,-7477,1611,121480,101,19229,414,0,44779,0.0010019999999997253
55472000,3022,8088,132897,-19110,5413,133322,124,19221,508,1,44780,0.0009979999999956135
55473000,-7480,4218,130896,10962,2287,127030,113,19221,508,1,44781,0.0010000000000047748
55474000,-10527,-12323,130055,-10511,-12781,131792,96,19229,463,1,44782,0.0009999999999976694
55475000,-2286,7238,131413,-21035,8033,125957,96,19228,393,0,44783,0.0009999999999976694
55476000,2459,-496,128023,4321,-4624,128228,135,19228,553,0,44784,0.0010000000000047748
55477000,7937,601,132095,2382,-1091,128651,104,19229,426,0,44785,0.0009999999999976694
55478000,-4053,1116,130717,-15224,-1533,127338,112,19224,459,0,44786,0.0009999999999976694
55479000,-6303,5905,130080,-14881,3376,135006,139,19224,459,1,44787,0.0010000000000047748
55480000,-10124,10186,131131,-7787,3366,126235,113,19231,569,1,44788,0.0009999999999976694
55481000,-7391,13423,129766,-12314,12043,126192,113,19231,463,1,44789,0.0009999999999976694
55482001,-4069,-1328,124317,-8207,-3836,126465,104,19223,426,0,44790,0.00100100000000225
55483000,-4367,-6691,126946,-3972,-9260,127711,128,19232,524,0,44791,0.0009990000000001942
55484000,1489,2591,126020,-6488,-4886,131266,102,19232,418,0,44792,0.0009999999999976694
55485000,-5716,10126,127962,-2594,5204,120551,120,19232,491,1,44793,0.0010000000000047748
55486003,-4905,5270,130310,-11091,5258,129018,114,19226,491,1,44794,0.0010029999999972006
55487000,-10785,5509,125972,-15735,5455,122982,102,19229,467,1,44795,0.0009969999999981383
55488000,-1536,4586,127509,-1330,3377,124992,102,19229,418,0,44796,0.0010000000000047748
55489000,2631,-96,125149,-3984,-3775,126720,132,19226,541,0,44797,0.0009999999999976694
55490000,3781,-1754,123703,-2837,-2562,121022,109,19228,446,0,44798,0.0009999999999976694
55491002,3513,7883,126117,-2506,3115,126126,113,19228,463,0,44799,0.0010019999999997253
55492000,-1702,7904,124718,106,4824,120745,154,19228,463,1,44800,0.000998000000002719
55493001,-2731,16537,127037,-7160,6783,126298,112,19228,631,1,44801,0.00100100000000225
55494000,-2248,6591,123429,-4417,-2476,126160,112,19230,459,1,44802,0.0009990000000001942
55495000,5074,4585,125282,9431,1375,122566,98,19229,401,0,44803,0.0009999999999976694
55496000,5862,3145,122611,3244,-10906,127426,90,19233,369,0,44804,0.0009999999999976694
55497001,5723,-8128,123156,6147,-11709,128146,110,19233,451,0,44805,0.00100100000000225
55498000,6683,-7156,126773,10471,11677,128673,117,19229,451,1,44806,0.0009990000000001942
55499000,3742,15448,128007,-2924,11326,115096,108,19221,479,1,44807,0.0009999999999976694
55500000,6627,19584,129736,18515,2942,126676,108,19227,442,1,44808,0.0010000000000047748
55501000,3497,-4111,123916,3431,-8554,134432,99,19232,405,1,44809,0.0009999999999976694
55502000,10231,-11841,128175,-3192,2330,119633,122,19224,500,0,44810,0.0009999999999976694
55503000,11143,-1403,127348,21755,-3580,134792,98,19233,401,0,44811,0.0010000000000047748
55504000,5574,537,129672,-2441,-2054,123747,101,19233,401,0,44812,0.0009999999999976694
55505002,5517,5079,130495,-8578,-1078,129581,138,19227,414,1,44813,0.0010019999999997253
55506001,-1013,2874,129668,12707,1968,128904,138,19226,565,1,44814,0.0009990000000001942
55507002,-535,8746,128899,-1538,5994,123640,110,19233,451,1,44815,0.00100100000000225
55508000,4356,4360,129509,-4694,-7936,131592,100,19226,410,0,44816,0.0009979999999956135
55509000,10801,-7222,128354,9547,-12633,126610,137,19235,561,0,44817,0.0010000000000047748
55510000,9315,-7287,133037,7595,-3868,136454,102,19235,561,0,44818,0.0009999999999976694
55511000,3499,-5416,129508,-16689,-3275,123463,110,19230,418,0,44819,0.0009999999999976694
55512000,-299,4644,133316,-1269,6162,131408,110,19221,451,1,44820,0.0010000000000047748
55513000,-6768,2981,129785,2063,2243,130473,130,19230,532,1,44821,0.0009999999999976694
55514000,-8344,3303,130837,-13096,4599,122792,102,19232,418,1,44822,0.0009999999999976694
55515000,-1881,-3213,130414,-8789,-15460,135718,117,19226,479,0,44823,0.0010000000000047748
55516000,-1282,-8867,128139,11388,-6707,127110,94,19226,479,0,44824,0.0009999999999976694
55517000,-853,-1698,129480,-13894,-3399,130610,109,19229,385,0,44825,0.0009999999999976694
55518000,-4835,12675,132277,-16243,8029,123217,109,19228,446,1,44826,0.0010000000000047748
55519000,-8143,8287,130093,-6476,-1627,133019,140,19225,573,1,44827,0.0009999999999976694
55520000,-7057,4715,129480,-12175,2484,127934,114,19230,467,1,44828,0.0009999999999976694
55521001,-10024,8094,129116,-6253,48,121027,98,19230,401,1,44829,0.00100100000000225
55522000,-991,4139,127387,-6309,-6946,134593,161,19230,401,0,44830,0.0009990000000001942
55523000,-4172,-5170,126187,-6090,-3599,125582,105,19231,659,0,44831,0.0009999999999976694
55524000,-631,1623,128372,-7342,-2247,126598,105,19228,430,0,44832,0.0010000000000047748
55525000,-3183,10145,128312,-7854,13758,119645,109,19225,446,1,44833,0.0009999999999976694
55526001,-8326,3694,124915,-9226,-4648,132347,126,19228,516,1,44834,0.00100100000000225
55527000,-4635,5823,128103,-11165,9662,120128,108,19229,442,1,44835,0.0009990000000001942
55528000,-3256,17019,123904,-4479,6341,119958,113,19229,442,0,44836,0.0009999999999976694
55529000,1634,-1426,123907,1411,-10942,131452,100,19223,463,0,44837,0.0009999999999976694
55530002,1600,-9117,122719,-1596,-9981,125253,100,19229,410,0,44838,0.0010019999999997253
55531000,1615,-2711,126323,-5987,3402,125810,113,19226,463,0,44839,0.000998000000002719
55532000,-335,21120,127135,-2524,19499,114376,134,19222,549,1,44840,0.0009999999999976694
55533000,-2906,9648,124757,-5141,832,127896,116,19230,475,1,44841,0.0009999999999976694
55534000,6743,713,123302,1735,-2205,128855,96,19230,393,1,44842,0.0010000000000047748
55535000,3730,6901,124777,5915,6075,118151,131,19228,393,0,44843,0.0009999999999976694
55536000,9460,4961,125511,9375,-1528,126026,113,19233,537,0,44844,0.0009999999999976694
55537000,9376,-1432,124955,9507,-9575,132819,113,19224,463,0,44845,0.0010000000000047748
55538000,5387,-8468,127090,1870,-12951,130854,113,19224,463,1,44846,0.0009999999999976694
55539000,3446,13897,127356,181,10762,113717,131,19228,537,1,44847,0.0009999999999976694
55540000,3512,16454,126816,6276,8192,132103,107,19228,438,1,44848,0.0010000000000047748
55541000,9003,-344,124685,6087,-6072,126247,105,19236,438,1,44849,0.0009999999999976694
55542002,9498,1411,128533,3324,158,123423,104,19223,430,0,44850,0.0010019999999997253
55543000,11993,-760,125850,12002,-14239,134886,104,19229,426,0,44851,0.000998000000002719
55544000,6257,-7653,130177,9883,-3126,125952,104,19228,426,0,44852,0.0009999999999976694
55545000,4138,-2262,128569,-6182,7468,137185,118,19229,483,1,44853,0.0009999999999976694
55546000,438,7700,129149,1205,8622,115885,110,19229,451,1,44854,0.0010000000000047748
55547000,-2060,18735,131237,-258,5399,130470,99,19229,451,1,44855,0.0009999999999976694
55548000,6137,-1921,124779,1508,-13919,136068,140,19230,405,0,44856,0.0009999999999976694
55549000,8524,-11265,127885,14327,-11365,126787,140,19221,573,0,44857,0.0010000000000047748
55550000,11268,2246,130488,7227,-7741,134701,112,19233,459,0,44858,0.0009999999999976694
55551000,-1662,-3990,131116,-16047,3619,119983,111,19225,455,0,44859,0.0009999999999976694
55552000,3030,10276,136860,-9293,4382,133238,149,19227,610,1,44860,0.0010000000000047748
55553000,-3933,2018,130952,8366,-2631,130980,109,19227,610,1,44861,0.0009999999999976694
55554000,-7508,1110,128710,-14197,-6001,123251,101,19233,446,1,44862,0.0009999999999976694
55555000,952,-934,129701,-12112,-9134,134469,101,19222,414,0,44863,0.0010000000000047748
55556000,63,-4846,128060,11970,-4798,121666,112,19233,459,0,44864,0.0009999999999976694
55557000,4038,3351,130839,-402,13372,125395,110,19228,451,0,44865,0.0009999999999976694
55558000,-8792,3069,129632,-28320,-6372,131397,121,19219,496,1,44866,0.0010000000000047748
55559000,-7115,-1637,132124,-3835,2976,128776,114,19219,496,1,44867,0.0009999999999976694
55560000,-10549,8618,128928,-3764,3323,132997,105,19228,467,1,44868,0.0009999999999976694
55561000,-4550,5835,128319,-13350,7687,116861,105,19231,430,1,44869,0.0010000000000047748
55562000,-3454,6688,126322,-11293,-9605,134656,127,19222,520,0,44870,0.0009999999999976694
55563000,-3476,-12931,125568,-3275,-6936,128735,97,19234,397,0,44871,0.0009999999999976694
55564000,940,10070,130302,-4950,11268,121400,104,19228,426,0,44872,0.0010000000000047748
55565000,-7697,5996,127826,-13742,4520,128512,148,19228,426,1,44873,0.0009999999999976694
55566000,-6643,6539,126703,-10892,7072,121681,118,19230,606,1,44874,0.0009999999999976694
55567002,-6925,6749,127866,-8253,-2904,134731,118,19230,483,1,44875,0.0010019999999997253
55568002,902,4571,125658,-553,-1248,117716,102,19228,418,0,44876,0.0010000000000047748
55569000,19,15324,124599,1609,4612,120957,115,19234,471,0,44877,0.0009979999999956135
55570000,-59,-10096,123429,-8791,-9404,129292,107,19228,438,0,44878,0.0010000000000047748
55571000,3869,1541,127410,-711,1705,127186,118,19228,438,0,44879,0.0009999999999976694
55572000,-2832,8809,128072,1274,13559,124144,129,19220,483,1,44880,0.0009999999999976694
55573000,-3392,13688,126071,-11741,16017,114895,129,19230,528,1,44881,0.0010000000000047748
55574000,3488,10659,125344,1049,-579,133689,101,19232,414,1,44882,0.0009999999999976694
55575000,10692,-4952,122071,15008,-4690,124329,113,19228,463,0,44883,0.0009999999999976694
55576000,11748,-1699,125595,4433,-135,123886,99,19230,405,0,44884,0.0010000000000047748
55577001,6272,1346,127209,-116,-921,123052,113,19230,463,0,44885,0.0010009999999951447
55578001,6355,1906,127513,6279,-2940,130120,143,19228,463,1,44886,0.0010000000000047748
55579000,-1987,241,128661,457,1059,130501,115,19230,586,1,44887,0.0009990000000001942
55580000,1541,11268,126755,779,4998,121661,115,19229,471,1,44888,0.0009999999999976694
55581000,5788,15058,125682,6657,9611,119419,96,19227,393,0,44889,0.0009999999999976694
55582000,10699,1589,125306,4444,-4865,126620,133,19233,545,0,44890,0.0010000000000047748
55583000,13315,-11727,124295,12648,-19249,133875,105,19233,430,0,44891,0.0009999999999976694
55584000,5322,-6178,129077,6525,-598,118476,109,19231,430,0,44892,0.0009999999999976694
55585000,4294,14423,130375,-8419,10592,127733,122,19225,446,1,44893,0.0010000000000047748
55586000,2670,14696,130334,1769,4946,132063,122,19234,500,1,44894,0.0009999999999976694
55587000,941,-106,129750,5245,-6604,130518,106,19233,434,1,44895,0.0009999999999976694
55588003,3616,-7548,126274,-2918,-14831,133134,114,19216,467,0,44896,0.001003000000004306
55589000,5687,-12357,130624,5398,-1326,124536,88,19216,360,0,44897,0.0009969999999981383
55590000,7186,3584,127164,14373,-4567,135593,105,19225,360,0,44898,0.0009999999999976694
55591000,2462,-2366,131435,-17779,6642,123116,130,19228,430,1,44899,0.0009999999999976694
55592000,-1947,17027,133644,-7997,14091,120436,130,19227,532,1,44900,0.0010000000000047748
55593000,-8154,7864,130495,3870,-10832,136582,113,19227,463,1,44901,0.0009999999999976694
55594002,-7155,-10498,128977,-15295,-16655,135729,96,19230,393,1,44902,0.0010019999999997253
55595000,-271,-15146,130926,-7750,-6927,133525,146,19233,598,0,44903,0.000998000000002719
55596000,1489,5288,130008,6564,7592,117646,107,19233,598,0,44904,0.0009999999999976694
55597000,-1482,9632,132539,-13416,6125,128457,113,19229,438,0,44905,0.0009999999999976694
55598000,-6290,2087,129552,-18745,-4110,134258,113,19228,463,1,44906,0.0010000000000047748
55599000,-10676,-4243,129958,-7593,4818,130234,130,19230,532,1,44907,0.0009999999999976694
55600000,-8176,14121,132079,-8012,12342,119569,110,19231,451,1,44908,0.0009999999999976694
55601000,-4416,10667,129018,-11339,-341,127512,108,19220,442,0,44909,0.0010000000000047748
55602000,-2319,-8214,123841,-6198,-15666,135201,127,19220,442,0,44910,0.0009999999999976694
55603000,-2340,-9537,127842,-5063,-2145,125994,104,19232,520,0,44911,0.0009999999999976694
55604000,-275,4117,127177,-18839,17695,119125,104,19230,426,0,44912,0.0010000000000047748
55605000,-4610,20464,129147,296,10555,120888,121,19224,496,1,44913,0.0009999999999976694
55606000,-6998,4842,127029,-8620,-7259,134428,115,19228,471,1,44914,0.0009999999999976694
55607003,-8004,9889,126319,-8894,6161,126588,102,19231,418,1,44915,0.001003000000004306
55608000,-1247,4649,124843,6922,1091,122351,140,19231,418,0,44916,0.0009969999999981383
55609002,69,-596,125442,1153,-4458,126825,105,19234,573,0,44917,0.0010019999999997253
55610000,1992,-402,123823,-10288,-702,124717,105,19229,430,0,44918,0.000998000000002719
55611000,-709,6014,125305,-156,2062,124977,106,19225,434,1,44919,0.0009999999999976694
55612000,-76,14332,126935,-5598,11236,120376,156,19228,639,1,44920,0.0009999999999976694
55613000,-1846,15806,126205,-3810,8270,125340,109,19228,446,1,44921,0.0010000000000047748
55614000,6681,5382,123711,11797,-3544,125789,99,19228,446,0,44922,0.0009999999999976694
55615000,7303,-3057,124385,625,-10108,123432,86,19223,405,0,44923,0.0009999999999976694
55616000,12624,5955,127277,2819,1589,126543,86,19231,352,0,44924,0.0010000000000047748
55617000,11090,-2611,125564,16693,-1956,121995,112,19225,459,0,44925,0.0009999999999976694
55618001,4304,2664,128791,-4379,-1243,129106,121,19224,496,1,44926,0.00100100000000225
55619000,2438,3303,129687,-777,16812,122834,110,19229,451,1,44927,0.0009990000000001942
55620000,5172,119,123919,16034,1000,129414,101,19229,414,1,44928,0.0009999999999976694
55621000,7325,546,129431,9795,3974,122632,127,19230,414,0,44929,0.0009999999999976694
55622001,8488,7657,126735,-2430,314,123860,107,19221,520,0,44930,0.00100100000000225
55623000,11976,-20822,125509,20129,-25599,140598,107,19229,438,0,44931,0.0009990000000001942
55624000,5418,-1306,131110,6153,1924,122722,105,19225,430,1,44932,0.0009999999999976694
55625000,2105,8363,130084,-15993,2841,132468,137,19232,561,1,44933,0.0010000000000047748
55626000,1759,19112,131965,8619,19810,116433,114,19232,467,1,44934,0.0009999999999976694
55627000,453,7951,128148,4819,-3458,132077,103,19231,467,1,44935,0.0009999999999976694
55628000,8972,-17374,126007,-4019,-15854,135018,131,19222,422,0,44936,0.0010000000000047748
55629000,9443,-2469,130872,16681,-1429,119306,131,19232,537,0,44937,0.0009999999999976694
55630000,7739,-5380,131181,12047,-10899,142431,103,19231,422,0,44938,0.0009999999999976694
55631002,2974,10003,133118,-22054,7018,126959,113,19215,463,1,44939,0.0010019999999997253
55632002,-4927,5685,131179,-3644,-1806,139620,117,19215,479,1,44940,0.0010000000000047748
55633000,-9935,3363,127333,4206,536,115534,100,19229,479,1,44941,0.0009979999999956135
55634000,-2731,4270,128489,-23295,-5266,139863,121,19232,410,0,44942,0.0010000000000047748
55635000,-62,-8643,129865,-501,-13199,124192,121,19220,496,0,44943,0.0009999999999976694
55636000,7611,2335,130195,5854,-175,130730,96,19231,393,0,44944,0.0009999999999976694
55637000,-5801,3158,131319,-11125,-279,132425,109,19227,446,0,44945,0.0010000000000047748
55638000,-6022,3015,128574,-16679,3118,126438,145,19227,594,1,44946,0.0009999999999976694
55639000,-11126,4434,131840,-10915,5367,138364,114,19227,594,1,44947,0.0009999999999976694
55640000,-8981,9872,128071,-12810,10733,114845,101,19229,467,1,44948,0.0010000000000047748
55641000,-2789,9016,128065,-6100,-6960,133316,101,19224,414,0,44949,0.0009999999999976694
55642000,-4917,-9156,125361,-5547,-4611,127232,169,19236,692,0,44950,0.0009999999999976694
55643000,798,3239,127420,-7123,-3963,128577,106,19230,434,0,44951,0.0010000000000047748
55644001,-1128,4219,128202,-3491,1998,130910,112,19221,459,1,44952,0.0010009999999951447
55645000,-6933,15524,128030,-14491,13898,113096,123,19221,459,1,44953,0.0009990000000001942
55646000,-7414,16596,128678,-12583,-3544,133809,108,19228,504,1,44954,0.0010000000000047748
55647000,-3029,3983,127404,4754,-2530,121291,108,19230,442,1,44955,0.0009999999999976694
55648007,2716,-5357,123157,-873,-8346,132223,115,19227,471,0,44956,0.0010070000000013124
55649002,824,-6380,125589,-7754,1027,119198,96,19229,393,0,44957,0.0009949999999960824
55650000,1861,10728,126851,-6810,5735,122801,110,19232,451,0,44958,0.000998000000002719
55651000,-992,1476,125963,7068,4502,133532,134,19232,451,1,44959,0.0009999999999976694
55652000,-4015,8970,125285,-8518,12826,116607,113,19220,549,1,44960,0.0010000000000047748
55653000,-1894,10318,125724,-3658,3644,127589,113,19231,463,1,44961,0.0009999999999976694
55654003,4540,5454,122484,12909,4026,121257,97,19229,397,0,44962,0.0010029999999972006
55655000,7433,2639,123963,1314,-19496,128149,127,19230,520,0,44963,0.0009969999999981383
55656000,8913,-105,126617,4021,-7411,124682,121,19227,496,0,44964,0.0010000000000047748
55657003,3700,1364,125255,6792,227,123869,118,19227,496,0,44965,0.0010029999999972006
55658000,5194,4689,128153,1206,-255,128491,133,19225,483,1,44966,0.0009969999999981383
55659000,1048,10132,128323,-4784,7998,121244,133,19227,545,1,44967,0.0010000000000047748
55660001,8150,6256,124697,6650,-799,129355,106,19232,434,1,44968,0.0010009999999951447
55661000,10357,2141,128812,11541,6115,116507,105,19221,430,0,44969,0.0009990000000001942
55662000,9919,3437,126554,151,-20494,134071,93,19232,381,0,44970,0.0010000000000047748
55663000,9988,-6938,126933,17055,-7511,128548,102,19232,381,0,44971,0.0009999999999976694
55664000,1286,-3271,127858,-3548,-2876,125946,119,19235,418,1,44972,0.0009999999999976694
55665000,5235,4088,131078,-7924,4923,131239,119,19223,487,1,44973,0.0010000000000047748
55666000,-873,14579,131466,9821,16546,118243,113,19229,463,1,44974,0.0009999999999976694
55667000,1448,-289,128568,-8149,-4823,135690,101,19229,414,1,44975,0.0009999999999976694
55668000,6996,-10561,127491,2595,-14760,128514,144,19228,590,0,44976,0.0010000000000047748
55669002,5794,-8195,129365,19649,-6448,128036,103,19228,422,0,44977,0.0010019999999997253
55670002,7612,-754,130277,-8364,1263,129969,105,19229,422,0,44978,0.0009999999999976694
55671000,-1517,13585,132431,-11896,6872,122661,142,19227,430,1,44979,0.000998000000002719
55672000,-2834,-705,132608,3273,-8249,139651,142,19229,582,1,44980,0.0009999999999976694
55673000,-11458,846,130547,-8664,232,124474,110,19230,451,1,44981,0.0009999999999976694
55674000,-867,-5430,131317,-18357,-11815,132370,102,19223,418,0,44982,0.0010000000000047748
55675000,1077,9618,129813,3635,8939,123859,101,19223,414,0,44983,0.0009999999999976694
55676000,3371,537,128432,-5395,-4924,129390,109,19232,414,0,44984,0.0009999999999976694
55677000,-3539,-296,131537,-12738,1961,129614,127,19226,446,0,44985,0.0010000000000047748
55678000,-6449,3612,131997,-13275,4628,126696,127,19221,520,1,44986,0.0009999999999976694
55679000,-7161,10497,130282,-9358,9533,127524,115,19227,471,1,44987,0.0009999999999976694
55680000,-7822,8024,129314,-12655,3157,128560,101,19231,414,1,44988,0.0010000000000047748
55681000,-84,128,125831,-7488,-3296,129077,131,19231,537,0,44989,0.0009999999999976694
55682000,-6642,-2333,126979,-6100,-912,124106,110,19226,537,0,44990,0.0009999999999976694
55683000,-971,-654,126798,-7988,3181,127658,112,19228,451,0,44991,0.0010000000000047748
55684001,-3721,4162,128303,-8174,1241,126881,112,19225,459,1,44992,0.0010009999999951447
55685000,-5386,5640,127121,-12741,8634,118935,148,19225,606,1,44993,0.0009990000000001942
55686000,-4678,7453,127676,-6741,10682,127348,116,19232,475,1,44994,0.0010000000000047748
55687000,-4072,6151,123440,-1443,-5162,124416,103,19227,422,0,44995,0.0009999999999976694
55688000,-1828,1920,127105,-14474,-764,127034,106,19227,422,0,44996,0.0009999999999976694
55689000,3999,173,124047,3441,1108,127601,109,19228,434,0,44997,0.0010000000000047748
55690000,4988,5537,126895,6040,722,120395,109,19229,446,0,44998,0.0009999999999976694
55691000,-802,6435,125500,-10027,-2176,130268,118,19219,483,1,44999,0.0009999999999976694
55692000,-2906,719,126917,-2898,12442,120265,120,19228,491,1,45000,0.0010000000000047748
55693000,2246,16375,125791,7102,6070,127083,99,19230,405,1,45001,0.0009999999999976694
55694000,6132,2670,123766,5058,2998,119032,117,19230,405,0,45002,0.0009999999999976694
55695000,5542,4729,122269,2064,-3488,124979,102,19230,479,0,45003,0.0010000000000047748
55696001,7754,-8966,124313,9156,-11853,130757,102,19227,418,0,45004,0.0010009999999951447
55697002,6772,69,126754,11432,1130,122727,111,19227,455,1,45005,0.00100100000000225
55698000,3859,1361,127744,-10926,7862,124565,146,19226,598,1,45006,0.000998000000002719
55699000,4289,11984,128701,3716,6513,119738,114,19228,467,1,45007,0.0009999999999976694
55700000,7531,7430,125486,16250,-12868,132329,96,19228,467,1,45008,0.0009999999999976694
55701000,8858,-5574,126502,454,1844,125869,128,19226,393,0,45009,0.0010000000000047748
55702000,9085,6077,127669,7819,-4455,125247,128,19233,524,0,45010,0.0009999999999976694
55703000,9265,-8713,129429,12432,-9854,134111,107,19228,438,0,45011,0.0009999999999976694
55704000,6214,-3056,130524,-5043,-3545,127294,110,19224,451,1,45012,0.0010000000000047748
55705000,400,6156,131606,31,5250,130973,117,19226,479,1,45013,0.0009999999999976694
55706000,21,11703,128627,5854,10432,119605,104,19226,479,1,45014,0.0009999999999976694
55707000,3169,7279,126946,-1297,-5437,130250,115,19229,426,0,45015,0.0010000000000047748
55708000,10001,-10422,128714,103,-15705,131337,115,19219,471,0,45016,0.0009999999999976694
55709000,12530,-4433,130137,20004,-11001,129696,93,19233,381,0,45017,0.0009999999999976694
55710000,1993,-1864,131930,-11056,552,129755,107,19224,438,0,45018,0.0010000000000047748
55711000,1877,10165,131493,-19035,4268,118813,134,19221,549,1,45019,0.0009999999999976694
55712000,-6103,6084,132190,4416,-3266,139219,112,19221,459,1,45020,0.0009999999999976694
55713000,-2036,-117,129856,-898,938,127917,96,19230,459,1,45021,0.0010000000000047748
55714000,-4609,-5463,128122,-14360,-10277,129584,147,19226,393,0,45022,0.0009999999999976694
55715000,-276,-1183,131187,-6091,-850,125304,147,19230,602,0,45023,0.0009999999999976694
55716000,1476,5918,128631,6683,-791,125945,116,19229,475,0,45024,0.0009999999999976694
55717000,-4813,-4867,131172,-15612,-6337,136693,117,19224,479,1,45025,0.0010000000000047748
55718000,-7615,6805,130893,-17769,2465,126791,134,19224,549,1,45026,0.0009999999999976694
55719000,-11292,8847,130090,-7880,4664,128892,111,19228,549,1,45027,0.0009999999999976694
55720000,-2721,10846,130102,-6170,8211,126518,113,19231,455,1,45028,0.0010000000000047748
55721000,-3375,722,123592,-2419,-9541,127501,113,19224,463,0,45029,0.0009999999999976694
55722000,-4585,-3322,127442,-14122,2348,128436,114,19233,467,0,45030,0.0009999999999976694
55723000,2105,7576,128671,309,6773,123479,101,19233,414,0,45031,0.0010000000000047748
55724000,-3230,2090,129467,-2240,2789,130434,125,19233,512,1,45032,0.0009999999999976694
55725000,-5159,10940,127796,-16607,6478,126431,115,19222,512,1,45033,0.0009999999999976694
55726001,-9667,2116,125946,-11692,-3628,129227,101,19230,471,1,45034,0.00100100000000225
55727000,2420,8713,124902,4099,5817,117575,101,19230,414,0,45035,0.0009990000000001942
55728000,-1181,4414,122134,1476,-5678,129916,134,19236,549,0,45036,0.0009999999999976694
55729000,1329,-6291,124057,-10650,-9812,127522,105,19225,430,0,45037,0.0010000000000047748
55730000,-1796,3293,126282,-4606,4489,125210,106,19222,434,0,45038,0.0009999999999976694
55731000,-2504,9464,127210,-1300,14002,119165,153,19222,434,1,45039,0.0009999999999976694
55732000,-4333,15651,126156,-5014,6830,124575,105,19230,627,1,45040,0.0010000000000047748
55733000,513,1847,122914,-1036,-1646,134872,105,19233,430,1,45041,0.0009999999999976694
55734001,6158,-3508,121545,5751,2693,113339,102,19219,418,0,45042,0.00100100000000225
55735000,7988,7022,126289,4742,1522,123843,84,19228,344,0,45043,0.0009990000000001942
55736002,9625,-4794,127344,13335,203,129691,111,19229,455,0,45044,0.0010019999999997253
55737000,4114,-5115,124008,-3589,-11972,136310,125,19229,455,1,45045,0.0009979999999956135
55738000,1675,-1980,131244,245,8082,125962,112,19223,512,1,45046,0.0010000000000047748
55739022,2506,18969,126445,10825,15927,114812,112,19234,459,1,45047,0.0010219999999989682
55740002,6651,5786,126348,4476,-5539,130841,95,19232,389,1,45048,0.0009799999999984266
55741001,10777,-2317,129498,427,-2818,125812,132,19229,541,0,45049,0.0009990000000001942
55742002,9973,-5945,124597,14665,-20001,136950,100,19230,410,0,45050,0.00100100000000225
55743001,6807,-10722,130750,6173,-530,122564,102,19230,410,0,45051,0.0009990000000001942
55744000,2894,9905,129918,-13012,1989,124968,133,19225,418,1,45052,0.0009990000000001942
55745001,-1240,4694,132720,3059,19334,137288,133,19230,545,1,45053,0.0010009999999951447
55746000,2763,5808,126900,3207,2423,122749,112,19233,459,1,45054,0.0009990000000001942
55747000,3700,250,130810,735,-8412,130620,104,19221,426,0,45055,0.0010000000000047748
55748003,6552,-10040,127967,12617,-8093,122249,128,19233,524,0,45056,0.0010029999999972006
55749000,8029,-14134,126927,8203,-23273,145619,106,19233,524,0,45057,0.0009969999999981383
55750000,4032,-5828,134068,-13951,7971,121260,114,19228,434,0,45058,0.0010000000000047748
55751000,-735,22394,131573,-8219,14909,121396,114,19219,467,1,45059,0.0009999999999976694
55752000,-7139,9996,131167,3825,2265,129401,108,19231,442,1,45060,0.0009999999999976694
55753000,-5535,-6213,128048,-16100,-21162,135651,99,19232,405,1,45061,0.0010000000000047748
55754000,985,-18287,129281,-3315,-9840,137057,126,19224,516,0,45062,0.0009999999999976694
55755001,-1181,3583,131115,4070,9462,113273,103,19224,516,0,45063,0.00100100000000225
55756000,767,16370,132461,-11668,-8071,130424,109,19228,422,0,45064,0.0009990000000001942
55757000,-5812,2529,128705,-7785,-8789,135906,109,19226,446,1,45065,0.0009999999999976694
55758000,-11690,-3487,127665,-16642,2225,128180,148,19227,606,1,45066,0.0009999999999976694
55759000,-8463,11740,133388,-8092,11963,125782,115,19230,471,1,45067,0.0010000000000047748
55760006,-2952,12031,129344,-4995,13552,119042,104,19224,426,1,45068,0.0010059999999967317
55761005,-1377,-9071,125624,-13229,-16640,137851,174,19224,713,0,45069,0.0009990000000001942
55762000,-4535,-8865,127798,-2659,-7700,126612,105,19232,713,0,45070,0.0009950000000031878
55763000,-990,11049,127169,-8378,3824,121040,113,19231,430,0,45071,0.0009999999999976694
55764000,-983,9763,127467,-4452,8402,124470,113,19223,463,1,45072,0.0009999999999976694
55765000,-8361,12867,127326,-9505,4551,126584,117,19229,479,1,45073,0.0010000000000047748
55766000,-4466,3958,126805,-15926,-921,129506,107,19228,438,1,45074,0.0009999999999976694
55767001,-3328,5165,127541,892,2950,120121,122,19228,500,0,45075,0.00100100000000225
55768000,1397,1828,124277,-5351,-5685,128887,106,19228,500,0,45076,0.0009990000000001942
55769000,1518,5037,123624,2199,4851,120015,109,19227,434,0,45077,0.0009999999999976694
55770000,-440,5749,124596,-14689,1833,126717,109,19228,446,0,45078,0.0009999999999976694
55771000,1912,5067,127048,5060,5857,125390,138,19225,565,1,45079,0.0010000000000047748
55772000,-3009,23540,124685,2121,14798,121462,115,19229,471,1,45080,0.0009999999999976694
55773000,4605,6554,124002,-9466,1913,128129,97,19227,397,1,45081,0.0009999999999976694
55774000,7375,-633,122300,6181,-4414,126902,117,19227,397,0,45082,0.0010000000000047748
55775000,12869,-3110,125035,13304,-5969,122545,110,19233,479,0,45083,0.0009999999999976694
55776000,6813,3314,126815,4292,-319,126032,110,19229,451,0,45084,0.0009999999999976694
55777001,3291,-3830,126411,5087,-5436,130683,113,19222,463,1,45085,0.00100100000000225
55778001,889,-184,127761,-2696,9478,121772,122,19227,500,1,45086,0.0009999999999976694
55779000,5045,14940,128413,-3301,7932,123486,105,19230,430,1,45087,0.0009990000000001942
55780001,7608,1867,123023,19035,11246,119575,108,19230,430,0,45088,0.00100100000000225
55781002,10508,7845,125314,-8366,-13839,130377,86,19223,442,0,45089,0.00100100000000225
55782000,11381,-8579,127288,18358,-22186,140283,86,19232,352,0,45090,0.0009979999999956135
55783000,6852,-8413,128131,5810,440,125341,105,19230,430,0,45091,0.0009999999999976694
55784000,2343,14984,132487,-11356,6685,124631,127,19227,520,1,45092,0.0010000000000047748
55785000,-1504,15063,131066,6852,4531,127049,113,19225,463,1,45093,0.0009999999999976694
55786000,1368,1150,126061,141,-12011,134017,97,19225,463,1,45094,0.0009999999999976694
55787000,9358,-5859,129985,2324,-4864,125008,147,19226,397,0,45095,0.0010000000000047748
55788001,9811,959,130122,12830,-997,123915,147,19229,602,0,45096,0.0010009999999951447
55789000,6861,-3027,128460,5301,-10192,135353,105,19229,430,0,45097,0.0009990000000001942
55790000,872,-3736,132576,-20260,-1806,128496,109,19226,446,1,45098,0.0010000000000047748
55791000,-204,3454,133276,-3195,520,135550,143,19226,586,1,45099,0.0009999999999976694
55792001,-9771,570,127819,5781,13818,117931,106,19226,586,1,45100,0.00100100000000225
55793000,-3816,8735,130599,-23152,-4975,129911,105,19233,434,1,45101,0.0009990000000001942
55794000,1003,-14704,127356,-1635,-20042,139151,105,19220,430,0,45102,0.0009999999999976694
55795000,1841,-4602,131602,11186,3744,126863,94,19229,385,0,45103,0.0009999999999976694
55796000,-2811,8663,131103,-18022,4358,126532,110,19227,451,0,45104,0.0010000000000047748
55797000,-8991,4507,132986,-18236,3089,129165,129,19220,528,1,45105,0.0009999999999976694
55798000,-8179,673,129509,-4054,-5671,137849,113,19220,528,1,45106,0.0009999999999976694
55799000,-9061,1467,129917,-7807,10135,119469,97,19230,463,1,45107,0.0010000000000047748
55800000,-2883,15615,129863,-13098,11063,119493,97,19232,397,0,45108,0.0009999999999976694
55801000,-2398,-1941,124154,-8686,-9218,131632,136,19222,557,0,45109,0.0009999999999976694
55802000,2143,-6285,129311,-2739,-4897,126841,103,19230,422,0,45110,0.0010000000000047748
55803000,-1609,-129,127974,-7636,-8205,131135,107,19221,438,0,45111,0.0009999999999976694
55804000,-8129,9525,128840,-12474,15173,114170,145,19221,594,1,45112,0.0009999999999976694
55805003,-6361,16424,128663,-14472,8208,126454,115,19225,594,1,45113,0.001003000000004306
55806000,-5499,1931,124774,-1453,-337,130917,101,19228,471,1,45114,0.0009969999999981383
55807000,1707,6709,124026,2584,6194,120002,101,19226,414,0,45115,0.0009999999999976694
55808001,-3982,-367,125810,-10088,7656,125009,90,19231,369,0,45116,0.00100100000000225
55809000,3721,484,125174,-886,-1851,124435,112,19227,459,0,45117,0.0009990000000001942
55810000,2550,-2764,127328,7568,-5377,135407,121,19227,496,1,45118,0.0009999999999976694
55811000,-3461,5548,125003,-9647,8587,121065,117,19216,496,1,45119,0.0010000000000047748
55812000,-1808,19232,125480,-8452,10799,118172,97,19227,479,1,45120,0.0009999999999976694
55813000,4294,10876,123861,7256,3248,125955,97,19231,397,0,45121,0.0009999999999976694
55814000,10650,3820,122898,4931,-3700,124388,121,19231,496,0,45122,0.0010000000000047748
55815000,8766,-5344,124458,10202,-11810,126574,102,19232,418,0,45123,0.0009999999999976694
55816000,4461,4455,128161,-2484,3562,121086,110,19232,451,0,45124,0.0009999999999976694
55817000,8756,214,127019,6030,3782,130494,151,19228,451,1,45125,0.0010000000000047748
55818000,1660,5117,130826,3471,10359,126322,111,19232,618,1,45126,0.0009999999999976694
55819002,8019,12990,125024,9,6805,121705,111,19232,455,1,45127,0.0010019999999997253
55820000,7834,-1078,126833,8581,-3544,123142,97,19224,397,0,45128,0.000998000000002719
55821000,14030,4147,125765,11723,-1760,134996,120,19234,491,0,45129,0.0009999999999976694
55822000,9620,-17396,126142,9213,-25007,130595,103,19233,422,0,45130,0.0009999999999976694
55823000,4586,-3901,130756,-500,-831,124599,110,19233,422,1,45131,0.0010000000000047748
55824000,2030,18564,131347,-193,9028,126798,106,19222,451,1,45132,0.0009999999999976694
55825000,492,12154,129111,3090,2443,124120,106,19231,434,1,45133,0.0009999999999976694
55826002,3575,7005,127585,1830,-10846,129371,104,19228,426,1,45134,0.0010019999999997253
55827002,8918,-18551,125253,-1541,-9768,135365,121,19220,496,0,45135,0.0010000000000047748
55828002,10719,-2935,131707,26700,-303,116937,104,19229,426,0,45136,0.0009999999999976694
55829000,4300,4003,129768,-12569,-13162,137690,107,19229,426,0,45137,0.000998000000002719
55830000,-1212,-6871,133088,-16800,12081,123950,140,19230,438,1,45138,0.0009999999999976694
55831000,-4297,14743,132487,6217,-4904,134048,140,19229,573,1,45139,0.0009999999999976694
55832000,-4637,-3919,129303,-1240,-1152,131048,113,19230,463,1,45140,0.0010000000000047748
55833000,-6493,4617,129106,-20066,-6776,125328,95,19228,389,0,45141,0.0009999999999976694
55834000,2731,-10407,130026,1279,-4540,130870,126,19231,516,0,45142,0.0009999999999976694
55835000,1111,124,131313,7121,8093,124911,106,19231,516,0,45143,0.0010000000000047748
55836002,-2920,2067,131987,-22088,1988,132309,114,19228,434,0,45144,0.0010019999999997253
55837000,-10314,2770,131252,-13069,1964,130444,114,19225,467,1,45145,0.0009979999999956135
55838000,-8962,1275,129642,-5664,3828,128992,121,19229,496,1,45146,0.0010000000000047748
55839002,-9236,7732,132770,-12565,8937,132619,107,19232,438,1,45147,0.0010019999999997253
55840000,-741,1294,125045,-7148,-4909,124371,113,19216,463,0,45148,0.0009979999999956135
55841000,-3606,-3875,127444,-449,-2167,129198,92,19216,463,0,45149,0.0009999999999976694
55842000,-4719,-759,124607,-6931,-557,125603,105,19232,377,0,45150,0.0010000000000047748
55843000,-3333,275,128735,-13433,7986,122712,105,19228,430,1,45151,0.0009999999999976694
55844000,-8798,14821,129153,-5955,3728,129683,131,19224,537,1,45152,0.0009999999999976694
55845000,-6250,4925,124069,-6612,-2171,122073,114,19230,467,1,45153,0.0010000000000047748
55846001,-6458,8086,127596,-12349,2026,127878,101,19227,414,1,45154,0.0010009999999951447
55847000,1792,1775,122266,1509,-7156,124642,135,19227,414,0,45155,0.0009990000000001942
55848000,2815,2296,126254,5518,1529,123114,107,19232,553,0,45156,0.0010000000000047748
55849000,-263,-342,126017,-11865,-3230,129056,111,19228,438,0,45157,0.0009999999999976694
55850002,-717,6330,127025,-4403,6230,118706,111,19221,455,1,45158,0.0010019999999997253
55851000,-3755,11831,127328,-937,3376,133757,141,19231,577,1,45159,0.000998000000002719
55852002,1737,7182,125801,-3119,8160,119452,105,19234,430,1,45160,0.0010019999999997253
55853004,7258,7337,124860,10908,4241,127311,106,19234,434,0,45161,0.0010019999999997253
55854000,6639,-7932,121209,178,-1703,119015,92,19224,434,0,45162,0.000996000000000663
55855000,11087,-2676,127651,1866,-2903,126849,115,19228,377,0,45163,0.0009999999999976694
55856001,4924,-3347,126958,16656,-5119,129874,115,19226,471,0,45164,0.00100100000000225
55857000,3477,9257,128439,-4354,5072,115756,129,19222,528,1,45165,0.0009990000000001942
55858000,1309,5820,127815,-4605,-3576,136376,113,19231,463,1,45166,0.0009999999999976694
55859000,8043,2560,122578,14655,1050,124856,96,19231,393,1,45167,0.0009999999999976694
55860001,10330,5841,128932,3612,2814,121527,144,19232,393,0,45168,0.00100100000000225
55861003,5950,4808,126754,290,-3198,126081,114,19228,590,0,45169,0.0010019999999997253
55862001,8275,-15244,127547,13079,-14319,130711,114,19227,467,0,45170,0.000998000000002719
55863000,4593,-5293,129120,4012,-6363,132894,108,19225,442,1,45171,0.0009990000000001942
55864002,1111,10773,132357,-9324,8083,123452,130,19232,532,1,45172,0.0010019999999997253
55865000,2755,16110,130704,7982,12413,124528,110,19228,451,1,45173,0.0009979999999956135
55866000,1529,2734,128096,4820,-2690,133905,109,19228,451,1,45174,0.0010000000000047748
55867003,9595,-16501,128140,-10037,-20079,131108,127,19220,446,0,45175,0.0010029999999972006
55868002,8301,-448,131682,16783,-4193,128257,127,19228,520,0,45176,0.0009990000000001942
55869001,5047,3419,129472,12823,-3340,127629,113,19227,463,0,45177,0.0009990000000001942
55870000,-27,2357,134510,-30622,4810,129979,118,19219,483,1,45178,0.0009990000000001942
55871000,-4743,9300,130950,1199,995,131697,108,19230,442,1,45179,0.0009999999999976694
55872000,-6904,-1176,128602,12546,-2835,127545,99,19230,442,1,45180,0.0010000000000047748
55873000,-4350,-1842,131256,-27748,-13524,131920,133,19231,405,0,45181,0.0009999999999976694
55874001,-3097,-15120,130218,-5370,3199,127607,133,19235,545,0,45182,0.00100100000000225
55875000,4850,5585,128938,-3753,-1903,125498,101,19230,414,0,45183,0.0009990000000001942
55876000,-4808,4820,133975,-23536,-4734,132734,105,19229,430,0,45184,0.0009999999999976694
55877000,-6065,758,128346,-9294,943,129321,146,19230,598,1,45185,0.0009999999999976694
55878000,-8991,13172,128902,-5999,3354,126239,111,19230,598,1,45186,0.0010000000000047748
55879000,-7541,13109,130833,-11082,4464,126009,101,19231,455,1,45187,0.0009999999999976694
55880000,-3985,6857,123749,-6443,-12726,128894,101,19228,414,0,45188,0.0009999999999976694
55881000,-3005,-10974,128367,-1916,-1486,128345,153,19231,627,0,45189,0.0010000000000047748
55882000,-219,5049,128435,-8154,4233,124622,102,19229,418,0,45190,0.0009999999999976694
55883000,-3262,700,126691,-3136,5666,125631,115,19221,471,1,45191,0.0009999999999976694
55884000,-6292,10515,127847,-12966,8788,123980,111,19221,471,1,45192,0.0010000000000047748
55885001,-7627,4682,127954,-11370,131,128493,105,19231,455,1,45193,0.0010009999999951447
55886000,-1851,3808,125670,9369,10510,121841,105,19230,430,0,45194,0.0009990000000001942
55887000,592,-1648,123325,-7828,-10016,128340,124,19229,508,0,45195,0.0010000000000047748
55888000,1202,-10482,124729,-4614,-7516,126311,99,19230,405,0,45196,0.0009999999999976694
55889000,1944,13017,126512,703,8232,121128,108,19225,442,0,45197,0.0009999999999976694
55890000,-1497,9612,124979,-234,8300,121798,146,19225,442,1,45198,0.0010000000000047748
55891000,-2424,11767,127773,-9070,9147,127276,111,19226,598,1,45199,0.0009999999999976694
55892000,-271,3233,124027,-1290,-190,123771,111,19232,455,1,45200,0.0009999999999976694
55893002,8805,5985,125901,13737,219,123256,96,19224,393,0,45201,0.0010019999999997253
55894001,7919,1274,124505,4451,-3969,124419,109,19230,446,0,45202,0.0009990000000001942
55895000,8272,-3813,124772,1316,-5911,126277,110,19227,451,0,45203,0.0009990000000001942
55896000,5816,-4968,127192,10492,-6980,132752,117,19227,479,1,45204,0.0010000000000047748
55897000,1231,2652,128325,-4342,267,121755,109,19223,479,1,45205,0.0009999999999976694
55898000,5671,26255,126468,1337,18149,113145,102,19229,446,1,45206,0.0009999999999976694
55899002,7053,5766,123353,10984,-2651,128581,102,19235,418,1,45207,0.0010019999999997253
55900000,13819,-7624,125511,3198,-9350,128653,114,19223,467,0,45208,0.000998000000002719
55901000,9396,-4233,130902,11024,-1194,129368,93,19232,381,0,45209,0.0009999999999976694
55902000,7955,-11802,129994,7153,-6591,130061,104,19232,426,0,45210,0.0009999999999976694
55903000,4439,4122,131926,-6339,-2473,129926,134,19229,426,1,45211,0.0010000000000047748
55904000,-2043,4401,128107,1843,3682,129039,112,19224,549,1,45212,0.0009999999999976694
55905000,2362,9203,128393,3141,9693,123102,112,19225,459,1,45213,0.0009999999999976694
55906000,3235,4150,127711,205,-7606,128733,101,19225,414,0,45214,0.0010000000000047748
55907001,11079,-11061,127425,6349,-19919,127494,148,19232,606,0,45215,0.0010009999999951447
55908000,8033,3288,129630,9556,-782,129863,105,19232,430,0,45216,0.0009990000000001942
55909000,-478,-5200,131662,-5509,-9559,132498,111,19229,430,0,45217,0.0010000000000047748
55910000,1692,15094,134885,-17556,12849,121053,133,19224,455,1,45218,0.0009999999999976694
55911000,-7192,1466,129947,6505,-5746,136648,133,19234,545,1,45219,0.0009999999999976694
55912000,-3734,-704,130333,-4543,-1224,126056,105,19228,430,1,45220,0.0010000000000047748
55913000,2754,3129,130513,-20621,-3683,134432,110,19218,451,0,45221,0.0009999999999976694
55914000,-1098,-5707,128001,8370,-8788,122150,93,19228,381,0,45222,0.0009999999999976694
55915002,3444,7569,130022,-1702,4526,133116,112,19228,381,0,45223,0.0010019999999997253
55916000,-9021,350,129241,-21209,-7901,128909,135,19228,459,1,45224,0.000998000000002719
55917000,-5619,1907,131812,-10041,3513,129593,135,19223,553,1,45225,0.0009999999999976694
55918000,-7646,10713,129652,-6969,4696,127057,119,19233,487,1,45226,0.0010000000000047748
55919000,-5625,9712,129536,-12593,2325,121083,101,19231,414,1,45227,0.0009999999999976694
55920000,-1941,687,125099,-10233,-13193,137704,147,19225,602,0,45228,0.0009999999999976694
55921001,-3518,-13980,126347,3131,2723,123478,103,19225,602,0,45229,0.00100100000000225
55922000,-1298,13086,127681,-15750,1023,122848,104,19232,422,0,45230,0.0009990000000001942
55923001,-8021,4550,128353,-6314,1590,126145,104,19227,426,1,45231,0.00100100000000225
55924000,-4814,11972,126504,-9271,6245,125333,134,19228,549,1,45232,0.0009990000000001942
55925000,-4245,4938,125727,-8043,-3001,128428,112,19234,459,1,45233,0.0009999999999976694
55926000,-2166,2936,123972,-2571,8309,118380,108,19219,442,0,45234,0.0009999999999976694
55927000,1054,9074,125625,-9228,2152,122559,84,19219,442,0,45235,0.0010000000000047748
55928000,1612,2098,126078,5025,-3384,126896,108,19228,344,0,45236,0.0009999999999976694
55929001,5011,-1364,125884,-168,-8004,132012,108,19230,442,0,45237,0.00100100000000225
55930000,-3257,-4272,125934,-9827,6385,122711,123,19223,504,1,45238,0.0009990000000001942
55931000,-2814,20262,128316,-4724,18693,116642,113,19232,463,1,45239,0.0009999999999976694
55932000,4136,12599,122722,7609,-2356,129468,96,19230,393,1,45240,0.0009999999999976694
55933001,6601,-4400,123555,-2928,-1867,126357,133,19230,393,0,45241,0.00100100000000225
55934000,8960,2977,123056,5512,-3022,116085,106,19236,545,0,45242,0.0009990000000001942
55935001,4789,-5188,126987,13166,-4334,128703,106,19226,434,0,45243,0.00100100000000225
55936000,5627,-1655,127350,5170,-1546,129927,111,19225,455,1,45244,0.0009990000000001942
55937000,349,211,128359,-7496,6256,123257,139,19228,569,1,45245,0.0009999999999976694
55938000,4124,14789,129247,11362,10854,124076,109,19232,446,1,45246,0.0009999999999976694
55939000,7613,3193,124605,10380,-4558,124915,98,19232,401,1,45247,0.0010000000000047748
55940000,8396,-4061,127368,-3815,-4902,127911,117,19223,401,0,45248,0.0009999999999976694
55941000,12305,-3347,127061,15245,-10656,130542,105,19230,479,0,45249,0.0009999999999976694
55942001,7241,-5204,129692,6797,-3429,128267,105,19228,430,0,45250,0.00100100000000225
55943000,5390,7683,132937,-6749,7636,126628,114,19224,467,1,45251,0.0009990000000001942
55944000,-1987,5923,129129,465,1430,127637,110,19232,451,1,45252,0.0009999999999976694
55945001,1223,11391,129802,4915,4243,128682,99,19232,405,1,45253,0.00100100000000225
55946001,6522,-1776,126145,-804,-5445,126319,130,19230,405,0,45254,0.0009999999999976694
55947002,7530,-9992,130946,3205,-8630,132867,100,19222,532,0,45255,0.00100100000000225
55948000,9579,-6612,128992,23588,-4061,128658,100,19228,410,0,45256,0.000998000000002719
55949005,-2270,-15185,132376,-16135,-7188,133728,105,19228,430,0,45257,0.0010049999999992565
55950001,-1515,16483,134511,-14523,16477,119635,145,19226,594,1,45258,0.000996000000000663
55951002,-6068,8273,129779,7424,-1260,130924,109,19226,446,1,45259,0.0010009999999951447
55952000,-2942,-2771,128492,-7186,-6466,134592,98,19228,446,1,45260,0.000998000000002719
55953000,-2128,-9296,127633,-16619,-13956,132730,125,19228,401,0,45261,0.0009999999999976694
55954000,1150,-4040,130734,1732,-3620,125469,125,19228,512,0,45262,0.0010000000000047748
55955000,-739,14111,131924,4214,11440,121365,120,19230,491,0,45263,0.0009999999999976694
55956000,-7182,-1195,129770,-23935,-6194,130992,123,19219,504,1,45264,0.0009999999999976694
55957002,-9279,3134,129834,-11751,2199,132782,110,19228,451,1,45265,0.0010019999999997253
55958000,-9546,6037,128295,-5899,2504,126946,105,19228,451,1,45266,0.000998000000002719
55959000,-3152,14754,129863,-8924,11421,122014,121,19230,430,1,45267,0.0009999999999976694
55960000,-2253,1609,124211,-7019,-5647,132849,121,19220,496,0,45268,0.0010000000000047748
55961000,-1117,-14123,127317,-7238,-13642,129871,92,19231,377,0,45269,0.0009999999999976694
55962000,-3159,6153,127935,-2078,3087,117250,103,19227,422,0,45270,0.0009999999999976694
55963001,-4855,13479,129745,-8450,9416,128051,136,19228,557,1,45271,0.00100100000000225
55964000,-7633,7881,126725,-11880,1540,130049,114,19228,557,1,45272,0.0009990000000001942
55965000,-5167,35,127764,-6667,2115,128151,101,19230,467,1,45273,0.0009999999999976694
55966000,2111,5889,125287,-549,5054,117633,101,19223,414,0,45274,0.0009999999999976694
55967000,-1015,4075,125963,-1070,-6236,127059,123,19233,504,0,45275,0.0010000000000047748
55968000,419,-7960,126823,-4238,-6329,134933,111,19229,455,0,45276,0.0009999999999976694
55969000,-634,-844,126155,-6298,6497,117489,113,19220,463,0,45277,0.0009999999999976694
55970000,-1708,15972,130171,-1566,22834,127349,139,19220,463,1,45278,0.0010000000000047748
55971000,-3490,14091,120919,2192,-310,124785,104,19230,569,1,45279,0.0009999999999976694
55972000,2004,12734,123499,-3549,-2102,128593,104,19232,426,1,45280,0.0009999999999976694
55973000,10207,5946,122669,12762,-4947,123839,111,19226,455,0,45281,0.0010000000000047748
55974000,10104,3448,125061,13432,-2550,120225,93,19230,381,0,45282,0.0009999999999976694
55975000,9363,-6372,127093,-650,-15293,135355,110,19225,451,0,45283,0.0009999999999976694
55976002,1740,-5597,128202,1004,112,125640,134,19225,451,1,45284,0.0010019999999997253
55977002,2876,9367,128048,5000,12151,124473,113,19228,549,1,45285,0.0010000000000047748
55978000,2521,12929,126398,5807,12267,119456,113,19231,463,1,45286,0.0009979999999956135
55979000,7878,4016,126160,-3145,-3473,129264,96,19230,393,0,45287,0.0010000000000047748
55980000,12532,-8748,127965,17639,-4960,128668,146,19235,598,0,45288,0.0009999999999976694
55981000,11234,-8906,127724,17407,-10296,126575,105,19230,430,0,45289,0.0009999999999976694
55982000,5474,-9730,130431,-7323,-5304,130660,108,19230,430,0,45290,0.0010000000000047748
55983000,1810,7918,130963,-4269,10466,125748,128,19224,442,1,45291,0.0009999999999976694
55984000,-240,14795,130740,6519,5464,131042,128,19228,524,1,45292,0.0009999999999976694
55985000,-1425,8918,128868,-6062,-1612,125075,109,19233,446,1,45293,0.0010000000000047748
55986000,7491,-4495,127077,2464,-11023,126059,108,19225,442,0,45294,0.0009999999999976694
55987000,10105,-13821,129950,21404,-10410,135234,109,19231,446,0,45295,0.0009999999999976694
55988000,8092,-5124,129553,2062,-4449,128169,105,19231,430,0,45296,0.0010000000000047748
55989000,933,3542,133686,-21020,7765,128236,124,19227,430,1,45297,0.0009999999999976694
55990000,-4544,11903,133148,1919,4798,125281,113,19222,508,1,45298,0.0009999999999976694
55991003,-10961,4003,130074,-3919,-11882,135243,113,19231,463,1,45299,0.001003000000004306
55992001,-2407,-121,129304,-18986,-2401,126440,94,19227,385,1,45300,0.0009979999999956135
55993000,-2062,-7682,127347,-44,-9974,131805,140,19231,573,0,45301,0.0009990000000001942
55994000,8190,-34,132011,4097,-1672,126133,107,19231,438,0,45302,0.0010000000000047748
55995002,-4170,7999,131447,-10051,6042,124459,114,19228,438,0,45303,0.0010019999999997253
55996002,-8266,-4085,129863,-19951,-5100,136271,140,19225,467,1,45304,0.0009999999999976694
55997001,-10808,6266,131032,-7228,-38,130080,140,19229,573,1,45305,0.0009990000000001942
55998000,-13081,7389,130769,-8471,11023,126549,111,19231,455,1,45306,0.0009990000000001942
55999001,-805,11662,126966,-11365,2782,122090,100,19224,410,0,45307,0.00100100000000225
56000000,-4761,-995,125656,-3827,-11052,129515,133,19224,545,0,45308,0.0009990000000001942
56001003,2113,-8437,125787,-9083,-11364,132484,107,19234,545,0,45309,0.0010029999999972006
56002000,-2832,5007,130478,-8441,7304,120485,121,19229,438,0,45310,0.0009969999999981383
56003000,-4197,13987,130396,-8226,7581,126225,121,19217,496,1,45311,0.0010000000000047748
56004000,-5642,17938,128446,-13754,9940,121021,114,19228,467,1,45312,0.0009999999999976694
56005000,-7687,-655,125377,-11030,-8139,132479,103,19228,422,1,45313,0.0009999999999976694
56006000,3910,1532,125404,5464,2024,124870,129,19228,528,0,45314,0.0010000000000047748
56007000,-975,7016,124842,-180,7607,122351,105,19228,528,0,45315,0.0009999999999976694
56008000,4233,-333,125422,-9349,-2259,126594,111,19231,430,0,45316,0.0009999999999976694
56009000,-1404,6050,125602,-804,2433,126630,111,19226,455,1,45317,0.0010000000000047748
56010000,-941,4073,125566,-1598,1210,123044,150,19229,614,1,45318,0.0009999999999976694
56011000,-1911,13881,125694,-2592,11452,120968,109,19236,446,1,45319,0.0009999999999976694
56012000,2921,5193,123233,122,-103,123511,96,19224,393,0,45320,0.0010000000000047748
56013000,11105,4813,125118,4642,-2254,125983,108,19224,393,0,45321,0.0009999999999976694
56014000,9475,-8890,123105,9156,-12865,134223,114,19229,442,0,45322,0.0009999999999976694
56015006,6877,-9605,125066,4172,13434,114151,114,19225,467,0,45323,0.0010060000000038372
56016000,-228,17724,127372,-6946,-3200,130016,121,19220,496,1,45324,0.0009939999999986071
56017000,4029,5799,128729,8774,5057,128633,107,19228,438,1,45325,0.0009999999999976694
56018000,5914,10200,124389,10676,180,123663,103,19231,422,1,45326,0.0010000000000047748
56019000,7136,2589,125604,-2159,-3334,121320,119,19231,422,0,45327,0.0009999999999976694
56020000,10975,8595,127118,11159,-10243,130971,94,19224,487,0,45328,0.0009999999999976694
56021000,10520,-16017,126382,13632,-16718,136759,94,19230,385,0,45329,0.0010000000000047748
56022000,6629,-4359,132384,-6545,5837,123711,104,19228,426,1,45330,0.0009999999999976694
56023000,-186,9110,131296,-4574,9929,126463,133,19225,545,1,45331,0.0009999999999976694
56024000,3083,11962,128751,10088,7505,123517,114,19229,467,1,45332,0.0010000000000047748
56025000,5453,8052,128038,-2107,-8602,133640,101,19229,467,1,45333,0.0009999999999976694
56026000,9189,-12901,125832,-1992,-10465,128145,158,19231,414,0,45334,0.0009999999999976694
56027000,9411,-4859,132579,14144,6049,121550,158,19233,647,0,45335,0.0009999999999976694
56028000,4217,-4306,128849,3862,-18873,138597,105,19232,430,0,45336,0.0010000000000047748
56029000,-1397,-6688,133843,-20246,2117,130512,107,19226,438,1,45337,0.0009999999999976694
56030000,-4560,7282,132339,539,6832,132567,134,19228,549,1,45338,0.0009999999999976694
56031001,-7561,9583,130340,2940,8832,119759,106,19228,434,1,45339,0.00100100000000225
56032000,-217,2912,130182,-17884,-11084,132625,113,19229,434,0,45340,0.0009990000000001942
56033000,-1259,-13674,127702,1332,-15956,132714,92,19220,463,0,45341,0.0009999999999976694
56034000,5436,-2925,131574,-349,982,124263,92,19229,377,0,45342,0.0010000000000047748
56035000,-5181,10186,133355,-15620,6966,127139,109,19228,446,0,45343,0.0009999999999976694
56036000,-6176,6993,130071,-13556,591,128051,135,19225,553,1,45344,0.0009999999999976694
56037000,-7070,-137,130317,-6363,-1712,136189,117,19225,479,1,45345,0.0010000000000047748
56038000,-9441,4314,130088,-8792,3815,121661,100,19231,479,1,45346,0.0009999999999976694
56039000,248,19554,130599,-12119,13404,121847,151,19228,410,0,45347,0.0009999999999976694
56040000,-3052,-5417,123916,-5730,-8282,129504,151,19225,618,0,45348,0.0010000000000047748
56041000,486,-7754,126740,-3159,-10051,128761,113,19230,463,0,45349,0.0009999999999976694
56042001,-2900,642,128471,-8411,11326,126278,110,19226,451,1,45350,0.00100100000000225
56043000,-8038,7024,125451,-6467,7001,123484,132,19226,541,1,45351,0.0009990000000001942
56044000,-7423,10670,130170,-10836,6575,125882,111,19224,541,1,45352,0.0009999999999976694
56045000,-4398,9820,125089,-7630,4470,123092,110,19232,455,1,45353,0.0009999999999976694
56046000,1420,2175,123029,6131,-5537,127259,110,19221,451,0,45354,0.0010000000000047748
56047000,892,-7469,122829,-1755,-14092,130462,95,19228,389,0,45355,0.0009999999999976694
56048000,-847,751,127843,-5938,7488,123101,112,19227,459,0,45356,0.0009999999999976694
56049000,1,14335,126876,-1101,10289,122727,126,19222,516,1,45357,0.0010000000000047748
56050001,-4262,8156,126307,1685,3805,123813,112,19222,516,1,45358,0.0010009999999951447
56051000,-1825,9693,124950,-9172,9800,130081,96,19231,459,1,45359,0.0009990000000001942
56052000,8274,3923,124369,3722,6612,120035,96,19236,393,0,45360,0.0010000000000047748
56053000,10058,7711,127232,12965,2408,123859,133,19234,545,0,45361,0.0009999999999976694
56054000,12362,-7449,124096,4049,-12774,127323,109,19227,446,0,45362,0.0009999999999976694
56055000,5796,-6931,128194,3855,-6501,130736,109,19228,446,0,45363,0.0010000000000047748
56056000,3480,3401,128985,6285,2732,118918,129,19228,446,1,45364,0.0009999999999976694
56057000,2575,14261,126882,-2600,10376,124963,107,19230,528,1,45365,0.0009999999999976694
56058000,5497,4421,123614,8549,-2213,132367,107,19235,438,1,45366,0.0010000000000047748
56059001,9193,-1067,124934,-16,904,121072,103,19225,422,0,45367,0.0010009999999951447
56060000,9110,11597,126291,4703,-17159,126403,110,19233,451,0,45368,0.0009990000000001942
56061000,6682,-12795,126834,19913,-10905,132097,101,19231,414,0,45369,0.0010000000000047748
56062000,3393,-2478,132305,-7226,1331,135457,113,19231,414,1,45370,0.0009999999999976694
56063000,2162,8133,128734,8558,6278,122220,110,19220,463,1,45371,0.0009999999999976694
56064000,956,12688,129325,5135,8020,122517,110,19232,451,1,45372,0.0010000000000047748
56065000,1869,8054,129483,-11658,-12699,134473,101,19232,414,1,45373,0.0009999999999976694
56066000,11785,-12650,126291,12388,-20630,131596,135,19224,553,0,45374,0.0009999999999976694
56067001,8772,-1113,130438,13409,-1741,131646,100,19232,410,0,45375,0.00100100000000225
56068000,4892,-3051,130186,-16701,-306,122511,105,19232,410,0,45376,0.0009990000000001942
56069000,289,13610,136943,-13416,9746,123358,149,19226,430,1,45377,0.0009999999999976694
56070000,-2597,383,131432,7959,-10441,144220,149,19231,610,1,45378,0.0010000000000047748
56071000,-9366,-5857,129373,-7715,-2638,124080,109,19233,446,1,45379,0.0009999999999976694
56072000,-899,-1445,130196,-20748,-2145,129169,100,19220,410,0,45380,0.0009999999999976694
56073000,-3063,-1661,127566,4604,-5783,126572,118,19230,483,0,45381,0.0010000000000047748
56074000,5999,714,132699,6924,3756,132149,113,19230,463,0,45382,0.0009999999999976694
56075000,-8629,1993,129773,-25764,102,128964,119,19228,463,0,45383,0.0009999999999976694
56076000,-8538,-376,130831,-10839,416,129864,113,19221,487,1,45384,0.0010000000000047748
56077000,-8792,9035,130138,-2396,6360,130120,113,19225,463,1,45385,0.0009999999999976694
56078000,-7593,2679,127867,-15782,-346,131370,103,19230,422,1,45386,0.0009999999999976694
56079002,-2880,5413,128068,-7063,-3154,125518,125,19214,512,0,45387,0.0010019999999997253
56080000,-7418,-2936,125926,-3736,-7504,129992,97,19214,397,0,45388,0.000998000000002719
56081006,-1508,1901,129316,-7150,4342,120157,105,19233,397,0,45389,0.0010059999999967317
56082000,-5006,11926,129066,-8593,1511,130289,143,19228,430,1,45390,0.0009940000000057125
56083000,-5407,2197,126764,-7479,3661,123710,143,19227,586,1,45391,0.0009999999999976694
56084000,-7376,7401,128394,-14081,4822,125680,116,19232,475,1,45392,0.0009999999999976694
56085000,-853,5928,126830,-7273,-3477,125987,104,19222,426,0,45393,0.0010000000000047748
56086000,3414,12074,123672,8779,6392,120293,114,19222,467,0,45394,0.0009999999999976694
56087000,-1390,-11192,122577,-16137,-7451,127699,109,19233,467,0,45395,0.0009999999999976694
56088002,5369,3589,128233,-897,3876,123196,120,19230,446,0,45396,0.0010019999999997253
56089000,-2354,4063,124847,9347,4871,126808,120,19223,491,1,45397,0.000998000000002719
56090000,-4617,3320,126907,-11796,7392,124473,136,19232,557,1,45398,0.0009999999999976694
56091000,-200,9826,124739,-3450,2977,125246,101,19229,414,1,45399,0.0009999999999976694
56092000,5806,3409,124247,9213,5872,123739,109,19227,446,0,45400,0.0010000000000047748
56093000,11037,6405,123481,10188,-52,121674,95,19227,446,0,45401,0.0009999999999976694
56094000,3436,-6727,124696,4461,-12311,129181,114,19228,389,0,45402,0.0009999999999976694
56095000,6406,-4612,127174,-1406,-3338,127740,114,19228,467,1,45403,0.0010000000000047748
56096000,3242,40,129879,5841,2750,126931,141,19225,577,1,45404,0.0009999999999976694
56097000,4049,13399,128172,-272,5317,123053,117,19231,479,1,45405,0.0009999999999976694
56098025,7090,11088,125613,2130,-22,125488,96,19225,393,1,45406,0.0010250000000056048
56099000,8512,-2596,125976,3181,-5778,124520,151,19225,393,0,45407,0.0009749999999968395
56100000,13369,-5881,126854,20538,-10551,132022,105,19231,618,0,45408,0.0009999999999976694
56101000,5611,-4355,129877,6174,-6041,127929,105,19230,430,0,45409,0.0010000000000047748
56102000,5318,4973,131170,-11256,1635,130988,108,19223,442,1,45410,0.0009999999999976694
56103000,1009,8631,130847,4319,5558,128139,127,19233,520,1,45411,0.0009999999999976694
56104000,2636,3727,128868,6233,2501,126995,107,19227,438,1,45412,0.0010000000000047748
56105006,3936,-3091,128749,-2851,-4287,126073,110,19227,438,0,45413,0.0010059999999967317
56106003,8062,-7322,128330,-2280,-13726,131790,113,19220,451,0,45414,0.0009969999999981383
56107000,13298,-8283,131229,20754,-3380,128685,113,19232,463,0,45415,0.0009970000000052437
56108000,-769,585,129378,-659,-4303,130600,108,19231,442,0,45416,0.0009999999999976694
56109000,617,-6504,132400,-27178,23744,118960,131,19224,537,1,45417,0.0009999999999976694
56110000,-7746,24251,131760,5262,-2916,132519,114,19229,467,1,45418,0.0010000000000047748
56111000,-1936,-2646,130143,-6986,-15688,134987,99,19229,467,1,45419,0.0009999999999976694
56112001,-4337,-11403,127013,-13500,-14392,128459,141,19231,405,0,45420,0.00100100000000225
56113000,-812,-2426,130291,1936,493,127776,141,19233,577,0,45421,0.0009990000000001942
56114000,618,12424,128737,2803,3883,124324,104,19229,426,0,45422,0.0009999999999976694
56115001,-4479,3652,130556,-21683,-911,135917,110,19231,451,1,45423,0.00100100000000225
56116002,-8514,1986,130617,-14198,3224,127026,136,19229,557,1,45424,0.0010009999999951447
56117000,-8528,5975,130595,-3008,7624,124861,111,19229,455,1,45425,0.000998000000002719
56118000,-4617,8476,129489,-6010,4996,127959,105,19229,455,1,45426,0.0009999999999976694
56119000,-1336,-2683,124961,-8878,-12420,131797,130,19224,430,0,45427,0.0010000000000047748
56120007,-2298,-7597,126609,-7292,-2385,126845,130,19230,532,0,45428,0.001006999999994207
56121000,-1895,4519,126427,-8955,13654,116472,101,19224,414,0,45429,0.0009930000000011319
56122000,-3034,9846,127781,-2233,-1145,129293,117,19220,479,1,45430,0.0010000000000047748
56123000,-10487,10759,126719,-9669,-5226,127160,116,19220,475,1,45431,0.0009999999999976694
56124000,-6311,282,126922,-13796,3694,129659,103,19229,475,1,45432,0.0009999999999976694
56125000,728,15288,126103,6201,7063,115079,132,19229,422,0,45433,0.0010000000000047748
56126000,1449,1948,125410,-2263,-9862,127535,132,19231,541,0,45434,0.0009999999999976694
56127000,3459,-10074,123588,-7072,-11050,130028,102,19229,418,0,45435,0.0009999999999976694
56128000,105,3776,128822,-988,6695,122986,108,19225,442,0,45436,0.0010000000000047748
56129000,374,16043,127366,-1488,14055,120431,155,19225,635,1,45437,0.0009999999999976694
56130000,-3123,18510,126802,-9410,11762,120386,110,19229,635,1,45438,0.0009999999999976694
56131001,6369,-181,122172,2640,-13903,134808,99,19234,451,1,45439,0.00100100000000225
56132000,5549,-779,123723,15068,-8791,120027,99,19225,405,0,45440,0.0009990000000001942
56133000,7564,13405,124385,-4484,9180,117757,88,19230,360,0,45441,0.0009999999999976694
56134000,11167,-1852,125714,13236,-2162,125610,112,19226,459,0,45442,0.0010000000000047748
56135000,4125,-5180,126609,5375,-9753,131530,121,19226,496,1,45443,0.0009999999999976694
56136000,3306,-1819,129813,-7468,6442,127891,111,19222,496,1,45444,0.0009999999999976694
56137000,1940,13255,126972,10985,12669,118186,101,19230,455,1,45445,0.0010000000000047748
56138000,9373,5883,125917,10509,-1765,129438,101,19232,414,1,45446,0.0009999999999976694
56139000,10124,-1372,127143,-4240,-3629,123781,121,19227,496,0,45447,0.0009999999999976694
56140000,10472,-9170,125405,14629,-19368,135850,96,19233,393,0,45448,0.0010000000000047748
56141000,6078,-5576,127741,9305,-7644,120920,104,19224,426,0,45449,0.0009999999999976694
56142000,1676,12771,131340,-10847,6174,128531,138,19224,426,1,45450,0.0009999999999976694
56143000,-742,8493,129473,1319,7620,127377,113,19228,565,1,45451,0.0010000000000047748
56144000,1522,12119,129648,7614,1995,124813,113,19230,463,1,45452,0.0009999999999976694
56145000,2113,-1016,128055,-5801,-5739,131335,99,19226,405,0,45453,0.0009999999999976694
56146000,11351,-9533,128858,9260,-8177,122776,136,19234,557,0,45454,0.0010000000000047748
56147000,8234,-8442,130667,10478,-12994,140088,105,19228,430,0,45455,0.0009999999999976694
56148000,4515,545,133044,-9780,4971,123427,110,19228,430,0,45456,0.0009999999999976694
56149000,-1151,6870,133355,-9016,3429,132476,128,19220,451,1,45457,0.0010000000000047748
56150000,-8431,7493,129948,4232,5916,124923,128,19225,524,1,45458,0.0009999999999976694
56151000,-5280,-4790,129051,-13820,-9875,133424,101,19228,414,1,45459,0.0009999999999976694
56152000,-368,-11800,128839,-11102,-13888,131911,117,19224,479,0,45460,0.0009999999999976694
56153000,761,2344,130486,5725,4447,119658,95,19226,389,0,45461,0.0010000000000047748
56154000,-3763,7599,131699,-7218,-2145,131661,110,19226,389,0,45462,0.0009999999999976694
56155000,-6892,-1978,129170,-14184,-6757,133389,139,19224,451,1,45463,0.0009999999999976694
56156000,-10111,-4084,131087,-10479,13340,133407,139,19227,569,1,45464,0.0010000000000047748
56157000,-11956,16722,128862,-13765,8479,115077,114,19232,467,1,45465,0.0009999999999976694
56158000,-3725,13132,130099,-1514,380,128159,98,19226,401,1,45466,0.0009999999999976694
56159000,-3212,-9028,124232,-10307,-11244,135844,160,19227,655,0,45467,0.0010000000000047748
56160002,-2528,-8202,126581,-7214,-4402,121157,107,19227,438,0,45468,0.0010019999999997253
56161007,-2845,7745,128148,-11861,5216,131711,109,19228,438,0,45469,0.0010049999999992565
56162002,-1508,9467,127734,-1708,11967,116233,109,19219,446,1,45470,0.0009949999999960824
56163000,-9262,15662,128346,-12789,230,131718,124,19228,508,1,45471,0.000998000000002719
56164000,-7599,-3126,125425,-13644,-2165,127185,109,19230,446,1,45472,0.0009999999999976694
56165001,-903,8374,126143,5217,3826,122365,112,19221,459,0,45473,0.00100100000000225
56166000,740,-1762,124251,-1109,-5317,128832,93,19221,381,0,45474,0.0009990000000001942
56167000,1026,2943,124850,-3031,1889,116970,111,19227,381,0,45475,0.0009999999999976694
56168000,-2182,1986,129797,-7822,226,144526,128,19223,455,0,45476,0.0010000000000047748
56169000,1437,-1699,124225,-1555,15297,109836,128,19224,524,1,45477,0.0009999999999976694
56170000,-1639,21347,130027,595,12718,124601,112,19227,459,1,45478,0.0009999999999976694
56171000,4997,7286,120300,-1263,-4238,124199,95,19229,389,1,45479,0.0010000000000047748
56172000,8059,5360,123439,5588,-9205,128301,133,19229,545,0,45480,0.0009999999999976694
56173000,10735,-11352,124070,8002,-18064,134673,110,19231,545,0,45481,0.0009999999999976694
56174000,4442,8549,128979,3930,11072,110996,114,19227,451,0,45482,0.0010000000000047748
56175000,4241,2694,126142,348,-11247,138001,114,19220,467,1,45483,0.0009999999999976694
56176000,982,-1926,128818,5542,7340,121131,131,19228,537,1,45484,0.0009999999999976694
56177002,4180,16048,126101,-413,8109,127016,107,19230,438,1,45485,0.0010019999999997253
56178002,9590,5420,127363,13628,9827,118964,105,19221,430,0,45486,0.0010000000000047748
56179000,12760,6521,126023,2850,-9061,123156,115,19221,430,0,45487,0.0009979999999956135
56180001,13299,-17933,127503,7621,-19518,142396,111,19228,471,0,45488,0.00100100000000225
56181000,6609,-5896,130354,8225,-364,124631,111,19230,455,0,45489,0.0009990000000001942
56182000,3807,4253,134079,-5931,2848,132750,123,19218,504,1,45490,0.0009999999999976694
56183000,-42,12126,130476,2094,17869,117320,110,19229,451,1,45491,0.0010000000000047748
56184000,626,1814,126228,3622,-8876,137356,101,19229,414,1,45492,0.0009999999999976694
56185000,7932,-9770,126341,-1142,-12098,128892,140,19229,414,0,45493,0.0009999999999976694
56186000,7984,5380,131465,12421,3432,121897,102,19224,573,0,45494,0.0010000000000047748
56187000,5932,-6066,127431,9876,-12688,139051,102,19230,418,0,45495,0.0009999999999976694
56188000,618,3934,133746,-19563,6034,119637,104,19225,426,1,45496,0.0009999999999976694
56189000,-102,8902,132159,-3561,803,137081,149,19229,610,1,45497,0.0010000000000047748
56190000,-8245,2383,129462,6509,3526,124499,108,19231,442,1,45498,0.0009999999999976694
56191000,-4005,1198,130394,-24090,-8430,129404,99,19231,442,1,45499,0.0009999999999976694
56192000,4648,-8349,128344,-2467,-10958,134566,111,19225,405,0,45500,0.0010000000000047748
56193000,2309,5614,131497,5744,4876,119460,111,19235,455,0,45501,0.0009999999999976694
56194000,-1849,2823,132030,-8779,1292,133312,111,19227,455,0,45502,0.0009999999999976694
56195000,-7183,908,130270,-18033,1851,125603,125,19223,512,1,45503,0.0010000000000047748
56196000,-8457,-2235,130938,-8989,-825,134359,112,19228,459,1,45504,0.0009999999999976694
56197000,-11274,7301,130510,-7952,6001,116596,102,19228,459,1,45505,0.0009999999999976694
56198000,-523,13310,127943,-10697,7796,128839,125,19229,418,0,45506,0.0010000000000047748
56199000,-5130,-7448,126446,-3608,-11826,132131,125,19222,512,0,45507,0.0009999999999976694
56200000,-52,-6406,126754,-6413,-1157,125773,99,19227,405,0,45508,0.0009999999999976694
56201000,-3089,2676,127735,-8767,3730,126830,105,19229,430,0,45509,0.0010000000000047748
56202002,-8078,10065,128334,-11584,12807,118387,149,19231,610,1,45510,0.0010019999999997253
56203000,-5888,4220,129076,-13908,20182,132173,116,19231,610,1,45511,0.0009979999999956135
56204000,-8247,4377,127126,168,-9496,123761,101,19227,475,1,45512,0.0010000000000047748
56205000,75,-144,120557,-7928,754,123855,101,19223,414,0,45513,0.0009999999999976694
56206000,-1875,7814,128231,7393,1703,123729,117,19229,479,0,45514,0.0009999999999976694
56207000,2204,8321,124759,1028,-9688,126507,110,19230,451,0,45515,0.0010000000000047748
56208000,1152,-348,126310,-7488,-3565,134112,117,19222,479,1,45516,0.0009999999999976694
56209000,-5798,5465,127219,-9389,8707,119072,128,19222,524,1,45517,0.0009999999999976694
56210000,4157,19119,127048,7212,17713,119399,102,19232,524,1,45518,0.0010000000000047748
56211000,3422,9337,124532,6446,-4831,127798,116,19233,418,0,45519,0.0009999999999976694
56212000,9093,-9066,121168,-1154,605,124669,116,19228,475,0,45520,0.0009999999999976694
56213000,10114,-4350,123915,10006,-3428,126649,102,19225,418,0,45521,0.0010000000000047748
56214000,5864,-2029,126766,8561,-3684,125611,114,19225,467,0,45522,0.0009999999999976694
56215000,3501,-332,127155,2373,9954,123551,144,19225,590,1,45523,0.0009999999999976694
56216001,728,4541,127793,-7705,5564,126494,117,19229,590,1,45524,0.00100100000000225
56217000,7845,4656,126537,12066,170,127874,99,19231,479,1,45525,0.0009990000000001942
56218004,5534,-988,125237,7331,-1618,125220,99,19227,405,0,45526,0.0010040000000017812
56219000,10668,6592,127840,1263,-5417,123416,136,19232,557,0,45527,0.0009959999999935576
56220000,8440,-6524,125642,18315,-12952,132227,105,19229,430,0,45528,0.0010000000000047748
56221000,2144,-7982,128480,-9091,-1269,133014,106,19229,434,1,45529,0.0009999999999976694
56222000,5072,-294,129597,-1899,10156,125341,122,19227,434,1,45530,0.0009999999999976694
56223000,-2663,16776,130161,10223,10629,123298,108,19231,500,1,45531,0.0010000000000047748
56224000,3857,5537,126978,-7351,-4171,127773,108,19233,442,1,45532,0.0009999999999976694
56225000,6522,-11930,127140,4432,-14756,131864,115,19221,471,0,45533,0.0009999999999976694
56226000,10127,-7314,129421,19479,-13670,130571,86,19232,352,0,45534,0.0010000000000047748
56227000,6361,1333,128380,-5728,-2305,122874,103,19228,422,0,45535,0.0009999999999976694
56228000,-2095,6225,135405,-14748,7429,126593,127,19228,422,1,45536,0.0009999999999976694
56229000,-1997,765,132572,-1403,-5419,137678,113,19226,520,1,45537,0.0010000000000047748
56230000,-10307,-7009,129018,-3953,178,132146,113,19234,463,1,45538,0.0009999999999976694
56231000,-2785,-3566,130606,-13171,535,124507,96,19224,393,0,45539,0.0009999999999976694
56232000,318,-1766,126719,-357,-7170,131423,151,19232,618,0,45540,0.0010000000000047748
56233000,2572,2300,127960,-263,1379,126757,105,19231,430,0,45541,0.0009999999999976694
56234000,-2966,1094,131934,-12432,-4466,132062,110,19231,430,0,45542,0.0009999999999976694
56235002,-8203,-999,130511,-10621,-1405,130757,132,19222,451,1,45543,0.0010019999999997253
56236000,-10483,10828,132885,-11966,7846,129221,132,19229,541,1,45544,0.000998000000002719
56237000,-7351,7487,129688,-11821,1363,129948,112,19232,459,1,45545,0.0009999999999976694
56238000,-1655,7931,128806,-1128,-3049,125736,109,19222,446,0,45546,0.0010000000000047748
56239000,-4401,2545,124296,-9956,1803,125797,135,19228,553,0,45547,0.0009999999999976694
56240000,225,3427,126412,-7796,1502,119811,109,19228,553,0,45548,0.0009999999999976694
56241000,-3512,1702,126869,-8953,795,129043,122,19229,446,1,45549,0.0010000000000047748
56242000,-4551,12168,129526,-10817,10314,125535,122,19223,500,1,45550,0.0009999999999976694
56243000,-6302,8432,124846,-6077,4705,131933,114,19233,467,1,45551,0.0009999999999976694
56244001,-3893,-850,127269,-6094,-5142,125712,104,19228,426,1,45552,0.00100100000000225
56245000,1788,-770,123203,-3787,-3052,122051,139,19233,569,0,45553,0.0009990000000001942
56246000,2617,5983,127371,-366,999,124701,106,19233,569,0,45554,0.0009999999999976694
56247000,1917,1554,124875,-1244,1645,123817,104,19228,434,0,45555,0.0010000000000047748
56248001,-2183,5565,126723,-7878,283,129974,104,19227,426,1,45556,0.0010009999999951447
56249006,-4511,11475,123388,4429,-2998,123166,157,19226,643,1,45557,0.0010049999999992565
56250006,-3110,5272,126472,1721,19214,121081,109,19232,446,1,45558,0.0010000000000047748
56251000,7157,19777,127292,-6404,-668,118671,98,19227,401,0,45559,0.0009939999999986071
56252000,12566,2767,122347,23488,-7848,126057,86,19227,401,0,45560,0.0009999999999976694
56253000,11266,-9678,125026,-2704,-18406,135878,112,19232,352,0,45561,0.0010000000000047748
56254003,6064,-6346,126349,-960,-5143,120310,120,19230,459,0,45562,0.0010029999999972006
56255000,4373,10062,128466,5043,11347,126877,120,19221,491,1,45563,0.0009969999999981383
56256000,4146,11741,130786,556,7360,123339,109,19232,446,1,45564,0.0010000000000047748
56257000,4871,7072,126246,4671,-5199,128758,97,19234,397,1,45565,0.0009999999999976694
56258000,11205,154,125227,6938,-12044,124720,125,19234,512,0,45566,0.0009999999999976694
56259000,9023,3713,126574,15474,-1125,125645,98,19224,512,0,45567,0.0010000000000047748
56260000,10625,-4317,128875,4883,-9369,131702,101,19230,401,0,45568,0.0009999999999976694
56261000,2971,-6826,129198,-535,-693,128146,101,19227,414,1,45569,0.0009999999999976694
56262000,595,6271,130875,-3116,8936,133383,137,19232,561,1,45570,0.0010000000000047748
56263001,1389,8205,129866,6194,7107,121502,109,19228,446,1,45571,0.0010009999999951447
56264000,843,3044,128570,-945,-3637,130027,101,19228,414,1,45572,0.0009990000000001942
56265000,8655,-7829,130329,-971,-17558,134078,135,19225,414,0,45573,0.0010000000000047748
56266001,11582,-15695,127010,25539,-12790,127195,105,19230,553,0,45574,0.0010009999999951447
56267001,2370,8767,131288,-5817,1515,127163,105,19229,430,0,45575,0.0010000000000047748
56268003,1455,4470,130537,-27026,4795,122682,111,19220,455,1,45576,0.0010019999999997253
56269000,-6456,17728,134473,9552,9652,128450,116,19231,475,1,45577,0.0009969999999981383
56270000,-1957,95,130150,-576,-9178,131811,99,19232,405,1,45578,0.0009999999999976694
56271004,-5270,-6396,129333,-18485,-13676,131210,118,19232,405,0,45579,0.0010040000000017812
56272002,2737,-12459,130232,-5357,-13077,131378,101,19226,483,0,45580,0.000998000000002719
56273000,1413,4569,130177,7222,622,124343,101,19229,414,0,45581,0.0009979999999956135
56274001,-3021,7768,132862,-16837,7447,130346,110,19227,451,0,45582,0.00100100000000225
56275002,-9063,7860,130821,-18573,3055,128618,145,19224,594,1,45583,0.00100100000000225
56276000,-9144,-2794,128532,-7700,2690,134095,115,19230,471,1,45584,0.0009979999999956135
56277000,-5276,7065,129062,-6352,16820,119585,99,19230,471,1,45585,0.0009999999999976694
56278000,-2705,-2543,129347,-10177,-10265,135661,170,19226,405,0,45586,0.0010000000000047748
56279000,-2384,-7310,124630,-3010,-6330,125874,170,19231,696,0,45587,0.0009999999999976694
56280000,-3592,6012,128056,-7167,2398,125803,104,19230,426,0,45588,0.0009999999999976694
56281001,-1204,5833,128302,-6677,5361,124705,113,19222,463,1,45589,0.00100100000000225
56282001,-8847,11877,129047,-6901,8331,126700,123,19230,504,1,45590,0.0009999999999976694
56283000,-6163,2261,124981,-17749,-1848,129900,109,19230,504,1,45591,0.0009990000000001942
56284001,-486,13835,128530,1839,13421,117026,117,19232,446,0,45592,0.00100100000000225
56285000,299,-2885,123410,-1725,-3054,128895,117,19224,479,0,45593,0.0009990000000001942
56286000,4726,-8507,125073,-5745,-13181,126344,97,19229,397,0,45594,0.0009999999999976694
56287001,-795,2406,122953,-7980,3138,126256,110,19227,451,0,45595,0.00100100000000225
56288000,-726,14894,128304,1319,15543,120501,135,19222,553,1,45596,0.0009990000000001942
56289000,-4484,14270,126802,-1682,10104,119680,115,19222,553,1,45597,0.0009999999999976694
56290000,766,-4819,125812,-6094,-9269,128215,95,19229,471,1,45598,0.0010000000000047748
56291000,5038,4383,124628,6031,3045,117386,95,19228,389,0,45599,0.0009999999999976694
56292000,7656,6479,125688,7953,-298,127852,126,19235,516,0,45600,0.0009999999999976694
56293000,8185,-6157,124466,7964,-9420,126795,112,19232,459,0,45601,0.0010000000000047748
56294000,2230,-4704,124662,-1161,-4987,126264,117,19222,479,1,45602,0.0009999999999976694
56295000,5665,6448,125080,-528,13039,119696,127,19222,479,1,45603,0.0009999999999976694
56296000,3588,14585,128576,6572,3138,125164,106,19229,520,1,45604,0.0010000000000047748
56297001,8627,-1996,124274,3443,594,129551,106,19232,434,1,45605,0.0010009999999951447
56298000,10793,-373,126663,4612,-6116,119606,106,19223,434,0,45606,0.0009990000000001942
56299000,10813,-4026,126226,12472,-12461,136623,85,19232,348,0,45607,0.0010000000000047748
56300000,5945,-6483,128143,8417,-11350,125415,109,19230,446,0,45608,0.0009999999999976694
56301000,-121,7752,128423,-9162,-4795,133479,126,19230,516,1,45609,0.0009999999999976694
56302000,74,9286,132000,4493,11395,121188,113,19224,516,1,45610,0.0010000000000047748
56303000,302,18528,131568,678,1257,124074,96,19226,463,1,45611,0.0009999999999976694
56304000,6786,-2674,127239,-1338,-9032,131986,96,19228,393,0,45612,0.0009999999999976694
56305003,9761,-9876,126365,8773,-8185,122386,141,19230,577,0,45613,0.001003000000004306
56306000,9344,-8008,130048,8131,-10453,139545,106,19229,434,0,45614,0.0009969999999981383
56307000,2658,-8933,130501,-10399,-696,123757,109,19229,446,0,45615,0.0009999999999976694
56308000,807,8898,134124,-13421,5812,131796,146,19222,446,1,45616,0.0010000000000047748
56309000,-8725,6021,134146,10425,13003,125634,105,19227,598,1,45617,0.0009999999999976694
56310000,-9705,337,130977,-17276,-10726,129259,105,19232,430,1,45618,0.0009999999999976694
56311000,1429,-13662,129764,-6491,-14228,141530,100,19222,410,0,45619,0.0010000000000047748
56312000,-3737,-3122,128628,8431,73,119518,105,19233,430,0,45620,0.0009999999999976694
56313000,-338,12233,131042,-6645,5439,127020,111,19233,455,0,45621,0.0009999999999976694
56314000,-5889,2066,131754,-14932,-6057,135046,126,19228,455,1,45622,0.0010000000000047748
56315000,-8079,-3113,129577,-13758,2094,129720,113,19220,516,1,45623,0.0009999999999976694
56316000,-7285,11230,131057,-8359,8782,128610,113,19230,463,1,45624,0.0009999999999976694
56317000,-2895,8037,127388,-12650,10769,120546,100,19230,410,1,45625,0.0010000000000047748
56318000,-1438,703,127754,-6245,-7708,134905,132,19220,541,0,45626,0.0009999999999976694
56319000,-3864,-13853,123962,-250,-14322,128779,100,19227,410,0,45627,0.0009999999999976694
56320002,-2042,506,126364,-14405,-3201,126235,105,19227,410,0,45628,0.0010019999999997253
56321002,-3960,23434,130241,-3606,14889,116978,149,19229,430,1,45629,0.0010000000000047748
56322000,-7447,10158,127201,-3948,7569,126198,149,19228,610,1,45630,0.0009979999999956135
56323000,-7578,-1076,129343,-15553,-3552,132742,114,19231,467,1,45631,0.0010000000000047748
56324000,-2968,2174,123854,506,7234,118306,103,19227,422,0,45632,0.0009999999999976694
56325000,1186,2252,125011,-2205,-816,124876,117,19231,479,0,45633,0.0009999999999976694
56326000,4968,-481,124284,-2388,-5280,126627,115,19231,479,0,45634,0.0010000000000047748
56327000,-513,-516,125114,547,-949,129387,121,19227,471,0,45635,0.0009999999999976694
56328000,-650,2952,125016,-7884,1975,121779,121,19220,496,1,45636,0.0009999999999976694
56329000,-2641,17560,127673,350,17031,117383,123,19230,504,1,45637,0.0010000000000047748
56330000,4196,11227,125449,2687,1564,123595,102,19234,418,1,45638,0.0009999999999976694
56331000,7739,-901,122781,1671,-7736,126372,120,19225,491,0,45639,0.0009999999999976694
56332000,6970,-16,124394,9480,-10144,126746,101,19225,491,0,45640,0.0010000000000047748
56333002,8291,3756,124667,8725,558,117823,108,19229,414,0,45641,0.0010019999999997253
56334000,5310,-347,128728,1449,-3925,131966,108,19226,442,1,45642,0.0009979999999956135
56335000,2567,-3935,128170,1700,-2751,130047,144,19225,590,1,45643,0.0010000000000047748
56336000,2753,19059,126888,878,17014,121429,113,19232,463,1,45644,0.0009999999999976694
56337003,8819,10318,126031,4640,3904,123995,100,19228,410,1,45645,0.0010029999999972006
56338002,12679,-16,125600,11416,-2358,130878,127,19228,410,0,45646,0.0009990000000001942
56339000,11973,-16168,124816,7240,-23377,133443,103,19233,520,0,45647,0.000998000000002719
56340000,7385,-5445,128839,7505,-5615,122437,103,19226,422,0,45648,0.0009999999999976694
56341000,4448,11084,131494,143,2949,128296,107,19224,438,1,45649,0.0009999999999976694
56342000,-991,9223,129303,-4162,4163,127536,116,19229,475,1,45650,0.0010000000000047748
56343000,1335,8139,130533,4719,-3343,129666,106,19228,434,1,45651,0.0009999999999976694
56344000,7597,-12959,126903,2892,-2261,126015,117,19228,434,0,45652,0.0009999999999976694
56345000,9312,4851,128895,3804,-8416,122093,93,19218,479,0,45653,0.0010000000000047748
56346000,8173,-2796,128526,9996,-19198,142184,93,19231,381,0,45654,0.0009999999999976694
56347000,24,-11236,128116,-22863,5934,124805,104,19228,426,0,45655,0.0009999999999976694
56348000,489,13940,134365,-7654,7468,125711,133,19222,545,1,45656,0.0010000000000047748
56349000,-6420,8950,133087,8526,2474,128285,112,19231,459,1,45657,0.0009999999999976694
56350000,-3347,3337,130155,-17819,-9922,128241,96,19231,393,1,45658,0.0009999999999976694
56351000,-205,-13180,129431,-10557,-17361,139671,148,19227,393,0,45659,0.0010000000000047748
56352000,2462,-5174,128574,10735,5412,118973,105,19231,606,0,45660,0.0009999999999976694
56353000,-476,8591,131833,-11637,1144,131568,105,19228,430,0,45661,0.0009999999999976694
56354000,-9223,4391,132405,-22570,-243,127303,112,19221,459,1,45662,0.0010000000000047748
56355000,-8452,5020,130867,-4158,-38,136004,135,19229,553,1,45663,0.0009999999999976694
56356000,-9313,-3160,129883,-14551,13026,125220,108,19229,442,1,45664,0.0009999999999976694
56357000,-3389,19523,131200,-5476,6596,116089,109,19233,442,1,45665,0.0010000000000047748
56358000,-3035,-6246,125472,-4383,-18620,142162,119,19217,446,0,45666,0.0009999999999976694
56359000,-3244,-8544,126987,-8277,-2268,123423,119,19225,487,0,45667,0.0009999999999976694
56360000,-2324,8320,128704,-8939,2583,124628,104,19228,426,0,45668,0.0010000000000047748
56361000,-5798,5818,127946,-8863,8685,125327,122,19224,500,1,45669,0.0009999999999976694
56362000,-8607,6832,128101,-10853,3686,125101,113,19232,463,1,45670,0.0009999999999976694
56363002,-4862,7529,127638,-5384,-1376,132090,100,19232,463,1,45671,0.0010019999999997253
56364000,-39,4921,123444,2598,4280,117581,140,19228,410,0,45672,0.000998000000002719
56365004,-4747,4325,125222,-10403,-2163,125610,140,19230,573,0,45673,0.0010040000000017812
56366001,4838,3785,124713,1262,-577,123229,109,19230,446,0,45674,0.0009969999999981383
56367000,-1471,-1994,124668,8133,-8331,131896,109,19227,446,0,45675,0.0009990000000001942
56368000,-2575,7416,126962,-19366,12884,123647,151,19232,618,1,45676,0.0009999999999976694
56369000,407,18406,125033,-1774,20555,110919,106,19232,618,1,45677,0.0010000000000047748
56370001,4609,7729,126619,9280,-2989,134263,102,19231,434,1,45678,0.0010009999999951447
56371000,10431,-8468,122494,4042,-5023,122434,102,19223,418,0,45679,0.0009990000000001942
56372000,5972,-6259,123589,2875,-7052,126894,84,19229,344,0,45680,0.0010000000000047748
56373000,5297,-3485,126711,5257,-7753,127788,113,19225,463,0,45681,0.0009999999999976694
56374000,1568,6201,126456,5561,-133,122088,124,19225,508,1,45682,0.0009999999999976694
56375000,1290,7795,130647,-7044,-4499,130851,112,19225,508,1,45683,0.0010000000000047748
56376002,2007,12647,127246,9057,11035,120454,99,19231,459,1,45684,0.0010019999999997253
56377002,6985,10569,129368,6579,94,123337,99,19230,405,0,45685,0.0009999999999976694
56378000,12795,-176,125368,2806,-5790,125137,132,19227,541,0,45686,0.000998000000002719
56379000,8599,-14304,125851,12953,-21624,133595,103,19233,422,0,45687,0.0009999999999976694
56380002,6495,-7087,129503,1223,-3379,130409,102,19228,418,0,45688,0.0010019999999997253
56381000,4240,14791,129460,-5008,13362,122509,130,19228,418,1,45689,0.000998000000002719
56382000,232,12074,131112,5194,8568,130169,111,19228,532,1,45690,0.0009999999999976694
56383000,1700,2660,127631,1073,-1643,124257,111,19231,455,1,45691,0.0009999999999976694
56384004,6710,-6408,126135,-2197,-17310,133891,104,19224,426,0,45692,0.0010040000000017812
56385000,11353,-624,130664,13607,-1301,121214,134,19232,549,0,45693,0.000996000000000663
56386000,4717,723,129832,8468,-6238,135665,109,19228,446,0,45694,0.0009999999999976694
56387000,3425,-4395,131854,-20977,-4728,125951,117,19228,479,1,45695,0.0010000000000047748
56388000,-5003,9304,133740,37,5939,134983,112,19221,479,1,45696,0.0009999999999976694
56389000,-7171,-1167,129863,-1927,-1390,124339,112,19226,459,1,45697,0.0009999999999976694
56390001,-6278,3532,129674,-16106,-6953,130703,103,19231,422,1,45698,0.00100100000000225
56391002,2048,-8869,128337,-4186,-4092,134014,124,19227,508,0,45699,0.00100100000000225
56392000,4134,2484,128614,4163,1045,118247,101,19229,414,0,45700,0.0009979999999956135
56393001,-3796,4532,131340,-13184,-1334,128864,108,19229,442,0,45701,0.00100100000000225
56394000,-5011,3499,131151,-13117,-3992,132267,147,19226,442,1,45702,0.0009990000000001942
56395000,-11784,6683,128503,-9487,-2362,131283,117,19227,602,1,45703,0.0009999999999976694
56396001,-8332,10506,130609,-10396,3361,127623,117,19231,479,1,45704,0.00100100000000225
56397000,-1936,3738,128057,-4258,-3410,124769,103,19225,422,0,45705,0.0009990000000001942
56398003,-892,-37,127132,-9009,-4360,128018,172,19236,704,0,45706,0.0010029999999972006
56399000,-529,-2551,126082,-6815,-1543,127445,104,19236,426,0,45707,0.0009970000000052437
56400000,-2696,5217,127369,-6069,7718,123314,113,19228,426,0,45708,0.0009999999999976694
56401000,-5373,11749,128950,-8076,10182,124198,118,19220,463,1,45709,0.0009999999999976694
56402000,-9310,4255,126853,-15430,2480,128771,118,19228,483,1,45710,0.0009999999999976694
56403000,-6359,384,126093,-1556,2299,130366,110,19230,451,1,45711,0.0010000000000047748
56404000,1193,2078,125522,-1219,1237,121860,118,19234,483,0,45712,0.0009999999999976694
56405000,1151,1743,125360,2388,887,125268,96,19234,393,0,45713,0.0009999999999976694
56406000,1333,1728,127144,-944,-6530,129656,109,19231,393,0,45714,0.0010000000000047748
56407000,-2885,739,122631,-9540,2712,125688,139,19228,446,1,45715,0.0009999999999976694
56408000,-2595,14188,127435,-5230,11078,124670,139,19222,569,1,45716,0.0009999999999976694
56409001,-1892,12179,124887,5033,8995,119026,113,19231,463,1,45717,0.00100100000000225
56410002,6365,8892,123869,1428,273,125839,95,19228,389,0,45718,0.00100100000000225
56411000,9681,-1852,122863,977,3508,125848,116,19235,475,0,45719,0.0009979999999956135
56412000,13394,-1712,122720,16106,-3171,123770,112,19235,475,0,45720,0.0010000000000047748
56413000,7403,-4759,125155,2419,-3341,128538,116,19227,459,0,45721,0.0009999999999976694
56414001,2466,-2588,126880,-5823,-9574,128911,116,19224,475,1,45722,0.00100100000000225
56415000,4030,18415,130946,12661,15495,122131,131,19232,537,1,45723,0.0009990000000001942
56416000,3225,1073,125907,1429,-563,127136,105,19230,430,1,45724,0.0009999999999976694
56417000,10388,310,129656,7692,-316,126892,110,19221,451,0,45725,0.0009999999999976694
56418000,11461,-3408,125127,6716,-5401,127529,85,19221,451,0,45726,0.0010000000000047748
56419000,8231,-6788,126923,10424,-6998,128020,105,19229,348,0,45727,0.0009999999999976694
56420000,4027,-644,128619,1082,-4238,133308,105,19227,430,1,45728,0.0009999999999976694
56421000,2183,-448,128681,-3414,2281,128260,128,19227,524,1,45729,0.0010000000000047748
56422000,3892,18889,132701,10791,14908,122131,114,19226,467,1,45730,0.0009999999999976694
56423000,1297,6182,130723,-4768,-5773,131585,98,19227,401,1,45731,0.0009999999999976694
56424001,10512,-7450,127740,-2536,-12672,128266,145,19227,401,0,45732,0.00100100000000225
56425001,7771,-12361,128968,18546,-15913,136601,103,19229,594,0,45733,0.0009999999999976694
56426002,4591,-1905,128786,5645,-8274,126358,103,19231,422,0,45734,0.00100100000000225
56427000,1246,15002,130502,-22946,10892,119770,107,19225,438,1,45735,0.000998000000002719
56428000,-3910,6982,133742,-5413,6696,133665,142,19225,582,1,45736,0.0009999999999976694
56429000,-3391,649,128672,13653,-5815,125322,108,19234,442,1,45737,0.0009999999999976694
56430002,-5180,-381,129333,-18975,-5301,130400,103,19234,442,0,45738,0.0010019999999997253
56431000,344,-11569,127112,-9009,-14874,130131,108,19227,422,0,45739,0.000998000000002719
56432000,4058,-4148,130161,6640,-6269,129290,108,19231,442,0,45740,0.0009999999999976694
56433000,-3073,2801,129355,-8498,435,124280,110,19230,451,0,45741,0.0010000000000047748
56434003,-8729,6013,132235,-18152,1443,133649,129,19219,528,1,45742,0.0010029999999972006
56435000,-9082,-22,129889,-12538,-2925,127692,116,19230,475,1,45743,0.0009969999999981383
56436002,-8222,12048,129944,-5640,10515,122765,98,19230,401,1,45744,0.0010019999999997253
56437000,-3371,5219,128935,-9741,-772,131264,133,19233,401,0,45745,0.000998000000002719
56438000,-5605,-11249,126756,-4262,-411,122709,133,19224,545,0,45746,0.0009999999999976694
56439000,-1317,5468,126209,-8370,-5063,130211,99,19233,405,0,45747,0.0010000000000047748
56440000,-2848,2957,127898,-1920,3434,125060,106,19224,434,1,45748,0.0009999999999976694
56441000,-5964,12200,129231,-11164,8127,122763,143,19230,586,1,45749,0.0009999999999976694
56442000,-5201,10120,128545,-14511,-5377,127819,116,19230,475,1,45750,0.0010000000000047748
56443000,-3359,3413,125622,696,8147,123054,103,19232,475,1,45751,0.0009999999999976694
56444000,2693,4412,126958,-386,-4588,129569,99,19228,422,0,45752,0.0009999999999976694
56445001,1149,-9078,122177,-4042,-7177,122729,99,19238,405,0,45753,0.00100100000000225
56446000,1388,2438,125474,-9694,10404,125812,109,19226,446,0,45754,0.0009990000000001942
56447000,-787,9103,127348,2137,6310,122267,123,19215,504,1,45755,0.0009999999999976694
56448000,-3073,15813,125453,-1840,9027,123004,115,19215,471,1,45756,0.0010000000000047748
56449000,-1661,5518,126128,-5219,-4908,131506,100,19226,471,1,45757,0.0009999999999976694
56450000,4415,1576,124909,7226,13069,111959,119,19232,410,0,45758,0.0009999999999976694
56451000,11254,10483,125952,8074,-10654,129606,119,19229,487,0,45759,0.0010000000000047748
56452000,8297,-13743,123082,3100,-13581,131095,101,19229,414,0,45760,0.0009999999999976694
56453000,8406,-2070,126207,5142,-844,122750,112,19224,459,0,45761,0.0009999999999976694
56454000,1800,2758,127330,2679,5336,119876,150,19229,614,1,45762,0.0010000000000047748
56455000,2073,14878,128537,-5076,19632,123010,112,19229,614,1,45763,0.0009999999999976694
56456003,8527,-1359,125854,11682,-8900,133064,96,19231,459,1,45764,0.0010029999999972006
56457000,10279,-684,123579,5294,4516,117487,96,19227,393,0,45765,0.0009970000000052437
56458000,9441,6599,126985,7475,-5759,128298,122,19229,500,0,45766,0.0009999999999976694
56459000,5712,-14438,127316,11917,-16045,133642,113,19229,463,0,45767,0.0009999999999976694
56460002,5676,-6699,129734,-5959,-6904,133319,115,19222,471,1,45768,0.0010019999999997253
56461000,-925,3734,131719,-1529,3652,127192,113,19222,471,1,45769,0.000998000000002719
56462000,-220,27155,130766,2149,28538,112889,105,19227,463,1,45770,0.0009999999999976694
56463000,3640,-747,127403,-1967,-9914,135532,105,19233,430,1,45771,0.0010000000000047748
56464000,10619,-19196,125338,10020,-14960,135280,116,19219,475,0,45772,0.0009999999999976694
56465000,8956,-4725,129350,14567,-2302,125108,94,19233,385,0,45773,0.0009999999999976694
56466000,2265,-7145,128596,-6498,-5356,130530,99,19229,405,0,45774,0.0009999999999976694
56467000,1214,9049,134155,-13523,5912,128063,134,19229,405,1,45775,0.0010000000000047748
56468000,-8555,-1260,131532,4372,-6670,137906,110,19223,549,1,45776,0.0009999999999976694
56469000,-9029,3491,130895,-6449,3230,121839,110,19232,451,1,45777,0.0009999999999976694
56470001,-218,1664,130414,-16483,-7265,132550,96,19232,393,0,45778,0.00100100000000225
56471000,-432,-3962,128429,4556,-5506,128792,137,19230,561,0,45779,0.0009990000000001942
56472000,4669,6010,129567,-4079,2172,124374,112,19226,459,0,45780,0.0009999999999976694
56473000,-7234,174,131016,-13446,-5157,132394,113,19226,459,0,45781,0.0010000000000047748
56474000,-10618,4119,131399,-18188,6298,123589,126,19220,463,1,45782,0.0009999999999976694
56475000,-6441,7541,130147,-13052,5951,131408,126,19226,516,1,45783,0.0009999999999976694
56476000,-8532,5392,129525,-8748,3379,125693,107,19231,438,1,45784,0.0010000000000047748
56477000,-1440,5083,128315,-6022,-996,123664,115,19217,471,0,45785,0.0009999999999976694
56478000,-5471,-9073,125851,-6049,-15901,130035,104,19229,426,0,45786,0.0009999999999976694
56479000,-774,787,128237,-2559,-3720,124785,100,19229,426,0,45787,0.0010000000000047748
56480000,-5816,7202,128186,-14639,6516,120370,126,19226,410,1,45788,0.0009999999999976694
56481000,-4823,17492,129917,-8410,11446,130647,126,19228,516,1,45789,0.0009999999999976694
56482000,-9626,-684,124589,-1486,-3370,126160,114,19232,467,1,45790,0.0010000000000047748
56483000,-3277,12847,125725,-19335,3067,117884,99,19228,405,0,45791,0.0009999999999976694
56484000,4242,2048,123067,3054,-2236,125751,131,19231,537,0,45792,0.0009999999999976694
56485000,6637,-2586,124446,8408,-1208,134096,109,19231,446,0,45793,0.0010000000000047748
56486000,5891,-2974,125788,-8697,-8951,122966,107,19227,446,0,45794,0.0009999999999976694
56487001,-3113,6230,125885,1382,13343,120654,148,19222,438,1,45795,0.00100100000000225
56488002,-3767,19458,129313,-6161,5026,127524,148,19227,606,1,45796,0.0010009999999951447
56489000,1892,14498,123144,-1865,-2102,122212,107,19232,438,1,45797,0.000998000000002719
56490000,5411,4053,124024,5604,-5230,132569,104,19224,426,0,45798,0.0009999999999976694
56491000,8904,-1728,123928,9795,-4372,114831,96,19224,393,0,45799,0.0010000000000047748
56492000,9344,10468,127472,8831,-9382,125626,116,19224,393,0,45800,0.0009999999999976694
56493000,5177,-8330,125332,288,-11434,135833,128,19226,475,1,45801,0.0009999999999976694
56494000,3785,5406,129620,-4789,14465,117959,128,19223,524,1,45802,0.0010000000000047748
56495000,4788,14826,129538,9122,3505,126818,113,19231,463,1,45803,0.0009999999999976694
56496000,6625,5020,124297,7635,-6897,121222,99,19229,405,1,45804,0.0009999999999976694
56497000,11299,-1589,125824,-494,-7900,138020,139,19229,569,0,45805,0.0010000000000047748
56498000,12178,-7978,125398,14601,-1914,122436,101,19225,569,0,45806,0.0009999999999976694
56499000,9865,-319,128543,9769,-3282,128875,101,19228,414,0,45807,0.0009999999999976694
56500000,1777,1256,130081,-8158,-4518,130086,101,19227,414,1,45808,0.0010000000000047748
56501001,210,15031,129450,5144,-7307,129144,126,19230,516,1,45809,0.0010009999999951447
56502000,-1602,4348,129944,4368,4576,128431,110,19231,451,1,45810,0.0009990000000001942
56503000,4269,11068,132081,-6846,1585,120255,105,19224,430,0,45811,0.0010000000000047748
56504000,11484,-8075,128303,7717,-19609,135548,124,19224,430,0,45812,0.0009999999999976694
56505000,11230,-10263,130270,18441,-9238,130485,104,19234,508,0,45813,0.0009999999999976694
56506000,1061,-5067,128020,-12274,-8169,131759,104,19228,426,0,45814,0.0010000000000047748
56507001,-2988,7706,131356,-20026,17782,119814,118,19218,483,1,45815,0.0010009999999951447
56508000,-2864,16577,133672,4118,975,129691,109,19230,446,1,45816,0.0009990000000001942
56509000,-5237,-3468,130832,3596,-9252,135117,98,19234,401,1,45817,0.0010000000000047748
56510002,-1759,-4684,127262,-25498,-10470,124007,129,19234,401,0,45818,0.0010019999999997253
56511002,-560,-5298,130557,3358,-4702,135455,105,19224,528,0,45819,0.0009999999999976694
56512000,2179,3949,130598,11097,5920,119866,105,19229,430,0,45820,0.000998000000002719
56513000,-6572,6616,131710,-26327,-2738,136680,111,19227,455,1,45821,0.0009999999999976694
56514000,-9149,-4463,129644,-16798,-2533,131346,148,19229,606,1,45822,0.0009999999999976694
56515001,-8378,9370,130834,-4131,9226,122342,115,19231,471,1,45823,0.00100100000000225
56516000,-3833,11189,130433,-7634,8532,128089,101,19231,471,1,45824,0.0009990000000001942
56517001,-3632,1478,127280,-10044,-5081,126028,157,19225,414,0,45825,0.00100100000000225
56518000,-2903,-11868,124810,-10127,-8165,136285,157,19231,643,0,45826,0.0009990000000001942
56519000,-399,650,126007,-4025,9559,119986,113,19229,463,0,45827,0.0009999999999976694
56520000,-5110,11413,129205,-9494,1710,126928,120,19220,491,1,45828,0.0009999999999976694
56521000,-6675,7433,127100,-9788,3998,125079,112,19227,459,1,45829,0.0010000000000047748
56522000,-5095,5312,128318,-15286,2584,127166,108,19227,459,1,45830,0.0009999999999976694
56523001,384,4243,128915,9414,2566,129409,124,19232,442,0,45831,0.00100100000000225
56524002,-1041,3326,124774,-2620,-1557,119465,124,19225,508,0,45832,0.0010009999999951447
56525002,1083,-8074,123951,-14536,-12047,129836,100,19231,410,0,45833,0.0010000000000047748
56526002,1037,5393,127181,-1068,3719,123311,105,19224,430,0,45834,0.0009999999999976694
56527000,-92,8004,124356,5721,9094,121059,141,19225,577,1,45835,0.0009979999999956135
56528003,-5651,8897,125748,-5361,9074,123233,112,19225,459,1,45836,0.001003000000004306
56529000,2865,8495,124572,-7704,3153,125698,97,19227,459,1,45837,0.0009969999999981383
56530000,12463,2813,122157,13122,1608,125321,109,19232,397,0,45838,0.0009999999999976694
56531000,7847,186,125486,10611,-11760,126641,109,19232,446,0,45839,0.0010000000000047748
56532001,6991,-16652,125710,2225,510,123510,110,19230,451,0,45840,0.0010009999999951447
56533001,3592,3532,126504,2088,-4507,126712,116,19224,475,1,45841,0.0010000000000047748
56534000,2892,4671,126704,-565,4740,130610,115,19224,471,1,45842,0.0009990000000001942
56535001,3468,14942,128834,11098,7112,118445,108,19229,471,1,45843,0.0010009999999951447
56536000,4882,14489,125960,1703,-5326,120738,111,19233,442,1,45844,0.0009990000000001942
56537000,11192,-2398,124438,1777,-7502,127691,111,19223,455,0,45845,0.0010000000000047748
56538000,12476,-12105,125152,17341,-13415,133275,89,19237,365,0,45846,0.0009999999999976694
56539000,10816,-11732,125978,-1150,-168,125440,102,19231,418,0,45847,0.0009999999999976694
56540000,2342,9673,131473,-6842,10750,124103,131,19231,537,1,45848,0.0010000000000047748
56541000,-188,12281,132203,5591,4789,131434,115,19228,537,1,45849,0.0009999999999976694
56542000,-85,740,129523,312,45,127294,99,19227,471,1,45850,0.0009999999999976694
56543000,1722,-288,130194,-3086,-12030,130143,99,19230,405,0,45851,0.0010000000000047748
56544001,10434,-15315,126485,16740,-3299,122601,151,19232,618,0,45852,0.0010009999999951447
56545000,6993,2816,131446,9891,3310,128831,103,19228,422,0,45853,0.0009990000000001942
56546000,4067,-11413,128002,-22210,-15104,136838,108,19222,442,0,45854,0.0010000000000047748
56547000,-3440,9285,133057,-884,18739,116115,140,19222,442,1,45855,0.0009999999999976694
56548000,-8743,11863,134316,1133,-1426,130875,107,19232,573,1,45856,0.0009999999999976694
56549000,-4599,-4155,129235,-14866,-5299,129485,107,19235,438,1,45857,0.0010000000000047748
56550001,1720,-10125,130056,-8259,-16797,136560,107,19217,438,0,45858,0.0010009999999951447
56551001,964,-1256,129277,8800,2194,124824,96,19227,393,0,45859,0.0010000000000047748
56552001,-765,11345,130577,-10627,3343,118915,114,19228,467,0,45860,0.0009999999999976694
56553000,-7927,3971,132745,-18629,-394,134799,133,19228,467,1,45861,0.0009990000000001942
56554000,-9046,-3913,129573,-11300,-3419,135405,120,19224,545,1,45862,0.0009999999999976694
56555000,-9744,8080,129213,-4517,3293,125300,120,19232,491,1,45863,0.0010000000000047748
56556000,-5211,21612,130531,-10782,16735,119085,102,19231,418,1,45864,0.0009999999999976694
56557000,267,-4366,124622,-7694,-10491,129100,141,19223,577,0,45865,0.0009999999999976694
56558002,-1547,-12775,127315,-1703,-11588,136276,101,19232,414,0,45866,0.0010019999999997253
56559000,869,2041,125993,-11232,5078,117974,104,19232,414,0,45867,0.000998000000002719
56560000,-6283,12608,130255,-4719,11437,122765,140,19227,426,1,45868,0.0009999999999976694
56561000,-9592,10310,128662,-14143,662,128749,140,19228,573,1,45869,0.0010000000000047748
56562000,-6074,-1766,125371,-10176,-4270,129961,112,19232,459,1,45870,0.0009999999999976694
56563000,-1199,4201,127724,5055,4617,125095,104,19224,426,0,45871,0.0009999999999976694
56564000,605,4903,124820,290,-3509,118580,83,19229,340,0,45872,0.0010000000000047748
56565000,179,3095,123200,-2764,-623,128070,108,19229,340,0,45873,0.0009999999999976694
56566000,506,2589,126547,-3532,-1429,127052,120,19230,442,0,45874,0.0009999999999976694
56567000,-2531,8675,125548,1520,6616,122623,120,19219,491,1,45875,0.0010000000000047748
56568000,-3763,15251,127182,-8937,12947,121743,109,19231,446,1,45876,0.0009999999999976694
56569002,6476,5933,125158,2506,2489,124459,97,19231,397,1,45877,0.0010019999999997253
56570001,9163,-2943,123160,13312,-5997,128725,126,19235,516,0,45878,0.0009990000000001942
56571000,11606,1225,122877,1660,-1937,121866,105,19235,430,0,45879,0.0009990000000001942
56572000,6736,-3574,123743,5796,-8952,131299,110,19228,430,0,45880,0.0009999999999976694
56573002,6254,735,128265,12374,-6536,126361,143,19227,451,1,45881,0.0010019999999997253
56574002,460,4640,127783,-6853,2176,126553,143,19230,586,1,45882,0.0010000000000047748
56575000,-1049,6956,128722,-623,1664,125749,110,19231,451,1,45883,0.0009979999999956135
56576000,7586,6652,126268,14243,3114,121348,96,19224,393,0,45884,0.0010000000000047748
56577000,9893,4283,127047,-1665,-10225,132188,121,19224,496,0,45885,0.0009999999999976694
56578000,9843,-12510,127089,12753,-18043,133457,106,19233,496,0,45886,0.0009999999999976694
56579000,6784,-10945,127200,10226,8393,126614,110,19231,434,0,45887,0.0010000000000047748
56580000,3066,11508,131068,-10656,2926,123900,110,19223,451,1,45888,0.0009999999999976694
56581000,1157,10017,128814,6753,9687,128537,106,19228,434,1,45889,0.0009999999999976694
56582000,376,6988,129610,-8015,-6611,133397,102,19228,418,1,45890,0.0010000000000047748
56583000,8281,-2764,126049,-1476,-15937,123891,126,19228,516,0,45891,0.0009999999999976694
56584000,7496,-4884,127452,21571,-1895,129858,98,19226,516,0,45892,0.0009999999999976694
56585000,9965,-4996,129204,-277,-17094,135096,100,19230,401,0,45893,0.0010000000000047748
56586000,1567,-3546,131028,-20451,8770,124113,100,19227,410,1,45894,0.0009999999999976694
56587000,-380,15361,135012,134,2190,131689,141,19224,577,1,45895,0.0009999999999976694
56588000,-8673,6377,131203,4395,3525,125549,111,19229,455,1,45896,0.0010000000000047748
56589000,-4697,181,128447,-23353,-11786,131108,96,19226,393,1,45897,0.0009999999999976694
56590000,-592,-12876,128458,1638,-15731,136117,120,19226,393,0,45898,0.0009999999999976694
56591000,3290,1231,127347,-95,7334,124825,107,19230,491,0,45899,0.0009999999999976694
56592000,65,9780,133361,-11077,-317,126045,107,19227,438,0,45900,0.0010000000000047748
56593000,-7801,1808,130401,-11937,-4221,128934,117,19219,479,1,45901,0.0009999999999976694
56594000,-8610,5468,132288,-14311,-2953,133978,117,19229,479,1,45902,0.0009999999999976694
56595000,-11160,7419,128488,-10194,3444,126568,105,19229,430,1,45903,0.0010000000000047748
56596000,-839,13498,129841,-6873,4983,122057,117,19229,430,0,45904,0.0009999999999976694
56597000,-5017,689,125006,-11396,-10013,129539,90,19217,479,0,45905,0.0009999999999976694
56598000,590,-2118,126417,-9582,-6861,126810,90,19228,369,0,45906,0.0010000000000047748
56599000,1394,3956,127555,-2083,2595,126717,104,19227,426,0,45907,0.0009999999999976694
56600014,-6043,13667,128843,-7423,11202,123448,136,19228,557,1,45908,0.00101399999999785
56601000,-3782,10461,124887,-17266,10360,122472,115,19232,471,1,45909,0.0009860000000045943
56602000,-6308,8105,129071,-6796,801,128747,100,19232,471,1,45910,0.0009999999999976694
56603000,4844,594,124993,6774,-3580,129078,133,19224,410,0,45911,0.0009999999999976694
56604000,-2934,-4906,124479,-2277,-7295,127376,133,19226,545,0,45912,0.0010000000000047748
56605000,861,-1155,126112,-8228,-21,125828,115,19226,471,0,45913,0.0009999999999976694
56606000,-889,9170,127526,483,5895,123528,117,19219,479,1,45914,0.0009999999999976694
56607000,-2612,8178,127225,-5474,1776,130357,136,19232,557,1,45915,0.0010000000000047748
56608000,-628,7724,125635,-2464,5601,120692,105,19232,557,1,45916,0.0009999999999976694
56609000,1254,17055,124368,3931,7948,119470,107,19228,430,0,45917,0.0009999999999976694
56610000,11565,237,123267,4811,-5766,127880,107,19227,438,0,45918,0.0010000000000047748
56611000,10816,-3886,125468,8409,-6156,125758,96,19228,393,0,45919,0.0009999999999976694
56612000,6983,-1694,125255,-46,-2627,126885,114,19229,467,0,45920,0.0009999999999976694
56613000,3064,2943,126556,1910,1449,123903,132,19220,541,1,45921,0.0010000000000047748
56614000,-193,6496,127317,2536,5104,124272,115,19220,541,1,45922,0.0009999999999976694
56615000,9308,7843,127503,4786,1717,126102,97,19230,471,1,45923,0.0009999999999976694
56616000,7554,7961,124806,2350,4683,120283,97,19231,397,0,45924,0.0010000000000047748
56617000,12350,6645,130414,10539,-1212,128197,143,19233,586,0,45925,0.0009999999999976694
56618000,9366,-11273,126348,15403,-22549,128673,104,19231,426,0,45926,0.0009999999999976694
56619000,3461,-10141,130872,-5755,-10493,136895,107,19227,438,1,45927,0.0010000000000047748
56620000,2826,4972,133223,-7054,8462,118621,127,19227,520,1,45928,0.0009999999999976694
56621001,2987,16989,128269,8462,11420,124569,108,19228,520,1,45929,0.00100100000000225
56622000,1030,6252,129431,-28,994,134026,109,19231,442,1,45930,0.0009990000000001942
56623000,8102,-13956,126210,-8717,-19476,131864,109,19221,446,0,45931,0.0009999999999976694
56624000,10207,-8275,128923,25187,2946,124964,109,19233,446,0,45932,0.0009999999999976694
56625000,4000,724,129819,4159,-5539,128893,107,19230,438,0,45933,0.0010000000000047748
56626000,-1563,-172,131979,-27863,18893,125175,120,19230,491,1,45934,0.0009999999999976694
56627000,-3055,11906,134358,142,-11825,132011,110,19222,491,1,45935,0.0009999999999976694
56628000,-7349,-5267,127580,1661,-4392,130921,94,19229,451,1,45936,0.0010000000000047748
56629000,-3285,462,132316,-16767,-5599,127788,94,19229,385,0,45937,0.0009999999999976694
56630000,-223,-2985,128972,5286,-7690,130134,134,19229,549,0,45938,0.0009999999999976694
56631000,7086,-690,127603,1007,3247,126262,108,19229,442,0,45939,0.0010000000000047748
56632003,-7158,3412,131328,-23350,1662,128036,111,19229,455,0,45940,0.0010029999999972006
56633000,-5555,938,129284,-8042,3818,129758,145,19227,455,1,45941,0.0009969999999981383
56634002,-10007,6064,130642,-5561,605,130357,113,19229,594,1,45942,0.0010019999999997253
56635002,-9765,4490,129998,-13713,8403,124609,113,19232,463,1,45943,0.0010000000000047748
56636002,-1146,5374,129247,-10211,-2226,124333,101,19224,414,0,45944,0.0009999999999976694
56637002,-5816,-3608,126839,-5659,-13284,134462,143,19233,586,0,45945,0.0009999999999976694
56638000,-319,-2584,126237,2818,9761,117510,104,19230,426,0,45946,0.000998000000002719
56639000,-4796,7568,129100,-16202,2362,127365,118,19230,426,1,45947,0.0009999999999976694
56640000,-5630,933,127932,-8686,-215,127793,109,19222,483,1,45948,0.0010000000000047748
56641000,-7239,10181,127519,-7285,5660,124065,109,19230,446,1,45949,0.0009999999999976694
56642000,-2911,9762,125986,-4096,6045,121310,104,19228,426,1,45950,0.0009999999999976694
56643000,482,7538,124322,2020,1478,122852,126,19231,516,0,45951,0.0010000000000047748
56644000,-552,-8179,122260,-15145,-7057,133017,101,19227,414,0,45952,0.0009999999999976694
56645000,6459,82,124324,749,6148,122243,109,19227,414,0,45953,0.0009999999999976694
56646000,-63,8311,126514,5688,3617,127930,147,19224,446,1,45954,0.0010000000000047748
56647000,-3015,5055,125988,-9268,4535,123828,147,19227,602,1,45955,0.0009999999999976694
56648000,-3415,11350,127279,-5396,3289,125963,111,19230,455,1,45956,0.0009999999999976694
56649000,6256,2721,124369,8772,-8518,129417,98,19230,401,0,45957,0.0010000000000047748
56650002,7834,18868,124345,12703,13312,110143,105,19227,430,0,45958,0.0010019999999997253
56651000,5754,-8980,124675,-3606,-16432,133490,112,19227,430,0,45959,0.0009979999999956135
56652000,7721,-11514,127102,6302,-8608,129066,118,19231,459,0,45960,0.0009999999999976694
56653000,2883,9703,127719,8826,7829,122099,118,19222,483,1,45961,0.0010000000000047748
56654000,2531,11856,129402,-2349,13473,119944,112,19228,459,1,45962,0.0009999999999976694
56655000,6409,12512,127252,4220,-530,126301,101,19231,414,1,45963,0.0009999999999976694
56656000,11092,-11778,123809,8825,-14421,134115,115,19224,471,0,45964,0.0010000000000047748
56657000,10652,1490,128428,12165,-4291,121177,92,19224,471,0,45965,0.0009999999999976694
56658000,6699,-5477,126983,7544,-9988,131741,101,19228,377,0,45966,0.0009999999999976694
56659000,6378,1450,129045,-3727,287,128496,101,19230,414,1,45967,0.0010000000000047748
56660000,1740,10711,131160,3529,6002,128314,133,19228,545,1,45968,0.0009999999999976694
56661000,277,8029,129861,2696,1348,127652,114,19232,467,1,45969,0.0009999999999976694
56662000,3828,15980,127204,-2839,11534,120652,99,19226,405,1,45970,0.0010000000000047748
56663002,10724,-11864,125809,2713,-15639,138005,157,19226,643,0,45971,0.0010019999999997253
56664000,14041,-9230,130664,20443,-6200,126866,109,19229,643,0,45972,0.0009979999999956135
56665002,4869,1562,128745,2874,-2594,133142,111,19224,446,0,45973,0.0010019999999997253
56666000,-10,5509,130608,-22698,7221,120377,111,19223,455,1,45974,0.000998000000002719
56667000,-4503,12944,133667,296,5476,139382,136,19233,557,1,45975,0.0009999999999976694
56668000,-4124,-8663,129551,4345,-12155,130194,104,19233,426,1,45976,0.0010000000000047748
56669000,-4197,-3073,129966,-11528,-8291,128017,110,19233,451,0,45977,0.0009999999999976694
56670000,-402,-4686,129563,-9767,-5769,125162,90,19221,451,0,45978,0.0009999999999976694
56671000,3630,6844,130300,4143,1377,126429,108,19227,369,0,45979,0.0010000000000047748
56672000,-4013,1908,130749,-5541,-7738,137638,108,19227,442,0,45980,0.0009999999999976694
56673000,-8099,-7065,130696,-18157,17113,122678,131,19226,537,1,45981,0.0009999999999976694
56674000,-9789,19220,130811,-11811,4969,123828,113,19231,463,1,45982,0.0010000000000047748
56675000,-3865,6482,129196,-3453,-3362,134398,99,19231,405,1,45983,0.0009999999999976694
56676000,-2387,-6782,127615,-10493,-13534,131396,151,19229,405,0,45984,0.0009999999999976694
56677000,-3882,-6743,124071,-10598,1552,120613,102,19226,618,0,45985,0.0010000000000047748
56678002,-2373,12673,128011,-4926,12930,121457,102,19230,418,0,45986,0.0010019999999997253
56679000,-1712,9575,128746,-1672,284,128977,104,19225,426,1,45987,0.0009979999999956135
56680000,-7188,1608,127391,-13610,-1951,130643,127,19229,520,1,45988,0.0010000000000047748
56681000,-8640,3471,127843,-12929,2597,123276,111,19233,455,1,45989,0.0009999999999976694
56682000,-138,13631,128624,6880,9410,121048,110,19233,455,0,45990,0.0009999999999976694
56683000,3094,2357,126137,-176,-11079,129392,85,19218,451,0,45991,0.0010000000000047748
56684000,1953,-9609,123288,-5733,-9572,128738,85,19228,348,0,45992,0.0009999999999976694
56685000,-734,-1922,124608,-15703,10011,124290,107,19227,438,0,45993,0.0009999999999976694
56686000,1126,13052,127399,6846,15830,116671,121,19221,496,1,45994,0.0010000000000047748
56687000,-5375,14229,127969,2459,5364,128512,112,19231,459,1,45995,0.0009999999999976694
56688000,927,2361,125557,-12243,-5594,129543,97,19231,459,1,45996,0.0009999999999976694
56689000,6050,671,123105,13719,1680,123320,132,19232,397,0,45997,0.0010000000000047748
56690000,6242,3741,124779,9839,-2767,122539,132,19235,541,0,45998,0.0009999999999976694
56691000,10233,571,125494,192,-8226,126194,108,19223,442,0,45999,0.0009999999999976694
56692000,415,-2652,126526,10412,-6595,130737,112,19228,459,1,46000,0.0010000000000047748
56693000,4997,1621,126625,-4068,788,123821,131,19231,537,1,46001,0.0009999999999976694
56694000,4620,11475,128455,1802,12518,122458,108,19231,537,1,46002,0.0009999999999976694
56695000,7303,9684,128348,12504,-4077,128043,102,19231,442,1,46003,0.0010000000000047748
56696000,11279,-2767,123045,-834,-9795,121019,102,19222,418,0,46004,0.0009999999999976694
56697000,7505,5296,129843,6600,-4971,134178,110,19231,451,0,46005,0.0009999999999976694
56698000,9639,-18149,122301,12559,-15084,129653,105,19228,430,0,46006,0.0010000000000047748
56699000,4222,4976,132383,-7856,-984,125515,116,19222,475,1,46007,0.0009999999999976694
56700000,-1243,10970,132180,-5256,6202,129400,110,19222,475,1,46008,0.0009999999999976694
56701000,1283,8296,130215,4224,603,127449,101,19234,451,1,46009,0.0010000000000047748
56702000,1018,21,130610,802,-8985,131680,101,19230,414,0,46010,0.0009999999999976694
56703000,8868,-12155,125563,2880,-14946,125387,131,19222,537,0,46011,0.0009999999999976694
56704000,7260,-1190,131489,13824,-9920,133997,102,19240,418,0,46012,0.0010000000000047748
56705000,3504,-4078,130512,-8414,-2518,131254,102,19228,418,0,46013,0.0009999999999976694
56706000,3592,12607,132194,-16904,10975,121806,147,19228,602,1,46014,0.0009999999999976694
56707000,-10275,9769,133496,9359,5545,128780,111,19228,602,1,46015,0.0010000000000047748
56708000,-5071,-3638,127534,-10181,-12481,123921,98,19233,455,1,46016,0.0009999999999976694
56709000,-1121,-7620,130501,-14275,-10789,137704,98,19225,401,0,46017,0.0009999999999976694
56710000,-428,2160,128466,3981,136,123731,121,19230,496,0,46018,0.0010000000000047748
56711000,-505,7862,131198,-3026,7244,123594,111,19228,455,0,46019,0.0009999999999976694
56712000,-5693,-3254,131652,-16181,-10443,135059,120,19228,491,1,46020,0.0009999999999976694
56713000,-7509,-4413,129273,-13720,-2326,134759,112,19222,491,1,46021,0.0010000000000047748
56714000,-11056,15578,131482,-10639,12050,119451,104,19230,459,1,46022,0.0009999999999976694
56715000,-3993,16119,128380,-12726,13440,124350,104,19229,426,1,46023,0.0009999999999976694
56716000,-3011,-2533,126866,-5640,-9233,139520,121,19216,496,0,46024,0.0009999999999976694
56717000,-4090,-9381,124870,-4910,-9823,123782,93,19228,381,0,46025,0.0010000000000047748
56718000,-917,6077,127900,-10739,4932,124689,107,19228,438,0,46026,0.0009999999999976694
56719000,-4485,8783,129502,-9039,11017,121351,142,19228,438,1,46027,0.0009999999999976694
56720000,-6741,12344,129102,-6794,7517,132497,118,19228,582,1,46028,0.0010000000000047748
56721000,-8591,-409,126648,-13213,-3853,125130,118,19228,483,1,46029,0.0009999999999976694
56722000,-3337,4440,125939,-8544,1553,124449,101,19227,414,0,46030,0.0009999999999976694
56723002,829,1888,125591,829,-8131,127547,113,19232,463,0,46031,0.0010019999999997253
56724001,3017,2931,124755,-146,1172,122476,110,19227,451,0,46032,0.0009990000000001942
56725000,523,3429,127044,-7158,-9394,131616,117,19227,451,0,46033,0.0009990000000001942
56726000,-3026,7484,124534,-3777,12799,113042,140,19224,479,1,46034,0.0010000000000047748
56727002,-87,19986,126737,-2314,15284,123543,140,19228,573,1,46035,0.0010019999999997253
56728000,4481,7759,125950,2144,-1570,125989,104,19235,426,1,46036,0.0009979999999956135
56729000,9576,536,122225,6744,-3269,124282,110,19225,451,0,46037,0.0010000000000047748
56730000,9347,-6356,124584,5258,-9440,127924,96,19226,393,0,46038,0.0009999999999976694
56731000,8157,-1314,126755,2709,26,122707,114,19226,393,0,46039,0.0009999999999976694
56732005,8043,-4703,126935,12706,-504,134081,136,19226,467,1,46040,0.001005000000006362
56733007,-2089,667,126853,-5459,10614,119288,136,19224,557,1,46041,0.0010019999999997253
56734000,4210,15293,128077,-1299,3114,125662,115,19230,471,1,46042,0.0009929999999940264
56735001,7685,10557,127647,24459,-3150,121111,97,19228,397,1,46043,0.00100100000000225
56736000,10999,6956,125442,-882,-5424,126419,152,19230,623,0,46044,0.0009990000000001942
56737000,12157,-11356,127692,1350,-19487,136313,111,19230,623,0,46045,0.0009999999999976694
56738000,6125,-6821,128755,16139,-1726,124222,111,19230,455,0,46046,0.0010000000000047748
56739001,6870,456,129326,-5569,-3873,132872,111,19226,455,1,46047,0.0010009999999951447
56740000,-1886,15019,132103,-6850,17658,119755,125,19226,512,1,46048,0.0009990000000001942
56741000,3751,9154,129228,9739,-1998,130071,107,19231,438,1,46049,0.0010000000000047748
56742000,4217,-6109,126087,2854,-12761,129322,111,19220,455,0,46050,0.0009999999999976694
56743001,9352,-3733,128384,0,-17272,125966,96,19220,455,0,46051,0.00100100000000225
56744000,11581,6014,130026,14528,-2863,126313,102,19231,393,0,46052,0.0009990000000001942
56745000,2058,-3001,130213,-13196,3875,125392,102,19231,418,0,46053,0.0009999999999976694
56746000,2980,1326,136236,-10747,-4582,137548,125,19219,512,1,46054,0.0009999999999976694
56747002,-9013,2893,129857,9388,-415,122615,111,19233,455,1,46055,0.0010019999999997253
56748000,-6124,5135,131110,-13616,-5819,130676,95,19229,389,1,46056,0.000998000000002719
56749000,1346,-8333,129366,-12615,-6715,133915,137,19229,389,0,46057,0.0009999999999976694
56750000,970,-602,130150,9406,-2648,124740,103,19227,561,0,46058,0.0010000000000047748
56751000,-20,4173,130906,-3245,-348,130723,103,19229,422,0,46059,0.0009999999999976694
56752000,-9088,2967,130878,-23105,1785,128687,111,19225,455,1,46060,0.0009999999999976694
56753000,-5491,4015,130760,-9312,2588,131800,134,19229,549,1,46061,0.0010000000000047748
56754000,-9801,5955,128893,-5312,1298,127305,115,19232,471,1,46062,0.0009999999999976694
56755000,-1563,11211,130969,-11622,3386,124390,107,19232,438,1,46063,0.0009999999999976694
56756000,-2353,7415,125674,-6668,-1748,125993,129,19222,438,0,46064,0.0010000000000047748
56757000,-1493,-7601,126450,-6551,-7414,133043,102,19230,528,0,46065,0.0009999999999976694
56758000,-192,-1791,127601,-3062,-2059,128868,102,19227,418,0,46066,0.0009999999999976694
56759002,-6544,10551,127225,-9497,11839,118245,122,19219,500,1,46067,0.0010019999999997253
56760002,-5121,19556,128701,-11145,12159,131152,115,19232,471,1,46068,0.0010000000000047748
56761000,-7530,-4768,126461,-2357,-8671,131841,101,19232,414,1,46069,0.0009979999999956135
56762000,121,-4685,123083,-4951,-5109,116114,131,19229,414,0,46070,0.0010000000000047748
56763000,-3117,13922,127860,-6713,9797,125637,104,19235,537,0,46071,0.0009999999999976694
56764000,815,682,124137,4315,-4896,126377,104,19228,426,0,46072,0.0009999999999976694
56765001,1155,3042,128175,-5408,-8612,132925,111,19220,455,0,46073,0.00100100000000225
56766000,-3700,-67,125128,-4858,10900,119612,157,19233,643,1,46074,0.0009990000000001942
56767000,622,18174,129216,690,28013,112885,112,19233,459,1,46075,0.0009999999999976694
56768000,3645,15641,123677,1045,-12685,132543,96,19231,459,1,46076,0.0010000000000047748
56769000,9725,-5558,121980,3452,-10589,126421,107,19222,393,0,46077,0.0009999999999976694
56770001,8711,-4,122997,7862,-6557,123356,107,19229,438,0,46078,0.00100100000000225
56771001,4974,1399,124409,1268,3693,120859,119,19228,487,0,46079,0.0009999999999976694
56772000,7012,4730,125970,1919,-317,131417,125,19223,512,1,46080,0.0009990000000001942
56773000,1901,-27,126935,-435,2230,124562,111,19228,455,1,46081,0.0009999999999976694
56774000,8069,9763,126735,8907,3786,124024,101,19228,455,1,46082,0.0010000000000047748
56775000,6304,601,125863,7741,-1567,124447,123,19231,414,0,46083,0.0009999999999976694
56776000,11646,751,127098,-1097,-2069,126398,123,19228,504,0,46084,0.0009999999999976694
56777000,9028,-6801,127232,18889,-11081,134126,97,19232,397,0,46085,0.0009999999999976694
56778000,2732,-2031,128570,-5533,-5354,126505,104,19227,426,0,46086,0.0010000000000047748
56779000,3600,3268,130534,-8250,11866,121351,136,19227,557,1,46087,0.0009999999999976694
56780002,-478,13520,130781,9320,8112,128780,112,19227,557,1,46088,0.0010019999999997253
56781000,3948,1325,129433,192,-7417,129436,101,19233,459,1,46089,0.000998000000002719
56782000,5432,-3295,127932,-2911,-10633,126392,101,19226,414,0,46090,0.0009999999999976694
56783000,9634,-2903,132714,14404,-4625,125199,133,19233,545,0,46091,0.0009999999999976694
56784000,5490,-2638,128800,2068,-12576,133874,104,19231,426,0,46092,0.0010000000000047748
56785000,-927,-2565,132485,-16428,1597,127926,106,19222,434,1,46093,0.0009999999999976694
56786002,-4153,9359,133850,-6076,2197,128029,129,19222,434,1,46094,0.0010019999999997253
56787002,-6525,3019,131167,282,-420,129035,102,19228,528,1,46095,0.0009999999999976694
56788000,-5041,-1830,130260,-16114,-4515,132929,102,19229,418,1,46096,0.000998000000002719
56789000,2455,-7261,126831,-3628,-6780,129248,116,19224,475,0,46097,0.0009999999999976694
56790000,730,4727,128175,5599,-162,124909,93,19229,381,0,46098,0.0010000000000047748
56791000,-2025,7149,130916,-17024,6932,129602,109,19228,446,0,46099,0.0009999999999976694
56792000,-6081,-2003,129806,-13027,-3931,130245,137,19228,446,1,46100,0.0009999999999976694
56793000,-10421,-1663,132712,-7342,-4963,138295,116,19227,561,1,46101,0.0010000000000047748
56794000,-10051,2371,129160,-14275,4475,125119,116,19230,475,1,46102,0.0009999999999976694
56795000,-5156,10851,131932,-9336,3557,121436,99,19232,405,0,46103,0.0009999999999976694
56796000,-3259,-1405,124977,-7951,-7543,130951,159,19225,651,0,46104,0.0010000000000047748
56797000,-4105,-3607,125522,-3064,-5764,127680,111,19229,455,0,46105,0.0009999999999976694
56798000,-3953,5104,126743,-11599,-103,122721,111,19229,455,0,46106,0.0009999999999976694
56799000,-4836,12453,128677,-11844,8649,123284,128,19220,455,1,46107,0.0010000000000047748
56800000,-6628,11642,129917,-7992,4440,127158,110,19233,524,1,46108,0.0009999999999976694
56801000,-4326,-163,125811,-10711,-4313,126987,110,19230,451,1,46109,0.0009999999999976694
56802000,-1761,1944,124934,1629,-1700,124117,115,19220,471,0,46110,0.0010000000000047748
56803000,125,2094,126105,-4447,1761,124753,91,19228,373,0,46111,0.0009999999999976694
56804000,4247,4148,122822,-981,2254,122229,106,19228,434,0,46112,0.0009999999999976694
56805000,-1793,563,126830,-6234,-1507,131291,126,19230,434,1,46113,0.0010000000000047748
56806000,344,6303,125330,-3680,4016,120091,111,19218,516,1,46114,0.0009999999999976694
56807000,-5027,8495,127329,3795,-854,125852,111,19229,455,1,46115,0.0009999999999976694
56808003,5925,6152,124738,-5239,5651,114778,94,19229,385,0,46116,0.001003000000004306
56809000,7076,11645,123943,5815,4772,125149,129,19234,528,0,46117,0.0009969999999981383
56810000,12368,-1726,122520,14252,-8732,130937,110,19234,451,0,46118,0.0009999999999976694
56811000,9048,-7732,125203,3419,-10778,130972,113,19229,451,0,46119,0.0010000000000047748
56812000,1902,-806,128978,2460,3749,124650,129,19223,463,1,46120,0.0009999999999976694
56813000,4529,13783,130811,148,9962,120176,129,19230,528,1,46121,0.0009999999999976694
56814000,2714,7563,126346,7444,476,135430,104,19233,426,1,46122,0.0010000000000047748
56815000,9165,-1813,125006,4374,5369,118526,102,19218,418,0,46123,0.0009999999999976694
56816002,9133,-4082,124234,3311,-8287,130652,102,19231,418,0,46124,0.0010019999999997253
56817001,9558,-4886,129277,13270,-9721,128490,103,19231,418,0,46125,0.0009990000000001942
56818000,7098,-3449,125970,-7479,-8719,129236,118,19224,422,1,46126,0.0009990000000001942
56819000,1464,-562,130785,2516,10331,130573,118,19221,483,1,46127,0.0009999999999976694
56820000,3398,17816,131134,4862,11602,120088,109,19232,446,1,46128,0.0010000000000047748
56821000,-196,1355,127370,-4220,-5670,131625,99,19231,405,1,46129,0.0009999999999976694
56822000,8529,-1088,128155,1349,-14314,128757,136,19222,557,0,46130,0.0009999999999976694
56823000,11526,-17075,125647,21677,-13940,132353,104,19222,557,0,46131,0.0010000000000047748
56824000,5756,-979,130339,3206,5163,127205,108,19227,426,0,46132,0.0009999999999976694
56825000,-37,3835,131727,-30343,-722,123630,108,19226,442,1,46133,0.0009999999999976694
56826000,-4669,16278,133656,9689,11215,132744,147,19229,602,1,46134,0.0010000000000047748
56827000,-6086,5351,130513,3630,-1650,127707,109,19232,446,1,46135,0.0009999999999976694
56828027,-6176,-3974,129328,-18104,-14579,132907,100,19224,410,0,46136,0.0010270000000005552
56829000,-142,-13681,128680,-4851,-15691,132528,114,19224,410,0,46137,0.000973000000001889
56830000,4326,7943,130640,8528,-3917,129363,112,19232,467,0,46138,0.0009999999999976694
56831000,-392,5774,131347,-11673,1250,124844,112,19228,459,0,46139,0.0009999999999976694
56832000,-8997,11748,132250,-23484,10713,125177,123,19220,504,1,46140,0.0010000000000047748
56833000,-6615,-789,128922,-8106,-4468,135536,112,19230,459,1,46141,0.0009999999999976694
56834000,-4765,12474,130515,-1819,10803,117509,100,19229,410,1,46142,0.0009999999999976694
56835000,-2793,4961,127745,-13739,-2496,132859,127,19229,410,0,46143,0.0010000000000047748
56836000,-3112,-3536,126162,-7375,-8033,124076,99,19218,520,0,46144,0.0009999999999976694
56837000,-191,264,126410,-6048,-7110,128482,99,19228,405,0,46145,0.0009999999999976694
56838000,1041,6573,130391,-2113,7080,126729,105,19229,430,1,46146,0.0010000000000047748
56839000,-8848,12452,126802,-12544,10129,118307,148,19230,606,1,46147,0.0009999999999976694
56840000,-4417,4183,129864,-16592,264,136133,118,19227,483,1,46148,0.0009999999999976694
56841000,-2175,7066,125798,6512,1372,117841,103,19227,483,1,46149,0.0009999999999976694
56842000,1958,9196,126039,108,-7600,131195,117,19221,422,0,46150,0.0010000000000047748
56843000,424,-5768,124192,-4829,-6637,125285,117,19232,479,0,46151,0.0009999999999976694
56844000,4210,-2353,123799,-9247,-362,124303,110,19229,451,0,46152,0.0009999999999976694
56845000,2848,12967,128699,3679,12134,125258,118,19220,483,1,46153,0.0010000000000047748
56846000,-4476,15636,125157,-3588,7555,120124,129,19232,528,1,46154,0.0009999999999976694
56847000,-256,3994,124364,-6982,-873,131283,103,19232,422,1,46155,0.0009999999999976694
56848000,4687,4342,124676,6347,909,120405,114,19232,422,0,46156,0.0010000000000047748
56849000,10729,-1009,125452,7520,-6660,127980,99,19227,467,0,46157,0.0009999999999976694
56850000,11064,3053,126472,5023,-4773,121090,99,19227,405,0,46158,0.0009999999999976694
56851000,3020,-1275,124936,669,-10075,129372,112,19228,459,0,46159,0.0010000000000047748
56852000,4724,2886,126603,9433,3864,128680,142,19226,582,1,46160,0.0009999999999976694
56853001,1670,19925,130325,-601,19547,115109,117,19226,479,1,46161,0.00100100000000225
56854002,9463,8537,127489,6412,391,127724,98,19231,479,1,46162,0.0010009999999951447
56855003,11448,-2206,124194,7303,-7020,126132,147,19227,401,0,46163,0.00100100000000225
56856000,10586,-1710,128890,4488,-8037,136196,147,19231,602,0,46164,0.0009969999999981383
56857000,6671,-11736,126816,18278,-12783,128917,103,19229,422,0,46165,0.0010000000000047748
56858000,2135,-5115,129642,-8372,-7336,130558,107,19227,438,1,46166,0.0009999999999976694
56859000,907,10050,131460,-6372,15767,123177,122,19230,500,1,46167,0.0009999999999976694
56860000,-2187,20185,130958,7181,331,127150,109,19230,500,1,46168,0.0010000000000047748
56861001,5112,-7329,128698,-5075,2850,126923,114,19233,446,1,46169,0.0010009999999951447
56862000,9403,-1435,128167,4032,-15105,126064,114,19218,467,0,46170,0.0009990000000001942
56863001,8602,-10619,127972,16349,-13584,138090,89,19230,365,0,46171,0.00100100000000225
56864000,3814,-9121,128468,-13035,-2285,123055,105,19227,430,0,46172,0.0009990000000001942
56865000,-1426,9262,134179,-9405,4891,132999,129,19224,528,1,46173,0.0009999999999976694
56866000,-6906,5705,132659,1139,4729,124762,114,19224,528,1,46174,0.0010000000000047748
56867000,-11068,3696,129703,-18388,-5028,128140,98,19229,467,1,46175,0.0009999999999976694
56868000,3372,-4757,130443,-3339,-11376,134299,98,19229,401,0,46176,0.0009999999999976694
56869000,-2029,-4571,125931,8085,-3884,120116,143,19231,586,0,46177,0.0010000000000047748
56870000,2688,3286,130130,-14342,5094,128650,106,19228,434,0,46178,0.0009999999999976694
56871000,-4138,2956,131882,-12923,-4606,129788,113,19224,463,0,46179,0.0009999999999976694
56872002,-8049,1211,129634,-9933,2951,131280,132,19224,463,1,46180,0.0010019999999997253
56873000,-8199,6786,130693,-14420,13866,121983,109,19229,541,1,46181,0.000998000000002719
56874000,-7877,9867,130372,-10437,6927,123884,109,19231,446,1,46182,0.0009999999999976694
56875000,-887,-3222,127896,-4196,-12526,135838,108,19222,442,0,46183,0.0010000000000047748
56876000,-4530,-7153,126012,-2076,-3864,124892,125,19233,512,0,46184,0.0009999999999976694
56877001,-2884,2294,128625,-9361,-1710,124513,104,19231,426,0,46185,0.00100100000000225
56878000,-5611,6700,127051,-12090,20253,123593,121,19231,426,1,46186,0.0009990000000001942
56879000,-5837,8926,128343,-7788,-701,130944,116,19222,496,1,46187,0.0009999999999976694
56880000,-8357,162,126344,-7945,7361,123802,116,19231,475,1,46188,0.0009999999999976694
56881000,-4328,15286,126191,-11624,8026,119733,102,19227,418,0,46189,0.0010000000000047748
56882000,2339,167,126535,4170,-4322,128042,135,19232,553,0,46190,0.0009999999999976694
56883000,4324,-2434,124051,1186,-7568,127176,111,19227,455,0,46191,0.0009999999999976694
56884000,1391,-7825,124288,-9840,-8016,130558,113,19227,455,0,46192,0.0010000000000047748
56885000,-2977,21783,127228,-2360,28507,109512,157,19225,463,1,46193,0.0009999999999976694
56886000,-2128,13176,127004,-2934,3057,129256,157,19225,643,1,46194,0.0009999999999976694
56887000,2390,-175,124680,1049,4829,129430,110,19231,451,1,46195,0.0010000000000047748
56888002,4965,3699,123254,1222,229,119304,100,19222,410,0,46196,0.0010019999999997253
56889001,6546,-2132,123749,5492,-1185,119197,91,19230,373,0,46197,0.0009990000000001942
56890000,9380,4006,127126,13135,-7384,126842,109,19230,446,0,46198,0.0009990000000001942
56891000,3761,-14143,125923,4862,-16712,136109,119,19228,446,1,46199,0.0009999999999976694
56892000,2047,5474,128517,-4415,7358,120707,111,19222,487,1,46200,0.0009999999999976694
56893000,1255,16281,129977,3990,9863,125128,111,19230,455,1,46201,0.0010000000000047748
56894000,6889,8966,125435,7009,4079,123508,99,19233,405,1,46202,0.0009999999999976694
56895000,10909,-145,125771,3862,-6141,126882,125,19226,512,0,46203,0.0009999999999976694
56896000,10608,-3057,127083,14956,-9420,134739,98,19226,401,0,46204,0.0010000000000047748
56897000,8068,-3567,124895,6064,-2505,123825,101,19227,401,0,46205,0.0009999999999976694
56898000,7611,4976,131253,-1871,5209,128251,143,19230,414,1,46206,0.0009999999999976694
56899000,1236,8288,129772,1685,4591,130005,143,19227,586,1,46207,0.0010000000000047748
56900000,-331,7490,129916,-1704,3004,123842,113,19230,463,1,46208,0.0009999999999976694
56901000,4442,3521,130188,-2604,-6169,127677,101,19225,414,0,46209,0.0009999999999976694
56902000,12215,-14041,126744,7271,-17148,128411,127,19225,520,0,46210,0.0009999999999976694
56903001,10097,-1807,131310,16243,-5499,132719,102,19231,520,0,46211,0.00100100000000225
56904000,1229,-6713,129648,-4994,-10693,126701,112,19233,418,0,46212,0.0009990000000001942
56905000,249,11656,132799,-17131,10343,125815,112,19222,459,1,46213,0.0009999999999976694
56906000,-6082,8656,134417,3685,3321,133601,122,19234,500,1,46214,0.0010000000000047748
56907000,-5089,0,129481,3811,-8517,127962,101,19237,414,1,46215,0.0009999999999976694
56908000,-29,-11344,128293,-18294,370,134840,118,19224,483,0,46216,0.0009999999999976694
56909000,-585,621,131186,-3482,-5064,119340,96,19224,483,0,46217,0.0010000000000047748
56910000,4016,3516,128647,11753,-845,131771,107,19228,393,0,46218,0.0009999999999976694
56911000,-7737,837,131173,-32353,-8718,135050,107,19228,438,1,46219,0.0009999999999976694
56912000,-8405,5449,131458,-11554,5426,125063,143,19223,586,1,46220,0.0010000000000047748
56913000,-7108,5292,128267,-395,4744,132970,115,19232,471,1,46221,0.0009999999999976694
56914002,-2590,11343,131164,-9864,9908,118743,98,19230,401,1,46222,0.0010019999999997253
56915002,-1844,3551,125887,-12197,-14062,131342,165,19230,401,0,46223,0.0009999999999976694
56916000,-2470,-9896,124418,-1964,-6440,129590,105,19233,676,0,46224,0.000998000000002719
56917000,213,9727,129153,-3887,6502,121246,105,19228,430,0,46225,0.0009999999999976694
56918000,-4925,8733,127678,-8782,4807,125162,109,19224,446,1,46226,0.0010000000000047748
56919000,-9299,8829,128445,-13353,2030,125383,127,19228,520,1,46227,0.0009999999999976694
56920000,-5123,783,128202,-9530,708,141916,105,19233,430,1,46228,0.0009999999999976694
56921000,2365,4081,125370,8510,7279,112239,113,19233,430,0,46229,0.0010000000000047748
56922000,-878,4713,124829,-5209,-2911,125940,95,19227,463,0,46230,0.0009999999999976694
56923000,1915,-3557,123364,-8128,-8278,127740,95,19227,389,0,46231,0.0009999999999976694
56924000,1293,5502,126293,841,-1729,123930,110,19229,451,0,46232,0.0010000000000047748
56925000,-921,5921,126852,708,5068,128924,131,19222,537,1,46233,0.0009999999999976694
56926000,-6795,17942,127024,-8306,19144,111245,112,19229,459,1,46234,0.0009999999999976694
56927000,4024,14637,125168,-4990,2132,129064,93,19229,459,1,46235,0.0010000000000047748
56928000,11379,-4799,122690,16507,-4716,125741,123,19230,381,0,46236,0.0009999999999976694
56929000,10668,-56,124470,7802,-3595,124363,123,19232,504,0,46237,0.0009999999999976694
56930000,6561,-5090,124743,1422,-6467,124087,114,19229,467,0,46238,0.0010000000000047748
56931000,3734,2190,127837,3245,-5305,128415,116,19224,475,1,46239,0.0009999999999976694
56932000,2959,723,129103,500,4427,134347,129,19225,528,1,46240,0.0009999999999976694
56933000,1608,10034,127265,3518,11744,115375,102,19225,528,1,46241,0.0010000000000047748
56934000,8352,7298,126293,3297,1509,129434,107,19232,418,1,46242,0.0009999999999976694
56935000,9410,-2074,124050,5109,-12202,124847,107,19222,438,0,46243,0.0009999999999976694
56936000,11845,-6169,125055,15909,-18600,134870,93,19233,381,0,46244,0.0010000000000047748
56937000,5027,-11009,128768,1613,-7961,129433,104,19230,426,0,46245,0.0009999999999976694
56938000,2255,15342,133155,-10194,11524,121028,122,19226,500,1,46246,0.0009999999999976694
56939000,-532,12785,131837,7632,4589,133886,110,19226,451,1,46247,0.0010000000000047748
56940000,-2060,2611,127360,-2227,-642,125580,98,19228,451,1,46248,0.0009999999999976694
56941002,6562,-5601,127832,-2755,-9245,130661,144,19230,401,0,46249,0.0010019999999997253
56942000,8921,-14831,126528,14852,-14319,123981,144,19225,590,0,46250,0.000998000000002719
56943000,6980,687,129510,6617,-4000,131702,115,19234,471,0,46251,0.0009999999999976694
56944000,1046,-701,130654,-18206,-987,126576,110,19227,451,0,46252,0.0009999999999976694
56945000,-1199,11113,132473,-8985,7499,124484,142,19227,582,1,46253,0.0010000000000047748
56946000,-8323,1033,132244,13130,-3037,137131,107,19228,582,1,46254,0.0009999999999976694
56947000,-5630,-8289,128556,-15771,-13516,127900,104,19233,438,1,46255,0.0009999999999976694
56948000,1515,-8632,130377,-14139,-12492,137598,104,19225,426,0,46256,0.0010000000000047748
56949000,-641,2753,129508,10459,-1287,121669,103,19233,422,0,46257,0.0009999999999976694
56950000,547,7334,129131,-6023,2530,131433,110,19226,451,0,46258,0.0009999999999976694
56951000,-11990,3593,132985,-20666,-1309,134322,124,19220,508,1,46259,0.0010000000000047748
56952000,-8925,-272,129631,-14902,-3238,129212,113,19220,508,1,46260,0.0009999999999976694
56953000,-12524,13342,131379,-4642,9921,124101,100,19229,463,1,46261,0.0009999999999976694
56954000,-4047,7636,130541,-15456,-6698,127035,100,19229,410,1,46262,0.0010000000000047748
56955000,-3279,-10362,126270,-7872,4931,130146,130,19227,532,0,46263,0.0009999999999976694
56956000,-710,-6586,124550,432,-10356,127411,101,19231,414,0,46264,0.0009999999999976694
56957000,1084,6227,125854,-13756,10358,118792,104,19230,426,0,46265,0.0010000000000047748
56958000,-6739,15469,129903,-659,566,129997,145,19230,426,1,46266,0.0009999999999976694
56959000,-7216,9026,127536,-14192,1829,123059,113,19224,594,1,46267,0.0009999999999976694
56960000,-5134,3139,126635,-11952,-935,129035,113,19230,463,1,46268,0.0010000000000047748
56961000,-384,-1330,124872,2441,1317,122340,101,19226,414,0,46269,0.0009999999999976694
56962000,3744,7980,125038,566,-103,121224,109,19231,446,0,46270,0.0009999999999976694
56963000,275,-1598,123287,-6041,-7243,130572,108,19228,442,0,46271,0.0010000000000047748
56964000,-204,4506,127105,-1533,11361,121904,118,19228,442,0,46272,0.0009999999999976694
56965000,-3972,10121,127297,-6306,6707,126036,120,19221,483,1,46273,0.0009999999999976694
56966000,-1251,10738,127923,-3150,6646,124954,120,19231,491,1,46274,0.0009999999999976694
56967001,2441,4084,124954,9179,174,119630,96,19232,393,1,46275,0.00100100000000225
56968000,8422,3515,125848,1841,-6182,121813,116,19232,475,0,46276,0.0009990000000001942
56969000,12484,82,124520,13132,-8454,127392,104,19226,426,0,46277,0.0009999999999976694
56970000,4041,-6967,125243,2284,-5077,128259,114,19226,426,0,46278,0.0010000000000047748
56971000,4019,7274,127307,-1964,10238,119623,146,19227,467,1,46279,0.0009999999999976694
56972000,2297,10566,127215,3790,6379,127011,146,19230,598,1,46280,0.0009999999999976694
56973000,5972,6057,126766,5443,-857,127772,113,19230,463,1,46281,0.0010000000000047748
56974000,8835,-420,124966,9585,-2215,122597,97,19226,397,0,46282,0.0009999999999976694
56975001,12031,4034,128194,556,-1413,127270,126,19232,516,0,46283,0.00100100000000225
56976002,10298,-12088,125851,15446,-18902,132930,106,19232,516,0,46284,0.0010009999999951447
56977002,4388,1403,129633,2472,-7029,125224,112,19230,434,0,46285,0.0010000000000047748
56978003,3155,8357,130304,-11633,-4194,131100,114,19221,459,1,46286,0.0010009999999951447
56979000,6,25442,130222,9171,29717,113547,114,19230,467,1,46287,0.0009970000000052437
56980001,5247,12301,129921,1435,-3873,131915,105,19232,430,1,46288,0.0010009999999951447
56981000,9674,-19363,124769,-3211,-21889,134236,116,19220,475,0,46289,0.0009990000000001942
56982000,8444,-4092,129997,15021,-3595,120993,94,19220,385,0,46290,0.0010000000000047748
56983000,8222,-1080,130994,11749,-7129,133469,105,19229,385,0,46291,0.0009999999999976694
56984000,-427,3426,131725,-19095,3163,122690,132,19231,430,1,46292,0.0009999999999976694
56985000,-1652,4841,134606,-8614,-3245,136739,132,19224,541,1,46293,0.0010000000000047748
56986000,-8197,7922,130646,6944,1029,123498,111,19230,455,1,46294,0.0009999999999976694
56987000,-2377,5926,130498,-16365,-2454,125397,94,19227,385,1,46295,0.0009999999999976694
56988001,521,-7175,129338,-6032,-13750,135871,143,19227,586,0,46296,0.00100100000000225
56989001,6264,-1531,127895,5879,-3218,122643,108,19235,586,0,46297,0.0009999999999976694
56990000,-5038,-894,131815,-5722,-5326,138026,112,19227,442,0,46298,0.0009990000000001942
56991001,-7403,10984,130070,-18681,9325,117496,112,19224,459,1,46299,0.00100100000000225
56992000,-8662,6906,130381,-9615,4076,136685,134,19229,549,1,46300,0.0009990000000001942
56993000,-10816,10,128502,-7066,2748,128766,109,19230,446,1,46301,0.0009999999999976694
56994000,1153,14499,129879,-10670,9001,117948,111,19216,455,0,46302,0.0010000000000047748
56995003,-6475,-8737,125183,-6017,-11966,124590,115,19216,455,0,46303,0.0010029999999972006
56996000,2400,-5487,127464,-4990,-7155,127542,102,19231,471,0,46304,0.0009969999999981383
56997000,-2518,5248,128708,-5866,1486,125504,102,19231,418,0,46305,0.0010000000000047748
56998000,-5385,10748,127052,-7686,7445,120156,125,19225,512,1,46306,0.0009999999999976694
56999000,-7002,12718,129019,-11331,7945,128472,117,19226,479,1,46307,0.0009999999999976694
57000000,-4832,6654,127624,-9279,667,125089,101,19228,414,1,46308,0.0010000000000047748
57001000,1815,2240,126701,2204,-6874,129378,137,19228,414,0,46309,0.0009999999999976694
57002000,-2361,-11060,126358,-37,-4192,126662,107,19236,561,0,46310,0.0009999999999976694
57003000,2409,3617,124780,-8228,3017,119136,107,19231,438,0,46311,0.0010000000000047748
57004000,-2878,8827,126410,3084,9278,128620,107,19224,438,1,46312,0.0009999999999976694
57005001,-1011,4915,125137,-9345,9991,122955,155,19229,635,1,46313,0.00100100000000225
57006001,-945,12844,124961,2542,8284,122887,109,19230,446,1,46314,0.0009999999999976694
57007000,4897,5961,122089,4069,2817,121956,101,19230,446,0,46315,0.0009990000000001942
57008000,13190,2802,124305,10159,-7714,125410,81,19222,414,0,46316,0.0009999999999976694
57009000,9272,-9009,123408,9963,-14077,131301,81,19229,332,0,46317,0.0010000000000047748
57010001,8269,-5520,125022,-3417,840,123904,112,19227,459,0,46318,0.0010009999999951447
57011000,3205,10183,128283,4761,10099,123070,123,19225,504,1,46319,0.0009990000000001942
57012000,3612,15530,128166,4330,164,123644,111,19230,455,1,46320,0.0010000000000047748
57013000,6674,4337,125708,1664,-1773,128201,99,19230,455,1,46321,0.0009999999999976694
57014000,7976,-3595,124971,-2597,6491,124200,131,19225,405,0,46322,0.0009999999999976694
57015000,15578,3649,127704,21606,-3806,124023,131,19226,537,0,46323,0.0010000000000047748
57016000,5016,-13376,125290,11532,-18054,134893,109,19228,446,0,46324,0.0009999999999976694
57017000,3911,-2483,131906,-17492,-3878,131389,108,19226,442,1,46325,0.0009999999999976694
57018000,1977,7330,130604,6539,4420,128293,132,19227,541,1,46326,0.0010000000000047748
57019000,37,14472,129851,9416,15637,120495,112,19227,541,1,46327,0.0009999999999976694
57020000,4720,11648,130903,-10718,-5683,127098,103,19231,459,1,46328,0.0009999999999976694
57021000,8360,-16498,125906,7456,-23214,136535,103,19222,422,0,46329,0.0010000000000047748
57022000,11343,-6649,129320,20382,-963,127801,125,19232,512,0,46330,0.0009999999999976694
57023000,3867,-4165,126438,-12081,-214,126978,101,19228,414,0,46331,0.0009999999999976694
57024000,1209,15578,132927,-14891,13010,122580,115,19220,471,1,46332,0.0010000000000047748
57025000,-3666,411,130077,7325,-10394,135932,108,19220,442,1,46333,0.0009999999999976694
57026000,-7756,3095,132746,-6063,33,129181,97,19230,442,1,46334,0.0009999999999976694
57027000,501,-2824,128090,-18626,-5395,127045,124,19233,397,0,46335,0.0009999999999976694
57028000,-303,-6123,130683,3893,-10944,134360,124,19226,508,0,46336,0.0010000000000047748
57029000,5291,2721,129330,-1664,-2636,124130,101,19230,414,0,46337,0.0009999999999976694
57030000,-8358,4496,130638,-22380,-4566,132020,110,19226,451,0,46338,0.0009999999999976694
57031002,-8368,2594,132364,-11440,1742,129829,148,19227,606,1,46339,0.0010020000000068308
57032000,-9771,8277,132234,-4956,1202,125700,112,19227,606,1,46340,0.0009979999999956135
57033003,-8450,6228,130462,-13624,1290,130318,101,19227,459,1,46341,0.001003000000004306
57034000,-3074,5165,129613,-8641,570,123752,101,19226,414,0,46342,0.0009969999999981383
57035002,-5507,-6702,124170,-6424,-6650,131149,158,19232,647,0,46343,0.0010019999999997253
57036001,-1889,-1853,127418,-7156,-3637,125681,104,19230,426,0,46344,0.0009990000000001942
57037001,-6195,4187,127166,-11889,2507,121954,112,19230,459,1,46345,0.0009999999999976694
57038000,-5583,6845,130889,-11379,3093,127098,115,19220,459,1,46346,0.0009990000000001942
57039000,-7033,12553,126288,-12543,9007,122860,107,19228,471,1,46347,0.0009999999999976694
57040002,-4049,2152,126897,-165,-6294,133796,107,19227,438,1,46348,0.0010019999999997253
57041000,-1019,1034,123337,-1316,-4252,114202,123,19227,504,0,46349,0.000998000000002719
57042002,952,278,126181,-14428,-3070,133615,98,19231,401,0,46350,0.0010019999999997253
57043001,3163,2326,126683,6709,-1206,119744,107,19227,438,0,46351,0.0009990000000001942
57044000,-1697,8678,125853,-948,4273,129913,138,19227,438,1,46352,0.0009990000000001942
57045000,-5264,4095,126210,-15659,2575,123483,113,19222,565,1,46353,0.0009999999999976694
57046000,852,10862,126676,3687,10437,123808,113,19230,463,1,46354,0.0010000000000047748
57047000,7727,5674,123672,5516,-1803,124223,96,19228,393,0,46355,0.0009999999999976694
57048000,5373,3246,123288,2184,-4288,118521,121,19231,496,0,46356,0.0009999999999976694
57049000,7476,-10551,124225,2871,-3490,140657,119,19229,487,0,46357,0.0010000000000047748
57050000,5709,-8481,126051,7449,115,118163,117,19229,487,0,46358,0.0009999999999976694
57051000,4613,6564,127648,1772,5317,129031,119,19222,479,1,46359,0.0009999999999976694
57052000,852,9533,129470,2201,10300,120043,119,19230,487,1,46360,0.0010000000000047748
57053000,5968,8154,125680,7459,1307,125620,105,19228,430,1,46361,0.0009999999999976694
57054000,9371,-10725,124926,7204,-9941,132176,111,19223,455,0,46362,0.0009999999999976694
57055000,7188,2232,127435,4507,-2331,120563,88,19233,360,0,46363,0.0010000000000047748
57056000,10309,-7346,126241,10085,-9585,134549,103,19233,360,0,46364,0.0009999999999976694
57057000,3508,-2073,129273,-2677,6024,125509,125,19230,422,1,46365,0.0009999999999976694
57058000,1134,6338,130421,-3936,8194,133427,125,19223,512,1,46366,0.0010000000000047748
57059000,-2183,5269,129450,7633,6183,123276,114,19232,467,1,46367,0.0009999999999976694
57060000,3657,4936,127950,-3494,-7591,128754,97,19231,397,1,46368,0.0009999999999976694
57061000,10830,-8592,125643,9965,-7586,129608,151,19234,618,0,46369,0.0010000000000047748
57062000,8383,-7942,130549,14980,-5351,127761,105,19234,618,0,46370,0.0009999999999976694
57063000,5602,-10694,129393,-10855,-14930,137299,107,19232,430,0,46371,0.0009999999999976694
57064000,-4432,9542,133484,-8170,12930,120547,107,19222,438,1,46372,0.0010000000000047748
57065000,-6323,16557,132240,-4092,1574,130230,138,19228,565,1,46373,0.0009999999999976694
57066000,-4483,-2104,128807,-2829,-4013,132584,105,19234,430,1,46374,0.0009999999999976694
57067000,-3884,-7227,128560,-11467,-9608,127582,103,19223,422,0,46375,0.0010000000000047748
57068000,3662,-2294,128058,-1126,-4821,126140,95,19223,422,0,46376,0.0009999999999976694
57069002,2533,4883,131968,6140,2355,125636,112,19227,389,0,46377,0.0010019999999997253
57070000,-4516,3595,130937,-18095,-2990,132511,112,19226,459,0,46378,0.000998000000002719
57071003,-9141,-1872,129250,-17400,-2276,131659,132,19224,541,1,46379,0.0010029999999972006
57072000,-8019,9020,131597,-8872,1826,126784,115,19229,471,1,46380,0.0009969999999981383
57073001,-2306,20493,129939,-2093,11618,120301,95,19229,389,1,46381,0.00100100000000225
57074000,-2498,922,127212,-12320,-5820,127385,136,19229,557,0,46382,0.0009990000000001942
57075000,-32,-9442,127303,-7371,-12152,133352,112,19221,557,0,46383,0.0009999999999976694
57076000,-2574,8967,127142,3561,9005,116564,112,19230,459,0,46384,0.0010000000000047748
57077000,-3865,11456,127578,-8971,4434,126155,112,19226,459,1,46385,0.0009999999999976694
57078000,-6370,8010,129889,-16006,3089,126950,142,19229,582,1,46386,0.0009999999999976694
57079000,-4855,1296,128305,-8042,-4010,128883,112,19235,459,1,46387,0.0010000000000047748
57080000,1255,10603,128929,3848,6650,122947,104,19235,426,0,46388,0.0009999999999976694
57081000,2110,2893,125641,-606,-6167,124675,90,19220,426,0,46389,0.0009999999999976694
57082000,3565,-3539,122624,-5854,-6212,128697,110,19230,369,0,46390,0.0010000000000047748
57083001,707,5012,126052,-5221,-194,125560,110,19232,451,0,46391,0.0010009999999951447
57084000,862,4473,125420,1021,1573,124660,120,19219,491,1,46392,0.0009990000000001942
57085000,-1408,32998,128921,-2988,25895,116834,110,19230,451,1,46393,0.0010000000000047748
57086000,2995,1317,122526,3053,-5515,133019,95,19233,389,1,46394,0.0009999999999976694
57087001,10143,640,123168,5326,2371,122314,123,19233,389,0,46395,0.00100100000000225
57088000,10577,9490,123621,5184,3891,118000,107,19232,504,0,46396,0.0009990000000001942
57089000,11449,-1742,125762,16905,-7148,121794,107,19224,438,0,46397,0.0009999999999976694
57090000,5275,-6900,127290,2140,-11074,135889,110,19230,451,1,46398,0.0009999999999976694
57091000,2448,-5756,126916,-2273,-5787,118277,145,19228,594,1,46399,0.0009999999999976694
57092000,5187,21257,129003,9661,19451,120266,109,19231,446,1,46400,0.0010000000000047748
57093000,6906,5206,125450,6661,-599,125992,97,19231,446,1,46401,0.0009999999999976694
57094000,12865,3364,127751,475,-7388,128343,120,19225,397,0,46402,0.0009999999999976694
57095000,7510,-10900,126833,13156,-20828,137270,120,19232,491,0,46403,0.0010000000000047748
57096002,8088,-14666,128393,14738,10118,118469,106,19231,434,0,46404,0.0010019999999997253
57097000,2400,10117,129998,-4074,11,130004,109,19221,446,1,46405,0.0009979999999956135
57098000,-183,6772,129658,-3299,7440,131891,106,19230,434,1,46406,0.0010000000000047748
57099000,3561,8206,130892,1664,-801,127270,102,19230,434,1,46407,0.0009999999999976694
57100000,616,2653,128318,-766,-1142,124592,123,19231,418,0,46408,0.0009999999999976694
57101001,10646,-7233,126551,8161,-9689,130395,123,19220,504,0,46409,0.00100100000000225
57102000,5382,-18430,127549,17409,-19886,140458,98,19231,401,0,46410,0.0009990000000001942
57103001,3858,-5577,129911,-19436,2944,121501,104,19226,426,0,46411,0.00100100000000225
57104000,1227,20588,134035,-8303,19167,121085,139,19228,569,1,46412,0.0009990000000001942
57105000,-10245,15657,134192,7830,2150,128688,111,19228,569,1,46413,0.0009999999999976694
57106000,-3270,-8655,127948,-19064,-22389,136268,96,19233,455,1,46414,0.0009999999999976694
57107000,-4085,-18384,128176,-5863,-15755,136197,96,19226,393,0,46415,0.0010000000000047748
57108000,808,3028,131568,-694,15293,113793,125,19232,512,0,46416,0.0009999999999976694
57109000,-80,11947,131693,-5236,3699,128327,108,19227,442,0,46417,0.0009999999999976694
57110000,-9071,-3521,130728,-18561,-8632,136273,115,19224,471,1,46418,0.0010000000000047748
57111000,-7527,-3733,129618,-17320,-3085,132513,120,19224,471,1,46419,0.0009999999999976694
57112000,-11717,12485,130756,-4757,17838,114945,106,19232,491,1,46420,0.0009999999999976694
57113000,-3493,19183,131262,-16602,6733,125546,106,19233,434,1,46421,0.0010000000000047748
57114000,-3064,-3355,127787,-8063,-16354,137086,115,19218,471,0,46422,0.0009999999999976694
57115000,-4835,-11758,125204,-2473,-11137,128858,90,19233,369,0,46423,0.0009999999999976694
57116000,-1613,3628,127067,-12347,4037,123437,103,19228,422,0,46424,0.0010000000000047748
57117000,-7223,14726,129701,-5697,14320,117588,129,19228,528,1,46425,0.0009999999999976694
57118000,-6696,14885,128914,-12994,4590,129836,115,19223,528,1,46426,0.0009999999999976694
57119000,-8455,-4117,125694,-10701,-11729,132040,100,19234,471,1,46427,0.0010000000000047748
57120000,-854,13555,128131,-40,14047,116196,100,19223,410,0,46428,0.0009999999999976694
57121000,543,-405,123493,-4366,-947,127407,131,19234,537,0,46429,0.0009999999999976694
57122000,1509,-9404,123403,-5345,-11676,129766,107,19229,438,0,46430,0.0010000000000047748
57123000,870,2663,125640,-9087,-2253,129083,112,19229,459,0,46431,0.0009999999999976694
57124008,-3076,14102,124411,-1431,11592,116679,139,19223,459,1,46432,0.0010079999999987876
57125000,-2251,22295,129649,-3126,13763,121016,104,19230,569,1,46433,0.0009920000000036566
57126002,1269,-1523,123605,-3391,-6311,130488,104,19232,426,1,46434,0.0010019999999997253
57127000,9435,4968,125348,5512,-2309,122875,103,19227,422,0,46435,0.0009979999999956135
57128000,7211,1519,123666,9472,-4685,124350,91,19225,373,0,46436,0.0010000000000047748
57129000,6894,1169,126118,3767,-3584,122018,113,19225,463,0,46437,0.0009999999999976694
57130000,1978,-3158,124905,5759,-1531,133334,128,19224,463,1,46438,0.0009999999999976694
57131000,457,1503,126929,-5935,5007,120959,113,19227,524,1,46439,0.0010000000000047748
57132000,5050,19530,130686,6277,14259,124519,113,19229,463,1,46440,0.0009999999999976694
57133000,8771,5408,122643,12831,1192,122727,96,19232,393,1,46441,0.0009999999999976694
57134000,11032,2524,128324,-2001,-2254,126196,140,19230,573,0,46442,0.0010000000000047748
57135000,12020,-17952,125663,8101,-21409,138489,102,19228,418,0,46443,0.0009999999999976694
57136000,7925,-10896,126819,7671,-12067,132411,104,19228,418,0,46444,0.0009999999999976694
57137000,213,9746,132578,-6718,5933,120677,129,19226,426,1,46445,0.0010000000000047748
57138000,-249,15864,129044,-1005,9666,127757,129,19230,528,1,46446,0.0009999999999976694
57139000,1875,2798,129724,7190,939,131968,112,19238,459,1,46447,0.0009999999999976694
57140000,7425,-6314,125075,-1942,-6984,124922,107,19221,438,0,46448,0.0010000000000047748
57141002,10278,3731,130301,6073,-699,125697,112,19233,459,0,46449,0.0010019999999997253
57142005,5369,-5769,128638,15479,-18105,136730,106,19233,459,0,46450,0.0010029999999972006
57143000,240,-10405,131838,-15033,2991,135478,117,19234,434,0,46451,0.0009950000000031878
57144003,-1412,5228,134689,-11989,1551,127584,117,19222,479,1,46452,0.0010029999999972006
57145000,-9051,7893,131179,8440,12917,122807,109,19230,446,1,46453,0.0009969999999981383
57146000,-3298,8387,133187,-21100,-10842,131102,100,19228,410,1,46454,0.0010000000000047748
57147000,1775,-17806,126409,4155,-6961,130671,135,19221,553,0,46455,0.0009999999999976694
57148000,2267,-1409,129742,2043,4133,130090,109,19221,553,0,46456,0.0009999999999976694
57149000,-1567,-2041,127953,-13096,1496,124777,111,19228,446,0,46457,0.0010000000000047748
57150000,-6696,5524,132592,-13926,1803,133289,111,19224,455,1,46458,0.0009999999999976694
57151000,-8417,76,130264,-9459,838,131860,148,19229,606,1,46459,0.0009999999999976694
57152000,-9328,7909,130444,-6674,11293,125317,115,19234,471,1,46460,0.0009999999999976694
57153000,-1777,9460,129622,-8189,2114,124293,107,19225,438,1,46461,0.0010000000000047748
57154000,-4387,-4398,124182,-10444,-5774,125958,157,19225,438,0,46462,0.0009999999999976694
57155000,2416,-3442,127164,-431,-5350,134427,111,19228,643,0,46463,0.0009999999999976694
57156000,-2814,-2813,125175,-7002,8971,117930,111,19228,455,0,46464,0.0010000000000047748
57157000,-2877,15434,130536,-8503,3347,133360,116,19221,475,1,46465,0.0009999999999976694
57158000,-7229,2304,125930,-3947,2023,122631,113,19228,463,1,46466,0.0009999999999976694
57159000,-6320,14233,126518,-15277,10583,123599,109,19229,446,1,46467,0.0010000000000047748
57160000,3696,2518,126127,7737,-4193,124738,129,19229,528,0,46468,0.0009999999999976694
57161001,-1128,724,123599,1990,-172,120686,111,19225,528,0,46469,0.00100100000000225
57162000,5993,-7546,125035,-7938,-11367,136674,110,19229,455,0,46470,0.0009990000000001942
57163000,-887,5106,127520,5821,13727,116521,110,19226,451,1,46471,0.0009999999999976694
57164000,1527,16334,127388,-5873,5743,129823,146,19224,598,1,46472,0.0009999999999976694
57165000,-2251,4619,123466,-3032,8110,120923,114,19233,467,1,46473,0.0010000000000047748
57166000,5274,9035,124890,-2523,-5139,124162,97,19233,397,1,46474,0.0009999999999976694
57167000,13356,4766,125066,16145,-5024,121307,107,19229,397,0,46475,0.0009999999999976694
57168000,7907,2339,123152,5659,-5267,121812,112,19229,438,0,46476,0.0010000000000047748
57169000,9875,-10808,128269,-31,-19445,138038,112,19228,459,0,46477,0.0009999999999976694
57170002,2398,7693,126249,14296,8746,113968,116,19223,475,1,46478,0.0010019999999997253
57171000,1750,17338,128345,-3805,5383,132385,116,19227,475,1,46479,0.000998000000002719
57172000,4665,2041,125940,1601,1007,122410,102,19227,418,1,46480,0.0009999999999976694
57173000,9660,7257,126406,10274,1148,121735,112,19232,418,0,46481,0.0009999999999976694
57174000,13906,-3767,126945,5469,-7432,131661,91,19220,459,0,46482,0.0010000000000047748
57175000,9587,-8831,125758,14519,-13490,126264,91,19232,373,0,46483,0.0009999999999976694
57176000,5555,-7859,127733,-2437,-7554,133430,103,19230,422,0,46484,0.0009999999999976694
57177000,1278,12426,129150,-8091,10124,123819,130,19229,532,1,46485,0.0010000000000047748
57178000,1263,4506,130629,4884,-1658,133990,113,19227,463,1,46486,0.0009999999999976694
57179000,4517,17264,129382,4436,10712,116839,98,19227,463,1,46487,0.0009999999999976694
57180000,6187,-10420,127101,-11085,-23452,138340,158,19226,401,0,46488,0.0010000000000047748
57181001,10491,-11636,130216,26703,-6734,132200,158,19235,647,0,46489,0.0010009999999951447
57182000,4965,8566,128079,5499,2128,123271,106,19232,434,0,46490,0.0009990000000001942
57183000,-1632,4379,132116,-22853,4061,125747,108,19222,442,1,46491,0.0010000000000047748
57184000,-2904,9446,134787,-1115,663,137501,135,19231,553,1,46492,0.0009999999999976694
57185000,-6590,-10197,128726,3954,-11760,131979,104,19231,553,1,46493,0.0009999999999976694
57186000,-4773,2913,131272,-18142,-802,120354,107,19233,426,1,46494,0.0010000000000047748
57187000,-1297,1085,130572,-10355,-3058,135868,107,19220,438,0,46495,0.0009999999999976694
57188000,3563,-4656,128132,7538,276,127016,86,19230,352,0,46496,0.0009999999999976694
57189001,-6991,4579,131826,-9997,-2482,131612,109,19228,446,0,46497,0.00100100000000225
57190000,-8978,-2083,130854,-22103,13238,121796,133,19221,545,1,46498,0.0009990000000001942
57191000,-8836,17894,131790,-8746,613,126863,115,19221,545,1,46499,0.0009999999999976694
57192000,-9604,-2908,129360,-7809,-12620,142467,97,19231,471,1,46500,0.0010000000000047748
57193000,-1393,9530,129300,-4948,3321,114071,97,19229,397,0,46501,0.0009999999999976694
57194000,-7654,1111,125060,-10541,-3625,136551,149,19224,610,0,46502,0.0009999999999976694
57195002,-1203,-1276,128020,-8394,1593,119747,104,19231,426,0,46503,0.0010019999999997253
57196003,-2203,5495,124857,-8914,-823,128473,105,19225,430,0,46504,0.00100100000000225
57197000,-7185,3090,127942,-9759,5740,126535,129,19225,430,1,46505,0.0009969999999981383
57198000,-5673,11224,127884,-12848,3003,120689,113,19227,528,1,46506,0.0010000000000047748
57199000,-5363,2944,127615,-4546,1177,132720,113,19231,463,1,46507,0.0009999999999976694
57200000,661,7936,126667,-1730,-1629,119167,105,19221,430,0,46508,0.0009999999999976694
57201000,-3719,-6312,122495,-8685,-11446,130845,84,19231,344,0,46509,0.0010000000000047748
57202001,-338,8126,126403,-2754,17949,113588,110,19228,451,0,46510,0.0010009999999951447
57203000,-2603,2345,125637,4584,-1726,132496,125,19228,451,1,46511,0.0009990000000001942
57204000,-4368,-994,126756,-9386,6286,127491,111,19217,512,1,46512,0.0010000000000047748
57205000,-1114,12873,126272,-4005,8787,118898,111,19230,455,1,46513,0.0009999999999976694
57206000,2846,7226,125079,9381,6875,123857,97,19230,397,0,46514,0.0009999999999976694
57207001,10144,5584,123603,2383,-2562,122727,130,19234,532,0,46515,0.00100100000000225
57208000,6881,-11278,122863,6097,-14241,131255,108,19228,442,0,46516,0.0009990000000001942
57209000,6330,-2141,125781,3959,-1278,123995,112,19228,459,0,46517,0.0009999999999976694
57210000,2979,3395,127319,472,-998,126181,136,19227,459,1,46518,0.0010000000000047748
57211000,1746,15006,131160,999,7225,118597,110,19228,557,1,46519,0.0009999999999976694
57212000,4018,8642,126782,4542,-1555,130990,110,19232,451,1,46520,0.0009999999999976694
57213000,8114,-2400,125962,2903,-9892,126464,98,19226,401,0,46521,0.0009999999999976694
57214000,7963,10217,127685,8627,2158,117431,109,19234,446,0,46522,0.0010000000000047748
57215005,8048,-9962,125926,8916,-17027,134706,107,19234,438,0,46523,0.0010049999999992565
57216000,6071,-9161,130338,-3252,-9298,132343,117,19228,438,1,46524,0.0009949999999960824
57217000,1458,11087,131966,-119,11668,125187,110,19226,479,1,46525,0.0010000000000047748
57218000,-499,15356,130319,-1971,9259,122630,110,19229,451,1,46526,0.0009999999999976694
57219000,2838,3309,129110,433,-7862,128141,99,19232,405,1,46527,0.0009999999999976694
57220000,8753,-12266,128349,3057,-21831,134296,124,19221,508,0,46528,0.0010000000000047748
57221000,13106,-7357,128783,14539,-6185,126908,98,19221,401,0,46529,0.0009999999999976694
57222000,3351,4740,131724,5779,-597,128182,105,19234,401,0,46530,0.0009999999999976694
57223000,1837,730,129582,-23061,231,125649,146,19231,430,1,46531,0.0010000000000047748
57224000,-7043,11077,132822,237,6059,130697,146,19227,598,1,46532,0.0009999999999976694
57225000,-4212,-1941,130384,5606,-11176,134576,110,19233,451,1,46533,0.0009999999999976694
57226000,-4271,5719,129994,-16360,2615,123190,92,19228,377,0,46534,0.0010000000000047748
57227000,4995,-5166,127721,-8195,-6981,130320,121,19231,496,0,46535,0.0009999999999976694
57228003,4326,2198,130047,7420,-1247,126914,113,19231,496,0,46536,0.0010029999999972006
57229002,41,-885,129317,-11649,-2950,132074,120,19230,463,0,46537,0.0009990000000001942
57230000,-8306,3906,131745,-19236,-260,127750,120,19221,491,1,46538,0.000998000000002719
57231000,-7516,6352,130847,-8461,4766,125077,114,19225,467,1,46539,0.0009999999999976694
57232000,-6328,14908,130515,-2694,10508,125602,102,19230,418,1,46540,0.0010000000000047748
57233000,-1179,-2147,127571,-9307,-6857,134442,117,19214,479,0,46541,0.0009999999999976694
57234000,-1996,-7049,125006,-8184,-7657,123108,94,19214,479,0,46542,0.0009999999999976694
57235000,266,9087,128174,-3065,7423,123601,103,19232,385,0,46543,0.0010000000000047748
57236000,328,6969,126863,-6123,2244,124896,103,19230,422,1,46544,0.0009999999999976694
57237002,-6708,3366,127172,-3229,8746,134607,137,19225,561,1,46545,0.0010019999999997253
57238000,-5609,1982,126793,-18913,2034,116765,114,19235,467,1,46546,0.000998000000002719
57239001,-635,10649,126491,722,6318,122764,99,19225,405,1,46547,0.0010009999999951447
57240000,3176,-205,127423,-5101,-10935,131913,113,19225,405,0,46548,0.0009990000000001942
57241000,3379,-4292,122686,-891,-2332,118513,110,19231,463,0,46549,0.0010000000000047748
57242000,582,808,125419,-4355,1086,133234,110,19229,451,0,46550,0.0009999999999976694
57243000,1691,9133,126660,1115,14302,113446,111,19226,455,1,46551,0.0009999999999976694
57244000,-4413,20091,126884,-4007,8883,126950,136,19227,557,1,46552,0.0010000000000047748
57245000,2247,1380,125185,-3959,-3408,130053,102,19231,418,1,46553,0.0009999999999976694
57246000,4977,3795,123773,16029,1804,118955,108,19231,418,0,46554,0.0009999999999976694
57247000,8435,5678,124712,1284,2242,123812,95,19225,442,0,46555,0.0010000000000047748
57248000,11988,-5295,122933,7388,-2435,119847,95,19227,389,0,46556,0.0009999999999976694
57249000,5681,-4419,127751,10872,-8552,142902,112,19227,459,0,46557,0.0009999999999976694
57250000,6373,-5725,123430,-5909,9497,115348,132,19227,541,1,46558,0.0010000000000047748
57251000,2531,17648,131513,6228,12792,125143,114,19229,467,1,46559,0.0009999999999976694
57252000,7089,4134,126413,8933,-5573,129437,97,19229,397,1,46560,0.0009999999999976694
57253000,11757,-1361,123403,-419,-1553,122361,147,19227,397,0,46561,0.0010000000000047748
57254000,7309,650,129344,13862,-10017,132948,103,19232,602,0,46562,0.0009999999999976694
57255000,6263,-8848,126645,8857,-9473,123850,103,19226,422,0,46563,0.0009999999999976694
57256000,2978,5310,130259,-5750,2784,131279,104,19226,426,1,46564,0.0010000000000047748
57257000,71,2910,130309,192,7711,128262,126,19226,516,1,46565,0.0009999999999976694
57258000,2528,16737,130960,772,8280,123018,108,19226,442,1,46566,0.0009999999999976694
57259003,4689,2748,128490,753,-592,127759,112,19231,442,1,46567,0.001003000000004306
57260002,10826,-10085,128368,2583,-19055,128419,103,19214,459,0,46568,0.0009990000000001942
57261001,9556,-11330,130411,14526,-13322,136435,103,19231,422,0,46569,0.0009990000000001942
57262001,2479,-7918,127088,-9071,-4490,128997,105,19230,430,0,46570,0.0009999999999976694
57263000,1676,15333,135210,-15958,14231,123183,121,19220,496,1,46571,0.0009990000000001942
57264000,-6512,11069,132275,8343,1250,126998,113,19220,463,1,46572,0.0009999999999976694
57265000,-7045,5264,128898,-10521,-3549,135328,97,19230,463,1,46573,0.0010000000000047748
57266001,-1094,-16122,128212,-17488,-16237,134881,139,19230,397,0,46574,0.0010009999999951447
57267000,-1078,-1415,130371,5138,-1058,122582,139,19229,569,0,46575,0.0009990000000001942
57268000,1605,6307,130567,-2157,4236,126470,106,19227,434,0,46576,0.0010000000000047748
57269000,-8916,-2786,131337,-17644,-9054,133765,109,19224,446,1,46577,0.0009999999999976694
57270000,-6237,-1472,129648,-13078,-3206,130770,141,19229,577,1,46578,0.0009999999999976694
57271000,-11324,8024,130026,-8273,5121,127365,111,19229,577,1,46579,0.0010000000000047748
57272002,-6933,13426,131028,-14027,9135,118227,105,19230,455,1,46580,0.0010019999999997253
57273002,-2336,2092,128762,-8847,-8691,129968,105,19227,430,0,46581,0.0009999999999976694
57274000,-7641,-10533,123670,-8358,-16487,132983,141,19230,577,0,46582,0.000998000000002719
57275000,-982,838,128694,-1533,302,125291,106,19225,434,0,46583,0.0009999999999976694
57276000,-8854,12183,128367,-6421,7438,120068,118,19220,483,1,46584,0.0009999999999976694
57277000,-6998,12677,129129,-15195,6295,124635,112,19220,483,1,46585,0.0009999999999976694
57278000,-10194,990,128677,-11120,-3834,131216,105,19227,459,1,46586,0.0010000000000047748
57279000,-197,3136,124951,-5729,436,121124,105,19231,430,0,46587,0.0009999999999976694
57280000,-472,7534,125680,2559,4051,125106,131,19228,537,0,46588,0.0009999999999976694
57281000,-511,-4937,122996,-6060,-10616,128960,108,19230,442,0,46589,0.0010000000000047748
57282000,3635,-748,124477,-11934,-2035,124327,111,19227,455,0,46590,0.0009999999999976694
57283000,-5003,11214,127846,2616,6762,124973,149,19227,455,1,46591,0.0009999999999976694
57284000,-1741,6988,125878,-2919,21904,116290,109,19224,610,1,46592,0.0010000000000047748
57285002,-1337,12495,125014,-6782,-6403,126494,109,19232,446,1,46593,0.0010019999999997253
57286000,7915,-6629,121730,-1927,-9456,129726,100,19226,410,0,46594,0.0009979999999956135
57287000,8267,4486,124875,14114,752,120146,102,19229,418,0,46595,0.0010000000000047748
57288000,6061,-1656,126791,-5282,-5435,131006,113,19225,463,0,46596,0.0009999999999976694
57289000,5793,-5072,127200,6907,-4360,124991,118,19225,463,1,46597,0.0009999999999976694
57290000,-3946,2228,126198,-5622,4080,127791,106,19220,483,1,46598,0.0010000000000047748
57291001,9186,10699,127418,3626,18314,121941,106,19233,434,1,46599,0.0010009999999951447
57292001,4891,8402,126850,19957,1443,121848,101,19232,414,1,46600,0.0010000000000047748
57293000,10826,-2955,123935,-7397,-2453,126630,118,19220,483,0,46601,0.0009990000000001942
57294000,10413,-3082,128527,14448,-16088,130652,105,19226,430,0,46602,0.0009999999999976694
57295001,3596,-16147,126771,8942,-13619,137675,109,19226,446,0,46603,0.00100100000000225
57296002,5884,4915,130915,-6636,13673,118058,137,19228,446,1,46604,0.0010009999999951447
57297000,-4891,11698,132278,2309,7098,127813,112,19226,561,1,46605,0.000998000000002719
57298000,5507,5390,129449,6092,-4254,131141,112,19230,459,1,46606,0.0009999999999976694
57299000,4688,-889,125705,943,-3346,124609,100,19227,410,0,46607,0.0010000000000047748
57300000,11188,-6775,128888,3797,-4839,129871,155,19232,635,0,46608,0.0009999999999976694
57301000,11199,-910,128055,16614,-5935,127893,105,19232,430,0,46609,0.0009999999999976694
57302000,-1153,-11431,129056,-14566,-6629,136701,106,19228,430,0,46610,0.0010000000000047748
57303000,4166,6307,133129,-11195,7066,128295,127,19223,434,1,46611,0.0009999999999976694
57304000,-9779,6118,131035,11723,2282,129313,127,19228,520,1,46612,0.0009999999999976694
57305000,-3021,6891,130749,-13172,1805,124670,102,19238,418,1,46613,0.0010000000000047748
57306000,941,-5540,128876,-11919,-16506,136099,113,19224,463,0,46614,0.0009999999999976694
57307001,2167,-5338,129182,11331,-10365,129922,94,19224,385,0,46615,0.00100100000000225
57308001,860,18711,131119,-5564,13480,116828,107,19230,385,0,46616,0.0009999999999976694
57309000,-8493,-1688,131257,-20076,-7151,134943,135,19228,438,1,46617,0.0009990000000001942
57310000,-5473,-251,133533,-6053,-1656,130639,135,19223,553,1,46618,0.0009999999999976694
57311000,-10794,6334,128418,-8165,4785,124290,116,19231,475,1,46619,0.0010000000000047748
57312000,-2043,17296,131932,-12294,13699,118111,100,19228,410,1,46620,0.0009999999999976694
57313000,-1296,-1795,126673,-3183,-10207,130596,153,19223,627,0,46621,0.0009999999999976694
57314000,-359,-9404,126056,-5301,-11006,133032,102,19223,627,0,46622,0.0010000000000047748
57315000,-2102,-2503,127292,-6049,-4051,125188,105,19227,418,0,46623,0.0009999999999976694
57316000,-6296,16084,129823,-10748,14020,118689,105,19228,430,1,46624,0.0009999999999976694
57317000,-5550,12307,128008,-8233,1210,129710,131,19229,537,1,46625,0.0010000000000047748
57318000,-10001,-210,125612,-6900,-3664,127627,109,19232,446,1,46626,0.0009999999999976694
57319000,3660,14637,128845,-4650,3667,121880,109,19224,446,0,46627,0.0009999999999976694
57320000,-2533,7809,123565,4426,4989,120528,86,19224,446,0,46628,0.0010000000000047748
57321000,5937,1345,126575,-4861,-5480,129607,105,19232,352,0,46629,0.0009999999999976694
57322002,870,-6128,124008,-2380,-6049,130808,105,19232,430,0,46630,0.0010019999999997253
57323002,-1861,16698,127348,-2551,15930,116981,129,19222,528,1,46631,0.0009999999999976694
57324000,-767,9164,126551,-6401,4810,121777,115,19233,471,1,46632,0.000998000000002719
57325000,3902,8105,125409,4207,3843,123910,93,19229,381,1,46633,0.0009999999999976694
57326000,11713,534,123300,4074,-7024,125368,127,19229,381,0,46634,0.0010000000000047748
57327000,7563,520,123532,11231,-4109,123375,108,19235,520,0,46635,0.0009999999999976694
57328000,8658,3987,127701,4074,-1314,130604,108,19228,442,0,46636,0.0009999999999976694
57329000,3090,-1107,125490,2920,-2993,125589,113,19225,463,1,46637,0.0010000000000047748
57330001,1352,11156,131162,1731,5607,126777,133,19229,545,1,46638,0.0010009999999951447
57331000,4793,452,125431,3198,7845,122831,107,19229,438,1,46639,0.0009990000000001942
57332000,7686,8647,125652,6466,-2705,121764,101,19229,438,0,46640,0.0010000000000047748
57333000,13433,-4827,125367,6535,-11144,134477,102,19219,414,0,46641,0.0009999999999976694
57334000,10179,-6558,126938,12626,-5235,124884,102,19233,418,0,46642,0.0009999999999976694
57335000,3759,-4152,127321,-5758,-2080,128566,103,19227,422,0,46643,0.0010000000000047748
57336000,3226,3757,130239,-1903,8055,129514,118,19223,483,1,46644,0.0009999999999976694
57337000,1784,13936,129602,10530,-424,125665,112,19228,459,1,46645,0.0009999999999976694
57338000,303,6605,128715,-8321,-945,128097,99,19228,459,1,46646,0.0009999999999976694
57339000,6396,-2057,128499,-4172,-15282,129831,133,19228,405,0,46647,0.0010000000000047748
57340000,10230,-10811,129887,24697,-5456,128650,133,19222,545,0,46648,0.0009999999999976694
57341000,5435,493,128471,-3160,-7734,131833,99,19232,405,0,46649,0.0009999999999976694
57342000,-697,-1412,131110,-18753,3664,124023,105,19228,430,1,46650,0.0010000000000047748
57343000,-3350,10219,132498,-9326,9113,134746,152,19228,623,1,46651,0.0009999999999976694
57344000,-4943,-2885,130097,6707,-1016,128125,109,19228,446,1,46652,0.0009999999999976694
57345000,-6735,-4285,129233,-16206,-9759,130975,101,19232,446,1,46653,0.0010000000000047748
57346000,1621,-4896,129861,-11257,-5946,130021,127,19227,414,0,46654,0.0009999999999976694
57347000,-281,4201,127360,7541,4014,124126,127,19227,520,0,46655,0.0009999999999976694
57348000,-2098,5495,130268,-12247,7500,126776,121,19227,496,0,46656,0.0010000000000047748
57349000,-7232,6615,129351,-16889,1822,128317,126,19221,516,1,46657,0.0009999999999976694
57350000,-10380,-2811,129942,-9834,-1745,135125,115,19221,471,1,46658,0.0009999999999976694
57351000,-7285,6108,131332,-6064,6911,124239,102,19230,471,1,46659,0.0010000000000047748
57352001,-3822,7158,130319,-11014,2759,127940,127,19230,418,1,46660,0.0010009999999951447
57353000,-4365,2615,125863,-11560,-1467,124538,127,19221,520,0,46661,0.0009990000000001942
57354002,-2665,-3900,126649,-1691,-8507,130341,94,19235,385,0,46662,0.0010019999999997253
57355001,-2838,-831,127486,-13528,10109,125373,98,19227,401,0,46663,0.0009990000000001942
57356000,-6520,14614,128588,-15365,9806,119336,145,19227,594,1,46664,0.0009990000000001942
57357000,-6078,7285,129360,-2871,-827,134933,119,19226,594,1,46665,0.0010000000000047748
57358000,-7030,-248,125941,-8539,-7168,126216,102,19231,487,1,46666,0.0009999999999976694
57359001,-1497,6051,126215,-8895,-2216,127162,102,19221,418,0,46667,0.00100100000000225
57360000,-86,2830,126209,187,5513,120717,106,19231,434,0,46668,0.0009990000000001942
57361000,1716,4793,125306,-4393,-3135,123595,105,19229,430,0,46669,0.0009999999999976694
57362001,-411,3119,126428,-5847,2854,128630,113,19223,463,1,46670,0.00100100000000225
57363000,-2336,4933,126332,983,-79,126270,132,19223,463,1,46671,0.0009990000000001942
57364000,-5391,9624,124535,-4077,16176,122691,101,19231,541,1,46672,0.0009999999999976694
57365000,6458,11474,124599,-9551,6912,120061,101,19232,414,0,46673,0.0009999999999976694
57366000,9404,232,122180,16678,-3415,125591,115,19225,471,0,46674,0.0010000000000047748
57367000,13787,-1705,124043,9279,-10699,122367,99,19229,405,0,46675,0.0009999999999976694
57368000,5087,-6517,124552,-2711,-8733,129296,109,19227,446,0,46676,0.0009999999999976694
57369000,4504,2442,130254,7414,309,131953,143,19227,446,1,46677,0.0010000000000047748
57370000,2565,8513,127655,2707,4634,122484,115,19228,586,1,46678,0.0009999999999976694
57371000,4230,8959,128141,4126,3201,129332,115,19230,471,1,46679,0.0009999999999976694
57372002,6593,-238,124983,2096,-1737,118647,96,19226,393,0,46680,0.0010019999999997253
57373002,11310,7178,125594,7588,3906,128073,138,19231,565,0,46681,0.0010000000000047748
57374000,11446,-11910,124664,15981,-14231,131877,101,19230,414,0,46682,0.0009979999999956135
57375003,6322,-3864,129154,-1309,-6272,128100,106,19230,414,0,46683,0.001003000000004306
57376000,4892,7608,130979,-3933,4398,124271,117,19220,434,1,46684,0.0009969999999981383
57377000,2367,15193,131022,8381,-443,127902,117,19230,479,1,46685,0.0009999999999976694
57378000,1322,-1121,128588,848,25,131469,108,19232,442,1,46686,0.0010000000000047748
57379000,6910,-9219,127458,-5858,-10346,126601,116,19221,475,0,46687,0.0009999999999976694
57380000,10498,-13028,127336,5395,-10142,132668,89,19232,365,0,46688,0.0009999999999976694
57381000,4268,3872,132594,4222,-820,126636,105,19232,365,0,46689,0.0010000000000047748
57382000,2384,-4247,128055,-34446,3834,125929,130,19226,430,1,46690,0.0009999999999976694
57383000,-1467,10721,134350,7549,18377,125889,130,19221,532,1,46691,0.0009999999999976694
57384000,-6712,10873,131485,2186,-7474,128894,114,19232,467,1,46692,0.0010000000000047748
57385000,-1749,-4034,128429,-15510,-11582,132168,95,19232,389,1,46693,0.0009999999999976694
57386000,-2316,-18104,129685,-7213,-22245,139979,142,19233,582,0,46694,0.0009999999999976694
57387000,6503,377,130053,8353,11246,120228,108,19233,442,0,46695,0.0010000000000047748
57388000,-3115,10487,130346,-13618,3766,127046,113,19226,442,0,46696,0.0009999999999976694
57389000,-7800,7633,132936,-23123,2349,129228,133,19227,463,1,46697,0.0009999999999976694
57390000,-7675,-793,126924,-32,1527,134269,133,19228,545,1,46698,0.0010000000000047748
57391000,-8995,5687,129370,-10493,13558,119862,108,19232,442,1,46699,0.0009999999999976694
57392000,-990,10076,130819,-4991,-1216,131847,110,19220,451,0,46700,0.0009999999999976694
57393000,-4592,-7161,124544,-2875,-12422,125914,118,19220,483,0,46701,0.0010000000000047748
57394000,-1011,229,126878,-9161,1679,127244,105,19230,483,0,46702,0.0009999999999976694
57395000,513,4845,128693,-7789,3500,125085,125,19227,430,1,46703,0.0009999999999976694
57396000,-6705,10768,126763,-7479,12814,119601,125,19224,512,1,46704,0.0010000000000047748
57397000,-3626,8934,129557,-13960,2323,133175,115,19230,471,1,46705,0.0009999999999976694
57398000,-2383,1956,125831,-1964,1886,121974,99,19229,405,1,46706,0.0009999999999976694
57399002,1947,3476,126246,1963,-2633,127916,142,19229,582,0,46707,0.0010019999999997253
57400002,-1386,-7466,124178,-3049,-11987,125399,114,19232,582,0,46708,0.0010000000000047748
57401001,922,282,125048,-9533,-7108,127184,114,19227,467,0,46709,0.0009990000000001942
57402000,-226,22702,127801,2940,18229,118605,114,19225,467,1,46710,0.0009989999999930887
57403000,-4459,10877,125980,-7070,7116,121494,153,19228,627,1,46711,0.0010000000000047748
57404000,1991,2485,127858,1142,-3199,133465,110,19232,451,1,46712,0.0009999999999976694
57405001,3418,6430,123988,7561,2331,119030,101,19216,414,0,46713,0.00100100000000225
57406000,10240,12341,125662,4158,2185,121710,88,19216,414,0,46714,0.0009990000000001942
57407000,10274,-8446,124511,7006,-11855,129554,110,19230,360,0,46715,0.0009999999999976694
57408001,6186,-9736,124944,6102,-8982,130350,110,19227,451,0,46716,0.00100100000000225
57409002,4367,3345,125473,97,4635,120892,120,19223,491,1,46717,0.0010009999999951447
57410000,3290,18561,128909,2143,13631,120764,111,19230,455,1,46718,0.000998000000002719
57411000,9212,5472,123994,6749,-1035,128839,98,19233,401,1,46719,0.0009999999999976694
57412000,7570,-1315,125467,4928,-6349,123612,132,19233,401,0,46720,0.0010000000000047748
57413000,11007,-8818,129126,4723,-16252,134580,101,19228,541,0,46721,0.0009999999999976694
57414000,7786,-3666,126859,17423,-8562,127626,101,19235,414,0,46722,0.0009999999999976694
57415000,1269,-843,129535,-7205,-6033,131566,102,19226,418,1,46723,0.0010000000000047748
57416000,895,5608,129495,-5779,8104,127218,137,19228,561,1,46724,0.0009999999999976694
57417000,-2511,17976,130346,5576,17079,117260,111,19233,455,1,46725,0.0009999999999976694
57418000,4672,-3253,127148,-930,-7936,127646,101,19233,455,1,46726,0.0010000000000047748
57419000,8837,-11562,126450,2463,-17195,126891,122,19226,414,0,46727,0.0009999999999976694
57420000,7732,-5388,129586,14690,-7185,133421,122,19232,500,0,46728,0.0009999999999976694
57421000,3714,-9367,128625,1465,-12151,126355,105,19230,430,0,46729,0.0010000000000047748
57422000,-195,5826,134494,-14183,3890,131034,113,19220,463,1,46730,0.0009999999999976694
57423000,-6936,6570,133273,-3974,2339,127956,114,19230,467,1,46731,0.0009999999999976694
57424000,-10158,6333,131145,-1365,-8288,129192,97,19230,467,1,46732,0.0010000000000047748
57425000,702,-10665,129805,-16161,-1709,129896,119,19228,397,0,46733,0.0009999999999976694
57426002,-2906,-5759,127145,3073,-3905,126745,119,19225,487,0,46734,0.0010019999999997253
57427002,2182,-1164,128982,-3903,998,130441,100,19229,410,0,46735,0.0009999999999976694
57428000,-6808,1208,132110,-16042,-4579,130891,109,19227,446,0,46736,0.000998000000002719
57429000,-9292,4514,129300,-10609,12042,127532,146,19228,598,1,46737,0.0009999999999976694
57430000,-9036,9738,130801,-14255,2351,130361,114,19228,598,1,46738,0.0010000000000047748
57431007,-7022,4546,129365,-9632,5864,123841,97,19232,467,1,46739,0.001006999999994207
57432000,-2871,3782,129073,-3308,-9095,133443,168,19226,397,0,46740,0.0009930000000011319
57433000,-3579,-7688,125989,-7606,-8073,127869,168,19231,688,0,46741,0.0010000000000047748
57434000,-3762,1323,126386,-9799,-282,123943,106,19226,434,0,46742,0.0009999999999976694
57435001,-4612,7627,129393,-10285,6200,125620,111,19222,455,1,46743,0.00100100000000225
57436000,-5430,14761,127507,2003,917,124897,122,19222,500,1,46744,0.0009990000000001942
57437000,-10119,5491,125581,-21598,14223,122416,104,19235,500,1,46745,0.0009999999999976694
57438000,-900,7442,126798,-9537,438,121837,116,19229,426,0,46746,0.0009999999999976694
57439001,2215,1237,125826,6988,-3819,127876,116,19227,475,0,46747,0.00100100000000225
57440000,5815,-4269,124623,-5099,-12652,130914,99,19229,405,0,46748,0.0009990000000001942
57441000,-691,-4289,125451,-4902,1644,124388,109,19230,446,0,46749,0.0009999999999976694
57442000,-1603,11909,126099,-6033,8195,122850,137,19230,561,1,46750,0.0010000000000047748
57443000,-1728,13545,127093,1907,10383,124578,110,19224,561,1,46751,0.0009999999999976694
57444000,201,9123,125740,1677,-1693,125811,93,19228,451,1,46752,0.0009999999999976694
57445001,5496,9804,124109,-957,-4332,116763,93,19228,381,0,46753,0.00100100000000225
57446000,5996,5623,123656,8675,-3,124351,117,19232,479,0,46754,0.0009990000000001942
57447000,11466,-2525,127690,9644,-10209,128292,112,19228,459,0,46755,0.0009999999999976694
57448000,4502,-7648,124119,3205,-13704,127128,117,19224,479,1,46756,0.0010000000000047748
57449000,2236,9879,129394,-2817,8957,124648,126,19224,479,1,46757,0.0009999999999976694
57450000,5933,11236,125826,4204,13303,119829,102,19233,516,1,46758,0.0009999999999976694
57451000,9578,4029,127358,5670,-1874,130560,102,19231,418,1,46759,0.0010000000000047748
57452000,12230,2158,125375,2708,-3569,122016,108,19214,442,0,46760,0.0009999999999976694
57453000,10147,-1830,125400,8113,-14516,131047,86,19230,352,0,46761,0.0009999999999976694
57454001,7570,-7716,129486,11881,-18805,127288,102,19232,418,0,46762,0.00100100000000225
57455002,3601,6780,130999,-3978,6073,128417,123,19232,418,1,46763,0.00100100000000225
57456000,-653,6824,132041,-2388,4712,129133,113,19229,504,1,46764,0.0009979999999956135
57457000,522,13785,130615,5259,12657,120254,113,19228,463,1,46765,0.0010000000000047748
57458000,3544,3353,127361,-2516,-5754,131540,97,19227,397,0,46766,0.0009999999999976694
57459002,11897,-13861,126494,5492,-14765,128664,146,19227,598,0,46767,0.0010019999999997253
57460000,10139,-5960,131022,17413,-8031,131136,111,19227,455,0,46768,0.000998000000002719
57461000,2430,-6314,129330,-6768,-6226,128818,108,19227,455,0,46769,0.0009999999999976694
57462000,31,13515,133444,-17782,8628,125191,141,19224,442,1,46770,0.0009999999999976694
57463000,-6599,5211,134105,4385,2031,138331,141,19227,577,1,46771,0.0009999999999976694
57464000,-5552,554,128135,-3335,-4242,125648,107,19230,438,1,46772,0.0010000000000047748
57465000,-972,-3355,130641,-22768,-7124,132491,104,19223,426,0,46773,0.0009999999999976694
57466000,2006,911,129911,2560,-3179,123421,95,19231,389,0,46774,0.0009999999999976694
57467000,2030,-217,129612,7047,-3273,136706,109,19231,389,0,46775,0.0010000000000047748
57468002,-7787,-1859,132315,-19834,-4759,129846,125,19229,446,1,46776,0.0010019999999997253
57469001,-9295,3940,130289,-15237,2627,133022,125,19225,512,1,46777,0.0009990000000001942
57470009,-8895,10345,131174,-6014,11550,122995,116,19227,475,1,46778,0.0010079999999987876
57471000,-3736,11191,130080,-9232,447,123104,102,19227,418,1,46779,0.000990999999999076
57472000,-552,-7237,125393,-8706,-6765,132639,137,19224,561,0,46780,0.0009999999999976694
57473000,-1463,-7402,123762,-1720,417,121113,100,19224,561,0,46781,0.0010000000000047748
57474000,-192,5944,127842,-6867,4497,128977,103,19233,410,0,46782,0.0009999999999976694
57475000,-6368,8018,128537,-7070,2707,122001,103,19232,422,1,46783,0.0009999999999976694
57476000,-8267,3570,128321,-16378,6273,128720,145,19229,594,1,46784,0.0010000000000047748
57477003,-5637,426,129280,-5985,2969,124497,116,19232,475,1,46785,0.0010029999999972006
57478002,-576,13731,125569,4907,5962,117506,108,19224,442,0,46786,0.0009990000000001942
57479000,877,2130,123930,-7405,-9167,130982,100,19224,410,0,46787,0.000998000000002719
57480000,1620,-4409,123897,-2506,-3403,122395,108,19229,410,0,46788,0.0009999999999976694
57481000,3450,3869,126270,-68,11313,130013,121,19229,442,0,46789,0.0009999999999976694
57482000,-2572,6403,125229,563,9090,120649,121,19220,496,1,46790,0.0010000000000047748
57483000,-2950,8020,125211,-12755,8649,123862,118,19231,483,1,46791,0.0009999999999976694
57484000,5422,6749,124875,5040,7019,125788,101,19230,414,1,46792,0.0009999999999976694
57485000,8101,5104,123023,12159,1159,119777,120,19230,491,0,46793,0.0010000000000047748
57486000,11716,-3631,125148,8305,-11290,132146,102,19228,491,0,46794,0.0009999999999976694
57487000,4043,-6270,124469,6137,-5949,122848,111,19227,418,0,46795,0.0009999999999976694
57488000,5324,-1898,127474,-1450,-3451,132828,111,19228,455,1,46796,0.0010000000000047748
57489000,809,8461,129117,2369,9429,117339,150,19232,614,1,46797,0.0009999999999976694
57490000,1657,20192,127705,4094,12842,122409,115,19231,471,1,46798,0.0009999999999976694
57491000,9885,-124,126086,6029,-5620,130999,99,19231,405,1,46799,0.0010000000000047748
57492000,10180,-1705,126306,7718,-6132,122891,130,19225,405,0,46800,0.0009999999999976694
57493000,13275,-5021,126373,11322,-13367,133722,104,19234,532,0,46801,0.0009999999999976694
57494000,3055,-3227,128151,4280,-2438,121631,104,19231,426,0,46802,0.0010000000000047748
57495002,4991,1524,131647,-12281,-6971,135969,110,19222,451,1,46803,0.0010019999999997253
57496000,1281,22146,131817,9510,14974,118417,111,19228,455,1,46804,0.0009979999999956135
57497000,-1533,6014,128568,-893,-3398,128261,104,19233,426,1,46805,0.0010000000000047748
57498001,8366,-8325,129429,-167,-10484,134543,118,19233,426,0,46806,0.0010009999999951447
57499000,8649,-3721,127045,15623,-9003,122181,92,19211,483,0,46807,0.0009990000000001942
57500000,9914,5192,129212,3624,-935,134565,92,19230,377,0,46808,0.0010000000000047748
57501000,1465,9,132656,-17143,1278,122844,104,19230,426,0,46809,0.0009999999999976694
57502000,-1904,8098,132608,-3168,3788,131662,136,19224,557,1,46810,0.0009999999999976694
57503000,-6693,1085,131162,2633,-3101,132108,116,19231,475,1,46811,0.0010000000000047748
57504000,-5436,-7248,129191,-16010,-10425,132734,96,19231,475,1,46812,0.0009999999999976694
57505002,3218,-1355,131005,-7034,-7712,130101,133,19226,393,0,46813,0.0010019999999997253
57506002,-2462,3848,128525,5294,2130,123837,133,19232,545,0,46814,0.0009999999999976694
57507000,-432,-1365,133911,-10027,-5883,133603,108,19229,442,0,46815,0.000998000000002719
57508000,-9458,5578,129789,-13429,-3905,128556,116,19223,475,1,46816,0.0009999999999976694
57509000,-10345,-335,129969,-15835,-3482,137105,127,19228,520,1,46817,0.0010000000000047748
57510000,-8686,12725,131441,-5958,11510,121375,109,19228,520,1,46818,0.0009999999999976694
57511000,-4613,8490,129305,-7479,4287,122510,113,19229,446,1,46819,0.0009999999999976694
57512000,-271,-2764,126986,-6258,-7612,130901,113,19218,463,0,46820,0.0010000000000047748
57513001,-4575,-9470,124754,-6432,-13168,127041,101,19229,414,0,46821,0.0010009999999951447
57514000,-345,7523,126660,-9728,7795,120463,103,19231,422,0,46822,0.0009990000000001942
57515000,-6058,13512,129289,-7938,8498,127273,130,19224,532,1,46823,0.0010000000000047748
57516000,-8224,-1857,126699,-8934,-6943,131745,118,19224,532,1,46824,0.0009999999999976694
57517000,-7028,1915,127901,-11898,-1631,125007,101,19227,483,1,46825,0.0009999999999976694
57518000,-1030,8205,125755,-2352,138,121702,101,19228,414,0,46826,0.0010000000000047748
57519000,1372,3525,125260,2294,8449,119739,139,19233,569,0,46827,0.0009999999999976694
57520000,-932,625,123835,-4694,-5694,128133,105,19228,430,0,46828,0.0009999999999976694
57521000,950,-2718,124407,-9852,-1803,129230,112,19224,459,0,46829,0.0010000000000047748
57522000,-2794,9178,126797,2253,13229,120712,149,19224,459,1,46830,0.0009999999999976694
57523000,-1600,13227,127122,-4721,14509,123864,107,19232,610,1,46831,0.0009999999999976694
57524000,6137,5851,124772,630,-2662,125224,103,19229,438,1,46832,0.0010000000000047748
57525000,7328,-5337,122464,12024,-3762,130322,103,19224,422,0,46833,0.0009999999999976694
57526000,9707,-2520,122196,3718,-245,120452,83,19229,340,0,46834,0.0009999999999976694
57527000,5289,4943,125698,2237,34,124227,113,19229,463,0,46835,0.0009999999999976694
57528000,2234,-2390,127422,7687,255,130360,130,19229,532,1,46836,0.0010000000000047748
57529000,2124,1974,129968,-2465,2797,126364,113,19224,532,1,46837,0.0009999999999976694
57530000,1737,3680,127087,12184,-1160,129260,97,19229,463,1,46838,0.0009999999999976694
57531003,5930,5888,124647,4057,8449,115838,97,19228,397,0,46839,0.001003000000004306
57532000,10415,4017,126774,-2326,1,125910,132,19228,541,0,46840,0.0009969999999981383
57533000,10533,-10825,126855,18326,-15611,135474,109,19222,446,0,46841,0.0009999999999976694
57534000,5781,-7973,126320,-1158,709,125936,111,19222,455,0,46842,0.0010000000000047748
57535000,2425,4265,130535,-6012,6048,128845,135,19228,455,1,46843,0.0009999999999976694
57536000,1957,14005,128563,9426,7280,126167,110,19223,553,1,46844,0.0009999999999976694
57537000,4045,3426,127447,191,-2536,132312,110,19232,451,1,46845,0.0010000000000047748
57538000,6701,-1729,128302,-4052,-6715,125982,103,19222,422,0,46846,0.0009999999999976694
57539001,8488,-5453,129146,8728,-10070,127063,127,19235,520,0,46847,0.00100100000000225
57540000,7013,-3265,130528,14211,-12103,137701,105,19223,430,0,46848,0.0009990000000001942
57541000,-1571,-428,131120,-20520,-1767,126280,114,19223,430,1,46849,0.0009999999999976694
57542000,1173,12626,133048,-12564,6264,126667,106,19226,467,1,46850,0.0009999999999976694
57543000,-9220,15234,134078,13582,12717,125435,106,19230,434,1,46851,0.0010000000000047748
57544000,-372,-5095,128022,-16463,-12985,129579,97,19230,397,1,46852,0.0009999999999976694
57545000,-1046,-14337,130264,-12347,-21217,140053,125,19226,512,0,46853,0.0009999999999976694
57546001,3315,614,129048,5894,218,120139,107,19230,438,0,46854,0.00100100000000225
57547000,-1337,14435,133292,-5915,7192,124512,109,19230,438,0,46855,0.0009990000000001942
57548000,-6920,-1896,131534,-19767,-7342,133685,149,19224,446,1,46856,0.0009999999999976694
57549000,-8277,-171,130534,-9333,-4377,133476,149,19230,610,1,46857,0.0010000000000047748
57550000,-10259,11709,128468,-4568,10223,121655,113,19230,463,1,46858,0.0009999999999976694
57551001,-30,20629,130962,-9589,13977,120132,101,19226,414,0,46859,0.00100100000000225
57552002,-5798,-9441,124045,-7157,-15932,134445,156,19237,639,0,46860,0.0010009999999951447
57553000,134,-4122,125862,-8408,-4642,123138,102,19237,639,0,46861,0.000998000000002719
57554000,24,4075,127724,-2729,-690,131641,109,19227,418,0,46862,0.0009999999999976694
57555000,-6673,13290,128812,-5978,10113,118258,109,19220,446,1,46863,0.0010000000000047748
57556000,-4208,16966,126435,-15112,9949,123481,112,19227,459,1,46864,0.0009999999999976694
57557001,-6833,686,127754,-11560,-1888,133617,105,19232,430,1,46865,0.00100100000000225
57558000,4521,5824,125435,2892,1117,117408,122,19227,500,0,46866,0.0009990000000001942
57559002,-1331,-8400,124119,-3243,-13896,134550,100,19227,500,0,46867,0.0010019999999997253
57560002,3032,3071,125667,-6911,1968,117132,106,19230,410,0,46868,0.0009999999999976694
57561000,-2248,7768,127189,1904,3527,133468,106,19227,434,1,46869,0.000998000000002719
57562000,-1311,9658,124870,-3861,10547,116268,138,19224,565,1,46870,0.0009999999999976694
57563000,-866,14428,125674,-7961,9674,128265,111,19232,455,1,46871,0.0009999999999976694
57564000,4471,6459,125678,4712,4995,120004,94,19228,385,0,46872,0.0010000000000047748
57565000,13464,4264,123920,8341,-11318,124925,114,19228,385,0,46873,0.0009999999999976694
57566000,8448,-12258,123175,5347,-10352,136090,118,19231,467,0,46874,0.0009999999999976694
57567000,7903,-4405,126122,6017,4518,117208,118,19225,483,0,46875,0.0010000000000047748
57568000,3756,3674,126146,2243,3046,128978,115,19222,471,1,46876,0.0009999999999976694
57569000,-851,11965,130473,1736,10747,122339,121,19233,496,1,46877,0.0009999999999976694
57570000,6974,2866,125792,4863,3119,126853,105,19235,430,1,46878,0.0010000000000047748
57571000,5527,944,127688,11115,-1673,121150,110,19235,451,0,46879,0.0009999999999976694
57572000,11049,6197,128341,9276,-5780,127826,88,19219,451,0,46880,0.0009999999999976694
57573000,8083,-17669,126196,7617,-14618,134091,101,19227,360,0,46881,0.0010000000000047748
57574000,4282,-3062,131085,-2871,-546,130330,101,19231,414,1,46882,0.0009999999999976694
57575000,3323,1187,128293,-1927,3172,129487,127,19225,520,1,46883,0.0009999999999976694
57576002,-2620,17405,130448,6995,13467,117006,112,19232,459,1,46884,0.0010019999999997253
57577000,4263,9103,129616,-9075,-3283,129723,97,19232,397,1,46885,0.000998000000002719
57578000,9202,-15420,127150,7984,-16932,136085,153,19231,397,0,46886,0.0009999999999976694
57579000,8089,-7351,125849,19410,-751,123451,103,19236,627,0,46887,0.0010000000000047748
57580000,4664,3417,129601,-9026,-9017,128138,103,19231,422,0,46888,0.0009999999999976694
57581000,-1028,7465,131540,-12417,6256,125028,107,19224,438,1,46889,0.0009999999999976694
57582001,-2050,-632,132661,3001,-7425,142241,133,19229,545,1,46890,0.00100100000000225
57583000,-10290,2522,130542,-5273,5206,116135,106,19231,434,1,46891,0.0009990000000001942
57584000,882,2848,129144,-22390,-2072,127896,106,19231,434,1,46892,0.0009999999999976694
57585000,1178,-5921,130367,4841,-9210,135139,84,19223,434,0,46893,0.0010000000000047748
57586000,5261,-2119,127897,2126,-1932,127638,84,19228,344,0,46894,0.0009999999999976694
57587000,-6050,4124,129994,-22344,3330,127226,109,19225,446,0,46895,0.0009999999999976694
57588000,-8295,6369,131762,-10432,7335,124976,132,19225,541,1,46896,0.0009999999999976694
57589000,-5883,3804,131338,-7384,256,132955,116,19231,475,1,46897,0.0010000000000047748
57590000,-8251,6130,131601,-11769,1579,127306,100,19231,475,1,46898,0.0009999999999976694
57591002,-3108,7893,128639,-13718,3417,122556,143,19228,410,0,46899,0.0010019999999997253
57592000,-3696,-437,127901,-2638,-5676,132544,143,19219,586,0,46900,0.000998000000002719
57593000,-1029,-3183,126642,-626,-8563,126199,114,19231,467,0,46901,0.0009999999999976694
57594000,-4082,10240,127921,-16564,2965,127352,113,19224,463,1,46902,0.0009999999999976694
57595000,-7304,6973,128081,-9949,5991,118725,141,19228,577,1,46903,0.0010000000000047748
57596000,-3722,16325,129866,-6994,8909,124008,114,19228,577,1,46904,0.0009999999999976694
57597000,-3427,1193,124655,-3892,113,132306,108,19234,467,1,46905,0.0009999999999976694
57598000,-540,-1815,123147,-6395,-173,123456,108,19219,442,0,46906,0.0010000000000047748
57599000,1688,3674,124015,-7034,836,122108,93,19228,381,0,46907,0.0009999999999976694
57600000,3562,2672,125662,5207,-3292,126792,108,19228,442,0,46908,0.0009999999999976694
57601000,176,705,127305,-2019,-3450,128671,121,19220,496,1,46909,0.0010000000000047748
57602003,-4705,9035,127624,-7697,4930,123134,111,19220,496,1,46910,0.0010029999999972006
57603000,-628,17269,125714,-10371,12969,120137,97,19229,455,1,46911,0.0009969999999981383
57604000,6317,8158,125184,12803,1715,128001,97,19229,397,0,46912,0.0010000000000047748
57605000,6632,2986,123623,11168,-1079,119004,124,19236,508,0,46913,0.0009999999999976694
57606000,6388,-3112,125222,-6062,-8491,129569,108,19227,442,0,46914,0.0009999999999976694
57607000,4971,-4493,125088,8765,-4057,130790,110,19226,451,0,46915,0.0010000000000047748
57608000,8834,8872,128201,9926,7035,127054,142,19226,451,1,46916,0.0009999999999976694
57609000,2475,4367,127307,-2120,2667,122084,113,19233,582,1,46917,0.0009999999999976694
57610000,7703,6826,125897,4969,1999,126466,100,19232,463,1,46918,0.0010000000000047748
57611002,10826,-4854,124637,10016,-7929,125463,100,19223,410,0,46919,0.0010019999999997253
57612000,9277,740,127568,2249,-8651,128047,119,19232,487,0,46920,0.0009979999999956135
57613003,9083,-6559,126665,16541,-1366,126658,101,19227,414,0,46921,0.001003000000004306
57614002,2650,534,128837,-2613,1181,125633,112,19227,459,1,46922,0.0009990000000001942
57615001,2949,4757,131130,-8943,-4319,133269,108,19221,459,1,46923,0.0009990000000001942
57616002,-596,9609,129672,11991,6601,119549,105,19227,442,1,46924,0.0010009999999951447
57617000,4556,10895,130713,-8725,1284,128550,105,19230,430,1,46925,0.000998000000002719
57618000,9708,-11425,127833,2772,-15843,130125,125,19230,512,0,46926,0.0009999999999976694
57619000,11174,-5179,131197,21341,-8043,130904,96,19228,393,0,46927,0.0010000000000047748
57620002,3435,-9302,127623,-8555,-9531,133809,104,19228,426,0,46928,0.0010019999999997253
57621000,-2934,7284,132810,-20878,13601,117576,140,19230,426,1,46929,0.0009979999999956135
57622003,-3968,15055,134830,9302,3731,134424,112,19225,573,1,46930,0.001003000000004306
57623000,-6785,-2453,130857,-2596,-8123,130661,112,19233,459,1,46931,0.0009969999999981383
57624000,-1582,-9562,128582,-21268,-15041,136352,99,19228,405,0,46932,0.0009999999999976694
57625000,-1528,-4120,127106,-309,5244,120787,130,19231,532,0,46933,0.0010000000000047748
57626000,2312,5729,130065,1308,7834,126717,113,19231,463,0,46934,0.0009999999999976694
57627000,-3865,-4522,131697,-13920,-7089,137970,118,19227,463,0,46935,0.0009999999999976694
57628000,-7923,-301,129666,-16498,6126,125413,123,19222,483,1,46936,0.0010000000000047748
57629001,-10552,6281,130033,-6988,5286,131582,123,19230,504,1,46937,0.0010009999999951447
57630000,-4103,11439,128542,-8032,10185,124798,108,19232,442,1,46938,0.0009990000000001942
57631000,-543,-2881,127780,-5131,-10602,133689,116,19216,475,0,46939,0.0010000000000047748
57632000,-6503,-5928,124497,-8497,-1496,125445,91,19234,373,0,46940,0.0009999999999976694
57633001,-809,5878,128558,-9047,7114,123259,100,19234,373,0,46941,0.00100100000000225
57634000,-6321,2482,127968,774,-4083,128066,131,19230,410,1,46942,0.0009990000000001942
57635001,-7298,7755,127758,-14146,1919,127048,131,19226,537,1,46943,0.0010009999999951447
57636000,-9011,1200,128528,-12332,-3936,129118,118,19230,483,1,46944,0.0009990000000001942
57637000,-2108,19967,128916,822,15640,113359,103,19224,422,0,46945,0.0010000000000047748
57638000,2975,-1573,124121,-481,-10287,132271,121,19234,496,0,46946,0.0009999999999976694
57639000,-125,-11312,124413,-5948,-9959,129400,105,19234,496,0,46947,0.0009999999999976694
57640000,1392,5368,125404,-8289,2702,119501,109,19229,430,0,46948,0.0010000000000047748
57641000,-4614,14436,126001,-2237,11551,121883,109,19223,446,1,46949,0.0009999999999976694
57642003,-403,12208,128003,-8289,10913,125294,142,19226,582,1,46950,0.0010029999999972006
57643000,1918,-2857,124602,8371,-10274,131251,104,19227,426,1,46951,0.0009970000000052437
57644000,4086,5192,121922,4355,1572,119690,107,19223,438,0,46952,0.0009999999999976694
57645000,8430,8382,124702,-3841,908,121533,88,19223,438,0,46953,0.0009999999999976694
57646000,9857,570,126497,20241,-4977,123988,111,19230,360,0,46954,0.0010000000000047748
57647000,5924,-6254,125498,2476,-12977,134421,111,19228,455,1,46955,0.0009999999999976694
57648000,802,-6375,128538,-5255,-6622,129451,129,19220,528,1,46956,0.0009999999999976694
57649000,5242,25419,129371,7659,20435,114273,111,19230,455,1,46957,0.0010000000000047748
57650000,6932,1731,123428,9823,-3531,130566,97,19228,397,1,46958,0.0009999999999976694
57651000,11218,4438,126362,-1671,4455,122971,141,19228,397,0,46959,0.0009999999999976694
57652000,10910,-7085,125190,8815,-13078,130919,100,19233,577,0,46960,0.0009999999999976694
57653000,6517,-8932,126388,11575,-9686,125799,100,19229,410,0,46961,0.0010000000000047748
57654000,4451,257,131250,-2870,-5522,129613,104,19225,426,1,46962,0.0009999999999976694
57655006,-2286,4374,129925,-3983,4422,122631,124,19228,508,1,46963,0.0010060000000038372
57656000,2971,16328,130984,3129,12041,128653,109,19235,446,1,46964,0.0009939999999986071
57657002,3058,360,128777,2335,-4454,127972,105,19235,446,0,46965,0.0010019999999997253
57658000,9008,-5036,127786,-423,-8946,127195,109,19222,430,0,46966,0.0009979999999956135
57659000,8996,-11473,128958,18133,-22502,139612,109,19230,446,0,46967,0.0010000000000047748
57660001,2489,-10110,128693,-50,14634,123515,104,19231,426,0,46968,0.0010009999999951447
57661001,4075,13900,132897,-23333,11048,122788,121,19220,496,1,46969,0.0010000000000047748
57662000,-8613,8341,130874,10357,-1843,129430,113,19227,463,1,46970,0.0009990000000001942
57663000,-4426,2864,129009,-4472,-13348,131813,97,19227,397,1,46971,0.0009999999999976694
57664000,-3304,-14287,128233,-4824,-12178,135719,133,19233,397,0,46972,0.0009999999999976694
57665000,3054,-1527,131380,8046,6662,119948,102,19231,545,0,46973,0.0010000000000047748
57666000,1391,9000,130988,-7248,-1467,130010,102,19231,418,0,46974,0.0009999999999976694
57667000,-9039,1741,130292,-18861,-3325,126775,109,19225,446,1,46975,0.0009999999999976694
57668000,-6813,2563,130654,-12026,-2772,136739,138,19228,565,1,46976,0.0010000000000047748
57669000,-12261,5994,129653,-3949,9923,122648,112,19229,459,1,46977,0.0009999999999976694
57670002,-3476,24418,131099,-10237,9897,118775,102,19229,459,1,46978,0.0010019999999997253
57671001,-2793,-6016,126632,-6164,-13991,135170,134,19222,418,0,46979,0.0009990000000001942
57672000,-3460,-9156,126179,-5264,-5381,130968,134,19236,549,0,46980,0.0009990000000001942
57673001,2567,-786,126156,-6967,6754,123403,104,19230,426,0,46981,0.00100100000000225
57674000,-4721,7841,128122,-7127,12819,123018,116,19221,475,1,46982,0.0009990000000001942
57675002,-6740,11552,129013,-12215,2414,126100,112,19230,459,1,46983,0.0010019999999997253
57676000,-9028,878,125954,-11424,-2968,131712,104,19230,459,1,46984,0.0009979999999956135
57677000,1744,5797,128236,4296,2477,119923,126,19230,426,0,46985,0.0010000000000047748
57678000,-2661,8393,125507,3490,2642,119924,126,19226,516,0,46986,0.0009999999999976694
57679000,997,2685,125108,-11969,-11531,131674,107,19228,438,0,46987,0.0009999999999976694
57680001,1705,-2167,123901,-1933,3480,125075,113,19225,463,0,46988,0.00100100000000225
57681000,-1722,14381,129066,488,12899,123094,149,19224,610,1,46989,0.0009990000000001942
57682000,-608,14331,124489,-4452,13089,115611,112,19224,610,1,46990,0.0009999999999976694
57683000,498,5813,126634,-1357,-6219,130552,96,19231,459,1,46991,0.0010000000000047748
57684000,11735,-8241,124515,7526,-10145,128964,96,19227,393,0,46992,0.0009999999999976694
57685000,9233,4629,124522,10011,4987,116330,97,19232,397,0,46993,0.0009999999999976694
57686000,7976,-659,127479,1741,-7828,135398,114,19227,467,0,46994,0.0010000000000047748
57687000,4000,-5291,123036,9105,-12930,121559,117,19229,479,1,46995,0.0009999999999976694
57688000,165,13864,128690,-6175,2789,127191,107,19229,479,1,46996,0.0009999999999976694
57689000,5269,14840,129527,3176,14665,118797,100,19229,438,1,46997,0.0010000000000047748
57690002,8185,11901,127351,17016,4379,120422,100,19233,410,1,46998,0.0010019999999997253
57691000,12653,-3614,125539,-4313,-9331,130961,116,19223,475,0,46999,0.0009979999999956135
57692001,9856,-8458,125803,8454,-14187,130223,100,19228,410,0,47000,0.00100100000000225
57693000,6176,-9381,127945,13606,-8095,132984,105,19227,430,0,47001,0.0009990000000001942
57694000,3507,7518,130831,-9838,6115,122544,137,19227,430,1,47002,0.0009999999999976694
57695000,-2223,8385,130792,712,2662,130654,111,19227,561,1,47003,0.0010000000000047748
57696000,5849,2122,128559,10202,-6501,122610,111,19225,455,1,47004,0.0009999999999976694
57697002,5680,674,127891,-3591,-8417,124541,99,19225,405,0,47005,0.0010019999999997253
57698000,9260,-3660,130271,5660,-5915,131162,155,19227,635,0,47006,0.000998000000002719
57699000,4570,-5917,129039,14703,-12430,125493,116,19229,475,0,47007,0.0009999999999976694
57700000,-1465,-6512,130239,-12135,-8970,136133,113,19229,475,0,47008,0.0009999999999976694
57701000,-1034,9681,132687,-17934,6304,125316,137,19222,463,1,47009,0.0010000000000047748
57702000,-6751,3717,131862,9882,1485,129082,137,19229,561,1,47010,0.0009999999999976694
57703001,-3180,6100,131244,-9351,1844,128218,104,19234,426,1,47011,0.00100100000000225
57704000,266,-11265,126920,-18154,-16515,135447,113,19221,463,0,47012,0.0009990000000001942
57705000,-42,-1136,128905,8255,-4312,120095,92,19232,377,0,47013,0.0009999999999976694
57706004,-585,10403,131409,-4371,-7795,128178,106,19232,434,0,47014,0.0010040000000017812
57707002,-8036,4604,131082,-14933,4619,128835,131,19229,434,1,47015,0.0009979999999956135
57708000,-8556,4710,132051,-14755,921,130750,113,19224,537,1,47016,0.000998000000002719
57709001,-9179,5595,129108,-12172,2466,126602,113,19232,463,1,47017,0.00100100000000225
57710002,-2383,12313,129824,-4259,3407,121937,98,19228,401,1,47018,0.0010009999999951447
57711000,-2212,-4998,126286,-13843,-4350,132289,155,19228,635,0,47019,0.000998000000002719
57712000,-738,-6230,127454,-4485,-4428,125611,105,19228,430,0,47020,0.0009999999999976694
57713001,-4132,4218,127520,-8610,-1566,128049,105,19230,430,0,47021,0.00100100000000225
57714000,-6221,7319,127569,-10925,14884,118865,127,19228,430,1,47022,0.0009990000000001942
57715000,-4789,16761,128694,-10002,5382,128982,127,19236,520,1,47023,0.0009999999999976694
57716000,-8508,-4734,124254,-4758,-3997,131228,112,19232,459,1,47024,0.0009999999999976694
57717001,1498,10720,125524,-9352,10834,113307,110,19225,451,0,47025,0.00100100000000225
57718000,198,8042,127169,213,-11098,131014,85,19225,348,0,47026,0.0009990000000001942
57719000,4189,-1808,122728,7613,488,123452,111,19229,348,0,47027,0.0009999999999976694
57720000,-351,-3615,126810,-17438,-3985,130334,126,19227,455,0,47028,0.0010000000000047748
57721000,-2127,5821,126467,3848,16550,121089,126,19220,516,1,47029,0.0009999999999976694
57722000,-1776,26637,128732,947,13904,116312,112,19230,459,1,47030,0.0009999999999976694
57723001,3658,4710,122155,-7608,-3054,129686,94,19226,385,1,47031,0.00100100000000225
57724000,12188,1616,123145,7509,-71,122911,135,19234,553,0,47032,0.0009990000000001942
57725000,10790,-7279,121877,11347,-8574,127776,108,19234,553,0,47033,0.0009999999999976694
57726000,9021,2598,126787,5925,2410,121525,112,19226,442,0,47034,0.0010000000000047748
57727000,3235,1629,127403,-4494,-4904,131774,112,19222,459,1,47035,0.0009999999999976694
57728002,2053,3286,128056,1643,6961,124347,136,19228,557,1,47036,0.0010019999999997253
57729002,3607,17445,129220,12000,10409,123821,109,19232,446,1,47037,0.0009999999999976694
57730002,4052,-12763,124456,1929,-18425,135737,101,19222,414,0,47038,0.0010000000000047748
57731000,13577,12049,128502,2505,5775,115096,112,19222,414,0,47039,0.0009979999999956135
57732000,10041,-6216,126568,15534,-18811,140971,104,19236,459,0,47040,0.0010000000000047748
57733000,6874,-4451,126148,5300,3750,123441,104,19233,426,0,47041,0.0009999999999976694
57734000,1247,14636,132572,-10479,9451,120891,117,19224,479,1,47042,0.0009999999999976694
57735000,3802,13423,128596,2774,10006,130400,110,19226,451,1,47043,0.0010000000000047748
57736000,3997,5189,130337,7712,-1980,127820,98,19232,401,1,47044,0.0009999999999976694
57737002,6770,-10005,128355,-5328,-16273,135084,129,19232,401,0,47045,0.0010019999999997253
57738000,9983,-10657,127019,12474,-7275,123842,110,19221,528,0,47046,0.000998000000002719
57739000,4039,-353,130698,10286,-8134,134019,110,19228,451,0,47047,0.0009999999999976694
57740001,4395,1208,130768,-18695,1727,125724,109,19224,446,1,47048,0.00100100000000225
57741000,-6893,18030,134016,-7395,13080,126245,151,19229,618,1,47049,0.0009990000000001942
57742000,-4497,-10516,131741,151,-14853,139336,109,19236,446,1,47050,0.0009999999999976694
57743000,-7074,8090,130429,-9322,-1000,120123,98,19236,446,1,47051,0.0009999999999976694
57744000,2643,-11962,129034,-10992,-19604,143317,116,19224,401,0,47052,0.0010000000000047748
57745000,838,997,129572,7627,1117,119154,116,19236,475,0,47053,0.0009999999999976694
57746001,-2844,10025,132176,-10365,4431,125364,108,19227,442,0,47054,0.00100100000000225
57747001,-7737,355,130174,-18926,-1138,128680,117,19222,479,1,47055,0.0009999999999976694
57748000,-10038,3758,131346,-8671,-10,129731,108,19230,442,1,47056,0.0009990000000001942
57749000,-7119,3021,129551,-8467,1218,122129,99,19230,405,1,47057,0.0009999999999976694
57750000,-3947,10540,129094,-6998,7433,123722,121,19229,405,0,47058,0.0010000000000047748
57751001,-1980,-6813,126126,-8373,-12549,134725,95,19220,496,0,47059,0.0010009999999951447
57752000,-1581,-1684,126937,-2609,-4150,123467,95,19230,389,0,47060,0.0009990000000001942
57753000,-712,6703,127234,-8378,3145,126035,103,19226,422,0,47061,0.0010000000000047748
57754000,-7200,13792,129263,-8548,16796,117045,142,19231,582,1,47062,0.0009999999999976694
57755000,-4828,8678,126501,-9794,-2791,130132,116,19231,475,1,47063,0.0009999999999976694
57756000,-3003,-3419,126442,-7008,-2144,129365,99,19230,475,1,47064,0.0010000000000047748
57757000,-132,4461,125673,1077,338,119991,113,19226,405,0,47065,0.0009999999999976694
57758000,1542,-1621,124598,-3525,611,127807,113,19230,463,0,47066,0.0009999999999976694
57759001,-436,-1987,124413,-6649,6388,128303,108,19232,442,0,47067,0.00100100000000225
57760000,1175,-1549,125227,-2342,2209,126807,113,19222,463,1,47068,0.0009990000000001942
57761000,-4335,14940,126262,-5927,15851,120465,138,19222,565,1,47069,0.0009999999999976694
57762000,-1187,12306,125347,6677,1912,125634,100,19225,565,1,47070,0.0010000000000047748
57763000,4118,4652,122627,-170,-935,123986,112,19229,410,0,47071,0.0009999999999976694
57764000,9677,5416,124203,-1571,-4729,124696,112,19230,459,0,47072,0.0009999999999976694
57765000,11306,-3081,123973,21803,-6609,126108,97,19227,397,0,47073,0.0010000000000047748
57766001,6017,3477,126565,-6083,1743,123833,109,19227,446,0,47074,0.0010009999999951447
57767000,5641,-5090,125468,-1150,414,124698,135,19227,553,1,47075,0.0009990000000001942
57768000,2489,5711,129793,6788,12091,130787,115,19227,553,1,47076,0.0010000000000047748
57769000,7326,-1333,124477,2460,-1169,124989,97,19231,471,1,47077,0.0009999999999976694
57770000,7032,10858,127497,4602,4610,120668,97,19229,397,0,47078,0.0009999999999976694
57771000,9165,1275,125705,9209,-14241,132951,146,19235,598,0,47079,0.0010000000000047748
57772000,7857,-12798,127035,19494,-11954,127692,101,19233,414,0,47080,0.0009999999999976694
57773001,2847,-3281,130733,-10315,-7290,133374,108,19225,442,1,47081,0.00100100000000225
57774000,2330,5589,130494,-3348,10872,122844,120,19225,442,1,47082,0.0009990000000001942
57775000,181,27395,131190,12330,17917,123064,108,19230,491,1,47083,0.0009999999999976694
57776000,1549,-3335,126732,-10365,-9920,132926,108,19230,442,1,47084,0.0009999999999976694
57777000,9115,-13302,126718,3129,-13700,128350,113,19219,463,0,47085,0.0009999999999976694
57778000,10867,-2929,133239,22365,-8711,132893,89,19231,365,0,47086,0.0010000000000047748
57779000,5575,-5516,125697,2908,-3081,126635,103,19227,422,0,47087,0.0009999999999976694
57780000,-334,8262,134637,-30031,5156,131420,127,19227,422,1,47088,0.0009999999999976694
57781000,-5457,4086,130648,6182,-570,128613,113,19223,520,1,47089,0.0010000000000047748
57782000,-7063,9071,129062,1778,1054,126774,113,19231,463,1,47090,0.0009999999999976694
57783000,-2331,-3370,132178,-23662,-8791,132115,97,19231,397,0,47091,0.0009999999999976694
57784000,-1488,-5170,129110,959,-8428,127128,142,19233,582,0,47092,0.0010000000000047748
57785000,6208,3754,130729,190,953,128696,106,19228,434,0,47093,0.0009999999999976694
57786000,-5952,-3645,130780,-11104,-3673,132659,112,19228,434,0,47094,0.0009999999999976694
57787000,-7616,3838,129716,-16130,1053,122796,133,19224,459,1,47095,0.0010000000000047748
57788000,-9983,5648,129817,-13955,2863,132858,133,19228,545,1,47096,0.0009999999999976694
57789001,-5482,13356,131980,-8776,9835,121160,113,19231,463,1,47097,0.00100100000000225
57790000,-2908,3927,128889,-3749,-3471,122739,108,19219,442,0,47098,0.0009990000000001942
57791000,-6367,-6656,124793,-11989,-10168,132467,125,19232,512,0,47099,0.0009999999999976694
57792002,-302,83,128008,-7304,-2715,127176,105,19232,430,0,47100,0.0010019999999997253
57793002,-5102,1581,127318,-3450,-2685,126836,123,19231,430,1,47101,0.0009999999999976694
57794002,-3916,15384,129341,-11888,11510,123271,116,19221,504,1,47102,0.0010000000000047748
57795000,-10027,6485,128199,-14160,3705,125781,116,19229,475,1,47103,0.0009979999999956135
57796000,-614,11086,127749,-5494,6307,123111,104,19229,426,1,47104,0.0010000000000047748
57797000,3017,-1989,123706,4286,-6244,128565,139,19234,569,0,47105,0.0009999999999976694
57798000,1692,-2656,124565,-1126,-3379,122460,106,19234,434,0,47106,0.0009999999999976694
57799000,4729,4847,123385,-8129,2490,123043,111,19228,434,0,47107,0.0010000000000047748
57800000,-1919,5801,125490,73,2438,125248,157,19227,455,1,47108,0.0009999999999976694
57801000,-571,12591,126933,-1416,11007,125076,157,19230,643,1,47109,0.0009999999999976694
57802000,-1667,7699,124269,-5813,4618,123284,109,19231,446,1,47110,0.0010000000000047748
57803000,6798,7045,124702,1494,-243,125528,98,19225,401,0,47111,0.0009999999999976694
57804002,9595,-2427,123857,9239,-7604,124192,94,19225,385,0,47112,0.0010019999999997253
57805000,8343,-6030,127025,4221,-4409,124806,112,19229,385,0,47113,0.000998000000002719
57806001,5199,-7425,127432,4313,-10832,133125,123,19228,459,0,47114,0.0010009999999951447
57807000,-138,3384,128298,-116,10469,118218,123,19223,504,1,47115,0.0009990000000001942
57808002,6707,16198,128127,1783,8557,124967,112,19231,459,1,47116,0.0010019999999997253
57809000,6090,5785,125442,10722,-1495,125374,98,19229,401,1,47117,0.000998000000002719
57810000,12270,3475,125010,-1251,-780,123293,127,19229,520,0,47118,0.0009999999999976694
57811000,10985,-3391,127061,11980,-9589,130038,105,19223,520,0,47119,0.0010000000000047748
57812001,6265,-10990,126470,11015,-14384,132091,107,19227,430,0,47120,0.0010009999999951447
57813000,6269,-2717,130616,-6890,-3498,131386,107,19231,438,1,47121,0.0009990000000001942
57814000,-1664,6928,129629,-3130,10128,120000,142,19231,582,1,47122,0.0010000000000047748
57815000,3009,17090,133584,12554,10793,127288,114,19231,467,1,47123,0.0009999999999976694
57816001,2426,2988,126440,-2168,-10328,127966,102,19225,418,1,47124,0.00100100000000225
57817002,9914,-11775,126403,-2124,-16815,129057,141,19225,418,0,47125,0.0010009999999951447
57818002,10774,-2951,131269,18537,-277,126485,106,19232,577,0,47126,0.0010000000000047748
57819001,1958,-1086,129207,-7249,-9334,127607,106,19232,434,0,47127,0.0009990000000001942
57820000,4543,8018,134533,-16444,9658,127138,110,19221,451,1,47128,0.0009990000000001942
57821000,-7500,4744,133321,8128,-7354,136411,124,19229,508,1,47129,0.0009999999999976694
57822000,-5695,-659,128123,-5026,-1097,121918,102,19232,418,1,47130,0.0009999999999976694
57823000,-1442,4241,132211,-23025,-5416,126263,117,19232,418,0,47131,0.0010000000000047748
57824000,905,-17308,129536,5739,-16025,139660,96,19223,479,0,47132,0.0009999999999976694
57825000,1667,12879,131792,2292,6333,115326,96,19229,393,0,47133,0.0009999999999976694
57826000,-8464,2405,129512,-29517,-5458,135931,107,19227,438,0,47134,0.0010000000000047748
57827000,-7409,1548,131118,-785,5346,129697,141,19228,577,1,47135,0.0009999999999976694
57828000,-8175,7241,129956,-5775,3558,127456,117,19229,479,1,47136,0.0009999999999976694
57829000,-4995,17160,129239,-17513,16365,124917,98,19229,479,1,47137,0.0010000000000047748
57830000,-1623,6128,128834,-6614,-4992,125947,161,19229,401,0,47138,0.0009999999999976694
57831000,-519,-11472,125074,-173,-9677,138285,161,19228,659,0,47139,0.0009999999999976694
57832000,385,2437,127701,-5549,887,121393,111,19230,455,0,47140,0.0010000000000047748
57833000,-6174,-579,125903,-14800,-2241,129128,114,19224,467,1,47141,0.0009999999999976694
57834000,-6094,22453,130482,-9565,16696,116782,127,19227,520,1,47142,0.0009999999999976694
57835000,-6633,-437,126619,-5502,-8652,135992,109,19227,520,1,47143,0.0010000000000047748
57836001,-3452,-1217,127634,-5440,1126,121433,114,19229,446,0,47144,0.0010009999999951447
57837000,475,15641,126513,-8447,6149,118914,114,19231,467,0,47145,0.0009990000000001942
57838000,3167,-4350,123957,1364,-10265,131439,91,19230,373,0,47146,0.0009999999999976694
57839001,3025,-275,126164,-2593,-3333,126786,106,19228,434,0,47147,0.00100100000000225
57840000,-4249,4636,125589,-3531,6408,127610,130,19220,532,1,47148,0.0009990000000001942
57841000,-1864,22472,127200,-2934,20561,113165,110,19220,451,1,47149,0.0009999999999976694
57842000,1487,-4735,124041,-4901,-8224,134575,93,19233,451,1,47150,0.0010000000000047748
57843002,9938,2712,122749,10164,1482,114055,120,19230,381,0,47151,0.0010019999999997253
57844002,6969,5532,123244,4675,-1050,126207,120,19233,491,0,47152,0.0009999999999976694
57845002,5541,-3338,125240,8378,-7315,125510,117,19229,479,0,47153,0.0010000000000047748
57846000,6683,-5340,127310,3243,-8869,133864,116,19224,475,1,47154,0.0009979999999956135
57847000,398,946,127108,-2288,-2102,122659,131,19224,537,1,47155,0.0009999999999976694
57848004,3819,21429,129787,3833,16504,115100,105,19227,537,1,47156,0.0010040000000017812
57849000,6234,2609,125417,10399,-14690,128968,102,19237,430,1,47157,0.000996000000000663
57850002,12360,-6990,124902,-1510,-5450,128638,102,19220,418,0,47158,0.0010019999999997253
57851002,10858,-996,129096,12482,-4160,127415,94,19232,385,0,47159,0.0009999999999976694
57852000,7021,-4377,127336,-240,2283,126327,101,19229,414,0,47160,0.000998000000002719
57853000,2808,848,130557,-6112,-2736,133327,121,19229,496,1,47161,0.0009999999999976694
57854000,-2950,4667,130536,8182,-2030,131895,112,19225,496,1,47162,0.0010000000000047748
57855003,1349,6392,128518,805,8349,121037,96,19226,459,1,47163,0.0010029999999972006
57856000,2797,8063,131823,-4120,-1140,126846,96,19230,393,0,47164,0.0009969999999981383
57857000,10625,-10118,128105,8695,-16512,132198,141,19227,577,0,47165,0.0010000000000047748
57858003,8145,-3988,129199,15064,-15878,131518,102,19229,418,0,47166,0.0010029999999972006
57859001,329,-7079,128316,-14728,-2723,132207,103,19232,422,0,47167,0.000998000000002719
57860000,-1027,18745,132442,-16076,23001,115683,140,19232,422,1,47168,0.0009990000000001942
57861000,-2037,7248,132754,4937,-1036,135223,107,19225,573,1,47169,0.0009999999999976694
57862001,-2890,-7558,128844,-6651,-14140,133506,107,19231,438,1,47170,0.00100100000000225
57863000,-113,-10342,126585,-15686,-7688,128127,101,19222,414,0,47171,0.0009990000000001942
57864000,-1043,5126,130545,1182,2223,125711,111,19230,455,0,47172,0.0009999999999976694
57865000,2290,11296,131061,-645,2002,126781,116,19228,475,0,47173,0.0009999999999976694
57866000,-7369,-1345,131552,-17697,-7924,137288,128,19228,475,1,47174,0.0010000000000047748
57867000,-10846,2464,131534,-17741,3757,128276,114,19221,524,1,47175,0.0009999999999976694
57868000,-8919,10176,130356,-3927,4236,124868,114,19230,467,1,47176,0.0009999999999976694
57869000,-4702,11767,131007,-5855,7262,125773,101,19227,414,1,47177,0.0010000000000047748
57870000,-1962,650,126495,-13282,-9774,129351,130,19226,532,0,47178,0.0009999999999976694
57871000,-4473,-10205,125817,-3254,-10390,131650,101,19231,414,0,47179,0.0009999999999976694
57872000,-1776,13228,129595,-6927,9898,116831,101,19231,414,0,47180,0.0010000000000047748
57873000,-4270,5875,126815,-5109,3725,128151,145,19225,414,1,47181,0.0009999999999976694
57874000,-8650,4891,128707,-14443,1491,129684,145,19228,594,1,47182,0.0009999999999976694
57875000,-4251,4643,124862,-11387,1167,124241,113,19228,463,1,47183,0.0010000000000047748
57876000,1847,12147,126135,3882,6542,123490,100,19226,410,0,47184,0.0009999999999976694
57877000,1597,-3760,125051,-1009,-7555,122600,110,19232,451,0,47185,0.0009999999999976694
57878000,129,-71,125091,-3374,-6605,128404,106,19232,451,0,47186,0.0010000000000047748
57879000,27,2560,124712,-7853,1304,126981,117,19232,434,0,47187,0.0009999999999976694
57880000,-2099,14719,127791,2852,12783,119478,117,19222,479,1,47188,0.0009999999999976694
57881000,-4477,10738,125424,-2391,6545,125015,121,19228,496,1,47189,0.0010000000000047748
57882000,3820,7686,124425,-7785,5245,122484,98,19231,401,1,47190,0.0009999999999976694
57883000,10144,5238,124867,11819,-1263,125199,117,19229,479,0,47191,0.0009999999999976694
57884000,13989,181,125117,15008,-7561,121402,101,19229,414,0,47192,0.0010000000000047748
57885000,5973,-6540,124993,8587,-8927,127537,113,19228,414,0,47193,0.0009999999999976694
57886000,3323,-11550,128385,-4975,-14533,134035,148,19223,463,1,47194,0.0009999999999976694
57887000,3086,2062,126959,-538,4680,124360,148,19229,606,1,47195,0.0010000000000047748
57888000,1045,16707,127534,7444,10785,125460,113,19232,463,1,47196,0.0009999999999976694
57889000,8242,3227,124431,-216,-465,121026,94,19226,385,1,47197,0.0009999999999976694
57890000,10680,-3507,126272,5217,-7486,132628,125,19226,512,0,47198,0.0010000000000047748
57891000,14139,-12396,125958,17273,-16992,129029,102,19234,512,0,47199,0.0009999999999976694
57892000,4939,1657,127723,6955,-1232,123922,111,19230,418,0,47200,0.0009999999999976694
57893000,2222,7852,130537,-12240,3547,129836,111,19221,455,1,47201,0.0010000000000047748
57894000,1932,7400,129684,3847,2729,127091,116,19230,475,1,47202,0.0009999999999976694
57895000,-1978,2915,128699,10023,3450,129677,103,19230,422,1,47203,0.0009999999999976694
57896000,9039,-3816,126547,-7420,-15859,125916,116,19230,475,0,47204,0.0010000000000047748
57897000,9601,-9891,127284,8414,-5058,132625,93,19221,475,0,47205,0.0009999999999976694
57898000,8260,-6738,129976,22389,-3579,129839,106,19228,381,0,47206,0.0009999999999976694
57899001,1858,-4176,130632,-22716,12223,123449,106,19230,434,0,47207,0.00100100000000225
57900000,-6084,6893,134344,7222,3397,130607,137,19231,561,1,47208,0.0009990000000001942
57901000,-9415,4650,131071,-306,-5115,127996,111,19232,455,1,47209,0.0009999999999976694
57902000,-3841,-4507,128033,-24647,-8313,133153,95,19230,389,1,47210,0.0009999999999976694
57903000,1605,-3382,131830,3914,-7137,133293,146,19230,389,0,47211,0.0010000000000047748
57904000,4346,1249,127998,4167,954,123778,109,19231,598,0,47212,0.0009999999999976694
57905000,-3782,4896,130560,-14918,-991,128987,109,19225,446,0,47213,0.0009999999999976694
57906000,-8498,2630,130735,-17158,150,127261,114,19224,467,1,47214,0.0010000000000047748
57907000,-7650,-1105,131893,-4639,-77,135618,135,19232,553,1,47215,0.0009999999999976694
57908001,-12289,12614,129628,-9640,14710,120581,108,19233,442,1,47216,0.00100100000000225
57909001,-733,6474,130488,-13477,-956,130284,112,19233,442,1,47217,0.0009999999999976694
57910000,-2563,-2515,124561,-350,-9218,126033,119,19219,459,0,47218,0.0009990000000001942
57911000,540,-7354,125103,-9113,-8167,132057,119,19231,487,0,47219,0.0009999999999976694
57912001,-1363,1643,128119,-9217,5552,117094,104,19231,426,0,47220,0.00100100000000225
57913002,-6486,22000,130067,-4267,11821,121230,129,19223,528,1,47221,0.00100100000000225
57914000,-5910,3091,128257,-15083,-3571,135884,116,19230,475,1,47222,0.0009979999999956135
57915000,-8090,2484,127530,-6859,-1002,123601,102,19230,475,1,47223,0.0010000000000047748
57916000,1618,4683,124845,-763,2624,123613,142,19229,418,0,47224,0.0009999999999976694
57917001,-1546,4246,124925,-1291,900,120722,142,19232,582,0,47225,0.00100100000000225
57918003,1001,-7487,124788,-4089,-9582,131617,115,19225,471,0,47226,0.0010019999999997253
57919002,764,6407,127027,-3174,2613,121804,111,19231,455,1,47227,0.0009990000000001942
57920000,-5149,12951,124857,-6214,6504,120565,157,19231,643,1,47228,0.0009979999999956135
57921000,-119,11698,128375,2544,3759,126970,109,19231,643,1,47229,0.0010000000000047748
57922001,3776,9341,124591,2919,-3634,117259,106,19234,446,1,47230,0.0010009999999951447
57923000,10287,7511,123030,312,1476,127956,106,19225,434,0,47231,0.0009990000000001942
57924000,9490,2548,124941,9665,-3622,119808,82,19225,336,0,47232,0.0010000000000047748
57925000,8834,-4079,123556,5725,-6187,126866,113,19227,463,0,47233,0.0009999999999976694
57926000,4939,1262,126682,-1948,298,128641,123,19224,504,1,47234,0.0009999999999976694
57927000,1368,9255,128414,2491,9446,123616,111,19224,455,1,47235,0.0010000000000047748
57928000,8273,9051,126505,6062,4963,124572,99,19231,455,1,47236,0.0009999999999976694
57929000,5025,2362,125524,6587,-3441,123513,133,19232,405,0,47237,0.0009999999999976694
57930000,11523,-6804,127951,4668,-9874,129131,133,19226,545,0,47238,0.0010000000000047748
57931000,9240,-7356,129196,11830,-17276,128830,101,19229,414,0,47239,0.0009999999999976694
57932000,4005,-5948,129040,-5197,-9084,134362,101,19227,414,0,47240,0.0009999999999976694
57933000,1713,7250,132145,48,6142,126657,132,19227,541,1,47241,0.0010000000000047748
57934000,-2191,13250,128390,8552,9367,121664,111,19228,541,1,47242,0.0009999999999976694
57935000,4037,5366,129624,-4159,-1221,132804,104,19231,455,1,47243,0.0009999999999976694
57936000,5418,-5397,127743,-2759,-7535,127531,104,19225,426,0,47244,0.0010000000000047748
57937001,12725,-6072,127966,17664,-9530,127842,126,19229,516,0,47245,0.0010009999999951447
57938000,4037,-2110,129165,9123,-6879,132793,107,19228,438,0,47246,0.0009990000000001942
57939000,270,-3944,131787,-22381,-6839,132246,116,19228,475,1,47247,0.0010000000000047748
57940000,-3480,6126,132863,-3988,3446,126422,109,19218,475,1,47248,0.0009999999999976694
57941000,-9880,12934,131119,632,9636,126659,97,19229,446,1,47249,0.0009999999999976694
57942000,-1582,6516,127581,-14914,-2831,123473,97,19233,397,1,47250,0.0010000000000047748
57943000,-570,-13518,128020,-8443,-15448,138428,123,19228,504,0,47251,0.0009999999999976694
57944000,6111,-9532,128597,5294,-3625,125834,102,19228,418,0,47252,0.0009999999999976694
57945000,-5450,14266,132545,-5216,9700,121571,110,19225,451,0,47253,0.0010000000000047748
57946000,-7214,1535,130537,-16072,1869,134070,149,19225,451,1,47254,0.0009999999999976694
57947000,-8831,2828,131040,-8365,-2505,130766,116,19228,610,1,47255,0.0009999999999976694
57948000,-10571,8425,128553,-10047,6406,123998,116,19231,475,1,47256,0.0010000000000047748
57949000,-1820,10045,129389,-4929,4028,123014,101,19228,414,0,47257,0.0009999999999976694
57950000,-4682,-1686,128354,-10232,-10714,131700,158,19232,647,0,47258,0.0009999999999976694
57951000,873,-5524,125084,-4932,-7489,126092,106,19224,434,0,47259,0.0010000000000047748
57952000,-3119,7987,129112,-8938,5122,125347,113,19224,434,0,47260,0.0009999999999976694
57953000,-4886,9379,128766,-6836,666,128482,116,19222,463,1,47261,0.0009999999999976694
57954000,-9102,16561,124915,-15139,19478,116178,116,19228,475,1,47262,0.0010000000000047748
57955000,-2339,10546,129192,-10562,2384,127561,104,19231,426,1,47263,0.0009999999999976694
57956000,2189,-3176,124633,13028,-9520,127660,117,19226,479,0,47264,0.0009999999999976694
57957000,261,-1874,124753,-6461,-7829,127745,98,19231,401,0,47265,0.0010000000000047748
57958000,1041,-4676,124379,-6897,3322,126493,109,19231,401,0,47266,0.0009999999999976694
57959001,970,13819,128144,-260,10466,123258,135,19226,446,1,47267,0.00100100000000225
57960000,-1215,3933,125667,-3357,-235,130981,135,19224,553,1,47268,0.0009990000000001942
57961000,-2052,11167,126138,803,7643,119397,113,19232,463,1,47269,0.0009999999999976694
57962000,3827,8517,124246,84,2011,124034,97,19224,397,0,47270,0.0009999999999976694
57963000,8716,5666,124008,8426,-538,122149,117,19232,479,0,47271,0.0009999999999976694
57964000,11434,-5124,124702,9977,-14569,132570,114,19232,479,0,47272,0.0010000000000047748
57965000,5248,-12592,125756,-1523,-17440,130388,115,19229,467,0,47273,0.0009999999999976694
57966000,2023,26220,130692,2143,14049,114948,115,19219,471,1,47274,0.0009999999999976694
57967000,4459,6474,126492,5545,817,131108,118,19228,483,1,47275,0.0010000000000047748
57968000,5296,7311,127690,3714,7261,124582,105,19232,430,1,47276,0.0009999999999976694
57969000,12093,6287,125971,-1565,130,119372,111,19223,455,0,47277,0.0009999999999976694
57970000,12422,6998,127239,14815,-1514,126368,87,19223,455,0,47278,0.0010000000000047748
57971000,7774,-15649,126890,16551,-22821,136564,105,19229,356,0,47279,0.0009999999999976694
57972000,5656,-8460,128967,-11963,-6004,131086,105,19231,430,1,47280,0.0009999999999976694
57973000,3410,14873,132395,3009,11915,124726,124,19230,508,1,47281,0.0010000000000047748
57974000,-369,13535,130165,9486,9173,122478,112,19230,459,1,47282,0.0009999999999976694
57975000,2201,11920,129984,-11203,2547,124511,98,19228,401,1,47283,0.0009999999999976694
57976000,11402,-19046,124422,3356,-26213,141102,149,19228,610,0,47284,0.0010000000000047748
57977000,11927,-6439,132534,30895,-6263,123497,113,19232,610,0,47285,0.0009999999999976694
57978000,3434,6186,129995,-7522,-1652,125662,110,19225,463,0,47286,0.0009999999999976694
57979001,-362,7981,133787,-19246,6167,126217,110,19224,451,1,47287,0.00100100000000225
57980000,-5227,-991,132262,2292,-5387,137100,142,19228,582,1,47288,0.0009990000000001942
57981005,-9737,-2104,129018,-2465,-4760,129323,107,19233,438,1,47289,0.0010049999999992565
57982000,-1568,6027,130552,-22560,2671,117546,104,19233,426,0,47290,0.0009950000000031878
57983000,800,-6427,129255,263,-11357,132030,99,19224,426,0,47291,0.0009999999999976694
57984001,5168,-1829,129055,6039,-4010,124397,112,19231,405,0,47292,0.00100100000000225
57985002,-5800,4321,131306,-15311,995,129952,112,19230,459,0,47293,0.0010009999999951447
57986000,-8563,3255,130392,-14321,827,128140,129,19219,528,1,47294,0.000998000000002719
57987000,-6300,8338,131556,-6237,6030,129093,115,19230,471,1,47295,0.0009999999999976694
57988000,-6134,1032,127038,-8079,-1691,127660,99,19230,405,1,47296,0.0010000000000047748
57989000,-1982,5701,127396,-12340,5847,122018,134,19229,405,0,47297,0.0009999999999976694
57990003,-753,-4374,124468,-4888,-6713,128586,101,19223,549,0,47298,0.0010029999999972006
57991000,-1208,-1338,127192,982,165,127734,101,19232,414,0,47299,0.0009970000000052437
57992000,-4546,7609,128880,-16789,4402,125020,103,19225,422,1,47300,0.0009999999999976694
57993000,-7933,6190,129884,-3787,12968,125349,141,19229,577,1,47301,0.0009999999999976694
57994000,-9417,1568,127981,-9236,-640,125076,110,19230,451,1,47302,0.0010000000000047748
57995000,-2671,8474,127109,-1384,6156,124212,102,19230,451,1,47303,0.0009999999999976694
57996000,-432,4558,125045,2236,-4674,124357,88,19224,418,0,47304,0.0009999999999976694
57997000,2502,-5841,124216,-7383,-8486,127103,88,19234,360,0,47305,0.0010000000000047748
57998000,1911,5518,126978,-7045,9753,124247,109,19230,446,0,47306,0.0009999999999976694
57999000,575,6219,126256,6033,10170,124573,120,19220,491,1,47307,0.0009999999999976694
58000000,-5551,7868,125024,-4829,5987,120820,113,19228,463,1,47308,0.0010000000000047748
58001000,-579,5473,125349,-10627,2431,128864,93,19228,463,1,47309,0.0009999999999976694
58002000,10457,6626,120893,17506,12313,119572,121,19230,381,0,47310,0.0009999999999976694
58003000,9389,3173,124777,9501,-4251,126837,121,19229,496,0,47311,0.0010000000000047748
58004000,8471,-11642,122951,-3834,-17130,127982,105,19229,430,0,47312,0.0009999999999976694
58005000,3318,-3763,125705,9212,-719,129735,112,19223,459,0,47313,0.0009999999999976694
58006000,1469,4328,129384,4603,9312,120676,149,19225,610,1,47314,0.0010000000000047748
58007000,1829,14603,128275,-3640,8813,121576,110,19225,610,1,47315,0.0009999999999976694
58008000,6342,2795,126802,4318,-6650,133276,96,19231,451,1,47316,0.0009999999999976694
58009000,10713,-1462,124792,8841,-3601,120644,96,19230,393,0,47317,0.0010000000000047748
58010001,12307,-1805,127772,10843,-5758,128082,119,19233,487,0,47318,0.0010009999999951447
58011002,6154,-7458,126910,5935,-1404,130929,104,19228,426,0,47319,0.00100100000000225
58012002,3377,-9873,127548,-6656,-7393,131734,112,19223,459,1,47320,0.0009999999999976694
58013002,431,13322,132859,5603,11376,126827,107,19223,459,1,47321,0.0010000000000047748
58014000,-948,13531,128260,1225,9345,120334,102,19229,438,1,47322,0.0009979999999956135
58015002,5006,1193,131899,-2520,-6178,133702,102,19231,418,1,47323,0.0010019999999997253
58016002,10685,-14050,127358,7925,-22865,131832,123,19218,504,0,47324,0.0010000000000047748
58017000,12072,-429,128592,16553,-2445,129727,96,19229,393,0,47325,0.0009979999999956135
58018000,-895,5633,131524,-8330,1040,125775,104,19233,426,0,47326,0.0010000000000047748
58019000,522,7089,130153,-19959,6618,123428,139,19233,569,1,47327,0.0009999999999976694
58020000,-5764,11511,134810,6212,6308,132872,114,19219,569,1,47328,0.0009999999999976694
58021002,-5043,-12088,128622,-103,-15618,129934,95,19231,467,1,47329,0.0010019999999997253
58022000,-2342,-7240,129555,-15710,-14429,128675,95,19234,389,0,47330,0.000998000000002719
58023000,-2416,-3477,128756,-6309,-7674,127050,127,19232,520,0,47331,0.0009999999999976694
58024000,213,1922,131389,8149,-655,128850,109,19227,446,0,47332,0.0010000000000047748
58025000,-8045,3152,131619,-16844,-1371,124828,115,19227,471,1,47333,0.0009999999999976694
58026001,-10376,2,129552,-25096,-3804,130817,122,19221,471,1,47334,0.00100100000000225
58027000,-10405,13487,132099,-2288,8631,126865,109,19231,500,1,47335,0.0009989999999930887
58028000,-3759,6823,128712,-7025,2424,124791,109,19231,446,1,47336,0.0010000000000047748
58029000,-2813,3740,127440,-8328,-2679,129409,113,19216,463,0,47337,0.0009999999999976694
58030000,-6198,-7673,123357,-10849,-9431,124998,110,19231,451,0,47338,0.0009999999999976694
58031000,2413,12211,128897,-4639,10152,125441,105,19231,430,0,47339,0.0010000000000047748
58032001,-5541,8464,128324,-3869,2735,124501,132,19231,430,1,47340,0.0010009999999951447
58033000,-6097,3633,126992,-10263,564,129883,120,19224,541,1,47341,0.0009990000000001942
58034002,-6100,6578,129879,-16241,4354,122317,120,19226,491,1,47342,0.0010019999999997253
58035000,620,9338,126495,91,-4724,125878,102,19226,418,0,47343,0.000998000000002719
58036000,3863,6850,125187,12047,88,125626,132,19232,541,0,47344,0.0009999999999976694
58037000,-599,-12528,120314,-12847,-4897,125615,110,19228,451,0,47345,0.0010000000000047748
58038000,1955,7017,129401,-11805,4318,127516,112,19228,451,0,47346,0.0009999999999976694
58039000,-1301,13108,126741,6823,7560,119109,152,19218,459,1,47347,0.0009999999999976694
58040000,-3209,9243,128028,-13969,15399,126450,152,19229,623,1,47348,0.0010000000000047748
58041000,3378,3350,126089,1111,-2935,126342,107,19233,438,1,47349,0.0009999999999976694
58042000,6520,1485,121422,16463,-502,123442,104,19224,426,0,47350,0.0009999999999976694
58043002,9660,2252,125428,767,-5549,125994,89,19228,365,0,47351,0.0010019999999997253
58044002,8639,-2312,126078,6637,-4144,124924,111,19228,365,0,47352,0.0010000000000047748
58045000,6175,2592,126237,9862,-2743,128854,131,19225,455,1,47353,0.0009979999999956135
58046000,1036,285,126689,-8718,3357,125069,131,19223,537,1,47354,0.0010000000000047748
58047003,4703,10480,129003,6873,-1470,126598,112,19231,459,1,47355,0.0010029999999972006
58048001,9331,13832,124618,11072,2533,120499,97,19231,397,1,47356,0.000998000000002719
58049000,9051,1758,125250,-4124,-2186,123734,139,19231,569,0,47357,0.0009990000000001942
58050000,13135,-6840,128124,18940,-18389,135737,102,19231,569,0,47358,0.0009999999999976694
58051000,4617,-12299,123882,5527,-7916,125101,103,19228,418,0,47359,0.0009999999999976694
58052000,4544,8868,132073,-13290,5603,129697,103,19227,422,1,47360,0.0010000000000047748
58053000,382,11557,130735,6626,11251,123943,127,19228,520,1,47361,0.0009999999999976694
58054000,3020,10633,128025,869,1514,128563,110,19232,451,1,47362,0.0009999999999976694
58055000,2943,-6947,128479,1064,-10471,132035,105,19226,430,0,47363,0.0010000000000047748
58056000,8457,-8820,126658,11092,-12311,121275,125,19226,430,0,47364,0.0009999999999976694
58057000,10357,-4302,129817,9027,-13444,139018,107,19230,512,0,47365,0.0009999999999976694
58058000,-344,-4304,132285,-12308,-891,125445,107,19230,438,0,47366,0.0010000000000047748
58059005,1851,3284,133842,-11306,-1472,133744,118,19218,483,1,47367,0.0010049999999992565
58060002,-11532,13462,131665,5389,7656,122864,110,19229,451,1,47368,0.0009969999999981383
58061002,-4644,-1897,129091,-15609,-13696,132305,97,19228,397,1,47369,0.0009999999999976694
58062000,411,-10206,128837,-3564,-9949,138869,129,19228,397,0,47370,0.000998000000002719
58063000,617,5267,129977,3421,4150,115769,106,19232,528,0,47371,0.0009999999999976694
58064003,-167,12936,131629,-6879,6213,130391,112,19226,434,0,47372,0.001003000000004306
58065002,-7108,-1133,131393,-14343,-8062,133933,112,19224,459,1,47373,0.0009990000000001942
58066000,-8453,-837,130851,-13610,-740,131275,145,19229,594,1,47374,0.0009979999999956135
58067000,-11676,14915,131582,-13489,9738,124433,113,19231,463,1,47375,0.0010000000000047748
58068000,-1558,14514,130084,-11784,10976,120570,101,19231,414,1,47376,0.0009999999999976694
58069003,-3801,-6526,127880,-2494,-14134,136808,149,19224,414,0,47377,0.0010029999999972006
58070000,-2304,-14759,124325,-5390,-16163,129342,105,19236,610,0,47378,0.0009970000000052437
58071000,-1600,7391,130755,-11582,4488,125503,105,19233,430,0,47379,0.0009999999999976694
58072000,-3551,13015,128986,-4227,7485,122585,113,19224,463,1,47380,0.0009999999999976694
58073001,-6437,11553,128118,-5095,6085,124081,109,19228,446,1,47381,0.00100100000000225
58074000,-9989,4987,127058,-20056,4160,134516,103,19228,422,1,47382,0.0009990000000001942
58075000,1170,4659,124576,-940,2162,115786,124,19228,422,0,47383,0.0009999999999976694
58076000,1171,317,125923,4285,-2727,129747,100,19224,508,0,47384,0.0010000000000047748
58077000,4257,-2680,120641,-5589,-6199,124633,100,19229,410,0,47385,0.0009999999999976694
58078000,476,10210,127989,-1303,8174,131136,109,19226,446,0,47386,0.0009999999999976694
58079000,-219,6346,123936,-2108,3314,118485,141,19225,577,1,47387,0.0010000000000047748
58080000,-1596,20086,127846,-2754,17730,123456,110,19230,451,1,47388,0.0009999999999976694
58081000,3949,5331,124712,223,1722,125897,96,19230,451,1,47389,0.0009999999999976694
58082000,9988,1029,122685,6366,-11380,124109,114,19228,393,0,47390,0.0010000000000047748
58083000,8194,1246,124300,6015,-6746,124830,114,19232,467,0,47391,0.0009999999999976694
58084000,7244,-1861,125512,6442,1321,120983,118,19229,483,0,47392,0.0009999999999976694
58085000,5109,-847,128073,4271,-5201,134659,120,19223,491,1,47393,0.0010000000000047748
58086000,-418,4096,128093,739,12454,118307,117,19227,479,1,47394,0.0009999999999976694
58087000,5632,10801,127103,3373,9386,128929,104,19227,479,1,47395,0.0009999999999976694
58088000,5541,387,125153,16807,1127,120346,113,19227,426,1,47396,0.0009999999999976694
58089000,13055,3810,125555,-501,-7509,128314,113,19222,463,0,47397,0.0010000000000047748
58090000,8513,-13757,125391,9894,-15444,132750,91,19231,373,0,47398,0.0009999999999976694
58091000,6922,836,131016,6866,-4321,127461,102,19228,418,0,47399,0.0009999999999976694
58092000,3136,7338,130956,-9923,-338,127832,128,19223,524,1,47400,0.0010000000000047748
58093000,-2429,16947,130842,2775,12068,121205,111,19223,524,1,47401,0.0009999999999976694
58094002,3269,6571,130566,5270,-5814,132740,96,19231,455,1,47402,0.0010019999999997253
58095002,4780,-4941,125644,-4995,-6523,125218,96,19227,393,0,47403,0.0010000000000047748
58096000,12842,-5393,128926,13989,-6241,127228,154,19229,631,0,47404,0.0009979999999956135
58097000,5388,-5351,129778,11174,-8717,134518,108,19229,442,0,47405,0.0009999999999976694
58098000,-1373,474,130073,-22820,3230,123740,109,19226,446,0,47406,0.0010000000000047748
58099000,-150,10541,135469,-7242,5148,131854,139,19226,446,1,47407,0.0009999999999976694
58100000,-8114,1393,130792,12963,2608,125575,105,19232,569,1,47408,0.0009999999999976694
58101002,-2134,-1621,130267,-21939,-6846,130645,105,19232,430,1,47409,0.0010019999999997253
58102000,63,-12627,127574,-13578,-11074,133260,105,19217,430,0,47410,0.000998000000002719
58103000,4672,480,129613,16610,-2076,126047,88,19229,360,0,47411,0.0009999999999976694
58104000,-2970,5796,130134,-10771,5186,127653,106,19230,434,0,47412,0.0010000000000047748
58105000,-8596,2256,131724,-24761,-852,129922,131,19230,434,1,47413,0.0009999999999976694
58106000,-10473,-4466,130167,-4516,-5313,135892,115,19223,537,1,47414,0.0009999999999976694
58107001,-9943,8390,130949,-6132,6719,123453,115,19229,471,1,47415,0.00100100000000225
58108000,-2662,13604,128587,-10438,10222,120351,98,19230,401,1,47416,0.0009990000000001942
58109000,-5007,-6823,126514,-10250,-12985,137399,142,19224,582,0,47417,0.0009999999999976694
58110000,-39,-7216,125492,-2990,-10483,124956,99,19233,405,0,47418,0.0010000000000047748
58111000,560,7935,127728,-4296,4725,125132,107,19233,438,0,47419,0.0009999999999976694
58112000,-7702,11018,128886,-9104,7217,121984,130,19224,438,1,47420,0.0009999999999976694
58113000,-5349,13458,127664,-13172,5811,122138,110,19228,532,1,47421,0.0010000000000047748
58114001,-4363,2971,127245,-6173,-1189,132896,110,19234,451,1,47422,0.0010009999999951447
58115000,-1006,1356,123822,3933,191,122488,108,19222,442,0,47423,0.0009990000000001942
58116000,-514,3320,125604,-9901,1768,120366,82,19231,336,0,47424,0.0010000000000047748
58117000,2047,3270,126272,-2025,-1494,125440,109,19231,446,0,47425,0.0009999999999976694
58118000,422,235,125605,5159,-4932,132606,124,19230,446,1,47426,0.0009999999999976694
58119000,-1754,1719,126207,-6000,642,120154,113,19218,508,1,47427,0.0010000000000047748
58120000,-1244,14794,127210,-7046,11496,115021,113,19227,463,1,47428,0.0009999999999976694
58121000,4908,7356,126280,4613,2026,132859,97,19228,397,1,47429,0.0009999999999976694
58122000,11006,-3814,120749,11054,-9861,120655,128,19233,524,0,47430,0.0010000000000047748
58123000,9570,-556,124419,6529,-6780,128531,108,19233,442,0,47431,0.0009999999999976694
58124000,4897,-1429,124250,3995,-2360,120492,113,19225,442,0,47432,0.0009999999999976694
58125000,6691,4548,127929,3694,105,132462,143,19229,463,1,47433,0.0010000000000047748
58126000,2926,6973,126868,1249,4808,120842,143,19229,586,1,47434,0.0009999999999976694
58127001,5760,10113,126881,3556,6688,126434,109,19231,446,1,47435,0.00100100000000225
58128000,7567,-32,124291,6646,-2527,122317,100,19226,410,0,47436,0.0009990000000001942
58129000,11051,-4987,124965,5768,-12917,131538,122,19232,500,0,47437,0.0009999999999976694
58130000,10908,-12943,125424,13570,-13786,133458,106,19232,500,0,47438,0.0009999999999976694
58131000,3369,700,127577,1030,10275,118733,117,19232,434,0,47439,0.0010000000000047748
58132000,4959,14665,133694,-8334,5627,134634,117,19220,479,1,47440,0.0009999999999976694
58133000,-1429,6890,129233,8975,1846,121176,112,19229,459,1,47441,0.0009999999999976694
58134001,3675,-2322,128107,-7179,-1339,131070,102,19229,418,1,47442,0.00100100000000225
58135000,7182,-7972,130376,2394,-15527,129551,124,19226,508,0,47443,0.0009990000000001942
58136000,7407,-7100,127592,24615,-4598,125832,99,19226,508,0,47444,0.0009999999999976694
58137000,6329,2717,131111,-11940,-667,135904,105,19234,405,0,47445,0.0010000000000047748
58138000,-2069,-3353,130165,-15376,3615,123944,105,19225,430,1,47446,0.0009999999999976694
58139002,-4209,13325,133631,9682,-392,132659,145,19223,594,1,47447,0.0010019999999997253
58140000,-7325,-2321,128519,-7874,-3296,128871,112,19230,459,1,47448,0.000998000000002719
58141000,-5474,-922,131181,-21817,-10836,132455,98,19225,401,1,47449,0.0009999999999976694
58142000,6759,-2608,129031,6065,65,125490,122,19225,401,0,47450,0.0009999999999976694
58143000,401,4757,127341,-4424,-511,126140,115,19232,500,0,47451,0.0010000000000047748
58144000,-1129,5317,133566,-13882,-87,129863,115,19229,471,0,47452,0.0009999999999976694
58145000,-9208,-25,128654,-10189,-3929,130729,122,19220,500,1,47453,0.0009999999999976694
58146000,-5782,6791,132161,-14479,9988,127738,116,19232,475,1,47454,0.0010000000000047748
58147000,-8473,7299,130906,-8774,5505,126490,108,19232,442,1,47455,0.0009999999999976694
58148000,-1047,1940,128872,-7893,-4663,127223,117,19232,442,0,47456,0.0009999999999976694
58149000,-3957,-4435,125133,-4936,-3841,127540,89,19218,479,0,47457,0.0010000000000047748
58150000,-4478,-42,127776,-6165,-3523,125988,89,19232,365,0,47458,0.0009999999999976694
58151000,951,5387,126517,-11213,5223,124303,104,19226,426,0,47459,0.0009999999999976694
58152000,-10566,8734,130598,-6953,3885,128080,137,19224,561,1,47460,0.0009999999999976694
58153000,-5288,-2413,127100,-16572,-2465,128405,116,19230,475,1,47461,0.0010000000000047748
58154000,-3244,14420,127351,-3839,1681,120392,99,19230,475,1,47462,0.0009999999999976694
58155000,-1096,2093,124662,-1608,-9258,128705,122,19226,405,0,47463,0.0009999999999976694
58156000,3515,-3864,123689,2158,136,127227,122,19234,500,0,47464,0.0010000000000047748
58157001,-167,8530,126694,-3194,5368,121003,106,19228,434,0,47465,0.0010009999999951447
58158000,358,12189,125638,-6245,9482,124551,112,19220,459,1,47466,0.0009990000000001942
58159000,-4662,8520,125687,-10328,3457,125999,138,19225,565,1,47467,0.0010000000000047748
58160000,3024,4044,126212,5429,2891,128960,102,19225,418,1,47468,0.0009999999999976694
58161000,3650,9298,122190,8088,8195,118796,108,19232,418,0,47469,0.0009999999999976694
58162000,9633,4404,124144,-7513,-652,124521,94,19234,442,0,47470,0.0010000000000047748
58163000,11182,-5145,125147,16595,-10518,125119,94,19227,385,0,47471,0.0009999999999976694
58164000,6076,-5810,126476,3982,-13940,128983,113,19228,463,0,47472,0.0009999999999976694
58165000,1240,-4129,129752,-1212,-4065,128449,133,19224,545,1,47473,0.0010000000000047748
58166000,731,19759,131909,-112,14228,118823,114,19224,467,1,47474,0.0009999999999976694
58167000,6574,-5113,124127,2103,-11036,133342,98,19233,467,1,47475,0.0009999999999976694
58168002,6552,6424,127092,10145,4635,119131,149,19228,401,0,47476,0.0010019999999997253
58169000,9262,-4317,126346,-2749,-10540,127150,149,19233,610,0,47477,0.000998000000002719
58170000,6504,-2429,127464,19709,-4339,125640,103,19229,422,0,47478,0.0009999999999976694
58171000,3719,-6201,128525,-3805,-10900,134787,105,19223,430,1,47479,0.0010000000000047748
58172000,2279,723,129380,-6913,-1508,118854,123,19231,504,1,47480,0.0009999999999976694
58173000,-815,20711,132750,9367,16731,128263,107,19231,504,1,47481,0.0009999999999976694
58174000,2347,-3967,127429,-4187,-8842,130785,107,19233,438,1,47482,0.0010000000000047748
58175000,8443,-6092,127505,-1069,-9752,125642,107,19225,438,0,47483,0.0009999999999976694
58176000,12539,-9726,129708,15114,-19011,139113,104,19233,426,0,47484,0.0009999999999976694
58177000,2533,-1535,127061,11802,10385,114152,105,19232,430,0,47485,0.0010000000000047748
58178000,3484,11945,135094,-24192,-2113,134174,119,19218,487,1,47486,0.0009999999999976694
58179000,-6756,4280,133019,-54,686,129921,110,19218,487,1,47487,0.0009999999999976694
58180000,-7659,6228,129192,5824,-2806,127652,93,19232,451,1,47488,0.0010000000000047748
58181000,-3502,-8746,130265,-16202,-6534,137830,93,19231,381,0,47489,0.0009999999999976694
58182001,-918,-7254,128446,6149,-3492,119973,134,19227,549,0,47490,0.00100100000000225
58183002,3582,3698,131229,1656,-3565,136521,106,19228,434,0,47491,0.0010009999999951447
58184000,-7315,-2363,130736,-15951,-2979,125712,110,19225,451,0,47492,0.000998000000002719
58185000,-6820,8934,131372,-15277,3217,130976,141,19225,451,1,47493,0.0009999999999976694
58186000,-10548,689,129821,-7819,972,132500,111,19230,577,1,47494,0.0010000000000047748
58187000,-4629,15736,130607,-11401,12233,117864,111,19228,455,1,47495,0.0009999999999976694
58188000,-1976,2965,127172,-3396,-13515,137885,101,19225,414,0,47496,0.0009999999999976694
58189000,-5285,618,121581,-10264,2912,116967,139,19231,569,0,47497,0.0010000000000047748
58190000,4520,2998,127281,-4624,-1874,131019,105,19228,430,0,47498,0.0009999999999976694
58191000,-4059,-19,126747,-4590,9514,121047,114,19228,430,1,47499,0.0009999999999976694
58192000,-2753,16944,128874,-18454,10821,121285,109,19226,467,1,47500,0.0010000000000047748
58193000,-9474,2098,128423,-9636,-1184,135846,109,19233,446,1,47501,0.0009999999999976694
58194000,1010,8260,125821,3362,3127,117324,103,19229,422,1,47502,0.0009999999999976694
58195001,206,-1702,126453,-22,-8408,134153,130,19224,532,0,47503,0.00100100000000225
58196001,-693,-5101,124415,-7308,-6180,120804,114,19225,467,0,47504,0.0009999999999976694
58197000,2962,9702,126319,-7266,4889,125172,113,19225,467,0,47505,0.0009990000000001942
58198000,-3898,10582,127183,2538,7553,124453,149,19228,463,1,47506,0.0010000000000047748
58199000,-462,15220,126717,-3650,10401,118950,149,19227,610,1,47507,0.0009999999999976694
58200000,-862,1138,125823,-355,-985,134185,112,19234,459,1,47508,0.0009999999999976694
58201001,6990,9801,123654,4390,9195,115720,99,19226,405,0,47509,0.00100100000000225
58202001,11099,2533,123531,11560,-6887,126827,102,19230,418,0,47510,0.0009999999999976694
58203000,7831,-5442,125705,6104,-3494,127260,112,19230,459,0,47511,0.0009990000000001942
58204000,7047,-5012,126119,-1947,-10891,129182,117,19230,459,0,47512,0.0010000000000047748
58205000,2487,8596,126541,8960,10810,124447,105,19222,479,1,47513,0.0009999999999976694
58206000,4485,19241,129089,-310,12346,122545,105,19230,430,1,47514,0.0009999999999976694
58207000,7246,2456,124345,5516,-856,125263,98,19232,401,1,47515,0.0010000000000047748
58208000,12846,2784,126145,6771,-989,122620,119,19223,487,0,47516,0.0009999999999976694
58209003,11592,-3164,127153,10441,-6438,134013,96,19223,393,0,47517,0.0010029999999972006
58210001,6423,-6775,127255,13802,-9251,127034,102,19233,393,0,47518,0.000998000000002719
58211000,3400,-2363,131404,-8567,-6613,130717,131,19227,418,1,47519,0.0009990000000001942
58212000,2392,4372,130797,-2160,4366,127196,131,19225,537,1,47520,0.0009999999999976694
58213000,520,14687,132929,14867,10188,119774,109,19231,446,1,47521,0.0009999999999976694
58214000,1936,-6304,125175,-6485,-12460,130873,97,19227,397,1,47522,0.0010000000000047748
58215000,8340,-9378,128640,-1635,-12718,131774,154,19227,631,0,47523,0.0009999999999976694
58216000,8467,-5209,129761,22533,-7943,124872,105,19230,631,0,47524,0.0009999999999976694
58217000,5721,1282,129485,-6848,-1887,133362,106,19230,430,0,47525,0.0010000000000047748
58218000,-362,7173,133128,-16596,4150,127714,106,19224,434,1,47526,0.0009999999999976694
58219000,-4859,4032,131050,3525,1111,131513,128,19228,524,1,47527,0.0009999999999976694
58220000,-6010,127,130553,-3561,-3991,128756,99,19233,405,1,47528,0.0010000000000047748
58221001,902,-3830,129277,-14114,-7382,131758,111,19221,455,0,47529,0.0010009999999951447
58222000,-1146,-3974,128948,-1417,-7936,128227,106,19221,455,0,47530,0.0009990000000001942
58223000,3015,2212,129582,444,3270,123140,114,19226,434,0,47531,0.0010000000000047748
58224000,-6731,9202,132611,-13071,1399,135036,114,19229,467,1,47532,0.0009999999999976694
58225000,-7046,-2276,127646,-11748,5277,126436,138,19227,565,1,47533,0.0009999999999976694
58226001,-6978,10168,131696,-11188,5757,131585,118,19228,483,1,47534,0.00100100000000225
58227000,-5872,2815,129194,-7892,6742,123545,103,19230,422,1,47535,0.0009990000000001942
58228000,-1595,-5387,127741,-7161,-2046,129976,155,19230,422,0,47536,0.0009999999999976694
58229002,-5262,-11914,127928,-4712,-8679,133219,111,19225,635,0,47537,0.0010019999999997253
58230000,-1277,3166,126630,-6545,2238,120384,111,19229,455,0,47538,0.000998000000002719
58231000,-5987,7482,128067,-8906,7942,126450,110,19224,451,1,47539,0.0009999999999976694
58232000,-6877,17910,129926,-9940,10754,121212,135,19228,553,1,47540,0.0010000000000047748
58233000,-7181,482,125278,-3205,-7021,134027,112,19230,459,1,47541,0.0009999999999976694
58234000,-1985,5249,124976,-7199,7670,115981,113,19230,459,0,47542,0.0009999999999976694
58235000,1946,5146,124722,-2535,1247,123995,83,19220,463,0,47543,0.0010000000000047748
58236000,3144,-5433,124715,1629,-1491,127176,83,19230,340,0,47544,0.0009999999999976694
58237000,3867,-1914,123561,-12329,-6290,128063,104,19230,426,0,47545,0.0009999999999976694
58238000,-3182,7066,126598,2229,10920,125520,127,19220,520,1,47546,0.0010000000000047748
58239000,-2300,19950,126996,-1438,11671,114521,114,19235,467,1,47547,0.0009999999999976694
58240000,2458,2941,125593,-2265,-866,131896,97,19235,467,1,47548,0.0009999999999976694
58241000,5321,-3319,124911,4504,-6180,122705,132,19225,397,0,47549,0.0010000000000047748
58242000,9433,5448,124067,7404,-3036,122111,132,19231,541,0,47550,0.0009999999999976694
58243000,5579,-245,125704,12378,-3589,126310,116,19227,475,0,47551,0.0009999999999976694
58244000,3982,-2504,126280,-3878,-6671,128859,116,19226,475,1,47552,0.0010000000000047748
58245000,2594,4759,127697,-6226,10343,126237,134,19230,549,1,47553,0.0009999999999976694
58246000,3521,14375,128015,13536,10692,120874,111,19230,455,1,47554,0.0009999999999976694
58247000,7804,-7869,124639,6517,-10058,133364,104,19233,455,1,47555,0.0010000000000047748
58248002,10509,1059,125019,-2419,-4812,119283,104,19224,426,0,47556,0.0010019999999997253
58249002,12446,-4057,126504,9440,-11999,134219,104,19234,426,0,47557,0.0009999999999976694
58250000,7448,-8317,127276,13062,-4502,129798,101,19236,414,0,47558,0.000998000000002719
58251000,1739,15526,132676,-6584,8013,122411,115,19225,471,1,47559,0.0009999999999976694
58252000,-1040,11813,127251,-5823,7436,131734,113,19225,463,1,47560,0.0009999999999976694
58253001,343,6417,129682,5476,5504,122237,101,19228,463,1,47561,0.00100100000000225
58254000,10349,-3950,127722,2188,-5233,133876,132,19231,414,0,47562,0.0009990000000001942
58255000,9140,-6372,126788,6196,-7743,125424,132,19220,541,0,47563,0.0009999999999976694
58256001,7669,-2646,130543,10258,-7409,135700,109,19230,446,0,47564,0.00100100000000225
58257001,741,-8903,129710,-10169,-8556,129864,108,19222,442,0,47565,0.0009999999999976694
58258000,-2098,16448,135059,-9001,12533,122120,153,19222,627,1,47566,0.0009990000000001942
58259000,-6852,-7731,131151,4268,-10854,140545,113,19229,627,1,47567,0.0010000000000047748
58260000,-6239,2797,130693,-10683,-695,120337,101,19232,463,1,47568,0.0009999999999976694
58261000,1978,-9407,129195,-22516,-16349,135994,101,19225,414,0,47569,0.0009999999999976694
58262001,-1704,1898,130095,13781,-544,123414,120,19230,491,0,47570,0.00100100000000225
58263000,-163,5926,130662,656,-203,123526,104,19231,426,0,47571,0.0009990000000001942
58264000,-9788,-974,130410,-24769,-3439,137131,120,19220,491,1,47572,0.0009999999999976694
58265000,-10532,4183,131441,-13936,2261,126403,113,19220,491,1,47573,0.0010000000000047748
58266000,-7468,9387,130104,-2028,5647,129264,102,19226,463,1,47574,0.0009999999999976694
58267000,-4383,7028,128910,-9574,3140,123856,102,19229,418,1,47575,0.0009999999999976694
58268000,-4480,-6687,125415,-13009,-9195,133936,125,19222,512,0,47576,0.0010000000000047748
58269000,-2140,-2417,126051,-7436,-5198,121316,94,19234,385,0,47577,0.0009999999999976694
58270000,-1573,9828,127110,-3434,-4507,126125,101,19230,414,0,47578,0.0009999999999976694
58271000,-7177,11338,127167,-3292,9337,124410,145,19230,414,1,47579,0.0010000000000047748
58272000,-7369,7420,128214,-20384,-2029,126093,119,19226,594,1,47580,0.0009999999999976694
58273000,-4720,-3024,127747,-8401,-362,132433,119,19230,487,1,47581,0.0009999999999976694
58274000,1327,8303,126350,3424,8562,114617,103,19221,422,0,47582,0.0010000000000047748
58275000,-804,92,124336,-5459,2921,128157,114,19228,467,0,47583,0.0009999999999976694
58276000,1630,-5388,123388,-1043,-8803,129672,105,19231,430,0,47584,0.0009999999999976694
58277000,-720,-870,125221,-3246,2761,126478,115,19231,430,0,47585,0.0009999999999976694
58278000,-3066,13440,126883,-2161,16118,120106,130,19220,471,1,47586,0.0010000000000047748
58279002,-4316,17080,127690,-7110,6912,120305,130,19225,532,1,47587,0.0010019999999997253
58280000,4347,3361,123989,2634,-2796,131382,102,19232,418,1,47588,0.0009979999999956135
58281000,9307,-2152,124651,11275,-8807,121351,112,19228,459,0,47589,0.0010000000000047748
58282002,10553,2136,123052,5036,-8509,127199,95,19228,389,0,47590,0.0010019999999997253
58283002,5817,8096,126232,1389,3889,121516,110,19228,389,0,47591,0.0009999999999976694
58284000,5580,-2968,126309,6400,-8062,131303,144,19226,451,1,47592,0.000998000000002719
58285000,1429,-1945,128231,1256,2030,128449,144,19225,590,1,47593,0.0009999999999976694
58286000,3264,13205,127677,1919,8360,119701,116,19228,475,1,47594,0.0009999999999976694
58287000,7930,8841,125906,7931,835,128785,96,19227,393,0,47595,0.0010000000000047748
58288000,12414,770,125171,3234,-4296,126516,133,19230,545,0,47596,0.0009999999999976694
58289000,12286,-14413,125392,13713,-16088,136550,102,19230,545,0,47597,0.0009999999999976694
58290000,6881,-6214,125547,6971,-5083,121997,108,19229,418,0,47598,0.0010000000000047748
58291000,2676,13213,131472,-9554,8113,126693,108,19221,442,1,47599,0.0009999999999976694
58292002,3535,13659,130757,-3239,8635,130063,123,19224,504,1,47600,0.0010019999999997253
58293000,820,2442,130672,11463,-4033,129748,106,19231,434,1,47601,0.000998000000002719
58294000,5422,-11005,128532,-2181,-18005,135285,113,19218,463,0,47602,0.0009999999999976694
58295000,4650,-4827,129271,9473,-7260,122063,87,19218,356,0,47603,0.0009999999999976694
58296000,7670,-1624,128402,13589,-8817,136994,103,19229,356,0,47604,0.0010000000000047748
58297000,3069,4432,130934,-19603,8093,124103,130,19228,422,1,47605,0.0009999999999976694
58298000,-3321,17305,134355,-4248,9537,121084,130,19223,532,1,47606,0.0009999999999976694
58299001,-8295,2674,132202,5411,-4802,132788,113,19231,463,1,47607,0.00100100000000225
58300000,-4234,-8812,129509,-17852,-15675,134186,97,19228,397,1,47608,0.0009990000000001942
58301002,-24,-11090,129217,-4885,-9811,135734,145,19228,594,0,47609,0.0010019999999997253
58302000,5477,10886,129012,4243,7553,117301,107,19232,594,0,47610,0.000998000000002719
58303000,-3106,2149,128637,-6812,-1841,129631,113,19227,438,0,47611,0.0009999999999976694
58304000,-4670,4841,132612,-16093,1711,128742,113,19225,463,1,47612,0.0009999999999976694
58305001,-7159,-1532,128282,-12049,-4019,135845,132,19228,541,1,47613,0.00100100000000225
58306000,-10672,14933,132561,-4018,13763,122640,108,19231,442,1,47614,0.0009990000000001942
58307000,-3099,9804,130004,-10510,1795,122218,107,19222,438,0,47615,0.0009999999999976694
58308000,-5486,-10992,124798,-4740,-14565,132974,127,19222,438,0,47616,0.0010000000000047748
58309000,-691,-10913,126505,-8054,-12250,132230,106,19233,520,0,47617,0.0009999999999976694
58310000,-2509,11087,129005,-7208,9405,118941,106,19228,434,0,47618,0.0009999999999976694
58311000,-4340,18309,128156,-7373,14208,121347,124,19223,508,1,47619,0.0010000000000047748
58312000,-5918,3814,128457,-13941,-1049,129907,115,19229,471,1,47620,0.0009999999999976694
58313000,-5616,-1285,126108,-3129,-3778,127187,100,19231,410,1,47621,0.0009999999999976694
58314000,2555,6246,125550,-2091,3661,122650,139,19231,410,0,47622,0.0010000000000047748
58315000,-2911,1009,123356,-2268,-2084,124016,106,19229,569,0,47623,0.0009999999999976694
58316000,5238,659,125440,-2556,-2832,126776,106,19231,434,0,47624,0.0009999999999976694
58317000,-2324,8802,125010,-2373,2722,119724,111,19220,455,1,47625,0.0010000000000047748
58318002,-2713,15295,125469,-6954,14413,125556,157,19226,643,1,47626,0.0010019999999997253
58319002,390,9011,124964,-1282,9541,120434,107,19236,438,1,47627,0.0009999999999976694
58320001,6012,3919,124721,4425,-2279,129467,98,19236,438,0,47628,0.0009990000000001942
58321000,9671,-2041,124085,4258,-6360,122285,94,19224,401,0,47629,0.0009990000000001942
58322000,9285,-10783,124922,13882,-2714,127968,94,19227,385,0,47630,0.0009999999999976694
58323000,4969,-7998,125843,5640,-2867,126954,117,19227,479,0,47631,0.0010000000000047748
58324000,3260,3595,126661,-5946,9796,121531,123,19221,504,1,47632,0.0009999999999976694
58325000,1418,13532,129375,4051,3954,128198,109,19232,446,1,47633,0.0009999999999976694
58326000,5692,12257,126607,9003,-3552,121362,98,19232,446,1,47634,0.0010000000000047748
58327000,7590,4112,125233,2545,-1891,126626,129,19231,401,0,47635,0.0009999999999976694
58328000,10537,2189,129978,6122,-7460,127952,129,19227,528,0,47636,0.0009999999999976694
58329001,10289,-13792,125646,16221,-18607,130389,108,19228,442,0,47637,0.00100100000000225
58330000,3563,-3562,132775,-5911,-1567,130440,107,19229,438,0,47638,0.0009990000000001942
58331000,2643,11580,127666,-6174,11000,120893,133,19229,545,1,47639,0.0009999999999976694
58332015,290,18538,130892,9109,17363,125852,112,19229,459,1,47640,0.0010150000000024306
58333002,5288,2768,126926,-3412,-10724,128599,102,19229,459,1,47641,0.0009870000000020696
58334000,9841,-16148,127021,2148,-15604,133210,102,19226,418,0,47642,0.0009979999999956135
58335003,9104,103,131940,21640,-3770,120854,134,19233,549,0,47643,0.001003000000004306
58336002,7093,-3955,127845,-2103,-11673,136261,106,19228,434,0,47644,0.0009990000000001942
58337000,252,-863,132991,-20412,5809,126424,109,19221,446,1,47645,0.0009979999999956135
58338000,-4604,6559,133137,3817,687,133087,115,19221,471,1,47646,0.0009999999999976694
58339000,-8816,6218,128247,-2166,7268,122253,100,19228,471,1,47647,0.0010000000000047748
58340000,-2197,707,131007,-20189,-7322,131049,121,19234,410,0,47648,0.0009999999999976694
58341000,730,-17471,127004,3694,-14016,139301,121,19224,496,0,47649,0.0009999999999976694
58342000,4651,3473,129930,1300,1925,118351,97,19228,397,0,47650,0.0010000000000047748
58343000,-6712,5725,131746,-19213,2505,130866,109,19227,446,0,47651,0.0009999999999976694
58344000,-6849,3095,131993,-10754,3072,133666,143,19227,586,1,47652,0.0009999999999976694
58345000,-9630,4269,128477,-7010,-210,130518,116,19229,586,1,47653,0.0010000000000047748
58346004,-8484,13252,130285,-13938,10136,124787,100,19230,475,1,47654,0.0010040000000017812
58347002,-1812,8283,128906,-5975,5120,119557,100,19233,410,0,47655,0.0009979999999956135
58348000,-3883,-6767,126710,-6643,-11573,134952,165,19231,676,0,47656,0.000998000000002719
58349000,468,-4626,126368,-6971,-6537,128105,105,19229,430,0,47657,0.0009999999999976694
58350000,-5138,11228,127602,-10375,9560,121561,110,19229,451,1,47658,0.0009999999999976694
58351000,-4533,7380,127890,-9079,4769,126209,121,19220,451,1,47659,0.0010000000000047748
58352000,-9482,8982,126844,-10351,6128,121077,109,19228,496,1,47660,0.0009999999999976694
58353000,-1578,1348,126800,-7708,-2692,134229,109,19230,446,1,47661,0.0009999999999976694
58354000,314,-2482,124630,5221,-5414,114543,114,19225,467,0,47662,0.0010000000000047748
58355000,1674,-4557,125537,-8987,-8225,131453,97,19227,397,0,47663,0.0009999999999976694
58356000,794,-2478,124866,-1097,-4455,126522,113,19228,463,0,47664,0.0009999999999976694
58357001,-3028,17904,128712,2449,15824,118003,137,19228,463,1,47665,0.00100100000000225
58358000,-2202,7545,123896,-13635,3190,134670,114,19219,561,1,47666,0.0009990000000001942
58359000,-1410,14630,126038,4193,13931,113009,114,19226,467,1,47667,0.0009999999999976694
58360000,9078,3263,123314,3708,-2447,131269,96,19227,393,0,47668,0.0010000000000047748
58361000,8436,1097,122805,5355,-2574,114809,128,19229,524,0,47669,0.0009999999999976694
58362000,8778,-7980,124181,10083,-11447,137904,118,19226,483,0,47670,0.0009999999999976694
58363000,7220,-5411,124013,-3082,-10068,115341,120,19226,483,0,47671,0.0010000000000047748
58364000,2477,14858,128951,5086,-442,130750,131,19224,491,1,47672,0.0009999999999976694
58365000,4577,5905,127297,8683,3652,124729,131,19231,537,1,47673,0.0009999999999976694
58366002,4668,2517,125265,-2330,783,122937,107,19233,438,1,47674,0.0010019999999997253
58367002,11472,-9149,128211,4628,-9129,134144,107,19221,438,0,47675,0.0010000000000047748
58368000,9220,5349,126519,13340,3389,116294,95,19231,389,0,47676,0.0009979999999956135
58369001,6183,-10052,125861,-64,-7901,140192,104,19231,389,0,47677,0.00100100000000225
58370000,5720,-167,129964,-3907,5594,121691,122,19229,426,1,47678,0.0009990000000001942
58371000,-1110,8307,129965,8408,4717,131279,122,19231,500,1,47679,0.0009999999999976694
58372000,-915,3062,131558,1895,563,129536,113,19228,463,1,47680,0.0010000000000047748
58373000,1090,3657,129445,-5175,-7093,125255,99,19235,405,1,47681,0.0009999999999976694
58374000,9980,-8082,127045,8940,-17036,137259,141,19224,577,0,47682,0.0009999999999976694
58375000,9828,-743,130005,13551,2219,119491,101,19224,577,0,47683,0.0010000000000047748
58376000,5511,-1026,128159,-14726,-9936,136687,104,19232,414,0,47684,0.0009999999999976694
58377000,3219,18203,132016,-8156,15280,116150,104,19231,426,1,47685,0.0009999999999976694
58378000,-6061,4456,131893,639,-7645,135352,147,19228,602,1,47686,0.0010000000000047748
58379000,-6590,-11299,131524,-3834,-10733,137639,110,19230,451,1,47687,0.0009999999999976694
58380000,-3526,-4003,129529,-15553,-8675,123264,104,19222,426,0,47688,0.0009999999999976694
58381000,-2623,-1554,129975,-2924,-4414,134215,103,19222,422,0,47689,0.0010000000000047748
58382000,3241,3723,130319,2286,470,120538,107,19231,422,0,47690,0.0009999999999976694
58383001,-6852,3608,131462,-13676,-2431,133572,121,19230,438,0,47691,0.00100100000000225
58384000,-7385,25,129764,-13889,1146,129107,121,19222,496,1,47692,0.0009990000000001942
58385001,-9352,4612,132059,-9488,-1032,130356,116,19230,475,1,47693,0.0010009999999951447
58386001,-5637,5465,130290,-8617,3221,128002,104,19230,426,1,47694,0.0010000000000047748
58387000,-4467,4009,128367,-9201,-4086,126258,129,19230,528,0,47695,0.0009990000000001942
58388000,-5279,-16649,125927,-8102,-19461,138640,107,19218,528,0,47696,0.0009999999999976694
58389000,-1149,17216,127948,-1862,7376,111680,106,19228,438,0,47697,0.0009999999999976694
58390000,-4765,8916,125287,-8185,1203,133075,106,19224,434,1,47698,0.0010000000000047748
58391000,-4886,7700,129071,-11432,4661,123263,152,19228,623,1,47699,0.0009999999999976694
58392000,-6171,6018,128096,-9695,1514,123000,119,19228,487,1,47700,0.0009999999999976694
58393000,-1108,5923,127245,-4425,1641,132162,104,19228,426,0,47701,0.0010000000000047748
58394000,-496,3126,124926,1353,-2642,122444,113,19224,426,0,47702,0.0009999999999976694
58395000,2886,-4237,123284,-7510,-6569,130125,103,19230,463,0,47703,0.0009999999999976694
58396000,2301,10348,124253,-6052,9238,116201,103,19229,422,0,47704,0.0010000000000047748
58397000,865,4941,126477,1259,-83,129266,114,19219,467,1,47705,0.0009999999999976694
58398000,-939,8192,127186,1736,2348,123038,123,19232,504,1,47706,0.0009999999999976694
58399000,1881,4706,125102,-3462,163,128280,99,19230,405,1,47707,0.0010000000000047748
58400000,6508,1385,125759,3666,1387,126123,118,19230,405,0,47708,0.0009999999999976694
58401000,7204,10877,125117,10381,3521,115931,99,19231,483,0,47709,0.0009999999999976694
58402000,8268,-11863,121976,8100,-16108,134759,99,19227,405,0,47710,0.0009999999999976694
58403000,2482,1573,127662,959,39,122764,109,19227,446,1,47711,0.0010000000000047748
58404000,4592,5806,126271,555,3179,123644,145,19230,594,1,47712,0.0009999999999976694
58405000,5538,17903,130491,7178,15688,121157,113,19231,463,1,47713,0.0009999999999976694
58406002,6884,-4783,124989,2273,-9742,137711,97,19231,463,1,47714,0.0010020000000068308
58407001,9456,-7965,125021,4242,-11113,122681,130,19226,397,0,47715,0.0009989999999930887
58408001,9721,862,126508,11296,-3295,128723,130,19230,532,0,47716,0.0010000000000047748
58409000,6387,-6007,127209,10038,-9205,127361,104,19227,426,0,47717,0.0009990000000001942
58410000,3551,1829,130539,-4267,-2025,128991,110,19225,451,1,47718,0.0009999999999976694
58411000,623,6072,130912,-3228,-1270,132283,120,19230,491,1,47719,0.0009999999999976694
58412000,-2290,15064,130656,5925,10540,118503,104,19230,491,1,47720,0.0010000000000047748
58413001,6208,-904,127105,-807,-9408,128444,115,19230,426,1,47721,0.0010009999999951447
58414000,11557,-11806,126027,5271,-9018,132699,115,19224,471,0,47722,0.0009990000000001942
58415000,9365,-8203,127429,17864,-6461,130338,89,19230,365,0,47723,0.0010000000000047748
58416000,2625,-3768,129639,-19028,9241,123773,103,19231,422,0,47724,0.0009999999999976694
58417000,-1541,11917,135024,-2414,7264,127721,134,19222,549,1,47725,0.0009999999999976694
58418002,-8596,134,130412,5197,-7471,135735,113,19222,549,1,47726,0.0010019999999997253
58419000,-4897,-4165,129348,-19065,-5109,128709,96,19231,463,1,47727,0.000998000000002719
58420001,-2978,-3793,129553,-3572,-9457,130219,96,19227,393,0,47728,0.00100100000000225
58421000,2657,5135,130058,4108,4778,120432,148,19230,606,0,47729,0.0009990000000001942
58422000,-2816,7983,132372,-6513,-2347,130463,114,19229,467,0,47730,0.0009999999999976694
58423002,-5668,-2928,130142,-14423,-7646,132514,115,19223,471,1,47731,0.0010019999999997253
58424003,-12308,5021,131834,-14642,9102,127597,139,19223,471,1,47732,0.00100100000000225
58425000,-6432,6774,129745,-9357,16730,123198,109,19227,569,1,47733,0.0009969999999981383
58426000,-2071,10212,130192,-10578,1085,127634,109,19231,446,1,47734,0.0009999999999976694
58427000,-3417,-8831,124228,-8388,-11928,132905,111,19217,455,0,47735,0.0010000000000047748
58428000,-335,-3514,126227,-2898,-3153,123369,115,19233,471,0,47736,0.0009999999999976694
58429000,-2783,7892,129378,-687,4361,122812,100,19228,410,0,47737,0.0009999999999976694
58430000,-3433,9848,129320,-9248,4453,125155,123,19228,504,1,47738,0.0010000000000047748
58431000,-10417,6380,128562,-15368,-2011,131233,117,19220,504,1,47739,0.0009999999999976694
58432000,-6445,1997,126946,-7389,1858,125325,103,19229,479,1,47740,0.0009999999999976694
58433000,91,11880,127953,2979,8707,119714,103,19223,422,0,47741,0.0010000000000047748
58434000,-1397,347,124369,-6278,-2849,128999,139,19244,569,0,47742,0.0009999999999976694
58435000,3979,-8046,121695,-1996,-5723,128026,104,19232,426,0,47743,0.0009999999999976694
58436000,1925,2470,126628,-364,-1618,124433,107,19232,438,0,47744,0.0010000000000047748
58437000,89,15825,125345,-1784,15487,117366,145,19227,438,1,47745,0.0009999999999976694
58438000,-3060,10600,128526,-5373,4814,130700,109,19225,594,1,47746,0.0009999999999976694
58439000,3439,1545,123440,-2127,-4674,124790,109,19231,446,1,47747,0.0010000000000047748
58440001,9516,13596,123228,14329,5996,122059,104,19228,426,0,47748,0.0010009999999951447
58441000,7894,694,123012,6676,-37,119300,81,19222,332,0,47749,0.0009990000000001942
58442000,10558,2033,126109,1467,-2868,123456,109,19222,446,0,47750,0.0010000000000047748
58443001,3930,1178,127076,9743,-2959,134922,125,19228,446,1,47751,0.0010009999999951447
58444000,3342,7925,127554,-3555,6604,124393,114,19224,512,1,47752,0.0009990000000001942
58445002,1486,6944,129482,3285,3999,122368,114,19230,467,1,47753,0.0010019999999997253
58446000,9134,7525,126610,8823,3070,123529,99,19228,405,1,47754,0.000998000000002719
58447000,13655,-5986,124760,6752,-10313,136963,134,19229,549,0,47755,0.0009999999999976694
58448000,10711,-4229,127290,8451,-6894,119840,100,19231,410,0,47756,0.0010000000000047748
58449000,8315,-1661,127297,5627,-5463,124702,103,19231,410,0,47757,0.0009999999999976694
58450000,1895,4591,131632,-1624,970,130830,134,19225,422,1,47758,0.0009999999999976694
58451000,-1746,2561,128962,-149,-2213,126776,134,19228,549,1,47759,0.0010000000000047748
58452002,211,15066,129834,-912,10893,132192,111,19231,455,1,47760,0.0010019999999997253
58453002,4173,5521,129034,455,2679,122572,101,19223,414,0,47761,0.0009999999999976694
58454000,10574,-7948,130214,8317,-12048,130434,119,19231,487,0,47762,0.000998000000002719
58455003,9009,-2725,129710,12071,-7207,133234,109,19231,487,0,47763,0.0010029999999972006
58456000,1429,-5250,129656,-5489,-8067,128100,118,19224,446,0,47764,0.0009969999999981383
58457000,-1425,14022,133661,-15467,10839,121885,118,19221,483,1,47765,0.0010000000000047748
58458000,-5704,10380,133295,1282,-6798,130823,109,19229,446,1,47766,0.0009999999999976694
58459002,-3866,-1941,130709,2601,-14925,131437,99,19232,405,1,47767,0.0010019999999997253
58460002,95,-9734,128707,-19902,-10012,130940,124,19226,508,0,47768,0.0009999999999976694
58461003,1885,-405,130083,-240,-514,124509,115,19226,508,0,47769,0.00100100000000225
58462002,-1094,12770,129058,6427,12260,122185,116,19226,471,0,47770,0.0009990000000001942
58463001,-4954,-4064,129355,-21068,-2957,137327,116,19224,475,1,47771,0.0009990000000001942
58464000,-8245,2237,131623,-8885,2775,127017,157,19229,643,1,47772,0.0009990000000001942
58465000,-8617,6155,128503,-6329,3558,129172,113,19232,463,1,47773,0.0009999999999976694
58466002,-3401,11399,132232,-7759,8414,123393,103,19227,422,1,47774,0.0010019999999997253
58467000,-5454,-1338,125937,-12267,-11695,133495,163,19227,422,0,47775,0.000998000000002719
58468000,-2855,-10011,123310,-5806,-2677,125795,113,19236,668,0,47776,0.0009999999999976694
58469001,-35,10900,130158,-9480,14999,122359,113,19227,463,0,47777,0.00100100000000225
58470001,-3178,-816,126886,-3241,-4005,133220,114,19221,467,1,47778,0.0009999999999976694
58471000,-4097,19112,127737,-14127,12311,117535,113,19224,463,1,47779,0.0009990000000001942
58472000,-7917,3541,127144,-16758,-2299,133439,105,19229,430,1,47780,0.0009999999999976694
58473000,1509,2658,127530,13979,2323,121985,122,19229,500,0,47781,0.0010000000000047748
58474000,-1690,-2496,124848,-2283,-10723,129872,106,19225,500,0,47782,0.0009999999999976694
58475000,-2010,-3373,124139,-14734,2288,122486,108,19229,434,0,47783,0.0009999999999976694
58476000,2050,13677,128567,69,9078,121040,108,19226,442,0,47784,0.0010000000000047748
58477000,-1299,6969,125698,2922,5730,125555,134,19225,549,1,47785,0.0009999999999976694
58478000,-1090,11271,126417,-5517,14580,122710,109,19230,446,1,47786,0.0009999999999976694
58479000,2584,-1270,122629,-556,-2734,127415,96,19230,393,1,47787,0.0010000000000047748
58480000,9576,3513,123341,6838,-417,122488,107,19228,393,0,47788,0.0009999999999976694
58481003,10038,-5377,123342,8364,-11057,129719,110,19231,438,0,47789,0.0010029999999972006
58482002,5297,-11722,127145,3576,-5352,127372,110,19227,451,0,47790,0.0009990000000001942
58483001,3982,6847,126726,5548,-3733,123829,109,19225,446,1,47791,0.0009990000000001942
58484000,-1628,3134,126038,-6111,1229,132445,119,19226,487,1,47792,0.0009990000000001942
58485001,8128,11043,127150,4633,7537,123186,102,19226,418,1,47793,0.00100100000000225
58486000,3287,10587,127012,17108,4364,117785,109,19230,418,0,47794,0.0009990000000001942
58487000,11947,7844,127084,-9034,3402,130750,86,19220,446,0,47795,0.0009999999999976694
58488000,9797,-20464,124177,14653,-18662,137362,86,19232,352,0,47796,0.0010000000000047748
58489000,7785,-4870,130147,6761,-3704,130458,99,19228,405,0,47797,0.0009999999999976694
58490000,3829,9971,128775,-7654,6787,122411,124,19225,508,1,47798,0.0009999999999976694
58491000,-2608,16418,131590,6256,12337,124030,112,19230,459,1,47799,0.0010000000000047748
58492000,5254,-4614,129402,-3195,-12811,133721,98,19230,459,1,47800,0.0009999999999976694
58493000,5751,-12159,126573,-216,-17705,131122,153,19231,401,0,47801,0.0009999999999976694
58494000,10023,782,132642,10584,2300,122674,153,19232,627,0,47802,0.0010000000000047748
58495001,3517,285,129912,9597,-5685,128439,102,19231,418,0,47803,0.0010009999999951447
58496000,-3147,-10092,131676,-18433,-12303,137218,106,19224,434,1,47804,0.0009990000000001942
58497000,-2063,3871,131507,-7715,1123,130723,133,19229,545,1,47805,0.0010000000000047748
58498000,-11226,8893,130941,8308,6448,124593,106,19229,545,1,47806,0.0009999999999976694
58499000,191,8214,130438,-19754,4979,124525,103,19231,434,1,47807,0.0009999999999976694
58500000,1093,-13375,128580,-10240,-18815,138748,103,19220,422,0,47808,0.0010000000000047748
58501000,6385,-2478,129103,16034,-7044,121605,91,19230,373,0,47809,0.0009999999999976694
58502000,-5959,7584,130162,-11806,4001,127831,113,19231,463,0,47810,0.0009999999999976694
58503000,-7195,5172,130955,-21000,2143,128342,131,19221,537,1,47811,0.0010000000000047748
58504000,-7478,7208,132728,-4563,5033,136012,115,19221,537,1,47812,0.0009999999999976694
58505000,-8983,-2395,126504,-7373,-1746,128924,98,19230,471,1,47813,0.0009999999999976694
58506000,-3556,24958,131450,-11187,12150,114976,98,19233,401,0,47814,0.0010000000000047748
58507000,-2711,-6400,124052,-9801,-14434,138213,138,19229,565,0,47815,0.0009999999999976694
58508000,923,-6401,128059,-1228,-1384,125525,100,19231,410,0,47816,0.0009999999999976694
58509000,-3608,5937,128309,-8520,1669,127818,104,19228,426,0,47817,0.0010000000000047748
58510000,-8043,5595,127057,-9571,11900,120861,140,19228,426,1,47818,0.0009999999999976694
58511000,-6309,10002,128121,-10769,2554,128876,112,19232,573,1,47819,0.0009999999999976694
58512000,-1920,-1183,126383,-2831,-883,130300,112,19232,459,1,47820,0.0010000000000047748
58513002,1303,7656,124597,2534,5125,118840,103,19223,422,0,47821,0.0010019999999997253
58514002,-748,-699,124230,-8024,-2185,126707,83,19231,340,0,47822,0.0009999999999976694
58515000,2868,7479,125119,-1143,-1779,122499,107,19231,438,0,47823,0.000998000000002719
58516000,-623,-360,125030,403,-3432,133234,124,19231,508,1,47824,0.0009999999999976694
58517000,-2961,6845,128432,-4631,3849,123288,112,19220,508,1,47825,0.0009999999999976694
58518000,-3111,20183,126098,-1980,13236,116845,96,19233,459,1,47826,0.0010000000000047748
58519001,7168,5928,123345,6057,-717,127209,96,19229,393,0,47827,0.0010009999999951447
58520000,8363,-2650,124085,5027,-4842,125688,127,19232,520,0,47828,0.0009990000000001942
58521000,10596,-421,123134,2300,-1564,120475,105,19228,430,0,47829,0.0010000000000047748
58522000,6499,3978,126203,10202,1758,126714,111,19228,455,0,47830,0.0009999999999976694
58523000,4892,-4078,127242,6004,-5658,128920,145,19228,455,1,47831,0.0009999999999976694
58524000,3487,3754,128932,-3203,-3343,125774,109,19227,594,1,47832,0.0009999999999976694
58525003,4255,6163,128030,5991,4354,128185,109,19234,446,1,47833,0.001003000000004306
58526002,9531,3355,126207,4834,2902,121452,100,19225,410,0,47834,0.0009990000000001942
58527000,6621,1942,127670,7306,-8283,126839,119,19230,487,0,47835,0.0009979999999956135
58528000,8522,-16795,123377,13902,-17981,135102,102,19230,418,0,47836,0.0010000000000047748
58529000,7193,-7474,130251,-707,-1859,128556,111,19229,418,1,47837,0.0009999999999976694
58530000,2176,22883,132916,-3169,18416,117828,107,19224,455,1,47838,0.0009999999999976694
58531000,2452,9706,128560,7266,2152,130822,107,19230,438,1,47839,0.0010000000000047748
58532000,-1395,-8301,128800,-1238,-8256,134225,103,19232,422,1,47840,0.0009999999999976694
58533000,6033,-11674,126576,-4420,-20215,129228,128,19222,524,0,47841,0.0009999999999976694
58534000,11596,162,128002,24186,121,127587,96,19233,393,0,47842,0.0010000000000047748
58535000,6822,6327,131015,1714,2734,126229,101,19233,393,0,47843,0.0009999999999976694
58536006,3308,632,130706,-23304,176,124661,139,19232,414,1,47844,0.0010060000000038372
58537000,-3560,7449,132845,5091,2810,130903,139,19225,569,1,47845,0.0009939999999986071
58538000,-7060,-8129,129406,4589,-10677,136615,111,19234,455,1,47846,0.0009999999999976694
58539002,-6013,-3288,129775,-23319,-6648,126367,99,19224,405,0,47847,0.0010019999999997253
58540000,505,-2974,129756,-8853,-5614,132529,121,19230,496,0,47848,0.000998000000002719
58541000,360,2599,129422,9528,174,127417,106,19230,496,0,47849,0.0009999999999976694
58542000,-1378,6199,130469,-13147,3983,118494,114,19229,434,0,47850,0.0009999999999976694
58543001,-9324,2361,130537,-17171,-2345,133012,114,19224,467,1,47851,0.00100100000000225
58544000,-6401,5283,130650,-7791,3509,132074,117,19227,479,1,47852,0.0009990000000001942
58545000,-6934,12196,132306,-6600,9227,122812,108,19233,442,1,47853,0.0009999999999976694
58546000,-2584,-656,128542,-9435,-4420,134316,118,19213,483,0,47854,0.0010000000000047748
58547000,-6361,-4525,125036,-7778,-7465,125167,87,19213,483,0,47855,0.0009999999999976694
58548000,361,3225,127210,-5002,-31,126005,102,19232,356,0,47856,0.0009999999999976694
58549000,577,11769,127495,-6525,8569,117804,102,19232,418,1,47857,0.0010000000000047748
58550000,-8467,10805,128257,-2351,8320,132924,136,19223,557,1,47858,0.0009999999999976694
58551000,-5474,2680,125570,-22421,263,120467,119,19230,487,1,47859,0.0009999999999976694
58552002,-2122,8895,126915,-4459,3124,125711,102,19227,418,1,47860,0.0010019999999997253
58553000,4092,-2144,127112,6752,-8219,129829,129,19227,418,0,47861,0.000998000000002719
58554000,2864,-76,122730,-3032,1796,118965,106,19231,528,0,47862,0.0009999999999976694
58555001,1689,416,125876,-8183,-1278,134117,106,19223,434,0,47863,0.00100100000000225
58556001,312,7950,125134,-50,15410,113128,113,19222,463,1,47864,0.0009999999999976694
58557000,-3872,10364,126798,-8195,8784,130737,140,19228,573,1,47865,0.0009990000000001942
58558000,1821,931,127998,3209,146,125545,105,19232,430,1,47866,0.0010000000000047748
58559000,1026,5985,122674,9362,-7278,120074,108,19232,442,0,47867,0.0009999999999976694
58560001,9327,8753,126322,808,-4604,125224,93,19227,442,0,47868,0.00100100000000225
58561002,8220,2859,125037,17940,-5682,121936,114,19231,381,0,47869,0.0010009999999951447
58562000,6332,-5344,127212,-1520,-9980,134078,114,19223,467,0,47870,0.000998000000002719
58563000,3225,5088,127072,-4728,10994,115924,135,19228,553,1,47871,0.0009999999999976694
58564000,2577,9998,129188,7699,268,131489,115,19231,471,1,47872,0.0010000000000047748
58565000,11823,2140,126364,6957,1102,119895,96,19231,393,1,47873,0.0009999999999976694
58566000,5492,10147,125394,-6112,417,120767,144,19230,393,0,47874,0.0009999999999976694
58567000,14649,-5744,128229,15124,-15453,140449,112,19231,590,0,47875,0.0010000000000047748
58568000,5084,-7024,125442,18601,-9689,118419,112,19228,459,0,47876,0.0009999999999976694
58569000,4753,2213,131481,-21309,-2737,133461,109,19227,446,1,47877,0.0009999999999976694
58570000,669,8891,133582,1825,10607,118359,128,19229,524,1,47878,0.0010000000000047748
58571000,761,17430,131773,14753,9285,132446,111,19229,455,1,47879,0.0009999999999976694
58572000,4496,-3299,127924,-10939,-10418,130237,110,19228,455,1,47880,0.0009999999999976694
58573000,6495,-11650,126461,2719,-15262,127191,102,19218,451,0,47881,0.0010000000000047748
58574000,15369,-8363,130788,22703,-9771,137396,102,19232,418,0,47882,0.0009999999999976694
58575002,771,551,128982,-5887,3356,120326,104,19233,426,0,47883,0.0010019999999997253
58576000,3496,1060,134346,-24824,4688,135902,118,19220,483,1,47884,0.000998000000002719
58577000,-9798,13528,130919,12422,6311,120657,111,19220,455,1,47885,0.0009999999999976694
58578000,-4920,-1053,127508,-13999,-11342,134394,98,19231,455,1,47886,0.0009999999999976694
58579001,-1475,-6904,130930,-14150,-7302,134701,136,19231,401,0,47887,0.00100100000000225
58580001,-1538,-1737,129358,6232,-6769,121149,136,19226,557,0,47888,0.0009999999999976694
58581000,4565,10879,132762,-5718,10639,129234,106,19232,434,0,47889,0.0009990000000001942
58582001,-10119,-6129,129248,-14874,-7226,132276,109,19224,446,0,47890,0.00100100000000225
58583000,-4970,6013,131012,-12996,6204,128278,140,19230,573,1,47891,0.0009990000000001942
58584000,-12849,6021,128463,-8897,2736,130884,111,19230,573,1,47892,0.0009999999999976694
58585000,-4118,11683,129879,-13530,11139,121191,103,19230,455,1,47893,0.0010000000000047748
58586002,-2698,-4585,127870,-6974,-10689,133537,103,19224,422,0,47894,0.0010019999999997253
58587000,-5372,-8878,124237,-3353,-10894,128376,139,19233,569,0,47895,0.0009979999999956135
58588000,3415,5713,129699,-2554,5433,126668,103,19227,422,0,47896,0.0009999999999976694
58589000,-8815,5380,127715,-8587,2004,123576,117,19223,479,1,47897,0.0010000000000047748
58590000,-5168,12733,129820,-16824,8565,124716,112,19223,479,1,47898,0.0009999999999976694
58591000,-9543,2468,128796,-7573,-891,131605,105,19231,459,1,47899,0.0009999999999976694
58592000,-890,5885,126693,-1306,2324,120960,105,19232,430,0,47900,0.0010000000000047748
58593000,-1269,2049,125857,-3744,-346,129435,129,19235,528,0,47901,0.0009999999999976694
58594000,-1030,-4848,122837,-6294,-8265,124780,104,19227,426,0,47902,0.0009999999999976694
58595000,5368,6180,125771,-5860,3319,128394,110,19227,451,0,47903,0.0010000000000047748
58596000,-4395,9542,124616,5497,6709,118916,146,19227,451,1,47904,0.0009999999999976694
58597000,-371,12066,125516,-9792,9984,125543,110,19224,598,1,47905,0.0009999999999976694
58598000,1314,3358,124873,-1629,-199,125996,110,19230,451,1,47906,0.0010000000000047748
58599000,8022,491,123145,11673,-2716,128204,96,19228,393,0,47907,0.0009999999999976694
58600000,10285,8676,124089,2922,674,119210,110,19228,451,0,47908,0.0009999999999976694
58601000,5910,-2687,126429,6487,-6404,129221,118,19227,483,0,47909,0.0010000000000047748
58602000,8626,-9432,126626,6632,-7552,131403,121,19227,483,1,47910,0.0009999999999976694
58603000,-3649,13533,128763,-217,17584,115520,108,19220,496,1,47911,0.0009999999999976694
58604000,3909,15294,127634,-462,2635,131861,108,19228,442,1,47912,0.0010000000000047748
58605000,8518,-1457,123523,14953,-1779,123444,100,19234,410,1,47913,0.0009999999999976694
58606000,10624,-846,126779,3129,-8645,128695,116,19224,475,0,47914,0.0009999999999976694
58607002,13737,-7819,125848,13095,-10635,128225,93,19230,381,0,47915,0.0010019999999997253
58608002,5501,475,129386,5385,-3864,125427,103,19230,422,0,47916,0.0010000000000047748
58609000,7178,6342,131160,-7654,-52,132737,134,19233,422,1,47917,0.0009979999999956135
58610000,-2374,8098,130257,3406,5402,125937,110,19226,549,1,47918,0.0010000000000047748
58611003,-975,5423,131681,5252,-6906,132837,110,19231,451,1,47919,0.0010029999999972006
58612000,3311,3744,126997,-2397,-7658,124990,98,19231,401,0,47920,0.0009969999999981383
58613000,9479,-6629,126892,6259,-11724,132620,151,19238,618,0,47921,0.0010000000000047748
58614000,10335,3235,129248,11023,4478,125770,105,19238,430,0,47922,0.0009999999999976694
58615000,5075,3314,127912,-8098,1034,123030,109,19232,430,0,47923,0.0009999999999976694
58616000,2351,9078,132203,-11166,6608,135080,129,19225,446,1,47924,0.0010000000000047748
58617002,-5869,-820,131512,2013,-5010,130845,129,19227,528,1,47925,0.0010019999999997253
58618000,-4045,-5438,131056,-5718,-11225,134803,101,19230,414,1,47926,0.0009979999999956135
58619000,-378,-6400,129440,-16690,-6496,130609,109,19222,446,0,47927,0.0010000000000047748
58620000,-3117,-1823,130213,7309,-6111,125549,91,19222,373,0,47928,0.0009999999999976694
58621001,1148,9824,129616,-3249,9663,125067,109,19228,373,0,47929,0.00100100000000225
58622000,-8430,2438,131499,-18873,-3614,133211,137,19227,446,1,47930,0.0009990000000001942
58623000,-6695,-1851,130623,-7620,2791,131955,137,19226,561,1,47931,0.0009999999999976694
58624004,-10522,15495,131093,-8759,5696,124382,116,19229,475,1,47932,0.0010040000000017812
58625002,-4536,3171,128884,-7328,-266,128466,99,19228,405,1,47933,0.0009979999999956135
58626000,-3540,-7058,128651,-8917,-8269,132170,150,19228,614,0,47934,0.000998000000002719
58627000,-3080,-4300,124827,-7464,-4929,127338,113,19228,614,0,47935,0.0009999999999976694
58628000,242,11457,128378,-4185,5244,128319,113,19227,463,0,47936,0.0010000000000047748
58629000,-4319,4961,125453,-9817,6433,118655,113,19224,463,1,47937,0.0009999999999976694
58630000,-3116,19440,130974,-10621,13483,123756,133,19229,545,1,47938,0.0009999999999976694
58631000,-8048,-7599,123367,-288,-13471,135819,111,19235,455,1,47939,0.0010000000000047748
58632000,-2874,8023,127113,-7209,4952,116925,111,19218,455,0,47940,0.0009999999999976694
58633000,-440,4906,124943,-8075,1098,126620,83,19218,455,0,47941,0.0009999999999976694
58634000,-101,1328,124416,8511,-812,121494,106,19232,340,0,47942,0.0010000000000047748
58635000,3788,-2210,126001,-13345,-4944,133608,106,19229,434,0,47943,0.0009999999999976694
58636000,-2181,3715,126507,1976,1518,120595,124,19219,508,1,47944,0.0009999999999976694
58637001,227,19940,129378,6068,16372,117412,113,19230,463,1,47945,0.00100100000000225
58638000,3667,-3764,124435,-5540,-7090,135404,97,19228,397,1,47946,0.0009990000000001942
58639000,6251,4083,124008,2316,548,119762,128,19228,397,0,47947,0.0009999999999976694
58640000,10738,-4717,121148,9840,-10763,130170,108,19234,524,0,47948,0.0010000000000047748
58641000,6605,3039,126432,9800,460,111854,108,19225,442,0,47949,0.0009999999999976694
58642000,4228,-4075,126749,1131,-9333,137698,109,19225,446,1,47950,0.0009999999999976694
58643000,2199,5624,127233,-3935,3323,113538,134,19229,549,1,47951,0.0010000000000047748
58644002,4461,18107,129705,6296,15620,130933,109,19231,446,1,47952,0.0010019999999997253
58645000,5980,-4830,123005,9394,-8879,124218,104,19231,446,1,47953,0.0009979999999956135
58646000,10486,-981,126312,2258,-4299,129581,107,19223,426,0,47954,0.0010000000000047748
58647000,10436,-1999,129777,5274,-12261,130454,107,19228,438,0,47955,0.0009999999999976694
58648000,8467,-1887,125221,13262,4796,121670,103,19226,422,0,47956,0.0009999999999976694
58649000,4001,1110,132802,-591,7779,141386,113,19222,463,1,47957,0.0009999999999976694
58650000,-1059,3659,127799,-6405,6934,117941,112,19229,459,1,47958,0.0010000000000047748
58651000,1999,1285,127482,8885,2128,133259,101,19229,414,1,47959,0.0009999999999976694
58652000,4305,-6212,129371,-3614,-9601,126884,136,19230,414,0,47960,0.0009999999999976694
58653000,9161,-3558,128248,18416,-7253,126348,101,19223,557,0,47961,0.0010000000000047748
58654000,4950,-6178,129914,3866,-13190,138991,101,19225,414,0,47962,0.0009999999999976694
58655000,895,560,133020,-17804,-1306,122791,103,19226,422,0,47963,0.0009999999999976694
58656000,-5505,10929,133537,-1159,4746,131272,151,19228,618,1,47964,0.0010000000000047748
58657000,-6764,3107,130789,-5476,-614,128398,110,19228,451,1,47965,0.0009999999999976694
58658000,-5885,-1925,128465,-11253,-8757,131276,100,19232,451,1,47966,0.0009999999999976694
58659000,2489,-3711,130287,-2265,-6060,120246,114,19222,410,0,47967,0.0010000000000047748
58660000,3396,6514,126856,1711,-1651,125162,114,19233,467,0,47968,0.0009999999999976694
58661000,-1158,-1299,132091,-8811,-4100,136058,108,19228,442,0,47969,0.0009999999999976694
58662000,-7073,2529,129584,-16422,-2455,123462,123,19220,504,1,47970,0.0010000000000047748
58663000,-9348,-2165,131213,-12779,4865,137531,112,19220,459,1,47971,0.0009999999999976694
58664001,-10079,12037,131609,-6595,11576,117668,105,19231,459,1,47972,0.00100100000000225
58665000,-1871,6540,127958,-6773,-4154,131418,125,19235,430,1,47973,0.0009990000000001942
58666000,-2775,-3360,124608,-11410,-4489,128390,125,19216,512,0,47974,0.0009999999999976694
58667000,-2526,-398,127506,-3212,-5521,125497,95,19233,389,0,47975,0.0009999999999976694
58668000,-455,7562,127430,-6561,9689,122159,105,19226,430,0,47976,0.0010000000000047748
58669002,-7920,13241,128804,-13118,5841,123345,141,19229,577,1,47977,0.0010019999999997253
58670000,-6332,1107,127751,-11606,1416,135946,116,19229,577,1,47978,0.0009979999999956135
58671000,-4468,5805,126925,-6171,-1665,117485,103,19228,475,1,47979,0.0010000000000047748
58672002,796,3374,125033,-2688,1136,126751,103,19224,422,0,47980,0.0010019999999997253
58673001,690,5002,127550,-540,-850,124280,118,19231,483,0,47981,0.0009990000000001942
58674000,313,-2321,123181,-3634,-8542,126653,115,19228,471,0,47982,0.0009990000000001942
58675000,-1390,9445,127765,-2800,8966,125001,118,19224,483,1,47983,0.0009999999999976694
58676000,-3955,14946,125681,-7853,14966,117122,141,19224,483,1,47984,0.0009999999999976694
58677000,-735,17087,127135,2428,13742,128950,103,19228,577,1,47985,0.0010000000000047748
58678000,4552,6492,122434,1264,2172,123642,103,19230,422,1,47986,0.0009999999999976694
58679005,11480,97,122449,2848,-829,125126,113,19227,463,0,47987,0.0010049999999992565
58680000,12902,4589,124344,14443,190,119351,99,19228,405,0,47988,0.0009950000000031878
58681000,9474,-11177,123969,4642,-14204,132375,111,19227,455,0,47989,0.0009999999999976694
58682000,4628,804,128783,6207,1506,131224,135,19227,455,1,47990,0.0009999999999976694
58683000,-606,5171,128012,-2644,1665,122056,112,19228,553,1,47991,0.0010000000000047748
58684000,7548,8271,126959,1727,5418,124236,112,19230,459,1,47992,0.0009999999999976694
58685000,5485,3878,126955,13017,-865,123780,99,19226,405,0,47993,0.0009999999999976694
58686000,9618,947,126850,-1313,-3360,127961,155,19232,635,0,47994,0.0010000000000047748
58687000,8981,-1604,127619,10987,-5029,129129,103,19228,422,0,47995,0.0009999999999976694
58688000,3835,-4141,129644,6163,-7507,128046,107,19228,422,0,47996,0.0009999999999976694
58689000,2883,4931,130107,-2049,511,125497,125,19224,438,1,47997,0.0010000000000047748
58690000,2387,16695,131487,-4903,12936,131092,125,19228,512,1,47998,0.0009999999999976694
58691000,3128,-354,128395,5771,-4155,127606,106,19226,434,1,47999,0.0009999999999976694
58692000,6698,-1046,128302,3428,-4030,126643,110,19214,451,0,48000,0.0010000000000047748
58693000,7849,-15245,128069,1807,-17874,140127,96,19230,393,0,48001,0.0009999999999976694
58694001,5426,2479,128320,19176,-639,121283,102,19230,393,0,48002,0.00100100000000225
58695000,1810,3911,130801,-21382,10273,128253,125,19230,418,1,48003,0.0009990000000001942
58696000,-2445,10850,136110,-11281,8651,125875,125,19225,512,1,48004,0.0009999999999976694
58697000,-9800,6932,129915,14708,-5201,130301,115,19228,471,1,48005,0.0009999999999976694
58698000,-2449,-14133,126829,-23736,-15194,136997,97,19235,397,1,48006,0.0010000000000047748
58699000,-1531,-11401,130461,2734,-7800,127546,142,19231,582,0,48007,0.0009999999999976694
58700000,5701,6237,130067,3850,6645,126035,109,19231,446,0,48008,0.0009999999999976694
58701000,-5533,8900,132081,-16239,3683,125750,112,19229,446,0,48009,0.0010000000000047748
58702002,-9221,1590,131090,-17522,-5265,134772,135,19224,459,1,48010,0.0010019999999997253
58703002,-5823,558,127934,-7648,5639,129596,135,19230,553,1,48011,0.0009999999999976694
58704000,-8635,12227,130008,-10266,14749,118209,112,19230,459,1,48012,0.000998000000002719
58705000,-2062,5528,131889,-13780,-9184,133997,106,19222,434,0,48013,0.0009999999999976694
58706000,-3996,60,123407,-6471,-9817,126466,130,19222,532,0,48014,0.0009999999999976694
58707001,-1961,-4143,127623,-7470,-7502,133216,104,19233,532,0,48015,0.00100100000000225
58708000,-2162,4178,127325,-2953,7671,119856,122,19232,426,0,48016,0.0009990000000001942
58709000,-6270,17759,128835,-10616,14152,119969,122,19220,500,1,48017,0.0009999999999976694
58710000,-6300,8569,128060,-15351,4834,134543,118,19228,483,1,48018,0.0010000000000047748
58711000,166,-3659,124750,-2671,-5929,124607,104,19230,426,1,48019,0.0009999999999976694
58712000,2496,1070,125277,5967,3458,128537,133,19228,545,0,48020,0.0009999999999976694
58713000,-1289,-2990,123311,-5822,-5054,120182,112,19228,545,0,48021,0.0009999999999976694
58714000,3097,3961,125447,-9283,-892,126714,113,19228,459,0,48022,0.0010000000000047748
58715000,-1391,8163,126716,2772,5228,127953,113,19226,463,1,48023,0.0009999999999976694
58716000,-1620,13044,125820,-2627,7291,119542,158,19228,647,1,48024,0.0009999999999976694
58717001,-497,4975,127983,-1888,4524,129303,110,19234,451,1,48025,0.00100100000000225
58718000,4730,9272,123727,1462,-1815,122072,96,19224,393,0,48026,0.0009990000000001942
58719000,11380,-153,123987,10294,-6656,128712,98,19224,393,0,48027,0.0009999999999976694
58720000,6672,-3610,125738,2968,-4076,125013,110,19231,401,0,48028,0.0010000000000047748
58721000,6734,3380,126167,3602,1242,124568,110,19226,451,0,48029,0.0009999999999976694
58722000,764,5203,125722,7470,5583,131083,120,19222,491,1,48030,0.0009999999999976694
58723000,6160,8506,128227,-9197,7515,123132,112,19227,459,1,48031,0.0010000000000047748
58724000,9462,8163,125411,15599,5842,125531,98,19232,401,1,48032,0.0009999999999976694
58725000,11220,6281,124998,8145,2655,120146,123,19232,401,0,48033,0.0009999999999976694
58726000,10823,-4330,127295,-1943,-9311,130784,96,19226,504,0,48034,0.0010000000000047748
58727002,7799,-16315,127295,19246,-18668,136310,96,19233,393,0,48035,0.0010019999999997253
58728000,4922,-125,128676,-2751,-2691,127594,105,19230,430,1,48036,0.0009979999999956135
58729000,-3352,9363,132082,-7218,8920,126739,140,19232,573,1,48037,0.0010000000000047748
58730000,2975,14114,132289,7539,11898,124577,112,19227,459,1,48038,0.0009999999999976694
58731000,4673,-5234,125962,1993,-10798,135405,98,19227,459,1,48039,0.0009999999999976694
58732000,8830,-3914,129199,1099,-7245,127162,129,19223,401,0,48040,0.0010000000000047748
58733002,11681,1285,130434,10915,-1325,121736,129,19230,528,0,48041,0.0010019999999997253
58734002,304,-6161,129662,11101,-9924,138090,104,19232,426,0,48042,0.0009999999999976694
58735000,1362,512,132598,-20808,-2325,128943,113,19225,463,1,48043,0.000998000000002719
58736000,-8115,4791,133497,-6957,1271,129993,126,19228,516,1,48044,0.0009999999999976694
58737000,-6504,12932,131357,7586,10319,119405,99,19228,516,1,48045,0.0009999999999976694
58738000,805,-1820,129651,-21884,-4535,137824,114,19232,405,0,48046,0.0010000000000047748
58739000,409,-13776,127267,846,-19686,127321,114,19223,467,0,48047,0.0009999999999976694
58740000,4881,3886,128741,7243,1284,129236,94,19229,385,0,48048,0.0009999999999976694
58741000,-9254,8879,130924,-21542,7919,125484,108,19229,442,0,48049,0.0010000000000047748
58742000,-4494,5716,131582,-12168,6154,130342,141,19226,577,1,48050,0.0009999999999976694
58743000,-7940,-4925,129929,-4416,-6805,137807,118,19226,483,1,48051,0.0009999999999976694
58744002,-5808,8091,129215,-11706,14415,116146,99,19230,483,1,48052,0.0010019999999997253
58745000,-3991,2775,128145,-4394,-204,132215,158,19227,405,0,48053,0.000998000000002719
58746000,-5314,-9928,125312,-5484,-5162,126868,158,19230,647,0,48054,0.0009999999999976694
58747002,9,3531,129092,-2413,-4951,131421,103,19230,422,0,48055,0.0010019999999997253
58748000,-9765,-5163,125377,-9740,-2330,125450,110,19226,451,1,48056,0.000998000000002719
58749012,-5790,24807,131164,-14555,14381,116874,132,19226,541,1,48057,0.0010120000000028995
58750000,-6521,2606,128043,-1092,-3027,136636,110,19228,541,1,48058,0.0009879999999995448
58751001,-2544,4982,124639,-11552,8681,113825,109,19230,451,1,48059,0.0010009999999951447
58752003,2494,5608,125702,-3128,-3770,126865,109,19224,446,0,48060,0.0010019999999997253
58753000,994,-5230,125124,9738,-5522,124419,89,19230,365,0,48061,0.0009970000000052437
58754000,6582,13,123050,-9619,-1329,129051,107,19230,438,0,48062,0.0009999999999976694
58755000,-4610,1311,127908,-6071,6475,129517,132,19230,541,1,48063,0.0009999999999976694
58756000,346,21983,126064,-1956,15634,113236,112,19219,541,1,48064,0.0010000000000047748
58757000,1589,675,123750,6539,-500,135049,92,19230,459,1,48065,0.0009999999999976694
58758000,4454,2322,125818,2771,-645,111993,92,19230,377,0,48066,0.0009999999999976694
58759000,10633,3099,122913,2477,-7800,128713,120,19232,491,0,48067,0.0010000000000047748
58760002,5255,-3394,125374,20082,-5854,126995,109,19226,446,0,48068,0.0010019999999997253
58761000,5319,-2533,126819,56,-12400,126360,115,19224,471,0,48069,0.0009979999999956135
58762000,1632,-541,127759,-8568,4524,125262,129,19224,471,1,48070,0.0010000000000047748
58763000,4709,25625,132485,10522,19018,118118,107,19231,528,1,48071,0.0009999999999976694
58764000,7189,-5072,123867,5758,-10224,138145,107,19233,438,1,48072,0.0009999999999976694
58765000,8939,271,125225,-1159,-1205,113662,102,19221,418,0,48073,0.0010000000000047748
58766000,11545,-8983,125726,14425,-14732,134690,98,19228,401,0,48074,0.0009999999999976694
58767000,6810,-13622,127057,18119,-12839,125620,104,19227,426,0,48075,0.0009999999999976694
58768001,4675,10211,130489,-11473,3393,126850,121,19227,426,1,48076,0.00100100000000225
58769001,186,11984,128363,-4471,12277,128616,113,19224,496,1,48077,0.0009999999999976694
58770000,-308,15733,131133,13959,13888,118368,113,19229,463,1,48078,0.0009990000000001942
58771000,2981,-5149,127992,-3553,-13129,137299,99,19227,405,1,48079,0.0010000000000047748
58772000,8345,-14629,126671,-2268,-19860,128862,141,19225,577,0,48080,0.0009999999999976694
58773000,10254,-4497,130860,22131,-4550,134297,111,19230,455,0,48081,0.0009999999999976694
58774000,5244,1877,127996,-7783,-901,125316,110,19230,455,0,48082,0.0009999999999976694
58775002,293,14445,133479,-15015,12091,121350,148,19224,451,1,48083,0.0010020000000068308
58776000,-3916,-1055,132884,5362,-7044,141431,148,19225,606,1,48084,0.0009979999999956135
58777000,-8589,633,128969,-1886,-762,119721,107,19232,438,1,48085,0.0009999999999976694
58778000,-2320,-6681,130781,-22081,-11688,134463,101,19220,414,0,48086,0.0010000000000047748
58779000,-1578,-1739,130888,337,-4429,125727,108,19234,442,0,48087,0.0009999999999976694
58780000,-523,-763,129265,5201,-4149,126660,110,19234,442,0,48088,0.0009999999999976694
58781000,-5619,13806,132567,-19876,11654,128599,120,19227,451,1,48089,0.0010000000000047748
58782000,-9912,7450,129687,-12684,5180,125971,120,19220,491,1,48090,0.0009999999999976694
58783000,-3647,10774,132667,-7843,8340,129083,112,19228,459,1,48091,0.0009999999999976694
58784000,-6443,10931,129422,-6670,7783,124965,103,19230,422,1,48092,0.0010000000000047748
58785001,276,-753,127224,-9579,-3327,130034,130,19220,532,0,48093,0.0010009999999951447
58786000,-5171,-7291,124284,-8601,-10608,126944,101,19220,532,0,48094,0.0009990000000001942
58787000,831,6000,128468,-2808,2435,123504,103,19228,414,0,48095,0.0010000000000047748
58788000,-1955,16621,127919,-2282,9813,119841,103,19225,422,1,48096,0.0009999999999976694
58789000,-10497,7020,127645,-14881,3938,128678,145,19224,594,1,48097,0.0009999999999976694
58790000,-2363,1163,129597,-15232,-306,129689,114,19232,467,1,48098,0.0010000000000047748
58791000,-2257,7096,126107,4958,1128,121605,104,19229,426,0,48099,0.0009999999999976694
58792000,1553,-3365,123694,-7660,-7931,130203,113,19229,463,0,48100,0.0009999999999976694
58793000,-1278,-1708,125489,-3568,-10219,123307,111,19230,463,0,48101,0.0010000000000047748
58794000,2394,5753,125258,391,8599,126068,117,19224,455,0,48102,0.0009999999999976694
58795000,-3177,13360,128607,-1658,14258,122829,117,19222,479,1,48103,0.0009999999999976694
58796000,-3382,11137,125909,-4237,4215,124750,124,19225,508,1,48104,0.0010000000000047748
58797000,3296,5591,123015,-1230,1215,125259,101,19234,414,1,48105,0.0009999999999976694
58798000,7576,5773,124225,2686,1931,122844,117,19234,479,0,48106,0.0009999999999976694
58799000,11351,-5215,126190,19817,-12203,128078,101,19230,479,0,48107,0.0010000000000047748
58800002,7365,241,124679,1517,-7112,124827,111,19229,414,0,48108,0.0010019999999997253
58801000,2996,-4164,126440,-10891,-12386,131845,111,19225,455,1,48109,0.0009979999999956135
58802000,2878,13268,129776,15341,10222,118861,142,19228,582,1,48110,0.0010000000000047748
58803000,2609,18704,127822,1380,7317,121327,113,19232,463,1,48111,0.0009999999999976694
58804004,6791,6701,127316,-2107,4741,125185,98,19230,401,1,48112,0.0010040000000017812
58805000,13693,-5086,126197,3529,-15026,128717,133,19230,401,0,48113,0.000996000000000663
58806000,12980,-11370,124380,21121,-11867,128094,105,19232,545,0,48114,0.0009999999999976694
58807000,3469,-1214,128976,1793,-3746,126606,105,19228,430,0,48115,0.0009999999999976694
58808000,3554,20,129316,-17241,99,128414,111,19224,455,1,48116,0.0010000000000047748
58809000,-600,18090,132853,14105,14572,126118,117,19230,479,1,48117,0.0009999999999976694
58810001,-1480,5849,129948,1074,-5143,129744,104,19232,426,1,48118,0.00100100000000225
58811000,6255,-9616,128073,-9093,-7208,125739,113,19232,426,0,48119,0.0009990000000001942
58812000,9072,-3420,130286,15377,-16028,129189,88,19219,463,0,48120,0.0009999999999976694
58813000,10639,-13404,125985,12271,-18215,136327,88,19232,360,0,48121,0.0009999999999976694
58814000,1008,5639,133339,-21751,7290,122332,106,19229,434,0,48122,0.0010000000000047748
58815001,-3379,13575,133850,-2642,6207,127164,132,19225,541,1,48123,0.0010009999999951447
58816000,-9288,8553,130071,4153,5082,129431,111,19233,455,1,48124,0.0009990000000001942
58817003,-2804,-7656,128477,-24429,-9903,135374,96,19233,455,1,48125,0.001003000000004306
58818002,2279,-6857,129730,3917,-8943,130059,145,19226,393,0,48126,0.0009990000000001942
58819002,4579,9046,128076,2562,4518,119621,145,19234,594,0,48127,0.0009999999999976694
58820000,-3091,2008,131816,-9697,-1895,134773,111,19226,455,0,48128,0.000998000000002719
58821000,-4506,-4853,130342,-12597,-6139,130992,115,19223,471,1,48129,0.0009999999999976694
58822000,-10159,3778,130443,-14198,1689,136380,133,19229,545,1,48130,0.0009999999999976694
58823000,-11294,16996,129785,-8912,18645,119419,110,19229,545,1,48131,0.0010000000000047748
58824000,-1834,10500,131283,-12980,3903,124132,108,19236,451,1,48132,0.0009999999999976694
58825000,-2870,-15831,124510,-2811,-19831,140491,108,19221,442,0,48133,0.0009999999999976694
58826000,38,-4271,127078,-5163,-5649,126057,131,19228,537,0,48134,0.0010000000000047748
58827000,-3175,7520,128022,-6825,4613,121195,106,19231,434,0,48135,0.0009999999999976694
58828000,-5004,19027,129405,-7409,16065,124210,124,19227,508,1,48136,0.0009999999999976694
58829000,-5874,2673,126708,-16284,-1817,133954,114,19227,508,1,48137,0.0010000000000047748
58830001,-6543,-2514,126012,-1005,-7232,122217,102,19230,467,1,48138,0.0010009999999951447
58831000,2756,10856,126493,-1917,8191,119608,139,19228,418,0,48139,0.0009990000000001942
58832000,-575,-44,123991,-7525,-2621,129082,139,19234,569,0,48140,0.0010000000000047748
58833000,3065,-2502,125193,5089,-7339,127928,102,19232,418,0,48141,0.0009999999999976694
58834001,-1263,540,123849,-6929,-3740,126769,108,19226,442,0,48142,0.00100100000000225
58835000,-6295,22432,128568,-9771,23224,113448,157,19226,643,1,48143,0.0009990000000001942
58836000,529,13242,127064,847,2528,127962,107,19228,643,1,48144,0.0009999999999976694
58837000,2172,-3576,124134,5188,-7309,128974,100,19235,438,1,48145,0.0009999999999976694
58838000,9987,3972,123629,-1825,3173,118973,100,19223,410,0,48146,0.0009999999999976694
58839000,10080,-4077,122643,17624,4633,123988,82,19230,336,0,48147,0.0010000000000047748
58840000,8676,48,125079,-1339,-1630,122670,111,19228,455,0,48148,0.0009999999999976694
58841000,5823,-5160,127130,-2019,-7331,134443,122,19228,500,1,48149,0.0009999999999976694
58842000,-62,2473,129044,12058,7006,123864,111,19223,500,1,48150,0.0010000000000047748
58843000,2146,10854,128247,-74,1241,125476,98,19230,455,1,48151,0.0009999999999976694
58844000,5103,5437,124736,3279,3256,122799,98,19230,401,1,48152,0.0009999999999976694
58845000,13593,4680,127202,8463,-3121,127086,127,19224,520,0,48153,0.0010000000000047748
58846001,9244,-11187,125244,13836,-17118,134223,106,19228,434,0,48154,0.0010009999999951447
58847000,4188,7188,130491,-1752,3174,122189,104,19228,426,0,48155,0.0009990000000001942
58848000,5418,1644,127351,-677,-540,131509,137,19230,426,1,48156,0.0010000000000047748
58849000,560,11564,131587,4845,12943,123806,113,19230,561,1,48157,0.0009999999999976694
58850000,5752,9137,128870,-5996,-99,129167,113,19229,463,1,48158,0.0009999999999976694
58851000,7031,-7513,128352,5479,-4182,130346,104,19223,426,0,48159,0.0010000000000047748
58852000,9389,-9665,128798,11493,-14018,129129,126,19231,516,0,48160,0.0009999999999976694
58853000,2996,-9597,128045,7502,-9872,132771,99,19230,405,0,48161,0.0009999999999976694
58854000,1315,1494,130885,-14946,1696,125982,109,19230,405,0,48162,0.0010000000000047748
58855000,465,9023,133561,-4894,3913,130393,116,19224,446,1,48163,0.0009999999999976694
58856000,-5930,10104,133124,2681,6781,123162,116,19230,475,1,48164,0.0009999999999976694
58857000,-5569,2590,131614,-12363,-9151,130293,100,19229,410,1,48165,0.0010000000000047748
58858000,-291,-22110,128045,-11428,-21529,141421,120,19228,491,0,48166,0.0009999999999976694
58859002,1059,2398,130488,10526,-4301,120501,96,19229,393,0,48167,0.0010019999999997253
58860000,-3247,3384,129199,-8053,3081,128702,107,19229,393,0,48168,0.000998000000002719
58861000,-7114,8029,134014,-21554,3992,128679,143,19227,438,1,48169,0.0009999999999976694
58862000,-7026,-185,128512,-4389,-7004,133611,143,19231,586,1,48170,0.0009999999999976694
58863000,-5712,13304,128072,-3114,12094,123406,116,19232,475,1,48171,0.0010000000000047748
58864000,-4729,12922,129833,-10106,10856,120393,99,19224,405,1,48172,0.0009999999999976694
58865000,-1775,-6905,126301,-8838,-15610,133282,163,19227,668,0,48173,0.0009999999999976694
58866001,-1655,-5037,125705,-2053,-10461,128411,104,19227,668,0,48174,0.00100100000000225
58867000,-2211,2630,127352,-7896,3547,126781,110,19232,426,0,48175,0.0009990000000001942
58868001,-4245,20230,129578,-9279,16402,116262,110,19225,451,1,48176,0.00100100000000225
58869002,-8185,1687,124162,-7838,-4508,132729,121,19231,496,1,48177,0.0010009999999951447
58870000,-2850,7062,127690,-14013,5312,131276,107,19231,438,1,48178,0.000998000000002719
58871000,683,5915,124860,2974,3355,114298,114,19228,467,0,48179,0.0009999999999976694
58872000,1854,-2740,124559,1516,-6469,127311,97,19228,467,0,48180,0.0010000000000047748
58873000,2126,-6454,124444,-8429,-10267,131231,108,19229,397,0,48181,0.0009999999999976694
58874000,-1004,3525,126470,575,1671,122423,108,19227,442,1,48182,0.0009999999999976694
58875000,-1368,26517,129948,464,22970,117890,134,19221,549,1,48183,0.0010000000000047748
58876000,-3125,5395,124307,-5576,2441,126148,113,19231,463,1,48184,0.0009999999999976694
58877000,5338,10825,126356,932,7625,124608,96,19226,393,1,48185,0.0009999999999976694
58878000,6815,-516,122662,6500,-4130,122550,112,19226,459,0,48186,0.0010000000000047748
58879000,10921,-496,124900,10596,-5249,128104,115,19229,459,0,48187,0.0009999999999976694
58880000,6063,-6318,125362,2958,-9918,127098,116,19226,471,0,48188,0.0009999999999976694
58881000,5037,4078,127373,224,524,122166,116,19222,475,1,48189,0.0010000000000047748
58882000,3209,9322,129014,5734,1278,127372,127,19228,520,1,48190,0.0009999999999976694
58883000,5420,4331,124690,4308,10276,124567,107,19229,438,1,48191,0.0009999999999976694
58884000,9586,1558,126911,1312,-2746,125911,109,19229,446,0,48192,0.0010000000000047748
58885000,9779,1637,126022,9202,-7917,125332,86,19221,446,0,48193,0.0009999999999976694
58886000,10194,-14044,124719,8926,-16158,133976,103,19228,352,0,48194,0.0009999999999976694
58887001,1485,-4785,131827,-6785,-2462,128620,103,19229,422,0,48195,0.00100100000000225
58888000,3563,7644,131096,2784,237,132448,121,19225,496,1,48196,0.0009990000000001942
58889000,-1443,12738,129757,5424,12674,120690,113,19228,463,1,48197,0.0009999999999976694
58890000,1532,14364,130206,-10145,-1170,127113,100,19228,410,1,48198,0.0010000000000047748
58891002,11542,-15727,124306,6203,-20313,134827,148,19233,410,0,48199,0.0010019999999997253
58892000,7397,-5641,130424,22754,2975,124713,104,19231,606,0,48200,0.0009979999999956135
58893001,6032,-9485,128627,-6483,-15153,136870,104,19228,426,0,48201,0.00100100000000225
58894000,-1539,7400,133132,-16932,10290,117946,105,19225,430,1,48202,0.0009990000000001942
58895000,-3535,8367,132653,-5150,-2439,138771,143,19228,586,1,48203,0.0009999999999976694
58896000,-8410,-1284,130766,9642,-692,130807,107,19229,438,1,48204,0.0010000000000047748
58897000,-3261,332,128759,-20998,-3084,121586,106,19229,438,1,48205,0.0009999999999976694
58898000,1659,-7360,129447,-6671,-7134,136628,102,19222,434,0,48206,0.0009999999999976694
58899000,4170,-992,129356,7844,-2083,122258,102,19232,418,0,48207,0.0009999999999976694
58900000,-2936,6494,130378,-14606,927,131563,107,19229,438,0,48208,0.0010000000000047748
58901000,-10706,258,130356,-15464,-3047,129210,127,19222,520,1,48209,0.0009999999999976694
58902001,-9544,4474,132077,-6918,4560,126185,115,19231,471,1,48210,0.00100100000000225
58903000,-8649,6405,130663,-12348,275,132248,99,19231,471,1,48211,0.0009990000000001942
58904000,-2293,6642,128241,-9692,2392,116895,137,19229,405,0,48212,0.0009999999999976694
58905000,-5543,-2718,127023,-272,-1346,135609,137,19220,561,0,48213,0.0009999999999976694
58906002,-833,-8707,124212,-9427,-12852,122251,113,19228,463,0,48214,0.0010020000000068308
58907000,-5563,3894,127903,-16860,844,128408,109,19232,446,0,48215,0.0009979999999956135
58908000,-6770,11251,130269,-6255,6890,125756,142,19226,582,1,48216,0.0009999999999976694
58909000,-6957,11914,126926,-4850,6567,119526,113,19226,582,1,48217,0.0010000000000047748
58910000,-5052,10101,128064,-14988,8318,135254,104,19231,463,1,48218,0.0009999999999976694
58911000,1891,-311,122432,-3494,520,119281,104,19224,426,0,48219,0.0009999999999976694
58912000,4231,198,125137,5058,-3703,128868,97,19231,397,0,48220,0.0010000000000047748
58913000,2451,6272,124672,-5652,3510,121015,109,19228,446,0,48221,0.0009999999999976694
58914000,2580,4785,126291,-8594,2758,127596,118,19221,483,1,48222,0.0009999999999976694
58915000,-6593,3867,127423,8432,367,131140,109,19221,483,1,48223,0.0010000000000047748
58916000,-1504,11395,123706,-9985,9940,118477,96,19231,446,1,48224,0.0009999999999976694
58917002,7754,13849,124413,2024,12518,121954,96,19227,393,0,48225,0.0010019999999997253
58918000,9428,2111,125407,13175,-3937,120176,117,19229,479,0,48226,0.000998000000002719
58919000,11883,-14464,125157,1011,-19121,136000,103,19224,422,0,48227,0.0009999999999976694
58920001,2072,763,128424,4556,-2032,126316,111,19225,455,0,48228,0.00100100000000225
58921000,2163,4320,129249,4530,2212,124538,144,19225,455,1,48229,0.0009990000000001942
58922001,1887,16944,129313,-1750,15291,125016,111,19225,590,1,48230,0.0010009999999951447
58923000,6312,7266,125338,2836,2979,126467,111,19231,455,1,48231,0.0009990000000001942
58924001,12054,-4907,124864,7356,-8318,120431,95,19225,389,0,48232,0.00100100000000225
58925000,10612,6891,127876,9013,4617,125226,117,19233,479,0,48233,0.0009990000000001942
58926000,10581,-13397,126367,12640,-17364,137104,106,19228,434,0,48234,0.0009999999999976694
58927000,3825,-3615,128723,573,-8933,125879,112,19228,459,1,48235,0.0010000000000047748
58928000,2004,11204,131161,-4906,8800,127597,107,19220,459,1,48236,0.0009999999999976694
58929000,-1059,29085,130973,4704,11274,118000,99,19229,438,1,48237,0.0009999999999976694
58930000,4797,2875,130170,-198,-15635,137454,99,19230,405,1,48238,0.0010000000000047748
58931016,11436,-18491,127907,2101,-22525,133799,118,19222,483,0,48239,0.0010159999999999059
58932002,11972,-6288,129289,14886,-1985,121589,96,19230,393,0,48240,0.0009859999999974889
58933001,1899,6998,129615,-11207,1921,132670,106,19230,434,0,48241,0.0009990000000001942
58934000,3227,-1508,130479,-19188,82,125111,138,19228,434,1,48242,0.0009990000000001942
58935000,-6847,14082,133730,9751,9005,131042,109,19222,565,1,48243,0.0009999999999976694
58936002,-4168,1914,131261,-7506,-7296,126458,109,19232,446,1,48244,0.0010019999999997253
58937002,-6274,1804,130341,-10920,-13914,126798,95,19225,389,0,48245,0.0010000000000047748
58938000,2116,-16272,129152,-4125,-20425,141056,134,19232,549,0,48246,0.0009979999999956135
58939000,-210,3176,131316,4478,7418,120330,109,19224,446,0,48247,0.0010000000000047748
58940000,-4499,3895,131800,-15947,-705,131505,116,19224,446,0,48248,0.0009999999999976694
58941002,-9200,19137,129739,-15992,12853,122420,124,19221,475,1,48249,0.0010019999999997253
58942000,-8966,-1959,127146,-7065,-7602,137396,124,19232,508,1,48250,0.000998000000002719
58943000,-2439,7709,129457,-8030,14286,121382,105,19231,430,1,48251,0.0009999999999976694
58944000,-2458,8513,128032,-8355,-1960,126031,110,19217,451,0,48252,0.0009999999999976694
58945000,-2131,-8021,124216,-3857,-7567,132679,102,19231,418,0,48253,0.0010000000000047748
58946000,125,-800,127167,-6707,-1495,127579,103,19231,418,0,48254,0.0009999999999976694
58947000,-3228,-2511,125221,-4859,714,127950,129,19229,422,1,48255,0.0009999999999976694
58948000,-9062,19375,129676,-11221,15285,118244,129,19225,528,1,48256,0.0010000000000047748
58949000,-5753,4425,127986,-14879,-628,129315,115,19231,471,1,48257,0.0009999999999976694
58950000,-737,6886,129717,4251,3413,124888,100,19228,410,1,48258,0.0009999999999976694
58951000,-517,-6208,125167,-2181,-13764,130269,130,19231,532,0,48259,0.0010000000000047748
58952000,1939,-7493,123456,-8150,1830,126331,113,19231,532,0,48260,0.0009999999999976694
58953000,-46,12629,126005,-4637,4727,119792,113,19227,463,0,48261,0.0009999999999976694
58954001,-550,6272,123560,3942,6208,126888,113,19224,463,1,48262,0.00100100000000225
58955000,-2340,14126,128882,-7932,16859,126702,149,19232,610,1,48263,0.0009990000000001942
58956000,2623,1263,122707,-2046,-160,123251,108,19229,442,1,48264,0.0009999999999976694
58957000,9343,12350,125752,13572,5789,125154,104,19225,426,0,48265,0.0010000000000047748
58958002,7973,-7354,120744,4057,-9668,126797,87,19225,426,0,48266,0.0010019999999997253
58959000,9474,-3880,126841,10901,-8135,125542,109,19228,356,0,48267,0.0009979999999956135
58960000,3853,-3247,125943,4117,-5831,128863,109,19226,446,1,48268,0.0010000000000047748
58961000,3530,10539,128487,-4637,11182,122479,124,19225,508,1,48269,0.0009999999999976694
58962000,3414,15459,129535,7086,8806,121307,111,19229,455,1,48270,0.0009999999999976694
58963000,8710,-4155,123445,6175,-6869,127688,97,19230,397,1,48271,0.0009999999999976694
58964000,8078,3775,127165,-961,3211,130044,137,19230,397,0,48272,0.0010000000000047748
58965001,13799,-9433,125570,14010,-13858,124895,100,19231,561,0,48273,0.0010009999999951447
58966000,6693,-9880,127866,19415,-13139,133565,100,19229,410,0,48274,0.0009990000000001942
58967001,2160,461,130413,-13210,-3771,130432,102,19230,418,1,48275,0.00100100000000225
58968000,-570,12379,131184,-4139,9929,122716,128,19230,524,1,48276,0.0009990000000001942
58969000,1017,20325,131944,16301,17348,125576,108,19231,442,1,48277,0.0009999999999976694
58970000,5341,-5797,126012,-7752,-10402,129151,104,19231,426,1,48278,0.0010000000000047748
58971000,9056,-6297,129963,7048,-9296,125208,121,19226,426,0,48279,0.0009999999999976694
58972000,8890,-7967,128060,18290,-11267,136143,104,19229,496,0,48280,0.0009999999999976694
58973000,3773,-3469,131658,-10820,-7553,122801,104,19229,426,0,48281,0.0010000000000047748
58974000,1235,9092,133516,-7046,5602,132829,115,19220,471,1,48282,0.0009999999999976694
58975000,-8283,243,130049,4040,-1279,126043,110,19233,451,1,48283,0.0009999999999976694
58976000,-5577,5732,131584,-17206,-4593,125960,96,19233,393,1,48284,0.0010000000000047748
58977000,1425,-8398,128400,-6238,-14146,137347,129,19231,393,0,48285,0.0009999999999976694
58978000,1611,-172,128731,6216,5844,120070,102,19224,528,0,48286,0.0009999999999976694
58979000,-2186,5282,132156,-10469,-2972,131609,102,19227,418,0,48287,0.0010000000000047748
58980000,-5777,-8087,130468,-13058,-3419,132035,109,19225,446,1,48288,0.0009999999999976694
58981000,-11324,6031,133198,-13167,4384,127755,147,19228,602,1,48289,0.0009999999999976694
58982000,-13095,8137,129686,-13130,6794,130302,114,19231,467,1,48290,0.0010000000000047748
58983000,-3254,11240,130167,-9118,3180,123810,103,19231,467,1,48291,0.0009999999999976694
58984000,-4631,-2759,126203,-196,-11104,136143,146,19220,422,0,48292,0.0009999999999976694
58985000,-1806,-5648,125749,-5650,-9271,121492,146,19231,598,0,48293,0.0010000000000047748
58986000,-2703,1760,127631,-9690,2640,125788,106,19228,434,0,48294,0.0009999999999976694
58987000,-4238,7522,128716,-7506,4253,131089,114,19220,467,1,48295,0.0009999999999976694
58988000,-5810,7517,127914,-7873,5958,118946,109,19232,446,1,48296,0.0010000000000047748
58989000,-10789,11072,126887,-11636,7937,126093,107,19232,446,1,48297,0.0009999999999976694
58990000,663,3094,124887,-2697,-1501,125573,127,19231,438,0,48298,0.0009999999999976694
58991000,21,-4318,123565,2466,-8635,123666,127,19224,520,0,48299,0.0010000000000047748
58992000,4639,-3360,126243,-6624,-3794,126435,102,19231,418,0,48300,0.0009999999999976694
58993000,131,6073,126381,-3003,5942,119900,108,19225,442,0,48301,0.0009999999999976694
58994000,-3947,10994,127075,3653,3288,129711,143,19224,586,1,48302,0.0010000000000047748
58995000,-2565,5095,123984,-12572,4612,123269,111,19224,586,1,48303,0.0009999999999976694
58996000,907,12892,126520,1029,9204,123696,99,19228,455,1,48304,0.0009999999999976694
58997000,12478,7362,123616,12956,2945,122897,99,19224,405,0,48305,0.0010000000000047748
58998000,10279,4689,124357,5663,-3037,119779,106,19229,434,0,48306,0.0009999999999976694
58999000,7375,-12370,124294,7438,-13998,141357,115,19224,471,0,48307,0.0009999999999976694
59000001,5227,-8086,125514,2984,-7534,119049,117,19222,479,1,48308,0.00100100000000225
59001000,1040,8042,128443,-5172,6285,122559,114,19222,479,1,48309,0.0009990000000001942
59002001,2935,13625,129036,9363,9288,127293,106,19226,467,1,48310,0.00100100000000225
59003002,5950,-692,122641,3649,-5321,123525,106,19230,434,1,48311,0.0010009999999951447
59004001,11974,3589,127376,4394,3801,125262,113,19222,463,0,48312,0.0009990000000001942
59005000,10858,-6565,125163,13616,-11294,127174,93,19233,381,0,48313,0.0009990000000001942
59006000,8398,-7772,128179,5358,-9087,132984,104,19228,426,0,48314,0.0010000000000047748
59007000,4490,6392,130648,-2208,4345,127863,128,19228,426,1,48315,0.0009999999999976694
59008000,-1555,2612,128849,-353,-182,130746,114,19226,524,1,48316,0.0009999999999976694
59009001,1128,8861,129602,3263,5011,119504,114,19228,467,1,48317,0.00100100000000225
59010000,5488,-3789,127239,-931,-9899,130330,100,19226,410,0,48318,0.0009990000000001942
59011000,10587,-9849,125992,10688,-11765,133970,156,19226,639,0,48319,0.0009999999999976694
59012000,1728,-1653,130643,7421,-5904,121330,114,19228,467,0,48320,0.0010000000000047748
59013000,755,-8891,129952,-12209,-12132,135970,113,19228,463,0,48321,0.0009999999999976694
59014000,-505,11566,134032,-11454,8776,124671,136,19218,463,1,48322,0.0009999999999976694
59015000,-8381,9014,132588,5413,4998,130497,103,19230,557,1,48323,0.0010000000000047748
59016000,-2599,7063,129497,-9145,4964,126328,103,19228,422,1,48324,0.0009999999999976694
59017001,-2261,-13353,128317,-18348,-17989,132293,107,19220,438,0,48325,0.00100100000000225
59018000,4119,-2411,131083,6452,-7583,130792,93,19229,381,0,48326,0.0009990000000001942
59019000,-3472,5770,129591,1095,4141,128760,112,19229,459,0,48327,0.0009999999999976694
59020000,-9127,5137,132418,-23792,1892,130874,133,19227,459,1,48328,0.0009999999999976694
59021000,-8065,6471,130196,-14278,4059,129568,113,19224,545,1,48329,0.0010000000000047748
59022000,-9358,957,128579,-1271,-350,133456,113,19228,463,1,48330,0.0009999999999976694
59023000,-2449,23915,131586,-5687,7181,115393,99,19227,405,1,48331,0.0009999999999976694
59024000,-4412,-6627,125242,-16916,-18019,138571,139,19224,569,0,48332,0.0009999999999976694
59025000,1238,-7629,128106,-1306,-1729,124900,103,19224,422,0,48333,0.0010000000000047748
59026000,-4399,10561,127721,275,3546,123375,106,19232,422,0,48334,0.0009999999999976694
59027000,-6047,8457,126361,-14073,6474,125328,137,19224,434,1,48335,0.0009999999999976694
59028000,-5144,7350,128106,-11024,2474,124691,137,19227,561,1,48336,0.0010000000000047748
59029000,-2126,3147,127365,-1450,1431,131446,109,19231,446,1,48337,0.0009999999999976694
59030000,481,11168,125502,1698,3621,115157,107,19227,438,0,48338,0.0009999999999976694
59031000,-3508,197,124483,-15297,-9946,129021,82,19231,336,0,48339,0.0010000000000047748
59032000,3858,-1244,125099,-326,-2661,127235,110,19231,336,0,48340,0.0009999999999976694
59033000,-778,3619,127695,8792,60,128588,123,19227,451,0,48341,0.0009999999999976694
59034000,-2382,2735,126686,-12019,2394,124336,123,19217,504,1,48342,0.0010000000000047748
59035000,-3287,23964,126464,-7438,10374,116486,110,19228,451,1,48343,0.0009999999999976694
59036002,6365,8459,125523,6271,-7518,131473,96,19231,393,1,48344,0.0010019999999997253
59037000,11225,856,122334,12869,408,120726,128,19234,524,0,48345,0.000998000000002719
59038000,8540,2031,124596,109,-5417,125446,107,19234,524,0,48346,0.0009999999999976694
59039000,7647,-2518,124213,1442,-5399,126145,114,19230,438,0,48347,0.0009999999999976694
59040000,5506,-772,126694,9967,-6589,129873,114,19224,467,1,48348,0.0010000000000047748
59041000,3563,2930,126810,-1601,6795,128481,141,19227,577,1,48349,0.0009999999999976694
59042000,4328,17998,127214,4016,15987,116354,111,19231,455,1,48350,0.0009999999999976694
59043000,7526,802,124937,8027,-4714,128747,98,19224,401,0,48351,0.0010000000000047748
59044000,13276,-3260,127760,6230,-9466,127291,120,19224,401,0,48352,0.0009999999999976694
59045000,9289,-14749,126168,11122,-21007,133275,104,19231,491,0,48353,0.0009999999999976694
59046000,5215,-3722,131045,-2265,4260,127169,104,19226,426,0,48354,0.0010000000000047748
59047000,838,17683,131850,-3164,9189,122350,113,19222,463,1,48355,0.0009999999999976694
59048002,543,506,127495,7807,-4711,135808,109,19229,446,1,48356,0.0010019999999997253
59049000,466,2461,128229,-3091,1040,125077,101,19228,414,1,48357,0.000998000000002719
59050000,8520,-4350,129184,-1826,-13382,127222,128,19228,414,0,48358,0.0009999999999976694
59051000,10099,-801,129972,20925,64,128170,97,19222,524,0,48359,0.0009999999999976694
59052000,6742,-2739,129375,2935,-6357,132639,97,19228,397,0,48360,0.0010000000000047748
59053001,-1019,-10016,128777,-20072,-8301,132212,104,19231,426,1,48361,0.0010009999999951447
59054000,-5727,19295,133911,404,11887,121485,145,19226,594,1,48362,0.0009990000000001942
59055000,-5464,-4247,129168,-2899,-5616,138212,113,19232,463,1,48363,0.0010000000000047748
59056000,-4262,3061,132304,-13397,-486,124442,97,19232,463,1,48364,0.0009999999999976694
59057000,3512,-6030,126617,-6907,-10301,135067,129,19224,397,0,48365,0.0009999999999976694
59058000,2537,5874,128032,2984,4107,123734,129,19232,528,0,48366,0.0010000000000047748
59059000,-1772,2992,131997,-2544,-1557,126383,108,19227,442,0,48367,0.0009999999999976694
59060000,-7451,-4030,130415,-17600,-7482,138165,118,19221,483,1,48368,0.0009999999999976694
59061000,-9345,5080,130919,-12261,4119,128575,112,19227,459,1,48369,0.0010000000000047748
59062000,-11297,11674,132522,-8339,8930,123565,104,19227,426,1,48370,0.0009999999999976694
59063000,-252,4931,128330,-8572,1925,131658,116,19233,426,1,48371,0.0009999999999976694
59064001,-1351,-8582,126076,-2424,-11825,125498,92,19214,475,0,48372,0.00100100000000225
59065000,-962,1099,128932,-1775,-1734,130134,92,19234,377,0,48373,0.0009990000000001942
59066002,-1953,7057,124370,-11850,3805,117546,103,19225,422,0,48374,0.0010019999999997253
59067000,-7613,13858,131668,-12389,10723,133417,137,19225,561,1,48375,0.000998000000002719
59068000,-5336,-399,125853,-2934,-4751,126115,117,19225,479,1,48376,0.0009999999999976694
59069000,-5343,4420,126645,-6829,1290,129103,100,19230,479,1,48377,0.0009999999999976694
59070001,-706,12054,127970,-14189,4973,116862,121,19228,410,0,48378,0.00100100000000225
59071003,4776,2882,123013,4445,681,123868,121,19236,496,0,48379,0.0010019999999997253
59072000,2681,-5986,125707,5552,-652,137016,105,19229,430,0,48380,0.0009969999999981383
59073002,-765,-711,123002,-6974,5978,117754,114,19226,467,1,48381,0.0010019999999997253
59074000,-4953,7706,126655,-1924,10264,130049,138,19226,565,1,48382,0.000998000000002719
59075000,231,7314,127230,-535,4219,120535,101,19227,565,1,48383,0.0009999999999976694
59076000,5070,7201,124775,10452,-2077,127982,104,19236,414,0,48384,0.0010000000000047748
59077000,6135,-2842,122449,-1523,-7293,125872,104,19224,426,0,48385,0.0009999999999976694
59078000,9996,4986,124538,5168,430,119406,91,19228,373,0,48386,0.0009999999999976694
59079000,8090,100,126268,14710,-7545,130279,110,19229,451,0,48387,0.0010000000000047748
59080000,2500,-1581,127094,-1897,-2840,124450,133,19226,545,1,48388,0.0009999999999976694
59081000,1546,8819,129001,-6890,7605,126263,113,19226,545,1,48389,0.0009999999999976694
59082000,6657,5534,127855,15127,1090,123817,97,19229,463,1,48390,0.0010000000000047748
59083002,11077,8607,124290,8878,5331,118695,97,19230,397,0,48391,0.0010019999999997253
59084000,7407,5164,129030,-1718,-2744,132226,145,19231,594,0,48392,0.0009979999999956135
59085000,10652,-13146,124288,12179,-18449,127272,112,19228,459,0,48393,0.0010000000000047748
59086000,5941,-6934,129104,9942,-4211,133049,109,19226,446,0,48394,0.0009999999999976694
59087000,1710,8564,131606,-9050,9990,122655,128,19226,446,1,48395,0.0009999999999976694
59088002,3833,18564,130628,2197,10386,122606,106,19228,524,1,48396,0.0010019999999997253
59089002,1789,-2597,128930,6619,-9534,137756,106,19232,434,1,48397,0.0010000000000047748
59090002,8015,-6867,127409,-5629,-8014,128436,109,19222,446,0,48398,0.0009999999999976694
59091000,11062,-7924,128638,14637,-5953,128351,100,19233,410,0,48399,0.0009979999999956135
59092000,4642,-747,130420,13632,-7702,130851,101,19230,414,0,48400,0.0010000000000047748
59093001,1395,-630,130350,-24186,2122,132325,120,19230,414,1,48401,0.0010009999999951447
59094000,-5996,10578,133487,-5243,8553,121537,112,19223,491,1,48402,0.0009990000000001942
59095000,-7946,6687,129712,9370,1081,125035,112,19234,459,1,48403,0.0010000000000047748
59096001,-2555,-9118,127976,-18646,-14283,136112,97,19228,397,1,48404,0.0010009999999951447
59097000,-2375,-8353,130753,-8411,-13685,128510,138,19231,565,0,48405,0.0009990000000001942
59098002,3488,3326,129676,8022,5602,131702,106,19227,434,0,48406,0.0010019999999997253
59099000,-5615,8101,132417,-11887,5132,123575,112,19227,434,0,48407,0.000998000000002719
59100000,-6539,-3880,128885,-16663,-6820,131653,140,19224,459,1,48408,0.0009999999999976694
59101000,-7836,5150,129913,-7712,2886,134929,140,19229,573,1,48409,0.0010000000000047748
59102000,-6945,11355,128427,-9268,10112,121033,115,19230,471,1,48410,0.0009999999999976694
59103000,-2949,5494,129665,-7810,996,125123,105,19225,430,0,48411,0.0009999999999976694
59104000,-4892,-6157,123860,-9325,-9065,129989,142,19230,582,0,48412,0.0010000000000047748
59105000,414,-2326,128188,-882,-4670,136775,106,19230,434,0,48413,0.0009999999999976694
59106000,-4938,4107,125263,-11444,1078,117737,116,19227,434,1,48414,0.0009999999999976694
59107000,-4453,15648,129895,-9988,12917,119935,110,19220,475,1,48415,0.0010000000000047748
59108000,-8828,3592,127756,-9726,191,129178,110,19226,451,1,48416,0.0009999999999976694
59109000,-940,-980,126469,-9291,-4010,125548,105,19232,430,1,48417,0.0009999999999976694
59110000,-701,5712,125219,2072,2671,127491,132,19227,541,0,48418,0.0010000000000047748
59111000,-475,-52,124422,-4351,-2318,118398,100,19227,410,0,48419,0.0009999999999976694
59112002,3180,4991,127150,-5173,2548,131284,107,19229,410,0,48420,0.0010019999999997253
59113000,-1961,2132,125617,-614,-1023,123973,149,19223,438,1,48421,0.000998000000002719
59114000,-2603,11983,124966,-2708,7810,120590,149,19225,610,1,48422,0.0009999999999976694
59115000,-2425,16208,127082,-7046,14801,121401,110,19234,451,1,48423,0.0009999999999976694
59116000,8550,-1837,122918,2882,-4521,131864,97,19227,397,0,48424,0.0010000000000047748
59117000,10654,-2362,125686,19154,-8541,125424,109,19227,446,0,48425,0.0009999999999976694
59118000,4030,-5558,124238,-2951,-7302,124754,121,19227,446,0,48426,0.0009999999999976694
59119000,6364,-1114,127308,-756,-4218,131825,122,19225,496,0,48427,0.0010000000000047748
59120000,-2105,735,126555,14740,6070,122174,122,19222,500,1,48428,0.0009999999999976694
59121000,5141,10249,127708,-8859,6249,126462,106,19228,434,1,48429,0.0009999999999976694
59122000,5276,7662,126965,13922,-4073,125347,102,19230,418,1,48430,0.0010000000000047748
59123000,11036,5570,125119,10110,-2670,124222,118,19221,483,0,48431,0.0009999999999976694
59124000,11514,-4297,127117,5353,-11199,130379,95,19221,483,0,48432,0.0009999999999976694
59125001,3438,-13221,127939,8992,-11623,134115,104,19228,389,0,48433,0.00100100000000225
59126000,5949,-1131,129258,-7993,-1969,132732,104,19228,426,1,48434,0.0009990000000001942
59127000,-3075,4851,129134,3619,8278,124942,132,19229,541,1,48435,0.0009999999999976694
59128000,121,8277,132316,2539,6221,126218,113,19240,463,1,48436,0.0010000000000047748
59129000,6101,7963,126745,-8273,-8599,128641,99,19231,405,1,48437,0.0009999999999976694
59130000,10681,-8025,126125,11632,-17867,132588,152,19231,405,0,48438,0.0009999999999976694
59131000,11115,-5702,129488,9931,-4261,128380,108,19231,623,0,48439,0.0010000000000047748
59132000,-350,4034,130457,-13631,536,123322,108,19229,442,0,48440,0.0009999999999976694
59133000,4568,7536,132940,-9974,2687,134512,108,19224,442,1,48441,0.0009999999999976694
59134000,-8555,-8569,130988,5031,-12863,134780,132,19231,541,1,48442,0.0010000000000047748
59135002,-7760,8695,130984,-5976,7698,119001,101,19233,414,1,48443,0.0010019999999997253
59136000,520,4479,129894,-17786,-2481,128544,111,19233,414,0,48444,0.0009979999999956135
59137000,-544,-6209,129265,8868,-11293,129590,94,19222,455,0,48445,0.0010000000000047748
59138000,2036,968,130752,-3363,-3083,127932,94,19231,385,0,48446,0.0009999999999976694
59139000,-8070,628,130728,-21422,-2777,128612,110,19227,451,0,48447,0.0009999999999976694
59140000,-7156,4571,133330,-3451,8248,129096,134,19221,549,1,48448,0.0010000000000047748
59141000,-8099,8610,130672,-13332,711,130736,114,19230,467,1,48449,0.0009999999999976694
59142000,-4450,3789,125915,-12166,-442,129522,99,19230,467,1,48450,0.0009999999999976694
59143000,-2291,8423,129690,-3692,3640,121974,153,19228,405,0,48451,0.0010000000000047748
59144001,-2198,3553,126247,-5594,-1739,125469,153,19225,627,0,48452,0.0010009999999951447
59145000,-163,1219,128723,-3817,56,130946,104,19231,426,0,48453,0.0009990000000001942
59146000,-5635,-51,126341,-15478,-1266,130210,106,19225,434,1,48454,0.0010000000000047748
59147000,-5860,15300,127211,-6997,12374,117327,128,19228,524,1,48455,0.0009999999999976694
59148000,-6471,10950,128492,-10791,7549,128083,111,19228,455,1,48456,0.0009999999999976694
59149000,-2201,-1133,124974,-1944,-2550,126468,109,19228,455,0,48457,0.0009999999999976694
59150000,1116,8511,125545,-3784,4007,120333,89,19218,446,0,48458,0.0010000000000047748
59151000,2134,-2027,123329,-7642,-5059,127601,89,19228,365,0,48459,0.0009999999999976694
59152000,4902,6906,126237,1905,5632,121310,110,19225,451,0,48460,0.0009999999999976694
59153000,-381,-538,127571,358,-5384,134413,126,19220,516,1,48461,0.0010000000000047748
59154000,-3950,7628,124985,-3055,6959,124149,112,19220,459,1,48462,0.0009999999999976694
59155001,1948,10699,127195,-8696,7061,124687,96,19231,459,1,48463,0.00100100000000225
59156000,9147,5054,122021,9369,1357,120726,133,19232,393,0,48464,0.0009990000000001942
59157000,8943,7917,125572,11349,3308,126415,133,19235,545,0,48465,0.0009999999999976694
59158000,6562,-16279,122533,2106,-20551,132263,107,19225,438,0,48466,0.0009999999999976694
59159000,5978,1979,130070,5575,-1350,127111,110,19226,451,1,48467,0.0010000000000047748
59160000,2539,7910,127736,2963,3683,120033,130,19226,532,1,48468,0.0009999999999976694
59161000,2163,18415,129470,248,15469,126807,109,19227,532,1,48469,0.0009999999999976694
59162000,6755,-3767,126257,4486,-4460,130285,101,19230,446,1,48470,0.0010000000000047748
59163000,8941,-1841,125456,5537,-5504,125393,101,19224,414,0,48471,0.0009999999999976694
59164000,11108,4936,130507,6452,-6270,128035,99,19230,405,0,48472,0.0009999999999976694
59165000,8937,-10141,126852,15383,-6049,125876,105,19229,430,0,48473,0.0010000000000047748
59166000,4322,-1889,129564,317,-1848,134958,117,19224,479,1,48474,0.0009999999999976694
59167000,-1035,11502,130103,-7088,11359,122126,112,19224,479,1,48475,0.0009999999999976694
59168000,522,14481,129425,5887,8405,126622,98,19228,459,1,48476,0.0010000000000047748
59169000,5961,-3195,129173,-4442,-9463,128054,98,19231,401,1,48477,0.0009999999999976694
59170002,10068,-16107,127364,4029,-22823,136757,131,19225,537,0,48478,0.0010019999999997253
59171000,9941,-7340,130269,22534,-4911,125237,100,19227,410,0,48479,0.000998000000002719
59172000,-64,600,129299,-14298,-2548,131900,104,19226,426,0,48480,0.0009999999999976694
59173000,-3240,6706,130672,-19093,12121,122860,150,19226,426,1,48481,0.0009999999999976694
59174000,-4573,14486,133210,3921,4909,129170,110,19229,614,1,48482,0.0010000000000047748
59175000,-3168,-5196,129756,2577,-13575,133465,110,19232,451,1,48483,0.0009999999999976694
59176000,-2660,-8771,129179,-15486,-12005,126862,98,19227,401,0,48484,0.0009999999999976694
59177003,-111,-5653,129316,-3620,-7893,134947,123,19228,504,0,48485,0.001003000000004306
59178000,-518,2075,129569,4075,5339,124102,113,19228,463,0,48486,0.0009969999999981383
59179000,-6579,10006,132221,-19588,6124,127102,123,19228,463,1,48487,0.0009999999999976694
59180000,-11515,-1659,129427,-17336,2953,132367,111,19223,504,1,48488,0.0010000000000047748
59181000,-5885,5081,129940,-5082,1087,124525,111,19228,455,1,48489,0.0009999999999976694
59182000,-5113,6194,129790,-6243,1401,131443,101,19232,414,1,48490,0.0009999999999976694
59183000,-329,763,126062,-10896,-3211,124226,121,19217,496,0,48491,0.0010000000000047748
59184000,-3405,-6150,126339,-4453,-9194,133055,95,19229,389,0,48492,0.0009999999999976694
59185000,-1349,3418,127265,-4876,3978,122836,104,19229,389,0,48493,0.0009999999999976694
59186000,-5228,15191,128445,-8594,9478,122319,140,19225,426,1,48494,0.0010000000000047748
59187000,-8400,4309,127212,-12503,2378,132595,140,19228,573,1,48495,0.0009999999999976694
59188000,-2321,4008,127453,-4856,-997,117249,112,19224,459,1,48496,0.0009999999999976694
59189001,-397,5852,126686,1891,4159,125836,97,19226,397,0,48497,0.00100100000000225
59190000,325,-6558,125467,-4680,-9359,128142,110,19230,451,0,48498,0.0009990000000001942
59191000,-1755,472,124045,-1500,-4677,123076,106,19230,451,0,48499,0.0009999999999976694
59192002,-767,7724,124705,-3224,6464,129854,115,19230,434,0,48500,0.0010019999999997253
59193000,-3036,16900,127435,-3051,17986,112686,115,19219,471,1,48501,0.000998000000002719
59194000,-55,12824,127533,-5586,7372,128059,136,19231,557,1,48502,0.0009999999999976694
59195000,5341,2787,122510,6137,191,128660,99,19225,405,1,48503,0.0010000000000047748
59196000,7382,5011,122886,5577,437,121049,109,19228,446,0,48504,0.0009999999999976694
59197002,12948,3260,124956,1955,-962,123888,97,19228,397,0,48505,0.0010019999999997253
59198002,5636,2822,124745,15492,-344,125433,111,19226,397,0,48506,0.0009999999999976694
59199000,6845,-11023,126511,-2049,-13980,146090,141,19225,455,1,48507,0.000998000000002719
59200000,1954,8977,127955,-1735,6917,111057,141,19228,577,1,48508,0.0009999999999976694
59201000,5377,14786,128058,7881,11104,122890,114,19229,467,1,48509,0.0010000000000047748
59202000,8266,-440,124870,7047,-3915,127590,96,19227,393,1,48510,0.0009999999999976694
59203000,10221,942,127001,154,-2147,122163,145,19227,594,0,48511,0.0009999999999976694
59204000,10680,-7952,125712,13245,-11574,136772,102,19231,594,0,48512,0.0010000000000047748
59205000,3743,-1547,128858,11166,-4621,118189,107,19231,418,0,48513,0.0009999999999976694
59206000,3769,1459,132285,-9334,-2470,135375,107,19220,438,1,48514,0.0009999999999976694
59207001,-957,22109,130888,-261,16379,114340,120,19228,491,1,48515,0.00100100000000225
59208000,1630,8471,128966,7291,5047,136264,107,19228,438,1,48516,0.0009990000000001942
59209000,7125,-351,129198,-1669,-4160,120121,112,19228,459,0,48517,0.0009999999999976694
59210000,8083,-7841,127770,5519,-10875,136196,88,19217,459,0,48518,0.0010000000000047748
59211000,10320,-11757,130800,15484,-14516,130863,105,19232,360,0,48519,0.0009999999999976694
59212000,3530,6330,131053,-9072,13594,120282,105,19224,430,0,48520,0.0009999999999976694
59213000,-3790,10126,134542,-11636,2096,135186,128,19223,524,1,48521,0.0009999999999976694
59214000,-9374,5069,129262,4982,-2144,120672,113,19230,463,1,48522,0.0010000000000047748
59215000,-2035,-9560,128955,-20684,-13388,140594,97,19227,397,1,48523,0.0009999999999976694
59216000,-718,-1725,130090,5377,-4403,127619,143,19227,397,0,48524,0.0009999999999976694
59217000,6922,5912,127651,-3405,5700,124475,107,19232,586,0,48525,0.0010000000000047748
59218002,-3401,236,132576,-9934,-2873,134793,107,19230,438,0,48526,0.0010019999999997253
59219000,-5581,-8166,128428,-9664,-6294,130121,114,19224,467,1,48527,0.0009979999999956135
59220000,-11172,5302,130815,-15112,8100,132680,132,19231,541,1,48528,0.0010000000000047748
59221000,-13956,10158,130671,-8625,10463,122419,111,19231,455,1,48529,0.0009999999999976694
59222000,-4387,7974,130258,-3503,3249,129636,105,19231,455,1,48530,0.0009999999999976694
59223001,-3589,-7469,125400,-10420,-17301,129881,133,19219,430,0,48531,0.00100100000000225
59224000,-3083,-5129,125443,-10027,-6438,125292,133,19231,545,0,48532,0.0009990000000001942
59225000,-687,1323,128929,-4851,175,129156,104,19229,426,0,48533,0.0009999999999976694
59226000,-6093,10759,127671,-558,11228,119153,125,19217,512,1,48534,0.0010000000000047748
59227000,-7551,9575,129022,-18932,1431,131659,119,19222,487,1,48535,0.0009999999999976694
59228000,-9064,739,126275,-7541,-2704,124173,104,19222,487,1,48536,0.0009999999999976694
59229000,1329,2490,124348,4292,-1495,127168,134,19231,426,0,48537,0.0010000000000047748
59230000,1854,-3458,125685,-7140,-4853,127031,134,19229,549,0,48538,0.0009999999999976694
59231000,-684,7523,125229,6088,3695,120220,112,19227,459,0,48539,0.0009999999999976694
59232000,-1131,675,124984,-11667,-4293,131160,113,19224,463,0,48540,0.0010000000000047748
59233000,-3385,7695,126069,-8796,8373,118609,157,19227,643,1,48541,0.0009999999999976694
59234000,531,13793,126902,13595,14043,124153,111,19227,643,1,48542,0.0009999999999976694
59235000,2805,1340,122665,-4660,-4852,120447,98,19231,455,1,48543,0.0010000000000047748
59236000,8594,-2727,124129,-3023,-10346,130471,98,19226,401,0,48544,0.0009999999999976694
59237002,10102,-2667,123791,14983,-6831,125678,92,19230,377,0,48545,0.0010019999999997253
59238000,6918,1388,126447,5054,-1251,121066,110,19228,451,0,48546,0.000998000000002719
59239000,4028,-746,127797,-1586,-389,133330,121,19222,496,1,48547,0.0009999999999976694
59240000,-12,8572,125670,1067,7348,121436,109,19222,446,1,48548,0.0009999999999976694
59241000,8895,11818,126290,3827,7144,128154,98,19229,446,1,48549,0.0010000000000047748
59242000,9430,4680,125201,14631,3215,118999,126,19233,401,0,48550,0.0009999999999976694
59243000,11555,-6837,124721,3609,-10942,126113,126,19224,516,0,48551,0.0009999999999976694
59244000,9494,-11912,127282,6866,-16434,134283,98,19228,401,0,48552,0.0010000000000047748
59245001,4840,-1569,128235,7590,-3871,129121,103,19233,422,0,48553,0.0010009999999951447
59246000,1752,10787,130210,-3161,8406,126362,138,19233,565,1,48554,0.0009990000000001942
59247000,-1911,12237,131669,-3311,8431,122396,112,19228,565,1,48555,0.0010000000000047748
59248000,7002,-6491,127857,5372,-11237,137442,102,19232,459,1,48556,0.0009999999999976694
59249000,6233,1394,128279,3728,-1561,125079,102,19225,418,0,48557,0.0009999999999976694
59250000,9292,-2734,129594,4672,-5402,124321,128,19236,524,0,48558,0.0010000000000047748
59251000,5849,-3034,129798,10073,-6404,133433,104,19229,426,0,48559,0.0009999999999976694
59252000,-2726,-3345,131812,-12821,-6693,126180,111,19229,455,1,48560,0.0009999999999976694
59253000,-2738,2115,133615,-10382,-1912,129279,119,19222,455,1,48561,0.0010000000000047748
59254000,-9266,8148,129075,4031,5154,123964,100,19230,487,1,48562,0.0009999999999976694
59255000,-482,1097,128664,-14072,-3306,134068,100,19229,410,1,48563,0.0009999999999976694
59256000,1829,-5410,128591,-10679,-9739,127084,118,19224,483,0,48564,0.0010000000000047748
59257000,4323,-4977,129746,11536,-8023,134502,99,19228,405,0,48565,0.0009999999999976694
59258000,-5087,16831,131766,-7191,6752,118184,106,19229,434,0,48566,0.0009999999999976694
59259001,-8734,3505,130025,-23637,-5442,136110,139,19229,434,1,48567,0.00100100000000225
59260000,-7614,-4350,131288,-5039,1579,135088,113,19225,569,1,48568,0.0009990000000001942
59261000,-9137,14708,129461,-5542,6461,115349,113,19231,463,1,48569,0.0009999999999976694
59262000,-2569,9946,128430,-11695,2987,128985,99,19229,405,0,48570,0.0010000000000047748
59263001,-3519,-4679,128296,-6728,-11487,125939,165,19231,676,0,48571,0.0010009999999951447
59264000,-227,-4491,126883,868,-4163,131874,105,19230,430,0,48572,0.0009990000000001942
59265000,-4029,1949,128315,-14433,2800,125272,107,19230,430,0,48573,0.0010000000000047748
59266002,-8505,6862,126808,-12534,11409,118646,127,19223,438,1,48574,0.0010019999999997253
59267001,-4277,12315,128812,-9522,4372,131122,127,19229,520,1,48575,0.0009990000000001942
59268002,-2390,206,123946,-1691,-2902,126348,107,19234,438,1,48576,0.0010009999999951447
59269000,-628,-138,126881,-2354,-4964,124850,114,19225,467,0,48577,0.000998000000002719
59270000,-202,14704,125554,-5195,803,114138,94,19232,385,0,48578,0.0009999999999976694
59271000,3068,1799,125131,3269,-6801,134611,107,19232,385,0,48579,0.0010000000000047748
59272000,-285,-3904,127643,-1517,-3370,131613,131,19226,438,1,48580,0.0009999999999976694
59273000,-4107,11408,125206,-10602,12881,114226,131,19221,537,1,48581,0.0009999999999976694
59274000,-1476,16628,127204,2090,11613,127839,111,19231,455,1,48582,0.0009999999999976694
59275000,8066,2850,123634,7358,-4648,123825,94,19232,385,0,48583,0.0010000000000047748
59276000,8745,-3554,122389,6353,-7222,128212,123,19234,504,0,48584,0.0009999999999976694
59277000,7974,-5159,124273,3133,-2316,122932,112,19234,504,0,48585,0.0009999999999976694
59278000,7506,-105,125980,6093,-5994,124490,114,19224,459,0,48586,0.0010000000000047748
59279001,4342,3882,128380,7625,-4020,128912,114,19225,467,1,48587,0.0010009999999951447
59280000,1961,9678,127967,-4887,7721,124034,129,19231,528,1,48588,0.0009990000000001942
59281000,6871,7324,127675,3940,10860,127676,104,19233,426,1,48589,0.0010000000000047748
59282000,11403,2915,125196,14759,-3455,117720,104,19221,426,0,48590,0.0009999999999976694
59283000,10085,-5349,125198,3137,-12039,134529,97,19221,397,0,48591,0.0009999999999976694
59284000,6664,-10375,127649,10711,-12588,132145,104,19229,397,0,48592,0.0010000000000047748
59285000,4299,5656,129581,-1139,3487,121007,120,19230,426,1,48593,0.0009999999999976694
59286000,1734,14334,132137,-654,12758,130864,120,19224,491,1,48594,0.0009999999999976694
59287000,-621,3662,129158,4344,-177,125848,108,19229,442,1,48595,0.0010000000000047748
59288000,6202,56,127517,871,-5235,125946,97,19230,397,1,48596,0.0009999999999976694
59289000,10555,-4466,127554,1723,-8750,128322,140,19230,573,0,48597,0.0009999999999976694
59290000,9370,-3078,130785,16765,-3892,126151,112,19232,573,0,48598,0.0010000000000047748
59291000,5081,-7372,129448,631,-12515,135103,110,19227,459,0,48599,0.0009999999999976694
59292000,-682,1500,131797,-17855,467,125290,110,19229,451,1,48600,0.0009999999999976694
59293000,-6581,9806,135289,-4995,7288,133909,144,19228,590,1,48601,0.0010000000000047748
59294000,-4815,-327,128056,6982,-3102,126011,104,19231,426,1,48602,0.0009999999999976694
59295000,-1721,-3420,129411,-15778,-7468,126137,101,19231,414,0,48603,0.0009999999999976694
59296000,1022,-4964,128131,-6816,-9449,134951,114,19221,414,0,48604,0.0010000000000047748
59297000,-28,5663,128649,4754,3578,121484,116,19229,467,0,48605,0.0009999999999976694
59298000,-2269,10104,132827,-10360,6893,132586,116,19230,475,0,48606,0.0009999999999976694
59299008,-9028,-1161,129975,-15615,-4747,129511,124,19223,508,1,48607,0.001008000000005893
59300001,-5096,8133,132063,-8074,5913,128524,115,19229,471,1,48608,0.0009929999999940264
59301000,-7042,10370,129770,-8057,7364,123141,101,19228,414,1,48609,0.0009990000000001942
59302000,619,-886,127351,-7064,-4526,129779,132,19228,414,0,48610,0.0010000000000047748
59303000,-3821,-487,125911,-6352,-3538,124545,99,19222,541,0,48611,0.0009999999999976694
59304000,-2656,290,126363,-8135,-3695,125831,99,19233,405,0,48612,0.0009999999999976694
59305000,-2171,11454,130635,-11787,9691,121536,100,19228,410,1,48613,0.0010000000000047748
59306000,-8615,7200,127753,-1180,6737,129796,145,19228,594,1,48614,0.0009999999999976694
59307000,-6986,-406,126602,-11359,1965,128328,113,19229,463,1,48615,0.0009999999999976694
59308000,-2378,6173,127335,-13098,3268,122574,104,19229,463,1,48616,0.0010000000000047748
59309000,4244,-2785,124497,3675,-2926,128392,99,19228,426,0,48617,0.0009999999999976694
59310000,1632,2040,127941,-4026,-9970,123768,99,19232,405,0,48618,0.0009999999999976694
59311000,-663,-1677,123813,-7495,-3265,130416,107,19228,438,0,48619,0.0010000000000047748
59312000,-1988,12669,127859,-2193,12718,121833,115,19220,471,1,48620,0.0009999999999976694
59313000,-5954,9712,125838,-2296,6229,125393,123,19230,504,1,48621,0.0009999999999976694
59314000,2577,11629,126252,-2067,6892,121537,98,19230,504,1,48622,0.0010000000000047748
59315000,5753,5333,121711,8993,-2341,126790,118,19227,401,0,48623,0.0009999999999976694
59316000,7733,-3523,121283,11260,-2706,131966,118,19229,483,0,48624,0.0009999999999976694
59317002,12496,-1381,125307,1551,-7262,115748,102,19227,418,0,48625,0.0010019999999997253
59318000,4095,865,126229,6372,-164,126879,112,19230,459,0,48626,0.000998000000002719
59319000,4389,8816,130628,-3672,5630,128339,148,19230,606,1,48627,0.0009999999999976694
59320000,2157,401,126940,3297,-1413,125445,113,19230,606,1,48628,0.0010000000000047748
59321000,8614,7140,127012,10870,5374,128220,98,19230,463,1,48629,0.0009999999999976694
59322001,7846,378,125179,-572,612,121480,98,19226,401,0,48630,0.00100100000000225
59323000,14441,2055,127819,12494,-4556,131898,128,19236,524,0,48631,0.0009990000000001942
59324000,7656,-9325,126279,15956,-11406,131770,102,19229,418,0,48632,0.0009999999999976694
59325000,517,4085,129362,-10022,3726,127879,110,19222,451,1,48633,0.0009999999999976694
59326000,795,8993,132920,-3280,5282,123712,111,19222,451,1,48634,0.0010000000000047748
59327000,1872,12969,130558,11892,8716,124920,106,19228,455,1,48635,0.0009999999999976694
59328000,6048,423,129762,2960,-2778,139002,106,19231,434,1,48636,0.0009999999999976694
59329000,7335,-14815,125654,-8447,-18585,122031,117,19219,479,0,48637,0.0010000000000047748
59330000,10824,-6158,130837,20738,-9760,132198,92,19233,377,0,48638,0.0009999999999976694
59331000,389,-4141,128094,3162,-5488,130566,104,19226,426,0,48639,0.0009999999999976694
59332000,833,5719,132530,-31387,5758,125943,134,19226,549,1,48640,0.0010000000000047748
59333000,-8392,13805,132129,6946,12718,130579,114,19222,549,1,48641,0.0009999999999976694
59334000,-5668,1695,127444,-1121,-3487,127393,95,19228,467,1,48642,0.0009999999999976694
59335000,1005,-5563,130822,-18999,-9090,129537,95,19228,389,0,48643,0.0010000000000047748
59336000,-1093,-9483,130040,5019,-14151,136478,130,19233,532,0,48644,0.0009999999999976694
59337000,2647,1683,130622,-619,-197,125726,111,19225,455,0,48645,0.0009999999999976694
59338002,-10068,12161,134596,-18222,8049,124511,116,19225,475,0,48646,0.0010019999999997253
59339000,-6502,-11,128743,-13194,-3053,133534,124,19223,475,1,48647,0.000998000000002719
59340000,-9757,9948,128862,2020,7902,126508,107,19226,508,1,48648,0.0009999999999976694
59341000,-5330,7035,129730,-23073,4671,124864,107,19231,438,1,48649,0.0009999999999976694
59342000,-414,1502,129034,-4641,-1923,127332,113,19219,463,0,48650,0.0010000000000047748
59343000,-5681,-3556,124278,3099,-7699,131321,101,19232,414,0,48651,0.0009999999999976694
59344003,483,5011,129658,-13796,2889,122384,106,19232,434,0,48652,0.001003000000004306
59345002,-7054,8437,128236,-7307,5689,129128,130,19228,434,1,48653,0.0009989999999930887
59346000,-3595,7911,127968,-9076,2652,124632,117,19223,532,1,48654,0.000998000000002719
59347000,-6916,10275,130132,-11400,7315,126475,117,19229,479,1,48655,0.0009999999999976694
59348000,-316,7778,127098,-3302,5009,122405,100,19230,410,0,48656,0.0010000000000047748
59349000,432,-3692,122387,1950,-6943,133907,137,19231,561,0,48657,0.0009999999999976694
59350000,257,-11482,123355,-6056,-15423,125351,107,19231,438,0,48658,0.0009999999999976694
59351001,3012,6706,127024,-5123,6278,120928,110,19231,438,0,48659,0.00100100000000225
59352000,-2448,20545,126472,6747,1459,124487,146,19228,451,1,48660,0.0009990000000001942
59353000,-1265,5606,124939,-12897,1316,127733,146,19233,598,1,48661,0.0009999999999976694
59354000,2335,2306,125108,252,3227,125062,106,19231,434,1,48662,0.0010000000000047748
59355000,8724,11609,123260,12188,4828,117026,103,19222,422,0,48663,0.0009999999999976694
59356000,9587,4427,124876,92,-13021,130343,82,19230,336,0,48664,0.0009999999999976694
59357000,7429,-13210,125111,9838,-15451,128602,110,19230,336,0,48665,0.0010000000000047748
59358000,6308,2082,127923,4328,3912,123853,126,19226,451,1,48666,0.0009999999999976694
59359000,640,10100,127643,-3936,15678,122529,126,19222,516,1,48667,0.0009999999999976694
59360000,3901,8369,126340,9487,4276,124843,116,19226,475,1,48668,0.0010000000000047748
59361000,6160,720,123818,2475,-4339,129068,98,19227,401,1,48669,0.0009999999999976694
59362000,11631,3113,126331,3608,-1148,121780,134,19231,549,0,48670,0.0009999999999976694
59363000,11510,-10122,128648,19962,-12738,131263,101,19231,549,0,48671,0.0010000000000047748
59364000,5965,-5647,127797,-1789,-10670,130638,103,19231,414,0,48672,0.0009999999999976694
59365000,5966,746,131469,-7887,-6460,139179,103,19224,422,1,48673,0.0009999999999976694
59366000,-2703,6576,128902,12101,8289,122604,134,19227,549,1,48674,0.0010000000000047748
59367000,703,24537,129794,-3142,17580,115416,110,19230,451,1,48675,0.0009999999999976694
59368001,5930,-5434,127486,-6259,-8388,143514,104,19224,426,0,48676,0.00100100000000225
59369000,12062,-23460,123153,18809,-16489,125558,117,19224,426,0,48677,0.0009990000000001942
59370000,8463,3521,130221,9308,-1832,131981,105,19231,479,0,48678,0.0009999999999976694
59371000,-1088,3492,128717,-17858,4639,118175,105,19229,430,0,48679,0.0009999999999976694
59372001,2640,8242,135473,-6918,3471,131072,116,19219,475,1,48680,0.00100100000000225
59373000,-7133,-9273,131600,8112,-13032,142528,109,19230,446,1,48681,0.0009990000000001942
59374002,-5443,790,129710,-14891,-2976,118301,100,19231,410,1,48682,0.0010019999999997253
59375000,-1473,3174,132258,-17742,3892,131826,125,19231,512,0,48683,0.000998000000002719
59376000,1550,-3298,128990,13659,-8528,125801,100,19227,512,0,48684,0.0009999999999976694
59377000,-1023,-3748,129703,-1527,-8074,133866,110,19226,410,0,48685,0.0009999999999976694
59378000,-9450,-885,130279,-25243,254,128479,110,19228,451,1,48686,0.0010000000000047748
59379000,-7824,12534,132040,-7418,8588,124048,152,19230,623,1,48687,0.0009999999999976694
59380000,-9562,4133,128493,-5676,1433,136656,113,19232,463,1,48688,0.0009999999999976694
59381000,-1521,6231,129243,-11109,4066,121273,99,19232,405,1,48689,0.0010000000000047748
59382000,-4281,-2926,126747,-6446,-6954,132004,156,19227,405,0,48690,0.0009999999999976694
59383000,140,-3835,125766,-3342,-6736,126066,104,19234,639,0,48691,0.0009999999999976694
59384000,-1876,7173,128399,-6821,3550,125797,104,19231,426,0,48692,0.0010000000000047748
59385000,-5170,3912,128029,-11809,494,127597,112,19220,459,1,48693,0.0009999999999976694
59386000,-8326,9011,127245,-6459,5229,122904,113,19228,463,1,48694,0.0009999999999976694
59387000,-8466,11994,127963,-21366,10212,129498,104,19228,426,1,48695,0.0010000000000047748
59388000,2275,7986,124746,4683,3931,116909,121,19230,426,0,48696,0.0009999999999976694
59389000,-1463,-7653,124849,4386,-10291,130300,101,19231,496,0,48697,0.0009999999999976694
59390000,3340,-3445,122486,-14075,-7236,124505,101,19226,414,0,48698,0.0010000000000047748
59391000,-659,7318,127606,1186,5347,122748,110,19226,451,0,48699,0.0009999999999976694
59392000,-1862,6425,126363,6662,3000,132684,137,19225,561,1,48700,0.0009999999999976694
59393000,-2812,13758,127324,-12259,10867,116504,111,19233,455,1,48701,0.0010000000000047748
59394000,6175,3301,125783,651,1349,127709,94,19233,455,1,48702,0.0009999999999976694
59395000,9570,8105,122837,13907,4380,116940,107,19231,385,0,48703,0.0009999999999976694
59396000,8623,2155,124690,1892,1043,128987,107,19230,438,0,48704,0.0010000000000047748
59397000,6962,-5474,124128,6755,-9553,125580,115,19225,471,0,48705,0.0009999999999976694
59398000,3239,-3854,128371,8514,-5265,132870,116,19221,475,1,48706,0.0009999999999976694
59399000,597,16767,132572,-7345,11159,114346,118,19230,483,1,48707,0.0009999999999976694
59400001,6166,9502,124172,4106,2954,129828,99,19230,483,1,48708,0.00100100000000225
59401000,6135,-3154,126279,9699,-6354,130075,110,19234,405,1,48709,0.0009990000000001942
59402002,13398,3742,125527,1155,-792,118502,110,19223,451,0,48710,0.0010019999999997253
59403001,11090,-15259,124584,16445,-15883,139138,90,19228,369,0,48711,0.0009990000000001942
59404002,4894,-3703,131141,-4655,-5108,123626,104,19226,426,0,48712,0.00100100000000225
59405000,3909,9705,130557,-3732,-4536,128724,126,19225,516,1,48713,0.0009979999999956135
59406000,-1208,15199,130550,7485,12308,127976,111,19225,516,1,48714,0.0010000000000047748
59407000,-582,6466,129834,-5604,-1973,127307,98,19230,455,1,48715,0.0009999999999976694
59408001,9011,-6628,125564,691,-12276,127845,98,19231,401,0,48716,0.00100100000000225
59409000,10696,-7322,128380,18698,-10637,129697,155,19234,635,0,48717,0.0009990000000001942
59410000,5522,-7140,129537,8841,-10426,140093,106,19226,434,0,48718,0.0009999999999976694
59411003,545,3175,131373,-25748,1519,115374,107,19222,438,0,48719,0.0010029999999972006
59412000,-4340,15666,134858,-329,10120,128420,131,19222,438,1,48720,0.0009970000000052437
59413000,-6465,2693,131805,5554,-3529,133499,104,19228,537,1,48721,0.0009999999999976694
59414003,-4937,-2635,127943,-17497,-11638,125658,104,19236,426,1,48722,0.0010029999999972006
59415000,1307,-11195,128801,-8763,-9653,135051,106,19223,434,0,48723,0.0009970000000052437
59416000,4828,9616,131226,6791,9790,116430,95,19231,389,0,48724,0.0009999999999976694
59417000,-2235,1182,130827,-6880,-5487,134240,116,19227,475,0,48725,0.0009999999999976694
59418000,-7311,8,130328,-22506,-3204,133260,134,19227,475,1,48726,0.0010000000000047748
59419000,-12670,850,129881,-9434,159,132587,117,19222,549,1,48727,0.0009999999999976694
59420000,-7242,16443,130932,-6036,15661,118886,117,19228,479,1,48728,0.0009999999999976694
59421000,-2881,7693,128821,-8263,721,127261,101,19231,414,1,48729,0.0010000000000047748
59422000,-1275,-7594,126914,-5683,-10329,140526,141,19225,577,0,48730,0.0009999999999976694
59423000,-672,-1293,124256,-9046,1331,121096,103,19231,422,0,48731,0.0009999999999976694
59424000,-1038,12919,129151,-4664,11234,122393,105,19231,430,0,48732,0.0010000000000047748
59425000,-5464,7768,126491,-4781,3520,128640,138,19229,430,1,48733,0.0009999999999976694
59426000,-6909,2063,125926,-17338,-1452,127544,112,19226,565,1,48734,0.0009999999999976694
59427000,-1358,6547,128028,-5953,5964,128973,112,19233,459,1,48735,0.0010000000000047748
59428000,1488,7780,126035,5867,3561,117751,107,19227,438,0,48736,0.0009999999999976694
59429000,2978,-4472,125082,-2321,-6083,131271,94,19231,385,0,48737,0.0009999999999976694
59430000,-284,-1176,125333,-6005,-3715,126301,110,19231,451,0,48738,0.0010000000000047748
59431000,-2379,11606,126103,-1970,9399,124698,122,19231,451,0,48739,0.0009999999999976694
59432001,-3414,17686,126683,-2334,16605,121347,112,19216,500,1,48740,0.00100100000000225
59433000,-1583,5372,124131,-6589,606,123876,112,19227,459,1,48741,0.0009990000000001942
59434000,9118,-2660,124687,5566,-5112,133433,98,19229,401,1,48742,0.0009999999999976694
59435000,8484,4092,122068,6544,526,114809,126,19230,516,0,48743,0.0009999999999976694
59436000,12426,-915,126160,5451,-5942,127586,106,19232,434,0,48744,0.0010000000000047748
59437000,3603,-5586,124870,10105,-9437,129602,113,19232,434,0,48745,0.0009999999999976694
59438000,2512,306,127069,-3427,-2310,126086,151,19224,463,1,48746,0.0009999999999976694
59439000,1153,14608,129045,-4424,11642,123649,151,19228,618,1,48747,0.0010000000000047748
59440000,7706,15525,127360,11855,12360,117214,111,19231,455,1,48748,0.0009999999999976694
59441000,9771,-450,126140,6916,-3424,126973,99,19228,405,0,48749,0.0009999999999976694
59442000,8822,-1522,127667,-1814,-5330,128953,122,19230,500,0,48750,0.0010000000000047748
59443000,8977,-10702,126811,17486,-14763,134435,103,19230,500,0,48751,0.0009999999999976694
59444001,1387,4104,130505,1986,1062,121555,112,19230,422,0,48752,0.00100100000000225
59445000,1241,-2879,130723,-13779,609,136511,112,19222,459,1,48753,0.0009990000000001942
59446000,2571,20026,131910,18458,11342,116228,107,19233,438,1,48754,0.0009999999999976694
59447000,3031,6599,126783,-5161,-12947,135266,102,19231,418,1,48755,0.0009999999999976694
59448001,8558,-15272,128224,10976,-15513,131910,124,19218,508,0,48756,0.00100100000000225
59449001,5451,123,130407,16062,-1717,121523,97,19218,508,0,48757,0.0009999999999976694
59450002,7792,-3006,128225,-8269,-15181,139004,102,19228,397,0,48758,0.00100100000000225
59451001,-1889,6821,134255,-10007,6035,122843,102,19228,418,1,48759,0.0009990000000001942
59452000,-1343,5176,132229,-29,1485,132606,139,19225,569,1,48760,0.0009990000000001942
59453000,-8310,6771,130295,-3871,3856,123665,113,19231,463,1,48761,0.0009999999999976694
59454000,80,-7041,129069,-16096,-15094,135522,99,19226,405,1,48762,0.0010000000000047748
59455000,523,-12744,126697,2481,-10243,134699,127,19226,405,0,48763,0.0009999999999976694
59456002,3116,8237,130114,-5728,5724,117249,108,19230,520,0,48764,0.0010019999999997253
59457000,-6232,3986,133740,-12841,266,132899,108,19229,442,0,48765,0.000998000000002719
59458000,-6640,-811,129237,-13527,-5496,131943,115,19225,471,1,48766,0.0009999999999976694
59459000,-7405,1704,131458,-13255,-4184,136218,121,19229,496,1,48767,0.0009999999999976694
59460000,-8980,8119,129628,-4886,10185,122803,109,19231,446,1,48768,0.0010000000000047748
59461000,-3511,12936,129910,-8009,3324,121338,117,19231,446,0,48769,0.0009999999999976694
59462000,-4254,-10436,125750,-10356,-12673,139400,94,19217,479,0,48770,0.0009999999999976694
59463000,-1530,-8486,126003,-2102,-8828,125572,94,19224,385,0,48771,0.0009999999999976694
59464000,-2867,4123,126739,-8675,5673,124569,100,19228,410,0,48772,0.0010000000000047748
59465000,-5582,22870,130408,-10143,20148,117538,132,19224,541,1,48773,0.0009999999999976694
59466000,-8772,-1684,124808,-5948,-6682,131327,118,19228,483,1,48774,0.0009999999999976694
59467000,-2311,934,125662,-14586,1334,130166,104,19228,426,1,48775,0.0010000000000047748
59468000,2245,3585,124687,3648,-1752,120356,134,19229,426,0,48776,0.0009999999999976694
59469000,2966,5986,124388,9208,11045,123124,107,19232,549,0,48777,0.0009999999999976694
59470000,4343,-2787,126283,-12802,-9337,129204,107,19225,438,0,48778,0.0010000000000047748
59471000,-1531,-3641,125849,-1569,-4572,131282,109,19219,446,1,48779,0.0009999999999976694
59472000,-1343,21384,127914,803,18920,118662,144,19227,590,1,48780,0.0009999999999976694
59473001,-2556,8872,124871,-3723,5670,122458,107,19227,438,1,48781,0.00100100000000225
59474000,4788,11189,124222,1389,10180,122347,106,19231,438,0,48782,0.0009990000000001942
59475000,9010,-7207,121071,2083,-12740,129786,88,19224,434,0,48783,0.0009999999999976694
59476000,8465,-835,125387,15731,-1900,122188,88,19227,360,0,48784,0.0010000000000047748
59477000,6060,-2978,125654,1637,-7153,122621,112,19227,459,0,48785,0.0009999999999976694
59478000,3634,-1614,126913,-5216,-3382,128459,130,19224,532,1,48786,0.0009999999999976694
59479000,3771,11774,129938,7681,10015,124714,116,19224,475,1,48787,0.0010000000000047748
59480001,5688,2630,124009,5709,-786,127612,99,19228,475,1,48788,0.0010009999999951447
59481000,8026,4174,123274,433,651,119214,140,19227,405,0,48789,0.0009990000000001942
59482000,10624,-3532,128823,7694,-7470,130137,140,19228,573,0,48790,0.0010000000000047748
59483001,11031,-12097,125090,16188,-16027,134200,102,19233,418,0,48791,0.0010009999999951447
59484000,2527,5121,131425,-2536,868,125414,104,19228,426,1,48792,0.0009990000000001942
59485000,421,9763,130004,-4738,3977,128889,129,19228,528,1,48793,0.0010000000000047748
59486000,137,10825,130153,9152,8311,126851,108,19228,528,1,48794,0.0009999999999976694
59487000,3857,-2149,128415,-2334,-5967,133274,105,19230,442,1,48795,0.0009999999999976694
59488000,12827,-6971,128190,-2243,-11078,126543,105,19218,430,0,48796,0.0010000000000047748
59489000,9931,-606,132322,21328,-3137,130677,109,19230,446,0,48797,0.0009999999999976694
59490000,6516,-11975,129055,4247,-15123,133970,107,19228,438,0,48798,0.0009999999999976694
59491000,-585,5174,132717,-17401,-351,125948,119,19222,487,1,48799,0.0010000000000047748
59492000,-7188,9000,132288,-2699,437,130665,109,19222,487,1,48800,0.0009999999999976694
59493000,-5262,11785,132131,-6768,-1247,124614,98,19231,446,1,48801,0.0009999999999976694
59494000,-2281,-10748,128985,-6767,-16201,140508,98,19229,401,0,48802,0.0010000000000047748
59495000,1076,-5955,129285,-8172,-5460,125925,130,19229,532,0,48803,0.0009999999999976694
59496002,1077,5154,131373,1645,3593,124980,102,19229,418,0,48804,0.0010019999999997253
59497000,-4378,1018,130491,-15678,1211,132703,109,19224,446,0,48805,0.000998000000002719
59498000,-10220,61,131750,-18093,-5691,128718,147,19224,446,1,48806,0.0009999999999976694
59499000,-8414,4414,129990,-8783,4137,130280,113,19227,602,1,48807,0.0009999999999976694
59500000,-6366,13194,130352,-6352,6888,122636,113,19232,463,1,48808,0.0010000000000047748
59501000,-495,-3117,126276,-6895,-9671,128485,102,19222,418,0,48809,0.0009999999999976694
59502000,-4679,-1504,124662,-8590,-3266,125826,146,19233,598,0,48810,0.0009999999999976694
59503000,-1979,215,126070,-5286,-5357,125967,104,19228,426,0,48811,0.0010000000000047748
59504000,-4557,5944,127199,-4875,2876,126351,114,19228,426,1,48812,0.0009999999999976694
59505000,-9194,15678,128709,-12413,7294,120218,106,19220,467,1,48813,0.0009999999999976694
59506000,-5034,4242,127194,-9103,-590,127507,106,19229,434,1,48814,0.0010000000000047748
59507000,-843,7670,128788,-4199,5845,125491,104,19230,426,1,48815,0.0009999999999976694
59508000,2469,-4933,123331,145,-11692,126175,125,19228,512,0,48816,0.0009999999999976694
59509000,2097,-3738,123626,-2256,-2913,128922,101,19228,414,0,48817,0.0010000000000047748
59510000,-204,3458,125754,-10280,109,123888,106,19228,414,0,48818,0.0009999999999976694
59511000,-2540,10971,126051,-1078,10815,122434,143,19224,434,1,48819,0.0009999999999976694
59512000,-2586,11080,126602,-6887,2640,127360,143,19224,586,1,48820,0.0010000000000047748
59513000,1822,10093,127222,6811,2634,124648,109,19231,446,1,48821,0.0009999999999976694
59514000,7123,10756,123887,7189,5229,120709,95,19224,389,0,48822,0.0009999999999976694
59515002,8544,-1446,124920,-1914,-4438,125930,108,19230,442,0,48823,0.0010019999999997253
59516002,10004,1920,126646,15616,-2,129890,113,19230,463,0,48824,0.0010000000000047748
59517000,5672,-6797,125034,775,-11298,127611,115,19234,463,0,48825,0.0009979999999956135
59518000,789,6788,129436,-190,6551,120699,116,19220,471,1,48826,0.0010000000000047748
59519000,4309,11261,130486,5512,6266,128652,116,19228,475,1,48827,0.0009999999999976694
59520000,7625,-2613,122515,3336,-3351,126905,99,19232,405,1,48828,0.0009999999999976694
59521000,8950,10219,127881,5950,7436,122136,114,19223,467,0,48829,0.0010000000000047748
59522000,10098,-4182,126818,7183,-11171,126726,92,19223,377,0,48830,0.0009999999999976694
59523001,6838,-9194,127945,13765,-11794,132626,103,19230,377,0,48831,0.00100100000000225
59524000,1331,-1328,130893,-5337,-4241,132258,132,19229,422,1,48832,0.0009989999999930887
59525000,-385,12426,130275,-2759,9920,121764,132,19225,541,1,48833,0.0010000000000047748
59526000,1010,12124,129035,4100,7406,128133,112,19228,459,1,48834,0.0009999999999976694
59527000,4329,-1297,128333,-3258,-4510,125921,99,19227,405,1,48835,0.0009999999999976694
59528000,10246,-7461,128103,6598,-11080,134966,160,19231,655,0,48836,0.0010000000000047748
59529001,8654,-7568,126115,15517,-11024,125421,105,19231,655,0,48837,0.0010009999999951447
59530000,4281,-4080,130898,-4347,-7832,130813,111,19231,430,0,48838,0.0009990000000001942
59531000,1205,13301,133132,-17535,10717,128420,111,19224,455,1,48839,0.0010000000000047748
59532001,-6886,10704,131849,3076,8735,126076,134,19226,549,1,48840,0.0010009999999951447
59533000,-7245,3512,131356,-2685,2476,127139,103,19229,422,1,48841,0.0009990000000001942
59534000,1672,-9301,128126,-17795,-14735,133960,109,19219,446,0,48842,0.0010000000000047748
59535000,-661,-1621,130992,1793,-5203,128381,91,19219,446,0,48843,0.0009999999999976694
59536001,408,6405,131404,-904,1683,124823,112,19229,373,0,48844,0.00100100000000225
59537000,-6491,2728,131445,-13187,-230,133584,112,19230,459,0,48845,0.0009990000000001942
59538000,-9970,625,130249,-12907,-3013,129173,136,19223,557,1,48846,0.0009999999999976694
59539001,-10202,6258,131350,-16072,12551,128036,117,19228,479,1,48847,0.00100100000000225
59540001,-2635,16111,130830,-2342,3909,115777,98,19230,401,1,48848,0.0009999999999976694
59541000,-3573,-2111,125190,-8635,-9089,134395,146,19230,401,0,48849,0.0009990000000001942
59542000,-3758,-8882,127887,-10344,-5385,130031,105,19224,598,0,48850,0.0009999999999976694
59543000,1047,3450,127790,-939,-2064,122408,105,19231,430,0,48851,0.0010000000000047748
59544000,-5259,4938,128560,-8886,717,131529,108,19219,442,1,48852,0.0009999999999976694
59545000,-10486,18406,129864,-10701,6792,118854,133,19227,545,1,48853,0.0009999999999976694
59546001,-6903,3351,126950,-11598,3260,131134,111,19232,455,1,48854,0.00100100000000225
59547000,-485,3792,127571,3902,49,123652,106,19232,455,0,48855,0.0009990000000001942
59548000,-343,-471,123299,-885,-4976,125726,84,19224,434,0,48856,0.0009999999999976694
59549000,-42,1110,122380,-8844,3408,124946,84,19231,344,0,48857,0.0010000000000047748
59550000,1189,6998,125589,-6233,3013,123540,113,19225,463,0,48858,0.0009999999999976694
59551000,-479,2092,126674,11434,2623,130645,126,19220,516,1,48859,0.0009999999999976694
59552000,-2780,12563,125594,-10119,6539,116857,112,19230,459,1,48860,0.0010000000000047748
59553002,3221,9154,125815,-9356,224,127220,95,19230,389,1,48861,0.0010019999999997253
59554000,9638,4588,123936,18301,-922,124781,131,19230,389,0,48862,0.0009979999999956135
59555000,8926,-1171,122949,8438,-7049,123716,131,19233,537,0,48863,0.0010000000000047748
59556000,8452,-6381,125768,-1647,-8491,129525,107,19225,438,0,48864,0.0009999999999976694
59557001,2943,127,126984,10024,-4370,125140,113,19226,463,1,48865,0.00100100000000225
59558001,2366,13281,127151,591,13040,128553,143,19229,586,1,48866,0.0009999999999976694
59559000,4986,15151,128209,-5851,11836,119530,112,19229,459,1,48867,0.0009990000000001942
59560000,7787,5406,124859,21052,3834,122994,99,19232,459,1,48868,0.0009999999999976694
59561000,14644,-72,124906,-3375,-4339,126651,122,19225,405,0,48869,0.0010000000000047748
59562000,11342,-8505,127445,11650,-12545,130463,122,19232,500,0,48870,0.0009999999999976694
59563000,9525,-4605,128111,19933,-2330,133849,104,19229,426,0,48871,0.0009999999999976694
59564000,2469,2291,130800,-16074,-1706,124076,114,19219,467,1,48872,0.0010000000000047748
59565000,-1422,9111,133326,2761,3450,131549,112,19219,459,1,48873,0.0009999999999976694
59566000,2102,8712,128182,7933,5823,127142,101,19228,459,1,48874,0.0009999999999976694
59567003,5334,790,128606,-5724,-2559,126708,126,19230,414,0,48875,0.001003000000004306
59568000,12299,-2683,127794,6308,-4560,129504,126,19223,516,0,48876,0.0009969999999981383
59569000,7938,1074,128553,19856,-4582,126021,107,19228,438,0,48877,0.0009999999999976694
59570000,375,-8770,131037,-8552,-9930,135873,111,19226,455,0,48878,0.0010000000000047748
59571000,2057,11680,135295,-20831,9182,123250,147,19226,602,1,48879,0.0009999999999976694
59572000,-9142,2918,130880,10152,-1689,136394,113,19226,602,1,48880,0.0009999999999976694
59573000,-4168,4565,131079,-5967,2050,122315,98,19228,463,1,48881,0.0010000000000047748
59574000,731,-9103,128405,-23697,-12653,132413,98,19225,401,0,48882,0.0009999999999976694
59575000,2594,1236,128078,13146,-3229,130341,117,19234,479,0,48883,0.0009999999999976694
59576000,-711,5405,129966,468,1198,120110,106,19227,434,0,48884,0.0010000000000047748
59577014,-5756,-2144,132133,-22495,-5085,137233,116,19222,475,1,48885,0.00101399999999785
59578000,-10793,8013,130925,-9529,5169,124777,114,19222,475,1,48886,0.0009859999999974889
59579000,-9558,1207,128800,-6777,-3276,133191,105,19228,467,1,48887,0.0010000000000047748
59580000,-1733,14656,129852,-12335,10412,124782,105,19233,430,1,48888,0.0009999999999976694
59581000,-3232,-7155,125149,-7696,-9799,128796,117,19213,479,0,48889,0.0009999999999976694
59582000,375,-2219,127739,-3635,-8648,121093,92,19228,377,0,48890,0.0010000000000047748
59583000,-2641,6704,128499,-8013,5108,128588,104,19225,426,0,48891,0.0009999999999976694
59584000,-7442,-1476,125420,-7634,-8052,125923,135,19225,426,1,48892,0.0009999999999976694
59585000,-4992,14136,130046,-12012,13332,125421,116,19223,553,1,48893,0.0010000000000047748
59586000,-8020,-6729,125437,-7380,-5902,136656,116,19231,475,1,48894,0.0009999999999976694
59587000,-2545,18003,126361,-1993,10291,107716,101,19229,414,0,48895,0.0009999999999976694
59588001,-1929,4621,125705,-12150,-5451,132014,112,19232,459,0,48896,0.00100100000000225
59589000,1482,-7320,125242,5141,-8104,130915,108,19227,442,0,48897,0.0009990000000001942
59590000,471,-1885,125982,-2752,-576,125844,111,19227,442,0,48898,0.0009999999999976694
59591000,-4643,12244,127113,-6354,22235,117836,136,19231,455,1,48899,0.0009999999999976694
59592000,309,19213,128877,-3980,3918,120182,136,19231,557,1,48900,0.0010000000000047748
59593000,4475,-5530,121374,4897,-1125,135304,101,19234,414,1,48901,0.0009999999999976694
59594000,9048,-1146,123487,3250,-1836,119274,108,19222,442,0,48902,0.0009999999999976694
59595000,10759,1947,122336,5141,-2756,121861,93,19226,381,0,48903,0.0010000000000047748
59596000,4847,3366,125623,11625,-5250,128482,110,19226,381,0,48904,0.0009999999999976694
59597000,4403,-7312,125745,-1985,-10035,130720,132,19227,451,1,48905,0.0009999999999976694
59598000,1999,3581,129415,-5136,7935,124828,132,19227,541,1,48906,0.0010000000000047748
59599000,3868,19156,129062,15475,7712,121805,113,19230,463,1,48907,0.0009999999999976694
59600000,6648,-3005,123759,7580,-10448,128692,93,19231,381,1,48908,0.0009999999999976694
59601003,9539,-2321,128039,-5923,-4560,128129,149,19234,610,0,48909,0.001003000000004306
59602000,13028,-14262,124502,18607,-13426,134757,101,19234,414,0,48910,0.0009969999999981383
59603000,4369,1113,127339,9727,6705,121814,103,19230,414,0,48911,0.0009999999999976694
59604000,3872,7846,130401,-16074,660,128495,127,19224,422,1,48912,0.0010000000000047748
59605000,2227,1490,125997,4210,-398,132095,127,19228,520,1,48913,0.0009999999999976694
59606000,2536,8366,130078,10201,4085,122982,107,19231,438,1,48914,0.0009999999999976694
59607000,5740,-3886,128683,-7468,-11771,130595,108,19220,442,0,48915,0.0010000000000047748
59608000,8473,-12302,128281,9356,-13669,129238,103,19220,422,0,48916,0.0009999999999976694
59609000,5482,-1371,130651,13104,-7317,134262,104,19229,422,0,48917,0.0009999999999976694
59610001,-792,2769,128423,-21979,8363,128726,119,19231,426,0,48918,0.00100100000000225
59611000,-1213,18972,134406,-4000,15215,116266,119,19224,487,1,48919,0.0009990000000001942
59612002,-5617,-4766,130093,9021,-11995,139526,111,19229,455,1,48920,0.0010019999999997253
59613000,-2845,-4944,129803,-13755,-9564,130269,97,19231,397,1,48921,0.000998000000002719
59614000,-618,-4235,130643,-13642,-7403,128134,140,19231,573,0,48922,0.0009999999999976694
59615000,1922,7464,130329,11786,4024,125646,105,19232,573,0,48923,0.0009999999999976694
59616002,-2869,3410,129423,-7059,471,126771,109,19229,430,0,48924,0.0010019999999997253
59617000,-7583,1106,131412,-22499,-1629,132864,109,19223,446,1,48925,0.000998000000002719
59618000,-6346,7003,130397,-8206,5587,129543,135,19227,553,1,48926,0.0009999999999976694
59619000,-9526,14141,132324,-3812,10941,125480,108,19232,442,1,48927,0.0010000000000047748
59620000,-1003,4576,129610,-11223,2339,126356,105,19223,430,1,48928,0.0009999999999976694
59621000,-5708,-856,126200,-9960,-3320,128319,140,19223,430,0,48929,0.0009999999999976694
59622000,-3382,-4662,127584,-7862,-7935,139473,109,19230,573,0,48930,0.0010000000000047748
59623000,301,12455,125760,-7294,8939,111553,109,19232,446,0,48931,0.0009999999999976694
59624000,-5536,13612,129372,-5570,11022,124945,120,19222,491,1,48932,0.0009999999999976694
59625000,-2225,-154,125408,-10712,-4370,134958,114,19226,467,1,48933,0.0010000000000047748
59626000,-3616,3945,127588,-7655,1006,123122,104,19230,426,1,48934,0.0009999999999976694
59627003,2460,7165,126441,710,5334,125000,130,19230,426,0,48935,0.0010029999999972006
59628002,-805,5164,124841,1101,3262,118051,102,19230,532,0,48936,0.0009990000000001942
59629000,1282,-6120,125072,-5109,-8558,136428,102,19226,418,0,48937,0.000998000000002719
59630001,-1695,8383,126931,-6377,4976,114145,105,19227,430,1,48938,0.00100100000000225
59631000,-2515,18657,127140,-1755,14627,125384,150,19226,614,1,48939,0.0009990000000001942
59632000,-501,11641,127545,255,9188,122445,111,19231,455,1,48940,0.0009999999999976694
59633000,3852,644,121990,3052,-2461,129604,97,19231,455,1,48941,0.0009999999999976694
59634000,11094,-766,123974,-2417,-571,119252,104,19228,397,0,48942,0.0010000000000047748
59635000,9366,7590,126064,16921,-560,118964,104,19226,426,0,48943,0.0009999999999976694
59636000,7302,-7508,126101,8278,-11713,137345,117,19228,479,0,48944,0.0009999999999976694
59637000,3935,-2547,126777,-6114,-1273,120882,121,19216,496,1,48945,0.0010000000000047748
59638000,4534,7217,129178,6859,2589,131804,109,19233,446,1,48946,0.0009999999999976694
59639000,6484,13625,128081,7336,747,113756,101,19233,446,1,48947,0.0009999999999976694
59640001,7256,6990,125804,2154,-1132,128600,122,19233,414,0,48948,0.00100100000000225
59641000,10878,-8778,126449,4707,-16375,135169,122,19225,500,0,48949,0.0009990000000001942
59642002,7426,-6921,125542,20995,-7447,121919,95,19230,389,0,48950,0.0010019999999997253
59643000,4862,-766,129453,-5477,-4472,133759,99,19230,405,0,48951,0.000998000000002719
59644000,1425,8477,130811,-7847,8800,120458,139,19227,569,1,48952,0.0009999999999976694
59645002,1569,12736,130901,17043,8389,139488,111,19227,569,1,48953,0.0010019999999997253
59646000,2300,-2048,126141,-8524,-6854,121360,99,19230,455,1,48954,0.000998000000002719
59647000,8607,-6377,127769,-4249,-8655,125554,99,19221,405,0,48955,0.0009999999999976694
59648000,11139,-9797,131183,29134,-17760,134799,141,19233,577,0,48956,0.0009999999999976694
59649000,2135,-10178,127155,590,-10422,128911,103,19228,422,0,48957,0.0009999999999976694
59650001,1555,7255,134397,-31525,7936,131819,112,19220,459,1,48958,0.00100100000000225
59651000,-9945,7569,132277,10740,3916,123442,122,19220,500,1,48959,0.0009990000000001942
59652000,-5778,4615,128454,15,-1321,131636,103,19232,500,1,48960,0.0009999999999976694
59653000,-3841,-4276,131184,-23472,-10164,132078,113,19232,422,1,48961,0.0010000000000047748
59654000,504,-6847,127954,4354,-7576,129162,113,19220,463,0,48962,0.0009999999999976694
59655000,5140,5054,130972,119,2414,126150,95,19229,389,0,48963,0.0009999999999976694
59656000,-7383,1927,131463,-13779,-2846,129656,110,19227,451,0,48964,0.0010000000000047748
59657001,-3813,7716,131670,-6697,6738,133863,139,19227,569,1,48965,0.0010009999999951447
59658000,-14925,3706,129303,-20176,1309,124959,116,19225,569,1,48966,0.0009990000000001942
59659002,-3389,16010,133741,-13221,10436,124722,99,19232,475,1,48967,0.0010019999999997253
59660002,-3327,2703,126619,398,-784,126653,99,19233,405,0,48968,0.0010000000000047748
59661000,-5496,-8050,125733,-12674,-9044,128964,159,19228,651,0,48969,0.0009979999999956135
59662002,261,1986,128128,-9694,-1352,128312,114,19228,467,0,48970,0.0010019999999997253
59663000,-5317,5747,126820,-1208,2184,125250,112,19224,459,1,48971,0.000998000000002719
59664000,-3093,15215,129915,-10626,14216,122115,131,19224,459,1,48972,0.0009999999999976694
59665000,-10698,6866,127981,-14690,4996,128638,111,19223,537,1,48973,0.0010000000000047748
59666000,3147,476,124174,-4000,-3857,129268,111,19226,455,1,48974,0.0009999999999976694
59667000,1008,1406,125534,3391,-1481,123766,111,19221,455,0,48975,0.0009999999999976694
59668001,4395,824,124431,-3061,-1694,124793,90,19228,369,0,48976,0.00100100000000225
59669000,6011,11142,123982,4256,8277,121961,105,19229,430,0,48977,0.0009990000000001942
59670000,-3898,3281,126104,-2483,52,130520,132,19229,430,1,48978,0.0009999999999976694
59671000,1517,12573,126452,-8067,9521,123441,113,19220,541,1,48979,0.0010000000000047748
59672000,-3857,17832,126536,5164,15473,117859,113,19228,463,1,48980,0.0009999999999976694
59673000,7933,2417,123286,-371,-868,126225,93,19234,381,0,48981,0.0009999999999976694
59674001,7614,3208,125416,135,-82,127997,117,19233,479,0,48982,0.00100100000000225
59675000,8487,-5210,125216,10204,-10764,128903,110,19228,451,0,48983,0.0009990000000001942
59676000,5511,1778,128359,6186,-3328,122507,113,19228,451,0,48984,0.0009999999999976694
59677000,1152,5145,127206,428,2302,126613,133,19228,463,1,48985,0.0010000000000047748
59678001,7615,7356,127154,-1964,4879,125249,133,19229,545,1,48986,0.0010009999999951447
59679000,6657,10092,126810,9254,7966,122841,108,19230,442,1,48987,0.0009990000000001942
59680000,11779,-7039,125265,7092,-1208,125287,102,19223,418,0,48988,0.0010000000000047748
59681001,10167,5554,127759,562,-9884,126645,94,19232,385,0,48989,0.0010009999999951447
59682000,4217,-12994,127039,14862,-21876,141176,102,19232,385,0,48990,0.0009990000000001942
59683000,5286,394,130126,-1098,-3234,125100,119,19224,418,1,48991,0.0010000000000047748
59684000,-2980,19334,131572,-4633,15102,121012,119,19229,487,1,48992,0.0009999999999976694
59685001,2695,18467,132490,4193,10718,123815,114,19228,467,1,48993,0.00100100000000225
59686001,4975,-3578,127604,-1456,-15426,131237,98,19232,401,1,48994,0.0009999999999976694
59687000,10756,-13638,127164,9624,-13068,131278,138,19229,565,0,48995,0.0009990000000001942
59688002,9188,2227,130073,6132,564,122538,101,19229,565,0,48996,0.0010019999999997253
59689000,799,-3926,129984,-7837,-2219,130945,105,19229,414,0,48997,0.000998000000002719
59690000,3890,4531,134808,-7593,-1866,133182,105,19230,430,1,48998,0.0009999999999976694
59691000,-9998,-7261,130277,2093,-8453,133497,156,19231,639,1,48999,0.0009999999999976694
59692001,-7401,6539,132179,-17266,14596,119252,108,19235,442,1,49000,0.00100100000000225
59693000,2562,5944,131214,-9715,-10085,132742,99,19226,405,0,49001,0.0009990000000001942
59694001,808,-14327,126733,11066,-14656,134414,122,19226,500,0,49002,0.00100100000000225
59695000,-388,4605,132527,-12517,2439,124339,116,19232,500,0,49003,0.0009990000000001942
59696000,-9314,3014,130571,-16797,-35,128289,124,19225,475,0,49004,0.0009999999999976694
59697000,-5379,6176,131792,-4547,4259,131009,124,19222,508,1,49005,0.0009999999999976694
59698000,-8669,-2604,128144,-13314,-2104,133069,113,19229,463,1,49006,0.0010000000000047748
59699000,-5597,8642,128722,-12139,8833,121324,102,19234,418,1,49007,0.0009999999999976694
59700001,-2158,9570,127767,-6673,2913,122602,128,19234,524,0,49008,0.00100100000000225
59701000,-2320,-6282,126558,-1034,-10420,134853,97,19224,524,0,49009,0.0009990000000001942
59702000,1389,-5886,127914,-3241,-8965,129491,104,19231,397,0,49010,0.0009999999999976694
59703000,-6881,-1900,126926,-10288,-1414,127092,104,19224,426,1,49011,0.0009999999999976694
59704000,-6064,23156,128896,-13317,23121,116794,145,19225,594,1,49012,0.0010000000000047748
59705000,-7154,4076,127868,-4961,-2576,131387,115,19233,471,1,49013,0.0009999999999976694
59706000,-2825,-2545,124399,750,-4223,128433,103,19233,422,0,49014,0.0009999999999976694
59707000,514,9115,125373,-12699,6602,121061,112,19226,422,0,49015,0.0010000000000047748
59708000,2930,2916,125448,2934,-482,121703,105,19228,459,0,49016,0.0009999999999976694
59709000,5788,3825,125904,1374,717,130168,105,19227,430,0,49017,0.0009999999999976694
59710000,-3851,-7944,122653,-4426,-11030,132155,113,19218,463,1,49018,0.0009999999999976694
59711000,-1969,13047,127608,-2865,11490,114847,123,19230,504,1,49019,0.0010000000000047748
59712000,4363,11227,125260,-1873,7655,126047,98,19233,401,1,49020,0.0009999999999976694
59713000,5433,8138,123046,8319,4208,120636,116,19233,401,0,49021,0.0009999999999976694
59714000,11989,-4283,123037,5121,-8587,123846,103,19231,475,0,49022,0.0010000000000047748
59715000,6593,-6748,123394,9320,-11321,128115,103,19230,422,0,49023,0.0009999999999976694
59716000,4771,4266,129106,2365,1445,126604,111,19227,455,1,49024,0.0009999999999976694
59717000,5129,3526,126139,2442,-838,125277,138,19229,565,1,49025,0.0010000000000047748
59718000,2512,13249,129721,2132,9279,122186,112,19232,459,1,49026,0.0009999999999976694
59719000,8586,-2961,124192,6578,-6398,133041,99,19232,459,1,49027,0.0009999999999976694
59720000,9762,-1520,124698,6335,-5334,117011,133,19231,405,0,49028,0.0010000000000047748
59721000,12677,26,128859,11040,-862,130633,133,19234,545,0,49029,0.0009999999999976694
59722000,7028,-9895,124825,10359,-14337,129180,107,19232,438,0,49030,0.0009999999999976694
59723000,4336,107,132460,547,-2851,134455,106,19224,434,1,49031,0.0010000000000047748
59724000,-1504,12301,131729,-3905,6744,123561,117,19229,479,1,49032,0.0009999999999976694
59725000,253,11065,129431,2947,10737,124469,101,19229,479,1,49033,0.0009999999999976694
59726000,4170,2727,130521,-269,2006,128442,115,19236,414,1,49034,0.0010000000000047748
59727001,10097,-16644,125446,-1093,-12021,134479,115,19218,471,0,49035,0.0010009999999951447
59728004,10101,-2723,131895,19528,-8339,127300,92,19228,377,0,49036,0.001003000000004306
59729001,-197,-4461,127149,2985,95,127450,104,19230,426,0,49037,0.0009969999999981383
59730000,-835,9971,133405,-22704,11038,129218,131,19220,537,1,49038,0.0009990000000001942
59731000,-4438,6026,131715,-4204,2113,128148,113,19220,537,1,49039,0.0009999999999976694
59732000,-3400,-1883,129343,-2168,-8897,134568,95,19235,463,1,49040,0.0010000000000047748
59733000,-2155,-9211,128303,-20169,-14856,129650,95,19229,389,0,49041,0.0009999999999976694
59734000,-569,-3619,129622,-1230,-3171,127145,153,19232,627,0,49042,0.0009999999999976694
59735000,1583,8359,132655,7209,1900,130104,109,19228,446,0,49043,0.0010000000000047748
59736000,-8646,3628,132011,-20022,-4664,130027,113,19221,463,1,49044,0.0009999999999976694
59737000,-12746,3408,130534,-19122,3153,131090,135,19221,553,1,49045,0.0009999999999976694
59738000,-9265,10693,130783,-4606,3643,123849,109,19228,553,1,49046,0.0010000000000047748
59739000,-2789,4855,128381,-4140,2411,136155,109,19230,446,1,49047,0.0009999999999976694
59740001,-2729,366,127473,-10711,-6670,118208,109,19217,446,0,49048,0.00100100000000225
59741000,-3231,-3805,123856,-9372,-4328,127078,126,19232,516,0,49049,0.0009990000000001942
59742000,-1984,3113,128683,-2558,257,129070,106,19228,434,0,49050,0.0009999999999976694
59743000,-4592,3433,126714,-7194,1911,122757,128,19228,524,1,49051,0.0009999999999976694
59744000,-8954,7942,129138,-14965,4612,129182,115,19228,524,1,49052,0.0010000000000047748
59745000,-6922,5929,126836,-10889,2561,122339,101,19227,471,1,49053,0.0009999999999976694
59746000,2572,7985,127131,3001,-423,125921,101,19232,414,0,49054,0.0009999999999976694
59747002,-263,-723,124909,2071,-5851,125579,142,19235,582,0,49055,0.0010019999999997253
59748000,-416,-2407,123061,-5554,-3129,129116,110,19232,451,0,49056,0.000998000000002719
59749000,-806,8703,127624,-5506,8047,123178,113,19232,463,0,49057,0.0009999999999976694
59750000,-2612,13818,125211,-648,10897,120266,159,19226,463,1,49058,0.0010000000000047748
59751000,698,11708,128205,-4968,7666,133796,108,19229,651,1,49059,0.0009999999999976694
59752000,1955,-480,121766,5507,-1711,120411,108,19231,442,1,49060,0.0009999999999976694
59753003,10507,8840,124476,1437,3952,122283,100,19218,410,0,49061,0.001003000000004306
59754000,12573,1043,123324,7710,-3617,125213,83,19228,340,0,49062,0.0009969999999981383
59755000,6735,-6888,124715,16709,-10162,124717,117,19227,479,0,49063,0.0009999999999976694
59756000,4411,-5939,127896,-5799,-11178,134001,126,19227,479,1,49064,0.0010000000000047748
59757000,-1026,9186,129296,-1112,7733,119228,112,19224,516,1,49065,0.0009999999999976694
59758002,4602,11823,129781,12131,8638,127988,112,19227,459,1,49066,0.0010019999999997253
59759001,3656,-1602,123528,-1148,-4448,122674,98,19230,401,1,49067,0.0009990000000001942
59760001,11483,4655,127980,192,492,123949,129,19222,528,0,49068,0.0009999999999976694
59761000,9588,-11473,125327,16340,-14327,134182,99,19236,405,0,49069,0.0009990000000001942
59762000,4135,-1398,128628,9453,-6025,122350,105,19236,405,0,49070,0.0010000000000047748
59763000,6131,627,130882,-6032,-3417,139909,137,19229,430,1,49071,0.0009999999999976694
59764000,-1220,19350,130058,-1747,15227,115436,137,19233,561,1,49072,0.0009999999999976694
59765000,1996,6145,131106,6200,3829,129402,112,19230,459,1,49073,0.0010000000000047748
59766000,5807,-6623,125886,1429,-10027,129765,102,19223,418,0,49074,0.0009999999999976694
59767000,9100,-11111,128380,242,-13506,125607,126,19231,516,0,49075,0.0009999999999976694
59768000,6964,-3400,129261,13839,-7561,137792,104,19231,516,0,49076,0.0010000000000047748
59769000,1612,6720,130881,-5029,1357,123907,114,19232,426,0,49077,0.0009999999999976694
59770000,-3039,9752,136057,-19752,8108,129809,114,19221,467,1,49078,0.0009999999999976694
59771000,-10367,8685,130847,9910,6865,128496,116,19230,475,1,49079,0.0010000000000047748
59772000,788,-10719,127387,-8298,-11985,137523,99,19234,405,1,49080,0.0009999999999976694
59773000,-4324,-1474,130898,-15971,-4995,123447,123,19223,504,0,49081,0.0009999999999976694
59774000,5492,-5072,129692,-1315,6392,127241,98,19223,504,0,49082,0.0009999999999976694
59775000,-3689,12592,131967,8257,-3651,126948,107,19232,401,0,49083,0.0010000000000047748
59776000,-6335,-5277,127217,-21013,-9560,134167,107,19225,438,1,49084,0.0009999999999976694
59777000,-9216,5364,131241,-12659,6481,131954,147,19227,602,1,49085,0.0009999999999976694
59778000,-11849,10886,130631,-8657,7984,120821,118,19230,483,1,49086,0.0010000000000047748
59779000,-177,16609,131586,-11633,3241,125720,100,19227,410,1,49087,0.0009999999999976694
59780000,-4541,-7427,124768,-3884,-14521,133219,165,19227,676,0,49088,0.0009999999999976694
59781000,2326,-4724,124367,-1231,-3508,125039,101,19228,676,0,49089,0.0010000000000047748
59782000,-649,7355,128008,-15618,8634,122779,110,19236,414,0,49090,0.0009999999999976694
59783000,-3097,9196,126936,-7396,10841,120609,110,19222,451,1,49091,0.0009999999999976694
59784000,-5265,14055,131283,-6658,1749,131797,124,19229,508,1,49092,0.0010000000000047748
59785000,-7247,-6022,122930,-14798,-7576,127714,109,19230,446,1,49093,0.0009999999999976694
59786000,-257,6818,128902,2768,10178,118282,116,19230,475,0,49094,0.0009999999999976694
59787000,-11,668,125776,416,-7915,128391,93,19226,475,0,49095,0.0010000000000047748
59788002,1948,-3528,124014,-2599,-8154,128606,108,19228,381,0,49096,0.0010019999999997253
59789001,-2634,6430,127224,-6870,4704,125868,108,19230,442,0,49097,0.0009990000000001942
59790001,-2900,12778,126014,-1475,11284,118395,136,19225,557,1,49098,0.0009999999999976694
59791000,719,20670,127515,863,17394,126080,115,19228,471,1,49099,0.0009990000000001942
59792000,4686,-5792,121800,231,-7903,128698,95,19228,389,1,49100,0.0009999999999976694
59793000,11224,4335,122570,7309,4134,121633,116,19229,389,0,49101,0.0010000000000047748
59794000,10278,4195,123516,8024,-1637,122965,109,19231,475,0,49102,0.0009999999999976694
59795001,10611,-4767,124723,4911,-6121,126346,109,19227,446,0,49103,0.00100100000000225
59796000,3949,-5789,127572,5896,-9044,135251,116,19226,475,1,49104,0.0009990000000001942
59797000,-158,5693,126681,-2618,7518,121732,125,19232,512,1,49105,0.0009999999999976694
59798000,7431,25288,128773,2349,22678,116957,107,19232,438,1,49106,0.0009999999999976694
59799001,6394,-2786,125035,15646,-8584,127613,106,19232,438,0,49107,0.00100100000000225
59800000,13159,-4293,127774,-2029,-9547,129437,84,19217,434,0,49108,0.0009990000000001942
59801000,6488,-7660,127925,12581,-9899,134067,84,19233,344,0,49109,0.0009999999999976694
59802000,5638,-1774,132237,7709,-3960,123904,105,19232,430,0,49110,0.0010000000000047748
59803000,2039,6344,130936,-8648,2889,131151,126,19223,516,1,49111,0.0009999999999976694
59804000,212,4580,128788,3628,420,127244,115,19228,471,1,49112,0.0009999999999976694
59805000,4799,5685,128388,7097,2351,126559,100,19228,471,1,49113,0.0010000000000047748
59806001,6163,-4460,126297,-4928,-7789,128438,146,19229,410,0,49114,0.0010009999999951447
59807000,11285,-2991,129965,9142,-6144,124133,146,19230,598,0,49115,0.0009990000000001942
59808000,5619,-9864,127988,14331,-13993,134771,105,19228,430,0,49116,0.0010000000000047748
59809000,-772,8377,133451,-15939,5956,129011,108,19226,442,1,49117,0.0009999999999976694
59810000,-4903,9615,131369,-12913,5696,129272,141,19229,577,1,49118,0.0009999999999976694
59811000,-7781,3431,130814,8057,-921,128417,107,19229,577,1,49119,0.0010000000000047748
59812000,32,-2010,128613,-15810,-6467,130523,102,19234,438,1,49120,0.0009999999999976694
59813000,-212,-3545,128230,-10183,-8139,132073,102,19224,418,0,49121,0.0009999999999976694
59814002,4693,480,129262,9954,-4630,125773,100,19230,410,0,49122,0.0010019999999997253
59815001,-2339,-389,131719,-7535,-2896,132570,110,19230,451,0,49123,0.0009990000000001942
59816000,-8582,2524,131336,-17158,-1676,132135,126,19224,516,1,49124,0.0009990000000001942
59817000,-7964,5236,131816,-8887,3755,130096,115,19224,516,1,49125,0.0010000000000047748
59818000,-10114,9585,129096,-8950,5205,122007,101,19229,471,1,49126,0.0009999999999976694
59819002,-1592,8410,129303,-12041,-3550,127841,101,19227,414,0,49127,0.0010019999999997253
59820000,-3616,-5263,126348,-6741,-7321,130359,136,19225,557,0,49128,0.000998000000002719
59821000,590,-6743,128192,-1878,-2626,130272,101,19231,414,0,49129,0.0009999999999976694
59822000,-4845,6840,128656,-12211,-1564,122129,105,19228,430,0,49130,0.0009999999999976694
59823000,-8193,11376,126810,-9192,12111,121362,143,19228,430,1,49131,0.0010000000000047748
59824000,-5303,8606,128240,-10074,4894,134738,114,19232,586,1,49132,0.0009999999999976694
59825000,-4930,696,125012,-5430,985,119601,114,19228,467,1,49133,0.0009999999999976694
59826000,3180,6295,123059,-8009,1626,122643,103,19224,422,0,49134,0.0010000000000047748
59827000,3585,-1319,126891,-2205,-4696,123860,95,19232,389,0,49135,0.0009999999999976694
59828000,4003,-5348,124524,3995,-10988,129746,110,19228,451,0,49136,0.0009999999999976694
59829000,-1080,-5540,124873,-10001,-6634,135222,120,19228,491,1,49137,0.0010000000000047748
59830000,-8281,20496,126589,-6138,24010,110468,117,19220,491,1,49138,0.0009999999999976694
59831000,1262,20418,127512,2243,7878,125244,97,19231,479,1,49139,0.0009999999999976694
59832000,4570,-1576,122524,5366,-7249,127281,97,19232,397,0,49140,0.0010000000000047748
59833000,9175,-1886,124048,-2655,-7990,130564,121,19228,496,0,49141,0.0009999999999976694
59834000,9640,-2475,123785,14113,-5217,115187,104,19227,426,0,49142,0.0009999999999976694
59835000,4936,5188,128202,10709,-1770,125519,113,19227,463,0,49143,0.0009999999999976694
59836000,3711,-6143,127373,-6811,-520,137768,149,19228,463,1,49144,0.0010000000000047748
59837000,-285,6486,127296,-133,7659,115907,109,19227,610,1,49145,0.0009999999999976694
59838000,8153,8131,126003,13555,5334,133775,109,19232,446,1,49146,0.0009999999999976694
59839000,9547,2712,125046,1944,-235,117401,95,19228,389,0,49147,0.0010000000000047748
59840002,11529,-8395,126865,3552,-16534,135381,127,19232,520,0,49148,0.0010019999999997253
59841003,7653,-12108,126811,21464,-13754,133344,106,19232,434,0,49149,0.00100100000000225
59842000,3634,2478,128780,-9914,807,125695,110,19230,434,0,49150,0.0009969999999981383
59843000,487,14977,132329,-3365,12355,125980,105,19219,451,1,49151,0.0009999999999976694
59844000,-2332,11923,127889,8260,7349,125058,105,19232,430,1,49152,0.0009999999999976694
59845000,6400,-1530,129268,-6370,-4469,139845,103,19231,422,1,49153,0.0010000000000047748
59846000,9437,-11652,125080,7692,-13092,117978,117,19226,479,0,49154,0.0009999999999976694
59847000,13564,-3776,131450,16911,-7277,133009,96,19232,393,0,49155,0.0009999999999976694
59848000,5125,-4487,129477,-902,-7554,132227,108,19232,393,0,49156,0.0010000000000047748
59849000,-1519,2533,133360,-15280,568,128484,136,19226,442,1,49157,0.0009999999999976694
59850000,-7831,9540,133933,1064,8058,131337,136,19224,557,1,49158,0.0009999999999976694
59851000,-10311,-565,128979,-6574,-4841,124948,110,19234,451,1,49159,0.0010000000000047748
59852000,1365,-3721,131799,-15300,-6308,134997,94,19227,385,1,49160,0.0009999999999976694
59853001,58,-1544,127082,2114,-5653,125203,147,19232,602,0,49161,0.00100100000000225
59854000,2917,2673,129602,836,-362,125221,111,19232,602,0,49162,0.0009990000000001942
59855000,-6006,3436,132115,-12264,1115,124667,115,19227,455,0,49163,0.0009999999999976694
59856001,-8752,-3376,129035,-14648,-6940,134733,115,19221,471,1,49164,0.00100100000000225
59857002,-9469,10016,133686,-7537,8170,136182,131,19227,537,1,49165,0.0010009999999951447
59858001,-5794,9011,127205,-12602,6307,117461,105,19234,430,1,49166,0.0009990000000001942
59859002,-192,2376,129740,-5604,-309,130497,113,19221,463,0,49167,0.00100100000000225
59860000,-3553,-11928,123546,-5172,-15015,127190,116,19221,463,0,49168,0.000998000000002719
59861000,-1260,-208,126297,-8398,-4743,129306,106,19232,475,0,49169,0.0009999999999976694
59862000,-6414,14037,127996,-13128,11592,119805,106,19229,434,1,49170,0.0009999999999976694
59863000,-6855,11794,128758,-4255,8852,122518,131,19222,537,1,49171,0.0010000000000047748
59864000,-9158,3974,129372,-12371,3416,128059,116,19233,475,1,49172,0.0009999999999976694
59865000,-3078,841,125460,-12162,-4253,124719,102,19228,418,1,49173,0.0009999999999976694
59866000,3020,6644,127100,4710,3588,121220,138,19228,418,0,49174,0.0010000000000047748
59867000,3538,3311,124266,-1697,1781,122606,112,19229,565,0,49175,0.0009999999999976694
59868000,886,-7596,125154,-5518,-2684,138350,112,19227,459,0,49176,0.0009999999999976694
59869000,-2660,1919,125645,967,2177,115957,113,19223,463,1,49177,0.0010000000000047748
59870000,-3956,18778,126702,-11819,12709,123885,156,19226,639,1,49178,0.0009999999999976694
59871000,594,5297,126988,3475,-1924,129977,109,19230,446,1,49179,0.0009999999999976694
59872000,4023,2778,123297,13136,-8139,118750,103,19230,422,0,49180,0.0010000000000047748
59873000,9559,6574,125711,-562,-7976,124664,82,19223,422,0,49181,0.0009999999999976694
59874001,6692,5856,125925,18638,-4406,121460,112,19230,336,0,49182,0.00100100000000225
59875001,6862,-2793,127535,3891,-13219,133668,112,19228,459,0,49183,0.0009999999999976694
59876000,1141,-1814,127077,-6433,565,124629,128,19222,524,1,49184,0.0009990000000001942
59877003,4209,11393,129180,1427,8223,126646,113,19228,463,1,49185,0.0010029999999972006
59878002,9721,7113,125389,12542,4998,122144,99,19228,405,1,49186,0.0009990000000001942
59879000,9395,9237,125392,1061,1999,121166,134,19230,405,0,49187,0.000998000000002719
59880000,11435,-11473,124564,11589,-14038,136601,109,19225,549,0,49188,0.0009999999999976694
59881000,7722,-9133,126034,14782,-12803,121174,109,19231,446,0,49189,0.0010000000000047748
59882000,6504,-2932,129637,-11907,-10872,136269,106,19224,434,1,49190,0.0009999999999976694
59883000,296,10054,131286,3145,10266,121890,137,19229,561,1,49191,0.0009999999999976694
59884000,-586,16746,132110,4256,10835,126629,112,19229,459,1,49192,0.0010000000000047748
59885000,3387,-3709,127468,-3399,-6097,133689,106,19229,459,1,49193,0.0009999999999976694
59886000,7016,-9212,127924,1906,-16067,126067,127,19226,434,0,49194,0.0009999999999976694
59887002,14453,-9335,129246,22649,-11182,135707,127,19231,520,0,49195,0.0010019999999997253
59888000,559,5975,128049,467,4359,121815,103,19228,422,0,49196,0.000998000000002719
59889000,2753,2024,131895,-28070,-1502,131670,116,19219,475,1,49197,0.0009999999999976694
59890002,-7043,11041,132384,8056,9217,127255,107,19229,438,1,49198,0.0010019999999997253
59891000,-7158,3054,129566,535,-1199,126994,98,19229,438,1,49199,0.000998000000002719
59892000,-2293,5046,128884,-18680,1355,128898,123,19231,401,0,49200,0.0009999999999976694
59893002,-204,-9125,127447,-6803,-11412,130243,123,19226,504,0,49201,0.0010019999999997253
59894000,4911,-2790,132439,8915,-4703,134207,99,19228,405,0,49202,0.000998000000002719
59895000,-7631,8816,131820,-13869,6777,122417,108,19226,442,0,49203,0.0009999999999976694
59896000,-7185,5339,130950,-19712,3509,130825,151,19228,618,1,49204,0.0010000000000047748
59897000,-9116,5666,127516,-8178,2781,131070,114,19228,618,1,49205,0.0009999999999976694
59898000,-3918,11643,129518,-9713,8868,123315,98,19234,467,1,49206,0.0009999999999976694
59899002,-3482,5071,127541,-7401,2963,129564,98,19225,401,0,49207,0.0010019999999997253
59900000,-4943,-4580,124726,-10315,-7663,121765,150,19230,614,0,49208,0.000998000000002719
59901000,2750,2055,129739,-5035,-1788,132406,105,19229,430,0,49209,0.0009999999999976694
59902000,-2945,4277,125859,-2228,590,126623,113,19224,463,1,49210,0.0009999999999976694
59903001,-8494,13394,130028,-10171,10476,120993,114,19224,463,1,49211,0.00100100000000225
59904000,-7774,16875,128563,-15479,14651,122360,106,19228,467,1,49212,0.0009990000000001942
59905000,1528,2794,126310,-3502,-2769,126667,106,19232,434,0,49213,0.0009999999999976694
59906000,1510,-8788,125168,9087,-11134,136453,121,19226,496,0,49214,0.0010000000000047748
59907000,309,4095,122134,-7619,-2292,119018,95,19227,389,0,49215,0.0009999999999976694
59908000,1633,13866,127785,-9505,10826,122786,108,19228,442,0,49216,0.0009999999999976694
59909000,301,6468,126439,3559,2716,128548,140,19228,442,1,49217,0.0010000000000047748
59910001,-1103,5195,125718,-4471,2876,128282,113,19222,573,1,49218,0.0010009999999951447
59911002,407,7723,125353,-3461,3967,117634,113,19231,463,1,49219,0.00100100000000225
59912000,9359,10374,124934,5089,8914,123041,95,19225,389,0,49220,0.000998000000002719
59913000,10481,-7562,123754,5813,-11292,133477,106,19230,434,0,49221,0.0009999999999976694
59914000,6461,-6773,126856,8621,-9037,126631,113,19226,463,0,49222,0.0009999999999976694
59915000,4837,-6371,127514,265,-213,128178,115,19226,463,1,49223,0.0010000000000047748
59916000,-685,15182,129641,5552,9767,118218,119,19223,471,1,49224,0.0009999999999976694
59917000,5205,13370,127581,-3906,-5492,130078,119,19229,487,1,49225,0.0009999999999976694
59918000,6077,3177,124270,9087,3819,123149,105,19233,430,1,49226,0.0010000000000047748
59919000,11557,9739,128635,8998,2779,118814,109,19218,446,0,49227,0.0009999999999976694
59920000,12602,-8702,125851,10979,-17377,133497,90,19231,369,0,49228,0.0009999999999976694
59921002,7643,-11268,129449,6595,-17221,133033,103,19231,422,0,49229,0.0010019999999997253
59922000,5067,-3663,130115,-9501,-2270,134017,123,19232,422,1,49230,0.000998000000002719
59923000,-3055,16498,131620,4260,18467,117465,112,19225,504,1,49231,0.0009999999999976694
59924000,1051,16320,130028,2587,5198,126134,112,19229,459,1,49232,0.0010000000000047748
59925000,5800,-8346,126294,-2059,-18145,134459,99,19230,405,1,49233,0.0009999999999976694
59926004,11337,-10309,128547,11352,-14759,125543,154,19234,631,0,49234,0.0010040000000017812
59927000,8936,-3335,130137,7503,-5568,128988,105,19234,430,0,49235,0.000996000000000663
59928000,624,2405,132750,-9403,-3870,121766,106,19229,430,0,49236,0.0009999999999976694
59929000,539,3385,133419,-8402,-3982,137285,137,19225,434,1,49237,0.0009999999999976694
59930000,-10409,-3475,130604,-131,-3338,134747,137,19229,561,1,49238,0.0010000000000047748
59931000,-6733,7035,129817,-10727,4810,116841,106,19229,434,1,49239,0.0009999999999976694
59932000,1999,-5053,129353,-13303,-10231,137593,107,19219,438,0,49240,0.0009999999999976694
59933000,1609,-5159,127876,11810,-6594,122162,92,19230,377,0,49241,0.0010000000000047748
59934000,-705,298,130025,-7922,-5250,134721,108,19230,377,0,49242,0.0009999999999976694
59935000,-7918,3366,130180,-19857,940,127723,125,19225,442,1,49243,0.0009999999999976694
59936000,-9187,6607,131204,-5275,3327,129625,125,19225,512,1,49244,0.0010000000000047748
59937000,-8795,5135,130141,-10387,2328,133796,114,19230,467,1,49245,0.0009999999999976694
59938007,-4777,10219,127629,-10009,5215,119069,99,19230,405,1,49246,0.0010070000000013124
59939002,-921,3056,127474,-12507,1923,137124,140,19223,573,0,49247,0.0009949999999960824
59940000,-366,-2199,125057,4675,-6303,118689,111,19223,573,0,49248,0.000998000000002719
59941000,-494,-2077,128613,-3569,-5738,133501,108,19226,455,0,49249,0.0009999999999976694
59942000,-4798,4464,126818,-18214,2724,126015,108,19222,442,1,49250,0.0010000000000047748
59943000,-7608,16278,129323,-5373,12793,116753,134,19225,549,1,49251,0.0009999999999976694
59944002,-6812,3822,127069,-5822,-340,135825,112,19231,459,1,49252,0.0010019999999997253
59945002,-2627,326,124798,-5233,-3079,116536,104,19225,426,0,49253,0.0009999999999976694
59946000,-956,3296,126299,-4011,1540,127212,92,19225,426,0,49254,0.000998000000002719
59947000,128,78,123623,-564,-2615,124273,110,19230,377,0,49255,0.0009999999999976694
59948000,771,4941,127429,-5270,1436,125034,110,19226,451,0,49256,0.0010000000000047748
59949000,-407,10144,127859,-3064,6880,130151,120,19220,491,1,49257,0.0009999999999976694
59950000,-3478,15114,125461,3701,11512,118454,111,19228,455,1,49258,0.0009999999999976694
59951000,6392,6124,128731,-7793,3495,138382,96,19228,393,1,49259,0.0010000000000047748
59952000,9052,-1326,119218,6184,-6190,118425,128,19228,393,0,49260,0.0009999999999976694
59953000,10381,9996,126187,14737,4178,121012,105,19236,524,0,49261,0.0009999999999976694
59954000,7799,-13599,120580,1774,-17091,125115,105,19226,430,0,49262,0.0010000000000047748
59955000,5814,-958,126801,6568,-3386,128280,109,19226,446,1,49263,0.0009999999999976694
59956000,1339,6496,127796,-431,2553,127995,134,19222,549,1,49264,0.0009999999999976694
59957000,3605,18789,129471,493,14548,112967,110,19230,451,1,49265,0.0010000000000047748
59958000,7996,-6654,125134,9983,-7188,135520,100,19230,451,1,49266,0.0009999999999976694
59959000,9399,-2716,126078,5096,-7105,121352,115,19224,410,0,49267,0.0009999999999976694
59960002,10506,-3293,128186,5517,-4540,132127,115,19229,471,0,49268,0.0010019999999997253
59961002,3799,-2383,129068,11186,-9904,124838,104,19231,426,0,49269,0.0010000000000047748
59962000,3276,5164,129432,-4019,13013,136175,111,19224,455,1,49270,0.0009979999999956135
59963000,-20,3578,127915,-919,4745,122547,108,19229,442,1,49271,0.0009999999999976694
59964000,2530,11653,127498,5125,5778,120537,101,19229,414,1,49272,0.0010000000000047748
59965003,7262,2002,129662,-1867,-8094,132364,124,19232,414,0,49273,0.0010029999999972006
59966000,9014,-15460,127601,879,-18704,129906,99,19221,508,0,49274,0.0009969999999981383
59967001,7642,-3107,132610,12907,-8947,135212,99,19231,405,0,49275,0.00100100000000225
59968000,-3287,1448,129147,-19427,-3993,126712,107,19228,438,0,49276,0.0009990000000001942
59969000,-1749,15285,134088,-10875,14144,121142,142,19229,582,1,49277,0.0009999999999976694
59970000,-4782,7513,133057,3862,-1121,134508,112,19229,459,1,49278,0.0010000000000047748
59971000,-3865,-7104,128340,-7261,-8132,130487,96,19232,459,1,49279,0.0009999999999976694
59972000,-1838,-13730,128201,-15838,-12684,129551,132,19228,393,0,49280,0.0009999999999976694
59973000,1048,-1743,129723,3024,-6873,127908,132,19232,541,0,49281,0.0010000000000047748
59974000,-835,3423,129708,8131,2728,132162,114,19227,467,0,49282,0.0009999999999976694
59975000,-11307,2127,132115,-29556,-5063,126322,120,19223,491,1,49283,0.0009999999999976694
59976003,-9496,1232,130055,-16814,-173,130838,121,19223,496,1,49284,0.001003000000004306
59977000,-10951,9781,131119,3301,5674,127643,105,19234,496,1,49285,0.0009969999999981383
59978000,-2410,2199,128438,-11035,-4264,125248,116,19229,430,1,49286,0.0009999999999976694
59979000,-3647,-1961,126277,-9295,-7013,132579,116,19218,475,0,49287,0.0010000000000047748
59980000,-5017,553,127040,-7226,-7116,124370,98,19229,401,0,49288,0.0009999999999976694
59981000,686,7786,127833,-3176,7002,122860,108,19228,442,0,49289,0.0009999999999976694
59982000,-7777,11939,128497,-6048,6843,127399,136,19222,557,1,49290,0.0010000000000047748
59983000,-5247,5144,124812,-16773,78,125341,119,19222,557,1,49291,0.0009999999999976694
59984000,-4112,8371,127860,-7401,4805,125305,100,19234,487,1,49292,0.0009999999999976694
59985000,5042,6338,127010,-396,1693,123146,100,19227,410,0,49293,0.0010000000000047748
59986000,885,7617,124851,11954,6080,125703,130,19232,532,0,49294,0.0009999999999976694
59987002,-1120,-7984,122819,-17784,-11678,125468,105,19237,430,0,49295,0.0010019999999997253
59988000,1362,1541,128805,-147,335,127706,111,19222,455,0,49296,0.000998000000002719
59989000,-3934,17314,126354,2370,14636,118137,137,19222,455,1,49297,0.0009999999999976694
59990000,-177,16268,126748,-11394,12871,121067,104,19227,561,1,49298,0.0009999999999976694
59991000,2101,660,123127,9601,-2799,129831,104,19235,426,1,49299,0.0010000000000047748
59992000,12239,-2696,121080,-1485,-6500,122632,104,19226,426,0,49300,0.0009999999999976694
59993000,11822,4240,125757,13008,885,123204,98,19226,401,0,49301,0.0009999999999976694
59994000,6614,-4002,124572,15621,-7913,127264,118,19234,483,0,49302,0.0010000000000047748
59995000,6361,-785,126112,-11091,-4747,129169,136,19234,483,1,49303,0.0009999999999976694
59996000,1246,12006,129992,4282,9234,125722,113,19223,557,1,49304,0.0009999999999976694
59997000,9256,5821,126698,14569,4222,123819,113,19231,463,1,49305,0.0010000000000047748
59998000,5003,6953,124562,5718,4425,116538,93,19229,381,0,49306,0.0009999999999976694
59999000,11131,-1944,127780,-8286,-4113,128516,141,19232,577,0,49307,0.0009999999999976694
60000000,9112,-12391,124457,22672,-17400,135998,103,19230,422,0,49308,0.0010000000000047748
60001001,723,11648,132258,7942,8135,120748,107,19230,422,0,49309,0.0010009999999951447
60002000,1961,792,129568,-19549,-2655,132385,123,19226,438,1,49310,0.0009990000000001942
60003000,272,16315,132940,6765,13517,124416,123,19228,504,1,49311,0.0010000000000047748
60004000,5132,-1228,127410,7828,-4494,131278,108,19232,442,1,49312,0.0009999999999976694
60005000,8284,-3441,126415,-4939,-6440,118308,105,19221,430,0,49313,0.0009999999999976694
60006000,11579,-4833,129230,8942,-9529,139220,108,19232,442,0,49314,0.0010000000000047748
60007000,5604,-17349,126342,14319,-17123,128426,104,19232,442,0,49315,0.0009999999999976694
60008000,1613,10208,135132,-20779,4357,128434,123,19232,426,1,49316,0.0009999999999976694
60009000,-6859,-2818,132577,-6294,5598,130999,123,19219,504,1,49317,0.0010000000000047748
60010000,-9988,14355,128902,7948,930,120883,112,19233,459,1,49318,0.0009999999999976694
60011000,166,-11974,128329,-23447,-23593,147456,95,19231,389,1,49319,0.0009999999999976694
60012000,-301,-11060,128250,9769,-2293,122302,132,19228,541,0,49320,0.0010000000000047748
60013000,4695,18463,132137,-4576,9887,121260,104,19228,426,0,49321,0.0009999999999976694
60014000,-5700,6538,131053,-16584,-3943,130924,110,19228,426,0,49322,0.0009999999999976694
60015000,-6433,-4641,130968,-9714,-8981,131484,141,19227,451,1,49323,0.0010000000000047748
60016000,-9487,4003,132187,-9796,5086,130761,141,19229,577,1,49324,0.0009999999999976694
60017000,-7712,11494,129891,-12808,17217,117044,112,19231,459,1,49325,0.0009999999999976694
60018000,-2146,9668,130591,-9520,-1337,127445,101,19223,414,0,49326,0.0010000000000047748
60019000,-2824,-11275,123438,-4161,-13417,132838,129,19223,528,0,49327,0.0009999999999976694
60020000,40,-4230,127262,-6044,-5566,126802,101,19232,528,0,49328,0.0009999999999976694
60021000,-4876,2273,128272,-10661,7833,121785,116,19232,414,0,49329,0.0010000000000047748
60022000,-4310,18442,130658,-8583,9545,120653,116,19222,475,1,49330,0.0009999999999976694
60023000,-8499,1113,127635,-10006,-6475,136172,114,19227,467,1,49331,0.0009999999999976694
60024001,-3996,-2243,125596,-6476,-3187,127322,103,19229,422,1,49332,0.00100100000000225
60025000,1331,12111,126236,-2222,9909,120704,127,19226,520,0,49333,0.0009990000000001942
60026002,1584,5706,124101,-216,5487,123007,100,19226,520,0,49334,0.0010019999999997253
60027001,6252,100,124892,-2831,-4437,126616,106,19232,410,0,49335,0.0009990000000001942
60028000,59,-2335,123586,-463,-4934,129991,106,19226,434,1,49336,0.0009990000000001942
60029000,-3362,15170,126150,-4333,13713,118995,148,19225,606,1,49337,0.0009999999999976694
60030000,20,13567,126329,-4560,9932,121301,109,19232,446,1,49338,0.0009999999999976694
60031000,6240,3807,124456,5738,-1912,130055,97,19226,397,0,49339,0.0010000000000047748
60032001,9424,-4091,122313,5764,-7860,123026,95,19226,397,0,49340,0.0010009999999951447
60033000,6543,6506,126935,586,4936,121315,112,19231,389,0,49341,0.0009990000000001942
60034001,8319,364,126964,8010,-4610,127216,112,19227,459,0,49342,0.00100100000000225
60035000,2193,-3296,126919,9254,-4910,132306,118,19221,483,1,49343,0.0009990000000001942
60036000,3007,11855,129892,-9936,10014,123984,106,19231,434,1,49344,0.0009999999999976694
60037000,8562,12025,125431,7279,8973,119278,101,19231,414,1,49345,0.0010000000000047748
60038000,9923,4192,124685,18350,934,126870,117,19231,414,0,49346,0.0009999999999976694
60039000,11755,-7302,125265,-5832,-10898,125533,94,19221,479,0,49347,0.0009999999999976694
60040000,9007,-12225,128026,14601,-15566,136489,94,19229,385,0,49348,0.0010000000000047748
60041000,5111,1836,130236,9628,-2222,124593,105,19226,430,1,49349,0.0009999999999976694
60042000,330,9737,131871,-12352,6293,128838,133,19231,545,1,49350,0.0009999999999976694
60043000,450,11847,131449,2240,10303,126618,112,19230,459,1,49351,0.0010000000000047748
60044000,3237,3821,127817,7294,128,128349,97,19230,459,1,49352,0.0009999999999976694
60045000,6627,-2420,129257,-8732,-5525,132577,145,19226,397,0,49353,0.0009999999999976694
60046000,11786,-1010,128399,17079,-3705,119935,145,19229,594,0,49354,0.0010000000000047748
60047000,3317,-9224,128175,8702,-13397,138040,112,19230,459,0,49355,0.0009999999999976694
60048000,3183,4990,133186,-16687,741,128358,110,19222,451,1,49356,0.0009999999999976694
60049001,-4253,4565,132832,-7002,2491,129631,134,19231,549,1,49357,0.00100100000000225
60050002,-6138,11629,132270,8074,11311,126696,101,19231,549,1,49358,0.00100100000000225
60051000,-2041,-7448,127675,-18130,-11128,135318,112,19233,414,0,49359,0.0009979999999956135
60052000,-128,-6629,129620,-7524,-11755,130009,112,19220,459,0,49360,0.0010000000000047748
60053000,2796,-1459,128505,10536,-6717,126931,92,19229,377,0,49361,0.0009999999999976694
60054000,-5892,5915,132494,-12511,3914,126496,106,19223,434,0,49362,0.0009999999999976694
60055003,-6284,5360,130551,-18566,1604,130383,133,19225,545,1,49363,0.001003000000004306
60056000,-7728,-1640,128937,-5259,1876,139275,112,19225,459,1,49364,0.0009969999999981383
60057000,-7109,10882,130265,-8903,10932,113952,99,19232,459,1,49365,0.0009999999999976694
60058000,-3019,6756,127246,-11468,-1520,128558,154,19231,405,0,49366,0.0010000000000047748
60059001,-4560,-7009,126458,-10058,-7527,132932,154,19229,631,0,49367,0.0010009999999951447
60060000,-838,-3386,128184,-2618,-5148,127523,104,19224,426,0,49368,0.0009990000000001942
60061000,-4581,-3383,127125,-12175,-2264,131941,105,19224,430,1,49369,0.0010000000000047748
60062000,-7363,22191,129276,-13860,15876,112710,128,19224,524,1,49370,0.0009999999999976694
60063000,-6162,8530,128918,-3342,-3535,137593,112,19228,524,1,49371,0.0009999999999976694
60064000,-3995,-1856,123070,-3780,-1796,120888,111,19232,459,1,49372,0.0010000000000047748
60065000,-1005,7753,127432,-10063,3459,121773,111,19225,455,0,49373,0.0009999999999976694
60066001,2612,461,124105,5203,-4562,126106,92,19229,377,0,49374,0.00100100000000225
60067000,2744,-8,125456,-3788,-3843,126181,110,19228,451,0,49375,0.0009990000000001942
60068002,-296,-4442,126049,-6437,-4285,143793,125,19218,512,1,49376,0.0010019999999997253
60069000,-4030,19197,126039,534,20196,101777,112,19218,512,1,49377,0.0009979999999956135
60070000,2874,12806,125144,-5043,9335,129076,97,19233,459,1,49378,0.0010000000000047748
60071000,7240,-5272,122085,7488,-7144,124715,97,19230,397,0,49379,0.0009999999999976694
60072000,8858,-5065,121540,6800,-9750,125208,138,19234,565,0,49380,0.0009999999999976694
60073000,5875,-6661,124904,7899,-6647,129133,111,19227,455,0,49381,0.0010000000000047748
60074000,3201,8146,128699,3313,1293,117168,110,19219,451,0,49382,0.0009999999999976694
60075001,3750,-2379,127486,37,-5416,138244,133,19219,451,1,49383,0.00100100000000225
60076000,957,16445,128608,2280,15172,118014,109,19232,545,1,49384,0.0009990000000001942
60077001,8191,4298,125146,3892,-2095,129198,109,19234,446,1,49385,0.0010009999999951447
60078000,8282,-869,125227,6409,-1742,120931,104,19223,426,0,49386,0.0009990000000001942
60079000,12991,-4296,127274,9428,-9823,133722,112,19232,459,0,49387,0.0010000000000047748
60080000,6536,-13001,126316,16946,-13461,137803,104,19228,426,0,49388,0.0009999999999976694
60081000,3778,7422,129480,-11710,4667,119091,116,19228,426,1,49389,0.0009999999999976694
60082000,141,11280,132085,-792,8146,130624,111,19228,475,1,49390,0.0010000000000047748
60083000,-1949,13884,129218,13671,9234,120553,111,19231,455,1,49391,0.0009999999999976694
60084001,5325,-11161,127207,-11496,-15137,135217,100,19227,410,1,49392,0.00100100000000225
60085002,10592,-12268,128510,4816,-15088,128824,134,19225,549,0,49393,0.0010009999999951447
60086000,9092,-3034,129961,25932,-6832,126371,100,19230,410,0,49394,0.000998000000002719
60087002,2384,-5319,130263,-15387,-8518,134239,102,19230,410,0,49395,0.0010019999999997253
60088002,-2693,11994,134821,-13457,8974,122607,149,19228,418,1,49396,0.0009999999999976694
60089001,-7040,-1986,129335,9548,-4580,135983,149,19234,610,1,49397,0.0009990000000001942
60090000,-7942,8620,132015,-12345,6154,122162,109,19232,446,1,49398,0.0009990000000001942
60091000,-482,-11196,128502,-17404,-15169,135171,99,19224,405,0,49399,0.0009999999999976694
60092002,4264,3454,129388,11902,-242,126347,116,19234,475,0,49400,0.0010020000000068308
60093002,-1402,6432,130556,-4620,3462,123431,109,19234,475,0,49401,0.0009999999999976694
60094002,-4441,2533,131153,-15097,-1707,134420,121,19228,446,0,49402,0.0009999999999976694
60095000,-10776,7225,130391,-6187,5973,126481,121,19222,496,1,49403,0.000998000000002719
60096002,-7990,1962,131397,-11498,380,131147,110,19226,451,1,49404,0.0010019999999997253
60097000,-4920,14258,129582,-12953,9822,121106,100,19232,410,1,49405,0.0009979999999956135
60098018,-298,-2410,125327,-2961,-5178,131958,123,19222,504,0,49406,0.0010180000000019618
60099002,-1820,-1756,126000,-5963,-6728,123581,95,19222,389,0,49407,0.0009840000000025384
60100001,-1606,664,125807,-8106,-1954,126323,104,19232,389,0,49408,0.0009990000000001942
60101000,-4919,8576,128702,-9326,3590,127168,144,19230,426,1,49409,0.0009990000000001942
60102000,-8412,9030,129570,-11432,1697,125308,144,19231,590,1,49410,0.0009999999999976694
60103002,-7133,-3160,127685,-13435,11634,130212,115,19228,471,1,49411,0.0010019999999997253
60104002,-2136,7580,126682,538,-3472,120198,100,19225,410,0,49412,0.0009999999999976694
60105000,983,-6638,122248,-7719,-12462,132179,114,19225,467,0,49413,0.000998000000002719
60106000,1845,4645,126101,1401,-502,120527,108,19232,467,0,49414,0.0009999999999976694
60107002,-950,11015,125301,-6353,2877,123431,114,19228,442,0,49415,0.0010019999999997253
60108003,-3204,11539,128172,-8730,9391,123413,114,19224,467,1,49416,0.00100100000000225
60109002,-2487,8325,127191,-2277,815,123448,131,19229,537,1,49417,0.0009990000000001942
60110000,4651,1530,123917,10461,466,128289,100,19237,410,1,49418,0.000998000000002719
60111002,6523,12477,124292,-1729,7620,115198,110,19237,451,0,49419,0.0010019999999997253
60112003,10751,2755,122076,5031,-1902,124448,100,19229,451,0,49420,0.0010009999999951447
60113001,10174,-3533,126284,12278,-7553,129723,111,19228,410,0,49421,0.000998000000002719
60114002,5659,-11144,125694,2989,-12553,129811,111,19228,455,1,49422,0.00100100000000225
60115002,55,3180,129220,1152,9628,116918,137,19226,561,1,49423,0.0009999999999976694
60116001,2315,10716,130055,-2267,176,128302,112,19230,459,1,49424,0.0009990000000001942
60117002,8616,-6453,124278,10592,-6588,131657,96,19227,393,1,49425,0.00100100000000225
60118002,9342,7501,126729,4048,7904,120788,145,19227,393,0,49426,0.0009999999999976694
60119000,7233,-7909,125035,3980,-16696,131462,112,19231,594,0,49427,0.000998000000002719
60120000,8380,-5835,126777,13882,-3903,126345,112,19228,459,0,49428,0.0009999999999976694
60121001,5101,296,130456,-5846,-5845,132214,110,19227,451,1,49429,0.00100100000000225
60122001,1665,15249,129734,308,15815,121726,127,19231,520,1,49430,0.0009999999999976694
60123000,222,13713,130879,7694,5569,125739,105,19233,430,1,49431,0.0009990000000001942
60124002,4966,-16671,125129,-3041,-19755,130641,111,19233,430,0,49432,0.0010019999999997253
60125002,8036,-10652,129201,1204,-14114,132913,95,19220,455,0,49433,0.0009999999999976694
60126002,6225,-3210,128400,20797,-6608,130523,95,19233,389,0,49434,0.0010000000000047748
60127002,1861,11956,131372,-13019,10065,119499,108,19232,442,0,49435,0.0009999999999976694
60128002,512,6775,133953,-18544,2665,128350,127,19222,520,1,49436,0.0009999999999976694
60129002,-4125,-4638,131558,14932,-7057,135742,111,19231,455,1,49437,0.0010000000000047748
60130003,-5408,5482,130110,-8658,2845,125988,96,19231,455,1,49438,0.0010009999999951447
60131000,-2218,-8512,128475,-19988,-13052,131812,145,19230,393,0,49439,0.0009970000000052437
60132001,3395,-1204,129293,4715,-6025,126663,145,19232,594,0,49440,0.0010009999999951447
60133000,-1303,-3352,130002,2065,-6402,128641,104,19232,426,0,49441,0.0009990000000001942
60134002,-6201,3685,132526,-17685,1008,128138,109,19221,446,1,49442,0.0010019999999997253
60135000,-11415,7135,130417,-16362,4451,127345,130,19231,532,1,49443,0.000998000000002719
60136005,-9632,9920,129134,-7491,6434,128732,106,19231,532,1,49444,0.0010049999999992565
60137000,-3083,9335,130157,-9106,7613,125448,105,19229,434,1,49445,0.0009950000000031878
60138002,-6456,-8523,125355,-5238,-10965,130288,105,19218,430,0,49446,0.0010019999999997253
60139000,-1584,9835,127579,-13027,7195,122145,133,19232,545,0,49447,0.0009979999999956135
60140002,3147,2408,126442,-1604,-998,126264,101,19229,414,0,49448,0.0010019999999997253
60141002,-3667,4140,127852,1401,-507,129251,121,19223,496,1,49449,0.0010000000000047748
60142000,-6523,17092,127325,-18493,10948,122546,114,19223,467,1,49450,0.0009979999999956135
60143000,-6320,4835,125990,-11152,2606,126498,102,19226,467,1,49451,0.0010000000000047748
60144002,5785,1895,127901,6418,-1093,127760,102,19230,418,0,49452,0.0010019999999997253
60145003,-2412,-9458,123022,-1289,-11521,129991,136,19240,557,0,49453,0.0010009999999951447
60146002,1195,4161,125738,-7181,-482,121321,101,19228,414,0,49454,0.0009990000000001942
60147001,-531,7072,126838,-6066,5729,125728,108,19222,442,0,49455,0.0009990000000001942
60148000,-1917,15079,126423,1149,12061,123028,159,19222,651,1,49456,0.0009990000000001942
60149000,-2135,8975,125784,-2576,9393,125083,108,19227,651,1,49457,0.0009999999999976694
60150000,2825,95,124910,-1999,5027,126944,96,19235,442,1,49458,0.0010000000000047748
60151000,11327,10004,125760,4651,-13110,115170,96,19223,393,0,49459,0.0009999999999976694
60152000,9957,-2954,122534,10797,-7619,130203,78,19233,319,0,49460,0.0009999999999976694
60153001,7298,-1129,128815,6149,-6023,129373,110,19226,451,0,49461,0.00100100000000225
60154000,2960,-2137,125157,8604,-1790,121624,125,19226,512,1,49462,0.0009990000000001942
60155000,1625,15977,128434,-378,10971,125276,112,19222,512,1,49463,0.0009999999999976694
60156000,7430,10025,127035,-1630,1026,123708,95,19233,459,1,49464,0.0010000000000047748
60157000,7926,1765,124780,15726,-1366,124072,95,19232,389,1,49465,0.0009999999999976694
60158000,12610,-1203,126357,136,-7128,127514,123,19223,504,0,49466,0.0009999999999976694
60159000,8845,-9417,126631,10272,-12669,132154,101,19230,414,0,49467,0.0010000000000047748
60160001,4779,3283,130645,5407,-3273,126439,106,19231,434,0,49468,0.0010009999999951447
60161000,2340,3829,129262,-11513,4979,131383,145,19231,434,1,49469,0.0009990000000001942
60162000,-511,12713,133190,1996,9252,130244,110,19229,594,1,49470,0.0010000000000047748
60163000,6806,3087,126089,5765,-3420,124990,110,19230,451,1,49471,0.0009999999999976694
60164000,9022,-5508,126357,-107,-9780,129178,101,19224,414,0,49472,0.0009999999999976694
60165001,10023,-4633,129549,13662,-4715,129637,129,19230,528,0,49473,0.00100100000000225
60166000,4160,-7152,126940,5698,-10981,132160,108,19229,442,0,49474,0.0009990000000001942
60167000,-1317,6715,133917,-14985,8327,125555,116,19229,442,0,49475,0.0009999999999976694
60168000,-3655,4764,134284,-7887,-4079,133803,120,19225,475,1,49476,0.0010000000000047748
60169000,-8267,3923,130034,1498,4139,129376,120,19230,491,1,49477,0.0009999999999976694
60170001,-756,2150,130491,-16249,-4033,130130,100,19230,410,1,49478,0.00100100000000225
60171007,1891,-10386,127571,-4480,-12497,134239,121,19222,496,0,49479,0.0010059999999967317
60172007,3932,9795,130334,8668,5854,119200,99,19228,405,0,49480,0.0010000000000047748
60173000,-4279,-578,130476,-16280,-4535,133832,108,19228,405,0,49481,0.0009929999999940264
60174000,-6653,3204,133268,-12322,1896,134533,142,19226,442,1,49482,0.0010000000000047748
60175003,-9790,5246,129282,-8626,3780,128977,142,19232,582,1,49483,0.0010029999999972006
60176001,-10063,11365,130481,-11735,8644,123947,115,19230,471,1,49484,0.000998000000002719
60177000,-1275,6034,128494,-8586,3365,124162,100,19225,410,1,49485,0.0009990000000001942
60178000,-1624,-11233,124604,-7830,-14536,136664,169,19232,692,0,49486,0.0009999999999976694
60179000,-984,-2307,127340,1180,-5450,127411,110,19232,692,0,49487,0.0009999999999976694
60180000,-3113,5090,128872,-12663,2122,124553,112,19229,451,0,49488,0.0010000000000047748
60181000,-4596,6783,127750,-10835,2724,127181,112,19225,459,1,49489,0.0009999999999976694
60182000,-5734,8041,128036,-3507,4169,125738,120,19226,491,1,49490,0.0009999999999976694
60183001,-4180,5614,126774,-11526,2283,129362,113,19233,463,1,49491,0.00100100000000225
60184001,-773,5996,125232,-198,2878,121699,118,19223,483,0,49492,0.0009999999999976694
60185001,-2610,-306,124005,-4151,-2677,120902,104,19223,483,0,49493,0.0010000000000047748
60186002,1887,1950,126570,-5098,-1266,130303,109,19227,426,0,49494,0.0010009999999951447
60187000,-123,2004,125241,-4520,-2161,124106,109,19228,446,1,49495,0.000998000000002719
60188000,-3010,7868,127027,5013,4447,124677,133,19221,545,1,49496,0.0009999999999976694
60189000,-907,8825,124856,-3839,8069,119753,113,19235,463,1,49497,0.0010000000000047748
60190000,5508,4322,125445,-7096,3314,124564,97,19231,397,1,49498,0.0009999999999976694
60191000,7289,-1339,122783,11539,-6272,125035,118,19231,483,0,49499,0.0009999999999976694
60192001,10799,533,124715,7356,-3539,124733,107,19234,483,0,49500,0.00100100000000225
60193000,2915,-3511,126506,4246,-4866,130049,109,19228,438,0,49501,0.0009990000000001942
60194000,4151,-1955,126002,4495,-6529,125820,109,19223,446,1,49502,0.0009999999999976694
60195000,3237,14032,129257,-3886,8049,121965,120,19230,491,1,49503,0.0010000000000047748
60196000,5970,15278,127523,7906,12360,124097,108,19230,442,1,49504,0.0009999999999976694
60197000,9384,-5376,123274,5206,1570,131338,108,19230,442,0,49505,0.0009999999999976694
60198003,8701,-6317,126016,6321,-13675,122923,84,19220,442,0,49506,0.001003000000004306
60199000,11400,-7854,126231,4956,-16919,135600,101,19233,344,0,49507,0.0009969999999981383
60200000,2315,265,131064,9581,2168,125386,101,19225,414,0,49508,0.0009999999999976694
60201000,2080,15985,131813,-5605,8643,125080,121,19223,496,1,49509,0.0010000000000047748
60202000,-546,9732,130664,-122,144,128899,113,19230,463,1,49510,0.0009999999999976694
60203000,2159,4652,128153,4689,-5211,124399,98,19230,401,1,49511,0.0009999999999976694
60204000,9651,-5665,129294,3847,-10438,135549,145,19228,401,0,49512,0.0010000000000047748
60205000,10614,-9144,128386,10632,-6741,124074,101,19229,594,0,49513,0.0009999999999976694
60206000,5190,1619,130972,5358,-1571,134211,101,19230,414,0,49514,0.0009999999999976694
60207000,1044,-2473,128998,-15410,-3387,127642,105,19221,430,1,49515,0.0010000000000047748
60208000,-5826,19528,134575,-5399,17772,122574,141,19232,577,1,49516,0.0009999999999976694
60209000,-1404,677,129177,7072,-1821,133239,108,19234,442,1,49517,0.0009999999999976694
60210000,-6041,-8811,130038,-9914,-15218,128191,106,19234,442,1,49518,0.0009999999999976694
60211001,3694,-15966,128873,-18001,-16876,139333,109,19219,434,0,49519,0.00100100000000225
60212001,-2855,7078,130734,10799,6056,120804,109,19226,446,0,49520,0.0010000000000047748
60213000,-3829,6324,131092,-9866,5012,130358,113,19228,463,0,49521,0.0009989999999930887
60214000,-10102,8132,131265,-22279,1640,129011,127,19224,520,1,49522,0.0010000000000047748
60215000,-6904,353,128291,-6101,-3134,133767,113,19230,463,1,49523,0.0009999999999976694
60216002,-3511,11079,132376,-391,9215,124457,103,19230,463,1,49524,0.0010019999999997253
60217002,-3437,3031,128374,-9124,-1466,123026,137,19231,422,0,49525,0.0010000000000047748
60218000,-3129,-9120,125528,-14668,-11828,133559,137,19223,561,0,49526,0.0009979999999956135
60219000,-4592,-1123,125533,-1090,-3830,129684,106,19230,434,0,49527,0.0009999999999976694
60220000,-2255,8171,126888,-9551,4680,120509,103,19228,422,0,49528,0.0010000000000047748
60221002,-8966,25305,129749,-6134,22106,114713,142,19225,582,1,49529,0.0010019999999997253
60222001,-6439,-6800,125847,-18539,-10212,132884,114,19225,582,1,49530,0.0009990000000001942
60223000,1094,3041,129163,-1465,344,129234,107,19236,467,1,49531,0.0009990000000001942
60224000,-794,7891,124336,5096,4767,122546,107,19222,438,0,49532,0.0009999999999976694
60225000,1415,2946,123542,-6575,613,123107,105,19227,430,0,49533,0.0009999999999976694
60226000,-600,-848,124826,-7599,-3693,127072,113,19232,463,0,49534,0.0010000000000047748
60227000,3225,220,123543,-481,-3441,130119,117,19220,479,1,49535,0.0009999999999976694
60228000,-4884,19817,128203,-1918,16943,116519,117,19220,479,1,49536,0.0009999999999976694
60229000,3123,9707,125578,-4388,7054,123047,100,19229,479,1,49537,0.0010000000000047748
60230000,6007,-1716,122080,8635,-5745,127005,100,19228,410,0,49538,0.0009999999999976694
60231000,7264,-4097,123676,3020,-8169,128092,122,19232,500,0,49539,0.0009999999999976694
60232000,10660,-3821,125121,7359,-7158,120385,103,19230,422,0,49540,0.0010000000000047748
60233000,1909,9390,127441,10280,7684,120652,106,19229,434,0,49541,0.0009999999999976694
60234008,5761,-2822,127184,-7197,-6689,133441,144,19229,590,1,49542,0.0010079999999987876
60235000,2423,6585,129707,7666,3191,122712,111,19231,590,1,49543,0.0009920000000036566
60236000,7059,5745,125010,8884,2992,127194,97,19231,455,1,49544,0.0009999999999976694
60237000,6569,7457,126857,24,4999,117551,97,19224,397,0,49545,0.0009999999999976694
60238001,12761,-4559,128515,2455,-5344,135614,127,19233,520,0,49546,0.00100100000000225
60239000,6844,-15390,124826,22088,-21638,126536,101,19231,414,0,49547,0.0009990000000001942
60240000,1568,5928,131313,-3439,306,130081,107,19231,438,1,49548,0.0009999999999976694
60241000,4020,1125,128723,-11343,-1071,123439,106,19224,438,1,49549,0.0010000000000047748
60242000,-158,16036,131756,13653,15164,131634,105,19227,434,1,49550,0.0009999999999976694
60243000,4413,-7878,126112,-2669,-9386,133842,105,19228,430,1,49551,0.0009999999999976694
60244001,9067,-9245,127645,-5028,4027,118386,119,19219,487,0,49552,0.00100100000000225
60245000,10596,601,131742,19334,-13242,137865,94,19234,385,0,49553,0.0009990000000001942
60246001,3749,-15349,127139,5190,-12360,132038,100,19234,410,0,49554,0.00100100000000225
60247000,637,13851,136151,-21839,8985,126700,136,19231,410,1,49555,0.0009990000000001942
60248000,-8767,6991,130921,11361,1566,127903,113,19224,557,1,49556,0.0009999999999976694
60249000,-7771,2884,130014,-13321,588,125602,113,19229,463,1,49557,0.0009999999999976694
60250000,-677,-7437,130820,-14332,-16131,135570,97,19226,397,0,49558,0.0010000000000047748
60251000,-2085,-6483,127562,5287,-7092,125169,133,19232,545,0,49559,0.0009999999999976694
60252000,1807,12456,131746,-4192,9349,119610,107,19229,438,0,49560,0.0009999999999976694
60253000,-6515,-4076,131642,-12955,-10650,134637,114,19229,438,0,49561,0.0010000000000047748
60254000,-6713,-2635,129175,-11694,-1859,130515,125,19222,467,1,49562,0.0009999999999976694
60255000,-11839,2949,130482,-13531,-260,131525,125,19228,512,1,49563,0.0009999999999976694
60256000,-3579,16935,129531,-20949,19410,116415,104,19231,426,1,49564,0.0010000000000047748
60257000,-1308,4480,127750,3843,-5291,127002,112,19217,459,0,49565,0.0009999999999976694
60258000,-5464,-16354,123616,-1587,-19077,134678,106,19228,434,0,49566,0.0009999999999976694
60259000,137,4532,127214,-19109,3491,125094,109,19228,434,0,49567,0.0010000000000047748
60260000,-5211,7970,127051,-1017,6902,125263,134,19228,446,1,49568,0.0009999999999976694
60261000,-5705,14904,129120,-4936,11361,123752,134,19224,549,1,49569,0.0009999999999976694
60262000,-7335,6869,128106,-19834,1252,125241,115,19231,471,1,49570,0.0010000000000047748
60263000,-3348,990,127304,166,-4457,129068,99,19224,405,0,49571,0.0009999999999976694
60264000,3136,-1701,123954,2273,-4525,126057,141,19230,577,0,49572,0.0009999999999976694
60265000,2894,7196,124988,-7126,1816,123156,105,19230,577,0,49573,0.0010000000000047748
60266000,2940,6103,125264,-1240,3950,123326,109,19234,430,0,49574,0.0009999999999976694
60267001,-3172,2826,125085,-1827,-1686,126665,109,19224,446,1,49575,0.00100100000000225
60268000,-2147,16503,130622,-12244,13885,130326,144,19227,590,1,49576,0.0009990000000001942
60269000,2068,9410,123389,6540,7881,117217,103,19232,422,1,49577,0.0009999999999976694
60270000,6241,4681,125531,10209,298,125170,100,19225,410,0,49578,0.0009999999999976694
60271000,12561,-3020,120359,-3836,-7999,125276,89,19225,410,0,49579,0.0010000000000047748
60272000,8729,2012,124090,14931,-1210,126130,112,19228,365,0,49580,0.0009999999999976694
60273000,8548,729,129205,4687,-2762,129423,112,19232,459,1,49581,0.0009999999999976694
60274000,2780,6825,129973,-3958,4556,121412,129,19224,528,1,49582,0.0009999999999976694
60275000,-256,-6530,125060,11530,-12141,138319,111,19229,455,1,49583,0.0010000000000047748
60276001,8718,7975,125892,-1425,5207,120739,95,19228,389,1,49584,0.0010009999999951447
60277002,9908,9269,126895,1410,8422,120263,135,19228,389,0,49585,0.00100100000000225
60278002,13287,5882,127808,19235,2951,126953,102,19232,553,0,49586,0.0010000000000047748
60279000,6407,-12005,126462,5035,-14821,124413,102,19231,418,0,49587,0.0009979999999956135
60280000,5722,-5143,132137,145,-9086,140805,104,19223,426,1,49588,0.0009999999999976694
60281000,-1107,8443,127805,5558,3123,123028,126,19229,516,1,49589,0.0010000000000047748
60282000,1518,19147,136062,-5379,16172,126058,110,19229,451,1,49590,0.0009999999999976694
60283000,5052,-4077,128144,-655,-4519,131029,106,19229,434,1,49591,0.0009999999999976694
60284000,4872,-13251,125837,6699,-18221,130716,129,19222,434,0,49592,0.0010000000000047748
60285000,5451,-514,127882,8682,-6314,125074,108,19230,528,0,49593,0.0009999999999976694
60286000,1611,-614,127316,-115,-3520,128749,108,19230,442,0,49594,0.0009999999999976694
60287000,6838,9850,131738,-20435,2198,129433,124,19222,508,1,49595,0.0010000000000047748
60288000,-6602,11329,134781,3114,9842,128591,113,19230,463,1,49596,0.0009999999999976694
60289000,-2283,-1912,128325,2276,-4838,127261,99,19230,405,1,49597,0.0009999999999976694
60290000,-4714,-12326,128483,-20326,-13968,137200,131,19227,405,0,49598,0.0010000000000047748
60291000,1436,-9499,129295,-4931,400,136168,99,19230,537,0,49599,0.0009999999999976694
60292000,1111,12870,130154,5031,12866,114428,99,19230,405,0,49600,0.0009999999999976694
60293000,-7516,10818,132042,-17384,3355,129686,108,19228,442,1,49601,0.0010000000000047748
60294000,-7513,-25,131620,-13861,-3478,134039,146,19230,598,1,49602,0.0009999999999976694
60295000,-10137,-2652,127267,-6425,-1597,129670,117,19230,479,1,49603,0.0009999999999976694
60296000,-5405,15176,132878,-13250,12417,121710,101,19232,479,1,49604,0.0010000000000047748
60297000,-8279,5382,128688,-11685,-9582,127582,139,19222,414,0,49605,0.0009999999999976694
60298000,-1365,-11016,125485,-1034,-9997,133058,139,19236,569,0,49606,0.0009999999999976694
60299000,-3528,1425,129775,-7139,-2728,127728,103,19232,422,0,49607,0.0010000000000047748
60300000,-6569,6510,126703,-9963,6480,121851,114,19219,467,1,49608,0.0009999999999976694
60301000,-6437,16130,129260,-10742,11421,122310,111,19227,455,1,49609,0.0009999999999976694
60302000,-4794,5605,127263,-11704,524,129233,104,19227,455,1,49610,0.0010000000000047748
60303002,3252,7112,124825,11314,7536,126647,122,19228,426,0,49611,0.0010019999999997253
60304000,-6397,-7748,120887,-9960,-5609,125451,122,19226,500,0,49612,0.0009979999999956135
60305001,4859,264,124063,-7845,-2008,122879,99,19228,405,0,49613,0.00100100000000225
60306000,976,8013,126072,9339,4784,128471,108,19226,442,0,49614,0.0009990000000001942
60307000,-426,5813,125257,-5968,4252,125085,146,19222,598,1,49615,0.0009999999999976694
60308000,-1064,13117,128194,-6346,7057,124461,116,19222,598,1,49616,0.0010000000000047748
60309000,3458,11058,125715,1872,7140,121964,95,19235,475,1,49617,0.0009999999999976694
60310000,11909,6626,125710,9747,475,125337,95,19229,389,0,49618,0.0009999999999976694
60311000,6500,-3730,123895,8933,-9998,125415,109,19232,446,0,49619,0.0010000000000047748
60312000,6656,-3314,124002,-2324,-4578,127107,111,19228,455,0,49620,0.0009999999999976694
60313000,3558,4816,127005,6620,4664,126858,118,19224,483,1,49621,0.0009999999999976694
60314000,2305,8304,129581,1233,4081,123952,114,19224,483,1,49622,0.0010000000000047748
60315000,5591,13564,127180,4322,9937,122782,103,19230,467,1,49623,0.0009999999999976694
60316000,6649,329,125302,2135,-908,123195,103,19231,422,1,49624,0.0009999999999976694
60317000,14686,-6602,127765,11338,-11426,131911,115,19221,471,0,49625,0.0010000000000047748
60318000,9255,-9205,125025,14981,-13316,129793,91,19232,373,0,49626,0.0009999999999976694
60319000,5360,538,127962,-1300,-2126,129115,104,19232,426,0,49627,0.0009999999999976694
60320000,3240,10101,131001,-7998,6627,127025,130,19232,426,1,49628,0.0010000000000047748
60321000,915,10601,128198,9736,3953,129868,114,19224,532,1,49629,0.0009999999999976694
60322000,2568,8587,128965,6074,5539,125260,114,19228,467,1,49630,0.0009999999999976694
60323000,7952,-5438,126554,-10285,-9314,129654,99,19228,405,0,49631,0.0010000000000047748
60324000,12540,-5679,129956,14185,-9436,130783,162,19235,664,0,49632,0.0009999999999976694
60325002,3954,-409,130386,18683,-4219,129919,104,19229,426,0,49633,0.0010019999999997253
60326000,-836,-5303,133376,-26887,-9303,130377,105,19229,430,0,49634,0.000998000000002719
60327000,-4308,19416,134684,-4982,17662,121945,130,19224,430,1,49635,0.0009999999999976694
60328000,-7668,-2591,130239,9141,-4536,138033,104,19232,532,1,49636,0.0009999999999976694
60329000,-2520,-5374,130146,-15644,-7871,129375,104,19232,426,1,49637,0.0010000000000047748
60330000,-632,-2598,130790,-12134,-6651,127597,110,19220,451,0,49638,0.0009999999999976694
60331000,6141,6884,126316,10197,-628,120228,101,19228,414,0,49639,0.0009999999999976694
60332000,-6094,1407,131243,-5372,781,130090,117,19228,479,0,49640,0.0010000000000047748
60333000,-4507,-8543,128007,-20858,-12525,131928,130,19225,479,1,49641,0.0009999999999976694
60334000,-10715,8712,131696,-7885,4683,126655,115,19224,532,1,49642,0.0009999999999976694
60335000,-8638,10444,130858,-10061,6469,125714,115,19229,471,1,49643,0.0009999999999976694
60336000,-850,2563,129293,-11816,2344,133691,101,19230,414,1,49644,0.0010000000000047748
60337000,-4186,-12749,124364,-2924,-14895,130451,147,19225,602,0,49645,0.0009999999999976694
60338003,-1965,4169,126969,-8175,20251,114939,105,19225,430,0,49646,0.001003000000004306
60339000,-2937,8080,127888,-7044,188,129343,102,19232,430,0,49647,0.0009969999999981383
60340000,-5459,-816,127463,-5154,-6107,128578,131,19225,418,1,49648,0.0009999999999976694
60341000,-7396,6090,127828,-13163,-302,131607,131,19227,537,1,49649,0.0009999999999976694
60342000,-5497,3803,127137,-6546,7570,118517,112,19232,459,1,49650,0.0010000000000047748
60343000,1435,12256,127989,-696,4181,119981,107,19224,438,0,49651,0.0009999999999976694
60344001,1486,-11848,123762,-3202,-16925,134678,81,19227,332,0,49652,0.00100100000000225
60345000,623,70,125960,38,2017,123401,106,19227,332,0,49653,0.0009990000000001942
60346000,-2212,10098,127183,-1093,9259,122433,121,19228,434,0,49654,0.0009999999999976694
60347000,-2535,11129,125688,-9175,9756,120451,121,19219,496,1,49655,0.0009999999999976694
60348003,411,5024,126030,-1277,2285,131214,109,19231,446,1,49656,0.001003000000004306
60349000,5210,-2795,122152,4296,-3876,123068,95,19230,389,1,49657,0.0009969999999981383
60350000,9147,11461,123101,-2032,9115,116135,129,19235,528,0,49658,0.0009999999999976694
60351001,8384,-4097,124136,13442,-11191,128676,107,19235,528,0,49659,0.00100100000000225
60352000,7386,-10929,124839,7676,-13394,129639,111,19227,438,0,49660,0.0009990000000001942
60353000,6203,-2559,126246,-4791,-5349,131272,111,19224,455,1,49661,0.0009999999999976694
60354000,3483,14919,129838,8950,16562,117901,137,19229,561,1,49662,0.0010000000000047748
60355000,8426,19102,126838,6554,12953,121249,106,19231,434,1,49663,0.0009999999999976694
60356000,6680,-11393,123179,504,-17463,130021,99,19223,405,0,49664,0.0009999999999976694
60357000,9300,-7214,127141,7555,-6694,130618,124,19223,405,0,49665,0.0010000000000047748
60358000,6278,-9554,125009,11319,-12930,128019,109,19230,508,0,49666,0.0009999999999976694
60359000,5280,8335,130120,-2675,4839,124279,109,19229,446,0,49667,0.0009999999999976694
60360001,2576,2901,128160,-1085,-1483,130528,115,19221,471,1,49668,0.00100100000000225
60361000,2773,10795,129703,2958,7667,123536,109,19228,446,1,49669,0.0009990000000001942
60362000,1912,10064,131093,-1122,5925,127992,98,19227,401,1,49670,0.0009999999999976694
60363002,9993,-9625,127294,1100,-13613,127650,127,19227,401,0,49671,0.0010019999999997253
60364001,9748,-11751,130820,10500,-15040,134376,98,19223,520,0,49672,0.0009990000000001942
60365002,2640,-4540,128821,10756,-7970,133010,98,19230,401,0,49673,0.00100100000000225
60366000,2084,6437,130640,-20812,3997,123537,101,19226,414,1,49674,0.000998000000002719
60367002,-5640,12895,133877,-1194,10611,128451,142,19227,582,1,49675,0.0010019999999997253
60368003,-6818,9043,127486,2406,4984,124247,109,19234,446,1,49676,0.0010009999999951447
60369002,-95,-3596,129807,-21883,-5988,131907,94,19234,385,1,49677,0.0009990000000001942
60370000,-504,-10069,129828,2220,-14548,134265,119,19230,385,0,49678,0.000998000000002719
60371000,3926,1591,130485,4212,-1538,126354,111,19230,487,0,49679,0.0009999999999976694
60372000,-7594,5173,132079,-11952,1651,129060,111,19228,455,0,49680,0.0010000000000047748
60373000,-6756,5123,131676,-15017,3270,126584,117,19220,479,1,49681,0.0009999999999976694
60374000,-7702,6674,130776,-13843,4744,135965,110,19226,451,1,49682,0.0009999999999976694
60375000,-7338,16655,131064,-3510,15029,122358,104,19226,426,1,49683,0.0010000000000047748
60376000,-2998,9871,129315,-13025,6516,128172,119,19229,426,0,49684,0.0009999999999976694
60377000,-3048,-6904,125255,-10279,-9426,127998,91,19215,487,0,49685,0.0009999999999976694
60378000,-289,-6439,127075,-3057,-12955,133853,91,19233,373,0,49686,0.0010000000000047748
60379000,-1358,10877,125692,-2635,5870,120929,99,19228,405,0,49687,0.0009999999999976694
60380000,-6656,11865,126927,-11338,10686,126935,138,19220,565,1,49688,0.0009999999999976694
60381000,-4890,3485,128375,-13924,1493,129535,115,19220,471,1,49689,0.0010000000000047748
60382000,317,3605,126215,-5829,545,127582,99,19230,471,1,49690,0.0009999999999976694
60383000,-75,2920,126429,3332,236,122314,109,19231,405,0,49691,0.0009999999999976694
60384000,188,887,124439,-3788,-284,124080,109,19232,446,0,49692,0.0010000000000047748
60385000,1691,813,125182,-8292,-2692,134858,105,19228,430,0,49693,0.0009999999999976694
60386001,-574,9771,126002,2398,9190,118077,111,19221,455,1,49694,0.00100100000000225
60387000,-3282,14861,126793,-4031,13408,121384,140,19230,573,1,49695,0.0009990000000001942
60388000,-335,15578,126926,-7418,11649,121849,104,19230,573,1,49696,0.0009999999999976694
60389000,7610,-6520,122199,5514,-12096,132861,108,19234,426,0,49697,0.0009999999999976694
60390000,8842,-5599,125002,10345,-5989,127566,108,19224,442,0,49698,0.0010000000000047748
60391000,6075,5127,127018,1062,-6270,118027,94,19227,385,0,49699,0.0009999999999976694
60392000,5875,-5942,126002,4163,-7053,134532,111,19230,455,0,49700,0.0009999999999976694
60393000,1897,1720,128779,8879,-2673,125132,134,19227,549,1,49701,0.0010000000000047748
60394000,3299,11629,128321,-8820,5649,119048,116,19227,549,1,49702,0.0009999999999976694
60395000,5892,15147,126723,10911,11436,122928,97,19229,475,1,49703,0.0009999999999976694
60396000,10457,477,124920,6702,-4567,121010,97,19227,397,0,49704,0.0010000000000047748
60397000,11786,-5074,128578,5395,-11221,137458,149,19237,610,0,49705,0.0009999999999976694
60398000,3126,-15209,124167,12241,-13221,127887,102,19228,418,0,49706,0.0009999999999976694
60399002,6500,949,132224,-5180,-2011,132612,106,19224,434,1,49707,0.0010019999999997253
60400000,-1078,8084,128982,3041,6961,124701,126,19224,434,1,49708,0.000998000000002719
60401000,-196,10041,129844,2658,5654,128636,109,19229,516,1,49709,0.0009999999999976694
60402000,5347,-1584,129237,-8103,-8188,129737,109,19231,446,1,49710,0.0009999999999976694
60403001,9769,-7357,127639,12280,-13720,121317,108,19221,442,0,49711,0.00100100000000225
60404000,9546,-273,132179,13252,-3322,133982,99,19232,405,0,49712,0.0009990000000001942
60405000,-553,-11560,127785,-7350,-15250,128386,105,19231,430,0,49713,0.0009999999999976694
60406000,2116,4321,133423,-12997,1447,130874,126,19231,430,1,49714,0.0010000000000047748
60407000,-9141,4340,131586,580,1726,131962,113,19223,516,1,49715,0.0009999999999976694
60408000,-9839,3928,131505,-7076,309,121465,113,19228,463,1,49716,0.0009999999999976694
60409000,1416,768,133047,-18221,-3460,133469,97,19228,397,0,49717,0.0010000000000047748
60410000,-2790,-8522,125017,2251,-12324,128665,137,19230,561,0,49718,0.0009999999999976694
60411000,1550,8044,133013,-882,5368,126339,114,19227,467,0,49719,0.0009999999999976694
60412000,-6953,-377,129870,-14673,-3477,132291,117,19227,467,0,49720,0.0010000000000047748
60413000,-6547,6533,131896,-13223,4453,132198,137,19224,479,1,49721,0.0009999999999976694
60414001,-7988,7978,131556,-10561,5249,131807,137,19227,561,1,49722,0.00100100000000225
60415000,-3475,10121,127990,-9177,6831,121984,111,19231,455,1,49723,0.0009990000000001942
60416000,-1180,3840,127082,-5726,958,127332,105,19221,430,0,49724,0.0009999999999976694
60417000,-4279,-10343,124360,-7881,-12936,133267,127,19228,520,0,49725,0.0009999999999976694
60418000,1601,7849,129689,-5326,4435,124940,102,19228,418,0,49726,0.0010000000000047748
60419001,-7834,1355,126768,-9630,-2535,127720,121,19231,418,1,49727,0.0010009999999951447
60420000,-6813,15759,129810,-12337,9572,120935,115,19222,496,1,49728,0.0009990000000001942
60421000,-5379,7565,128318,-8068,8763,128739,115,19228,471,1,49729,0.0010000000000047748
60422000,-2326,-1260,122798,-3948,-6249,129360,101,19228,414,1,49730,0.0009999999999976694
60423000,2962,11962,127642,-1924,9756,117452,131,19229,537,0,49731,0.0009999999999976694
60424000,1285,-1330,123598,2584,-4175,124227,103,19229,422,0,49732,0.0010000000000047748
60425000,4974,-1667,125853,-1402,-4586,126128,111,19228,422,0,49733,0.0009999999999976694
60426001,-2699,-1826,125262,-12136,-5083,134548,153,19227,455,1,49734,0.00100100000000225
60427003,-2276,22858,127881,3476,15046,112527,153,19225,627,1,49735,0.0010019999999997253
60428000,2133,9038,126712,-8667,10515,131534,109,19236,446,1,49736,0.0009969999999981383
60429000,4189,1187,122322,3922,-8445,122217,97,19226,397,0,49737,0.0009999999999976694
60430000,9187,-508,122273,13456,-6981,128490,87,19226,356,0,49738,0.0010000000000047748
60431000,8589,-1721,122557,-3315,-8253,116054,113,19231,356,0,49739,0.0009999999999976694
60432000,8965,17577,128086,8113,15762,123549,120,19229,463,0,49740,0.0009999999999976694
60433000,4764,-8639,125526,2079,-7851,130561,120,19222,491,1,49741,0.0010000000000047748
60434000,3831,9031,131395,-2549,1852,126203,112,19226,459,1,49742,0.0009999999999976694
60435000,5339,-5928,124293,15300,-8850,132335,101,19231,414,1,49743,0.0009999999999976694
60436000,9132,7966,127987,-4130,9079,113675,122,19223,500,0,49744,0.0010000000000047748
60437000,12294,1838,129726,12683,-10191,136050,97,19223,500,0,49745,0.0009999999999976694
60438000,6029,-2892,126540,11045,-8468,123697,102,19231,397,0,49746,0.0009999999999976694
60439000,4607,8408,129648,-4650,6031,127512,102,19225,418,1,49747,0.0010000000000047748
60440000,-853,7131,133199,1228,4932,126047,141,19228,577,1,49748,0.0009999999999976694
60441000,4331,8419,129103,5475,6348,124138,111,19232,455,1,49749,0.0009999999999976694
60442000,5936,1855,130892,-2560,-2569,135290,100,19227,410,1,49750,0.0010000000000047748
60443001,7351,-8938,126906,-469,-11187,126382,133,19227,410,0,49751,0.0010009999999951447
60444000,10336,-6650,126564,16874,-5342,126656,104,19233,545,0,49752,0.0009990000000001942
60445000,665,-1756,130936,-2161,-3954,132186,104,19234,426,0,49753,0.0010000000000047748
60446000,2517,-2214,130066,-20780,-2790,130208,109,19223,446,1,49754,0.0009999999999976694
60447001,-4874,25653,135193,-423,25700,124550,128,19228,524,1,49755,0.00100100000000225
60448001,-1743,3571,130042,4940,-4541,130081,102,19229,418,1,49756,0.0009999999999976694
60449000,-4243,-12376,126161,-13819,-16181,132678,113,19229,418,0,49757,0.0009990000000001942
60450000,-1413,-11673,130322,-12118,-15140,133015,93,19216,463,0,49758,0.0009999999999976694
60451000,714,3521,131727,12061,3654,124233,93,19234,381,0,49759,0.0010000000000047748
60452002,-8054,21731,134500,-17054,16498,119238,108,19228,442,0,49760,0.0010019999999997253
60453000,-9478,-1954,128993,-23128,-6246,136050,138,19225,565,1,49761,0.0009979999999956135
60454000,-7323,-4969,128089,-2185,-7185,131576,114,19229,467,1,49762,0.0010000000000047748
60455000,-4441,4464,130227,-6706,2214,125212,98,19229,467,1,49763,0.0009999999999976694
60456000,-3774,14926,128752,-11903,10911,118841,158,19226,401,0,49764,0.0009999999999976694
60457000,-1496,-10834,125499,-7461,-14460,131096,158,19227,647,0,49765,0.0010000000000047748
60458000,-2514,-2859,127426,-41,-5609,134145,103,19229,422,0,49766,0.0009999999999976694
60459000,-3382,15048,126579,-12214,11862,114894,108,19225,442,1,49767,0.0009999999999976694
60460000,-9390,17271,128949,-7327,13423,123286,125,19228,512,1,49768,0.0009999999999976694
60461000,-2128,-2646,126815,-12084,-6497,131475,107,19228,438,1,49769,0.0010000000000047748
60462001,1672,1492,126621,-1483,-2921,127599,111,19229,438,0,49770,0.00100100000000225
60463000,-1528,4647,125239,3320,1417,124105,100,19226,455,0,49771,0.0009989999999930887
60464000,-212,-378,122656,-10611,-4234,121918,100,19229,410,0,49772,0.0010000000000047748
60465000,556,-3736,125146,-3446,-5943,129991,112,19231,459,0,49773,0.0009999999999976694
60466000,876,3422,125183,913,390,121044,132,19218,541,1,49774,0.0009999999999976694
60467000,-1749,17882,128941,-2416,15997,119713,113,19218,463,1,49775,0.0010000000000047748
60468000,1044,7006,123618,-2578,7555,125900,95,19232,463,1,49776,0.0009999999999976694
60469000,6879,2952,122753,6848,-103,120093,132,19228,389,0,49777,0.0009999999999976694
60470000,9429,-2962,124983,-472,-8542,131754,132,19231,541,0,49778,0.0010000000000047748
60471000,7965,63,126112,15526,-4018,120991,109,19228,446,0,49779,0.0009999999999976694
60472001,5403,-1286,126477,3304,-4055,126434,109,19228,446,1,49780,0.00100100000000225
60473000,2749,6726,128792,-35,1309,129762,127,19228,520,1,49781,0.0009990000000001942
60474000,1998,5204,125777,5123,3983,133644,106,19230,520,1,49782,0.0009999999999976694
60475000,7787,-3228,125053,6097,-8336,120684,106,19234,434,1,49783,0.0009999999999976694
60476002,10157,13046,127338,2570,14872,120290,106,19220,434,0,49784,0.0010019999999997253
60477000,12145,-15280,124750,6444,-14459,139120,91,19232,373,0,49785,0.000998000000002719
60478002,4745,-4800,128689,19936,-10579,121156,104,19228,426,0,49786,0.0010019999999997253
60479002,2622,-1068,129851,-9345,2573,141918,118,19218,483,1,49787,0.0009999999999976694
60480003,1641,19893,130312,-3238,18723,108201,109,19218,483,1,49788,0.00100100000000225
60481000,-127,14956,130539,13193,-4750,135712,97,19226,446,1,49789,0.0009969999999981383
60482000,6847,-11941,125280,-11803,-12208,130711,97,19228,397,0,49790,0.0010000000000047748
60483000,8655,-5376,131163,18165,-5446,125119,140,19227,573,0,49791,0.0009999999999976694
60484000,8379,-15261,127574,17549,-18832,140436,102,19230,418,0,49792,0.0009999999999976694
60485000,792,8295,131349,-28302,6739,116664,104,19224,426,0,49793,0.0010000000000047748
60486000,-3156,5750,133850,-6190,2841,136956,146,19224,426,1,49794,0.0009999999999976694
60487002,-8455,6762,131362,11645,-1380,126952,105,19230,598,1,49795,0.0010019999999997253
60488000,-3086,-3469,128427,-20898,-6048,132823,105,19231,430,1,49796,0.000998000000002719
60489000,-968,-5570,130378,-5969,-9715,131321,100,19225,410,0,49797,0.0009999999999976694
60490000,6500,5414,128153,4638,3167,118657,113,19228,463,0,49798,0.0009999999999976694
60491000,-2922,3333,134522,-8299,-3593,143638,108,19227,442,0,49799,0.0010000000000047748
60492000,-3380,-6069,125796,-10234,-6302,122679,123,19227,442,1,49800,0.0009999999999976694
60493000,-12199,9281,131964,-14045,5563,129155,112,19218,504,1,49801,0.0009999999999976694
60494000,-9694,10402,128993,-12821,8342,126314,112,19230,459,1,49802,0.0010000000000047748
60495000,-3557,11754,130784,-6461,5247,123822,101,19230,414,1,49803,0.0009999999999976694
60496000,-5351,-8775,126015,-6494,-12108,132780,129,19222,528,0,49804,0.0009999999999976694
60497001,-2409,-928,127350,-9956,-3121,119857,100,19232,410,0,49805,0.00100100000000225
60498000,-411,-1979,127918,-7871,-5414,134490,105,19232,410,0,49806,0.0009990000000001942
60499000,-5025,9212,128555,-4395,7439,120850,148,19226,430,1,49807,0.0009999999999976694
60500000,-6845,14852,128240,-14113,9805,124067,148,19228,606,1,49808,0.0010000000000047748
60501001,-8116,4117,126645,-4233,133,128155,113,19236,463,1,49809,0.0010009999999951447
60502000,309,2789,126306,-3295,-1360,124350,102,19225,418,0,49810,0.0009990000000001942
60503000,2058,-4083,126023,-7963,-6222,131555,106,19233,434,0,49811,0.0010000000000047748
60504002,2601,11319,127112,7784,8880,117716,111,19233,455,0,49812,0.0010019999999997253
60505002,-1753,1696,125058,-4090,-1562,131943,121,19231,455,0,49813,0.0009999999999976694
60506000,-3283,5431,125624,-13337,2576,124952,128,19221,496,1,49814,0.000998000000002719
60507000,-838,12020,126533,2530,8573,126807,128,19230,524,1,49815,0.0009999999999976694
60508002,2355,10301,123957,5896,6849,122261,101,19233,414,1,49816,0.0010019999999997253
60509001,11406,1685,122707,-2029,-2819,121013,116,19228,475,0,49817,0.0009990000000001942
60510000,11920,-9964,122919,11761,-13217,130267,100,19228,410,0,49818,0.0009990000000001942
60511000,8340,1083,127023,8198,-658,122732,115,19227,410,0,49819,0.0009999999999976694
60512000,3678,2957,129379,-6111,430,128508,144,19228,471,1,49820,0.0010000000000047748
60513000,-3338,4448,130163,7142,2030,126117,144,19229,590,1,49821,0.0009999999999976694
60514000,1976,2453,125605,52,134,124731,112,19232,459,1,49822,0.0009999999999976694
60515001,6163,1164,124984,2072,44,126508,96,19225,393,1,49823,0.00100100000000225
60516000,14090,10952,127213,4874,6096,117808,134,19225,549,0,49824,0.0009990000000001942
60517001,11183,-1106,127969,15751,-1981,128936,105,19232,549,0,49825,0.00100100000000225
60518007,4635,-11752,127245,10554,-14319,128911,109,19229,430,0,49826,0.0010059999999967317
60519002,2965,-6645,128792,-7959,-11522,137263,109,19224,446,1,49827,0.0009950000000031878
60520000,-2973,17291,130589,-1292,12520,121725,114,19230,467,1,49828,0.0009979999999956135
60521000,9296,10425,131033,5421,10685,135777,104,19232,426,1,49829,0.0010000000000047748
60522000,1771,-2664,128316,6711,-5110,125493,114,19222,467,0,49830,0.0009999999999976694
60523002,8673,-12585,126083,-5950,-19012,132293,97,19222,467,0,49831,0.0010019999999997253
60524000,3535,-3084,129433,19455,-10353,128259,109,19231,397,0,49832,0.0009979999999956135
60525000,2414,5794,131936,-5852,-163,126856,109,19230,446,0,49833,0.0010000000000047748
60526000,2017,21360,132962,-23175,25691,126244,132,19224,541,1,49834,0.0009999999999976694
60527000,-8965,5454,131160,10388,-7210,123762,113,19231,463,1,49835,0.0009999999999976694
60528000,-1394,-10483,130520,-13437,-18256,135320,98,19227,401,1,49836,0.0010000000000047748
60529001,-3723,-14506,129754,-9970,-17338,133676,150,19227,401,0,49837,0.0010009999999951447
60530000,4339,-2299,130465,-221,2028,125267,106,19230,614,0,49838,0.0009990000000001942
60531001,-5645,14731,131211,-12996,9905,121951,106,19227,434,0,49839,0.00100100000000225
60532000,-6845,9706,130231,-14889,-3411,130700,111,19222,455,1,49840,0.0009990000000001942
60533000,-6817,-343,129011,-138,709,135542,130,19228,532,1,49841,0.0009999999999976694
60534000,-9186,8134,130069,-12135,8448,120768,108,19230,442,1,49842,0.0010000000000047748
60535001,-61,18548,130995,-11036,14119,123059,110,19230,442,1,49843,0.0010009999999951447
60536000,-2298,-6114,124560,-4755,-12468,133849,129,19220,451,0,49844,0.0009990000000001942
60537000,-134,-5447,126809,-4012,-6428,129359,129,19230,528,0,49845,0.0010000000000047748
60538015,-2243,7601,125385,-8320,7912,121510,100,19230,410,0,49846,0.0010149999999953252
60539000,-5836,8886,128659,-11477,7256,121843,120,19228,491,1,49847,0.0009850000000000136
60540000,-1318,8642,128781,-8676,4280,127864,117,19230,479,1,49848,0.0010000000000047748
60541000,-3430,8592,126902,-2982,5611,126398,104,19230,479,1,49849,0.0009999999999976694
60542000,-3009,2951,124935,1470,-943,122289,141,19230,426,0,49850,0.0009999999999976694
60543000,-924,-2920,123921,-12349,-5373,127507,141,19232,577,0,49851,0.0010000000000047748
60544000,4654,6469,125486,389,4609,121658,103,19228,422,0,49852,0.0009999999999976694
60545000,773,6828,128221,7825,3520,128336,106,19226,434,0,49853,0.0009999999999976694
60546000,-3980,12054,126063,-12285,11886,123430,151,19226,618,1,49854,0.0010000000000047748
60547000,-274,12906,124849,-6191,9152,122389,109,19226,618,1,49855,0.0009999999999976694
60548000,7431,8130,125844,8328,4845,126853,101,19233,446,1,49856,0.0009999999999976694
60549000,10683,-6578,122389,9336,-12042,125327,101,19225,414,0,49857,0.0010000000000047748
60550000,7680,3417,124904,4289,873,119660,82,19229,336,0,49858,0.0009999999999976694
60551000,7117,-6163,125359,874,-9879,130836,107,19228,438,0,49859,0.0009999999999976694
60552000,4605,317,127399,10976,-3004,127530,122,19221,500,1,49860,0.0010000000000047748
60553000,1471,16879,129319,-235,14504,119303,112,19221,459,1,49861,0.0009999999999976694
60554000,6066,11953,126088,-3155,9709,122713,102,19232,459,1,49862,0.0009999999999976694
60555000,10931,-3491,126151,13332,-6605,131162,129,19229,418,0,49863,0.0010000000000047748
60556000,11867,-6203,125653,8454,-11151,129860,129,19229,528,0,49864,0.0009999999999976694
60557000,8624,-8005,126886,10489,-12735,129647,98,19230,401,0,49865,0.0009999999999976694
60558000,3609,3373,131420,-1444,717,125759,102,19225,418,0,49866,0.0010000000000047748
60559000,1809,10606,131730,-5285,7595,128600,140,19225,573,1,49867,0.0009999999999976694
60560000,-2535,7332,129339,8886,3965,129970,113,19230,573,1,49868,0.0009999999999976694
60561000,3093,-2107,129312,-1311,-4157,127677,101,19231,463,1,49869,0.0010000000000047748
60562000,12146,-2867,128374,-2471,-3301,123211,101,19224,414,0,49870,0.0009999999999976694
60563000,10786,-7945,130258,23014,-9314,130783,124,19231,508,0,49871,0.0009999999999976694
60564000,4320,-4459,130252,818,-8776,136953,104,19227,426,0,49872,0.0010000000000047748
60565000,-2298,9989,134391,-20517,6054,120680,114,19227,467,1,49873,0.0009999999999976694
60566000,-4830,-239,131085,4998,-1139,131344,116,19224,467,1,49874,0.0009999999999976694
60567000,-6521,882,129939,-1455,-5400,132409,100,19230,475,1,49875,0.0010000000000047748
60568001,-869,-3910,127819,-17023,-6438,132612,100,19232,410,1,49876,0.0010009999999951447
60569000,3776,1889,128181,-2092,-6190,119629,124,19224,508,0,49877,0.0009990000000001942
60570003,1872,3690,129387,6516,1259,130014,99,19231,405,0,49878,0.001003000000004306
60571002,-3269,-2640,130896,-12789,-6686,132929,109,19228,446,0,49879,0.0009990000000001942
60572002,-10287,-1357,130311,-15806,-2957,133113,148,19228,446,1,49880,0.0009999999999976694
60573002,-8800,8315,130567,-7741,23043,125411,114,19228,606,1,49881,0.0009999999999976694
60574000,-4937,13075,130689,-10634,3120,120852,114,19231,467,1,49882,0.000998000000002719
60575000,-1897,-5853,127171,-6986,-12764,137369,98,19226,401,0,49883,0.0009999999999976694
60576000,-2986,-2942,125993,-8208,-5117,125077,162,19232,664,0,49884,0.0010000000000047748
60577000,-734,2199,128216,-2264,436,122300,103,19227,422,0,49885,0.0009999999999976694
60578000,-6416,6156,129028,-6605,3394,125995,110,19227,422,0,49886,0.0009999999999976694
60579000,-8149,7114,129456,-22357,932,126420,120,19221,451,1,49887,0.0010000000000047748
60580000,-9756,138,128499,-5178,58,132203,120,19228,491,1,49888,0.0009999999999976694
60581000,-3337,10814,126733,-2854,6981,118562,105,19233,430,1,49889,0.0009999999999976694
60582000,2104,2216,125175,-6208,-1004,126255,116,19225,475,0,49890,0.0010000000000047748
60583001,4922,-2184,125040,2199,-4588,123755,97,19227,397,0,49891,0.0010009999999951447
60584000,2691,153,124410,-1059,-5582,128925,107,19227,397,0,49892,0.0009990000000001942
60585000,-5609,8973,126691,-11456,8564,126628,135,19229,438,1,49893,0.0009999999999976694
60586002,-2579,8950,126067,-4742,7084,119526,135,19222,553,1,49894,0.0010020000000068308
60587000,866,6098,126638,-208,3890,129196,112,19230,459,1,49895,0.0009979999999956135
60588000,5041,10480,123304,6504,2503,123743,93,19228,381,0,49896,0.0009999999999976694
60589001,7126,-2789,119755,8211,-6056,123500,113,19230,463,0,49897,0.00100100000000225
60590000,7729,7069,127033,3543,1832,119219,110,19230,463,0,49898,0.0009990000000001942
60591000,7357,-4773,125821,1913,-5034,127567,115,19229,451,0,49899,0.0009999999999976694
60592000,6614,-365,129277,6492,-4134,127615,115,19221,471,1,49900,0.0010000000000047748
60593000,-604,1380,126275,1707,-2233,127718,124,19230,508,1,49901,0.0009999999999976694
60594000,4912,3476,124377,-681,259,126327,103,19232,422,1,49902,0.0009999999999976694
60595000,8654,1108,125946,9819,-2024,123135,107,19219,438,0,49903,0.0010000000000047748
60596000,9963,-4390,126325,4772,-9624,126515,98,19219,401,0,49904,0.0009999999999976694
60597000,7810,-2390,129442,8368,-4958,127785,108,19231,401,0,49905,0.0009999999999976694
60598000,3001,4535,127530,947,1040,124463,124,19230,442,1,49906,0.0010000000000047748
60599000,-380,3139,128697,1664,-1548,131772,124,19224,508,1,49907,0.0009999999999976694
60600000,2241,8082,130429,553,5225,126350,114,19229,467,1,49908,0.0009999999999976694
60601000,6350,-822,128076,-816,-5649,130365,101,19231,414,1,49909,0.0010000000000047748
60602000,6585,4679,131278,8048,340,125957,149,19231,610,0,49910,0.0009999999999976694
60603000,11408,-18458,126185,2682,-22232,135741,104,19230,610,0,49911,0.0009999999999976694
60604000,2011,-5160,131315,12852,-9083,131771,104,19229,426,0,49912,0.0010000000000047748
60605002,4577,742,130210,-17285,-3064,130505,104,19227,426,1,49913,0.0010019999999997253
60606003,-4274,23400,134949,-5640,21372,120933,137,19230,561,1,49914,0.0010009999999951447
60607000,-5423,7674,131874,5683,7359,125742,106,19230,434,1,49915,0.0009970000000052437
60608000,-4194,-14021,126711,-15805,-14110,131250,104,19230,426,0,49916,0.0009999999999976694
60609000,-2080,-16516,129612,-6540,-22654,137291,93,19227,426,0,49917,0.0009999999999976694
60610000,-917,7056,132832,6124,4899,122642,108,19234,381,0,49918,0.0010000000000047748
60611000,-7021,8250,132801,-15345,5302,127646,108,19231,442,0,49919,0.0009999999999976694
60612000,-7035,6388,130969,-18715,6169,122997,129,19222,528,1,49920,0.0009999999999976694
60613000,-7906,-9131,126721,-4746,-10315,140845,115,19229,471,1,49921,0.0010000000000047748
60614000,-5134,20464,129084,-5724,11079,117813,99,19229,405,1,49922,0.0009999999999976694
60615000,-2384,2564,128313,-11914,4480,136120,138,19229,405,0,49923,0.0009999999999976694
60616001,-3154,-8502,124427,-8673,-12892,124585,101,19224,565,0,49924,0.00100100000000225
60617000,-556,2362,126916,-3904,-624,130657,101,19224,414,0,49925,0.0009990000000001942
60618000,-4892,5576,126610,-8667,2008,120464,108,19224,442,1,49926,0.0009999999999976694
60619000,-6919,18157,128709,-6098,14060,119378,141,19231,577,1,49927,0.0010000000000047748
60620000,-3084,4605,127743,-15797,4016,137187,114,19232,467,1,49928,0.0009999999999976694
60621000,-761,12434,127196,-3427,7646,111991,104,19232,467,1,49929,0.0009999999999976694
60622000,-144,-6434,125661,305,-15356,136987,101,19225,426,0,49930,0.0010000000000047748
60623000,-870,-10707,123292,4025,-9042,125202,101,19231,414,0,49931,0.0009999999999976694
60624002,851,2243,126481,-7778,2815,125653,111,19231,455,0,49932,0.0010019999999997253
60625000,-1635,14019,127585,3356,9565,124305,124,19216,508,1,49933,0.000998000000002719
60626002,-3147,16602,125685,-5030,3604,118817,113,19229,463,1,49934,0.0010019999999997253
60627000,4603,4041,126328,1202,-2518,130222,98,19229,463,1,49935,0.0009979999999956135
60628000,6610,6391,127119,10843,-3455,118294,123,19232,401,0,49936,0.0010000000000047748
60629001,9016,854,124392,2771,-4039,129582,123,19227,504,0,49937,0.0010009999999951447
60630000,5193,-1643,127205,6592,-7136,125840,115,19225,471,0,49938,0.0009990000000001942
60631024,6018,462,126342,1036,-5716,128573,117,19226,479,0,49939,0.001024000000001024
60632000,4694,3165,126050,8572,5308,125829,145,19229,594,1,49940,0.0009760000000014202
60633000,2291,17566,126765,-587,16171,117041,112,19229,594,1,49941,0.0009999999999976694
60634000,12923,4032,125323,3713,-744,130061,101,19232,459,1,49942,0.0010000000000047748
60635000,8286,10860,126578,14510,6220,116767,101,19227,414,0,49943,0.0009999999999976694
60636000,13059,-12813,125163,3887,-21938,134071,118,19232,483,0,49944,0.0009999999999976694
60637000,4333,-11934,128243,7039,-13894,127562,103,19233,422,0,49945,0.0010000000000047748
60638000,5948,6158,132041,-2938,1367,130045,110,19226,451,1,49946,0.0009999999999976694
60639000,-3292,5364,129539,3046,3284,128289,106,19226,451,1,49947,0.0009999999999976694
60640000,-3404,20873,131140,602,16629,114229,101,19228,434,1,49948,0.0010000000000047748
60641001,10384,-14236,124673,-9275,-18904,140577,101,19231,414,1,49949,0.0010009999999951447
60642000,5016,-1496,128948,22629,-2615,119816,121,19219,496,0,49950,0.0009990000000001942
60643000,10883,-9093,127652,-2522,-16243,135102,96,19232,393,0,49951,0.0010000000000047748
60644000,777,8566,130330,-8903,7206,117764,102,19226,418,0,49952,0.0009999999999976694
60645000,-1028,7644,132876,-4771,3436,133105,136,19226,557,1,49953,0.0009999999999976694
60646000,-9046,-13602,128232,-949,-17536,143479,113,19224,557,1,49954,0.0010000000000047748
60647000,-6894,17366,133399,-11693,15712,111680,97,19229,463,1,49955,0.0009999999999976694
60648000,3151,3731,128259,-14698,-484,137086,97,19229,397,0,49956,0.0009999999999976694
60649001,186,-821,128587,7045,-5145,124135,137,19232,561,0,49957,0.00100100000000225
60650000,2032,-5074,131600,-2795,-9147,134177,108,19231,442,0,49958,0.0009990000000001942
60651001,-9918,1562,130212,-16524,-2836,132818,116,19231,475,1,49959,0.0010009999999951447
60652000,-9044,11187,132584,-11708,8215,123502,126,19223,475,1,49960,0.0009990000000001942
60653000,-12654,6264,132239,-11549,3530,136289,108,19228,516,1,49961,0.0010000000000047748
60654000,-3698,9287,127932,-15958,4147,126431,108,19231,442,1,49962,0.0009999999999976694
60655000,-5399,-3123,128142,-5348,-6015,126665,114,19220,467,0,49963,0.0009999999999976694
60656000,34,933,126601,-4852,-3883,127021,117,19232,479,0,49964,0.0010000000000047748
60657000,497,-25,126403,-5214,-2102,127334,113,19228,463,0,49965,0.0009999999999976694
60658002,-6602,608,129583,-6716,-4563,133018,134,19228,463,1,49966,0.0010019999999997253
60659002,-6175,13188,129859,-16221,8598,120242,122,19223,549,1,49967,0.0009999999999976694
60660002,-9231,12000,128017,-5595,8236,124264,122,19229,500,1,49968,0.0010000000000047748
60661000,67,2829,125527,-5615,-33,129599,102,19229,418,0,49969,0.0009979999999956135
60662000,270,-1273,122480,-5556,-7058,124467,127,19232,520,0,49970,0.0010000000000047748
60663000,549,8824,125574,3625,1012,122827,108,19229,442,0,49971,0.0009999999999976694
60664000,1449,2924,124328,-4993,-1911,123097,108,19229,442,0,49972,0.0009999999999976694
60665000,-1919,4983,128996,-3693,3067,132524,145,19229,442,1,49973,0.0010000000000047748
60666000,167,5208,125257,-6451,4232,121066,145,19229,594,1,49974,0.0009999999999976694
60667001,4887,14896,124319,1657,21435,116994,104,19232,426,1,49975,0.00100100000000225
60668000,7829,-1381,123592,12032,-12858,127827,102,19225,418,0,49976,0.0009990000000001942
60669000,11974,-11745,120861,931,-14706,128628,88,19228,360,0,49977,0.0009999999999976694
60670000,8124,2753,127431,8923,2087,124617,108,19228,360,0,49978,0.0009999999999976694
60671000,4968,6418,129080,1229,2850,121931,127,19228,442,1,49979,0.0010000000000047748
60672000,1314,13294,129836,-5361,5385,124057,127,19223,520,1,49980,0.0009999999999976694
60673001,811,3998,127898,13971,-6505,131790,112,19233,459,1,49981,0.00100100000000225
60674001,6509,-5929,124070,1721,-4060,125796,96,19230,393,1,49982,0.0009999999999976694
60675000,11815,10070,128848,2255,6883,116978,137,19231,561,0,49983,0.0009990000000001942
60676000,13395,-633,127148,17328,-8059,132950,100,19231,561,0,49984,0.0009999999999976694
60677001,7172,-8433,126898,-1318,-9582,128913,101,19227,410,0,49985,0.00100100000000225
60678000,6120,2231,128903,642,368,128077,101,19227,414,1,49986,0.0009990000000001942
60679000,314,15615,128632,3454,13769,121966,127,19230,520,1,49987,0.0009999999999976694
60680000,3617,5248,129844,-3073,-662,126160,109,19230,446,1,49988,0.0010000000000047748
60681001,8082,-7607,130183,3245,-14275,137981,106,19223,434,0,49989,0.0010009999999951447
60682000,8713,-8883,126044,1758,-11634,125804,121,19223,434,0,49990,0.0009990000000001942
60683000,4727,2134,133113,20160,-893,123960,102,19230,496,0,49991,0.0010000000000047748
60684000,911,-409,129903,-12343,-6050,132431,102,19227,418,0,49992,0.0009999999999976694
60685003,-2836,5859,130576,-17421,4512,122947,115,19220,471,1,49993,0.0010029999999972006
60686000,-4914,13783,135358,2425,9091,129739,110,19230,451,1,49994,0.0009970000000052437
60687000,-2537,-5774,129310,-827,-9994,129047,99,19230,405,1,49995,0.0009999999999976694
60688000,-3639,-14996,128959,-12417,-20536,135089,128,19230,524,0,49996,0.0009999999999976694
60689000,4091,-6814,129944,-5050,-10573,131958,101,19225,524,0,49997,0.0010000000000047748
60690000,-1714,6813,130211,5838,2462,124405,107,19229,414,0,49998,0.0009999999999976694
60691000,-5636,20951,133898,-18413,18246,123488,107,19226,438,1,49999,0.0009999999999976694
60692000,-11290,-689,127669,-17385,-1695,131747,143,19229,586,1,50000,0.0010000000000047748
60693001,-5870,-1482,127834,-5360,-6282,135125,113,19230,463,1,50001,0.0010009999999951447
60694000,-2690,9265,130187,-4438,6352,122122,104,19230,426,1,50002,0.0009990000000001942
60695000,-959,-1528,125628,-7573,-4769,131931,144,19225,426,0,50003,0.0010000000000047748
60696000,-577,761,127154,-6321,-3607,128102,101,19230,590,0,50004,0.0009999999999976694
60697000,-4474,1442,125956,-7734,-3246,127003,101,19230,414,0,50005,0.0009999999999976694
60698000,-1918,12389,127114,-8962,8196,121858,111,19221,455,1,50006,0.0010000000000047748
60699000,-8600,6907,128169,-4959,3012,125918,109,19227,446,1,50007,0.0009999999999976694
60700000,113,2261,128230,-12921,-432,128142,105,19227,430,1,50008,0.0009999999999976694
60701000,-255,5830,127108,2160,3184,126024,123,19226,430,0,50009,0.0010000000000047748
60702000,-1364,-4934,123695,2257,-6206,123287,98,19226,504,0,50010,0.0009999999999976694
60703000,258,755,124888,-8036,-3496,124488,98,19230,401,0,50011,0.0009999999999976694
60704000,-3025,9461,127222,-3602,5558,127823,105,19230,430,0,50012,0.0010000000000047748
60705000,-1078,17237,128532,-3907,13095,123604,144,19224,590,1,50013,0.0009999999999976694
60706000,-2590,6955,126086,-4114,5300,120113,113,19234,463,1,50014,0.0009999999999976694
60707000,7837,2472,124932,-1192,-750,133211,94,19234,463,1,50015,0.0010000000000047748
60708000,7322,2746,120707,13916,-5323,119980,104,19228,385,0,50016,0.0009999999999976694
60709000,10956,-3148,123269,6117,-5694,128283,104,19233,426,0,50017,0.0009999999999976694
60710000,9265,-4959,123749,3814,-8087,126066,110,19227,451,0,50018,0.0009999999999976694
60711000,3210,3521,126376,5091,219,127458,118,19223,483,1,50019,0.0010000000000047748
60712000,3512,9298,129491,-2717,5040,122949,115,19229,471,1,50020,0.0009999999999976694
60713000,4751,6304,125863,2795,5236,126152,105,19229,471,1,50021,0.0009999999999976694
60714000,9579,-1441,126044,6775,-5898,134145,115,19230,430,0,50022,0.0010000000000047748
60715003,9105,6826,127054,5157,2584,118369,115,19220,471,0,50023,0.0010029999999972006
60716002,9693,-9519,126686,7609,-15618,136740,93,19228,381,0,50024,0.0009990000000001942
60717002,2341,-2826,128769,12171,5334,126498,103,19229,422,0,50025,0.0009999999999976694
60718002,2742,-3040,127620,-11698,-1411,133549,133,19230,545,1,50026,0.0010000000000047748
60719000,463,16302,131738,11823,14770,122761,114,19230,545,1,50027,0.0009979999999956135
60720000,1530,12984,127647,-3790,-796,124496,99,19230,467,1,50028,0.0010000000000047748
60721000,9409,-14289,127783,-1638,-17731,135492,99,19228,405,0,50029,0.0009999999999976694
60722000,6771,-3772,132426,19066,-5933,125291,154,19231,631,0,50030,0.0009999999999976694
60723001,4485,-14686,126725,241,-17486,140497,110,19232,451,0,50031,0.00100100000000225
60724000,-2346,13017,134509,-17964,13736,117117,112,19223,459,1,50032,0.0009990000000001942
60725000,-6015,6500,132125,-8958,-682,129882,134,19223,459,1,50033,0.0009999999999976694
60726000,-7889,574,132102,9005,-699,136436,106,19230,549,1,50034,0.0010000000000047748
60727000,-2720,-5436,128068,-21445,-8413,123256,106,19230,434,1,50035,0.0009999999999976694
60728002,-1872,-7642,129502,-1546,-13208,137508,109,19219,446,0,50036,0.0010019999999997253
60729000,5619,6408,128061,4685,3678,117215,89,19229,365,0,50037,0.000998000000002719
60730000,-4587,-3098,132311,-12737,-9641,137368,110,19228,451,0,50038,0.0009999999999976694
60731000,-6891,-5707,130443,-12208,-7826,130260,132,19228,451,1,50039,0.0009999999999976694
60732000,-10200,13346,131954,-13896,9547,124352,116,19227,541,1,50040,0.0010000000000047748
60733000,-8272,8998,130539,-8012,5088,130462,116,19228,475,1,50041,0.0009999999999976694
60734000,-4604,6568,129421,-6287,1831,120293,99,19230,405,1,50042,0.0009999999999976694
60735000,-6341,-8954,126146,-11967,-13959,136529,147,19226,602,0,50043,0.0010000000000047748
60736000,-2069,1498,127287,-5924,-42,115545,104,19228,426,0,50044,0.0009999999999976694
60737000,-4250,2372,129210,-12365,-1896,131473,106,19228,434,0,50045,0.0009999999999976694
60738000,-4175,11087,128231,-6271,8828,121722,134,19227,434,1,50046,0.0010000000000047748
60739000,-9631,12333,126733,-14219,9317,120185,112,19225,549,1,50047,0.0009999999999976694
60740000,-2831,-2415,126535,-5478,-5939,139179,112,19229,459,1,50048,0.0009999999999976694
60741002,1586,4254,123610,4432,1993,114226,107,19220,438,0,50049,0.0010019999999997253
60742000,5062,1890,125472,-8357,-549,133244,83,19231,340,0,50050,0.000998000000002719
60743000,4572,447,123771,2135,-3527,121069,111,19231,455,0,50051,0.0009999999999976694
60744000,-490,1166,127132,182,24,125790,123,19230,455,1,50052,0.0010000000000047748
60745000,-2590,11736,124830,-13990,6555,131019,112,19216,504,1,50053,0.0009999999999976694
60746000,-6312,15770,125557,7753,13638,117735,112,19232,459,1,50054,0.0009999999999976694
60747000,5738,2359,122045,-2535,-2873,129240,97,19230,397,0,50055,0.0010000000000047748
60748000,9677,7864,125158,1807,4428,116221,133,19234,545,0,50056,0.0009999999999976694
60749000,11898,-9036,125362,9676,-13044,132861,108,19229,442,0,50057,0.0009999999999976694
60750000,6874,990,128308,6709,-1190,121294,113,19229,442,0,50058,0.0010000000000047748
60751000,1743,-7349,127542,-721,-8406,132165,141,19224,463,1,50059,0.0009999999999976694
60752000,1262,518,127944,2993,-3656,131933,141,19226,577,1,50060,0.0009999999999976694
60753000,2761,14462,127559,6118,17183,112953,109,19237,446,1,50061,0.0010000000000047748
60754002,12927,5346,126447,-3088,6865,128364,99,19225,405,0,50062,0.0010019999999997253
60755000,7923,4564,125697,8581,3094,117200,119,19234,487,0,50063,0.0009979999999956135
60756000,8998,-15254,124934,16611,-18233,137350,108,19234,487,0,50064,0.0010000000000047748
60757000,4266,249,128206,131,-12989,122445,114,19231,442,0,50065,0.0009999999999976694
60758000,926,5865,130861,-645,2722,132330,114,19225,467,1,50066,0.0009999999999976694
60759000,3487,14775,131956,-1240,6218,122434,109,19229,446,1,50067,0.0010000000000047748
60760002,2158,8079,128742,1484,-6400,130612,100,19234,410,1,50068,0.0010019999999997253
60761002,8969,-5669,124630,797,-6351,126618,125,19224,512,0,50069,0.0009999999999976694
60762000,10888,-10927,129299,3224,-12848,124209,100,19224,512,0,50070,0.000998000000002719
60763000,4419,-10093,130201,17926,-12033,141006,107,19230,410,0,50071,0.0009999999999976694
60764000,3041,6504,131454,-12776,8398,118973,107,19232,438,1,50072,0.0009999999999976694
60765000,-7453,13665,135729,2650,11522,130180,146,19230,598,1,50073,0.0010000000000047748
60766000,-6187,1465,129160,1972,-7163,127302,110,19232,451,1,50074,0.0009999999999976694
60767002,-6141,-7513,129491,-19179,-15932,131271,96,19222,393,1,50075,0.0010019999999997253
60768002,878,-12336,129918,-4535,-7912,138046,117,19222,393,0,50076,0.0009999999999976694
60769000,1258,11989,132042,6635,9956,115375,111,19230,479,0,50077,0.000998000000002719
60770000,-6204,6362,130492,-17436,2660,130468,111,19228,455,0,50078,0.0009999999999976694
60771001,-5540,5618,131813,-15252,894,131027,119,19220,487,1,50079,0.00100100000000225
60772003,-8302,-1298,127880,-2933,-3329,135760,112,19227,459,1,50080,0.0010019999999997253
60773000,-4337,23450,130314,-13833,24168,111898,103,19232,422,1,50081,0.0009969999999981383
60774000,-1101,6907,128715,-10664,1206,126186,116,19232,475,0,50082,0.0009999999999976694
60775002,-1282,-20106,124250,-2676,-23529,140971,91,19217,475,0,50083,0.0010020000000068308
60776000,-1515,3436,127972,-2527,2470,121824,91,19231,373,0,50084,0.0009979999999956135
60777000,-5236,11590,128781,-13891,8125,125175,105,19227,430,1,50085,0.0009999999999976694
60778000,-6536,14214,128995,-6694,10386,117624,138,19224,565,1,50086,0.0010000000000047748
60779000,-3228,-4360,126828,-11369,-7949,129704,114,19227,467,1,50087,0.0009999999999976694
60780000,-53,13098,127666,-843,13209,128305,98,19227,401,1,50088,0.0009999999999976694
60781000,-3638,3170,122621,1081,-157,118123,123,19225,401,0,50089,0.0010000000000047748
60782000,3683,-428,124491,-13711,-4124,128467,109,19238,504,0,50090,0.0009999999999976694
60783001,4716,3922,125692,1365,663,124510,109,19226,446,0,50091,0.00100100000000225
60784000,558,-4743,126170,7904,-7507,131835,113,19220,463,1,50092,0.0009990000000001942
60785000,-5221,19230,128026,-13433,17296,115061,137,19227,561,1,50093,0.0009999999999976694
60786000,1996,9905,124724,-6669,6859,125177,103,19227,422,1,50094,0.0009999999999976694
60787001,8293,7716,124589,15440,4166,124193,107,19233,422,0,50095,0.00100100000000225
60788000,7023,-2140,122748,2860,-5929,123867,96,19229,438,0,50096,0.0009990000000001942
60789000,6836,3157,125726,230,-341,128954,96,19231,393,0,50097,0.0009999999999976694
60790000,6421,-3042,124958,9119,-7950,125207,113,19229,463,0,50098,0.0010000000000047748
60791000,4034,3130,129049,3936,-1432,129033,134,19224,549,1,50099,0.0009999999999976694
60792000,5192,13439,126988,-3569,9100,122373,113,19224,463,1,50100,0.0009999999999976694
60793000,7816,4580,125305,8067,3223,125798,96,19233,463,1,50101,0.0010000000000047748
60794000,10890,70,125458,8408,-3279,124612,148,19228,393,0,50102,0.0009999999999976694
60795000,11084,-8105,127145,5317,-10615,130434,148,19232,606,0,50103,0.0009999999999976694
60796000,5872,-13718,128043,16609,-16020,132234,101,19230,414,0,50104,0.0010000000000047748
60797000,3188,9217,132738,-9228,6084,122951,105,19223,430,1,50105,0.0009999999999976694
60798000,-1272,15790,132039,1232,13904,130474,124,19227,508,1,50106,0.0009999999999976694
60799000,-4843,8002,130298,5541,4303,126625,108,19227,508,1,50107,0.0010000000000047748
60800002,5960,-269,129302,-10963,-3881,128049,108,19228,442,1,50108,0.0010019999999997253
60801000,12797,-7127,127130,9453,-10179,125999,108,19222,442,0,50109,0.0009979999999956135
60802000,9714,-87,130404,25773,-3285,128338,110,19226,451,0,50110,0.0010000000000047748
60803000,2016,-5390,129540,-11658,-12593,129608,109,19227,446,0,50111,0.0009999999999976694
60804000,107,7759,133335,-18465,796,129761,125,19222,512,1,50112,0.0009999999999976694
60805000,-8599,3733,132009,7161,4676,131226,112,19222,512,1,50113,0.0010000000000047748
60806000,-5265,-1478,129290,-9283,-1908,127776,97,19232,459,1,50114,0.0009999999999976694
60807000,-667,-7328,128454,-14270,-10067,134004,97,19232,397,0,50115,0.0009999999999976694
60808001,1871,7388,128824,2022,10274,125004,137,19230,561,0,50116,0.00100100000000225
60809002,299,5320,129637,3366,205,122641,102,19230,418,0,50117,0.00100100000000225
60810000,-5707,-2301,131667,-13179,-7158,136285,106,19223,434,0,50118,0.0009979999999956135
60811000,-11309,-1923,130073,-16378,-278,133733,141,19223,434,1,50119,0.0010000000000047748
60812002,-9939,8663,133111,-9982,8238,125640,112,19229,577,1,50120,0.0010019999999997253
60813002,-4370,10610,130174,-9343,5310,129019,112,19232,459,1,50121,0.0009999999999976694
60814000,-2504,387,126137,-6308,-9241,126102,105,19228,430,0,50122,0.000998000000002719
60815000,-1858,-8759,124672,-8990,-6486,130667,136,19229,557,0,50123,0.0009999999999976694
60816000,-1170,3129,128870,-4190,1020,123273,102,19228,418,0,50124,0.0009999999999976694
60817000,-5364,7823,128119,-6861,4845,123997,113,19228,418,1,50125,0.0010000000000047748
60818000,-9430,12035,129640,-14339,4347,128040,112,19226,463,1,50126,0.0009999999999976694
60819000,-10052,1049,126060,-5682,-2838,124555,112,19232,459,1,50127,0.0009999999999976694
60820000,-674,6529,130163,-3734,3677,129229,104,19226,426,0,50128,0.0010000000000047748
60821000,1266,2688,121826,-5642,1303,119987,131,19228,537,0,50129,0.0009999999999976694
60822001,4947,6412,126521,4385,2123,126842,103,19230,422,0,50130,0.00100100000000225
60823000,1704,834,123533,-3669,-2858,125523,105,19230,430,0,50131,0.0009990000000001942
60824001,-5030,2249,125581,-8891,143,128611,150,19222,430,1,50132,0.0010009999999951447
60825000,-3401,3709,127461,-6704,3451,124838,111,19230,614,1,50133,0.0009990000000001942
60826001,4494,9104,124887,2827,4971,117175,111,19231,455,1,50134,0.00100100000000225
60827000,6428,-1268,121783,13501,-7634,133891,99,19230,405,0,50135,0.0009990000000001942
60828000,8090,-1748,120485,-4161,-5109,117018,103,19229,422,0,50136,0.0009999999999976694
60829000,10707,7163,128187,6804,3273,121905,112,19229,459,0,50137,0.0010000000000047748
60830000,5605,1302,127876,16640,-2550,129673,117,19226,459,1,50138,0.0009999999999976694
60831000,-784,-2072,128021,-6830,-4913,126030,108,19221,479,1,50139,0.0009999999999976694
60832002,629,18,128097,-2224,-4505,131879,108,19231,442,1,50140,0.0010019999999997253
60833000,7710,6229,124832,9064,2776,121662,101,19230,414,1,50141,0.000998000000002719
60834000,12105,12052,128196,7084,8615,124513,121,19225,496,0,50142,0.0009999999999976694
60835001,8019,-8549,125031,8471,-11728,125405,107,19225,438,0,50143,0.00100100000000225
60836000,7114,-10766,125592,5144,-15101,134788,107,19225,438,0,50144,0.0009990000000001942
60837000,4861,2300,129786,-817,-2421,125962,137,19227,438,1,50145,0.0009999999999976694
60838000,2232,11051,130648,6541,5118,122457,137,19230,561,1,50146,0.0009999999999976694
60839003,3793,8925,131338,-3717,7723,131894,114,19232,467,1,50147,0.001003000000004306
60840002,3978,-7179,128027,521,-9563,130724,99,19223,405,1,50148,0.0009990000000001942
60841000,6410,-10715,128855,6399,-11312,128563,140,19229,573,0,50149,0.0009979999999956135
60842002,6160,-5592,129117,8766,-12945,129533,104,19229,573,0,50150,0.0010019999999997253
60843002,3669,99,129680,3836,-4665,130576,108,19226,426,0,50151,0.0010000000000047748
60844002,1294,6684,130007,-16196,1344,124164,108,19225,442,1,50152,0.0009999999999976694
60845000,-4263,16545,133493,-7836,16043,124342,127,19229,520,1,50153,0.000998000000002719
60846000,-4214,-670,129001,8616,-2303,131204,101,19233,414,1,50154,0.0009999999999976694
60847000,-1133,-18539,128536,-10410,-20922,134248,113,19224,463,0,50155,0.0009999999999976694
60848000,1974,-2275,131801,-11964,-14118,136703,93,19224,463,0,50156,0.0010000000000047748
60849001,-1466,13581,130526,4312,9871,119049,107,19228,381,0,50157,0.0010009999999951447
60850000,-3809,9761,132329,-10730,8397,130451,107,19230,438,1,50158,0.0009990000000001942
60851000,-10957,-6150,128756,-13176,-4927,136377,137,19222,561,1,50159,0.0010000000000047748
60852000,-8405,5552,128415,-12678,-3351,125596,115,19229,471,1,50160,0.0009999999999976694
60853000,-6035,18242,131631,-9656,14554,122631,96,19227,393,1,50161,0.0009999999999976694
60854000,-2220,-3072,126456,-9369,520,130671,155,19227,393,0,50162,0.0010000000000047748
60855000,-2377,2098,124462,-3733,2735,125940,103,19232,635,0,50163,0.0009999999999976694
60856000,-2431,-5124,126507,-7403,-4800,128199,103,19231,422,0,50164,0.0009999999999976694
60857000,-1508,4718,127634,-13116,10345,121803,110,19223,451,1,50165,0.0010000000000047748
60858000,-6339,20747,128594,-1314,13854,123067,127,19230,520,1,50166,0.0009999999999976694
60859000,-6097,1886,125119,-15344,2189,125479,110,19230,451,1,50167,0.0009999999999976694
60860000,494,3031,127796,2700,-11381,128289,109,19230,451,0,50168,0.0010000000000047748
60861000,-2761,-9342,123911,2474,-15651,126536,86,19222,446,0,50169,0.0009999999999976694
60862000,144,12375,127819,-4039,12271,116807,86,19230,352,0,50170,0.0009999999999976694
60863000,-2077,10198,128408,-7148,5238,127431,106,19228,434,0,50171,0.0010000000000047748
60864000,-1737,11353,124527,53,8799,120484,130,19225,532,1,50172,0.0009999999999976694
60865000,-1532,8429,125459,-6361,3811,127731,115,19235,471,1,50173,0.0009999999999976694
60866000,4415,7914,126105,1981,4981,120620,95,19235,471,1,50174,0.0010000000000047748
60867000,10860,11686,123385,12578,5403,121225,131,19228,389,0,50175,0.0009999999999976694
60868000,10244,-9857,123656,-167,-12410,133082,131,19232,537,0,50176,0.0009999999999976694
60869001,9323,-4151,125303,6620,-5668,123860,117,19224,479,0,50177,0.00100100000000225
60870000,4719,823,126121,8801,-3435,124600,118,19222,483,1,50178,0.0009990000000001942
60871000,-937,13662,127392,-368,11355,118777,133,19226,545,1,50179,0.0009999999999976694
60872000,7370,6025,127039,-7644,1802,129625,107,19226,438,1,50180,0.0010000000000047748
60873000,8002,2446,125309,20440,506,122110,101,19230,438,1,50181,0.0009999999999976694
60874003,11510,5890,126991,5788,62,122290,102,19221,414,0,50182,0.0010029999999972006
60875000,6764,-12605,126920,3500,-16356,130878,102,19229,418,0,50183,0.0009970000000052437
60876000,6330,-4300,130103,4331,-6908,131924,101,19228,414,0,50184,0.0009999999999976694
60877000,3315,-764,129310,-3047,-5247,136939,116,19221,475,1,50185,0.0009999999999976694
60878001,-3591,13399,132106,6553,8641,116155,110,19221,451,1,50186,0.00100100000000225
60879000,4118,6002,128811,-5829,2858,120964,96,19228,451,1,50187,0.0009990000000001942
60880005,7562,-16259,124429,3746,-19547,137957,132,19229,393,0,50188,0.0010049999999992565
60881004,8626,-1761,128675,15252,-5829,126109,132,19228,541,0,50189,0.0009990000000001942
60882000,3363,25,128719,-711,-2700,125307,99,19230,405,0,50190,0.000996000000000663
60883000,-184,5249,134088,-9311,1842,125430,104,19227,426,0,50191,0.0009999999999976694
60884000,-1172,-2910,133134,-5585,-6461,139698,149,19230,610,1,50192,0.0010000000000047748
60885000,-10497,3972,130078,1716,-1038,129003,107,19230,610,1,50193,0.0009999999999976694
60886000,-72,10015,130046,-15782,6820,119599,97,19230,438,1,50194,0.0009999999999976694
60887000,416,-11787,126584,-7610,-13886,134967,97,19224,397,0,50195,0.0010000000000047748
60888000,5799,-1118,130021,9393,-6075,126691,113,19230,463,0,50196,0.0009999999999976694
60889000,-3655,-2134,129789,-9750,-4226,131722,107,19229,438,0,50197,0.0009999999999976694
60890001,-9647,1928,132776,-13881,-1718,128701,122,19220,500,1,50198,0.00100100000000225
60891000,-7019,7562,132062,-11267,10892,124040,114,19220,500,1,50199,0.0009990000000001942
60892000,-11323,-2397,127881,-9476,-3582,136670,100,19229,467,1,50200,0.0009999999999976694
60893000,-4069,10692,130281,-9178,7483,119255,100,19231,410,1,50201,0.0010000000000047748
60894000,-3603,-1604,126634,-10386,-2384,129630,127,19215,520,0,50202,0.0009999999999976694
60895000,-895,3031,126188,-2020,-3755,125458,107,19228,438,0,50203,0.0009999999999976694
60896000,-1145,1126,129440,-5293,-1833,130214,106,19227,434,0,50204,0.0010000000000047748
60897000,-7081,7179,126026,-11457,-5477,118817,149,19227,434,1,50205,0.0009999999999976694
60898000,-3746,14808,127923,-4982,11178,125225,116,19228,610,1,50206,0.0009999999999976694
60899000,-4431,2918,126347,-9391,1423,128053,116,19231,475,1,50207,0.0009999999999976694
60900000,1516,4908,124106,-2088,1676,120553,102,19225,418,0,50208,0.0010000000000047748
60901000,908,-2097,124536,-4301,-1703,127959,111,19233,455,0,50209,0.0009999999999976694
60902000,2027,5625,124863,760,512,121445,109,19232,446,0,50210,0.0009999999999976694
60903000,1642,159,126543,-756,-3526,126847,115,19232,446,0,50211,0.0010000000000047748
60904000,-2238,10958,129579,-6213,9648,123201,122,19219,471,1,50212,0.0009999999999976694
60905000,-1218,11958,126260,1075,6113,124167,122,19229,500,1,50213,0.0009999999999976694
60906000,1962,11993,123638,-4578,7581,120875,101,19232,414,1,50214,0.0010000000000047748
60907000,7834,1226,122810,2091,-5197,125676,113,19228,463,0,50215,0.0009999999999976694
60908000,13222,1410,126620,8965,-1727,120741,96,19229,393,0,50216,0.0009999999999976694
60909000,7100,-2666,126476,8006,-6168,128837,107,19229,393,0,50217,0.0010000000000047748
60910000,3223,-5328,127543,1021,-7868,130077,139,19226,438,1,50218,0.0009999999999976694
60911000,1895,10859,128095,-4151,10213,124067,139,19229,569,1,50219,0.0009999999999976694
60912000,6943,14350,127432,11919,10704,124734,112,19230,459,1,50220,0.0010000000000047748
60913000,10182,1811,125717,7915,-6048,122745,96,19226,393,0,50221,0.0009999999999976694
60914000,8892,-2077,128590,-538,-3916,130869,125,19232,512,0,50222,0.0009999999999976694
60915000,12327,-3264,126181,17774,-9642,129215,102,19232,418,0,50223,0.0010000000000047748
60916000,2551,-3828,128171,2474,-4582,131407,108,19232,418,0,50224,0.0009999999999976694
60917000,5351,13698,132575,-9959,10335,123040,116,19224,442,1,50225,0.0009999999999976694
60918000,863,9975,128384,7416,7070,128430,116,19229,475,1,50226,0.0010000000000047748
60919000,2757,5816,130574,642,1703,127657,104,19232,426,1,50227,0.0009999999999976694
60920000,7081,-9105,128211,-6847,-13518,129982,114,19219,467,0,50228,0.0009999999999976694
60921002,11585,-20231,127449,15166,-22518,137554,101,19219,414,0,50229,0.0010019999999997253
60922002,3978,4611,131291,15451,2243,121883,109,19228,414,0,50230,0.0010000000000047748
60923002,1284,-2335,130558,-28589,-5595,133553,135,19230,446,1,50231,0.0009999999999976694
60924001,-7000,23538,135622,-4133,21496,122165,135,19225,553,1,50232,0.0009990000000001942
60925000,-4622,-3459,128308,3220,-6663,133730,114,19229,467,1,50233,0.0009990000000001942
60926000,-4938,-1949,129512,-11072,-6423,127437,95,19233,389,1,50234,0.0009999999999976694
60927000,2246,-11124,128507,-10548,-15850,132755,146,19233,598,0,50235,0.0010000000000047748
60928000,1653,-3952,130997,4966,-7044,135961,106,19232,598,0,50236,0.0009999999999976694
60929000,-3100,10808,132045,-5716,6653,118191,111,19227,434,0,50237,0.0009999999999976694
60930000,-8459,7849,131131,-23279,4972,133610,111,19222,455,1,50238,0.0010000000000047748
60931000,-9965,6893,128685,-6351,2134,127678,134,19229,549,1,50239,0.0009999999999976694
60932000,-4642,5555,129861,-7961,921,127885,106,19236,434,1,50240,0.0009999999999976694
60933001,-1206,938,127964,-9169,-2628,132259,111,19219,455,0,50241,0.00100100000000225
60934000,-2395,-3824,125141,-4789,-7362,122032,122,19219,455,0,50242,0.0009990000000001942
60935001,-426,-5262,127595,-5629,-9788,134330,105,19230,500,0,50243,0.00100100000000225
60936000,-6300,6696,127000,-9081,3541,118619,105,19228,430,0,50244,0.0009990000000001942
60937000,-8338,13270,130553,-8823,10424,124240,128,19222,524,1,50245,0.0009999999999976694
60938000,-8253,28,125240,-15966,-1748,126733,115,19228,471,1,50246,0.0009999999999976694
60939000,-990,12157,128402,-6800,5923,122352,101,19233,414,1,50247,0.0010000000000047748
60940000,2129,-330,125745,1954,-1686,130997,146,19233,414,0,50248,0.0009999999999976694
60941000,1182,-6716,122477,-1215,-11912,120375,121,19232,598,0,50249,0.0009999999999976694
60942001,1487,-2652,125309,-5879,-8889,134824,121,19224,496,0,50250,0.00100100000000225
60943000,-996,18021,123420,-1363,8579,112768,116,19223,475,1,50251,0.0009990000000001942
60944000,-2601,14812,127770,-3688,17916,132309,157,19227,643,1,50252,0.0009999999999976694
60945000,1562,508,124614,-7390,-1249,123390,108,19232,442,1,50253,0.0010000000000047748
60946000,5986,5025,123959,7039,1535,126480,102,19232,442,0,50254,0.0009999999999976694
60947000,5034,998,126266,9710,-1960,123682,81,19228,418,0,50255,0.0009999999999976694
60948000,9935,2110,126328,645,4534,122486,81,19228,332,0,50256,0.0010000000000047748
60949000,5732,-3234,128708,18978,-8891,136317,108,19227,442,0,50257,0.0009999999999976694
60950000,1809,6475,125261,-471,11606,114166,121,19221,496,1,50258,0.0009999999999976694
60951000,2817,11930,131604,-10149,8481,133154,112,19227,459,1,50259,0.0010000000000047748
60952000,7952,4167,123036,16907,1243,122223,98,19227,459,1,50260,0.0009999999999976694
60953000,11277,-856,124776,-3125,-1959,127891,132,19232,401,0,50261,0.0009999999999976694
60954002,10211,-1038,128388,6598,-8271,128730,101,19224,541,0,50262,0.0010019999999997253
60955005,9590,-8716,126509,17532,-15855,129064,101,19227,414,0,50263,0.001003000000004306
60956000,2640,-515,130103,-2892,-2994,135172,102,19226,418,1,50264,0.0009949999999960824
60957000,-576,12928,131307,-9049,9237,120969,133,19225,545,1,50265,0.0010000000000047748
60958002,2070,16574,129040,11100,9774,124488,110,19225,451,1,50266,0.0010019999999997253
60959000,2170,3271,130030,-2591,-707,130849,104,19232,451,1,50267,0.0009979999999956135
60960000,11741,-10454,127365,-3021,-13203,129085,120,19224,426,0,50268,0.0009999999999976694
60961000,11694,2668,131014,23424,-2603,131236,120,19227,491,0,50269,0.0010000000000047748
60962001,3538,-6906,129425,-8203,-9330,129211,103,19228,422,0,50270,0.00100100000000225
60963002,1120,6084,133750,-12595,3588,129266,114,19220,467,1,50271,0.0010009999999951447
60964000,-8260,7672,132141,6106,4236,128537,109,19220,446,1,50272,0.000998000000002719
60965002,-5714,-1996,129147,-11033,-5083,127507,99,19225,446,1,50273,0.0010019999999997253
60966000,-1095,-166,131267,-15704,-4390,129786,123,19232,405,0,50274,0.0009979999999956135
60967000,808,-3683,128046,5030,-7667,126839,123,19224,504,0,50275,0.0010000000000047748
60968000,-1917,4079,132122,1318,1711,127065,101,19230,414,0,50276,0.0009999999999976694
60969000,-7491,-3635,130017,-18716,-7608,131542,110,19226,451,0,50277,0.0009999999999976694
60970000,-8969,4732,129956,-11451,2406,132054,152,19226,623,1,50278,0.0010000000000047748
60971000,-11454,9872,130835,-13440,6608,127423,115,19227,623,1,50279,0.0009999999999976694
60972000,-2099,8224,131190,-12986,5042,122643,99,19234,471,1,50280,0.0009999999999976694
60973000,-4527,-1051,125879,-3307,-4350,126490,99,19225,405,0,50281,0.0010000000000047748
60974000,-1905,-14023,123373,-10378,-17281,135002,159,19232,651,0,50282,0.0009999999999976694
60975000,-908,2905,127334,-2729,-540,123349,106,19229,434,0,50283,0.0009999999999976694
60976000,-6575,10062,129338,-8903,7652,122353,114,19218,467,1,50284,0.0010000000000047748
60977000,-6304,10847,129158,-13755,7073,124708,118,19218,467,1,50285,0.0009999999999976694
60978000,-10557,5889,129179,-9597,5006,128943,103,19224,483,1,50286,0.0009999999999976694
60979000,-1012,2251,123561,-3058,-3258,126401,103,19230,422,1,50287,0.0010000000000047748
60980000,-906,9061,125069,-2421,5605,120473,116,19226,475,0,50288,0.0009999999999976694
60981000,6122,-2219,122451,-376,-8950,128518,98,19225,401,0,50289,0.0009999999999976694
60982000,730,4555,126918,477,999,123740,109,19224,446,0,50290,0.0010000000000047748
60983000,360,-2780,126064,-12300,-6043,132102,141,19224,446,1,50291,0.0009999999999976694
60984002,-3270,11935,127006,3067,4557,124178,111,19222,577,1,50292,0.0010019999999997253
60985000,-1520,9245,125261,3431,10949,119562,111,19229,455,1,50293,0.000998000000002719
60986001,9953,-2439,122395,-11565,-5307,127396,94,19226,385,0,50294,0.0010009999999951447
60987002,9533,2992,125098,14055,1379,120239,108,19226,442,0,50295,0.00100100000000225
60988000,7829,-5751,124543,14345,-7786,126787,112,19224,459,0,50296,0.000998000000002719
60989000,4229,1721,128833,-5111,-1504,123606,117,19224,459,0,50297,0.0009999999999976694
60990000,977,-8690,128369,4612,-12434,136056,123,19225,479,1,50298,0.0009999999999976694
60991000,3230,12190,127535,6681,3632,119075,123,19231,504,1,50299,0.0010000000000047748
60992000,6563,13359,127168,-1616,13885,123509,102,19232,418,1,50300,0.0009999999999976694
60993000,11117,5652,124697,11988,18,119406,109,19219,446,0,50301,0.0009999999999976694
60994000,10519,-8692,125123,9546,-6723,135804,84,19228,344,0,50302,0.0010000000000047748
60995000,10007,-17845,126543,7098,-14373,133262,103,19228,344,0,50303,0.0009999999999976694
60996000,5841,14727,130457,4519,15545,117145,125,19229,422,1,50304,0.0009999999999976694
60997000,-1083,9198,130606,1940,4952,131689,125,19225,512,1,50305,0.0010000000000047748
60998000,2673,3301,129953,-2550,-576,129543,116,19229,475,1,50306,0.0009999999999976694
60999001,3159,-2597,127665,1258,-6150,130449,98,19228,401,1,50307,0.00100100000000225
61000001,8391,-5942,128444,1423,-6980,126850,149,19232,610,0,50308,0.0009999999999976694
61001000,8919,-4360,129393,18960,-10550,127774,110,19232,451,0,50309,0.0009990000000001942
61002000,-189,-2789,129466,-8579,-7654,133794,109,19232,451,0,50310,0.0009999999999976694
61003000,3010,3759,130646,-23949,3045,125722,137,19227,446,1,50311,0.0010000000000047748
61004001,-7361,14435,135906,15475,10232,124426,137,19227,561,1,50312,0.0010009999999951447
61005000,-2850,-585,127815,-6064,-5373,127066,106,19232,434,1,50313,0.0009990000000001942
61006002,-4582,-12234,129365,-23202,-19217,135480,108,19221,442,0,50314,0.0010019999999997253
61007000,791,-8824,129686,4684,-13299,132861,97,19221,397,0,50315,0.000998000000002719
61008000,6678,14242,131760,4041,12659,116480,104,19229,397,0,50316,0.0009999999999976694
61009000,-4222,10804,132731,-21069,8369,126741,125,19230,426,1,50317,0.0010000000000047748
61010000,-7731,-3428,130545,-16114,-8270,137563,125,19224,512,1,50318,0.0009999999999976694
61011000,-7481,5603,127620,-1652,2943,129106,117,19228,479,1,50319,0.0009999999999976694
61012001,-8321,18523,131315,-13324,14922,118281,101,19226,414,1,50320,0.00100100000000225
61013000,-1587,-971,128446,-7110,-5003,127251,137,19226,561,0,50321,0.0009990000000001942
61014000,-2374,-13211,123841,-4910,-17021,134680,101,19223,561,0,50322,0.0009999999999976694
61015000,-3050,3424,127787,-8489,586,129383,102,19230,414,0,50323,0.0010000000000047748
61016000,-4544,14830,128004,-6676,10656,118678,102,19226,418,1,50324,0.0009999999999976694
61017000,-7504,9739,127727,-8411,6222,124376,137,19226,561,1,50325,0.0009999999999976694
61018000,-6610,663,127017,-14402,-3017,130350,114,19233,467,1,50326,0.0010000000000047748
61019000,-1040,98,126343,5097,-3959,125003,104,19233,426,0,50327,0.0009999999999976694
61020000,-2216,4968,123627,1212,2915,120171,90,19219,426,0,50328,0.0009999999999976694
61021000,2383,-1630,122400,-13245,-5158,124424,109,19231,369,0,50329,0.0009999999999976694
61022000,3726,4095,128493,-3404,849,130905,109,19227,446,0,50330,0.0010000000000047748
61023000,2253,12855,126453,5404,9071,124082,121,19220,496,1,50331,0.0009999999999976694
61024000,-4215,14444,126085,-9129,9692,124059,113,19228,463,1,50332,0.0009999999999976694
61025000,-692,14561,127059,-1772,8256,124140,97,19229,397,1,50333,0.0010000000000047748
61026000,5791,2058,121257,14961,-3309,123112,124,19229,397,0,50334,0.0009999999999976694
61027000,13279,-6997,123380,7060,-12372,133549,107,19232,508,0,50335,0.0009999999999976694
61028001,5111,-5285,123882,3216,-11793,125088,107,19226,438,0,50336,0.00100100000000225
61029006,4785,7226,128364,4244,3297,122623,111,19225,455,1,50337,0.0010049999999992565
61030000,2661,6481,127697,904,5024,123865,144,19231,590,1,50338,0.0009939999999986071
61031000,3040,3488,127805,-927,1070,125463,111,19232,455,1,50339,0.0010000000000047748
61032002,8904,3050,125445,9503,6052,124200,97,19232,455,1,50340,0.0010019999999997253
61033000,10687,6135,127813,6403,3228,120083,119,19226,397,0,50341,0.0009979999999956135
61034000,11626,-10655,129250,11031,-10692,134254,119,19231,487,0,50342,0.0010000000000047748
61035000,8310,-10484,126631,6943,-17077,128965,107,19234,438,0,50343,0.0009999999999976694
61036000,4144,9380,132050,-8318,2104,132872,113,19220,463,1,50344,0.0009999999999976694
61037000,384,21818,129116,4151,14696,118737,105,19231,430,1,50345,0.0010000000000047748
61038000,-1023,1117,127667,-945,1643,134005,101,19231,430,1,50346,0.0009999999999976694
61039001,6122,-10710,126629,-3358,-12549,129197,125,19232,414,0,50347,0.00100100000000225
61040000,9677,-7383,127663,13458,-13137,130592,125,19221,512,0,50348,0.0009990000000001942
61041000,11956,5775,130156,13247,1017,122517,101,19227,414,0,50349,0.0009999999999976694
61042000,337,4328,132436,-14032,-579,129102,105,19228,430,0,50350,0.0009999999999976694
61043000,1099,3116,135550,-12103,211,137253,137,19225,561,1,50351,0.0010000000000047748
61044001,-9857,3230,129475,9489,527,126878,112,19225,561,1,50352,0.0010009999999951447
61045001,-6775,-555,130011,-14172,-4823,131337,99,19232,459,1,50353,0.0010000000000047748
61046000,-778,-3636,128233,-10150,-4888,128544,99,19232,405,0,50354,0.0009990000000001942
61047000,1140,1852,127466,1199,1179,128185,135,19233,553,0,50355,0.0009999999999976694
61048000,1627,2582,133466,-11364,-2690,125866,109,19229,446,0,50356,0.0009999999999976694
61049000,-8870,-612,130275,-18710,-6170,131908,115,19221,471,1,50357,0.0010000000000047748
61050002,-12619,6808,132916,-10022,5849,134559,124,19221,508,1,50358,0.0010019999999997253
61051000,-10031,6004,130147,-6988,2376,127299,103,19228,508,1,50359,0.0009979999999956135
61052000,-1900,9864,129852,-12174,5589,122227,117,19232,422,1,50360,0.0010000000000047748
61053000,-3273,-3795,126413,-3804,-9128,130369,117,19218,479,0,50361,0.0009999999999976694
61054000,-1045,-5318,125396,-6062,-5846,126970,97,19235,397,0,50362,0.0009999999999976694
61055000,941,11544,129684,-7132,7593,123168,103,19227,422,0,50363,0.0010000000000047748
61056000,-8924,10670,127234,-14233,6820,125246,132,19227,541,1,50364,0.0009999999999976694
61057000,-5385,11986,129815,-6028,7652,126867,116,19222,541,1,50365,0.0009999999999976694
61058000,-9570,-4394,123973,-2120,-7015,131429,103,19231,475,1,50366,0.0010000000000047748
61059000,-4869,1930,125144,-10133,521,122779,103,19228,422,0,50367,0.0009999999999976694
61060000,1891,3603,125263,908,-80,121197,130,19233,532,0,50368,0.0009999999999976694
61061000,1902,2846,124993,8210,-864,125921,111,19228,455,0,50369,0.0010000000000047748
61062000,3726,3562,126486,-12510,1039,126294,112,19228,459,0,50370,0.0009999999999976694
61063000,-2577,7882,128104,-1549,5642,125490,144,19221,459,1,50371,0.0009999999999976694
61064000,-2609,11767,125444,376,8215,123491,102,19232,590,1,50372,0.0010000000000047748
61065005,3566,9140,124989,-6550,5949,122154,102,19233,418,1,50373,0.0010049999999992565
61066000,8043,4380,124664,6108,-1086,124857,105,19225,430,0,50374,0.0009949999999960824
61067000,12282,-7002,121105,14691,-10241,124549,89,19227,365,0,50375,0.0010000000000047748
61068000,4810,-4319,125025,-1015,-8783,126988,115,19230,471,0,50376,0.0009999999999976694
61069000,5316,-2318,127767,1263,-6935,132759,130,19230,471,1,50377,0.0009999999999976694
61070000,197,14563,127530,7165,9694,119536,113,19222,532,1,50378,0.0010000000000047748
61071000,3365,12765,129303,-274,11819,127493,113,19226,463,1,50379,0.0009999999999976694
61072000,6900,-7962,122234,3885,-13538,127540,94,19227,385,1,50380,0.0009999999999976694
61073001,11019,-803,127762,10729,-5419,124138,139,19228,569,0,50381,0.00100100000000225
61074000,10660,-4209,126515,11244,-8588,133610,110,19230,451,0,50382,0.0009990000000001942
61075000,6256,1846,129316,-420,-4522,125797,108,19230,451,0,50383,0.0009999999999976694
61076000,5321,3545,131536,-5006,-1306,131472,128,19227,442,1,50384,0.0010000000000047748
61077000,-3159,12704,128969,6644,5418,125497,128,19226,524,1,50385,0.0009999999999976694
61078000,1887,7725,128291,2107,386,130144,109,19232,446,1,50386,0.0009999999999976694
61079000,6410,-4112,130151,-6190,-5532,126844,104,19221,426,0,50387,0.0010000000000047748
61080001,9682,-14716,129352,2984,-16008,132532,118,19231,483,0,50388,0.0010009999999951447
61081002,8703,-1342,130658,24257,-7681,128777,107,19231,483,0,50389,0.00100100000000225
61082002,1654,2399,132068,-17343,-5859,128902,120,19229,438,0,50390,0.0009999999999976694
61083000,172,10572,132320,-12465,5703,133614,120,19219,491,1,50391,0.000998000000002719
61084000,-5255,10107,132222,3978,5485,124954,111,19231,455,1,50392,0.0009999999999976694
61085000,-2493,-2756,129193,-8192,-1349,133531,94,19232,385,1,50393,0.0009999999999976694
61086000,-2624,-9832,128759,-9526,-12457,132143,131,19227,537,0,50394,0.0010000000000047748
61087000,859,-5613,127579,4743,-11064,131021,105,19227,537,0,50395,0.0009999999999976694
61088000,-243,8871,132194,-5801,1844,123060,112,19228,430,0,50396,0.0009999999999976694
61089000,-6723,4283,132049,-18536,-4192,132742,112,19224,459,1,50397,0.0010000000000047748
61090000,-9023,9728,129091,-8007,6684,127252,145,19227,594,1,50398,0.0009999999999976694
61091000,-8577,5178,129384,-11175,5951,127354,112,19233,459,1,50399,0.0009999999999976694
61092000,-3560,1373,130477,-9739,132,127009,101,19227,414,1,50400,0.0010000000000047748
61093000,-2753,-588,124121,-1992,-1776,125399,139,19227,569,0,50401,0.0009999999999976694
61094000,-2491,-4005,126449,-6755,-6312,131443,104,19230,569,0,50402,0.0009999999999976694
61095000,-2962,3230,127608,-6916,-625,118084,114,19230,426,0,50403,0.0010000000000047748
61096000,-2652,8969,129162,-6315,2479,132468,114,19221,467,1,50404,0.0009999999999976694
61097000,-8355,7148,128517,-10659,4968,121383,110,19229,451,1,50405,0.0009999999999976694
61098000,-4597,16232,129332,-12270,11786,117736,101,19229,414,1,50406,0.0010000000000047748
61099000,963,-1697,124544,6837,-7947,133998,124,19229,508,0,50407,0.0009999999999976694
61100001,1578,-11094,123924,-1612,-13556,127207,100,19227,508,0,50408,0.00100100000000225
61101000,2808,-3690,125704,-3012,-5871,130374,107,19229,410,0,50409,0.0009990000000001942
61102004,-1135,24217,126711,-4699,23122,110349,107,19225,438,1,50410,0.0010039999999946758
61103000,1291,7205,126289,-3972,1559,130437,146,19224,598,1,50411,0.000996000000000663
61104000,-5391,-5011,122520,3054,-8978,126945,112,19232,459,1,50412,0.0010000000000047748
61105000,3899,13319,123310,291,10140,116842,94,19232,385,1,50413,0.0009999999999976694
61106001,7973,5850,124295,5430,1758,122614,102,19228,385,0,50414,0.00100100000000225
61107000,10997,-6108,125343,8908,-10044,125662,114,19232,418,0,50415,0.0009990000000001942
61108000,10007,-12565,123622,1632,-16678,132671,114,19226,467,0,50416,0.0009999999999976694
61109000,2402,11614,129678,2113,9605,119389,118,19219,483,1,50417,0.0009999999999976694
61110000,2764,13019,128029,3258,11590,121262,113,19231,463,1,50418,0.0010000000000047748
61111000,2712,3476,125547,3009,-780,129366,100,19232,410,1,50419,0.0009999999999976694
61112002,9278,-4207,125008,6363,-8329,127464,115,19232,410,0,50420,0.0010019999999997253
61113002,10395,-7523,126114,9188,-11286,122757,91,19222,471,0,50421,0.0009999999999976694
61114000,8757,-7059,126198,13395,-9293,127356,91,19229,373,0,50422,0.000998000000002719
61115000,7476,-8073,126919,-5770,-12214,132591,102,19229,418,0,50423,0.0009999999999976694
61116000,4107,9949,132846,-3363,6628,131442,131,19230,537,1,50424,0.0010000000000047748
61117000,150,11868,130150,6976,9261,120231,114,19233,467,1,50425,0.0009999999999976694
61118000,411,7420,130743,-2083,5863,126158,99,19233,467,1,50426,0.0009999999999976694
61119000,7560,-14275,125784,-1194,-18529,137728,153,19227,405,0,50427,0.0010000000000047748
61120000,10760,-3622,128963,20737,-9849,125726,153,19229,627,0,50428,0.0009999999999976694
61121000,6950,-2419,129056,1963,-7925,133943,104,19230,426,0,50429,0.0009999999999976694
61122001,-1664,9804,132709,-20647,6108,119095,108,19225,442,1,50430,0.00100100000000225
61123000,-2392,1085,133000,-4278,-537,135601,133,19230,545,1,50431,0.0009990000000001942
61124000,-8867,37,129041,4623,-4212,133315,104,19230,545,1,50432,0.0009999999999976694
61125001,-5669,-2359,129229,-20719,-6831,123369,108,19232,426,1,50433,0.00100100000000225
61126000,508,-415,130606,-1295,-632,129200,108,19221,442,0,50434,0.0009990000000001942
61127000,4231,-3013,128665,11097,-6500,130402,100,19227,410,0,50435,0.0009999999999976694
61128001,-2675,8181,133700,-16018,2517,130556,113,19229,463,0,50436,0.00100100000000225
61129000,-7286,4189,131132,-19519,-2219,128633,133,19227,545,1,50437,0.0009990000000001942
61130002,-9621,10038,131919,-5736,5331,132087,114,19227,545,1,50438,0.0010019999999997253
61131000,-9779,14666,128662,-6648,6049,122592,97,19233,467,1,50439,0.000998000000002719
61132000,-5093,-909,126918,-10991,-3081,128664,97,19231,397,0,50440,0.0009999999999976694
61133000,-3458,-2746,125904,-10385,-7695,128195,147,19228,602,0,50441,0.0009999999999976694
61134000,41,2606,126655,2202,-3209,123695,102,19229,418,0,50442,0.0010000000000047748
61135000,-2910,6533,128029,-9904,3592,126337,102,19227,418,1,50443,0.0009999999999976694
61136002,-7186,7071,129038,-16921,-262,123722,128,19227,524,1,50444,0.0010019999999997253
61137000,-5938,9433,131251,-4495,4261,133371,108,19232,524,1,50445,0.000998000000002719
61138000,-6436,6183,123847,-7169,6292,120769,108,19232,442,1,50446,0.0009999999999976694
61139000,-476,7924,126158,-5287,2741,123868,106,19223,434,0,50447,0.0009999999999976694
61140017,5248,214,122649,1329,-7865,128129,86,19232,352,0,50448,0.0010170000000044865
61141002,1827,-881,122944,-9972,2273,127427,107,19229,438,0,50449,0.0009850000000000136
61142000,-1973,6204,130984,-5860,4768,125576,121,19229,496,1,50450,0.0009979999999956135
61143000,-2951,14886,125575,8361,8934,117286,111,19223,496,1,50451,0.0010000000000047748
61144000,-7055,2940,124692,-8994,-4695,134962,97,19229,455,1,50452,0.0009999999999976694
61145000,6634,4619,124062,-3252,3236,118594,97,19233,397,0,50453,0.0009999999999976694
61146000,11549,11284,124794,19984,5199,118194,132,19234,541,0,50454,0.0009999999999976694
61147000,14885,-7983,124938,6837,-12548,129584,109,19230,446,0,50455,0.0010000000000047748
61148000,8263,-9994,126946,-468,-13957,124124,110,19227,451,0,50456,0.0009999999999976694
61149002,3865,-1384,130821,-1194,-6206,134202,132,19227,451,1,50457,0.0010019999999997253
61150000,3297,24171,128735,2758,21906,114590,108,19229,541,1,50458,0.000998000000002719
61151000,5623,11363,128686,7108,7597,128451,108,19233,442,1,50459,0.0009999999999976694
61152002,7352,-4455,122397,-848,-9303,124116,102,19222,418,0,50460,0.0010019999999997253
61153000,10715,-12317,125029,13358,-16884,136073,111,19229,455,0,50461,0.000998000000002719
61154000,10701,-4754,129709,15742,-7648,126173,105,19230,430,0,50462,0.0009999999999976694
61155001,5232,2186,129581,-9019,-2071,126322,113,19230,430,1,50463,0.00100100000000225
61156000,1746,7474,131233,375,4089,133747,109,19221,463,1,50464,0.0009990000000001942
61157000,1227,10172,128854,6047,6016,123482,109,19229,446,1,50465,0.0009999999999976694
61158003,929,-1661,128881,-7195,-3937,127044,100,19231,410,1,50466,0.001003000000004306
61159002,7632,-5724,129621,1314,-8826,128519,132,19225,541,0,50467,0.0009989999999930887
61160000,14409,-15591,129554,22966,-20027,133874,102,19229,418,0,50468,0.000998000000002719
61161000,6678,749,130284,342,-2006,124899,104,19229,418,0,50469,0.0009999999999976694
61162005,1953,4933,131302,-35806,1313,128673,145,19228,426,1,50470,0.001005000000006362
61163002,-4242,15386,133397,14161,13510,128277,145,19227,594,1,50471,0.0009969999999981383
61164000,-5415,-2534,129498,-1513,-4304,126653,108,19232,442,1,50472,0.0009979999999956135
61165000,-5162,-8033,128515,-23045,-9728,131116,97,19226,397,0,50473,0.0010000000000047748
61166000,1753,-9091,129018,-1007,-17072,134014,122,19238,500,0,50474,0.0009999999999976694
61167000,4240,8000,132342,8166,4264,127998,109,19238,500,0,50475,0.0009999999999976694
61168000,-3188,2465,130593,-16320,-2740,133623,121,19228,446,0,50476,0.0010000000000047748
61169000,-10568,13328,130841,-17134,9650,122881,121,19222,496,1,50477,0.0009999999999976694
61170000,-11034,92,127872,-9974,-3900,137747,108,19228,442,1,50478,0.0009999999999976694
61171005,-6893,18632,129266,-7608,13022,118531,104,19230,426,1,50479,0.0010049999999992565
61172000,-5319,1519,126835,-1707,824,130191,122,19219,500,0,50480,0.0009950000000031878
61173000,-1879,-7057,125041,-12490,-14806,128435,94,19219,500,0,50481,0.0009999999999976694
61174000,-2514,-1813,128954,-11245,-5283,127074,105,19230,385,0,50482,0.0010000000000047748
61175000,-1181,10265,127070,247,-2123,130973,105,19222,430,1,50483,0.0009999999999976694
61176000,-9292,17534,128013,-5524,14306,112426,140,19228,573,1,50484,0.0009999999999976694
61177000,-7686,390,127393,-23515,-2454,136183,115,19231,471,1,50485,0.0010000000000047748
61178000,-2818,5586,126797,-1785,-1849,118281,101,19228,414,0,50486,0.0009999999999976694
61179000,3802,1281,126328,6411,1730,129179,121,19228,414,0,50487,0.0009999999999976694
61180000,-788,-2712,124479,-2881,-8097,124808,118,19228,496,0,50488,0.0010000000000047748
61181001,-643,1900,124276,-10744,-2702,127999,118,19227,483,0,50489,0.0010009999999951447
61182000,-802,17204,126689,-1050,6587,120739,119,19223,487,1,50490,0.0009990000000001942
61183000,-2930,15489,126523,-1455,4089,120507,132,19228,541,1,50491,0.0010000000000047748
61184000,132,17062,125419,4163,12226,123798,100,19232,410,1,50492,0.0009999999999976694
61185000,4925,-5484,122008,-814,-7578,128540,113,19232,463,0,50493,0.0009999999999976694
61186000,10790,-4653,125255,6527,-6282,127731,95,19227,463,0,50494,0.0010000000000047748
61187001,6454,6123,125858,3145,2126,119473,109,19228,389,0,50495,0.0010009999999951447
61188000,5167,-1482,125051,4782,-3382,130590,109,19227,446,1,50496,0.0009990000000001942
61189000,1466,2366,128413,-468,1583,124942,133,19227,545,1,50497,0.0010000000000047748
61190000,1273,12806,127615,-2277,4936,124267,111,19229,455,1,50498,0.0009999999999976694
61191000,10959,8106,126856,19979,2983,122250,96,19229,393,1,50499,0.0009999999999976694
61192000,10911,2565,128201,-121,-741,121571,140,19229,393,0,50500,0.0010000000000047748
61193000,10343,-7235,126369,1580,-11326,138194,104,19235,573,0,50501,0.0009999999999976694
61194000,8033,-6618,126806,12174,-6550,134663,104,19234,426,0,50502,0.0009999999999976694
61195000,2956,2156,132431,-7496,-395,129031,105,19219,430,1,50503,0.0010000000000047748
61196000,-3089,24591,131057,1194,21249,115003,121,19225,496,1,50504,0.0009999999999976694
61197000,-2056,4325,129023,1938,-2753,134077,104,19225,426,1,50505,0.0009999999999976694
61198000,7873,-11700,126372,6081,-15507,132024,109,19231,426,1,50506,0.0010000000000047748
61199000,9604,-2097,128850,4820,-4349,120528,85,19221,446,0,50507,0.0009999999999976694
61200008,11103,-788,129935,8069,-5353,130029,85,19230,348,0,50508,0.0010079999999987876
61201002,3008,-3824,131592,-6859,-6548,131077,104,19228,426,0,50509,0.0009939999999986071
61202000,-124,4699,133015,-15701,1646,134053,126,19224,516,1,50510,0.000998000000002719
61203000,-7936,10884,131003,6906,8767,123470,112,19230,459,1,50511,0.0009999999999976694
61204000,-8046,3356,130898,-9818,177,125579,94,19230,459,1,50512,0.0010000000000047748
61205000,985,-11413,127920,-10949,-16146,136788,142,19228,385,0,50513,0.0009999999999976694
61206000,344,-2868,129201,7141,-7447,127009,142,19232,582,0,50514,0.0009999999999976694
61207000,2704,3335,131173,-3489,-1750,129654,108,19228,442,0,50515,0.0010000000000047748
61208000,-9189,2760,130772,-19363,109,125353,110,19224,451,1,50516,0.0009999999999976694
61209003,-5463,-4892,131019,-12439,-6736,137640,135,19227,553,1,50517,0.0010029999999972006
61210000,-8975,7580,129681,-7388,3350,128239,109,19227,553,1,50518,0.0009969999999981383
61211000,-5561,14832,130552,-11934,13259,116673,104,19230,446,1,50519,0.0010000000000047748
61212001,-1069,-5642,126269,-4711,-5975,128280,104,19223,426,0,50520,0.00100100000000225
61213000,-2656,-5130,125817,-4268,-10568,132084,132,19230,541,0,50521,0.0009989999999930887
61214000,284,2447,126573,-6855,-2440,125892,102,19231,418,0,50522,0.0010000000000047748
61215000,-6740,12683,128709,-9285,7632,122564,122,19221,500,1,50523,0.0009999999999976694
61216000,-7559,8021,126399,-10106,4586,122095,113,19221,500,1,50524,0.0009999999999976694
61217000,-7690,1947,127451,-6779,-1447,133000,100,19227,463,1,50525,0.0010000000000047748
61218000,-2880,1763,123730,-3390,-2928,124441,100,19230,410,0,50526,0.0009999999999976694
61219000,961,8309,123916,-6510,2188,120306,133,19233,545,0,50527,0.0009999999999976694
61220000,877,-1922,125436,4280,-1698,122913,104,19229,426,0,50528,0.0010000000000047748
61221001,3793,-12923,124679,-124,-10007,130109,109,19225,446,0,50529,0.0010009999999951447
61222000,-2047,13621,128912,-12049,5717,128446,157,19225,446,1,50530,0.0009990000000001942
61223000,-80,17687,127009,1591,17343,116314,108,19230,643,1,50531,0.0010000000000047748
61224000,1415,9518,125687,7102,7583,124181,108,19230,442,1,50532,0.0009999999999976694
61225000,7081,-6898,121771,-3163,-11286,128553,97,19225,397,0,50533,0.0009999999999976694
61226000,7232,4075,125827,8329,-5575,120819,91,19231,373,0,50534,0.0010000000000047748
61227000,9456,5287,125575,14505,7441,120336,110,19228,451,0,50535,0.0009999999999976694
61228001,3862,-325,127221,2104,-7252,129213,122,19228,500,1,50536,0.00100100000000225
61229000,1541,-817,127284,-2180,-3921,133075,112,19221,500,1,50537,0.0009990000000001942
61230000,3976,685,127429,4401,-5451,123506,99,19228,459,1,50538,0.0009999999999976694
61231000,6600,16795,128000,3639,8916,118025,99,19229,405,1,50539,0.0009999999999976694
61232000,10694,-804,124449,5287,-7207,127310,121,19229,496,0,50540,0.0010000000000047748
61233000,12419,-14436,127930,14573,-19226,135766,96,19231,393,0,50541,0.0009999999999976694
61234000,6937,-5975,127580,-351,-7067,128193,104,19231,426,0,50542,0.0009999999999976694
61235000,5175,10339,129755,-3270,9788,126124,145,19227,426,1,50543,0.0010000000000047748
61236009,377,17240,132397,3746,12098,125336,109,19227,594,1,50544,0.0010089999999962629
61237000,64,659,126805,-5605,-7079,128944,109,19235,446,1,50545,0.000990999999999076
61238000,2842,-4350,129788,3767,-8715,133950,98,19225,401,0,50546,0.0010000000000047748
61239000,6688,-15518,126116,13186,-17215,129423,123,19232,504,0,50547,0.0009999999999976694
61240000,9855,3294,131109,11448,499,125745,106,19232,434,0,50548,0.0009999999999976694
61241002,2284,-3450,129076,-18039,-7243,133987,112,19230,434,0,50549,0.0010019999999997253
61242001,530,13013,133356,-8730,12169,119396,122,19223,459,1,50550,0.0009990000000001942
61243002,-7298,7768,133107,1548,1708,131838,122,19229,500,1,50551,0.00100100000000225
61244000,-2484,-2652,128855,-4171,-6691,127935,99,19233,405,1,50552,0.000998000000002719
61245000,-4175,-11026,129644,-20245,-15040,135517,118,19222,483,0,50553,0.0009999999999976694
61246000,1126,-3472,128203,2623,-7053,129017,98,19229,401,0,50554,0.0009999999999976694
61247000,-834,7385,130390,3492,3897,124681,109,19229,401,0,50555,0.0010000000000047748
61248000,-5504,8487,132844,-22519,5139,125737,139,19229,446,1,50556,0.0009999999999976694
61249000,-10202,2162,130150,-17524,88,131168,139,19226,569,1,50557,0.0009999999999976694
61250000,-7407,4802,129839,-5671,2897,133652,116,19231,475,1,50558,0.0010000000000047748
61251000,-3302,9738,128217,-2284,6887,118641,96,19226,393,1,50559,0.0009999999999976694
61252002,-3021,-4616,125677,-13107,-7982,128347,166,19233,680,0,50560,0.0010019999999997253
61253002,-2045,-5761,126183,-4283,-8899,129951,104,19233,680,0,50561,0.0009999999999976694
61254000,-2102,3993,128125,-8022,77,127832,109,19232,426,0,50562,0.000998000000002719
61255000,-2295,12786,127711,-6760,9013,119164,109,19224,446,1,50563,0.0009999999999976694
61256000,-10202,11944,127421,-10542,9148,122917,127,19228,520,1,50564,0.0010000000000047748
61257000,-4708,6858,127935,-13906,4147,134901,107,19234,438,1,50565,0.0009999999999976694
61258000,1889,48,125145,3565,-2585,121311,120,19222,491,0,50566,0.0009999999999976694
61259000,567,-2655,126093,59,-6016,131096,95,19222,491,0,50567,0.0010000000000047748
61260000,439,7459,123809,-4038,610,119616,110,19228,389,0,50568,0.0009999999999976694
61261000,-479,-2525,126605,-4251,-4611,132295,110,19226,451,0,50569,0.0009999999999976694
61262000,-1193,13436,127368,-6813,8385,124195,132,19223,541,1,50570,0.0010000000000047748
61263000,-1851,16062,125459,-7363,14366,118916,109,19231,446,1,50571,0.0009999999999976694
61264000,3592,3568,123091,13334,375,125963,96,19226,393,1,50572,0.0009999999999976694
61265000,7471,-1347,123705,-3301,-2515,120005,122,19226,393,0,50573,0.0010000000000047748
61266000,10930,-3949,128612,11070,-2901,137981,115,19230,500,0,50574,0.0009999999999976694
61267000,8819,-1092,123848,14351,-6395,116589,115,19226,471,0,50575,0.0009999999999976694
61268000,6764,1550,129685,-11161,-3811,127232,116,19224,475,1,50576,0.0010000000000047748
61269000,-592,15539,128715,4182,11108,124507,132,19227,541,1,50577,0.0009999999999976694
61270000,5758,-1928,122522,10070,-793,127036,106,19232,434,1,50578,0.0009999999999976694
61271000,7205,6879,129123,4943,-2279,129646,108,19232,434,0,50579,0.0009999999999976694
61272000,8318,4190,127272,-3080,9747,128599,91,19221,442,0,50580,0.0010000000000047748
61273000,15462,-15255,126462,21384,-21145,135214,91,19229,373,0,50581,0.0009999999999976694
61274000,3162,1169,130731,7890,-314,128805,102,19229,418,0,50582,0.0009999999999976694
61275000,5492,1917,128207,-19805,-1645,121846,118,19222,483,1,50583,0.0010000000000047748
61276000,-622,31821,134749,13462,26707,119652,112,19230,459,1,50584,0.0009999999999976694
61277009,1772,-10987,126623,4981,-23706,138370,101,19230,414,1,50585,0.0010090000000033683
61278000,9246,-3574,129060,-936,-11192,120142,143,19232,414,0,50586,0.000990999999999076
61279000,7896,-8360,128546,9544,-11748,137250,101,19227,586,0,50587,0.0009999999999976694
61280002,11710,-4818,130123,11583,-2926,126338,101,19228,414,0,50588,0.0010019999999997253
61281002,-1112,14355,133636,-18938,11233,125852,106,19227,434,1,50589,0.0009999999999976694
61282000,-3200,-1205,127935,-400,-458,136296,148,19230,606,1,50590,0.000998000000002719
61283003,-11835,10283,129767,-2506,1924,119080,106,19230,434,1,50591,0.0010029999999972006
61284000,-4102,-4307,130197,-16682,-13300,132620,104,19235,434,1,50592,0.0009970000000052437
61285000,3140,-2022,129510,6469,-3101,128409,115,19221,426,0,50593,0.0009999999999976694
61286000,3142,1636,131687,-5751,-1948,126604,115,19232,471,0,50594,0.0009999999999976694
61287000,-1425,1457,130142,-14858,-2631,131502,109,19230,446,0,50595,0.0010000000000047748
61288000,-7435,1409,129646,-11435,304,129813,124,19219,508,1,50596,0.0009999999999976694
61289000,-9673,4181,133292,-16940,2714,134660,112,19230,459,1,50597,0.0009999999999976694
61290000,-11454,17961,129727,-8888,13580,119177,99,19230,459,1,50598,0.0010000000000047748
61291001,-4624,1233,127374,-11103,-3925,128499,129,19232,405,0,50599,0.0010009999999951447
61292000,-656,-9301,126749,-398,-11301,132784,129,19219,528,0,50600,0.0009990000000001942
61293000,-3000,885,126212,-3671,-2175,120978,101,19228,414,0,50601,0.0010000000000047748
61294000,-1813,4293,127748,-15643,1293,131471,105,19225,430,0,50602,0.0009999999999976694
61295000,-3687,17471,128483,-7437,13854,117901,139,19228,569,1,50603,0.0009999999999976694
61296000,-7780,2822,128161,-6828,946,130471,114,19228,569,1,50604,0.0010000000000047748
61297000,-5578,3008,126532,-6545,91,125627,102,19230,467,1,50605,0.0009999999999976694
61298000,-865,2148,125909,-5932,-1396,124891,102,19224,418,0,50606,0.0009999999999976694
61299000,2765,5445,125121,5997,2409,125820,108,19233,442,0,50607,0.0010000000000047748
61300002,1951,1483,124293,-1349,-1317,124432,110,19229,451,0,50608,0.0010019999999997253
61301002,-2538,4072,125316,-16621,-2525,133414,116,19221,475,1,50609,0.0009999999999976694
61302000,-2154,13758,125863,1353,10649,115341,116,19221,475,1,50610,0.000998000000002719
61303000,-3618,-1319,124181,6050,-4229,133264,98,19226,475,1,50611,0.0009999999999976694
61304000,1130,7551,123344,-5867,3407,121151,98,19232,401,0,50612,0.0009999999999976694
61305000,7517,3773,124677,6038,1246,118049,116,19226,475,0,50613,0.0010000000000047748
61306000,14096,-154,127101,14562,-3217,128508,103,19229,422,0,50614,0.0009999999999976694
61307000,9778,-6317,126093,-474,-11916,128052,110,19226,451,0,50615,0.0009999999999976694
61308000,3239,-3250,126462,7343,-9724,130668,144,19226,451,1,50616,0.0010000000000047748
61309000,568,14706,128437,-826,11139,120690,113,19233,590,1,50617,0.0009999999999976694
61310000,3568,16252,127957,1423,11596,126328,113,19229,463,1,50618,0.0009999999999976694
61311000,9483,3178,125014,12875,296,122093,97,19225,397,0,50619,0.0010000000000047748
61312000,9568,-2996,127384,716,-6923,127890,125,19232,512,0,50620,0.0009999999999976694
61313000,9551,-7073,125447,13290,-13507,133158,103,19229,422,0,50621,0.0009999999999976694
61314000,6065,-6595,130207,5754,-10404,128979,109,19229,422,1,50622,0.0010000000000047748
61315000,3833,5215,131494,-4959,-2001,133688,114,19221,446,1,50623,0.0009999999999976694
61316001,2294,14671,131342,2316,12133,124129,102,19227,467,1,50624,0.00100100000000225
61317001,236,2189,128323,781,4196,129254,102,19231,418,1,50625,0.0009999999999976694
61318000,5074,-8896,127204,-1394,-8095,131228,115,19228,471,0,50626,0.0009990000000001942
61319000,7710,-7416,128785,14534,-17789,126174,89,19228,365,0,50627,0.0009999999999976694
61320000,5482,40,129058,10263,-5061,133496,104,19228,426,0,50628,0.0010000000000047748
61321000,1866,7257,134069,-16803,729,122366,132,19228,426,1,50629,0.0009999999999976694
61322000,-1833,11373,131758,-6340,9233,129207,111,19223,541,1,50630,0.0009999999999976694
61323000,-8335,2422,129413,4742,-1661,131892,111,19229,455,1,50631,0.0010000000000047748
61324000,-4916,-11671,127383,-13882,-19064,131404,96,19227,393,0,50632,0.0009999999999976694
61325000,-1530,-812,129692,-13460,-1120,129394,142,19233,582,0,50633,0.0009999999999976694
61326000,3343,2646,131446,10581,1242,123361,108,19233,442,0,50634,0.0010000000000047748
61327000,-3066,6008,133392,-8710,14,130985,115,19230,442,0,50635,0.0009999999999976694
61328000,-6792,226,128262,-15103,-279,130845,130,19222,471,1,50636,0.0009999999999976694
61329000,-9947,7491,129639,-5869,5425,128105,130,19228,532,1,50637,0.0010000000000047748
61330000,-7534,11435,130536,-11243,10441,122313,106,19234,434,1,50638,0.0009999999999976694
61331002,-4129,3681,129089,-11950,-6103,124886,109,19220,446,0,50639,0.0010019999999997253
61332002,-4512,-11171,125831,-5663,-13853,137621,111,19220,455,0,50640,0.0009999999999976694
61333002,-418,-547,130452,-2425,-1490,126017,103,19230,455,0,50641,0.0010000000000047748
61334002,-3260,7846,126888,-12661,4948,124415,129,19231,422,1,50642,0.0009999999999976694
61335000,-6422,14923,130226,-14360,12395,120653,129,19223,528,1,50643,0.0009979999999956135
61336000,-4141,4772,129089,-2207,-306,132919,113,19227,463,1,50644,0.0010000000000047748
61337000,-5801,1031,124973,-3121,-2284,124072,98,19225,401,1,50645,0.0009999999999976694
61338000,245,11051,127241,-7764,7563,113540,134,19230,549,0,50646,0.0009999999999976694
61339000,1264,-5660,125337,1682,-11402,136987,108,19230,549,0,50647,0.0010000000000047748
61340000,2323,1056,125488,-3040,-944,124619,112,19229,442,0,50648,0.0009999999999976694
61341000,22,7855,127251,-7366,4753,128692,112,19226,459,1,50649,0.0009999999999976694
61342000,-5003,15388,126063,-426,13256,116251,155,19228,635,1,50650,0.0010000000000047748
61343000,345,10551,125366,-2093,6934,124637,106,19233,434,1,50651,0.0009999999999976694
61344000,3671,-4329,121124,4091,-8189,131531,100,19221,410,0,50652,0.0009999999999976694
61345000,9203,4886,124371,5055,465,118404,82,19221,410,0,50653,0.0010000000000047748
61346000,6903,-9347,124214,11694,-13467,129292,113,19229,336,0,50654,0.0009999999999976694
61347000,5013,-4558,125713,3483,-8627,120480,113,19226,463,0,50655,0.0009999999999976694
61348000,3469,146,125964,-5442,-5709,135551,126,19223,516,1,50656,0.0010000000000047748
61349000,-364,14866,125507,1902,10922,113704,113,19228,463,1,50657,0.0009999999999976694
61350000,11588,5225,125088,14742,2460,124340,95,19232,389,1,50658,0.0009999999999976694
61351000,4946,-3042,126597,-254,-7918,132166,133,19232,389,0,50659,0.0010000000000047748
61352000,12631,-8899,126565,6031,-12612,122724,100,19227,545,0,50660,0.0009999999999976694
61353000,9416,-2683,128486,19492,-6810,134854,100,19229,410,0,50661,0.0009999999999976694
61354000,3791,16468,130586,-8268,7868,121286,105,19230,430,1,50662,0.0010000000000047748
61355000,2343,681,128599,-4733,-5876,133253,130,19228,532,1,50663,0.0009999999999976694
61356000,-1484,1893,128207,6620,-2236,124741,110,19229,451,1,50664,0.0009999999999976694
61357002,5230,2997,128637,9,3164,126445,103,19229,451,1,50665,0.0010019999999997253
61358000,11081,-8650,126697,1284,-14110,129722,125,19222,422,0,50666,0.000998000000002719
61359000,11867,-790,132039,18740,-2647,124333,125,19231,512,0,50667,0.0009999999999976694
61360000,5226,-13532,130631,-1625,-19735,146719,105,19228,430,0,50668,0.0010000000000047748
61361000,-3116,16619,132992,-18057,11054,114508,117,19220,479,1,50669,0.0009999999999976694
61362000,-4209,6862,133644,-4577,7253,130174,110,19230,451,1,50670,0.0009999999999976694
61363000,-8499,-500,127913,3757,-2115,131523,100,19230,410,1,50671,0.0010000000000047748
61364003,2114,-11629,127001,-18264,-15356,127084,124,19228,410,0,50672,0.0010029999999972006
61365000,-1972,-1746,130952,-3322,-4254,133882,124,19224,508,0,50673,0.0009969999999981383
61366000,6622,12531,130048,6187,7908,122329,101,19232,414,0,50674,0.0010000000000047748
61367002,-4714,1955,132724,-17877,2114,138797,109,19224,446,0,50675,0.0010019999999997253
61368001,-6235,-665,130684,-15492,-6652,128829,152,19229,623,1,50676,0.0009990000000001942
61369000,-7875,7415,130985,-4899,5058,129459,116,19229,475,1,50677,0.0009990000000001942
61370002,-7196,9247,129735,-10591,7325,121178,101,19225,475,1,50678,0.0010019999999997253
61371000,893,785,128246,-7271,-8061,127711,167,19226,414,0,50679,0.0009979999999956135
61372000,-2343,-7464,125845,-4311,-12735,133320,167,19232,684,0,50680,0.0010000000000047748
61373000,-112,9164,128697,-1376,3448,118195,111,19224,455,0,50681,0.0009999999999976694
61374000,-4560,13166,130446,-11536,6290,127184,117,19221,479,1,50682,0.0009999999999976694
61375000,-4608,9220,127140,-6928,4675,122626,117,19221,479,1,50683,0.0010000000000047748
61376000,-5084,3258,128038,-6504,180,134576,109,19227,479,1,50684,0.0009999999999976694
61377000,-3011,517,125343,-6144,-3876,119468,121,19228,446,0,50685,0.0009999999999976694
61378000,1129,9909,125138,726,1670,120146,121,19228,496,0,50686,0.0010000000000047748
61379000,3068,-6902,123063,833,-10729,133293,101,19227,414,0,50687,0.0009999999999976694
61380000,3226,4227,126395,-10461,3768,120103,108,19228,442,0,50688,0.0009999999999976694
61381002,-2890,10699,127050,-8681,5839,126001,138,19223,565,1,50689,0.0010019999999997253
61382000,-1774,12214,125917,10530,6864,119917,113,19223,565,1,50690,0.000998000000002719
61383000,-2365,3276,124212,-1512,-1744,128322,96,19230,463,1,50691,0.0009999999999976694
61384000,6895,5632,122341,-8226,2084,120507,96,19225,393,0,50692,0.0010000000000047748
61385000,10220,14342,126553,16054,9156,116889,110,19235,451,0,50693,0.0009999999999976694
61386000,12127,-2998,125717,12806,-7689,131161,109,19227,446,0,50694,0.0009999999999976694
61387000,4509,-9070,125936,950,-12903,125724,113,19226,463,1,50695,0.0010000000000047748
61388000,532,-746,128651,-4995,-2098,134220,117,19226,463,1,50696,0.0009999999999976694
61389000,3618,12602,126749,5790,9024,119916,104,19229,479,1,50697,0.0009999999999976694
61390000,5579,11461,127040,10100,9055,121683,104,19232,426,1,50698,0.0010000000000047748
61391000,10071,-3858,125130,-1251,-7330,126831,112,19218,459,0,50699,0.0009999999999976694
61392001,5510,-12621,125820,13598,-15443,128044,87,19228,356,0,50700,0.00100100000000225
61393002,9670,-6172,128703,8630,-9547,132434,101,19228,414,0,50701,0.0010009999999951447
61394000,4951,5145,129675,-5306,722,125370,127,19228,414,1,50702,0.000998000000002719
61395000,99,20504,128799,3114,10532,129191,114,19226,520,1,50703,0.0009999999999976694
61396000,5224,4466,128872,-1416,2853,124298,114,19229,467,1,50704,0.0009999999999976694
61397000,-1547,-11936,127972,-8833,-16467,137017,100,19226,410,0,50705,0.0010000000000047748
61398000,7263,-8242,129239,7741,-12181,128140,153,19229,627,0,50706,0.0009999999999976694
61399000,11075,-3924,129102,23272,-8952,126173,105,19229,430,0,50707,0.0009999999999976694
61400000,3078,3287,131683,-16574,1693,133513,104,19229,430,0,50708,0.0010000000000047748
61401001,2571,9008,131213,-22271,1333,123934,136,19221,426,1,50709,0.0010009999999951447
61402000,-5846,8791,131389,15376,5403,130808,136,19229,557,1,50710,0.0009990000000001942
61403003,-5565,4166,129939,-6147,1503,124728,106,19236,434,1,50711,0.001003000000004306
61404000,-6746,-16790,128714,-22052,-17983,137343,106,19224,434,0,50712,0.0009969999999981383
61405000,2581,-2427,131391,139,-12425,131892,99,19228,405,0,50713,0.0009999999999976694
61406000,-2451,9470,131520,4755,2647,126389,114,19228,405,0,50714,0.0010000000000047748
61407016,-5271,14685,128186,-13555,2240,125938,129,19228,467,1,50715,0.0010159999999999059
61408000,-10819,1909,130757,-22332,2639,127986,129,19222,528,1,50716,0.000983999999995433
61409002,-8590,838,128587,-12420,-12323,144646,114,19229,467,1,50717,0.0010019999999997253
61410002,-4712,16786,129266,1010,12770,113383,101,19228,414,1,50718,0.0010000000000047748
61411000,-6028,-1608,127120,-11809,-2651,129036,142,19225,582,0,50719,0.0009979999999956135
61412000,-4549,-3587,124731,-8006,-9027,129178,101,19225,414,0,50720,0.0010000000000047748
61413000,-1684,-2984,127805,-3818,-6772,135646,105,19230,414,0,50721,0.0009999999999976694
61414000,-1415,14158,128573,-3939,1728,114725,137,19223,430,1,50722,0.0009999999999976694
61415000,-10408,19147,129727,-9327,18113,123652,137,19229,561,1,50723,0.0010000000000047748
61416000,-6234,2150,126258,-16793,-2175,132712,113,19230,463,1,50724,0.0009999999999976694
61417000,1094,719,125852,2102,-4072,124690,105,19223,430,0,50725,0.0009999999999976694
61418000,185,-5339,125350,3740,-7991,130984,98,19223,401,0,50726,0.0010000000000047748
61419000,309,12989,124794,-5345,9540,111897,114,19225,401,0,50727,0.0009999999999976694
61420000,132,2574,127650,-7667,-2242,134951,122,19230,467,0,50728,0.0009999999999976694
61421000,2212,7923,125809,493,9041,122443,122,19217,500,1,50729,0.0010000000000047748
61422001,-3404,17806,126829,-4351,13278,116009,111,19231,455,1,50730,0.0010009999999951447
61423000,2996,5665,124270,-1905,622,127572,98,19234,401,1,50731,0.0009990000000001942
61424000,9223,-3310,124396,12694,-10290,125993,126,19234,516,0,50732,0.0010000000000047748
61425000,9190,-9426,124553,6576,-13612,131230,104,19231,516,0,50733,0.0009999999999976694
61426000,8381,2752,126642,-17,-385,120166,109,19226,426,0,50734,0.0009999999999976694
61427000,3382,8492,127677,11250,4647,127434,109,19228,446,1,50735,0.0010000000000047748
61428017,2611,10745,125921,-5207,8026,124725,141,19227,577,1,50736,0.0010169999999973811
61429002,4233,5125,126195,5590,1355,125023,111,19231,455,1,50737,0.0009850000000000136
61430002,8349,808,125841,18643,-2011,123527,98,19228,401,1,50738,0.0009999999999976694
61431000,11833,7565,126977,-2029,2534,119905,120,19228,401,0,50739,0.000998000000002719
61432000,10289,-17722,126900,12905,-22755,141533,102,19234,491,0,50740,0.0009999999999976694
61433000,7880,-6357,129039,3174,-8695,130451,102,19228,418,0,50741,0.0010000000000047748
61434000,3439,10719,131674,-7305,7447,122993,111,19222,455,1,50742,0.0009999999999976694
61435000,-3109,18969,131494,5598,15978,121878,105,19230,430,1,50743,0.0009999999999976694
61436000,2051,-1686,127327,-1154,-5281,132677,99,19231,405,1,50744,0.0010000000000047748
61437000,7003,-12328,126726,-64,-15833,131220,121,19231,405,0,50745,0.0009999999999976694
61438000,10645,3604,131394,14027,1318,120991,97,19222,496,0,50746,0.0009999999999976694
61439000,8089,-4182,128819,9795,-6944,131058,97,19232,397,0,50747,0.0010000000000047748
61440000,616,-2138,131994,-17805,-5987,131133,104,19227,426,0,50748,0.0009999999999976694
61441000,1300,400,132992,-4280,-1748,136951,139,19223,569,1,50749,0.0009999999999976694
61442000,-8043,8521,130066,4529,1958,126423,113,19228,463,1,50750,0.0010000000000047748
61443000,-5170,322,131631,-17729,-371,119168,93,19228,463,1,50751,0.0009999999999976694
61444001,2331,-16990,125836,-752,-22594,142720,129,19226,381,0,50752,0.00100100000000225
61445000,-1671,3607,129724,4696,-2039,127895,129,19229,528,0,50753,0.0009990000000001942
61446000,-2010,5945,131123,-10452,3481,122472,117,19226,479,0,50754,0.0009999999999976694
61447000,-7820,4745,132405,-14247,2159,130489,118,19220,483,1,50755,0.0009999999999976694
61448001,-8612,7561,129754,-10970,1265,132903,118,19230,483,1,50756,0.00100100000000225
61449000,-10970,3588,128249,-8342,-2108,127868,106,19230,483,1,50757,0.0009990000000001942
61450000,-3440,8976,130100,-13659,5664,123003,116,19232,434,1,50758,0.0009999999999976694
61451000,-2814,-119,126559,-3523,-4980,131775,116,19213,475,0,50759,0.0010000000000047748
61452000,-3422,-1787,126562,-1685,-7639,127788,92,19237,377,0,50760,0.0009999999999976694
61453000,-1634,1720,128843,-14505,21,127861,101,19228,414,0,50761,0.0009999999999976694
61454002,-6861,7143,127706,-6137,950,126638,129,19228,528,1,50762,0.0010019999999997253
61455003,-8558,10323,127516,-7670,8913,116407,114,19228,467,1,50763,0.00100100000000225
61456002,-5323,-799,125187,-8044,-2861,132311,99,19226,467,1,50764,0.0009990000000001942
61457003,-3945,5791,123841,-945,2575,123661,119,19227,405,0,50765,0.00100100000000225
61458000,-344,5439,125062,-11094,2716,118792,119,19233,487,0,50766,0.0009969999999981383
61459003,277,2272,126641,3520,-3966,131722,105,19230,430,0,50767,0.0010029999999972006
61460000,2929,1294,125426,-2352,2822,123045,108,19224,442,1,50768,0.0009969999999981383
61461000,-1464,7610,127739,-2949,895,126470,139,19224,569,1,50769,0.0010000000000047748
61462002,-2143,11612,125320,-2871,9261,121589,104,19231,569,1,50770,0.0010019999999997253
61463000,3040,3742,122587,-7189,-3297,128023,106,19232,426,1,50771,0.0009979999999956135
61464001,7007,12616,123901,12213,3821,118432,106,19224,434,0,50772,0.00100100000000225
61465000,10814,2680,122270,5706,-13774,127308,91,19227,373,0,50773,0.0009990000000001942
61466019,2919,-2178,127742,1467,-6074,127630,109,19236,446,0,50774,0.001018999999999437
61467002,8226,1703,127574,5718,-1093,126960,132,19236,541,1,50775,0.0009829999999979577
61468000,3069,6398,129500,1772,11198,125025,113,19224,541,1,50776,0.000998000000002719
61469000,2985,15417,127027,1205,407,123640,94,19230,463,1,50777,0.0009999999999976694
61470000,9702,-6470,123632,5823,-7576,128020,94,19229,385,0,50778,0.0010000000000047748
61471000,7952,120,130045,5781,-3716,124661,143,19232,586,0,50779,0.0009999999999976694
61472000,11759,1981,126090,11699,-9396,131452,99,19231,405,0,50780,0.0009999999999976694
61473000,6029,-7703,127679,640,-5879,129991,103,19226,422,0,50781,0.0010000000000047748
61474000,5625,8352,131229,-6772,2431,130548,125,19226,422,1,50782,0.0009999999999976694
61475000,1467,12325,128463,4121,10889,121737,109,19232,512,1,50783,0.0009999999999976694
61476000,1285,11305,129234,939,-1901,127845,109,19231,446,1,50784,0.0010000000000047748
61477000,5950,-4776,127833,253,-13444,135768,106,19222,434,0,50785,0.0009999999999976694
61478000,8756,-11907,128476,15244,-14610,126361,117,19230,479,0,50786,0.0009999999999976694
61479000,5036,-1112,131263,1194,-1479,129861,107,19233,438,0,50787,0.0010000000000047748
61480000,-161,65,131752,-17455,248,130218,126,19233,438,1,50788,0.0009999999999976694
61481000,-138,8966,132708,-1625,4659,124368,116,19221,516,1,50789,0.0009999999999976694
61482000,-2642,7114,130159,1165,-6270,133858,116,19229,475,1,50790,0.0010000000000047748
61483000,-5764,2601,128230,-9281,-8358,125609,101,19231,414,1,50791,0.0009999999999976694
61484026,968,-9612,129093,-13690,-13853,132437,135,19230,553,0,50792,0.00102600000000308
61485000,2926,-3798,133408,6171,-5718,129214,102,19228,418,0,50793,0.0009739999999993643
61486000,-1048,2950,131361,-6592,3121,126597,110,19228,418,0,50794,0.0009999999999976694
61487000,-5202,6751,131546,-26053,3893,125927,145,19228,451,1,50795,0.0009999999999976694
61488000,-11227,8891,130104,-6582,4630,129283,145,19228,594,1,50796,0.0010000000000047748
61489000,-5500,1143,129438,-1207,6889,134196,114,19231,467,1,50797,0.0009999999999976694
61490000,-3268,5989,126057,-10175,-6,117761,102,19220,418,0,50798,0.0009999999999976694
61491000,-3503,1570,127368,-17999,-6862,127183,129,19229,528,0,50799,0.0010000000000047748
61492000,-1940,-4822,126493,2161,-2295,131135,103,19229,528,0,50800,0.0009999999999976694
61493000,-1487,4727,127180,-6565,1991,120817,119,19234,422,1,50801,0.0009999999999976694
61494000,-4814,10701,128447,-12767,6208,128179,119,19221,487,1,50802,0.0010000000000047748
61495000,-10800,6206,126050,-12014,860,126001,117,19226,479,1,50803,0.0009999999999976694
61496000,278,8565,127862,-5195,3541,124921,104,19228,426,1,50804,0.0009999999999976694
61497000,520,2763,125150,6781,2365,126891,126,19227,516,0,50805,0.0010000000000047748
61498000,-438,-7199,122299,-4156,-10115,126447,100,19227,410,0,50806,0.0009999999999976694
61499001,-413,2370,127495,-7520,2344,124290,107,19228,410,0,50807,0.00100100000000225
61500000,-1264,5396,126622,-562,7102,128462,107,19226,438,1,50808,0.0009990000000001942
61501000,-2366,11287,126800,1957,19005,118025,151,19227,618,1,50809,0.0009999999999976694
61502000,143,11803,125123,-9603,-1964,127192,111,19229,455,1,50810,0.0009999999999976694
61503000,4951,-2268,122455,7027,-6669,127927,96,19224,393,0,50811,0.0010000000000047748
61504000,7417,5195,124624,3657,1075,121861,95,19224,389,0,50812,0.0009999999999976694
61505000,12266,1802,126842,8295,-2579,123819,112,19230,389,0,50813,0.0009999999999976694
61506000,6219,-3830,125768,9717,-8544,130448,118,19227,459,0,50814,0.0010000000000047748
61507002,2343,1844,126874,-9453,-8302,122096,118,19221,483,1,50815,0.0010019999999997253
61508002,6922,13799,130303,9257,12798,120614,109,19228,446,1,50816,0.0009999999999976694
61509001,4521,12396,124185,15080,9332,126253,102,19230,418,1,50817,0.0009990000000001942
61510002,7067,-375,127226,-5089,-1495,121464,120,19230,491,0,50818,0.00100100000000225
61511000,12043,1681,126783,2643,-1292,135894,97,19228,491,0,50819,0.0009979999999956135
61512000,8763,-14831,126875,24578,-16143,129100,103,19232,397,0,50820,0.0010000000000047748
61513003,5778,8230,131592,1387,2842,125657,103,19230,422,1,50821,0.0010029999999972006
61514000,262,-1395,129492,-17004,9311,128467,136,19227,557,1,50822,0.0009969999999981383
61515000,3458,13233,129739,10531,8746,125393,113,19231,463,1,50823,0.0010000000000047748
61516000,1290,7139,128766,-4137,-6792,127101,100,19231,410,1,50824,0.0009999999999976694
61517000,7745,-8675,126017,-3,-13532,124623,141,19227,410,0,50825,0.0009999999999976694
61518000,10294,-1807,129573,19373,-17482,138072,105,19231,577,0,50826,0.0010000000000047748
61519000,5551,-10546,130760,-7951,-6454,126354,105,19230,430,0,50827,0.0009999999999976694
61520000,3856,9992,133408,-19904,13474,124074,108,19219,442,1,50828,0.0009999999999976694
61521000,-8767,12373,132057,6567,752,130125,135,19229,553,1,50829,0.0009999999999976694
61522000,-5793,2960,129314,-8945,-8943,129791,104,19231,426,1,50830,0.0010000000000047748
61523000,-2265,-8513,129801,-13460,-9879,137302,112,19231,426,0,50831,0.0009999999999976694
61524000,255,-4627,130116,4236,-2707,123357,90,19220,459,0,50832,0.0009999999999976694
61525000,6222,15582,131746,-2235,5585,122958,90,19230,369,0,50833,0.0010000000000047748
61526000,-5581,-355,130681,-17530,-9520,139993,107,19228,438,0,50834,0.0009999999999976694
61527000,-3544,-10695,129743,-7300,-1687,129720,135,19225,553,1,50835,0.0009999999999976694
61528000,-11634,11890,132112,-13690,12909,123467,117,19231,479,1,50836,0.0010000000000047748
61529001,-8704,16114,129539,-12808,12208,122479,98,19231,479,1,50837,0.0010009999999951447
61530000,-2152,6114,123999,-3476,-16602,132173,149,19228,401,0,50838,0.0009990000000001942
61531000,-3084,-14405,124761,-1110,-13126,128509,149,19239,610,0,50839,0.0010000000000047748
61532001,-3569,4023,127621,-12188,9444,121663,100,19224,410,0,50840,0.0010009999999951447
61533000,-2970,6132,128437,-8927,2710,125810,106,19227,434,1,50841,0.0009990000000001942
61534000,-3942,14569,130602,-1051,10923,122980,129,19225,528,1,50842,0.0010000000000047748
61535000,-8800,986,125320,-18800,-1441,136572,110,19225,528,1,50843,0.0009999999999976694
61536001,-3088,-3509,125936,-6455,4945,118203,109,19232,451,1,50844,0.00100100000000225
61537000,-175,14143,124872,4004,-8505,129665,109,19221,446,0,50845,0.0009990000000001942
61538000,3019,-7705,122758,1010,-7075,125980,88,19232,360,0,50846,0.0009999999999976694
61539000,-888,7858,126806,-7261,3947,123751,110,19230,451,0,50847,0.0009999999999976694
61540001,-1116,1057,126037,-5137,723,126873,125,19220,512,1,50848,0.00100100000000225
61541000,-3614,19703,126719,636,15861,118156,112,19220,512,1,50849,0.0009990000000001942
61542000,1439,8876,124860,-1254,2311,129888,95,19226,459,1,50850,0.0009999999999976694
61543000,5831,1782,123376,6536,-828,117106,95,19232,389,0,50851,0.0010000000000047748
61544000,8818,-5026,125503,2164,-4372,132958,133,19233,545,0,50852,0.0009999999999976694
61545000,8593,-7861,125422,6876,-4952,121259,110,19226,451,0,50853,0.0009999999999976694
61546000,5420,4531,129022,5083,-5091,128899,113,19223,463,0,50854,0.0010000000000047748
61547000,1996,-5216,126229,5194,-5866,131485,132,19223,541,1,50855,0.0009999999999976694
61548001,688,8915,126809,-8809,11591,117821,105,19235,541,1,50856,0.00100100000000225
61549000,9379,10669,126119,10895,160,130115,99,19236,430,1,50857,0.0009990000000001942
61550000,9518,3745,125918,18586,-2287,121424,99,19222,405,0,50858,0.0009999999999976694
61551000,7605,166,127292,-7429,-6808,130542,119,19233,487,0,50859,0.0009999999999976694
61552000,6853,-13499,129271,12618,-9893,128905,110,19224,451,0,50860,0.0010000000000047748
61553001,5144,-5397,132296,10148,-1816,137921,120,19224,491,1,50861,0.0010009999999951447
61554000,1080,1770,131739,-8998,6754,119548,111,19226,491,1,50862,0.0009990000000001942
61555000,579,14251,132193,2570,9210,130673,100,19226,455,1,50863,0.0010000000000047748
61556000,5543,-3043,125542,6511,-7884,128291,100,19231,410,1,50864,0.0009999999999976694
61557000,6868,-7959,128618,-3181,-10158,127822,135,19221,553,0,50865,0.0009999999999976694
61558002,10070,-6110,129368,15499,-4939,129692,101,19231,414,0,50866,0.0010019999999997253
61559000,3034,-3836,130420,4409,-5564,127451,100,19231,410,0,50867,0.000998000000002719
61560000,-1478,13773,136821,-28277,5522,127835,145,19227,410,1,50868,0.0009999999999976694
61561000,-3905,2189,129527,2480,-2820,129820,108,19228,594,1,50869,0.0010000000000047748
61562000,-8583,1173,129521,10994,-8324,135256,108,19235,442,1,50870,0.0009999999999976694
61563000,-1401,-3987,128935,-16672,-3987,126615,100,19223,410,0,50871,0.0009999999999976694
61564000,-2583,-3331,127205,11638,-4042,131513,123,19228,504,0,50872,0.0010000000000047748
61565000,2195,3808,130936,-1697,1439,126661,113,19226,463,0,50873,0.0009999999999976694
61566000,-8127,12872,130565,-24329,-4709,127249,119,19226,463,1,50874,0.0009999999999976694
61567000,-7760,-2034,130861,-12705,-2257,137837,109,19219,487,1,50875,0.0010000000000047748
61568000,-6419,4458,128621,159,6029,126027,109,19229,446,1,50876,0.0009999999999976694
61569000,-6260,13721,129141,-14826,8522,120273,101,19230,414,1,50877,0.0009999999999976694
61570000,-400,3895,125308,-8420,-9843,130861,124,19220,508,0,50878,0.0010000000000047748
61571000,-6164,-5825,126355,-2137,-12792,130938,98,19231,401,0,50879,0.0009999999999976694
61572000,1065,3200,128103,-5241,-2416,122895,101,19231,401,0,50880,0.0009999999999976694
61573000,-5066,6700,128462,-8183,9911,120827,140,19228,414,1,50881,0.0010000000000047748
61574000,-5487,18446,129413,-15847,9315,125271,140,19229,573,1,50882,0.0009999999999976694
61575000,-3178,5401,125124,-3080,-7302,129745,113,19235,463,1,50883,0.0009999999999976694
61576000,-2656,-1835,124100,-4813,-871,128805,101,19223,414,0,50884,0.0010000000000047748
61577000,2784,4666,125927,-7612,9949,115965,109,19232,446,0,50885,0.0009999999999976694
61578000,919,12845,126396,5917,-3283,127600,107,19232,446,0,50886,0.0009999999999976694
61579000,4780,-6323,125228,-7505,-12120,136269,113,19232,438,0,50887,0.0010000000000047748
61580000,-2869,428,126152,-769,4878,121239,113,19221,463,1,50888,0.0009999999999976694
61581000,-3524,24189,126164,-3195,14472,113358,133,19228,545,1,50889,0.0009999999999976694
61582000,4279,15082,123563,1479,1896,127704,100,19233,410,1,50890,0.0010000000000047748
61583000,5878,-5063,123016,8045,-9090,135755,114,19226,467,0,50891,0.0009999999999976694
61584000,12055,-4789,123059,4844,-6010,114203,99,19226,467,0,50892,0.0009999999999976694
61585000,4144,3101,127883,10681,817,122333,113,19230,405,0,50893,0.0009999999999976694
61586000,6006,2104,126590,546,-3776,131132,113,19227,463,1,50894,0.0010000000000047748
61587000,5240,4747,127577,-3380,1964,122789,138,19228,565,1,50895,0.0009999999999976694
61588000,3226,12390,128345,7073,10107,129206,110,19232,451,1,50896,0.0009999999999976694
61589000,8801,2410,122940,8113,-3808,120665,96,19232,393,1,50897,0.0010000000000047748
61590000,9261,-1611,127840,2135,-12457,126192,145,19232,594,0,50898,0.0009999999999976694
61591001,12713,-9067,125918,13432,-16805,140341,104,19234,594,0,50899,0.00100100000000225
61592000,3200,-7057,128518,8210,-593,121216,108,19227,426,0,50900,0.0009990000000001942
61593001,3117,15066,132592,-9809,7201,125263,108,19226,442,1,50901,0.0010009999999951447
61594000,-1413,5256,127730,2984,-95,129650,119,19228,487,1,50902,0.0009990000000001942
61595000,1204,7070,129932,12870,2382,132103,105,19235,430,1,50903,0.0010000000000047748
61596000,5950,-2931,127447,-6957,-6914,125464,111,19235,455,0,50904,0.0009999999999976694
61597000,11339,-10386,132482,3343,-8061,126649,87,19217,455,0,50905,0.0009999999999976694
61598000,8401,299,130091,22859,-3048,130710,105,19230,356,0,50906,0.0010000000000047748
61599000,1830,-12305,130686,-20019,-13271,127222,105,19228,430,0,50907,0.0009999999999976694
61600000,209,13453,135734,-7877,16346,128380,129,19221,528,1,50908,0.0009999999999976694
61601000,-5556,578,128591,3249,-5481,126780,111,19230,455,1,50909,0.0010000000000047748
61602000,-4833,-1180,131483,-8162,-4052,132848,95,19230,389,1,50910,0.0009999999999976694
61603000,-18,-7971,128934,-14445,-14244,131759,146,19232,389,0,50911,0.0009999999999976694
61604000,-2631,-1929,127330,5544,-1649,123156,113,19229,598,0,50912,0.0010000000000047748
61605000,-595,6345,132528,-3797,5017,126589,113,19227,463,0,50913,0.0009999999999976694
61606000,-7868,8135,130167,-19353,-7741,133357,115,19225,471,1,50914,0.0009999999999976694
61607000,-6016,10512,130741,-2704,458,129506,132,19230,541,1,50915,0.0010000000000047748
61608000,-10250,1936,126982,-12768,1744,128461,111,19231,455,1,50916,0.0009999999999976694
61609000,-1500,-67,129639,-11938,3476,126385,109,19231,455,1,50917,0.0009999999999976694
61610000,-1415,4159,125919,-5009,-3066,124115,125,19222,446,0,50918,0.0010000000000047748
61611000,-5842,-5480,128113,-11714,-5978,132250,125,19232,512,0,50919,0.0009999999999976694
61612000,197,4651,126284,-9202,1544,122665,101,19232,414,0,50920,0.0009999999999976694
61613000,-7086,10334,130008,-5219,6763,125070,120,19222,491,1,50921,0.0010000000000047748
61614001,-4271,11236,125688,-13877,3513,125589,117,19230,479,1,50922,0.0010009999999951447
61615000,-8156,4005,127325,-8085,-4893,128538,101,19230,479,1,50923,0.0009990000000001942
61616000,790,6692,127004,732,261,121489,137,19228,414,0,50924,0.0010000000000047748
61617000,1095,372,125174,-4418,-131,124196,137,19236,561,0,50925,0.0009999999999976694
61618002,1379,-2094,125526,-2273,-3271,127188,102,19227,418,0,50926,0.0010019999999997253
61619000,1986,9344,126689,-6004,6173,121979,105,19224,430,0,50927,0.000998000000002719
61620002,-239,6057,125588,-10785,2001,129441,157,19228,643,1,50928,0.0010019999999997253
61621000,-1585,5534,126794,6133,7709,123028,112,19228,643,1,50929,0.0009979999999956135
61622001,726,11452,123500,-5647,5837,120238,99,19229,459,1,50930,0.00100100000000225
61623000,9030,7550,124146,6615,830,124912,99,19223,405,0,50931,0.0009990000000001942
61624000,10526,4568,123485,14090,-11821,125247,80,19230,328,0,50932,0.0009999999999976694
61625000,8138,-6781,124546,2172,-15601,128353,113,19225,463,0,50933,0.0010000000000047748
61626002,2730,1615,128925,1694,6727,122572,122,19225,500,1,50934,0.0010019999999997253
61627000,1960,8316,128557,156,4951,127045,114,19225,500,1,50935,0.0009979999999956135
61628002,5044,11160,127302,8223,7268,123934,99,19230,467,1,50936,0.0010019999999997253
61629000,5742,5801,124418,2128,-3825,127483,99,19230,405,0,50937,0.000998000000002719
61630000,12147,-6695,125775,5608,18,122900,129,19225,528,0,50938,0.0009999999999976694
61631000,10177,1004,126280,16789,-13120,127255,108,19230,442,0,50939,0.0010000000000047748
61632000,7555,-11442,128402,-2280,-15782,137908,107,19223,438,0,50940,0.0009999999999976694
61633000,4040,2334,130817,-2019,3773,124310,146,19223,438,1,50941,0.0009999999999976694
61634000,-837,24929,131376,3846,8613,122671,113,19231,598,1,50942,0.0010000000000047748
61635000,1009,12382,128618,-1248,3220,128017,113,19227,463,1,50943,0.0009999999999976694
61636000,5896,-7581,125761,-2412,-12707,131678,103,19225,422,0,50944,0.0009999999999976694
61637001,12606,-17759,129430,10649,-17797,132202,125,19234,512,0,50945,0.00100100000000225
61638000,6509,3789,130541,21203,994,123906,105,19229,430,0,50946,0.0009990000000001942
61639000,-205,-165,131959,-27659,-1586,132189,114,19229,467,1,50947,0.0009999999999976694
61640000,934,7554,134365,-9061,10909,125973,121,19222,467,1,50948,0.0010000000000047748
61641000,-8104,7230,129680,15514,-1222,131999,96,19231,496,1,50949,0.0009999999999976694
61642000,-4491,-3104,125973,-21850,-4384,123362,96,19230,393,1,50950,0.0009999999999976694
61643000,-1357,-4498,130329,-12062,-15246,135452,117,19225,479,0,50951,0.0010000000000047748
61644000,7226,-5858,130954,13803,-7708,132541,93,19230,381,0,50952,0.0009999999999976694
61645000,-726,3328,130365,-4849,2272,125155,105,19230,430,0,50953,0.0009999999999976694
61646000,-8458,9846,132917,-22862,7594,124304,146,19228,430,1,50954,0.0009999999999976694
61647000,-8078,169,128118,-15186,-1279,136695,115,19228,598,1,50955,0.0010000000000047748
61648000,-10342,2533,132299,2673,5364,120245,115,19230,471,1,50956,0.0009999999999976694
61649001,-4012,13494,128130,-12657,8659,130258,97,19222,397,0,50957,0.00100100000000225
61650000,-4767,-4524,125207,-12338,-7256,125426,152,19233,623,0,50958,0.0009990000000001942
61651000,-363,-3240,127723,-2306,-4595,130770,103,19233,422,0,50959,0.0009999999999976694
61652000,1864,-2338,127942,-5317,8043,122353,108,19231,422,0,50960,0.0009999999999976694
61653000,-6795,10708,127554,-1595,3284,122758,118,19224,442,1,50961,0.0010000000000047748
61654000,-8440,16078,129794,-20339,820,126746,118,19230,483,1,50962,0.0009999999999976694
61655000,-3562,3985,126174,-5926,6066,121892,106,19231,434,1,50963,0.0009999999999976694
61656000,2290,3635,125729,9568,-8324,131880,115,19222,471,0,50964,0.0010000000000047748
61657000,-1001,-7623,122936,-8093,-7056,121618,101,19229,414,0,50965,0.0009999999999976694
61658000,-276,642,126124,-5664,2188,126972,112,19229,414,0,50966,0.0009999999999976694
61659000,603,9415,126729,1508,7527,122530,138,19228,459,1,50967,0.0010000000000047748
61660000,-681,17670,126933,-3262,4686,120474,138,19222,565,1,50968,0.0009999999999976694
61661000,-1587,1950,125260,-6941,7573,130676,114,19231,467,1,50969,0.0009999999999976694
61662000,4585,106,122969,5393,2535,121285,97,19229,397,0,50970,0.0010000000000047748
61663000,10405,7344,127396,12066,1378,122785,106,19230,434,0,50971,0.0009999999999976694
61664000,10054,-1449,124338,4547,-11600,127952,109,19230,434,0,50972,0.0009999999999976694
61665001,4693,-10492,126338,5586,-11223,133532,112,19227,446,0,50973,0.00100100000000225
61666000,355,345,127195,5885,4486,119952,112,19224,459,1,50974,0.0009990000000001942
61667000,3808,17277,127615,1602,12845,121612,124,19228,508,1,50975,0.0009999999999976694
61668000,4427,11085,126240,4902,4195,128176,105,19231,430,1,50976,0.0010000000000047748
61669000,10670,748,124871,-634,-4535,122258,108,19222,442,0,50977,0.0009999999999976694
61670000,10747,-4507,128001,17238,-297,131485,85,19222,442,0,50978,0.0009999999999976694
61671000,8223,-10675,126918,12018,-13941,133427,102,19231,348,0,50979,0.0010000000000047748
61672000,3494,-9964,131892,-15563,-8558,130418,102,19229,418,1,50980,0.0009999999999976694
61673000,1590,4459,130826,2909,7935,129213,122,19225,500,1,50981,0.0009999999999976694
61674000,690,17539,129706,10188,16083,119229,112,19229,459,1,50982,0.0010000000000047748
61675000,2212,10975,127656,-10587,-4540,128575,99,19228,405,1,50983,0.0009999999999976694
61676000,6614,-11884,124937,3320,-18439,134595,147,19228,405,0,50984,0.0009999999999976694
61677000,8036,-11120,132048,24454,-1126,130178,100,19233,602,0,50985,0.0010000000000047748
61678000,4179,-670,128933,-7443,-10314,126958,100,19232,410,0,50986,0.0009999999999976694
61679000,-168,246,135561,-17170,4336,128807,104,19225,426,1,50987,0.0009999999999976694
61680000,-3812,4556,130579,7514,-1143,137013,145,19231,594,1,50988,0.0010000000000047748
61681000,-8359,2127,130342,-8978,-188,123249,109,19229,446,1,50989,0.0009999999999976694
61682000,-2553,4499,132347,-17522,-1309,132190,105,19229,430,0,50990,0.0009999999999976694
61683000,634,-12883,126557,9048,-12629,133021,97,19224,430,0,50991,0.0010000000000047748
61684000,3474,-1606,132579,-7038,-1648,125011,106,19233,397,0,50992,0.0009999999999976694
61685001,-4844,4013,131630,-16149,-740,133643,106,19228,434,0,50993,0.00100100000000225
61686003,-7976,2327,129742,-6177,425,126949,128,19222,524,1,50994,0.0010019999999997253
61687000,-8395,9514,131149,-15160,3992,131238,115,19230,471,1,50995,0.0009969999999981383
61688002,-10008,10544,129434,-12322,4911,123894,99,19230,405,1,50996,0.0010019999999997253
61689001,-960,8098,127544,-5141,-3762,134952,137,19233,405,0,50997,0.0009990000000001942
61690002,-3602,-9979,126613,-5912,-9778,123620,103,19223,561,0,50998,0.00100100000000225
61691002,-907,2203,127103,-8240,-1470,124922,103,19232,422,0,50999,0.0009999999999976694
61692002,-2750,2038,129886,-10682,3179,124395,105,19221,430,1,51000,0.0009999999999976694
61693001,-5636,12004,127523,-6779,6263,126118,137,19226,561,1,51001,0.0009990000000001942
61694000,-6630,1074,127553,-8076,341,130680,114,19226,467,1,51002,0.0009990000000001942
61695000,-6274,15975,126272,-13670,15873,121361,107,19230,467,1,51003,0.0010000000000047748
61696000,2932,-561,124194,-292,-9243,131443,99,19232,438,0,51004,0.0009999999999976694
61697000,4146,-6438,123915,8132,-11233,127167,99,19229,405,0,51005,0.0009999999999976694
61698000,1943,296,125017,-5001,-5878,126710,110,19223,451,0,51006,0.0010000000000047748
61699000,-1981,11105,128014,-5044,16192,117196,123,19220,504,1,51007,0.0009999999999976694
61700000,-2020,16967,125851,-3097,-1791,133314,118,19236,483,1,51008,0.0009999999999976694
61701000,3208,7335,124357,1915,2530,118514,98,19236,483,1,51009,0.0010000000000047748
61702000,2866,8332,124425,1309,386,123520,124,19228,401,0,51010,0.0009999999999976694
61703000,10681,2559,124282,3194,-3534,123987,124,19230,508,0,51011,0.0009999999999976694
61704000,11253,-1006,125419,11023,-12256,125649,108,19226,442,0,51012,0.0010000000000047748
61705000,6975,-9964,127040,-1818,-5592,132857,113,19223,463,0,51013,0.0009999999999976694
61706000,4164,2457,127805,-1776,12910,118827,147,19228,602,1,51014,0.0009999999999976694
61707000,1451,16212,127094,7427,3197,126993,110,19228,602,1,51015,0.0010000000000047748
61708000,8747,1929,123881,5512,-5064,130652,97,19231,451,1,51016,0.0009999999999976694
61709000,7553,-4091,126927,1981,1097,119608,97,19225,397,0,51017,0.0009999999999976694
61710000,10864,4977,128718,13412,-4999,127825,129,19231,528,0,51018,0.0009999999999976694
61711000,7572,-10613,126781,7620,-15175,131765,105,19228,430,0,51019,0.0010000000000047748
61712000,3830,-4465,131318,-424,3630,132469,110,19223,451,1,51020,0.0009999999999976694
61713000,6015,8812,129108,-2810,1926,124645,104,19223,451,1,51021,0.0009999999999976694
61714000,-3315,12205,130446,-5011,8455,121944,104,19226,426,1,51022,0.0010000000000047748
61715000,6316,7125,129352,8036,-1614,134518,104,19232,426,1,51023,0.0009999999999976694
61716000,7593,-14732,125445,6582,-17368,128629,121,19224,496,0,51024,0.0009999999999976694
61717000,9769,-5718,131978,9492,-5318,133224,105,19230,430,0,51025,0.0010000000000047748
61718000,2313,-5426,129108,-4173,-9974,128743,108,19225,442,0,51026,0.0009999999999976694
61719000,-1906,12260,134708,-10088,10894,122993,136,19225,442,1,51027,0.0009999999999976694
61720003,-4876,6071,131043,679,-4705,137883,111,19223,557,1,51028,0.001003000000004306
61721000,-7190,-3770,129256,-2765,-1256,125794,111,19235,455,1,51029,0.0009969999999981383
61722000,480,-524,129101,-19650,-9198,129730,97,19225,397,0,51030,0.0009999999999976694
61723000,-3384,-2321,130419,-181,-3830,124926,132,19233,541,0,51031,0.0010000000000047748
61724003,4854,964,130664,14407,13570,124567,108,19229,442,0,51032,0.0010029999999972006
61725001,-5767,-1835,129045,-22801,-13422,135465,113,19229,463,0,51033,0.000998000000002719
61726002,-7675,-1751,134890,-22245,77,130173,124,19222,463,1,51034,0.0010009999999951447
61727000,-7751,10562,128665,432,5547,127275,105,19226,508,1,51035,0.000998000000002719
61728000,-7278,10940,128683,-10188,5090,122842,105,19232,430,1,51036,0.0009999999999976694
61729000,-532,6776,126065,-11324,-1925,130286,113,19219,463,0,51037,0.0010000000000047748
61730000,-6347,-11123,123702,-9625,-11025,129257,101,19235,414,0,51038,0.0009999999999976694
61731000,1877,9308,130222,2950,6475,118918,103,19235,422,0,51039,0.0009999999999976694
61732000,-5060,4893,127188,-6341,-1572,129183,131,19228,422,1,51040,0.0010000000000047748
61733000,-6670,4720,127826,-18196,8379,125280,116,19228,537,1,51041,0.0009999999999976694
61734000,-7076,5375,127952,-8686,3276,127052,116,19226,475,1,51042,0.0009999999999976694
61735000,681,2987,126502,-50,302,127352,101,19230,414,0,51043,0.0010000000000047748
61736001,1473,5989,124059,5135,9224,112847,138,19232,565,0,51044,0.0010009999999951447
61737000,897,-4068,123964,-14163,-13490,132112,107,19232,438,0,51045,0.0009990000000001942
61738000,5321,-7471,126712,-1515,-6844,130275,112,19228,438,0,51046,0.0010000000000047748
61739000,-4357,8871,125987,7152,6254,126543,145,19224,459,1,51047,0.0009999999999976694
61740000,-5185,15195,126535,-12493,14876,117351,145,19228,594,1,51048,0.0009999999999976694
61741000,-557,17278,124973,-2957,11797,121834,104,19236,426,1,51049,0.0010000000000047748
61742000,8728,1475,122737,10510,-7181,124349,103,19225,422,0,51050,0.0009999999999976694
61743000,11777,301,123770,9378,-4394,122763,89,19228,365,0,51051,0.0009999999999976694
61744000,7187,-503,126879,8004,-3074,127389,114,19228,365,0,51052,0.0010000000000047748
61745000,5679,-862,125714,4459,-5296,128345,131,19230,467,1,51053,0.0009999999999976694
61746001,3230,-1288,130106,-1437,5053,131368,131,19225,537,1,51054,0.00100100000000225
61747000,3177,12564,129356,1328,7965,121020,113,19230,463,1,51055,0.0009990000000001942
61748000,6472,24279,125061,5741,2263,118496,94,19227,385,1,51056,0.0009999999999976694
61749000,10422,-5161,125364,5081,-15604,135432,136,19229,557,0,51057,0.0009999999999976694
61750001,13142,-17796,124154,11850,-16971,135313,101,19229,557,0,51058,0.00100100000000225
61751000,7395,-6666,128869,5663,1846,117997,104,19228,414,0,51059,0.0009990000000001942
61752003,1344,14671,131920,-13475,13169,127514,104,19232,426,1,51060,0.0010029999999972006
61753000,792,12291,127879,2635,-770,131463,136,19230,557,1,51061,0.0009970000000052437
61754000,46,3987,128880,9641,-7150,127626,108,19231,442,1,51062,0.0009999999999976694
61755003,2467,-4419,126736,-6617,-9565,128134,103,19222,422,0,51063,0.0010029999999972006
61756000,11150,-4150,130461,15675,-6137,125338,119,19222,422,0,51064,0.0009970000000052437
61757000,9353,-5444,128180,6859,-12473,136536,105,19232,487,0,51065,0.0009999999999976694
61758000,7651,-4160,133007,-20770,7273,123872,105,19229,430,0,51066,0.0009999999999976694
61759000,-1175,12241,133706,5690,-674,132093,121,19217,496,1,51067,0.0010000000000047748
61760000,-10668,8605,129585,-3203,-4512,122319,110,19231,451,1,51068,0.0009999999999976694
61761001,-7947,467,130058,-19433,-11163,137461,96,19232,393,1,51069,0.00100100000000225
61762000,1324,-12245,129348,-928,-8151,132261,128,19232,393,0,51070,0.0009990000000001942
61763001,3693,9172,130132,5267,2271,116250,101,19225,524,0,51071,0.0010009999999951447
61764000,-693,-453,130117,-9528,-3125,133685,101,19229,414,0,51072,0.0009990000000001942
61765000,-5632,2403,129660,-16330,-678,126761,110,19227,451,1,51073,0.0010000000000047748
61766003,-7539,-1515,131524,-10187,938,136993,154,19229,631,1,51074,0.0010029999999972006
61767000,-11526,13205,131597,-11835,18793,119084,111,19234,455,1,51075,0.0009969999999981383
61768000,-3698,10292,127898,-10397,-3526,127418,99,19234,455,1,51076,0.0010000000000047748
61769000,-3217,-6317,125659,-2865,-8864,130579,152,19222,405,0,51077,0.0009999999999976694
61770000,-2391,-7589,123885,-5716,-12510,130496,152,19232,623,0,51078,0.0009999999999976694
61771000,-217,-6757,129280,-8460,14232,127462,105,19230,430,0,51079,0.0009999999999976694
61772000,-6622,23848,127898,-7478,11518,112530,112,19220,459,1,51080,0.0010000000000047748
61773000,-10073,6190,128375,-7276,-5351,137877,108,19229,442,1,51081,0.0009999999999976694
61774000,-9808,-3970,125953,-12800,-3301,128984,105,19229,430,1,51082,0.0009999999999976694
61775001,-640,7296,126038,1131,5635,118977,121,19229,430,0,51083,0.00100100000000225
61776001,-618,6093,125408,-1875,2126,126815,98,19226,496,0,51084,0.0009999999999976694
61777000,3622,-5074,124112,-4355,-2359,124548,98,19228,401,0,51085,0.0009990000000001942
61778001,-949,-1576,127699,-1808,2918,128066,108,19225,442,0,51086,0.00100100000000225
61779000,-470,5259,126131,-5227,4613,123591,142,19227,582,1,51087,0.0009990000000001942
61780000,-6016,14153,128985,-3117,12127,122679,113,19227,463,1,51088,0.0009999999999976694
61781000,3188,8009,122489,-1069,-3330,126245,95,19230,463,1,51089,0.0010000000000047748
61782000,8395,-2483,123335,11622,-4228,124284,109,19227,389,0,51090,0.0009999999999976694
61783000,4836,-606,126209,1523,-8113,136409,109,19231,446,0,51091,0.0009999999999976694
61784001,12571,-5223,123968,7170,-7285,114718,109,19237,446,0,51092,0.00100100000000225
61785000,1283,8856,129798,11986,5138,123281,115,19223,471,1,51093,0.0009990000000001942
61786000,2960,4038,126659,-9602,427,130809,112,19223,459,1,51094,0.0009999999999976694
61787000,2617,7626,128064,6037,12685,121808,102,19229,459,1,51095,0.0010000000000047748
61788000,6238,-2207,126211,11441,-5932,131950,111,19232,418,1,51096,0.0009999999999976694
61789001,11604,9452,127903,-1100,6439,120387,111,19224,455,0,51097,0.00100100000000225
61790000,9246,-6863,124427,9282,-14482,140994,90,19228,369,0,51098,0.0009990000000001942
61791000,10076,-11451,129309,13581,-10321,122195,103,19227,422,0,51099,0.0009999999999976694
61792000,1171,7368,131069,-7475,3902,127597,132,19228,541,1,51100,0.0009999999999976694
61793000,506,8469,131734,-1922,14141,122504,115,19228,541,1,51101,0.0010000000000047748
61794000,3181,15263,128150,9995,-4483,133353,100,19230,471,1,51102,0.0009999999999976694
61795000,4802,-4051,126057,-4704,-19434,128394,100,19222,410,0,51103,0.0009999999999976694
61796000,10529,-9077,130025,2927,-3858,120603,149,19230,610,0,51104,0.0010000000000047748
61797000,7965,-3294,130126,21236,-10572,141657,104,19234,426,0,51105,0.0009999999999976694
61798000,1602,-6039,132182,-22827,1285,119290,110,19232,451,0,51106,0.0009999999999976694
61799000,2063,12097,135865,-12876,6742,132882,138,19232,451,1,51107,0.0010000000000047748
61800000,-5929,9326,135143,11677,2698,126525,106,19223,565,1,51108,0.0009999999999976694
61801000,-1789,5282,127602,-18445,-12701,128491,106,19234,434,1,51109,0.0009999999999976694
61802000,-683,-11973,131441,-9249,-15190,142126,108,19223,442,0,51110,0.0010000000000047748
61803002,1402,-5945,128946,9641,-866,120372,86,19228,352,0,51111,0.0010019999999997253
61804002,-517,9313,133440,-12538,5803,128469,110,19228,451,0,51112,0.0009999999999976694
61805000,-9799,5974,132828,-20366,-981,132283,136,19228,451,1,51113,0.000998000000002719
61806000,-9837,321,128914,-1994,732,137456,117,19223,557,1,51114,0.0009999999999976694
61807000,-9162,4040,130930,-9448,3955,121471,117,19230,479,1,51115,0.0009999999999976694
61808000,-3537,18387,130120,-13284,9923,118037,101,19227,414,1,51116,0.0010000000000047748
61809000,-4187,-2579,127671,-3727,-14087,139362,145,19226,594,0,51117,0.0009999999999976694
61810000,-2471,-13249,124884,-8882,-4454,121452,105,19230,430,0,51118,0.0009999999999976694
61811000,691,4756,127828,-8799,4519,133204,106,19230,430,0,51119,0.0010000000000047748
61812000,-5992,3715,126943,-2219,10077,118062,137,19226,434,1,51120,0.0009999999999976694
61813000,-4971,21164,126750,-17041,6734,124179,137,19229,561,1,51121,0.0009999999999976694
61814001,-6778,2619,128296,-5890,-5289,134801,114,19225,467,1,51122,0.00100100000000225
61815000,1862,4964,126370,9321,-1267,117795,109,19232,446,0,51123,0.0009990000000001942
61816003,-1666,-4101,124713,-7110,-8308,132446,86,19226,352,0,51124,0.0010029999999972006
61817005,-2488,1233,125512,-6098,4621,116364,110,19226,451,0,51125,0.0010019999999997253
61818000,762,3153,126734,9498,11636,133583,125,19228,451,0,51126,0.0009950000000031878
61819000,-2562,3084,125419,-7806,1061,120164,113,19217,512,1,51127,0.0009999999999976694
61820001,-92,15907,125948,-9529,10534,120383,113,19228,463,1,51128,0.00100100000000225
61821000,2771,6777,126353,8511,2899,127790,97,19232,397,1,51129,0.0009990000000001942
61822000,11701,1558,123940,5986,822,118401,132,19230,541,0,51130,0.0009999999999976694
61823002,10909,-8267,124333,2135,-21575,137201,115,19230,471,0,51131,0.0010019999999997253
61824000,1843,-5986,124693,4409,-5188,117580,115,19226,471,0,51132,0.000998000000002719
61825000,7997,7219,128493,7376,-6885,131262,141,19223,471,1,51133,0.0009999999999976694
61826000,-2980,7648,127990,3116,10194,122194,141,19231,577,1,51134,0.0010000000000047748
61827000,5207,15955,127624,-2990,6408,124276,113,19230,463,1,51135,0.0009999999999976694
61828000,6799,-1301,124627,11216,-1988,125081,101,19226,414,0,51136,0.0009999999999976694
61829000,12169,8431,126610,7728,1597,121054,114,19226,467,0,51137,0.0010000000000047748
61830001,12537,-16042,123767,17182,-16724,134791,103,19231,467,0,51138,0.0010009999999951447
61831000,3481,-7635,130366,-4367,-5987,126059,112,19228,422,0,51139,0.0009990000000001942
61832000,6399,-89,130927,-6537,-7331,137374,112,19221,459,1,51140,0.0010000000000047748
61833000,-2222,9209,129896,12773,11044,118947,108,19230,442,1,51141,0.0009999999999976694
61834000,-340,12534,129397,-5773,4561,126463,102,19230,418,1,51142,0.0009999999999976694
61835000,7533,-12556,124491,-8140,-19225,137773,125,19224,512,0,51143,0.0009999999999976694
61836000,8462,-6076,128250,22358,-6036,127583,97,19224,512,0,51144,0.0010000000000047748
61837000,8262,-644,130535,8293,-7745,129299,103,19229,397,0,51145,0.0009999999999976694
61838000,-2749,7523,132943,-20925,9711,122387,103,19226,422,1,51146,0.0009999999999976694
61839000,9,4727,133078,-4598,-2160,143451,140,19225,573,1,51147,0.0010000000000047748
61840001,-10169,-5592,128436,6460,2639,123140,113,19231,463,1,51148,0.0010009999999951447
61841000,-4050,8184,130616,-19054,-7811,131008,97,19226,397,1,51149,0.0009990000000001942
61842002,1098,5497,129118,-7415,-10927,128914,124,19226,397,0,51150,0.0010019999999997253
61843000,4392,-525,128918,9064,-3998,130522,108,19232,508,0,51151,0.000998000000002719
61844000,-298,-3668,131233,-7332,-43,131688,108,19229,442,0,51152,0.0009999999999976694
61845000,-9236,6582,130015,-11739,8228,121045,117,19219,479,1,51153,0.0010000000000047748
61846000,-8933,7882,132459,-7459,-765,137703,116,19229,475,1,51154,0.0009999999999976694
61847000,-9212,3015,128803,-12108,-337,123356,102,19231,418,1,51155,0.0009999999999976694
61848000,-2253,9604,127817,-7983,1671,122943,117,19231,418,0,51156,0.0010000000000047748
61849000,-2078,941,127853,-5451,-10844,132539,101,19217,479,0,51157,0.0009999999999976694
61850000,-1712,2160,127053,-1381,-5985,123834,101,19232,414,0,51158,0.0009999999999976694
61851000,-489,4135,127071,-14510,2294,130617,108,19224,442,0,51159,0.0010000000000047748
61852000,-7386,7069,128385,-11125,5845,120490,137,19222,561,1,51160,0.0009999999999976694
61853000,-3015,12182,127090,-8326,6958,124972,116,19232,475,1,51161,0.0009999999999976694
61854001,-4645,14011,126373,-1525,-5965,130673,101,19232,475,1,51162,0.00100100000000225
61855000,-1376,352,125052,-2563,-11586,123932,121,19225,414,0,51163,0.0009990000000001942
61856000,240,2452,125751,-8141,1497,123217,121,19235,496,0,51164,0.0009999999999976694
61857000,2385,13878,128283,1086,2606,121840,108,19229,442,0,51165,0.0010000000000047748
61858000,1147,467,125172,1501,-6832,133492,109,19224,446,1,51166,0.0009999999999976694
61859001,-3772,6135,127733,-8556,1795,122022,136,19228,557,1,51167,0.00100100000000225
61860000,220,10303,125388,-997,10966,118322,100,19228,557,1,51168,0.0009990000000001942
61861000,7428,12441,126906,7573,10223,122849,105,19231,410,0,51169,0.0009999999999976694
61862000,8534,2805,123219,5860,-5137,123043,105,19228,430,0,51170,0.0009999999999976694
61863000,10956,-4765,122522,2455,-10266,129115,92,19228,377,0,51171,0.0010000000000047748
61864002,5060,-8432,125294,7697,-7616,129100,112,19227,459,0,51172,0.0010019999999997253
61865000,5919,-1723,128706,3086,13020,121454,132,19225,541,1,51173,0.0009979999999956135
61866000,2318,20332,130948,-1920,5579,123704,109,19225,446,1,51174,0.0010000000000047748
61867000,4837,-804,125930,9351,-11715,134989,94,19231,446,1,51175,0.0009999999999976694
61868001,10269,1873,126955,6417,-6942,119741,147,19230,385,0,51176,0.00100100000000225
61869000,7445,5686,127066,5883,-3055,124516,147,19232,602,0,51177,0.0009990000000001942
61870000,9248,-1136,129268,9801,-10833,131766,105,19230,430,0,51178,0.0009999999999976694
61871000,5538,-7192,127333,-1386,-5932,129723,105,19226,430,1,51179,0.0009999999999976694
61872000,3697,6613,131988,555,4766,126875,125,19226,512,1,51180,0.0010000000000047748
61873000,-86,11370,128460,1753,8848,123973,105,19227,512,1,51181,0.0009999999999976694
61874000,3401,3621,128359,-2750,711,129211,105,19239,430,1,51182,0.0009999999999976694
61875000,10121,-6772,127870,4215,-14091,130133,105,19222,430,0,51183,0.0010000000000047748
61876001,9642,-10034,128609,16574,-11114,129988,106,19230,434,0,51184,0.0010009999999951447
61877000,5082,-3573,130707,-5437,-5636,130925,103,19228,422,0,51185,0.0009990000000001942
61878000,-264,-1931,130968,-13425,212,125451,121,19220,496,1,51186,0.0010000000000047748
61879000,-6622,11097,133974,1038,4079,129157,111,19220,496,1,51187,0.0009999999999976694
61880000,-4845,2186,131228,-3219,-2618,132261,93,19229,455,1,51188,0.0009999999999976694
61881000,-6013,-5998,127930,-13171,-10451,131864,93,19230,381,0,51189,0.0010000000000047748
61882000,387,-5375,128639,-7126,-4079,126877,133,19229,545,0,51190,0.0009999999999976694
61883001,1911,8197,129317,3294,5631,129399,115,19228,471,0,51191,0.00100100000000225
61884000,-3735,-1462,131292,-7890,-6152,133508,116,19224,475,0,51192,0.0009990000000001942
61885000,-7144,141,130312,-18516,-2059,128179,137,19224,475,1,51193,0.0009999999999976694
61886000,-9141,2610,129874,-14224,3487,121957,111,19228,561,1,51194,0.0009999999999976694
61887000,-4915,12127,130535,492,4182,127475,111,19230,455,1,51195,0.0010000000000047748
61888000,-2258,529,127712,-4992,-11734,136215,103,19227,422,0,51196,0.0009999999999976694
61889006,-7014,-1816,125336,-6525,109,117288,131,19235,537,0,51197,0.0010059999999967317
61890001,-2130,7927,128141,-3711,2062,129338,101,19231,414,0,51198,0.0009950000000031878
61891000,-1056,2222,128165,-5705,727,127789,120,19231,414,1,51199,0.0009990000000001942
61892000,-8004,8196,127614,-17774,2107,123450,111,19218,491,1,51200,0.0009999999999976694
61893000,-7961,2111,126306,-9790,5046,129355,111,19228,455,1,51201,0.0010000000000047748
61894000,-161,12765,128674,4643,5154,118839,100,19231,410,1,51202,0.0009999999999976694
61895000,3237,5224,124608,-5479,-9824,131191,127,19228,520,0,51203,0.0009999999999976694
61896000,1653,-10721,123662,-9603,-3788,126682,109,19228,446,0,51204,0.0009999999999976694
61897000,874,2753,125806,-1558,2277,126562,111,19228,446,0,51205,0.0010000000000047748
61898000,-746,9761,124822,18,12312,116874,153,19224,455,1,51206,0.0009999999999976694
61899000,-3925,19737,127990,-9565,7264,125091,153,19222,627,1,51207,0.0009999999999976694
61900000,957,4198,124402,4854,-9519,138706,109,19231,446,1,51208,0.0010000000000047748
61901000,4243,5143,125175,3662,-885,111979,98,19226,401,0,51209,0.0009999999999976694
61902000,10686,10881,123920,1120,-239,122503,93,19232,381,0,51210,0.0009999999999976694
61903000,8799,2145,127914,21771,-2408,125152,110,19232,381,0,51211,0.0010000000000047748
61904002,7330,-6650,123466,-4682,-13412,132194,117,19227,451,0,51212,0.0010019999999997253
61905000,4462,-10862,125189,-3747,5560,129003,117,19224,479,1,51213,0.0009979999999956135
61906000,3559,17820,130668,9867,14610,117291,109,19230,446,1,51214,0.0010000000000047748
61907000,9525,12065,123466,4535,-1825,127406,100,19233,410,1,51215,0.0009999999999976694
61908000,8800,-1440,126303,1953,-4518,127366,120,19220,491,0,51216,0.0009999999999976694
61909000,11585,-8073,126381,9271,-15721,137250,96,19220,393,0,51217,0.0010000000000047748
61910000,7702,-7821,125446,15137,-1480,119106,100,19231,393,0,51218,0.0009999999999976694
61911000,2875,11028,130911,-7644,1,129271,137,19227,410,1,51219,0.0009999999999976694
61912000,-61,3260,129054,-1673,6677,132995,137,19228,561,1,51220,0.0010000000000047748
61913000,1289,16275,130896,2519,9970,122208,111,19231,455,1,51221,0.0009999999999976694
61914000,4412,-4132,127878,190,-7616,130685,99,19226,405,1,51222,0.0009999999999976694
61915000,9105,-31,128904,4309,-9104,122390,142,19226,582,0,51223,0.0010000000000047748
61916000,11315,-10463,129282,16155,-17121,136613,106,19227,582,0,51224,0.0009999999999976694
61917000,4729,-8641,129815,-6047,-3994,130673,110,19227,434,0,51225,0.0009999999999976694
61918000,1328,10261,134192,-19133,8789,123764,110,19221,451,1,51226,0.0010000000000047748
61919000,-6164,9463,132444,7753,4821,128732,127,19231,520,1,51227,0.0009999999999976694
61920000,-8960,3791,131336,-3759,-8508,131009,104,19232,426,1,51228,0.0009999999999976694
61921000,-1312,-17815,127720,-20056,-18549,138664,113,19232,463,0,51229,0.0010000000000047748
61922000,-1995,1884,131177,3225,8655,122580,106,19220,463,0,51230,0.0009999999999976694
61923000,3757,4259,128805,-445,2510,127479,113,19226,434,0,51231,0.0009999999999976694
61924000,-3830,3154,130864,-8230,-545,131210,113,19226,463,1,51232,0.0010000000000047748
61925000,-9565,-5235,128179,-18248,-1052,129830,141,19228,577,1,51233,0.0009999999999976694
61926000,-5514,3294,132099,-10152,915,132335,119,19229,487,1,51234,0.0009999999999976694
61927000,-8751,13085,129843,-1597,11447,120890,103,19230,422,1,51235,0.0010000000000047748
61928000,-3519,-2349,126893,-15642,-9449,132720,157,19230,422,0,51236,0.0009999999999976694
61929000,-4078,-5206,126324,-6914,-8228,126653,105,19231,643,0,51237,0.0009999999999976694
61930000,-2759,-3208,127141,187,-4831,123359,105,19227,430,0,51238,0.0010000000000047748
61931000,-2794,9625,129775,-10479,5390,119671,105,19222,430,1,51239,0.0009999999999976694
61932000,-8577,16084,129926,-7004,10436,130229,133,19231,545,1,51240,0.0009999999999976694
61933001,-7108,140,126989,-8391,-5361,131133,112,19228,459,1,51241,0.00100100000000225
61934000,-2890,-2927,125075,-8972,4679,120019,113,19228,459,0,51242,0.0009990000000001942
61935000,1290,3644,127058,-3506,6326,128226,90,19225,463,0,51243,0.0009999999999976694
61936000,5751,12741,124476,7100,-11031,121515,90,19230,369,0,51244,0.0010000000000047748
61937000,-1171,-5454,122768,-10541,-1670,133903,105,19230,430,0,51245,0.0009999999999976694
61938000,1425,5251,127643,1017,12579,118550,131,19222,537,1,51246,0.0009999999999976694
61939000,-2999,16970,124140,2659,19097,117715,115,19231,471,1,51247,0.0010000000000047748
61940000,3565,8026,126134,-4521,-2702,134071,94,19231,471,1,51248,0.0009999999999976694
61941003,6014,-6483,123368,2595,-12323,124566,120,19232,385,0,51249,0.0010029999999972006
61942001,8495,2087,123346,16359,-2652,124176,120,19230,491,0,51250,0.000998000000002719
61943002,7841,4066,127301,4223,-5093,123256,109,19227,446,0,51251,0.00100100000000225
61944001,2131,-2316,126025,-586,-3254,131319,111,19224,455,1,51252,0.0009990000000001942
61945001,4664,1274,126714,-6135,6520,126822,131,19228,537,1,51253,0.0009999999999976694
61946009,3970,16028,128287,7740,10852,120718,107,19228,537,1,51254,0.0010079999999987876
61947000,8914,3736,127375,17465,714,122745,102,19233,438,1,51255,0.000990999999999076
61948000,9750,1025,123320,-8478,-3388,127360,102,19224,418,0,51256,0.0010000000000047748
61949000,9510,-11544,126754,12838,-16300,141009,97,19230,397,0,51257,0.0009999999999976694
61950001,9020,-11143,128160,11753,-2886,126466,102,19228,418,0,51258,0.00100100000000225
61951000,1310,10185,130464,-9888,1131,124555,118,19222,483,1,51259,0.0009990000000001942
61952000,-1939,8894,131211,2339,8367,128062,114,19222,483,1,51260,0.0009999999999976694
61953000,1269,3867,129541,9143,-4772,129646,100,19227,467,1,51261,0.0009999999999976694
61954000,4785,-3444,128254,-749,-10260,128578,100,19231,410,0,51262,0.0010000000000047748
61955000,9683,3067,129005,1232,-392,121419,138,19225,565,0,51263,0.0009999999999976694
61956000,7674,-2951,129098,18452,-7992,131484,108,19230,442,0,51264,0.0009999999999976694
61957000,2931,-12694,127972,-14001,-9095,134984,107,19225,438,0,51265,0.0010000000000047748
61958001,-701,1318,132680,-14375,3554,129514,148,19225,606,1,51266,0.0010009999999951447
61959000,-5283,-1511,131892,9286,19403,124070,111,19232,606,1,51267,0.0009990000000001942
61960000,-5506,14797,129773,-13595,2458,122124,101,19229,455,1,51268,0.0009999999999976694
61961000,1187,-14107,127212,-11804,-26152,144172,101,19224,414,0,51269,0.0010000000000047748
61962000,-1582,-9571,128720,11919,-6879,127229,104,19230,426,0,51270,0.0009999999999976694
61963000,-518,5913,131519,-8528,451,125473,105,19233,430,0,51271,0.0009999999999976694
61964000,-6983,13384,134358,-17453,7098,126445,119,19233,487,1,51272,0.0010000000000047748
61965000,-7625,2232,129218,-13086,-3026,133537,114,19224,487,1,51273,0.0009999999999976694
61966000,-9126,-878,129976,-3782,-1205,129879,101,19232,467,1,51274,0.0009999999999976694
61967000,-6826,19940,130243,-11037,10560,113043,101,19230,414,1,51275,0.0010000000000047748
61968000,-2682,547,126259,-10879,-3904,130547,128,19216,524,0,51276,0.0009999999999976694
61969000,-2906,-3184,129105,-4187,-4134,127764,107,19231,438,0,51277,0.0009999999999976694
61970000,-66,-8601,125277,-4695,-10238,132754,105,19225,430,0,51278,0.0010000000000047748
61971000,-7476,11445,127694,-15273,18628,113076,149,19225,430,1,51279,0.0009999999999976694
61972000,-4903,13634,129439,-10024,5238,127184,115,19230,610,1,51280,0.0009999999999976694
61973000,-7499,-4965,124936,-545,-5563,132127,115,19230,471,1,51281,0.0010000000000047748
61974000,3119,13460,126844,-14687,9972,117541,103,19222,422,0,51282,0.0009999999999976694
61975000,-2929,-1053,125310,7854,-5816,127511,103,19228,422,0,51283,0.0009999999999976694
61976000,2051,9661,125110,13,1723,127392,104,19225,426,0,51284,0.0010000000000047748
61977000,1890,-7918,124100,-9041,-10286,131244,112,19225,426,0,51285,0.0009999999999976694
61978000,-3266,13928,129801,5770,19191,112858,124,19220,459,1,51286,0.0009999999999976694
61979000,2913,17894,125377,-6478,11745,124971,124,19230,508,1,51287,0.0010000000000047748
61980000,141,6182,124205,1989,4012,124011,99,19229,405,1,51288,0.0009999999999976694
61981000,12915,-1063,122750,3851,-11817,128914,119,19231,487,0,51289,0.0009999999999976694
61982000,8237,-4409,122537,11627,2067,121282,101,19228,414,0,51290,0.0010000000000047748
61983000,5749,10431,128309,3756,-9285,125034,109,19228,414,0,51291,0.0009999999999976694
61984000,8167,-9642,124810,69,-3553,132777,141,19227,446,1,51292,0.0009999999999976694
61985000,-988,14031,131866,2889,6281,122494,141,19227,577,1,51293,0.0010000000000047748
61986000,4640,11153,125737,3439,-1845,125953,112,19229,459,1,51294,0.0009999999999976694
61987000,4600,4882,125459,5716,4971,120373,96,19228,393,0,51295,0.0009999999999976694
61988000,14270,5299,128747,3369,-12432,131087,134,19231,549,0,51296,0.0010000000000047748
61989000,13621,-10087,124551,19119,-18046,130987,103,19231,549,0,51297,0.0009999999999976694
61990000,3740,-10296,127954,-3331,-2339,131068,106,19230,422,0,51298,0.0009999999999976694
61991000,4890,7282,132385,-9049,12957,126593,106,19224,434,1,51299,0.0010000000000047748
61992000,-1092,15692,128842,11036,5151,122707,108,19227,442,1,51300,0.0009999999999976694
61993000,1405,4699,129343,-2112,-1788,132283,103,19231,422,1,51301,0.0009999999999976694
61994000,5222,-3744,128604,-9444,-15774,132708,114,19224,467,0,51302,0.0010000000000047748
61995000,7962,-8544,129535,31529,-9155,124077,92,19224,467,0,51303,0.0009999999999976694
61996001,6925,5111,130949,919,-10257,133280,102,19231,377,0,51304,0.00100100000000225
61997002,-1526,-3656,132027,-23824,4438,125429,102,19228,418,1,51305,0.0010009999999951447
61998008,-1716,10891,134315,-1136,1116,130586,133,19220,545,1,51306,0.0010060000000038372
61999002,-6321,-3408,130815,5504,-1090,132830,111,19231,455,1,51307,0.0009939999999986071
62000000,-5481,3766,130344,-20918,-5868,126424,93,19231,381,1,51308,0.000998000000002719
62001000,197,-5463,128333,-10431,-7976,130320,141,19231,577,0,51309,0.0009999999999976694
62002000,970,667,128750,9402,-4137,129622,117,19232,577,0,51310,0.0009999999999976694
62003000,-316,2398,130398,-11121,5059,127661,118,19229,479,0,51311,0.0010000000000047748
62004000,-9239,4792,130402,-19637,2754,128613,118,19223,483,1,51312,0.0009999999999976694
62005001,-7677,2401,130379,-9612,4028,131529,130,19229,532,1,51313,0.00100100000000225
62006002,-9376,10210,128728,-5032,8358,130501,105,19231,430,1,51314,0.0010009999999951447
62007000,-31,2630,128417,-9872,-2662,123795,110,19231,451,0,51315,0.000998000000002719
62008000,-3152,2078,126269,-6007,-1651,123785,110,19218,451,0,51316,0.0009999999999976694
62009000,-2277,-2128,127576,-5850,-8145,133844,104,19234,451,0,51317,0.0010000000000047748
62010000,58,1816,126144,-12019,5346,120416,104,19229,426,0,51318,0.0009999999999976694
62011002,-8429,14697,129658,-5106,10640,128174,125,19224,512,1,51319,0.0010019999999997253
62012000,-4921,2632,124869,-11877,8228,126580,114,19230,467,1,51320,0.000998000000002719
62013000,-5247,2461,127655,-12316,-4391,127660,100,19230,410,1,51321,0.0009999999999976694
62014002,1946,-490,125626,-944,-1209,128015,134,19229,410,0,51322,0.0010019999999997253
62015000,1071,4902,125845,4008,2779,119990,109,19238,549,0,51323,0.000998000000002719
62016004,-1672,-2568,124412,-4873,-8658,130667,109,19230,446,0,51324,0.0010039999999946758
62017001,-1483,3850,125046,-9755,2821,120192,112,19227,459,1,51325,0.0009970000000052437
62018000,-2774,12345,129585,-294,7103,135808,148,19229,606,1,51326,0.0009990000000001942
62019002,-2809,10327,123799,2561,12065,114921,104,19234,426,1,51327,0.0010019999999997253
62020001,5529,12316,125345,-5748,5115,123376,102,19234,426,0,51328,0.0009990000000001942
62021002,9508,2242,121441,9313,2664,127071,99,19224,418,0,51329,0.0010009999999951447
62022000,13344,-2223,121260,12381,-7270,125308,99,19227,405,0,51330,0.000998000000002719
62023003,6793,-11309,124107,2035,-12295,122406,121,19227,496,0,51331,0.0010029999999972006
62024000,5055,11570,128137,-92,12491,122630,129,19222,528,1,51332,0.0009969999999981383
62025000,3271,1186,130565,2886,-2061,133217,115,19230,471,1,51333,0.0010000000000047748
62026000,6380,5975,127647,9738,3207,118833,97,19230,471,1,51334,0.0009999999999976694
62027000,7614,6932,124796,1258,1113,126094,134,19231,397,0,51335,0.0009999999999976694
62028000,8078,2323,126236,3452,-4784,124976,134,19231,549,0,51336,0.0010000000000047748
62029000,11159,-9869,127763,13818,-17286,139854,102,19232,418,0,51337,0.0009999999999976694
62030000,5891,-146,131145,1206,-7836,119333,102,19224,418,1,51338,0.0009999999999976694
62031000,1707,9832,129592,-5458,12545,126222,128,19230,524,1,51339,0.0010000000000047748
62032000,1896,15569,134019,10650,6581,129304,110,19230,524,1,51340,0.0009999999999976694
62033000,2225,4239,127444,-6319,-10968,125281,102,19229,451,1,51341,0.0009999999999976694
62034000,9790,-11590,127235,-220,-16432,136132,102,19226,418,0,51342,0.0010000000000047748
62035001,11664,-9096,129534,27675,-4980,124676,126,19233,516,0,51343,0.0010009999999951447
62036000,6025,2218,127524,-5815,-2285,127863,104,19226,426,0,51344,0.0009990000000001942
62037000,1070,2839,132082,-27379,4704,128271,115,19220,471,1,51345,0.0010000000000047748
62038000,-4516,6890,134431,16099,926,131547,106,19220,471,1,51346,0.0009999999999976694
62039000,-6279,4317,128674,-7859,-2377,123837,96,19225,434,1,51347,0.0009999999999976694
62040000,-4223,-1108,129739,-22812,-7889,133487,96,19229,393,0,51348,0.0010000000000047748
62041000,-1230,-13155,130229,13466,-1890,127422,124,19227,508,0,51349,0.0009999999999976694
62042001,6522,7101,129541,-1730,-5627,127351,99,19227,405,0,51350,0.00100100000000225
62043000,-4743,-2125,131144,-20729,-4974,132642,111,19227,455,0,51351,0.0009990000000001942
62044000,-8653,6897,133244,-10523,6233,128343,151,19227,618,1,51352,0.0009999999999976694
62045000,-9882,2313,129040,-11032,2769,133450,114,19229,618,1,51353,0.0009999999999976694
62046000,-6590,8675,131429,-13304,16142,120847,100,19230,467,1,51354,0.0010000000000047748
62047000,-4752,1411,127641,-7794,-9909,133811,100,19225,410,0,51355,0.0009999999999976694
62048002,-3628,-1380,123540,-253,-11001,126552,151,19229,618,0,51356,0.0010019999999997253
62049001,-528,3611,127670,-4910,379,129209,109,19229,446,0,51357,0.0009990000000001942
62050000,-3472,4363,127734,-7087,5956,122745,117,19229,479,1,51358,0.0009990000000001942
62051000,-4447,14036,128741,-12586,10559,122913,116,19222,479,1,51359,0.0009999999999976694
62052000,-6635,1945,127836,-13270,-5450,133779,107,19226,475,1,51360,0.0010000000000047748
62053000,375,4209,125119,7732,19686,115398,107,19230,438,1,51361,0.0009999999999976694
62054002,-812,2263,125564,-3960,-4153,127300,120,19226,491,0,51362,0.0010019999999997253
62055000,2510,-9494,123347,-9146,-10829,128658,95,19229,389,0,51363,0.000998000000002719
62056000,2255,3077,125646,2779,5661,123508,104,19229,426,0,51364,0.0009999999999976694
62057003,-421,3569,126706,-335,2820,123727,138,19228,426,1,51365,0.0010029999999972006
62058003,-2968,16342,127088,-7481,10461,120070,113,19226,565,1,51366,0.0010000000000047748
62059000,-5012,5066,125288,-3263,-4695,131309,113,19231,463,1,51367,0.0009969999999981383
62060000,7718,936,124213,10035,1212,119445,95,19230,389,0,51368,0.0009999999999976694
62061000,5660,7479,125729,7333,1495,121660,106,19231,434,0,51369,0.0010000000000047748
62062000,9083,-5875,125346,621,-10877,128811,111,19228,455,0,51370,0.0009999999999976694
62063000,3998,-4761,125868,13283,-7159,127365,113,19228,455,0,51371,0.0009999999999976694
62064000,1894,1637,126719,-2920,1259,128392,118,19225,463,1,51372,0.0010000000000047748
62065000,5763,21805,126331,-2628,27615,110184,118,19229,483,1,51373,0.0009999999999976694
62066000,6753,2625,125634,17029,-431,129566,102,19231,418,1,51374,0.0009999999999976694
62067000,14381,-9127,123542,-472,-13077,130319,112,19216,459,0,51375,0.0010000000000047748
62068002,7869,469,124886,7932,-3557,122468,91,19226,373,0,51376,0.0010019999999997253
62069000,7000,-7624,128766,17709,-11096,133162,104,19226,373,0,51377,0.0009979999999956135
62070000,5782,3176,129926,-8136,1272,130872,126,19225,426,1,51378,0.0010000000000047748
62071000,-708,-2848,130698,-2569,-5736,128279,126,19225,516,1,51379,0.0009999999999976694
62072000,1734,15910,129430,7233,16358,115054,113,19233,463,1,51380,0.0009999999999976694
62073000,3517,14265,129004,-4437,5171,137439,97,19228,397,1,51381,0.0010000000000047748
62074000,10500,-17866,124698,6230,-19082,125374,155,19233,635,0,51382,0.0009999999999976694
62075000,9974,-2150,130566,15248,-7871,136016,104,19233,635,0,51383,0.0009999999999976694
62076000,1330,-11703,128725,-1846,2893,125145,105,19228,426,0,51384,0.0010000000000047748
62077000,1267,20119,134677,-16173,5066,126942,105,19222,430,1,51385,0.0009999999999976694
62078000,-7673,-4306,133406,-1305,-13576,144698,135,19234,553,1,51386,0.0009999999999976694
62079000,-7500,-713,131377,-15004,1040,116324,105,19238,430,1,51387,0.0010000000000047748
62080000,227,5148,129916,-11052,-9846,136680,107,19220,438,0,51388,0.0009999999999976694
62081000,-1126,-2570,128525,10353,1750,120424,99,19220,438,0,51389,0.0009999999999976694
62082000,3397,4625,129694,-11059,-3840,131970,110,19230,405,0,51390,0.0010000000000047748
62083001,-6954,-3068,131571,-17323,-5467,134055,110,19227,451,1,51391,0.0010009999999951447
62084000,-5797,5445,129536,-8061,10454,122565,128,19225,524,1,51392,0.0009990000000001942
62085000,-7356,7259,131641,-10479,2718,133973,117,19228,479,1,51393,0.0009999999999976694
62086000,-6017,8710,127831,-11357,8278,116242,101,19229,414,1,51394,0.0010000000000047748
62087002,-1393,1172,128401,-6611,-13241,138033,141,19229,414,0,51395,0.0010019999999997253
62088005,-3131,-14901,126762,-6105,-2163,126453,98,19226,577,0,51396,0.0010029999999972006
62089000,-1832,10580,128619,-5971,528,123882,98,19232,401,0,51397,0.0009950000000031878
62090000,-6658,2552,127402,-7099,-4790,130772,101,19234,414,1,51398,0.0009999999999976694
62091000,-7928,12285,128892,-12998,16625,119237,130,19230,532,1,51399,0.0009999999999976694
62092000,-7129,6886,128916,-5804,-8133,134344,115,19230,471,1,51400,0.0010000000000047748
62093000,-4683,7842,124362,4109,3330,116472,107,19230,438,0,51401,0.0009999999999976694
62094000,1534,7442,124154,-16361,4046,123994,85,19222,438,0,51402,0.0009999999999976694
62095000,3654,-535,126759,4887,-4790,126120,105,19229,348,0,51403,0.0010000000000047748
62096000,5927,217,123910,2370,-2431,127837,105,19227,430,0,51404,0.0009999999999976694
62097000,-2535,-1719,125262,-12513,555,129169,121,19219,496,1,51405,0.0009999999999976694
62098000,-3692,17542,128209,1267,21056,114148,114,19230,467,1,51406,0.0010000000000047748
62099000,3554,9540,125291,2713,-1858,130366,96,19230,393,1,51407,0.0009999999999976694
62100002,5179,-153,122314,439,5815,125951,128,19231,393,0,51408,0.0010019999999997253
62101000,10553,916,123345,9349,-9652,118037,106,19234,524,0,51409,0.000998000000002719
62102000,4055,-5265,125039,13249,-11711,125107,106,19228,434,0,51410,0.0009999999999976694
62103000,4868,1790,129180,-589,-6046,132782,112,19225,459,1,51411,0.0009999999999976694
62104000,2060,1673,128808,-3478,-208,125813,137,19231,561,1,51412,0.0010000000000047748
62105000,786,19478,129106,5752,14043,119643,110,19231,451,1,51413,0.0009999999999976694
62106001,8038,1484,125682,8745,-3979,129580,101,19228,451,1,51414,0.00100100000000225
62107000,8157,-9604,124911,3115,-10141,125060,114,19224,414,0,51415,0.0009990000000001942
62108001,12858,121,128089,8451,-4979,130534,114,19226,467,0,51416,0.0010009999999951447
62109000,6896,-1917,126699,11122,-1827,126735,102,19228,418,0,51417,0.0009990000000001942
62110000,3690,2973,129784,-4718,-2223,127304,112,19227,459,1,51418,0.0010000000000047748
62111000,-891,7722,130537,-3337,-1209,126135,107,19228,438,1,51419,0.0009999999999976694
62112000,-546,10775,131362,6625,6265,134233,99,19228,438,1,51420,0.0009999999999976694
62113000,7490,469,127951,-1226,-2072,123733,128,19228,405,0,51421,0.0010000000000047748
62114000,7866,-3850,129016,-5291,-9956,129661,128,19220,524,0,51422,0.0009999999999976694
62115000,13045,-9303,127780,21085,-14142,132290,101,19226,414,0,51423,0.0009999999999976694
62116000,74,-6043,127568,-3183,-6596,134796,103,19228,422,0,51424,0.0010000000000047748
62117000,-2975,13354,134016,-21783,13653,119337,141,19227,577,1,51425,0.0009999999999976694
62118000,-3812,14472,132237,358,10684,133329,110,19227,577,1,51426,0.0009999999999976694
62119000,-3528,-7562,131615,5427,-10976,134689,97,19231,451,1,51427,0.0010000000000047748
62120000,-2885,-8517,128061,-14830,-15437,130246,97,19227,397,0,51428,0.0009999999999976694
62121000,-1075,-2436,128973,-11830,-3982,122541,129,19235,528,0,51429,0.0009999999999976694
62122000,-840,10256,133039,9483,3896,128253,110,19227,451,0,51430,0.0010000000000047748
62123000,-5218,4058,132278,-16811,-401,135801,120,19221,491,1,51431,0.0009999999999976694
62124000,-10931,2981,130730,-19544,-8390,129875,117,19221,491,1,51432,0.0009999999999976694
62125000,-8096,8220,130210,-5666,7458,124416,105,19228,479,1,51433,0.0010000000000047748
62126000,-3794,13224,130785,-5483,3058,125761,105,19230,430,1,51434,0.0009999999999976694
62127001,-463,1882,127751,-11469,-10446,128359,120,19216,491,0,51435,0.00100100000000225
62128005,-2637,-7069,123875,-5265,-8418,132522,93,19230,381,0,51436,0.0010039999999946758
62129000,-2056,3836,127072,-7115,6999,115304,106,19224,434,0,51437,0.0009950000000031878
62130000,-1374,17562,126683,-8995,6116,125734,137,19224,434,1,51438,0.0009999999999976694
62131000,-7485,6506,129299,-11831,-1267,131027,117,19226,561,1,51439,0.0010000000000047748
62132000,-3596,951,126771,-10184,379,126232,117,19230,479,1,51440,0.0009999999999976694
62133000,1006,9151,129306,2769,2335,123113,101,19228,414,0,51441,0.0009999999999976694
62134000,-724,2549,123829,-961,-5216,123502,122,19232,500,0,51442,0.0010000000000047748
62135000,-2,-2200,122970,-2225,-4597,134577,110,19226,451,0,51443,0.0009999999999976694
62136000,-1010,1039,124063,-5151,-623,119567,113,19226,463,0,51444,0.0009999999999976694
62137000,-608,15713,126989,-4326,16320,118806,139,19222,463,1,51445,0.0010000000000047748
62138000,-1256,18507,129199,-1005,8834,125079,105,19229,569,1,51446,0.0009999999999976694
62139000,4204,-1955,122472,6277,-2332,127913,105,19230,430,1,51447,0.0009999999999976694
62140000,9242,-1388,123288,-2518,2600,125008,109,19226,446,0,51448,0.0010000000000047748
62141000,9259,4305,122771,10985,1827,117654,95,19230,389,0,51449,0.0009999999999976694
62142003,10583,3055,125540,16527,-8548,130482,115,19230,471,0,51450,0.0010029999999972006
62143000,3963,-10094,126902,-8241,-11688,132762,133,19228,471,1,51451,0.0009970000000052437
62144000,1117,3838,128762,2578,10351,121456,114,19224,545,1,51452,0.0009999999999976694
62145000,2944,18219,130225,13378,10610,124456,114,19228,467,1,51453,0.0009999999999976694
62146001,6295,5379,124551,-4621,-5348,121048,96,19234,393,1,51454,0.00100100000000225
62147000,13160,13033,127395,10720,9789,125280,144,19232,590,0,51455,0.0009990000000001942
62148000,9269,-17587,123831,12167,-24141,133089,105,19232,430,0,51456,0.0009999999999976694
62149000,9567,-10439,129524,3252,-8101,126420,108,19232,430,0,51457,0.0009999999999976694
62150000,3463,7500,132724,-2351,2515,130296,124,19226,442,1,51458,0.0010000000000047748
62151000,694,10756,130305,-1714,11082,122278,124,19227,508,1,51459,0.0009999999999976694
62152000,720,15628,132122,-121,3782,130924,107,19235,438,1,51460,0.0009999999999976694
62153000,1264,-8073,125857,926,-15952,128056,105,19221,430,0,51461,0.0010000000000047748
62154000,11656,-13283,128273,16160,-12550,126908,109,19232,446,0,51462,0.0009999999999976694
62155000,4089,-4199,131475,7244,-12530,138667,107,19232,446,0,51463,0.0009999999999976694
62156000,8087,689,130149,-19066,3337,121017,125,19231,438,0,51464,0.0010000000000047748
62157000,-3144,17377,136301,2578,12578,129664,125,19219,512,1,51465,0.0009999999999976694
62158000,-6538,-3675,129261,-4239,-7350,131176,111,19231,455,1,51466,0.0009999999999976694
62159003,-4139,7447,126853,-12168,3304,123011,94,19229,385,1,51467,0.001003000000004306
62160000,-656,-13878,128614,-6813,-16024,141208,133,19231,545,0,51468,0.0009969999999981383
62161000,6936,-3223,128352,8580,-1301,121912,107,19231,545,0,51469,0.0009999999999976694
62162000,-4127,10162,132053,-4586,7172,125009,113,19230,438,0,51470,0.0010000000000047748
62163000,-4248,-88,131039,-19085,-4147,131510,113,19223,463,1,51471,0.0009999999999976694
62164000,-11623,-1519,130039,-10763,-5269,128992,149,19233,610,1,51472,0.0009999999999976694
62165000,-10434,6611,129704,-11119,6234,120075,111,19229,455,1,51473,0.0010000000000047748
62166000,-2703,17385,131130,-7317,12549,125719,101,19224,414,1,51474,0.0009999999999976694
62167000,-5868,-4537,126167,-6763,-10763,133061,143,19224,414,0,51475,0.0009999999999976694
62168000,285,-10321,125203,-3943,-12943,128817,106,19232,586,0,51476,0.0010000000000047748
62169000,-1277,-766,127111,-9468,4440,126416,106,19231,434,0,51477,0.0009999999999976694
62170000,-2837,9346,130174,-3897,22449,118375,120,19222,491,1,51478,0.0009999999999976694
62171000,-7603,26416,128814,-6975,319,128630,111,19228,455,1,51479,0.0010000000000047748
62172000,-9208,-3218,124315,-19999,-5917,132108,103,19226,422,1,51480,0.0009999999999976694
62173000,792,-674,126165,6074,2304,123850,127,19226,422,0,51481,0.0009999999999976694
62174000,626,-929,124240,662,-9078,123007,101,19228,520,0,51482,0.0010000000000047748
62175000,1127,5273,124218,-7479,4024,124854,101,19236,414,0,51483,0.0009999999999976694
62176000,-1423,5686,127657,-7310,-2874,129005,109,19227,446,1,51484,0.0009999999999976694
62177000,-1144,10503,125504,4108,10857,119873,148,19225,606,1,51485,0.0010000000000047748
62178000,-1716,17397,125842,-3789,9509,122358,109,19230,446,1,51486,0.0009999999999976694
62179000,3638,5749,124954,-2015,691,123402,96,19230,393,1,51487,0.0009999999999976694
62180004,10735,4572,123658,9035,-9081,124993,106,19226,393,0,51488,0.0010040000000017812
62181000,11361,-9502,123384,8207,-12779,129510,112,19231,434,0,51489,0.000996000000000663
62182002,7975,-4633,127385,-2419,11165,119931,112,19226,459,0,51490,0.0010019999999997253
62183000,2497,1874,125313,8201,-3774,130687,118,19220,483,1,51491,0.000998000000002719
62184000,-892,5736,127647,-1111,6931,125977,108,19233,442,1,51492,0.0009999999999976694
62185000,6866,10018,126739,166,5219,124579,103,19233,422,1,51493,0.0009999999999976694
62186000,6522,6737,126293,18038,5052,119243,117,19232,422,0,51494,0.0010000000000047748
62187000,12213,1784,126761,-1567,-8260,129813,97,19222,479,0,51495,0.0009999999999976694
62188000,10300,-21263,126057,11874,-21860,135921,97,19232,397,0,51496,0.0009999999999976694
62189000,5519,-2699,130386,3172,-1471,123359,103,19226,422,0,51497,0.0010000000000047748
62190000,1647,11691,130273,-9387,13675,125573,134,19229,549,1,51498,0.0009999999999976694
62191000,-744,19617,132468,4630,12778,124329,115,19229,471,1,51499,0.0009999999999976694
62192000,4017,-2108,125937,1935,-7834,136147,102,19230,471,1,51500,0.0010000000000047748
62193000,9066,-9301,126644,1693,-10622,126536,157,19225,418,0,51501,0.0009999999999976694
62194000,9649,344,128958,14250,5925,122679,157,19229,643,0,51502,0.0009999999999976694
62195000,6355,-5822,128678,2341,-13679,132512,112,19226,459,0,51503,0.0010000000000047748
62196000,-2480,-1003,133228,-15892,1483,130712,113,19223,463,1,51504,0.0009999999999976694
62197000,-2087,2114,132796,-4986,-2954,136353,132,19230,541,1,51505,0.0009999999999976694
62198000,-9145,7691,130630,4519,6541,119683,103,19230,541,1,51506,0.0010000000000047748
62199000,-1518,2580,130109,-20971,-7030,130439,112,19233,422,1,51507,0.0009999999999976694
62200000,1386,-11222,128246,-160,-9386,134828,112,19219,459,0,51508,0.0009999999999976694
62201000,3818,-1573,128768,6910,-4178,124968,92,19226,377,0,51509,0.0010000000000047748
62202002,-4872,3757,131353,-14736,943,128604,105,19227,430,0,51510,0.0010019999999997253
62203002,-11830,2652,130053,-17624,3538,129061,132,19227,541,1,51511,0.0009999999999976694
62204000,-8079,2100,131428,-6703,1024,133044,114,19227,541,1,51512,0.000998000000002719
62205001,-9354,6817,129235,-3469,3334,126574,98,19229,467,1,51513,0.0010009999999951447
62206000,-4124,9336,129541,-20479,5509,124507,98,19230,401,0,51514,0.0009990000000001942
62207000,-633,-3318,125647,-5460,-5976,125895,149,19226,610,0,51515,0.0009999999999976694
62208000,-255,-4396,127247,952,-8007,130762,100,19228,410,0,51516,0.0010000000000047748
62209001,-2883,1990,127167,-10654,-1127,128670,105,19226,430,1,51517,0.00100100000000225
62210000,-10120,13145,127306,-14362,11332,118862,130,19226,430,1,51518,0.0009989999999930887
62211000,-2517,15446,128441,-9597,9753,130588,107,19224,532,1,51519,0.0010000000000047748
62212000,-4783,905,125908,4389,-746,123310,107,19231,438,1,51520,0.0009999999999976694
62213001,964,-55,124362,-8152,-2096,123983,107,19226,438,0,51521,0.00100100000000225
62214000,-620,1070,126540,-9564,-3615,124174,87,19228,356,0,51522,0.0009990000000001942
62215000,2356,1320,125755,6685,-2682,127959,108,19228,442,0,51523,0.0009999999999976694
62216000,1086,-810,125533,-2592,772,126932,125,19228,442,1,51524,0.0009999999999976694
62217000,-8119,7592,126449,-10516,15357,126615,113,19221,512,1,51525,0.0010000000000047748
62218000,664,17456,128646,-4704,8994,118148,113,19232,463,1,51526,0.0009999999999976694
62219000,6334,10573,125008,10657,-5207,123764,94,19232,385,0,51527,0.0009999999999976694
62220000,7704,-1243,123575,-713,-8796,128436,131,19234,537,0,51528,0.0010000000000047748
62221000,8866,-2462,123284,4866,-8581,120909,109,19226,446,0,51529,0.0009999999999976694
62222001,7082,820,125177,12550,-1459,132145,111,19226,455,0,51530,0.00100100000000225
62223000,4938,3555,128734,-5776,-1031,124602,132,19224,455,1,51531,0.0009990000000001942
62224000,2688,14524,127322,-3063,4634,122741,105,19231,541,1,51532,0.0009999999999976694
62225000,9338,6337,126836,12269,-5438,130092,105,19234,430,1,51533,0.0009999999999976694
62226000,9762,-1578,124879,245,-73,122115,103,19223,422,0,51534,0.0010000000000047748
62227000,10715,2821,127331,9379,-3341,131428,109,19232,446,0,51535,0.0009999999999976694
62228001,7485,-11183,127276,16036,-11536,126602,104,19232,426,0,51536,0.00100100000000225
62229000,2769,494,129193,-9893,-1026,140965,116,19225,426,1,51537,0.0009990000000001942
62230000,978,2509,130523,-150,3837,121505,110,19224,475,1,51538,0.0009999999999976694
62231003,-93,12085,129735,10209,8694,124293,110,19227,451,1,51539,0.0010029999999972006
62232000,3017,8032,129894,-3278,-3683,129215,100,19229,410,1,51540,0.0009970000000052437
62233000,9353,-13189,126424,2955,-19273,131859,137,19222,561,0,51541,0.0009999999999976694
62234000,10499,-4709,131199,19826,-1085,131892,103,19222,422,0,51542,0.0009999999999976694
62235000,3738,-5008,126931,-11093,-7806,127976,104,19230,422,0,51543,0.0010000000000047748
62236000,898,9886,131155,-13020,6581,125390,148,19226,426,1,51544,0.0009999999999976694
62237001,-6713,9291,133646,7440,-9970,132890,148,19230,606,1,51545,0.00100100000000225
62238000,-6537,-885,128663,-9390,-1054,130363,110,19228,451,1,51546,0.0009990000000001942
62239000,-1569,2461,132006,-16603,-5080,126538,103,19224,422,0,51547,0.0009999999999976694
62240002,1114,-352,127383,1808,-5983,123187,113,19228,463,0,51548,0.0010019999999997253
62241002,5345,8164,129272,1918,4447,129834,110,19228,463,0,51549,0.0009999999999976694
62242000,-6113,-2884,130190,-18162,-3721,130396,120,19228,451,0,51550,0.000998000000002719
62243000,-6157,3845,132042,-10296,3797,130947,120,19222,491,1,51551,0.0009999999999976694
62244000,-8896,6961,130747,-7820,6173,127247,112,19228,459,1,51552,0.0010000000000047748
62245000,-6094,5730,130477,-14354,5636,126810,106,19232,434,1,51553,0.0009999999999976694
62246000,268,4918,128333,-5939,-4786,125893,129,19213,528,0,51554,0.0009999999999976694
62247000,-5602,-7070,124319,-5808,-1798,127786,97,19213,528,0,51555,0.0010000000000047748
62248000,826,3336,129065,-10954,3194,123900,104,19228,397,0,51556,0.0009999999999976694
62249000,-3981,4118,127482,-7054,-515,127353,104,19224,426,1,51557,0.0009999999999976694
62250000,-6487,7529,128650,-3675,4015,129240,141,19228,577,1,51558,0.0010000000000047748
62251001,-8304,3283,128484,-15390,5,126137,118,19235,483,1,51559,0.0010009999999951447
62252000,-4610,9866,127743,-10369,6844,122644,102,19225,418,1,51560,0.0009990000000001942
62253000,6821,10457,126420,7706,3513,124125,114,19225,418,0,51561,0.0010000000000047748
62254000,410,-2376,122285,-3553,-176,125664,107,19233,467,0,51562,0.0009999999999976694
62255000,4153,-1343,125025,-5334,-525,130811,107,19225,438,0,51563,0.0009999999999976694
62256001,-3210,8533,124607,-250,6851,120404,115,19218,471,1,51564,0.00100100000000225
62257000,-2386,15428,128630,-8268,9085,124317,132,19236,541,1,51565,0.0009990000000001942
62258000,3045,7527,126554,-601,2749,125318,101,19233,414,1,51566,0.0009999999999976694
62259000,3335,-1040,123228,12592,-580,121068,115,19233,414,0,51567,0.0010000000000047748
62260002,11073,3506,124812,-6332,-2526,120983,97,19227,471,0,51568,0.0010019999999997253
62261000,6873,322,125858,12154,-4946,127758,97,19228,397,0,51569,0.0009979999999956135
62262000,7030,-5764,125866,11614,-9212,133995,113,19228,463,0,51570,0.0010000000000047748
62263000,1110,2810,129087,-12836,1130,119442,138,19223,565,1,51571,0.0009999999999976694
62264003,910,8382,131144,4288,15882,124141,113,19234,463,1,51572,0.0010029999999972006
62265000,11009,14831,125626,14335,-3434,122187,96,19234,463,1,51573,0.0009970000000052437
62266002,6710,1009,124368,-3031,-7522,130537,154,19229,393,0,51574,0.0010019999999997253
62267000,14405,-5811,126539,21255,-12187,129380,154,19226,631,0,51575,0.0009979999999956135
62268000,6235,-4458,125934,9513,-3279,122381,112,19229,459,0,51576,0.0010000000000047748
62269000,3723,968,130960,-16588,924,136593,110,19225,451,1,51577,0.0009999999999976694
62270000,3353,-717,128535,4621,5395,122925,124,19229,508,1,51578,0.0009999999999976694
62271000,1217,17435,131773,11812,4937,127677,107,19229,438,1,51579,0.0009999999999976694
62272000,4154,6511,128554,-10958,-8170,122234,112,19234,438,1,51580,0.0010000000000047748
62273000,7651,-10203,126554,2016,-18919,132180,96,19218,459,0,51581,0.0009999999999976694
62274000,15632,-6621,131837,26798,-8724,132419,96,19230,393,0,51582,0.0009999999999976694
62275001,-357,-3996,129092,-16025,-3569,126502,104,19226,426,0,51583,0.00100100000000225
62276000,583,4444,135568,-22127,19299,120637,125,19224,512,1,51584,0.0009990000000001942
62277000,-6514,15875,133241,16552,-2346,131320,113,19224,463,1,51585,0.0009999999999976694
62278001,-6830,-6146,128042,-9901,-11220,135586,95,19230,463,1,51586,0.00100100000000225
62279000,-1376,-6012,130170,-18511,-8809,128678,142,19228,389,0,51587,0.0009990000000001942
62280000,-3183,-4040,131040,9096,-6200,127865,142,19233,582,0,51588,0.0009999999999976694
62281000,4416,4289,131172,-1864,6407,127577,108,19229,442,0,51589,0.0010000000000047748
62282000,-8692,-2805,131094,-18878,-7011,131582,110,19222,451,1,51590,0.0009999999999976694
62283000,-5825,5647,130022,-12414,8904,126324,132,19222,541,1,51591,0.0009999999999976694
62284000,-10185,7108,127990,-8002,5984,127875,111,19225,541,1,51592,0.0010000000000047748
62285000,-4794,13550,131419,-10353,9655,122972,104,19232,455,1,51593,0.0009999999999976694
62286000,682,-3091,126313,-4755,-14102,133034,104,19224,426,0,51594,0.0009999999999976694
62287000,-7114,-8828,124985,-7695,-3397,127885,133,19228,545,0,51595,0.0010000000000047748
62288000,2004,8492,129025,-8420,11194,121740,107,19231,438,0,51596,0.0009999999999976694
62289001,-6288,3617,125788,-2056,4302,124430,124,19224,508,1,51597,0.00100100000000225
62290000,-6629,6813,129391,-15481,6660,129802,117,19224,508,1,51598,0.0009990000000001942
62291001,-6752,957,127828,-11916,-726,124931,103,19230,479,1,51599,0.0010009999999951447
62292001,22,7894,129203,3899,-323,125063,103,19228,422,0,51600,0.0010000000000047748
62293001,411,-774,123982,-93,-4761,126077,137,19232,561,0,51601,0.0009999999999976694
62294002,-278,-577,124940,-9854,-3354,123182,103,19230,422,0,51602,0.00100100000000225
62295000,2187,-1281,124430,-2494,-309,127942,109,19221,446,0,51603,0.0009979999999956135
62296000,-3397,13316,127439,1001,12421,119476,156,19221,446,1,51604,0.0010000000000047748
62297000,-44,16090,125759,-6045,14370,122338,108,19228,639,1,51605,0.0009999999999976694
62298000,754,5126,125236,2216,-455,125320,108,19231,442,1,51606,0.0009999999999976694
62299000,10273,-2450,121978,6246,-3793,131199,97,19221,397,0,51607,0.0010000000000047748
62300001,7812,-448,123123,3774,-363,116906,87,19231,356,0,51608,0.0010009999999951447
62301000,9325,1105,125790,8798,-2067,126241,112,19227,459,0,51609,0.0009990000000001942
62302001,4645,-8831,125364,3044,-14173,133601,122,19227,459,1,51610,0.00100100000000225
62303000,223,9240,127798,278,11887,119526,111,19220,500,1,51611,0.0009990000000001942
62304000,4569,12944,128121,1095,7786,127987,111,19230,455,1,51612,0.0009999999999976694
62305000,8234,10169,125863,11722,5729,121241,97,19231,397,1,51613,0.0010000000000047748
62306001,11907,-836,125650,7001,-6394,132477,122,19223,500,0,51614,0.0010009999999951447
62307000,11081,-10306,126353,6120,-12174,127856,97,19229,397,0,51615,0.0009990000000001942
62308000,5007,-3522,129212,14160,-5425,127892,102,19229,397,0,51616,0.0010000000000047748
62309000,4382,-830,128647,-8222,-3523,130775,140,19225,418,1,51617,0.0009999999999976694
62310000,-983,8703,130884,-20,9983,122087,140,19227,573,1,51618,0.0009999999999976694
62311001,1676,7582,129942,8227,6896,131021,112,19230,459,1,51619,0.00100100000000225
62312000,4482,3891,129832,-6831,-15047,124964,98,19221,401,0,51620,0.0009990000000001942
62313000,10527,-11764,126259,9678,-12051,133186,134,19232,549,0,51621,0.0009999999999976694
62314002,6498,-4040,130069,2212,-2576,130760,105,19232,430,0,51622,0.0010019999999997253
62315001,-1421,213,130339,-13855,3648,120656,114,19228,430,0,51623,0.0009990000000001942
62316000,1958,7181,133075,-979,-2845,138542,118,19224,467,1,51624,0.0009990000000001942
62317000,-7782,-719,131512,-1835,-3821,128397,118,19229,483,1,51625,0.0010000000000047748
62318000,-5004,8459,129860,-22822,-3665,123900,100,19230,410,1,51626,0.0009999999999976694
62319000,1618,-747,130994,-2867,-13357,136791,115,19225,471,0,51627,0.0009999999999976694
62320000,675,-3824,128999,10609,-1112,125310,105,19225,430,0,51628,0.0010000000000047748
62321000,-1968,6237,130743,-18865,1311,127012,112,19226,430,0,51629,0.0009999999999976694
62322000,-8222,293,130644,-16827,-1281,130243,145,19227,459,1,51630,0.0009999999999976694
62323000,-7598,4188,131154,-8698,1062,140014,145,19226,594,1,51631,0.0010000000000047748
62324000,-7588,4400,129678,-4834,3803,119178,118,19230,483,1,51632,0.0009999999999976694
62325000,-5313,14811,130164,-11422,5489,121365,98,19226,401,1,51633,0.0009999999999976694
62326000,-3714,249,129605,-11787,-15612,135939,163,19226,668,0,51634,0.0010000000000047748
62327000,-2382,-3154,126626,4172,-9131,126223,101,19233,668,0,51635,0.0009999999999976694
62328000,-1817,-510,126987,-11348,3463,131390,106,19233,414,0,51636,0.0009999999999976694
62329000,-6234,9033,128234,-12661,9383,116915,106,19227,434,1,51637,0.0010000000000047748
62330000,-6257,15637,126901,-10079,4581,126718,125,19228,512,1,51638,0.0009999999999976694
62331000,-3971,-328,126285,-6631,-4317,135469,107,19230,438,1,51639,0.0009999999999976694
62332000,-1648,3527,124904,2755,5532,119495,113,19219,463,0,51640,0.0009999999999976694
62333000,-1230,9785,124472,-12595,5429,119574,93,19219,463,0,51641,0.0010000000000047748
62334002,2455,1858,124637,382,-6286,126734,107,19230,381,0,51642,0.0010019999999997253
62335000,3447,-3142,126149,5955,-7574,137980,107,19228,438,0,51643,0.0009979999999956135
62336000,-1851,1611,124523,-8180,2367,118089,129,19221,528,1,51644,0.0010000000000047748
62337000,-3615,22885,128029,-5619,17265,118518,114,19232,467,1,51645,0.0009999999999976694
62338000,5771,13876,127015,2317,4797,126392,96,19232,393,1,51646,0.0009999999999976694
62339000,9111,-3343,120657,7877,-6151,125166,120,19232,393,0,51647,0.0010000000000047748
62340000,8995,-2534,125624,5272,-7144,127393,114,19230,491,0,51648,0.0009999999999976694
62341000,5849,-4110,123759,3911,-1576,118258,114,19227,467,0,51649,0.0009999999999976694
62342000,7504,-262,130152,6477,-7751,133320,115,19223,471,1,51650,0.0010000000000047748
62343000,1614,2833,128393,-1549,2770,128635,131,19229,537,1,51651,0.0009999999999976694
62344000,1454,13714,127238,418,7068,120753,108,19230,442,1,51652,0.0009999999999976694
62345001,7043,2467,127011,11889,-4676,121120,108,19230,442,0,51653,0.00100100000000225
62346000,8130,-2651,125910,2100,-7498,125387,88,19220,442,0,51654,0.0009990000000001942
62347000,12965,-10220,128354,7933,-16985,138123,88,19233,360,0,51655,0.0009999999999976694
62348000,5283,-1571,126241,7795,1081,122407,100,19225,410,0,51656,0.0010000000000047748
62349009,4214,12285,130444,-2402,10402,128647,120,19224,491,1,51657,0.0010089999999962629
62350000,888,10692,128785,327,6501,126204,113,19230,463,1,51658,0.000990999999999076
62351000,2560,-249,127142,2523,-4520,132414,103,19230,463,1,51659,0.0010000000000047748
62352000,7348,1139,129345,128,-3934,125214,144,19232,422,0,51660,0.0009999999999976694
62353002,11374,-9984,126910,5990,-12333,128700,144,19226,590,0,51661,0.0010019999999997253
62354002,6326,-7025,132077,18182,-12667,137435,101,19231,414,0,51662,0.0009999999999976694
62355000,-427,-7226,128746,-20081,-9182,124628,102,19224,418,1,51663,0.000998000000002719
62356000,-4161,13940,133217,-9028,13551,124544,148,19228,606,1,51664,0.0009999999999976694
62357000,-6955,7902,133195,1768,-4978,133300,108,19228,606,1,51665,0.0010000000000047748
62358000,-6836,-9943,129258,-11168,-3776,132526,103,19232,442,1,51666,0.0009999999999976694
62359000,677,-8094,129556,-12398,-12695,127378,108,19224,422,0,51667,0.0009999999999976694
62360001,2542,2313,127815,-1301,1466,124140,108,19232,442,0,51668,0.00100100000000225
62361001,-1042,6821,130898,-4112,3787,128869,108,19226,442,0,51669,0.0009999999999976694
62362001,-7497,5394,131283,-22748,-8269,130984,123,19219,504,1,51670,0.0010000000000047748
62363000,-10162,853,131436,-7275,5134,131392,113,19219,463,1,51671,0.0009990000000001942
62364000,-9798,12146,131924,-8681,3043,123370,99,19229,463,1,51672,0.0009999999999976694
62365000,-180,10917,129084,-3875,-2505,126029,133,19233,405,0,51673,0.0009999999999976694
62366000,-3727,-3263,125480,-11053,-8888,128841,133,19222,545,0,51674,0.0010000000000047748
62367000,-1649,-5254,125900,-7199,-3633,127927,99,19231,405,0,51675,0.0009999999999976694
62368000,-253,8903,128148,-3012,8673,121267,103,19227,422,0,51676,0.0009999999999976694
62369000,-6883,13802,129501,-12619,4939,125128,141,19227,577,1,51677,0.0010000000000047748
62370000,-6877,2767,127396,-5722,7754,126903,109,19230,577,1,51678,0.0009999999999976694
62371000,-3364,2616,126196,-10469,67,125919,104,19232,446,1,51679,0.0009999999999976694
62372001,4559,-1569,124675,1758,-1669,126331,104,19228,426,0,51680,0.00100100000000225
62373000,-1495,951,125725,3124,333,123566,115,19229,471,0,51681,0.0009990000000001942
62374000,1141,1368,124740,-9030,-1519,127178,115,19228,471,0,51682,0.0009999999999976694
62375000,-1409,2881,126004,-2472,4788,126912,120,19220,491,1,51683,0.0010000000000047748
62376000,-2657,8111,126555,-6902,7284,122318,117,19220,491,1,51684,0.0009999999999976694
62377000,1279,16467,126853,7025,9652,122645,100,19232,479,1,51685,0.0009999999999976694
62378002,1150,3762,122735,4899,-2635,126514,100,19233,410,0,51686,0.0010019999999997253
62379000,9048,1366,122939,-5784,-2140,120890,119,19225,487,0,51687,0.000998000000002719
62380000,11693,7980,125609,15854,-2038,123757,103,19226,422,0,51688,0.0009999999999976694
62381000,7413,-761,124765,7158,-9058,128530,109,19227,446,0,51689,0.0010000000000047748
62382000,6430,2202,125264,-1147,7571,121158,140,19227,446,1,51690,0.0009999999999976694
62383000,2125,4037,128855,1063,6289,124233,111,19228,573,1,51691,0.0009999999999976694
62384000,10190,2263,127176,11402,-2369,130582,111,19232,455,1,51692,0.0010000000000047748
62385000,6612,6041,125827,5540,6182,117792,97,19225,397,0,51693,0.0009999999999976694
62386000,9408,6753,128151,-2651,760,125660,126,19233,516,0,51694,0.0009999999999976694
62387000,9101,-13124,124929,19830,-20376,133708,105,19229,430,0,51695,0.0010000000000047748
62388000,3508,-5280,129616,1121,-6554,129691,109,19229,430,1,51696,0.0009999999999976694
62389001,2785,3963,131263,-10041,-2439,126313,112,19223,446,1,51697,0.00100100000000225
62390000,89,28464,132631,5395,25241,118102,112,19226,459,1,51698,0.0009990000000001942
62391002,1911,5215,130591,2270,-4513,134867,102,19233,418,1,51699,0.0010019999999997253
62392001,8270,-11202,125698,-2127,-15186,128078,115,19220,471,0,51700,0.0009990000000001942
62393000,8526,-6470,129991,13454,-13967,132221,95,19227,389,0,51701,0.0009990000000001942
62394002,7331,895,127823,9637,-303,124161,102,19227,389,0,51702,0.0010019999999997253
62395000,3208,10869,133192,-20519,12255,125300,132,19230,418,1,51703,0.0009979999999956135
62396000,-5225,-2359,132109,-4330,-7008,136384,132,19228,541,1,51704,0.0009999999999976694
62397000,-9479,6851,128653,4674,5132,123234,112,19232,459,1,51705,0.0010000000000047748
62398000,-2290,1344,130212,-23165,-5788,133906,97,19229,397,0,51706,0.0009999999999976694
62399000,474,-3249,128638,679,-7346,123838,141,19233,577,0,51707,0.0009999999999976694
62400000,7775,3703,130628,2992,164,131099,106,19233,577,0,51708,0.0010000000000047748
62401000,-4841,1408,130855,-11078,-2210,124704,112,19228,434,0,51709,0.0009999999999976694
62402001,-6721,2512,130710,-14740,438,132781,112,19227,459,1,51710,0.00100100000000225
62403000,-9544,3230,130129,-12314,-1463,132531,129,19229,528,1,51711,0.0009990000000001942
62404000,-8589,9579,131158,-6374,8639,120654,105,19232,430,1,51712,0.0009999999999976694
62405000,-3103,5180,129882,-10052,3939,126794,109,19219,446,0,51713,0.0009999999999976694
62406000,-4047,3343,126433,-7218,-9723,125576,110,19219,451,0,51714,0.0010000000000047748
62407000,560,-8868,125109,-1295,-7348,133812,102,19230,451,0,51715,0.0009999999999976694
62408000,-3739,-1915,128126,-15017,7784,120963,127,19223,418,1,51716,0.0009999999999976694
62409000,-4469,21081,129583,-5804,13047,119480,127,19224,520,1,51717,0.0010000000000047748
62410000,-8675,10682,128107,-8412,-1143,132053,116,19230,475,1,51718,0.0009999999999976694
62411000,-3845,-2926,125505,-12283,-6157,125669,99,19227,405,1,51719,0.0009999999999976694
62412000,2598,2427,126669,1540,-2994,124231,135,19227,553,0,51720,0.0010000000000047748
62413001,1933,4356,123911,-1554,830,121383,109,19228,553,0,51721,0.0010009999999951447
62414002,3722,5234,125851,-8420,3706,124084,111,19229,446,0,51722,0.00100100000000225
62415002,-1702,3607,125637,-345,2761,128033,111,19227,455,1,51723,0.0009999999999976694
62416002,-2619,3692,124856,1538,17265,126557,152,19228,623,1,51724,0.0010000000000047748
62417008,-1778,6377,125165,-12556,14440,121882,104,19231,426,1,51725,0.0010059999999967317
62418000,6996,6783,124222,12259,-5291,123064,101,19231,414,0,51726,0.0009920000000036566
62419000,7961,-2659,122052,13575,-9766,127660,85,19224,414,0,51727,0.0009999999999976694
62420000,7184,-4230,129066,-887,-8693,129721,113,19228,348,0,51728,0.0009999999999976694
62421000,6104,-5540,125699,9971,-5005,125703,113,19228,463,0,51729,0.0010000000000047748
62422000,76,5822,127966,1723,10911,126847,127,19223,520,1,51730,0.0009999999999976694
62423000,4202,13090,127392,-8386,7614,119318,110,19229,451,1,51731,0.0009999999999976694
62424000,6342,7229,125663,14750,-3262,128028,93,19230,381,1,51732,0.0010000000000047748
62425000,11410,-3003,123696,2823,5196,124864,134,19230,381,0,51733,0.0009999999999976694
62426001,11527,1367,127886,5433,-2756,127000,100,19230,549,0,51734,0.00100100000000225
62427000,5771,-13978,127848,16037,-17154,136941,100,19229,410,0,51735,0.0009990000000001942
62428000,3830,-6274,127431,-6723,-11255,127081,105,19226,430,1,51736,0.0009999999999976694
62429001,-2871,16636,133142,-3844,15883,129170,132,19229,541,1,51737,0.00100100000000225
62430000,2607,9889,128555,8610,5605,118842,109,19231,446,1,51738,0.0009990000000001942
62431000,3333,2386,130103,-3038,-7495,133561,102,19231,446,1,51739,0.0009999999999976694
62432001,11151,-7173,127095,1875,-12878,128666,117,19224,418,0,51740,0.00100100000000225
62433000,9435,-7230,128244,18027,-4031,128706,117,19233,479,0,51741,0.0009990000000001942
62434000,2701,-5821,129375,-5341,-7561,133811,105,19229,430,0,51742,0.0009999999999976694
62435000,1335,342,131862,-14554,3285,125373,118,19224,483,1,51743,0.0009999999999976694
62436002,-5758,-1726,133652,-1209,-3481,136910,109,19229,446,1,51744,0.0010019999999997253
62437000,-7690,7932,130572,1138,3931,125144,97,19229,446,1,51745,0.000998000000002719
62438000,-736,-670,128610,-19858,-10144,128815,126,19233,397,0,51746,0.0009999999999976694
62439000,-565,-4191,129925,1782,-9110,131372,126,19224,516,0,51747,0.0010000000000047748
62440001,1529,-1422,130008,543,-2618,123641,102,19230,418,0,51748,0.0010009999999951447
62441000,-6122,3717,135082,-18820,-1026,135893,109,19229,446,0,51749,0.0009990000000001942
62442000,-8510,7640,129249,-9609,7633,126257,152,19229,623,1,51750,0.0010000000000047748
62443000,-8566,5712,130659,-12012,-501,133928,114,19229,623,1,51751,0.0009999999999976694
62444002,-5149,7515,128083,-7406,3399,119083,103,19232,467,1,51752,0.0010019999999997253
62445002,-1638,184,127777,-9796,-6663,132572,103,19222,422,0,51753,0.0009999999999976694
62446000,-4249,-2688,126843,-7613,-4150,118620,151,19229,618,0,51754,0.000998000000002719
62447000,-902,5204,128309,-2327,253,135001,105,19230,430,0,51755,0.0009999999999976694
62448000,-5845,-9861,125215,-11900,-11172,119743,118,19219,483,1,51756,0.0010000000000047748
62449000,-6463,20844,128525,-12714,18656,129556,116,19219,475,1,51757,0.0009999999999976694
62450000,-8528,1732,125832,-4646,2101,124518,106,19230,475,1,51758,0.0009999999999976694
62451000,-1812,11492,125096,-10731,7829,118176,122,19229,434,0,51759,0.0010000000000047748
62452000,2941,-3241,126243,-768,-6360,142220,122,19229,500,0,51760,0.0009999999999976694
62453000,2714,-1580,124182,6870,-4396,110426,98,19228,401,0,51761,0.0009999999999976694
62454000,2724,3206,125095,-12241,-5233,137013,109,19231,446,0,51762,0.0010000000000047748
62455003,-4308,5687,128213,2937,12977,115636,142,19231,582,1,51763,0.0010029999999972006
62456020,-1095,23319,126244,-5656,5746,124416,115,19225,582,1,51764,0.0010169999999973811
62457000,1207,-99,124480,970,-2247,132393,96,19230,471,1,51765,0.0009799999999984266
62458000,6402,10533,124852,5891,1779,113425,96,19230,393,0,51766,0.0010000000000047748
62459000,11069,4614,122602,9610,-10254,130347,107,19232,438,0,51767,0.0009999999999976694
62460000,6842,-2700,126049,6837,-3656,121741,113,19226,463,0,51768,0.0009999999999976694
62461000,6238,-7510,125011,-2357,-6324,137083,118,19226,483,1,51769,0.0010000000000047748
62462000,2246,3827,128944,408,17263,114047,121,19222,483,1,51770,0.0009999999999976694
62463000,4254,18578,129685,4045,117,128421,102,19229,496,1,51771,0.0009999999999976694
62464000,6989,-5297,125140,15407,-2103,132696,102,19232,418,1,51772,0.0010000000000047748
62465000,10064,-1512,124459,-3723,-2024,116677,111,19218,455,0,51773,0.0009999999999976694
62466000,12412,-6626,127275,15000,-13559,138404,101,19228,414,0,51774,0.0009999999999976694
62467000,3505,-1232,128480,11268,2371,121015,110,19227,451,0,51775,0.0010000000000047748
62468000,5166,-3397,128452,-16624,-3663,136519,131,19227,451,1,51776,0.0009999999999976694
62469000,-751,8279,130913,4948,9002,125337,113,19226,537,1,51777,0.0009999999999976694
62470000,-218,11937,129599,10813,4621,122567,113,19234,463,1,51778,0.0010000000000047748
62471000,5331,-142,127918,-1663,-8037,133528,97,19230,397,0,51779,0.0009999999999976694
62472000,11055,-13326,126665,598,-15603,130647,154,19230,631,0,51780,0.0009999999999976694
62473000,10294,-5518,128981,16732,-6428,131918,110,19225,451,0,51781,0.0010000000000047748
62474000,-695,-962,129516,-8768,1124,122072,108,19225,451,0,51782,0.0009999999999976694
62475000,393,10536,133576,-24663,-2702,132655,137,19222,442,1,51783,0.0009999999999976694
62476000,-4123,15600,133207,15563,11366,125844,137,19231,561,1,51784,0.0010000000000047748
62477000,-7368,-1799,127857,-8256,-6729,127996,106,19231,434,1,51785,0.0009999999999976694
62478000,3463,-13843,130354,-20244,-14873,134363,109,19221,446,0,51786,0.0009999999999976694
62479000,-3548,3366,130142,14599,2033,118313,91,19231,373,0,51787,0.0010000000000047748
62480001,1324,1132,129715,-4184,1878,129041,106,19231,373,0,51788,0.0010009999999951447
62481000,-8863,8476,134053,-25349,674,129608,124,19228,434,1,51789,0.0009990000000001942
62482001,-9439,-5105,128644,-6988,-5346,131991,124,19224,508,1,51790,0.00100100000000225
62483000,-6504,5447,131693,-3489,2501,126874,113,19231,463,1,51791,0.0009990000000001942
62484000,-5900,7833,129798,-12414,4741,124357,101,19232,414,1,51792,0.0009999999999976694
62485000,-616,5676,127720,-10968,-3245,126887,143,19220,586,0,51793,0.0010000000000047748
62486000,-3083,-5193,124942,743,-9015,132879,101,19220,586,0,51794,0.0009999999999976694
62487000,-2396,2714,127291,-7069,-401,122853,101,19228,414,0,51795,0.0009999999999976694
62488000,-3508,22079,128216,-16130,19558,117928,101,19227,414,1,51796,0.0010000000000047748
62489003,-8029,5003,127646,-5777,1127,128846,130,19231,532,1,51797,0.0010029999999972006
62490002,-3868,-2741,127774,-4321,-7357,134354,113,19229,463,1,51798,0.0009990000000001942
62491000,-1633,6798,124783,-8110,6743,117948,110,19222,451,0,51799,0.000998000000002719
62492000,383,9675,126722,-309,4286,120584,89,19222,451,0,51800,0.0009999999999976694
62493000,3001,-9873,123491,-2309,-15135,128188,107,19232,365,0,51801,0.0009999999999976694
62494000,674,1728,124965,-9807,-1177,126182,107,19231,438,0,51802,0.0010000000000047748
62495001,-1093,12988,127391,970,9603,119174,120,19217,491,1,51803,0.0010009999999951447
62496000,-6637,13539,125460,5115,12120,122871,109,19231,446,1,51804,0.0009990000000001942
62497000,5007,8160,125318,-14227,-5940,127359,96,19231,393,1,51805,0.0010000000000047748
62498001,9180,3217,123111,10619,-440,120632,130,19231,532,0,51806,0.0010009999999951447
62499000,12732,-1637,125828,17609,5198,121892,115,19235,532,0,51807,0.0009990000000001942
62500000,6895,2561,124819,2053,-13479,125646,114,19229,471,0,51808,0.0010000000000047748
62501001,3920,-8629,126079,-335,-15464,140613,114,19225,467,1,51809,0.0010009999999951447
62502000,3432,-334,128160,4798,15217,119072,138,19231,565,1,51810,0.0009990000000001942
62503000,-474,26325,129411,2011,11979,117970,109,19230,446,1,51811,0.0010000000000047748
62504000,8557,7761,125451,3268,-5200,128826,101,19230,414,1,51812,0.0009999999999976694
62505000,10364,-5105,126214,6064,-17110,128166,117,19225,414,0,51813,0.0009999999999976694
62506000,14567,-8621,127798,15529,-16987,127782,101,19228,479,0,51814,0.0010000000000047748
62507000,6196,5064,128383,-2860,8163,120650,101,19229,414,0,51815,0.0009999999999976694
62508000,2382,5128,131769,-7783,174,133459,110,19224,451,1,51816,0.0009999999999976694
62509000,3728,7529,130504,10149,8748,126171,106,19228,434,1,51817,0.0010000000000047748
62510000,-1560,2298,128210,-494,-4787,132678,101,19232,414,1,51818,0.0009999999999976694
62511000,6864,-6032,128838,-8760,1699,118226,124,19232,414,0,51819,0.0009999999999976694
62512000,9854,-4180,129454,15341,-11887,133217,106,19226,508,0,51820,0.0010000000000047748
62513000,6348,-13008,128695,18123,-10513,136496,106,19229,434,0,51821,0.0009999999999976694
62514000,-349,-878,129186,-29212,-569,124263,106,19226,434,0,51822,0.0009999999999976694
62515000,-2717,13854,133808,-4149,11414,122267,145,19225,594,1,51823,0.0010000000000047748
62516000,-4297,13623,132048,10365,3213,129250,111,19234,455,1,51824,0.0009999999999976694
62517000,-3573,-1555,129708,-16897,-7434,132505,97,19234,455,1,51825,0.0009999999999976694
62518000,994,-13289,128683,-12961,-19997,131610,127,19227,397,0,51826,0.0010000000000047748
62519000,3386,525,129351,9321,2933,123567,127,19233,520,0,51827,0.0009999999999976694
62520003,-1087,6853,132858,-6691,1664,130697,109,19228,446,0,51828,0.0010029999999972006
62521000,-6472,2344,130330,-19606,4286,126330,115,19225,471,1,51829,0.0009969999999981383
62522000,-11957,4291,129207,-12801,-3520,136650,117,19226,479,1,51830,0.0010000000000047748
62523000,-7793,14127,129703,-8263,19884,118667,104,19226,479,1,51831,0.0009999999999976694
62524001,-3324,14256,129192,-5778,6889,119540,115,19228,426,1,51832,0.00100100000000225
62525001,-1400,-12408,126973,-10558,-18755,139841,115,19218,471,0,51833,0.0009999999999976694
62526000,-2051,-6844,126161,-5653,-4919,126595,103,19229,422,0,51834,0.0009990000000001942
62527000,-2175,3495,128357,-7085,3990,125910,107,19223,438,0,51835,0.0009999999999976694
62528000,-7213,10531,127401,-4884,12759,121480,136,19224,557,1,51836,0.0010000000000047748
62529000,-9162,6756,128337,-13870,-751,128866,116,19224,557,1,51837,0.0009999999999976694
62530000,-3818,-3723,125722,-10086,-4077,131092,101,19230,475,1,51838,0.0009999999999976694
62531001,-164,7037,127231,6327,4193,121570,101,19228,414,0,51839,0.00100100000000225
62532000,-745,4229,125426,-3785,-430,124734,122,19232,500,0,51840,0.0009990000000001942
62533000,-287,-3570,123431,-7277,-4983,127683,105,19230,430,0,51841,0.0009999999999976694
62534000,-971,369,125306,2821,-1002,125935,109,19225,446,1,51842,0.0010000000000047748
62535000,-2955,18631,128800,-7832,15184,122656,134,19225,446,1,51843,0.0009999999999976694
62536000,-698,15278,123752,-2675,12591,118650,101,19231,549,1,51844,0.0009999999999976694
62537000,4218,3190,127380,1197,-1389,130645,101,19232,414,1,51845,0.0010000000000047748
62538000,11646,-3792,120657,4663,-8781,125709,107,19227,438,0,51846,0.0009999999999976694
62539000,10092,2177,126484,6874,-4743,125054,93,19229,381,0,51847,0.0009999999999976694
62540001,5287,-280,127019,5075,-4218,126632,108,19228,442,0,51848,0.00100100000000225
62541000,2684,-2312,126023,653,-5215,127353,131,19228,537,1,51849,0.0009990000000001942
62542000,950,5487,126807,2564,7470,121662,114,19227,537,1,51850,0.0009999999999976694
62543002,5117,9533,125654,7013,6964,124610,99,19230,467,1,51851,0.0010019999999997253
62544003,10190,6491,124645,3795,1374,119135,99,19228,405,0,51852,0.00100100000000225
62545002,12063,1953,127705,3962,-12061,132068,146,19232,598,0,51853,0.0009990000000001942
62546000,10801,-16603,126066,16561,-12502,139977,102,19230,418,0,51854,0.000998000000002719
62547001,2981,-6897,130428,1852,-3171,123281,103,19230,422,0,51855,0.0010009999999951447
62548000,3492,3619,128881,-9427,6984,128159,123,19226,422,1,51856,0.0009990000000001942
62549000,-2054,19509,131262,7418,15889,118278,109,19237,504,1,51857,0.0010000000000047748
62550000,3244,11553,128020,-6490,-16263,135330,109,19232,446,1,51858,0.0009999999999976694
62551001,9459,-7914,128191,6665,-12661,129275,108,19219,442,0,51859,0.00100100000000225
62552001,7154,-3207,127453,12206,-3536,125814,96,19233,393,0,51860,0.0009999999999976694
62553000,9152,3584,129407,-4618,-7486,129955,104,19233,426,0,51861,0.0009990000000001942
62554002,134,336,132333,-12333,-1165,131219,123,19231,426,1,51862,0.0010019999999997253
62555001,-2910,-3670,133279,2493,-5355,139343,115,19217,504,1,51863,0.0009990000000001942
62556000,-9006,3676,130703,-7082,7443,118561,115,19230,471,1,51864,0.0009990000000001942
62557000,-2398,5150,130308,-21006,-5851,129627,97,19228,397,1,51865,0.0009999999999976694
62558000,2090,-6622,130324,11143,-9837,139171,138,19227,565,0,51866,0.0010000000000047748
62559000,2506,-2730,126395,-4402,-208,122576,112,19226,459,0,51867,0.0009999999999976694
62560000,-6146,5999,131470,-19911,5529,133862,115,19226,459,0,51868,0.0009999999999976694
62561001,-7625,1874,128835,-4464,-118,128004,146,19225,471,1,51869,0.00100100000000225
62562003,-8950,2718,130246,-8680,-1709,139335,146,19224,598,1,51870,0.0010019999999997253
62563000,-10314,6592,129305,-14011,8858,119237,113,19228,463,1,51871,0.0009969999999981383
62564000,-3193,11938,130315,-8251,2376,123205,105,19222,430,0,51872,0.0010000000000047748
62565000,-2804,-1800,126103,-6566,-9401,134933,133,19232,545,0,51873,0.0009999999999976694
62566000,709,-4603,127003,-4208,-5790,127451,102,19232,545,0,51874,0.0009999999999976694
62567000,-2735,-1361,126309,-10914,-385,128242,118,19234,418,0,51875,0.0010000000000047748
62568000,-8450,13583,128031,-13233,15116,113118,118,19222,483,1,51876,0.0009999999999976694
62569000,-3625,12453,128586,-10991,-4724,131942,115,19227,471,1,51877,0.0009999999999976694
62570000,-4630,4350,127417,5821,-2647,126744,105,19228,430,1,51878,0.0010000000000047748
62571000,-2441,5164,122896,-14134,6839,118115,132,19231,541,0,51879,0.0009999999999976694
62572000,1316,2384,128753,-34,482,127224,102,19231,541,0,51880,0.0009999999999976694
62573000,3351,2859,123690,7919,747,122515,110,19229,418,0,51881,0.0010000000000047748
62574000,1224,-8581,124765,-10573,-8921,139460,110,19230,451,1,51882,0.0009999999999976694
62575000,-5458,5436,126681,-3129,13714,115439,155,19224,635,1,51883,0.0009999999999976694
62576000,1824,18886,127399,-3400,12256,121867,113,19230,463,1,51884,0.0010000000000047748
62577000,6219,1465,124783,9677,-3752,128959,99,19227,405,0,51885,0.0009999999999976694
62578000,6865,-5315,122686,6080,-13142,124500,96,19227,405,0,51886,0.0009999999999976694
62579000,7521,-5174,122801,-3179,-9559,123943,110,19228,393,0,51887,0.0010000000000047748
62580000,5051,5407,126823,8840,1684,122016,110,19226,451,0,51888,0.0009999999999976694
62581000,3789,-2699,129191,5338,-9015,135048,119,19220,487,1,51889,0.0009999999999976694
62582000,2727,12688,128001,-6279,9262,117658,109,19228,446,1,51890,0.0009999999999976694
62583000,5398,8646,127229,4550,3232,129757,103,19231,422,1,51891,0.0010000000000047748
62584000,12168,-1799,124628,16000,-2780,126437,121,19231,496,0,51892,0.0009999999999976694
62585000,9155,8363,126581,2167,2820,118466,95,19225,496,0,51893,0.0009999999999976694
62586000,6768,-13095,126217,6651,-17334,137043,95,19230,389,0,51894,0.0010000000000047748
62587000,6686,-8024,127117,1211,-10762,126771,103,19232,422,1,51895,0.0009999999999976694
62588000,2251,9686,131021,1717,7664,127082,135,19233,553,1,51896,0.0009999999999976694
62589000,1410,11685,129360,1387,7996,123214,113,19231,463,1,51897,0.0010000000000047748
62590000,2657,-405,127730,-5017,-4442,131524,101,19231,414,1,51898,0.0009999999999976694
62591000,8646,-8650,128140,6207,-15271,132005,147,19228,414,0,51899,0.0009999999999976694
62592002,8941,-9070,129109,10856,-6872,128034,104,19230,602,0,51900,0.0010019999999997253
62593000,5164,-5500,132467,5924,6207,126238,104,19229,426,0,51901,0.000998000000002719
62594000,-80,3769,129668,-15113,6321,122854,108,19220,442,1,51902,0.0009999999999976694
62595000,-3632,7210,131513,-10904,-729,140361,128,19228,524,1,51903,0.0010000000000047748
62596000,-7957,2334,132002,4796,-3280,125174,104,19228,426,1,51904,0.0009999999999976694
62597000,-4791,570,128023,-15187,-14419,131871,113,19232,426,0,51905,0.0009999999999976694
62598000,78,-5965,129631,-8448,-3955,127236,94,19221,463,0,51906,0.0010000000000047748
62599000,2106,7539,130542,6931,807,122326,94,19227,385,0,51907,0.0009999999999976694
62600000,33,4032,131146,-8941,-4192,134698,110,19229,451,0,51908,0.0009999999999976694
62601000,-10112,2046,130429,-22233,839,126759,139,19224,569,1,51909,0.0010000000000047748
62602000,-7709,5261,130660,-11318,3656,129014,115,19230,471,1,51910,0.0009999999999976694
62603000,-4609,9185,129926,-2462,7371,123980,100,19230,471,1,51911,0.0009999999999976694
62604000,-2720,3131,129420,-6800,-13063,132313,157,19225,410,0,51912,0.0010000000000047748
62605000,-4063,894,124905,-7425,1208,116993,157,19227,643,0,51913,0.0009999999999976694
62606000,-2777,991,126718,-8054,2147,126994,111,19228,455,0,51914,0.0009999999999976694
62607000,-856,1227,129726,-1950,-1725,129253,112,19225,459,1,51915,0.0010000000000047748
62608000,-5425,13906,126814,-12248,10913,118665,135,19233,553,1,51916,0.0009999999999976694
62609000,-8573,2931,129128,-14101,-2172,133131,111,19233,553,1,51917,0.0009999999999976694
62610000,-1393,9754,127600,-887,3976,120892,112,19231,455,1,51918,0.0010000000000047748
62611000,3988,303,124051,683,-10102,131407,112,19218,459,0,51919,0.0009999999999976694
62612001,451,1453,126339,-3519,898,116179,95,19231,389,0,51920,0.00100100000000225
62613000,313,6089,124583,-9478,-2444,126482,112,19231,459,0,51921,0.0009990000000001942
62614000,-424,9969,127598,1377,8181,124635,130,19222,532,1,51922,0.0009999999999976694
62615000,-2930,13026,126140,-550,9087,123396,113,19222,532,1,51923,0.0009999999999976694
62616000,1532,4382,125484,-5471,-15,128272,95,19230,463,1,51924,0.0010000000000047748
62617001,5334,19691,123952,11459,12530,112120,95,19232,389,0,51925,0.0010009999999951447
62618000,10268,-6663,121300,4285,-9715,131315,127,19232,520,0,51926,0.0009990000000001942
62619000,11598,-7020,127513,2999,-6104,124255,112,19226,459,0,51927,0.0010000000000047748
62620000,6232,1537,126735,11598,-2055,125146,113,19225,463,0,51928,0.0009999999999976694
62621000,3437,3004,127867,-2117,4674,126287,130,19225,463,1,51929,0.0009999999999976694
62622000,1346,8809,128056,-761,-450,123734,105,19228,532,1,51930,0.0010000000000047748
62623000,8478,489,125910,11145,-6357,128961,105,19230,430,1,51931,0.0009999999999976694
62624000,8111,3003,125781,2534,2156,117219,100,19226,410,0,51932,0.0009999999999976694
62625000,9244,10338,131395,5437,672,128944,102,19234,418,0,51933,0.0010000000000047748
62626001,6339,-12629,124847,15057,-18977,134205,107,19228,438,0,51934,0.0010009999999951447
62627001,1731,-6462,128634,-4080,-8245,129484,119,19228,438,1,51935,0.0010000000000047748
62628000,-210,8211,131768,-616,7658,128016,110,19220,487,1,51936,0.0009990000000001942
62629001,291,21536,130635,2674,20027,120162,110,19230,451,1,51937,0.0010009999999951447
62630000,7075,2394,128834,-520,-3444,129905,97,19232,397,1,51938,0.0009990000000001942
62631000,8803,-15697,125931,8170,-22239,133431,133,19226,545,0,51939,0.0010000000000047748
62632001,9404,-5480,128641,8625,-7731,126362,102,19230,418,0,51940,0.0010009999999951447
62633000,3677,-7327,129914,-3738,-10118,133999,104,19230,426,0,51941,0.0009990000000001942
62634000,3476,8419,134301,-11890,6900,124638,148,19227,426,1,51942,0.0010000000000047748
62635000,-7224,10097,132758,1548,7399,127768,107,19224,606,1,51943,0.0009999999999976694
62636000,-10731,-2516,128929,-6121,-7156,133033,107,19234,438,1,51944,0.0009999999999976694
62637000,702,-11112,129260,-13770,-14958,134565,98,19221,401,0,51945,0.0010000000000047748
62638000,-4352,-3565,129700,-471,3531,121908,111,19233,455,0,51946,0.0009999999999976694
62639000,3123,10689,132114,-3023,5779,126362,108,19233,442,0,51947,0.0009999999999976694
62640000,-8703,-8861,131424,-13163,-945,138347,122,19228,442,1,51948,0.0010000000000047748
62641000,-9333,-1043,130729,-13758,4213,120078,112,19221,500,1,51949,0.0009999999999976694
62642000,-9412,10799,128296,-10588,1701,129087,112,19229,459,1,51950,0.0009999999999976694
62643001,-7325,11664,130816,-14361,11602,123255,101,19232,414,1,51951,0.00100100000000225
62644000,-740,8420,128779,-6890,-12286,129375,126,19221,516,0,51952,0.0009990000000001942
62645000,-5139,-11381,124296,-3152,-11699,132093,96,19221,393,0,51953,0.0009999999999976694
62646000,1157,4912,128541,-13110,2578,120877,104,19228,393,0,51954,0.0009999999999976694
62647000,-4005,11956,127834,-5071,-1631,127287,148,19225,426,1,51955,0.0010000000000047748
62648002,-6465,10534,126362,-13560,8823,122214,148,19229,606,1,51956,0.0010019999999997253
62649000,-6760,10206,129985,-11592,4974,128774,115,19226,471,1,51957,0.0009979999999956135
62650000,-1129,4394,125525,2540,5757,120950,101,19230,414,0,51958,0.0010000000000047748
62651001,2404,-2912,124550,-4251,-12519,129149,115,19231,471,0,51959,0.0010009999999951447
62652000,-1053,-6320,124119,-7932,-4579,137618,105,19231,471,0,51960,0.0009990000000001942
62653000,5465,7720,123563,-1680,9134,112910,116,19228,430,0,51961,0.0010000000000047748
62654000,-3777,12829,128039,4642,8295,130544,116,19222,475,1,51962,0.0009999999999976694
62655000,-1775,7898,126228,-9411,2388,122793,129,19227,528,1,51963,0.0009999999999976694
62656001,1235,9060,124543,-376,4388,126030,99,19232,405,1,51964,0.00100100000000225
62657000,6795,5286,125649,10385,-3625,125064,111,19226,455,0,51965,0.0009990000000001942
62658000,10354,2986,123224,6414,-975,117477,107,19226,455,0,51966,0.0009999999999976694
62659000,5962,-404,126266,1693,-11763,138226,115,19226,438,0,51967,0.0010000000000047748
62660000,6925,-10631,123863,4825,-3723,125575,115,19228,471,1,51968,0.0009999999999976694
62661000,1602,7834,128426,-271,9858,124539,145,19227,594,1,51969,0.0009999999999976694
62662000,4404,19799,126386,2778,14034,118319,116,19232,475,1,51970,0.0010000000000047748
62663000,9020,6813,125338,8294,-5865,124875,97,19228,397,1,51971,0.0009999999999976694
62664001,10419,-3609,127143,3426,-5345,131616,135,19228,397,0,51972,0.00100100000000225
62665000,14360,-5226,126413,9035,-10118,126744,101,19236,553,0,51973,0.0009990000000001942
62666000,4721,-5379,129082,11300,-7144,131331,101,19232,414,0,51974,0.0009999999999976694
62667000,4633,4425,131287,-8189,-144,128868,106,19224,434,1,51975,0.0009999999999976694
62668000,-1200,7660,128377,-1962,8802,130722,115,19228,471,1,51976,0.0010000000000047748
62669000,840,13340,131004,7730,13105,122066,105,19232,430,1,51977,0.0009999999999976694
62670001,8381,721,127862,-2263,-7840,126805,114,19232,430,0,51978,0.00100100000000225
62671000,9200,-10380,128945,8729,-11990,130114,89,19216,467,0,51979,0.0009990000000001942
62672002,10591,-5663,130352,11524,-13216,136273,89,19229,365,0,51980,0.0010019999999997253
62673000,-1786,-5087,128021,-13617,-1582,125027,103,19232,422,0,51981,0.0009979999999956135
62674000,555,20652,135027,-13653,15416,124680,128,19219,524,1,51982,0.0010000000000047748
62675000,-9816,-3914,130523,5164,-5576,134014,114,19232,467,1,51983,0.0009999999999976694
62676000,-2193,1015,131974,-10157,-3993,122343,97,19232,397,1,51984,0.0009999999999976694
62677000,349,-2658,128755,-17858,-8523,137925,151,19227,397,0,51985,0.0010000000000047748
62678000,2261,1104,129011,12046,1819,122221,106,19235,618,0,51986,0.0009999999999976694
62679000,621,2818,130433,1673,-4201,127580,106,19228,434,0,51987,0.0009999999999976694
62680000,-8284,-9178,129969,-24392,-8755,137392,110,19222,451,1,51988,0.0010000000000047748
62681000,-10198,5782,132332,-11639,2964,129520,135,19231,553,1,51989,0.0009999999999976694
62682000,-9068,6852,130224,-5256,3706,123070,111,19231,455,1,51990,0.0009999999999976694
62683001,-2162,8646,129367,-10760,6057,125398,107,19232,455,1,51991,0.00100100000000225
62684000,-4977,-8141,126078,-8063,-12587,134672,131,19222,438,0,51992,0.0009990000000001942
62685000,-1239,-5602,124643,-6612,10301,119116,131,19230,537,0,51993,0.0009999999999976694
62686000,-2814,9926,129788,-2915,-1084,130696,102,19232,418,0,51994,0.0010000000000047748
62687001,-6637,-2163,127111,-7261,12105,124960,122,19225,500,1,51995,0.0010009999999951447
62688000,-8167,7255,128034,-16932,1671,125100,116,19225,475,1,51996,0.0009990000000001942
62689000,-5699,4861,127151,-13286,4109,128043,105,19229,475,1,51997,0.0010000000000047748
62690000,626,10221,126846,10143,2290,120259,142,19233,430,0,51998,0.0009999999999976694
62691000,-2985,400,123539,-13145,-7578,127733,142,19233,582,0,51999,0.0009999999999976694
62692000,2893,5,125343,-1827,-623,125540,108,19224,442,0,52000,0.0010000000000047748
62693000,-1713,2478,125616,6823,-263,126163,109,19226,446,0,52001,0.0009999999999976694
62694000,184,12687,126082,-11037,15933,122053,149,19227,610,1,52002,0.0009999999999976694
62695000,-696,9688,126385,-1496,5488,125775,109,19227,610,1,52003,0.0010000000000047748
62696000,5972,606,122482,5220,2053,126208,101,19233,446,1,52004,0.0009999999999976694
62697001,10768,4195,123606,4924,518,120011,101,19224,414,0,52005,0.00100100000000225
62698001,7728,2223,124346,3543,-10915,125926,85,19231,348,0,52006,0.0009999999999976694
62699000,8865,-999,123937,13361,705,125354,109,19228,446,0,52007,0.0009990000000001942
62700000,1167,-7067,127385,-1976,-3348,128594,121,19229,496,1,52008,0.0009999999999976694
62701000,4171,5421,129336,-1267,4904,125790,113,19229,496,1,52009,0.0010000000000047748
62702000,3151,12334,127057,15678,11276,119566,101,19229,463,1,52010,0.0009999999999976694
62703000,7179,5613,126071,-1283,3155,126996,101,19231,414,0,52011,0.0009999999999976694
62704000,13018,-7662,125540,170,-8139,131114,130,19227,532,0,52012,0.0010000000000047748
62705000,7573,-11978,126236,22689,-15301,132589,105,19228,430,0,52013,0.0009999999999976694
62706000,4745,-7254,127772,2717,-11771,127176,105,19228,430,0,52014,0.0009999999999976694
62707000,-162,9049,129873,-12529,10612,121555,139,19228,430,1,52015,0.0009999999999976694
62708002,3673,13553,132155,5957,4622,133499,113,19228,569,1,52016,0.0010020000000068308
62709000,2437,6013,128398,5859,-620,122624,113,19232,463,1,52017,0.0009979999999956135
62710000,4178,1046,129528,-6578,-17069,133381,105,19221,430,0,52018,0.0009999999999976694
62711000,9529,-5802,125560,13666,-5373,123388,121,19233,496,0,52019,0.0010000000000047748
62712000,5285,-7208,129367,15719,-9203,136140,103,19228,422,0,52020,0.0009999999999976694
62713001,2385,-10437,132076,-24824,-3671,129960,112,19228,422,1,52021,0.00100100000000225
62714000,-4854,22613,134730,-3850,20520,117206,113,19223,459,1,52022,0.0009990000000001942
62715000,-7400,1056,129746,6999,-7575,139015,113,19232,463,1,52023,0.0009999999999976694
62716001,-4612,-11461,127841,-18946,-12656,130347,101,19231,414,1,52024,0.00100100000000225
62717008,825,-13234,128644,-9242,-15620,137099,120,19227,491,0,52025,0.0010070000000013124
62718000,2979,8934,131078,11512,5139,117147,96,19230,393,0,52026,0.0009919999999965512
62719000,-4161,14040,131305,-11517,6169,126672,107,19230,393,0,52027,0.0009999999999976694
62720000,-6708,778,129922,-24104,-4623,135375,145,19225,438,1,52028,0.0010000000000047748
62721000,-12168,-5920,128566,-5061,-7301,132577,145,19228,594,1,52029,0.0009999999999976694
62722001,-8972,13915,132415,-4467,10791,121126,113,19231,463,1,52030,0.00100100000000225
62723000,-2493,21612,129696,-15539,15056,116783,99,19228,405,0,52031,0.0009990000000001942
62724000,-3501,-11053,125289,-5712,-15931,136901,165,19232,676,0,52032,0.0009999999999976694
62725000,-600,-7975,125016,-4382,-7802,127457,104,19232,426,0,52033,0.0009999999999976694
62726000,-3143,9951,127234,-11364,8090,119867,111,19232,426,0,52034,0.0010000000000047748
62727000,-6163,10553,128299,-4965,7783,122549,123,19223,455,1,52035,0.0009999999999976694
62728000,-4717,5193,128335,-13885,-987,130944,123,19231,504,1,52036,0.0009999999999976694
62729000,-3842,2210,126334,-8287,196,120261,105,19232,430,1,52037,0.0010000000000047748
62730000,519,9178,124908,6829,5469,123879,117,19229,479,0,52038,0.0009999999999976694
62731000,14,4412,125417,-2454,1736,123263,98,19229,401,0,52039,0.0009999999999976694
62732000,2012,-722,123917,-8318,-1240,129167,108,19228,401,0,52040,0.0010000000000047748
62733000,-299,6298,129505,1470,3916,126062,135,19223,442,1,52041,0.0009999999999976694
62734000,-2199,7399,125812,-1576,19724,115635,135,19219,553,1,52042,0.0009999999999976694
62735000,-2735,13079,127192,-6651,12,128110,111,19232,455,1,52043,0.0010000000000047748
62736000,5606,-2202,123247,2831,-5231,128692,93,19228,381,0,52044,0.0009999999999976694
62737000,8377,3956,124302,5503,2110,120548,121,19232,496,0,52045,0.0009999999999976694
62738000,8496,3265,124142,2937,-5936,122997,121,19232,496,0,52046,0.0010000000000047748
62739000,7504,-269,126218,7398,-6407,128084,119,19228,496,0,52047,0.0009999999999976694
62740000,4411,1624,127757,3241,-10269,129299,119,19223,487,1,52048,0.0009999999999976694
62741000,1829,8498,128551,149,7470,122385,126,19229,516,1,52049,0.0010000000000047748
62742001,6164,11126,127746,6289,4249,124778,104,19232,426,1,52050,0.0010009999999951447
62743000,9691,4644,125406,6792,1703,120732,109,19221,446,0,52051,0.0009990000000001942
62744000,10563,1992,126448,3872,-9453,132683,85,19221,446,0,52052,0.0010000000000047748
62745001,10077,-18308,125820,15377,-19278,134103,101,19228,348,0,52053,0.0010009999999951447
62746000,3707,1597,129318,-6906,11414,122571,101,19231,414,1,52054,0.0009990000000001942
62747000,4998,7046,129901,-5374,4906,126086,121,19226,496,1,52055,0.0010000000000047748
62748000,751,9657,130610,13425,4604,127507,110,19225,451,1,52056,0.0009999999999976694
62749000,1477,4662,129307,-6992,-10666,131568,98,19227,401,1,52057,0.0009999999999976694
62750000,7350,-8188,126823,1349,-10672,126587,145,19227,401,0,52058,0.0010000000000047748
62751000,7568,4827,132465,23399,-3709,125766,103,19230,594,0,52059,0.0009999999999976694
62752000,5251,-15114,128832,-5922,-17552,136274,103,19228,422,0,52060,0.0009999999999976694
62753000,-781,4164,133703,-23157,2390,127145,104,19223,426,1,52061,0.0010000000000047748
62754000,-3779,7651,133367,8471,1152,130557,137,19235,561,1,52062,0.0009999999999976694
62755002,-10756,9288,129235,-2530,8103,123391,103,19233,422,1,52063,0.0010019999999997253
62756006,-1354,856,129814,-23628,-11236,131123,102,19233,422,0,52064,0.0010040000000017812
62757003,-151,-15382,125848,6348,-18352,132439,95,19221,418,0,52065,0.0009969999999981383
62758000,6077,10711,133130,-1024,10974,120077,95,19231,389,0,52066,0.0009969999999981383
62759000,-2896,4411,130226,-14316,-1183,131544,108,19227,442,0,52067,0.0010000000000047748
62760003,-6342,-5296,130894,-14131,-4173,133964,129,19218,528,1,52068,0.0010029999999972006
62761002,-6906,5190,128394,-9661,3082,130710,115,19227,471,1,52069,0.0009990000000001942
62762000,-7991,7939,128570,-9875,9243,126516,100,19227,410,1,52070,0.000998000000002719
62763003,-1804,10958,130521,-5082,4990,120283,133,19233,410,0,52071,0.0010029999999972006
62764001,-6521,-4887,126079,-10841,-9526,134116,133,19222,545,0,52072,0.000998000000002719
62765000,-738,-4374,127075,-9176,-4623,125679,109,19232,446,0,52073,0.0009990000000001942
62766000,-3701,7636,128794,-1311,4703,128197,109,19229,446,1,52074,0.0009999999999976694
62767000,-5219,5094,125637,-11764,7996,125783,146,19225,598,1,52075,0.0009999999999976694
62768000,-9499,11808,127840,-15981,8062,118940,113,19225,463,1,52076,0.0010000000000047748
62769001,-496,121,126401,-6951,-3255,132123,102,19231,463,1,52077,0.0010009999999951447
62770000,3304,-1273,126258,7239,-5356,120564,90,19225,418,0,52078,0.0009990000000001942
62771000,-663,-901,125680,-4083,-5762,128554,90,19229,369,0,52079,0.0009999999999976694
62772000,1593,3896,126607,-8408,1680,126981,109,19232,446,0,52080,0.0010000000000047748
62773000,-1547,10228,125991,2310,6877,120056,121,19218,496,1,52081,0.0009999999999976694
62774000,-1719,7261,125431,-5539,5752,133306,111,19218,455,1,52082,0.0009999999999976694
62775000,-2762,15490,125099,-5472,12207,117683,95,19230,455,1,52083,0.0010000000000047748
62776002,6420,9605,123694,5643,9388,126574,121,19228,389,0,52084,0.0010019999999997253
62777000,9872,-5418,122605,7972,-9830,126251,121,19233,496,0,52085,0.0009979999999956135
62778000,9158,-7816,123970,2483,-10773,129876,104,19229,426,0,52086,0.0010000000000047748
62779001,7463,5702,127263,4666,8642,116831,113,19226,463,0,52087,0.0010009999999951447
62780000,2727,6893,127612,4343,-5383,129561,150,19226,614,1,52088,0.0009990000000001942
62781000,2604,973,128198,1159,6489,130672,112,19226,614,1,52089,0.0010000000000047748
62782003,4966,4838,125037,1840,-1424,121090,97,19230,459,1,52090,0.0010029999999972006
62783002,11853,4278,125570,3772,4050,124664,97,19222,397,0,52091,0.0009990000000001942
62784000,8562,5964,129090,14964,-9890,126362,120,19230,491,0,52092,0.000998000000002719
62785000,7995,-11795,124576,1192,-22100,131800,104,19232,426,0,52093,0.0009999999999976694
62786000,5404,710,129209,-3580,8185,126465,113,19220,463,1,52094,0.0009999999999976694
62787000,620,15261,133753,4141,7652,124348,108,19220,463,1,52095,0.0010000000000047748
62788000,1795,12203,129404,4901,-1004,126729,102,19229,442,1,52096,0.0009999999999976694
62789000,1596,-1852,130519,-8532,-14064,136711,102,19228,418,1,52097,0.0009999999999976694
62790000,10262,-17672,125550,8402,-10652,129158,122,19222,500,0,52098,0.0010000000000047748
62791000,9128,3693,129369,14368,11024,118210,96,19233,393,0,52099,0.0009999999999976694
62792000,5393,3190,128974,-19213,-6993,131703,103,19229,422,0,52100,0.0009999999999976694
62793000,5772,7862,132874,-718,7677,125784,138,19229,422,1,52101,0.0010000000000047748
62794000,-7749,-917,131719,-127,-5471,134356,113,19225,565,1,52102,0.0009999999999976694
62795004,-6855,-1795,131947,-8675,-2846,130791,113,19230,463,1,52103,0.0010040000000017812
62796001,-3557,-386,130963,-9891,-5079,127517,97,19227,397,0,52104,0.0009969999999981383
62797001,132,-6689,128340,-3313,-10335,133993,143,19228,586,0,52105,0.0009999999999976694
62798000,1681,5565,130891,-3258,5125,123461,115,19227,471,0,52106,0.0009990000000001942
62799000,-6257,4685,130524,-12912,2540,125533,116,19227,471,0,52107,0.0010000000000047748
62800000,-4554,6805,132051,-6889,-231,132863,122,19220,475,1,52108,0.0009999999999976694
62801000,-8651,2958,130956,-10627,-590,129529,122,19227,500,1,52109,0.0009999999999976694
62802000,-6579,4096,129136,-12223,3198,129632,107,19226,438,1,52110,0.0010000000000047748
62803000,-3713,5152,128928,-7234,-5490,125551,115,19216,471,0,52111,0.0009999999999976694
62804000,-4856,-8946,125502,-6733,-14127,135921,89,19232,365,0,52112,0.0009999999999976694
62805000,1748,16914,128954,-2445,12090,116530,100,19232,365,0,52113,0.0010000000000047748
62806000,-5868,3337,125911,-13371,-253,128482,129,19230,410,1,52114,0.0009999999999976694
62807000,-4552,5320,129364,-5575,4137,126826,129,19225,528,1,52115,0.0009999999999976694
62808000,-4985,5414,126427,-7286,6357,121856,119,19230,487,1,52116,0.0010000000000047748
62809001,-1048,7441,126026,-3535,7026,129622,103,19229,422,0,52117,0.0010009999999951447
62810000,-2794,-614,124516,-4487,-7604,122985,132,19231,541,0,52118,0.0009990000000001942
62811001,3492,-8480,121613,-10560,-8213,127746,104,19231,426,0,52119,0.00100100000000225
62812000,4222,8126,128337,7643,3978,117382,108,19228,426,0,52120,0.0009990000000001942
62813000,-1103,3800,125576,2088,-2925,130009,145,19224,442,1,52121,0.0009999999999976694
62814000,-4819,8791,126760,-13915,5020,126288,145,19231,594,1,52122,0.0010000000000047748
62815000,-165,8091,126571,-1153,3441,122719,107,19233,438,1,52123,0.0009999999999976694
62816000,8284,1981,125720,14446,-1060,127062,104,19227,426,0,52124,0.0009999999999976694
62817000,5497,7421,123835,3602,-2300,118969,90,19227,369,0,52125,0.0010000000000047748
62818001,7219,-6564,124275,-1804,-13026,131639,110,19225,369,0,52126,0.0010009999999951447
62819000,6394,-842,125349,11770,-2737,123283,128,19221,451,1,52127,0.0009990000000001942
62820002,1830,11744,128916,4047,10021,120794,128,19225,524,1,52128,0.0010019999999997253
62821001,4395,7151,126947,-6252,3353,123365,116,19230,475,1,52129,0.0009990000000001942
62822000,6951,-4991,126015,5713,-9543,128834,98,19230,401,1,52130,0.0009990000000001942
62823000,11292,-2222,123537,10258,-4936,121706,141,19230,577,0,52131,0.0010000000000047748
62824000,10420,2040,126883,6931,-1852,127436,101,19231,577,0,52132,0.0009999999999976694
62825000,7108,-6768,127520,9412,-10903,130979,103,19230,414,0,52133,0.0009999999999976694
62826000,6876,-2438,129214,-3571,2810,130208,103,19227,422,1,52134,0.0010000000000047748
62827000,-2439,14137,131538,-110,6374,124788,129,19228,528,1,52135,0.0009999999999976694
62828003,-104,10380,130028,2784,10870,119195,109,19231,446,1,52136,0.0010029999999972006
62829000,4499,-3894,127533,-1064,-12437,133889,105,19223,430,0,52137,0.0009970000000052437
62830004,11572,-17682,126388,9097,-14644,133035,111,19223,430,0,52138,0.0010039999999946758
62831000,9860,-380,128796,13006,-607,124023,104,19232,455,0,52139,0.000996000000000663
62832000,1133,3955,130325,-20776,4911,124679,104,19227,426,0,52140,0.0009999999999976694
62833000,-531,8240,134285,-3808,4614,129777,119,19218,487,1,52141,0.0010000000000047748
62834000,-6002,-1251,132183,2767,-10718,136126,107,19231,438,1,52142,0.0009999999999976694
62835002,-5002,-3844,130240,-13925,-7130,127278,96,19232,393,1,52143,0.0010019999999997253
62836002,-3105,-163,129365,-10284,-4103,126089,129,19232,393,0,52144,0.0010000000000047748
62837000,1052,3647,130080,4789,4640,124670,102,19227,528,0,52145,0.0009979999999956135
62838000,-617,908,131071,-2705,-3233,133883,102,19229,418,0,52146,0.0009999999999976694
62839000,-5476,-6941,129060,-17440,-9651,134287,108,19225,442,1,52147,0.0010000000000047748
62840002,-12411,8942,130477,-18073,18267,120951,147,19231,602,1,52148,0.0010019999999997253
62841000,-7073,11629,131257,-5933,10102,125239,110,19232,451,1,52149,0.0009979999999956135
62842000,-2541,3047,130153,-1447,-2728,133874,102,19232,451,1,52150,0.0010000000000047748
62843000,-2713,-9476,125088,-13409,-12841,131778,150,19224,418,0,52151,0.0009999999999976694
62844000,-3143,-3420,125035,-7413,1180,120825,150,19228,614,0,52152,0.0009999999999976694
62845000,-732,16952,129785,-4066,7462,122603,104,19230,426,0,52153,0.0010000000000047748
62846000,-3137,4340,127354,-7060,38,128247,112,19218,459,1,52154,0.0009999999999976694
62847000,-10843,4498,129425,-13576,-4601,129182,110,19228,451,1,52155,0.0009999999999976694
62848000,-7252,10418,127617,-12566,4830,120252,105,19228,451,1,52156,0.0010000000000047748
62849000,-1614,15444,128462,3975,9933,122332,127,19230,430,0,52157,0.0009999999999976694
62850000,1688,-6507,124971,-2745,-13735,131366,127,19227,520,0,52158,0.0009999999999976694
62851000,2244,-6536,123061,-1528,-8432,125184,101,19228,414,0,52159,0.0010000000000047748
62852000,-3528,11287,128266,-7175,7286,124477,105,19229,430,0,52160,0.0009999999999976694
62853000,-519,7037,125075,-3231,13644,118560,144,19227,590,1,52161,0.0009999999999976694
62854004,-4857,10331,129356,-3411,3108,130695,112,19227,459,1,52162,0.0010040000000017812
62855001,4481,37,121701,-6465,-1986,127423,95,19232,459,1,52163,0.0009969999999981383
62856000,6943,5559,121898,17483,-337,120110,95,19225,389,0,52164,0.0009990000000001942
62857000,8195,5699,126151,5546,-7370,119103,106,19229,434,0,52165,0.0010000000000047748
62858000,9829,-2970,123089,737,-5241,127641,110,19230,451,0,52166,0.0009999999999976694
62859000,3181,-3853,130052,10201,-7236,132098,116,19221,475,1,52167,0.0009999999999976694
62860000,3895,5932,127030,-2263,5422,122427,114,19221,467,1,52168,0.0010000000000047748
62861000,-105,13642,126757,-1951,7909,122115,101,19229,467,1,52169,0.0009999999999976694
62862000,7395,-2442,125998,14208,-6560,130738,114,19234,414,1,52170,0.0009999999999976694
62863000,13178,177,124824,1638,-1752,121328,114,19222,467,0,52171,0.0010000000000047748
62864000,8511,-1196,130462,9000,-8693,128058,92,19230,377,0,52172,0.0009999999999976694
62865001,8206,-5978,126923,12541,-10748,128044,102,19228,418,0,52173,0.00100100000000225
62866000,558,6725,131794,-8914,-196,127293,132,19228,541,1,52174,0.0009990000000001942
62867000,-76,12854,130154,-2755,10766,126422,113,19226,541,1,52175,0.0009999999999976694
62868000,2061,8882,130539,5144,5308,128698,97,19229,463,1,52176,0.0009999999999976694
62869000,4739,841,128365,-367,-4852,126267,97,19227,397,0,52177,0.0010000000000047748
62870000,9219,-11571,126404,6692,-13550,132748,149,19230,610,0,52178,0.0009999999999976694
62871000,6197,-13522,128009,12957,-17169,136038,112,19229,459,0,52179,0.0009999999999976694
62872001,6454,3947,131233,-10614,2522,120446,111,19229,455,0,52180,0.00100100000000225
62873000,-352,20157,133598,-10491,10860,124048,136,19223,455,1,52181,0.0009990000000001942
62874001,-7432,5154,130730,5488,-5789,130573,104,19227,557,1,52182,0.00100100000000225
62875000,-4298,-6015,127600,-14552,-22953,140097,104,19227,426,1,52183,0.0009990000000001942
62876000,71,-13111,127827,-9629,-6343,129317,109,19224,446,0,52184,0.0009999999999976694
62877000,3122,8682,131637,7428,4519,122737,95,19230,389,0,52185,0.0009999999999976694
62878000,-3143,9798,132436,-12074,1306,128103,115,19229,471,0,52186,0.0010000000000047748
62879000,-4278,-4911,129277,-11862,-11608,137543,136,19229,471,1,52187,0.0009999999999976694
62880000,-11233,5238,131226,-10723,9212,127253,116,19224,557,1,52188,0.0009999999999976694
62881000,-11667,16238,130369,-10303,9007,122537,116,19232,475,1,52189,0.0010000000000047748
62882000,-1248,16526,129633,-8421,-3452,128207,98,19228,401,1,52190,0.0009999999999976694
62883000,-3451,-9378,126226,-6138,-16464,134768,152,19228,623,0,52191,0.0009999999999976694
62884000,769,-6707,126404,-7607,1726,122221,106,19232,434,0,52192,0.0010000000000047748
62885000,-63,7037,127284,-9046,7263,122474,108,19232,434,0,52193,0.0009999999999976694
62886000,-4874,11659,127045,-11908,9598,119228,131,19226,442,1,52194,0.0009999999999976694
62887000,-2719,16232,129230,-10871,5532,128742,131,19226,537,1,52195,0.0010000000000047748
62888000,-7563,345,125064,-6917,-1958,128292,110,19231,451,1,52196,0.0009999999999976694
62889000,3963,4136,128219,3353,-4151,126711,110,19222,451,0,52197,0.0009999999999976694
62890000,-2561,-1937,123667,-1085,-5220,124346,85,19233,348,0,52198,0.0010000000000047748
62891000,2273,2348,125370,-8768,-1448,127391,109,19233,348,0,52199,0.0009999999999976694
62892000,-1388,8004,127463,1085,5289,122904,123,19228,446,1,52200,0.0009999999999976694
62893000,-3388,14885,125483,-4871,18666,121380,123,19219,504,1,52201,0.0010000000000047748
62894000,268,14264,126637,-5114,6379,126579,112,19231,459,1,52202,0.0009999999999976694
62895000,3495,91,124274,7854,-1940,126748,94,19230,385,1,52203,0.0009999999999976694
62896000,13119,-1179,122652,3007,-4741,124454,134,19234,549,0,52204,0.0009999999999976694
62897000,7903,-1819,125249,5863,-3317,123801,111,19234,549,0,52205,0.0010000000000047748
62898000,7340,-5015,126742,-734,-9726,130377,114,19231,455,0,52206,0.0009999999999976694
62899002,3901,680,126611,6016,-2509,125897,114,19226,467,1,52207,0.0010019999999997253
62900002,-2677,11080,127229,-3933,12688,121929,137,19230,561,1,52208,0.0010000000000047748
62901000,7691,12881,128552,6154,4671,126404,109,19231,446,1,52209,0.0009979999999956135
62902000,6500,10810,125640,17786,6989,118091,101,19224,414,0,52210,0.0009999999999976694
62903001,13803,-4978,125438,-5998,-11197,134528,112,19224,459,0,52211,0.00100100000000225
62904000,7928,-13852,127565,13087,-15936,128330,104,19228,459,0,52212,0.0009990000000001942
62905000,7212,23,130215,4086,-2361,128918,116,19232,426,0,52213,0.0009999999999976694
62906000,1813,2267,131085,-5294,-1323,131607,116,19222,475,1,52214,0.0010000000000047748
62907000,-3017,11939,130423,2521,7808,123894,109,19228,446,1,52215,0.0009999999999976694
62908000,4485,3634,127919,-2548,-3607,128200,99,19228,405,1,52216,0.0009999999999976694
62909000,6424,-8705,126482,5109,-10200,126343,127,19228,520,0,52217,0.0010000000000047748
62910000,9112,-5610,131698,8895,-6455,133692,102,19224,520,0,52218,0.0009999999999976694
62911000,3404,3034,128714,2406,-7273,124812,107,19231,418,0,52219,0.0009999999999976694
62912002,-422,-686,132829,-16950,-2743,132155,107,19227,438,1,52220,0.0010019999999997253
62913000,-3473,2936,134556,-751,375,131979,149,19225,610,1,52221,0.000998000000002719
62914000,-10156,4678,129199,3271,765,126497,110,19231,451,1,52222,0.0009999999999976694
62915000,156,2183,130628,-21703,-1085,128622,96,19231,393,1,52223,0.0010000000000047748
62916000,-1066,-10698,126616,-6014,-15959,130916,119,19226,393,0,52224,0.0009999999999976694
62917000,7302,3296,128691,12825,1207,124710,107,19232,487,0,52225,0.0009999999999976694
62918001,-6222,2947,130286,-12881,-1087,131354,107,19230,438,0,52226,0.00100100000000225
62919000,-8643,-3063,129956,-19393,-6519,127610,120,19217,491,1,52227,0.0009990000000001942
62920000,-6563,2514,130695,-5239,-1379,135278,114,19228,467,1,52228,0.0009999999999976694
62921000,-9721,4604,129644,-8308,7720,120935,102,19231,418,1,52229,0.0010000000000047748
62922000,-1980,17026,129255,-7876,9792,119219,118,19231,418,0,52230,0.0009999999999976694
62923000,-5011,-12178,125492,-11951,-13790,136237,92,19217,483,0,52231,0.0009999999999976694
62924000,1222,-6315,126357,-4312,-3116,125932,92,19231,377,0,52232,0.0010000000000047748
62925000,-4201,6867,129024,-8298,5912,124974,106,19227,434,0,52233,0.0009999999999976694
62926000,-8386,11009,128557,-13146,14069,120578,142,19228,582,1,52234,0.0009999999999976694
62927000,-5296,8273,128032,-10180,-1335,129314,117,19228,479,1,52235,0.0010000000000047748
62928001,-3917,-1161,125553,-934,640,128593,101,19228,479,1,52236,0.0010009999999951447
62929002,953,10277,125662,2024,-562,115116,119,19224,414,0,52237,0.00100100000000225
62930000,-817,5503,124835,-9254,-3304,125630,119,19233,487,0,52238,0.000998000000002719
62931000,3292,3637,127052,-4221,-2986,125538,114,19226,467,0,52239,0.0009999999999976694
62932000,538,1553,127358,4794,-2924,129766,117,19220,479,1,52240,0.0009999999999976694
62933000,-2189,8577,125853,-7878,4072,125157,141,19232,577,1,52241,0.0010000000000047748
62934000,-657,18998,124081,-1960,19981,113811,103,19232,577,1,52242,0.0009999999999976694
62935000,7456,7739,124471,9400,3465,126401,108,19229,422,0,52243,0.0009999999999976694
62936000,12440,-7198,122330,4399,-12057,126716,108,19227,442,0,52244,0.0010000000000047748
62937000,8079,-650,123818,6722,4772,123362,96,19229,393,0,52245,0.0009999999999976694
62938000,5959,-2658,125949,6056,-3074,126178,111,19228,455,0,52246,0.0009999999999976694
62939000,5574,1804,126763,3094,-1025,127171,133,19226,545,1,52247,0.0010000000000047748
62940000,3323,5017,127673,730,3992,127846,112,19226,545,1,52248,0.0009999999999976694
62941000,6832,7257,127853,6942,7684,117531,96,19231,459,1,52249,0.0009999999999976694
62942000,9801,11041,127711,4946,912,124163,96,19228,393,0,52250,0.0010000000000047748
62943000,9762,-5624,127243,9238,-12092,133969,144,19230,590,0,52251,0.0009999999999976694
62944000,7585,-11550,125773,14487,-17122,129236,111,19231,455,0,52252,0.0009999999999976694
62945000,2095,-3391,128923,-3128,-4761,129602,106,19224,434,1,52253,0.0010000000000047748
62946000,1949,29085,132984,-7635,28765,117615,128,19224,524,1,52254,0.0009999999999976694
62947000,4987,2540,127061,11872,-40,132726,108,19224,524,1,52255,0.0009999999999976694
62948001,2534,-294,130663,677,-4751,128649,109,19232,442,1,52256,0.00100100000000225
62949000,9112,-9698,124795,-5034,-17352,130006,109,19221,446,0,52257,0.0009990000000001942
62950000,10001,-7026,130141,25278,-5218,130446,88,19228,360,0,52258,0.0009999999999976694
62951000,6560,-1859,131128,5,-4633,130535,102,19229,418,0,52259,0.0010000000000047748
62952000,1140,3585,130828,-25252,3261,128106,120,19229,491,1,52260,0.0009999999999976694
62953000,-5757,13313,135233,7005,7854,123569,110,19222,491,1,52261,0.0009999999999976694
62954000,-7700,-7781,128487,3682,-10133,136454,97,19226,451,1,52262,0.0010000000000047748
62955002,-3863,-7741,128737,-23118,-11580,132465,97,19236,397,0,52263,0.0010019999999997253
62956000,391,-2545,129825,-139,-4298,126677,139,19230,569,0,52264,0.0009979999999956135
62957000,2092,4391,130822,8438,408,125778,104,19227,426,0,52265,0.0009999999999976694
62958000,-6614,8224,131826,-20194,3233,123661,107,19227,438,0,52266,0.0010000000000047748
62959000,-10688,-3889,130344,-12810,-8511,135918,137,19224,438,1,52267,0.0009999999999976694
62960000,-7615,1612,129973,-7615,1152,130972,112,19227,561,1,52268,0.0009999999999976694
62961000,-8304,15463,131550,-11661,11755,120007,112,19231,459,1,52269,0.0010000000000047748
62962000,-635,-263,128553,-10303,-4526,128831,105,19222,430,0,52270,0.0009999999999976694
62963000,-4641,-7957,124609,-5006,-11968,127876,131,19236,537,0,52271,0.0009999999999976694
62964000,-4505,-124,126262,-2664,-2494,125951,101,19228,414,0,52272,0.0010000000000047748
62965000,-5452,11366,127943,-17664,8444,117748,115,19228,414,1,52273,0.0009999999999976694
62966000,-8722,12829,128747,-5867,9368,132293,110,19226,471,1,52274,0.0009999999999976694
62967000,-5348,-1025,127406,-14499,655,123400,110,19225,451,1,52275,0.0010000000000047748
62968000,-3726,7781,126758,-5894,-2707,125045,102,19232,418,1,52276,0.0009999999999976694
62969000,1465,-1583,124969,1615,1645,129334,133,19233,545,0,52277,0.0009999999999976694
62970000,2697,-2308,122787,-3183,1554,118660,108,19232,442,0,52278,0.0010000000000047748
62971001,77,4038,125957,-4689,-873,132062,109,19232,442,0,52279,0.0010009999999951447
62972002,-744,10341,125665,-2419,8620,118033,153,19228,446,1,52280,0.00100100000000225
62973000,-5356,8413,126663,-5055,2109,128873,153,19231,627,1,52281,0.000998000000002719
62974000,1624,7623,128029,-507,-1908,121231,108,19234,442,1,52282,0.0009999999999976694
62975000,5056,10659,123703,10499,-1622,122555,99,19225,405,0,52283,0.0009999999999976694
62976000,6424,6466,125325,135,-11400,127692,100,19226,410,0,52284,0.0010000000000047748
62977000,8411,308,124925,3237,-7481,123499,115,19226,410,0,52285,0.0009999999999976694
62978000,4556,-2073,126679,9807,-3576,131301,120,19226,471,0,52286,0.0009999999999976694
62979000,5222,6906,128296,-2293,10808,119245,120,19223,491,1,52287,0.0010000000000047748
62980000,4396,8446,128058,-238,880,123123,110,19232,451,1,52288,0.0009999999999976694
62981000,8576,961,127165,11689,-4028,132237,100,19230,410,1,52289,0.0009999999999976694
62982000,10625,-150,122854,4529,5190,119751,124,19226,508,0,52290,0.0010000000000047748
62983000,10538,1198,129924,6381,-9308,133144,97,19226,508,0,52291,0.0009999999999976694
62984000,7507,-11682,125500,10382,-14454,130491,101,19229,397,0,52292,0.0009999999999976694
62985000,3008,-2836,127725,-5013,-3302,133908,101,19228,414,1,52293,0.0010000000000047748
62986000,-1020,8786,132141,-72,10872,120425,139,19227,569,1,52294,0.0009999999999976694
62987000,714,15253,128699,6133,3147,125893,111,19232,455,1,52295,0.0009999999999976694
62988000,3809,769,130662,-530,-13487,137256,100,19228,410,1,52296,0.0010000000000047748
62989001,7987,-5938,127103,-43,-5667,122989,129,19228,410,0,52297,0.0010009999999951447
62990000,9738,-1542,129946,14013,-8079,132729,105,19235,528,0,52298,0.0009990000000001942
62991000,983,-7530,128770,-3683,-6308,126819,105,19229,430,0,52299,0.0010000000000047748
62992002,1495,5209,133723,-19357,-2357,125084,112,19221,459,1,52300,0.0010019999999997253
62993002,-7539,10703,134332,6874,7431,129810,121,19231,496,1,52301,0.0009999999999976694
62994000,-6024,5623,129903,-8928,-2177,124655,102,19232,418,1,52302,0.000998000000002719
62995000,-883,-3070,130697,-13812,-8578,133830,119,19232,487,0,52303,0.0009999999999976694
62996000,-1235,-7049,128149,4194,-11220,126234,99,19223,487,0,52304,0.0009999999999976694
62997002,3627,4886,131196,-1832,4795,128196,109,19228,405,0,52305,0.0010019999999997253
62998000,-8466,6046,132435,-15261,1904,129355,109,19226,446,1,52306,0.000998000000002719
62999000,-5455,4072,130023,-16793,4828,128335,141,19228,577,1,52307,0.0009999999999976694
63000000,-10382,284,130146,-7760,-662,134756,114,19230,467,1,52308,0.0010000000000047748
63001000,-3453,13810,129723,-10517,10559,118695,101,19230,414,1,52309,0.0009999999999976694
63002000,-2481,758,126406,-9652,-4396,131269,165,19224,414,0,52310,0.0009999999999976694
63003001,-4015,-2994,127060,-6294,-4032,126364,116,19230,676,0,52311,0.00100100000000225
63004000,672,-1465,125846,-2993,-3940,128313,116,19230,475,0,52312,0.0009990000000001942
63005000,-5358,3947,128418,-8069,-40,125303,115,19223,471,1,52313,0.0009999999999976694
63006000,-6422,7401,127656,-13948,3726,123325,129,19228,528,1,52314,0.0010000000000047748
63007000,-8525,13199,130502,-7573,10559,126995,111,19228,455,1,52315,0.0009999999999976694
63008000,296,3587,125063,-775,-56,122233,117,19230,455,0,52316,0.0009999999999976694
63009000,551,1506,125448,-675,-502,129729,92,19219,479,0,52317,0.0010000000000047748
63010000,1100,-8097,121130,-6821,-10891,120735,92,19229,377,0,52318,0.0009999999999976694
63011002,5422,11456,126252,-5585,9054,124042,105,19233,430,0,52319,0.0010019999999997253
63012002,-49,9282,127592,3649,5175,126420,129,19224,528,1,52320,0.0009999999999976694
63013000,-1419,5404,124070,-2483,3844,122381,113,19236,463,1,52321,0.000998000000002719
63014000,696,9655,126135,-5442,2207,126110,98,19236,463,1,52322,0.0009999999999976694
63015000,8633,5186,123811,3386,-5272,121158,122,19231,401,0,52323,0.0010000000000047748
63016001,11630,10444,124792,20373,361,124324,122,19232,500,0,52324,0.0010009999999951447
63017000,4770,-18500,124151,540,-17028,131441,112,19228,459,0,52325,0.0009990000000001942
63018000,7107,1123,129293,-6980,-4569,125075,114,19222,467,1,52326,0.0010000000000047748
63019000,233,15346,128354,7865,12802,119067,131,19230,537,1,52327,0.0009999999999976694
63020000,3157,15434,128960,-4603,10748,125630,108,19230,537,1,52328,0.0009999999999976694
63021000,8392,140,124412,3618,-10226,129747,108,19231,442,1,52329,0.0009999999999976694
63022000,11659,-2847,124366,10082,-3871,122354,108,19223,442,0,52330,0.0010000000000047748
63023000,13922,1100,128467,17676,-15392,130729,89,19233,365,0,52331,0.0009999999999976694
63024000,6051,-10014,127056,-4566,-2561,127596,102,19231,418,0,52332,0.0009999999999976694
63025000,6206,9781,132186,-7752,7300,129017,118,19221,483,1,52333,0.0010000000000047748
63026000,-1884,8865,130520,10794,2114,127314,112,19221,483,1,52334,0.0009999999999976694
63027000,1348,11751,129561,-3235,-4037,124643,99,19230,459,1,52335,0.0009999999999976694
63028000,6535,6775,127690,-6822,-8102,128557,99,19231,405,0,52336,0.0010000000000047748
63029000,9899,-13727,128591,20447,-11935,128203,141,19228,577,0,52337,0.0009999999999976694
63030000,10847,-3215,131268,4848,-8031,131133,104,19226,426,0,52338,0.0009999999999976694
63031000,-1273,4629,132182,-17433,9393,120063,105,19224,430,0,52339,0.0010000000000047748
63032000,-1786,11492,132212,-3089,-2223,130197,152,19224,430,1,52340,0.0009999999999976694
63033001,-6841,-6701,131298,-2147,-6856,136296,108,19227,623,1,52341,0.00100100000000225
63034000,-7354,3798,131219,-13799,-1083,122368,108,19233,442,1,52342,0.0009990000000001942
63035000,3066,-4104,131517,-3624,-10580,131283,99,19224,405,0,52343,0.0009999999999976694
63036000,-3075,3940,128812,3999,3325,125203,118,19230,483,0,52344,0.0009999999999976694
63037000,2453,-2484,128726,-10838,-7232,134186,116,19227,475,0,52345,0.0010000000000047748
63038000,-10068,4298,130882,-16826,7004,126713,126,19227,516,1,52346,0.0009999999999976694
63039001,-7321,1208,131090,-10648,-2464,134860,113,19220,516,1,52347,0.00100100000000225
63040001,-9554,20266,130146,-6146,10247,120951,100,19229,463,1,52348,0.0009999999999976694
63041000,-3304,2614,127840,-13369,-5209,130968,100,19229,410,1,52349,0.0009990000000001942
63042004,-1013,-4407,126814,-4484,-3524,130791,130,19217,532,0,52350,0.0010040000000017812
63043000,-2650,1753,126625,-2868,-2023,120852,98,19231,401,0,52351,0.000996000000000663
63044000,-280,8186,127576,-10819,8015,126364,103,19231,422,0,52352,0.0009999999999976694
63045000,-6924,4001,128506,-14093,391,129444,139,19226,422,1,52353,0.0009999999999976694
63046000,-5151,-1495,125614,-4000,-3420,126842,112,19232,569,1,52354,0.0010000000000047748
63047000,-6698,7354,128032,-8933,3935,122911,112,19228,459,1,52355,0.0009999999999976694
63048000,-1405,6272,125500,-3590,3406,121447,102,19228,418,0,52356,0.0009999999999976694
63049000,-1924,552,125971,1006,-4361,127244,106,19231,434,0,52357,0.0010000000000047748
63050000,-586,-7848,122762,-7421,-10294,128802,109,19231,446,0,52358,0.0009999999999976694
63051000,-14,7619,129564,-4203,7145,122967,114,19229,446,0,52359,0.0009999999999976694
63052000,-3460,13826,126089,7983,9477,122572,119,19222,467,1,52360,0.0010000000000047748
63053000,-2304,3260,124474,-9429,-1231,127144,119,19228,487,1,52361,0.0009999999999976694
63054001,5319,7561,125155,-4541,7281,128406,95,19231,389,1,52362,0.00100100000000225
63055000,9730,5273,122471,17298,1314,117097,117,19232,479,0,52363,0.0009990000000001942
63056000,13698,1164,123120,7859,-4570,125731,105,19225,430,0,52364,0.0009999999999976694
63057001,5967,-14670,124125,1203,-19029,128220,110,19225,430,0,52365,0.00100100000000225
63058000,4976,-1301,127249,8690,-3762,125259,145,19229,451,1,52366,0.0009990000000001942
63059000,-1,10815,128764,-3012,8364,120083,145,19230,594,1,52367,0.0009999999999976694
63060000,4233,13588,128924,2716,9919,127040,112,19232,459,1,52368,0.0009999999999976694
63061000,7316,786,125189,8116,-7548,127693,97,19227,397,0,52369,0.0010000000000047748
63062000,9790,-4248,125841,2976,-12951,128647,128,19231,524,0,52370,0.0009999999999976694
63063002,9853,-1345,127503,10277,-3619,123992,108,19231,524,0,52371,0.0010019999999997253
63064002,6350,-4937,126228,9408,-2351,127621,109,19228,442,0,52372,0.0009999999999976694
63065000,4369,3171,132015,-5197,7560,132116,109,19222,446,1,52373,0.000998000000002719
63066000,-1370,10261,128561,6280,10905,122739,113,19231,463,1,52374,0.0009999999999976694
63067000,2856,6581,129726,-3088,-1930,128651,101,19230,414,1,52375,0.0010000000000047748
63068000,6631,-6091,127495,4107,-12631,129423,115,19222,471,0,52376,0.0009999999999976694
63069000,10035,-11403,128116,16254,-13030,133207,93,19222,471,0,52377,0.0009999999999976694
63070001,6237,-605,131286,2102,-7843,127243,103,19232,381,0,52378,0.00100100000000225
63071000,-705,5036,132279,-20373,841,126271,103,19230,422,1,52379,0.0009990000000001942
63072000,-4470,14905,134899,-472,7527,129979,134,19221,549,1,52380,0.0009999999999976694
63073000,-6656,2009,130339,100,-4924,130203,111,19231,455,1,52381,0.0010000000000047748
63074000,-3667,-2934,129628,-11709,-10829,129505,94,19227,385,1,52382,0.0009999999999976694
63075000,-1146,-5185,129287,-9944,-7262,127740,140,19227,385,0,52383,0.0009999999999976694
63076000,7400,6128,128580,7055,5329,124842,107,19234,573,0,52384,0.0010000000000047748
63077000,-3611,-1284,133676,-13858,-8225,136051,107,19228,438,0,52385,0.0009999999999976694
63078000,-6300,202,129493,-20744,-3270,129426,113,19223,463,1,52386,0.0009999999999976694
63079000,-13476,5775,131659,-8851,-187,131175,125,19228,512,1,52387,0.0010000000000047748
63080000,-6721,14010,130835,-4060,12265,120226,105,19232,430,1,52388,0.0009999999999976694
63081000,-5131,7639,129564,-5826,-5901,129169,106,19232,430,0,52389,0.0009999999999976694
63082000,-2420,-7846,125993,-14789,-19162,132459,101,19218,434,0,52390,0.0009999999999976694
63083000,-882,-210,125590,681,3735,123874,105,19236,414,0,52391,0.0010000000000047748
63084000,-1435,13129,129501,-5863,8292,123089,105,19226,430,0,52392,0.0009999999999976694
63085000,-5808,7781,127201,-9543,3618,123639,128,19224,524,1,52393,0.0009999999999976694
63086000,-7989,-3576,126442,-15773,-5056,135141,115,19229,471,1,52394,0.0010000000000047748
63087000,313,5983,127825,-4827,3096,120954,99,19229,405,1,52395,0.0009999999999976694
63088000,154,12035,125563,8357,3162,121218,133,19229,405,0,52396,0.0009999999999976694
63089000,1422,-3260,125195,-8145,-7012,131304,105,19231,545,0,52397,0.0010000000000047748
63090000,221,-2569,123848,-3673,-6124,122591,105,19228,430,0,52398,0.0009999999999976694
63091000,343,6601,127527,775,4153,128613,113,19228,463,1,52399,0.0009999999999976694
63092000,-4104,18436,127517,-2952,15505,116553,146,19225,598,1,52400,0.0010000000000047748
63093000,-3159,8531,125716,-6943,6688,126624,103,19225,422,1,52401,0.0009999999999976694
63094000,7604,-2686,123612,1059,-5095,130071,103,19234,422,0,52402,0.0009999999999976694
63095000,8516,140,122728,12011,-2259,121566,89,19226,422,0,52403,0.0010000000000047748
63096000,11269,-159,124379,5077,-2512,123759,89,19229,365,0,52404,0.0009999999999976694
63097000,4765,-1602,125779,3090,-6845,123208,115,19226,471,0,52405,0.0009999999999976694
63098000,5018,-1774,126371,4315,-3082,138448,129,19226,528,1,52406,0.0010000000000047748
63099000,2281,6190,126840,-1229,3946,115391,112,19232,459,1,52407,0.0009999999999976694
63100001,6049,12381,127960,6613,7127,116871,96,19232,459,1,52408,0.00100100000000225
63101000,8196,-599,125785,6497,-3879,131140,137,19234,393,0,52409,0.0009990000000001942
63102000,8596,-983,126589,1845,-5892,120476,137,19230,561,0,52410,0.0009999999999976694
63103000,6989,-13824,126561,16901,-17983,142898,103,19227,422,0,52411,0.0009999999999976694
63104001,2580,5055,129773,-5382,4056,122242,106,19226,434,1,52412,0.00100100000000225
63105001,1258,8374,131447,-2934,5178,131887,135,19230,553,1,52413,0.0009999999999976694
63106003,208,12941,130427,6749,9042,122073,110,19230,553,1,52414,0.0010019999999997253
63107000,5578,-81,127005,-4377,-3905,134882,104,19233,451,1,52415,0.0009970000000052437
63108000,8869,-10239,127139,4859,-770,122639,104,19224,426,0,52416,0.0009999999999976694
63109000,9455,-4779,128961,13239,-9548,130283,128,19230,524,0,52417,0.0009999999999976694
63110000,6254,-5621,129942,6868,-9092,134825,110,19230,451,0,52418,0.0010000000000047748
63111000,-1714,-860,129587,-14245,8686,123970,120,19219,491,1,52419,0.0009999999999976694
63112000,-5329,8892,135207,-13283,7704,131131,110,19219,491,1,52420,0.0009999999999976694
63113000,-9262,6757,129648,41,-3489,124552,100,19229,451,1,52421,0.0010000000000047748
63114000,48,-10881,128480,-20941,-16602,140718,100,19230,410,0,52422,0.0009999999999976694
63115000,-427,-7036,129071,1951,-5357,125756,126,19223,516,0,52423,0.0009999999999976694
63116000,3521,9690,129402,-1092,7105,118884,101,19230,414,0,52424,0.0010000000000047748
63117000,-5252,13748,133596,-12870,-5078,133531,105,19226,430,0,52425,0.0009999999999976694
63118000,-7557,-6689,129839,-10845,-5084,131058,149,19226,430,1,52426,0.0009999999999976694
63119000,-8710,8578,131542,-15443,2142,129621,115,19229,610,1,52427,0.0010000000000047748
63120000,-8721,11836,130229,-9715,12029,117375,115,19230,471,1,52428,0.0009999999999976694
63121000,-2628,8394,130749,-8247,-9644,133396,103,19226,422,0,52429,0.0009999999999976694
63122000,-885,-7879,125388,-6011,-14424,134040,156,19230,639,0,52430,0.0010000000000047748
63123000,-6340,-2889,125648,-11031,-3133,123064,105,19230,430,0,52431,0.0009999999999976694
63124000,-719,12461,130990,-10554,11284,121456,111,19230,430,1,52432,0.0009999999999976694
63125000,-5091,16332,128591,2534,6403,124116,114,19220,455,1,52433,0.0010000000000047748
63126000,-9774,6797,126922,-20511,229,128093,114,19226,467,1,52434,0.0009999999999976694
63127000,-3037,6740,125875,-16285,3699,123518,106,19232,434,1,52435,0.0009999999999976694
63128000,2419,1873,125544,9506,-369,122526,121,19231,496,0,52436,0.0010000000000047748
63129000,7488,2839,125997,3298,-5449,127751,100,19228,410,0,52437,0.0009999999999976694
63130002,255,-4478,123475,-7305,-6302,128118,109,19228,446,0,52438,0.0010019999999997253
63131000,-132,6913,126581,-10137,7418,124266,140,19229,446,1,52439,0.000998000000002719
63132000,-4229,13734,127445,-328,10817,122988,111,19221,573,1,52440,0.0009999999999976694
63133000,2060,1714,125039,3280,4448,127396,111,19234,455,1,52441,0.0009999999999976694
63134000,4619,11461,123476,-678,-4843,118271,93,19228,381,0,52442,0.0010000000000047748
63135000,5472,-1350,122573,-1254,-12451,128780,109,19232,446,0,52443,0.0009999999999976694
63136001,12712,-4101,126028,15585,-3047,129348,113,19232,463,0,52444,0.00100100000000225
63137000,2785,7385,129053,7315,4460,118281,117,19227,463,0,52445,0.0009990000000001942
63138000,4823,6637,128036,-6247,3987,128117,119,19224,479,1,52446,0.0009999999999976694
63139002,119,3944,126923,105,-546,128117,119,19230,487,1,52447,0.0010019999999997253
63140000,11222,1005,125418,9724,193,129116,101,19234,414,1,52448,0.000998000000002719
63141001,11053,6131,125931,8364,6070,116002,112,19220,459,0,52449,0.0010009999999951447
63142000,7324,577,127954,5584,-7401,130018,91,19231,373,0,52450,0.0009990000000001942
63143000,10906,-17528,125943,10963,-22707,136844,102,19231,373,0,52451,0.0010000000000047748
63144000,1357,1481,129815,-1708,-2729,126256,125,19229,418,1,52452,0.0009999999999976694
63145000,1471,14226,133368,-4537,12879,128984,125,19227,512,1,52453,0.0009999999999976694
63146000,-1140,20329,132302,4668,15846,113751,109,19230,446,1,52454,0.0009999999999976694
63147000,5297,-7067,128102,-681,-14025,141619,99,19231,405,1,52455,0.0010000000000047748
63148000,9862,-15132,124663,2645,-16993,130049,156,19233,639,0,52456,0.0009999999999976694
63149000,11020,4452,132057,17286,2063,122821,108,19233,639,0,52457,0.0009999999999976694
63150000,4650,-4862,128278,917,-7839,126093,106,19229,442,0,52458,0.0010000000000047748
63151000,-272,7397,133212,-21390,4835,130140,106,19223,434,1,52459,0.0009999999999976694
63152000,-4966,2081,133159,-448,-1667,131992,129,19230,528,1,52460,0.0009999999999976694
63153000,-7317,8359,128817,2976,5909,119907,103,19232,422,1,52461,0.0010000000000047748
63154000,-1579,-3509,129908,-17963,-7414,137470,107,19224,438,0,52462,0.0009999999999976694
63155000,2943,-610,130464,-5366,-7164,122309,87,19224,438,0,52463,0.0009999999999976694
63156002,2665,2849,131083,9710,-10209,134660,109,19229,356,0,52464,0.0010019999999997253
63157000,-6772,8555,131161,-11581,12622,120356,109,19228,446,0,52465,0.000998000000002719
63158002,-8060,3389,131386,-19262,220,131901,128,19224,524,1,52466,0.0010019999999997253
63159000,-7898,-2170,130694,-6571,-717,135975,115,19230,471,1,52467,0.000998000000002719
63160000,-3456,12126,128950,-10249,12532,115345,100,19230,410,1,52468,0.0009999999999976694
63161000,-2612,1826,128335,-9019,-7359,131220,144,19230,410,0,52469,0.0009999999999976694
63162000,-2465,-4664,124946,-4665,393,123125,102,19226,590,0,52470,0.0010000000000047748
63163000,804,-1871,127183,-6333,-5660,131600,102,19232,418,0,52471,0.0009999999999976694
63164001,-4035,6643,129418,-8863,5662,122139,104,19227,426,1,52472,0.00100100000000225
63165000,-8137,16135,127658,-12357,10850,119797,131,19230,537,1,52473,0.0009990000000001942
63166003,-6656,7404,130858,-7000,-479,132577,111,19232,455,1,52474,0.0010029999999972006
63167000,1137,2359,125551,5030,-2263,123559,106,19232,455,0,52475,0.0009969999999981383
63168000,-190,-2599,123946,-3738,-9440,130628,88,19220,434,0,52476,0.0010000000000047748
63169000,646,8854,124550,-8913,8178,113058,88,19231,360,0,52477,0.0009999999999976694
63170000,4655,5365,125297,-1162,2674,127870,106,19226,434,0,52478,0.0009999999999976694
63171003,-1493,-1892,126348,1458,9190,134338,119,19221,487,1,52479,0.001003000000004306
63172000,-3699,8144,123310,-11065,11524,115877,112,19231,459,1,52480,0.0009969999999981383
63173000,2890,14818,125837,-3031,9851,125529,96,19231,393,1,52481,0.0009999999999976694
63174000,10703,6889,124652,18810,-1189,120771,129,19231,393,0,52482,0.0010000000000047748
63175000,9475,-8697,123962,9399,-18649,131775,106,19234,528,0,52483,0.0009999999999976694
63176000,4844,-9234,126295,-341,-12248,127718,106,19230,434,0,52484,0.0009999999999976694
63177000,3690,3173,128485,620,2235,124127,111,19225,455,1,52485,0.0010000000000047748
63178000,-795,11220,129893,5285,11078,123961,139,19227,569,1,52486,0.0009999999999976694
63179000,713,10449,127633,-1120,3666,124566,109,19227,446,1,52487,0.0009999999999976694
63180000,7692,-8136,123892,2786,-5068,133261,98,19235,446,1,52488,0.0010000000000047748
63181000,8657,6867,127177,13980,1070,115285,122,19224,401,0,52489,0.0009999999999976694
63182003,13812,-6652,124578,11740,-12859,135424,122,19229,500,0,52490,0.0010029999999972006
63183001,3772,-12742,128446,2983,-12819,131253,110,19232,451,0,52491,0.000998000000002719
63184002,3047,4817,130898,-7159,3664,125721,117,19221,479,1,52492,0.00100100000000225
63185002,-409,14372,130363,3298,10056,129763,108,19221,442,1,52493,0.0009999999999976694
63186002,-430,7793,130022,4367,1817,124156,101,19227,442,1,52494,0.0009999999999976694
63187002,7221,-5730,127718,-2851,-8700,130730,124,19229,414,0,52495,0.0010000000000047748
63188000,9143,-13795,126102,9752,-14492,130249,124,19223,508,0,52496,0.0009979999999956135
63189000,9235,-1315,131179,15498,-7018,132009,98,19229,401,0,52497,0.0010000000000047748
63190000,1391,1962,129511,-19370,1044,123727,103,19228,422,0,52498,0.0009999999999976694
63191000,-2209,10955,134993,-8475,6421,128809,141,19226,577,1,52499,0.0009999999999976694
63192000,-10090,-790,129655,7530,-2798,134910,108,19226,577,1,52500,0.0010000000000047748
63193000,-4899,-5217,129482,-14963,-9646,123153,95,19233,442,1,52501,0.0009999999999976694
63194000,306,-7352,128920,-7759,-10588,134793,95,19226,389,0,52502,0.0009999999999976694
63195000,858,4439,131656,3065,324,124218,129,19233,528,0,52503,0.0010000000000047748
63196000,-1339,1384,129502,-3338,-2102,126090,108,19228,442,0,52504,0.0009999999999976694
63197000,-9653,5172,133166,-18563,2221,133334,117,19221,479,1,52505,0.0009999999999976694
63198000,-8883,-937,128076,-10584,-3598,130311,117,19221,479,1,52506,0.0010000000000047748
63199000,-12340,14089,130597,-5018,11091,125677,101,19228,479,1,52507,0.0009999999999976694
63200000,-2233,5580,128546,-19807,1895,129169,101,19230,414,1,52508,0.0009999999999976694
63201000,-2121,-2708,126339,-2735,-5059,130230,117,19215,479,0,52509,0.0010000000000047748
63202000,-3620,-4892,125640,-1517,-4032,126257,94,19233,385,0,52510,0.0009999999999976694
63203000,-1145,4613,127068,-12673,7169,119459,103,19229,422,0,52511,0.0009999999999976694
63204000,-3871,12445,130354,-6586,6545,132231,136,19229,422,1,52512,0.0010000000000047748
63205000,-8487,3558,125991,-9415,3476,125873,114,19229,557,1,52513,0.0009999999999976694
63206000,-7263,6343,127546,-12987,2108,128522,114,19231,467,1,52514,0.0009999999999976694
63207000,-438,1657,125221,1564,-889,123052,101,19227,414,0,52515,0.0009999999999976694
63208002,1466,53,125303,-1410,-9418,127123,122,19232,500,0,52516,0.0010020000000068308
63209002,1155,-369,124720,-1735,-402,125829,112,19229,459,0,52517,0.0009999999999976694
63210000,-2012,12383,126808,-6396,5931,118651,115,19229,459,0,52518,0.0009979999999956135
63211005,-3690,18262,126002,-3455,3054,126642,137,19222,471,1,52519,0.001005000000006362
63212000,-1189,7114,126803,-951,2582,126981,137,19229,561,1,52520,0.0009949999999960824
63213000,5065,4273,125104,1079,1687,122768,102,19228,418,1,52521,0.0009999999999976694
63214002,9400,6978,125391,5319,2850,119049,109,19225,446,0,52522,0.0010020000000068308
63215000,9907,-455,123377,5982,-9074,127026,99,19228,405,0,52523,0.0009979999999956135
63216000,9185,-9460,126024,6596,-9470,128699,115,19228,405,0,52524,0.0009999999999976694
63217000,2601,1290,124350,-3334,2239,122315,137,19228,471,1,52525,0.0010000000000047748
63218000,2331,12028,130716,4416,10150,127572,137,19224,561,1,52526,0.0009999999999976694
63219001,5276,10391,126765,11825,3591,121718,117,19230,479,1,52527,0.00100100000000225
63220000,8416,-3937,125256,5015,-9015,131274,99,19227,405,1,52528,0.0009990000000001942
63221000,9192,-4140,127264,-1786,-4993,123621,143,19230,586,0,52529,0.0009999999999976694
63222000,12443,-1457,128139,14957,-6745,132217,101,19230,414,0,52530,0.0009999999999976694
63223000,5114,-4554,126909,8215,-5136,132177,105,19228,414,0,52531,0.0010000000000047748
63224000,1285,1220,129606,-12051,-2016,128522,126,19224,430,1,52532,0.0009999999999976694
63225000,1891,7516,128909,5807,8404,123447,126,19232,516,1,52533,0.0009999999999976694
63226000,1827,8797,129284,10935,2229,126561,109,19232,446,1,52534,0.0010000000000047748
63227000,6201,-8289,127901,-8234,-9096,135072,106,19222,434,0,52535,0.0009999999999976694
63228000,7634,-4805,127237,2948,-15499,121843,109,19222,446,0,52536,0.0009999999999976694
63229000,5839,-6607,128083,18238,-9669,135662,106,19232,446,0,52537,0.0010000000000047748
63230001,-599,-4921,131838,-13329,-3380,131105,123,19228,434,0,52538,0.0010009999999951447
63231000,-382,15191,134235,-14479,9613,122514,123,19222,504,1,52539,0.0009990000000001942
63232000,-5100,14202,132288,6007,8449,128690,114,19228,467,1,52540,0.0010000000000047748
63233000,-4385,-3444,128367,-11081,-7710,128222,97,19227,397,1,52541,0.0009999999999976694
63234000,3233,-12902,128382,-10298,-13694,131708,133,19231,545,0,52542,0.0009999999999976694
63235000,-504,-5833,127418,8011,-9410,127208,103,19231,545,0,52543,0.0010000000000047748
63236000,-3025,6985,131623,-6924,4324,127795,111,19229,422,0,52544,0.0009999999999976694
63237000,-7163,3993,131186,-20272,-829,128160,111,19225,455,1,52545,0.0009999999999976694
63238000,-9757,720,131134,-10207,-915,132219,143,19229,586,1,52546,0.0010000000000047748
63239000,-9841,5828,129707,-1771,6950,126910,112,19233,459,1,52547,0.0009999999999976694
63240000,-2762,11901,131314,-15814,6092,121355,104,19224,426,1,52548,0.0009999999999976694
63241000,-2390,-9293,125115,-10349,-14707,137328,140,19224,426,0,52549,0.0010000000000047748
63242000,-3529,-4305,125937,292,-6350,126662,111,19229,573,0,52550,0.0009999999999976694
63243000,-1471,12774,128876,-10879,9741,122047,111,19228,455,0,52551,0.0009999999999976694
63244000,-5298,4750,126227,-5692,848,128984,121,19222,496,1,52552,0.0010000000000047748
63245000,-5795,5008,126188,-12328,1109,127199,113,19225,463,1,52553,0.0009999999999976694
63246000,-3058,9999,127140,-12631,6519,121232,105,19230,430,1,52554,0.0009999999999976694
63247000,1231,8965,126051,6934,5809,127471,128,19230,430,0,52555,0.0010000000000047748
63248000,-579,-13374,123872,-2423,-15417,132789,102,19226,524,0,52556,0.0009999999999976694
63249001,-1124,-2196,124703,-9260,2531,122867,102,19230,418,0,52557,0.00100100000000225
63250000,600,13549,128334,-2473,1528,125916,106,19226,434,1,52558,0.0009990000000001942
63251000,-2382,22537,126023,6337,17274,115201,143,19227,586,1,52559,0.0009999999999976694
63252000,-1678,9634,126479,-9165,-5298,127998,113,19229,463,1,52560,0.0009999999999976694
63253002,5933,-2547,123820,-2996,-157,124938,94,19229,463,1,52561,0.0010019999999997253
63254000,9880,12717,125320,9540,5463,117981,97,19227,385,0,52562,0.000998000000002719
63255003,11955,-1261,124395,4238,-8572,125983,97,19227,397,0,52563,0.0010029999999972006
63256000,7014,-4630,125079,-1266,-12924,130696,111,19230,455,0,52564,0.0009970000000052437
63257000,5287,-8049,126282,4423,-6452,129567,116,19221,475,1,52565,0.0009999999999976694
63258000,3098,17730,129817,6159,18964,113505,105,19229,430,1,52566,0.0009999999999976694
63259000,4642,15658,127849,-409,1729,129425,101,19229,430,1,52567,0.0010000000000047748
63260000,9938,260,125104,5710,-4079,123071,119,19235,414,0,52568,0.0009999999999976694
63261000,11605,942,127082,11287,-13691,128568,119,19224,487,0,52569,0.0009999999999976694
63262000,8863,-13791,126126,11024,-20375,136929,97,19228,397,0,52570,0.0010000000000047748
63263000,2881,10282,130148,-5745,10097,116941,102,19231,418,0,52571,0.0009999999999976694
63264000,4531,3500,131557,-1696,-3395,140858,132,19227,541,1,52572,0.0009999999999976694
63265000,-664,3873,127841,6696,7688,119526,113,19227,463,1,52573,0.0010000000000047748
63266000,1607,14728,130893,-7646,3448,125146,100,19231,463,1,52574,0.0009999999999976694
63267000,11184,-8944,126460,4714,-14950,133967,148,19225,410,0,52575,0.0009999999999976694
63268000,9423,-2879,129404,24605,-1316,124455,148,19236,606,0,52576,0.0010000000000047748
63269000,6538,-9603,127396,-9459,-16460,137746,104,19228,426,0,52577,0.0009999999999976694
63270000,-2223,9026,134498,-12172,7679,112340,108,19220,442,1,52578,0.0009999999999976694
63271000,-3870,6753,134036,-2,-2888,141451,135,19220,553,1,52579,0.0009999999999976694
63272000,-9457,-159,129847,-3955,-251,127858,102,19233,553,1,52580,0.0010000000000047748
63273000,-1811,3711,130052,-19062,-2424,124540,112,19238,418,1,52581,0.0009999999999976694
63274000,1700,-12337,129347,1738,-14588,139067,112,19220,459,0,52582,0.0009999999999976694
63275000,2859,9999,129482,5653,4565,115808,101,19227,414,0,52583,0.0010000000000047748
63276000,-5048,126,130603,-17217,-3682,138973,112,19228,459,0,52584,0.0009999999999976694
63277000,-8029,18,130647,-15537,511,127421,133,19228,545,1,52585,0.0009999999999976694
63278000,-8182,7975,132095,-6440,6228,128466,113,19225,545,1,52586,0.0010000000000047748
63279001,-10906,6925,129246,-8786,6406,130108,98,19233,463,1,52587,0.0010009999999951447
63280000,-1079,5221,128576,-10574,-990,119796,98,19228,401,0,52588,0.0009990000000001942
63281000,-3680,-7220,125897,-3257,-8079,137828,154,19228,631,0,52589,0.0010000000000047748
63282000,-589,-2409,125197,-4523,-4072,121328,103,19228,422,0,52590,0.0009999999999976694
63283000,-3600,7896,129215,-11122,4838,128440,102,19225,418,0,52591,0.0009999999999976694
63284000,-7756,5150,127767,-9019,1091,125176,129,19225,418,1,52592,0.0010000000000047748
63285000,-4424,8141,127168,-10071,5904,125564,108,19232,528,1,52593,0.0009999999999976694
63286000,-2971,5409,127483,-7219,2494,131331,108,19236,442,1,52594,0.0009999999999976694
63287000,1262,3464,123787,6615,691,114628,109,19223,446,0,52595,0.0010000000000047748
63288003,-761,-4151,124263,-5120,-7016,130368,86,19229,352,0,52596,0.0010029999999972006
63289001,3318,-1359,125295,-6872,-4242,123733,105,19228,430,0,52597,0.000998000000002719
63290000,-1368,3452,128172,4631,-757,126117,125,19228,430,1,52598,0.0009990000000001942
63291000,-6482,6607,125669,-5952,4250,129268,112,19219,512,1,52599,0.0009999999999976694
63292000,-148,13956,127196,-11934,11834,122933,112,19234,459,1,52600,0.0009999999999976694
63293000,4761,8766,124734,13480,4183,128606,95,19234,389,0,52601,0.0010000000000047748
63294000,10344,1366,122379,6861,-2743,119214,125,19232,512,0,52602,0.0009999999999976694
63295000,7613,-2797,125361,311,-5064,130768,112,19227,459,0,52603,0.0009999999999976694
63296003,5125,-2712,126142,7179,-2782,123661,111,19227,459,0,52604,0.001003000000004306
63297000,5145,6902,126335,7688,-2188,124573,129,19225,455,1,52605,0.0009969999999981383
63298000,1834,9353,128935,-4818,12084,126138,129,19226,528,1,52606,0.0009999999999976694
63299000,11169,8975,123831,5917,3060,121450,106,19234,434,1,52607,0.0010000000000047748
63300000,10975,-353,125530,13140,-3225,128326,102,19220,418,0,52608,0.0009999999999976694
63301000,11427,-884,128438,6495,-14587,129578,109,19229,446,0,52609,0.0009999999999976694
63302001,8066,-15748,125709,9040,-14545,135858,107,19229,446,0,52610,0.00100100000000225
63303000,1776,3383,131212,-1372,10434,122480,116,19231,438,1,52611,0.0009990000000001942
63304000,1014,17924,131982,-1657,6011,124921,116,19223,475,1,52612,0.0009999999999976694
63305000,-489,9728,130826,3979,-6540,131100,108,19230,442,1,52613,0.0010000000000047748
63306000,4324,2024,128842,-2464,-6275,129841,99,19228,405,1,52614,0.0009999999999976694
63307002,9512,-8940,127388,2100,-11075,129800,137,19223,561,0,52615,0.0010019999999997253
63308000,12389,405,131957,20654,983,121645,102,19223,418,0,52616,0.000998000000002719
63309000,2495,-4517,129050,-9101,-14745,136561,103,19232,418,0,52617,0.0009999999999976694
63310000,-170,-488,133095,-19556,3959,122322,103,19228,422,1,52618,0.0009999999999976694
63311000,-7368,16436,133214,5496,8069,129193,152,19229,623,1,52619,0.0010000000000047748
63312000,-5142,-238,130287,-1177,-8316,134759,110,19232,451,1,52620,0.0009999999999976694
63313000,-2820,-3603,129649,-12216,-14411,126411,103,19223,422,0,52621,0.0009999999999976694
63314000,509,-12860,127479,-8050,-8831,136428,122,19223,500,0,52622,0.0010000000000047748
63315000,1582,11835,131972,5400,12981,119725,106,19233,500,0,52623,0.0009999999999976694
63316000,-3956,-126,129111,-13099,-5225,135249,119,19232,434,0,52624,0.0009999999999976694
63317000,-8599,1037,130419,-21306,-3709,133987,119,19220,487,1,52625,0.0010000000000047748
63318000,-8842,1776,128592,-5802,2336,128877,113,19229,463,1,52626,0.0009999999999976694
63319000,-4236,12896,131440,-7152,11061,120214,105,19231,430,1,52627,0.0009999999999976694
63320000,-995,4060,128521,-8107,-5837,130056,127,19231,520,0,52628,0.0010000000000047748
63321000,-5341,-14854,123739,-7692,-11485,136044,99,19218,520,0,52629,0.0009999999999976694
63322000,-1316,7644,127786,-8467,7043,115391,103,19232,405,0,52630,0.0009999999999976694
63323000,-5938,7326,127039,-8196,3749,126960,103,19233,422,1,52631,0.0010000000000047748
63324000,-9421,10302,130670,-7693,3521,127195,144,19226,590,1,52632,0.0009999999999976694
63325000,-8317,206,127721,-12984,-3765,125510,116,19231,475,1,52633,0.0009999999999976694
63326000,-373,8050,128433,-3676,4913,126470,104,19223,426,1,52634,0.0010000000000047748
63327000,-24,1540,125014,5788,-877,121528,112,19223,426,0,52635,0.0009999999999976694
63328000,3121,-3265,123338,-5877,-4651,126164,111,19230,459,0,52636,0.0009999999999976694
63329000,706,-2632,124753,-8925,-5373,129967,111,19231,455,0,52637,0.0010000000000047748
63330000,-1910,4143,125364,5119,5069,125262,116,19221,475,1,52638,0.0009999999999976694
63331007,-2798,15892,126609,-6545,11488,120613,136,19226,557,1,52639,0.0010070000000013124
63332000,182,3978,124829,-5756,1401,124334,100,19232,410,1,52640,0.0009929999999940264
63333000,10079,-124,123608,15308,-3707,127508,112,19232,410,0,52641,0.0010000000000047748
63334000,5277,-7633,121433,3661,-12576,118731,101,19223,459,0,52642,0.0009999999999976694
63335000,7289,337,125551,-2239,-2797,125348,101,19227,414,0,52643,0.0009999999999976694
63336001,1747,-2,126964,8489,-4926,128208,115,19231,471,0,52644,0.00100100000000225
63337000,2658,5944,127513,3702,2812,122745,144,19226,590,1,52645,0.0009990000000001942
63338000,3875,4654,128665,-3681,2339,132791,115,19229,471,1,52646,0.0009999999999976694
63339003,6050,8715,126036,8070,6025,118100,96,19229,471,1,52647,0.001003000000004306
63340000,13508,3698,125156,7463,-1476,128931,144,19227,393,0,52648,0.0009969999999981383
63341000,9366,-4502,127585,5382,-7835,129957,144,19231,590,0,52649,0.0009999999999976694
63342000,7002,-15250,125153,12312,-18411,134673,105,19233,430,0,52650,0.0010000000000047748
63343000,1777,1446,129042,-5171,-4379,122187,107,19224,438,1,52651,0.0009999999999976694
63344000,-519,13486,130860,-395,-1889,130460,121,19227,496,1,52652,0.0009999999999976694
63345000,4232,18962,129923,8932,8690,123163,104,19227,496,1,52653,0.0010000000000047748
63346000,3417,-5992,126776,-6553,-12118,133854,112,19230,426,1,52654,0.0009999999999976694
63347002,13698,-19271,128575,14369,-10613,129388,112,19218,459,0,52655,0.0010019999999997253
63348002,5336,8385,131728,10872,-2044,123107,89,19232,365,0,52656,0.0009999999999976694
63349000,1879,-8968,127051,-20110,-7668,135116,106,19235,434,0,52657,0.000998000000002719
63350000,2596,8643,134980,-9090,5323,126982,128,19223,524,1,52658,0.0009999999999976694
63351000,-7402,7145,132766,8877,825,127141,112,19223,524,1,52659,0.0010000000000047748
63352002,-7048,8153,131788,-10480,-5958,127553,96,19231,459,1,52660,0.0010019999999997253
63353000,-1967,-5645,129965,-13526,-16753,136085,96,19230,393,0,52661,0.0009979999999956135
63354000,-259,-5775,128644,4208,-6846,126135,142,19234,582,0,52662,0.0010000000000047748
63355000,-684,10927,132056,-3281,8408,122832,106,19228,434,0,52663,0.0009999999999976694
63356000,-6419,-1276,132864,-17086,-15736,139569,114,19226,467,1,52664,0.0009999999999976694
63357000,-6856,9645,128457,-14844,4892,120070,141,19226,577,1,52665,0.0010000000000047748
63358000,-10185,7587,130585,-13734,-507,133219,111,19228,577,1,52666,0.0009999999999976694
63359000,-1188,10361,129715,-4619,9822,119372,105,19231,455,1,52667,0.0009999999999976694
63360000,-3363,10568,128554,-2600,-6575,126290,105,19222,430,0,52668,0.0010000000000047748
63361000,-3192,-12836,122985,-8351,-10764,135078,134,19232,549,0,52669,0.0009999999999976694
63362000,-722,1982,128562,-11254,-923,122985,105,19231,430,0,52670,0.0009999999999976694
63363000,-2009,8413,126822,-5953,6296,124494,120,19231,491,1,52671,0.0010000000000047748
63364000,-6823,15016,129805,-1855,9072,120212,118,19226,491,1,52672,0.0009999999999976694
63365000,-9360,3725,127722,-16007,-1160,129325,103,19229,483,1,52673,0.0009999999999976694
63366000,-1542,4607,126458,-8286,-485,125924,103,19224,422,0,52674,0.0010000000000047748
63367000,1773,3439,125424,2822,-2652,123897,135,19234,553,0,52675,0.0009999999999976694
63368000,4771,-7189,124865,4008,-10094,130882,102,19231,418,0,52676,0.0009999999999976694
63369000,-2229,15314,126420,-8831,6393,118117,108,19231,442,0,52677,0.0010000000000047748
63370000,-341,3462,124265,-7569,1246,132720,159,19227,442,1,52678,0.0009999999999976694
63371000,-301,10789,128057,6334,13042,122125,111,19225,651,1,52679,0.0009999999999976694
63372000,2448,13422,124107,-1428,8380,118518,111,19230,455,1,52680,0.0010000000000047748
63373000,7934,5249,123444,1895,-868,124710,98,19223,401,0,52681,0.0009999999999976694
63374000,10338,-9244,123505,10453,-13726,129244,89,19228,365,0,52682,0.0009999999999976694
63375000,9802,-10487,125115,10494,-11129,129327,109,19228,446,0,52683,0.0010000000000047748
63376000,2622,5637,127377,359,1958,119409,121,19228,446,1,52684,0.0009999999999976694
63377000,1,4291,127316,-453,696,126533,115,19223,496,1,52685,0.0009999999999976694
63378003,2536,11598,129259,2460,4748,123916,115,19228,471,1,52686,0.001003000000004306
63379000,8363,-324,125231,6016,-3536,128787,99,19231,405,1,52687,0.0009969999999981383
63380000,9234,6406,127472,10660,6916,120675,122,19226,500,0,52688,0.0009999999999976694
63381000,12639,-4286,126545,6380,-12144,127220,97,19230,397,0,52689,0.0010000000000047748
63382000,7930,-18713,126205,13700,-22445,140258,101,19230,397,0,52690,0.0009999999999976694
63383000,2195,5053,132573,-2337,2560,127123,143,19225,414,1,52691,0.0009999999999976694
63384002,-956,12632,130422,-8719,8625,119280,143,19233,586,1,52692,0.0010019999999997253
63385000,613,16647,130708,11897,12887,121652,112,19232,459,1,52693,0.000998000000002719
63386000,7201,-12558,125827,-763,-17066,137192,100,19221,410,0,52694,0.0009999999999976694
63387000,10343,-11060,127782,-108,-14567,120793,125,19232,512,0,52695,0.0010000000000047748
63388000,8365,3224,130166,20299,-952,134885,105,19232,512,0,52696,0.0009999999999976694
63389000,547,-4574,129771,-5118,-7841,123494,110,19226,430,0,52697,0.0009999999999976694
63390008,-1355,11245,134434,-21454,3818,132561,110,19223,451,1,52698,0.0010079999999987876
63391000,-8866,-4850,130863,3333,-8521,133060,122,19230,500,1,52699,0.0009920000000036566
63392000,-6773,9224,130239,-4209,5017,120906,101,19228,414,1,52700,0.0009999999999976694
63393000,1994,-7388,128073,-19272,-10199,133553,117,19226,479,0,52701,0.0010000000000047748
63394000,3541,-2670,130158,5675,-7636,128899,98,19226,479,0,52702,0.0009999999999976694
63395000,1185,504,129090,-6719,-1113,129354,109,19226,401,0,52703,0.0009999999999976694
63396000,-9467,2804,133073,-25801,3874,127195,109,19228,446,1,52704,0.0009999999999976694
63397000,-9244,5084,130663,-7662,5224,130005,140,19226,573,1,52705,0.0010000000000047748
63398001,-10806,9568,130961,-7318,1804,128357,113,19233,463,1,52706,0.0010009999999951447
63399002,-1204,13013,129148,-15150,72,121049,97,19229,397,1,52707,0.00100100000000225
63400000,-3630,-3301,126271,-5550,-11089,134087,164,19229,672,0,52708,0.000998000000002719
63401000,-1068,-1328,127260,-4162,-2887,122556,105,19234,672,0,52709,0.0009999999999976694
63402000,-368,8538,129554,-8994,1564,126266,107,19229,430,0,52710,0.0009999999999976694
63403000,-7606,4224,128283,-6868,583,126432,107,19225,438,1,52711,0.0010000000000047748
63404000,-8212,12292,130959,-14736,3902,122760,125,19234,512,1,52712,0.0009999999999976694
63405000,-3628,9291,124822,-5490,10734,126839,105,19234,430,1,52713,0.0009999999999976694
63406000,845,3573,127259,2562,-2162,126117,114,19234,467,0,52714,0.0010000000000047748
63407002,353,-3169,122060,-6483,-9666,124190,96,19227,467,0,52715,0.0010019999999997253
63408000,1712,-1452,124120,-4190,-3069,128640,107,19225,393,0,52716,0.0009979999999956135
63409000,1384,7249,129093,4630,5914,122015,107,19227,438,0,52717,0.0010000000000047748
63410000,-3302,8956,125328,-3915,3043,126361,129,19221,528,1,52718,0.0009999999999976694
63411000,-2376,11491,125533,-13275,6817,126895,109,19235,446,1,52719,0.0009999999999976694
63412000,5087,8598,123894,3683,4991,120997,93,19235,381,1,52720,0.0010000000000047748
63413000,11204,8935,124527,14547,1638,120340,122,19230,381,0,52721,0.0009999999999976694
63414000,8900,1314,123576,5102,-5569,127232,113,19232,500,0,52722,0.0009999999999976694
63415000,4858,-14622,123002,-821,-12588,134901,113,19226,463,0,52723,0.0010000000000047748
63416000,6238,464,128128,5243,-834,122659,114,19223,467,1,52724,0.0009999999999976694
63417000,1307,15745,127645,2399,15964,118807,128,19228,524,1,52725,0.0009999999999976694
63418000,3003,13765,129775,1837,7712,127168,103,19236,422,1,52726,0.0010000000000047748
63419000,7989,-5589,123974,5216,-9867,126988,105,19236,422,0,52727,0.0009999999999976694
63420000,12954,-3695,126535,6289,-7245,129314,94,19222,430,0,52728,0.0009999999999976694
63421000,8563,-3895,127449,16153,-7524,125495,94,19229,385,0,52729,0.0010000000000047748
63422000,4457,-6486,128737,-3098,-7952,130152,103,19232,422,0,52730,0.0009999999999976694
63423000,2301,7472,131352,-8185,6898,133764,121,19228,496,1,52731,0.0009999999999976694
63424000,605,11421,127459,7527,8468,129178,112,19232,459,1,52732,0.0010000000000047748
63425000,1372,12934,129834,1072,8279,120092,99,19232,459,1,52733,0.0009999999999976694
63426000,8629,-3534,127431,-4454,-9279,128800,143,19232,405,0,52734,0.0009999999999976694
63427000,13293,-13874,129903,20005,-15699,141842,143,19232,586,0,52735,0.0010000000000047748
63428001,3238,-3579,128102,10197,-7037,121488,104,19230,426,0,52736,0.0010009999999951447
63429000,1654,5805,132199,-29944,3172,127846,106,19224,434,0,52737,0.0009990000000001942
63430000,-6935,10665,134300,4095,7382,127583,140,19230,573,1,52738,0.0010000000000047748
63431000,-6727,-7744,128946,2068,-10581,133551,106,19230,573,1,52739,0.0009999999999976694
63432001,-4260,1579,130605,-20305,-2215,133900,102,19237,434,1,52740,0.00100100000000225
63433000,1916,-3432,127941,-3004,-6988,125183,102,19224,418,0,52741,0.0009990000000001942
63434000,5670,5517,130152,7218,727,126244,115,19230,471,0,52742,0.0009999999999976694
63435000,-5337,-2453,130508,-7409,-6732,131072,110,19228,451,0,52743,0.0009999999999976694
63436000,-7686,-2248,129789,-18806,-5566,134120,125,19221,512,1,52744,0.0010000000000047748
63437000,-12847,6068,131180,-10371,2463,123641,114,19221,512,1,52745,0.0009999999999976694
63438000,-8757,10628,130987,-10620,5681,127752,101,19229,467,1,52746,0.0009999999999976694
63439001,-785,11019,132057,-4079,-3571,125464,101,19228,414,1,52747,0.00100100000000225
63440002,-4415,-13903,123292,-7321,-12234,134315,131,19216,537,0,52748,0.00100100000000225
63441000,222,-4805,128607,-6464,4402,125062,100,19231,410,0,52749,0.0009979999999956135
63442000,-6660,11676,126042,-9171,9269,117833,107,19226,438,0,52750,0.0010000000000047748
63443000,-4926,11877,129019,-13249,6327,131747,147,19226,602,1,52751,0.0009999999999976694
63444000,-7659,132,127429,-6640,-5227,129202,116,19227,602,1,52752,0.0009999999999976694
63445000,-4768,-302,125425,-8066,-37,124276,102,19231,475,1,52753,0.0010000000000047748
63446000,1011,17929,127840,-1118,9615,120019,102,19225,418,0,52754,0.0009999999999976694
63447000,2133,-5120,123204,2082,-10558,133500,109,19232,446,0,52755,0.0009999999999976694
63448001,2248,-52,123951,-5887,1751,123813,111,19229,455,0,52756,0.00100100000000225
63449000,-4131,5894,125892,-9838,6659,124222,119,19229,487,1,52757,0.0009990000000001942
63450003,-1955,5588,127488,1947,4668,125830,123,19220,487,1,52758,0.0010029999999972006
63451000,632,17259,127257,-2293,1305,121053,101,19229,504,1,52759,0.0009970000000052437
63452000,4253,1189,122729,-7879,-4163,128499,101,19233,414,1,52760,0.0009999999999976694
63453000,9521,6940,125675,16848,865,119383,117,19226,479,0,52761,0.0009999999999976694
63454000,8010,-2264,122757,10301,-5774,124772,100,19227,410,0,52762,0.0010000000000047748
63455000,8054,-3517,126413,-8979,-5218,127944,111,19227,455,0,52763,0.0009999999999976694
63456000,1976,1064,127461,7132,-2349,128428,145,19226,455,1,52764,0.0009999999999976694
63457000,5599,12623,128532,4605,11704,118708,115,19231,594,1,52765,0.0009999999999976694
63458000,4934,3897,125991,7538,-234,127064,115,19231,471,1,52766,0.0010000000000047748
63459000,8059,-8271,125159,7163,-7856,124872,97,19226,397,0,52767,0.0009999999999976694
63460000,10856,753,126770,-545,-5216,128117,142,19228,582,0,52768,0.0009999999999976694
63461000,5630,-7779,127059,14843,-14076,133818,113,19226,463,0,52769,0.0010000000000047748
63462000,4549,-5084,129011,558,-2211,126685,110,19226,463,0,52770,0.0009999999999976694
63463000,-255,10785,130900,-8836,979,125686,115,19223,451,1,52771,0.0009999999999976694
63464000,3823,6219,128882,8513,20,132875,115,19228,471,1,52772,0.0010000000000047748
63465000,3383,2796,129121,4066,-1678,128088,105,19231,430,1,52773,0.0009999999999976694
63466000,7333,3233,128730,-7086,-1799,122078,116,19216,475,0,52774,0.0009999999999976694
63467002,11002,-9556,129972,14348,-14848,133488,89,19230,365,0,52775,0.0010019999999997253
63468000,2734,-9966,129047,14769,-12152,132126,103,19230,365,0,52776,0.000998000000002719
63469000,760,-4222,131114,-23531,-5911,132724,132,19230,422,1,52777,0.0009999999999976694
63470002,-4923,13376,132081,-4602,11052,120805,132,19222,541,1,52778,0.0010019999999997253
63471001,-5970,9768,131214,5804,4926,127709,113,19233,463,1,52779,0.0009990000000001942
63472001,-1779,-7298,128340,-15533,-13011,132501,96,19232,393,1,52780,0.0010000000000047748
63473002,-1831,-13190,128898,-7856,-16562,133856,143,19232,586,0,52781,0.0010009999999951447
63474000,4050,4197,129374,7538,4778,127237,105,19232,586,0,52782,0.000998000000002719
63475001,-5380,12004,132473,-10973,7119,121491,110,19231,430,0,52783,0.00100100000000225
63476000,-5642,-9425,130861,-17421,-14187,140310,110,19225,451,1,52784,0.0009990000000001942
63477000,-9535,2140,128496,-5521,297,128601,131,19229,537,1,52785,0.0009999999999976694
63478000,-7238,13697,130282,-10896,11969,121775,108,19232,442,1,52786,0.0009999999999976694
63479000,-2833,13513,130310,-8728,11097,122701,108,19220,442,0,52787,0.0010000000000047748
63480000,-2280,-9447,124321,-7443,-13225,136479,112,19220,442,0,52788,0.0009999999999976694
63481000,-2068,-5730,126124,-4352,-10359,121451,101,19230,459,0,52789,0.0009999999999976694
63482000,-517,13386,127778,-9304,9988,121404,101,19230,414,1,52790,0.0010000000000047748
63483000,-4072,6832,128743,-2128,4446,129094,128,19222,524,1,52791,0.0009999999999976694
63484000,-7292,7118,126520,-14146,3352,124311,117,19228,479,1,52792,0.0009999999999976694
63485000,-1555,4307,126543,-13697,-4619,129463,98,19228,401,1,52793,0.0010000000000047748
63486000,-1763,20846,128248,5799,3162,112740,131,19228,401,0,52794,0.0009999999999976694
63487000,4841,-8957,122425,-2701,-15955,135917,106,19231,537,0,52795,0.0009999999999976694
63488000,-56,-5697,128391,-1156,610,126279,106,19229,434,0,52796,0.0010000000000047748
63489000,2097,14188,125113,-3101,12669,116259,107,19224,438,1,52797,0.0009999999999976694
63490000,-4146,13088,126705,-122,8187,128325,155,19227,635,1,52798,0.0009999999999976694
63491000,-659,6846,125732,-2742,3607,124504,108,19232,442,1,52799,0.0010000000000047748
63492000,5653,-454,122810,7788,-96,125198,98,19232,401,0,52800,0.0009999999999976694
63493000,7658,6856,126301,8219,-2972,121334,81,19221,401,0,52801,0.0009999999999976694
63494000,10144,-6549,123650,5047,-12641,128352,110,19230,332,0,52802,0.0010000000000047748
63495000,4339,3638,128615,4964,-5905,124852,110,19231,451,0,52803,0.0009999999999976694
63496000,5503,3801,126957,2684,710,127877,126,19222,516,1,52804,0.0009999999999976694
63497002,1225,5751,128807,4320,3652,126043,112,19227,459,1,52805,0.0010019999999997253
63498000,5187,18882,126996,1531,8006,117998,97,19227,397,1,52806,0.000998000000002719
63499000,13202,1124,123320,7648,-4187,126998,131,19230,397,0,52807,0.0009999999999976694
63500000,8410,-2080,128771,13070,-8336,129551,98,19230,537,0,52808,0.0010000000000047748
63501000,9531,-12674,125204,3902,-14633,130018,98,19229,401,0,52809,0.0009999999999976694
63502000,3688,2044,131116,-6007,3519,126278,101,19229,414,1,52810,0.0009999999999976694
63503000,2025,5413,134537,5180,-5683,133625,133,19228,545,1,52811,0.0010000000000047748
63504000,-4563,7320,128734,490,5054,118711,111,19228,455,1,52812,0.0009999999999976694
63505001,1570,7617,130605,-12404,-3664,131585,101,19230,455,1,52813,0.00100100000000225
63506000,10389,-15045,125895,14107,-18871,131271,117,19226,414,0,52814,0.0009990000000001942
63507000,9575,2260,131096,14947,-859,122270,117,19231,479,0,52815,0.0009999999999976694
63508000,3405,-5810,128788,-10956,-10016,134917,106,19231,434,0,52816,0.0009999999999976694
63509000,877,-35,132491,-11504,3879,128246,116,19220,475,1,52817,0.0010000000000047748
63510000,-5345,7119,133013,4266,-27,129797,106,19231,434,1,52818,0.0009999999999976694
63511000,-9567,2397,128361,-2073,-986,128438,98,19231,434,1,52819,0.0009999999999976694
63512000,-17,-4611,129605,-22053,-6217,130298,124,19231,401,0,52820,0.0010000000000047748
63513000,-1957,-1703,128253,2022,-4204,129861,124,19227,508,0,52821,0.0009999999999976694
63514000,5524,1690,129253,2287,-180,126702,109,19228,446,0,52822,0.0009999999999976694
63515000,-7889,9098,132951,-17023,4713,128568,112,19226,459,0,52823,0.0010000000000047748
63516000,-7318,-3382,129237,-12020,-3232,133077,152,19229,623,1,52824,0.0009999999999976694
63517000,-8056,4517,131172,-12931,2894,132452,115,19229,623,1,52825,0.0009999999999976694
63518000,-6980,5760,128829,-6821,4699,129322,103,19232,471,1,52826,0.0009999999999976694
63519000,-2772,10757,126895,-10201,7122,119260,103,19227,422,0,52827,0.0010000000000047748
63520000,-3223,-5570,126402,-9172,-9884,133796,157,19232,643,0,52828,0.0009999999999976694
63521000,627,-3898,127266,1629,-4773,133116,105,19228,430,0,52829,0.0009999999999976694
63522000,-5123,5190,127220,-16767,3613,117337,110,19222,451,1,52830,0.0010000000000047748
63523002,-6775,11191,128331,-7404,6490,122337,117,19222,451,1,52831,0.0010019999999997253
63524000,-7935,3029,128180,-5337,691,130855,106,19226,479,1,52832,0.0009979999999956135
63525000,-3221,2604,123818,-14406,-301,123332,106,19232,434,0,52833,0.0010000000000047748
63526000,-1286,8576,128135,1946,6031,123688,122,19230,500,0,52834,0.0009999999999976694
63527000,1450,598,122939,-1626,-3010,122358,99,19228,405,0,52835,0.0009999999999976694
63528000,1546,8370,128867,-6743,5412,128373,106,19228,434,0,52836,0.0010000000000047748
63529002,-869,-2555,125641,-1309,-6239,128663,138,19228,434,1,52837,0.0010019999999997253
63530000,-5728,10577,125586,1090,8036,117345,112,19220,565,1,52838,0.0009979999999956135
63531000,1447,17823,124805,-10458,13415,122557,112,19233,459,1,52839,0.0010000000000047748
63532000,8904,5233,123100,5647,-1228,123845,95,19228,389,0,52840,0.0009999999999976694
63533000,12908,-2760,125100,15130,-14605,129392,111,19232,455,0,52841,0.0009999999999976694
63534000,7904,-8262,123393,2043,-2423,121684,114,19227,467,0,52842,0.0010000000000047748
63535000,4677,2691,128885,2245,-670,131828,115,19227,471,1,52843,0.0009999999999976694
63536002,1276,3778,126952,1628,4853,120877,120,19222,471,1,52844,0.0010019999999997253
63537000,2475,16907,127099,220,8156,125830,102,19229,491,1,52845,0.000998000000002719
63538000,7528,3085,127909,4663,-710,124621,102,19229,418,1,52846,0.0009999999999976694
63539000,10830,4620,125535,9889,-5978,121267,112,19224,459,0,52847,0.0009999999999976694
63540000,12442,1878,127742,12237,-18247,134185,90,19229,369,0,52848,0.0010000000000047748
63541000,7108,-11452,126461,968,-8986,130730,105,19229,430,0,52849,0.0009999999999976694
63542000,4157,3722,132126,-5102,6047,125056,128,19230,430,1,52850,0.0009999999999976694
63543000,-1185,19051,131747,6105,17566,120851,113,19231,524,1,52851,0.0010000000000047748
63544000,-1155,5878,129899,-202,-4834,134702,113,19228,463,1,52852,0.0009999999999976694
63545002,8474,-6769,128632,-3297,-11854,125548,97,19233,397,1,52853,0.0010019999999997253
63546000,10027,-8205,126899,4134,-13495,130245,154,19231,631,0,52854,0.000998000000002719
63547000,9605,-659,131834,22187,-887,127842,107,19231,438,0,52855,0.0009999999999976694
63548000,-491,-1840,130080,-20816,-5551,130922,109,19230,438,0,52856,0.0009999999999976694
63549000,-720,4540,132194,-16070,7547,131911,130,19227,446,1,52857,0.0010000000000047748
63550000,-7866,11491,132377,9164,4472,126887,130,19229,532,1,52858,0.0009999999999976694
63551000,-2185,3396,129715,-8737,-717,125833,104,19231,426,1,52859,0.0009999999999976694
63552001,-404,-5912,129975,-12069,-18765,135094,106,19223,434,0,52860,0.00100100000000225
63553000,2119,-12011,128874,3869,-11320,132387,97,19232,397,0,52861,0.0009990000000001942
63554000,-290,5131,131706,-1808,2853,124198,111,19232,397,0,52862,0.0009999999999976694
63555000,-8340,8743,131543,-19064,4479,127536,129,19227,455,1,52863,0.0010000000000047748
63556000,-12078,1047,130595,-10584,5283,133478,129,19221,528,1,52864,0.0009999999999976694
63557000,-9412,2506,128177,-13278,-2838,126853,114,19227,467,1,52865,0.0009999999999976694
63558000,-2813,6855,129043,-11049,1719,127412,97,19228,397,1,52866,0.0010000000000047748
63559000,-1597,-446,126780,1065,-5442,130005,141,19221,577,0,52867,0.0009999999999976694
63560000,-3497,-2717,125220,-7308,-4566,123086,105,19221,577,0,52868,0.0009999999999976694
63561000,-604,6395,130119,-10312,2832,128928,106,19236,430,0,52869,0.0010000000000047748
63562000,-7544,1626,125861,-4600,1736,127587,106,19227,434,1,52870,0.0009999999999976694
63563001,-6304,12371,129299,-11718,7472,122717,136,19227,557,1,52871,0.00100100000000225
63564000,-5942,3350,127598,-8075,-1448,129319,112,19228,459,1,52872,0.0009990000000001942
63565000,1033,5350,126253,290,3485,122029,107,19223,438,0,52873,0.0009999999999976694
63566000,-219,-7971,124454,-3754,-12966,129945,100,19223,438,0,52874,0.0009999999999976694
63567000,-621,-4990,124100,-1605,-7538,121147,114,19231,410,0,52875,0.0010000000000047748
63568000,517,13373,125414,-1492,11623,123094,114,19232,467,0,52876,0.0009999999999976694
63569000,-5367,9186,127749,-6734,5207,125844,124,19221,508,1,52877,0.0009999999999976694
63570000,315,2656,125263,-5608,-452,125973,112,19235,459,1,52878,0.0010000000000047748
63571000,2721,3700,125227,4576,-63,127532,99,19230,405,1,52879,0.0009999999999976694
63572001,8613,12822,125157,4272,8921,116193,125,19230,405,0,52880,0.00100100000000225
63573002,10790,-1301,123360,8718,-5654,128314,102,19232,512,0,52881,0.0010009999999951447
63574002,5645,-6235,123739,8747,-10646,126677,102,19230,418,0,52882,0.0010000000000047748
63575001,7099,-1304,127037,137,-5250,126775,108,19225,442,1,52883,0.0009990000000001942
63576000,1945,9838,127191,6102,6575,120958,139,19228,569,1,52884,0.0009990000000001942
63577000,3736,6018,126798,1169,3437,131065,111,19230,455,1,52885,0.0009999999999976694
63578001,8385,-461,124096,3158,-4796,123614,100,19230,455,1,52886,0.00100100000000225
63579000,10072,2733,127684,8133,-9037,129460,119,19226,410,0,52887,0.0009990000000001942
63580000,11488,5456,127670,9747,-5211,125532,101,19230,487,0,52888,0.0009999999999976694
63581002,5434,-10433,127529,9682,-14754,134841,101,19230,414,0,52889,0.0010019999999997253
63582002,4250,-411,130762,-3816,2102,128271,111,19222,455,1,52890,0.0009999999999976694
63583000,-414,23075,129792,6110,19690,115284,105,19232,430,1,52891,0.000998000000002719
63584000,2833,10198,129156,1822,3235,135313,101,19232,414,1,52892,0.0009999999999976694
63585000,8234,-11288,126381,-3735,-12534,129082,122,19230,414,0,52893,0.0009999999999976694
63586000,9137,-11154,128499,19024,-12103,129034,95,19224,500,0,52894,0.0010000000000047748
63587001,7033,-1149,129004,6022,-10398,129009,95,19230,389,0,52895,0.0010009999999951447
63588002,864,3086,133318,-18778,7157,125084,102,19229,418,0,52896,0.00100100000000225
63589000,-1961,6758,134817,-370,-4112,134983,141,19226,577,1,52897,0.000998000000002719
63590000,-8115,560,129798,-2298,-3697,127723,111,19226,455,1,52898,0.0009999999999976694
63591000,-4684,-2789,130993,-15827,-9888,131999,95,19232,455,1,52899,0.0009999999999976694
63592000,1148,4760,128252,3183,-337,125660,127,19228,389,0,52900,0.0010000000000047748
63593000,2978,1559,127816,2647,-3956,130142,127,19231,520,0,52901,0.0009999999999976694
63594000,-3312,-1576,130899,-10913,-1073,130126,106,19229,434,0,52902,0.0009999999999976694
63595003,-5339,2656,130257,-13471,-1665,127797,115,19223,471,1,52903,0.001003000000004306
63596000,-11454,3723,131127,-11133,5270,130683,122,19228,500,1,52904,0.0009969999999981383
63597000,-9192,8838,131835,-9949,2569,126495,104,19228,500,1,52905,0.0009999999999976694
63598000,-4069,3488,128092,-7999,-564,128634,115,19232,426,1,52906,0.0010000000000047748
63599003,-4155,-1371,126569,-8571,-6589,125879,115,19219,471,0,52907,0.0010029999999972006
63600002,-2410,-356,126814,-5378,-3227,124120,94,19234,385,0,52908,0.0009990000000001942
63601000,-2287,3878,127544,-9622,249,127260,101,19228,414,0,52909,0.000998000000002719
63602000,-4232,4453,128603,-8268,501,126511,132,19230,541,1,52910,0.0009999999999976694
63603000,-6700,9854,128779,-7796,5537,126600,116,19230,541,1,52911,0.0009999999999976694
63604000,-10234,6697,126330,-10813,4993,121314,101,19231,475,1,52912,0.0010000000000047748
63605000,317,2832,125854,-1841,-2730,127324,101,19225,414,0,52913,0.0009999999999976694
63606000,-642,-4665,123333,-881,-5350,128950,123,19233,504,0,52914,0.0009999999999976694
63607001,2751,4932,124805,-4130,1717,119958,109,19230,446,0,52915,0.00100100000000225
63608000,-253,3967,127349,1212,-1481,127648,110,19225,451,0,52916,0.0009990000000001942
63609000,-2662,4422,125675,-2530,3595,124954,133,19225,451,1,52917,0.0009999999999976694
63610001,-2658,5717,125441,-9030,4174,127313,103,19236,545,1,52918,0.00100100000000225
63611002,3232,10311,123991,1880,6056,119249,103,19235,422,1,52919,0.00100100000000225
63612000,8775,10230,123929,7185,2739,120175,106,19224,434,0,52920,0.0009979999999956135
63613000,9619,-2850,122956,4690,-7354,126660,91,19229,373,0,52921,0.0010000000000047748
63614003,7415,-9355,127036,7095,-12505,128986,109,19228,446,0,52922,0.0010029999999972006
63615000,3261,-743,128479,-1290,-2756,131545,129,19228,446,1,52923,0.0009969999999981383
63616001,2657,10596,128027,5281,6261,115138,116,19229,528,1,52924,0.00100100000000225
63617000,2762,6367,127433,9193,3464,128396,116,19226,475,1,52925,0.0009990000000001942
63618002,7049,3061,124031,-2711,790,126382,98,19228,401,0,52926,0.0010019999999997253
63619002,10050,7212,127271,6656,3730,119804,143,19232,586,0,52927,0.0009999999999976694
63620002,9455,-6787,126141,17088,-11023,134950,102,19227,418,0,52928,0.0010000000000047748
63621000,7259,635,130529,-2966,-1840,127583,103,19227,418,0,52929,0.0009979999999956135
63622000,2977,2269,131197,737,-2035,135264,124,19224,422,1,52930,0.0010000000000047748
63623000,760,9424,129724,6123,4954,118539,124,19230,508,1,52931,0.0009999999999976694
63624000,2597,10938,128814,-4546,8038,127911,109,19232,446,1,52932,0.0009999999999976694
63625000,6113,-2005,126587,667,-5769,128536,107,19220,438,0,52933,0.0010000000000047748
63626000,11141,-12911,127409,4736,-17346,131978,98,19235,401,0,52934,0.0009999999999976694
63627002,3732,5177,135141,14334,-4124,128403,102,19235,418,0,52935,0.0010019999999997253
63628000,250,-268,128754,-12112,-1287,126500,119,19231,418,1,52936,0.000998000000002719
63629000,-1294,8357,135462,-15639,8222,133593,112,19223,487,1,52937,0.0009999999999976694
63630000,-8362,8270,130888,9523,-6332,122007,112,19232,459,1,52938,0.0009999999999976694
63631000,-2518,663,127523,-22212,-5399,130023,99,19231,405,1,52939,0.0010000000000047748
63632000,-3173,-7284,132468,-7275,-12235,133316,135,19228,553,0,52940,0.0009999999999976694
63633000,6946,-442,128674,9677,-2340,123165,105,19228,430,0,52941,0.0009999999999976694
63634001,-2991,10123,130286,-16474,-1697,133706,111,19226,430,0,52942,0.00100100000000225
63635000,-7445,1616,131692,-18204,-194,127591,142,19227,455,1,52943,0.0009990000000001942
63636000,-7522,5977,129819,-6217,4221,131523,142,19228,582,1,52944,0.0009999999999976694
63637001,-9050,10462,128559,-6873,8660,122466,111,19229,455,1,52945,0.00100100000000225
63638000,-2971,12871,129852,-7500,3884,126907,106,19220,434,0,52946,0.0009990000000001942
63639000,-1984,-11880,125802,-11079,-14454,127781,138,19220,565,0,52947,0.0009999999999976694
63640000,-1106,2518,127063,-4267,4516,123214,104,19232,565,0,52948,0.0010000000000047748
63641000,-2838,7165,130401,-10879,265,131523,117,19230,426,0,52949,0.0009999999999976694
63642000,-5627,6704,125960,-6440,4282,116298,117,19219,479,1,52950,0.0009999999999976694
63643000,-5703,7684,129527,-16213,4583,134834,113,19227,463,1,52951,0.0009999999999976694
63644000,-2979,6916,126495,-1997,6842,120104,106,19230,434,1,52952,0.0010000000000047748
63645000,875,11632,125654,3765,3322,122954,128,19225,524,0,52953,0.0009999999999976694
63646000,-417,-4991,123719,-12528,-10997,129434,101,19225,524,0,52954,0.0009999999999976694
63647000,5257,4762,125910,2679,4115,121535,111,19228,414,0,52955,0.0010000000000047748
63648000,340,-357,126585,6800,2739,136937,111,19226,455,1,52956,0.0009999999999976694
63649000,-4950,10145,124819,-16521,11626,115600,148,19225,606,1,52957,0.0009999999999976694
63650002,-780,13138,127030,-1338,12255,131215,110,19232,451,1,52958,0.0010020000000068308
63651002,6937,5321,122825,9534,1470,115698,97,19228,397,0,52959,0.0009999999999976694
63652002,10416,-1662,123182,2109,-9391,128337,99,19228,397,0,52960,0.0009999999999976694
63653000,6199,-7057,126044,6621,-10011,128551,117,19231,405,0,52961,0.000998000000002719
63654001,8350,18,125393,5604,-4081,119969,117,19228,479,0,52962,0.0010009999999951447
63655000,2511,-1486,129123,5674,-3658,134903,120,19220,491,1,52963,0.0009990000000001942
63656000,714,12835,128240,-5938,13563,117259,109,19228,446,1,52964,0.0010000000000047748
63657000,7288,13226,127217,7704,7663,131985,101,19232,414,1,52965,0.0009999999999976694
63658000,8822,-2498,125669,12383,-6067,123247,120,19232,414,0,52966,0.0009999999999976694
63659000,12994,-4620,126500,2608,-7478,129574,95,19222,491,0,52967,0.0010000000000047748
63660000,7159,-12138,125766,13077,-15395,131352,95,19227,389,0,52968,0.0009999999999976694
63661003,5530,3372,130038,-2101,535,123819,106,19234,434,1,52969,0.0010029999999972006
63662000,1601,10414,131342,6893,7255,134032,133,19230,545,1,52970,0.0009970000000052437
63663000,-3780,8143,128823,-4991,4725,121344,109,19224,446,1,52971,0.0009999999999976694
63664000,6060,-2719,129774,-6799,-6170,130757,100,19224,446,1,52972,0.0009999999999976694
63665000,7615,-4261,127556,12505,-8353,131335,153,19226,410,0,52973,0.0010000000000047748
63666000,11574,-2622,129060,11052,-4937,125854,153,19235,627,0,52974,0.0009999999999976694
63667000,6498,-2819,131274,1822,-6362,137100,107,19232,438,0,52975,0.0009999999999976694
63668000,-329,-820,132712,-10199,-3930,122692,109,19221,446,1,52976,0.0010000000000047748
63669000,-6111,10954,134155,-4668,7562,130742,133,19225,545,1,52977,0.0009999999999976694
63670000,-8389,316,131358,-3091,-2243,130361,103,19225,422,1,52978,0.0009999999999976694
63671000,-1866,-11702,125342,-9435,-15450,135243,109,19229,422,0,52979,0.0010000000000047748
63672000,-63,-663,129524,-7271,-5852,120177,89,19224,446,0,52980,0.0009999999999976694
63673000,2832,5990,130160,821,-8150,130941,89,19232,365,0,52981,0.0009999999999976694
63674000,-3225,10396,132185,93,6674,128085,111,19225,455,0,52982,0.0010000000000047748
63675000,-9080,-7878,129076,-20796,-9864,136297,134,19223,549,1,52983,0.0009999999999976694
63676000,-8119,1678,132387,-11633,9211,128675,116,19223,475,1,52984,0.0009999999999976694
63677000,-9524,17174,129082,-10923,12942,117290,99,19225,475,1,52985,0.0010000000000047748
63678000,-13,3858,127561,-7330,-6659,133714,148,19229,405,0,52986,0.0009999999999976694
63679000,-2217,-10253,125405,-4515,-12025,130912,148,19226,606,0,52987,0.0009999999999976694
63680000,-1424,-1957,126219,-4432,389,124218,103,19232,422,0,52988,0.0010000000000047748
63681000,-5978,17964,129512,-9453,14734,120305,109,19225,446,1,52989,0.0009999999999976694
63682000,-6286,10952,128568,-16432,260,125724,133,19225,545,1,52990,0.0009999999999976694
63683000,-6901,-355,127850,-4254,-2939,134015,112,19228,545,1,52991,0.0010000000000047748
63684000,-3538,3337,126096,-6788,-4351,120811,107,19229,459,1,52992,0.0009999999999976694
63685000,1561,118,125690,-2231,-750,125979,107,19218,438,0,52993,0.0009999999999976694
63686000,3425,17162,126253,-1494,3996,118576,84,19232,344,0,52994,0.0010000000000047748
63687000,4070,-2547,123663,-5560,-9818,134004,108,19226,442,0,52995,0.0009999999999976694
63688001,-3275,1307,126162,-888,3168,125818,125,19219,512,1,52996,0.00100100000000225
63689001,-3871,15415,126665,-10677,14853,117979,113,19219,512,1,52997,0.0009999999999976694
63690000,684,14850,126157,8956,10916,123498,93,19230,463,1,52998,0.0009990000000001942
63691000,6258,655,122931,1799,-8105,128274,93,19232,381,0,52999,0.0009999999999976694
63692000,11001,-4817,121255,-1189,-715,123296,129,19234,528,0,53000,0.0010000000000047748
63693000,8958,4699,127174,22782,1465,116104,107,19228,438,0,53001,0.0009999999999976694
63694000,5396,-4373,125328,1502,-10353,133749,114,19224,467,0,53002,0.0009999999999976694
63695000,2937,-2714,128796,-2745,-927,129561,139,19224,467,1,53003,0.0010000000000047748
63696002,3841,6868,129982,3923,3561,125704,110,19225,569,1,53004,0.0010019999999997253
63697000,6825,2019,125853,8691,5645,126185,110,19235,451,1,53005,0.0009979999999956135
63698000,8877,11286,127585,4626,-420,118151,97,19224,397,0,53006,0.0010000000000047748
63699000,10704,-15909,123026,6707,-22149,140252,121,19229,496,0,53007,0.0009999999999976694
63700000,5516,-4746,128583,12916,-2867,124950,109,19228,446,0,53008,0.0009999999999976694
63701000,3132,6511,130292,-3791,2561,127599,119,19228,446,1,53009,0.0010000000000047748
63702001,980,7397,129196,-1089,3920,124789,112,19225,487,1,53010,0.0010009999999951447
63703002,1099,11359,132110,5050,7609,130900,112,19229,459,1,53011,0.00100100000000225
63704000,3740,-7693,126028,-2232,-11470,133143,100,19228,410,1,53012,0.000998000000002719
63705000,6942,-1510,128952,195,-3639,119344,127,19222,520,0,53013,0.0009999999999976694
63706000,13064,-12241,130117,15756,-16453,138423,99,19226,405,0,53014,0.0009999999999976694
63707001,903,-4445,127125,8362,-7210,129652,103,19226,405,0,53015,0.00100100000000225
63708000,1136,5090,133097,-28196,1426,129881,145,19227,422,1,53016,0.0009990000000001942
63709000,-5890,13920,131967,634,13134,126585,145,19228,594,1,53017,0.0009999999999976694
63710000,-3484,3092,131175,10398,-845,121555,108,19232,442,1,53018,0.0009999999999976694
63711000,-3361,-13655,127265,-18323,-19181,137392,98,19226,401,0,53019,0.0010000000000047748
63712000,298,-10512,129466,-6543,-14012,130864,117,19232,479,0,53020,0.0009999999999976694
63713000,-1976,5688,132016,4408,3138,123055,108,19232,479,0,53021,0.0009999999999976694
63714001,-7770,5338,132362,-15060,1953,127569,118,19228,442,0,53022,0.00100100000000225
63715000,-8116,5202,130522,-14684,2360,137435,118,19222,483,1,53023,0.0009990000000001942
63716002,-10598,-2313,130718,-8741,-4960,128848,109,19228,446,1,53024,0.0010019999999997253
63717000,-4496,17564,130754,-11075,14990,116922,104,19228,426,1,53025,0.000998000000002719
63718000,-2933,3670,127827,-8854,2872,131593,120,19218,491,0,53026,0.0009999999999976694
63719001,-4474,-5670,124133,-5371,-9706,129319,94,19218,385,0,53027,0.00100100000000225
63720000,-912,-2724,127210,-5454,-16710,133018,102,19230,385,0,53028,0.0009990000000001942
63721000,-5477,17763,127785,-14588,20565,113081,137,19226,418,1,53029,0.0009999999999976694
63722000,-4912,16330,128110,-2945,11588,123935,137,19226,561,1,53030,0.0009999999999976694
63723000,-4545,-2729,129658,-8395,-5191,135391,117,19229,479,1,53031,0.0010000000000047748
63724000,2271,-833,123950,530,-5277,125172,105,19227,430,0,53032,0.0009999999999976694
63725000,-2108,-2406,123595,-708,874,126433,118,19227,483,0,53033,0.0009999999999976694
63726000,1724,7034,125538,-5251,1746,118968,106,19233,483,0,53034,0.0010000000000047748
63727000,1672,2683,124638,-3271,-6411,129828,110,19230,434,0,53035,0.0009999999999976694
63728002,-1683,11497,128011,-1555,-565,128035,110,19222,451,1,53036,0.0010019999999997253
63729001,-3102,15274,127121,-4286,7653,116745,138,19226,565,1,53037,0.0009990000000001942
63730000,1647,19346,127023,1299,13294,121418,104,19230,426,1,53038,0.0009990000000001942
63731000,8741,784,124412,5894,-7892,127786,110,19235,451,0,53039,0.0009999999999976694
63732000,8961,-5156,122609,8399,-8499,124081,96,19235,451,0,53040,0.0010000000000047748
63733000,6778,-3318,128487,6226,-11950,126695,111,19234,393,0,53041,0.0009999999999976694
63734000,5859,1860,125286,5741,2745,123202,111,19226,455,1,53042,0.0009999999999976694
63735002,326,12019,131112,-771,8219,129173,134,19225,549,1,53043,0.0010019999999997253
63736001,6144,4493,124470,-3645,2027,123667,114,19230,467,1,53044,0.0009990000000001942
63737001,8822,5266,125150,15794,2819,126076,97,19230,397,1,53045,0.0010000000000047748
63738000,9850,4937,126668,2669,-6220,117210,149,19230,397,0,53046,0.0009990000000001942
63739002,12590,-4301,126634,7346,-11996,133165,104,19234,610,0,53047,0.0010019999999997253
63740000,3618,-13656,128966,9531,-17667,139440,104,19231,426,0,53048,0.0009979999999956135
63741000,6274,-2276,129706,-10636,-3374,128155,103,19224,422,1,53049,0.0010000000000047748
63742000,-4134,14251,130287,7606,14681,119648,126,19228,516,1,53050,0.0009999999999976694
63743000,828,17735,131843,-1420,7377,123945,106,19231,434,1,53051,0.0009999999999976694
63744000,5546,-8868,125464,-4500,-9853,139975,111,19231,434,0,53052,0.0010000000000047748
63745000,8792,-6176,127473,15934,-8770,117662,91,19220,455,0,53053,0.0009999999999976694
63746000,9698,-1709,127692,2649,-8285,129563,91,19228,373,0,53054,0.0009999999999976694
63747003,-2281,1276,134626,-8634,-3732,124172,105,19229,430,0,53055,0.001003000000004306
63748002,3911,2366,132784,-8965,-2236,137098,124,19223,508,1,53056,0.0009990000000001942
63749000,-12972,1495,131740,456,2118,132186,111,19232,455,1,53057,0.0009979999999956135
63750000,-6001,16106,131447,-15066,12297,117288,97,19232,455,1,53058,0.0010000000000047748
63751000,2207,-9575,128588,-11579,-14428,138909,143,19229,397,0,53059,0.0009999999999976694
63752000,-118,-7550,129315,11428,-9858,127909,143,19230,586,0,53060,0.0009999999999976694
63753000,1168,5076,131018,-8602,2395,131052,108,19226,442,0,53061,0.0010000000000047748
63754000,-8527,2817,129275,-17843,-350,124723,111,19224,455,1,53062,0.0009999999999976694
63755000,-8054,5811,132405,-6502,3974,131168,139,19231,569,1,53063,0.0009999999999976694
63756001,-9708,6166,129928,-9260,3079,142375,110,19231,569,1,53064,0.00100100000000225
63757000,-4518,8105,126895,-17174,5302,113138,105,19232,451,1,53065,0.0009990000000001942
63758000,291,2673,129904,-6435,-641,129530,105,19222,430,0,53066,0.0009999999999976694
63759001,-1218,-7242,124624,2288,-10418,129624,140,19226,573,0,53067,0.00100100000000225
63760003,-1583,-6965,126470,-9447,-10674,131893,113,19227,463,0,53068,0.0010019999999997253
63761000,-6632,6785,128998,-13583,2736,126321,122,19220,500,1,53069,0.0009969999999981383
63762002,-6947,24348,129338,-7593,20518,126307,113,19220,463,1,53070,0.0010019999999997253
63763000,-7706,1036,127914,-7928,-1830,129768,106,19228,463,1,53071,0.000998000000002719
63764000,-2538,3373,125121,-5431,-1466,117638,135,19231,434,0,53072,0.0009999999999976694
63765000,-11,3273,123650,-3908,-215,129429,135,19225,553,0,53073,0.0010000000000047748
63766001,1549,2796,123623,2742,-2566,118952,105,19228,430,0,53074,0.0010009999999951447
63767000,5367,421,128355,-6738,-12997,139385,108,19227,442,0,53075,0.0009990000000001942
63768002,-1331,6857,126210,9723,9674,115060,149,19227,610,1,53076,0.0010019999999997253
63769001,-3744,18053,127379,-7951,10497,124395,112,19228,610,1,53077,0.0009990000000001942
63770000,4957,3143,125498,-9777,-156,129406,100,19234,459,1,53078,0.0009990000000001942
63771000,7516,10953,122660,13558,9393,113906,100,19226,410,0,53079,0.0009999999999976694
63772000,12483,-6298,121264,-3720,-15931,136572,94,19232,385,0,53080,0.0010000000000047748
63773000,4274,-4208,126226,7101,-2406,116597,110,19227,451,0,53081,0.0009999999999976694
63774000,8298,3575,127363,5463,-6230,135894,117,19227,479,1,53082,0.0009999999999976694
63775000,-285,10571,128613,-90,19753,117089,108,19221,479,1,53083,0.0010000000000047748
63776000,4837,16237,128653,550,4565,126565,102,19228,442,1,53084,0.0009999999999976694
63777000,8903,-6669,123490,7284,-7692,127764,102,19231,418,1,53085,0.0009999999999976694
63778000,11295,6535,127876,3759,-114,121416,124,19224,508,0,53086,0.0010000000000047748
63779000,12037,-19828,128155,12273,-20948,141245,98,19231,401,0,53087,0.0009999999999976694
63780000,5662,6957,128556,3233,2066,116221,101,19230,414,0,53088,0.0009999999999976694
63781000,2336,4940,130463,-12494,-4048,138488,135,19230,414,1,53089,0.0010000000000047748
63782000,1205,13308,130558,9989,12613,121248,113,19229,553,1,53090,0.0009999999999976694
63783000,-333,13259,129023,3488,2628,122022,113,19229,463,1,53091,0.0009999999999976694
63784000,7843,-4824,130112,-10166,-12683,132411,102,19224,418,0,53092,0.0010000000000047748
63785000,10354,-11300,128568,12933,-14184,127288,141,19232,577,0,53093,0.0009999999999976694
63786000,7427,-5781,131109,22559,-7764,134500,108,19230,442,0,53094,0.0009999999999976694
63787000,-2631,3045,129007,-22191,1899,122220,111,19230,442,0,53095,0.0010000000000047748
63788000,-2428,12349,133646,-14411,10084,128483,130,19221,455,1,53096,0.0009999999999976694
63789000,-2990,6459,132401,7451,647,129619,130,19232,532,1,53097,0.0009999999999976694
63790001,-4110,-4780,129808,-4303,-9695,129165,102,19232,418,1,53098,0.00100100000000225
63791000,-327,-16623,128353,-18623,-12943,139287,115,19222,471,0,53099,0.0009990000000001942
63792000,1496,2951,128933,2670,-4412,120246,105,19225,430,0,53100,0.0009999999999976694
63793000,550,519,129626,2432,-2218,136232,113,19225,430,0,53101,0.0010000000000047748
63794002,-7169,9149,132096,-19226,6241,125876,141,19229,463,1,53102,0.0010019999999997253
63795002,-12263,3585,128957,-13248,1046,129995,141,19224,577,1,53103,0.0009999999999976694
63796001,-5095,8847,131148,-5158,5457,128184,116,19233,475,1,53104,0.0009990000000001942
63797000,-3057,3577,128356,-5909,1148,128242,98,19229,401,1,53105,0.0009990000000001942
63798000,-2063,-4326,126200,-7385,-7993,128334,158,19228,647,0,53106,0.0009999999999976694
63799000,-3774,-953,125243,-10052,-3068,122168,99,19228,647,0,53107,0.0010000000000047748
63800006,-1738,497,127130,-4844,-1476,129913,106,19232,405,0,53108,0.0010059999999967317
63801000,-5212,7283,127755,-2901,3228,119762,106,19223,434,1,53109,0.0009939999999986071
63802000,-7876,3716,126662,-14303,-1367,131443,127,19227,520,1,53110,0.0010000000000047748
63803000,-3769,7466,126371,-11623,5966,122992,108,19229,442,1,53111,0.0009999999999976694
63804000,1345,6328,129206,6146,2640,119749,111,19223,455,0,53112,0.0009999999999976694
63805000,620,-14753,123151,-982,-18161,138473,90,19223,369,0,53113,0.0010000000000047748
63806002,-2188,2199,124401,-7968,-1172,121966,104,19230,369,0,53114,0.0010019999999997253
63807000,-2010,7454,126297,-2785,3840,125930,104,19228,426,0,53115,0.0009979999999956135
63808000,-2078,18695,126310,-2688,15776,118261,127,19217,520,1,53116,0.0010000000000047748
63809000,-203,3514,126033,-5711,-93,134409,112,19233,459,1,53117,0.0009999999999976694
63810000,6064,-5322,123574,8400,-9989,121887,94,19228,385,1,53118,0.0009999999999976694
63811001,6601,9060,122625,5084,5699,120217,117,19228,479,0,53119,0.00100100000000225
63812000,12591,4639,125034,-2338,1923,125474,110,19233,479,0,53120,0.0009990000000001942
63813000,5615,-2781,126016,21053,-6259,129381,115,19227,451,0,53121,0.0009999999999976694
63814000,3791,-9675,126055,-4284,-15112,135528,115,19225,471,1,53122,0.0010000000000047748
63815000,-656,17933,130870,-8683,19124,112836,128,19232,524,1,53123,0.0009999999999976694
63816000,9084,12604,127281,17492,290,130450,105,19232,430,1,53124,0.0009999999999976694
63817000,4723,-8198,125912,5017,-434,125575,103,19232,422,0,53125,0.0010000000000047748
63818000,9023,6076,127448,-7228,-3021,129085,103,19220,422,0,53126,0.0009999999999976694
63819001,9229,-15805,121172,19940,-9052,131626,110,19234,422,0,53127,0.00100100000000225
63820000,2917,5711,131602,-2641,3645,123083,110,19227,451,0,53128,0.0009990000000001942
63821000,5912,-3162,128291,-10493,-5424,134436,121,19224,496,1,53129,0.0009999999999976694
63822000,2297,18797,132401,9935,14216,121048,112,19228,459,1,53130,0.0009999999999976694
63823000,1493,4343,129533,-2213,-7329,134175,100,19231,410,1,53131,0.0010000000000047748
63824000,8766,-8880,126653,782,-12764,124865,136,19231,410,0,53132,0.0009999999999976694
63825000,6202,-2604,130411,13073,-7571,130843,101,19227,557,0,53133,0.0009999999999976694
63826000,6411,-11502,128506,8355,-14687,135609,101,19228,414,0,53134,0.0010000000000047748
63827000,-1083,17521,134007,-19144,15586,117799,102,19228,418,1,53135,0.0009999999999976694
63828001,-3785,7843,133688,934,-2069,133453,150,19227,614,1,53136,0.00100100000000225
63829000,-9922,2098,130483,815,-3793,129148,109,19232,446,1,53137,0.0009990000000001942
63830000,286,-5850,129495,-22905,-12418,131982,99,19232,446,1,53138,0.0009999999999976694
63831000,-2866,-5821,129062,3960,-4945,129618,113,19220,405,0,53139,0.0009999999999976694
63832000,7511,9578,131035,-273,3976,119813,113,19232,463,0,53140,0.0009999999999976694
63833001,-6349,-1197,130332,-14852,-8307,137848,105,19233,430,0,53141,0.00100100000000225
63834001,-5312,-3281,129696,-14714,-4735,128403,121,19221,496,1,53142,0.0010000000000047748
63835000,-9706,8989,130815,-10667,6398,129129,115,19226,471,1,53143,0.0009989999999930887
63836001,-8038,12142,130834,-7722,9229,123001,101,19226,471,1,53144,0.00100100000000225
63837000,-3171,12285,129412,-8574,1094,122688,125,19228,414,0,53145,0.0009990000000001942
63838000,-4855,-13153,122538,-10689,-9638,143799,125,19222,512,0,53146,0.0009999999999976694
63839000,-1364,4994,126774,-2037,3673,110251,96,19228,393,0,53147,0.0010000000000047748
63840000,-1752,6806,127299,-11011,-385,129563,103,19232,422,0,53148,0.0009999999999976694
63841000,-5379,9832,130408,-3260,7472,125943,148,19228,606,1,53149,0.0009999999999976694
63842000,-8158,6265,128413,-12730,2632,124644,114,19228,606,1,53150,0.0010000000000047748
63843000,-4246,-121,126075,-14110,-3677,132837,98,19229,467,1,53151,0.0009999999999976694
63844002,17,9378,125501,2852,6759,115708,98,19223,401,0,53152,0.0010019999999997253
63845000,3229,-4135,124612,2153,-7282,131970,107,19232,438,0,53153,0.000998000000002719
63846000,1176,675,126127,-2910,-3026,124924,106,19230,434,0,53154,0.0009999999999976694
63847000,487,3500,125273,-9588,2012,129801,119,19220,487,1,53155,0.0009999999999976694
63848000,-4329,15616,127476,-859,12822,119214,122,19220,487,1,53156,0.0010000000000047748
63849000,228,14194,125776,1201,10856,118998,99,19229,500,1,53157,0.0009999999999976694
63850000,3785,-2498,124516,-2374,-8165,146000,99,19229,405,0,53158,0.0009999999999976694
63851000,8349,-2397,121336,4770,-5859,111397,113,19234,463,0,53159,0.0010000000000047748
63852000,10073,3550,128341,7939,1527,124561,99,19227,405,0,53160,0.0009999999999976694
63853000,6050,-1810,124723,1744,-7002,128135,112,19226,459,0,53161,0.0009999999999976694
63854000,3344,-6446,125319,7982,-9611,127687,147,19226,602,1,53162,0.0010000000000047748
63855000,-615,8788,130172,-3248,8063,125786,114,19232,602,1,53163,0.0009999999999976694
63856000,8454,16570,126814,-1816,14047,116435,96,19229,467,1,53164,0.0009999999999976694
63857000,7697,56,126271,22760,-2731,127593,96,19225,393,0,53165,0.0010000000000047748
63858000,9468,-3550,126534,-4918,-7795,126774,128,19230,524,0,53166,0.0009999999999976694
63859000,8339,-10034,127661,7916,-13309,133039,107,19226,438,0,53167,0.0009999999999976694
63860000,3258,1713,130457,13599,-2689,126362,111,19226,455,1,53168,0.0010000000000047748
63861000,94,7459,130783,-12197,3663,127899,116,19224,455,1,53169,0.0009999999999976694
63862000,1402,11964,132348,3244,6742,123213,105,19234,475,1,53170,0.0009999999999976694
63863000,4212,-1053,126372,8162,-2364,129015,105,19233,430,1,53171,0.0010000000000047748
63864000,8583,-7404,128575,-5642,-10601,127769,116,19212,475,0,53172,0.0009999999999976694
63865000,9059,-4178,129217,10453,-6342,128665,109,19227,446,0,53173,0.0009999999999976694
63866000,3548,-7069,126462,-7430,-4811,132249,112,19227,459,0,53174,0.0010000000000047748
63867000,-168,5260,134213,-13282,6095,126754,137,19228,459,1,53175,0.0009999999999976694
63868000,-3362,2456,131278,4836,-3732,131103,114,19220,561,1,53176,0.0009999999999976694
63869000,-8183,8942,130497,-2296,389,127892,114,19233,467,1,53177,0.0010000000000047748
63870004,11,-5685,129706,-20525,-10691,133079,97,19225,397,0,53178,0.0010039999999946758
63871002,-712,-3846,128361,2449,-5487,126257,149,19232,610,0,53179,0.000998000000002719
63872000,1689,3960,130835,2518,1705,125605,105,19227,430,0,53180,0.000998000000002719
63873000,-7880,-31,131648,-15286,-1971,131780,108,19227,430,0,53181,0.0009999999999976694
63874000,-6946,8884,131889,-17186,766,126273,132,19224,442,1,53182,0.0009999999999976694
63875000,-7134,5295,129848,-11380,-2745,131637,132,19231,541,1,53183,0.0010000000000047748
63876000,-7525,12797,131814,-4650,9967,122560,108,19231,442,1,53184,0.0009999999999976694
63877000,-999,3960,128437,-9412,-4837,125789,113,19222,463,0,53185,0.0009999999999976694
63878000,-4655,-9550,125450,-7135,-11338,134078,119,19231,487,0,53186,0.0010000000000047748
63879000,-1785,3698,129343,-5220,826,124518,99,19231,487,0,53187,0.0009999999999976694
63880002,-2082,4031,125047,-7073,936,126532,122,19230,405,1,53188,0.0010019999999997253
63881000,-8483,19180,129673,-12219,17669,119939,122,19223,500,1,53189,0.000998000000002719
63882000,-3417,5210,127104,-9367,509,130779,117,19229,479,1,53190,0.0009999999999976694
63883000,-2513,-1425,124668,-627,-1459,127563,103,19229,422,1,53191,0.0009999999999976694
63884000,2352,4702,123850,-9838,2561,116957,144,19232,590,0,53192,0.0010000000000047748
63885000,3889,6808,124128,8370,8292,125426,105,19232,590,0,53193,0.0009999999999976694
63886003,3424,-3256,125668,-4101,-10256,127591,110,19230,430,0,53194,0.0010029999999972006
63887000,-1266,-8902,125242,-10964,-12032,136958,110,19221,451,1,53195,0.0009970000000052437
63888000,-4727,23753,128152,3245,23292,113764,144,19233,590,1,53196,0.0009999999999976694
63889000,3519,15128,126703,-1972,9219,119532,107,19232,438,1,53197,0.0009999999999976694
63890000,5173,5432,124766,4505,1883,130561,104,19224,426,0,53198,0.0010000000000047748
63891000,7385,-6477,121338,1462,-11905,129307,84,19224,426,0,53199,0.0009999999999976694
63892000,9387,-203,126231,13070,-1410,121111,111,19229,344,0,53200,0.0009999999999976694
63893000,4897,3480,129021,9629,-392,121490,111,19229,455,0,53201,0.0009999999999976694
63894000,4012,-179,126382,-6752,-2167,132823,125,19223,512,1,53202,0.0010000000000047748
63895000,990,10496,128461,2188,5420,123416,112,19230,459,1,53203,0.0009999999999976694
63896000,9144,4826,126841,11990,3167,128293,99,19231,405,1,53204,0.0009999999999976694
63897000,9856,9065,125114,4722,6119,116379,133,19231,545,0,53205,0.0010000000000047748
63898000,11224,-8397,129077,3263,-12463,132419,100,19224,545,0,53206,0.0009999999999976694
63899000,8791,-12549,125928,16397,-15739,139763,103,19228,410,0,53207,0.0009999999999976694
63900000,1436,14902,129775,-763,11421,121122,103,19222,422,1,53208,0.0010000000000047748
63901000,1347,11272,131934,-10897,7535,128233,133,19226,545,1,53209,0.0009999999999976694
63902000,1009,12186,129743,13445,9505,123173,110,19232,451,1,53210,0.0009999999999976694
63903001,6242,-4041,127163,-1934,-7705,134643,101,19232,414,1,53211,0.00100100000000225
63904000,10964,-10688,128242,-73,-14923,123404,122,19226,414,0,53212,0.0009990000000001942
63905000,9385,-958,129454,21269,-4425,135410,106,19233,500,0,53213,0.0009999999999976694
63906000,5895,-3035,129646,-7571,-9021,125474,106,19227,434,0,53214,0.0010000000000047748
63907000,-2852,12322,134311,-12697,9041,128625,117,19217,479,1,53215,0.0009999999999976694
63908000,-5308,-3099,132049,-75,-12287,136659,108,19232,442,1,53216,0.0009999999999976694
63909000,-8079,17452,131298,-3016,4527,117203,97,19232,397,1,53217,0.0010000000000047748
63910000,2628,-4238,129855,-17621,-15260,139330,122,19233,397,0,53218,0.0009999999999976694
63911000,-1232,-5583,129009,3031,-501,122918,103,19225,500,0,53219,0.0009999999999976694
63912002,-151,5301,130714,-9466,1385,126780,103,19230,422,0,53220,0.0010019999999997253
63913002,-6773,3858,131562,-15308,-517,131003,110,19228,451,1,53221,0.0010000000000047748
63914000,-9926,740,131067,-9796,2100,132120,149,19230,610,1,53222,0.0009979999999956135
63915000,-8733,5613,131507,-10197,5788,128132,111,19231,455,1,53223,0.0010000000000047748
63916000,-4519,10560,129461,-9424,3781,122067,96,19231,455,1,53224,0.0009999999999976694
63917000,-720,-692,126762,-5035,-251,130613,162,19225,393,0,53225,0.0009999999999976694
63918000,-2789,-4958,125474,-621,-3608,127380,162,19231,664,0,53226,0.0010000000000047748
63919000,615,-450,125802,-9166,-3712,128526,104,19230,426,0,53227,0.0009999999999976694
63920000,-4645,6048,128789,-7542,5642,124654,113,19221,463,1,53228,0.0009999999999976694
63921002,-9916,15685,130386,-7844,3163,124850,117,19232,479,1,53229,0.0010019999999997253
63922000,-6565,1528,127207,-9402,-3641,130106,105,19232,479,1,53230,0.000998000000002719
63923000,-2996,7036,128355,-4433,3077,126243,118,19232,430,0,53231,0.0009999999999976694
63924000,1483,5112,124156,-1036,3140,118296,118,19226,483,0,53232,0.0010000000000047748
63925000,863,4782,124706,140,-228,125473,98,19228,401,0,53233,0.0009999999999976694
63926001,1862,-7045,124799,-6281,-3564,133245,108,19228,442,0,53234,0.00100100000000225
63927000,-3238,2216,124884,-4330,3949,120797,137,19220,561,1,53235,0.0009990000000001942
63928000,-908,15558,128237,-6589,11139,123660,110,19220,561,1,53236,0.0009999999999976694
63929000,-364,8758,124762,6510,4124,121253,92,19233,451,1,53237,0.0009999999999976694
63930001,6625,3112,124056,985,-3329,125395,92,19227,377,0,53238,0.00100100000000225
63931000,11570,-3543,122177,4270,-9503,126300,108,19230,442,0,53239,0.0009990000000001942
63932000,7289,215,125815,15562,2490,126709,112,19228,459,0,53240,0.0009999999999976694
63933000,8005,-3243,126420,1980,-10115,123920,116,19224,475,1,53241,0.0010000000000047748
63934000,-1594,3791,129169,-2249,1001,126446,121,19224,475,1,53242,0.0009999999999976694
63935000,2779,7171,128359,2751,5298,134115,102,19228,496,1,53243,0.0009999999999976694
63936000,6908,5579,124514,8818,4573,115270,102,19232,418,1,53244,0.0010000000000047748
63937000,9143,6533,126665,739,686,126238,111,19220,455,0,53245,0.0009999999999976694
63938002,12645,-12098,123259,8882,-16824,132376,95,19228,389,0,53246,0.0010019999999997253
63939000,5274,-10249,127942,16538,-12449,128374,108,19228,442,0,53247,0.000998000000002719
63940000,5616,-1238,132013,-11018,-4988,132292,129,19228,442,1,53248,0.0009999999999976694
63941000,-378,21093,131881,-1722,15804,120958,113,19225,528,1,53249,0.0009999999999976694
63942000,-1395,12430,130944,10777,7974,127816,113,19232,463,1,53250,0.0010000000000047748
63943000,5798,-10182,125649,-7297,-13525,131789,99,19232,405,0,53251,0.0009999999999976694
63944001,7157,-7601,130651,-1188,-10682,136531,151,19235,618,0,53252,0.00100100000000225
63945000,10942,-5831,126084,29096,-11139,124198,104,19231,426,0,53253,0.0009990000000001942
63946000,4245,4742,132759,-14371,1916,126272,106,19231,434,0,53254,0.0009999999999976694
63947000,-442,7866,132041,-19733,3475,132398,137,19224,434,1,53255,0.0009999999999976694
63948000,-8256,3242,129677,13460,800,127692,103,19230,561,1,53256,0.0010000000000047748
63949000,-5414,2558,130778,-11773,379,128882,103,19236,422,1,53257,0.0009999999999976694
63950000,-688,-7885,128862,-17819,-12294,129728,104,19220,426,0,53258,0.0009999999999976694
63951000,5253,2515,130929,6545,-1833,127835,85,19230,348,0,53259,0.0010000000000047748
63952002,-2782,2663,131650,-1632,-656,130071,109,19230,446,0,53260,0.0010019999999997253
63953000,-7087,1264,131664,-15369,-1780,128858,131,19230,446,1,53261,0.0009979999999956135
63954001,-12258,7319,131638,-14116,6589,131365,116,19224,537,1,53262,0.00100100000000225
63955000,-11676,6549,129899,-11647,4519,129512,116,19228,475,1,53263,0.0009990000000001942
63956000,-2832,13182,131575,-10983,3384,118053,98,19228,401,1,53264,0.0009999999999976694
63957000,-5787,-4580,124109,-3129,-8492,131040,141,19226,577,0,53265,0.0009999999999976694
63958001,836,-4966,127214,-8311,-3919,128701,101,19226,414,0,53266,0.00100100000000225
63959000,329,93,126839,-4726,-1090,126841,106,19229,414,0,53267,0.0009990000000001942
63960000,-4536,9943,127903,-10375,11287,123858,142,19227,434,1,53268,0.0009999999999976694
63961000,-7720,15090,128713,-16325,7779,121655,142,19228,582,1,53269,0.0010000000000047748
63962000,-7214,5582,126380,-4346,-10202,131271,113,19232,463,1,53270,0.0009999999999976694
63963000,3384,8057,126557,5658,-8549,122838,105,19219,430,0,53271,0.0009999999999976694
63964001,-2887,-3208,124802,-2614,-3472,126683,83,19233,340,0,53272,0.00100100000000225
63965000,2333,6261,127236,-9069,3231,119998,110,19233,340,0,53273,0.0009990000000001942
63966000,-2349,11815,125923,1882,7319,122966,124,19229,451,0,53274,0.0009999999999976694
63967000,-3059,6252,124305,-4240,5300,136018,124,19220,508,1,53275,0.0010000000000047748
63968001,-1184,7090,125139,-6036,8404,111022,112,19231,459,1,53276,0.0010009999999951447
63969000,5277,9866,125130,2174,2545,124780,98,19232,401,1,53277,0.0009990000000001942
63970000,11929,2299,125135,8161,-4765,126202,128,19235,524,0,53278,0.0010000000000047748
63971000,10209,-5771,124343,8158,-11279,123512,110,19235,524,0,53279,0.0009999999999976694
63972001,8337,-9454,126558,896,-14757,132689,114,19224,451,0,53280,0.00100100000000225
63973000,-1770,2135,125433,4870,7141,121145,114,19226,467,1,53281,0.0009990000000001942
63974000,2225,13952,129579,-2200,9956,129273,145,19229,594,1,53282,0.0009999999999976694
63975000,5113,10958,125984,5718,3609,121857,112,19232,459,1,53283,0.0009999999999976694
63976000,7794,-1270,124515,12260,-5192,127813,99,19225,405,0,53284,0.0010000000000047748
63977000,12499,924,128407,-624,-853,123147,118,19225,405,0,53285,0.0009999999999976694
63978000,8285,-7973,126177,15335,-12786,129227,105,19230,483,0,53286,0.0009999999999976694
63979001,5521,-6389,129023,4606,-6587,140917,105,19226,430,0,53287,0.00100100000000225
63980000,1033,1597,128712,-12605,-3985,120109,112,19223,459,1,53288,0.0009990000000001942
63981000,907,10830,130544,8064,8391,123334,109,19230,446,1,53289,0.0009999999999976694
63982000,2819,12149,129717,1669,4747,127900,103,19230,422,1,53290,0.0010000000000047748
63983001,7099,-16174,124642,-3998,-20309,130485,125,19230,422,0,53291,0.0010009999999951447
63984000,9687,-4575,129978,16061,-7268,127195,97,19224,512,0,53292,0.0009990000000001942
63985000,2327,-4510,126814,6491,-7637,128074,97,19229,397,0,53293,0.0010000000000047748
63986001,2060,5101,134463,-18541,5006,125484,103,19227,422,1,53294,0.0010009999999951447
63987000,-5827,5340,134980,-85,-1242,134042,141,19226,577,1,53295,0.0009990000000001942
63988000,-8376,-5524,127120,2639,-8421,134673,111,19230,455,1,53296,0.0010000000000047748
63989001,-2049,9257,133025,-23342,7186,117128,97,19230,397,1,53297,0.0010009999999951447
63990006,-581,-12221,127145,71,-17428,137727,132,19228,397,0,53298,0.0010049999999992565
63991002,8660,12776,128702,15499,9357,120975,107,19233,541,0,53299,0.000996000000000663
63992000,-8948,-1594,129939,-21823,-5166,129283,107,19228,438,0,53300,0.000998000000002719
63993001,-3480,-2258,131851,-13963,-4932,133716,117,19221,479,1,53301,0.00100100000000225
63994000,-10711,7976,130686,-2929,5256,129468,125,19227,512,1,53302,0.0009990000000001942
63995000,-9893,8998,130040,-11427,5788,129295,105,19227,430,1,53303,0.0009999999999976694
63996000,-2128,10867,128856,-14843,10002,120021,114,19231,430,1,53304,0.0009999999999976694
63997000,-2708,-7782,126056,-5263,-11532,135598,109,19219,467,0,53305,0.0010000000000047748
63998000,-127,3569,128641,2688,-1876,120482,109,19230,446,0,53306,0.0009999999999976694
63999000,-5119,-681,127269,-11902,-3653,129707,108,19233,442,0,53307,0.0009999999999976694
64000002,-4803,8023,126870,-10208,2809,120629,134,19224,549,1,53308,0.0010019999999997253
64001002,-4225,11628,128430,-8237,11171,130614,117,19224,479,1,53309,0.0010000000000047748
64002003,-6061,-6531,126014,-5939,-490,129303,102,19229,479,1,53310,0.00100100000000225
64003000,-1234,18953,125775,3115,3981,113088,127,19225,418,0,53311,0.0009969999999981383
64004000,365,-1203,123911,-18765,-11368,136828,127,19232,520,0,53312,0.000999999999990564
64005000,5621,-2120,126295,10058,-997,124103,108,19227,442,0,53313,0.0010000000000047748
64006000,-597,3731,125630,4817,-1919,125515,110,19224,451,1,53314,0.0010000000000047748
64007000,-4900,19625,127713,-13052,13715,118839,130,19231,532,1,53315,0.000999999999990564
64008000,276,17032,126900,-380,6084,126835,103,19231,532,1,53316,0.0010000000000047748
64009000,9806,-46,123058,9495,-1297,127453,105,19232,422,0,53317,0.0010000000000047748
64010000,8538,11013,123875,5771,4992,112666,105,19225,430,0,53318,0.000999999999990564
64011000,8399,-4928,123285,235,-12725,131289,90,19229,369,0,53319,0.0010000000000047748
64012000,10006,-5539,126778,8987,-6472,128079,110,19227,451,0,53320,0.0010000000000047748
64013000,4194,625,127536,5238,-881,129549,129,19224,528,1,53321,0.000999999999990564
64014000,1192,7073,129747,-5558,15199,120762,108,19224,528,1,53322,0.0010000000000047748
64015000,5568,16343,127689,5657,-2082,122873,93,19230,442,1,53323,0.0010000000000047748
64016000,10255,-11497,124700,13893,-23579,137239,93,19227,381,0,53324,0.000999999999990564
64017000,9667,1005,127760,2501,-141,122095,144,19233,590,0,53325,0.0010000000000047748
64018000,8156,-1051,129366,11863,-4984,126657,105,19234,430,0,53326,0.0010000000000047748
64019002,6016,1083,128419,4895,335,127251,107,19225,438,0,53327,0.0010019999999997253
64020000,1325,3185,129847,-6136,912,133109,125,19225,438,1,53328,0.0009979999999956135
64021000,439,4980,128957,2028,3575,126042,105,19227,512,1,53329,0.0010000000000047748
64022001,2812,10266,129062,1776,6540,117790,105,19233,430,1,53330,0.00100100000000225
64023000,9016,-6815,127724,302,-13053,133072,105,19225,430,0,53331,0.0009989999999930887
64024001,12830,-12382,130066,17113,-15033,132488,118,19229,483,0,53332,0.00100100000000225
64025002,3661,-6939,129497,1963,-12484,133816,112,19231,459,0,53333,0.00100100000000225
64026000,-1366,9433,131483,-21463,15365,123313,122,19231,459,1,53334,0.0009979999999956135
64027003,-5520,18478,135224,-1550,12711,121996,108,19220,500,1,53335,0.0010029999999972006
64028002,-5366,-7459,128320,2858,-13398,142392,108,19227,442,1,53336,0.0009990000000072996
64029004,-2719,-7855,128929,-14113,-12525,129895,94,19231,385,0,53337,0.0010019999999997253
64030001,-810,-9905,129304,-7237,-8179,128278,136,19228,557,0,53338,0.0009969999999981383
64031001,4087,10679,131074,2526,8908,123365,104,19229,426,0,53339,0.0010000000000047748
64032000,-3754,2807,130037,-7377,-3145,133039,108,19229,442,0,53340,0.0009989999999930887
64033001,-8807,-3062,130283,-18842,-4501,134288,141,19224,442,1,53341,0.00100100000000225
64034000,-9253,7459,130320,-11382,6177,125466,110,19228,577,1,53342,0.0009989999999930887
64035001,-6147,11571,131532,-6599,8499,126222,110,19233,451,1,53343,0.00100100000000225
64036002,-250,-283,127672,-6676,-4309,129931,101,19226,414,0,53344,0.00100100000000225
64037002,-5638,-5647,125065,-9032,-8467,129628,142,19230,582,0,53345,0.0010000000000047748
64038000,-3503,10292,127079,-18118,8214,123364,102,19230,418,0,53346,0.0009979999999956135
64039000,-2126,7664,127556,2479,3750,120436,113,19231,418,1,53347,0.0010000000000047748
64040000,-6560,5289,128690,-3991,1243,132568,111,19222,463,1,53348,0.000999999999990564
64041000,-6534,2144,128397,-23173,-68,126515,111,19228,455,1,53349,0.0010000000000047748
64042000,-2058,9732,128013,-2577,6094,121623,102,19231,418,1,53350,0.0010000000000047748
64043000,4362,-5473,125275,6946,-6930,129140,127,19227,520,0,53351,0.000999999999990564
64044000,-786,-4817,123044,-1555,-8457,120203,109,19227,446,0,53352,0.0010000000000047748
64045002,1006,2688,126314,-7049,352,128130,109,19229,446,0,53353,0.0010019999999997253
64046000,-2643,12181,124614,-3196,8958,117472,152,19224,446,1,53354,0.0009979999999956135
64047003,-3344,16335,129168,-4024,15406,127000,152,19228,623,1,53355,0.0010030000000114114
64048000,2556,3121,124317,-3454,89,125764,112,19232,459,1,53356,0.0009969999999981383
64049000,3472,-3696,123060,11149,-6212,131368,99,19225,405,0,53357,0.000999999999990564
64050000,8881,7433,125956,-2624,1446,113141,92,19229,377,0,53358,0.0010000000000047748
64051000,8652,6069,124616,2889,-749,125260,108,19229,377,0,53359,0.0010000000000047748
64052000,3574,-4951,126726,18596,-4893,136673,116,19228,442,0,53360,0.000999999999990564
64053000,4168,-3401,124161,-7632,1363,122390,116,19225,475,1,53361,0.0010000000000047748
64054000,4293,10606,127963,11591,9366,126153,107,19229,438,1,53362,0.0010000000000047748
64055004,10568,12560,126904,9347,7873,120100,100,19232,410,1,53363,0.0010039999999946758
64056000,9477,-2938,125186,-2135,-10430,127520,115,19221,471,0,53364,0.000996000000000663
64057001,10922,-2891,127843,11205,-14944,134797,93,19221,471,0,53365,0.00100100000000225
64058000,4958,-12697,124376,8653,-8244,130283,99,19230,381,0,53366,0.0009989999999930887
64059001,3617,11551,132240,-4686,7849,120566,99,19228,405,1,53367,0.00100100000000225
64060000,-652,9084,130523,27,3721,126800,136,19229,557,1,53368,0.0009990000000072996
64061000,1147,8182,129915,-181,7251,139528,112,19233,459,1,53369,0.000999999999990564
64062000,4323,-4128,128232,3977,-7296,120203,99,19227,405,1,53370,0.0010000000000047748
64063001,7950,-7947,126607,7389,-14618,124628,141,19227,405,0,53371,0.00100100000000225
64064000,8804,-477,131962,8759,-7955,134502,106,19233,577,0,53372,0.0009989999999930887
64065001,2085,-6871,130270,-3793,-7441,127658,106,19230,434,0,53373,0.00100100000000225
64066000,3310,11129,134129,-14131,9678,129769,108,19227,442,1,53374,0.0009990000000072996
64067000,-10652,5506,131554,2519,1972,125142,126,19229,516,1,53375,0.000999999999990564
64068000,-5614,60,130402,-10576,-6944,129005,102,19228,418,1,53376,0.0010000000000047748
64069000,372,-7496,129682,-10256,-14286,140032,112,19228,418,0,53377,0.0010000000000047748
64070000,-847,-5398,128934,2672,-5803,129422,92,19219,459,0,53378,0.000999999999990564
64071000,494,8737,130300,-4060,8454,117877,92,19229,377,0,53379,0.0010000000000047748
64072002,-7486,801,130658,-14411,-6431,136145,107,19229,438,0,53380,0.0010019999999997253
64073000,-5007,-898,130016,-8648,-215,136232,137,19226,561,1,53381,0.0009979999999956135
64074000,-13553,5860,129217,-11555,2881,124189,118,19228,483,1,53382,0.0010000000000047748
64075000,-3218,15992,130914,-15984,14415,123834,100,19228,483,1,53383,0.0010000000000047748
64076000,-3481,2137,127696,-3500,-3422,128623,156,19228,410,0,53384,0.000999999999990564
64077000,-3372,-14855,123064,-3097,-17681,134582,156,19228,639,0,53385,0.0010000000000047748
64078000,-439,4495,128501,-10074,1102,122692,105,19230,430,0,53386,0.0010000000000047748
64079000,-5243,8256,128235,-8195,3841,122159,110,19220,451,1,53387,0.000999999999990564
64080000,-5149,8701,130949,-2584,6214,124801,132,19227,541,1,53388,0.0010000000000047748
64081000,-11648,798,128121,-16621,-3182,129612,112,19227,459,1,53389,0.0010000000000047748
64082000,-2774,5905,126362,-7203,2728,126717,112,19227,459,0,53390,0.000999999999990564
64083000,-1232,6487,124823,3127,3570,119572,89,19220,459,0,53391,0.0010000000000047748
64084002,2393,-9152,122998,-6395,-14190,131776,89,19231,365,0,53392,0.0010019999999997253
64085000,4469,9365,127852,2563,7138,123812,107,19230,438,0,53393,0.0009979999999956135
64086006,-3113,5376,123961,-7412,3002,124316,131,19218,537,1,53394,0.0010060000000038372
64087000,140,12983,127233,-2779,8998,123542,117,19218,479,1,53395,0.0009940000000057125
64088000,1759,3603,124221,4183,1397,122615,97,19231,479,1,53396,0.000999999999990564
64089001,7369,-213,122957,2298,-2548,125174,133,19228,397,0,53397,0.00100100000000225
64090000,6482,2432,125502,1062,-94,122247,133,19228,545,0,53398,0.0009990000000072996
64091000,7922,-3065,125079,12243,-6852,125414,109,19227,446,0,53399,0.000999999999990564
64092000,5899,2415,128492,5913,-51,127600,113,19225,463,1,53400,0.0010000000000047748
64093000,-290,-5182,126648,-729,-9430,127994,137,19225,561,1,53401,0.0010000000000047748
64094000,3269,17043,127907,5088,13007,121195,112,19232,561,1,53402,0.000999999999990564
64095000,8034,7345,124883,594,5414,123918,104,19231,459,1,53403,0.0010000000000047748
64096000,8827,-5648,127300,7274,8061,128018,104,19222,426,0,53404,0.0010000000000047748
64097000,13061,-7578,124189,12944,-17840,132496,106,19232,434,0,53405,0.000999999999990564
64098000,6493,-13354,125046,3035,-9289,132386,103,19228,422,0,53406,0.0010000000000047748
64099000,6800,1943,131424,7648,-214,132456,118,19221,483,1,53407,0.0010000000000047748
64100000,-4046,11289,129201,-1633,14331,117793,113,19221,483,1,53408,0.000999999999990564
64101000,2359,19667,132595,-3250,4507,128469,100,19229,463,1,53409,0.0010000000000047748
64102000,4673,-10456,125902,4084,-14358,134772,100,19232,410,0,53410,0.0010000000000047748
64103000,10642,-3582,128585,11632,-4337,123226,134,19222,549,0,53411,0.000999999999990564
64104001,7306,3161,128021,4682,-6980,130034,110,19226,451,0,53412,0.00100100000000225
64105000,1742,-7751,129733,-12664,-2399,127866,108,19224,442,0,53413,0.0009990000000072996
64106000,1650,12238,136377,-4987,3427,129667,155,19224,442,1,53414,0.000999999999990564
64107000,-7484,192,131877,2412,-3238,132626,109,19230,635,1,53415,0.0010000000000047748
64108000,-7457,1571,130766,-9862,2040,121353,109,19233,446,1,53416,0.0010000000000047748
64109000,-920,-4547,130331,-16917,-17629,133269,101,19227,414,0,53417,0.000999999999990564
64110000,2308,-5339,128557,6698,-6627,127546,114,19230,467,0,53418,0.0010000000000047748
64111000,-668,3236,133197,2018,-4025,131353,109,19228,446,0,53419,0.000999999999990564
64112000,-9146,4453,131239,-22180,2653,125856,120,19228,446,1,53420,0.0010000000000047748
64113000,-8576,9795,131525,-15255,6376,130221,112,19220,491,1,53421,0.0010000000000047748
64114002,-10185,2457,128577,-3563,991,131387,112,19229,459,1,53422,0.0010019999999997253
64115000,-2052,18278,129373,-6059,12112,117205,103,19233,422,1,53423,0.0009979999999956135
64116000,-3782,-1307,125169,-11183,-5989,130069,125,19219,512,0,53424,0.0010000000000047748
64117001,-283,-3002,127253,-5287,-3316,127292,97,19229,397,0,53425,0.00100100000000225
64118000,1142,1782,127723,-3222,-1865,129233,103,19229,397,0,53426,0.0009989999999930887
64119000,-5288,4046,127422,-8868,-34,128159,142,19226,422,1,53427,0.0010000000000047748
64120000,-6491,18795,127536,-10822,20565,116900,142,19228,582,1,53428,0.000999999999990564
64121000,-3480,9579,128380,-10211,4358,126678,117,19231,479,1,53429,0.0010000000000047748
64122000,1302,-3502,125098,7632,-8056,130351,101,19230,414,0,53430,0.0010000000000047748
64123000,-2054,980,123775,-9579,-2355,121675,114,19232,467,0,53431,0.000999999999990564
64124000,1177,5405,126982,-6364,3296,122259,108,19232,442,0,53432,0.0010000000000047748
64125000,1194,4823,126294,7259,2713,127054,114,19228,442,0,53433,0.0010000000000047748
64126000,-1865,-2272,125857,-7409,-5480,133029,132,19224,467,1,53434,0.000999999999990564
64127001,-3430,12926,125852,-6554,12146,117511,132,19231,541,1,53435,0.00100100000000225
64128000,5307,13555,125277,2359,9205,118043,100,19235,410,1,53436,0.0009990000000072996
64129000,10573,-312,123174,8159,-4367,128392,113,19230,463,0,53437,0.000999999999990564
64130000,9960,-5876,123032,8156,-10843,126187,100,19230,410,0,53438,0.0010000000000047748
64131000,5251,-4173,123616,2857,-7745,127552,113,19227,410,0,53439,0.0010000000000047748
64132000,3757,8832,126439,2887,5142,120342,137,19227,463,1,53440,0.000999999999990564
64133000,4048,7682,129673,3377,4813,128573,137,19226,561,1,53441,0.0010000000000047748
64134000,2853,8364,128042,1868,5553,127111,113,19232,463,1,53442,0.0010000000000047748
64135000,7827,3784,126249,4599,117,124271,96,19228,393,1,53443,0.000999999999990564
64136000,10553,837,126589,7525,-2343,122198,141,19228,577,0,53444,0.0010000000000047748
64137000,10336,-9569,127080,11804,-11155,134213,105,19235,577,0,53445,0.0010000000000047748
64138000,4689,-10059,128117,4960,-14677,132312,108,19232,430,0,53446,0.000999999999990564
64139000,2840,14540,133143,-4339,9385,126671,108,19227,442,1,53447,0.0010000000000047748
64140000,-968,11665,128727,416,8415,126024,123,19228,504,1,53448,0.0010000000000047748
64141000,2867,5676,129050,3922,3987,129229,105,19231,430,1,53449,0.000999999999990564
64142000,6363,-11817,128497,-2445,-9357,132832,110,19220,451,0,53450,0.0010000000000047748
64143000,10252,-15316,128735,5543,-19092,129039,88,19220,451,0,53451,0.0010000000000047748
64144000,3735,8325,131896,15199,-1931,128661,104,19231,360,0,53452,0.000999999999990564
64145000,-772,-3588,129430,-16936,-4905,129940,104,19227,426,0,53453,0.0010000000000047748
64146000,-5492,8436,134243,-10097,4627,131368,126,19220,516,1,53454,0.0010000000000047748
64147000,-6118,-1264,130649,4334,-6136,130219,110,19233,451,1,53455,0.000999999999990564
64148001,-4835,1682,128865,-15822,-720,127861,93,19229,381,1,53456,0.00100100000000225
64149002,3956,-4504,129222,-5016,-7075,130318,145,19229,381,0,53457,0.00100100000000225
64150002,1946,-2080,127074,5102,-5030,126624,107,19233,594,0,53458,0.0010000000000047748
64151000,-1874,6976,130633,-16565,1920,125580,107,19230,438,0,53459,0.0009979999999956135
64152000,-8027,2156,130681,-18190,248,133366,113,19222,463,1,53460,0.0010000000000047748
64153000,-9638,5227,133802,-5888,68,129135,135,19228,553,1,53461,0.000999999999990564
64154000,-8664,11227,130547,-7709,5322,126208,106,19230,434,1,53462,0.0010000000000047748
64155002,-3503,-449,129549,-16013,-4722,133738,104,19230,434,1,53463,0.0010019999999997253
64156000,-1024,-1400,125472,-233,-4268,118804,133,19223,426,0,53464,0.0009979999999956135
64157001,-3697,1236,126852,462,-4728,129506,133,19231,545,0,53465,0.00100100000000225
64158000,-2944,7468,128262,-20360,7898,123546,105,19229,430,0,53466,0.0009990000000072996
64159000,-6488,11268,130188,-4300,5811,124955,123,19222,504,1,53467,0.000999999999990564
64160000,-5379,-776,125546,-7459,-180,135392,113,19230,463,1,53468,0.0010000000000047748
64161000,-3538,4318,126064,-12672,4549,115768,97,19230,463,1,53469,0.0010000000000047748
64162000,44,7933,126071,2804,1019,128930,134,19228,397,0,53470,0.000999999999990564
64163000,3846,-4119,121945,-2204,-8774,127019,134,19232,549,0,53471,0.0010000000000047748
64164000,-1001,2369,126527,-4178,-510,125398,105,19234,430,0,53472,0.0010000000000047748
64165000,137,7676,127162,-744,4430,124478,109,19227,446,0,53473,0.000999999999990564
64166000,-5845,15923,126454,-4389,14119,118200,153,19225,627,1,53474,0.0010000000000047748
64167000,-1219,10357,128122,-9714,5672,136171,106,19225,434,1,53475,0.0010000000000047748
64168000,7425,3633,121110,7860,203,115502,96,19232,434,1,53476,0.000999999999990564
64169000,5587,6207,122978,9542,5094,123017,92,19223,393,0,53477,0.0010000000000047748
64170000,12057,-4033,122571,-3957,-7013,124344,92,19230,377,0,53478,0.0010000000000047748
64171000,7977,-7027,125430,11308,-10342,129419,120,19227,491,0,53479,0.000999999999990564
64172000,4188,-985,127489,5527,-4008,133378,128,19220,524,1,53480,0.0010000000000047748
64173000,1602,14808,129896,-5737,13561,113495,113,19220,463,1,53481,0.0010000000000047748
64174000,6582,-462,127512,10615,-3571,135446,99,19228,463,1,53482,0.000999999999990564
64175000,6822,-2162,125667,6206,-6024,125486,127,19232,405,0,53483,0.0010000000000047748
64176000,8884,8070,127956,-6125,3897,123900,127,19223,520,0,53484,0.0010000000000047748
64177000,7539,-7294,126390,17203,-10824,131311,108,19226,442,0,53485,0.000999999999990564
64178000,2439,2648,128739,3865,-1362,123186,105,19226,430,0,53486,0.0010000000000047748
64179000,4208,1179,132204,-6915,-3446,145288,142,19226,582,1,53487,0.0010000000000047748
64180000,1703,20999,129427,5595,18073,113599,111,19234,582,1,53488,0.000999999999990564
64181002,3649,9778,130942,3144,5956,132284,105,19231,455,1,53489,0.0010019999999997253
64182000,8671,-13598,126207,-749,-17225,130288,105,19222,430,0,53490,0.0009980000000098244
64183000,11700,-15901,129128,6329,-19969,134038,130,19235,532,0,53491,0.000999999999990564
64184000,3913,885,131061,19064,-2609,132193,106,19229,434,0,53492,0.0010000000000047748
64185000,545,8988,131403,-18204,6486,119025,114,19220,467,1,53493,0.0010000000000047748
64186000,-5181,12285,135360,-19168,8407,132413,120,19220,467,1,53494,0.000999999999990564
64187000,-8438,517,129354,18202,-4631,131350,100,19231,491,1,53495,0.0010000000000047748
64188000,-1191,-7834,126585,-12499,-12141,128143,100,19233,410,1,53496,0.0010000000000047748
64189002,-2225,-9374,130192,-19833,-12131,132131,120,19227,491,0,53497,0.0010019999999997253
64190000,6480,-735,129600,7704,-9089,131293,97,19232,397,0,53498,0.0009979999999956135
64191000,-5744,6722,132288,2463,-2226,125943,107,19228,438,0,53499,0.0010000000000047748
64192000,-7451,-2823,129416,-27013,-1281,131034,143,19228,438,1,53500,0.000999999999990564
64193000,-9420,3089,129401,-10842,4673,132349,117,19224,586,1,53501,0.0010000000000047748
64194000,-8409,10814,129644,792,10122,117739,117,19230,479,1,53502,0.0010000000000047748
64195000,-688,8637,130461,-8229,-4179,134145,100,19227,410,0,53503,0.000999999999990564
64196000,-8279,-14124,123189,-6836,-9635,127894,167,19232,684,0,53504,0.0010000000000047748
64197001,1055,3709,127833,-4211,2479,125469,102,19227,418,0,53505,0.00100100000000225
64198000,-4476,7473,127055,-3351,-1120,130271,107,19227,418,0,53506,0.0009989999999930887
64199001,-7131,10394,127004,-10773,13040,118085,119,19221,438,1,53507,0.00100100000000225
64200000,-7585,6938,130391,-17708,-938,130740,119,19228,487,1,53508,0.0009990000000072996
64201000,-1601,5526,126018,-737,6762,122277,111,19230,455,1,53509,0.000999999999990564
64202000,3561,-1014,125696,12322,-6297,132950,116,19225,475,0,53510,0.0010000000000047748
64203000,-3186,-11811,122212,-12375,-9603,122671,93,19230,381,0,53511,0.0010000000000047748
64204000,4282,7208,126547,-13446,4473,123273,105,19230,381,0,53512,0.000999999999990564
64205000,-1593,5938,126718,13480,1683,129119,135,19227,430,1,53513,0.0010000000000047748
64206000,-3543,15586,126181,-4388,12046,115816,135,19223,553,1,53514,0.0010000000000047748
64207000,-884,4167,123943,-9507,2170,131742,115,19233,471,1,53515,0.000999999999990564
64208003,3359,4395,124346,8233,642,118995,96,19228,393,0,53516,0.0010029999999972006
64209000,13599,991,123725,9017,-7493,126923,119,19235,487,0,53517,0.0009970000000123491
64210000,4132,-6448,126434,7028,-8153,126459,109,19235,487,0,53518,0.000999999999990564
64211000,6771,584,125761,-869,-2500,124617,113,19226,446,0,53519,0.0010000000000047748
64212000,933,572,126547,6580,-62,129641,113,19225,463,1,53520,0.0010000000000047748
64213000,4395,15093,128035,1678,11558,119654,125,19229,512,1,53521,0.000999999999990564
64214000,10911,6437,124358,7453,3412,124496,107,19236,438,1,53522,0.0010000000000047748
64215000,7924,692,126216,5923,-2861,119129,108,19223,442,0,53523,0.0010000000000047748
64216000,12918,-13837,126748,9077,-20076,139072,86,19223,352,0,53524,0.000999999999990564
64217000,2310,-9462,126133,15137,-11402,125971,104,19234,352,0,53525,0.0010000000000047748
64218000,2970,5277,132174,-9580,3081,127377,123,19227,426,1,53526,0.0010000000000047748
64219000,1243,7675,130818,-2442,2933,131482,123,19226,504,1,53527,0.000999999999990564
64220000,-693,15065,131142,9874,11497,120568,112,19232,459,1,53528,0.0010000000000047748
64221000,6593,-1865,128554,-4427,-5519,133204,101,19229,414,1,53529,0.0010000000000047748
64222000,8647,-12853,125836,6285,-17188,123206,146,19229,598,0,53530,0.000999999999990564
64223000,12266,-3039,129766,18326,-6097,130455,106,19230,598,0,53531,0.0010000000000047748
64224000,-179,-4612,126996,-5261,-7632,131123,106,19232,434,0,53532,0.0010000000000047748
64225000,511,7234,133291,-13805,4289,123718,106,19226,434,1,53533,0.000999999999990564
64226000,-4867,8658,130869,-484,6122,130650,140,19231,573,1,53534,0.0010000000000047748
64227000,-7977,1482,130490,190,-1124,127238,105,19229,430,1,53535,0.0010000000000047748
64228001,2816,-8541,130319,-18649,-13515,134813,104,19229,426,0,53536,0.0010009999999880392
64229000,-1314,3714,129479,2479,-222,127854,113,19221,426,0,53537,0.0009990000000072996
64230001,895,4705,129081,2145,3337,123892,116,19227,463,0,53538,0.00100100000000225
64231000,-7944,2561,131827,-19587,-827,129410,116,19227,475,0,53539,0.0009989999999930887
64232000,-5593,2173,130594,-12091,-1677,129506,127,19222,520,1,53540,0.0010000000000047748
64233002,-8005,9630,131663,-4946,6929,126085,115,19230,471,1,53541,0.0010019999999997253
64234000,-5142,10156,130108,-11043,8485,121066,102,19227,418,1,53542,0.0009979999999956135
64235000,-1225,2209,128203,-10184,1518,133689,137,19227,418,0,53543,0.0010000000000047748
64236013,-4319,-11325,124385,-6523,-14042,132158,102,19222,561,0,53544,0.0010130000000003747
64237000,-1178,-5190,129060,-1517,-8289,124221,102,19228,418,0,53545,0.0009869999999949641
64238000,-6654,18699,129951,-15149,5352,121052,100,19228,410,1,53546,0.0010000000000047748
64239000,-7011,6463,126278,-8593,-2305,130549,140,19228,573,1,53547,0.000999999999990564
64240001,-6979,-707,128849,-7261,-4760,130507,109,19232,446,1,53548,0.00100100000000225
64241000,-2820,16141,126819,-13034,4360,112679,104,19232,446,1,53549,0.0009990000000072996
64242000,-1019,9283,124820,-1050,3209,127675,93,19223,426,0,53550,0.000999999999990564
64243000,1617,-4596,124317,-9585,-2167,124594,93,19231,381,0,53551,0.0010000000000047748
64244000,5000,2340,125412,705,-1837,126522,106,19225,434,0,53552,0.0010000000000047748
64245000,684,3151,124327,4974,972,127102,117,19224,479,1,53553,0.000999999999990564
64246000,-4427,11465,126956,-10774,9290,120777,116,19232,475,1,53554,0.0010000000000047748
64247000,5155,10465,126846,-519,7613,126168,97,19232,475,1,53555,0.0010000000000047748
64248000,8184,5336,124153,11948,-1689,123981,122,19230,397,0,53556,0.000999999999990564
64249000,7180,-6991,123016,2366,-9257,125798,122,19227,500,0,53557,0.0010000000000047748
64250000,7118,-1661,126618,8384,-12000,120047,102,19227,418,0,53558,0.0010000000000047748
64251000,3372,-1948,125668,8826,-6395,132563,110,19226,451,0,53559,0.000999999999990564
64252000,2728,6884,131166,-4018,7617,125228,146,19229,598,1,53560,0.0010000000000047748
64253001,2614,16973,128650,263,11874,118671,109,19229,598,1,53561,0.00100100000000225
64254003,7419,2127,126588,7589,-1900,130261,95,19230,446,1,53562,0.0010019999999997253
64255000,10280,-3030,125449,8034,-6097,123700,95,19229,389,0,53563,0.0009969999999981383
64256001,9722,-9933,125439,7329,-15965,134169,129,19230,528,0,53564,0.00100100000000225
64257000,8964,-4855,127279,6687,-5599,124625,102,19230,418,0,53565,0.0009989999999930887
64258000,4162,6038,131667,-1523,705,127659,107,19226,438,1,53566,0.0010000000000047748
64259000,-804,12341,130715,304,6800,124859,105,19226,430,1,53567,0.0010000000000047748
64260000,-1392,5179,128649,-127,-1383,127717,101,19230,430,1,53568,0.000999999999990564
64261000,4886,6613,129962,-4287,4139,130585,117,19233,414,1,53569,0.0010000000000047748
64262000,11275,-10509,125006,7861,-16407,121123,117,19223,479,0,53570,0.0010000000000047748
64263000,10144,-7038,131256,18746,-10764,135430,97,19230,397,0,53571,0.000999999999990564
64264000,424,-5439,128705,-11094,-6804,132459,104,19226,426,0,53572,0.0010000000000047748
64265000,-1387,10124,133385,-18624,7768,121123,138,19226,565,1,53573,0.0010000000000047748
64266000,-6535,16349,134918,8560,10516,129084,109,19225,565,1,53574,0.000999999999990564
64267000,-3764,-7795,128148,-2696,-10846,131674,93,19229,446,1,53575,0.0010000000000047748
64268000,-2907,-12822,128122,-20145,-13876,135077,93,19221,381,0,53576,0.0010000000000047748
64269000,-672,-7,130012,-3519,-4094,126446,132,19232,541,0,53577,0.000999999999990564
64270001,2775,10524,130308,6034,6744,125156,110,19229,451,0,53578,0.00100100000000225
64271000,-8519,3384,132123,-13819,284,130951,117,19229,479,1,53579,0.0009990000000072996
64272002,-10432,-3511,129296,-21886,-6662,132797,125,19220,479,1,53580,0.0010019999999997253
64273000,-9683,12269,133611,-9848,8907,134259,102,19230,512,1,53581,0.0009979999999956135
64274000,-1517,15267,128001,-3174,12564,118866,102,19233,418,1,53582,0.0010000000000047748
64275000,-2694,-5222,126160,-7132,-9264,132996,111,19217,455,0,53583,0.000999999999990564
64276000,-1816,-6385,124176,-12904,-10314,129853,101,19231,414,0,53584,0.0010000000000047748
64277000,273,6246,128645,-5291,2026,125668,105,19231,430,0,53585,0.0010000000000047748
64278000,-5030,6800,128271,-49,3241,122111,132,19231,430,1,53586,0.000999999999990564
64279005,-8797,9692,128631,-13178,8042,129793,115,19224,541,1,53587,0.001005000000006362
64280000,-5584,1489,125903,-16966,-1819,127323,115,19229,471,1,53588,0.0009950000000031878
64281000,108,6068,128391,1291,3332,123338,97,19230,397,0,53589,0.000999999999990564
64282000,87,-1096,124496,3527,-4093,126145,127,19233,520,0,53590,0.0010000000000047748
64283000,-2539,1235,124514,-7140,-3318,123451,108,19240,442,0,53591,0.0010000000000047748
64284000,-989,3142,127195,-9019,-103,134934,114,19240,442,0,53592,0.000999999999990564
64285001,-1058,9476,126983,1669,9829,112122,148,19223,467,1,53593,0.00100100000000225
64286000,-3925,17441,125782,-2191,14997,122546,148,19229,606,1,53594,0.0009990000000072996
64287000,3208,5329,125354,-4901,-3990,129138,105,19232,430,1,53595,0.000999999999990564
64288000,9483,-1570,121006,12181,-4368,120532,104,19224,426,0,53596,0.0010000000000047748
64289000,12011,4685,125137,-949,-410,128233,89,19229,365,0,53597,0.0010000000000047748
64290000,6407,-737,125462,8056,-2504,120851,115,19229,365,0,53598,0.000999999999990564
64291000,6333,-2141,126784,8108,-9902,133935,131,19228,471,1,53599,0.0010000000000047748
64292000,-708,8205,126498,-6550,3229,125228,131,19224,537,1,53600,0.0010000000000047748
64293000,4379,11543,127265,7063,11271,122004,113,19232,463,1,53601,0.000999999999990564
64294000,9076,6524,126633,10755,3663,122072,94,19232,385,1,53602,0.0010000000000047748
64295000,10799,10842,127851,-3705,2410,120977,138,19230,565,0,53603,0.0010000000000047748
64296000,11892,-12836,126065,19270,-19802,149890,102,19230,565,0,53604,0.000999999999990564
64297000,3628,-15318,126698,2062,-9755,117282,105,19228,418,0,53605,0.0010000000000047748
64298000,5677,12028,132059,-10334,13135,127635,105,19224,430,1,53606,0.0010000000000047748
64299000,-907,17282,131973,7420,10055,127821,128,19229,524,1,53607,0.000999999999990564
64300000,2273,3218,127961,-195,-2829,129085,111,19229,455,1,53608,0.0010000000000047748
64301000,6216,-5141,128887,-3586,-10480,132485,104,19225,426,0,53609,0.0010000000000047748
64302000,5114,-7806,128249,15898,-8920,119246,121,19225,426,0,53610,0.000999999999990564
64303001,7763,-4322,130536,7723,-11209,139071,106,19234,496,0,53611,0.00100100000000225
64304000,1133,3671,132441,-17954,1733,128922,106,19227,434,0,53612,0.0009990000000072996
64305000,-23,9989,131805,-1427,7782,129360,121,19219,496,1,53613,0.000999999999990564
64306000,-10759,10180,132404,1685,7476,123504,110,19232,451,1,53614,0.0010000000000047748
64307000,-1100,-5948,128185,-20544,-15823,130343,97,19228,397,1,53615,0.0010000000000047748
64308000,3249,-3104,130293,5629,-7076,140183,126,19228,516,0,53616,0.000999999999990564
64309000,1553,-4189,126993,-2461,-4336,117765,101,19229,516,0,53617,0.0010000000000047748
64310000,-2558,5817,133732,-8579,2851,128439,109,19231,414,0,53618,0.0010000000000047748
64311001,-8455,-3309,128941,-11322,-8080,131190,109,19226,446,1,53619,0.0010009999999880392
64312003,-10493,3825,130438,-14746,2667,129689,157,19228,643,1,53620,0.0010019999999997253
64313000,-12178,8201,129769,-9831,4261,128522,113,19229,463,1,53621,0.0009970000000123491
64314003,-1263,15799,129820,-11294,13660,117798,99,19229,405,1,53622,0.0010029999999972006
64315001,-4243,-6116,126878,-2074,-10539,135003,156,19224,405,0,53623,0.0009979999999956135
64316002,-2880,-10104,126020,-4229,-13593,126193,105,19234,639,0,53624,0.00100100000000225
64317000,897,5107,127439,-10430,1792,129248,105,19232,430,0,53625,0.0009979999999956135
64318000,-6772,8284,128200,-4247,5182,123969,115,19217,471,1,53626,0.0010000000000047748
64319000,-5255,11952,128980,-13167,7131,123783,109,19228,446,1,53627,0.0010000000000047748
64320000,-5073,13555,125566,-6018,11150,123487,105,19231,430,1,53628,0.000999999999990564
64321000,-283,-4071,124234,-1854,-6642,124602,123,19231,430,0,53629,0.0010000000000047748
64322000,591,-7381,126340,1813,-9371,129432,100,19227,504,0,53630,0.0010000000000047748
64323000,-2,6277,124151,-2519,2669,120332,100,19230,410,0,53631,0.000999999999990564
64324001,-1759,11236,128060,-7349,10558,122560,108,19228,442,0,53632,0.00100100000000225
64325002,-4557,5119,125751,-273,2253,127921,140,19225,573,1,53633,0.00100100000000225
64326000,1891,7229,125303,-5946,2962,125640,111,19232,455,1,53634,0.0009979999999956135
64327000,2892,13929,126727,1685,11389,120122,95,19232,455,1,53635,0.0010000000000047748
64328000,10256,2175,122713,9535,-184,124572,111,19230,389,0,53636,0.0010000000000047748
64329000,11426,-6496,123713,4258,-10128,131339,111,19230,455,0,53637,0.000999999999990564
64330000,6583,-7670,125265,6742,-12638,128284,111,19225,455,0,53638,0.0010000000000047748
64331000,5554,-7962,126941,4919,9623,124414,114,19221,467,1,53639,0.0010000000000047748
64332002,-674,19524,128644,1288,6366,120962,112,19228,459,1,53640,0.0010019999999997253
64333000,8144,5168,124291,-1474,-8576,134902,102,19228,459,1,53641,0.0009979999999956135
64334000,9017,261,125335,9801,4584,119045,114,19232,418,0,53642,0.0010000000000047748
64335000,8826,10482,129001,13678,-829,122596,114,19224,467,0,53643,0.000999999999990564
64336000,11815,-11882,125906,4525,-17810,136748,94,19230,385,0,53644,0.0010000000000047748
64337000,3289,-5446,129589,7377,-5593,130211,104,19225,426,0,53645,0.0010000000000047748
64338000,4157,2544,129835,-5555,-376,130942,128,19226,524,1,53646,0.000999999999990564
64339000,-1928,20346,130176,-1291,23382,114014,112,19226,524,1,53647,0.0010000000000047748
64340000,3890,4494,128973,4509,-11,134518,98,19231,459,1,53648,0.0010000000000047748
64341000,11516,-15814,125955,3116,-19194,131454,98,19231,401,0,53649,0.000999999999990564
64342000,7377,-2746,128977,14879,-3619,124894,156,19234,639,0,53650,0.0010000000000047748
64343000,6552,-11892,128104,1903,-4295,132129,107,19228,438,0,53651,0.0010000000000047748
64344000,-1486,11124,133708,-10454,8709,119772,106,19222,434,1,53652,0.000999999999990564
64345000,-2533,-5925,132182,-5099,-15441,145843,131,19222,434,1,53653,0.0010000000000047748
64346003,-9221,4934,131515,2871,5544,121571,103,19231,537,1,53654,0.0010029999999972006
64347000,-3174,1925,130047,-18286,-4555,128183,103,19228,422,1,53655,0.0009969999999981383
64348000,-89,-5602,127789,-5093,-4037,129836,107,19221,438,0,53656,0.0010000000000047748
64349000,6441,2760,128806,7417,-2865,125286,87,19232,356,0,53657,0.0010000000000047748
64350000,-5120,-5109,129664,-8547,-6668,136102,109,19227,446,0,53658,0.000999999999990564
64351003,-9032,9097,131263,-22783,6405,117495,130,19227,532,1,53659,0.0010029999999972006
64352001,-8693,4579,133195,-8909,3080,135274,115,19224,532,1,53660,0.0009980000000098244
64353000,-8857,7008,130218,-2140,4236,127361,97,19230,471,1,53661,0.0009989999999930887
64354000,-2237,4432,128464,-12575,-2818,125116,97,19228,397,1,53662,0.0010000000000047748
64355000,-7423,42,125929,-15218,-286,127526,145,19224,594,0,53663,0.0010000000000047748
64356000,1759,4118,127346,-1595,443,118326,103,19228,422,0,53664,0.000999999999990564
64357000,-3732,-6265,127717,-2005,-9662,139105,105,19228,430,0,53665,0.0010000000000047748
64358000,-7338,11874,127569,-17033,9662,118982,130,19227,430,1,53666,0.0010000000000047748
64359001,-7309,10209,127291,-13983,8296,123909,109,19228,532,1,53667,0.0010009999999880392
64360000,-1501,10655,128294,-4432,6450,124294,109,19230,446,1,53668,0.0009990000000072996
64361000,2260,-3386,121934,3618,-6979,124763,104,19222,426,0,53669,0.000999999999990564
64362000,-1035,-3148,124666,-6551,-4018,128752,95,19227,389,0,53670,0.0010000000000047748
64363000,1781,-456,124020,-6698,-4369,120315,115,19227,471,0,53671,0.0010000000000047748
64364000,-457,11594,128359,1867,8942,126981,128,19229,471,1,53672,0.000999999999990564
64365000,-2159,6089,125059,-6979,3277,126254,110,19219,524,1,53673,0.0010000000000047748
64366000,-893,4140,127422,-74,1213,122733,110,19228,451,1,53674,0.0010000000000047748
64367001,2718,17131,127248,-4584,16052,123838,92,19229,377,0,53675,0.00100100000000225
64368000,11599,4501,121696,8002,1444,117275,129,19233,528,0,53676,0.0009989999999930887
64369002,6217,-3288,128255,14140,-7066,131203,108,19225,442,0,53677,0.0010019999999997253
64370000,6900,-6712,122416,-3419,-11935,128544,111,19225,442,0,53678,0.0009979999999956135
64371000,3248,6762,127156,4713,3272,124143,131,19225,455,1,53679,0.0010000000000047748
64372000,3880,9354,130507,7329,7524,127297,131,19228,537,1,53680,0.0010000000000047748
64373000,10067,11105,125109,-2015,8790,120224,108,19234,442,1,53681,0.000999999999990564
64374000,9610,-1486,126319,10161,-3730,130548,95,19224,389,0,53682,0.0010000000000047748
64375000,10893,-5358,126174,6103,-9091,128678,120,19226,491,0,53683,0.0010000000000047748
64376000,5198,-8682,126231,9353,-8138,128806,110,19226,491,0,53684,0.000999999999990564
64377001,1845,3806,130858,793,-1171,127405,118,19228,451,0,53685,0.00100100000000225
64378000,2800,11603,132717,-8271,4451,133484,118,19222,483,1,53686,0.0009990000000072996
64379000,-797,12354,130260,6242,2184,115913,109,19231,446,1,53687,0.000999999999990564
64380001,4653,3379,126479,1820,-6578,128906,98,19230,401,1,53688,0.00100100000000225
64381000,6610,-15435,128867,-1937,-22429,137880,129,19224,528,0,53689,0.0009990000000072996
64382000,11047,-7109,128276,13620,-2954,124172,101,19224,528,0,53690,0.000999999999990564
64383000,5505,5014,130734,-13728,-2845,132571,102,19230,414,0,53691,0.0010000000000047748
64384000,1777,10332,133485,-17257,16567,117455,102,19232,418,1,53692,0.0010000000000047748
64385000,-5414,12682,133352,9854,-8437,132479,143,19228,586,1,53693,0.000999999999990564
64386000,-7381,-7630,127715,-4408,-15788,136732,107,19234,438,1,53694,0.0010000000000047748
64387000,-2078,-5078,129861,-25576,-6077,128890,98,19225,401,0,53695,0.0010000000000047748
64388000,1026,3910,131717,4857,1770,122283,122,19225,401,0,53696,0.000999999999990564
64389000,3159,6525,129803,7456,1732,124849,109,19232,500,0,53697,0.0010000000000047748
64390000,-7213,1926,132156,-23837,-4160,142893,109,19228,446,0,53698,0.0010000000000047748
64391000,-8286,-4945,127054,-14433,-3220,124109,117,19221,479,1,53699,0.000999999999990564
64392000,-7252,16351,131885,-3728,14950,123722,109,19230,446,1,53700,0.0010000000000047748
64393000,-5983,10041,130314,-10645,5194,126179,102,19231,418,1,53701,0.0010000000000047748
64394002,-1568,-2220,128646,-9637,-7133,131917,120,19231,491,0,53702,0.0010019999999997253
64395000,-3724,-12713,124261,-7045,-14471,134760,93,19216,491,0,53703,0.0009979999999956135
64396000,-3302,10306,128506,-2090,11867,115389,93,19231,381,0,53704,0.0010000000000047748
64397000,-2133,15660,129288,-13569,9859,123471,102,19227,418,1,53705,0.000999999999990564
64398000,-7149,4810,128176,-6352,-1213,131557,140,19228,573,1,53706,0.0010000000000047748
64399000,-8355,2199,128395,-11172,-95,131071,117,19232,479,1,53707,0.0010000000000047748
64400000,-2963,10980,127239,-10868,9666,120213,101,19232,414,1,53708,0.000999999999990564
64401000,1080,9154,127610,7312,2088,121347,114,19225,414,0,53709,0.0010000000000047748
64402000,4793,-8703,123793,-2440,-11837,137905,110,19229,467,0,53710,0.0010000000000047748
64403000,-772,5492,123620,-11852,7940,122591,110,19229,451,0,53711,0.000999999999990564
64404000,700,11184,126565,58,8377,123792,115,19223,471,1,53712,0.0010000000000047748
64405000,-2794,10700,125342,1297,7251,122226,142,19228,582,1,53713,0.0010000000000047748
64406000,4032,1896,124308,-6600,-1272,129719,106,19228,434,1,53714,0.000999999999990564
64407000,6822,-1129,124323,4307,-4127,126201,110,19229,434,0,53715,0.0010000000000047748
64408000,7699,8639,124798,10274,4620,117287,103,19227,451,0,53716,0.0010000000000047748
64409000,8085,-8041,125261,4709,-12168,130210,103,19227,422,0,53717,0.000999999999990564
64410000,2092,-6414,126618,3041,-10248,126475,117,19229,479,0,53718,0.0010000000000047748
64411000,5131,5294,127132,1303,2737,128731,140,19227,573,1,53719,0.0010000000000047748
64412000,2116,23324,129628,2473,20515,119524,116,19230,475,1,53720,0.000999999999990564
64413000,6115,-1604,126894,3809,-4902,126987,96,19230,475,1,53721,0.0010000000000047748
64414000,13592,-92,126907,11453,-3422,129249,149,19228,393,0,53722,0.0010000000000047748
64415000,7745,1747,127642,995,-524,122838,149,19230,610,0,53723,0.000999999999990564
64416001,9572,-5131,128507,15875,-10520,135930,101,19233,414,0,53724,0.00100100000000225
64417000,715,3611,129748,4297,106,124012,105,19228,430,1,53725,0.0009990000000072996
64418000,1149,3530,129662,-12566,-475,131949,126,19227,516,1,53726,0.000999999999990564
64419000,668,9913,131743,4744,8422,122296,111,19227,516,1,53727,0.0010000000000047748
64420000,6473,3748,127624,6215,1396,128937,107,19229,455,1,53728,0.0010000000000047748
64421000,10528,-1935,127486,-1765,-7800,118954,107,19219,438,0,53729,0.000999999999990564
64422000,7238,-7284,130316,15304,-8144,140271,99,19230,405,0,53730,0.0010000000000047748
64423000,3783,-13051,129392,5470,-17730,126308,103,19230,422,0,53731,0.0010000000000047748
64424000,127,14723,134271,-20521,9014,127448,125,19223,512,1,53732,0.000999999999990564
64425000,-7657,-3789,131744,-2617,-9693,131959,113,19223,512,1,53733,0.0010000000000047748
64426000,-6144,8151,129161,3848,-950,120047,96,19228,463,1,53734,0.0010000000000047748
64427000,456,-10160,128576,-24244,-18088,141648,96,19231,393,0,53735,0.000999999999990564
64428000,-1084,-108,129738,5637,305,121876,138,19231,565,0,53736,0.0010000000000047748
64429000,-939,4191,131026,3525,243,129341,105,19229,430,0,53737,0.0010000000000047748
64430000,-4963,1337,133381,-19000,-3889,131493,111,19224,455,0,53738,0.000999999999990564
64431000,-8766,-396,130354,-11054,166,133108,138,19224,455,1,53739,0.0010000000000047748
64432000,-8515,10443,130800,-4986,7744,125937,111,19229,565,1,53740,0.0010000000000047748
64433000,-4611,18292,130094,-14041,7471,118150,111,19232,455,1,53741,0.000999999999990564
64434000,-4216,-5361,125646,-8528,-10069,136259,104,19226,426,0,53742,0.0010000000000047748
64435000,-2334,-5500,127046,-6975,-4499,124946,136,19228,557,0,53743,0.0010000000000047748
64436000,-767,4132,127295,-3722,6467,124285,110,19230,451,0,53744,0.000999999999990564
64437000,-4432,10447,127749,-2537,10841,122521,122,19230,451,1,53745,0.0010000000000047748
64438000,-8874,-1534,126522,-13292,-4288,128854,117,19221,500,1,53746,0.0010000000000047748
64439002,-5867,3463,128141,-13315,-1252,127722,117,19228,479,1,53747,0.0010019999999997253
64440000,490,11676,126687,5522,9016,120411,104,19231,426,0,53748,0.0009979999999956135
64441000,-962,3488,126586,195,-2723,124128,133,19234,545,0,53749,0.0010000000000047748
64442000,3647,-6360,122910,-10486,-12082,131890,100,19229,410,0,53750,0.000999999999990564
64443005,-288,2520,125802,-2256,2304,124709,106,19229,434,0,53751,0.001005000000006362
64444000,1439,16625,126819,3761,15831,121031,149,19227,434,1,53752,0.0009950000000031878
64445000,-1366,18631,126047,-1257,15477,118304,111,19229,610,1,53753,0.000999999999990564
64446000,2072,5167,123268,-4926,2331,128224,111,19232,455,1,53754,0.0010000000000047748
64447000,10534,2631,124573,6846,585,123568,97,19227,397,0,53755,0.0010000000000047748
64448000,9170,-2688,122212,12553,-9412,121665,98,19229,401,0,53756,0.000999999999990564
64449001,7070,2473,125791,2681,-848,125206,118,19229,483,0,53757,0.00100100000000225
64450000,5053,-4197,126881,1913,-6622,127219,120,19224,483,1,53758,0.0009990000000072996
64451002,2800,-1196,128845,4301,-2472,129954,109,19220,491,1,53759,0.0010019999999997253
64452000,1689,14699,126692,3923,10650,120632,109,19227,446,1,53760,0.0009979999999956135
64453003,7048,7568,126226,-417,4277,122722,101,19233,414,1,53761,0.0010029999999972006
64454000,12649,1010,127151,7795,-2639,124646,122,19225,500,0,53762,0.0009969999999981383
64455000,9178,-11721,126366,14933,-15249,133446,95,19225,389,0,53763,0.0010000000000047748
64456000,6548,-10865,125645,4150,-13407,133112,100,19230,389,0,53764,0.0010000000000047748
64457000,2301,7227,129689,-3169,1952,121489,137,19225,410,1,53765,0.000999999999990564
64458000,3902,14293,130006,-433,9484,132710,137,19227,561,1,53766,0.0010000000000047748
64459000,1933,11837,129177,5156,9185,121623,112,19230,459,1,53767,0.0010000000000047748
64460000,5306,-6972,129830,-2386,-10848,133799,100,19230,410,0,53768,0.000999999999990564
64461000,8812,-7959,128132,5665,-11278,127227,139,19230,569,0,53769,0.0010000000000047748
64462003,4866,-246,129622,17714,-4183,130083,104,19230,569,0,53770,0.0010029999999972006
64463000,1349,1554,131778,-18811,-3894,131580,111,19227,426,0,53771,0.0009969999999981383
64464003,-1021,18786,134748,-9634,17653,120321,111,19226,455,1,53772,0.0010029999999972006
64465000,-6506,-5474,130405,7784,-8343,137507,120,19232,491,1,53773,0.0009970000000123491
64466000,-4799,-2205,129866,-7229,-6875,121311,100,19231,410,1,53774,0.000999999999990564
64467000,811,-12617,130760,-19673,-12194,135874,113,19227,463,0,53775,0.0010000000000047748
64468000,2853,3550,129530,7515,-2706,121244,96,19227,463,0,53776,0.0010000000000047748
64469000,-3573,469,129657,2189,-1124,133284,109,19230,393,0,53777,0.000999999999990564
64470001,-8949,965,131466,-24381,-1366,130609,109,19228,446,1,53778,0.00100100000000225
64471000,-8976,1226,129397,-10022,-1149,131857,139,19224,569,1,53779,0.0009990000000072996
64472000,-8422,4800,131542,-3056,-313,127027,115,19232,471,1,53780,0.000999999999990564
64473000,-3313,17270,129539,-15067,5999,115776,97,19228,397,1,53781,0.0010000000000047748
64474000,-3794,-5856,123674,-8412,-17342,140137,160,19228,397,0,53782,0.0010000000000047748
64475001,-3406,-6824,127008,-3939,-6379,126265,106,19230,655,0,53783,0.0010009999999880392
64476001,-2015,9910,127154,-6338,7950,120717,106,19229,434,0,53784,0.0010000000000047748
64477000,-5432,12703,129793,-10155,8398,124789,111,19216,455,1,53785,0.0009990000000072996
64478000,-3956,6863,129212,-9162,-135,125985,126,19228,516,1,53786,0.000999999999990564
64479000,-5642,-342,126543,-6780,-7578,132785,105,19233,430,1,53787,0.0010000000000047748
64480000,32,5498,125521,-2407,-12,119753,112,19233,430,0,53788,0.0010000000000047748
64481000,-2210,4760,125602,-7080,1185,125961,101,19226,459,0,53789,0.000999999999990564
64482000,-230,-600,125393,-3048,-2120,123173,101,19231,414,0,53790,0.0010000000000047748
64483000,692,4867,126880,2717,426,127352,113,19228,463,0,53791,0.0010000000000047748
64484000,-5795,4989,126515,-7305,924,131552,131,19222,537,1,53792,0.000999999999990564
64485000,1495,11035,124410,-6949,12827,111971,111,19231,455,1,53793,0.0010000000000047748
64486002,6015,11366,125971,9390,5744,127602,93,19231,381,1,53794,0.0010019999999997253
64487000,9987,4954,122548,8412,-1638,122807,121,19234,381,0,53795,0.0009979999999956135
64488000,9919,-7020,122624,276,-12879,127896,108,19235,496,0,53796,0.0010000000000047748
64489000,5776,-4834,126994,9351,-6555,128733,108,19228,442,0,53797,0.000999999999990564
64490000,5611,9061,127429,8726,4737,120772,110,19223,451,1,53798,0.0010000000000047748
64491000,-928,4303,128432,-4348,3256,130526,126,19229,516,1,53799,0.0010000000000047748
64492000,6078,6914,127356,-429,921,123341,104,19229,426,1,53800,0.000999999999990564
64493000,7542,-531,125579,9505,-5369,125496,106,19233,426,1,53801,0.0010000000000047748
64494000,9871,6156,127377,6786,1677,122517,96,19223,434,0,53802,0.0010000000000047748
64495000,7927,-11182,125764,8590,-18448,130978,96,19230,393,0,53803,0.000999999999990564
64496000,5864,-8970,129855,-318,-9848,136152,104,19225,426,0,53804,0.0010000000000047748
64497000,4132,8196,129468,-1463,6582,124228,118,19224,483,1,53805,0.0010000000000047748
64498001,-872,17011,131841,5536,10948,126016,111,19224,455,1,53806,0.00100100000000225
64499000,1711,4457,126736,-4540,585,125960,100,19231,455,1,53807,0.0009989999999930887
64500000,8059,-8136,125864,771,-12376,131453,141,19232,410,0,53808,0.0010000000000047748
64501000,10856,-8097,129327,10635,-11067,132447,141,19228,577,0,53809,0.000999999999990564
64502000,4258,968,129901,15449,-3225,118594,99,19229,405,0,53810,0.0010000000000047748
64503001,1655,3511,132703,-26492,435,133403,105,19229,430,0,53811,0.00100100000000225
64504000,-5596,2896,133257,-1058,12,130272,145,19228,594,1,53812,0.0009989999999930887
64505000,-6856,1819,130036,5825,-2140,132765,109,19228,594,1,53813,0.0010000000000047748
64506000,-5200,-204,129184,-21269,-3450,128119,103,19231,446,1,53814,0.0010000000000047748
64507000,449,-5212,129180,-6580,-8703,126722,103,19225,422,0,53815,0.000999999999990564
64508000,7319,9381,131198,7136,4572,129426,105,19228,430,0,53816,0.0010000000000047748
64509000,-5651,2829,129581,-6074,-571,124782,110,19228,451,0,53817,0.0010000000000047748
64510000,-5967,2358,132161,-17988,-1147,136543,125,19223,512,1,53818,0.000999999999990564
64511000,-13700,6383,130718,-11286,3010,129617,115,19223,512,1,53819,0.0010000000000047748
64512000,-4605,9971,130802,-9461,5279,131129,104,19227,471,1,53820,0.0010000000000047748
64513000,-6622,9839,130409,-8847,7988,120214,104,19230,426,1,53821,0.000999999999990564
64514000,356,-9446,123237,-9203,-12041,129367,131,19222,537,0,53822,0.0010000000000047748
64515000,-540,1436,127292,-5082,-4619,123907,100,19234,410,0,53823,0.0010000000000047748
64516000,-3278,1330,127354,-2709,-1031,127521,107,19226,438,0,53824,0.000999999999990564
64517000,-3862,10836,129252,-11421,5188,121733,150,19226,438,1,53825,0.0010000000000047748
64518000,-10082,8053,127238,-12882,7854,128817,118,19227,614,1,53826,0.0010000000000047748
64519000,60,5845,126134,-10909,-6073,128679,118,19232,483,1,53827,0.000999999999990564
64520001,-1678,5370,124036,4752,-912,118883,104,19220,426,0,53828,0.00100100000000225
64521001,4010,-6672,123068,-8410,-7619,129920,113,19231,463,0,53829,0.0010000000000047748
64522000,1803,7562,127163,-130,10157,123484,112,19230,459,0,53830,0.0009989999999930887
64523000,-549,1784,125402,-587,-1411,128735,119,19230,459,0,53831,0.0010000000000047748
64524000,-3368,12552,128316,-4672,10634,122945,123,19222,487,1,53832,0.0010000000000047748
64525000,-6281,9094,125538,-4772,-1352,125765,123,19233,504,1,53833,0.000999999999990564
64526000,9681,6608,124378,9286,5116,123803,101,19233,414,1,53834,0.0010000000000047748
64527000,5298,8633,125993,6016,-5508,119903,120,19228,491,0,53835,0.0010000000000047748
64528000,11368,-3738,123153,3334,-7707,127267,100,19231,410,0,53836,0.000999999999990564
64529000,5370,4372,127999,11165,1797,124780,111,19231,455,0,53837,0.0010000000000047748
64530001,3858,274,126221,-3645,628,128628,144,19226,455,1,53838,0.00100100000000225
64531000,7291,12927,128281,8977,18010,120094,113,19230,590,1,53839,0.0009989999999930887
64532001,4195,6743,125972,5798,2515,124929,113,19231,463,1,53840,0.00100100000000225
64533001,14845,-6626,124992,1999,-9343,129640,100,19227,410,0,53841,0.0010000000000047748
64534001,6466,998,127722,9563,-2378,123076,126,19230,516,0,53842,0.0010000000000047748
64535000,7256,-8983,127158,12593,-14932,134816,105,19230,430,0,53843,0.0009989999999930887
64536002,4275,1075,129240,-7021,462,125335,111,19229,430,0,53844,0.0010019999999997253
64537011,-975,9687,132087,-1276,5232,129787,116,19223,455,1,53845,0.0010089999999962629
64538000,5072,15553,129872,7949,13080,123676,116,19228,475,1,53846,0.0009890000000041255
64539000,910,9417,130697,-4174,1344,124107,103,19232,422,1,53847,0.0010000000000047748
64540000,12904,-10198,127754,3882,-14879,134247,116,19223,475,0,53848,0.000999999999990564
64541007,5990,-6918,129944,21298,-8460,125270,102,19223,418,0,53849,0.0010070000000013124
64542003,3048,-13523,128384,-7227,-21122,139387,109,19231,418,0,53850,0.000996000000000663
64543000,3780,17474,133685,-11977,17213,119177,135,19230,446,1,53851,0.0009969999999981383
64544000,-7627,7530,131887,1084,4641,126139,135,19229,553,1,53852,0.0010000000000047748
64545000,-4267,-79,130849,-2938,-4085,133542,113,19231,463,1,53853,0.0010000000000047748
64546000,-2443,-1384,128775,-14474,-6069,129991,98,19228,401,1,53854,0.000999999999990564
64547000,2313,-7052,126920,2204,-10577,132664,145,19228,594,0,53855,0.0010000000000047748
64548001,3343,5764,131174,-2702,3843,121905,112,19231,594,0,53856,0.00100100000000225
64549000,-3913,2638,130641,-13697,-1105,132078,114,19227,459,0,53857,0.0009989999999930887
64550000,-6119,-966,129507,-7291,-4500,131565,114,19226,467,1,53858,0.0010000000000047748
64551002,-8382,3959,129672,-11289,1487,127491,134,19230,549,1,53859,0.0010019999999997253
64552000,-6414,12090,130399,-11202,9269,126615,110,19232,451,1,53860,0.0009979999999956135
64553000,-3495,4340,128451,-7575,1843,123425,111,19220,455,0,53861,0.0010000000000047748
64554000,-4220,-13067,127198,-7581,-17252,136319,115,19220,455,0,53862,0.0010000000000047748
64555000,-4139,6752,126200,-4961,3162,119331,98,19231,471,0,53863,0.000999999999990564
64556000,-2190,4174,126798,-11571,1234,121779,98,19232,401,0,53864,0.0010000000000047748
64557000,-5559,7687,127998,-1844,2139,133496,122,19225,500,1,53865,0.0010000000000047748
64558000,-7833,7763,126171,-13261,4830,121397,115,19231,471,1,53866,0.000999999999990564
64559000,-2329,9374,127967,-10152,6273,122028,102,19227,418,1,53867,0.0010000000000047748
64560001,3335,-1573,125748,2483,-2832,128152,137,19227,418,0,53868,0.00100100000000225
64561000,3539,-11547,122869,245,-16831,133044,103,19232,561,0,53869,0.0009989999999930887
64562000,321,7956,126660,-2277,1524,119236,103,19227,422,0,53870,0.0010000000000047748
64563000,-1167,11995,125272,-8923,10057,122610,105,19223,430,1,53871,0.0010000000000047748
64564000,-1770,10491,126996,1826,6172,130195,153,19232,627,1,53872,0.000999999999990564
64565000,1402,-2718,123129,-2944,-5309,125534,107,19234,438,1,53873,0.0010000000000047748
64566000,4650,6335,125510,2297,-1595,117449,103,19234,438,0,53874,0.0010000000000047748
64567001,9426,5967,125208,6108,-8075,123671,81,19222,422,0,53875,0.0010009999999880392
64568004,7971,-13825,124297,7151,-14523,133738,81,19229,332,0,53876,0.0010030000000114114
64569000,3571,-2470,128265,2872,-6488,130766,110,19229,451,0,53877,0.000996000000000663
64570003,1542,4992,126628,183,7184,119278,125,19222,512,1,53878,0.0010029999999972006
64571002,2447,21268,130780,982,14426,122160,113,19229,463,1,53879,0.0009989999999930887
64572002,9910,-1654,124640,4758,-5972,131690,97,19229,463,1,53880,0.0010000000000047748
64573000,9340,1740,125021,9313,2851,122890,133,19231,397,0,53881,0.0009979999999956135
64574001,10710,2678,125838,5395,-4338,125964,133,19221,545,0,53882,0.00100100000000225
64575005,8637,-8434,127110,11485,-8700,129890,100,19227,410,0,53883,0.0010039999999946758
64576000,4402,-1063,130903,-1433,-3412,131447,102,19226,418,1,53884,0.0009950000000031878
64577000,1220,2170,130197,-4714,2734,130897,133,19228,545,1,53885,0.0010000000000047748
64578000,-1174,15179,131162,1332,17136,118520,109,19228,446,1,53886,0.0010000000000047748
64579001,7439,-5946,129739,982,-12521,131516,101,19231,446,1,53887,0.0010009999999880392
64580000,8711,-13237,126823,5323,-18208,132583,125,19226,414,0,53888,0.0009990000000072996
64581000,11318,-3971,129900,14592,-7699,130144,125,19227,512,0,53889,0.0010000000000047748
64582000,-1791,541,128953,-476,-958,129644,105,19230,430,0,53890,0.000999999999990564
64583000,826,10803,133334,-20072,6945,123945,113,19222,463,1,53891,0.0010000000000047748
64584000,-5585,6296,134317,6155,-909,134581,107,19222,438,1,53892,0.0010000000000047748
64585000,-7342,-1451,129876,657,-5137,128996,98,19231,438,1,53893,0.000999999999990564
64586000,-2089,-1269,130099,-23131,-6592,125371,125,19228,401,0,53894,0.0010000000000047748
64587000,-406,-7237,128668,-2554,-10597,133787,125,19223,512,0,53895,0.0010000000000047748
64588000,2810,6647,130394,10673,4239,123424,106,19225,434,0,53896,0.000999999999990564
64589002,-8400,1182,131188,-21609,-6755,131241,112,19225,459,0,53897,0.0010019999999997253
64590000,-8060,8632,134679,-18675,6335,127810,149,19225,610,1,53898,0.0009980000000098244
64591000,-7307,4885,129048,-146,2774,127722,112,19230,610,1,53899,0.000999999999990564
64592006,-6659,8581,131121,-10598,4793,125727,98,19230,459,1,53900,0.0010060000000038372
64593000,-2405,3277,125516,-13824,-1147,125677,98,19225,401,0,53901,0.0009940000000057125
64594000,-4044,-6408,123905,-6800,-8417,132337,159,19234,651,0,53902,0.000999999999990564
64595001,1354,5397,128883,-1435,2902,119741,102,19230,418,0,53903,0.00100100000000225
64596000,-4846,2858,127735,-7881,-679,130153,109,19220,446,1,53904,0.0009990000000072996
64597000,-7349,3291,126932,-13604,182,125070,116,19220,446,1,53905,0.000999999999990564
64598000,-6128,6460,129051,-15464,3336,126176,104,19225,475,1,53906,0.0010000000000047748
64599000,-900,11806,125191,2357,8316,126517,104,19231,426,1,53907,0.0010000000000047748
64600000,-2789,-1300,121979,1425,-3540,121129,118,19228,483,0,53908,0.000999999999990564
64601000,566,-2229,125396,-14929,-4612,122423,97,19233,397,0,53909,0.0010000000000047748
64602000,4515,6263,128650,143,3039,133380,108,19227,442,0,53910,0.0010000000000047748
64603000,-3215,8751,126411,7867,5602,123725,138,19227,442,1,53911,0.000999999999990564
64604000,-4779,11703,128511,-12894,8466,125799,112,19227,565,1,53912,0.0010000000000047748
64605000,2981,4753,122962,-4107,2228,122958,112,19231,459,1,53913,0.0010000000000047748
64606000,9250,5277,124281,9910,-560,130667,94,19228,385,0,53914,0.000999999999990564
64607000,7668,140,123452,5447,-4365,120440,106,19231,434,0,53915,0.0010000000000047748
64608001,8428,-1508,124689,4729,-4667,120970,113,19226,463,0,53916,0.00100100000000225
64609000,5097,-6880,125327,6398,-10132,130589,117,19226,463,0,53917,0.0009989999999930887
64610000,3201,4750,129411,734,2221,121847,122,19224,479,1,53918,0.0010000000000047748
64611000,2321,16252,128989,215,14118,122828,122,19227,500,1,53919,0.000999999999990564
64612000,4464,9199,126041,5713,7302,124110,102,19234,418,1,53920,0.0010000000000047748
64613000,9276,-7113,126153,5395,-10382,136521,108,19221,442,0,53921,0.0010000000000047748
64614000,11628,-9392,126375,7167,-12789,126036,97,19232,397,0,53922,0.000999999999990564
64615000,6554,-3463,127296,9820,-3554,127924,112,19232,397,0,53923,0.0010000000000047748
64616000,3246,15086,132677,-953,11693,124341,129,19228,459,1,53924,0.0010000000000047748
64617000,828,6883,128103,-3449,191,132364,129,19228,528,1,53925,0.000999999999990564
64618000,-1621,-1496,128915,4954,1581,127781,113,19231,463,1,53926,0.0010000000000047748
64619002,5075,-1513,128382,-727,-8371,123457,99,19228,405,1,53927,0.0010019999999997253
64620003,11704,-14267,125977,6544,-16570,136817,152,19233,623,0,53928,0.00100100000000225
64621002,7325,6251,130771,17040,912,122714,106,19233,434,0,53929,0.0009989999999930887
64622000,2675,-8630,127649,-18179,-10897,137587,108,19229,434,0,53930,0.0009980000000098244
64623000,-4142,13336,133993,-7482,18298,117808,136,19224,442,1,53931,0.000999999999990564
64624003,-5507,4516,132532,-564,-6500,137812,136,19232,557,1,53932,0.0010030000000114114
64625000,-2729,-1888,130723,177,75,133475,104,19232,426,1,53933,0.0009969999999981383
64626000,-1018,-8390,126001,-18667,-11985,127507,105,19221,430,0,53934,0.000999999999990564
64627000,2035,-2629,130963,6130,-3531,130195,85,19221,348,0,53935,0.0010000000000047748
64628000,-2705,7028,130330,3531,-578,117506,110,19232,348,0,53936,0.0010000000000047748
64629000,-7610,5710,132825,-24431,-325,136160,131,19225,451,1,53937,0.000999999999990564
64630000,-11976,4849,131587,-16121,-1362,128757,131,19224,537,1,53938,0.0010000000000047748
64631000,-9057,8581,130962,-3333,7607,123969,115,19227,471,1,53939,0.0010000000000047748
64632000,-4042,7698,131361,-9947,1995,128560,100,19226,410,1,53940,0.000999999999990564
64633000,-1525,-3781,126497,-6305,-10854,127471,139,19226,569,0,53941,0.0010000000000047748
64634000,-590,-1820,126004,-622,-4381,131580,101,19227,569,0,53942,0.0010000000000047748
64635000,-4729,2858,125862,-12680,2289,119919,105,19229,414,0,53943,0.000999999999990564
64636000,-4995,15001,129866,-18262,10796,121874,105,19226,430,1,53944,0.0010000000000047748
64637000,-4303,16293,129479,2351,10141,126427,139,19231,569,1,53945,0.0010000000000047748
64638000,-7370,-7893,123026,-11194,-8788,131360,112,19232,459,1,53946,0.000999999999990564
64639000,1690,6882,128914,-7293,2731,126037,105,19221,430,0,53947,0.0010000000000047748
64640005,1184,5167,123255,5812,2447,118941,94,19221,430,0,53948,0.001005000000006362
64641002,2948,2560,124531,-1604,-143,127907,109,19227,385,0,53949,0.0009969999999981383
64642002,-3093,-3642,125786,-12529,-6711,129537,109,19233,446,0,53950,0.000999999999990564
64643002,-14,14022,125866,-827,10899,120816,120,19221,491,1,53951,0.0010000000000047748
64644002,-2959,12200,127557,3375,9197,122922,109,19231,446,1,53952,0.0010000000000047748
64645000,6165,7686,125839,-5594,4853,125501,98,19231,401,1,53953,0.0009979999999956135
64646000,7791,-1067,121353,11074,-5022,130595,127,19231,401,0,53954,0.0010000000000047748
64647000,9139,4641,124837,5492,484,119597,107,19234,520,0,53955,0.000999999999990564
64648000,9230,-4113,127366,1338,-8001,125873,107,19224,438,0,53956,0.0010000000000047748
64649000,2928,5082,126458,17407,3301,122582,111,19227,455,1,53957,0.0010000000000047748
64650000,2610,-611,127738,-13015,-1798,130501,140,19229,573,1,53958,0.000999999999990564
64651002,2889,8580,129079,6059,3869,127343,111,19232,455,1,53959,0.0010019999999997253
64652000,8629,7692,125436,16899,5353,119105,100,19232,455,1,53960,0.0009980000000098244
64653000,9786,3784,127310,-5058,305,123204,121,19224,410,0,53961,0.000999999999990564
64654001,8977,-9500,126211,6928,-9870,135137,121,19230,496,0,53962,0.00100100000000225
64655000,9772,-4576,127254,16029,-11080,134542,107,19232,438,0,53963,0.0009990000000072996
64656001,495,13081,132738,-3342,7511,124047,113,19224,463,1,53964,0.00100100000000225
64657000,5711,12576,129415,-4325,4594,127170,111,19229,455,1,53965,0.0009989999999930887
64658000,2880,6196,128399,10089,3734,130714,104,19229,455,1,53966,0.0010000000000047748
64659001,8440,-7698,126912,554,-11253,129847,128,19232,426,0,53967,0.00100100000000225
64660000,9625,-3666,129329,-1374,-17463,121653,128,19223,524,0,53968,0.0009989999999930887
64661000,6424,-999,129700,19362,-15245,133641,97,19230,397,0,53969,0.0010000000000047748
64662001,1526,-8388,130132,-6495,-8823,132331,102,19230,418,0,53970,0.00100100000000225
64663002,-2612,15032,134926,-7696,9885,124843,137,19225,561,1,53971,0.0010009999999880392
64664000,-8173,9699,132435,10651,1715,126669,111,19225,455,1,53972,0.0009980000000098244
64665000,-1770,756,129986,-22703,-5598,125808,97,19231,455,1,53973,0.000999999999990564
64666000,-1194,-8486,130219,-6298,-17648,137865,131,19226,397,0,53974,0.0010000000000047748
64667000,4591,-3574,128398,9488,-2799,124564,131,19231,537,0,53975,0.0010000000000047748
64668000,-4107,7484,132695,-7941,4287,124709,105,19230,430,0,53976,0.000999999999990564
64669001,-6631,2309,131182,-19539,3806,132167,110,19221,451,1,53977,0.00100100000000225
64670000,-8841,-1556,129605,-8592,-327,131669,121,19221,496,1,53978,0.0009990000000072996
64671000,-9789,9602,129185,-3306,8939,125659,104,19231,496,1,53979,0.000999999999990564
64672000,-2062,17877,129092,-17742,16085,119672,115,19231,426,1,53980,0.0010000000000047748
64673000,-4510,-11431,123447,-3950,-11702,132680,115,19218,471,0,53981,0.0010000000000047748
64674000,502,-3904,128189,-5578,-5979,130149,108,19228,442,0,53982,0.000999999999990564
64675000,-70,4500,126617,-7183,1760,125275,107,19228,438,0,53983,0.0010000000000047748
64676000,-7987,9168,129989,-3664,8351,123632,133,19228,545,1,53984,0.0010000000000047748
64677000,-5121,11357,128180,-18569,2925,125420,118,19228,545,1,53985,0.000999999999990564
64678000,-6950,5259,127221,-4754,2802,130010,103,19227,483,1,53986,0.0010000000000047748
64679000,2184,4966,127174,3772,1614,121244,103,19228,422,0,53987,0.0010000000000047748
64680003,-3199,-8047,124268,-6397,-9876,124688,125,19236,512,0,53988,0.0010029999999972006
64681000,1318,4331,125582,-7225,5284,126569,105,19226,430,0,53989,0.0009969999999981383
64682000,658,2545,124404,1188,-1113,124918,106,19223,434,0,53990,0.0010000000000047748
64683000,-2855,6629,126697,2236,2908,127521,132,19223,434,1,53991,0.000999999999990564
64684000,-1563,15741,125032,-13125,13396,117753,104,19229,541,1,53992,0.0010000000000047748
64685000,3864,7633,125180,3955,4533,120515,104,19231,426,1,53993,0.0010000000000047748
64686000,11037,-2420,124474,10827,-8330,131689,107,19230,438,0,53994,0.000999999999990564
64687000,8397,-5200,122536,698,-8992,124057,90,19229,369,0,53995,0.0010000000000047748
64688000,7118,2293,125805,4635,-497,124381,108,19228,442,0,53996,0.0010000000000047748
64689000,2904,-18,126863,8010,-3208,126708,126,19228,442,1,53997,0.000999999999990564
64690000,857,8358,127027,-1664,5151,128618,115,19229,516,1,53998,0.0010000000000047748
64691000,9588,3920,127533,2383,1129,123493,115,19235,471,1,53999,0.0010000000000047748
64692000,8510,1867,124541,13305,-1969,122000,96,19230,393,0,54000,0.000999999999990564
64693000,11951,1917,126290,2975,-1316,125958,146,19235,598,0,54001,0.0010000000000047748
64694000,6446,-15955,125377,10016,-19358,132111,101,19231,414,0,54002,0.0010000000000047748
64695000,4229,-4930,131969,6443,-9663,132022,102,19231,414,0,54003,0.000999999999990564
64696002,1908,10255,132063,-10197,7105,130721,123,19224,418,1,54004,0.0010019999999997253
64697000,-2204,17730,131322,9520,15939,118472,123,19228,504,1,54005,0.0009980000000098244
64698000,2220,5439,130162,-4059,3086,130936,109,19233,446,1,54006,0.000999999999990564
64699000,9908,-14465,124951,-3078,-19016,135203,110,19224,451,0,54007,0.0010000000000047748
64700000,10997,2653,129398,21881,-5013,121482,103,19232,422,0,54008,0.0010000000000047748
64701000,4102,-2992,128848,3350,-4928,132736,101,19232,422,0,54009,0.000999999999990564
64702002,1635,3820,131765,-19130,-95,122320,119,19226,414,1,54010,0.0010019999999997253
64703000,-2466,-613,133389,-1243,-2712,140655,119,19224,487,1,54011,0.0009980000000098244
64704000,-11320,-347,128798,4189,-5787,121217,110,19233,451,1,54012,0.000999999999990564
64705000,1998,7150,132311,-22574,4221,128901,97,19227,397,1,54013,0.0010000000000047748
64706000,-1462,-7952,127464,-3882,-8595,130610,138,19233,565,0,54014,0.0010000000000047748
64707001,6538,4015,128483,7916,-5720,130132,105,19233,565,0,54015,0.0010009999999880392
64708000,-7222,1357,130661,-8901,-4382,127412,109,19230,430,0,54016,0.0009990000000072996
64709000,-6349,3093,130973,-17274,-1299,129020,109,19226,446,1,54017,0.0010000000000047748
64710000,-8487,7109,132747,-10120,-300,135641,136,19228,557,1,54018,0.000999999999990564
64711000,-9271,4417,129246,-7615,5416,122883,111,19231,455,1,54019,0.0010000000000047748
64712000,-2542,10813,129978,-8646,4357,125080,105,19222,430,0,54020,0.0010000000000047748
64713001,-5295,-5414,125676,-1667,-12912,130931,129,19222,528,0,54021,0.0010009999999880392
64714000,1118,-3280,126781,-3114,-4806,126225,101,19234,528,0,54022,0.0009990000000072996
64715000,-5925,10241,129240,-15443,444,125672,121,19230,414,0,54023,0.0010000000000047748
64716000,-4549,6432,126811,-9322,4425,124367,121,19217,496,1,54024,0.000999999999990564
64717001,-7754,9543,129392,-8095,3227,125598,113,19229,463,1,54025,0.00100100000000225
64718000,-4324,1424,125790,-6690,-4809,123880,104,19230,426,1,54026,0.0009990000000072996
64719000,584,7479,126238,2975,6048,127568,128,19230,524,0,54027,0.000999999999990564
64720002,-269,5831,122985,-7601,2418,119290,110,19225,524,0,54028,0.0010019999999997253
64721002,5294,4855,126671,-3672,938,126752,112,19224,451,0,54029,0.0010000000000047748
64722000,1977,351,125298,1512,-3091,128907,112,19227,459,1,54030,0.0009979999999956135
64723000,-3165,3104,125959,1384,1959,129835,153,19226,627,1,54031,0.0010000000000047748
64724000,-2417,14875,127341,-9601,10411,118089,111,19233,455,1,54032,0.0010000000000047748
64725000,5487,10685,124065,96,6914,125201,96,19233,393,0,54033,0.000999999999990564
64726000,10875,1706,125249,16921,-3473,123884,104,19223,393,0,54034,0.0010000000000047748
64727000,7618,-9964,123660,1777,-16925,123061,113,19230,426,0,54035,0.0010000000000047748
64728000,5533,-2549,126686,1903,-5179,130524,113,19229,463,0,54036,0.000999999999990564
64729000,3689,3297,127429,7072,433,124650,120,19220,491,1,54037,0.0010000000000047748
64730000,2703,6499,129937,-566,4470,123096,109,19228,446,1,54038,0.0010000000000047748
64731000,7025,7078,127776,3193,2771,128840,101,19231,414,1,54039,0.000999999999990564
64732003,7390,-1942,123613,4173,-5147,123752,117,19231,414,0,54040,0.0010029999999972006
64733000,10474,1574,127882,9803,-2206,127699,95,19226,479,0,54041,0.0009970000000123491
64734000,8591,-10607,125705,12338,-14110,130354,95,19234,389,0,54042,0.000999999999990564
64735000,4643,-4853,127498,-3705,-8612,128820,104,19233,426,1,54043,0.0010000000000047748
64736002,-154,8955,131654,-2434,5266,121147,138,19227,565,1,54044,0.0010019999999997253
64737003,326,13462,128834,2380,10925,125175,110,19227,451,1,54045,0.00100100000000225
64738000,3486,-1010,127632,217,-5316,129877,99,19227,451,1,54046,0.0009969999999981383
64739000,6555,-16253,127772,-611,-19825,132760,139,19226,405,0,54047,0.000999999999990564
64740000,12820,-9758,129701,9808,-12953,129726,139,19233,569,0,54048,0.0010000000000047748
64741000,1152,6703,131723,15492,4117,126433,106,19231,434,0,54049,0.0010000000000047748
64742000,-1964,-3922,130556,-24457,-7604,133320,112,19227,459,1,54050,0.000999999999990564
64743000,-5903,17644,134197,-10370,16292,118840,131,19228,537,1,54051,0.0010000000000047748
64744000,-3554,-164,131982,497,-131,131700,102,19228,537,1,54052,0.0010000000000047748
64745000,-6042,-8370,128037,1849,-11667,128267,110,19232,418,0,54053,0.000999999999990564
64746000,-2568,-11639,128560,-17360,-16517,134435,110,19223,451,0,54054,0.0010000000000047748
64747000,-737,-796,128702,-4862,-4998,128246,97,19230,397,0,54055,0.0010000000000047748
64748000,-6097,9643,132848,1691,7237,123808,111,19225,455,0,54056,0.000999999999990564
64749000,-4591,6781,130558,-23584,4086,128738,140,19223,573,1,54057,0.0010000000000047748
64750000,-11993,3435,129060,-9110,852,128887,117,19223,573,1,54058,0.0010000000000047748
64751000,-1423,8533,129110,-5111,2176,124235,98,19228,479,1,54059,0.000999999999990564
64752000,-1597,2005,127925,-4841,2181,128592,98,19232,401,0,54060,0.0010000000000047748
64753000,-3670,-3851,125780,-10446,-8046,127096,151,19227,618,0,54061,0.0010000000000047748
64754001,-1885,6908,126482,-6578,-7532,122963,105,19234,430,0,54062,0.00100100000000225
64755000,-5073,3465,127372,-8361,1121,122646,108,19226,442,1,54063,0.0009989999999930887
64756000,-5468,6777,129732,-10183,3550,128031,131,19226,537,1,54064,0.0010000000000047748
64757000,-8583,4632,127972,-5950,424,127856,111,19228,537,1,54065,0.000999999999990564
64758000,797,6287,127785,-10274,4635,119662,110,19230,455,1,54066,0.0010000000000047748
64759000,-1076,5652,127084,1867,-7209,130005,110,19222,451,0,54067,0.0010000000000047748
64760000,3431,-6950,121862,-6550,-10581,124343,88,19233,360,0,54068,0.000999999999990564
64761000,-1005,4099,126348,-3001,3120,125019,108,19229,442,0,54069,0.0010000000000047748
64762002,-1738,17205,128555,-3044,8464,121750,128,19229,524,1,54070,0.0010019999999997253
64763003,-2083,19586,125196,-5517,18491,119265,115,19223,524,1,54071,0.00100100000000225
64764000,2719,5923,127749,-152,559,133337,94,19230,471,1,54072,0.0009969999999981383
64765000,8447,551,119995,11003,-1909,119018,94,19228,385,0,54073,0.0010000000000047748
64766003,9088,10430,123061,1504,6712,120645,130,19234,532,0,54074,0.0010029999999972006
64767000,12038,-7164,125792,12116,-9203,128863,106,19231,434,0,54075,0.0009969999999981383
64768001,6698,-5704,126173,8156,-7290,129183,112,19231,459,0,54076,0.00100100000000225
64769000,3506,4193,126929,-4934,5515,127032,134,19226,459,1,54077,0.0009989999999930887
64770000,3856,21499,130313,6628,15622,114664,109,19229,549,1,54078,0.0010000000000047748
64771000,9210,-334,124648,10179,-8320,132897,109,19232,446,1,54079,0.0010000000000047748
64772000,10603,2181,127660,288,2156,121301,101,19225,414,0,54080,0.000999999999990564
64773000,10505,344,128481,9264,-6676,129433,103,19232,422,0,54081,0.0010000000000047748
64774000,6191,-11252,125883,18498,-12641,125005,101,19230,414,0,54082,0.0010000000000047748
64775000,2988,5283,130800,-9909,1301,128897,118,19230,414,1,54083,0.000999999999990564
64776000,-1880,873,131473,-6626,-1344,131386,113,19222,483,1,54084,0.0010000000000047748
64777000,-509,17428,131954,12764,12034,120590,113,19230,463,1,54085,0.0010000000000047748
64778000,3095,4696,128730,-7354,514,127687,98,19232,401,1,54086,0.000999999999990564
64779000,9206,-13132,125529,4050,-16077,125007,132,19226,541,0,54087,0.0010000000000047748
64780000,9487,-10970,130102,17217,-17294,140079,110,19228,451,0,54088,0.0010000000000047748
64781000,3926,-3073,129380,-6478,-4178,125678,107,19228,451,0,54089,0.000999999999990564
64782000,536,18886,135150,-17537,16177,123267,153,19225,438,1,54090,0.0010000000000047748
64783000,-8158,1932,130372,6261,-1080,133469,153,19230,627,1,54091,0.0010000000000047748
64784000,-6034,-3692,128898,-6528,-6811,130572,110,19232,451,1,54092,0.000999999999990564
64785000,457,-8381,128514,-15774,-13217,137135,99,19226,405,0,54093,0.0010000000000047748
64786000,1330,4145,129544,4096,321,119532,114,19231,467,0,54094,0.0010000000000047748
64787000,330,8110,131942,-2681,5288,126026,106,19231,467,0,54095,0.000999999999990564
64788000,-5394,-6908,129841,-14113,-10664,136872,117,19229,434,0,54096,0.0010000000000047748
64789000,-10022,-80,131938,-5697,-3997,133945,117,19224,479,1,54097,0.0010000000000047748
64790002,-13210,16513,132324,-18116,16082,122309,110,19230,451,1,54098,0.0010019999999997253
64791001,-2551,13169,130386,-10084,12069,122604,102,19230,418,1,54099,0.0009989999999930887
64792000,-4077,-9369,127654,-3009,-9614,131495,124,19221,508,0,54100,0.0009990000000072996
64793000,-3105,-6301,126084,-9972,-12382,130722,99,19221,508,0,54101,0.000999999999990564
64794000,-218,6616,126875,-4649,2776,122909,101,19229,405,0,54102,0.0010000000000047748
64795000,-3510,6627,128065,-7556,260,128308,101,19231,414,1,54103,0.0010000000000047748
64796001,-6229,16585,129223,-12886,13063,120305,139,19228,569,1,54104,0.00100100000000225
64797000,-6553,2183,126883,-8157,1405,131843,114,19233,467,1,54105,0.0009989999999930887
64798000,-1369,-1377,124294,-1995,-7948,124508,101,19229,414,0,54106,0.0010000000000047748
64799000,2651,-648,124002,-1105,-4770,125884,116,19229,414,0,54107,0.000999999999990564
64800000,2490,3596,123742,-1546,2767,121243,106,19231,475,0,54108,0.0010000000000047748
64801002,1723,9052,126250,-4654,6621,129749,111,19229,434,0,54109,0.0010019999999997253
64802000,-2083,3054,125281,714,-1173,121239,111,19218,455,1,54110,0.0009979999999956135
64803000,-2505,8719,127163,-1856,1614,125814,129,19231,528,1,54111,0.0010000000000047748
64804000,2313,12458,126703,-9992,5628,124394,99,19234,405,1,54112,0.0010000000000047748
64805000,10307,4997,125741,8430,-3073,121504,113,19234,463,0,54113,0.000999999999990564
64806000,8163,-3823,123637,7558,-9691,127792,100,19227,463,0,54114,0.0010000000000047748
64807000,4800,3192,125950,767,4560,124043,109,19226,410,0,54115,0.0010000000000047748
64808000,6066,-8772,124592,6268,-10485,133485,109,19227,446,1,54116,0.000999999999990564
64809000,1791,8358,129132,1851,5490,121589,137,19227,561,1,54117,0.0010000000000047748
64810000,4374,19796,127952,-7234,14529,121533,113,19235,463,1,54118,0.0010000000000047748
64811000,9093,4377,126694,17028,-3258,125482,96,19235,393,1,54119,0.000999999999990564
64812000,10727,-3070,125258,8281,-7673,124278,143,19230,393,0,54120,0.0010000000000047748
64813001,9356,-8046,127647,-3953,-10512,140779,103,19234,586,0,54121,0.00100100000000225
64814000,8975,-1691,126390,15956,-2238,119593,103,19229,422,0,54122,0.0009989999999930887
64815000,4419,5536,131806,88,-829,133254,105,19224,430,1,54123,0.0010000000000047748
64816000,464,12627,129607,-8512,11167,126786,113,19223,463,1,54124,0.0010000000000047748
64817000,4894,2691,127492,7431,-1427,130166,104,19231,426,1,54125,0.000999999999990564
64818000,5142,1088,129490,7002,-3366,125933,113,19231,426,0,54126,0.0010000000000047748
64819003,8581,-6821,126590,-4648,-10729,125166,89,19218,463,0,54127,0.0010029999999972006
64820000,4485,-6476,131206,14496,-9641,134476,89,19234,365,0,54128,0.0009969999999981383
64821000,-145,-3583,130067,-7712,-8301,129113,103,19227,422,0,54129,0.0010000000000047748
64822000,903,5395,132525,-17856,3103,130408,129,19222,528,1,54130,0.0010000000000047748
64823000,-8894,13099,134712,5417,8919,121254,112,19233,459,1,54131,0.000999999999990564
64824001,-3035,-3164,129210,-7034,-6382,131888,96,19233,459,1,54132,0.00100100000000225
64825002,-1673,-6307,131629,-17552,-12180,135066,146,19226,393,0,54133,0.00100100000000225
64826002,-343,-3971,128011,5595,-8086,129795,146,19231,598,0,54134,0.0010000000000047748
64827000,-547,4892,130850,-95,2432,130161,109,19228,446,0,54135,0.0009979999999956135
64828000,-7856,8477,131432,-19817,5313,122345,115,19223,471,1,54136,0.0010000000000047748
64829000,-6832,19,130881,-11443,-2962,137580,135,19227,553,1,54137,0.000999999999990564
64830000,-8422,5729,127844,-5606,1736,126079,110,19227,553,1,54138,0.0010000000000047748
64831000,-3982,12740,129080,-11440,9830,119826,105,19232,451,1,54139,0.0010000000000047748
64832000,-1748,-3830,126373,-10278,-6965,132297,105,19223,430,0,54140,0.000999999999990564
64833000,-3347,-11629,125502,-699,-15337,131124,135,19230,553,0,54141,0.0010000000000047748
64834002,-2078,1355,128375,-7384,-2441,128933,104,19230,426,0,54142,0.0010019999999997253
64835000,-7455,9356,127520,-12949,7973,117300,124,19220,508,1,54143,0.0009979999999956135
64836000,-6361,11703,129127,-10557,6515,121718,117,19220,508,1,54144,0.0010000000000047748
64837000,-4152,3049,127010,-9296,1469,128599,104,19231,479,1,54145,0.0010000000000047748
64838000,-3113,5434,124613,450,1250,122220,104,19230,426,0,54146,0.000999999999990564
64839000,-2799,1549,125685,-7491,-591,125896,139,19232,569,0,54147,0.0010000000000047748
64840000,1295,-1193,124839,-5782,-6112,121100,108,19229,442,0,54148,0.0010000000000047748
64841000,1568,391,127444,2713,-2524,135262,109,19225,446,0,54149,0.000999999999990564
64842000,-4986,1688,123618,-4413,-4140,124257,161,19225,446,1,54150,0.0010000000000047748
64843002,835,18443,128467,-8240,18147,114589,106,19229,659,1,54151,0.0010019999999997253
64844001,6275,6973,123967,3859,8316,122758,106,19231,434,1,54152,0.0009989999999930887
64845000,7746,-330,121741,11851,-3551,128074,100,19224,410,0,54153,0.0009990000000072996
64846000,8700,-4099,123576,1137,-5863,123095,89,19232,365,0,54154,0.0010000000000047748
64847000,6407,1557,125616,6323,-2992,123087,113,19228,463,0,54155,0.000999999999990564
64848000,5585,869,127169,12697,319,135223,123,19228,504,1,54156,0.0010000000000047748
64849000,-550,6642,127478,-5966,8544,115545,111,19222,504,1,54157,0.0010000000000047748
64850000,6801,10051,129439,-8164,1871,131090,99,19229,455,1,54158,0.000999999999990564
64851000,6062,1500,124443,21087,2369,121689,99,19234,405,1,54159,0.0010000000000047748
64852000,11631,-1657,126330,4258,-4166,128712,128,19225,524,0,54160,0.0010000000000047748
64853000,7535,-17268,125455,12659,-19464,135706,107,19232,438,0,54161,0.000999999999990564
64854000,4832,1255,128685,-2219,-1327,124624,107,19232,438,0,54162,0.0010000000000047748
64855000,4024,4753,130634,-273,5529,130865,142,19227,438,1,54163,0.0010000000000047748
64856000,-1861,22653,131954,6533,11949,119993,113,19231,582,1,54164,0.000999999999990564
64857000,3515,-1003,126163,-6972,-5719,133864,113,19229,463,1,54165,0.0010000000000047748
64858000,8255,-1178,129116,8539,-4967,125321,104,19226,426,0,54166,0.0010000000000047748
64859000,10784,-3395,127979,6154,-11299,129003,134,19233,549,0,54167,0.000999999999990564
64860000,8666,-1989,129209,8201,-4271,128704,102,19233,418,0,54168,0.0010000000000047748
64861003,-613,195,132778,-13994,1098,125873,110,19232,418,0,54169,0.0010029999999972006
64862002,-3797,-1783,132465,-204,-4139,138478,119,19224,451,1,54170,0.0009990000000072996
64863000,-11241,9967,130650,-1939,6734,120803,119,19230,487,1,54171,0.0009979999999956135
64864000,-1162,4275,129970,-19621,-2725,128127,101,19229,414,1,54172,0.000999999999990564
64865000,2254,-6188,127819,150,-9072,129637,117,19223,479,0,54173,0.0010000000000047748
64866000,5699,4086,130464,2516,614,123819,96,19231,393,0,54174,0.0010000000000047748
64867000,-3840,3071,131339,-8512,-2444,132250,108,19231,393,0,54175,0.000999999999990564
64868000,-7589,116,130388,-13557,-2556,127287,147,19226,442,1,54176,0.0010000000000047748
64869002,-11757,4702,132921,-12996,2633,134309,147,19227,602,1,54177,0.0010019999999997253
64870000,-8313,12983,129961,-12114,9739,122675,117,19230,479,1,54178,0.0009979999999956135
64871000,-2611,3899,129988,-4295,352,124966,97,19226,397,1,54179,0.0010000000000047748
64872000,-549,4197,126292,-7386,372,127449,162,19233,664,0,54180,0.0010000000000047748
64873000,-727,-1578,124437,-7299,-4758,122251,109,19233,664,0,54181,0.000999999999990564
64874000,-3034,1085,128065,-6015,-2306,132271,116,19228,446,0,54182,0.0010000000000047748
64875001,-5138,12083,129143,-10192,9551,118712,116,19228,475,1,54183,0.00100100000000225
64876000,-8042,11212,127518,-8628,7868,127415,127,19228,520,1,54184,0.0009989999999930887
64877000,-4724,-555,125988,-8357,-4141,130824,107,19228,438,1,54185,0.0010000000000047748
64878000,1818,3631,124549,-2881,850,121648,113,19227,463,0,54186,0.0010000000000047748
64879000,2252,6604,126057,-495,4776,125689,92,19227,463,0,54187,0.000999999999990564
64880001,3409,2074,123402,-955,-1592,117148,104,19230,377,0,54188,0.00100100000000225
64881000,-1020,-184,127035,-3326,-3887,133537,104,19234,426,0,54189,0.0009990000000072996
64882001,-3327,5634,123265,-5744,21,126869,132,19222,541,1,54190,0.00100100000000225
64883000,-2259,4137,127199,-2177,1112,123114,115,19230,471,1,54191,0.0009989999999930887
64884000,8061,11018,126654,1485,9818,122260,92,19229,377,1,54192,0.0010000000000047748
64885009,8117,-3996,121864,10062,-4843,124184,110,19229,377,0,54193,0.0010089999999962629
64886001,7797,-861,124880,3222,-6733,125388,108,19232,451,0,54194,0.0009919999999965512
64887000,6439,160,126192,1736,-1914,122576,108,19227,442,0,54195,0.0009990000000072996
64888000,3881,2952,128479,12615,672,129331,111,19225,455,1,54196,0.000999999999990564
64889000,1426,3126,129590,-4021,3067,128046,130,19230,532,1,54197,0.0010000000000047748
64890000,5447,4725,127533,1397,-1484,128757,107,19232,438,1,54198,0.0010000000000047748
64891000,10214,8524,126459,12996,6442,118948,108,19232,438,0,54199,0.000999999999990564
64892001,8013,1553,127149,2555,1328,130722,87,19220,442,0,54200,0.00100100000000225
64893000,9062,-12549,126663,8036,-14909,131472,87,19231,356,0,54201,0.0009990000000072996
64894000,4926,-5277,127690,6690,-12472,130082,101,19229,414,0,54202,0.000999999999990564
64895000,3337,9082,128828,-558,14902,121926,120,19225,491,1,54203,0.0010000000000047748
64896000,4276,11943,131718,2621,4276,123603,113,19229,463,1,54204,0.0010000000000047748
64897000,3769,-4028,128275,3188,-11811,134933,100,19229,410,1,54205,0.000999999999990564
64898002,6950,-3432,129876,-1488,-9104,129783,144,19230,410,0,54206,0.0010019999999997253
64899000,7370,-12031,128742,1054,-8227,127320,103,19228,590,0,54207,0.0009980000000098244
64900000,3161,1739,131541,10980,-3845,131013,103,19228,422,0,54208,0.000999999999990564
64901000,-665,-4908,128717,-23600,-6550,131782,105,19226,430,1,54209,0.0010000000000047748
64902000,-3814,11672,135109,-9582,10676,124942,139,19228,569,1,54210,0.0010000000000047748
64903000,-6020,15771,132959,11762,7812,122537,107,19228,438,1,54211,0.000999999999990564
64904000,-2865,-5061,129329,-16135,-13347,133804,102,19228,438,1,54212,0.0010000000000047748
64905001,-2121,-17765,128814,-11956,-19505,136605,105,19221,418,0,54213,0.00100100000000225
64906000,-359,-2288,129201,6480,-5067,127468,105,19228,430,0,54214,0.0009989999999930887
64907000,-4577,17109,131706,-16338,19060,122006,112,19227,459,0,54215,0.0010000000000047748
64908000,-5798,7378,131858,-14861,2147,127263,125,19221,512,1,54216,0.0010000000000047748
64909000,-2973,-4786,127695,-6460,-6913,136602,116,19229,475,1,54217,0.000999999999990564
64910000,-5760,9744,128374,-9528,8281,123909,102,19229,475,1,54218,0.0010000000000047748
64911000,-2068,10699,129242,-8425,5644,123190,134,19232,418,0,54219,0.0010000000000047748
64912000,-4224,-4165,125412,-7209,-9978,129954,134,19225,549,0,54220,0.000999999999990564
64913000,-3985,-5,126976,-6531,-13,128317,97,19232,397,0,54221,0.0010000000000047748
64914000,-2444,2488,128493,-11286,-1809,128357,100,19224,410,0,54222,0.0010000000000047748
64915000,-5917,9350,128125,-2430,6920,119859,141,19227,577,1,54223,0.000999999999990564
64916000,-5104,9496,128235,-15589,5767,125640,113,19227,577,1,54224,0.0010000000000047748
64917000,-2316,9999,127947,-3882,6936,123408,101,19230,463,1,54225,0.0010000000000047748
64918000,2394,-7496,123563,2567,-12027,128226,101,19223,414,0,54226,0.000999999999990564
64919000,-318,-3641,126175,-2026,-6320,127650,105,19228,430,0,54227,0.0010000000000047748
64920002,-119,6054,124045,-5584,3221,121494,105,19227,430,0,54228,0.0010019999999997253
64921000,133,11863,128359,-3146,10156,128888,117,19223,479,1,54229,0.0009979999999956135
64922000,-2845,11550,124772,-1484,8710,118411,117,19223,479,1,54230,0.0010000000000047748
64923000,3192,9032,124624,-4872,5813,128167,97,19233,479,1,54231,0.0010000000000047748
64924000,3931,11148,123446,5996,7471,119105,97,19231,397,0,54232,0.000999999999990564
64925000,11133,-2111,122499,7222,-6478,123331,117,19232,479,0,54233,0.0010000000000047748
64926000,8873,-11908,124996,5195,-15847,135618,105,19229,430,0,54234,0.0010000000000047748
64927000,4586,-1974,126895,-527,-6676,125681,112,19226,459,0,54235,0.000999999999990564
64928000,4362,6977,127910,6140,3025,124467,148,19226,459,1,54236,0.0010000000000047748
64929001,739,10942,128090,4339,9140,122026,112,19227,606,1,54237,0.00100100000000225
64930002,9518,1557,124830,-4011,-89,128365,112,19229,459,1,54238,0.00100100000000225
64931000,8970,4243,125602,14490,811,119315,95,19226,389,0,54239,0.0009979999999956135
64932000,11279,2600,127710,4016,736,123193,126,19232,516,0,54240,0.0010000000000047748
64933002,4677,-7169,128379,12602,-13019,138763,108,19229,442,0,54241,0.0010019999999997253
64934001,4444,-4074,129495,-523,-11780,127963,111,19229,455,1,54242,0.0009989999999930887
64935001,-216,5399,132258,-5546,-1586,140998,105,19222,455,1,54243,0.0010000000000047748
64936000,-2335,28032,132204,7556,23912,107328,105,19228,430,1,54244,0.0009989999999930887
64937000,6948,-2634,129672,-6689,-1074,133817,102,19231,418,1,54245,0.0010000000000047748
64938000,9200,-15099,124626,5433,-23699,121840,118,19222,483,0,54246,0.0010000000000047748
64939003,12656,2148,130492,17550,-3517,132258,94,19226,385,0,54247,0.0010029999999972006
64940000,-281,-3186,127624,-1415,-6314,118218,106,19226,434,0,54248,0.0009969999999981383
64941000,3316,8647,135519,-15332,5607,134653,135,19226,434,1,54249,0.0010000000000047748
64942000,-5894,-4175,131883,485,-2551,144191,110,19218,553,1,54250,0.000999999999990564
64943000,-9539,5405,127500,830,11393,113002,110,19229,451,1,54251,0.0010000000000047748
64944000,1852,2899,131916,-25632,-4687,136476,97,19227,397,0,54252,0.0010000000000047748
64945000,451,-11265,125588,2895,-11242,129548,146,19232,598,0,54253,0.000999999999990564
64946000,2419,900,129791,9575,959,129782,109,19232,446,0,54254,0.0010000000000047748
64947000,-7692,1589,132942,-22077,-1376,130590,116,19228,446,0,54255,0.0010000000000047748
64948000,-8070,5807,130365,-5294,10103,123309,130,19221,475,1,54256,0.000999999999990564
64949000,-8926,2611,132887,-10489,-5891,140456,130,19230,532,1,54257,0.0010000000000047748
64950012,-8437,8733,127329,-11970,5059,119192,105,19231,430,1,54258,0.0010120000000028995
64951001,-2149,7340,128377,-7356,1067,127443,112,19218,459,0,54259,0.0009889999999899146
64952000,-3059,-6766,125643,-1281,-9870,130715,115,19218,471,0,54260,0.0009990000000072996
64953000,-1494,2612,128552,-6769,-1816,123236,108,19232,471,0,54261,0.0010000000000047748
64954000,-4547,6116,129483,-11213,2836,129580,130,19229,442,1,54262,0.000999999999990564
64955002,-8922,9727,127557,-8908,8084,120096,130,19225,532,1,54263,0.0010019999999997253
64956000,-4677,8228,129254,-7347,5867,130460,118,19229,483,1,54264,0.0009980000000098244
64957000,-4241,6268,125122,-1896,1844,123656,101,19228,414,1,54265,0.000999999999990564
64958000,489,1583,123146,-5826,-2626,121787,142,19231,582,0,54266,0.0010000000000047748
64959000,2282,-747,124840,-6728,-4130,125544,121,19231,582,0,54267,0.0010000000000047748
64960009,1951,-1350,125205,-1484,-5125,121217,117,19228,496,0,54268,0.0010089999999962629
64961000,1470,1026,127788,3423,-3357,131619,117,19225,479,1,54269,0.000990999999999076
64962000,-7296,8292,125589,-2226,6318,124260,158,19228,647,1,54270,0.0010000000000047748
64963000,1376,10931,125922,-8137,8072,122097,109,19233,446,1,54271,0.000999999999990564
64964000,6575,12565,125620,6132,8238,120921,104,19224,426,0,54272,0.0010000000000047748
64965000,8022,-10558,123497,8607,-16253,130129,84,19224,426,0,54273,0.0010000000000047748
64966000,8712,4099,124256,7495,175,118998,109,19226,344,0,54274,0.000999999999990564
64967000,3846,-4054,125171,-1905,-8176,130115,109,19227,446,0,54275,0.0010000000000047748
64968000,7014,-230,127427,10116,-3390,131606,125,19228,512,1,54276,0.0010000000000047748
64969001,958,12913,129389,5744,8927,115207,116,19231,475,1,54277,0.0010009999999880392
64970001,8291,5444,126309,-6297,1854,130629,96,19229,393,1,54278,0.0010000000000047748
64971000,8211,-7661,123058,7083,-10875,124033,132,19229,393,0,54279,0.0009990000000072996
64972000,12767,-5404,128565,18389,-7624,130260,100,19228,541,0,54280,0.000999999999990564
64973000,7131,-8506,126191,2696,-13108,130481,100,19231,410,0,54281,0.0010000000000047748
64974001,3036,1792,130338,0,-3315,123417,104,19223,426,1,54282,0.00100100000000225
64975004,429,14580,132137,1612,11394,131009,133,19228,545,1,54283,0.0010029999999972006
64976000,-2155,7161,126977,-1201,5261,122572,109,19233,446,1,54284,0.000996000000000663
64977000,6526,-5514,129586,-795,-11301,132010,100,19233,446,1,54285,0.0010000000000047748
64978000,8940,-9218,127840,2138,-9062,124484,114,19227,410,0,54286,0.000999999999990564
64979000,9382,-14544,128305,12721,-19031,132594,114,19232,467,0,54287,0.0010000000000047748
64980000,245,-2106,129443,4661,-5869,131488,104,19231,426,0,54288,0.0010000000000047748
64981000,-4259,6132,130700,-21370,-944,125050,117,19220,479,1,54289,0.000999999999990564
64982000,-1275,18628,132441,-4189,15544,125170,109,19230,446,1,54290,0.0010000000000047748
64983000,-1981,-3918,129688,310,-6356,132195,99,19230,405,1,54291,0.0010000000000047748
64984001,-1160,-8948,127297,-4323,-12876,133594,124,19233,405,0,54292,0.0010009999999880392
64985004,-19,-2906,130241,-14619,-9154,127384,101,19228,508,0,54293,0.0010030000000114114
64986002,-587,496,130584,5734,-1717,129621,101,19229,414,0,54294,0.0009979999999956135
64987000,-5824,9515,133555,-8104,6512,125619,107,19223,438,1,54295,0.0009979999999956135
64988000,-13691,1457,128975,-24441,-677,133959,151,19233,618,1,54296,0.0010000000000047748
64989000,-8579,14834,131335,-7339,17356,117847,114,19233,467,1,54297,0.000999999999990564
64990000,-4075,9435,129744,-6048,2435,126046,99,19232,467,1,54298,0.0010000000000047748
64991000,-1195,-10917,127402,-7342,-14616,135597,152,19226,405,0,54299,0.0010000000000047748
64992000,-1860,-6016,126455,-11030,-5199,125722,152,19234,623,0,54300,0.000999999999990564
64993000,-3823,4386,128162,-1914,7442,123498,104,19228,426,0,54301,0.0010000000000047748
64994000,-3464,16274,127505,-8345,12050,120074,116,19220,475,1,54302,0.0010000000000047748
64995000,-11007,2393,127534,-9892,-8828,134606,111,19220,455,1,54303,0.000999999999990564
64996002,-3112,6584,126598,-8205,3865,119562,104,19232,455,1,54304,0.0010019999999997253
64997002,1308,16113,129482,-1156,8921,121864,121,19230,426,0,54305,0.0010000000000047748
64998000,108,-1363,125411,2083,-4430,128567,121,19229,496,0,54306,0.0009979999999956135
64999000,2558,-3345,123116,-5483,-8244,125748,99,19226,405,0,54307,0.0010000000000047748
65000000,-3207,-3313,124803,-4403,-5693,133660,109,19227,446,0,54308,0.0010000000000047748
65001002,-1213,23772,127151,-3661,25401,110372,141,19222,577,1,54309,0.0010019999999997253
65002003,-1542,14199,126391,-4092,10101,126233,109,19222,577,1,54310,0.00100100000000225
65003002,6098,2336,124794,-1110,-2831,128652,96,19229,446,1,54311,0.0009989999999930887
65004000,8674,-2515,121938,11499,-7593,122974,96,19226,393,0,54312,0.0009979999999956135
65005000,11190,2060,125856,4444,-3045,120007,109,19228,446,0,54313,0.0010000000000047748
65006000,9040,1248,126358,11200,-4743,126888,110,19228,451,0,54314,0.0010000000000047748
65007000,1840,-8987,125495,4399,-11256,134702,116,19225,475,1,54315,0.000999999999990564
65008000,1474,11377,129820,-9465,9451,119679,118,19225,475,1,54316,0.0010000000000047748
65009000,2376,11906,127397,6996,8142,120975,104,19230,483,1,54317,0.0010000000000047748
65010000,8680,5433,126300,10881,2340,125248,104,19231,426,1,54318,0.000999999999990564
65011000,10000,-633,126437,-4061,-4897,124635,112,19221,459,0,54319,0.0010000000000047748
65012000,11632,-15310,125981,16765,-20139,136210,90,19229,369,0,54320,0.0010000000000047748
65013001,4037,-4951,127636,9031,-7824,125053,101,19229,414,0,54321,0.00100100000000225
65014000,2156,5335,129927,-11111,1456,124331,127,19229,414,1,54322,0.0009989999999930887
65015000,-1395,9651,131193,1510,5284,130339,115,19232,520,1,54323,0.0010000000000047748
65016000,2438,10997,129932,3704,8861,120641,115,19229,471,1,54324,0.000999999999990564
65017000,6293,-5878,127062,-607,-9671,132244,98,19228,401,0,54325,0.0010000000000047748
65018000,8203,-10577,127705,9465,-13963,125547,156,19234,639,0,54326,0.0010000000000047748
65019000,7019,-9753,128892,11315,-13301,136604,110,19234,451,0,54327,0.000999999999990564
65020000,1831,4073,131921,-10713,-1615,128696,109,19234,451,0,54328,0.0010000000000047748
65021000,-1898,12932,133298,-13289,8865,123256,133,19224,446,1,54329,0.0010000000000047748
65022000,-8766,1383,129928,5767,-1004,130676,133,19231,545,1,54330,0.000999999999990564
65023000,-3677,-4608,127459,-13995,-7653,128227,106,19230,434,1,54331,0.0010000000000047748
65024000,196,-11713,127741,-11049,-15668,136656,108,19216,442,0,54332,0.0010000000000047748
65025000,6805,4049,129598,9007,-2619,121214,89,19228,365,0,54333,0.000999999999990564
65026000,-5742,9794,132531,-4339,7370,125386,109,19228,365,0,54334,0.0010000000000047748
65027000,-3807,-4191,130415,-19569,-6703,138718,128,19232,446,1,54335,0.0010000000000047748
65028000,-11766,4813,130644,-11398,-218,127845,128,19224,524,1,54336,0.000999999999990564
65029000,-10525,10553,129264,-8317,3566,132536,117,19230,479,1,54337,0.0010000000000047748
65030000,-1455,18593,129570,-13325,15236,111911,99,19231,405,1,54338,0.0010000000000047748
65031000,-4044,-8800,126384,-3922,-10520,136186,144,19224,590,0,54339,0.000999999999990564
65032001,1735,-8382,123327,-1594,-20786,120366,98,19224,401,0,54340,0.00100100000000225
65033000,-2628,6929,128519,-8333,231,127829,103,19230,401,0,54341,0.0009990000000072996
65034000,-2139,9239,128987,-10189,7135,121531,135,19228,422,1,54342,0.000999999999990564
65035000,-6785,12377,126935,-2201,9744,126313,135,19231,553,1,54343,0.0010000000000047748
65036000,-7848,-439,128015,-14322,-4041,136858,112,19231,459,1,54344,0.0010000000000047748
65037000,237,10021,125367,-7993,7501,112527,106,19223,434,0,54345,0.000999999999990564
65038000,1001,547,127357,3610,-9790,135553,84,19223,344,0,54346,0.0010000000000047748
65039001,2249,-1711,124788,374,-964,120541,108,19225,344,0,54347,0.00100100000000225
65040000,-2742,8598,127168,-8638,4439,127902,122,19228,442,0,54348,0.0009989999999930887
65041000,-3359,11554,126058,-3891,14119,125983,122,19217,500,1,54349,0.0010000000000047748
65042000,-103,17656,124830,1000,15383,113997,111,19231,455,1,54350,0.0010000000000047748
65043000,7064,-1081,125304,825,-9229,135805,96,19229,393,1,54351,0.000999999999990564
65044000,8688,3938,123013,7446,-2749,115179,132,19229,541,0,54352,0.0010000000000047748
65045000,11344,-3894,124530,4339,-10158,133079,109,19231,541,0,54353,0.0010000000000047748
65046000,6163,-3054,127506,7263,-3726,124362,112,19227,446,0,54354,0.000999999999990564
65047000,1389,6302,126027,-1457,1862,120548,112,19226,459,1,54355,0.0010000000000047748
65048000,2199,2012,129691,2445,2455,133140,139,19228,569,1,54356,0.0010000000000047748
65049000,5510,17971,127169,3928,14051,117823,109,19232,446,1,54357,0.000999999999990564
65050000,9628,5121,126644,8365,1374,137343,102,19227,418,0,54358,0.0010000000000047748
65051000,10600,10021,127770,9742,5807,115343,120,19227,418,0,54359,0.0010000000000047748
65052000,10688,-23488,125335,5200,-28993,144229,107,19231,491,0,54360,0.000999999999990564
65053000,4317,635,130594,2361,1576,119531,107,19230,438,0,54361,0.0010000000000047748
65054003,3755,10370,130302,-1060,3702,130323,115,19225,471,1,54362,0.0010029999999972006
65055000,-304,3035,128861,2044,1916,131600,110,19228,451,1,54363,0.0009969999999981383
65056000,2996,9503,130152,-1065,3479,120647,101,19231,414,1,54364,0.0010000000000047748
65057000,9739,-15457,126184,939,-19053,137831,128,19231,414,0,54365,0.0010000000000047748
65058000,7445,1295,130480,12407,-195,116912,100,19224,524,0,54366,0.000999999999990564
65059000,5360,-6703,129541,5601,-10933,143769,100,19232,410,0,54367,0.0010000000000047748
65060001,-2027,5097,129804,-14288,2479,120523,105,19227,430,1,54368,0.00100100000000225
65061000,-3382,10523,134939,-16773,7018,125669,144,19227,590,1,54369,0.0009989999999930887
65062000,-8045,252,131170,11842,-3042,136773,111,19228,455,1,54370,0.0010000000000047748
65063000,-2421,-2960,128804,-11453,-6547,121246,96,19228,455,1,54371,0.0010000000000047748
65064000,-2410,-10173,129373,-16919,-15196,142800,130,19228,393,0,54372,0.000999999999990564
65065000,4539,6561,129438,6608,2884,117219,130,19233,532,0,54373,0.0010000000000047748
65066000,-5056,4810,131548,-3320,1936,129294,108,19227,442,0,54374,0.0010000000000047748
65067000,-8357,-709,130843,-21121,-4974,132085,120,19223,491,1,54375,0.000999999999990564
65068000,-7437,-1095,129027,-9233,-3962,130776,120,19226,491,1,54376,0.0010000000000047748
65069000,-9135,9902,130138,-5212,6655,128452,104,19226,491,1,54377,0.0010000000000047748
65070000,688,10763,128336,-13663,9008,117717,119,19235,426,1,54378,0.000999999999990564
65071000,-4119,-7491,124936,-2640,-13630,135791,119,19214,487,0,54379,0.0010000000000047748
65072000,-3447,-7093,126401,-8445,-9141,124028,89,19233,365,0,54380,0.0010000000000047748
65073000,-3236,2923,129126,-14060,-151,127779,105,19224,430,0,54381,0.000999999999990564
65074000,-7534,11851,128254,-1545,5684,126289,138,19222,565,1,54382,0.0010000000000047748
65075000,-8542,8141,126686,-11631,5720,118401,118,19222,483,1,54383,0.0010000000000047748
65076000,-1759,1107,126665,-12482,-2326,133003,98,19229,483,1,54384,0.000999999999990564
65077001,970,-1933,124245,3773,-2130,120662,119,19231,401,0,54385,0.00100100000000225
65078000,1708,2188,124510,-3541,719,126006,119,19235,487,0,54386,0.0009990000000072996
65079000,1605,6938,125668,-5346,3963,122447,107,19225,438,0,54387,0.000999999999990564
65080000,-2376,1756,125507,3793,-461,129016,115,19220,471,1,54388,0.0010000000000047748
65081003,-3764,8010,126315,-7197,2536,124616,137,19220,561,1,54389,0.0010029999999972006
65082000,658,14065,126014,-7439,8380,123196,101,19226,561,1,54390,0.0009969999999981383
65083000,8018,21645,124734,12169,11022,116556,103,19235,414,0,54391,0.0010000000000047748
65084000,9200,-3165,124072,3816,-9143,125691,103,19231,422,0,54392,0.0010000000000047748
65085000,10139,-16975,125180,1313,-12704,134111,103,19227,422,0,54393,0.000999999999990564
65086000,3039,2836,125810,14832,3678,120249,120,19227,491,0,54394,0.0010000000000047748
65087000,1975,6581,126309,-6858,5832,124167,140,19227,573,1,54395,0.0010000000000047748
65088000,4777,9428,127819,-318,4559,125704,114,19226,573,1,54396,0.000999999999990564
65089000,7511,1179,125364,11805,-2255,127648,96,19227,467,1,54397,0.0010000000000047748
65090000,12779,3458,127034,6138,-31,121629,96,19225,393,0,54398,0.0010000000000047748
65091000,8378,648,128890,6321,-10076,128371,142,19234,582,0,54399,0.000999999999990564
65092000,8770,-9183,125577,13540,-14152,132995,100,19230,410,0,54400,0.0010000000000047748
65093000,758,2610,130335,-4265,-1055,128183,105,19222,430,0,54401,0.0010000000000047748
65094000,1347,4509,129967,-5694,6441,130803,126,19222,430,1,54402,0.000999999999990564
65095002,1957,23130,128235,11014,22992,116265,105,19228,516,1,54403,0.0010019999999997253
65096000,4866,721,127465,-2087,-7136,132455,105,19228,430,1,54404,0.0009980000000098244
65097000,13451,-17531,124981,4483,-20092,129898,105,19219,430,0,54405,0.000999999999990564
65098000,11205,-2865,130899,17603,-3275,127669,99,19230,405,0,54406,0.0010000000000047748
65099000,3603,-1115,129903,-1461,-4629,127490,104,19229,426,0,54407,0.0010000000000047748
65100001,1097,7250,134322,-21107,3059,126589,121,19229,426,1,54408,0.0010009999999880392
65101000,-10421,1642,133990,4517,-1626,137544,111,19222,496,1,54409,0.0009990000000072996
65102000,-8473,-907,128388,-4956,-3274,124115,111,19229,455,1,54410,0.0010000000000047748
65103000,-1834,-1648,130523,-17929,-4347,126054,93,19226,381,1,54411,0.000999999999990564
65104000,2989,-3218,128158,4136,-6697,128956,135,19231,553,0,54412,0.0010000000000047748
65105000,1788,2387,129838,2416,-708,125254,106,19229,434,0,54413,0.0010000000000047748
65106000,-6759,-7303,132101,-16208,-10823,136125,110,19229,434,0,54414,0.000999999999990564
65107000,-7421,7297,130446,-14591,4832,123772,142,19227,451,1,54415,0.0010000000000047748
65108000,-12027,3433,128833,-4394,503,133257,142,19229,582,1,54416,0.0010000000000047748
65109000,-3000,3491,129991,-14236,190,130137,112,19231,459,1,54417,0.000999999999990564
65110000,-3395,6842,128956,-7957,4797,118889,105,19222,430,0,54418,0.0010000000000047748
65111000,-2052,-3382,125673,-2257,-6939,133563,133,19232,545,0,54419,0.000999999999990564
65112001,-1265,-1611,125514,-5537,-5515,122896,103,19232,545,0,54420,0.00100100000000225
65113001,-7022,9139,129144,-13168,7241,126511,115,19232,422,1,54421,0.0010000000000047748
65114000,-6095,12554,127327,-9013,7164,124860,114,19221,471,1,54422,0.0009989999999930887
65115000,-11760,4836,128843,-9698,2608,123963,114,19228,467,1,54423,0.0010000000000047748
65116003,-35,2949,126174,-11729,-1526,129238,103,19232,422,1,54424,0.0010029999999972006
65117000,3052,-2116,124478,865,-968,120354,130,19227,532,0,54425,0.0009969999999981383
65118002,3484,-6707,124412,6571,-13063,132804,109,19227,446,0,54426,0.0010019999999997253
65119000,2542,4639,124560,-5712,3577,118044,108,19229,446,0,54427,0.0009980000000098244
65120000,-3865,3344,125476,-6812,3126,125472,151,19227,442,1,54428,0.000999999999990564
65121000,-1931,10260,127425,-1386,7716,126522,151,19228,618,1,54429,0.0010000000000047748
65122000,-753,10966,126887,-4434,14894,121056,111,19232,455,1,54430,0.0010000000000047748
65123000,7591,8511,124352,314,3261,127803,99,19222,405,0,54431,0.000999999999990564
65124000,7161,2424,125430,11411,-931,120002,98,19222,401,0,54432,0.0010000000000047748
65125000,6777,-6269,123239,10669,-11074,125945,108,19229,401,0,54433,0.0010000000000047748
65126000,6802,1844,126261,-1316,-3305,126984,117,19227,442,0,54434,0.000999999999990564
65127000,1611,6183,128041,3587,-558,123942,117,19223,479,1,54435,0.0010000000000047748
65128000,8349,14526,129383,5528,14226,122400,108,19227,442,1,54436,0.0010000000000047748
65129000,5959,-2834,124002,1855,-2851,129187,100,19232,410,1,54437,0.000999999999990564
65130001,9806,6471,128595,2955,1408,124423,121,19232,496,0,54438,0.00100100000000225
65131000,14265,-7242,124349,8310,-12506,126864,96,19225,496,0,54439,0.0009990000000072996
65132000,5383,-6122,129344,18397,-10256,132776,101,19231,393,0,54440,0.000999999999990564
65133000,3511,3598,128533,-4799,-1035,127736,101,19231,414,1,54441,0.0010000000000047748
65134000,-637,6096,129238,3374,7165,126564,136,19230,557,1,54442,0.0010000000000047748
65135000,2311,14704,132412,13433,9439,123681,114,19232,467,1,54443,0.000999999999990564
65136000,4712,-822,127812,-10432,-7488,130324,98,19226,401,1,54444,0.0010000000000047748
65137001,10192,-8758,128418,2355,-12648,131131,136,19226,401,0,54445,0.00100100000000225
65138000,9146,-4593,130255,22835,-13106,129529,106,19231,557,0,54446,0.0009989999999930887
65139000,76,-7443,127607,-11127,-9194,131273,106,19229,434,0,54447,0.0010000000000047748
65140001,-1279,12302,134840,-17321,6830,124114,109,19221,446,1,54448,0.00100100000000225
65141000,-5197,8638,131110,9088,5804,125213,127,19230,520,1,54449,0.0009989999999930887
65142000,-3861,8617,132765,-7059,4151,127804,102,19233,418,1,54450,0.0010000000000047748
65143000,-1225,-6822,127568,-17269,-12675,129714,115,19233,418,0,54451,0.0010000000000047748
65144001,-954,-9004,130249,2996,-11855,137689,105,19225,471,0,54452,0.00100100000000225
65145001,48,4591,130351,301,2159,121090,105,19226,430,0,54453,0.000999999999990564
65146015,-6997,7877,133700,-20590,4700,133154,115,19226,471,0,54454,0.00101399999999785
65147000,-8033,1891,128947,-11078,-209,126872,139,19225,569,1,54455,0.0009850000000000136
65148000,-8948,8917,129442,-9037,4983,128286,118,19229,483,1,54456,0.0010000000000047748
65149000,-2852,8889,129845,-12806,8419,130762,103,19229,483,1,54457,0.0010000000000047748
65150000,-4003,3952,128249,-4514,-731,124263,160,19225,422,0,54458,0.000999999999990564
65151000,-2382,-7967,126354,-9546,-11100,137951,160,19232,655,0,54459,0.0010000000000047748
65152000,-582,5403,127804,-3070,3032,117626,106,19229,434,0,54460,0.0010000000000047748
65153000,-3567,6134,127833,-8576,2717,128465,106,19226,434,1,54461,0.000999999999990564
65154000,-8880,6330,126576,-5994,2915,125081,132,19227,541,1,54462,0.0010000000000047748
65155002,-7317,14299,127088,-17749,11766,119337,114,19227,541,1,54463,0.0010019999999997253
65156000,-720,7149,128840,-3557,4428,130538,114,19231,467,0,54464,0.0009979999999956135
65157000,3,-3612,123060,7988,-6782,120842,114,19224,467,0,54465,0.0010000000000047748
65158000,2645,-6318,123795,-10246,-11482,139738,89,19228,365,0,54466,0.0010000000000047748
65159002,-1193,6699,124786,-5635,2384,115092,108,19227,442,0,54467,0.0010019999999997253
65160000,2831,16550,127761,551,13248,123417,129,19221,528,1,54468,0.0009979999999956135
65161000,-2219,5094,125195,-2307,-535,129457,112,19221,528,1,54469,0.0010000000000047748
65162000,3119,834,124053,-2966,-2048,121129,96,19230,459,1,54470,0.000999999999990564
65163000,7145,5335,124686,852,2265,126130,96,19228,393,0,54471,0.0010000000000047748
65164000,9617,2742,123394,9549,-276,117122,131,19227,537,0,54472,0.0010000000000047748
65165000,8486,-12135,125878,11955,-18230,138070,117,19228,479,0,54473,0.000999999999990564
65166008,639,-1039,125606,-4283,-5430,119754,115,19224,471,1,54474,0.0010079999999987876
65167000,3703,15712,130342,-3967,9399,125081,131,19224,537,1,54475,0.000992000000010762
65168000,533,12214,126816,12127,8667,124795,111,19232,537,1,54476,0.000999999999990564
65169000,8197,2808,125941,1689,-755,124078,106,19230,455,1,54477,0.0010000000000047748
65170006,11086,461,126859,-911,-3764,122698,106,19228,434,0,54478,0.0010060000000038372
65171002,10580,-1201,127154,16122,-4731,121180,103,19232,422,0,54479,0.000996000000000663
65172000,8402,-13384,128397,14457,-17522,134058,105,19230,430,0,54480,0.0009979999999956135
65173000,1327,5979,130798,-10067,419,124111,115,19230,471,1,54481,0.0010000000000047748
65174000,2046,7361,129329,-325,4527,130715,110,19225,471,1,54482,0.000999999999990564
65175000,-2649,20345,130289,7625,12094,115461,101,19231,451,1,54483,0.0010000000000047748
65176000,6761,-3471,128146,-4952,1301,138550,101,19228,414,0,54484,0.0010000000000047748
65177000,11858,-7185,130232,11269,-5611,125555,135,19227,553,0,54485,0.000999999999990564
65178000,5413,-2029,129348,18341,-5690,128890,102,19226,418,0,54486,0.0010000000000047748
65179000,3495,1028,133766,-17674,2914,127887,104,19226,426,0,54487,0.0010000000000047748
65180000,-3625,12790,133164,-4656,3843,127636,153,19225,426,1,54488,0.000999999999990564
65181003,-6623,-7323,128076,-4276,-6210,138588,109,19228,627,1,54489,0.0010030000000114114
65182000,-6812,3800,131049,-19293,3775,119010,109,19231,446,1,54490,0.0009969999999981383
65183000,4485,-2740,129170,-2964,-9991,134775,98,19225,401,0,54491,0.000999999999990564
65184000,1346,839,129898,9458,-3423,126131,120,19231,491,0,54492,0.0010000000000047748
65185000,-2285,499,131365,-13610,-8998,131077,107,19230,438,0,54493,0.0010000000000047748
65186000,-6040,3363,130772,-18291,2532,130666,122,19230,438,1,54494,0.000999999999990564
65187000,-10325,9476,131850,-6820,6180,127225,114,19220,500,1,54495,0.0010000000000047748
65188000,-9273,2591,130677,-9366,-197,132767,114,19226,467,1,54496,0.0010000000000047748
65189002,-3280,15591,128028,-14097,9876,119642,100,19229,410,1,54497,0.0010019999999997253
65190002,-2807,-4524,125196,-10926,-8853,132926,124,19224,508,0,54498,0.000999999999990564
65191002,1334,-3430,126653,4756,-4454,128232,96,19231,393,0,54499,0.0010000000000047748
65192000,-1771,6454,127543,-9574,3794,120625,105,19231,393,0,54500,0.0009979999999956135
65193000,-5410,6602,128498,-13175,3545,126770,146,19228,430,1,54501,0.0010000000000047748
65194000,-6442,2225,127601,-5967,-3647,127597,146,19231,598,1,54502,0.0010000000000047748
65195000,-4257,6965,126040,-7539,3587,129403,115,19227,471,1,54503,0.000999999999990564
65196000,-492,16028,127511,1431,13664,116623,101,19223,414,0,54504,0.0010000000000047748
65197000,-921,-1945,125193,-1931,-4603,124008,120,19229,491,0,54505,0.0010000000000047748
65198000,1275,-2785,125894,-4346,-6332,129104,115,19229,491,0,54506,0.000999999999990564
65199000,214,3099,126594,-8093,342,126835,122,19231,471,0,54507,0.0010000000000047748
65200000,-2266,8629,127294,8397,5999,125393,122,19222,500,1,54508,0.0010000000000047748
65201000,-3964,14676,124554,-5646,11453,118987,127,19227,520,1,54509,0.000999999999990564
65202001,7179,691,122925,-13285,-2406,129385,99,19232,405,1,54510,0.00100100000000225
65203000,10094,4680,123580,20564,651,119866,112,19228,459,0,54511,0.0009990000000072996
65204001,12937,-2159,123185,9652,-6147,123220,98,19228,459,0,54512,0.0010009999999880392
65205000,5947,-1483,126396,-1687,-4782,125091,112,19223,401,0,54513,0.0009990000000072996
65206000,4978,-11504,125644,5418,-15467,133752,112,19227,459,1,54514,0.0010000000000047748
65207000,2380,9459,127634,4575,3203,127280,143,19229,586,1,54515,0.000999999999990564
65208000,1901,15485,127382,-827,13774,119179,113,19228,463,1,54516,0.0010000000000047748
65209000,9975,1670,124202,2943,-4346,125280,94,19228,385,1,54517,0.0010000000000047748
65210000,9874,266,127734,10156,-992,124412,137,19228,561,0,54518,0.000999999999990564
65211000,11126,-12990,125258,7966,-18919,137525,111,19231,561,0,54519,0.0010000000000047748
65212002,3599,-3981,127673,8926,-14322,125091,109,19232,455,0,54520,0.0010019999999997253
65213000,3704,6443,132506,-5419,3723,129608,109,19224,446,1,54521,0.0009979999999956135
65214000,1832,9820,128665,2050,5580,128815,122,19228,500,1,54522,0.0010000000000047748
65215000,-80,6862,130716,5405,3853,126048,107,19232,438,1,54523,0.0010000000000047748
65216000,8749,-3783,129573,-8109,-5501,128388,114,19232,467,0,54524,0.000999999999990564
65217000,8752,-6730,128501,10737,-12094,129700,85,19220,467,0,54525,0.0010000000000047748
65218000,5931,-7437,130162,20814,-12340,132571,100,19233,348,0,54526,0.0010000000000047748
65219000,-121,1984,132120,-22230,-2404,124691,100,19231,410,0,54527,0.000999999999990564
65220000,-2723,14184,133171,-8616,7245,128859,129,19226,528,1,54528,0.0010000000000047748
65221000,-6927,5411,129886,11654,2492,129930,112,19233,459,1,54529,0.0010000000000047748
65222000,-3590,-5948,128833,-14879,-4428,130618,95,19233,389,1,54530,0.000999999999990564
65223000,1621,-11613,127474,-15682,-17053,133415,146,19226,389,0,54531,0.0010000000000047748
65224000,2274,8428,131622,5967,8837,123219,105,19230,598,0,54532,0.0010000000000047748
65225000,-1913,1477,129612,2355,-3945,128187,105,19231,430,0,54533,0.000999999999990564
65226000,-9409,-1181,131434,-16733,-3611,134879,111,19225,455,1,54534,0.0010000000000047748
65227000,-8924,1097,130004,-18249,-809,130325,129,19227,528,1,54535,0.0010000000000047748
65228000,-9908,19629,130788,-6447,19487,117824,109,19231,446,1,54536,0.000999999999990564
65229000,-675,2792,128960,-9795,-4300,131561,108,19231,446,1,54537,0.0010000000000047748
65230000,-3486,-8001,124141,-4922,-12994,129740,112,19221,442,0,54538,0.0010000000000047748
65231001,-233,-4569,126042,-11668,-7345,129836,112,19238,459,0,54539,0.0010009999999880392
65232002,-1787,9317,130347,-5839,7400,118724,101,19227,414,0,54540,0.00100100000000225
65233002,-8041,15858,129200,-6253,9506,122736,124,19225,508,1,54541,0.0010000000000047748
65234000,-6016,966,127113,-19036,-6054,134375,117,19228,479,1,54542,0.0009979999999956135
65235000,-4654,870,126846,575,-652,123782,102,19228,479,1,54543,0.0010000000000047748
65236000,780,10179,128130,-2644,5346,122617,140,19228,418,0,54544,0.000999999999990564
65237000,796,-430,122619,-1117,-3505,123834,140,19233,573,0,54545,0.0010000000000047748
65238000,943,-3635,125813,-5519,-7388,131884,106,19226,434,0,54546,0.0010000000000047748
65239000,-494,10863,127362,-3777,6275,120528,108,19223,442,0,54547,0.000999999999990564
65240000,-3427,14766,125976,-2202,11638,121733,151,19229,618,1,54548,0.0010000000000047748
65241000,501,10077,126879,-4220,6261,123726,106,19229,618,1,54549,0.0010000000000047748
65242000,4785,7729,122619,4828,2797,121610,99,19235,434,1,54550,0.000999999999990564
65243001,11154,-7726,122508,4458,-11297,132512,99,19225,405,0,54551,0.00100100000000225
65244002,8193,-1660,125851,4786,-4068,119412,81,19231,332,0,54552,0.00100100000000225
65245002,7248,-995,126452,3634,-5424,130588,113,19224,463,0,54553,0.0010000000000047748
65246001,2465,1925,125952,7959,-613,126468,124,19223,508,1,54554,0.0009989999999930887
65247000,2332,6741,128058,-4656,3940,123466,110,19223,508,1,54555,0.0009990000000072996
65248000,9712,1253,125067,6192,-2384,121997,97,19231,451,1,54556,0.000999999999990564
65249000,9670,6377,125216,12996,4317,120398,97,19232,397,0,54557,0.0010000000000047748
65250000,7507,-1374,128497,-424,-4998,131002,128,19227,524,0,54558,0.0010000000000047748
65251001,5736,-15661,125323,11690,-19037,129474,108,19232,442,0,54559,0.00100100000000225
65252000,3957,-3487,130690,-1411,-8030,137636,105,19227,430,0,54560,0.0009989999999930887
65253000,248,13336,131605,-3363,9882,121539,138,19227,565,1,54561,0.0010000000000047748
65254000,-165,19090,129748,6153,14647,121071,110,19225,565,1,54562,0.000999999999990564
65255000,6105,-1811,126512,-3804,-6666,134974,101,19229,451,1,54563,0.0010000000000047748
65256000,10471,-16798,124876,2622,-21816,131906,101,19225,414,0,54564,0.0010000000000047748
65257000,10571,-357,130619,12951,-2516,123371,130,19234,532,0,54565,0.000999999999990564
65258000,2822,-1565,129145,3117,-3915,129919,109,19227,446,0,54566,0.0010000000000047748
65259000,1885,-858,134790,-12264,-5741,137209,114,19227,467,1,54567,0.0010000000000047748
65260000,-7846,3129,130341,-5789,-1488,127395,115,19220,467,1,54568,0.000999999999990564
65261000,-8521,8616,130781,-1718,5019,124277,100,19231,471,1,54569,0.0010000000000047748
65262002,1052,5833,131762,-14198,1808,127922,100,19231,410,1,54570,0.0010019999999997253
65263001,810,-10609,126111,-1234,-16590,135515,124,19223,508,0,54571,0.0009990000000072996
65264000,4463,7321,132904,3427,879,127401,101,19232,414,0,54572,0.0009989999999930887
65265000,-7490,5270,131010,-12235,1959,125753,109,19232,446,0,54573,0.0010000000000047748
65266000,-7139,7936,134337,-13000,3315,130973,145,19228,446,1,54574,0.000999999999990564
65267000,-7474,2535,129083,-12105,54,131858,113,19227,594,1,54575,0.0010000000000047748
65268000,-7764,8080,129905,-7738,-6,122137,113,19231,463,1,54576,0.0010000000000047748
65269000,-1002,10442,127658,-11048,10937,119617,101,19227,414,0,54577,0.000999999999990564
65270000,-2985,-9439,126401,-6911,-9042,135759,173,19234,709,0,54578,0.0010000000000047748
65271001,1428,-1478,129350,3373,-3842,126828,104,19229,426,0,54579,0.00100100000000225
65272000,-7082,5184,126779,-15451,3470,123664,107,19229,426,0,54580,0.0009989999999930887
65273000,-7121,16345,130054,-12409,16563,121760,114,19221,438,1,54581,0.0010000000000047748
65274000,-6931,8950,127628,-6854,1317,129686,114,19228,467,1,54582,0.0010000000000047748
65275001,-3283,1093,122078,-6964,3303,130238,110,19233,451,1,54583,0.00100100000000225
65276000,2842,7330,125971,-8694,3522,115763,117,19228,479,0,54584,0.0009989999999930887
65277001,4443,1945,124910,1787,-770,126936,98,19226,401,0,54585,0.00100100000000225
65278002,7257,59,125979,181,-6682,128853,109,19226,401,0,54586,0.00100100000000225
65279000,-4601,-1315,125699,-2458,-6714,131729,137,19228,446,1,54587,0.0009979999999956135
65280000,-4429,18077,127071,-8815,15928,117322,137,19221,561,1,54588,0.0010000000000047748
65281000,366,16346,126979,-3986,11192,121339,112,19230,459,1,54589,0.000999999999990564
65282000,6041,-1873,125470,9488,-7275,127873,94,19228,385,0,54590,0.0010000000000047748
65283000,9627,4721,122734,5247,-3149,119673,115,19233,471,0,54591,0.0010000000000047748
65284000,5151,2107,125584,-26,-1104,128085,114,19233,471,0,54592,0.000999999999990564
65285000,6909,-600,127985,9052,-3787,125811,116,19228,467,0,54593,0.0010000000000047748
65286000,2378,3666,128555,6605,3131,125387,116,19222,475,1,54594,0.0010000000000047748
65287000,3885,12127,128815,-9717,9915,123608,128,19228,524,1,54595,0.000999999999990564
65288000,6110,-733,125626,7922,-5817,127826,104,19231,426,1,54596,0.0010000000000047748
65289000,13247,628,123853,12976,-2142,124088,107,19219,438,0,54597,0.0010000000000047748
65290000,11092,-2432,127317,4269,-5719,128048,85,19219,438,0,54598,0.000999999999990564
65291000,5243,-6882,127909,13510,-10434,129198,105,19229,348,0,54599,0.0010000000000047748
65292000,6036,2258,129195,-3243,-1467,129754,105,19227,430,1,54600,0.0010000000000047748
65293000,-2537,15160,132854,-523,11976,125880,124,19225,508,1,54601,0.000999999999990564
65294000,967,7137,130938,4038,4425,130732,115,19225,471,1,54602,0.0010000000000047748
65295000,4645,812,128311,-2248,-2942,122848,98,19226,401,1,54603,0.0010000000000047748
65296000,8828,-15074,127500,-881,-18229,135885,145,19226,401,0,54604,0.000999999999990564
65297000,11421,-7218,130232,19199,-11082,130692,105,19230,594,0,54605,0.0010000000000047748
65298000,775,3087,130747,7001,-4,127026,105,19233,430,0,54606,0.0010000000000047748
65299000,-1734,2131,131282,-23429,-364,128143,106,19226,434,1,54607,0.000999999999990564
65300000,-6156,17371,134002,-12612,14534,121029,137,19230,561,1,54608,0.0010000000000047748
65301000,-4474,-1293,129568,12458,-4332,140002,105,19233,430,1,54609,0.0010000000000047748
65302000,-2622,-11438,126548,-7701,-15756,124978,106,19233,434,0,54610,0.000999999999990564
65303000,-851,-11389,129271,-19078,-17917,135449,95,19220,434,0,54611,0.0010000000000047748
65304000,2229,6727,130918,6505,1094,125040,110,19230,389,0,54612,0.0010000000000047748
65305000,-6386,9962,131127,-5124,5351,125058,110,19229,451,0,54613,0.000999999999990564
65306000,-8302,1954,128699,-20349,-4653,136073,127,19223,520,1,54614,0.0010000000000047748
65307000,-7819,3141,128765,-13151,-912,126796,113,19229,463,1,54615,0.0010000000000047748
65308000,-1697,5809,129342,-6270,-1367,131652,100,19229,410,1,54616,0.000999999999990564
65309001,-701,6346,127860,-3221,4361,122505,137,19231,410,0,54617,0.00100100000000225
65310000,-5522,-12266,125366,-10509,-17726,132722,102,19222,561,0,54618,0.0009990000000072996
65311000,-398,4561,126943,-5000,-1494,123000,102,19235,418,0,54619,0.000999999999990564
65312000,-4962,7003,128440,-10376,3280,128324,105,19224,430,1,54620,0.0010000000000047748
65313000,-8178,10483,128923,-2871,6917,119432,140,19228,573,1,54621,0.0010000000000047748
65314000,-7017,5893,129670,-14976,5654,130001,113,19228,463,1,54622,0.000999999999990564
65315000,-669,4022,126591,-8967,-2690,125331,104,19231,463,1,54623,0.0010000000000047748
65316000,1184,1325,126141,6553,-1511,126980,101,19224,426,0,54624,0.0010000000000047748
65317000,-612,-5927,123175,-2725,-11837,127171,101,19230,414,0,54625,0.000999999999990564
65318000,-1053,16050,126861,-9945,14237,117723,109,19230,446,0,54626,0.0010000000000047748
65319000,-434,1694,124052,-1571,10360,128824,120,19222,491,1,54627,0.0010000000000047748
65320000,-25,8474,127197,-1182,5098,122620,111,19231,455,1,54628,0.000999999999990564
65321000,3790,7133,122975,-1643,2252,125329,96,19231,455,1,54629,0.0010000000000047748
65322000,5791,7809,123352,1331,2073,120142,121,19238,393,0,54630,0.0010000000000047748
65323000,11957,140,125944,5373,-5894,126287,121,19228,496,0,54631,0.000999999999990564
65324000,6764,-10007,124858,19853,-13926,132509,111,19226,455,0,54632,0.0010000000000047748
65325000,2753,-272,126677,-6315,-5524,126548,117,19226,479,0,54633,0.0010000000000047748
65326000,5425,10303,129516,-4395,8313,120508,146,19228,598,1,54634,0.000999999999990564
65327002,5453,17037,129022,10904,12394,124831,111,19228,598,1,54635,0.0010019999999997253
65328003,7049,1098,124889,4855,-2685,131152,99,19230,455,1,54636,0.00100100000000225
65329000,6855,3227,127582,4378,-13,121639,99,19224,405,0,54637,0.0009969999999981383
65330000,8155,-7720,125992,10170,-12840,133027,116,19232,475,0,54638,0.0010000000000047748
65331000,9318,-6771,126941,16207,-8180,126213,104,19229,426,0,54639,0.0010000000000047748
65332000,2403,1458,130160,-11471,-3886,134574,109,19222,446,1,54640,0.000999999999990564
65333000,-240,12824,130769,-4289,11312,120428,111,19222,446,1,54641,0.0010000000000047748
65334000,-482,12817,130771,12212,7811,126050,102,19232,455,1,54642,0.0010000000000047748
65335001,7206,-7711,127604,-5123,-12570,131023,102,19231,418,1,54643,0.0010009999999880392
65336000,10338,-8338,127624,3853,-12256,126446,116,19224,475,0,54644,0.0009990000000072996
65337002,9873,-9794,128280,19126,-14160,140411,93,19230,381,0,54645,0.0010019999999997253
65338000,6775,3323,131339,-11409,1509,115877,103,19230,422,0,54646,0.0009979999999956135
65339000,1688,14403,136263,-16743,10515,132568,137,19230,422,1,54647,0.0010000000000047748
65340001,-6925,2927,130036,10930,220,129678,113,19222,561,1,54648,0.00100100000000225
65341000,-10254,-7898,129314,-11368,-11161,128162,113,19236,463,1,54649,0.0009989999999930887
65342000,-3469,-6358,129634,-8936,-10457,132231,94,19230,385,0,54650,0.0010000000000047748
65343000,1906,875,127319,8756,-2831,123209,133,19231,545,0,54651,0.0010000000000047748
65344001,6120,4953,133871,-8378,2075,133167,107,19231,438,0,54652,0.0010009999999880392
65345000,-5696,-838,130505,-15898,-4037,125594,114,19231,467,1,54653,0.0009990000000072996
65346000,-6952,6956,130873,-9069,4684,130803,127,19224,467,1,54654,0.0010000000000047748
65347000,-10521,12965,130670,-11057,11811,124074,105,19228,520,1,54655,0.000999999999990564
65348000,-7301,10478,128380,-12988,7127,124610,105,19231,430,1,54656,0.0010000000000047748
65349000,-1354,-2791,124815,-8378,-7837,132312,111,19218,455,0,54657,0.0010000000000047748
65350000,-2765,-5763,125799,-692,-10178,126101,102,19232,418,0,54658,0.000999999999990564
65351000,-1605,1020,127229,-10495,-3230,128205,100,19232,410,0,54659,0.0010000000000047748
65352000,-4404,7693,127917,-8566,3784,123896,130,19228,410,1,54660,0.0010000000000047748
65353000,-7117,12906,129257,-9097,9336,126576,115,19226,532,1,54661,0.000999999999990564
65354000,-10329,4780,124261,-10873,2929,121670,115,19230,471,1,54662,0.0010000000000047748
65355000,-3491,607,125790,-401,-1616,124019,99,19229,405,0,54663,0.0010000000000047748
65356000,2683,-101,126433,-4998,1054,133001,130,19232,532,0,54664,0.000999999999990564
65357001,4615,3803,124281,-1997,-4161,119113,109,19231,446,0,54665,0.00100100000000225
65358002,2741,5845,128513,-1850,1109,133073,109,19231,446,0,54666,0.00100100000000225
65359000,-345,14029,125375,-6563,7321,118438,139,19225,446,1,54667,0.0009979999999956135
65360001,-3764,11339,128079,171,12400,131575,139,19234,569,1,54668,0.00100100000000225
65361000,1438,5259,123152,-40,-1116,118756,104,19232,426,1,54669,0.0009989999999930887
65362000,4539,3350,124294,2369,-2525,126079,104,19223,426,0,54670,0.0010000000000047748
65363001,9818,555,124530,7448,-3885,123214,86,19230,352,0,54671,0.00100100000000225
65364000,7902,-7925,125100,7898,-6542,126348,111,19230,352,0,54672,0.0009989999999930887
65365000,5548,-4923,129847,2614,-8619,131797,127,19228,455,1,54673,0.0010000000000047748
65366001,1600,9551,125680,3362,10945,120296,127,19224,520,1,54674,0.00100100000000225
65367003,3346,16744,128498,-4920,8610,127687,115,19228,471,1,54675,0.0010019999999997253
65368002,8426,1950,124011,8082,-2540,121316,98,19229,401,1,54676,0.0009989999999930887
65369000,11784,-1916,125056,1530,-4746,128871,140,19229,573,0,54677,0.0009980000000098244
65370000,9349,-6514,129312,7283,-11265,130222,101,19229,573,0,54678,0.000999999999990564
65371000,6652,-1321,128283,8913,-3615,127743,103,19231,414,0,54679,0.0010000000000047748
65372000,4593,778,129774,-5877,-3159,135358,103,19223,422,1,54680,0.0010000000000047748
65373000,-1885,13691,130578,-1709,7830,119625,130,19228,532,1,54681,0.000999999999990564
65374000,1228,4389,128766,8425,234,125743,111,19228,455,1,54682,0.0010000000000047748
65375000,3775,-1487,127601,-584,-6266,132371,107,19222,438,0,54683,0.0010000000000047748
65376000,10724,-8205,126898,3426,-9929,125345,121,19222,438,0,54684,0.000999999999990564
65377000,12773,-5819,129386,12921,-11343,130011,105,19233,496,0,54685,0.0010000000000047748
65378000,1536,3693,132191,-17076,3166,125505,105,19231,430,0,54686,0.0010000000000047748
65379000,2580,6378,135535,-6536,676,134883,119,19222,487,1,54687,0.000999999999990564
65380000,-7216,259,130132,6310,-2762,128307,111,19232,455,1,54688,0.0010000000000047748
65381002,-6852,998,129695,-17678,-2198,129057,99,19234,405,1,54689,0.0010019999999997253
65382000,-466,-7392,127706,-9036,-11528,130463,129,19234,405,0,54690,0.0009979999999956135
65383000,792,631,129084,8557,-4496,122175,110,19227,528,0,54691,0.0010000000000047748
65384000,1755,2329,131338,-7500,-1456,134986,110,19226,451,0,54692,0.0010000000000047748
65385000,-8821,2234,131292,-18405,-1437,126445,115,19226,471,1,54693,0.000999999999990564
65386002,-4917,5094,132527,-13391,3896,130446,151,19230,618,1,54694,0.0010019999999997253
65387002,-8379,7116,128669,-8480,3650,126442,117,19228,479,1,54695,0.0010000000000047748
65388002,-2902,12587,129803,-6119,9806,126016,103,19228,422,1,54696,0.0010000000000047748
65389001,-992,-6499,124251,-10689,-9679,127782,148,19225,422,0,54697,0.0009989999999930887
65390002,-5549,592,128373,-10407,-2312,128237,103,19236,606,0,54698,0.00100100000000225
65391000,-68,5925,128892,-897,1523,133739,103,19232,422,0,54699,0.0009979999999956135
65392004,-7503,8435,127093,-9038,4940,118214,114,19221,467,1,54700,0.0010040000000088867
65393000,-6254,14211,129458,-15029,10475,126528,110,19232,451,1,54701,0.000996000000000663
65394000,-8878,4033,124686,-2555,620,130209,105,19232,430,1,54702,0.000999999999990564
65395000,389,5129,123170,755,1577,120698,123,19232,430,0,54703,0.0010000000000047748
65396000,-1250,3452,127299,-9287,2008,123927,102,19223,504,0,54704,0.0010000000000047748
65397000,2840,-5528,124796,3989,-7680,126741,102,19229,418,0,54705,0.000999999999990564
65398000,2640,-866,127252,2298,-3420,130108,108,19227,442,0,54706,0.0010000000000047748
65399001,-3294,9872,125950,-12480,4800,124082,142,19227,582,1,54707,0.00100100000000225
65400001,-1838,29853,127177,4624,22883,118237,109,19227,446,1,54708,0.0010000000000047748
65401000,3643,635,123538,-1428,-693,128198,94,19233,446,1,54709,0.0009989999999930887
65402003,9026,-5713,123961,-1118,-14219,128926,106,19227,385,0,54710,0.0010029999999972006
65403000,7086,3311,124100,16753,-942,121864,106,19231,434,0,54711,0.0009969999999981383
65404000,5859,-601,125113,4690,-5940,121835,116,19224,475,0,54712,0.0010000000000047748
65405000,4917,-801,127207,3452,-2684,131433,117,19222,479,1,54713,0.0010000000000047748
65406000,744,2612,127330,-3308,-2980,131569,113,19230,463,1,54714,0.000999999999990564
65407000,5497,15501,129135,6949,13245,120831,99,19230,463,1,54715,0.0010000000000047748
65408004,8240,4654,125805,8608,1736,125674,114,19233,405,0,54716,0.0010039999999946758
65409000,12495,-937,125496,4019,-4216,127200,114,19224,467,0,54717,0.000996000000000663
65410000,11564,-5834,127968,12260,-14712,132852,96,19228,393,0,54718,0.0010000000000047748
65411000,4368,743,130579,8775,-5460,125821,106,19228,434,0,54719,0.0010000000000047748
65412000,4636,21423,132002,-4535,18075,121818,129,19226,528,1,54720,0.000999999999990564
65413000,-1877,6522,128541,463,2047,130511,111,19226,528,1,54721,0.0010000000000047748
65414000,1306,-3717,127226,4986,-6558,130664,100,19234,455,1,54722,0.0010000000000047748
65415000,3611,-2864,128523,1388,-4777,126510,100,19228,410,0,54723,0.000999999999990564
65416000,10243,675,130019,17656,22,123403,160,19234,655,0,54724,0.0010000000000047748
65417000,9078,-7788,130480,2885,-15769,137312,108,19230,442,0,54725,0.0010000000000047748
65418000,732,893,132484,-18516,-1212,129470,108,19222,442,0,54726,0.000999999999990564
65419000,-1704,10958,133046,-3864,6874,125287,133,19222,442,1,54727,0.0010000000000047748
65420000,-6626,9262,133300,2200,4374,126883,103,19232,545,1,54728,0.0010000000000047748
65421000,-6089,-2044,128439,-16127,-9452,129299,103,19233,422,1,54729,0.000999999999990564
65422000,1565,-8755,128761,-6471,-9438,133927,107,19217,438,0,54730,0.0010000000000047748
65423000,-130,-2102,130213,7727,-7128,126503,88,19228,360,0,54731,0.0010000000000047748
65424000,-73,15334,130488,-11353,11686,122922,106,19229,434,0,54732,0.000999999999990564
65425001,-6526,-3431,130122,-20201,-7522,135300,130,19229,434,1,54733,0.00100100000000225
65426000,-9086,183,130778,-5212,-684,132505,113,19226,532,1,54734,0.0009990000000072996
65427000,-10426,11145,130833,-11690,8296,126653,113,19230,463,1,54735,0.000999999999990564
65428001,-5192,6168,128532,-6747,3596,122632,96,19229,393,1,54736,0.00100100000000225
65429001,-2530,-5131,126539,-7936,-9311,132279,142,19221,582,0,54737,0.0010000000000047748
65430000,-1633,-8215,124450,-3297,-11768,132111,104,19232,426,0,54738,0.0009989999999930887
65431000,-1338,9550,127925,-8296,7841,118847,105,19232,426,0,54739,0.0010000000000047748
65432000,-4723,9842,129895,-12217,6553,122359,129,19222,430,1,54740,0.0010000000000047748
65433002,-8763,5975,126728,-5601,2138,132818,110,19227,528,1,54741,0.0010019999999997253
65434002,-5900,590,127005,-10936,-2970,129037,110,19232,451,1,54742,0.000999999999990564
65435000,470,5626,125911,-1944,2105,122466,104,19224,426,0,54743,0.0009980000000098244
65436000,-1815,3406,125168,3464,633,122425,92,19234,377,0,54744,0.000999999999990564
65437000,3406,-10988,121419,-839,-15856,129583,114,19234,467,0,54745,0.0010000000000047748
65438000,-1295,5103,127740,-6464,2249,128122,129,19229,467,1,54746,0.0010000000000047748
65439000,-1353,12715,125390,-8028,9658,118406,113,19227,528,1,54747,0.000999999999990564
65440000,-1113,15650,128241,5228,14140,120531,113,19225,463,1,54748,0.0010000000000047748
65441000,2787,-2393,122363,19,-6650,131201,95,19230,389,1,54749,0.0010000000000047748
65442000,8338,1224,123919,501,-1882,120573,129,19234,528,0,54750,0.000999999999990564
65443008,11961,4285,126052,14122,1278,122136,107,19234,438,0,54751,0.0010079999999987876
65444000,9877,-4757,124458,5389,-9570,125457,110,19227,438,0,54752,0.000992000000010762
65445000,3815,-937,127992,-701,-7924,132263,136,19226,451,1,54753,0.000999999999990564
65446000,407,5470,127413,-1981,-390,124841,136,19230,557,1,54754,0.0010000000000047748
65447000,2845,10882,126080,8091,6353,124683,109,19231,446,1,54755,0.0010000000000047748
65448000,4219,3359,125396,10517,2948,120778,99,19224,405,0,54756,0.000999999999990564
65449000,11069,-8379,124864,-444,-9630,125290,113,19229,463,0,54757,0.0010000000000047748
65450000,9696,-11191,126743,13870,-15390,135807,105,19229,463,0,54758,0.0010000000000047748
65451000,8242,1719,129658,3965,-3144,125580,113,19236,430,0,54759,0.000999999999990564
65452000,3631,15446,132960,-7690,8332,128961,113,19225,463,1,54760,0.0010000000000047748
65453000,818,11365,131124,2408,13079,122452,106,19230,434,1,54761,0.0010000000000047748
65454000,389,-2191,129180,4016,-5954,131892,98,19229,401,1,54762,0.000999999999990564
65455000,4887,-4180,126217,-104,-9847,124350,128,19224,524,0,54763,0.0010000000000047748
65456000,8999,-6743,130039,5961,-13445,133399,100,19224,524,0,54764,0.0010000000000047748
65457000,6646,-1512,127562,21383,-7509,126001,104,19230,410,0,54765,0.000999999999990564
65458000,-537,2243,133137,-22950,-1784,129518,104,19226,426,1,54766,0.0010000000000047748
65459000,-2766,13931,136220,-16688,11216,127022,147,19228,602,1,54767,0.0010000000000047748
65460000,-7891,5254,128983,16607,393,127755,108,19232,442,1,54768,0.000999999999990564
65461000,-3472,-10809,128986,-15957,-17170,137898,97,19227,397,1,54769,0.0010000000000047748
65462000,-614,-8742,128332,-14492,-9349,127021,120,19227,397,0,54770,0.0010000000000047748
65463000,4538,346,130689,4006,-704,130983,107,19232,491,0,54771,0.000999999999990564
65464000,-2415,3970,134500,-11849,-2960,121224,107,19229,438,0,54772,0.0010000000000047748
65465000,-6884,5491,130634,-17067,-498,132562,120,19219,491,1,54773,0.0010000000000047748
65466000,-10160,2343,128839,-10956,-2517,131682,110,19226,451,1,54774,0.000999999999990564
65467008,-8472,13527,130695,-8207,9826,120613,103,19229,422,1,54775,0.0010079999999987876
65468000,-1603,-846,126279,-8907,-6521,129586,120,19229,422,0,54776,0.000992000000010762
65469002,-4778,-4583,124986,-8074,-6769,124513,92,19218,491,0,54777,0.0010019999999997253
65470000,-380,-1990,128229,-5975,-5690,130153,92,19236,377,0,54778,0.0009979999999956135
65471000,-104,2886,126225,-3257,-259,123482,101,19229,414,1,54779,0.0010000000000047748
65472000,-5941,16238,128792,-11447,11394,119780,140,19227,573,1,54780,0.000999999999990564
65473000,-6596,7449,130933,-14439,2846,127488,119,19232,487,1,54781,0.0010000000000047748
65474000,-3673,2111,125098,-1125,-1167,125020,104,19232,487,1,54782,0.0010000000000047748
65475000,4387,-881,127905,3369,-4735,134427,113,19226,426,0,54783,0.000999999999990564
65476000,-1588,1396,121447,-5846,-1391,118386,113,19231,463,0,54784,0.0010000000000047748
65477000,163,10311,126712,-7694,7939,124567,106,19227,434,0,54785,0.0010000000000047748
65478000,-209,-249,123988,2765,-3415,133249,113,19222,463,1,54786,0.000999999999990564
65479000,-5004,13037,126237,-4716,10666,119890,137,19231,561,1,54787,0.0010000000000047748
65480003,-1290,9875,124783,-6399,8125,123357,105,19231,430,1,54788,0.0010029999999972006
65481000,2618,4169,124425,10077,179,118083,110,19236,430,0,54789,0.0009969999999981383
65482000,11363,-10088,123757,8437,-14132,134624,95,19224,451,0,54790,0.0010000000000047748
65483000,10396,-6556,123840,5143,-9143,120881,95,19228,389,0,54791,0.0010000000000047748
65484000,8242,3305,126834,-1567,306,123159,111,19226,455,0,54792,0.000999999999990564
65485003,2286,4174,127873,8940,904,129551,140,19224,573,1,54793,0.0010029999999972006
65486000,1815,10139,127869,-2950,7301,119110,116,19224,475,1,54794,0.0009969999999981383
65487006,8517,2653,126497,3809,-1299,131206,94,19229,475,1,54795,0.0010060000000038372
65488002,6463,8103,124530,10458,4018,113389,150,19227,385,0,54796,0.000996000000000663
65489002,15516,-9937,126828,4407,-10311,132262,150,19233,614,0,54797,0.0010000000000047748
65490001,7243,-17551,126956,17872,-23472,136934,101,19229,414,0,54798,0.0009989999999930887
65491000,3325,-3100,130190,-9656,-7699,124431,107,19227,438,1,54799,0.0009990000000072996
65492001,3019,14043,130577,-4092,7967,129768,129,19227,528,1,54800,0.00100100000000225
65493000,-1446,15568,129507,8322,15992,117038,107,19229,528,1,54801,0.0009989999999930887
65494000,4896,-7275,128287,-2000,-8317,138353,108,19231,438,1,54802,0.0010000000000047748
65495000,9655,-9313,126411,2648,-18113,125916,108,19222,442,0,54803,0.000999999999990564
65496000,9821,3361,130893,12875,180,126722,109,19230,446,0,54804,0.0010000000000047748
65497003,4162,2047,130466,848,-4385,130988,109,19228,446,0,54805,0.0010029999999972006
65498000,294,2470,132903,-13562,2177,127354,129,19219,528,1,54806,0.0009969999999981383
65499000,-3656,-3736,131757,-395,-5173,141772,114,19219,528,1,54807,0.0010000000000047748
65500000,-9867,5339,131231,-6232,3271,118731,100,19224,467,1,54808,0.0010000000000047748
65501000,4054,-268,131878,-16365,-277,137340,100,19229,410,0,54809,0.000999999999990564
65502000,-242,-5038,126214,6504,-12399,122870,139,19232,569,0,54810,0.0010000000000047748
65503000,6324,346,130294,-878,-4243,132173,104,19229,426,0,54811,0.0010000000000047748
65504000,-6094,3891,131699,-19658,-683,125771,109,19226,446,0,54812,0.000999999999990564
65505000,-9417,4303,132735,-7483,3879,132620,135,19226,446,1,54813,0.0010000000000047748
65506000,-8030,14693,131315,-3160,5143,127803,112,19228,553,1,54814,0.0010000000000047748
65507000,-11803,4943,125992,-18197,619,123707,112,19232,459,1,54815,0.000999999999990564
65508001,-19,2956,128076,-8289,-279,129278,105,19222,430,0,54816,0.00100100000000225
65509000,-4375,-3171,125556,614,-5892,123363,131,19229,537,0,54817,0.0009990000000072996
65510000,-823,5088,129033,-3456,190,129629,103,19233,422,0,54818,0.000999999999990564
65511000,-4420,1947,128048,-10530,-2705,126026,117,19233,422,1,54819,0.0010000000000047748
65512000,-8143,9533,128259,-6008,6469,122481,112,19223,479,1,54820,0.0010000000000047748
65513000,-3912,6658,127403,-9497,1578,126682,112,19228,459,1,54821,0.000999999999990564
65514000,-3234,6519,125896,-1660,309,122053,103,19228,422,0,54822,0.0010000000000047748
65515000,2144,2592,124424,-5881,-2264,125458,133,19231,545,0,54823,0.0010000000000047748
65516000,-579,-625,124417,-5991,-3956,123232,102,19224,418,0,54824,0.000999999999990564
65517001,4257,7778,129471,-387,3993,127768,106,19224,418,0,54825,0.00100100000000225
65518000,1811,5633,124386,2188,818,128500,155,19224,434,1,54826,0.0009990000000072996
65519000,-6726,6100,126313,-12633,4933,126166,155,19232,635,1,54827,0.000999999999990564
65520000,1146,12769,123424,2586,10242,121816,110,19232,451,1,54828,0.0010000000000047748
65521002,988,11786,124188,15560,7546,118633,99,19226,405,0,54829,0.0010019999999997253
65522002,8531,-6075,122358,2499,-10787,127970,91,19229,373,0,54830,0.0010000000000047748
65523002,6431,-9572,125234,2852,-13459,128253,113,19229,373,0,54831,0.000999999999990564
65524000,5380,275,125511,9864,-2580,129447,119,19229,463,1,54832,0.0009980000000098244
65525000,5760,14023,129489,1757,12362,117012,119,19223,487,1,54833,0.000999999999990564
65526000,520,10462,129344,-2427,6418,124846,109,19228,446,1,54834,0.0010000000000047748
65527000,9572,-1133,126440,6392,-3894,133215,100,19230,410,1,54835,0.0010000000000047748
65528000,8925,808,127877,9778,-1800,120958,123,19224,504,0,54836,0.000999999999990564
65529000,10653,-3445,126750,10265,-7902,130728,98,19224,401,0,54837,0.0010000000000047748
65530000,6991,-9813,126939,6603,-13450,128021,104,19229,401,0,54838,0.0010000000000047748
65531000,4538,-4195,130696,-2776,-7869,135627,141,19225,426,1,54839,0.000999999999990564
65532000,2333,19527,129768,1545,12457,125494,141,19227,577,1,54840,0.0010000000000047748
65533000,-2941,8967,129621,2756,8423,117553,113,19231,463,1,54841,0.0010000000000047748
65534000,4892,-7114,126991,-1183,-11294,134822,97,19227,397,1,54842,0.000999999999990564
65535002,8555,-14175,127888,3851,-15612,132680,139,19227,569,0,54843,0.0010019999999997253
65536001,12490,-2318,130966,18625,-7204,132067,106,19233,569,0,54844,0.0009990000000072996
65537000,2384,3675,130982,-8967,-844,123538,110,19227,434,0,54845,0.0009989999999930887
65538000,-929,10397,131865,-18143,4734,123877,110,19219,451,1,54846,0.0010000000000047748
65539000,-5371,4094,132002,2883,3161,135518,129,19230,528,1,54847,0.0010000000000047748
65540000,-5385,-3797,128245,709,-9628,130907,101,19233,414,1,54848,0.000999999999990564
65541000,-3173,-3539,128811,-18726,-12077,131576,112,19222,459,0,54849,0.0010000000000047748
65542000,-1564,3318,130395,-5044,-2318,122151,96,19222,459,0,54850,0.0010000000000047748
65543000,1686,-2541,130424,11976,-5347,132082,107,19228,393,0,54851,0.000999999999990564
65544000,-4612,2868,131184,-15674,-1041,134856,107,19228,438,1,54852,0.0010000000000047748
65545000,-11519,5387,130399,-18998,2250,126357,138,19227,565,1,54853,0.0010000000000047748
65546000,-8268,15211,131823,-11860,8653,129090,114,19231,467,1,54854,0.000999999999990564
65547000,-2478,6930,129848,-3186,8226,122081,96,19229,393,1,54855,0.0010000000000047748
65548001,-1753,-10790,126135,-4629,-12440,135766,159,19229,393,0,54856,0.00100100000000225
65549000,-4162,2176,126354,-12782,-7891,118143,105,19230,651,0,54857,0.0009989999999930887
65550000,-3857,12754,128511,-5221,6883,127759,105,19232,430,0,54858,0.0010000000000047748
65551000,-1468,8161,127966,-4493,3474,124402,107,19223,438,1,54859,0.0010000000000047748
65552000,-9889,-901,126776,-11605,57,132209,123,19228,504,1,54860,0.000999999999990564
65553000,-7577,10728,128999,-18991,13778,122024,107,19232,438,1,54861,0.0010000000000047748
65554000,-1112,7002,124696,3910,909,120607,111,19232,438,0,54862,0.0010000000000047748
65555000,1115,-11455,124455,7004,-14914,136783,91,19223,455,0,54863,0.000999999999990564
65556000,1996,291,123227,-11660,-513,119404,91,19231,373,0,54864,0.0010000000000047748
65557000,-908,10169,126484,-7003,8821,127102,107,19232,438,0,54865,0.0010000000000047748
65558000,-596,14429,128332,1281,11082,119745,131,19221,537,1,54866,0.000999999999990564
65559000,-4025,11268,125880,-6964,4053,125484,109,19231,446,1,54867,0.0010000000000047748
65560002,1830,888,124416,-2151,-3789,127150,93,19231,446,1,54868,0.0010019999999997253
65561000,8619,1426,124150,13106,-5392,119749,122,19227,381,0,54869,0.0009979999999956135
65562002,6951,6176,123936,3944,5245,127216,122,19228,500,0,54870,0.0010019999999997253
65563000,9900,-5134,124085,1292,-7448,125789,121,19228,496,0,54871,0.0009980000000098244
65564000,3531,-3194,126820,10843,-6863,130632,117,19225,479,1,54872,0.000999999999990564
65565000,241,8826,127640,-1758,5457,120864,128,19229,524,1,54873,0.0010000000000047748
65566000,6667,11247,128764,10317,6969,122180,108,19229,524,1,54874,0.0010000000000047748
65567000,5572,1383,127843,7502,-1747,130554,105,19232,442,1,54875,0.000999999999990564
65568000,11519,-5555,124643,-4465,-8802,125334,105,19225,430,0,54876,0.0010000000000047748
65569000,10513,-5756,126549,18813,-9924,132703,92,19232,377,0,54877,0.0010000000000047748
65570000,4900,-3019,128098,-616,-6305,125055,101,19233,414,0,54878,0.000999999999990564
65571000,4262,8531,129659,-6851,6255,131657,117,19223,479,1,54879,0.0010000000000047748
65572000,-1570,11590,130614,9511,6836,128203,109,19223,446,1,54880,0.0010000000000047748
65573000,1864,1737,127919,-5476,-3030,128269,97,19225,446,1,54881,0.000999999999990564
65574000,3648,-3330,128854,750,-5694,126501,139,19224,397,0,54882,0.0010000000000047748
65575000,10263,-8177,128831,13153,-11542,126889,139,19224,569,0,54883,0.0010000000000047748
65576000,9750,-3111,130100,6981,-6921,139065,104,19230,426,0,54884,0.000999999999990564
65577000,928,-1245,131744,-12432,-4213,125504,105,19225,430,0,54885,0.0010000000000047748
65578000,2428,13262,134630,-9893,11383,124981,148,19225,606,1,54886,0.0010000000000047748
65579000,-9112,8005,131589,4021,5055,128379,106,19227,606,1,54887,0.000999999999990564
65580000,-4655,-11279,127710,-12695,-12831,129378,102,19232,434,1,54888,0.0010000000000047748
65581000,1332,-8540,127643,-7016,-15104,136639,102,19226,418,0,54889,0.0010000000000047748
65582000,-2086,4655,129222,7179,-143,122588,113,19230,463,0,54890,0.000999999999990564
65583000,1368,10857,132006,-9276,8120,123247,111,19228,455,0,54891,0.0010000000000047748
65584000,-7461,-7542,130843,-14227,-11098,137058,124,19228,508,1,54892,0.0010000000000047748
65585000,-8613,2175,129650,-11514,-4463,132546,115,19223,508,1,54893,0.000999999999990564
65586000,-10332,11388,129513,-12078,7007,125006,102,19235,471,1,54894,0.0010000000000047748
65587002,-3805,14580,131323,-9192,13101,119642,102,19230,418,1,54895,0.0010019999999997253
65588000,-3458,-14678,127077,-775,-16061,145622,129,19221,528,0,54896,0.0009979999999956135
65589000,-3022,-2919,125189,-8324,-10414,119646,103,19229,422,0,54897,0.0010000000000047748
65590000,-164,9634,129796,-12831,8353,119107,105,19227,430,0,54898,0.0010000000000047748
65591000,-3662,12463,128008,-2508,8311,127494,153,19227,430,1,54899,0.000999999999990564
65592003,-7174,617,125034,-7820,-1393,126629,116,19225,627,1,54900,0.0010029999999972006
65593000,-7627,10234,129383,-19836,6121,128427,116,19232,475,1,54901,0.0009970000000123491
65594000,-4153,6275,125811,1609,6058,118866,104,19224,426,0,54902,0.000999999999990564
65595000,3091,-4623,126294,2883,-5347,127621,107,19229,438,0,54903,0.0010000000000047748
65596000,2983,-4241,122576,-4713,-11127,124108,111,19228,455,0,54904,0.0010000000000047748
65597000,178,7483,125508,-4765,2006,121598,120,19228,455,0,54905,0.000999999999990564
65598000,63,10745,127153,-753,15152,122406,130,19223,491,1,54906,0.0010000000000047748
65599000,-2211,-663,125198,-2924,8375,125375,130,19232,532,1,54907,0.0010000000000047748
65600000,5101,8088,124906,5255,-3567,123709,99,19236,405,1,54908,0.000999999999990564
65601000,5754,4161,122561,-294,-2891,121714,115,19226,471,0,54909,0.0010000000000047748
65602000,12199,-1288,126428,9430,-4698,128683,110,19228,451,0,54910,0.0010000000000047748
65603000,8007,-6596,125175,11508,-8156,126442,117,19228,451,0,54911,0.000999999999990564
65604000,6195,8108,128120,336,5607,126953,145,19228,479,1,54912,0.0010000000000047748
65605000,367,8743,127693,3767,4063,121719,145,19230,594,1,54913,0.0010000000000047748
65606000,1689,10548,127031,3601,8275,126265,113,19232,463,1,54914,0.000999999999990564
65607000,9818,-5134,123928,8433,-7091,127609,97,19226,397,0,54915,0.0010000000000047748
65608000,8294,1191,126244,3155,-5165,122833,137,19232,561,0,54916,0.0010000000000047748
65609000,12910,-10618,124741,11011,-15747,133668,103,19232,561,0,54917,0.000999999999990564
65610001,6533,162,131233,-3016,-877,126040,107,19229,422,0,54918,0.00100100000000225
65611005,5784,2889,131920,-2304,-1162,133205,107,19226,438,1,54919,0.0010039999999946758
65612000,2069,12047,130333,921,7993,119507,111,19228,455,1,54920,0.0009950000000031878
65613000,-1676,5659,129736,-7878,242,130816,103,19232,422,1,54921,0.0010000000000047748
65614000,10617,-10820,125611,8322,-14130,131726,116,19220,475,0,54922,0.000999999999990564
65615000,7121,-1945,131122,19295,-4188,124229,90,19220,475,0,54923,0.0010000000000047748
65616000,8225,-9918,128180,-4999,-14147,134659,105,19231,369,0,54924,0.0010000000000047748
65617000,478,7512,132394,-15036,5544,120973,105,19228,430,1,54925,0.000999999999990564
65618000,-829,8129,132590,-1605,4732,134707,130,19225,532,1,54926,0.0010000000000047748
65619000,-7624,1883,128131,542,-1523,127385,113,19231,463,1,54927,0.0010000000000047748
65620000,-7150,-5789,129129,-15385,-9515,127594,97,19226,397,1,54928,0.000999999999990564
65621000,2628,-2316,129182,-3952,-5883,133023,149,19226,610,0,54929,0.0010000000000047748
65622000,188,8856,131425,7453,6076,121128,108,19236,610,0,54930,0.0010000000000047748
65623000,1842,8288,131076,-4777,4330,134458,110,19229,442,0,54931,0.000999999999990564
65624000,-9050,-4032,129895,-25012,-7224,127545,110,19225,451,1,54932,0.0010000000000047748
65625000,-10528,7804,132792,-12459,5811,133501,133,19229,545,1,54933,0.0010000000000047748
65626000,-9045,8396,128185,-269,5792,125589,109,19231,446,1,54934,0.000999999999990564
65627000,-3312,3811,129486,-12016,1936,122641,108,19231,442,0,54935,0.0010000000000047748
65628000,-3321,-2995,124464,-11788,-6703,130234,135,19221,442,0,54936,0.0010000000000047748
65629000,-3527,-717,126611,-5867,-3067,127061,109,19231,553,0,54937,0.000999999999990564
65630000,492,7298,129432,-1241,3391,127053,109,19231,446,0,54938,0.0010000000000047748
65631000,-8405,9883,127813,-12178,7647,121125,126,19224,516,1,54939,0.0010000000000047748
65632000,-7199,6880,126426,-14612,2742,127171,118,19232,483,1,54940,0.000999999999990564
65633000,-6589,6842,125804,-733,1261,128261,103,19227,422,1,54941,0.0010000000000047748
65634001,1948,-1242,123635,-2868,-3608,127099,142,19227,422,0,54942,0.00100100000000225
65635002,-893,10684,124684,-1480,2211,117800,105,19232,582,0,54943,0.00100100000000225
65636002,-242,-2003,125788,-4068,-5389,129140,105,19233,430,0,54944,0.000999999999990564
65637002,54,3780,125356,-2824,-4790,128937,106,19226,434,1,54945,0.0010000000000047748
65638000,-5117,12972,125207,225,11059,122324,149,19229,610,1,54946,0.0009979999999956135
65639000,-2016,9684,125144,-7875,4665,123251,109,19230,446,1,54947,0.0010000000000047748
65640000,5611,8821,125729,2668,9839,120233,100,19230,446,0,54948,0.0010000000000047748
65641000,12220,-7980,123786,12559,-10672,131180,82,19219,410,0,54949,0.000999999999990564
65642003,13053,-2933,127012,4342,-8248,119539,82,19230,336,0,54950,0.0010030000000114114
65643000,4352,1931,130404,2703,4836,129314,109,19229,446,0,54951,0.0009969999999981383
65644000,5009,2129,125777,4392,-4444,126045,124,19225,508,1,54952,0.000999999999990564
65645002,287,11723,129987,1234,7235,127863,114,19228,467,1,54953,0.0010019999999997253
65646000,2657,-1479,123733,3927,2489,123813,98,19228,467,1,54954,0.0009980000000098244
65647000,10027,13980,128160,2437,5135,118359,129,19232,401,0,54955,0.000999999999990564
65648002,12605,-8201,127101,7254,-15531,136766,129,19228,528,0,54956,0.0010019999999997253
65649002,10372,-16602,124533,17615,-17554,133803,98,19231,401,0,54957,0.0010000000000047748
65650001,2657,4506,129241,-906,5423,122445,104,19228,426,1,54958,0.0009990000000072996
65651002,1453,17633,131849,-4687,13901,124514,139,19229,569,1,54959,0.0010009999999880392
65652002,3281,5312,130667,10097,-3261,128270,113,19229,569,1,54960,0.0010000000000047748
65653000,1692,-64,129809,-2889,-5055,130825,101,19227,463,1,54961,0.0009979999999956135
65654000,8237,-15489,125619,4473,-18260,127973,101,19223,414,0,54962,0.0010000000000047748
65655000,6238,-9127,128640,18382,-11594,130612,122,19235,500,0,54963,0.0010000000000047748
65656000,6794,-1154,129952,-12597,-2979,130628,107,19230,438,0,54964,0.000999999999990564
65657000,1764,13874,133837,-15303,10369,123280,115,19222,471,1,54965,0.0010000000000047748
65658001,-3341,3622,134449,9650,408,130525,114,19222,467,1,54966,0.00100100000000225
65659002,-10919,-3921,129188,-7931,-10261,130348,97,19224,467,1,54967,0.00100100000000225
65660000,322,-13063,128671,-15767,-16513,135580,97,19230,397,0,54968,0.0009979999999956135
65661000,750,2097,131816,1221,-753,126949,120,19222,491,0,54969,0.0010000000000047748
65662000,6084,8865,130215,-2218,6311,121623,97,19230,397,0,54970,0.000999999999990564
65663000,-5194,3781,131414,-15151,-75,132458,109,19228,446,0,54971,0.0010000000000047748
65664000,-7222,-2271,128680,-13086,-4970,133281,148,19228,606,1,54972,0.0010000000000047748
65665000,-9992,10070,130219,-6396,7450,127713,116,19227,606,1,54973,0.000999999999990564
65666000,-11338,11443,129420,-12682,8860,123022,98,19225,475,1,54974,0.0010000000000047748
65667000,-1813,-486,127019,-7251,-4007,128503,98,19226,401,0,54975,0.0010000000000047748
65668000,-5763,-6893,125250,-5597,-9937,132601,162,19232,664,0,54976,0.000999999999990564
65669000,1035,460,125866,-4247,-2546,124235,103,19233,422,0,54977,0.0010000000000047748
65670000,-4383,16180,128615,-10411,9982,129374,111,19233,455,1,54978,0.0010000000000047748
65671000,-6349,9057,127398,-10206,6233,116777,121,19222,455,1,54979,0.000999999999990564
65672000,-6462,4864,130239,-5067,3577,131487,106,19227,496,1,54980,0.0010000000000047748
65673000,-6676,2690,125915,-10829,-704,129284,106,19229,434,1,54981,0.0010000000000047748
65674000,2466,-173,125992,4581,-959,118956,118,19229,483,0,54982,0.000999999999990564
65675002,-480,-1296,124059,-5449,-5401,131233,103,19229,422,0,54983,0.0010019999999997253
65676000,4079,14267,126055,-7344,9192,118818,108,19229,442,0,54984,0.0009980000000098244
65677000,-1752,7428,125967,4211,5509,127340,137,19228,442,1,54985,0.000999999999990564
65678000,-1783,7096,126270,-10564,1034,129685,116,19220,561,1,54986,0.0010000000000047748
65679000,-3320,14219,125487,-2117,8734,121083,116,19231,475,1,54987,0.0010000000000047748
65680002,5843,993,122787,7393,-4072,124361,96,19227,393,0,54988,0.0010019999999997253
65681000,8419,1739,124105,4208,-2063,121534,111,19233,455,0,54989,0.0009979999999956135
65682000,8014,-11146,126069,3105,-15500,141235,107,19229,438,0,54990,0.0010000000000047748
65683000,6951,1550,123627,14735,-8146,113991,112,19229,438,0,54991,0.000999999999990564
65684000,550,10941,130815,-5274,6856,124586,124,19226,459,1,54992,0.0010000000000047748
65685000,3626,11475,126055,-1608,8949,128390,124,19228,508,1,54993,0.0010000000000047748
65686000,8003,5048,125241,15215,3298,118699,103,19233,422,1,54994,0.000999999999990564
65687001,8138,-1580,127481,1606,-5373,132011,108,19223,442,0,54995,0.00100100000000225
65688000,9758,7108,129080,1342,-732,119799,85,19234,348,0,54996,0.0009990000000072996
65689000,10203,-16726,126786,21628,-24243,140142,98,19234,348,0,54997,0.000999999999990564
65690001,3945,13244,133586,-3523,-522,114161,125,19228,401,1,54998,0.00100100000000225
65691000,-225,10051,129473,-11959,6488,128127,125,19225,512,1,54999,0.0009990000000072996
65692000,-928,11000,130773,9946,7204,123105,113,19228,463,1,55000,0.000999999999990564
65693000,4865,-5103,127376,260,-1265,134266,98,19224,401,1,55001,0.0010000000000047748
65694000,8926,-11070,126668,-2370,-10860,125674,151,19231,618,0,55002,0.0010000000000047748
65695000,8832,5941,130783,18779,423,122036,105,19231,618,0,55003,0.000999999999990564
65696000,5843,-12164,131571,1708,-14261,140381,107,19229,430,0,55004,0.0010000000000047748
65697000,196,10811,132874,-15212,10589,125759,107,19224,438,1,55005,0.0010000000000047748
65698000,-5335,4989,131132,-536,3659,134050,138,19228,565,1,55006,0.000999999999990564
65699000,-8763,6608,130158,-11297,6269,117617,105,19233,430,1,55007,0.0010000000000047748
65700000,-2463,-5361,129141,-12256,-10729,136748,105,19224,430,0,55008,0.0010000000000047748
65701000,-395,-10991,127177,10222,-15799,135539,90,19224,430,0,55009,0.000999999999990564
65702000,3001,6262,130308,-3350,510,120875,111,19230,369,0,55010,0.0010000000000047748
65703000,-5141,2589,132080,-21913,53,132047,111,19227,455,0,55011,0.0010000000000047748
65704000,-6841,5738,132635,-10288,3093,123783,129,19222,528,1,55012,0.000999999999990564
65705002,-7675,1427,129272,-4827,-3173,138357,114,19224,467,1,55013,0.0010019999999997253
65706000,-5868,4580,128416,-15168,1689,119225,100,19232,410,1,55014,0.0009980000000098244
65707000,-2241,-1043,125494,-10023,-5490,125424,139,19232,569,0,55015,0.000999999999990564
65708000,-2847,-4866,129026,-1561,-7193,134203,103,19224,569,0,55016,0.0010000000000047748
65709000,977,1194,125118,-5586,-6980,122695,106,19228,422,0,55017,0.0010000000000047748
65710000,-3824,-753,130655,-10659,9383,126527,106,19225,434,1,55018,0.000999999999990564
65711000,-5353,9678,126169,-14020,5526,121389,138,19228,565,1,55019,0.0010000000000047748
65712000,-6787,2175,125577,-8105,696,128504,113,19230,463,1,55020,0.0010000000000047748
65713000,-217,14118,127222,-7426,7453,122099,106,19230,434,0,55021,0.000999999999990564
65714000,1183,2696,123160,8822,-11881,127571,97,19227,434,0,55022,0.0010000000000047748
65715002,2282,-5618,125194,-5611,-9343,125420,111,19230,397,0,55023,0.0010019999999997253
65716000,3778,-1682,126103,-8809,-2998,126478,111,19227,455,0,55024,0.0009979999999956135
65717002,-2441,108,127331,12025,21189,124465,120,19220,491,1,55025,0.0010019999999997253
65718000,910,6045,125180,-11943,4861,120016,109,19231,446,1,55026,0.0009980000000098244
65719000,-2755,2637,125773,-4936,-2190,129339,98,19231,401,1,55027,0.000999999999990564
65720000,6437,4462,122893,12008,-996,125912,124,19230,401,0,55028,0.0010000000000047748
65721002,7754,2533,123399,10326,-1746,116758,106,19228,508,0,55029,0.0010019999999997253
65722000,9079,2998,126344,5702,-4407,130214,106,19228,434,0,55030,0.0009979999999956135
65723000,3130,-9513,123857,1873,-14335,132059,113,19225,463,1,55031,0.0010000000000047748
65724000,5555,6965,131717,3551,7955,117057,142,19228,582,1,55032,0.0010000000000047748
65725000,4189,19984,126631,3963,4972,124089,110,19238,451,1,55033,0.000999999999990564
65726000,3939,5003,123568,1847,-721,125079,99,19238,451,1,55034,0.0010000000000047748
65727000,14064,3316,127287,3545,-2577,124494,119,19225,405,0,55035,0.0010000000000047748
65728000,9281,-3660,125748,16453,-9721,131793,119,19228,487,0,55036,0.000999999999990564
65729000,8178,-15829,126741,13775,-8887,125147,107,19230,438,0,55037,0.0010000000000047748
65730001,2927,3238,132957,-13893,3194,128511,110,19221,451,1,55038,0.00100100000000225
65731000,2180,7761,128167,-490,2895,131705,105,19230,430,1,55039,0.0009989999999930887
65732001,332,9409,129875,14629,4403,122192,104,19230,430,1,55040,0.00100100000000225
65733000,-383,10287,127336,-11192,-3252,125362,122,19230,426,0,55041,0.0009990000000072996
65734000,9485,-17901,125918,287,-22620,136767,122,19224,500,0,55042,0.000999999999990564
65735000,8263,-10542,130852,26437,-9004,128234,106,19226,434,0,55043,0.0010000000000047748
65736000,4556,-827,132098,-10206,-4077,131474,109,19228,446,0,55044,0.000999999999990564
65737001,-2623,16718,134237,-21283,17038,125931,139,19225,569,1,55045,0.00100100000000225
65738000,-2399,7654,130855,8095,-2269,140755,111,19225,569,1,55046,0.0009990000000072996
65739000,-6161,-8812,128940,4577,-9296,126640,95,19233,455,1,55047,0.000999999999990564
65740000,-4047,-7009,130479,-24030,-10098,134641,95,19228,389,0,55048,0.0010000000000047748
65741001,-943,5320,130204,-690,-1605,121997,138,19232,565,0,55049,0.00100100000000225
65742000,1649,2378,129933,4738,-1106,127210,115,19228,471,0,55050,0.0009989999999930887
65743000,-5034,-720,130895,-18006,-2805,133669,117,19224,479,1,55051,0.0010000000000047748
65744000,-7681,3472,130806,-16820,6335,123264,122,19224,479,1,55052,0.0010000000000047748
65745002,-6391,10455,129409,-4652,11549,125414,104,19227,500,1,55053,0.0010019999999997253
65746002,-6101,11807,128306,-13051,-5706,129969,104,19230,426,1,55054,0.000999999999990564
65747000,-2209,-5529,126441,-6333,-10613,131581,113,19219,463,0,55055,0.0009980000000098244
65748001,-5943,-7048,126026,-5224,-6223,126776,101,19228,414,0,55056,0.00100100000000225
65749000,-2913,7918,129013,-10696,10742,119861,101,19227,414,0,55057,0.0009989999999930887
65750000,-4304,14480,128336,-5588,3686,127608,128,19227,524,1,55058,0.0010000000000047748
65751000,-7102,4605,127091,-11531,487,126984,113,19224,524,1,55059,0.000999999999990564
65752000,-4442,-1175,128118,-9687,1133,129100,97,19232,463,1,55060,0.0010000000000047748
65753000,-1654,15747,128083,5627,6822,121464,97,19228,397,0,55061,0.0010000000000047748
65754000,2530,210,123123,-3741,-11502,128369,127,19226,520,0,55062,0.000999999999990564
65755000,1074,-9227,126060,-8721,-7947,129004,109,19228,446,0,55063,0.0010000000000047748
65756000,2646,5381,127421,1767,5268,121470,111,19228,455,0,55064,0.0010000000000047748
65757012,-2146,15288,125862,2660,12332,122597,140,19223,455,1,55065,0.0010120000000028995
65758000,-6165,15399,123741,-14578,2762,123890,104,19227,573,1,55066,0.0009879999999924394
65759002,4609,4164,124163,2552,-1148,126749,104,19237,426,1,55067,0.0010019999999997253
65760002,8054,7682,124426,16362,4979,118183,103,19226,422,0,55068,0.0010000000000047748
65761000,10862,1115,123417,4205,-7392,122922,89,19228,365,0,55069,0.0009979999999956135
65762002,6831,-9077,126624,2904,-11785,131313,111,19228,455,0,55070,0.0010019999999997253
65763000,5523,-3456,126189,3260,-2680,128153,127,19221,455,1,55071,0.0009979999999956135
65764000,3391,483,127905,1095,11951,124566,110,19224,520,1,55072,0.0010000000000047748
65765000,191,23473,128327,5783,9834,119300,110,19231,451,1,55073,0.0010000000000047748
65766000,7683,2049,124385,4855,-8824,130740,94,19231,385,1,55074,0.000999999999990564
65767000,7729,604,126529,7398,-5941,126159,139,19226,569,0,55075,0.0010000000000047748
65768000,13026,-4520,126074,17971,-15171,129074,100,19226,410,0,55076,0.0010000000000047748
65769000,5511,-2335,128998,97,-1671,126144,105,19230,410,0,55077,0.000999999999990564
65770000,4867,2804,131030,-12014,2031,130540,122,19229,430,1,55078,0.0010000000000047748
65771000,528,12734,131298,12522,11054,126147,122,19230,500,1,55079,0.0010000000000047748
65772002,-822,8921,128972,-1349,2178,125382,109,19232,446,1,55080,0.0010019999999997253
65773000,6785,-4667,126336,-7136,-13863,130232,102,19222,418,0,55081,0.0009979999999956135
65774000,10451,-7569,129655,17380,-9763,129246,119,19230,487,0,55082,0.0010000000000047748
65775001,9628,-8887,127228,12411,-10629,134997,101,19230,487,0,55083,0.00100100000000225
65776000,516,-18,134082,-33097,4939,122800,117,19229,414,0,55084,0.0009989999999930887
65777000,675,13376,131262,9069,3564,126102,117,19224,479,1,55085,0.0010000000000047748
65778000,-12053,3199,127840,7955,-5246,133228,109,19231,446,1,55086,0.000999999999990564
65779000,-5049,-2372,129213,-29744,-8207,131204,98,19232,401,1,55087,0.0010000000000047748
65780000,-2126,-7707,127767,1042,-10811,132640,129,19225,528,0,55088,0.0010000000000047748
65781000,5261,3608,131955,6891,6167,120911,106,19225,528,0,55089,0.000999999999990564
65782000,-2663,2973,131508,-7276,-3424,129941,112,19230,434,0,55090,0.0010000000000047748
65783001,-6232,-5809,130930,-18494,-10037,134851,112,19233,459,1,55091,0.00100100000000225
65784000,-9896,1946,131148,-10182,2525,126128,144,19230,590,1,55092,0.0009989999999930887
65785000,-11649,13824,130037,-11348,11219,120490,113,19230,463,1,55093,0.0010000000000047748
65786000,-491,11475,129127,-9092,6026,128986,103,19223,422,1,55094,0.0010000000000047748
65787000,-6567,-10422,123800,-4102,-21923,133924,139,19223,422,0,55095,0.000999999999990564
65788000,1527,-2303,129290,-9914,3930,117435,101,19229,569,0,55096,0.0010000000000047748
65789000,-1805,11003,128292,607,4332,125524,101,19229,414,0,55097,0.0010000000000047748
65790000,-3170,8369,128537,-7494,5061,129121,115,19219,471,1,55098,0.000999999999990564
65791002,-8269,6403,127279,-16410,-1560,127672,113,19230,463,1,55099,0.0010019999999997253
65792002,-6948,-2513,126988,-7941,3048,127024,106,19233,434,1,55100,0.0010000000000047748
65793001,1555,9487,126558,2062,4187,117211,123,19233,434,0,55101,0.0009990000000072996
65794002,-3659,-631,124102,-6424,-7311,131164,98,19229,504,0,55102,0.0010009999999880392
65795002,4505,-3155,125045,-3416,-342,125867,98,19226,401,0,55103,0.0010000000000047748
65796002,-3289,7510,125301,-352,10036,125284,108,19225,442,1,55104,0.0010000000000047748
65797000,-468,6713,124894,-9042,10705,119565,149,19230,610,1,55105,0.0009979999999956135
65798000,-3285,14988,126991,-1220,5353,123962,114,19233,467,1,55106,0.0010000000000047748
65799000,2804,3264,123514,5727,-3767,132180,95,19233,389,1,55107,0.000999999999990564
65800000,12509,3148,124710,8719,-3195,115414,104,19226,389,0,55108,0.0010000000000047748
65801002,6814,-3871,125671,2172,-6198,129202,114,19232,426,0,55109,0.0010019999999997253
65802000,7505,332,127258,5496,270,127038,114,19229,467,0,55110,0.0009979999999956135
65803000,4877,-158,126292,5620,-5331,125523,123,19222,504,1,55111,0.0010000000000047748
65804000,2645,5932,129862,-1120,8100,128013,111,19230,455,1,55112,0.0010000000000047748
65805000,2761,9085,125950,1893,14850,118712,102,19230,418,1,55113,0.000999999999990564
65806003,10888,1437,125738,11452,-2477,129618,114,19232,418,0,55114,0.0010030000000114114
65807000,11502,-2091,128137,7934,-12487,129826,101,19222,467,0,55115,0.0009969999999981383
65808000,5511,-6734,126135,6935,-15096,133768,101,19230,414,0,55116,0.000999999999990564
65809001,4889,-9346,130042,-1160,-2280,126526,108,19227,442,0,55117,0.00100100000000225
65810000,2138,10334,130928,-608,7510,125946,138,19228,565,1,55118,0.0009990000000072996
65811000,1665,10557,131685,6107,10167,132038,114,19228,467,1,55119,0.000999999999990564
65812000,2922,11300,126541,-5787,-6580,121138,100,19230,467,1,55120,0.0010000000000047748
65813000,6537,-6686,128254,-1462,-12189,132298,151,19225,410,0,55121,0.0010000000000047748
65814000,8256,-7335,130920,21925,2407,126172,151,19234,618,0,55122,0.000999999999990564
65815000,4116,-3836,126718,-3247,-15729,135792,103,19230,422,0,55123,0.0010000000000047748
65816000,2973,-1399,136711,-12796,5780,127152,106,19226,434,1,55124,0.0010000000000047748
65817000,-3086,11344,130988,-1297,1449,129036,134,19224,549,1,55125,0.000999999999990564
65818000,-4286,-210,132191,-844,3507,126970,104,19224,549,1,55126,0.0010000000000047748
65819000,-5711,1615,129289,-13849,-10448,130172,109,19231,426,1,55127,0.0010000000000047748
65820000,1793,-9240,126976,-1287,-17715,139013,109,19220,446,0,55128,0.000999999999990564
65821000,1136,6150,131245,1775,6798,118086,85,19230,348,0,55129,0.0010000000000047748
65822000,-4880,6506,131714,-14391,2261,129793,106,19228,434,0,55130,0.0010000000000047748
65823000,-5260,519,129975,-2175,-1910,130426,133,19222,545,1,55131,0.000999999999990564
65824000,-11657,393,129601,-13769,1099,128636,117,19222,545,1,55132,0.0010000000000047748
65825000,-7899,6798,129821,-15564,5702,126743,100,19230,479,1,55133,0.0010000000000047748
65826000,-3410,13364,128542,172,4951,120933,100,19229,410,0,55134,0.000999999999990564
65827001,-4636,-7560,125200,-10477,-13748,135950,148,19226,606,0,55135,0.00100100000000225
65828000,-667,-6733,127232,-7059,-7280,129084,101,19230,414,0,55136,0.0009990000000072996
65829000,-3721,437,129388,-10114,3039,122658,104,19233,426,0,55137,0.000999999999990564
65830000,133,21375,128865,-6847,14929,120390,130,19233,426,1,55138,0.0010000000000047748
65831000,-8515,4012,126215,-3305,-3168,128137,113,19227,532,1,55139,0.0010000000000047748
65832000,-6375,10278,125824,-17227,5216,123709,113,19231,463,1,55140,0.000999999999990564
65833000,-819,5002,125402,589,2994,123436,110,19221,451,0,55141,0.0010000000000047748
65834000,3041,1332,125879,2460,-4284,130142,82,19228,336,0,55142,0.0010000000000047748
65835000,4334,4818,125472,5478,-5040,122332,105,19223,430,0,55143,0.000999999999990564
65836002,-3857,-1324,124943,-12064,3485,127676,125,19223,512,1,55144,0.0010019999999997253
65837002,2769,6944,127577,-2666,10600,125571,114,19220,512,1,55145,0.0010000000000047748
65838000,-3717,12120,125163,6565,9297,118225,114,19235,467,1,55146,0.0009979999999956135
65839003,5839,8847,124822,-6274,2628,123572,97,19233,397,0,55147,0.0010029999999972006
65840002,5632,1174,122168,7641,-8814,128471,132,19230,541,0,55148,0.0009990000000072996
65841000,11519,-3335,124996,14554,-9473,125998,113,19227,463,0,55149,0.0009979999999956135
65842000,7580,1493,125251,1519,-4128,123667,113,19227,463,0,55150,0.0010000000000047748
65843000,1537,3845,128306,-2383,2869,126845,137,19225,463,1,55151,0.0010000000000047748
65844000,4582,8980,128063,3204,3534,124425,114,19224,561,1,55152,0.000999999999990564
65845000,4170,6174,127091,3573,652,129485,114,19230,467,1,55153,0.0010000000000047748
65846000,10126,-2675,125141,12918,1413,122813,102,19222,418,0,55154,0.0010000000000047748
65847004,7879,13313,126884,2919,-5439,125236,104,19233,426,0,55155,0.0010039999999946758
65848000,11193,-11572,126645,8242,-22531,139138,101,19233,414,0,55156,0.000996000000000663
65849000,6060,-9860,129957,7065,-253,126918,114,19230,414,1,55157,0.0010000000000047748
65850000,1345,14259,130467,-7321,6775,123097,110,19221,467,1,55158,0.000999999999990564
65851000,-946,17088,129979,2130,10427,123571,110,19228,451,1,55159,0.0010000000000047748
65852000,3270,6168,126078,3013,-10681,133453,101,19228,414,1,55160,0.0010000000000047748
65853002,11241,-11740,128078,1244,-16110,130921,127,19229,520,0,55161,0.0010019999999997253
65854000,7632,-3541,130471,16922,-1392,122194,98,19229,401,0,55162,0.0009979999999956135
65855000,7317,-3546,128371,-615,-13466,133213,105,19231,401,0,55163,0.0010000000000047748
65856000,-743,2800,134735,-18470,8809,125342,146,19223,430,1,55164,0.000999999999990564
65857000,-3370,9693,129859,-2511,-3284,136073,146,19225,598,1,55165,0.0010000000000047748
65858000,-7027,-7906,128488,4911,4160,126578,109,19236,446,1,55166,0.0010000000000047748
65859000,-5715,14354,128225,-18526,-10023,123850,95,19227,389,0,55167,0.000999999999990564
65860000,413,-8422,130099,-3839,-14297,138386,117,19231,479,0,55168,0.0010000000000047748
65861000,3922,-1306,130149,8572,-1024,124879,110,19231,479,0,55169,0.000999999999990564
65862000,-2787,6068,132749,-14806,-1234,128185,119,19229,451,0,55170,0.0010000000000047748
65863000,-9323,3728,130841,-19986,-638,131196,119,19220,487,1,55171,0.0010000000000047748
65864000,-6783,5090,130616,-7003,4249,130454,108,19230,442,1,55172,0.000999999999990564
65865001,-7594,7206,130748,-4266,6484,128229,100,19231,410,1,55173,0.00100100000000225
65866000,-1658,9339,127590,-14494,5382,119004,122,19217,500,0,55174,0.0009990000000072996
65867000,-3992,-3882,124580,-8449,-11074,130537,104,19217,500,0,55175,0.000999999999990564
65868000,298,-819,127373,-1386,1531,123236,109,19234,426,0,55176,0.0010000000000047748
65869000,-1372,3544,127394,-7661,-1494,128883,109,19226,446,1,55177,0.0010000000000047748
65870000,-8668,6260,128302,-17582,11317,122441,141,19228,577,1,55178,0.000999999999990564
65871000,-4241,11118,127873,-9543,3245,123895,115,19231,471,1,55179,0.0010000000000047748
65872000,-4915,2083,125931,2236,-3024,131878,102,19226,418,1,55180,0.0010000000000047748
65873000,1555,-53,123838,-4284,-3675,123552,115,19226,418,0,55181,0.000999999999990564
65874000,-703,2759,124393,-4867,-1463,122989,111,19232,471,0,55182,0.0010000000000047748
65875000,2552,4570,125595,-2038,1541,125111,111,19228,455,0,55183,0.0010000000000047748
65876002,624,4423,125462,-319,2129,125297,112,19220,459,1,55184,0.0010019999999997253
65877002,-5656,10837,127189,-4838,15506,129170,138,19230,565,1,55185,0.000999999999990564
65878000,-312,9599,124788,-2818,11110,121657,99,19232,405,1,55186,0.0009980000000098244
65879001,4442,11633,125376,881,5534,124719,110,19232,405,0,55187,0.00100100000000225
65880000,12705,2388,123439,10679,-3148,124181,96,19228,451,0,55188,0.0009989999999930887
65881000,9788,-10943,124004,12599,-17507,134999,96,19227,393,0,55189,0.0010000000000047748
65882000,3224,-1926,128333,-3503,-3091,122649,112,19225,459,0,55190,0.000999999999990564
65883000,5734,2873,127244,1848,12402,122967,133,19224,545,1,55191,0.0010000000000047748
65884000,1680,14284,128457,5914,10635,126484,111,19232,455,1,55192,0.0010000000000047748
65885000,6809,9412,125752,1563,-1912,121677,94,19232,385,1,55193,0.000999999999990564
65886001,8482,-192,125715,2547,-9822,123806,152,19230,385,0,55194,0.00100100000000225
65887000,9651,-4069,128202,15579,-10112,130986,105,19234,623,0,55195,0.0009990000000072996
65888000,9542,-12568,127337,3479,-14971,133512,105,19229,430,0,55196,0.000999999999990564
65889000,3881,-6654,130171,-7725,3697,126634,106,19226,434,1,55197,0.0010000000000047748
65890000,863,19129,131268,-1001,12162,124983,124,19228,508,1,55198,0.0010000000000047748
65891000,310,11236,129609,4373,2174,125149,106,19228,434,1,55199,0.000999999999990564
65892000,3014,3333,128304,1727,-3543,128361,112,19232,434,1,55200,0.0010000000000047748
65893000,8230,-12728,125803,1865,-25869,138376,97,19218,459,0,55201,0.0010000000000047748
65894000,8497,-14061,128653,20568,-7074,120640,97,19232,397,0,55202,0.000999999999990564
65895000,6260,7915,131480,-19448,3010,127925,104,19230,426,0,55203,0.0010000000000047748
65896000,1761,6772,135069,-9426,12164,126195,126,19222,516,1,55204,0.0010000000000047748
65897000,-5814,12799,130861,6249,-3752,127599,113,19222,463,1,55205,0.000999999999990564
65898000,-7129,-8130,128728,-15032,-10807,136741,94,19226,463,1,55206,0.0010000000000047748
65899000,-1131,-5764,129546,-10112,-7131,127683,139,19232,385,0,55207,0.0010000000000047748
65900003,2217,-2817,130740,5564,-3169,128449,139,19229,569,0,55208,0.0010029999999972006
65901000,1477,599,131062,-2577,1983,128567,117,19228,479,0,55209,0.0009969999999981383
65902000,-6156,5744,130800,-20300,-1955,133480,118,19224,483,1,55210,0.0010000000000047748
65903000,-9699,-2007,128902,-13256,1633,129988,137,19229,561,1,55211,0.000999999999990564
65904000,-8507,10789,129502,-5809,13569,124782,110,19229,561,1,55212,0.0010000000000047748
65905000,-6032,8936,131020,-11716,7179,132844,105,19232,451,1,55213,0.0010000000000047748
65906000,-3058,-1421,124240,-5844,-12433,126167,105,19219,430,0,55214,0.000999999999990564
65907001,-6083,-10708,127387,-2372,-8946,130783,137,19234,561,0,55215,0.00100100000000225
65908000,-3405,2134,127206,-7656,2333,125611,109,19228,446,0,55216,0.0009990000000072996
65909000,-4864,9925,128561,-6427,7945,121842,123,19220,504,1,55217,0.000999999999990564
65910000,-7276,10044,128063,-11863,4777,133183,113,19220,504,1,55218,0.0010000000000047748
65911000,-6772,2636,126737,-10999,2092,122107,103,19228,463,1,55219,0.0010000000000047748
65912000,-9,8451,129029,769,6100,122822,103,19228,422,0,55220,0.000999999999990564
65913001,1084,-7187,123643,-2009,-12756,131012,138,19230,565,0,55221,0.00100100000000225
65914000,1381,-3296,123393,-6742,-11664,123199,115,19229,471,0,55222,0.0009990000000072996
65915000,377,9212,127759,-6613,7155,126404,114,19221,467,0,55223,0.000999999999990564
65916000,-3981,13892,124861,1007,9689,118438,157,19221,467,1,55224,0.0010000000000047748
65917000,-2134,11463,128216,96,5526,132267,108,19229,643,1,55225,0.0010000000000047748
65918001,1490,-3691,124180,-6508,-3803,124835,108,19233,442,1,55226,0.00100100000000225
65919000,8761,10578,125646,10445,7506,119861,99,19224,405,0,55227,0.0009989999999930887
65920000,8194,219,123744,9108,-8789,126914,96,19229,393,0,55228,0.0010000000000047748
65921000,8827,-5959,125072,3250,-7124,126045,115,19227,471,0,55229,0.000999999999990564
65922000,2777,-6164,126602,6733,-5445,132647,121,19227,471,1,55230,0.0010000000000047748
65923000,2942,6850,129037,-7132,10467,115005,109,19222,496,1,55231,0.0010000000000047748
65924001,7247,15519,127951,8221,4989,131300,109,19225,446,1,55232,0.00100100000000225
65925000,7246,-303,123461,9974,-1693,119193,100,19230,410,1,55233,0.0009989999999930887
65926000,12587,1988,127349,-2131,-4101,129323,125,19228,512,0,55234,0.0010000000000047748
65927000,7494,-6046,127866,14308,-9949,131709,96,19230,393,0,55235,0.000999999999990564
65928001,9268,-6567,128358,6827,-13449,132765,98,19230,393,0,55236,0.00100100000000225
65929000,3651,7984,132148,692,4110,122195,137,19230,401,1,55237,0.0009990000000072996
65930000,-1796,7902,128054,-5780,6092,127418,137,19227,561,1,55238,0.000999999999990564
65931000,4662,1961,130219,8622,741,128952,111,19228,455,1,55239,0.0010000000000047748
65932001,2874,1156,129191,4663,-6882,126148,102,19224,418,0,55240,0.00100100000000225
65933000,10987,-9009,130288,-6805,-8549,128001,132,19235,541,0,55241,0.0009989999999930887
65934000,6539,-2136,130579,17443,-4093,132287,101,19235,414,0,55242,0.0010000000000047748
65935001,2680,-12871,131048,-21732,-10724,131357,110,19230,414,0,55243,0.00100100000000225
65936000,689,9483,134621,-11330,10861,124991,118,19223,451,1,55244,0.0009989999999930887
65937007,-6051,8496,131093,8655,2257,129769,118,19229,483,1,55245,0.0010070000000013124
65938001,-1772,4223,128675,-17197,-4912,123850,101,19231,414,1,55246,0.0009940000000057125
65939000,-3464,-8075,130131,-12138,-15038,141351,117,19226,479,0,55247,0.0009989999999930887
65940000,-1186,-10061,127094,17129,-376,124537,93,19226,381,0,55248,0.0010000000000047748
65941000,1835,12980,132360,-14707,3226,125673,107,19230,381,0,55249,0.0010000000000047748
65942000,-9170,6780,131385,-23502,-4943,134534,145,19231,438,1,55250,0.000999999999990564
65943000,-6055,599,128960,470,-1649,130501,145,19227,594,1,55251,0.0010000000000047748
65944000,-10077,4946,130052,-9988,2885,127513,120,19231,491,1,55252,0.0010000000000047748
65945000,-4669,14278,129287,-12506,10615,122003,100,19228,410,1,55253,0.000999999999990564
65946000,-4308,-1327,123591,-9268,-13596,136017,160,19228,655,0,55254,0.0010000000000047748
65947000,-3328,-8166,128683,-1388,-1248,124585,104,19233,655,0,55255,0.0010000000000047748
65948000,-2087,3300,127157,-5970,-144,124708,111,19229,426,0,55256,0.000999999999990564
65949000,-6422,11661,129813,-6734,9512,121213,111,19224,455,1,55257,0.0010000000000047748
65950000,-7487,6021,126102,-10840,1320,131718,128,19226,524,1,55258,0.0010000000000047748
65951000,-6030,2268,127776,-12901,9287,121777,109,19229,446,1,55259,0.000999999999990564
65952000,1868,6711,127241,9595,16817,118776,113,19224,463,0,55260,0.0010000000000047748
65953000,-1636,-236,123617,-4603,-13598,130448,90,19224,463,0,55261,0.0010000000000047748
65954000,3340,-12476,126498,-7808,-12826,132728,109,19230,369,0,55262,0.000999999999990564
65955000,-690,658,127263,5035,9514,122669,109,19222,446,0,55263,0.0010000000000047748
65956000,-2258,22202,125995,-5595,12677,117668,137,19223,561,1,55264,0.0010000000000047748
65957000,-2173,11641,123559,-5302,164,127789,114,19232,467,1,55265,0.000999999999990564
65958000,1128,1065,121143,1845,-5494,125059,94,19227,385,1,55266,0.0010000000000047748
65959000,9869,3490,123816,8050,496,122998,111,19227,385,0,55267,0.0010000000000047748
65960000,7287,8322,125808,9040,174,119168,111,19233,455,0,55268,0.000999999999990564
65961000,6748,-2780,123237,1114,-11949,127899,111,19226,455,0,55269,0.0010000000000047748
65962000,6567,-6485,128622,4542,-5557,129125,117,19224,479,1,55270,0.0010000000000047748
65963000,530,7896,128521,3368,7222,126138,131,19232,537,1,55271,0.000999999999990564
65964001,3357,5988,126068,922,12322,118415,106,19225,434,1,55272,0.00100100000000225
65965001,7759,9041,128114,6001,1182,126414,104,19225,434,0,55273,0.0010000000000047748
65966000,12910,-10149,126416,4675,-13321,133245,85,19221,426,0,55274,0.0009989999999930887
65967000,10995,-6230,125132,17597,-11864,124562,85,19229,348,0,55275,0.0010000000000047748
65968000,3357,-5179,130783,-475,-6122,129707,105,19233,430,0,55276,0.0010000000000047748
65969000,6294,10253,130661,-8753,6239,126554,123,19225,504,1,55277,0.000999999999990564
65970000,-107,6292,130911,13651,-911,132743,112,19234,459,1,55278,0.0010000000000047748
65971000,51,6026,129111,-333,3263,123955,97,19234,459,1,55279,0.0010000000000047748
65972000,3035,2515,129062,-9555,-6227,137958,142,19229,397,0,55280,0.000999999999990564
65973000,7400,-17821,129013,15840,-16857,126027,142,19233,582,0,55281,0.0010000000000047748
65974000,8059,3424,130400,9192,588,133098,110,19228,451,0,55282,0.0010000000000047748
65975000,-1427,-2620,132481,-16807,-5656,127183,109,19225,446,1,55283,0.000999999999990564
65976000,503,22241,132916,-11940,4123,125421,149,19227,610,1,55284,0.0010000000000047748
65977000,-5555,-178,128816,7631,-15233,139805,108,19227,442,1,55285,0.0010000000000047748
65978000,-5552,-9386,129055,-8375,-7780,125744,101,19226,442,1,55286,0.000999999999990564
65979000,836,-761,130935,-21275,-4491,130309,107,19223,414,0,55287,0.0010000000000047748
65980000,-2400,1734,129547,9524,-1003,124892,107,19230,438,0,55288,0.0010000000000047748
65981000,1761,10537,131465,-17618,1180,128674,108,19227,442,0,55289,0.000999999999990564
65982000,-9083,353,128601,-15827,-10605,135667,121,19222,496,1,55290,0.0010000000000047748
65983000,-6863,2733,131527,-6843,11917,121502,114,19222,467,1,55291,0.0010000000000047748
65984000,-9293,15462,129969,-7839,865,130746,100,19228,467,1,55292,0.000999999999990564
65985001,-2568,7506,128363,-10104,-19,120905,130,19231,410,0,55293,0.00100100000000225
65986000,-2362,-2638,124817,-8472,-15206,137839,130,19219,532,0,55294,0.0009989999999930887
65987000,-4155,-13014,125933,-6996,-2774,124957,97,19232,397,0,55295,0.0010000000000047748
65988000,-520,19179,129586,-7545,10343,115033,101,19229,414,0,55296,0.0010000000000047748
65989000,-6185,11003,127141,-3208,-2583,133518,141,19229,577,1,55297,0.000999999999990564
65990000,-4543,3932,127642,-17281,1435,125163,116,19228,577,1,55298,0.0010000000000047748
65991000,-6189,8974,126650,-7108,-1818,126397,103,19232,475,1,55299,0.0010000000000047748
65992000,-783,6683,124436,7632,5248,120940,103,19222,422,0,55300,0.000999999999990564
65993001,1455,2136,123190,-5995,-7865,125870,104,19232,426,0,55301,0.00100100000000225
65994000,-2647,-5885,127054,-8898,-944,128979,107,19229,438,0,55302,0.0009990000000072996
65995000,4077,5630,125329,-1293,6800,124004,117,19224,479,1,55303,0.000999999999990564
65996000,-3240,7418,127211,-264,8079,124985,116,19224,479,1,55304,0.0010000000000047748
65997001,-2415,14176,125709,-9616,13427,118427,99,19230,475,1,55305,0.00100100000000225
65998000,5158,7724,121848,6441,-2365,127648,99,19237,405,0,55306,0.0009989999999930887
65999000,8867,-1334,127389,7305,4955,129456,118,19230,483,0,55307,0.0010000000000047748
66000002,13231,-2750,121696,5716,-14421,119474,101,19229,414,0,55308,0.0010019999999997253
66001002,3017,-6067,129274,8321,-3753,126344,109,19225,446,0,55309,0.0010000000000047748
66002000,5532,3004,125802,-2098,-2062,131486,145,19225,446,1,55310,0.0009979999999956135
66003000,-441,11664,128811,1439,7820,120827,114,19230,594,1,55311,0.0010000000000047748
66004000,4889,16213,127551,4952,10867,127569,114,19231,467,1,55312,0.000999999999990564
66005000,7963,2717,123936,2921,-3090,119713,98,19231,401,0,55313,0.0010000000000047748
66006000,11947,-915,127205,9299,-7233,128920,120,19232,491,0,55314,0.0010000000000047748
66007002,12478,-14975,125415,15149,-19820,134467,106,19232,434,0,55315,0.0010019999999997253
66008000,4291,-342,131261,-6944,-1727,126211,110,19232,434,1,55316,0.0009979999999956135
66009000,4188,9637,132369,-3467,9744,128104,111,19223,451,1,55317,0.0010000000000047748
66010000,-2159,13529,128692,7087,7970,122050,111,19225,455,1,55318,0.000999999999990564
66011000,2555,1829,129233,-4940,-8949,141647,102,19234,418,1,55319,0.0010000000000047748
66012000,7723,-7237,126716,815,-10097,121177,117,19219,479,0,55320,0.0010000000000047748
66013000,11929,-3010,133013,17802,-2569,130812,95,19229,389,0,55321,0.000999999999990564
66014000,5600,-5551,127206,9941,-9108,130670,105,19229,389,0,55322,0.0010000000000047748
66015000,780,-2565,134228,-29692,945,125757,134,19227,430,1,55323,0.0010000000000047748
66016000,-5304,17017,132080,6571,9037,130549,134,19224,549,1,55324,0.000999999999990564
66017000,-9166,-1953,129822,416,-5222,129361,111,19230,455,1,55325,0.0010000000000047748
66018000,-2303,-3435,130420,-22800,-7247,131276,95,19224,389,0,55326,0.0010000000000047748
66019000,-1776,-14112,127389,510,-15426,122601,140,19230,573,0,55327,0.000999999999990564
66020000,6619,6118,130892,3455,3093,121618,111,19230,573,0,55328,0.0010000000000047748
66021000,-6159,2193,132088,-9879,-658,130453,117,19230,455,0,55329,0.0010000000000047748
66022000,-5482,-1899,129755,-20032,-5137,134347,117,19223,479,1,55330,0.000999999999990564
66023000,-11574,5652,132256,-6475,7998,123742,127,19229,520,1,55331,0.0010000000000047748
66024000,-7082,14095,128792,-9800,11704,118218,107,19228,438,1,55332,0.0010000000000047748
66025000,-2339,6567,127068,-7555,-12731,138990,113,19220,463,0,55333,0.000999999999990564
66026000,-5770,-9578,123984,-6804,-9650,123412,111,19220,455,0,55334,0.0010000000000047748
66027000,2994,1452,129839,-11997,5198,127866,106,19231,455,0,55335,0.0010000000000047748
66028000,-5378,5305,127345,-3198,7576,122492,129,19227,434,1,55336,0.000999999999990564
66029000,-4470,10550,129875,-16920,9881,123653,129,19223,528,1,55337,0.0010000000000047748
66030000,-8123,3671,126602,-10334,-3261,137176,118,19229,483,1,55338,0.0010000000000047748
66031000,-1953,231,126745,1125,7141,115818,102,19230,418,1,55339,0.000999999999990564
66032004,1875,7699,124694,34,-4993,128782,147,19230,602,0,55340,0.0010040000000088867
66033002,-2444,-6840,122690,-9723,-5147,122341,109,19236,602,0,55341,0.0009979999999956135
66034000,3535,3632,126441,3214,2635,131124,110,19229,446,0,55342,0.0009979999999956135
66035000,-1732,4981,124511,-2368,1929,122735,110,19223,451,1,55343,0.0010000000000047748
66036003,-806,17061,127837,-14311,12117,118288,147,19228,602,1,55344,0.0010029999999972006
66037000,-2436,13933,126258,796,-177,130858,108,19234,442,1,55345,0.0009969999999981383
66038000,7703,296,123359,7229,4162,118750,103,19224,422,0,55346,0.0010000000000047748
66039000,10989,-2972,125351,7919,582,132180,83,19224,422,0,55347,0.0010000000000047748
66040000,6538,-6797,124251,5704,-8673,121945,115,19229,340,0,55348,0.000999999999990564
66041001,9231,1270,127940,5111,-3240,128686,115,19227,471,0,55349,0.00100100000000225
66042000,750,-2245,128512,1786,5060,127782,127,19221,520,1,55350,0.0009990000000072996
66043000,3733,13705,127599,2833,7872,120685,112,19230,459,1,55351,0.000999999999990564
66044000,5757,5610,125738,8631,-633,129502,97,19232,397,1,55352,0.0010000000000047748
66045000,7068,3756,125913,3183,-3473,121355,132,19232,397,0,55353,0.0010000000000047748
66046000,12421,-7957,128178,16899,1052,131975,109,19224,541,0,55354,0.000999999999990564
66047000,5007,-9371,127107,6570,-11647,128001,109,19228,446,0,55355,0.0010000000000047748
66048001,5752,-6625,133431,-6080,-1275,133619,110,19226,451,1,55356,0.00100100000000225
66049000,-1371,5223,130849,5220,11659,125249,140,19232,573,1,55357,0.0009989999999930887
66050000,791,18422,129380,1553,9241,121539,111,19231,455,1,55358,0.0010000000000047748
66051000,4158,1798,128537,-5216,-7324,132375,103,19231,455,1,55359,0.0010000000000047748
66052000,8963,-8628,125873,9607,-14004,128330,128,19224,422,0,55360,0.000999999999990564
66053000,9251,-6032,130594,16853,-4169,129670,128,19230,524,0,55361,0.0010000000000047748
66054000,2881,-2177,131181,-9086,-9623,128428,105,19229,430,0,55362,0.0010000000000047748
66055000,1277,4245,132270,-13039,1957,128735,116,19222,475,1,55363,0.000999999999990564
66056000,-7474,7366,131275,4358,4453,129608,110,19228,451,1,55364,0.0010000000000047748
66057000,-8919,6723,129170,-4678,238,125756,98,19228,451,1,55365,0.0010000000000047748
66058000,202,-3597,127687,-12508,-6175,128621,121,19232,401,0,55366,0.000999999999990564
66059000,-2210,-13004,128766,1712,-13094,133351,121,19229,496,0,55367,0.0010000000000047748
66060000,5048,-1131,130390,-2040,-1131,124528,102,19228,418,0,55368,0.0010000000000047748
66061001,-7671,7358,132053,-13487,1409,128790,114,19224,467,0,55369,0.0010009999999880392
66062002,-7737,-2432,129717,-9900,-3000,132106,152,19230,623,1,55370,0.00100100000000225
66063000,-8512,11479,130742,-13505,6010,128280,111,19230,623,1,55371,0.0009980000000098244
66064001,-7263,5627,128713,-11435,1606,126944,99,19231,455,1,55372,0.0010009999999880392
66065000,-1583,6696,127316,986,-995,125266,99,19226,405,0,55373,0.0009990000000072996
66066000,-4637,-778,125049,-9197,-11269,130635,159,19233,651,0,55374,0.0010000000000047748
66067000,-2761,-4923,128721,-6757,-3444,124786,108,19228,442,0,55375,0.000999999999990564
66068000,-4100,15325,128263,-11001,10900,126680,113,19222,463,1,55376,0.0010000000000047748
66069000,-4823,5761,128276,-4380,-1202,126112,117,19222,479,1,55377,0.0010000000000047748
66070000,-9655,18880,126829,-12381,4590,125762,105,19229,479,1,55378,0.000999999999990564
66071000,-2045,1757,124802,-14427,-7241,130171,120,19230,430,0,55379,0.0010000000000047748
66072000,2917,-37,125868,9491,3326,124058,120,19225,491,0,55380,0.0010000000000047748
66073000,3626,-512,124271,-3235,-7691,125454,98,19227,401,0,55381,0.000999999999990564
66074000,-129,1138,127324,-6247,11800,122504,111,19224,455,0,55382,0.0010000000000047748
66075000,-141,15189,125464,-3087,-1747,127908,138,19224,565,1,55383,0.0010000000000047748
66076000,-1464,3883,125772,3586,5851,126173,112,19221,565,1,55384,0.000999999999990564
66077000,-12,13981,124684,-5985,6015,119091,94,19228,459,1,55385,0.0010000000000047748
66078000,5445,6604,125307,7070,-1,123585,94,19225,385,0,55386,0.0010000000000047748
66079000,9611,2190,125431,11494,-8143,127876,114,19229,467,0,55387,0.000999999999990564
66080000,8901,-10650,124733,2096,-14727,132091,121,19228,496,0,55388,0.0010000000000047748
66081000,4853,-1097,126306,4699,1703,120737,119,19228,487,1,55389,0.0010000000000047748
66082000,2096,15830,128399,5663,2347,126626,122,19224,487,1,55390,0.000999999999990564
66083000,2954,5549,125981,-3557,2408,130653,104,19228,500,1,55391,0.0010000000000047748
66084000,8417,4015,125224,9111,-1210,126003,104,19231,426,1,55392,0.0010000000000047748
66085000,8849,5276,127451,6931,2755,119671,110,19216,451,0,55393,0.000999999999990564
66086002,9010,5001,125502,6300,-8513,128439,90,19233,369,0,55394,0.0010019999999997253
66087007,7960,-15879,127716,11014,-18264,135224,104,19232,426,0,55395,0.001005000000006362
66088000,4003,-3232,130700,-5382,-1751,132004,123,19232,426,1,55396,0.0009929999999940264
66089000,-252,9389,129901,-152,10514,121520,110,19228,504,1,55397,0.0010000000000047748
66090000,890,18950,130598,4650,13630,118604,110,19232,451,1,55398,0.0010000000000047748
66091000,5116,-715,126327,-7384,-12772,137020,97,19228,397,0,55399,0.000999999999990564
66092000,10468,-15029,128166,11427,-15819,129535,149,19232,610,0,55400,0.0010000000000047748
66093001,11071,-7020,130431,13406,-963,127862,101,19228,414,0,55401,0.00100100000000225
66094000,937,-664,131573,-10896,4,124283,104,19228,414,0,55402,0.0009989999999930887
66095000,-1509,7245,134484,-12313,4752,133315,142,19228,426,1,55403,0.0010000000000047748
66096000,-4891,-2849,130585,3408,-4640,134897,142,19228,582,1,55404,0.0010000000000047748
66097000,-9179,4829,129814,-3790,461,121568,105,19233,430,1,55405,0.000999999999990564
66098000,-995,-625,129151,-19472,-4373,131108,102,19232,418,0,55406,0.0010000000000047748
66099000,919,-2204,129274,3511,-2656,126222,94,19232,385,0,55407,0.0010000000000047748
66100000,2813,592,130854,5746,-2283,132059,106,19232,385,0,55408,0.000999999999990564
66101001,-7571,-818,131299,-23150,-3214,128096,129,19229,434,1,55409,0.00100100000000225
66102001,-8622,4470,131282,-18647,4517,126629,129,19224,528,1,55410,0.0010000000000047748
66103002,-8379,9774,127458,-6023,4713,130287,117,19229,479,1,55411,0.00100100000000225
66104000,-5929,7228,128955,-10229,6064,125880,100,19229,410,1,55412,0.0009979999999956135
66105000,-2879,1710,126793,-15619,-2061,130911,134,19225,549,0,55413,0.0010000000000047748
66106000,-2516,-8413,126344,-177,-8789,124346,108,19225,549,0,55414,0.000999999999990564
66107000,-1497,4216,128780,-489,943,126365,109,19235,442,0,55415,0.0010000000000047748
66108000,-5671,5282,126747,-13605,477,129607,109,19227,446,1,55416,0.0010000000000047748
66109000,-9295,10003,126898,-12105,7840,121380,142,19227,582,1,55417,0.000999999999990564
66110000,-5671,6773,128053,-7248,4939,129748,111,19230,455,1,55418,0.0010000000000047748
66111000,568,7074,125783,-254,8425,119627,103,19223,422,0,55419,0.000999999999990564
66112000,530,-1561,124468,-2473,-6272,126827,91,19223,422,0,55420,0.0010000000000047748
66113000,3234,-5047,126142,-8591,-6772,118613,108,19231,373,0,55421,0.0010000000000047748
66114002,1658,6620,127721,-2150,4320,127500,122,19227,442,0,55422,0.0010019999999997253
66115002,-1330,5169,125390,1679,4289,124326,122,19220,500,1,55423,0.0010000000000047748
66116000,-5132,10030,126485,-6829,4744,127430,111,19232,455,1,55424,0.0009979999999956135
66117000,3104,12596,123006,-4506,47,120268,95,19232,389,1,55425,0.000999999999990564
66118000,10259,6457,123838,11799,4262,117809,121,19232,496,0,55426,0.0010000000000047748
66119000,8022,2962,124047,9099,-16515,134353,103,19232,496,0,55427,0.0010000000000047748
66120000,6955,-6841,123003,1376,-12530,118910,109,19226,422,0,55428,0.000999999999990564
66121000,3639,456,125993,5058,-95,134628,109,19224,446,1,55429,0.0010000000000047748
66122000,2999,5734,130378,-2554,15081,116637,144,19229,590,1,55430,0.0010000000000047748
66123000,5196,18995,127379,6924,4792,123640,112,19232,459,1,55431,0.000999999999990564
66124000,8256,-663,126393,7851,-15254,133988,97,19232,397,1,55432,0.0010000000000047748
66125000,11428,-5021,124938,2773,2475,119266,121,19225,397,0,55433,0.0010000000000047748
66126001,10830,-6864,126244,15964,-10782,135821,105,19229,496,0,55434,0.00100100000000225
66127002,4648,-6796,128674,113,-1294,122143,105,19228,430,0,55435,0.0010009999999880392
66128002,2693,7769,132858,-4817,242,141181,113,19224,463,1,55436,0.0010000000000047748
66129002,-153,14899,125590,4366,-2735,118053,110,19230,451,1,55437,0.0010000000000047748
66130002,213,10987,129308,-1330,4582,123529,102,19230,418,1,55438,0.000999999999990564
66131002,5838,5308,133202,670,-11690,133497,125,19230,418,0,55439,0.0010000000000047748
66132000,10975,-17755,124663,10861,-21532,127976,105,19219,512,0,55440,0.0009979999999956135
66133000,8734,-1357,131741,12302,3076,134310,105,19230,430,0,55441,0.0010000000000047748
66134000,-575,1288,129445,-21732,-3407,123225,105,19229,430,0,55442,0.0010000000000047748
66135000,467,13086,136108,-8041,16233,123421,142,19225,582,1,55443,0.000999999999990564
66136000,-5693,6869,134050,7714,-11580,138739,112,19236,459,1,55444,0.0010000000000047748
66137000,-3612,-8082,128343,-10939,-17083,130755,99,19236,459,1,55445,0.0010000000000047748
66138000,2310,-4308,129533,-17719,-8876,128231,136,19225,405,0,55446,0.000999999999990564
66139000,-863,3469,129223,6362,7006,123195,136,19227,557,0,55447,0.0010000000000047748
66140000,1662,6454,129023,1378,12000,130210,113,19230,463,0,55448,0.0010000000000047748
66141000,-8309,1347,131126,-25575,-4583,128960,117,19221,479,1,55449,0.000999999999990564
66142000,-9121,-3400,128046,-13127,-469,133251,122,19228,500,1,55450,0.0010000000000047748
66143000,-8331,9684,131206,993,10331,123386,108,19228,500,1,55451,0.0010000000000047748
66144000,-3613,9422,129491,-10317,6187,125802,116,19232,442,1,55452,0.000999999999990564
66145000,320,-6826,127573,-9847,-13279,133796,116,19217,475,0,55453,0.0010000000000047748
66146000,-6866,-9141,124836,-4170,-2525,126695,92,19232,377,0,55454,0.0010000000000047748
66147000,-34,9423,128600,-10775,12354,121201,100,19231,410,0,55455,0.000999999999990564
66148002,-5097,9631,127688,264,1351,126572,131,19224,537,1,55456,0.0010019999999997253
66149000,-9372,8054,128087,-7299,-1458,130461,116,19224,537,1,55457,0.0009980000000098244
66150000,-6061,-278,126074,-15901,1376,125108,103,19229,475,1,55458,0.000999999999990564
66151000,510,10043,128817,2394,5988,121799,103,19228,422,0,55459,0.0010000000000047748
66152001,3401,4761,124182,10373,1860,125360,128,19230,524,0,55460,0.00100100000000225
66153000,-4343,-7289,121854,-12100,-3843,125649,106,19234,434,0,55461,0.0009989999999930887
66154000,1934,4273,127470,-6299,5007,127428,109,19223,446,0,55462,0.0010000000000047748
66155000,-2318,10281,125857,7867,13251,121394,135,19223,446,1,55463,0.0010000000000047748
66156000,-1803,7901,126921,-5642,3695,124492,106,19228,553,1,55464,0.000999999999990564
66157000,4952,1779,124526,-6871,-4732,127335,106,19229,434,1,55465,0.0010000000000047748
66158000,7597,-729,122338,14506,-2942,125433,105,19227,430,0,55466,0.0010000000000047748
66159000,10719,3650,125876,9139,-1603,122462,90,19229,369,0,55467,0.000999999999990564
66160000,4586,34,125450,-2027,-1203,127469,112,19222,459,0,55468,0.0010000000000047748
66161000,4686,-2483,126351,8399,-9027,130850,130,19222,532,1,55469,0.0010000000000047748
66162012,2319,7890,131275,-1598,8484,121639,113,19224,532,1,55470,0.0010119999999886886
66163000,2599,9612,129201,4925,-1713,128315,94,19229,463,1,55471,0.0009880000000066502
66164003,9947,4905,125377,-1104,-4070,117735,94,19231,385,0,55472,0.0010029999999972006
66165000,8241,-5144,127852,-3023,-8767,136112,142,19235,582,0,55473,0.0009969999999981383
66166000,13457,-12398,127256,13365,-6345,129154,103,19230,422,0,55474,0.0010000000000047748
66167001,3907,-164,125761,13476,4023,120739,106,19230,434,0,55475,0.00100100000000225
66168000,469,8340,130672,-14887,4465,130993,126,19226,434,1,55476,0.0009989999999930887
66169000,3374,5016,130676,13204,692,127918,108,19228,516,1,55477,0.0010000000000047748
66170000,2145,419,128817,217,-1187,132767,108,19232,442,1,55478,0.0010000000000047748
66171000,6947,1720,131452,-6171,221,117129,105,19220,430,0,55479,0.000999999999990564
66172000,5391,-2104,128215,19890,-7461,131108,117,19230,479,0,55480,0.0010000000000047748
66173000,7884,-11835,127294,2611,-12338,139209,104,19230,426,0,55481,0.0010000000000047748
66174001,-2196,-6981,129640,-20988,497,126450,121,19227,426,1,55482,0.00100100000000225
66175001,-719,3819,134093,285,15983,123082,110,19219,496,1,55483,0.000999999999990564
66176000,-6645,22902,131522,1672,1410,126132,110,19227,451,1,55484,0.0009990000000072996
66177000,-2962,-3011,129374,-17898,-23280,142022,94,19232,385,1,55485,0.000999999999990564
66178000,1397,-14314,127702,-390,-10560,129870,132,19231,541,0,55486,0.0010000000000047748
66179000,-787,3663,129295,-1385,4853,121766,115,19228,471,0,55487,0.0010000000000047748
66180000,-2344,12834,132318,-12902,7451,125509,114,19228,471,0,55488,0.000999999999990564
66181000,-6402,-193,130707,-13688,-11460,136416,142,19228,467,1,55489,0.0010000000000047748
66182000,-9227,-5994,130462,-7643,-1540,135959,142,19227,582,1,55490,0.0010000000000047748
66183000,-10154,16305,130508,-7491,12226,115842,113,19233,463,1,55491,0.000999999999990564
66184000,-3685,13752,131441,-9662,3345,125569,101,19225,414,0,55492,0.0010000000000047748
66185000,-3890,-6260,125743,-8259,-11502,134055,144,19232,590,0,55493,0.0010000000000047748
66186001,-986,-9057,125754,-4499,-7880,126283,105,19232,590,0,55494,0.0010009999999880392
66187000,-660,2655,127847,-10491,17600,119178,113,19221,430,0,55495,0.0009990000000072996
66188000,-3962,12018,129325,-5528,711,128079,113,19220,463,1,55496,0.0010000000000047748
66189001,-6381,1173,125104,-9580,1867,129451,109,19228,446,1,55497,0.0010009999999880392
66190000,-5453,11056,128069,-18095,6221,124348,100,19232,410,1,55498,0.0009990000000072996
66191000,239,5299,126067,10685,-3078,123273,123,19231,504,0,55499,0.0010000000000047748
66192000,-551,1669,126579,1008,-13399,125150,101,19231,504,0,55500,0.000999999999990564
66193000,875,-7343,123520,-9353,-11419,130655,107,19228,414,0,55501,0.0010000000000047748
66194000,-2263,13036,130180,4766,12964,119676,107,19227,438,1,55502,0.0010000000000047748
66195000,-1622,16259,125509,-6224,9802,120600,146,19227,598,1,55503,0.000999999999990564
66196000,-2216,8409,126216,-9197,4537,123935,109,19237,446,1,55504,0.0010000000000047748
66197000,4532,4132,124688,3925,-917,126707,93,19228,381,0,55505,0.0010000000000047748
66198000,9414,-1593,122525,13085,-3322,123229,101,19228,381,0,55506,0.000999999999990564
66199000,10208,1876,123723,-1070,1569,122569,112,19232,414,0,55507,0.0010000000000047748
66200000,10542,-9810,125050,1841,-12617,129617,112,19224,459,0,55508,0.0010000000000047748
66201000,4603,1379,127542,13477,-1961,122777,119,19220,487,1,55509,0.000999999999990564
66202000,491,12580,129054,-3605,6256,128672,110,19227,451,1,55510,0.0010000000000047748
66203000,1595,6069,126579,-1752,5686,123623,98,19232,401,1,55511,0.0010000000000047748
66204000,6160,10083,127689,11593,-804,123429,115,19232,471,0,55512,0.000999999999990564
66205000,11213,-4206,125129,4611,-8469,130145,93,19222,471,0,55513,0.0010000000000047748
66206000,9429,-8763,128000,15465,-11745,129475,101,19231,381,0,55514,0.0010000000000047748
66207000,5876,-1895,128011,-914,12,126621,101,19227,414,1,55515,0.000999999999990564
66208000,2452,11624,130958,-8814,8307,125869,132,19228,541,1,55516,0.0010000000000047748
66209001,637,8379,129857,7569,3433,129840,111,19234,455,1,55517,0.00100100000000225
66210001,-122,-1862,128515,55,-12643,135117,97,19234,397,1,55518,0.000999999999990564
66211000,4269,-2509,130675,-7102,-17649,126030,151,19226,397,0,55519,0.0009990000000072996
66212000,10013,-11104,126175,19906,-2207,127633,105,19231,618,0,55520,0.0010000000000047748
66213000,5873,367,130609,2885,1222,129307,105,19230,430,0,55521,0.000999999999990564
66214000,1877,8582,130214,-18692,7291,123228,111,19219,455,1,55522,0.0010000000000047748
66215000,-1998,5741,132061,7066,-7778,136524,132,19231,541,1,55523,0.0010000000000047748
66216001,-9218,-1812,131874,-9695,-3369,127528,99,19231,405,1,55524,0.0010009999999880392
66217000,-4039,-2179,128301,-19000,-8851,128342,109,19233,405,0,55525,0.0009990000000072996
66218001,-274,-6151,129940,5777,-13211,135108,105,19224,446,0,55526,0.00100100000000225
66219000,3411,689,128696,2702,1275,121420,105,19229,430,0,55527,0.0009989999999930887
66220000,-4921,8968,129988,-22869,6946,124701,114,19229,467,0,55528,0.0010000000000047748
66221000,-6697,5139,130459,-10210,1667,130381,140,19228,573,1,55529,0.0010000000000047748
66222002,-5481,6494,130537,-8355,1228,136264,116,19233,475,1,55530,0.0010019999999997253
66223000,-7471,3267,131758,-8910,-1497,121799,98,19233,475,1,55531,0.0009979999999956135
66224000,-4100,8312,129973,-8671,-1337,122862,154,19229,401,0,55532,0.0010000000000047748
66225000,-5147,-3007,127761,-8922,-12540,135335,154,19232,631,0,55533,0.000999999999990564
66226000,-841,-2225,126019,-1510,3507,120881,104,19231,426,0,55534,0.0010000000000047748
66227000,-3404,7976,127435,-7710,3619,129726,107,19224,438,1,55535,0.0010000000000047748
66228000,-6414,12477,127592,-11764,16258,114561,129,19229,528,1,55536,0.000999999999990564
66229000,-4435,10224,127142,-8401,49,132623,108,19229,528,1,55537,0.0010000000000047748
66230000,-775,-6366,125722,-1364,-2575,130983,109,19235,442,1,55538,0.0010000000000047748
66231000,2100,7399,124257,-2539,208,122266,109,19223,446,0,55539,0.000999999999990564
66232000,412,-4219,124626,-6521,-7351,127241,89,19230,365,0,55540,0.0010000000000047748
66233000,1196,5498,125953,-3277,4079,120511,109,19230,446,0,55541,0.0010000000000047748
66234000,-140,6097,126447,95,2300,136564,128,19222,524,1,55542,0.000999999999990564
66235000,-6300,7170,125220,-4137,11245,115410,112,19222,524,1,55543,0.0010000000000047748
66236000,-1133,17266,126307,-6149,5999,122960,95,19232,459,1,55544,0.000999999999990564
66237000,5844,10601,125361,13731,-2022,125585,95,19230,389,0,55545,0.0010000000000047748
66238000,9527,-1261,121739,6707,-8278,124990,130,19231,532,0,55546,0.0010000000000047748
66239000,8279,-11117,126413,1431,-12923,131846,112,19226,459,0,55547,0.000999999999990564
66240000,4614,5717,126457,4210,6942,114918,113,19224,463,0,55548,0.0010000000000047748
66241000,5915,3571,128153,4462,-1645,134374,133,19224,463,1,55549,0.0010000000000047748
66242000,932,7658,128951,-1397,5722,121557,109,19229,545,1,55550,0.000999999999990564
66243000,7241,12067,125819,2393,-3530,127658,109,19230,446,1,55551,0.0010000000000047748
66244000,11337,1651,125962,8652,2201,123119,105,19222,430,0,55552,0.0010000000000047748
66245000,10204,432,128340,10782,-12503,127602,105,19232,430,0,55553,0.000999999999990564
66246001,10296,-7767,127974,12213,-14571,132555,104,19228,426,0,55554,0.00100100000000225
66247001,2682,1885,127731,-10517,4669,125011,117,19228,426,1,55555,0.0010000000000047748
66248002,3601,12093,134962,3447,14299,127322,112,19223,479,1,55556,0.00100100000000225
66249002,23,16332,129415,9660,8147,122683,112,19228,459,1,55557,0.000999999999990564
66250000,5346,-4995,127083,-10178,-13654,136669,101,19229,414,1,55558,0.0009980000000098244
66251000,10915,-10234,128487,3464,-12375,127400,133,19225,545,0,55559,0.000999999999990564
66252000,13484,-3800,129323,30029,-3050,126654,101,19227,414,0,55560,0.0010000000000047748
66253000,2683,-1277,130066,-12100,-5145,126928,103,19227,422,0,55561,0.0010000000000047748
66254000,1535,6838,133194,-24256,6188,125836,156,19226,422,1,55562,0.000999999999990564
66255004,-6860,9221,132157,16160,1348,130930,110,19226,639,1,55563,0.0010040000000088867
66256001,-7507,2138,130621,-8958,4,127668,110,19233,451,1,55564,0.0009969999999981383
66257000,-3885,-11402,130949,-24980,-21404,137706,100,19222,410,0,55565,0.0009989999999930887
66258000,5770,1668,130884,9585,411,118057,120,19231,491,0,55566,0.0010000000000047748
66259000,326,4367,128932,-2585,-5773,132663,108,19231,442,0,55567,0.0010000000000047748
66260000,-6005,-103,132365,-13522,3089,129088,121,19230,442,1,55568,0.000999999999990564
66261000,-8663,2104,128987,-12451,-1125,130829,110,19223,496,1,55569,0.0010000000000047748
66262000,-10411,4356,129738,-9341,12278,124166,110,19229,451,1,55570,0.0010000000000047748
66263000,-5078,14423,131160,-10183,5066,123985,100,19232,410,1,55571,0.000999999999990564
66264000,-964,-5583,126269,-5116,-13087,132922,124,19217,508,0,55572,0.0010000000000047748
66265001,-3460,-4575,125561,-7616,-2326,122805,94,19217,385,0,55573,0.00100100000000225
66266000,-421,2746,127641,-6876,4524,125268,103,19229,385,0,55574,0.0009989999999930887
66267000,-4003,10109,127422,-5980,8172,122125,146,19226,422,1,55575,0.0010000000000047748
66268002,-8804,9061,129011,-15621,-481,130297,146,19229,598,1,55576,0.0010019999999997253
66269000,-7972,-4113,128289,-1382,7696,122762,116,19230,475,1,55577,0.0009979999999956135
66270000,-1898,17916,128862,-1956,1209,121801,101,19228,414,0,55578,0.0010000000000047748
66271000,1032,-4183,123937,-5486,-10902,132171,112,19232,459,0,55579,0.0010000000000047748
66272000,3623,-9618,124136,1052,6568,124678,105,19232,459,0,55580,0.000999999999990564
66273000,855,2995,125057,-5573,4948,124660,115,19230,430,0,55581,0.0010000000000047748
66274000,-1859,12115,125454,-1445,16678,119864,115,19223,471,1,55582,0.0010000000000047748
66275000,-4773,10849,126659,-3919,-3771,130826,129,19229,528,1,55583,0.000999999999990564
66276001,2650,-567,125178,1446,3379,124136,100,19232,410,1,55584,0.00100100000000225
66277000,7068,9988,124934,8191,2589,120001,112,19228,459,0,55585,0.0009990000000072996
66278001,6474,406,125199,6613,-7124,125283,97,19228,459,0,55586,0.00100100000000225
66279002,9489,-4899,124371,10238,-8323,128437,111,19227,397,0,55587,0.0010009999999880392
66280000,1138,-5033,126478,-1617,-4701,127697,111,19228,455,1,55588,0.0009980000000098244
66281000,3635,8895,126630,-37,26646,117098,139,19228,569,1,55589,0.000999999999990564
66282000,3465,13262,127430,9844,4617,125254,115,19230,471,1,55590,0.0010000000000047748
66283000,10438,-4710,125710,4566,-8299,131777,96,19226,393,1,55591,0.0010000000000047748
66284000,10650,-484,124694,3572,-2898,121630,136,19226,393,0,55592,0.000999999999990564
66285000,10040,-531,129925,14493,-8496,130252,110,19229,557,0,55593,0.0010000000000047748
66286000,6036,-9034,127192,4703,-11695,130885,110,19222,451,0,55594,0.0010000000000047748
66287000,1156,-2308,130253,-9584,-5171,134415,114,19224,467,1,55595,0.000999999999990564
66288000,-664,11367,129795,8892,10680,120870,123,19228,504,1,55596,0.0010000000000047748
66289001,1182,20701,131436,1787,8776,120150,109,19230,446,1,55597,0.00100100000000225
66290000,4445,-2342,129468,-5945,-8242,134497,115,19230,446,0,55598,0.0009989999999930887
66291000,11196,-12974,125059,11932,-10775,128541,86,19220,471,0,55599,0.0010000000000047748
66292000,7134,-817,130328,11509,-4108,128653,86,19232,352,0,55600,0.0010000000000047748
66293000,2128,-1470,128166,-15729,2962,122340,101,19228,414,0,55601,0.000999999999990564
66294000,2856,6163,134208,-7700,3605,132845,127,19222,520,1,55602,0.0010000000000047748
66295000,-6082,-2430,132160,7818,-6002,132934,114,19229,467,1,55603,0.0010000000000047748
66296000,-6573,5579,130000,-14320,2240,122399,97,19229,397,1,55604,0.000999999999990564
66297000,124,-5042,130941,-13718,-11952,134089,146,19227,397,0,55605,0.0010000000000047748
66298000,-2325,-3057,128144,11212,-6280,127089,104,19235,598,0,55606,0.0010000000000047748
66299000,292,2731,130065,-9277,1541,129596,104,19228,426,0,55607,0.000999999999990564
66300000,-8268,3480,131597,-14489,-28,126851,111,19225,455,1,55608,0.0010000000000047748
66301002,-7991,6978,130076,-9105,5542,132603,133,19229,545,1,55609,0.0010019999999997253
66302000,-9588,6527,128709,-13743,3411,126664,110,19229,451,1,55610,0.0009979999999956135
66303000,-2914,9691,130407,-8426,5542,126037,105,19232,451,1,55611,0.0010000000000047748
66304000,-2777,-7125,126765,-3914,-7065,133041,126,19220,430,0,55612,0.0010000000000047748
66305000,-5001,-294,127280,-7842,-2458,123145,126,19230,516,0,55613,0.000999999999990564
66306001,-251,942,127282,-8379,5409,125567,100,19231,410,0,55614,0.00100100000000225
66307000,-6566,12769,129864,-8248,5748,126497,123,19223,504,1,55615,0.0009990000000072996
66308000,-7416,4797,125897,-5239,2874,127237,117,19223,479,1,55616,0.000999999999990564
66309000,-10791,14294,127182,-13700,6057,121050,102,19229,479,1,55617,0.0010000000000047748
66310000,-8,7098,125810,2066,-3344,126830,138,19228,418,0,55618,0.0010000000000047748
66311001,1722,-1354,125127,5569,-5414,126854,138,19233,565,0,55619,0.0010009999999880392
66312000,2179,-4552,123980,-10282,-10899,129757,112,19227,459,0,55620,0.0009990000000072996
66313000,1338,1447,124754,-4961,11569,118486,111,19223,455,0,55621,0.0010000000000047748
66314000,-2470,17810,127736,326,11793,125552,154,19225,631,1,55622,0.000999999999990564
66315000,1492,3789,125107,-1940,3854,124135,111,19225,631,1,55623,0.0010000000000047748
66316000,1397,9482,125743,-8279,2407,124381,97,19238,455,1,55624,0.0010000000000047748
66317000,6658,2070,124475,14939,-2676,123032,97,19224,397,0,55625,0.000999999999990564
66318000,10472,4473,125743,17368,-5580,122326,94,19226,385,0,55626,0.0010000000000047748
66319001,3668,-5787,126847,-4989,-15444,138121,117,19230,479,0,55627,0.00100100000000225
66320002,3860,-1398,127174,-1243,3803,118850,125,19221,512,1,55628,0.00100100000000225
66321001,1090,11585,128764,11747,10626,127316,112,19221,512,1,55629,0.0009989999999930887
66322001,4331,9151,127277,5358,1993,124774,98,19226,459,1,55630,0.0010000000000047748
66323002,7281,-1056,124820,739,-8518,127965,98,19232,401,0,55631,0.00100100000000225
66324000,12564,1284,126876,6192,-462,125316,126,19228,516,0,55632,0.0009979999999956135
66325000,13936,1440,125357,9991,-9959,128465,99,19231,405,0,55633,0.0010000000000047748
66326000,5848,-9496,127207,793,-2676,131444,101,19225,414,0,55634,0.000999999999990564
66327000,3507,2166,131184,-261,-5174,129276,136,19225,414,1,55635,0.0010000000000047748
66328000,-2593,8885,128485,71,9223,135161,107,19229,557,1,55636,0.0010000000000047748
66329000,3616,13089,129296,1912,8207,115776,107,19228,438,1,55637,0.000999999999990564
66330000,7507,-1558,128329,1458,-16351,134305,99,19225,405,0,55638,0.0010000000000047748
66331000,9130,-12770,127664,12127,-10404,128865,123,19232,504,0,55639,0.0010000000000047748
66332000,6024,-3612,131771,8988,-14120,135527,107,19229,438,0,55640,0.000999999999990564
66333000,-1854,-889,130414,-16428,7492,124938,113,19229,438,1,55641,0.0010000000000047748
66334000,-1319,19315,134483,-12450,9674,123003,114,19223,463,1,55642,0.0010000000000047748
66335002,-6410,-3446,130701,8690,-5491,136399,114,19230,467,1,55643,0.0010019999999997253
66336000,-4119,-818,130731,-10250,-12110,123800,99,19231,405,1,55644,0.0009979999999956135
66337000,156,-7772,128358,-16181,-13629,134863,122,19227,500,0,55645,0.0010000000000047748
66338000,1870,7066,131551,7809,5142,120314,104,19226,426,0,55646,0.000999999999990564
66339001,-2475,-1226,128788,-4510,-5926,129880,112,19226,459,0,55647,0.00100100000000225
66340000,-9232,-3210,133293,-22905,-4986,138866,147,19226,459,1,55648,0.0009990000000072996
66341000,-9891,6042,128608,-12155,7295,123042,114,19229,602,1,55649,0.000999999999990564
66342000,-10153,10954,131552,-2417,6965,131457,114,19231,467,1,55650,0.0010000000000047748
66343000,-567,10283,127526,-9946,5260,119582,100,19224,410,0,55651,0.0010000000000047748
66344001,-3375,-6839,125525,-10798,-15006,138511,171,19227,700,0,55652,0.0010009999999880392
66345000,-2893,1145,126546,-5496,3811,118570,113,19227,463,0,55653,0.0009990000000072996
66346000,-1112,12190,128229,-6772,7506,122518,117,19228,463,0,55654,0.0010000000000047748
66347000,-5683,3547,128808,-11579,-31,124878,125,19219,479,1,55655,0.000999999999990564
66348000,-4933,6080,127393,-11637,2083,126006,125,19224,512,1,55656,0.0010000000000047748
66349001,-4848,5175,128798,-5420,-24,124346,107,19229,438,1,55657,0.00100100000000225
66350001,895,8525,125322,777,3354,121045,119,19226,487,0,55658,0.000999999999990564
66351000,-2498,-1855,125832,-10264,-8245,139397,93,19226,381,0,55659,0.0009990000000072996
66352000,3450,-3135,126113,-4365,-219,116092,107,19231,381,0,55660,0.0010000000000047748
66353000,-2470,12716,127026,2032,3017,127990,134,19230,438,1,55661,0.000999999999990564
66354000,-4088,14496,127417,-2443,1793,120160,134,19220,549,1,55662,0.0010000000000047748
66355000,-1741,10538,123517,-6349,8791,121725,112,19232,459,1,55663,0.0010000000000047748
66356000,8367,9546,125604,5690,-235,128510,93,19229,381,0,55664,0.000999999999990564
66357000,12294,5311,122015,11413,-116,113580,118,19232,483,0,55665,0.0010000000000047748
66358000,13644,-5311,123536,3874,-15490,136364,116,19232,483,0,55666,0.0010000000000047748
66359000,6128,-13651,125325,2673,-5574,124435,117,19226,475,0,55667,0.000999999999990564
66360000,3484,1625,126536,4179,6165,125912,117,19223,479,1,55668,0.0010000000000047748
66361000,3767,11303,128763,-1775,12230,121045,127,19228,520,1,55669,0.000999999999990564
66362000,2821,18698,127161,433,2335,120032,105,19231,430,1,55670,0.0010000000000047748
66363023,7909,-2238,125447,15964,-7935,131715,107,19226,438,0,55671,0.0010230000000035488
66364000,12538,-1640,127956,7150,-7947,123157,86,19226,438,0,55672,0.00097699999999179
66365000,10719,-8863,128079,7203,-16499,136663,105,19234,352,0,55673,0.0010000000000047748
66366000,3333,-2996,129686,2616,4464,123172,105,19231,430,0,55674,0.0010000000000047748
66367001,648,11306,130849,-7351,4054,130842,125,19225,512,1,55675,0.00100100000000225
66368000,-48,6732,130023,1716,11252,128331,109,19227,446,1,55676,0.0009989999999930887
66369000,-36,6543,129385,2414,-2845,123789,96,19230,393,1,55677,0.0010000000000047748
66370000,13351,-9692,126362,7058,-19382,136984,149,19230,393,0,55678,0.000999999999990564
66371000,6532,-2594,129504,13799,-5714,121286,106,19232,610,0,55679,0.0010000000000047748
66372000,7737,-4411,128552,-3516,-8529,134576,106,19232,434,0,55680,0.0010000000000047748
66373000,379,2699,132631,-9921,15405,122918,107,19225,438,1,55681,0.000999999999990564
66374000,-7545,8966,132721,-4803,-3983,131293,145,19229,594,1,55682,0.0010000000000047748
66375002,-6290,3420,127581,-287,5684,125031,104,19234,426,1,55683,0.0010019999999997253
66376000,-3117,-4657,129566,-18106,-9286,130019,102,19234,426,0,55684,0.0009979999999956135
66377000,4769,-8814,129938,3636,-4165,133543,114,19224,418,0,55685,0.0010000000000047748
66378000,4803,5246,128857,3290,2915,120210,114,19232,467,0,55686,0.0010000000000047748
66379000,-6221,1134,131274,-17277,1419,130783,115,19228,471,0,55687,0.000999999999990564
66380001,-7742,1680,130589,-18544,-605,132564,127,19220,520,1,55688,0.00100100000000225
66381001,-10375,1379,129891,-6176,3664,127683,114,19228,467,1,55689,0.0010000000000047748
66382000,-9437,14493,132871,-8814,10865,126539,102,19228,467,1,55690,0.0009989999999930887
66383001,-3011,5634,128290,-10571,-3535,121125,136,19230,418,0,55691,0.00100100000000225
66384000,-2768,-8426,128702,-2505,-12032,135350,136,19223,557,0,55692,0.0009990000000072996
66385000,152,-5639,126111,-5821,-5304,126657,101,19232,414,0,55693,0.000999999999990564
66386000,-4087,11506,128475,-9422,9317,120885,105,19228,430,1,55694,0.0010000000000047748
66387000,-6335,22336,128261,-5801,19631,122053,137,19225,561,1,55695,0.0010000000000047748
66388000,-7069,-2132,124986,-12852,-4018,130306,113,19225,463,1,55696,0.000999999999990564
66389000,-785,-4504,127436,-6655,-1614,131924,104,19233,463,1,55697,0.0010000000000047748
66390000,1532,4391,124894,5381,1279,116893,97,19223,426,0,55698,0.0010000000000047748
66391000,2203,5639,125128,-3323,-1329,124354,97,19231,397,0,55699,0.000999999999990564
66392000,2321,1892,125122,-6967,-4897,128365,108,19227,442,0,55700,0.0010000000000047748
66393000,-2013,3206,125768,508,2757,127064,118,19222,483,1,55701,0.0010000000000047748
66394000,-3211,14178,127889,-2886,10792,118549,109,19222,446,1,55702,0.000999999999990564
66395000,-2174,13324,127219,-4376,6469,128206,100,19230,446,1,55703,0.0010000000000047748
66396002,7802,4984,123992,5162,-2692,127747,123,19237,410,0,55704,0.0010019999999997253
66397000,9187,-1399,124634,8925,-6519,124229,123,19231,504,0,55705,0.0009979999999956135
66398000,8691,-7664,123714,5518,-2662,123499,105,19228,430,0,55706,0.0010000000000047748
66399000,2657,8743,125312,4159,1185,124636,112,19228,459,0,55707,0.0010000000000047748
66400000,4759,796,126599,-3182,-745,132960,145,19228,594,1,55708,0.000999999999990564
66401002,4923,8347,128811,7533,7305,120328,113,19227,594,1,55709,0.0010019999999997253
66402000,7319,9925,125529,8071,-2211,123915,98,19228,463,1,55710,0.0009980000000098244
66403000,10635,1341,124926,2708,-1845,124236,98,19225,401,0,55711,0.000999999999990564
66404002,10911,-4849,127363,12602,-13493,136104,118,19232,483,0,55712,0.0010019999999997253
66405000,8749,-9111,126154,10053,-9640,129877,101,19228,414,0,55713,0.0009980000000098244
66406000,590,6787,130636,-7965,1685,122213,111,19223,455,1,55714,0.000999999999990564
66407000,1344,11454,131322,-733,1312,126692,112,19223,455,1,55715,0.0010000000000047748
66408000,2356,8953,128476,9087,6482,126968,104,19227,459,1,55716,0.0010000000000047748
66409001,6136,1959,129993,-4388,-8262,131305,104,19232,426,1,55717,0.00100100000000225
66410000,10265,-10046,127287,-3571,-4313,119668,120,19223,491,0,55718,0.0009989999999930887
66411000,8427,3203,132530,22763,-8763,131909,94,19230,385,0,55719,0.0010000000000047748
66412001,4092,-10334,128657,-6854,-18931,138171,104,19229,426,0,55720,0.00100100000000225
66413000,-1803,-144,132221,-23516,7825,125126,137,19229,426,1,55721,0.0009989999999930887
66414000,-5432,15062,135435,9078,6217,127278,110,19224,561,1,55722,0.0010000000000047748
66415000,-6144,8309,130033,-1846,3007,123664,110,19231,451,1,55723,0.000999999999990564
66416000,457,-3828,129304,-21345,-16297,137910,96,19228,393,0,55724,0.0010000000000047748
66417000,-2465,-15554,127107,6286,-15535,133580,134,19231,549,0,55725,0.0010000000000047748
66418000,2286,4149,129075,619,9868,118267,108,19227,442,0,55726,0.000999999999990564
66419000,-6250,15291,134322,-21933,7118,128924,116,19227,442,0,55727,0.0010000000000047748
66420000,-5854,-2918,129711,-11652,-5573,134344,128,19221,475,1,55728,0.0010000000000047748
66421000,-8285,-2699,129342,-6329,-3898,133121,128,19230,524,1,55729,0.000999999999990564
66422000,-6683,11270,128578,-18555,25173,120785,105,19232,430,1,55730,0.0010000000000047748
66423000,-1028,12008,129454,-1745,-686,120480,110,19216,451,0,55731,0.0010000000000047748
66424000,-6060,-9799,124811,-4067,-19014,139513,102,19227,418,0,55732,0.000999999999990564
66425000,-1470,-7015,126108,-10848,-4237,126564,105,19227,418,0,55733,0.0010000000000047748
66426000,-5370,12825,130755,-4085,7241,120652,131,19229,430,1,55734,0.0010000000000047748
66427000,-6137,10543,127974,-7684,7014,126399,131,19227,537,1,55735,0.000999999999990564
66428000,-8911,10512,128775,-17501,7034,122912,116,19233,475,1,55736,0.0010000000000047748
66429000,-2612,6437,126373,-3199,4362,129387,97,19229,397,0,55737,0.0010000000000047748
66430000,2023,-1185,124896,5278,-6553,124230,128,19232,524,0,55738,0.000999999999990564
66431000,2352,-7862,124523,-8081,-10526,130384,106,19232,434,0,55739,0.0010000000000047748
66432001,1899,-1519,125847,-7120,1825,123494,110,19222,434,0,55740,0.00100100000000225
66433000,-2229,14308,126872,1609,8060,122646,147,19227,451,1,55741,0.0009989999999930887
66434000,-4036,6708,126611,-7558,5130,134269,147,19229,602,1,55742,0.0010000000000047748
66435000,2984,7323,123221,-18,7668,113394,104,19237,426,1,55743,0.0010000000000047748
66436003,4478,8775,124296,7572,3937,127389,102,19235,418,0,55744,0.0010029999999972006
66437002,9149,3020,122996,3469,-4928,122719,87,19235,356,0,55745,0.0009989999999930887
66438000,10447,-9870,123763,12280,-16824,131384,112,19230,356,0,55746,0.0009980000000098244
66439000,2392,-2095,127953,4132,-2982,124356,129,19226,459,1,55747,0.000999999999990564
66440000,3363,6027,127944,-6025,7821,126838,129,19223,528,1,55748,0.0010000000000047748
66441000,3015,8370,129316,9512,4550,127541,113,19231,463,1,55749,0.0010000000000047748
66442000,3794,6202,124879,5579,866,122484,96,19229,393,1,55750,0.000999999999990564
66443000,10838,-496,125234,-8145,-1267,119719,139,19229,569,0,55751,0.0010000000000047748
66444000,11332,-3287,128609,22424,-10472,135205,100,19230,569,0,55752,0.0010000000000047748
66445001,6693,-22215,124486,12573,-6877,134731,104,19230,410,0,55753,0.0010009999999880392
66446000,3031,4650,132388,-15879,4655,124119,104,19220,426,1,55754,0.0009990000000072996
66447000,-1407,8523,131131,5127,7950,126017,130,19233,532,1,55755,0.0010000000000047748
66448000,-1909,14807,130836,6089,10043,121668,111,19229,455,1,55756,0.000999999999990564
66449000,1841,2996,130014,-10791,-19972,138729,107,19226,438,0,55757,0.0010000000000047748
66450000,12628,-17931,123648,21069,-11389,126758,117,19226,438,0,55758,0.0010000000000047748
66451000,9094,1174,129388,9398,-2353,127322,104,19231,479,0,55759,0.000999999999990564
66452000,3055,-5559,129044,-22082,7804,127831,104,19229,426,0,55760,0.0010000000000047748
66453000,3105,12368,134663,-357,2012,130667,118,19220,483,1,55761,0.0010000000000047748
66454000,-8711,-273,131978,5633,-11064,137660,113,19233,463,1,55762,0.000999999999990564
66455000,-9116,-1511,128559,-20581,1128,118546,99,19231,405,1,55763,0.0010000000000047748
66456000,-1975,1359,130641,-9171,-9680,133777,129,19231,405,0,55764,0.0010000000000047748
66457000,1496,-5843,128235,15715,-4535,132876,102,19229,528,0,55765,0.000999999999990564
66458000,3357,3813,130819,-10801,-1895,124044,102,19228,418,0,55766,0.0010000000000047748
66459002,-7657,5100,132400,-21793,1106,129803,109,19225,446,1,55767,0.0010019999999997253
66460000,-8137,6778,131197,-4205,2266,129057,158,19227,647,1,55768,0.0009979999999956135
66461000,-9779,4060,129396,-6862,-1249,132627,114,19229,467,1,55769,0.0010000000000047748
66462000,-1915,12759,130323,-14267,5498,119617,100,19229,467,1,55770,0.0010000000000047748
66463000,-3537,3971,126772,-11515,-8093,128957,154,19228,410,0,55771,0.000999999999990564
66464000,300,-4245,126696,-2466,-3917,127389,154,19232,631,0,55772,0.0010000000000047748
66465000,145,4732,128107,-2480,42,125662,103,19230,422,0,55773,0.0010000000000047748
66466000,-6507,3409,126045,-11632,2168,128709,114,19224,467,1,55774,0.000999999999990564
66467000,-8086,11522,129271,-14531,10623,119701,111,19228,455,1,55775,0.0010000000000047748
66468000,-5805,8823,128560,-10178,-2731,130262,105,19228,455,1,55776,0.0010000000000047748
66469000,2704,9795,125875,14508,6657,121813,123,19232,430,0,55777,0.000999999999990564
66470000,-3577,1643,123433,-12259,-9566,122400,123,19228,504,0,55778,0.0010000000000047748
66471003,4987,-3210,124933,-7793,-1031,128045,105,19226,430,0,55779,0.0010029999999972006
66472002,2195,8027,126633,9489,5557,124047,113,19225,463,0,55780,0.0009990000000072996
66473000,-2281,4092,125812,-4008,7648,126612,144,19222,590,1,55781,0.0009979999999956135
66474000,-4308,15274,125385,-9802,9692,119541,115,19222,471,1,55782,0.0010000000000047748
66475000,2226,5545,124072,2152,322,127988,94,19232,471,1,55783,0.000999999999990564
66476000,15403,5435,125626,16486,2499,121314,110,19228,385,0,55784,0.0010000000000047748
66477000,5874,-3109,125300,8651,-14416,127048,110,19233,451,0,55785,0.0010000000000047748
66478000,7017,-5350,125514,-3125,-11649,127585,113,19227,463,0,55786,0.000999999999990564
66479000,2163,6040,128279,9211,-2416,124403,116,19223,475,1,55787,0.0010000000000047748
66480000,833,13423,130027,-526,7138,126521,119,19223,487,1,55788,0.0010000000000047748
66481000,4129,19603,126678,70,18526,115446,102,19224,487,1,55789,0.000999999999990564
66482000,6903,2467,125926,5056,-863,128689,113,19233,418,1,55790,0.0010000000000047748
66483000,18676,-4623,125971,13296,-7681,128445,113,19218,463,0,55791,0.0010000000000047748
66484000,7894,-3900,126551,15038,-7631,125044,90,19237,369,0,55792,0.000999999999990564
66485001,6508,-6439,128821,-4955,-4374,130759,104,19226,426,0,55793,0.00100100000000225
66486000,4682,1543,129512,-3808,-3251,128804,128,19226,524,1,55794,0.0009989999999930887
66487000,-1197,10899,130625,11167,8483,129708,110,19229,524,1,55795,0.0010000000000047748
66488000,540,10392,131119,-6121,2942,122635,97,19228,451,1,55796,0.0010000000000047748
66489000,5446,-3174,128100,-746,-10465,134619,97,19228,397,0,55797,0.000999999999990564
66490000,14403,-10969,129508,14730,-16461,131474,158,19233,647,0,55798,0.0010000000000047748
66491000,5109,-4755,129169,14076,-8225,129406,112,19227,459,0,55799,0.0010000000000047748
66492000,-1265,-5926,131139,-19387,14828,123196,109,19224,446,0,55800,0.000999999999990564
66493000,-2999,21970,133061,-12187,6745,125018,132,19224,446,1,55801,0.0010000000000047748
66494000,-7758,3243,131317,5839,-14548,142097,103,19229,541,1,55802,0.0010000000000047748
66495003,-2488,-10635,129472,-13457,-9382,129461,103,19231,422,1,55803,0.0010029999999972006
66496000,-1858,-8873,129973,-8388,-8730,127018,109,19222,446,0,55804,0.0009969999999981383
66497002,3472,8664,129920,4111,10483,119339,87,19233,356,0,55805,0.0010019999999997253
66498000,-2061,3404,129814,-8618,-520,131360,106,19228,434,0,55806,0.0009979999999956135
66499000,-5227,-876,130515,-18610,-6001,133919,127,19228,434,1,55807,0.0010000000000047748
66500000,-11576,4963,128246,-10675,8970,121002,113,19222,520,1,55808,0.0010000000000047748
66501000,-9372,11579,130933,-8347,7884,128893,113,19229,463,1,55809,0.000999999999990564
66502003,1108,6939,129580,-4195,-3823,127220,101,19235,414,1,55810,0.0010030000000114114
66503002,-3932,-9015,124757,-10645,-13994,134376,145,19226,594,0,55811,0.0009989999999930887
66504000,-997,-7617,126700,-8604,13288,114469,101,19228,414,0,55812,0.0009979999999956135
66505000,-3947,18250,128729,-4924,3032,124977,102,19228,414,0,55813,0.0010000000000047748
66506000,-2992,1831,127535,-6668,2212,133773,132,19225,418,1,55814,0.0010000000000047748
66507000,-8195,145,127373,-16065,341,127526,132,19227,541,1,55815,0.000999999999990564
66508003,-6196,6975,128960,-6454,6262,125026,113,19233,463,1,55816,0.0010030000000114114
66509000,848,12199,126910,3836,4246,119540,108,19222,442,0,55817,0.0009969999999981383
66510000,-1192,-7308,124048,-5483,-15865,135935,90,19233,369,0,55818,0.000999999999990564
66511019,1767,-3660,123467,450,1466,122275,108,19233,369,0,55819,0.001018999999999437
66512000,-3393,15363,125783,-6684,14608,117936,119,19230,442,0,55820,0.0009810000000101127
66513000,795,17201,128809,-5759,12738,120098,119,19220,487,1,55821,0.000999999999990564
66514000,-707,6129,126230,-60,-3046,129380,107,19231,438,1,55822,0.0010000000000047748
66515000,5383,-3835,123488,-1586,-3072,129225,96,19231,393,1,55823,0.0010000000000047748
66516000,9944,8697,122636,8839,15563,112215,127,19231,520,0,55824,0.000999999999990564
66517000,10713,1642,123889,6915,-7269,127678,117,19231,520,0,55825,0.0010000000000047748
66518000,6189,-6767,123764,-426,-10456,127012,117,19226,479,0,55826,0.0010000000000047748
66519000,4220,2279,128915,5501,407,128883,117,19224,479,1,55827,0.000999999999990564
66520001,2080,7611,130125,4006,7307,122427,140,19229,573,1,55828,0.00100100000000225
66521000,1976,10847,128167,1701,1853,124782,110,19229,451,1,55829,0.0009990000000072996
66522003,7891,-2011,126256,8214,-9667,130536,100,19224,410,0,55830,0.0010029999999972006
66523000,11423,-3,126016,6835,-176,123316,116,19224,475,0,55831,0.0009969999999981383
66524000,8773,502,128324,9529,-5880,130397,101,19230,475,0,55832,0.0010000000000047748
66525000,6635,-762,128144,-1914,-521,123949,109,19228,414,0,55833,0.000999999999990564
66526000,3733,5216,131142,-2790,1805,130942,109,19225,446,1,55834,0.0010000000000047748
66527000,507,8161,129095,7234,5145,126447,107,19229,438,1,55835,0.0010000000000047748
66528000,1219,12103,129126,-7913,7033,127508,100,19230,410,1,55836,0.000999999999990564
66529000,7828,-7160,127818,1124,-9683,130849,126,19230,516,0,55837,0.0010000000000047748
66530000,7884,-11124,127429,14464,-9988,128945,98,19226,516,0,55838,0.0010000000000047748
66531000,8583,3404,130406,3537,-3586,129970,101,19230,401,0,55839,0.000999999999990564
66532000,463,-2199,130829,-9334,-4711,128342,101,19227,414,1,55840,0.0010000000000047748
66533000,-728,12521,135464,-5154,6373,129086,141,19229,577,1,55841,0.0010000000000047748
66534000,-7907,1923,131024,-502,-1082,133031,109,19232,446,1,55842,0.000999999999990564
66535000,-5555,-6143,130632,-11918,-13044,131911,98,19232,401,1,55843,0.0010000000000047748
66536002,-663,-6867,128827,-5892,-11826,131650,117,19227,401,0,55844,0.0010019999999997253
66537000,789,-1467,129328,1970,-5006,121443,108,19229,479,0,55845,0.0009979999999956135
66538000,-3345,11037,131668,-7123,8423,128785,108,19229,442,0,55846,0.0010000000000047748
66539000,-6587,-7730,129568,-15500,2714,141199,116,19225,475,1,55847,0.0010000000000047748
66540000,-9833,8376,133842,-12506,5012,117929,109,19232,446,1,55848,0.000999999999990564
66541003,-11124,5668,128073,-7454,7125,130611,100,19232,410,1,55849,0.0010030000000114114
66542002,-4600,6753,130032,-9131,2165,126319,121,19232,410,0,55850,0.0009989999999930887
66543000,-3506,-5848,125775,-5827,-13818,132750,95,19219,496,0,55851,0.0009979999999956135
66544000,-1626,-6476,123827,-4519,-1599,126759,95,19231,389,0,55852,0.0010000000000047748
66545000,-656,14382,129891,-9964,15033,113795,105,19223,430,0,55853,0.0010000000000047748
66546000,-4357,11531,127088,-4236,422,132605,136,19226,557,1,55854,0.000999999999990564
66547000,-4767,-153,125820,-14856,-1245,126842,115,19232,471,1,55855,0.0010000000000047748
66548000,-5709,8877,126676,-8682,6722,123962,101,19232,471,1,55856,0.0010000000000047748
66549000,145,5511,125206,5464,3541,121772,125,19227,414,0,55857,0.000999999999990564
66550000,928,130,124795,-1747,-9504,125496,125,19231,512,0,55858,0.0010000000000047748
66551000,139,-10119,123228,-10632,-905,144892,108,19227,442,0,55859,0.0010000000000047748
66552000,937,1489,126461,1242,10373,108348,111,19223,455,1,55860,0.000999999999990564
66553000,-4172,20883,129546,2921,12971,125588,137,19230,561,1,55861,0.0010000000000047748
66554000,-1683,11396,126814,-7031,-1767,125177,104,19230,561,1,55862,0.0010000000000047748
66555001,2157,2608,124381,5707,-1945,126600,109,19232,426,0,55863,0.0010009999999880392
66556000,7661,-2057,124163,7298,-8130,127542,109,19227,446,0,55864,0.0009990000000072996
66557002,8564,3780,124763,5631,3543,115465,106,19227,434,0,55865,0.0010019999999997253
66558000,7156,-62,126482,1893,-8786,134501,119,19227,487,0,55866,0.0009979999999956135
66559000,6785,-3048,126163,5754,-3297,125677,138,19224,565,1,55867,0.0010000000000047748
66560000,1737,9517,125533,-963,15539,126157,115,19224,565,1,55868,0.0010000000000047748
66561000,7233,5481,126737,5616,3012,124966,98,19229,471,1,55869,0.000999999999990564
66562000,10409,3468,124010,7802,-5805,121622,98,19226,401,0,55870,0.0010000000000047748
66563000,10098,-64,127333,4829,-12605,135893,150,19234,614,0,55871,0.0010000000000047748
66564000,8399,-9957,126199,10804,-9861,124626,101,19228,414,0,55872,0.000999999999990564
66565000,4926,2475,131042,-167,-2033,132863,106,19224,434,1,55873,0.0010000000000047748
66566000,825,4921,130810,-1010,1505,129600,126,19224,516,1,55874,0.0010000000000047748
66567000,251,11374,128619,575,7713,123472,107,19229,516,1,55875,0.000999999999990564
66568000,4686,5647,129559,-3007,-52,128761,107,19227,438,1,55876,0.0010000000000047748
66569000,10049,-8610,126043,5799,-7555,127107,107,19228,438,0,55877,0.0010000000000047748
66570000,10721,-7977,129910,17826,-7914,131740,96,19231,393,0,55878,0.000999999999990564
66571000,3351,-7472,128587,-3573,-13790,134205,106,19228,434,0,55879,0.0010000000000047748
66572000,-1668,7336,131258,-14627,5860,124203,125,19228,512,1,55880,0.0010000000000047748
66573000,-4697,6821,133865,-1129,1296,132927,113,19221,512,1,55881,0.000999999999990564
66574000,-7792,1442,129439,-1113,-3295,127523,95,19229,463,1,55882,0.0010000000000047748
66575000,2631,3166,130777,-12386,-2830,128588,95,19230,389,0,55883,0.0010000000000047748
66576002,649,-3408,126718,-8162,-3051,127901,136,19227,557,0,55884,0.0010019999999997253
66577002,5988,6671,130972,8917,2134,124800,106,19228,434,0,55885,0.000999999999990564
66578000,-3931,-2886,129483,-9401,-7598,132043,112,19228,459,0,55886,0.0009980000000098244
66579000,-9835,35,131200,-20033,-791,126477,141,19223,459,1,55887,0.000999999999990564
66580000,-9056,7998,133759,-12802,3302,131192,110,19223,577,1,55888,0.0010000000000047748
66581000,-6803,9431,129029,-4178,6739,123972,110,19230,451,1,55889,0.0010000000000047748
66582002,-3341,4861,129757,-7847,-1777,133897,104,19217,426,0,55890,0.0010019999999997253
66583000,-5135,-11028,124687,-10564,-14663,124440,132,19235,541,0,55891,0.0009979999999956135
66584000,-363,1313,128167,-4116,-1598,127094,105,19229,430,0,55892,0.0010000000000047748
66585000,-4355,9902,130093,-6543,5483,123325,119,19229,430,1,55893,0.000999999999990564
66586000,-8562,-735,127394,-14206,12241,125934,114,19222,487,1,55894,0.0010000000000047748
66587000,-6986,17179,128333,-12763,-6897,124554,114,19230,467,1,55895,0.0010000000000047748
66588000,-2196,3612,122793,-9914,899,125685,101,19230,414,1,55896,0.000999999999990564
66589000,4976,5477,127135,8441,-1876,125722,131,19232,537,0,55897,0.0010000000000047748
66590000,2400,-2129,123026,-10822,-3559,118339,105,19234,430,0,55898,0.0010000000000047748
66591000,4201,5332,124653,-7638,1782,130481,111,19234,430,0,55899,0.000999999999990564
66592000,-1604,884,126210,6161,1001,126314,155,19227,455,1,55900,0.0010000000000047748
66593000,-2222,8828,125413,-4647,13912,120774,155,19226,635,1,55901,0.0010000000000047748
66594000,-1971,15821,126297,-7976,7065,121967,109,19231,446,1,55902,0.000999999999990564
66595000,4902,6518,124083,14126,-1688,123991,97,19226,397,0,55903,0.0010000000000047748
66596000,11741,1755,123987,11168,-10088,125405,95,19229,389,0,55904,0.0010000000000047748
66597000,6270,-10643,126097,-822,-6390,123843,112,19229,389,0,55905,0.000999999999990564
66598000,7047,-2416,129147,10438,4903,124561,119,19228,459,0,55906,0.0010000000000047748
66599003,2378,4545,127077,797,3808,124921,119,19222,487,1,55907,0.0010029999999972006
66600000,2480,6688,129518,-3611,910,131000,108,19227,442,1,55908,0.0009969999999981383
66601000,5378,2356,125653,9119,835,124545,99,19233,405,1,55909,0.0010000000000047748
66602000,8180,6161,127227,5222,3052,121134,118,19222,483,0,55910,0.0010000000000047748
66603000,11499,-941,126674,8692,-10578,132611,96,19222,483,0,55911,0.000999999999990564
66604000,7804,-15396,124382,11134,-20566,131991,102,19231,393,0,55912,0.0010000000000047748
66605000,6191,1309,129163,-834,438,123402,102,19229,418,1,55913,0.0010000000000047748
66606000,-614,22579,132719,-5194,16899,120625,136,19226,557,1,55914,0.000999999999990564
66607012,962,13713,132310,3318,1613,129316,113,19232,463,1,55915,0.0010120000000028995
66608000,3230,-5496,129034,2468,-10232,131643,100,19224,410,1,55916,0.0009879999999924394
66609001,8466,-12741,126707,2008,-24473,133582,143,19224,586,0,55917,0.00100100000000225
66610001,10540,-4809,127644,19301,2338,122264,105,19231,586,0,55918,0.0010000000000047748
66611002,6027,3511,129811,-16798,3564,128122,105,19230,430,0,55919,0.00100100000000225
66612000,6126,5798,133419,-6766,4870,126900,112,19220,459,1,55920,0.0009979999999956135
66613000,-6210,10759,132570,6033,290,127754,125,19227,512,1,55921,0.0010000000000047748
66614000,-10000,-1962,132132,-12440,-11266,131055,101,19232,414,1,55922,0.000999999999990564
66615000,-3931,-7873,129118,-13824,-16843,133365,112,19232,459,0,55923,0.0010000000000047748
66616000,1781,-1858,131396,1255,-4093,128760,101,19222,459,0,55924,0.0010000000000047748
66617002,-541,3880,130431,2460,2218,124572,113,19229,414,0,55925,0.0010019999999997253
66618000,-5077,6298,130970,-18868,1,126900,113,19228,463,1,55926,0.0009979999999956135
66619000,-9212,3218,131158,-11942,-2482,129555,143,19225,586,1,55927,0.0010000000000047748
66620000,-6068,9262,130497,-4923,7625,128776,118,19230,483,1,55928,0.000999999999990564
66621000,-7247,12721,130340,-7670,5603,125626,99,19230,405,1,55929,0.0010000000000047748
66622000,-2177,2053,125680,-13417,-3058,125779,154,19229,405,0,55930,0.0010000000000047748
66623002,-1615,-8445,124741,-5443,-5945,131076,101,19231,631,0,55931,0.0010019999999997253
66624000,379,-1149,126890,-149,-762,126591,101,19234,414,0,55932,0.0009979999999956135
66625000,-2340,15641,127979,-9458,12424,120741,105,19224,430,1,55933,0.0010000000000047748
66626000,-9000,12394,127974,-15699,6871,123858,134,19227,549,1,55934,0.000999999999990564
66627000,-4295,2656,129611,-7777,-1745,129388,109,19231,446,1,55935,0.0010000000000047748
66628000,-2160,-422,126708,2251,-4603,128148,109,19231,446,0,55936,0.0010000000000047748
66629004,496,644,126069,-3146,-2286,121674,87,19219,446,0,55937,0.0010039999999946758
66630001,296,4269,125051,-6430,-756,126772,87,19230,356,0,55938,0.0009969999999981383
66631000,881,5446,125551,-4926,3655,125529,106,19226,434,0,55939,0.0009990000000072996
66632001,-731,12814,126960,310,7779,117555,129,19222,528,1,55940,0.00100100000000225
66633000,-4716,157,123756,-5534,12571,127820,113,19229,463,1,55941,0.0009989999999930887
66634000,3807,14191,127288,-2544,4636,119164,94,19229,463,1,55942,0.0010000000000047748
66635000,8300,1047,121347,10659,-9363,129278,126,19230,385,0,55943,0.000999999999990564
66636001,8345,-4089,125117,5382,-7210,125851,126,19230,516,0,55944,0.00100100000000225
66637000,7433,-3648,125065,6117,-8194,125272,116,19227,475,0,55945,0.0009990000000072996
66638000,4456,2399,125662,2533,6615,125459,113,19224,463,1,55946,0.000999999999990564
66639000,3802,13959,128658,3247,7962,122974,129,19228,528,1,55947,0.0010000000000047748
66640000,3198,4078,126413,4662,-2490,128994,106,19228,528,1,55948,0.0010000000000047748
66641001,9298,5524,126820,4688,-8551,118954,104,19233,434,1,55949,0.00100100000000225
66642000,9697,391,124415,5148,2927,126353,104,19219,426,0,55950,0.0009989999999930887
66643001,13738,-1153,128441,12419,-7059,130108,97,19231,397,0,55951,0.00100100000000225
66644000,5876,-13296,125372,1652,-8000,129391,101,19227,414,0,55952,0.0009989999999930887
66645000,2555,259,131040,-14305,2621,134838,117,19225,479,1,55953,0.0010000000000047748
66646000,1014,8963,130976,10984,11146,117166,109,19225,479,1,55954,0.0010000000000047748
66647002,65,13595,131569,6984,3431,130407,101,19231,446,1,55955,0.0010019999999997253
66648004,2765,-3285,129655,-9448,-16612,132139,101,19237,414,0,55956,0.0010019999999997253
66649000,7877,-8941,127664,14562,-8306,125364,138,19225,565,0,55957,0.000996000000000663
66650002,8398,217,130000,8864,-6622,135145,101,19233,414,0,55958,0.0010019999999997253
66651000,4251,-5382,128969,-18566,3374,120918,101,19229,414,0,55959,0.0009979999999956135
66652008,-833,11881,134848,-176,6017,133093,142,19229,414,1,55960,0.0010079999999987876
66653000,-6061,-795,129621,-170,-3068,130960,108,19230,582,1,55961,0.0009919999999965512
66654000,-4657,3626,129509,-18363,-3041,127582,108,19240,442,1,55962,0.0010000000000047748
66655001,376,-5539,129829,906,-10438,135289,100,19221,410,0,55963,0.00100100000000225
66656000,281,-2188,126515,577,-3097,119806,105,19231,430,0,55964,0.0009989999999930887
66657000,-956,10083,135502,-8776,1205,133797,109,19228,446,0,55965,0.0010000000000047748
66658000,-7073,-4709,128695,-9837,-5464,129135,121,19228,496,1,55966,0.0010000000000047748
66659000,-8627,5442,132364,-17114,3805,132675,113,19226,496,1,55967,0.000999999999990564
66660000,-12426,2195,130031,-8451,1415,128879,102,19229,463,1,55968,0.0010000000000047748
66661000,-3705,10541,129978,-9331,3963,125107,102,19228,418,1,55969,0.0010000000000047748
66662000,-5539,-3054,126862,-4884,-6262,131833,130,19223,532,0,55970,0.000999999999990564
66663000,-3708,-1094,126756,-8630,-4005,121785,100,19232,410,0,55971,0.0010000000000047748
66664000,-383,-2044,126364,-8170,-1913,129234,104,19232,426,0,55972,0.0010000000000047748
66665001,-5784,8666,130035,-6459,3968,126317,144,19229,426,1,55973,0.00100100000000225
66666000,-5947,9001,127036,-11475,334,125843,116,19229,590,1,55974,0.0009989999999930887
66667000,-10035,9504,127912,-11360,5005,124591,116,19229,475,1,55975,0.0010000000000047748
66668000,-238,-603,125234,-3656,-6369,123474,103,19227,422,0,55976,0.000999999999990564
66669000,1164,-849,128119,3603,-7696,124477,121,19231,496,0,55977,0.0010000000000047748
66670000,-65,-136,121184,-6361,-2945,127856,117,19231,479,0,55978,0.0010000000000047748
66671000,-848,11930,128546,-4746,8840,121384,120,19226,479,0,55979,0.000999999999990564
66672000,-606,10819,125281,2847,6525,121615,124,19220,491,1,55980,0.0010000000000047748
66673000,590,4336,125067,-8324,2524,132254,124,19230,508,1,55981,0.0010000000000047748
66674001,1260,8504,126013,289,6666,118085,103,19232,422,1,55982,0.00100100000000225
66675001,11364,6800,123741,8101,-1358,127275,117,19225,479,0,55983,0.000999999999990564
66676002,7964,-197,123866,10379,-6691,126114,100,19228,410,0,55984,0.00100100000000225
66677002,7161,-11549,124403,625,-13550,128938,109,19228,410,0,55985,0.0010000000000047748
66678000,8150,-644,127390,3437,-3904,120068,142,19226,446,1,55986,0.0009979999999956135
66679000,-996,13608,129116,3230,5126,125443,142,19228,582,1,55987,0.0010000000000047748
66680000,1917,-941,126258,-833,579,134255,115,19233,471,1,55988,0.000999999999990564
66681000,5495,-674,125403,6661,-4340,119860,97,19226,397,1,55989,0.0010000000000047748
66682000,11041,-98,125010,1859,-2999,128877,132,19232,541,0,55990,0.0010000000000047748
66683000,11082,1877,128772,15336,-6663,125661,107,19232,541,0,55991,0.000999999999990564
66684000,7883,-4138,125768,-3638,-5943,130435,107,19230,438,0,55992,0.0010000000000047748
66685000,4141,2094,130239,-5913,8263,128834,107,19223,438,1,55993,0.0010000000000047748
66686000,-712,8130,128910,6771,8314,124351,115,19227,471,1,55994,0.000999999999990564
66687000,4032,2246,127787,640,-2281,132287,103,19231,422,1,55995,0.0010000000000047748
66688000,2456,-2745,127196,-5304,-13770,128392,116,19219,475,0,55996,0.0010000000000047748
66689000,9483,-15198,125873,17392,-4839,129340,92,19219,475,0,55997,0.000999999999990564
66690000,7987,1661,130790,9283,4609,124858,105,19224,377,0,55998,0.0010000000000047748
66691000,-1319,2846,129735,-23893,-2596,129629,105,19228,430,1,55999,0.0010000000000047748
66692000,2207,6413,132153,1422,12233,125731,126,19222,516,1,56000,0.000999999999990564
66693000,-9912,4520,133777,4251,-4441,131396,108,19228,442,1,56001,0.0010000000000047748
66694000,-3207,-12340,129626,-18069,-11564,134680,95,19228,389,1,56002,0.0010000000000047748
66695001,-3667,-3040,131410,-3819,-10394,133495,150,19228,389,0,56003,0.0010009999999880392
66696002,-529,-6447,127247,5373,-1814,128332,109,19234,614,0,56004,0.00100100000000225
66697002,-1198,13853,130266,-12770,16801,119539,109,19228,446,0,56005,0.0010000000000047748
66698000,-7187,2034,130392,-19399,-3612,132141,114,19223,467,1,56006,0.0009979999999956135
66699000,-5407,4712,131002,476,893,133305,134,19229,549,1,56007,0.0010000000000047748
66700000,-10259,3246,128079,-9972,1349,126687,107,19234,438,1,56008,0.0010000000000047748
66701000,-3094,11061,131392,-12882,4632,124434,109,19234,438,1,56009,0.000999999999990564
66702000,-3759,-2698,126455,-6614,-11717,130563,125,19220,446,0,56010,0.0010000000000047748
66703000,-1643,-6418,125267,-7222,-12375,129287,125,19230,512,0,56011,0.0010000000000047748
66704000,-793,22382,128280,-5915,19584,114208,106,19228,434,0,56012,0.000999999999990564
66705001,-6799,3656,125863,-11935,4005,127295,123,19222,504,1,56013,0.00100100000000225
66706000,-2937,2205,129864,-8833,1402,130018,113,19229,463,1,56014,0.0009990000000072996
66707000,-6042,4010,126274,-4035,2140,123722,101,19229,414,1,56015,0.000999999999990564
66708000,-837,7049,126756,619,1249,124884,143,19227,414,0,56016,0.0010000000000047748
66709000,-1243,-7584,125427,-6303,-9901,127809,109,19234,586,0,56017,0.0010000000000047748
66710000,968,-3266,124319,-5201,-3527,127590,109,19229,446,0,56018,0.000999999999990564
66711000,167,10160,127403,3880,6407,122982,109,19225,446,1,56019,0.0010000000000047748
66712000,-5114,13586,126118,-5493,4941,119942,153,19228,627,1,56020,0.0010000000000047748
66713000,-1189,14980,128374,-6396,1757,123958,108,19228,442,1,56021,0.000999999999990564
66714000,5833,6009,124997,5231,1906,126317,99,19234,442,0,56022,0.0010000000000047748
66715000,9660,3550,125642,10124,-5395,127052,83,19223,405,0,56023,0.0010000000000047748
66716000,10382,6510,121440,3939,1093,116627,83,19228,340,0,56024,0.000999999999990564
66717000,7377,-6748,124206,589,-10217,132723,114,19228,467,0,56025,0.0010000000000047748
66718000,6270,-3937,126418,9484,-1256,127845,124,19222,508,1,56026,0.0010000000000047748
66719000,2351,17482,128281,-1369,16121,118675,111,19231,455,1,56027,0.000999999999990564
66720000,5673,11163,128092,2564,4044,124889,97,19231,455,1,56028,0.0010000000000047748
66721000,9524,-1749,125696,10623,-8815,130638,128,19230,397,0,56029,0.0010000000000047748
66722001,12627,-10468,126244,7575,-16736,131629,128,19226,524,0,56030,0.0010009999999880392
66723002,8641,-6895,127402,10298,-10250,124908,101,19227,414,0,56031,0.00100100000000225
66724000,3399,3471,129421,-2333,1992,131554,103,19234,422,0,56032,0.0009980000000098244
66725000,3164,7127,130555,-3816,3796,130857,133,19232,545,1,56033,0.000999999999990564
66726000,-1505,10781,129941,6723,3131,126873,110,19232,545,1,56034,0.0010000000000047748
66727000,1345,-5454,128787,-1630,3942,125346,102,19230,451,1,56035,0.0010000000000047748
66728000,7976,1846,127679,815,-12369,126154,102,19225,418,0,56036,0.000999999999990564
66729000,11414,-7902,126797,15158,-17651,138268,132,19229,541,0,56037,0.0010000000000047748
66730000,4332,-10081,128750,8319,-256,127880,112,19229,459,0,56038,0.0010000000000047748
66731000,67,11859,134412,-13317,7727,122090,116,19222,475,1,56039,0.000999999999990564
66732000,-6832,12471,133947,10985,636,132388,111,19222,475,1,56040,0.0010000000000047748
66733001,-6808,1674,129686,-18096,-9443,129082,97,19229,455,1,56041,0.00100100000000225
66734000,-2177,-9751,128673,-9262,-13475,134854,97,19232,397,1,56042,0.0009989999999930887
66735000,2533,-2675,127719,3606,3191,117520,119,19224,487,0,56043,0.0010000000000047748
66736000,5561,12323,129836,-2795,-529,127258,98,19230,401,0,56044,0.000999999999990564
66737000,-4567,1169,130869,-16461,-5413,133718,107,19227,438,0,56045,0.0010000000000047748
66738000,-4289,-4533,129292,-12640,-1104,132432,146,19227,438,1,56046,0.0010000000000047748
66739003,-13645,4583,131898,-16128,15422,122863,114,19230,598,1,56047,0.0010029999999972006
66740000,-5328,18416,132212,-8723,9284,118383,114,19234,467,1,56048,0.0009969999999981383
66741000,-3796,-1898,128005,234,-16705,141835,98,19228,401,0,56049,0.0010000000000047748
66742000,-3751,-10756,126896,-14655,-13137,126382,158,19227,647,0,56050,0.000999999999990564
66743000,-1094,8589,127470,-813,9458,118072,102,19233,418,0,56051,0.0010000000000047748
66744000,-5136,12544,129503,-5277,6774,127707,108,19233,418,1,56052,0.0010000000000047748
66745000,-3705,6902,127260,-16059,-146,124665,118,19224,442,1,56053,0.000999999999990564
66746000,-10308,5700,127867,-6918,-2290,134877,118,19229,483,1,56054,0.0010000000000047748
66747000,94,5502,124861,-7653,7227,114590,105,19229,430,1,56055,0.0010000000000047748
66748000,2675,10263,127307,-930,1201,125623,117,19225,479,0,56056,0.000999999999990564
66749003,4033,-6919,123680,-3775,-3915,131375,94,19228,385,0,56057,0.0010030000000114114
66750002,4242,-1715,122397,-3436,-4502,122657,108,19228,442,0,56058,0.0009989999999930887
66751000,-4939,13740,128296,-4402,12936,127039,134,19231,442,1,56059,0.0009979999999956135
66752000,935,12987,123986,-6908,11847,114775,115,19222,549,1,56060,0.0010000000000047748
66753000,-1812,6934,128748,3259,567,134447,115,19227,471,1,56061,0.0010000000000047748
66754000,7059,-661,124381,2853,-4404,126713,95,19228,389,0,56062,0.000999999999990564
66755000,7227,4492,124037,3534,785,120022,107,19231,438,0,56063,0.0010000000000047748
66756000,4961,-3627,126075,10481,-9455,129164,110,19231,451,0,56064,0.0010000000000047748
66757000,6184,-1355,125529,703,-3523,122555,114,19230,451,0,56065,0.000999999999990564
66758000,677,4871,127453,3767,4633,132183,123,19229,467,1,56066,0.0010000000000047748
66759001,5602,7785,127775,1840,7824,121168,123,19228,504,1,56067,0.00100100000000225
66760000,9731,13165,127440,3734,2832,121865,106,19230,434,1,56068,0.0009989999999930887
66761000,11679,3294,125980,7764,-1621,125112,108,19219,442,0,56069,0.0010000000000047748
66762000,10207,-4461,127821,7346,-12461,126181,90,19219,369,0,56070,0.0010000000000047748
66763000,3130,-14146,128670,11997,-17950,139955,103,19229,369,0,56071,0.000999999999990564
66764000,4761,1159,126477,-7362,2011,124166,126,19227,422,1,56072,0.0010000000000047748
66765000,-2005,11558,131849,-1812,12188,124221,126,19226,516,1,56073,0.0010000000000047748
66766000,5503,13263,129617,4783,7861,123205,115,19235,471,1,56074,0.000999999999990564
66767001,4514,4462,127824,-2845,-38,135229,98,19224,401,1,56075,0.00100100000000225
66768002,8478,-5363,127421,5155,-9993,127297,146,19232,598,0,56076,0.00100100000000225
66769001,10262,-8413,129193,15778,-10175,131009,102,19232,598,0,56077,0.0009990000000072996
66770002,2865,-10500,129111,-2098,-13345,133286,105,19228,418,0,56078,0.0010009999999880392
66771002,3084,2426,134271,-14728,525,126884,105,19224,430,1,56079,0.0010000000000047748
66772000,-8483,6443,132483,1018,1876,124243,145,19227,594,1,56080,0.0009979999999956135
66773000,-7752,7354,129859,-8120,-1020,128176,108,19229,442,1,56081,0.0010000000000047748
66774000,-1654,-7250,128899,-15569,-12310,138856,104,19221,426,0,56082,0.0010000000000047748
66775000,1111,-6999,128310,6605,-5079,124374,97,19221,426,0,56083,0.000999999999990564
66776000,2425,1446,129203,-6136,6286,123997,107,19229,397,0,56084,0.0010000000000047748
66777000,-8081,7992,134059,-13073,-3742,132372,107,19228,438,0,56085,0.0010000000000047748
66778000,-4524,-4032,129736,-6976,-2673,135418,128,19222,524,1,56086,0.000999999999990564
66779000,-9683,5702,129949,-12870,6720,126117,118,19225,483,1,56087,0.0010000000000047748
66780000,-7819,13243,129908,-13881,11374,120175,99,19228,405,1,56088,0.0010000000000047748
66781000,-1130,7975,128319,-2544,-7736,130404,139,19228,405,0,56089,0.000999999999990564
66782000,-4020,-10384,124437,-3965,-13597,132971,99,19218,569,0,56090,0.0010000000000047748
66783000,-1193,-927,127520,-8743,7234,121498,99,19230,405,0,56091,0.0010000000000047748
66784000,-3990,4408,127660,-5561,6643,125968,104,19228,426,1,56092,0.000999999999990564
66785000,-6322,7753,127754,-15944,11332,122058,139,19232,569,1,56093,0.0010000000000047748
66786000,-6685,9186,128684,-4151,5258,131201,116,19231,475,1,56094,0.0010000000000047748
66787001,-3163,4577,123986,-1478,1017,120954,105,19231,475,0,56095,0.00100100000000225
66788001,1850,3359,127161,-5390,-7604,129900,94,19222,430,0,56096,0.000999999999990564
66789000,2741,-9516,123230,1499,-8522,126267,94,19235,385,0,56097,0.0009990000000072996
66790000,1886,7076,126725,-4623,10944,122843,110,19228,451,0,56098,0.000999999999990564
66791002,-678,7090,125723,-3628,2704,127588,121,19216,496,1,56099,0.0010019999999997253
66792000,-4721,14232,124523,-2900,16266,115130,120,19230,491,1,56100,0.0009980000000098244
66793002,3988,9257,125392,-3667,4933,129738,100,19230,410,1,56101,0.0010019999999997253
66794002,5439,4,123488,14275,5074,121238,125,19230,410,0,56102,0.000999999999990564
66795000,9416,1293,122925,3849,-13180,128421,106,19231,512,0,56103,0.0009980000000098244
66796000,6598,-11909,124743,5226,-9902,128439,106,19231,434,0,56104,0.000999999999990564
66797000,3807,5166,128577,1541,-6560,124581,112,19225,459,1,56105,0.0010000000000047748
66798000,6135,7680,128487,8803,7163,125836,149,19229,610,1,56106,0.0010000000000047748
66799000,-1284,9531,126188,-3430,12893,119756,112,19229,459,1,56107,0.000999999999990564
66800000,11573,-65,127467,5382,-7835,134399,100,19230,459,1,56108,0.0010000000000047748
66801000,9661,6425,123444,17035,9540,112093,132,19227,410,0,56109,0.0010000000000047748
66802000,9698,-1139,127057,682,-12286,136743,132,19231,541,0,56110,0.000999999999990564
66803000,6410,-17422,125127,9366,-7314,130356,110,19227,451,0,56111,0.0010000000000047748
66804003,3956,2463,130535,-4867,-2572,133457,112,19220,459,1,56112,0.0010029999999972006
66805000,1852,1786,129443,4210,4066,127407,106,19220,434,1,56113,0.0009969999999981383
66806000,-3529,20780,132127,5123,12452,115917,105,19228,434,1,56114,0.0010000000000047748
66807000,9057,-4202,128579,-8787,-20605,140825,121,19231,430,1,56115,0.0010000000000047748
66808000,6872,-12078,126724,15131,-10106,124439,121,19224,496,0,56116,0.000999999999990564
66809000,10989,3700,134485,5999,-4981,132751,95,19229,389,0,56117,0.0010000000000047748
66810000,997,2040,126503,-7486,3463,120538,103,19227,422,0,56118,0.0010000000000047748
66811000,-77,5622,134156,-18094,-2248,134056,132,19225,541,1,56119,0.000999999999990564
66812001,-2976,-6202,130599,14635,-7250,138317,111,19225,541,1,56120,0.00100100000000225
66813000,-9064,11224,131132,-2437,9144,114994,97,19234,455,1,56121,0.0009990000000072996
66814000,369,477,131303,-25712,-6937,132459,97,19226,397,0,56122,0.000999999999990564
66815000,-553,-10620,128823,4712,-15479,129266,145,19232,594,0,56123,0.0010000000000047748
66816000,2490,797,130377,6158,-1941,132820,109,19227,446,0,56124,0.0010000000000047748
66817000,-10126,3445,131737,-21587,-250,123089,114,19224,467,1,56125,0.000999999999990564
66818000,-7471,6745,130956,-12789,4255,134010,119,19224,467,1,56126,0.0010000000000047748
66819000,-7846,2787,131077,-5828,-3147,134485,107,19228,487,1,56127,0.0010000000000047748
66820000,-4884,5174,128421,-10470,10676,119698,107,19231,438,1,56128,0.000999999999990564
66821002,-2013,3764,131523,-4499,3933,124797,113,19218,463,0,56129,0.0010019999999997253
66822002,-5528,-2846,123459,-8822,-9140,128188,97,19229,397,0,56130,0.0010000000000047748
66823000,-166,1151,126871,-5664,-1890,130994,104,19228,426,0,56131,0.0009979999999956135
66824000,-6115,2260,127686,-8961,2266,125691,131,19228,426,1,56132,0.0010000000000047748
66825001,-7685,9763,128205,-10437,7310,122317,116,19223,537,1,56133,0.00100100000000225
66826000,-5543,11596,130052,-9262,2771,130834,116,19231,475,1,56134,0.0009989999999930887
66827000,-1311,3834,124938,-612,-83,124209,100,19228,410,0,56135,0.0010000000000047748
66828002,1332,1681,123223,-1349,981,122354,134,19231,549,0,56136,0.0010019999999997253
66829002,292,4701,123793,-3514,2457,121457,107,19227,438,0,56137,0.0010000000000047748
66830000,2706,4402,125050,463,-3681,129046,109,19227,438,0,56138,0.0009979999999956135
66831002,109,-116,124835,-2770,2133,129627,141,19224,446,1,56139,0.0010019999999997253
66832000,-1278,5952,127641,-4188,8434,121120,141,19228,577,1,56140,0.0009979999999956135
66833000,1789,11543,125670,-4195,19269,114431,105,19233,430,1,56141,0.0010000000000047748
66834000,8127,6735,125820,9326,-7564,131179,104,19225,426,0,56142,0.0010000000000047748
66835006,6041,-17125,121063,11303,-16382,130513,97,19227,397,0,56143,0.0010059999999896263
66836001,5585,1173,124336,-3259,5558,118242,118,19227,397,0,56144,0.0009950000000031878
66837001,5240,6887,127895,8083,2681,124725,129,19228,483,1,56145,0.0010000000000047748
66838000,5473,9764,127894,5997,7984,124682,113,19224,528,1,56146,0.0009989999999930887
66839003,4035,2906,128230,-3979,-7969,130347,113,19230,463,1,56147,0.0010029999999972006
66840000,4338,1405,127452,7903,-2345,126443,96,19229,393,1,56148,0.0009970000000123491
66841000,8339,4019,126390,7309,-1258,121501,139,19231,569,0,56149,0.000999999999990564
66842000,8312,-3490,128345,5010,-10539,129212,103,19231,422,0,56150,0.0010000000000047748
66843001,7269,-10348,126857,4270,-13192,131656,101,19230,422,0,56151,0.00100100000000225
66844000,6542,3505,129836,4451,2570,125195,129,19225,414,1,56152,0.0009989999999930887
66845000,810,28451,131346,-369,25797,117447,129,19226,528,1,56153,0.0010000000000047748
66846002,4716,4588,128511,-3988,-4366,129312,107,19233,438,1,56154,0.0010019999999997253
66847000,4690,-12817,128557,5334,-15483,136682,103,19223,422,0,56155,0.0009979999999956135
66848000,7584,-13818,127521,1518,-18957,131311,114,19223,467,0,56156,0.0010000000000047748
66849000,5062,-3248,129632,16774,1772,126437,106,19230,467,0,56157,0.0010000000000047748
66850000,-1212,6168,130039,-16108,1703,127755,116,19227,434,0,56158,0.000999999999990564
66851000,1655,3199,130128,-13540,6537,126533,116,19222,475,1,56159,0.0010000000000047748
66852000,-4394,12237,133646,9239,4550,129540,108,19231,442,1,56160,0.0010000000000047748
66853000,-2516,-6927,128918,-5266,-9647,130880,96,19231,393,1,56161,0.000999999999990564
66854005,-4114,-5584,130412,-19443,-14315,130273,127,19228,520,0,56162,0.001005000000006362
66855000,-834,-1875,130638,-221,-4391,134513,102,19228,520,0,56163,0.0009950000000031878
66856000,-1671,1187,130277,8500,-2701,126068,109,19228,418,0,56164,0.000999999999990564
66857000,-8885,13256,133227,-25353,12127,123021,109,19226,446,1,56165,0.0010000000000047748
66858000,-8537,8905,129570,-18787,6922,128349,148,19228,606,1,56166,0.000999999999990564
66859000,-7105,4325,129561,-1658,1094,130025,112,19230,459,1,56167,0.0010000000000047748
66860001,-784,8582,130542,-7868,4432,126036,101,19225,414,1,56168,0.00100100000000225
66861000,-4462,-7489,125788,-11130,-12586,131753,155,19225,414,0,56169,0.0009989999999930887
66862000,-3068,-1970,127857,-5478,-3277,125007,109,19230,635,0,56170,0.0010000000000047748
66863000,-3449,7779,128001,-5438,2610,125189,109,19231,446,0,56171,0.0010000000000047748
66864000,-3525,9168,126624,-8958,7203,121639,115,19220,471,1,56172,0.000999999999990564
66865000,-8710,12529,128719,-10408,8277,128843,109,19228,446,1,56173,0.0010000000000047748
66866000,-4906,-794,126201,-13949,-1595,123800,105,19230,430,1,56174,0.0010000000000047748
66867000,1714,5050,126179,3850,-1281,125141,121,19230,430,0,56175,0.000999999999990564
66868000,-2547,-10245,124300,-319,-6207,135669,100,19227,496,0,56176,0.0010000000000047748
66869003,1304,-2563,122593,-7212,1842,114525,100,19228,410,0,56177,0.0010029999999972006
66870000,-2230,8418,127233,-1508,3225,129997,105,19228,430,0,56178,0.0009969999999981383
66871004,-1693,10648,127653,-10113,13022,118320,143,19228,586,1,56179,0.0010040000000088867
66872000,-674,20352,126767,393,3728,127138,111,19229,455,1,56180,0.000996000000000663
66873000,2967,1718,123486,7696,-3716,129680,94,19229,455,1,56181,0.000999999999990564
66874000,8341,4363,123116,-2367,1965,113060,107,19225,385,0,56182,0.0010000000000047748
66875000,11335,6228,124613,14617,-9029,129861,107,19231,438,0,56183,0.0010000000000047748
66876000,7875,-6723,123549,8924,-8973,128382,110,19227,451,0,56184,0.000999999999990564
66877000,4436,-4526,125868,-6350,3422,126982,115,19221,471,1,56185,0.0010000000000047748
66878000,401,10298,129654,8274,15777,117481,110,19231,451,1,56186,0.0010000000000047748
66879001,5557,13037,126570,6760,-1986,123893,101,19231,451,1,56187,0.00100100000000225
66880000,6556,-3960,126467,4298,-2012,134548,112,19231,414,0,56188,0.0009989999999930887
66881000,12043,862,126019,-930,-1890,121935,112,19226,459,0,56189,0.0010000000000047748
66882000,11500,-9316,126639,22534,-12378,135380,91,19230,373,0,56190,0.000999999999990564
66883000,3626,1256,130768,-516,-4709,123717,102,19229,418,0,56191,0.0010000000000047748
66884000,3764,2052,127875,-13063,-10933,135260,135,19224,553,1,56192,0.0010000000000047748
66885000,-1728,17704,131419,9526,22190,118389,114,19224,467,1,56193,0.000999999999990564
66886000,2871,15764,131566,-2797,-2447,126116,100,19230,467,1,56194,0.0010000000000047748
66887000,9196,-9560,126631,-94,-14688,130125,148,19227,410,0,56195,0.0010000000000047748
66888000,8494,-1554,132098,13524,-12102,132340,148,19230,606,0,56196,0.000999999999990564
66889000,9374,-12542,125192,1303,-16079,133732,105,19228,430,0,56197,0.0010000000000047748
66890001,2242,12182,133141,-15357,17517,116884,109,19225,446,1,56198,0.00100100000000225
66891012,-3648,7755,133918,-1531,-5827,132370,133,19227,545,1,56199,0.0010110000000054242
66892000,-7645,4504,131527,-2599,-1008,127421,105,19227,545,1,56200,0.0009879999999924394
66893000,-2669,2592,129651,-24350,-5494,132992,110,19228,430,1,56201,0.0010000000000047748
66894000,1008,-6033,127969,6361,-1913,131568,110,19219,451,0,56202,0.000999999999990564
66895002,7234,5975,128552,2002,3492,119029,88,19231,360,0,56203,0.0010019999999997253
66896000,-2099,-3083,130322,-15321,-7879,140468,110,19227,451,0,56204,0.0009980000000098244
66897000,-3576,-4876,129780,-10563,-2011,127208,135,19227,553,1,56205,0.000999999999990564
66898000,-9922,9626,132423,-11328,9250,128789,119,19224,553,1,56206,0.0010000000000047748
66899000,-10213,11009,129336,-11020,11324,127432,99,19228,487,1,56207,0.0010000000000047748
66900000,-4614,8574,128444,-5111,-697,122764,99,19227,405,0,56208,0.000999999999990564
66901000,-4416,-8564,125066,-10096,-13499,136438,147,19223,602,0,56209,0.0010000000000047748
66902000,35,-1970,127337,-5069,-993,120201,105,19230,430,0,56210,0.0010000000000047748
66903000,-3996,2699,128647,-6390,-2513,130458,107,19225,438,0,56211,0.000999999999990564
66904000,-2195,14124,128660,-9520,9580,119438,137,19225,438,1,56212,0.0010000000000047748
66905003,-8527,12068,127087,-14882,5790,126506,114,19229,561,1,56213,0.0010029999999972006
66906000,-4002,-595,127476,-1911,-2734,132237,114,19228,467,1,56214,0.0009969999999981383
66907000,-57,6169,125604,581,2632,117313,110,19216,451,0,56215,0.0010000000000047748
66908001,-152,-3648,126318,-8401,-6319,127705,94,19228,385,0,56216,0.00100100000000225
66909000,1969,1914,125607,389,-2533,122843,113,19229,463,0,56217,0.0009989999999930887
66910000,-1528,-921,123962,1585,-3439,129105,126,19229,463,1,56218,0.0010000000000047748
66911000,-3638,5768,125837,-10239,9285,117193,115,19219,516,1,56219,0.0010000000000047748
66912000,-194,15800,126308,-5312,7959,126971,115,19230,471,1,56220,0.000999999999990564
66913000,4428,2776,122986,13648,-1761,124765,100,19229,410,0,56221,0.0010000000000047748
66914000,5078,941,124372,251,-11333,124629,131,19233,537,0,56222,0.0010000000000047748
66915002,12654,-8993,124064,3335,5595,122454,105,19228,430,0,56223,0.0010019999999997253
66916000,6807,2145,125866,15277,-3099,124772,107,19228,430,0,56224,0.0009979999999956135
66917000,6909,-611,125828,-10321,-730,131818,139,19227,438,1,56225,0.0010000000000047748
66918000,2278,10699,130077,20004,5137,121429,139,19230,569,1,56226,0.000999999999990564
66919000,1281,2165,124594,-2316,3016,125810,110,19229,451,1,56227,0.0010000000000047748
66920000,9537,-1379,125895,-2919,1754,124077,102,19224,418,0,56228,0.0010000000000047748
66921000,9251,1239,126703,17045,-514,126721,113,19230,463,0,56229,0.000999999999990564
66922000,14692,-9067,124993,11592,-3258,128999,102,19230,463,0,56230,0.0010000000000047748
66923000,1597,1540,131255,-6144,-2922,126353,111,19229,418,1,56231,0.0010000000000047748
66924000,3195,-5812,128439,-670,-5058,135409,111,19222,455,1,56232,0.000999999999990564
66925000,1848,3813,129127,5887,13126,122113,110,19229,451,1,56233,0.0010000000000047748
66926000,2564,14357,132072,-4917,-1492,130303,102,19232,418,1,56234,0.0010000000000047748
66927000,8449,-1676,126829,3076,1579,120835,127,19226,520,0,56235,0.000999999999990564
66928009,5235,-12323,129166,11700,-11343,136311,97,19226,397,0,56236,0.0010090000000104737
66929000,4937,-16355,129008,5331,-12153,134078,103,19230,397,0,56237,0.000990999999999076
66930000,571,1525,129424,-17600,10379,121791,145,19225,422,1,56238,0.000999999999990564
66931000,-2780,15823,135204,-999,11152,128980,145,19228,594,1,56239,0.0010000000000047748
66932000,-5579,10514,131383,-122,359,123935,111,19234,455,1,56240,0.0010000000000047748
66933000,-1399,-6498,129939,-16072,-18004,138385,96,19228,393,0,56241,0.000999999999990564
66934000,-2734,-16798,129987,-2081,-17795,136371,125,19228,512,0,56242,0.0010000000000047748
66935000,2490,3324,129036,-170,3555,117574,105,19230,512,0,56243,0.0010000000000047748
66936000,-5418,11290,131187,-17521,11641,127046,118,19228,430,0,56244,0.000999999999990564
66937000,-5916,3827,131857,-12237,-1106,131633,118,19220,483,1,56245,0.0010000000000047748
66938000,-6283,29,128736,-3077,-12304,133520,110,19227,451,1,56246,0.0010000000000047748
66939000,-8296,16159,129239,-13280,16493,118350,104,19232,426,1,56247,0.000999999999990564
66940000,-2877,10761,129340,-11130,3447,122727,119,19232,487,0,56248,0.0010000000000047748
66941000,-2010,-9047,127036,-4208,-13629,136224,96,19217,487,0,56249,0.0010000000000047748
66942000,-1578,-6410,125260,-2453,-6004,128103,103,19232,393,0,56250,0.000999999999990564
66943000,-6326,4172,128268,-14101,2592,124461,103,19227,422,1,56251,0.0010000000000047748
66944000,-5763,11410,127522,-10126,8687,116769,137,19230,561,1,56252,0.0010000000000047748
66945004,-3647,14085,129311,-7885,5139,129573,116,19231,475,1,56253,0.0010039999999946758
66946000,-3016,-982,125741,2040,-8807,131958,101,19226,414,1,56254,0.000996000000000663
66947000,-2766,8819,125234,-7350,1007,110307,118,19226,414,0,56255,0.0010000000000047748
66948000,1414,5488,125560,-6947,-2136,129034,109,19235,483,0,56256,0.000999999999990564
66949011,2946,-2898,126057,7497,-6181,127567,109,19231,446,0,56257,0.0010110000000054242
66950000,617,2215,126424,-3138,-1862,129348,115,19222,471,1,56258,0.0009890000000041255
66951000,-6381,16467,126376,-12854,14117,118746,137,19230,561,1,56259,0.000999999999990564
66952000,1321,19283,127080,3956,15046,118684,99,19231,405,1,56260,0.0010000000000047748
66953000,6800,-364,123898,7693,-5547,133015,108,19231,405,0,56261,0.0010000000000047748
66954000,7874,-38,123050,-365,-1884,120155,96,19231,442,0,56262,0.000999999999990564
66955000,6940,-4473,126415,5066,-11374,127455,96,19228,393,0,56263,0.0010000000000047748
66956000,7191,-590,126839,12968,-6672,123330,114,19230,467,0,56264,0.0010000000000047748
66957000,3649,4416,128083,2377,-148,130588,133,19226,545,1,56265,0.000999999999990564
66958001,1785,5682,127823,-7671,7534,118841,113,19232,463,1,56266,0.00100100000000225
66959001,7586,16862,127374,12237,11142,126633,95,19232,463,1,56267,0.0010000000000047748
66960000,9066,-4662,123180,6926,-9089,127741,149,19226,389,0,56268,0.0009989999999930887
66961000,11145,-1112,127834,987,-15306,131337,149,19233,610,0,56269,0.0010000000000047748
66962000,8572,-18947,125171,16913,-3302,131443,104,19228,426,0,56270,0.0010000000000047748
66963000,5381,4821,130172,-2811,7347,119920,104,19226,426,1,56271,0.000999999999990564
66964001,-376,7087,129940,-543,3235,137742,126,19228,516,1,56272,0.00100100000000225
66965000,-4351,7219,130486,-3961,4366,121952,106,19228,516,1,56273,0.0009990000000072996
66966000,4506,7926,128611,-902,-6880,130587,109,19227,434,1,56274,0.000999999999990564
66967002,9865,-9293,127066,12691,-9700,127700,109,19224,446,0,56275,0.0010019999999997253
66968000,11752,1131,130847,9030,-4443,126886,106,19231,434,0,56276,0.0009980000000098244
66969000,2491,-14533,127952,-9672,-15733,137916,112,19228,459,0,56277,0.000999999999990564
66970000,-1351,5442,134034,-10468,7166,121444,125,19221,512,1,56278,0.0010000000000047748
66971000,-7194,13074,132722,-979,5157,133597,110,19221,451,1,56279,0.0010000000000047748
66972000,-7891,1261,129496,-6239,545,126158,97,19229,451,1,56280,0.000999999999990564
66973000,945,-6943,127851,-9814,-10688,131032,138,19230,397,0,56281,0.0010000000000047748
66974000,-2597,-5855,127356,-1161,-390,128118,138,19232,565,0,56282,0.0010000000000047748
66975000,7351,4618,129639,1132,5766,120274,105,19228,430,0,56283,0.000999999999990564
66976000,-5708,5059,133056,-13167,-8012,136658,109,19221,446,1,56284,0.0010000000000047748
66977003,-7931,-652,129220,-15542,1758,126213,136,19221,557,1,56285,0.0010029999999972006
66978000,-12533,7944,131875,-10896,1118,132720,109,19228,557,1,56286,0.0009969999999981383
66979000,-5434,9353,130135,-6124,7274,121496,102,19235,446,1,56287,0.0010000000000047748
66980001,-979,7609,128077,-5412,-3321,124266,102,19228,418,0,56288,0.00100100000000225
66981001,-5502,-5247,125695,-12574,-9525,132499,133,19229,545,0,56289,0.000999999999990564
66982000,2705,4099,128162,-2102,2914,120356,103,19228,422,0,56290,0.0009990000000072996
66983000,-7170,10163,126839,-5981,8494,130620,118,19228,483,1,56291,0.000999999999990564
66984001,-5911,7247,127176,-19114,7870,121538,113,19221,483,1,56292,0.00100100000000225
66985000,-7638,6085,129025,-3083,3640,128006,102,19227,463,1,56293,0.0009990000000072996
66986000,-193,1351,127062,-2715,-3809,130011,102,19229,418,0,56294,0.000999999999990564
66987000,2771,1699,124056,-5837,184,120327,134,19233,549,0,56295,0.0010000000000047748
66988000,2717,3783,126585,2264,-3039,130281,109,19222,446,0,56296,0.0010000000000047748
66989000,2785,-2143,123161,-6819,-6660,122929,110,19222,451,0,56297,0.000999999999990564
66990000,-3901,5160,127351,-4447,4302,127477,152,19224,451,1,56298,0.0010000000000047748
66991001,-4823,14604,128285,-6417,13948,120934,109,19229,623,1,56299,0.00100100000000225
66992000,906,19068,125447,-1762,11717,119666,109,19232,446,1,56300,0.0009989999999930887
66993000,6083,3187,124081,12081,-3277,131460,97,19223,397,0,56301,0.0010000000000047748
66994001,8231,-9411,121516,5822,-16073,123293,96,19229,393,0,56302,0.00100100000000225
66995000,9573,2339,125515,2653,-2387,122096,113,19228,463,0,56303,0.0009989999999930887
66996000,9145,2468,128648,10319,-1216,128472,120,19228,463,1,56304,0.0010000000000047748
66997002,2201,7834,128234,-903,6315,123172,106,19220,491,1,56305,0.0010019999999997253
66998002,2433,9390,130013,-4102,39,126373,106,19227,434,1,56306,0.0010000000000047748
66999000,6654,-2640,123143,8578,-3345,126516,97,19235,397,1,56307,0.0009979999999956135
67000000,9233,6093,127751,9757,1423,126492,125,19222,512,0,56308,0.0010000000000047748
67001000,10697,1833,127696,4734,-5095,125754,98,19228,401,0,56309,0.000999999999990564
67002000,11808,-3596,127355,8967,-4035,130860,105,19228,401,0,56310,0.0010000000000047748
67003000,3056,7133,131375,828,3643,121623,139,19228,430,1,56311,0.0010000000000047748
67004000,2454,7549,127608,-1016,5793,128315,139,19229,569,1,56312,0.000999999999990564
67005000,842,5391,131295,2777,1002,134269,111,19232,455,1,56313,0.0010000000000047748
67006000,4507,-6671,129279,-1405,-10297,127086,102,19227,418,0,56314,0.0010000000000047748
67007000,9361,-7220,130157,4417,-9508,128833,145,19234,594,0,56315,0.000999999999990564
67008000,6030,-7981,129089,14553,-12871,130002,108,19234,594,0,56316,0.0010000000000047748
67009001,2381,-3452,128283,-2954,4025,128856,112,19227,442,0,56317,0.00100100000000225
67010000,-11,8297,130581,-17916,12447,117868,112,19221,459,1,56318,0.0009989999999930887
67011000,-2300,16719,132040,-2593,7537,127021,121,19229,496,1,56319,0.0010000000000047748
67012000,-6034,6635,131718,-8505,-11231,131651,101,19232,414,1,56320,0.0010000000000047748
67013001,-875,-21069,126868,-13780,-23801,139740,114,19223,467,0,56321,0.00100100000000225
67014000,-35,-11200,131124,5788,-1905,127475,98,19223,467,0,56322,0.0009989999999930887
67015000,-3053,9778,131349,-7955,10218,121236,109,19234,401,0,56323,0.0010000000000047748
67016001,-5219,11827,131666,-16298,5372,129037,109,19231,446,1,56324,0.00100100000000225
67017000,-9655,2818,130978,-10193,-2538,132805,139,19223,569,1,56325,0.0009989999999930887
67018000,-6992,-2354,128302,-8273,7678,128709,115,19232,471,1,56326,0.0010000000000047748
67019000,-6520,9799,130183,-7978,9468,118178,101,19231,414,1,56327,0.000999999999990564
67020000,-2654,5481,128164,-14217,-11571,133429,161,19231,659,0,56328,0.0010000000000047748
67021001,-2085,-4649,124645,3704,-1136,125689,108,19243,659,0,56329,0.00100100000000225
67022000,-4903,-2372,128801,-15157,1782,127042,110,19224,442,0,56330,0.0009989999999930887
67023000,-443,-1542,127811,-5059,9793,122257,110,19220,451,1,56331,0.0010000000000047748
67024000,-9464,18850,129262,-5291,13364,119857,128,19229,524,1,56332,0.0010000000000047748
67025000,-5005,4170,126410,-15073,-1182,131285,108,19231,442,1,56333,0.000999999999990564
67026000,-51,2736,126434,2981,-1403,124730,111,19231,455,0,56334,0.0010000000000047748
67027000,-1662,-7968,123578,-4763,-197,131155,91,19225,455,0,56335,0.0010000000000047748
67028002,3283,-2612,124537,-2402,-1329,122507,109,19229,373,0,56336,0.0010019999999997253
67029002,-1841,8138,124531,-1612,5075,123801,109,19226,446,0,56337,0.000999999999990564
67030006,-701,10079,125083,-6722,9401,125339,131,19221,537,1,56338,0.0010040000000088867
67031000,-3744,12765,126361,-1331,10328,119680,114,19232,467,1,56339,0.0009939999999915017
67032000,4727,3758,126421,75,-9921,131859,95,19232,389,1,56340,0.0010000000000047748
67033000,8256,12844,125148,8164,2041,117792,118,19230,389,0,56341,0.0010000000000047748
67034000,9600,-7255,125103,5571,-12785,131225,111,19231,483,0,56342,0.000999999999990564
67035000,8460,-10290,126381,7010,-11067,129988,111,19227,455,0,56343,0.0010000000000047748
67036000,1614,3570,125004,5780,8143,120939,114,19225,467,1,56344,0.0010000000000047748
67037000,1074,9184,126487,-4496,9488,125444,129,19227,528,1,56345,0.000999999999990564
67038000,3933,10569,127305,2227,6400,121906,107,19230,438,1,56346,0.0010000000000047748
67039000,10443,834,124666,15435,-7668,131920,103,19230,438,1,56347,0.0010000000000047748
67040000,10368,3455,127137,2526,1131,118086,103,19221,422,0,56348,0.000999999999990564
67041000,9712,-4549,127836,6648,-14735,132646,103,19235,422,0,56349,0.0010000000000047748
67042000,8144,-14421,128775,7546,-18128,137300,112,19224,459,0,56350,0.0010000000000047748
67043000,1867,5165,129932,-3347,1218,126511,122,19224,500,1,56351,0.000999999999990564
67044000,-1542,12622,132523,-747,7492,124727,112,19229,459,1,56352,0.0010000000000047748
67045000,2711,21057,128792,2535,13943,119452,98,19229,459,1,56353,0.0010000000000047748
67046001,7625,-11787,124871,5050,-18163,141039,137,19230,401,0,56354,0.00100100000000225
67047001,9629,-8217,127061,8858,-7098,122851,137,19228,561,0,56355,0.000999999999990564
67048000,7132,5022,130238,5145,-1801,125805,102,19231,418,0,56356,0.0009990000000072996
67049000,658,-7103,130824,-7825,-6079,129393,103,19224,422,0,56357,0.000999999999990564
67050000,2219,4192,134574,-8463,-2744,139047,151,19234,618,1,56358,0.0010000000000047748
67051000,-10876,-4180,129761,2487,-7007,122700,107,19234,618,1,56359,0.0010000000000047748
67052000,-5037,14950,132190,-14792,11951,122557,98,19232,438,1,56360,0.000999999999990564
67053000,-73,-7615,128358,-10968,-13067,141645,98,19224,401,0,56361,0.0010000000000047748
67054000,847,-7554,127349,12181,-10303,125311,113,19232,463,0,56362,0.0010000000000047748
67055000,-616,2304,129698,-8211,-5948,132781,108,19229,442,0,56363,0.000999999999990564
67056001,-8774,-2801,131681,-15443,18091,118190,122,19221,500,1,56364,0.00100100000000225
67057000,-8696,15686,132620,-10845,1451,132958,112,19221,500,1,56365,0.0009990000000072996
67058000,-11505,17,128209,-7569,-2896,131446,100,19229,459,1,56366,0.000999999999990564
67059000,-3765,7850,129589,-11818,1937,122628,100,19228,410,1,56367,0.0010000000000047748
67060001,-3581,-2702,126369,-5930,-3972,130296,127,19215,520,0,56368,0.00100100000000225
67061000,152,746,127515,-4650,1437,122671,97,19233,397,0,56369,0.0009989999999930887
67062001,615,-482,127250,-10208,-8358,132288,102,19227,418,0,56370,0.00100100000000225
67063000,-8984,2648,126803,-8175,10589,121195,145,19227,594,1,56371,0.0009990000000072996
67064000,-5326,24000,129432,-13074,2517,126138,117,19228,594,1,56372,0.000999999999990564
67065001,-8092,3275,124861,2822,6672,126480,102,19234,479,1,56373,0.00100100000000225
67066002,-148,10933,126631,-9689,1195,122158,102,19223,418,0,56374,0.00100100000000225
67067000,1587,-6541,124251,4683,-13700,127811,110,19228,451,0,56375,0.0009979999999956135
67068000,1433,1855,124269,747,6499,123230,105,19229,430,0,56376,0.0010000000000047748
67069000,5112,-3837,126708,-9940,284,128643,117,19229,479,1,56377,0.0010000000000047748
67070000,-4980,9369,127010,-343,17451,119400,131,19226,479,1,56378,0.000999999999990564
67071000,-1047,16483,128639,-8942,1911,130539,101,19230,537,1,56379,0.0010000000000047748
67072000,2696,-4888,121150,9577,-1882,123277,101,19232,414,1,56380,0.0010000000000047748
67073000,4158,11626,126967,10187,-5910,120283,114,19224,467,0,56381,0.000999999999990564
67074002,11996,-6195,119776,-3947,-10508,127642,106,19230,434,0,56382,0.0010019999999997253
67075001,5703,6497,129793,15551,3418,123563,115,19230,471,0,56383,0.0009990000000072996
67076000,7389,183,126170,-3501,-5623,130204,145,19227,471,1,56384,0.0009989999999930887
67077000,1910,11626,128016,-4606,14613,118343,117,19227,594,1,56385,0.0010000000000047748
67078000,1956,4107,129460,17228,-9160,137449,117,19232,479,1,56386,0.0010000000000047748
67079000,9849,-10649,122295,4310,-11315,121960,96,19230,393,0,56387,0.000999999999990564
67080000,7010,17238,131565,-1095,10056,120932,134,19232,549,0,56388,0.0010000000000047748
67081000,14957,-11448,124646,16398,-15713,134346,101,19232,414,0,56389,0.0010000000000047748
67082000,4306,-1345,128584,4210,-4306,121244,106,19232,414,0,56390,0.000999999999990564
67083000,1526,4670,129995,-10650,-3088,135933,116,19224,434,1,56391,0.0010000000000047748
67084000,2805,4537,126311,9869,6584,124096,116,19230,475,1,56392,0.0010000000000047748
67085001,557,13151,133523,2383,4542,125319,104,19232,426,1,56393,0.0010009999999880392
67086001,8157,-5245,127633,-9258,-12823,131263,112,19215,459,0,56394,0.0010000000000047748
67087000,7151,-11674,129281,15285,-15945,131563,91,19227,373,0,56395,0.0009990000000072996
67088000,5142,-4535,130718,13693,-5858,134016,102,19227,373,0,56396,0.000999999999990564
67089000,-2441,2581,128268,-22427,-3698,122240,131,19229,418,1,56397,0.0010000000000047748
67090000,-1196,10203,132409,-15948,10327,126354,131,19222,537,1,56398,0.0010000000000047748
67091003,-6061,10422,132959,11342,103,124686,112,19231,459,1,56399,0.0010029999999972006
67092000,-2016,-3384,129684,-7056,-11746,125641,94,19222,385,1,56400,0.0009969999999981383
67093000,-4857,-10578,129890,-20136,-15596,136880,145,19231,594,0,56401,0.0010000000000047748
67094000,2569,-7522,129398,4520,-8436,131162,111,19231,594,0,56402,0.000999999999990564
67095000,-3052,14241,130726,-1737,10364,119522,116,19231,455,0,56403,0.0010000000000047748
67096002,-5305,5764,132419,-26601,2339,135039,116,19224,475,1,56404,0.0010019999999997253
67097002,-9963,5182,130031,-4809,3661,126841,135,19228,553,1,56405,0.0010000000000047748
67098002,-4161,2590,128066,-7159,-1189,130515,110,19229,451,1,56406,0.000999999999990564
67099000,-2909,9932,129208,-8168,8820,120867,112,19219,459,0,56407,0.0009980000000098244
67100002,-3983,-196,127021,-8655,-4485,133453,131,19219,459,0,56408,0.0010019999999997253
67101002,-2127,-8186,125365,-9757,-10711,123554,112,19229,537,0,56409,0.000999999999990564
67102002,-4477,14252,130075,-6798,1039,123588,112,19229,459,0,56410,0.0010000000000047748
67103001,-3368,5370,126126,-8118,7450,128638,129,19224,528,1,56411,0.0009989999999930887
67104000,-7291,9208,128184,-7656,2967,125226,117,19228,479,1,56412,0.0009990000000072996
67105000,62,2371,126158,-14930,-213,130251,105,19231,430,1,56413,0.0010000000000047748
67106000,-1539,9205,127251,6873,-89,120539,145,19231,430,0,56414,0.000999999999990564
67107000,1908,-7879,123913,-7318,-15407,134986,103,19235,594,0,56415,0.0010000000000047748
67108000,-845,-1550,125543,-3296,921,118829,103,19227,422,0,56416,0.000999999999990564
67109000,-991,17393,126875,-5332,8690,119527,107,19225,438,1,56417,0.0010000000000047748
67110000,-991,11112,125080,1833,13706,125180,151,19228,618,1,56418,0.0010000000000047748
67111000,-1823,11363,126010,-3605,3066,123737,108,19232,442,1,56419,0.000999999999990564
67112000,10595,2817,120449,1613,6718,120323,101,19232,414,0,56420,0.0010000000000047748
67113000,8845,6902,125488,8745,-1149,122228,90,19223,414,0,56421,0.0010000000000047748
67114000,14003,-13647,122812,3410,-16389,129964,115,19228,369,0,56422,0.000999999999990564
67115000,6907,-2263,127467,11418,838,125240,115,19226,471,0,56423,0.0010000000000047748
67116001,1582,-843,125836,-8057,3128,127094,123,19225,504,1,56424,0.00100100000000225
67117001,4610,14790,129936,9065,10159,119295,113,19227,463,1,56425,0.0010000000000047748
67118000,2514,15427,126695,9308,288,123097,101,19227,414,1,56426,0.0009989999999930887
67119000,10883,-160,125738,-2558,-4274,126735,132,19230,414,0,56427,0.0010000000000047748
67120000,7608,18,129438,11353,-11233,128446,97,19228,541,0,56428,0.000999999999990564
67121000,11819,-11375,126808,14946,-14368,130925,97,19229,397,0,56429,0.0010000000000047748
67122000,3908,-1768,130924,-2751,-4041,130678,100,19228,410,1,56430,0.0010000000000047748
67123000,-1522,7718,131986,-8620,13960,125349,128,19228,524,1,56431,0.000999999999990564
67124000,1426,17874,128843,9042,10851,123765,112,19233,459,1,56432,0.0010000000000047748
67125002,-303,631,128070,-741,-6822,129742,102,19233,459,1,56433,0.0010019999999997253
67126002,12668,-12735,127507,-4894,-21784,129330,125,19236,418,0,56434,0.0010000000000047748
67127000,13452,3740,132259,22589,-8615,126635,125,19232,512,0,56435,0.0009979999999956135
67128000,4770,-6817,128712,-8959,-6105,131492,103,19230,422,0,56436,0.0010000000000047748
67129000,1134,6031,134920,-17660,5536,128106,116,19219,475,1,56437,0.000999999999990564
67130000,-11605,3936,130280,11576,1823,129660,109,19227,446,1,56438,0.0010000000000047748
67131000,-6252,2997,128320,-15552,-574,127918,98,19227,446,1,56439,0.0010000000000047748
67132000,-4162,-2575,131079,-13923,-5849,132923,120,19232,401,0,56440,0.000999999999990564
67133000,6170,-3117,128907,4816,-3665,126328,120,19223,491,0,56441,0.0010000000000047748
67134000,1761,4538,130767,-423,145,126674,108,19226,442,0,56442,0.0010000000000047748
67135000,-5005,-9190,130785,-15959,-6942,135778,112,19225,459,0,56443,0.000999999999990564
67136000,-5700,1633,130769,-15292,-5716,129956,150,19229,614,1,56444,0.0010000000000047748
67137000,-13602,7647,129972,-7767,7973,130551,117,19229,614,1,56445,0.0010000000000047748
67138000,-5085,10984,133249,-14395,7246,123264,102,19233,479,1,56446,0.000999999999990564
67139000,-4815,5024,126623,-6009,-3920,126753,102,19225,418,0,56447,0.0010000000000047748
67140000,-1598,-10103,125795,-9104,-15699,136364,155,19232,635,0,56448,0.0010000000000047748
67141000,838,-2537,126277,-2822,-849,124829,102,19232,418,0,56449,0.000999999999990564
67142001,-7526,15462,129320,-3375,13576,120128,109,19222,446,1,56450,0.00100100000000225
67143000,-4406,11809,128139,-19046,7936,123387,112,19222,446,1,56451,0.0009990000000072996
67144000,-9314,-6249,126755,-6563,-9173,136084,107,19225,459,1,56452,0.000999999999990564
67145000,-89,-2233,125333,764,-5398,119119,107,19232,438,1,56453,0.0010000000000047748
67146001,2052,10166,126424,-7530,7455,120633,121,19226,496,0,56454,0.00100100000000225
67147000,3720,3746,125512,3877,-1583,131294,96,19228,393,0,56455,0.0009989999999930887
67148000,3746,-2117,124489,2914,-5922,128716,106,19228,434,0,56456,0.0010000000000047748
67149000,-5714,2343,125031,-14026,1982,125169,136,19228,434,1,56457,0.0010000000000047748
67150000,-2308,12892,127393,-4884,24003,113907,109,19224,557,1,56458,0.000999999999990564
67151000,-1193,12911,126249,10855,-3755,128972,109,19232,446,1,56459,0.0010000000000047748
67152000,7486,-5946,122190,-5635,-11298,128677,95,19230,389,0,56460,0.0010000000000047748
67153005,7893,3281,124213,17007,1773,121003,106,19232,434,0,56461,0.001004999999992151
67154000,8972,3106,124227,5844,4581,121189,113,19224,463,0,56462,0.0009950000000031878
67155000,7185,4536,127320,-1563,-5223,129488,116,19224,475,0,56463,0.0010000000000047748
67156000,2569,-6183,126969,5820,-8290,132155,118,19222,475,1,56464,0.000999999999990564
67157000,6492,1892,126323,3052,5546,122450,104,19227,483,1,56465,0.0010000000000047748
67158002,5303,12132,127804,4080,5034,121332,104,19232,426,1,56466,0.0010019999999997253
67159000,11777,5824,125901,3913,2707,124783,112,19220,459,0,56467,0.0009979999999956135
67160000,10017,-1245,126108,11180,-11302,133589,89,19230,365,0,56468,0.0010000000000047748
67161002,4941,-10996,126267,7775,-15440,130642,104,19230,426,0,56469,0.0010019999999997253
67162000,5407,5829,127701,-5916,8890,118644,125,19230,426,1,56470,0.0009979999999956135
67163000,1893,6772,130992,4641,7338,129469,110,19227,512,1,56471,0.0010000000000047748
67164000,3977,7751,132907,4636,343,128323,110,19230,451,1,56472,0.0010000000000047748
67165000,3191,2388,127503,-6238,-2808,126006,98,19228,401,1,56473,0.000999999999990564
67166001,6519,-3239,130726,2830,-9747,129343,152,19232,623,0,56474,0.00100100000000225
67167000,8728,-5187,128822,18807,-13201,127947,106,19232,434,0,56475,0.0009990000000072996
67168000,1607,-5210,128957,-11826,-11945,134940,108,19229,434,0,56476,0.000999999999990564
67169000,888,5049,134390,-12185,4690,125194,137,19225,442,1,56477,0.0010000000000047748
67170000,-4317,13753,133281,5195,9201,121284,137,19228,561,1,56478,0.0010000000000047748
67171030,-5378,9797,131288,-9816,1779,131860,105,19230,430,1,56479,0.0010300000000000864
67172000,-1180,-11237,126607,-16099,-17613,133775,103,19224,422,0,56480,0.0009699999999952524
67173002,-1405,-11470,129062,6153,-12732,134340,95,19230,389,0,56481,0.0010019999999997253
67174003,-124,7605,131826,-3450,10157,119728,109,19230,389,0,56482,0.00100100000000225
67175000,-5191,11261,131891,-16617,4544,127925,128,19227,446,1,56483,0.0009969999999981383
67176000,-7124,-8965,130058,-10849,-11718,140321,128,19218,524,1,56484,0.0010000000000047748
67177000,-6975,4442,128234,-11686,7130,123978,113,19230,463,1,56485,0.000999999999990564
67178002,-7057,14968,130777,-10428,14303,122230,98,19230,401,1,56486,0.0010019999999997253
67179000,-2656,9709,130517,-4922,-602,125931,137,19223,561,0,56487,0.0009980000000098244
67180000,-5922,-14395,123685,-4593,-19669,141494,101,19223,561,0,56488,0.000999999999990564
67181000,-1438,-1569,127819,-5983,-2795,123769,105,19232,414,0,56489,0.0010000000000047748
67182000,-3819,9785,128017,-11034,8773,120749,105,19225,430,1,56490,0.0010000000000047748
67183000,-8098,12720,131398,-9566,1870,123771,142,19226,582,1,56491,0.000999999999990564
67184000,-6522,5615,126306,-12672,4613,125643,109,19229,446,1,56492,0.0010000000000047748
67185000,-2737,4198,127302,-3169,-1963,128025,103,19225,422,0,56493,0.0010000000000047748
67186000,-1051,1499,124763,3413,-2957,120978,91,19225,422,0,56494,0.000999999999990564
67187000,2315,-3350,123146,-2520,-9470,129114,109,19229,373,0,56495,0.0010000000000047748
67188000,-8,-1034,126247,-10012,-587,128294,109,19229,446,0,56496,0.0010000000000047748
67189002,1452,11567,126593,472,8095,117466,121,19217,496,1,56497,0.0010019999999997253
67190000,-3872,9465,127216,193,4479,129777,112,19230,459,1,56498,0.0009979999999956135
67191000,3130,9054,123739,-5219,7137,117383,93,19233,381,1,56499,0.0010000000000047748
67192000,4468,6999,123867,6237,3386,127546,122,19233,381,0,56500,0.000999999999990564
67193000,10948,-2341,121947,6718,-8442,124663,106,19231,500,0,56501,0.0010000000000047748
67194000,7610,-9534,124903,8674,-14553,132189,106,19227,434,0,56502,0.0010000000000047748
67195000,4754,-2260,129122,981,-4134,121021,112,19226,459,1,56503,0.000999999999990564
67196000,2014,10115,127557,-877,4005,120994,149,19228,610,1,56504,0.0010000000000047748
67197000,436,10468,127710,2419,6449,132701,109,19234,446,1,56505,0.0010000000000047748
67198000,10401,948,123839,4942,9557,119875,93,19234,446,1,56506,0.000999999999990564
67199000,10071,406,125298,6687,1669,126078,122,19218,381,0,56507,0.0010000000000047748
67200000,11126,-3875,128850,11469,-20508,133036,105,19232,500,0,56508,0.0010000000000047748
67201000,6911,-18471,124081,46,-9993,130991,105,19228,430,0,56509,0.000999999999990564
67202000,2029,4736,133786,-3117,6677,132660,112,19224,459,1,56510,0.0010000000000047748
67203000,-2361,13941,129665,6397,13138,116177,107,19229,438,1,56511,0.0010000000000047748
67204001,-990,16190,130423,-1043,4221,130568,102,19229,418,1,56512,0.0010009999999880392
67205000,6361,-3312,128916,-3669,-21738,135155,120,19229,418,0,56513,0.0009990000000072996
67206000,10862,-13952,123950,16473,-6606,122305,97,19216,491,0,56514,0.0010000000000047748
67207000,9868,1543,131108,9639,-2173,133429,97,19232,397,0,56515,0.000999999999990564
67208000,842,-6909,129783,-18165,-2135,118239,105,19228,430,0,56516,0.0010000000000047748
67209000,884,10987,136101,-8474,236,139870,140,19228,573,1,56517,0.0010000000000047748
67210000,-8060,860,129278,2339,627,127716,114,19228,467,1,56518,0.000999999999990564
67211000,-5680,9644,131232,-14349,2957,122877,99,19229,467,1,56519,0.0010000000000047748
67212000,1256,-2765,128142,-6991,-13898,133107,128,19221,405,0,56520,0.0010000000000047748
67213001,3072,-5360,127648,5038,-15354,130961,128,19229,524,0,56521,0.0010009999999880392
67214000,2846,9943,133497,-7898,2825,124893,111,19228,455,0,56522,0.0009990000000072996
67215000,-8250,4799,131285,-19955,-2043,127887,118,19223,483,1,56523,0.0010000000000047748
67216000,-10006,8694,134002,-10244,6391,130688,121,19231,496,1,56524,0.000999999999990564
67217000,-10967,6743,129893,-6443,-2734,128066,108,19231,496,1,56525,0.0010000000000047748
67218001,-3371,9315,126794,-12030,8257,121514,117,19231,442,1,56526,0.00100100000000225
67219000,-1917,5379,128494,-9349,-2788,125758,117,19216,479,0,56527,0.0009989999999930887
67220000,431,-9683,125257,2152,-11259,128477,92,19233,377,0,56528,0.0010000000000047748
67221000,1835,2888,129600,-10839,-2111,127692,104,19232,426,0,56529,0.0010000000000047748
67222000,-8140,7751,127900,-17946,5197,123355,133,19224,545,1,56530,0.000999999999990564
67223000,-6248,16772,129783,-1417,11691,127002,120,19224,545,1,56531,0.0010000000000047748
67224000,-7616,286,124483,-5553,-1994,126053,102,19228,491,1,56532,0.0010000000000047748
67225001,-401,12010,125176,-8662,6996,122553,102,19219,418,0,56533,0.0010009999999880392
67226000,2141,1473,124015,-1632,-1873,125715,132,19236,541,0,56534,0.0009990000000072996
67227000,3186,1237,124112,4681,643,120835,105,19228,430,0,56535,0.0010000000000047748
67228000,2467,4356,127432,-13857,2821,130349,111,19224,455,0,56536,0.000999999999990564
67229000,-2465,4857,125622,1847,344,125557,143,19224,455,1,56537,0.0010000000000047748
67230002,-4392,14142,126713,3358,5820,124538,107,19233,586,1,56538,0.0010019999999997253
67231000,2846,7463,124121,-13933,4982,121195,107,19231,438,1,56539,0.0009979999999956135
67232001,9537,6396,127630,12836,2908,123078,107,19227,438,0,56540,0.00100100000000225
67233001,12785,-5315,122852,16352,-15473,125969,86,19227,352,0,56541,0.0010000000000047748
67234000,4639,-61,125165,-8600,-6708,124242,113,19229,463,0,56542,0.0009989999999930887
67235000,4042,2496,129433,6256,-1140,134099,129,19229,463,1,56543,0.0010000000000047748
67236000,946,7322,128385,7746,12159,118041,117,19224,528,1,56544,0.000999999999990564
67237000,4055,17193,130081,-2434,12573,126207,117,19229,479,1,56545,0.0010000000000047748
67238000,7583,-5445,122123,2055,-11162,128976,98,19229,401,0,56546,0.0010000000000047748
67239000,15189,-818,125361,13350,-2255,131582,139,19229,569,0,56547,0.000999999999990564
67240000,10241,-4950,127883,13111,-9174,127236,103,19224,422,0,56548,0.0010000000000047748
67241000,6380,-7200,126933,1621,-11234,129304,105,19224,422,0,56549,0.0010000000000047748
67242000,4259,2481,131189,-2790,-1240,128168,128,19227,430,1,56550,0.000999999999990564
67243000,-2017,19966,131047,4221,687,124729,128,19229,524,1,56551,0.0010000000000047748
67244000,1664,7667,128491,3056,5705,124633,112,19233,459,1,56552,0.0010000000000047748
67245000,6561,-5016,130341,-3916,-11689,130070,103,19222,422,0,56553,0.000999999999990564
67246000,11672,-21566,127579,1763,-20782,139181,129,19228,528,0,56554,0.0010000000000047748
67247000,4936,-4129,130374,27499,10947,118324,110,19228,451,0,56555,0.0010000000000047748
67248000,-1318,5098,131293,-29172,-4353,133725,120,19235,451,1,56556,0.000999999999990564
67249000,-2274,4475,130344,-239,19867,122429,110,19215,491,1,56557,0.0010000000000047748
67250000,-6125,16375,133255,1380,-4706,133740,110,19231,451,1,56558,0.0010000000000047748
67251000,-1716,-9794,128286,-6138,-10216,129554,97,19226,397,1,56559,0.000999999999990564
67252002,-2372,-8198,129157,-14141,-16782,129784,129,19225,528,0,56560,0.0010019999999997253
67253000,4614,-9362,128637,1924,3240,132797,103,19225,422,0,56561,0.0009980000000098244
67254000,-1077,8145,129816,-7684,8708,122994,109,19230,422,0,56562,0.000999999999990564
67255000,-5893,10599,130428,-19210,2765,129712,144,19230,446,1,56563,0.0010000000000047748
67256000,-12717,9766,128199,-12104,5968,126928,144,19230,590,1,56564,0.0010000000000047748
67257003,-5376,496,129695,-6430,2782,128330,113,19231,463,1,56565,0.0010029999999972006
67258000,-1695,4117,131018,-288,927,129722,101,19222,414,0,56566,0.0009969999999981383
67259002,-1118,-1311,125463,-14056,-4384,124289,147,19231,602,0,56567,0.0010019999999997253
67260000,-4967,-897,126790,-7002,-1692,126135,108,19231,602,0,56568,0.0009979999999956135
67261000,-1204,4441,127514,-10031,8164,128242,113,19228,442,0,56569,0.0010000000000047748
67262000,-4957,6126,125573,-3980,6173,122735,113,19221,463,1,56570,0.0010000000000047748
67263000,-7488,10800,130318,-15269,3785,128680,109,19227,446,1,56571,0.000999999999990564
67264000,-1587,4337,125957,-7329,4081,120551,106,19231,434,1,56572,0.0010000000000047748
67265000,-438,7356,129014,5498,-2667,128578,126,19223,516,0,56573,0.0010000000000047748
67266000,1874,-9514,123081,-1377,-11434,130296,101,19223,516,0,56574,0.000999999999990564
67267000,-2318,138,125575,-4789,-3074,124428,105,19227,414,0,56575,0.0010000000000047748
67268000,-1184,19591,127316,-4753,16583,118725,105,19225,430,1,56576,0.0010000000000047748
67269000,-1222,15231,126377,-2057,7675,121606,141,19224,577,1,56577,0.000999999999990564
67270000,-1015,3641,125999,-2277,3934,132634,111,19232,455,1,56578,0.0010000000000047748
67271000,7036,6466,123403,411,5934,116317,95,19219,389,0,56579,0.0010000000000047748
67272000,7885,3358,123021,9053,-3193,128097,106,19219,389,0,56580,0.000999999999990564
67273000,13444,-3926,123923,6516,-8899,124672,113,19233,434,0,56581,0.0010000000000047748
67274000,6237,-5613,125295,5753,-9881,129559,113,19228,463,0,56582,0.0010000000000047748
67275000,3696,1189,127380,4061,1232,127563,116,19222,475,1,56583,0.000999999999990564
67276000,2614,14658,129236,-2098,9952,119776,115,19239,471,1,56584,0.0010000000000047748
67277000,4896,7987,128197,7975,659,126868,100,19228,410,1,56585,0.0010000000000047748
67278000,9363,-814,125142,7477,-3965,124509,114,19228,410,0,56586,0.000999999999990564
67279002,8815,-625,128943,1633,-3683,131961,91,19224,467,0,56587,0.0010019999999997253
67280000,9710,528,127194,15781,-6801,129917,91,19234,373,0,56588,0.0009980000000098244
67281000,3712,-5674,127947,3956,-7294,132089,101,19232,414,0,56589,0.000999999999990564
67282000,2551,10770,131841,-10619,10246,124318,129,19227,528,1,56590,0.0010000000000047748
67283000,1563,15407,129980,3188,10784,123078,112,19231,459,1,56591,0.0010000000000047748
67284000,2966,520,128319,6004,-4697,133801,98,19231,459,1,56592,0.000999999999990564
67285000,11677,-8691,126590,-3401,-13101,126874,156,19228,401,0,56593,0.0010000000000047748
67286000,5500,-5870,129339,12898,-7453,130643,156,19235,639,0,56594,0.0010000000000047748
67287000,8646,-5566,128453,7218,-9844,129373,102,19231,418,0,56595,0.000999999999990564
67288000,664,2273,133053,-14781,20,129043,108,19222,442,1,56596,0.0010000000000047748
67289000,-6867,7208,133197,-2381,3204,128425,133,19228,545,1,56597,0.0010000000000047748
67290000,-8045,5780,130291,-3726,-9295,128660,104,19228,426,1,56598,0.000999999999990564
67291000,-2405,-2392,128910,-18069,-2235,132157,104,19228,426,0,56599,0.0010000000000047748
67292000,2092,-8636,128524,6150,-6171,127651,90,19221,426,0,56600,0.0010000000000047748
67293000,4577,2290,128249,451,516,125661,90,19230,369,0,56601,0.000999999999990564
67294000,-5167,4552,133040,-12675,-5313,133846,109,19227,446,0,56602,0.0010000000000047748
67295000,-6827,-2221,130607,-9088,-324,130576,131,19226,537,1,56603,0.0010000000000047748
67296002,-9835,7775,131230,-12455,10579,126238,113,19226,463,1,56604,0.0010019999999997253
67297000,-9706,12115,129762,-13720,7216,124784,97,19230,463,1,56605,0.0009979999999956135
67298000,-3552,6580,128778,-2769,-5669,128237,148,19229,397,0,56606,0.0010000000000047748
67299000,-2564,-7853,125219,-1786,-16296,133991,148,19228,606,0,56607,0.000999999999990564
67300003,-2950,4207,127803,-7508,4983,119975,103,19231,422,0,56608,0.0010030000000114114
67301000,-3359,4784,126990,-10932,2585,125806,107,19224,438,1,56609,0.0009969999999981383
67302000,-3269,9861,129629,-2838,10276,120560,129,19224,528,1,56610,0.000999999999990564
67303000,-10631,3221,128019,-12716,3343,135779,108,19229,528,1,56611,0.0010000000000047748
67304000,-1576,2284,123123,-8068,7142,120258,105,19234,442,1,56612,0.0010000000000047748
67305000,1708,8331,126005,3007,-254,127589,105,19224,430,0,56613,0.000999999999990564
67306000,3388,-7670,122558,-4480,-9066,125793,86,19230,352,0,56614,0.0010000000000047748
67307000,3104,3808,127503,-5206,-3732,126607,110,19227,451,0,56615,0.0010000000000047748
67308001,-3227,3124,127256,2880,-1736,128554,122,19221,500,1,56616,0.0010009999999880392
67309000,-5477,15954,126595,-7931,15733,114855,110,19221,500,1,56617,0.0009990000000072996
67310000,-1135,15286,128152,-2746,5198,129843,94,19231,451,1,56618,0.0010000000000047748
67311000,5745,270,122234,8927,-2127,122595,94,19233,385,0,56619,0.000999999999990564
67312000,9726,6354,123711,1788,-1433,122108,134,19234,549,0,56620,0.0010000000000047748
67313000,7456,-2888,125151,7243,-3201,123525,119,19231,487,0,56621,0.0010000000000047748
67314000,7545,-2600,127059,3915,-12604,128861,118,19224,483,0,56622,0.000999999999990564
67315000,4089,-6142,128390,599,-3155,132113,132,19224,483,1,56623,0.0010000000000047748
67316000,2367,13170,128746,-3422,11231,114757,109,19231,541,1,56624,0.0010000000000047748
67317000,6306,10904,125708,7423,3336,130265,109,19231,446,1,56625,0.000999999999990564
67318000,9791,2733,124347,10151,-3089,119758,104,19224,426,0,56626,0.0010000000000047748
67319000,10228,-3945,126648,3498,-11727,131988,112,19228,459,0,56627,0.0010000000000047748
67320001,7432,-9381,128078,11030,-9721,128436,105,19228,430,0,56628,0.0010009999999880392
67321002,6099,2852,130705,2086,-2827,128860,112,19228,430,1,56629,0.00100100000000225
67322000,154,5176,129430,-2626,4903,131560,109,19223,459,1,56630,0.0009980000000098244
67323000,1095,12091,130280,-3036,5782,121813,109,19228,446,1,56631,0.000999999999990564
67324000,4277,1625,127798,5454,-2946,130110,99,19233,405,1,56632,0.0010000000000047748
67325000,10689,-7127,125359,4963,-13848,123343,133,19225,545,0,56633,0.0010000000000047748
67326001,8991,-4788,129765,15951,-5593,136536,102,19228,418,0,56634,0.0010009999999880392
67327000,2480,-10426,124905,-4048,-12791,126328,105,19228,418,0,56635,0.0009990000000072996
67328000,3606,8496,134884,-19090,7195,123860,144,19227,430,1,56636,0.0010000000000047748
67329000,-6710,7329,134465,4357,2368,136254,144,19225,590,1,56637,0.000999999999990564
67330000,-7589,-1020,128497,1291,-3860,123749,109,19231,446,1,56638,0.0010000000000047748
67331000,-1246,-929,130506,-24347,-4115,135605,96,19224,393,0,56639,0.0010000000000047748
67332000,-1959,-5872,127313,-141,-8303,120807,121,19233,496,0,56640,0.000999999999990564
67333000,4559,6120,131236,6368,3279,134998,109,19233,496,0,56641,0.0010000000000047748
67334000,-8747,-1681,132487,-18585,-6655,129696,118,19227,446,0,56642,0.0010000000000047748
67335000,-6847,3685,131590,-13730,931,128265,118,19220,483,1,56643,0.000999999999990564
67336000,-8846,3074,131636,-7168,230,127159,111,19229,455,1,56644,0.0010000000000047748
67337000,-6601,13765,129275,-7947,-1906,123278,103,19232,422,1,56645,0.0010000000000047748
67338001,-717,5488,127347,-2972,-3861,129983,120,19215,491,0,56646,0.0010009999999880392
67339000,-6158,-10504,124141,-13406,-3117,126815,93,19215,381,0,56647,0.0009990000000072996
67340000,2418,3998,131344,-6403,-5122,130322,107,19231,381,0,56648,0.0010000000000047748
67341000,-7286,1033,125496,-6076,346,119546,140,19223,438,1,56649,0.000999999999990564
67342000,-5657,20368,130789,-17494,13431,123540,140,19227,573,1,56650,0.0010000000000047748
67343001,-6406,2906,127428,88,-3432,131981,115,19232,471,1,56651,0.00100100000000225
67344000,-3936,5412,124004,-7359,5788,117037,101,19227,414,0,56652,0.0009989999999930887
67345000,4174,7211,125685,-7085,1064,124163,125,19227,512,0,56653,0.0010000000000047748
67346000,1601,2087,126235,7550,-8696,126139,110,19233,512,0,56654,0.0010000000000047748
67347002,5475,-6836,124040,-11037,-2067,133897,114,19224,451,0,56655,0.0010019999999997253
67348001,-3323,-2647,126570,-7047,13369,120586,114,19223,467,1,56656,0.0009989999999930887
67349003,-592,22317,128173,-3704,13242,121288,136,19230,557,1,56657,0.0010019999999997253
67350003,3533,15070,122460,6770,5421,122310,103,19234,422,1,56658,0.0010000000000047748
67351002,4169,540,125023,420,-12269,126039,109,19227,446,0,56659,0.0009989999999930887
67352000,12467,-3086,124028,11016,-2617,122575,109,19227,446,0,56660,0.0009980000000098244
67353000,4512,4646,126684,11421,1875,121051,118,19232,446,0,56661,0.000999999999990564
67354000,6676,-2145,127450,-2258,-8392,130754,118,19225,483,1,56662,0.0010000000000047748
67355000,2325,673,126046,-3131,2664,126016,139,19229,569,1,56663,0.0010000000000047748
67356000,4572,9534,127932,5771,7634,123051,117,19224,479,1,56664,0.000999999999990564
67357002,8730,8790,127971,12030,3829,123207,98,19229,401,1,56665,0.0010019999999997253
67358000,9032,2421,126328,-1636,-4493,125277,149,19229,401,0,56666,0.0009979999999956135
67359001,14454,-10275,126126,12964,-16680,135377,104,19232,610,0,56667,0.00100100000000225
67360001,4341,-3713,128664,10462,-12467,125667,104,19231,426,0,56668,0.0010000000000047748
67361000,4857,-1115,130163,-14157,-7012,132038,103,19226,422,1,56669,0.0009989999999930887
67362000,-1778,24955,133055,4332,18915,119756,119,19226,487,1,56670,0.0010000000000047748
67363000,-735,8752,129087,3660,-1535,131627,107,19232,438,1,56671,0.0010000000000047748
67364000,6694,-3954,126730,107,-7937,127608,109,19232,438,0,56672,0.000999999999990564
67365000,9763,-7192,128483,5716,-9793,127470,98,19220,446,0,56673,0.0010000000000047748
67366003,11513,-2221,129239,14398,-4619,131560,98,19232,401,0,56674,0.0010029999999972006
67367001,4302,-3568,130795,-13465,-6608,128076,102,19232,418,0,56675,0.0009980000000098244
67368002,-2519,5958,134244,-6329,1098,130860,125,19220,512,1,56676,0.0010009999999880392
67369001,-8912,7906,131379,-3052,1282,129587,110,19232,451,1,56677,0.0009990000000072996
67370000,-6922,-131,130842,-9568,-7988,126714,96,19232,451,1,56678,0.0009989999999930887
67371000,1253,-3324,130863,-6562,-10345,128022,140,19230,393,0,56679,0.0010000000000047748
67372000,385,2281,128518,-1095,-1088,124570,140,19232,573,0,56680,0.0010000000000047748
67373000,110,-5920,132892,-1982,-8337,133361,103,19232,422,0,56681,0.000999999999990564
67374000,-7664,7776,130878,-13805,2040,123706,109,19223,446,1,56682,0.0010000000000047748
67375000,-10348,-494,129577,-12930,-3856,139303,133,19230,545,1,56683,0.0010000000000047748
67376000,-10563,6928,131075,-11378,7230,124523,112,19230,545,1,56684,0.000999999999990564
67377000,-3844,11094,129720,-10852,5661,123175,104,19232,459,1,56685,0.0010000000000047748
67378000,-658,284,126711,-3226,-1974,131488,104,19224,426,0,56686,0.0010000000000047748
67379000,-338,-7445,124352,-5523,-10632,130657,127,19233,520,0,56687,0.000999999999990564
67380000,-163,-51,127118,-4894,-2400,121941,103,19231,422,0,56688,0.0010000000000047748
67381000,-5488,14455,127715,-7893,10210,119178,120,19222,491,1,56689,0.0010000000000047748
67382000,-9720,7196,129431,-13216,4149,135693,117,19222,479,1,56690,0.000999999999990564
67383002,-7651,3637,128185,-7162,-3180,124925,102,19230,479,1,56691,0.0010019999999997253
67384002,-359,929,124732,-5941,-5536,127783,129,19227,418,0,56692,0.0010000000000047748
67385000,-409,7310,125386,148,11957,114271,129,19231,528,0,56693,0.0009979999999956135
67386000,4121,2104,124032,-1232,-8458,129320,100,19230,410,0,56694,0.0010000000000047748
67387000,-506,-4429,124749,-2413,5262,127594,107,19227,438,0,56695,0.0010000000000047748
67388000,-2958,6251,125556,-12905,9088,121928,156,19227,639,1,56696,0.000999999999990564
67389000,-377,11498,127226,5087,13581,124549,111,19230,639,1,56697,0.0010000000000047748
67390000,67,9954,123204,5932,460,121762,97,19232,455,1,56698,0.0010000000000047748
67391000,9786,840,123042,-4609,-5064,126741,97,19225,397,0,56699,0.000999999999990564
67392000,9161,3647,125949,16697,-6189,123704,97,19227,397,0,56700,0.0010000000000047748
67393001,9382,-1857,124722,7147,-6352,128405,112,19227,459,0,56701,0.00100100000000225
67394000,4638,2635,127214,-2035,379,127035,121,19227,496,1,56702,0.0009989999999930887
67395002,-805,2166,127929,1730,1979,127072,112,19222,496,1,56703,0.0010019999999997253
67396000,4923,9941,127533,12864,3494,125567,100,19228,459,1,56704,0.0009980000000098244
67397000,3205,7125,125086,435,12189,120269,100,19232,410,1,56705,0.000999999999990564
67398000,17055,2723,126424,393,-1655,125826,118,19228,483,0,56706,0.0010000000000047748
67399001,10431,-12289,124752,18745,-12201,131240,96,19230,393,0,56707,0.00100100000000225
67400003,7254,-4220,128356,-3348,-9562,130470,105,19230,430,0,56708,0.0010019999999997253
67401002,4120,-1722,128926,-3271,-3456,130208,141,19230,430,1,56709,0.0009989999999930887
67402000,-859,19299,133095,9078,18068,119797,112,19230,577,1,56710,0.0009980000000098244
67403000,1772,9950,131628,-2154,-2845,130720,112,19230,459,1,56711,0.000999999999990564
67404000,2579,-8949,128263,44,-13871,131969,96,19226,393,0,56712,0.0010000000000047748
67405000,9719,-7772,129313,7844,-10709,131413,130,19232,532,0,56713,0.0010000000000047748
67406002,5742,-3404,127238,15371,-5446,127743,105,19230,430,0,56714,0.0010019999999997253
67407006,1281,5772,131737,-20579,5132,126269,113,19230,430,0,56715,0.0010039999999946758
67408000,604,2637,132037,-8804,2138,130294,125,19228,463,1,56716,0.0009940000000057125
67409000,-8610,10148,134059,10210,3008,124502,125,19228,512,1,56717,0.000999999999990564
67410002,-2012,2016,129249,-15459,-5088,130385,101,19228,414,1,56718,0.0010019999999997253
67411000,-3085,-14635,128480,-11410,-17679,137265,115,19222,471,0,56719,0.0009980000000098244
67412000,4293,-1353,130551,7078,-3481,124461,95,19229,389,0,56720,0.000999999999990564
67413001,-2004,886,129168,-5271,-2328,132309,110,19229,389,0,56721,0.00100100000000225
67414000,-7700,7135,133602,-16290,4757,121500,140,19229,451,1,56722,0.0009990000000072996
67415000,-9846,1597,130466,-17363,-8781,134087,140,19230,573,1,56723,0.000999999999990564
67416000,-11373,4144,128880,-5439,4794,127824,117,19231,479,1,56724,0.0010000000000047748
67417000,-3795,14845,130346,-10525,6772,120115,100,19225,410,1,56725,0.0010000000000047748
67418000,-6418,-4631,125299,-9232,-10810,130280,158,19228,647,0,56726,0.000999999999990564
67419000,-1848,-4494,126047,-6378,-8226,127459,105,19228,647,0,56727,0.0010000000000047748
67420000,-1818,-3270,127109,-6997,-6141,133792,110,19230,430,0,56728,0.0010000000000047748
67421000,-4919,12817,127921,-6343,11320,112268,110,19224,451,1,56729,0.000999999999990564
67422000,-7062,15263,127789,-15474,9096,124832,134,19229,549,1,56730,0.0010000000000047748
67423000,-6063,-2227,126941,-7519,-8341,133780,109,19231,446,1,56731,0.0010000000000047748
67424003,4040,2064,125518,5459,-2532,115710,113,19224,463,0,56732,0.0010029999999972006
67425000,-3213,-993,124757,-3361,-2367,134169,101,19224,414,0,56733,0.0009969999999981383
67426000,891,4622,123947,-5642,1612,117921,112,19231,414,0,56734,0.0010000000000047748
67427000,265,11097,127370,447,7758,135567,134,19233,459,0,56735,0.000999999999990564
67428000,-1426,5739,124781,-3566,3712,119239,134,19222,549,1,56736,0.0010000000000047748
67429000,-1290,14846,126920,-2531,12769,121343,115,19228,471,1,56737,0.0010000000000047748
67430000,4297,4958,124986,-1734,1122,124148,97,19228,397,1,56738,0.000999999999990564
67431000,11618,4847,122945,7543,-6806,119948,125,19228,512,0,56739,0.0010000000000047748
67432000,11610,-6477,125303,13670,-8003,140219,112,19231,512,0,56740,0.0010000000000047748
67433000,8087,-13263,123226,2524,-1165,117318,112,19229,459,0,56741,0.000999999999990564
67434000,2044,4612,127503,4459,1967,132300,112,19225,459,1,56742,0.0010000000000047748
67435000,81,9020,127894,-4413,12861,117969,129,19229,528,1,56743,0.0010000000000047748
67436000,7260,11851,126389,11008,4896,127055,108,19232,442,1,56744,0.000999999999990564
67437000,6625,15,124931,6037,-3127,125217,106,19232,434,0,56745,0.0010000000000047748
67438001,11575,8767,126382,285,-2571,119200,98,19222,434,0,56746,0.00100100000000225
67439000,11756,-17670,126298,20297,-23359,144209,101,19230,401,0,56747,0.0009989999999930887
67440000,5893,-9388,130516,-6031,-654,125222,101,19228,414,0,56748,0.0010000000000047748
67441000,1186,4593,129310,-8799,17620,128041,118,19222,483,1,56749,0.0010000000000047748
67442000,-1378,14936,130136,8252,17102,120204,110,19229,451,1,56750,0.000999999999990564
67443000,2463,7095,127442,-6276,-8693,132967,97,19232,397,1,56751,0.0010000000000047748
67444000,10927,-9810,125327,7419,-14349,128237,138,19232,397,0,56752,0.0010000000000047748
67445000,7778,-2333,129640,15178,300,122633,103,19227,565,0,56753,0.000999999999990564
67446000,7568,-7465,130274,2355,-15821,138577,103,19228,422,0,56754,0.0010000000000047748
67447000,-1455,4658,133723,-13064,3122,123750,105,19227,430,1,56755,0.0010000000000047748
67448000,-4340,4737,133706,-5856,-2570,135382,156,19229,639,1,56756,0.000999999999990564
67449001,-11248,5297,129553,-6212,9986,121013,106,19229,434,1,56757,0.00100100000000225
67450001,935,2239,130800,-16046,-6723,128531,100,19229,434,1,56758,0.0010000000000047748
67451000,632,-13092,127259,10456,-11521,135603,118,19223,410,0,56759,0.0009989999999930887
67452000,4675,5161,129724,-4468,2400,121660,118,19228,483,0,56760,0.0010000000000047748
67453000,-4594,2712,129392,-19687,773,130564,110,19228,451,0,56761,0.0010000000000047748
67454000,-6700,2086,131948,-7429,2346,129694,123,19221,504,1,56762,0.000999999999990564
67455001,-10354,-1982,131356,-12125,-2467,137499,111,19229,455,1,56763,0.00100100000000225
67456000,-10759,16016,130291,-11775,7829,118140,101,19229,455,1,56764,0.0009990000000072996
67457000,-2447,10755,128734,-13659,-1364,126478,129,19231,414,0,56765,0.000999999999990564
67458000,-1482,-9628,125590,737,-11865,134960,129,19221,528,0,56766,0.0010000000000047748
67459000,-1599,1867,128482,-3241,157,120089,102,19234,418,0,56767,0.0010000000000047748
67460000,-2156,-3944,126299,-18533,-2156,130874,105,19228,430,0,56768,0.000999999999990564
67461000,-7325,17542,130521,-9488,14416,117426,144,19228,590,1,56769,0.0010000000000047748
67462000,-3837,1790,125086,-5271,-7477,135597,114,19228,590,1,56770,0.0010000000000047748
67463000,-7267,3346,124630,-8809,6135,120998,103,19230,467,1,56771,0.000999999999990564
67464000,92,7587,126262,-7162,-1723,121727,103,19224,422,0,56772,0.0010000000000047748
67465000,1711,-2670,126095,4980,-7622,127688,117,19228,479,0,56773,0.0010000000000047748
67466000,2481,1522,126786,-4451,-5635,126526,114,19228,467,0,56774,0.000999999999990564
67467000,-2925,-9143,126246,-4191,-8277,132054,117,19222,479,1,56775,0.0010000000000047748
67468000,-5552,30449,129359,-3776,24606,113000,122,19222,479,1,56776,0.0010000000000047748
67469000,320,4249,123732,-9770,-3109,135338,103,19230,500,1,56777,0.000999999999990564
67470001,4975,7972,125294,10371,6979,119521,103,19230,422,0,56778,0.00100100000000225
67471000,12370,311,122356,7390,-5552,121739,116,19225,475,0,56779,0.0009990000000072996
67472000,10708,-1995,123285,3930,-4705,123367,100,19226,410,0,56780,0.000999999999990564
67473000,7330,-6418,126533,9521,-11528,138470,107,19226,438,0,56781,0.0010000000000047748
67474000,5511,-6070,124939,-283,-7302,117497,140,19226,573,1,56782,0.0010000000000047748
67475000,1172,24377,130236,-1383,22527,120760,113,19226,573,1,56783,0.000999999999990564
67476000,7031,961,125982,10401,-3755,136861,97,19232,463,1,56784,0.0010000000000047748
67477000,11016,-4775,125583,8101,-7863,121747,97,19231,397,0,56785,0.0010000000000047748
67478000,8238,-1367,128538,-841,-14926,136000,144,19239,590,0,56786,0.000999999999990564
67479000,8366,-843,125890,16126,5323,116680,103,19224,422,0,56787,0.0010000000000047748
67480000,3177,-727,129422,2255,-2561,134289,105,19224,430,1,56788,0.0010000000000047748
67481001,2081,109,130904,-7464,-240,132854,116,19223,430,1,56789,0.0010009999999880392
67482002,-838,9254,129072,7049,5932,120490,106,19228,475,1,56790,0.00100100000000225
67483000,4291,7593,131124,-6513,4779,127208,106,19235,434,1,56791,0.0009979999999956135
67484000,9780,-274,127526,4672,-15126,128983,114,19220,467,0,56792,0.0010000000000047748
67485000,10476,-19246,126926,18074,-17804,136664,99,19227,405,0,56793,0.0010000000000047748
67486000,3732,-2846,130705,-2990,-4846,125862,106,19227,434,0,56794,0.000999999999990564
67487000,-3705,7834,131374,-19885,8628,123224,130,19231,434,1,56795,0.0010000000000047748
67488000,-3719,18268,134351,-1839,10527,131321,110,19221,532,1,56796,0.0010000000000047748
67489000,-5804,2518,129626,6569,-9782,131634,110,19229,451,1,56797,0.000999999999990564
67490000,-1606,-11863,126628,-12027,-18250,132602,97,19228,397,0,56798,0.0010000000000047748
67491000,-1740,1275,128836,-12467,1871,122589,149,19233,610,0,56799,0.0010000000000047748
67492000,5785,2975,130625,9486,3282,128564,106,19231,434,0,56800,0.000999999999990564
67493000,-3314,7879,133178,-14507,-606,129344,111,19231,434,0,56801,0.0010000000000047748
67494000,-9151,-605,128909,-23270,-2172,129462,131,19219,455,1,56802,0.0010000000000047748
67495000,-7243,10452,132615,-6980,5136,125827,131,19230,537,1,56803,0.000999999999990564
67496000,-4391,5615,128450,-2419,4394,126699,109,19233,446,1,56804,0.0010000000000047748
67497000,-1229,6625,130940,-9137,-2540,128662,108,19222,442,0,56805,0.0010000000000047748
67498000,-2853,-6198,124951,-11579,-11066,130603,120,19232,491,0,56806,0.000999999999990564
67499000,-3907,2606,127514,-1120,3883,121963,102,19232,491,0,56807,0.0010000000000047748
67500000,-2928,12827,128814,-8407,5732,125059,122,19228,418,1,56808,0.0010000000000047748
67501001,-7715,7593,127823,-10086,5896,125472,122,19224,500,1,56809,0.00100100000000225
67502007,-5627,612,128464,-11023,-2956,130563,112,19233,459,1,56810,0.0010059999999896263
67503000,-6,8807,128095,-2856,5057,120526,100,19229,410,1,56811,0.0009930000000082373
67504000,3176,9175,124832,5490,7503,125376,141,19230,577,0,56812,0.000999999999990564
67505000,1597,-12496,121795,-6933,-14358,134112,106,19230,577,0,56813,0.0010000000000047748
67506000,1456,3031,124963,-9692,5105,119737,109,19228,434,0,56814,0.0010000000000047748
67507000,-222,9288,125173,1477,7059,127688,109,19221,446,1,56815,0.000999999999990564
67508001,-3728,16025,128599,466,12175,118600,153,19228,627,1,56816,0.00100100000000225
67509000,-388,4340,124620,-4259,-3577,129697,108,19231,442,1,56817,0.0009990000000072996
67510000,6227,2915,122862,1333,1505,123753,100,19225,410,0,56818,0.000999999999990564
67511000,10675,6253,126103,9696,-1098,120014,81,19225,410,0,56819,0.0010000000000047748
67512000,8482,-6649,125819,9648,-12864,126287,112,19228,332,0,56820,0.0010000000000047748
67513000,1698,37,125883,-544,-2176,130246,112,19227,459,0,56821,0.000999999999990564
67514000,3021,-5864,125793,-3447,-5958,132718,122,19221,500,1,56822,0.0010000000000047748
67515000,5594,19168,130620,12589,17201,112224,110,19230,451,1,56823,0.0010000000000047748
67516001,4802,7948,124371,4986,1817,124675,95,19231,389,1,56824,0.00100100000000225
67517000,9105,-397,128204,-6228,-2808,126785,133,19231,545,0,56825,0.0009989999999930887
67518000,11765,-10193,124928,14230,-14473,129356,101,19222,545,0,56826,0.0010000000000047748
67519000,6382,-8273,125792,21688,-10680,137257,101,19233,414,0,56827,0.000999999999990564
67520000,3455,4779,130393,-16422,1493,124983,101,19227,414,1,56828,0.0010000000000047748
67521000,742,9378,132111,-2459,6513,132182,131,19227,537,1,56829,0.0010000000000047748
67522001,-610,13109,130663,12152,9714,123261,109,19230,446,1,56830,0.00100100000000225
67523000,4074,-4091,126758,-9412,-7564,127793,103,19230,422,1,56831,0.0009989999999930887
67524001,9405,-10714,128781,2475,-14902,127447,127,19223,422,0,56832,0.00100100000000225
67525000,13466,-6875,127844,20194,-11783,130209,105,19229,520,0,56833,0.0009989999999930887
67526000,2258,2973,131444,2339,2378,129686,105,19229,430,0,56834,0.0010000000000047748
67527003,2163,8298,132744,-26348,8460,125055,114,19224,467,1,56835,0.0010029999999972006
67528002,-8556,4753,132270,7846,689,136653,109,19229,446,1,56836,0.0009990000000072996
67529000,-7427,-1628,132093,-18758,-13037,127930,98,19229,401,1,56837,0.0009979999999956135
67530000,-1824,-12783,127652,-10310,-13644,136198,123,19230,401,0,56838,0.0010000000000047748
67531000,-848,2418,131944,5284,10038,120349,108,19218,504,0,56839,0.000999999999990564
67532001,1823,8856,129034,-5377,-1146,126836,108,19228,442,0,56840,0.00100100000000225
67533000,-5663,-2449,131326,-14987,-2953,133212,113,19224,463,1,56841,0.0009990000000072996
67534003,-7775,5276,130801,-15781,1096,131039,152,19227,623,1,56842,0.0010029999999972006
67535001,-8920,1575,128382,-5204,7601,126397,117,19228,479,1,56843,0.0009979999999956135
67536003,-4539,16072,131309,-11384,15080,117229,101,19228,479,1,56844,0.0010019999999997253
67537002,-2690,-4940,124444,-9869,-10526,133445,161,19225,414,0,56845,0.0009990000000072996
67538000,-1048,-4417,126643,-597,-6980,124991,161,19233,659,0,56846,0.0009979999999956135
67539000,736,1167,125777,-14790,-474,127241,107,19232,438,0,56847,0.0010000000000047748
67540000,-4345,10931,129424,-7001,13196,123181,113,19221,463,1,56848,0.000999999999990564
67541000,-7237,16360,130168,-2621,3128,122468,121,19228,496,1,56849,0.0010000000000047748
67542000,-7396,-4842,125775,-14491,-8507,139553,106,19228,496,1,56850,0.0010000000000047748
67543000,-3820,4355,127693,-1910,5139,114252,119,19231,434,0,56851,0.000999999999990564
67544001,-274,8757,125456,-1251,3180,124198,119,19226,487,0,56852,0.00100100000000225
67545000,3139,-646,124744,-4607,-3279,127620,95,19230,389,0,56853,0.0009990000000072996
67546002,1270,-127,125510,-383,-260,126919,108,19226,442,0,56854,0.0010019999999997253
67547000,-2287,10216,125327,-3580,10319,122579,138,19221,565,1,56855,0.0009979999999956135
67548000,-2807,13598,125564,-6143,14777,117851,113,19221,565,1,56856,0.0010000000000047748
67549000,2825,-4417,126101,3507,-2468,135307,94,19231,463,1,56857,0.000999999999990564
67550000,10168,151,121612,5216,-10005,116867,94,19228,385,0,56858,0.0010000000000047748
67551000,5340,2185,122806,-886,-3127,126566,111,19231,455,0,56859,0.0010000000000047748
67552000,7918,-3464,126696,13751,-7622,127541,118,19226,483,0,56860,0.000999999999990564
67553000,2617,-922,126089,7745,-5560,124458,120,19224,491,1,56861,0.0010000000000047748
67554000,761,9457,128605,-13511,7938,130141,125,19224,491,1,56862,0.0010000000000047748
67555002,2122,17818,128274,6742,11306,116709,106,19228,512,1,56863,0.0010019999999997253
67556002,11753,-148,124412,12049,-3855,128482,106,19231,434,1,56864,0.000999999999990564
67557000,8595,-1669,126604,1470,-2506,125444,107,19219,438,0,56865,0.0009980000000098244
67558000,9950,-10329,125832,8584,-14592,134599,94,19231,385,0,56866,0.000999999999990564
67559000,6147,-8786,127897,9685,-11833,129614,104,19232,426,0,56867,0.0010000000000047748
67560000,2370,8597,131063,-5794,3857,125315,126,19232,516,1,56868,0.0010000000000047748
67561000,81,1176,128845,1735,5596,130983,116,19226,516,1,56869,0.000999999999990564
67562000,1037,11971,130654,5359,3971,119774,100,19232,475,1,56870,0.0010000000000047748
67563000,6944,-12820,124903,-10006,-18707,140235,100,19226,410,0,56871,0.0010000000000047748
67564000,8901,2169,130866,12558,1208,121802,149,19232,610,0,56872,0.000999999999990564
67565000,6230,726,129389,13698,-5273,129573,100,19228,410,0,56873,0.0010000000000047748
67566000,3231,-9323,130780,-14577,-11333,134161,103,19228,422,0,56874,0.0010000000000047748
67567000,-2708,6022,133094,-7483,2575,133345,135,19226,422,1,56875,0.000999999999990564
67568002,-4215,2514,130824,4992,53,125829,106,19227,553,1,56876,0.0010019999999997253
67569000,-8090,10052,130604,-8961,6670,125318,106,19228,434,1,56877,0.0009980000000098244
67570000,1583,-9594,129680,-15516,-13527,140404,104,19224,426,0,56878,0.000999999999990564
67571000,-75,-5119,129049,6459,-9288,123164,84,19229,344,0,56879,0.0010000000000047748
67572000,-570,1042,131602,1304,-7086,135594,107,19229,438,0,56880,0.0010000000000047748
67573000,-7355,12394,130783,-13491,9058,120141,125,19230,438,1,56881,0.000999999999990564
67574000,-11523,4049,130022,-17207,-1135,135148,118,19224,512,1,56882,0.0010000000000047748
67575000,-6734,-2616,130995,-10726,156,133139,118,19229,483,1,56883,0.0010000000000047748
67576000,-4162,17153,130409,-6144,4035,115869,102,19231,418,1,56884,0.000999999999990564
67577000,-4387,-3299,125958,-14352,-6625,136828,137,19224,561,0,56885,0.0010000000000047748
67578000,-1831,1425,127627,-5462,-6976,124418,100,19230,410,0,56886,0.0010000000000047748
67579000,571,-5400,123809,-4160,-23,126815,104,19230,410,0,56887,0.000999999999990564
67580000,-3099,14045,130412,-7405,9586,124788,139,19227,426,1,56888,0.0010000000000047748
67581000,-9955,5372,125540,-12012,-1712,125093,139,19225,569,1,56889,0.0010000000000047748
67582000,-6165,13499,126970,-14065,11981,126847,115,19229,471,1,56890,0.000999999999990564
67583000,3382,3596,123656,4470,-4757,125956,106,19224,434,0,56891,0.0010000000000047748
67584000,337,-6008,123993,3274,-11401,129009,94,19232,385,0,56892,0.0010000000000047748
67585001,1339,9569,124104,-10619,-3779,123208,106,19232,385,0,56893,0.0010009999999880392
67586000,-133,-282,125620,413,5392,127118,121,19224,434,0,56894,0.0009990000000072996
67587000,668,13725,129012,878,11695,124094,121,19218,496,1,56895,0.0010000000000047748
67588000,-1628,7197,123288,-7532,5369,120679,111,19228,455,1,56896,0.000999999999990564
67589000,2138,12791,125703,-14,8906,121949,100,19231,410,1,56897,0.0010000000000047748
67590000,9967,-1547,124603,6182,-8889,127455,124,19232,508,0,56898,0.0010000000000047748
67591000,10838,69,123627,13533,-3050,124502,105,19232,508,0,56899,0.000999999999990564
67592000,4384,-2747,126558,-473,-7580,128863,113,19227,430,0,56900,0.0010000000000047748
67593000,4144,428,126793,-1075,-22,121444,113,19227,463,1,56901,0.0010000000000047748
67594000,2304,10257,131479,8948,-547,125020,143,19229,586,1,56902,0.000999999999990564
67595003,2941,4418,126979,4097,-988,129701,111,19229,455,1,56903,0.0010029999999972006
67596001,7852,3234,127779,2613,-78,122622,99,19225,405,1,56904,0.0009980000000098244
67597002,9720,9844,126778,7674,-1242,120456,116,19225,405,0,56905,0.00100100000000225
67598002,12106,-11843,124318,15595,-19639,136480,103,19235,475,0,56906,0.000999999999990564
67599000,3466,-9524,128469,-1332,-6270,129644,103,19226,422,0,56907,0.0009980000000098244
67600000,5164,10867,130458,-7444,8160,127592,112,19222,459,1,56908,0.000999999999990564
67601000,464,11360,129078,11485,8269,124702,107,19228,438,1,56909,0.0010000000000047748
67602001,2970,7678,129757,-1447,-273,125554,102,19234,418,1,56910,0.00100100000000225
67603000,8323,-15395,126356,-5493,-22107,135003,122,19234,418,0,56911,0.0009989999999930887
67604000,8036,-5843,128519,17592,-3281,125619,96,19221,500,0,56912,0.0010000000000047748
67605000,4673,2666,131008,5993,-6135,130312,96,19231,393,0,56913,0.0010000000000047748
67606000,-1666,-1418,130951,-19775,-2084,125504,105,19229,430,1,56914,0.000999999999990564
67607002,-264,7691,135215,-3329,2331,134198,141,19226,577,1,56915,0.0010019999999997253
67608000,-9216,-11266,129397,3733,-12422,134605,113,19229,463,1,56916,0.0009979999999956135
67609000,-4152,11601,132060,-14161,6599,117138,95,19229,389,1,56917,0.0010000000000047748
67610000,337,-5099,127131,-8207,-11652,137376,129,19228,389,0,56918,0.0010000000000047748
67611000,2226,-4778,128121,10211,-7300,127558,106,19232,528,0,56919,0.000999999999990564
67612000,-4020,7469,131612,-11886,4726,124751,106,19228,434,0,56920,0.0010000000000047748
67613000,-6767,-1002,129416,-18418,-4123,133471,114,19221,467,1,56921,0.0010000000000047748
67614001,-7226,7071,131772,-5647,4748,129540,121,19229,496,1,56922,0.00100100000000225
67615000,-9607,4053,129030,-8084,1127,129420,102,19229,418,1,56923,0.0009989999999930887
67616000,-2415,8359,127149,-13681,5552,119186,116,19230,418,1,56924,0.0010000000000047748
67617000,-3481,675,127658,-8944,-2604,136341,107,19216,475,0,56925,0.000999999999990564
67618000,-379,-6167,125223,-820,-9748,119909,107,19230,438,0,56926,0.0010000000000047748
67619000,-3160,7106,128007,-10995,-4264,126723,108,19229,442,0,56927,0.0010000000000047748
67620000,-8038,12437,129733,-17600,9489,125617,131,19226,537,1,56928,0.000999999999990564
67621000,-2298,9229,126123,-1920,7049,123122,117,19226,479,1,56929,0.0010000000000047748
67622000,-6740,-80,126786,-5078,-1866,133965,102,19232,479,1,56930,0.0010000000000047748
67623000,1398,7819,126204,-2404,2681,115683,130,19228,418,0,56931,0.000999999999990564
67624000,113,-1858,123783,2664,-5748,130966,130,19231,532,0,56932,0.0010000000000047748
67625002,-1152,2456,127021,-6401,-406,123617,113,19225,463,0,56933,0.0010019999999997253
67626000,1087,7268,126407,-1514,1905,124244,109,19222,446,1,56934,0.0009979999999956135
67627000,-3680,10131,127794,-226,3922,130393,132,19230,541,1,56935,0.0010000000000047748
67628000,-1857,6300,126006,-6011,5094,122091,106,19230,541,1,56936,0.0010000000000047748
67629000,5256,12585,124960,6147,6999,120152,106,19240,434,0,56937,0.000999999999990564
67630000,8752,10126,123498,11526,-937,121773,106,19225,434,0,56938,0.0010000000000047748
67631000,11133,-7927,121223,4504,-11016,125089,89,19227,365,0,56939,0.0010000000000047748
67632000,6882,-6457,129981,1348,-8530,129889,106,19226,434,0,56940,0.000999999999990564
67633000,5884,3069,124117,4292,8034,121182,125,19225,512,1,56941,0.0010000000000047748
67634000,1414,18174,131344,1582,13824,126994,113,19225,512,1,56942,0.0010000000000047748
67635000,6997,4469,125190,1893,-2622,124936,97,19230,463,1,56943,0.000999999999990564
67636000,10005,-4422,123960,6505,-6057,131760,97,19226,397,0,56944,0.0010000000000047748
67637000,9358,1046,128238,9589,-1808,121143,145,19232,594,0,56945,0.0010000000000047748
67638000,10420,-2252,127505,13084,-14106,130284,102,19230,418,0,56946,0.000999999999990564
67639001,3540,-2695,129192,-6492,-11711,132077,102,19225,418,0,56947,0.00100100000000225
67640000,3120,13030,132306,-4330,12443,125028,125,19225,418,1,56948,0.0009990000000072996
67641001,-854,19375,130553,4853,10204,120707,108,19228,512,1,56949,0.00100100000000225
67642002,3325,6877,128762,-2592,795,123774,108,19230,442,1,56950,0.0010009999999880392
67643000,8979,-12630,129228,536,-18541,139883,107,19217,438,0,56951,0.0009980000000098244
67644000,11486,-15918,126909,17486,-13826,124589,104,19234,426,0,56952,0.000999999999990564
67645000,5209,7890,131565,3617,3645,125139,105,19229,430,0,56953,0.0010000000000047748
67646000,-1394,-836,131748,-21161,-2437,129256,120,19229,430,1,56954,0.0010000000000047748
67647000,-5136,13040,133356,-2917,7796,123282,109,19219,491,1,56955,0.000999999999990564
67648000,-4862,5530,131754,-2177,-1567,140864,109,19230,446,1,56956,0.0010000000000047748
67649000,-5208,-933,127218,-7140,924,122134,96,19231,393,1,56957,0.0010000000000047748
67650000,4846,-12527,126748,-14098,-15788,133702,137,19228,561,0,56958,0.000999999999990564
67651000,3458,5562,130438,8690,5036,128093,105,19228,430,0,56959,0.0010000000000047748
67652001,-544,-234,128064,-4795,-3963,130999,111,19228,455,0,56960,0.00100100000000225
67653002,-9770,8104,134060,-24355,3729,125346,143,19227,455,1,56961,0.00100100000000225
67654000,-10643,3791,127815,-12957,1549,131931,113,19233,586,1,56962,0.0009979999999956135
67655000,-4750,8674,130931,4028,7523,128604,113,19233,463,1,56963,0.0010000000000047748
67656000,-5099,-2587,127111,-10989,-7442,125351,104,19224,426,0,56964,0.000999999999990564
67657000,-1629,-9270,125366,-17355,-11582,131101,143,19229,586,0,56965,0.0010000000000047748
67658000,-4195,5387,127445,2413,2572,124572,104,19229,426,0,56966,0.0010000000000047748
67659000,-1324,3364,128244,-8500,-669,126403,118,19229,426,1,56967,0.000999999999990564
67660002,-8981,12088,128579,-8429,8519,123942,111,19219,483,1,56968,0.0010019999999997253
67661000,-8643,-1299,127010,-16768,-4282,126177,111,19229,455,1,56969,0.0009980000000098244
67662000,2154,10862,127859,-6538,7938,123335,104,19229,426,1,56970,0.000999999999990564
67663000,-689,1638,125768,7294,-2506,128092,129,19227,528,0,56971,0.0010000000000047748
67664000,3418,-8143,122398,-3886,-11281,122599,111,19227,455,0,56972,0.0010000000000047748
67665000,-2248,720,126884,-8169,6983,126788,114,19228,455,0,56973,0.000999999999990564
67666000,2052,6837,125387,1725,6406,125218,150,19225,467,1,56974,0.0010000000000047748
67667000,-2476,25346,127749,7785,12130,119503,150,19227,614,1,56975,0.0010000000000047748
67668000,-3747,-1128,122553,-17215,-3157,128702,112,19228,459,1,56976,0.000999999999990564
67669000,8019,888,127075,1910,-1067,125127,101,19223,414,0,56977,0.0010000000000047748
67670000,5292,3432,123431,8177,-262,120684,102,19230,418,0,56978,0.0010000000000047748
67671000,10173,1187,125703,-5516,-2321,126615,113,19230,418,0,56979,0.000999999999990564
67672000,4601,-3306,125340,13325,-6974,129134,117,19229,463,0,56980,0.0010000000000047748
67673000,7397,-2766,125941,-3850,5683,122885,117,19223,479,1,56981,0.0010000000000047748
67674000,5055,7880,129579,-1134,11352,126178,106,19230,434,1,56982,0.000999999999990564
67675000,5195,3711,125363,12410,3870,126855,101,19229,414,1,56983,0.0010000000000047748
67676000,13060,327,123458,170,1733,123668,117,19225,479,0,56984,0.0010000000000047748
67677000,6862,634,126618,10241,-5169,130587,94,19225,479,0,56985,0.000999999999990564
67678000,8987,-18687,126318,8781,-24588,137890,101,19232,385,0,56986,0.0010000000000047748
67679000,4445,9260,128939,-5473,8132,119855,101,19230,414,1,56987,0.0010000000000047748
67680000,-243,11416,132967,-945,2910,133155,133,19225,545,1,56988,0.000999999999990564
67681000,1908,10466,130675,6529,6433,122447,114,19228,467,1,56989,0.0010000000000047748
67682000,880,4743,129004,-4078,-3304,129618,98,19225,401,1,56990,0.0010000000000047748
67683000,9981,-13128,126655,4172,-14535,131438,150,19225,401,0,56991,0.000999999999990564
67684001,10429,-6899,129456,15391,-3051,125293,104,19234,614,0,56992,0.00100100000000225
67685000,5661,-8343,129065,-1045,-9345,139295,104,19229,426,0,56993,0.0009990000000072996
67686000,1355,5340,130840,-18730,7875,121842,109,19223,446,1,56994,0.000999999999990564
67687002,-7333,13962,134120,905,7863,126079,137,19227,561,1,56995,0.0010019999999997253
67688005,-5851,1071,130404,286,-6377,133813,104,19231,426,1,56996,0.0010030000000114114
67689001,414,-10495,129362,-16587,-15132,133663,110,19231,426,0,56997,0.0009959999999864522
67690002,-2676,-13601,131295,-1718,-11262,134744,86,19220,451,0,56998,0.00100100000000225
67691000,2807,18055,130090,-3567,11164,113193,86,19230,352,0,56999,0.0009980000000098244
67692000,-6345,-1851,131375,-11227,-13801,142884,106,19229,434,0,57000,0.000999999999990564
67693002,-6754,-4033,129663,-8938,-1043,125822,135,19222,553,1,57001,0.0010019999999997253
67694000,-11536,14103,130825,-15522,8008,125507,119,19231,487,1,57002,0.0009980000000098244
67695000,-4913,14680,130444,-8465,10161,120069,98,19231,401,1,57003,0.000999999999990564
67696000,-1240,3108,128587,-3563,-6022,127386,147,19224,401,0,57004,0.0010000000000047748
67697000,-3383,-16924,124099,-5747,-18334,141126,102,19231,602,0,57005,0.0010000000000047748
67698001,-3240,543,126395,-7843,1110,116598,102,19233,418,0,57006,0.0010009999999880392
67699000,-3472,13310,129124,-14399,7480,124592,106,19226,434,1,57007,0.0009990000000072996
67700000,-3758,10333,128204,1236,5975,124130,131,19226,537,1,57008,0.0010000000000047748
67701001,-9677,2679,128038,-12354,-2537,128294,110,19226,451,1,57009,0.0010009999999880392
67702000,-4239,2740,126875,-14081,498,124761,107,19226,451,0,57010,0.0009990000000072996
67703002,3172,7740,125689,6851,3482,120106,83,19224,438,0,57011,0.0010019999999997253
67704002,3700,-8835,125009,3288,-13877,137481,83,19227,340,0,57012,0.0010000000000047748
67705000,150,4762,124725,-9422,3990,119529,108,19226,442,0,57013,0.0009979999999956135
67706000,-2445,10501,127263,-6896,5496,126605,126,19222,516,1,57014,0.0010000000000047748
67707000,-1657,12363,125877,3142,11062,125421,115,19222,471,1,57015,0.000999999999990564
67708000,5082,12361,126392,118,9246,128461,94,19229,471,1,57016,0.0010000000000047748
67709000,3871,-4327,122309,1750,-8902,124139,133,19230,385,0,57017,0.0010000000000047748
67710001,9718,2103,124628,4836,-1915,124752,133,19233,545,0,57018,0.0010009999999880392
67711000,8335,-4916,125773,8415,-7640,132830,106,19228,434,0,57019,0.0009990000000072996
67712000,4098,2212,127088,5539,-1391,124467,113,19231,463,1,57020,0.0010000000000047748
67713000,651,963,126089,-340,-6787,130907,132,19230,541,1,57021,0.000999999999990564
67714000,932,20697,128444,-5399,21929,113600,111,19230,541,1,57022,0.0010000000000047748
67715000,12706,6568,124368,9151,-4907,130213,100,19232,455,1,57023,0.0010000000000047748
67716000,9667,-5460,126570,16894,-3693,126938,100,19224,410,0,57024,0.000999999999990564
67717000,13183,-1103,126648,-144,-13289,129281,101,19232,414,0,57025,0.0010000000000047748
67718000,6970,-15931,126317,13535,-4512,131654,105,19229,430,0,57026,0.0010000000000047748
67719000,4332,9351,131566,-2543,6598,129228,116,19222,475,1,57027,0.000999999999990564
67720000,-2324,1964,128612,-2589,-63,127103,113,19222,475,1,57028,0.0010000000000047748
67721000,-614,12387,131827,7211,8137,124136,102,19227,463,1,57029,0.0010000000000047748
67722000,6619,-1097,128003,-1439,-12505,133065,102,19226,418,1,57030,0.000999999999990564
67723000,9049,-5916,126348,10513,-4925,123184,130,19227,532,0,57031,0.0010000000000047748
67724000,8817,-2632,129891,9120,-10169,134785,108,19230,442,0,57032,0.0010000000000047748
67725000,265,-8656,129022,-7735,-6969,125588,105,19226,430,0,57033,0.000999999999990564
67726000,-2659,18597,136128,-13926,12178,126176,151,19226,430,1,57034,0.0010000000000047748
67727000,-2871,908,130432,3633,-2534,135330,109,19228,618,1,57035,0.0010000000000047748
67728002,-7102,-952,129091,-7253,1048,125541,109,19230,446,1,57036,0.0010019999999997253
67729000,1591,-2376,127608,-18217,-7522,129141,101,19222,414,0,57037,0.0009979999999956135
67730000,-528,-2763,128738,9419,-2384,128264,119,19235,487,0,57038,0.0010000000000047748
67731000,2589,5830,132236,3281,1776,127256,105,19229,430,0,57039,0.000999999999990564
67732000,-11093,2423,130936,-24330,-5057,131651,117,19229,430,1,57040,0.0010000000000047748
67733003,-7505,1360,131418,-14494,3330,130954,109,19222,479,1,57041,0.0010029999999972006
67734000,-10002,9252,131764,-62,4282,128553,109,19228,446,1,57042,0.0009969999999981383
67735000,-2242,13282,128505,-12737,8096,120863,101,19233,414,1,57043,0.0010000000000047748
67736000,-3375,4358,127116,-10278,-3521,127415,121,19217,496,0,57044,0.000999999999990564
67737000,-2884,-11223,125873,-3977,-9789,134295,94,19232,385,0,57045,0.0010000000000047748
67738000,1044,6299,128291,-4031,8843,119571,101,19232,385,0,57046,0.0010000000000047748
67739000,-7849,6639,127417,-10395,2326,127021,138,19229,414,1,57047,0.000999999999990564
67740000,-7972,7519,130237,-18564,5020,125098,138,19231,565,1,57048,0.0010000000000047748
67741000,-6974,6721,126902,-7571,-230,124978,117,19231,479,1,57049,0.0010000000000047748
67742000,1277,3669,126767,2427,-1967,129696,104,19227,426,0,57050,0.000999999999990564
67743000,-3354,5089,124256,-3889,3422,116194,112,19232,459,0,57051,0.0010000000000047748
67744000,796,831,124901,-10175,-5100,128011,106,19232,434,0,57052,0.0010000000000047748
67745001,2229,3780,126668,1206,1887,127895,115,19230,434,0,57053,0.00100100000000225
67746001,-2009,3138,125817,123,-1066,127141,140,19222,471,1,57054,0.000999999999990564
67747000,-2713,18249,126688,-7764,15541,120533,140,19239,573,1,57055,0.0009990000000072996
67748000,3034,10110,123565,-2466,5279,122456,103,19235,422,1,57056,0.000999999999990564
67749000,13313,1625,125168,12584,-2414,137969,111,19227,455,0,57057,0.0010000000000047748
67750000,10546,-2242,120741,9558,-6047,110767,96,19227,393,0,57058,0.0010000000000047748
67751000,6339,-1617,124621,2978,-6293,127656,111,19228,393,0,57059,0.000999999999990564
67752001,5410,215,127898,6350,-3327,130681,140,19228,455,1,57060,0.00100100000000225
67753000,2897,5711,127767,-1605,3010,123441,140,19228,573,1,57061,0.0009990000000072996
67754000,2634,13860,130005,4447,10670,125955,112,19232,459,1,57062,0.000999999999990564
67755000,5710,7461,125683,353,4529,123900,96,19227,393,1,57063,0.0010000000000047748
67756000,12214,811,127439,7145,-2729,128970,146,19227,598,0,57064,0.0010000000000047748
67757001,8983,-7367,126201,16795,-10720,132788,102,19228,598,0,57065,0.00100100000000225
67758000,6785,-6423,129211,3078,-10442,121091,106,19229,418,0,57066,0.0009989999999930887
67759000,4354,13250,132336,-6932,9763,125686,106,19223,434,1,57067,0.0010000000000047748
67760000,2845,8258,129489,5190,-3359,132383,121,19229,496,1,57068,0.000999999999990564
67761000,1946,5655,130050,11928,1092,122526,105,19232,430,1,57069,0.0010000000000047748
67762000,4837,-5189,125033,-8494,-14207,132395,109,19215,446,0,57070,0.0010000000000047748
67763000,13256,-10423,128459,4067,-3137,127473,91,19215,446,0,57071,0.000999999999990564
67764000,4586,4040,129442,5412,-8424,130300,105,19232,373,0,57072,0.0010000000000047748
67765000,3665,-1655,130018,-26433,551,125117,105,19224,430,0,57073,0.0010000000000047748
67766000,-4089,13636,134136,1186,9188,126824,126,19222,516,1,57074,0.000999999999990564
67767000,-4030,-964,131592,1512,-7739,133374,113,19227,463,1,57075,0.0010000000000047748
67768000,-4016,-987,130281,-15852,-6127,128711,96,19228,393,1,57076,0.0010000000000047748
67769000,-306,-9568,129227,-6636,-12315,135380,145,19228,393,0,57077,0.000999999999990564
67770000,2244,6598,128450,2212,11206,116858,109,19235,594,0,57078,0.0010000000000047748
67771000,-3185,6259,130168,-11585,3833,129512,109,19227,446,0,57079,0.0010000000000047748
67772000,-8004,-2271,132386,-17461,-8215,134994,111,19222,455,1,57080,0.000999999999990564
67773000,-7121,5671,130134,-9549,4646,128874,130,19230,532,1,57081,0.0010000000000047748
67774000,-10656,10646,130005,-16414,7564,126227,111,19232,455,1,57082,0.0010000000000047748
67775000,-180,10408,131223,-2132,3491,126928,109,19232,455,1,57083,0.000999999999990564
67776000,-2563,-4801,124026,-2450,-9231,127291,125,19222,446,0,57084,0.0010000000000047748
67777000,-909,-3909,127247,-12254,-2317,128490,125,19231,512,0,57085,0.0010000000000047748
67778000,-2160,7783,127694,-9829,6117,120787,104,19231,426,0,57086,0.000999999999990564
67779000,-4045,12914,128370,-3905,9166,124786,121,19225,496,1,57087,0.0010000000000047748
67780002,-7542,5723,127461,-10941,3249,130479,116,19230,475,1,57088,0.0010019999999997253
67781000,-6551,151,125995,-10516,-946,125089,105,19230,475,1,57089,0.0009979999999956135
67782000,980,6192,126346,933,7139,125737,139,19230,430,0,57090,0.0010000000000047748
67783000,1122,-3983,124348,-1596,-10004,125233,139,19231,569,0,57091,0.0010000000000047748
67784000,1081,-5550,125567,375,-183,127194,104,19228,426,0,57092,0.000999999999990564
67785000,-1502,7933,126156,-6360,1979,123696,107,19226,438,0,57093,0.0010000000000047748
67786000,-2170,4005,125082,-7703,2198,127746,153,19229,627,1,57094,0.0010000000000047748
67787000,-3304,7764,127375,147,4068,126622,111,19229,455,1,57095,0.000999999999990564
67788000,4189,11992,125247,252,5579,119567,100,19236,455,1,57096,0.0010000000000047748
67789000,8564,9397,124321,11739,2170,121051,93,19223,410,0,57097,0.0010000000000047748
67790000,10250,-7418,122959,2110,-10828,128743,93,19230,381,0,57098,0.000999999999990564
67791000,9364,-6594,124103,5636,-5971,127355,109,19228,446,0,57099,0.0010000000000047748
67792001,1633,4230,126374,9406,1780,123831,121,19221,496,1,57100,0.00100100000000225
67793000,2533,5090,127747,-8632,1838,125890,110,19221,451,1,57101,0.0009989999999930887
67794000,3995,7566,128962,8216,2859,126046,100,19232,451,1,57102,0.0010000000000047748
67795000,7296,-2194,125106,8507,-6321,127470,125,19241,410,0,57103,0.0010000000000047748
67796001,11846,2218,126684,1917,2033,120227,125,19236,512,0,57104,0.00100100000000225
67797000,9285,-10718,127194,11821,-17123,133936,107,19226,438,0,57105,0.0009989999999930887
67798000,5981,-7096,126850,5290,-10736,132012,106,19224,434,0,57106,0.0010000000000047748
67799000,1240,8070,130291,-6818,4009,127397,142,19224,582,1,57107,0.000999999999990564
67800000,957,14661,130652,2234,11979,121559,112,19228,582,1,57108,0.0010000000000047748
67801000,3590,8274,127449,5068,4035,127019,102,19232,459,1,57109,0.0010000000000047748
67802000,8650,-13430,126547,-1550,-17954,129186,102,19226,418,0,57110,0.000999999999990564
67803000,9347,-5113,129324,9707,-8722,127265,129,19231,528,0,57111,0.0010000000000047748
67804000,5686,-5392,129375,12541,-8652,132832,103,19227,422,0,57112,0.0010000000000047748
67805000,873,2843,132777,-15387,148,130572,110,19219,451,1,57113,0.000999999999990564
67806000,-4633,6933,132847,-8945,-769,133427,120,19219,451,1,57114,0.0010000000000047748
67807000,-9962,5829,130086,5391,-5124,125042,100,19231,491,1,57115,0.0010000000000047748
67808000,-3949,9906,129071,-20054,-162,125006,100,19232,410,1,57116,0.000999999999990564
67809000,1396,-10979,128224,-5793,-10060,136978,114,19221,467,0,57117,0.0010000000000047748
67810000,7485,-7291,129045,13655,-3844,128001,98,19230,401,0,57118,0.0010000000000047748
67811000,-4434,6449,131076,-19084,5488,125230,108,19225,442,0,57119,0.000999999999990564
67812000,-6148,1310,130853,-13712,4324,128434,139,19225,442,1,57120,0.0010000000000047748
67813000,-9492,6792,130941,-7712,2054,133035,113,19228,569,1,57121,0.0010000000000047748
67814000,-9126,2190,128840,-10128,1309,127682,113,19232,463,1,57122,0.000999999999990564
67815000,-3911,10042,129637,-7892,4569,123105,97,19231,397,0,57123,0.0010000000000047748
67816000,-5717,-4501,126139,-10272,-9845,129767,164,19229,672,0,57124,0.0010000000000047748
67817000,406,2457,126432,-2389,2301,125343,103,19232,422,0,57125,0.000999999999990564
67818000,-1756,4655,128167,-6152,-6793,133936,109,19232,422,0,57126,0.0010000000000047748
67819001,-7653,7003,127066,-2936,2634,121479,117,19220,446,1,57127,0.00100100000000225
67820002,-7045,23242,128764,-19247,14246,121215,117,19227,479,1,57128,0.00100100000000225
67821002,-1437,3936,126873,-956,-209,128548,106,19234,434,1,57129,0.000999999999990564
67822000,2184,-265,126204,5816,-5869,127734,114,19223,467,0,57130,0.0009980000000098244
67823001,2176,-8811,121899,-11388,-10586,126896,96,19228,393,0,57131,0.0010009999999880392
67824000,290,6854,126534,-1359,12374,119759,107,19228,393,0,57132,0.0009990000000072996
67825000,2278,9072,127223,-967,4002,126549,131,19228,438,1,57133,0.0010000000000047748
67826000,-3690,7443,125241,-3326,5522,126671,131,19222,537,1,57134,0.000999999999990564
67827000,-1392,6432,124488,-2933,433,124609,113,19231,463,1,57135,0.0010000000000047748
67828000,4633,6296,125646,1637,-2067,116127,95,19231,389,0,57136,0.0010000000000047748
67829000,10827,9891,126289,10144,1693,124750,125,19231,512,0,57137,0.000999999999990564
67830000,7288,-11634,124722,5798,-17088,134538,117,19231,512,0,57138,0.0010000000000047748
67831000,4871,-5795,125973,1404,-2385,124435,116,19226,479,0,57139,0.0010000000000047748
67832000,2145,2284,127060,5369,-2635,125117,116,19228,475,1,57140,0.000999999999990564
67833000,2668,12562,127187,6277,12478,122505,131,19233,537,1,57141,0.0010000000000047748
67834000,6083,10329,127291,-903,5344,127238,105,19229,430,1,57142,0.0010000000000047748
67835006,10801,3413,125313,4274,98,120946,107,19222,438,0,57143,0.0010059999999896263
67836000,11337,-878,126870,15118,-9393,129103,93,19222,381,0,57144,0.0009940000000057125
67837000,7064,-17339,126040,11092,-23268,127805,99,19230,381,0,57145,0.0010000000000047748
67838000,3964,1204,130554,-7265,-3091,130054,119,19231,405,1,57146,0.000999999999990564
67839000,1635,7911,130872,-487,5521,132559,119,19225,487,1,57147,0.0010000000000047748
67840000,-331,13168,130446,4730,10956,119716,111,19231,455,1,57148,0.0010000000000047748
67841000,-298,1452,129813,-10142,-6734,126898,97,19229,397,1,57149,0.000999999999990564
67842000,10444,-17380,125949,89,-20569,136455,139,19229,569,0,57150,0.0010000000000047748
67843000,8620,-2167,129847,22435,-2564,132180,102,19231,569,0,57151,0.0010000000000047748
67844000,3304,-1729,126312,-2380,-6276,121800,104,19233,418,0,57152,0.000999999999990564
67845001,2568,9634,133049,-18827,6456,122773,104,19227,426,1,57153,0.00100100000000225
67846001,-6894,-562,134135,3982,-4757,137159,142,19228,582,1,57154,0.0010000000000047748
67847003,-7964,-4172,128566,-1190,-6684,130114,107,19234,438,1,57155,0.0010019999999997253
67848000,-3822,6130,132999,-23154,2801,129028,101,19225,414,0,57156,0.0009969999999981383
67849000,-340,-3436,128231,1508,-7520,125081,103,19225,414,0,57157,0.0010000000000047748
67850000,4004,-353,128792,3873,-3167,133679,109,19230,422,0,57158,0.000999999999990564
67851007,-7467,117,131054,-14636,-3055,126788,109,19229,446,0,57159,0.0010070000000013124
67852002,-6635,5820,131484,-15753,3124,125898,125,19222,512,1,57160,0.0009950000000031878
67853000,-8594,9525,131655,-6434,3147,130357,114,19229,467,1,57161,0.0009979999999956135
67854000,-5264,7757,130135,-9516,-104,124536,100,19229,410,1,57162,0.0010000000000047748
67855000,-2889,4691,128904,-11174,-7691,125812,130,19229,410,0,57163,0.0010000000000047748
67856000,-4060,-4647,124990,-5808,-7611,128307,110,19219,532,0,57164,0.000999999999990564
67857000,-849,5146,128995,-6745,3677,125650,110,19229,451,0,57165,0.0010000000000047748
67858000,-3435,5081,126888,-8089,-2419,124741,113,19227,463,1,57166,0.000999999999990564
67859000,-5923,6412,127731,-13865,7690,125009,150,19228,614,1,57167,0.0010000000000047748
67860001,-5504,9709,129666,-9636,2652,125231,116,19228,475,1,57168,0.00100100000000225
67861002,-2449,7045,124491,3545,1398,123960,103,19228,475,1,57169,0.00100100000000225
67862002,-1277,2874,124728,-10871,-1943,124186,110,19224,422,0,57170,0.0010000000000047748
67863000,3741,4252,123955,-5189,-4018,122096,110,19234,451,0,57171,0.0009979999999956135
67864000,5190,9695,126081,8492,6542,124819,108,19241,442,0,57172,0.000999999999990564
67865000,-283,-3551,123526,-8867,1447,126177,120,19221,491,1,57173,0.0010000000000047748
67866000,-3576,10701,129176,-6181,14230,123275,121,19232,496,1,57174,0.0010000000000047748
67867000,4879,14415,125965,3414,5747,120249,99,19232,496,1,57175,0.000999999999990564
67868001,6244,5668,123289,3629,-1624,124740,117,19232,405,0,57176,0.00100100000000225
67869000,6378,-949,125495,6396,-3990,125680,117,19231,479,0,57177,0.0009990000000072996
67870001,8391,-4710,124085,7336,-9346,122989,101,19228,414,0,57178,0.00100100000000225
67871000,3955,-1808,127273,10239,-2063,132416,112,19226,459,0,57179,0.0009989999999930887
67872000,2239,5848,128701,-6333,2390,118737,147,19227,602,1,57180,0.0010000000000047748
67873000,4753,17776,129356,1780,11967,122878,112,19227,602,1,57181,0.000999999999990564
67874000,5831,3207,125822,10965,-956,130366,97,19230,459,1,57182,0.0010000000000047748
67875001,11386,-1246,124879,3897,-4531,123284,97,19227,397,0,57183,0.00100100000000225
67876000,8518,-680,126173,7121,-3998,127880,126,19232,516,0,57184,0.0009989999999930887
67877000,10459,-6411,127301,8281,-10073,128990,105,19231,430,0,57185,0.0010000000000047748
67878000,2962,-2940,129958,6642,5061,133185,111,19224,455,1,57186,0.0010000000000047748
67879000,324,13232,131191,-8213,7277,120202,116,19224,475,1,57187,0.000999999999990564
67880000,-661,2406,128730,-2096,-3443,131735,103,19229,475,1,57188,0.0010000000000047748
67881000,3029,6479,130831,8910,-437,127836,117,19232,422,1,57189,0.0010000000000047748
67882000,11288,-8038,126667,-1466,-15797,125764,117,19224,479,0,57190,0.000999999999990564
67883000,11054,-927,134141,15413,-3074,130873,91,19232,373,0,57191,0.0010000000000047748
67884000,773,-7095,129734,-3398,-9494,131687,102,19225,418,0,57192,0.0010000000000047748
67885000,-629,8519,131814,-16977,6955,124537,132,19225,541,1,57193,0.000999999999990564
67886000,-7495,8178,133164,333,6641,131422,113,19222,541,1,57194,0.0010000000000047748
67887000,-4621,-5881,128598,-388,-9250,134365,96,19232,463,1,57195,0.0010000000000047748
67888001,-2100,-4946,129094,-13944,-9810,126280,96,19231,393,0,57196,0.00100100000000225
67889006,207,721,130291,-6642,-407,127771,146,19232,598,0,57197,0.001004999999992151
67890000,2434,5822,129986,11070,5463,126714,113,19229,463,0,57198,0.0009940000000057125
67891000,-7595,-4206,131800,-16643,-9910,133648,115,19229,471,1,57199,0.000999999999990564
67892000,-8095,-4125,129943,-23182,-6397,137689,137,19225,471,1,57200,0.0010000000000047748
67893001,-9431,12944,131235,-3080,10285,122646,109,19229,561,1,57201,0.00100100000000225
67894000,-4111,6852,129548,-5299,3512,127311,109,19232,446,1,57202,0.0009989999999930887
67895000,-1265,-2240,126239,-10276,-6271,129004,111,19218,455,0,57203,0.0010000000000047748
67896003,-4763,-6164,125021,-11891,-9415,124390,117,19232,479,0,57204,0.0010029999999972006
67897000,3312,7981,128505,1842,4803,123628,100,19237,410,0,57205,0.0009969999999981383
67898000,-6239,7402,127329,-2904,3866,125757,126,19237,410,1,57206,0.0010000000000047748
67899001,-9347,3074,126977,-14558,-465,132132,117,19224,516,1,57207,0.00100100000000225
67900001,-6133,76,127663,-12431,-462,125133,117,19230,479,1,57208,0.0010000000000047748
67901000,1142,8578,128207,741,-3072,127441,101,19230,414,0,57209,0.0009989999999930887
67902000,907,12099,125630,6221,-1509,119628,135,19233,553,0,57210,0.0010000000000047748
67903000,-1528,-2799,124093,-9509,-10280,131869,106,19230,434,0,57211,0.000999999999990564
67904000,2453,-5104,125746,1378,-708,129554,109,19230,434,0,57212,0.0010000000000047748
67905001,-3553,15842,125860,-4015,18370,112812,145,19224,446,1,57213,0.00100100000000225
67906000,-1167,22140,127505,-10851,12636,124719,145,19228,594,1,57214,0.0009989999999930887
67907000,4059,-1908,123571,11234,-11279,129994,106,19232,434,1,57215,0.0010000000000047748
67908000,9365,-5343,120558,4889,-1286,127093,100,19222,410,0,57216,0.0010000000000047748
67909000,10021,5819,123644,483,7742,117251,83,19228,340,0,57217,0.000999999999990564
67910001,8639,7402,127048,14811,-953,123414,109,19228,340,0,57218,0.00100100000000225
67911000,7442,-7769,124636,-250,-15034,140405,130,19225,446,1,57219,0.0009990000000072996
67912000,-636,-648,126099,-3916,6571,121833,130,19228,532,1,57220,0.000999999999990564
67913000,4963,7264,129926,13161,482,128910,114,19231,467,1,57221,0.0010000000000047748
67914000,8346,13980,124767,4872,4987,117000,95,19229,389,1,57222,0.0010000000000047748
67915000,8999,6430,128928,-1143,-5320,130336,133,19232,545,0,57223,0.000999999999990564
67916000,11494,-8778,127013,14372,-15065,133780,101,19232,545,0,57224,0.0010000000000047748
67917000,3425,-3308,125421,7994,-2925,121957,105,19230,414,0,57225,0.0010000000000047748
67918002,3172,2873,130602,-9946,1695,133081,105,19227,430,1,57226,0.0010019999999997253
67919001,1846,12652,132598,6129,4817,121098,133,19228,545,1,57227,0.0009989999999930887
67920000,5000,7308,129340,3193,850,132464,109,19231,446,1,57228,0.0009990000000072996
67921002,5013,5087,131299,-2578,1760,122509,103,19220,422,0,57229,0.0010019999999997253
67922000,6458,-12963,126351,4882,-20878,131235,117,19220,422,0,57230,0.0009979999999956135
67923000,8142,-6674,130357,16901,-9086,136231,105,19232,479,0,57231,0.0010000000000047748
67924000,1271,-1290,130406,-14317,-4045,125887,105,19226,430,0,57232,0.000999999999990564
67925000,4333,12356,135347,-16416,15054,124119,116,19220,475,1,57233,0.0010000000000047748
67926000,-7602,16612,132999,12606,10042,124635,108,19229,442,1,57234,0.0010000000000047748
67927000,-2622,-15706,125988,-7240,-23475,142859,97,19232,397,1,57235,0.000999999999990564
67928000,-1679,-13696,129100,-18529,-13376,130743,127,19232,520,0,57236,0.0010000000000047748
67929000,-1905,4418,130756,6270,1652,122956,99,19231,520,0,57237,0.0010000000000047748
67930000,2178,11502,132420,-158,6949,125779,108,19228,405,0,57238,0.000999999999990564
67931000,-9282,-1923,131012,-14120,-7689,133823,108,19227,442,1,57239,0.0010000000000047748
67932000,-7056,-4826,128600,-18397,-5437,136315,155,19229,635,1,57240,0.0010000000000047748
67933000,-11105,10995,129296,-4634,9168,119564,113,19230,463,1,57241,0.000999999999990564
67934000,-3335,19333,131049,-9551,15175,121690,99,19230,405,1,57242,0.0010000000000047748
67935000,-2604,-9839,125072,-12972,-16743,130559,153,19225,405,0,57243,0.0010000000000047748
67936000,-5712,-13291,125023,-1224,-15682,133982,102,19235,627,0,57244,0.000999999999990564
67937000,597,4175,126491,-16279,2850,127832,102,19230,418,0,57245,0.0010000000000047748
67938000,-4649,12359,128562,1413,9031,113372,112,19218,459,1,57246,0.0010000000000047748
67939000,-6028,8732,128804,-5541,2291,128556,114,19228,467,1,57247,0.000999999999990564
67940001,-6169,-3238,125558,-20817,-6003,133703,105,19233,430,1,57248,0.00100100000000225
67941000,-2135,7129,126900,1859,4369,119205,121,19233,430,0,57249,0.0009990000000072996
67942002,-2344,3274,125780,-444,688,125677,99,19229,496,0,57250,0.0010019999999997253
67943000,-1075,-3398,121728,-8911,-7432,126052,99,19227,405,0,57251,0.0009979999999956135
67944000,-40,-1268,128247,-4430,-4523,133674,106,19226,434,0,57252,0.0010000000000047748
67945002,-2291,11383,126477,2993,13249,112246,139,19222,569,1,57253,0.0010019999999997253
67946000,-2750,20206,128145,-8409,18064,123885,112,19233,459,1,57254,0.0009979999999956135
67947000,886,4762,125723,-5354,-4688,127017,97,19233,459,1,57255,0.0010000000000047748
67948000,9740,473,121641,9108,-7816,123343,107,19226,397,0,57256,0.000999999999990564
67949000,9322,-1298,126385,6704,-10540,128480,107,19231,438,0,57257,0.0010000000000047748
67950003,8950,-4855,124360,4806,-3759,122954,109,19228,446,0,57258,0.0010029999999972006
67951000,5283,904,127453,8338,-200,132451,113,19220,463,1,57259,0.0009969999999981383
67952000,184,8995,127071,-11004,8337,119009,121,19232,496,1,57260,0.0010000000000047748
67953000,5597,7614,125951,11057,14068,129062,102,19232,496,1,57261,0.0010000000000047748
67954000,4724,-88,126507,13593,-348,118137,112,19232,418,0,57262,0.000999999999990564
67955000,13336,5851,125868,-3683,-6272,128285,112,19222,459,0,57263,0.0010000000000047748
67956000,8643,-16062,125986,19099,-20583,140936,90,19227,369,0,57264,0.0010000000000047748
67957000,6991,-9902,129504,-74,-8932,127912,102,19228,418,0,57265,0.000999999999990564
67958001,2059,7375,129664,-3296,11548,124282,128,19223,524,1,57266,0.00100100000000225
67959000,-3297,18571,132699,3682,13447,122912,113,19223,524,1,57267,0.0009990000000072996
67960000,5021,6081,126440,-3103,-4652,134350,95,19230,463,1,57268,0.000999999999990564
67961000,6587,-4747,126739,3348,-9537,121610,95,19227,389,0,57269,0.0010000000000047748
67962000,10018,-3941,127417,11241,-3351,125010,155,19231,635,0,57270,0.0010000000000047748
67963019,6172,-6563,131443,10466,-15996,133311,106,19227,434,0,57271,0.001018999999999437
67964000,-420,-3296,131457,-16288,-6073,129525,108,19227,442,0,57272,0.0009809999999959018
67965000,-1657,8173,133933,-10424,3767,135112,130,19227,442,1,57273,0.0010000000000047748
67966000,-12508,12549,131352,3807,7861,117257,105,19227,532,1,57274,0.000999999999990564
67967000,-502,4698,129544,-18486,-1955,127332,105,19234,430,1,57275,0.0010000000000047748
67968002,1682,-9274,128793,-3082,-17820,138325,109,19218,446,0,57276,0.0010019999999997253
67969002,4861,729,129191,9088,-1048,123574,87,19229,356,0,57277,0.0010000000000047748
67970000,-2301,10212,130080,-15921,3364,125707,110,19229,451,0,57278,0.0009979999999956135
67971000,-8779,4525,130974,-14270,2573,126493,130,19229,532,1,57279,0.0010000000000047748
67972000,-7777,6919,131821,-6211,3986,136246,114,19224,532,1,57280,0.000999999999990564
67973003,-10528,3604,127703,-12725,4651,121102,101,19231,467,1,57281,0.0010029999999972006
67974000,-1103,14385,130472,-10706,9672,120610,101,19230,414,1,57282,0.0009970000000123491
67975000,-3379,-5159,123504,-4645,-11264,132875,145,19224,594,0,57283,0.000999999999990564
67976000,1919,-3498,127498,-5013,-5902,127564,105,19228,430,0,57284,0.0010000000000047748
67977000,-3230,-6403,127210,-5931,-6946,133843,106,19228,434,0,57285,0.0010000000000047748
67978003,-7089,24626,130544,-13847,23392,110796,134,19224,434,1,57286,0.0010029999999972006
67979002,-4041,8543,126299,-6704,-298,134773,111,19227,549,1,57287,0.0009989999999930887
67980000,-7584,6785,125487,-2931,5966,123360,111,19238,455,1,57288,0.0009980000000098244
67981000,4319,7973,125147,-14579,4192,125973,107,19219,438,0,57289,0.000999999999990564
67982000,-1464,-821,126066,9856,-3297,122629,92,19231,377,0,57290,0.0010000000000047748
67983000,5318,417,125916,-1831,-3388,127389,112,19231,459,0,57291,0.000999999999990564
67984000,-67,-3462,126278,-3188,-4902,135805,121,19227,459,1,57292,0.0010000000000047748
67985000,-6410,19340,127717,-1221,16526,111255,112,19219,496,1,57293,0.0010000000000047748
67986000,1657,5682,125288,-12719,1613,131824,112,19233,459,1,57294,0.000999999999990564
67987000,2803,10495,124104,9742,7713,120104,98,19231,401,1,57295,0.0010000000000047748
67988000,11028,-2416,122955,3871,-7250,127300,128,19232,524,0,57296,0.0010000000000047748
67989000,9938,1121,123368,3608,-2677,114831,106,19226,434,0,57297,0.000999999999990564
67990000,7614,4490,128687,14496,973,131164,111,19226,434,0,57298,0.0010000000000047748
67991000,4830,-7330,125852,-652,-11324,125248,147,19226,455,1,57299,0.0010000000000047748
67992000,593,21768,132010,-3299,19222,120086,147,19227,602,1,57300,0.000999999999990564
67993000,8295,2337,124974,9400,-1203,130852,110,19234,451,1,57301,0.0010000000000047748
67994000,8069,-804,125883,8927,1427,118552,97,19225,397,0,57302,0.0010000000000047748
67995000,9844,-5961,129101,992,-16738,140808,123,19232,504,0,57303,0.000999999999990564
67996000,11537,-5297,124633,21957,-10487,118770,105,19232,504,0,57304,0.0010000000000047748
67997000,2318,4394,129280,101,2529,131010,112,19230,430,0,57305,0.0010000000000047748
67998000,5479,3745,131471,-2006,8284,126840,112,19221,459,1,57306,0.000999999999990564
67999000,1293,21146,130169,11548,7329,120148,108,19227,442,1,57307,0.0010000000000047748
68000000,-373,312,129293,-10895,-8219,137031,98,19230,401,1,57308,0.0010000000000047748
68001000,8862,-14068,128499,2601,-19287,127571,122,19221,500,0,57309,0.000999999999990564
68002000,8570,-10061,127929,23697,-7017,133661,107,19221,500,0,57310,0.0010000000000047748
68003002,7437,-1563,129296,-9891,-856,124556,110,19230,438,0,57311,0.0010019999999997253
68004000,547,10696,132540,-12883,11181,125132,110,19229,451,1,57312,0.0009979999999956135
68005000,-3444,6268,131462,551,2269,133839,145,19227,594,1,57313,0.0010000000000047748
68006000,-8689,-3513,128178,-4071,-7919,130037,114,19229,467,1,57314,0.0010000000000047748
68007002,-2668,-10500,131208,-16459,-9209,135387,99,19227,405,1,57315,0.0010019999999997253
68008000,1347,2690,127879,-2433,-1415,123310,130,19227,405,0,57316,0.0009979999999956135
68009000,4662,-152,128429,-3123,-4878,132655,116,19230,532,0,57317,0.0010000000000047748
68010001,-1250,4556,130410,-10908,5217,126306,116,19228,475,0,57318,0.00100100000000225
68011002,-8833,3489,129744,-14689,-4366,130119,119,19222,487,1,57319,0.0010009999999880392
68012002,-7446,5498,131707,-10756,8344,130098,119,19232,487,1,57320,0.0010000000000047748
68013000,-8107,10196,130968,-8577,5580,126403,104,19231,426,1,57321,0.0009979999999956135
68014000,-2037,-328,127943,-6113,-2939,129852,114,19231,467,0,57322,0.0010000000000047748
68015000,-5571,-2804,126354,-9166,-5526,127393,90,19217,467,0,57323,0.0010000000000047748
68016000,-1651,-1979,125715,-8789,2841,127212,101,19233,369,0,57324,0.000999999999990564
68017000,-1691,10150,128023,-5311,8086,122831,101,19230,414,1,57325,0.0010000000000047748
68018000,-5749,8286,128688,-10369,4025,128492,133,19224,545,1,57326,0.0010000000000047748
68019000,-5712,3845,127578,-11186,7695,126213,115,19231,471,1,57327,0.000999999999990564
68020000,-2950,2837,127287,-4015,-4469,124414,100,19231,410,1,57328,0.0010000000000047748
68021000,3213,-5987,125344,3427,-11470,134041,117,19223,410,0,57329,0.0010000000000047748
68022000,926,2433,124919,-4289,483,121853,105,19235,479,0,57330,0.000999999999990564
68023000,1422,5329,125634,-4552,3102,123971,105,19229,430,0,57331,0.0010000000000047748
68024000,-2391,11129,126302,-2708,9412,120608,110,19225,451,1,57332,0.0010000000000047748
68025001,-1413,9646,125619,-9521,9350,128913,141,19229,577,1,57333,0.00100100000000225
68026000,-2084,3659,124467,6648,-737,125201,104,19229,426,1,57334,0.0009989999999930887
68027000,4861,8520,124041,-109,4201,121341,103,19231,426,0,57335,0.0010000000000047748
68028000,10788,2836,124227,-3029,-926,121932,90,19225,422,0,57336,0.000999999999990564
68029000,9398,-4022,128053,21922,-8156,125284,90,19228,369,0,57337,0.0010000000000047748
68030000,6047,-10761,124177,-525,-14369,134022,111,19229,455,0,57338,0.0010000000000047748
68031000,-275,9675,129520,-7225,8292,122731,133,19222,545,1,57339,0.000999999999990564
68032000,6337,11835,129179,9658,7812,125177,112,19229,459,1,57340,0.0010000000000047748
68033000,7810,3099,125507,12519,433,129265,95,19229,459,1,57341,0.0010000000000047748
68034000,8003,7507,126433,-1389,4332,125862,141,19231,389,0,57342,0.000999999999990564
68035002,11709,-5499,124777,2182,-10090,129461,141,19232,577,0,57343,0.0010019999999997253
68036000,9511,-1964,126962,24847,-5424,126180,99,19230,405,0,57344,0.0009980000000098244
68037000,6363,-2860,128567,-6107,-6729,133450,102,19228,418,1,57345,0.000999999999990564
68038000,1104,5259,130501,-8197,-293,121159,127,19226,520,1,57346,0.0010000000000047748
68039000,1827,17001,133051,11632,16057,130487,107,19226,520,1,57347,0.0010000000000047748
68040000,278,-4935,126177,-4970,-9330,131471,107,19230,438,1,57348,0.000999999999990564
68041000,8953,-5767,128483,-7540,-10646,127415,107,19222,438,0,57349,0.0010000000000047748
68042000,12464,-9322,130059,18697,-19557,137372,109,19231,446,0,57350,0.0010000000000047748
68043000,-249,5037,129633,6724,4075,119052,104,19227,426,0,57351,0.000999999999990564
68044000,5765,7550,132129,-25687,5836,131736,120,19222,491,1,57352,0.0010000000000047748
68045000,-9143,4532,133634,14854,1514,128581,113,19222,491,1,57353,0.0010000000000047748
68046001,-4905,7094,129497,-15409,-3707,126366,97,19227,463,1,57354,0.00100100000000225
68047000,-3332,-7749,130230,-16023,-11995,138085,97,19228,397,0,57355,0.0009989999999930887
68048000,624,-6020,129848,9297,-4690,123846,132,19229,541,0,57356,0.0010000000000047748
68049000,2661,3845,130355,-1769,-596,129710,110,19229,451,0,57357,0.000999999999990564
68050000,-7719,577,131842,-17782,-3427,126935,113,19224,463,0,57358,0.0010000000000047748
68051003,-6396,3993,131289,-12947,1700,133032,142,19224,463,1,57359,0.0010029999999972006
68052000,-10879,8856,129845,-5200,3978,129154,111,19231,582,1,57360,0.0009969999999981383
68053000,-5311,14054,129722,-11603,10576,119376,111,19224,455,1,57361,0.0010000000000047748
68054000,-5908,-4902,126694,-5835,-9781,134811,102,19225,418,0,57362,0.0010000000000047748
68055000,-3336,-3101,127412,-2134,-8627,122191,129,19232,528,0,57363,0.000999999999990564
68056000,2042,1563,127229,-2532,-3002,129267,102,19228,418,0,57364,0.0010000000000047748
68057000,-7185,6503,129650,-7927,6727,126159,118,19228,418,1,57365,0.0010000000000047748
68058000,-5680,13977,127864,-15572,9611,119885,113,19224,483,1,57366,0.000999999999990564
68059000,-9630,-1632,128084,-9473,-3377,139071,113,19228,463,1,57367,0.0010000000000047748
68060000,1316,4997,125577,-648,3158,116530,98,19228,401,0,57368,0.0010000000000047748
68061000,-666,3534,125497,803,-2520,127210,127,19232,520,0,57369,0.000999999999990564
68062000,2848,-7162,123806,-4543,-14191,126826,101,19229,414,0,57370,0.0010000000000047748
68063001,2857,4191,124962,-5221,2493,125895,108,19229,442,0,57371,0.00100100000000225
68064000,-2479,16105,125889,171,13226,121834,151,19225,442,1,57372,0.0009989999999930887
68065000,-2065,17820,126812,-8757,13209,114929,110,19225,618,1,57373,0.0010000000000047748
68066000,729,1618,125638,-230,-3763,140667,110,19234,451,1,57374,0.0010000000000047748
68067001,7891,-5119,122859,7430,-5812,118202,95,19225,389,0,57375,0.0010009999999880392
68068000,8308,5850,123829,4682,1581,117832,108,19227,442,0,57376,0.0009990000000072996
68069000,7193,474,127688,9099,-5436,130195,116,19227,475,0,57377,0.0010000000000047748
68070001,5948,-6297,124157,1694,-8360,123904,124,19227,475,1,57378,0.0010009999999880392
68071000,-299,-859,129632,-942,-4053,131824,107,19219,508,1,57379,0.0009990000000072996
68072000,4162,18187,127640,1638,14061,115620,107,19230,438,1,57380,0.0010000000000047748
68073000,5281,554,124285,13114,-5301,129025,99,19233,405,1,57381,0.000999999999990564
68074000,12010,-3462,126494,2005,-5632,124891,121,19224,496,0,57382,0.0010000000000047748
68075000,13826,-5670,125662,5633,-9598,129731,95,19224,389,0,57383,0.0010000000000047748
68076000,5811,1407,128284,19867,-3657,126724,103,19231,389,0,57384,0.000999999999990564
68077003,5083,8622,130663,-8549,4932,124487,134,19233,422,1,57385,0.0010029999999972006
68078000,-1583,2513,132157,-2688,-834,142484,134,19229,549,1,57386,0.0009970000000123491
68079000,226,6430,128073,10231,3170,116986,111,19228,455,1,57387,0.000999999999990564
68080000,5035,-2659,128511,-4122,-6451,127926,99,19227,405,0,57388,0.0010000000000047748
68081000,9073,-7287,125108,999,-10886,130907,145,19231,594,0,57389,0.0010000000000047748
68082000,10419,-3271,126699,16447,-7598,127131,103,19231,594,0,57390,0.000999999999990564
68083000,1175,-2566,130611,-813,-5271,124219,107,19226,422,0,57391,0.0010000000000047748
68084000,2006,9017,132232,-20320,5539,126660,107,19223,438,1,57392,0.0010000000000047748
68085000,-6189,3644,134904,2776,1858,136702,126,19227,516,1,57393,0.000999999999990564
68086001,-4348,-4564,129947,1657,-7420,127105,101,19232,414,1,57394,0.00100100000000225
68087001,-1413,-8253,127555,-17088,-7272,130257,116,19219,475,0,57395,0.0010000000000047748
68088000,-2108,-3032,130337,-1936,-300,126012,94,19219,475,0,57396,0.0009989999999930887
68089000,-984,2974,130742,-1351,7709,126751,109,19230,385,0,57397,0.0010000000000047748
68090000,-6111,12741,135054,-11066,-7078,128141,109,19227,446,1,57398,0.0010000000000047748
68091000,-11377,2211,128632,-15680,1181,130972,138,19225,565,1,57399,0.000999999999990564
68092000,-10182,5253,132288,-2268,-471,133099,118,19231,483,1,57400,0.0010000000000047748
68093000,-4550,6417,129221,-7675,5493,119339,101,19227,414,1,57401,0.0010000000000047748
68094001,-3652,2789,128484,-13073,-9645,135139,159,19227,414,0,57402,0.0010009999999880392
68095000,-2994,-5284,126343,-4876,-3024,123595,112,19227,651,0,57403,0.0009990000000072996
68096004,-61,8137,127793,-6260,-519,126854,112,19225,459,0,57404,0.0010039999999946758
68097000,-5366,4452,126059,-7591,3601,120584,110,19223,451,1,57405,0.000996000000000663
68098003,-5946,18387,129978,-13071,14539,122028,134,19227,549,1,57406,0.0010029999999972006
68099006,-4880,-4213,124652,-7826,-6507,138065,113,19232,463,1,57407,0.0010030000000114114
68100000,-2294,4728,124315,-6252,9410,112826,114,19232,463,0,57408,0.0009939999999915017
68101000,81,2104,125208,-595,1171,128310,90,19220,467,0,57409,0.0010000000000047748
68102002,1621,1209,124294,4451,-5443,122492,90,19232,369,0,57410,0.0010019999999997253
68103000,3639,-1401,125613,-19270,-10031,135947,104,19225,426,0,57411,0.0009979999999956135
68104000,-1750,3304,127139,3648,8710,123986,127,19221,520,1,57412,0.0010000000000047748
68105000,-2907,26223,128620,2121,19066,111597,112,19232,459,1,57413,0.0010000000000047748
68106000,2981,2090,125052,-5335,-8981,134880,96,19232,393,1,57414,0.000999999999990564
68107000,4692,2286,123692,5737,1808,119922,122,19234,393,0,57415,0.0010000000000047748
68108000,14148,1790,123727,8473,-5026,125835,108,19232,500,0,57416,0.000999999999990564
68109001,4271,5898,125441,13201,4977,115855,108,19228,442,0,57417,0.00100100000000225
68110000,7612,-5346,124803,-1559,-10103,132904,111,19221,455,1,57418,0.0009990000000072996
68111003,1381,-2812,127756,-5908,812,130256,129,19230,528,1,57419,0.0010029999999972006
68112000,4214,19825,129769,10206,15348,116859,108,19230,442,1,57420,0.0009969999999981383
68113000,7987,561,123827,14979,2588,130536,104,19232,442,1,57421,0.0010000000000047748
68114000,10260,-324,126715,-7602,-4727,117520,101,19223,426,0,57422,0.000999999999990564
68115003,14231,-15838,127515,12388,-26894,143690,101,19230,414,0,57423,0.0010030000000114114
68116000,4967,312,127766,14430,-690,121834,105,19228,430,0,57424,0.0009969999999981383
68117000,2799,12473,133329,-15481,8395,123290,118,19223,483,1,57425,0.000999999999990564
68118000,-2171,11451,130341,2150,8192,130645,109,19223,446,1,57426,0.0010000000000047748
68119002,1122,4641,127336,8776,-1964,126915,99,19230,446,1,57427,0.0010019999999997253
68120001,6836,-7695,128099,-4462,-11365,134893,137,19229,405,0,57428,0.0009990000000072996
68121004,12059,2090,128964,6677,967,115794,137,19225,561,0,57429,0.0010029999999972006
68122003,9775,-6935,128973,19038,-12797,135187,103,19227,422,0,57430,0.0009989999999930887
68123000,756,-6502,131941,-13606,-9051,127633,102,19226,418,0,57431,0.0009969999999981383
68124000,-4867,11483,134065,-13688,7870,130953,151,19228,618,1,57432,0.0010000000000047748
68125000,-8595,13087,129646,372,12102,122662,107,19228,618,1,57433,0.0010000000000047748
68126000,-3935,3033,131977,-6802,-702,124845,99,19232,438,1,57434,0.000999999999990564
68127000,3927,-18854,126021,-11348,-23108,143943,99,19224,405,0,57435,0.0010000000000047748
68128000,1286,6761,128529,3128,2316,116811,124,19229,508,0,57436,0.0010000000000047748
68129001,-250,1420,132013,-822,-2426,131819,113,19228,463,0,57437,0.00100100000000225
68130000,-6616,7808,131578,-16731,5045,126142,121,19222,496,1,57438,0.0009989999999930887
68131000,-11126,572,130354,-16862,-2326,138896,110,19222,496,1,57439,0.0010000000000047748
68132000,-9531,5683,130351,-6493,2080,118010,100,19230,451,1,57440,0.000999999999990564
68133000,-3525,12528,130261,-7439,10452,122739,100,19230,410,1,57441,0.0010000000000047748
68134000,-1405,-4702,124011,-8426,-8521,135163,128,19216,524,0,57442,0.0010000000000047748
68135000,-157,-457,126986,-5144,-3057,125181,97,19233,397,0,57443,0.000999999999990564
68136000,82,-1694,126134,-3783,1614,127966,99,19234,405,0,57444,0.0010000000000047748
68137003,-8495,20457,129609,-8710,9635,117993,141,19234,405,1,57445,0.0010029999999972006
68138000,-6914,5510,127644,-13656,-4995,134655,113,19235,577,1,57446,0.0009969999999981383
68139000,-5217,4212,127855,-6387,834,126632,113,19230,463,1,57447,0.0010000000000047748
68140000,2062,6220,125390,351,882,118052,100,19226,410,0,57448,0.0010000000000047748
68141000,699,3883,126158,1596,-800,126600,111,19232,455,0,57449,0.000999999999990564
68142000,2319,-303,124397,-4628,477,127625,104,19234,426,0,57450,0.0010000000000047748
68143000,1136,-982,124958,-4161,858,128574,110,19234,426,0,57451,0.0010000000000047748
68144000,-2276,14670,126518,-3813,20585,119468,122,19221,451,1,57452,0.000999999999990564
68145000,355,17884,126007,-4515,8037,121000,122,19230,500,1,57453,0.0010000000000047748
68146000,4942,1412,123600,11010,-4556,131106,99,19229,405,1,57454,0.0010000000000047748
68147000,8494,-1740,123596,1166,-7394,124571,116,19231,475,0,57455,0.000999999999990564
68148000,14358,-2080,123838,5719,-1070,123418,99,19228,405,0,57456,0.0010000000000047748
68149000,6333,7665,128756,13987,-2859,123476,109,19228,446,0,57457,0.0010000000000047748
68150000,5081,-7556,125021,-155,-12125,133106,141,19229,446,1,57458,0.000999999999990564
68151001,-256,13702,131352,-3848,17169,124200,113,19229,577,1,57459,0.00100100000000225
68152002,4595,6279,125313,9906,6149,124429,113,19232,463,1,57460,0.00100100000000225
68153000,9617,1447,125850,5832,665,122111,95,19226,389,0,57461,0.0009979999999956135
68154000,11102,3054,127665,-123,746,127216,135,19230,553,0,57462,0.0010000000000047748
68155000,8745,-16231,124901,18727,-20285,138370,102,19230,418,0,57463,0.0010000000000047748
68156000,5063,-1155,128654,4428,-1230,123400,108,19229,418,0,57464,0.000999999999990564
68157000,2067,4229,129666,-11145,2748,129500,118,19225,442,1,57465,0.0010000000000047748
68158000,3240,21890,133044,3970,14957,120693,118,19230,483,1,57466,0.0010000000000047748
68159000,3623,-842,128786,1293,-8482,135824,103,19229,422,1,57467,0.000999999999990564
68160001,5919,111,129658,-2249,-441,131379,112,19218,459,0,57468,0.00100100000000225
68161000,8347,-8676,128424,14756,-12568,121893,89,19218,365,0,57469,0.0009990000000072996
68162000,4066,-9875,129086,10589,-14615,138416,104,19230,365,0,57470,0.000999999999990564
68163000,2818,9099,132800,-22006,8701,124058,133,19231,426,1,57471,0.0010000000000047748
68164000,-5486,11742,133559,-2020,8185,124177,133,19223,545,1,57472,0.0010000000000047748
68165000,-8398,8521,131579,3725,3626,128556,110,19228,451,1,57473,0.000999999999990564
68166000,-5537,-14298,128288,-23043,-21685,134993,94,19228,385,1,57474,0.0010000000000047748
68167000,-1677,-13897,128972,-2647,-14523,133841,147,19233,602,0,57475,0.0010000000000047748
68168001,4886,7608,130948,2411,3593,121448,105,19233,602,0,57476,0.00100100000000225
68169003,-6508,3292,131839,-10602,-1570,131783,114,19232,430,0,57477,0.0010019999999997253
68170000,-6720,-963,131455,-16855,-4967,126366,114,19224,467,1,57478,0.0009969999999981383
68171000,-9726,1809,128930,-13837,-604,135089,130,19228,532,1,57479,0.000999999999990564
68172000,-8952,12614,131863,-8452,10137,131185,108,19230,442,1,57480,0.0010000000000047748
68173001,-2466,9916,127262,-4584,6655,114654,108,19221,442,0,57481,0.00100100000000225
68174000,-4859,-11378,125265,-12781,-15097,137865,126,19221,442,0,57482,0.0009989999999930887
68175000,-642,-2840,125811,-5585,-6396,125935,104,19231,516,0,57483,0.0010000000000047748
68176000,-1957,4639,126092,-4819,558,127170,104,19228,426,0,57484,0.0010000000000047748
68177000,-5391,13202,129078,-7497,10637,115479,125,19225,512,1,57485,0.000999999999990564
68178000,-8174,10242,128666,-12192,8287,134874,116,19227,475,1,57486,0.0010000000000047748
68179000,-380,-3951,127192,-10406,-5608,129104,101,19228,414,1,57487,0.0010000000000047748
68180000,-1381,3438,125518,6656,699,124468,141,19228,414,0,57488,0.000999999999990564
68181000,-1878,-1670,125362,-3836,-2745,119253,107,19233,577,0,57489,0.0010000000000047748
68182000,181,4075,126222,-8791,3951,123087,107,19230,438,0,57490,0.0010000000000047748
68183000,-882,1607,126804,-864,-1244,136766,112,19225,459,1,57491,0.000999999999990564
68184000,-1200,11085,125861,53,14335,111618,151,19231,618,1,57492,0.0010000000000047748
68185000,-2996,18837,126091,-4697,8025,122678,108,19232,442,1,57493,0.0010000000000047748
68186000,6505,2914,124494,6782,-2084,128185,97,19232,442,0,57494,0.000999999999990564
68187000,11009,-4305,122230,7408,-3984,125939,84,19224,397,0,57495,0.0010000000000047748
68188000,9011,-8643,123368,4302,-11520,131204,84,19230,344,0,57496,0.0010000000000047748
68189000,6377,1052,125480,7861,394,118161,111,19228,455,0,57497,0.000999999999990564
68190000,844,3695,125869,1764,130,129794,127,19227,520,1,57498,0.0010000000000047748
68191000,6047,7953,129672,-6378,8695,123925,116,19231,475,1,57499,0.0010000000000047748
68192000,5895,10147,125322,17146,4864,124650,98,19231,475,1,57500,0.000999999999990564
68193000,9798,8803,125013,1015,7116,116980,130,19230,401,0,57501,0.0010000000000047748
68194000,9683,-1220,125690,3768,-10254,128699,100,19231,532,0,57502,0.0010000000000047748
68195002,8036,-20255,127496,23998,-18393,143440,100,19230,410,0,57503,0.0010019999999997253
68196000,6263,-3087,128758,-8500,1089,122994,105,19226,430,1,57504,0.0009979999999956135
68197000,-2553,8688,131556,-8887,8303,128040,139,19235,569,1,57505,0.0010000000000047748
68198000,824,16096,131803,12620,11026,123924,112,19235,459,1,57506,0.000999999999990564
68199000,2658,-4375,124304,-4628,-11817,132008,102,19232,459,1,57507,0.0010000000000047748
68200002,10342,-5860,128868,-31,-4994,129058,128,19224,418,0,57508,0.0010019999999997253
68201000,9229,211,129895,18313,-3944,122980,128,19231,524,0,57509,0.0009979999999956135
68202000,4456,-5902,128222,1175,-11570,135596,110,19228,451,0,57510,0.0010000000000047748
68203000,-118,3894,134676,-22961,1329,128187,118,19221,483,1,57511,0.0010000000000047748
68204000,-6310,1155,131355,3125,-1845,135180,113,19221,463,1,57512,0.000999999999990564
68205000,-7559,12709,130335,3605,12650,118555,98,19234,463,1,57513,0.0010000000000047748
68206001,-1149,-2294,128378,-23926,-9937,130745,119,19233,401,0,57514,0.00100100000000225
68207000,3110,-3277,127851,10828,-1473,133211,119,19225,487,0,57515,0.0009989999999930887
68208000,472,-48,129265,-1380,-3251,121040,98,19228,401,0,57516,0.0010000000000047748
68209000,-4109,-3824,133421,-20948,-6255,136864,110,19228,451,0,57517,0.0010000000000047748
68210000,-8656,8139,132289,-5540,7002,125680,151,19228,618,1,57518,0.000999999999990564
68211001,-8923,-153,129140,-13565,-1063,135185,116,19229,618,1,57519,0.00100100000000225
68212000,-7776,16942,130386,-11235,12703,120405,98,19234,475,1,57520,0.0009990000000072996
68213001,-2021,2235,126352,-9740,-5126,125129,98,19226,401,0,57521,0.0010009999999880392
68214000,-2301,-5085,127320,-3305,-4891,130541,159,19232,651,0,57522,0.0009990000000072996
68215000,-2268,2084,129250,-4568,-1121,124607,104,19229,426,0,57523,0.0010000000000047748
68216000,-5627,-1715,126233,-12196,-5988,130393,109,19222,446,1,57524,0.000999999999990564
68217000,-8485,18673,130411,-10420,14888,114328,122,19222,446,1,57525,0.0010000000000047748
68218000,-5717,1190,127408,-9854,-1568,136170,104,19227,500,1,57526,0.0010000000000047748
68219000,-2384,13222,123529,5316,10923,115697,104,19233,426,1,57527,0.000999999999990564
68220000,1373,3208,125117,-15277,-480,122881,115,19229,471,0,57528,0.0010000000000047748
68221000,6339,-5219,124680,4981,-8411,129098,96,19228,393,0,57529,0.0010000000000047748
68222000,3444,-3636,123358,7413,-7300,125117,110,19226,451,0,57530,0.000999999999990564
68223000,-3917,6325,127497,-15103,2937,133004,139,19226,451,1,57531,0.0010000000000047748
68224000,-2536,25700,127667,-3313,23977,122394,111,19221,569,1,57532,0.0010000000000047748
68225000,3041,236,124203,3899,-2578,132181,111,19231,455,1,57533,0.000999999999990564
68226000,5860,8681,124256,3281,4539,112658,93,19227,381,0,57534,0.0010000000000047748
68227001,9739,2300,124122,-389,-221,130738,109,19227,446,0,57535,0.00100100000000225
68228000,10128,-4674,124305,14731,-8208,126540,112,19227,459,0,57536,0.0009989999999930887
68229000,2382,-3718,126947,10104,-12157,134734,115,19227,459,0,57537,0.0010000000000047748
68230000,2435,-7430,127486,-11727,10214,124389,123,19226,471,1,57538,0.0010000000000047748
68231000,2538,31294,131190,4617,12889,118380,123,19230,504,1,57539,0.000999999999990564
68232000,7162,-6549,124924,12158,-18383,137529,101,19231,414,1,57540,0.0010000000000047748
68233002,11090,-2643,124291,-897,128,118753,110,19220,451,0,57541,0.0010019999999997253
68234000,9980,-2423,127415,12018,-13044,133038,87,19228,356,0,57542,0.0009979999999956135
68235001,9442,-4428,125604,11740,450,122068,103,19228,356,0,57543,0.00100100000000225
68236000,3876,4685,130155,-11835,-3571,134222,123,19229,422,1,57544,0.0009989999999930887
68237000,211,2959,130349,686,7804,126715,123,19228,504,1,57545,0.0010000000000047748
68238001,-1336,17063,130845,9388,10442,122801,112,19228,459,1,57546,0.00100100000000225
68239000,2031,-5645,127350,-7321,-10028,133802,98,19228,401,1,57547,0.0009989999999930887
68240000,9834,-10667,127431,4527,-16551,130353,149,19228,610,0,57548,0.0010000000000047748
68241000,11571,-10579,128879,19674,-13025,131581,104,19228,426,0,57549,0.0010000000000047748
68242000,5953,-1685,132453,-12133,4212,125752,103,19233,426,0,57550,0.000999999999990564
68243000,-1377,18930,133764,-14402,9996,123172,133,19224,422,1,57551,0.0010000000000047748
68244000,-7268,2608,131932,3122,-11147,137552,133,19230,545,1,57552,0.0010000000000047748
68245002,-7681,-6367,131001,-5585,-8547,129646,105,19232,430,1,57553,0.0010019999999997253
68246002,-2411,-3176,130543,-15419,-9625,130202,104,19224,426,0,57554,0.000999999999990564
68247000,1186,1246,129792,-447,2139,125758,89,19224,365,0,57555,0.0009980000000098244
68248000,1900,7119,130339,3427,4087,123067,108,19228,365,0,57556,0.000999999999990564
68249000,-3921,557,130234,-16281,-5303,134674,127,19227,442,1,57557,0.0010000000000047748
68250001,-10041,5439,131017,-14202,3780,125010,127,19225,520,1,57558,0.00100100000000225
68251000,-8264,6393,130661,-10608,3305,129605,114,19232,467,1,57559,0.0009989999999930887
68252000,-3346,9469,131864,-7925,6149,125114,101,19231,414,1,57560,0.0010000000000047748
68253000,-3024,-4907,126127,-6946,-10322,131661,140,19231,573,0,57561,0.0010000000000047748
68254000,-4246,-6185,124773,-10857,-4670,131453,102,19222,573,0,57562,0.000999999999990564
68255000,1442,11147,127882,-2604,10061,115164,101,19225,418,0,57563,0.0010000000000047748
68256000,-3545,9660,127655,340,4358,131988,101,19226,414,1,57564,0.0010000000000047748
68257000,-7307,12315,128160,-15066,8280,122299,135,19229,553,1,57565,0.000999999999990564
68258001,-6074,-2002,127819,-11956,-5320,130366,113,19231,463,1,57566,0.00100100000000225
68259000,-837,6102,127566,-206,6724,126675,106,19225,434,0,57567,0.0009990000000072996
68260000,1425,-1201,122282,-1123,-6941,122275,98,19225,434,0,57568,0.000999999999990564
68261000,222,-3385,124941,-3819,-6167,130533,107,19233,401,0,57569,0.0010000000000047748
68262000,2132,4926,124305,-7894,2843,121514,107,19230,438,0,57570,0.0010000000000047748
68263000,-4990,11906,127901,-1901,9150,121850,118,19219,483,1,57571,0.000999999999990564
68264000,2,8659,127354,-8307,4761,122443,110,19231,451,1,57572,0.0010000000000047748
68265000,-922,2905,123566,8496,-1125,128796,96,19231,393,1,57573,0.0010000000000047748
68266000,5244,6081,125072,-10893,3221,126775,123,19231,393,0,57574,0.000999999999990564
68267000,13070,83,121498,7938,-3977,114710,116,19230,504,0,57575,0.0010000000000047748
68268000,5212,6059,126454,24327,1571,131749,116,19227,475,0,57576,0.0010000000000047748
68269000,8365,-10343,121578,-13200,-15347,130954,117,19223,479,1,57577,0.000999999999990564
68270000,597,10129,130926,4279,6861,124632,145,19229,594,1,57578,0.0010000000000047748
68271000,8102,13309,128269,7912,10131,120336,110,19231,451,1,57579,0.0010000000000047748
68272000,5183,5127,125217,4677,2103,124856,97,19231,451,1,57580,0.000999999999990564
68273000,10311,-3406,127552,1732,-6231,133736,127,19226,397,0,57581,0.0010000000000047748
68274002,10603,-10325,123418,10443,-14805,123493,127,19229,520,0,57582,0.0010019999999997253
68275000,3616,1852,130146,13774,-2735,126185,109,19230,446,0,57583,0.0009979999999956135
68276000,4567,-2201,131780,-14997,-3817,128864,111,19223,455,1,57584,0.0010000000000047748
68277000,-1010,17369,131566,2696,11158,127243,105,19228,430,1,57585,0.0010000000000047748
68278000,-456,5309,131973,9867,-4455,128869,100,19228,430,1,57586,0.000999999999990564
68279002,4782,-6090,127081,-7224,-6986,122607,124,19232,410,0,57587,0.0010019999999997253
68280000,9838,-8751,130884,3047,-12833,138023,124,19218,508,0,57588,0.0009980000000098244
68281000,8387,-4392,127122,16098,-11070,126777,96,19230,393,0,57589,0.000999999999990564
68282001,133,1432,131281,-24937,2646,130380,99,19226,405,0,57590,0.00100100000000225
68283000,324,11838,133356,-7214,13699,124552,136,19226,557,1,57591,0.0009990000000072996
68284003,-10268,6996,130488,12462,-1299,127018,112,19226,459,1,57592,0.0010029999999972006
68285001,-1105,-5723,129019,-22359,-12877,137644,95,19232,459,1,57593,0.0009979999999956135
68286000,-1874,-12012,127994,-7221,-12099,132894,124,19232,389,0,57594,0.0009990000000072996
68287000,6554,8685,128105,8207,9717,119765,124,19232,508,0,57595,0.000999999999990564
68288000,-458,7319,131030,-8964,1656,128209,110,19225,451,0,57596,0.0010000000000047748
68289001,-6310,1057,130304,-15265,-2756,136327,115,19222,471,1,57597,0.00100100000000225
68290000,-7560,1977,130842,-15442,-3643,129980,119,19222,487,1,57598,0.0009989999999930887
68291000,-13495,9014,129844,-6858,12752,121318,107,19228,487,1,57599,0.0010000000000047748
68292000,-3084,17535,132224,-9810,8657,123662,114,19227,438,1,57600,0.0010000000000047748
68293000,-5628,-11674,123944,-9439,-15840,131782,114,19219,467,0,57601,0.000999999999990564
68294000,-1226,-5241,127339,-4686,-4455,129108,89,19229,365,0,57602,0.0010000000000047748
68295000,-1057,6548,127527,-6966,4614,123819,105,19228,430,0,57603,0.0010000000000047748
68296000,-5222,14845,128790,-3915,12356,117966,134,19228,549,1,57604,0.000999999999990564
68297000,-5215,7988,129185,-13268,-56,133559,118,19227,549,1,57605,0.0010000000000047748
68298000,-6915,-4784,125047,-5316,-7883,131484,103,19228,483,1,57606,0.0010000000000047748
68299001,1022,11852,125733,509,8613,117240,103,19228,422,0,57607,0.0010009999999880392
68300000,-1591,3334,123753,-6153,-685,125869,131,19232,537,0,57608,0.0009990000000072996
68301000,4470,6643,125563,7632,4958,128512,108,19232,442,0,57609,0.0010000000000047748
68302000,-1380,1791,122703,-6882,982,123637,112,19223,459,0,57610,0.000999999999990564
68303000,-802,14319,128464,-7187,14884,120725,143,19223,459,1,57611,0.0010000000000047748
68304000,-50,9773,124679,3655,6616,123551,106,19229,586,1,57612,0.0010000000000047748
68305003,2673,-3195,123107,-1324,-8559,126261,106,19228,434,1,57613,0.0010029999999972006
68306000,9588,-2370,123920,1598,-8445,129209,105,19228,430,0,57614,0.0009969999999981383
68307000,8772,166,124385,12009,-3469,118276,91,19225,373,0,57615,0.0010000000000047748
68308000,6955,637,128181,6155,-2728,127118,113,19228,463,0,57616,0.000999999999990564
68309000,974,-2288,126992,-3805,-6346,131074,133,19228,463,1,57617,0.0010000000000047748
68310000,1950,12279,128267,3202,8904,122445,116,19222,545,1,57618,0.0010000000000047748
68311000,3939,9609,127844,10451,6839,121854,116,19228,475,1,57619,0.000999999999990564
68312000,7416,1279,124840,721,-2787,126227,97,19225,397,0,57620,0.0010000000000047748
68313000,15880,2987,125644,12472,-949,126430,140,19225,573,0,57621,0.0010000000000047748
68314000,8981,-5938,125363,8247,-9426,127352,110,19229,451,0,57622,0.000999999999990564
68315000,7386,-5621,129511,4518,-10142,133720,110,19229,451,0,57623,0.0010000000000047748
68316000,11,9269,130809,-930,4499,128530,134,19229,451,1,57624,0.0010000000000047748
68317002,1186,4926,129406,-3453,836,129711,134,19227,549,1,57625,0.0010019999999997253
68318001,4030,5427,129604,3322,1505,126148,112,19228,459,1,57626,0.0009989999999930887
68319002,8940,3163,128671,2814,1131,127135,105,19221,430,0,57627,0.00100100000000225
68320000,8793,-8591,126885,4756,-12881,125659,115,19232,471,0,57628,0.0009979999999956135
68321001,3133,-171,132434,10999,-2866,137153,109,19232,471,0,57629,0.00100100000000225
68322000,1537,-6755,130590,-9568,-10537,128856,121,19230,446,1,57630,0.0009990000000072996
68323000,-3562,9025,134266,-8207,6792,129761,121,19222,496,1,57631,0.000999999999990564
68324000,-8233,-3340,133222,1677,3281,131978,109,19232,446,1,57632,0.0010000000000047748
68325000,-3663,2330,128358,-6495,-10890,125436,98,19234,401,1,57633,0.0010000000000047748
68326000,147,-10855,128680,-18585,-19044,142830,129,19231,528,0,57634,0.000999999999990564
68327000,4120,-3443,129762,11653,1589,122275,102,19231,528,0,57635,0.0010000000000047748
68328000,-6382,14784,131290,-16012,5366,123040,106,19228,418,0,57636,0.0010000000000047748
68329001,-8861,4530,131688,-20845,-1431,133599,106,19224,434,1,57637,0.0010009999999880392
68330001,-8908,-1742,129796,-6206,-2124,135002,145,19228,594,1,57638,0.0010000000000047748
68331000,-8349,6379,130142,-1292,1590,125751,111,19236,455,1,57639,0.0009990000000072996
68332000,-3113,12371,127781,-14904,7700,119586,103,19224,422,1,57640,0.000999999999990564
68333000,-4270,-2916,126505,-10034,-9276,132051,154,19224,631,0,57641,0.0010000000000047748
68334000,1452,-5339,126030,-238,-3516,130951,110,19230,631,0,57642,0.0010000000000047748
68335001,-1957,-3711,125232,-13218,-4293,127825,116,19228,451,0,57643,0.0010009999999880392
68336000,-8406,12417,130194,-12033,22029,112106,116,19219,475,1,57644,0.0009990000000072996
68337000,-3080,14155,128376,-7931,-1513,134566,109,19224,446,1,57645,0.0010000000000047748
68338000,-5291,-10239,123308,-5666,-12010,130714,105,19226,430,1,57646,0.000999999999990564
68339000,220,8921,127759,-6695,6544,117062,128,19226,524,0,57647,0.0010000000000047748
68340000,-1883,5215,126310,5400,-4178,124229,102,19229,524,0,57648,0.0010000000000047748
68341001,1888,2511,125321,-2533,-495,127115,105,19230,418,0,57649,0.0010009999999880392
68342000,447,-6613,126055,-7666,-6831,134728,105,19226,430,1,57650,0.0009990000000072996
68343001,-3653,16711,126439,2168,20189,113473,141,19228,577,1,57651,0.00100100000000225
68344000,505,19416,126531,-4086,11776,122705,111,19237,455,1,57652,0.0009989999999930887
68345001,4281,-4159,121590,820,-7326,125804,95,19228,389,0,57653,0.00100100000000225
68346001,11847,4630,125272,7139,-1118,122817,100,19228,389,0,57654,0.0010000000000047748
68347000,7318,-3694,122489,6375,-3472,124133,112,19232,410,0,57655,0.0009989999999930887
68348000,6976,7234,127661,3297,5606,120070,112,19229,459,0,57656,0.0010000000000047748
68349000,4874,-9325,125625,1121,-14758,130343,116,19221,475,1,57657,0.0010000000000047748
68350001,2967,4940,129585,1743,3637,128092,106,19229,434,1,57658,0.0010009999999880392
68351001,6191,12411,127350,10593,7904,124081,101,19231,414,1,57659,0.0010000000000047748
68352000,6400,-4531,125521,2077,-6878,121157,117,19231,414,0,57660,0.0009990000000072996
68353001,11366,721,128042,2168,-4477,128211,96,19222,479,0,57661,0.0010009999999880392
68354001,7523,-13044,126370,19662,-17651,135662,96,19229,393,0,57662,0.0010000000000047748
68355001,4712,3797,129510,-3540,3134,123616,103,19232,422,0,57663,0.0010000000000047748
68356000,241,16831,133642,-5774,11502,126767,133,19231,545,1,57664,0.0009989999999930887
68357000,467,2574,126851,9607,-405,129724,113,19234,463,1,57665,0.0010000000000047748
68358003,4665,-1297,128740,-790,-4797,122157,98,19234,463,1,57666,0.0010029999999972006
68359002,8225,-6944,126874,-6973,-11402,134647,148,19225,401,0,57667,0.0009990000000072996
68360000,10664,3659,128267,13403,2306,119876,148,19228,606,0,57668,0.0009979999999956135
68361000,5790,-7452,128912,10074,-11041,134606,103,19228,422,0,57669,0.000999999999990564
68362000,-2113,-2475,131916,-19266,-6501,132499,108,19223,442,1,57670,0.0010000000000047748
68363000,-4289,11014,132521,-9547,7907,124431,138,19232,565,1,57671,0.0010000000000047748
68364000,-7836,2824,131239,5289,-74,134271,101,19232,565,1,57672,0.000999999999990564
68365000,637,-1738,128148,-11859,-5153,123833,110,19235,414,0,57673,0.0010000000000047748
68366000,-2281,-10010,127708,-10244,-14431,133918,110,19224,451,0,57674,0.0010000000000047748
68367000,4402,5266,130358,4312,1029,119185,91,19230,373,0,57675,0.000999999999990564
68368000,-4659,7053,132109,-6477,3160,133317,108,19226,442,0,57676,0.0010000000000047748
68369000,-9804,908,131002,-21142,-1970,128105,134,19227,549,1,57677,0.0010000000000047748
68370000,-7997,4138,131389,-10510,-2571,131393,114,19227,549,1,57678,0.000999999999990564
68371001,-6873,-4826,129383,-4204,5799,131496,99,19232,467,1,57679,0.00100100000000225
68372000,-1869,14046,130486,-13058,-68,115444,99,19228,405,0,57680,0.0009990000000072996
68373000,-4952,-1277,124211,-8823,-11304,133790,152,19231,623,0,57681,0.000999999999990564
68374000,-157,1236,127913,-4558,3098,123371,103,19229,422,0,57682,0.0010000000000047748
68375003,-5601,8188,128230,-5084,2882,123675,109,19223,446,1,57683,0.0010029999999972006
68376000,-7231,8994,127541,-13854,9595,128035,129,19223,528,1,57684,0.0009969999999981383
68377000,-5847,5859,127416,-10497,3271,125202,108,19227,528,1,57685,0.0010000000000047748
68378001,-1379,4272,126927,-1204,251,128171,108,19229,442,1,57686,0.00100100000000225
68379000,2740,-658,122993,-1933,4054,122030,108,19221,442,0,57687,0.0009989999999930887
68380000,2304,-1432,126227,-1693,-9238,129879,96,19225,393,0,57688,0.0010000000000047748
68381000,3046,4049,122933,69,-950,122422,114,19226,467,0,57689,0.0010000000000047748
68382000,-2366,11861,126044,-7163,6045,124738,130,19226,532,1,57690,0.000999999999990564
68383000,-1829,9727,127263,-5702,10289,131598,112,19218,532,1,57691,0.0010000000000047748
68384000,1707,7463,125293,6289,1353,114502,92,19229,459,1,57692,0.0010000000000047748
68385000,2771,9932,124546,-1358,5170,126132,92,19232,377,0,57693,0.000999999999990564
68386001,8047,5312,125316,7040,-2592,124492,125,19237,512,0,57694,0.00100100000000225
68387002,8217,-13536,123235,16178,-14003,125671,111,19227,455,0,57695,0.00100100000000225
68388000,5259,-141,127433,-2379,-1673,129671,111,19227,455,0,57696,0.0009979999999956135
68389000,5065,9557,128107,-1580,8698,118666,129,19220,455,1,57697,0.0010000000000047748
68390000,6635,16190,132347,7548,8966,126033,105,19226,528,1,57698,0.0010000000000047748
68391000,5430,209,124788,3562,-5364,128973,105,19232,430,1,57699,0.000999999999990564
68392000,7870,-4077,126035,-334,-7239,127340,101,19221,414,0,57700,0.0010000000000047748
68393001,9185,-1277,125505,12761,-8178,129328,102,19233,418,0,57701,0.00100100000000225
68394000,8162,913,127931,9324,-7895,124157,106,19228,434,0,57702,0.0009989999999930887
68395000,4690,7578,131935,-4214,3667,135469,117,19228,434,1,57703,0.0010000000000047748
68396000,783,9872,130553,-1313,7485,118295,110,19227,479,1,57704,0.0010000000000047748
68397000,2722,15870,131237,6543,11984,125530,110,19227,451,1,57705,0.000999999999990564
68398000,1749,-4781,127131,-1334,-11896,133320,100,19230,410,1,57706,0.0010000000000047748
68399002,12150,-15420,126126,-1009,-17855,131650,134,19226,549,0,57707,0.0010019999999997253
68400000,8881,-6257,130793,23342,-8056,132924,101,19232,414,0,57708,0.0009979999999956135
68401000,2011,2161,129046,-5668,-397,119550,106,19232,414,0,57709,0.0010000000000047748
68402000,3985,8055,134161,-24285,4115,130308,154,19230,434,1,57710,0.0010000000000047748
68403000,-9525,11696,132290,12077,8802,132987,154,19228,631,1,57711,0.000999999999990564
68404000,-3887,2978,128846,-7714,385,125748,109,19234,446,1,57712,0.0010000000000047748
68405000,-4188,-7378,131627,-20146,-11371,131028,100,19226,410,0,57713,0.0010000000000047748
68406001,2213,-7150,128609,2575,-11698,131864,121,19232,496,0,57714,0.00100100000000225
68407000,1727,-117,131216,5160,-2443,135045,108,19232,496,0,57715,0.0009989999999930887
68408000,-8783,7867,131709,-20242,5238,122179,124,19227,442,0,57716,0.0010000000000047748
68409002,-5958,9803,131766,-14999,6194,130699,124,19219,508,1,57717,0.0010019999999997253
68410000,-9862,2021,128784,-3370,-647,130167,112,19231,459,1,57718,0.0009979999999956135
68411001,-2726,6709,129539,-11629,3000,128836,101,19232,414,1,57719,0.00100100000000225
68412000,-6710,2064,125196,-10768,-3022,125048,122,19220,500,0,57720,0.0009989999999930887
68413000,-1218,-3486,125484,-6634,-5748,130958,95,19220,500,0,57721,0.0010000000000047748
68414000,-344,-2465,128656,-3342,-6853,130114,105,19230,389,0,57722,0.0010000000000047748
68415000,-6416,5347,127283,-8358,2240,119762,105,19228,430,1,57723,0.000999999999990564
68416000,-8786,14298,129912,-10537,9654,121346,145,19232,594,1,57724,0.0010000000000047748
68417000,-7970,4305,128810,-12682,-3196,129079,117,19231,479,1,57725,0.0010000000000047748
68418000,107,-5002,126205,-7782,7815,129812,101,19224,414,0,57726,0.000999999999990564
68419000,-3873,3009,125392,9032,-8830,120476,114,19224,414,0,57727,0.0010000000000047748
68420000,3990,-4589,121733,-13682,-456,127193,111,19230,467,0,57728,0.0010000000000047748
68421000,794,5166,127580,2752,6728,128944,111,19228,455,0,57729,0.000999999999990564
68422000,-1422,10610,124409,-7184,7760,119071,120,19225,491,1,57730,0.0010000000000047748
68423003,-3079,17325,126095,-9231,12166,123196,141,19228,577,1,57731,0.0010029999999972006
68424001,-525,6567,124718,868,2276,124710,101,19231,414,1,57732,0.0009979999999956135
68425000,14312,2843,124552,12378,-914,123863,113,19231,463,0,57733,0.0009990000000072996
68426000,4746,-582,124305,6544,-6636,125994,97,19225,463,0,57734,0.0010000000000047748
68427001,9505,-4773,124950,2558,-9355,128559,110,19227,397,0,57735,0.0010009999999880392
68428000,2837,1403,126694,7392,1741,123952,110,19227,451,1,57736,0.0009990000000072996
68429000,1809,6613,127466,-6283,12616,127011,139,19226,569,1,57737,0.0010000000000047748
68430000,6144,9049,126097,10629,19366,120208,113,19231,463,1,57738,0.000999999999990564
68431000,6420,3288,125790,8424,-2322,125629,94,19231,385,1,57739,0.0010000000000047748
68432000,15948,-7561,124527,-381,-8440,129630,150,19230,385,0,57740,0.0010000000000047748
68433001,7080,-6007,127781,18922,-11125,130134,105,19235,614,0,57741,0.0010009999999880392
68434000,7122,-10320,128359,3782,-11501,133409,105,19231,430,0,57742,0.0009990000000072996
68435000,3866,3065,131292,-9671,1443,131147,104,19225,426,1,57743,0.0010000000000047748
68436000,-3422,11471,131537,5021,7802,124347,121,19231,496,1,57744,0.000999999999990564
68437000,2279,15806,130034,2816,9047,123435,105,19234,430,1,57745,0.0010000000000047748
68438000,3598,-5820,127015,-4633,-10868,134307,111,19234,430,0,57746,0.0010000000000047748
68439000,12272,-6851,127691,12951,-5254,123690,104,19216,455,0,57747,0.000999999999990564
68440000,5106,1574,130178,11324,-3338,133769,104,19223,426,0,57748,0.0010000000000047748
68441000,1346,-4530,130002,-12516,-6544,128529,109,19229,446,0,57749,0.0010000000000047748
68442005,2093,21272,135071,-10826,17527,123320,126,19225,516,1,57750,0.001004999999992151
68443000,-6447,-2392,130265,7758,-5041,133628,111,19229,455,1,57751,0.0009950000000031878
68444000,-703,-2916,131393,-10791,-5758,128937,99,19229,455,1,57752,0.0010000000000047748
68445000,-1004,-4195,129057,-15099,-9076,133084,148,19230,405,0,57753,0.000999999999990564
68446000,447,-1777,127472,8580,-4781,120981,148,19233,606,0,57754,0.0010000000000047748
68447000,-1562,3324,131847,-6354,-1962,129164,111,19228,455,0,57755,0.0010000000000047748
68448000,-7039,-3752,130578,-16264,-6190,129102,111,19225,455,1,57756,0.000999999999990564
68449000,-9231,8722,132470,-8267,6135,129919,129,19231,528,1,57757,0.0010000000000047748
68450000,-12507,9526,130168,-10473,5085,125155,111,19231,528,1,57758,0.0010000000000047748
68451000,-1338,11445,129482,-10999,8369,118919,107,19227,455,1,57759,0.000999999999990564
68452000,-3299,-8181,126029,-5482,-11083,132984,107,19221,438,0,57760,0.0010000000000047748
68453000,-2497,-7881,126918,-1983,-11402,130074,129,19233,528,0,57761,0.0010000000000047748
68454000,-2038,14450,127472,-10932,11404,119991,100,19231,410,0,57762,0.000999999999990564
68455000,-5748,6998,127118,-8540,3687,123967,116,19219,475,1,57763,0.0010000000000047748
68456003,-4544,9310,128215,-6319,4745,127359,112,19219,475,1,57764,0.0010029999999972006
68457000,-6365,2858,125344,-10799,1420,127703,101,19231,459,1,57765,0.0009969999999981383
68458000,-646,10715,125486,749,8228,121767,101,19229,414,0,57766,0.0010000000000047748
68459000,-212,4172,126107,-4102,3155,122734,137,19233,561,0,57767,0.0010000000000047748
68460000,1187,-5611,123583,-1054,-9810,127897,103,19230,422,0,57768,0.000999999999990564
68461000,-156,118,125769,-3599,-2716,129180,106,19226,434,0,57769,0.0010000000000047748
68462000,-275,8222,127028,-6247,3584,116534,157,19226,434,1,57770,0.0010000000000047748
68463000,-835,21906,128244,3422,21127,127355,109,19227,643,1,57771,0.000999999999990564
68464000,3962,-7670,120878,-4971,-17030,132552,109,19230,446,1,57772,0.0010000000000047748
68465002,11301,-6319,123629,5624,14040,120685,99,19224,405,0,57773,0.0010019999999997253
68466002,10634,7240,125038,9337,-8065,122533,85,19231,348,0,57774,0.0010000000000047748
68467000,5765,-4069,123899,7135,-7806,129067,110,19229,451,0,57775,0.0009979999999956135
68468000,2040,407,129189,3938,-11411,135533,122,19229,500,1,57776,0.0010000000000047748
68469000,584,6050,127160,-1068,11851,116605,111,19220,500,1,57777,0.000999999999990564
68470000,5731,25291,130709,12448,12640,123547,97,19228,455,1,57778,0.0010000000000047748
68471000,9114,-5452,124803,4698,-9392,130823,97,19229,397,1,57779,0.0010000000000047748
68472001,12403,119,125829,471,-3535,123157,121,19227,496,0,57780,0.0010009999999880392
68473000,9218,-9927,126166,15179,-12783,134604,106,19233,434,0,57781,0.0009990000000072996
68474000,6172,-7096,127059,2892,779,125094,106,19233,434,0,57782,0.0010000000000047748
68475000,3691,8352,130669,-4816,4632,127475,140,19231,434,1,57783,0.000999999999990564
68476000,1496,8439,128640,914,6402,131450,110,19229,573,1,57784,0.0010000000000047748
68477000,3638,6237,128266,534,4784,123941,110,19231,451,1,57785,0.0010000000000047748
68478000,6661,-6929,129272,3186,-13253,129041,98,19222,401,0,57786,0.000999999999990564
68479013,9343,-18924,126289,8544,-20180,135023,121,19232,496,0,57787,0.0010130000000003747
68480000,3810,-449,131924,19062,-2173,129068,103,19232,422,0,57788,0.000987000000009175
68481000,-2010,532,129393,-19001,-488,130753,112,19232,422,0,57789,0.000999999999990564
68482000,-2460,15564,131935,-16612,18679,121240,113,19221,459,1,57790,0.0010000000000047748
68483000,-5017,9252,133027,8970,1360,130148,113,19231,463,1,57791,0.000999999999990564
68484002,-3759,-5588,128382,-4101,-13108,130298,97,19233,397,1,57792,0.0010020000000139362
68485001,-833,-8734,129747,-19708,-12447,133946,117,19227,479,0,57793,0.0009989999999930887
68486000,3347,-2788,129998,1627,-4704,131472,93,19229,381,0,57794,0.0009989999999930887
68487000,-3577,19356,130731,2573,15432,114912,108,19229,381,0,57795,0.0010000000000047748
68488001,-6372,4426,131432,-28280,-3234,134931,147,19225,442,1,57796,0.00100100000000225
68489000,-12945,3781,132049,-10346,2591,134633,147,19227,602,1,57797,0.0009989999999930887
68490000,-4236,8174,128347,-3642,6263,122087,112,19230,459,1,57798,0.0010000000000047748
68491002,-5013,7333,132332,-10251,3641,122527,97,19226,397,1,57799,0.0010019999999997253
68492000,-3085,-4091,126796,-9653,-8495,130687,166,19235,680,0,57800,0.0009979999999956135
68493000,-2425,-9835,122681,-7676,-11204,137368,102,19235,680,0,57801,0.0010000000000047748
68494000,-4807,10108,129675,-6663,9021,119736,109,19232,418,0,57802,0.0010000000000047748
68495000,-4451,15401,128049,-11281,12605,118173,109,19225,446,1,57803,0.000999999999990564
68496000,-6080,7099,127223,-9140,2166,127868,117,19228,479,1,57804,0.0010000000000047748
68497001,-1492,-5216,125953,-10218,-9705,135413,105,19231,430,1,57805,0.00100100000000225
68498000,-307,7215,127632,1532,4494,119953,115,19225,471,0,57806,0.0009989999999930887
68499000,-756,-4989,124960,-4519,-7359,125821,92,19225,471,0,57807,0.0010000000000047748
68500000,-747,-1759,124817,-5743,-5128,124641,105,19232,377,0,57808,0.0010000000000047748
68501000,-2149,3879,126500,-3706,-43,136307,105,19231,430,1,57809,0.000999999999990564
68502000,-2624,27325,128214,-4879,25523,114156,137,19224,561,1,57810,0.0010000000000047748
68503000,-4252,17166,127612,1648,14257,123178,115,19231,471,1,57811,0.0010000000000047748
68504000,7023,-5208,123598,-2744,-8221,128426,94,19227,385,1,57812,0.000999999999990564
68505000,11228,7284,124493,4548,1303,123275,124,19227,385,0,57813,0.0010000000000047748
68506001,8927,-4339,123479,16399,-7710,121418,117,19231,508,0,57814,0.00100100000000225
68507000,7660,-1409,124970,2786,-4129,126933,117,19229,479,0,57815,0.0009989999999930887
68508000,2976,-7074,127846,-3267,-9428,135100,116,19223,475,1,57816,0.0010000000000047748
68509002,5476,11456,128532,3952,7579,118024,125,19225,512,1,57817,0.0010019999999997253
68510000,3978,12448,128172,7075,9508,121320,107,19229,438,1,57818,0.0009979999999956135
68511000,7944,5566,127066,3382,-3116,118609,109,19229,438,0,57819,0.0010000000000047748
68512000,10119,-5554,125679,-1365,-14551,142135,85,19225,446,0,57820,0.0010000000000047748
68513000,8251,-11268,126269,20054,-12030,123239,85,19233,348,0,57821,0.000999999999990564
68514000,4764,6707,129342,2225,-544,124473,103,19230,422,0,57822,0.0010000000000047748
68515000,-462,9863,132216,-3241,9142,128487,126,19222,516,1,57823,0.0010000000000047748
68516000,2401,12802,130817,7841,3550,128364,115,19232,471,1,57824,0.000999999999990564
68517000,2114,-2019,127559,-3744,-3540,131145,98,19232,401,1,57825,0.0010000000000047748
68518001,8330,-2213,127109,2049,-7125,121598,145,19229,401,0,57826,0.00100100000000225
68519001,12156,-7609,127880,21803,-14421,135291,104,19235,594,0,57827,0.0010000000000047748
68520000,5471,-5476,129973,-2681,-8366,124646,104,19231,426,0,57828,0.0009989999999930887
68521000,4083,9229,134294,-20850,7750,130627,107,19225,438,1,57829,0.0010000000000047748
68522000,-10137,10703,132090,7143,6993,123554,144,19228,590,1,57830,0.000999999999990564
68523000,-6972,2417,129144,-11781,-3536,129846,106,19228,434,1,57831,0.0010000000000047748
68524000,-1337,-6945,128351,-9650,-8288,138582,101,19229,434,1,57832,0.0010000000000047748
68525000,-536,157,128934,1779,1349,118782,96,19222,414,0,57833,0.000999999999990564
68526000,6816,5179,131057,-3829,3671,130742,96,19231,393,0,57834,0.0010000000000047748
68527000,-5575,328,130608,-7620,-4879,127579,111,19226,455,0,57835,0.0010000000000047748
68528000,-5769,-468,129640,-15310,-2192,137130,127,19222,520,1,57836,0.000999999999990564
68529000,-11063,6058,131473,-11302,6054,130564,114,19231,467,1,57837,0.0010000000000047748
68530000,-8034,19096,130980,-10767,16435,118439,99,19231,467,1,57838,0.0010000000000047748
68531001,-232,3107,128808,-8666,-3431,131040,134,19231,405,0,57839,0.00100100000000225
68532000,-4476,-2577,127073,-3020,-6186,128300,134,19223,549,0,57840,0.0009989999999930887
68533000,1711,-4747,126023,-6615,-8223,130465,110,19229,451,0,57841,0.0010000000000047748
68534000,-5815,13273,128778,-7815,11625,118815,108,19225,442,0,57842,0.000999999999990564
68535000,-4771,13711,130012,-13064,9049,127096,140,19232,573,1,57843,0.0010000000000047748
68536002,-6050,14625,128742,-6928,11781,124750,114,19232,573,1,57844,0.0010019999999997253
68537000,-4798,-2657,124825,-6829,-2886,128386,106,19232,467,1,57845,0.0009979999999956135
68538000,4841,-4769,124987,-884,-6332,127951,106,19224,434,0,57846,0.0010000000000047748
68539000,1068,6115,124294,4203,2503,118898,92,19230,377,0,57847,0.0010000000000047748
68540002,5709,3254,123989,-6532,996,127486,107,19225,438,0,57848,0.0010019999999997253
68541000,-606,3772,126728,-3591,1776,123060,117,19219,479,1,57849,0.0009979999999956135
68542000,-3523,5258,125572,1331,2170,128403,116,19219,479,1,57850,0.0010000000000047748
68543000,-590,12895,126895,-5679,8950,121510,97,19230,475,1,57851,0.000999999999990564
68544000,4474,6630,124857,4187,2637,122327,97,19231,397,0,57852,0.0010000000000047748
68545000,10329,515,124779,7731,-3189,124213,124,19228,508,0,57853,0.0010000000000047748
68546002,6679,-6696,124242,3750,-9889,125461,103,19229,422,0,57854,0.0010019999999997253
68547002,5379,-9603,125433,9964,-14661,130250,109,19227,446,0,57855,0.000999999999990564
68548000,1852,12391,125596,5684,9114,118932,146,19227,446,1,57856,0.0009980000000098244
68549000,3710,15298,130158,-11200,13775,124144,110,19229,598,1,57857,0.000999999999990564
68550000,10231,3318,125150,14646,-1103,129441,110,19233,451,1,57858,0.0010000000000047748
68551000,8945,4076,126121,13029,1324,120045,100,19227,410,0,57859,0.0010000000000047748
68552000,10272,-2519,127572,-6345,-5603,128076,126,19233,516,0,57860,0.000999999999990564
68553001,8650,-14745,127025,18029,-16887,133024,103,19232,422,0,57861,0.00100100000000225
68554000,4652,-2738,129544,2526,-7358,128438,108,19232,422,1,57862,0.0009990000000072996
68555000,-784,17679,132718,-9578,10727,120431,104,19220,442,1,57863,0.000999999999990564
68556000,258,10710,127868,7568,7639,126421,104,19227,426,1,57864,0.0010000000000047748
68557000,6335,187,128410,2092,-2709,135038,101,19229,414,1,57865,0.0010000000000047748
68558000,11008,-14385,124060,-2547,-11252,128899,123,19218,504,0,57866,0.000999999999990564
68559000,9676,-4271,131431,17886,8834,123695,96,19236,393,0,57867,0.0010000000000047748
68560000,3378,-1603,128155,4261,-12241,130903,103,19236,422,0,57868,0.0010000000000047748
68561001,833,-7417,132402,-15958,-5653,139419,135,19231,422,1,57869,0.0010009999999880392
68562000,-6408,7730,134745,3537,5299,125527,109,19226,553,1,57870,0.0009990000000072996
68563000,-10344,10396,130546,-8519,677,123947,109,19233,446,1,57871,0.0010000000000047748
68564000,363,2312,131167,-19819,-1013,131138,94,19226,385,0,57872,0.000999999999990564
68565000,-835,-7380,127715,7355,-14683,132780,132,19231,541,0,57873,0.0010000000000047748
68566000,2496,-2947,129686,1287,-552,127121,111,19231,455,0,57874,0.0010000000000047748
68567000,-7787,12216,133016,-21264,8406,122293,115,19227,455,0,57875,0.000999999999990564
68568000,-7036,2480,131353,-11691,1737,132634,120,19224,471,1,57876,0.0010000000000047748
68569000,-5160,4918,131463,-7638,-3078,131326,120,19227,491,1,57877,0.0010000000000047748
68570000,-7339,3960,128837,-10888,7029,127757,106,19233,434,1,57878,0.000999999999990564
68571000,-539,6207,127550,-15762,6174,117991,112,19220,459,0,57879,0.0010000000000047748
68572000,-4166,-2869,127204,-760,-7029,130113,96,19220,393,0,57880,0.0010000000000047748
68573000,1346,-8720,126995,-897,-13309,138481,103,19231,393,0,57881,0.000999999999990564
68574000,-7247,792,126681,-10139,916,118674,131,19228,422,1,57882,0.0010000000000047748
68575000,-8651,22690,130569,-15618,19914,122045,131,19223,537,1,57883,0.0010000000000047748
68576001,-7555,1415,125647,-401,-4220,131631,114,19231,467,1,57884,0.0010009999999880392
68577000,-2516,8253,125837,-6738,6204,119319,98,19229,401,1,57885,0.0009990000000072996
68578001,1835,342,125390,-5495,-4500,130778,130,19231,532,0,57886,0.00100100000000225
68579000,986,461,123998,5751,471,119694,115,19231,532,0,57887,0.0009989999999930887
68580000,4862,2822,126264,-12210,-2125,132455,112,19230,471,0,57888,0.0010000000000047748
68581001,-2241,5218,125226,765,4901,124898,112,19222,459,1,57889,0.00100100000000225
68582000,-1763,13520,126564,-1477,8433,120612,144,19229,590,1,57890,0.0009989999999930887
68583001,2223,4992,125990,-7848,804,124299,103,19228,422,1,57891,0.00100100000000225
68584001,8546,8906,123323,9571,6076,117242,103,19227,422,0,57892,0.0010000000000047748
68585000,6417,-6299,123297,6173,-12878,132262,90,19227,422,0,57893,0.0009989999999930887
68586001,5961,1089,125741,4920,-2370,117585,111,19227,369,0,57894,0.00100100000000225
68587000,6011,-5595,126262,2783,-8368,135487,111,19232,455,0,57895,0.0009990000000072996
68588002,-333,5952,129913,3898,4018,122050,126,19224,516,1,57896,0.0010019999999997253
68589002,5418,15996,128280,-266,11498,119492,109,19230,446,1,57897,0.000999999999990564
68590000,5678,-5552,124406,6945,-8622,133756,94,19229,385,1,57898,0.0009980000000098244
68591001,11204,2995,126770,4362,-922,118004,139,19229,385,0,57899,0.0010009999999880392
68592001,11019,-11793,125817,6728,-15820,132387,102,19232,569,0,57900,0.0010000000000047748
68593002,3332,-5401,126277,11036,-8828,125044,102,19228,418,0,57901,0.00100100000000225
68594000,4266,-3176,127728,-9561,-8153,132532,105,19226,430,1,57902,0.0009979999999956135
68595000,-1337,17335,133768,-1440,14170,130093,125,19229,512,1,57903,0.0010000000000047748
68596000,1919,8194,128668,9983,5586,122196,106,19231,434,1,57904,0.0010000000000047748
68597002,2087,2510,131714,-5966,-905,130188,104,19231,434,1,57905,0.0010019999999997253
68598000,12549,-12619,126415,-610,-15427,131200,107,19220,426,0,57906,0.0009979999999956135
68599000,9249,-4500,128452,26214,-10621,131325,107,19229,438,0,57907,0.0010000000000047748
68600000,-21,-856,130303,-8014,-5296,122085,103,19229,422,0,57908,0.000999999999990564
68601000,-1369,8899,132878,-23227,7923,130246,117,19220,479,1,57909,0.0010000000000047748
68602000,-4631,-2037,132559,4954,-3397,137227,109,19229,446,1,57910,0.0010000000000047748
68603000,-9464,-3777,130538,3766,-3202,129981,97,19229,397,1,57911,0.000999999999990564
68604000,1492,-5299,127435,-26758,-11597,125289,132,19228,397,0,57912,0.0010000000000047748
68605000,-4454,4472,129783,-904,2102,124955,102,19226,541,0,57913,0.0010000000000047748
68606000,3611,-334,129001,6027,-2255,137025,102,19229,418,0,57914,0.000999999999990564
68607000,-8426,4542,132708,-18874,-789,122760,109,19227,446,1,57915,0.0010000000000047748
68608000,-10256,2228,130025,-11990,-586,135028,146,19228,598,1,57916,0.000999999999990564
68609001,-9302,9169,131558,-10132,4507,124064,113,19228,463,1,57917,0.00100100000000225
68610000,-5321,9418,129201,-9163,-669,125281,104,19231,463,1,57918,0.0009990000000072996
68611001,426,-2553,125783,-9636,-6084,131639,142,19224,426,0,57919,0.00100100000000225
68612000,-3980,2647,125843,-297,11,119495,142,19232,582,0,57920,0.0009989999999930887
68613000,881,3847,126341,-10194,1398,126516,103,19234,422,0,57921,0.0010000000000047748
68614002,-5241,8283,129896,-13777,1071,125008,117,19219,479,1,57922,0.0010019999999997253
68615000,-5689,8906,129165,-3451,-12,130334,113,19230,463,1,57923,0.0009979999999956135
68616000,-8081,9618,127262,-6271,1683,124398,104,19230,463,1,57924,0.0010000000000047748
68617000,-1915,3063,124557,-11501,1185,120876,128,19230,426,0,57925,0.000999999999990564
68618000,2196,6012,128304,5996,-712,130121,128,19229,524,0,57926,0.0010000000000047748
68619001,-336,6339,122076,-1430,962,117194,100,19230,410,0,57927,0.00100100000000225
68620000,3837,5979,128219,-9610,5136,129429,109,19228,446,0,57928,0.0009989999999930887
68621000,-1532,7455,127298,5554,5923,124513,149,19225,610,1,57929,0.0010000000000047748
68622000,-3090,3193,122744,-374,2204,128580,114,19225,610,1,57930,0.0010000000000047748
68623000,4585,11609,126737,-11902,6852,121883,100,19232,467,1,57931,0.000999999999990564
68624000,10668,8880,123285,13764,7845,118374,100,19224,410,0,57932,0.0010000000000047748
68625000,14511,3736,123432,14142,-5943,127090,105,19230,430,0,57933,0.0010000000000047748
68626000,4903,-10103,124748,-1156,-13853,129256,112,19226,459,0,57934,0.000999999999990564
68627000,6938,-2343,127290,5651,-6912,128613,117,19221,479,1,57935,0.0010000000000047748
68628001,-718,16748,131124,4565,11939,119681,113,19221,479,1,57936,0.00100100000000225
68629001,2312,12784,128539,-3695,5745,124487,103,19228,463,1,57937,0.0010000000000047748
68630000,7541,4377,128341,9479,704,127255,103,19233,422,1,57938,0.0009989999999930887
68631000,9321,-115,123247,2259,-1721,121132,117,19221,479,0,57939,0.0010000000000047748
68632000,12860,-7631,128151,17851,-12716,135210,91,19227,373,0,57940,0.000999999999990564
68633000,5478,-3027,128295,5816,-4440,123944,103,19226,422,0,57941,0.0010000000000047748
68634000,5855,731,129611,-11350,-2854,132849,133,19226,422,1,57942,0.0010000000000047748
68635000,187,14084,131971,8840,10612,123320,113,19231,545,1,57943,0.000999999999990564
68636000,-1245,10272,128232,-45,5693,125281,113,19229,463,1,57944,0.0010000000000047748
68637000,6124,-6584,127808,-7286,-11226,131007,101,19227,414,0,57945,0.0010000000000047748
68638001,8429,-10816,130058,5131,-13317,130518,157,19230,643,0,57946,0.00100100000000225
68639000,6479,-6372,129408,21941,-10684,130131,112,19230,459,0,57947,0.0009989999999930887
68640003,-1709,3802,131418,-14921,473,126109,110,19230,459,0,57948,0.0010029999999972006
68641000,-2554,3420,133470,-21704,62,131407,133,19221,451,1,57949,0.0009969999999981383
68642000,-7270,14728,130858,17034,12897,124751,133,19232,545,1,57950,0.0010000000000047748
68643000,-4196,-90,128399,-16638,-2483,127471,103,19232,422,1,57951,0.0010000000000047748
68644000,818,-12377,128937,-10485,-17097,135693,110,19219,451,0,57952,0.000999999999990564
68645000,3005,927,131221,7687,-4959,129451,87,19230,356,0,57953,0.0010000000000047748
68646000,-645,-1666,129797,-3421,-5178,129911,106,19230,434,0,57954,0.0010000000000047748
68647000,-8802,8774,133190,-18895,5521,126354,131,19229,434,1,57955,0.000999999999990564
68648000,-8076,3173,127481,-15419,410,135315,115,19226,537,1,57956,0.0010000000000047748
68649000,-10613,10095,129427,-1433,3832,120311,115,19229,471,1,57957,0.0010000000000047748
68650000,-4872,9083,130087,-14708,8274,128263,100,19228,410,1,57958,0.000999999999990564
68651000,-1300,-9786,125399,-10461,-13952,132259,148,19228,606,0,57959,0.0010000000000047748
68652000,-586,-1467,127279,229,-176,126090,102,19228,418,0,57960,0.0010000000000047748
68653000,-1551,4877,127533,-7479,15567,120844,106,19231,418,0,57961,0.000999999999990564
68654000,-8001,11507,126434,-6888,9086,121379,129,19224,434,1,57962,0.0010000000000047748
68655000,-4971,-3712,127501,-17066,-8001,137296,129,19230,528,1,57963,0.0010000000000047748
68656000,-3157,8668,128174,-4983,7797,120861,112,19232,459,1,57964,0.000999999999990564
68657000,947,7577,126505,-518,-973,121316,111,19222,455,0,57965,0.0010000000000047748
68658000,-2627,-5714,125938,-4555,-7550,129332,85,19222,348,0,57966,0.0010000000000047748
68659000,1145,-7117,123143,-6537,-9986,129779,107,19229,348,0,57967,0.000999999999990564
68660000,-2184,10206,126334,2475,14101,121802,121,19228,438,0,57968,0.0010000000000047748
68661000,-4473,26504,129292,-6521,17861,115296,121,19219,496,1,57969,0.0010000000000047748
68662000,-1325,4273,123412,-7066,1197,127952,112,19225,459,1,57970,0.000999999999990564
68663002,5768,8488,127208,5792,1910,130706,97,19230,397,1,57971,0.0010019999999997253
68664000,10398,-1367,120780,8976,-688,122442,128,19234,524,0,57972,0.0009980000000098244
68665001,12289,8972,125951,1413,7711,117070,107,19234,524,0,57973,0.00100100000000225
68666000,6694,-9811,124437,9103,-13171,132463,112,19227,438,0,57974,0.0009989999999930887
68667000,4849,-7426,125560,265,-5253,131578,112,19224,459,1,57975,0.0010000000000047748
68668000,2205,16637,129531,-1428,15865,119761,132,19228,541,1,57976,0.000999999999990564
68669000,5370,12280,127240,10599,7640,121283,111,19233,455,1,57977,0.0010000000000047748
68670001,10545,2656,124687,4900,-4906,123198,101,19225,414,0,57978,0.00100100000000225
68671003,8107,-7524,128207,387,-14630,130514,105,19225,414,0,57979,0.0010019999999997253
68672002,10387,-6083,128135,16942,-8631,131956,102,19232,430,0,57980,0.0009989999999930887
68673000,518,3119,131012,940,821,125878,102,19232,418,0,57981,0.0009980000000098244
68674000,1807,9629,131323,-9738,5550,125929,114,19224,467,1,57982,0.000999999999990564
68675000,729,11883,130587,6783,7004,122804,108,19228,442,1,57983,0.0010000000000047748
68676000,4268,1970,128586,1114,-4298,131496,97,19228,397,1,57984,0.0010000000000047748
68677000,8838,2113,128049,-1919,-1736,120785,132,19228,397,0,57985,0.000999999999990564
68678000,8428,-3756,129070,15083,-4577,126703,100,19224,541,0,57986,0.0010000000000047748
68679000,6621,-15672,128248,3513,-20596,141315,100,19230,410,0,57987,0.0010000000000047748
68680000,-789,6841,132747,-12913,5499,120583,104,19228,426,1,57988,0.000999999999990564
68681000,-2761,13136,132802,-5676,8527,135631,146,19228,598,1,57989,0.0010000000000047748
68682000,-6587,3831,130013,4030,1445,126143,108,19233,442,1,57990,0.0010000000000047748
68683001,2806,-4605,130168,-17294,-8291,129740,96,19233,442,1,57991,0.0010009999999880392
68684000,560,-7256,126754,-604,-12245,136358,121,19225,393,0,57992,0.0009990000000072996
68685003,4296,7692,128946,4584,2935,119147,121,19232,496,0,57993,0.0010029999999972006
68686000,-5855,-661,131343,-15078,-3312,132201,109,19227,446,0,57994,0.0009969999999981383
68687000,-7147,-6891,128694,-15758,-10389,130886,118,19220,483,1,57995,0.0010000000000047748
68688000,-8547,9697,132882,-7216,6508,128204,108,19227,442,1,57996,0.0010000000000047748
68689000,-11592,16236,130352,-15545,15022,124027,99,19227,442,1,57997,0.000999999999990564
68690000,-807,5523,128244,-7495,4213,122570,121,19234,405,0,57998,0.0010000000000047748
68691000,-4567,-10443,127239,-4102,-14259,139105,121,19218,496,0,57999,0.0010000000000047748
68692000,116,1533,127144,-8216,-3020,121641,97,19231,397,0,58000,0.000999999999990564
68693000,-4083,8957,128509,-9252,3176,125074,103,19225,422,0,58001,0.0010000000000047748
68694000,-3729,11230,127939,-10100,7537,123404,137,19225,561,1,58002,0.0010000000000047748
68695000,-7667,2419,125670,-5368,-933,128070,113,19225,463,1,58003,0.000999999999990564
68696000,-4271,5491,126131,-11492,1805,124621,101,19232,463,1,58004,0.0010000000000047748
68697000,1323,2385,124989,-3023,-577,121352,117,19229,414,0,58005,0.0010000000000047748
68698000,3767,4972,125995,-2908,1707,127211,117,19231,479,0,58006,0.000999999999990564
68699000,4754,-9432,124029,-1291,-6375,130410,112,19227,459,0,58007,0.0010000000000047748
68700000,-2461,1757,126608,2667,11093,125613,114,19222,467,1,58008,0.0010000000000047748
68701000,-3939,9450,126460,-10230,1858,122379,129,19222,528,1,58009,0.000999999999990564
68702002,-2104,16294,125704,-5127,10516,119348,100,19230,528,1,58010,0.0010019999999997253
68703001,3665,11895,127696,4714,-955,128294,112,19232,410,0,58011,0.0009990000000072996
68704000,7412,-8509,121776,2718,-6325,120918,112,19230,459,0,58012,0.0009989999999930887
68705000,8112,819,127328,11342,-9839,129402,97,19229,397,0,58013,0.0010000000000047748
68706003,6556,-4043,123811,7122,-3387,123500,109,19227,446,0,58014,0.0010029999999972006
68707000,3441,7298,128951,-2666,3052,126262,133,19227,545,1,58015,0.0009969999999981383
68708001,3299,2150,128591,3079,8842,129833,111,19227,545,1,58016,0.00100100000000225
68709000,7132,4304,124828,5173,2531,123184,96,19229,455,1,58017,0.0009990000000072996
68710000,9929,7663,124610,5156,-433,124874,96,19225,393,0,58018,0.000999999999990564
68711000,11164,1520,125459,9818,-4679,124053,141,19235,577,0,58019,0.0010000000000047748
68712000,9529,-15612,127638,11229,-16987,143241,104,19232,426,0,58020,0.0010000000000047748
68713000,6085,-882,128373,-1105,3034,120991,107,19225,438,1,58021,0.000999999999990564
68714000,577,12831,131513,-763,8629,130224,122,19225,438,1,58022,0.0010000000000047748
68715000,-1747,10973,130663,-1298,4336,123339,104,19226,500,1,58023,0.0010000000000047748
68716000,3442,567,127260,-1310,-5501,131640,104,19230,426,1,58024,0.000999999999990564
68717000,7567,-10223,129527,3845,-13797,131609,109,19219,446,0,58025,0.0010000000000047748
68718000,12505,-10672,128365,17044,-8899,121178,85,19229,348,0,58026,0.0010000000000047748
68719000,1949,-1923,132134,2189,-10196,137923,105,19226,430,0,58027,0.000999999999990564
68720000,-1580,4004,130279,-21759,1988,123704,127,19226,430,1,58028,0.0010000000000047748
68721000,-7100,10932,135939,-4119,5991,130503,112,19222,520,1,58029,0.0010000000000047748
68722000,-6933,5451,130168,6474,-694,125945,112,19235,459,1,58030,0.000999999999990564
68723000,-3887,-7385,127881,-18627,-14418,127196,96,19229,393,0,58031,0.0010000000000047748
68724000,137,-7166,130852,-9880,-10223,136870,143,19232,586,0,58032,0.0010000000000047748
68725000,1676,6378,129581,8768,3976,121149,109,19227,446,0,58033,0.000999999999990564
68726000,-7481,8645,132656,-12354,4477,129601,113,19227,446,0,58034,0.0010000000000047748
68727000,-9674,4335,131123,-21819,1336,122510,136,19222,463,1,58035,0.0010000000000047748
68728000,-8017,-239,129447,-6866,-2137,139574,136,19228,557,1,58036,0.000999999999990564
68729000,-5090,11318,129385,-6057,7885,122150,110,19230,451,1,58037,0.0010000000000047748
68730000,-1269,8503,128183,-9988,5726,118475,106,19222,434,0,58038,0.0010000000000047748
68731000,-2347,-13275,124532,-11192,-16997,139544,135,19231,553,0,58039,0.000999999999990564
68732003,-2398,-513,127423,367,-2872,123675,106,19231,553,0,58040,0.0010029999999972006
68733000,-4326,6517,128624,-11682,2954,128278,121,19226,434,1,58041,0.0009969999999981383
68734000,-8651,11655,129003,-10057,9421,117709,121,19223,496,1,58042,0.0010000000000047748
68735000,-7881,2636,128402,-12452,2198,130306,115,19228,471,1,58043,0.0010000000000047748
68736000,428,4506,125656,-5614,997,130176,99,19231,405,1,58044,0.000999999999990564
68737002,-697,8009,125692,-1287,5729,116267,135,19225,553,0,58045,0.0010020000000139362
68738000,2573,772,126728,-1192,-2545,133882,104,19225,426,0,58046,0.0009979999999956135
68739000,574,-1257,123380,-498,-4484,120629,110,19226,426,0,58047,0.000999999999990564
68740002,-1715,5932,127693,-7921,2333,132057,159,19227,451,1,58048,0.0010019999999997253
68741000,-5824,15485,125139,-5250,13862,114328,159,19228,651,1,58049,0.0009980000000098244
68742000,3468,8494,124182,3524,7192,130207,109,19232,446,1,58050,0.000999999999990564
68743000,9247,230,123758,-3079,-3405,123122,96,19225,393,0,58051,0.0010000000000047748
68744000,7783,1525,123762,13584,436,123871,89,19225,365,0,58052,0.0010000000000047748
68745000,9888,-3122,126430,7811,-4583,124070,114,19228,365,0,58053,0.000999999999990564
68746000,1669,-1933,127800,-42,-5290,127619,121,19229,467,0,58054,0.0010000000000047748
68747000,3313,7468,127977,6885,14066,126848,121,19222,496,1,58055,0.0010000000000047748
68748000,1091,10550,126386,-1581,5190,116216,110,19230,451,1,58056,0.000999999999990564
68749000,8652,3898,127372,1230,-2612,133690,101,19230,414,1,58057,0.0010000000000047748
68750000,12327,4474,125768,15121,3702,119499,124,19230,508,0,58058,0.0010000000000047748
68751000,10367,-4793,125549,10904,-13418,129532,100,19223,508,0,58059,0.000999999999990564
68752000,6241,-11277,128450,7064,-12264,132129,103,19227,410,0,58060,0.0010000000000047748
68753000,1478,2456,128207,-11947,-3430,125496,103,19227,422,1,58061,0.0010000000000047748
68754000,1728,11724,133496,8775,13268,127114,138,19231,565,1,58062,0.000999999999990564
68755000,-2858,11389,130868,4205,2935,123556,116,19225,475,1,58063,0.0010000000000047748
68756000,6113,-5603,126658,-9920,-10638,132709,104,19227,426,1,58064,0.0010000000000047748
68757000,8280,-6649,128102,15606,-7160,126769,137,19227,426,0,58065,0.000999999999990564
68758000,12189,-6877,127759,11118,-15444,133672,108,19230,561,0,58066,0.0010000000000047748
68759000,3738,10283,130605,-9638,20953,118934,108,19228,442,0,58067,0.0010000000000047748
68760002,196,6154,132873,-16203,2557,130946,108,19225,442,1,58068,0.0010019999999997253
68761000,-6168,-5261,130329,12689,-6246,136351,130,19229,532,1,58069,0.0009979999999956135
68762002,-8315,1606,130123,-13413,-2669,125931,104,19232,426,1,58070,0.0010019999999997253
68763000,-105,-7019,128706,-14406,-7628,133244,119,19232,426,0,58071,0.0009979999999956135
68764000,2362,8185,132233,3476,2515,122160,95,19218,487,0,58072,0.0010000000000047748
68765000,967,5243,130380,-1771,1454,129835,95,19229,389,0,58073,0.0010000000000047748
68766001,-7461,-1022,131993,-14710,-4285,129680,105,19226,430,0,58074,0.00100100000000225
68767000,-8055,4745,131666,-15382,2812,129995,139,19224,569,1,58075,0.0009989999999930887
68768000,-10791,8348,129806,-4770,5385,130842,115,19231,471,1,58076,0.0010000000000047748
68769000,-3752,15576,131507,-14013,12393,118053,98,19231,471,1,58077,0.000999999999990564
68770000,-2598,-6052,127317,-8371,-13122,134867,159,19228,401,0,58078,0.0010000000000047748
68771000,-3414,5344,124811,-1491,6131,120372,159,19229,651,0,58079,0.0010000000000047748
68772001,899,-1852,125394,-12288,-4472,125521,107,19228,438,0,58080,0.00100100000000225
68773000,-4581,10515,130964,-6346,9043,126212,109,19224,446,1,58081,0.0009989999999930887
68774000,-5440,12344,126862,-9482,7314,121454,129,19227,528,1,58082,0.0010000000000047748
68775000,-7080,1423,126950,-7724,-1001,133299,112,19227,528,1,58083,0.000999999999990564
68776000,-888,1213,126979,-3189,-1578,124875,114,19229,459,0,58084,0.0010000000000047748
68777000,142,6114,124527,-5077,2545,122811,114,19225,467,0,58085,0.0010000000000047748
68778000,3553,7318,125340,2061,3008,123548,88,19225,360,0,58086,0.000999999999990564
68779001,1756,4099,125494,-4743,1729,123624,102,19231,418,0,58087,0.00100100000000225
68780000,-3981,8686,125891,-3937,5736,128179,127,19226,520,1,58088,0.0009990000000072996
68781000,-1905,6934,125824,-2499,4200,119685,115,19226,471,1,58089,0.000999999999990564
68782000,3824,2522,127484,616,-214,129487,92,19228,471,1,58090,0.0010000000000047748
68783000,8280,9122,124150,6996,7771,119065,126,19229,377,0,58091,0.0010000000000047748
68784000,8922,-503,124620,3054,-3131,122393,126,19232,516,0,58092,0.000999999999990564
68785000,6462,-9675,124854,8929,-13938,132491,108,19226,442,0,58093,0.0010000000000047748
68786000,2471,2734,126762,7742,-423,124132,110,19224,451,1,58094,0.0010000000000047748
68787000,1936,11817,129142,-7024,7750,122289,128,19224,524,1,58095,0.000999999999990564
68788002,4876,13026,128283,3712,11103,126041,106,19229,524,1,58096,0.0010019999999997253
68789002,8421,-1202,124011,12238,-4243,125025,105,19234,434,1,58097,0.0010000000000047748
68790000,10946,6030,126299,2735,-631,120474,105,19224,430,0,58098,0.0009979999999956135
68791000,11863,-2495,128919,7567,-2986,134362,88,19231,360,0,58099,0.0010000000000047748
68792003,9367,-9461,127005,13473,-15855,131489,105,19223,430,0,58100,0.0010029999999972006
68793000,4088,4281,130415,-4859,-1246,131404,118,19223,483,1,58101,0.0009969999999981383
68794000,578,8102,128770,-3005,14725,122179,110,19224,483,1,58102,0.0010000000000047748
68795000,3990,10357,128791,7392,5286,123253,97,19232,451,1,58103,0.0010000000000047748
68796000,7231,-4348,128328,971,-10799,134589,97,19232,397,0,58104,0.000999999999990564
68797000,8759,-6951,128429,-1741,-11004,124887,138,19227,565,0,58105,0.0010000000000047748
68798000,4805,606,131199,9610,-6540,128909,107,19232,438,0,58106,0.0010000000000047748
68799000,-431,-6136,131335,-12524,-3768,130924,105,19225,430,0,58107,0.000999999999990564
68800000,231,6598,133780,-12594,691,128944,148,19225,430,1,58108,0.0010000000000047748
68801002,-8799,2608,132397,4322,2009,130103,108,19227,606,1,58109,0.0010019999999997253
68802002,-3979,6266,130223,-11752,-378,124232,108,19228,442,1,58110,0.0010000000000047748
68803002,206,-6086,129610,-12921,-14242,134487,98,19221,401,0,58111,0.000999999999990564
68804000,417,-3837,128040,8717,-3830,127901,110,19232,451,0,58112,0.0009980000000098244
68805000,-641,3514,129417,-6027,6306,127807,106,19229,434,0,58113,0.000999999999990564
68806001,-8894,5153,132065,-24759,2801,131413,120,19229,434,1,58114,0.00100100000000225
68807000,-4648,3638,129034,-4654,3054,129170,112,19221,491,1,58115,0.0009990000000072996
68808003,-8701,447,128306,-3753,-3499,133370,112,19229,459,1,58116,0.0010029999999972006
68809002,-2155,9085,130128,-13637,6733,122652,98,19228,401,1,58117,0.0009989999999930887
68810000,-4360,1115,126720,-6740,-6588,128069,129,19220,528,0,58118,0.0009980000000098244
68811000,-1186,-621,128680,-2055,-4619,130638,99,19234,405,0,58119,0.000999999999990564
68812000,-3818,-1493,126669,-6930,-2926,125601,102,19234,405,0,58120,0.0010000000000047748
68813000,-6700,9953,129417,-15048,9511,123513,141,19230,418,1,58121,0.0010000000000047748
68814000,-6834,14151,127858,-6627,7337,125785,141,19228,577,1,58122,0.000999999999990564
68815002,-7951,4829,126638,-8509,1775,126424,112,19227,459,1,58123,0.0010019999999997253
68816000,1513,5572,127861,-10931,-1415,120660,102,19222,418,0,58124,0.0009980000000098244
68817000,-2408,-11553,125347,2935,-15775,125473,112,19230,459,0,58125,0.000999999999990564
68818000,1945,-2217,126300,-3608,-5633,131142,111,19230,459,0,58126,0.0010000000000047748
68819000,-2108,6027,125460,-3733,3988,124030,121,19227,455,0,58127,0.0010000000000047748
68820000,-3505,16324,128102,-1377,13941,122022,121,19219,496,1,58128,0.000999999999990564
68821000,-706,8921,124685,-6438,5038,123509,117,19229,479,1,58129,0.0010000000000047748
68822000,5123,4064,123327,1191,947,127643,99,19233,405,1,58130,0.0010000000000047748
68823000,10369,9560,124516,10651,5597,118693,118,19233,483,0,58131,0.000999999999990564
68824000,10355,-768,121786,7952,-6604,121409,100,19233,483,0,58132,0.0010000000000047748
68825000,10085,-10250,123791,4199,-13901,133688,108,19227,410,0,58133,0.0010000000000047748
68826000,3078,-6692,124185,4086,-10431,126417,108,19227,442,1,58134,0.000999999999990564
68827002,2859,13468,130605,-2015,10428,121455,145,19231,594,1,58135,0.0010019999999997253
68828000,3235,3343,127516,4380,1638,124287,111,19229,455,1,58136,0.0009980000000098244
68829000,7419,-5782,125124,4660,-7964,126653,96,19232,393,1,58137,0.000999999999990564
68830000,11646,-2046,125570,3627,-6290,126692,124,19232,508,0,58138,0.0010000000000047748
68831000,8321,865,127989,14470,-1400,124145,104,19232,508,0,58139,0.0010000000000047748
68832000,3185,-67,129927,3409,-3077,131398,109,19231,426,0,58140,0.000999999999990564
68833000,992,3504,131162,-9467,-1377,128019,109,19225,446,1,58141,0.0010000000000047748
68834000,547,9598,129364,7644,2073,134614,104,19228,426,1,58142,0.0010000000000047748
68835000,1745,8063,126304,4899,1668,113505,101,19231,414,1,58143,0.000999999999990564
68836000,10801,-3369,127664,-6302,-4623,134739,119,19231,487,0,58144,0.0010000000000047748
68837000,10687,-10620,127343,10153,-18183,128944,94,19220,487,0,58145,0.0010000000000047748
68838000,7475,-4325,130111,13054,-6372,135595,104,19234,385,0,58146,0.000999999999990564
68839000,-1450,7390,134088,-20135,-801,115436,104,19225,426,0,58147,0.0010000000000047748
68840000,-4847,7933,132558,-5234,-6575,137219,137,19221,561,1,58148,0.0010000000000047748
68841000,-5200,-1511,130453,4334,-56,132399,110,19231,451,1,58149,0.000999999999990564
68842000,-4851,-1247,127533,-12124,-4733,123462,94,19231,385,1,58150,0.0010000000000047748
68843000,2987,654,130200,-17334,5610,129463,144,19228,385,0,58151,0.0010000000000047748
68844000,3255,5311,129137,9721,-979,125251,109,19234,590,0,58152,0.000999999999990564
68845000,-1144,-9803,129609,-18417,-9711,136768,109,19229,446,0,58153,0.0010000000000047748
68846000,-9806,1695,131806,-13303,-944,130046,113,19220,463,1,58154,0.0010000000000047748
68847000,-10919,4741,131360,-6998,5274,126672,131,19228,537,1,58155,0.000999999999990564
68848000,-7601,9865,132019,-10423,5471,129012,106,19231,434,1,58156,0.0010000000000047748
68849000,-5604,1994,129384,-7981,-6418,129579,109,19231,434,1,58157,0.0010000000000047748
68850000,-3266,1408,125452,-7372,-2915,123888,115,19219,446,0,58158,0.000999999999990564
68851000,-2967,8446,126942,-5048,1556,122894,115,19232,471,0,58159,0.0010000000000047748
68852002,-3886,8366,128380,-11354,-929,123223,106,19225,434,0,58160,0.0010019999999997253
68853000,-3561,10913,128636,-6414,9056,126673,130,19223,532,1,58161,0.0009979999999956135
68854002,-6983,3963,126692,-12389,2832,128482,116,19228,475,1,58162,0.0010019999999997253
68855000,-2370,4816,127150,-3726,2912,125604,99,19228,475,1,58163,0.0009980000000098244
68856000,162,5974,124261,1293,1997,122356,136,19226,405,0,58164,0.000999999999990564
68857000,3494,1772,125126,-7013,-2602,124947,136,19232,557,0,58165,0.0010000000000047748
68858000,3927,-144,125355,-1876,-3346,126860,108,19231,442,0,58166,0.000999999999990564
68859000,-2108,6026,126994,-4361,5563,121960,110,19224,451,1,58167,0.0010000000000047748
68860000,-2039,6753,127950,-7634,1691,128362,141,19229,577,1,58168,0.0010000000000047748
68861000,-7397,6756,126207,6991,2219,123207,105,19229,577,1,58169,0.000999999999990564
68862000,4300,12105,124025,-5809,7576,122095,103,19232,430,1,58170,0.0010000000000047748
68863000,8336,11022,125816,-74,6911,117520,103,19224,422,0,58171,0.0010000000000047748
68864000,12136,-6046,126182,14854,-11370,129066,86,19228,352,0,58172,0.000999999999990564
68865000,8364,-5947,124075,10220,-10379,124885,111,19224,455,0,58173,0.0010000000000047748
68866000,1166,-6767,126885,-7017,-10037,130179,126,19223,516,1,58174,0.0010000000000047748
68867000,4471,4617,128570,5086,2700,130894,114,19223,516,1,58175,0.000999999999990564
68868000,4903,21088,127766,10715,18852,116418,98,19231,467,1,58176,0.0010000000000047748
68869002,9955,5642,125389,-2279,1752,126917,135,19228,401,0,58177,0.0010019999999997253
68870005,6987,-11225,123493,4837,-15865,122895,135,19230,553,0,58178,0.0010029999999972006
68871001,11924,-14629,125612,16439,-17920,132164,101,19228,414,0,58179,0.000996000000000663
68872000,5635,-422,128523,2411,-3735,127315,103,19226,422,0,58180,0.0009990000000072996
68873000,-827,11463,131091,-4942,7509,124104,134,19226,549,1,58181,0.000999999999990564
68874000,292,10121,132131,-748,7549,128435,112,19229,549,1,58182,0.0010000000000047748
68875000,-1351,-4714,128212,3538,-8051,129932,103,19230,459,1,58183,0.0010000000000047748
68876000,6297,-7755,129753,-2968,-12099,132755,103,19224,422,0,58184,0.000999999999990564
68877000,14477,-4034,128261,4444,-4222,123471,117,19237,479,0,58185,0.0010000000000047748
68878000,3921,-6464,130082,28210,-8316,129443,104,19230,426,0,58186,0.0010000000000047748
68879000,2829,-2442,129912,-27783,-3870,132265,119,19230,487,1,58187,0.000999999999990564
68880000,-10612,17509,135810,-11329,14860,118200,111,19220,487,1,58188,0.0010000000000047748
68881000,-4670,3759,130025,11379,3286,131996,97,19230,455,1,58189,0.0010000000000047748
68882000,-7554,-5648,128130,-16021,-6811,126968,97,19231,397,1,58190,0.000999999999990564
68883000,507,-21077,126461,-13169,-26340,138093,122,19225,500,0,58191,0.0010000000000047748
68884000,3412,7061,131716,8571,774,116779,101,19227,414,0,58192,0.0010000000000047748
68885000,-2195,7890,130955,-2621,3633,132201,107,19227,438,0,58193,0.000999999999990564
68886000,-6091,7893,132085,-22368,4372,131274,153,19225,438,1,58194,0.0010000000000047748
68887000,-12232,-3918,126128,-11766,-9036,135807,113,19226,627,1,58195,0.0010000000000047748
68888000,-3590,19890,129901,-6066,25392,110832,113,19232,463,1,58196,0.000999999999990564
68889002,-3673,9162,128339,-6739,-3210,127847,101,19222,414,0,58197,0.0010019999999997253
68890000,-740,-15487,126670,-8039,-16312,134363,151,19232,618,0,58198,0.0009980000000098244
68891000,310,2244,127048,-5520,1799,123007,105,19230,430,0,58199,0.000999999999990564
68892000,-4374,2464,128555,-9051,4520,125652,113,19230,430,1,58200,0.0010000000000047748
68893000,-7196,17674,129708,-6507,11104,119177,113,19223,463,1,58201,0.0010000000000047748
68894000,-9414,2107,127914,-19169,-9212,135923,113,19228,463,1,58202,0.000999999999990564
68895003,956,5301,127620,-2987,6787,119667,105,19231,430,1,58203,0.0010030000000114114
68896000,640,9044,128327,5607,-311,123089,120,19228,491,0,58204,0.0009969999999981383
68897000,2926,-326,122804,-5820,-3869,125457,99,19230,405,0,58205,0.000999999999990564
68898000,2762,3758,125051,-8093,965,126800,109,19230,405,0,58206,0.0010000000000047748
68899000,-840,5579,125473,3427,7509,128793,141,19229,446,1,58207,0.0010000000000047748
68900000,-2484,27464,126528,-9214,27967,110076,141,19224,577,1,58208,0.000999999999990564
68901000,2130,1974,124835,-2296,-2301,132857,111,19235,455,1,58209,0.0010000000000047748
68902000,8949,-3930,124005,9563,-7074,128031,97,19227,397,0,58210,0.0010000000000047748
68903000,9363,-227,122404,5264,-4356,124948,108,19232,442,0,58211,0.000999999999990564
68904000,8856,1004,126049,7767,-1578,121811,112,19232,442,0,58212,0.0010000000000047748
68905000,7245,1033,126861,7220,-4994,126876,113,19229,459,0,58213,0.0010000000000047748
68906000,2042,5082,127022,2720,4722,129585,113,19224,463,1,58214,0.000999999999990564
68907000,4271,17072,129539,-353,15857,121621,118,19231,483,1,58215,0.0010000000000047748
68908002,7703,4602,126896,7942,106,124973,103,19232,422,1,58216,0.0010019999999997253
68909000,11060,5632,126086,5893,2772,120951,112,19220,459,0,58217,0.0009979999999956135
68910000,11723,-10015,127381,1398,-16941,134367,91,19220,459,0,58218,0.0010000000000047748
68911000,6711,-21561,127380,20652,-24906,134018,102,19231,373,0,58219,0.0010000000000047748
68912000,1374,11364,132795,-9556,8538,122961,102,19230,418,1,58220,0.000999999999990564
68913000,-2014,14384,129801,-5582,11123,123477,124,19228,508,1,58221,0.0010000000000047748
68914000,-1951,11964,132583,7347,7681,129683,113,19231,463,1,58222,0.0010000000000047748
68915000,4584,-4220,126574,-7331,-7461,130877,100,19225,410,1,58223,0.000999999999990564
68916000,10047,-2652,127002,7493,-5620,124970,155,19225,410,0,58224,0.0010000000000047748
68917000,10383,-1989,131747,16504,-5854,130916,102,19232,635,0,58225,0.0010000000000047748
68918000,5529,-9765,128590,-5933,-13388,131226,102,19228,418,0,58226,0.000999999999990564
68919001,1326,6629,133630,-12070,2631,131748,103,19224,422,1,58227,0.00100100000000225
68920001,-10303,5406,131432,2905,3032,129186,131,19230,537,1,58228,0.0010000000000047748
68921002,-6681,2495,130026,-11949,-1190,123841,102,19232,418,1,58229,0.00100100000000225
68922000,-68,-12895,129122,-15257,-16814,135680,108,19232,442,0,58230,0.0009979999999956135
68923000,-425,-6973,126786,6598,-11680,127238,84,19217,442,0,58231,0.0010000000000047748
68924000,585,8373,132119,-5368,5500,123240,107,19230,344,0,58232,0.000999999999990564
68925000,-7924,-43,131670,-12018,-2189,130396,107,19226,438,0,58233,0.0010000000000047748
68926000,-9854,2955,132649,-10778,-606,134409,129,19222,528,1,58234,0.0010000000000047748
68927000,-12436,6154,129374,-15707,2413,126687,115,19231,471,1,58235,0.000999999999990564
68928000,-3932,11065,131754,-9713,7547,127078,99,19231,405,1,58236,0.0010000000000047748
68929000,-3127,1739,126741,-4104,-199,129327,143,19228,405,0,58237,0.0010000000000047748
68930000,-3585,-8821,125192,-8369,-12816,133645,102,19227,586,0,58238,0.000999999999990564
68931000,2003,-2492,125265,-8920,-8532,121982,102,19230,418,0,58239,0.0010000000000047748
68932003,-6522,14541,129462,-5895,11179,124859,106,19227,434,1,58240,0.0010029999999972006
68933002,-4558,5251,125877,-12441,1522,122989,136,19226,557,1,58241,0.0009990000000072996
68934000,-8838,3644,127601,-10945,-830,126100,112,19229,459,1,58242,0.0009979999999956135
68935000,-2346,808,125363,-5272,-6763,134967,104,19229,459,0,58243,0.0010000000000047748
68936000,-259,3092,122689,-182,6057,111965,90,19222,426,0,58244,0.000999999999990564
68937000,1804,3485,127075,-2136,-6759,134686,90,19232,369,0,58245,0.0010000000000047748
68938000,3921,867,124109,-4575,1907,121732,110,19229,451,0,58246,0.0010000000000047748
68939000,-1812,11443,128843,1054,2189,128421,124,19217,508,1,58247,0.000999999999990564
68940000,-5410,3873,126801,851,-634,128578,112,19230,459,1,58248,0.0010000000000047748
68941000,108,15801,124890,-8926,13554,112866,95,19230,459,1,58249,0.0010000000000047748
68942000,8388,4405,125288,5673,4432,134505,127,19229,389,0,58250,0.000999999999990564
68943000,9673,-135,121904,14364,-3587,116183,127,19232,520,0,58251,0.0010000000000047748
68944000,7394,-3928,123636,1911,-11077,131759,117,19229,479,0,58252,0.0010000000000047748
68945000,4989,4627,127143,2559,-472,122897,117,19224,479,1,58253,0.000999999999990564
68946000,3783,3932,127738,2525,1473,122303,142,19228,582,1,58254,0.0010000000000047748
68947000,6177,9296,131979,6404,6955,132784,110,19228,582,1,58255,0.0010000000000047748
68948000,6795,10685,123319,-1758,6677,117816,100,19231,451,1,58256,0.000999999999990564
68949000,10564,1559,126231,9950,-873,130146,100,19224,410,0,58257,0.0010000000000047748
68950000,9916,-2659,125956,15752,-8482,125057,126,19232,516,0,58258,0.0010000000000047748
68951000,7822,-14477,125834,-512,-15045,140777,111,19228,455,0,58259,0.000999999999990564
68952000,3897,7456,132501,294,8102,121906,115,19224,471,1,58260,0.0010000000000047748
68953000,3084,15639,131005,6228,8362,124617,108,19224,471,1,58261,0.0010000000000047748
68954000,1482,4752,128465,270,905,129070,100,19231,442,1,58262,0.000999999999990564
68955000,2262,-390,130457,-4565,-6490,129162,100,19229,410,1,58263,0.0010000000000047748
68956000,9874,-16316,127049,6094,-20651,135968,125,19227,512,0,58264,0.0010000000000047748
68957000,5986,4411,132057,19334,623,119912,100,19233,410,0,58265,0.000999999999990564
68958002,-2726,-11034,130255,-15284,-15404,136805,102,19226,418,0,58266,0.0010019999999997253
68959000,2121,12378,132042,-16672,9822,121506,139,19226,418,1,58267,0.0009980000000098244
68960000,-4588,11582,131159,4621,7932,128662,109,19226,569,1,58268,0.000999999999990564
68961000,-3920,-2813,128131,5738,-5767,134186,109,19234,446,1,58269,0.0010000000000047748
68962000,-2768,-4020,129013,-19080,-8118,125125,98,19225,401,0,58270,0.0010000000000047748
68963000,1609,-7618,130062,-10558,-12125,138894,128,19233,524,0,58271,0.000999999999990564
68964000,874,8189,131524,11725,4583,120581,107,19227,438,0,58272,0.0010000000000047748
68965000,-6521,7083,132520,-15674,4091,128730,117,19227,479,1,58273,0.0010000000000047748
68966000,-9850,2957,129233,-20337,114,131031,111,19221,479,1,58274,0.000999999999990564
68967000,-10150,-271,127851,-5423,-4028,131805,105,19228,455,1,58275,0.0010000000000047748
68968000,-3588,9676,131161,-7422,6896,122305,105,19231,430,1,58276,0.0010000000000047748
68969000,-3144,-92,127411,-9645,-863,121917,118,19218,483,0,58277,0.000999999999990564
68970000,-4621,-11851,125451,-6422,-17684,138073,100,19231,410,0,58278,0.0010000000000047748
68971000,-3386,3712,127618,-8532,2069,120783,107,19231,438,0,58279,0.0010000000000047748
68972000,-5851,5450,128055,-13655,1949,124850,139,19228,438,1,58280,0.000999999999990564
68973000,-7068,11253,128373,-2394,6805,123094,116,19225,569,1,58281,0.0010000000000047748
68974000,-4231,2793,127068,-10397,-536,126119,116,19229,475,1,58282,0.0010000000000047748
68975002,767,8733,126853,-4559,4792,125672,100,19226,410,0,58283,0.0010019999999997253
68976000,-2465,-8014,122212,633,-9983,124893,120,19239,491,0,58284,0.0009979999999956135
68977000,1549,-2682,124046,-6532,-7185,124356,105,19239,430,0,58285,0.0010000000000047748
68978000,-734,9608,128186,-4392,9564,121555,110,19228,430,0,58286,0.000999999999990564
68979000,-2777,10957,125077,337,8494,124403,137,19222,451,1,58287,0.0010000000000047748
68980000,-4486,10009,126341,-3741,6474,126732,137,19227,561,1,58288,0.0010000000000047748
68981000,6571,7043,122673,-5203,2340,119515,100,19233,410,1,58289,0.000999999999990564
68982000,11631,14764,124139,16168,8413,119777,106,19227,434,0,58290,0.0010000000000047748
68983000,11611,-9019,123347,7667,-12392,129205,94,19229,385,0,58291,0.000999999999990564
68984000,7323,-16708,125446,-1524,-15488,133725,112,19229,385,0,58292,0.0010000000000047748
68985002,3419,5392,127792,7081,8806,121861,136,19228,459,1,58293,0.0010019999999997253
68986002,337,13518,129405,-1606,14323,119744,136,19223,557,1,58294,0.0010000000000047748
68987000,2604,4892,125995,4010,-3891,129693,112,19231,459,1,58295,0.0009979999999956135
68988000,8338,-2444,124829,4565,-6230,125393,93,19227,381,1,58296,0.0010000000000047748
68989000,11330,3619,126750,8196,1634,124217,144,19231,590,0,58297,0.000999999999990564
68990000,8945,-3067,128167,14855,-10605,128095,108,19231,590,0,58298,0.0010000000000047748
68991000,3961,-4696,127452,-4633,-6929,130735,109,19232,442,0,58299,0.0010000000000047748
68992001,3694,1558,131922,-6822,-1152,134553,109,19228,446,1,58300,0.00100100000000225
68993000,71,20910,131062,12236,14274,121026,128,19229,524,1,58301,0.0009989999999930887
68994000,591,16097,127952,-5246,10336,122258,104,19232,426,1,58302,0.0010000000000047748
68995001,10135,-15503,125501,-3388,-19365,132524,106,19221,434,0,58303,0.00100100000000225
68996000,10090,-15650,128622,18114,-14943,131013,97,19221,434,0,58304,0.0009989999999930887
68997000,7345,3219,128838,6898,1564,125454,104,19231,397,0,58305,0.0010000000000047748
68998000,-2625,9992,132846,-21149,6274,123571,104,19229,426,0,58306,0.000999999999990564
68999000,-2974,1110,133698,-1671,-4574,131834,123,19219,504,1,58307,0.0010000000000047748
69000000,-9640,-4065,130313,3705,-7548,135537,110,19232,451,1,58308,0.0010000000000047748
69001001,-1029,-36,131357,-20590,-3457,126110,94,19231,385,1,58309,0.00100100000000225
69002002,-1791,6077,131199,19,1153,126385,135,19231,385,0,58310,0.0010009999999880392
69003002,5491,1918,127643,-756,-2432,125226,111,19232,553,0,58311,0.0010000000000047748
69004000,-5791,-3505,130732,-7095,-8473,126681,111,19229,455,0,58312,0.0009979999999956135
69005000,-7075,-6699,130517,-12922,-9474,133706,111,19223,455,1,58313,0.0010000000000047748
69006000,-11147,18158,131483,-14302,15495,122499,133,19228,545,1,58314,0.0010000000000047748
69007002,-9930,12968,130363,-4884,9932,127676,112,19231,459,1,58315,0.0010019999999997253
69008000,-1075,-1002,127976,-13097,-3838,129317,105,19231,459,1,58316,0.0009979999999956135
69009000,-4549,-2871,126668,-4710,-6356,126186,129,19223,430,0,58317,0.0010000000000047748
69010000,2113,-1364,125658,-2489,-4338,129052,129,19232,528,0,58318,0.000999999999990564
69011000,-1461,8830,127110,-9036,6292,122077,102,19229,418,0,58319,0.0010000000000047748
69012000,-5638,9531,128452,-9758,6100,126513,114,19222,467,1,58320,0.0010000000000047748
69013000,-4684,2352,126389,-9347,-1681,129167,112,19228,459,1,58321,0.000999999999990564
69014000,-8051,7534,126960,-6175,4420,128020,102,19228,418,1,58322,0.0010000000000047748
69015000,709,4002,124515,-6908,144,122187,129,19229,418,0,58323,0.0010000000000047748
69016000,-143,371,124284,-6579,-2359,121961,100,19231,528,0,58324,0.000999999999990564
69017000,4515,-1019,124444,3599,-5791,129964,100,19228,410,0,58325,0.0010000000000047748
69018000,1241,6229,125191,-5813,3595,121515,103,19230,422,0,58326,0.0010000000000047748
69019000,-5071,1861,126743,1020,891,126536,151,19231,618,1,58327,0.000999999999990564
69020000,-1346,10214,128207,-4910,6379,128547,110,19231,451,1,58328,0.0010000000000047748
69021000,3920,7065,124754,-5263,4787,117502,94,19231,451,1,58329,0.0010000000000047748
69022000,8986,7249,125333,11733,2840,126214,97,19220,385,0,58330,0.000999999999990564
69023000,9110,2798,123555,6471,1224,119648,97,19229,397,0,58331,0.0010000000000047748
69024000,3793,-7648,124429,7446,-14993,134439,115,19227,471,0,58332,0.0010000000000047748
69025000,5132,2727,129772,3860,-3680,123119,121,19220,496,1,58333,0.000999999999990564
69026002,4909,15910,128406,-7466,10536,120999,111,19234,455,1,58334,0.0010019999999997253
69027001,8211,13516,127537,14394,11720,126078,101,19234,455,1,58335,0.0009990000000072996
69028002,7585,-6660,122553,5227,-13635,123891,121,19232,414,0,58336,0.00100100000000225
69029000,9454,6184,129475,-5790,4664,128203,121,19227,496,0,58337,0.0009979999999956135
69030000,11534,-10795,125362,18911,-11928,130159,95,19229,389,0,58338,0.0010000000000047748
69031000,6040,-3534,131364,6555,-6213,129583,99,19229,405,0,58339,0.000999999999990564
69032000,1172,13131,131927,-5991,-2926,124575,139,19230,569,1,58340,0.0010000000000047748
69033000,-348,3260,127536,7005,4072,129317,111,19230,569,1,58341,0.0010000000000047748
69034000,3143,10098,132519,1985,6690,125032,99,19229,455,1,58342,0.000999999999990564
69035000,8679,-858,127026,-5909,-8946,127182,99,19226,405,0,58343,0.0010000000000047748
69036000,10472,-7277,128878,17874,-8467,128447,137,19229,561,0,58344,0.0010000000000047748
69037000,3373,-2861,131167,8213,-9244,135002,105,19230,430,0,58345,0.000999999999990564
69038000,246,-4866,130510,-22918,-4140,128809,110,19220,451,1,58346,0.0010000000000047748
69039000,-4005,17383,135117,-3230,7131,125506,118,19220,451,1,58347,0.0010000000000047748
69040000,-5804,-652,131954,6342,-4599,128597,102,19228,483,1,58348,0.000999999999990564
69041000,-2549,6607,132312,-19394,147,125427,102,19230,418,1,58349,0.0010000000000047748
69042000,-2951,-6686,127432,-7791,-12730,136143,117,19223,479,0,58350,0.0010000000000047748
69043000,2679,-2170,130203,6759,-1730,127858,99,19225,405,0,58351,0.000999999999990564
69044000,-5005,8021,131233,-13115,4157,122799,110,19228,451,0,58352,0.0010000000000047748
69045000,-6340,380,130950,-18685,-2051,138389,142,19228,451,1,58353,0.0010000000000047748
69046002,-7782,7278,131523,-5034,4816,124761,118,19229,582,1,58354,0.0010019999999997253
69047002,-6585,9270,129015,-10684,6282,128818,118,19230,483,1,58355,0.000999999999990564
69048000,-748,4771,127657,-9596,1263,123880,100,19225,410,0,58356,0.0009980000000098244
69049001,-5121,-4303,125641,-8245,-7153,128758,160,19231,655,0,58357,0.0010009999999880392
69050000,1017,-4358,127971,-5662,-7281,134303,103,19224,422,0,58358,0.0009990000000072996
69051000,-4894,2039,126574,-5696,-1425,120428,110,19224,422,0,58359,0.0010000000000047748
69052000,-6887,13635,130169,-14026,11005,124733,127,19229,451,1,58360,0.000999999999990564
69053000,-8319,7447,127327,-5505,3969,124161,127,19227,520,1,58361,0.0010000000000047748
69054000,-3657,2645,125372,-10576,-761,126188,109,19228,446,1,58362,0.0010000000000047748
69055001,1117,9519,127872,-5035,7167,124851,115,19226,471,0,58363,0.0010009999999880392
69056003,881,-1598,123251,9294,-4593,122314,93,19229,381,0,58364,0.0010019999999997253
69057000,5466,-2739,126569,-7920,-5957,133584,109,19229,446,0,58365,0.0009970000000123491
69058000,-4702,2927,125416,-3865,-396,124161,132,19228,446,1,58366,0.000999999999990564
69059000,405,18293,127244,-3657,15391,118816,113,19222,541,1,58367,0.0010000000000047748
69060000,-902,4570,123666,-2464,1136,125417,113,19231,463,1,58368,0.0010000000000047748
69061000,5487,963,122259,4805,-3313,125697,96,19228,393,0,58369,0.000999999999990564
69062000,8520,-1186,123142,-230,-4685,124043,129,19236,528,0,58370,0.0010000000000047748
69063000,7392,-1482,126923,9349,-4603,121810,113,19236,463,0,58371,0.0010000000000047748
69064000,7960,-6053,126199,7897,-10735,135085,113,19229,463,0,58372,0.000999999999990564
69065000,-594,-3531,125837,-1802,-6865,123861,134,19223,463,1,58373,0.0010000000000047748
69066000,5655,14534,130928,-6287,12144,120726,134,19230,549,1,58374,0.0010000000000047748
69067000,3817,8375,125594,15291,5541,130362,109,19230,446,1,58375,0.000999999999990564
69068000,10321,3849,124745,5735,-2997,121686,107,19221,438,0,58376,0.0010000000000047748
69069000,9913,-4143,126749,-4173,-8651,132008,101,19221,414,0,58377,0.0010000000000047748
69070000,7721,-3394,126807,19369,-10646,123355,103,19229,414,0,58378,0.000999999999990564
69071003,7737,-644,130160,-2450,-2871,132849,118,19225,422,1,58379,0.0010029999999972006
69072000,-2379,10316,132393,-3763,4043,125933,118,19224,483,1,58380,0.0009970000000123491
69073000,-515,8019,129476,4011,3395,129208,113,19229,463,1,58381,0.000999999999990564
69074000,264,9235,128906,-1352,2422,119524,101,19231,414,1,58382,0.0010000000000047748
69075000,13114,-9784,127459,2313,-25207,135978,138,19227,565,0,58383,0.0010000000000047748
69076000,11915,-1087,130750,18117,341,126034,101,19227,565,0,58384,0.000999999999990564
69077000,3439,-4361,128767,3937,-6975,128796,105,19230,414,0,58385,0.0010000000000047748
69078000,3606,3304,135947,-20964,4213,131926,105,19227,430,1,58386,0.0010000000000047748
69079000,-11645,6232,131931,7182,1057,126661,146,19231,598,1,58387,0.000999999999990564
69080000,-7518,-332,130007,-12369,-821,133350,109,19229,446,1,58388,0.0010000000000047748
69081000,-2135,-6483,128359,-15366,-10020,129477,102,19223,418,0,58389,0.0010000000000047748
69082000,1007,-1086,128931,4654,-2883,126638,109,19223,418,0,58390,0.000999999999990564
69083000,2624,4830,131126,1915,152,124549,111,19230,446,0,58391,0.0010000000000047748
69084000,-7023,1808,131753,-17375,-224,130562,111,19228,455,0,58392,0.0010000000000047748
69085000,-7332,-3023,130552,-13377,-5613,139251,123,19222,504,1,58393,0.000999999999990564
69086000,-11717,8464,130959,-8758,2599,125593,115,19229,471,1,58394,0.0010000000000047748
69087000,-4872,9068,129889,-11406,3266,130319,104,19231,426,1,58395,0.0010000000000047748
69088003,-2131,12624,127540,-6999,7597,117917,129,19231,426,0,58396,0.0010029999999972006
69089002,-2901,-7634,124801,-7044,-12918,131785,99,19222,528,0,58397,0.0009989999999930887
69090000,1329,-4002,126522,-1185,-5179,129719,99,19234,405,0,58398,0.0009980000000098244
69091000,-7060,13437,128671,-11016,10424,117292,107,19222,438,1,58399,0.000999999999990564
69092000,-6998,9575,128389,-11870,7170,127888,149,19228,610,1,58400,0.0010000000000047748
69093000,-9049,-2213,128834,-8714,-6887,129378,114,19230,467,1,58401,0.0010000000000047748
69094000,-839,-2545,125093,-7847,-6186,129342,101,19230,467,1,58402,0.000999999999990564
69095000,434,12787,127072,2891,8151,116523,114,19224,414,0,58403,0.0010000000000047748
69096000,2932,-2107,122668,-2061,-6526,124688,114,19233,467,0,58404,0.0010000000000047748
69097000,1070,-1383,125188,-6466,-3314,128691,111,19224,455,0,58405,0.000999999999990564
69098000,-4129,8349,127221,-4729,5666,121002,121,19216,496,1,58406,0.0010000000000047748
69099000,-2268,5921,127794,-1874,3183,128145,125,19228,512,1,58407,0.0010000000000047748
69100000,137,17923,126299,3997,13935,117727,100,19228,410,1,58408,0.000999999999990564
69101000,7110,-6250,119661,1412,-10004,129605,113,19231,410,0,58409,0.0010000000000047748
69102000,8697,5797,124912,267,2731,121649,97,19222,463,0,58410,0.0010000000000047748
69103000,9534,-1800,125395,18333,-6052,122829,97,19224,397,0,58411,0.000999999999990564
69104000,6052,-2638,126744,3235,-6605,125086,112,19228,459,0,58412,0.0010000000000047748
69105000,-212,-4489,127866,-5950,-7578,133422,142,19227,582,1,58413,0.000999999999990564
69106000,5652,12218,128702,5785,9071,124165,114,19227,467,1,58414,0.0010000000000047748
69107000,5442,5870,124094,12064,3136,121244,97,19233,467,1,58415,0.0010000000000047748
69108000,9053,5644,127193,573,2053,124916,132,19227,397,0,58416,0.000999999999990564
69109000,13076,-11722,125102,4285,-13585,129135,132,19234,541,0,58417,0.0010000000000047748
69110000,5874,-8247,127306,20172,-12567,128874,106,19228,434,0,58418,0.0010000000000047748
69111000,4030,418,130327,-3318,-4921,130450,109,19227,446,1,58419,0.000999999999990564
69112000,-29,8533,130510,-9489,3960,122979,116,19227,475,1,58420,0.0010000000000047748
69113002,1304,5926,129292,14288,5412,126296,104,19228,475,1,58421,0.0010019999999997253
69114002,2896,-3283,127362,-4113,-6594,133436,113,19230,426,1,58422,0.0010000000000047748
69115000,9718,-4999,127876,-9016,-8187,120801,113,19220,463,0,58423,0.0009979999999956135
69116000,8614,-4558,129888,26482,-10068,133909,100,19228,410,0,58424,0.0010000000000047748
69117000,1769,-5493,127792,5420,-10472,127087,109,19228,446,0,58425,0.000999999999990564
69118000,2259,10386,134176,-34347,600,130041,131,19220,537,1,58426,0.0010000000000047748
69119000,-6327,14115,131635,7876,11740,123916,111,19220,537,1,58427,0.0010000000000047748
69120000,-2870,2856,128271,6417,-1510,127964,94,19236,455,1,58428,0.000999999999990564
69121000,-542,-12394,130612,-23690,-14221,137999,94,19230,385,0,58429,0.0010000000000047748
69122000,1965,-5924,128174,-3351,-8351,125652,147,19232,602,0,58430,0.0010000000000047748
69123000,210,14633,133035,6520,10682,124682,105,19232,430,0,58431,0.000999999999990564
69124004,-7214,3483,131585,-14157,2056,122780,109,19222,446,1,58432,0.0010040000000088867
69125002,-9377,-879,131644,-14228,-7935,138786,132,19222,446,1,58433,0.0009979999999956135
69126002,-10593,2838,128892,-7498,3702,128154,107,19226,541,1,58434,0.0010000000000047748
69127000,-5510,16942,131753,-12299,11419,119086,107,19229,438,1,58435,0.0009979999999956135
69128000,-2860,-230,126850,-6039,-8608,128296,108,19220,442,0,58436,0.0010000000000047748
69129000,-3686,-3867,126689,-4215,-6138,126629,120,19233,491,0,58437,0.000999999999990564
69130000,-224,-6341,127341,-5875,-7766,134294,102,19229,418,0,58438,0.0010000000000047748
69131001,-5363,12514,127521,-3186,12444,118277,123,19229,418,1,58439,0.00100100000000225
69132000,-7771,19678,128048,-16128,13917,123208,113,19218,504,1,58440,0.0009989999999930887
69133000,-3203,6270,128559,-12788,-4128,129035,113,19228,463,1,58441,0.0010000000000047748
69134001,2259,-2408,125812,9173,-5839,125177,99,19226,405,0,58442,0.00100100000000225
69135000,-2651,-398,128060,-7100,-3531,129881,137,19235,561,0,58443,0.0009989999999930887
69136000,2074,4955,122253,-5946,2893,117914,105,19229,430,0,58444,0.0010000000000047748
69137000,-454,8047,127497,-1861,4400,131651,111,19229,430,0,58445,0.0010000000000047748
69138000,-835,7905,123782,-5291,6577,121226,156,19225,455,1,58446,0.000999999999990564
69139000,-3069,11541,126887,-3501,8028,125355,156,19223,639,1,58447,0.0010000000000047748
69140000,4472,11013,127646,2322,6902,123702,105,19233,430,1,58448,0.0010000000000047748
69141000,9994,3261,124201,6141,-2808,121473,95,19224,389,0,58449,0.000999999999990564
69142000,11351,-7762,125351,7653,-11615,133855,79,19231,324,0,58450,0.0010000000000047748
69143000,7144,-4050,123137,5969,-6706,122165,115,19231,471,0,58451,0.0010000000000047748
69144002,2966,2221,127629,2239,-1992,128936,124,19232,471,1,58452,0.0010019999999997253
69145000,-32,7067,129189,-190,4520,122758,124,19231,508,1,58453,0.0009979999999956135
69146000,4594,8845,127303,-1719,5761,123297,108,19229,442,1,58454,0.0010000000000047748
69147000,8270,819,125319,10944,-3361,128076,94,19230,385,1,58455,0.000999999999990564
69148000,12793,4873,125860,5673,1687,117598,127,19227,520,0,58456,0.0010000000000047748
69149000,7302,-6441,129316,10669,-10074,134828,101,19227,414,0,58457,0.0010000000000047748
69150000,4556,-11119,127584,5019,-14192,132303,104,19229,414,0,58458,0.000999999999990564
69151001,3711,3126,132310,-8814,-215,131589,137,19226,426,1,58459,0.00100100000000225
69152000,-1765,17671,132020,8481,14268,117880,137,19227,561,1,58460,0.0009990000000072996
69153000,1846,12476,127464,-636,9885,122067,109,19232,446,1,58461,0.000999999999990564
69154000,5983,-13337,126712,-3797,-16629,138412,100,19224,410,0,58462,0.0010000000000047748
69155000,10509,-7295,126595,13411,-11377,124714,126,19224,516,0,58463,0.0010000000000047748
69156000,4961,-2201,129614,4432,-6395,127704,107,19235,516,0,58464,0.000999999999990564
69157000,192,324,132605,-9614,-4050,123907,117,19228,438,0,58465,0.0010000000000047748
69158001,-28,-1881,133537,-8423,-2698,145500,117,19222,479,1,58466,0.00100100000000225
69159000,-11082,1051,126902,847,-4795,125536,111,19232,455,1,58467,0.0009989999999930887
69160000,-847,14664,133391,-15458,10835,116555,98,19234,401,1,58468,0.0010000000000047748
69161000,1618,-5918,127441,-6036,-7665,138055,122,19234,500,0,58469,0.0010000000000047748
69162000,3971,-6147,126676,7739,-14665,126764,101,19227,500,0,58470,0.000999999999990564
69163000,-4866,5171,132389,-9520,541,134995,113,19229,414,0,58471,0.0010000000000047748
69164000,-7989,11690,130570,-17324,4158,121713,113,19229,463,1,58472,0.0010000000000047748
69165000,-8791,6862,132992,-7744,4335,138707,151,19226,618,1,58473,0.000999999999990564
69166000,-10524,-1450,129645,-11840,-5879,125665,115,19232,471,1,58474,0.0010000000000047748
69167002,-1808,12073,128490,-9388,4737,120627,101,19225,414,1,58475,0.0010019999999997253
69168000,-3956,1362,125436,-6406,-3552,125206,161,19225,414,0,58476,0.0009979999999956135
69169000,2105,-3900,128562,-2681,-7769,128309,108,19233,659,0,58477,0.0010000000000047748
69170000,109,2135,128592,-1079,-3807,129970,108,19229,442,0,58478,0.0010000000000047748
69171001,-8838,5992,126304,-14844,11937,117873,113,19221,463,1,58479,0.00100100000000225
69172000,-2912,17049,132148,-17445,6456,129761,119,19228,487,1,58480,0.0009989999999930887
69173000,-8986,975,123433,3627,-239,127031,109,19234,446,1,58481,0.0010000000000047748
69174000,-1327,9285,125280,-15827,5536,120675,117,19234,446,0,58482,0.000999999999990564
69175004,-489,1082,126388,-2884,3746,126854,97,19225,479,0,58483,0.0010040000000088867
69176000,4598,591,124045,11089,-747,124667,97,19231,397,0,58484,0.000996000000000663
69177002,1269,-1079,126315,-8502,-8354,131785,108,19228,442,0,58485,0.0010019999999997253
69178004,-6167,8474,127054,-5071,9036,122351,138,19222,565,1,58486,0.0010019999999997253
69179000,1459,19945,126427,-4467,13584,120429,116,19234,475,1,58487,0.000996000000000663
69180000,2036,9083,124445,3176,3926,125099,94,19234,475,1,58488,0.000999999999990564
69181000,8545,2061,124187,2770,-4809,125009,118,19229,385,0,58489,0.0010000000000047748
69182000,11236,1970,122526,6910,-3878,121348,118,19230,483,0,58490,0.0010000000000047748
69183002,6670,1865,126519,2926,-2100,124482,111,19225,455,0,58491,0.0010019999999997253
69184000,7545,-1508,127899,7978,-1902,134979,116,19225,475,1,58492,0.0009979999999956135
69185000,-1699,12636,128006,1029,16958,120543,133,19233,545,1,58493,0.0010000000000047748
69186000,7014,7757,128447,-1613,4047,128637,105,19233,545,1,58494,0.000999999999990564
69187000,6503,-5596,123837,12839,-8252,126283,109,19235,430,1,58495,0.0010000000000047748
69188000,13907,5022,126860,1352,336,121533,109,19219,446,0,58496,0.0010000000000047748
69189000,9106,-8251,127490,13589,-12186,134669,103,19234,422,0,58497,0.000999999999990564
69190000,3370,-3666,128746,4569,-6686,125026,109,19229,446,0,58498,0.0010000000000047748
69191000,4273,5447,131494,-8850,1489,130906,126,19222,516,1,58499,0.0010000000000047748
69192000,-2214,15638,130905,9159,11198,124349,116,19222,475,1,58500,0.000999999999990564
69193000,3720,-5077,128826,-3140,-8404,134691,99,19229,475,1,58501,0.0010000000000047748
69194001,6388,5082,129550,-806,961,121731,148,19230,405,0,58502,0.00100100000000225
69195000,10797,-16276,126453,7826,-19814,136790,148,19231,606,0,58503,0.0009989999999930887
69196000,6853,-3016,130550,17342,-6353,132351,104,19231,426,0,58504,0.0010000000000047748
69197000,-4033,2810,132231,-14647,-715,121787,105,19226,430,0,58505,0.0010000000000047748
69198000,279,16711,133327,-16989,12729,127132,141,19226,577,1,58506,0.000999999999990564
69199000,-8274,4522,132303,3882,3234,129368,109,19230,577,1,58507,0.0010000000000047748
69200000,-2409,-8529,127941,-831,-13059,134132,105,19232,446,1,58508,0.0010000000000047748
69201001,-542,-8358,127827,-19744,-11366,128074,105,19220,430,0,58509,0.0010009999999880392
69202000,2485,-1175,130187,3244,-7269,128909,97,19231,397,0,58510,0.0009990000000072996
69203000,1091,5778,131401,6003,3476,120620,107,19230,438,0,58511,0.0010000000000047748
69204000,-9603,-1365,129750,-21652,-2772,132153,122,19230,500,1,58512,0.000999999999990564
69205000,-11020,3163,130326,-15762,-2865,131984,112,19223,500,1,58513,0.0010000000000047748
69206000,-8253,8346,130059,-7187,8355,120477,100,19233,459,1,58514,0.0010000000000047748
69207000,-1447,-1525,128775,-4199,-2431,133195,100,19230,410,1,58515,0.000999999999990564
69208000,-3889,-6972,124985,-7589,-10284,127143,136,19223,557,0,58516,0.0010000000000047748
69209000,-4904,578,127940,-6661,-1703,125754,101,19232,414,0,58517,0.0010000000000047748
69210000,-1094,15746,127680,-8661,10016,121773,103,19228,422,0,58518,0.000999999999990564
69211000,-9251,-1160,126513,-4704,-3453,133473,141,19228,422,1,58519,0.0010000000000047748
69212000,-6701,3269,127229,-9114,2949,122259,114,19227,577,1,58520,0.0010000000000047748
69213000,-1958,11486,127443,-15558,7146,123235,114,19235,467,1,58521,0.000999999999990564
69214000,1793,5043,126682,4111,4649,123110,105,19229,430,0,58522,0.0010000000000047748
69215000,2903,-5267,125085,1278,-7241,132010,107,19230,438,0,58523,0.0010000000000047748
69216000,-1500,-6822,121662,-7233,-6876,130270,107,19226,438,0,58524,0.000999999999990564
69217000,-679,20800,128190,-3805,21481,114509,118,19226,438,1,58525,0.0010000000000047748
69218000,-2471,16422,126598,-2202,14084,121281,118,19219,483,1,58526,0.0010000000000047748
69219000,2601,6005,127072,-5587,-3077,129887,118,19232,483,1,58527,0.000999999999990564
69220000,6396,-1470,122762,11111,-738,126520,98,19226,401,1,58528,0.0010000000000047748
69221002,8437,512,122874,-2035,-713,117794,123,19227,504,0,58529,0.0010019999999997253
69222001,11159,2270,125216,6954,-5553,125875,115,19226,471,0,58530,0.0009989999999930887
69223000,3504,-3801,126091,13256,-8129,130742,113,19226,471,0,58531,0.0009990000000072996
69224000,5550,-869,127593,-8447,-3316,126540,147,19226,463,1,58532,0.0010000000000047748
69225000,420,12595,130364,4239,12010,121314,147,19229,602,1,58533,0.000999999999990564
69226000,8424,10994,126679,10747,3930,126773,113,19231,463,1,58534,0.0010000000000047748
69227000,10436,553,124494,663,-4597,123648,98,19230,401,0,58535,0.0010000000000047748
69228000,8306,1215,128828,7494,-6294,128988,127,19230,520,0,58536,0.000999999999990564
69229000,8470,-10470,125090,12593,-9725,131768,101,19230,520,0,58537,0.0010000000000047748
69230000,4507,972,127991,1057,2853,123475,106,19231,414,0,58538,0.000999999999990564
69231000,1491,5610,129454,-5030,2441,136634,106,19223,434,1,58539,0.0010000000000047748
69232000,3613,14825,127685,473,13374,118248,106,19229,434,1,58540,0.0010000000000047748
69233000,4697,1260,130233,4481,-3849,132359,102,19231,418,1,58541,0.000999999999990564
69234000,11672,-11200,127395,4274,-16290,129787,117,19218,479,0,58542,0.0010000000000047748
69235000,8417,-8585,129848,11319,-12064,127450,93,19218,381,0,58543,0.0010000000000047748
69236000,4412,-6080,130272,4208,-8967,137995,99,19231,381,0,58544,0.000999999999990564
69237000,628,11810,132282,-16156,10726,119554,133,19228,405,1,58545,0.0010000000000047748
69238000,-10026,4788,133270,-4267,1310,133278,133,19224,545,1,58546,0.0010000000000047748
69239000,-10378,4664,130882,-4306,644,122929,112,19231,459,1,58547,0.000999999999990564
69240000,232,-11902,129250,-17263,-15617,136348,95,19230,389,1,58548,0.0010000000000047748
69241000,-1330,2938,131955,4028,-722,126031,133,19230,545,0,58549,0.0010000000000047748
69242000,2254,923,128318,-2906,-2273,124496,115,19229,545,0,58550,0.000999999999990564
69243000,-6086,-369,132588,-16013,-3475,136180,116,19227,471,0,58551,0.0010000000000047748
69244000,-9369,2418,128886,-11158,-1231,126675,116,19226,475,1,58552,0.0010000000000047748
69245002,-5305,10461,130530,-10661,7545,135506,124,19229,508,1,58553,0.0010019999999997253
69246000,-6773,14027,130390,-7904,11899,119068,105,19234,430,1,58554,0.0009979999999956135
69247002,-2429,1476,128598,-9213,380,127612,111,19234,455,0,58555,0.0010019999999997253
69248002,-2555,-5400,123405,-10615,-10013,135067,100,19218,455,0,58556,0.0010000000000047748
69249000,-2855,2980,128169,552,-1183,122733,101,19232,410,0,58557,0.0009979999999956135
69250001,-3089,5496,127932,-18751,211,126246,101,19229,414,0,58558,0.00100100000000225
69251000,-6317,8879,128241,-6820,4217,122775,130,19224,532,1,58559,0.0009989999999930887
69252000,-7960,-482,127549,-7178,-1421,133257,116,19229,475,1,58560,0.0010000000000047748
69253000,-2353,-300,126143,-13704,-2530,119894,97,19228,397,1,58561,0.0010000000000047748
69254000,1157,6417,126839,-11,6390,120769,124,19228,397,0,58562,0.000999999999990564
69255000,4907,-2638,124005,1570,-4424,132209,108,19233,508,0,58563,0.0010000000000047748
69256001,-2196,2195,123990,-936,-2855,118489,108,19228,442,0,58564,0.00100100000000225
69257000,-1951,10197,127982,-10013,8881,135553,110,19226,451,1,58565,0.0009989999999930887
69258000,-3493,17397,124790,-3704,10401,117000,145,19227,594,1,58566,0.0010000000000047748
69259000,2249,10830,129842,2138,10898,133266,104,19233,426,1,58567,0.0010000000000047748
69260000,6771,-1257,121530,-481,-7093,117551,102,19233,426,0,58568,0.000999999999990564
69261000,8468,-552,124280,7070,-2012,131103,88,19223,418,0,58569,0.0010000000000047748
69262000,8976,-2359,124229,7936,-10885,118197,88,19226,360,0,58570,0.0010000000000047748
69263000,5381,3235,127168,1886,-5133,125303,111,19225,455,0,58571,0.000999999999990564
69264001,4388,-2839,129248,3659,-5474,135221,130,19224,532,1,58572,0.00100100000000225
69265000,2249,15830,127461,-622,9801,115631,113,19229,463,1,58573,0.0009990000000072996
69266000,7254,7961,128560,-349,-2204,128184,96,19229,463,1,58574,0.000999999999990564
69267000,10143,4473,125164,7562,1781,118832,138,19230,393,0,58575,0.0010000000000047748
69268000,10700,-7022,126344,5321,-14741,135973,138,19230,565,0,58576,0.0010000000000047748
69269000,6664,-9096,127964,12639,-8694,126450,100,19233,410,0,58577,0.000999999999990564
69270000,4833,6005,130727,-3557,-486,127098,105,19228,430,1,58578,0.0010000000000047748
69271000,-354,4052,131443,-1025,4481,132125,128,19230,524,1,58579,0.0010000000000047748
69272003,875,13952,131476,4036,10453,121026,109,19230,524,1,58580,0.0010029999999972006
69273000,5197,-1396,126539,-2790,-10065,133530,104,19231,446,1,58581,0.0009969999999981383
69274000,8067,-858,126738,4755,-8453,121310,104,19228,426,0,58582,0.0010000000000047748
69275000,10526,-6142,130243,13559,-14539,128644,118,19234,483,0,58583,0.000999999999990564
69276000,1102,-934,130538,-2958,-2374,129355,105,19227,430,0,58584,0.0010000000000047748
69277000,-92,12939,133104,-24789,8989,122450,121,19223,496,1,58585,0.0010000000000047748
69278000,-5349,1216,133718,10298,-2728,137839,114,19223,496,1,58586,0.000999999999990564
69279000,-6590,-2693,127931,1734,-5342,126256,97,19228,467,1,58587,0.0010000000000047748
69280001,-1383,-6847,129288,-25981,-9639,132642,97,19229,397,0,58588,0.00100100000000225
69281001,-911,-2897,129936,-50,-5767,127858,129,19228,528,0,58589,0.0010000000000047748
69282002,4801,8186,129449,9998,4414,122260,105,19228,430,0,58590,0.0010009999999880392
69283000,-9150,1419,131327,-19486,-1792,135956,112,19224,459,0,58591,0.0009980000000098244
69284000,-8627,1008,131207,-17207,-1607,128823,144,19224,590,1,58592,0.000999999999990564
69285001,-9374,8034,131432,-4526,4649,133155,113,19228,590,1,58593,0.00100100000000225
69286000,-5707,16427,131693,-11702,13483,120300,100,19231,463,1,58594,0.0009990000000072996
69287000,-4606,3674,128268,-7369,230,133815,100,19222,410,0,58595,0.000999999999990564
69288003,-3767,-12471,124198,-10109,-15570,128030,138,19234,565,0,58596,0.0010030000000114114
69289002,1079,4289,127862,-8714,1555,125449,104,19230,426,0,58597,0.0009989999999930887
69290002,-6801,10683,129946,-1136,6782,132518,118,19230,483,1,58598,0.0010000000000047748
69291000,-6446,12091,127509,-11574,8512,114340,112,19219,483,1,58599,0.0009979999999956135
69292000,-6354,4119,129590,-15999,1993,136204,101,19227,459,1,58600,0.0010000000000047748
69293000,228,2868,123378,-694,-2381,122247,101,19231,414,1,58601,0.000999999999990564
69294000,1071,1168,123669,5517,-1746,123127,123,19228,504,0,58602,0.0010000000000047748
69295000,72,1070,123539,-8999,-3165,125644,108,19227,442,0,58603,0.0010000000000047748
69296001,2696,2799,125690,-7253,-312,122294,114,19227,467,0,58604,0.00100100000000225
69297000,-2090,-649,127757,6374,-4264,132748,150,19227,467,1,58605,0.0009989999999930887
69298002,-1201,7443,126012,-7654,3541,118547,114,19225,614,1,58606,0.0010019999999997253
69299000,2101,13002,124194,-169,6724,124361,114,19231,467,1,58607,0.0009979999999956135
69300000,7055,4782,124549,5954,5551,119669,94,19227,385,0,58608,0.0010000000000047748
69301000,10456,-7159,122475,-2264,-15264,132376,109,19231,446,0,58609,0.0010000000000047748
69302000,4288,102,125695,17202,-6046,124144,110,19224,451,0,58610,0.000999999999990564
69303000,4692,1344,126994,690,-2813,121532,118,19224,451,0,58611,0.0010000000000047748
69304000,2533,10028,128848,-3082,3954,129839,110,19217,483,1,58612,0.0010000000000047748
69305000,4092,6209,126146,5481,2186,126701,110,19228,451,1,58613,0.000999999999990564
69306000,9468,5269,127190,6732,1695,122604,101,19231,414,1,58614,0.0010000000000047748
69307000,9436,5051,126859,4258,1324,122007,110,19223,451,0,58615,0.0010000000000047748
69308000,12953,-12044,125833,9278,-9564,134289,90,19228,369,0,58616,0.000999999999990564
69309000,3556,-11102,127573,14068,-18495,132647,103,19228,369,0,58617,0.0010000000000047748
69310000,4564,6064,129539,-6571,1581,128999,131,19227,422,1,58618,0.0010000000000047748
69311000,313,32858,132362,-340,27332,116829,131,19226,537,1,58619,0.000999999999990564
69312000,-768,5411,128642,7096,-204,128727,113,19229,463,1,58620,0.0010000000000047748
69313001,9845,-12600,127536,-7297,-17044,135079,96,19222,393,1,58621,0.00100100000000225
69314001,9305,-5015,128445,16305,-6712,125543,148,19235,606,0,58622,0.000999999999990564
69315000,8485,-1063,128406,12776,-4844,129274,105,19235,606,0,58623,0.0009990000000072996
69316000,2512,-632,132172,-27088,1580,126397,108,19231,430,0,58624,0.0010000000000047748
69317000,-2608,7415,135704,377,812,132511,108,19223,442,1,58625,0.000999999999990564
69318000,-9711,593,130408,6042,-3979,132582,132,19226,541,1,58626,0.0010000000000047748
69319000,-7196,6305,131476,-23769,2967,127499,101,19232,414,1,58627,0.0010000000000047748
69320000,2763,-6330,127714,-7093,-13788,129789,108,19223,442,0,58628,0.000999999999990564
69321000,3961,7259,132178,10259,1857,124365,86,19223,442,0,58629,0.0010000000000047748
69322001,-1367,800,131405,-5650,-5234,130619,108,19231,352,0,58630,0.00100100000000225
69323000,-8402,8929,132441,-21362,5593,123068,108,19227,442,1,58631,0.0009989999999930887
69324000,-10286,1465,130030,-9184,-2904,136973,134,19220,549,1,58632,0.0010000000000047748
69325000,-11063,4371,129469,-6410,4290,129799,114,19229,467,1,58633,0.0010000000000047748
69326000,-2531,12523,130186,-18466,9399,118220,99,19229,405,1,58634,0.000999999999990564
69327001,-2001,-1482,126270,-2320,-5684,130355,145,19229,594,0,58635,0.00100100000000225
69328003,2308,-10864,125013,1179,-14347,132382,102,19224,594,0,58636,0.0010019999999997253
69329000,-1923,247,126781,-9544,-3202,123315,106,19230,418,0,58637,0.0009969999999981383
69330000,-5200,15685,128598,-10019,13568,123103,106,19224,434,1,58638,0.0010000000000047748
69331000,-7189,11220,127637,-5901,6638,124911,135,19225,553,1,58639,0.0010000000000047748
69332000,-8261,2463,127122,-7431,-1968,130064,111,19234,455,1,58640,0.000999999999990564
69333000,1472,-1229,125149,-8240,-4327,123808,106,19234,434,0,58641,0.0010000000000047748
69334000,-95,3172,127412,2387,657,125185,83,19219,434,0,58642,0.0010000000000047748
69335000,2301,2286,124128,-820,-2074,123291,107,19228,340,0,58643,0.000999999999990564
69336000,-1546,774,124348,-7632,-1918,127634,107,19231,438,0,58644,0.0010000000000047748
69337001,-4703,6778,126730,-1466,3365,126941,123,19219,504,1,58645,0.00100100000000225
69338000,-1066,8970,126113,-3132,6961,113956,111,19231,455,1,58646,0.0009989999999930887
69339006,3442,9381,125944,77,7581,127909,95,19227,389,1,58647,0.0010060000000038372
69340002,9904,115,122159,3188,-4085,123889,131,19227,389,0,58648,0.000996000000000663
69341000,9743,-3609,123337,12908,-6866,122319,106,19232,537,0,58649,0.0009979999999956135
69342000,4985,-7314,123970,8297,-12370,131102,106,19227,434,0,58650,0.0010000000000047748
69343000,5153,4500,126551,-5883,-2740,123868,111,19225,455,1,58651,0.0010000000000047748
69344000,1259,12728,129349,2907,9440,123635,137,19229,561,1,58652,0.000999999999990564
69345000,5269,3634,124432,916,396,125191,107,19232,438,1,58653,0.0010000000000047748
69346000,5883,-5317,124597,2437,-9880,130223,100,19232,438,1,58654,0.0010000000000047748
69347000,15449,-3210,125919,11253,-7494,116716,116,19226,410,0,58655,0.000999999999990564
69348000,9127,-7990,126339,13978,-8582,131625,116,19232,475,0,58656,0.0010000000000047748
69349000,3511,-1553,129187,1293,-6958,133666,106,19228,434,0,58657,0.0010000000000047748
69350000,805,4889,130512,-7875,833,125355,113,19223,463,1,58658,0.000999999999990564
69351000,-1511,16600,130558,7502,6488,128771,106,19229,434,1,58659,0.0010000000000047748
69352000,3551,10465,130153,3028,9986,129128,98,19229,434,1,58660,0.0010000000000047748
69353000,7183,-7119,128649,-6096,-8131,130507,129,19235,401,0,58661,0.000999999999990564
69354000,8504,-8133,129142,10814,-11247,127134,129,19220,528,0,58662,0.0010000000000047748
69355000,4493,-7255,129482,12247,-10215,136551,109,19226,446,0,58663,0.000999999999990564
69356000,-9,2663,131049,-14925,-5508,121960,108,19226,442,0,58664,0.0010000000000047748
69357002,-1276,1623,132974,-9212,-4209,135797,145,19229,594,1,58665,0.0010019999999997253
69358001,-8317,10044,132684,-270,9490,122417,109,19229,594,1,58666,0.0009990000000072996
69359000,-1379,4023,129043,-10090,-4872,126650,98,19241,446,1,58667,0.0009989999999930887
69360000,466,-13840,128189,-8749,-19027,142144,98,19224,401,0,58668,0.0010000000000047748
69361000,3626,-4330,127804,307,-4386,121144,120,19231,491,0,58669,0.000999999999990564
69362000,-4134,6715,132036,-15096,2327,132590,106,19228,434,0,58670,0.0010000000000047748
69363000,-8562,5299,132105,-9746,2993,125309,114,19220,467,1,58671,0.0010000000000047748
69364000,-9330,9294,131065,-11928,2775,129667,107,19220,467,1,58672,0.000999999999990564
69365000,-10154,4080,131474,-8402,-2979,128905,102,19230,438,1,58673,0.0010000000000047748
69366002,-3100,10157,128860,-6772,5520,121018,102,19230,418,1,58674,0.0010019999999997253
69367000,-4162,-3870,126918,-11587,-10188,131719,123,19214,504,0,58675,0.0009979999999956135
69368000,-942,3168,126113,-5233,-2112,121217,97,19230,397,0,58676,0.0010000000000047748
69369000,-2979,-1548,125976,-8823,-3560,127802,101,19228,414,0,58677,0.0010000000000047748
69370000,-5106,15537,130644,-8189,11881,119003,137,19228,561,1,58678,0.000999999999990564
69371000,-7763,7949,125213,-9293,2745,125842,114,19226,561,1,58679,0.0010000000000047748
69372000,-3859,11196,128467,-13524,9907,124404,100,19227,467,1,58680,0.0010000000000047748
69373002,2595,-1401,123874,5468,-8761,124040,100,19225,410,0,58681,0.0010019999999997253
69374006,1794,-3283,125886,2204,-4765,132821,123,19232,504,0,58682,0.0010039999999946758
69375005,681,-1020,124170,-7778,-3789,121956,110,19230,451,0,58683,0.0009990000000072996
69376000,482,13439,129312,-1016,12445,122416,113,19230,463,0,58684,0.000994999999988977
69377002,-1072,16321,125590,-3151,12244,126528,137,19225,463,1,58685,0.0010019999999997253
69378000,-3657,2187,123408,-2549,-983,127573,104,19228,561,1,58686,0.0009980000000098244
69379000,6870,8952,124909,-179,5741,119845,104,19231,426,1,58687,0.000999999999990564
69380000,9633,4570,122989,5514,630,122375,112,19228,459,0,58688,0.0010000000000047748
69381000,11211,-3372,124094,14153,-7004,131611,98,19227,401,0,58689,0.0010000000000047748
69382000,6116,-12173,124791,1074,-15229,125425,113,19227,463,0,58690,0.000999999999990564
69383000,3482,10005,129650,-3669,7432,122171,135,19225,463,1,58691,0.0010000000000047748
69384000,835,13659,130567,8731,12013,127153,115,19226,553,1,58692,0.0010000000000047748
69385000,5886,2682,126848,4437,421,122424,115,19230,471,1,58693,0.000999999999990564
69386000,9024,-2053,125271,2749,-4805,129264,96,19228,393,0,58694,0.0010000000000047748
69387002,7271,4567,127042,5422,2039,121920,151,19229,618,0,58695,0.0010019999999997253
69388000,10401,-9332,126958,13089,-13498,132688,104,19229,426,0,58696,0.0009979999999956135
69389000,3281,-3751,129795,3597,-8886,129473,106,19229,426,0,58697,0.0010000000000047748
69390012,2059,8633,130378,-10961,5696,127176,129,19225,434,1,58698,0.0010120000000028995
69391000,-1112,9878,130204,7470,6915,127574,129,19226,528,1,58699,0.0009879999999924394
69392001,3330,-337,128095,5783,1748,120516,107,19229,438,1,58700,0.00100100000000225
69393000,13832,-13646,126136,-3671,-17526,140489,108,19220,442,0,58701,0.0009990000000072996
69394001,5303,-6422,128616,14496,-12026,121482,95,19232,389,0,58702,0.00100100000000225
69395000,9356,-5346,130237,2258,-8242,135534,106,19232,389,0,58703,0.0009989999999930887
69396000,-5739,8290,132745,-12023,2603,125685,124,19227,434,1,58704,0.0010000000000047748
69397000,-3460,7843,133319,-5474,7052,126933,124,19218,508,1,58705,0.000999999999990564
69398002,-10273,4259,129903,-2479,-5514,126555,110,19235,451,1,58706,0.0010019999999997253
69399002,-1751,-1813,128684,-9589,-5442,127637,94,19225,385,1,58707,0.0010000000000047748
69400000,3277,-199,131358,-8506,-4904,125064,139,19230,569,0,58708,0.0009979999999956135
69401000,2382,-1372,128707,8863,-4250,125034,107,19230,569,0,58709,0.0010000000000047748
69402000,-3335,2074,132254,-6600,-4339,134512,112,19228,438,0,58710,0.0010000000000047748
69403000,-10310,1567,129661,-19090,1894,127944,112,19228,459,1,58711,0.000999999999990564
69404000,-7643,5078,131927,-5812,1631,130953,138,19228,565,1,58712,0.0010000000000047748
69405000,-6453,17768,130260,-4343,10856,122746,109,19233,446,1,58713,0.0010000000000047748
69406000,-1539,-2150,126184,-17438,-6250,127779,101,19224,414,0,58714,0.000999999999990564
69407000,-1722,-2415,128338,-5782,-5703,133178,132,19224,414,0,58715,0.0010000000000047748
69408000,-2607,3107,124596,-1157,3038,117853,109,19232,541,0,58716,0.0010000000000047748
69409000,-3941,9440,127314,-17402,10578,126476,109,19236,446,0,58717,0.000999999999990564
69410000,-6611,810,129529,-13138,-55,128208,120,19216,491,1,58718,0.0010000000000047748
69411000,-6664,5421,126622,-1536,-229,128301,111,19226,455,1,58719,0.0010000000000047748
69412000,-4131,9121,127641,-9819,2872,123826,101,19230,414,1,58720,0.000999999999990564
69413000,1043,4213,125642,-3486,1760,121984,130,19230,414,0,58721,0.0010000000000047748
69414000,5079,-397,125268,4479,-6850,128379,107,19232,532,0,58722,0.0010000000000047748
69415000,-1379,2161,125235,-9640,-2059,128499,107,19229,438,0,58723,0.000999999999990564
69416000,-1482,9531,129091,-8553,5727,121799,110,19220,451,1,58724,0.0010000000000047748
69417000,-2799,18275,126708,3170,13441,121396,151,19227,618,1,58725,0.0010000000000047748
69418000,-2942,5377,124237,226,2036,132329,110,19232,451,1,58726,0.000999999999990564
69419000,7802,7052,121759,-7560,5623,121107,96,19232,393,0,58727,0.0010000000000047748
69420000,10458,13051,125131,12932,8159,116820,98,19225,393,0,58728,0.0010000000000047748
69421000,11596,-5666,122828,12999,-8538,124106,115,19229,401,0,58729,0.000999999999990564
69422000,5413,-14272,126480,-4399,-19268,135329,115,19228,471,0,58730,0.0010000000000047748
69423001,4257,-3376,127985,3485,-4721,130222,121,19225,496,1,58731,0.00100100000000225
69424002,2694,17590,130279,4328,16868,118543,108,19230,442,1,58732,0.00100100000000225
69425000,3895,15756,126735,5836,11410,120889,100,19230,410,1,58733,0.0009979999999956135
69426002,10628,-3978,124340,-1737,-8361,127531,121,19230,410,0,58734,0.0010019999999997253
69427002,8088,-5011,126597,7660,-7557,128358,105,19223,496,0,58735,0.0010000000000047748
69428000,8477,-6010,129367,21562,-9807,131947,105,19234,430,0,58736,0.0009979999999956135
69429000,3099,3084,130659,-6590,-563,122849,107,19228,438,0,58737,0.0010000000000047748
69430000,1858,2738,130174,-3943,-952,132257,141,19228,577,1,58738,0.000999999999990564
69431002,162,13055,131999,8326,11404,128000,113,19228,463,1,58739,0.0010019999999997253
69432002,293,5437,128293,-1421,1964,123062,101,19228,463,1,58740,0.0010000000000047748
69433000,11130,-6085,130302,-938,-8922,133725,140,19225,414,0,58741,0.0009979999999956135
69434000,13447,-15958,128625,15981,-18052,131090,140,19233,573,0,58742,0.0010000000000047748
69435001,928,-1423,128972,14917,-6400,129127,102,19242,418,0,58743,0.00100100000000225
69436000,2888,10474,131357,-30232,6513,129172,107,19223,438,1,58744,0.0009989999999930887
69437000,-7137,11356,131394,2178,8833,125600,123,19227,504,1,58745,0.0010000000000047748
69438000,-3868,498,129825,6026,-3982,128488,100,19227,504,1,58746,0.0010000000000047748
69439000,-3155,-6828,126783,-23807,-9365,126342,113,19233,410,0,58747,0.000999999999990564
69440000,1295,-11118,127732,-4832,-21663,137787,113,19222,463,0,58748,0.0010000000000047748
69441000,1989,2742,132780,9695,1300,122895,94,19230,385,0,58749,0.0010000000000047748
69442000,-5622,-3670,130698,-12588,-8449,134642,111,19227,455,0,58750,0.000999999999990564
69443002,-8230,11025,130978,-19361,6203,122586,140,19225,573,1,58751,0.0010019999999997253
69444002,-10404,6019,128993,-11557,1493,131758,117,19225,573,1,58752,0.0010000000000047748
69445000,-2101,12831,129348,-6538,6680,128879,98,19229,479,1,58753,0.0009979999999956135
69446000,-3577,184,128139,-6050,756,129894,98,19228,401,0,58754,0.0010000000000047748
69447000,-4101,-4875,127399,-10615,-9487,129118,157,19233,643,0,58755,0.0010000000000047748
69448000,467,2220,128330,-7933,-2923,126259,102,19233,418,0,58756,0.000999999999990564
69449000,-6083,5025,127697,-3711,-544,126100,110,19226,451,1,58757,0.0010000000000047748
69450000,-6231,15199,128473,-8132,11317,120481,128,19226,451,1,58758,0.0010000000000047748
69451000,-9427,2783,128213,-15972,-4130,129495,107,19228,524,1,58759,0.000999999999990564
69452000,2592,10267,129911,-14423,4184,124330,107,19231,438,1,58760,0.0010000000000047748
69453001,787,-2089,123014,9280,-2920,122750,108,19222,442,0,58761,0.00100100000000225
69454002,1576,-6677,126296,4168,-9237,131918,89,19228,365,0,58762,0.00100100000000225
69455002,1207,-2769,122723,-6027,-151,119821,109,19228,446,0,58763,0.000999999999990564
69456002,-3410,12449,125701,2665,6905,131044,131,19228,446,1,58764,0.0010000000000047748
69457002,-2548,12267,125030,-4679,9983,119069,113,19218,537,1,58765,0.0010000000000047748
69458002,-207,14665,127209,1014,8120,120184,113,19234,463,1,58766,0.000999999999990564
69459000,11658,-5832,123653,5083,-12768,134971,92,19231,377,0,58767,0.0009980000000098244
69460000,7298,1725,125014,11413,-368,119135,120,19233,491,0,58768,0.000999999999990564
69461000,8323,2360,126185,2528,-6152,128199,110,19226,451,0,58769,0.0010000000000047748
69462000,3952,-476,125209,6139,-5386,123803,116,19226,475,0,58770,0.0010000000000047748
69463000,-1249,3148,127121,3808,4830,124271,128,19224,475,1,58771,0.000999999999990564
69464000,6731,6552,129308,-7614,3250,125763,105,19231,524,1,58772,0.0010000000000047748
69465000,6998,15688,125050,19930,11054,118540,105,19232,430,1,58773,0.0010000000000047748
69466000,12394,-2153,128480,974,-6654,131801,100,19221,410,0,58774,0.000999999999990564
69467000,10488,-9325,125774,3290,-13188,125098,103,19229,422,0,58775,0.0010000000000047748
69468000,6031,-14848,128078,16784,-18471,143620,108,19229,442,0,58776,0.0010000000000047748
69469000,5477,2334,130180,-7447,-605,124545,120,19230,442,1,58777,0.000999999999990564
69470000,-4242,19289,131854,-836,15494,118673,113,19223,491,1,58778,0.0010000000000047748
69471001,3875,9189,129005,2615,5154,133128,113,19227,463,1,58779,0.00100100000000225
69472000,4945,-8325,125938,-56,-12048,128883,100,19232,410,1,58780,0.0009989999999930887
69473002,10713,-9491,127714,9958,-13453,124310,139,19226,569,0,58781,0.0010019999999997253
69474000,8606,2837,129670,6288,-1610,125791,105,19226,430,0,58782,0.0009980000000098244
69475000,-202,-8463,129297,-3135,-12013,137547,105,19224,430,0,58783,0.000999999999990564
69476001,900,3610,134032,-14053,597,126175,155,19224,430,1,58784,0.00100100000000225
69477000,-9594,4798,131650,125,3132,126201,155,19229,635,1,58785,0.0009990000000072996
69478000,-6024,8597,133124,-3561,7116,125848,109,19229,446,1,58786,0.000999999999990564
69479000,630,-9486,128193,-18239,-11588,130018,104,19221,426,0,58787,0.0010000000000047748
69480000,-703,-4515,128923,5422,-9688,134131,117,19231,479,0,58788,0.000999999999990564
69481000,-2249,10236,130372,-826,7773,118320,109,19231,479,0,58789,0.0010000000000047748
69482000,-8477,-367,130770,-19647,-2140,127401,121,19227,446,0,58790,0.0010000000000047748
69483000,-7469,2665,132842,-10406,-430,136219,121,19221,496,1,58791,0.000999999999990564
69484000,-11268,4657,127859,-10097,1876,130305,113,19229,463,1,58792,0.0010000000000047748
69485022,-3592,10957,129747,-11096,7613,119010,103,19229,422,1,58793,0.0010220000000060736
69486000,-1912,-5701,126473,-10143,-6160,126904,131,19217,537,0,58794,0.0009779999999892652
69487000,-53,-7884,127085,416,-13114,139912,106,19217,537,0,58795,0.0010000000000047748
69488000,-2143,1198,125601,-7628,-1816,121820,108,19232,434,0,58796,0.0010000000000047748
69489000,-4749,9110,129320,-19248,3940,124176,108,19225,442,1,58797,0.000999999999990564
69490000,-8251,20094,129385,-5174,17552,120182,149,19227,610,1,58798,0.0010000000000047748
69491000,-7038,-2094,125319,-12681,-1812,133211,117,19228,479,1,58799,0.0010000000000047748
69492000,-2355,5855,126083,-2904,-2236,128774,105,19225,430,0,58800,0.000999999999990564
69493000,-1822,10900,124780,-3253,10356,121430,118,19225,430,0,58801,0.0010000000000047748
69494000,1699,-375,125224,-1063,-4970,125645,114,19229,483,0,58802,0.0010000000000047748
69495000,3078,-1772,127442,-5471,-2962,134146,114,19228,467,0,58803,0.000999999999990564
69496000,-491,-1263,124583,-1511,-7184,124091,115,19224,471,1,58804,0.0010000000000047748
69497000,-5327,24549,128581,3703,23613,111735,131,19226,537,1,58805,0.0010000000000047748
69498000,5061,-5914,123609,-11447,-14197,135480,104,19230,426,1,58806,0.000999999999990564
69499000,10149,10882,126214,14890,387,115355,118,19230,426,0,58807,0.0010000000000047748
69500001,7846,449,122451,8190,-9849,126345,101,19229,483,0,58808,0.00100100000000225
69501000,5197,1629,126961,-2352,749,122518,101,19226,414,0,58809,0.0009989999999930887
69502001,3987,616,127687,9025,-7932,129303,108,19227,442,1,58810,0.00100100000000225
69503000,3744,3002,126031,-6369,6869,128408,138,19228,565,1,58811,0.0009990000000072996
69504000,1106,17234,130329,3482,10234,119527,113,19232,463,1,58812,0.000999999999990564
69505000,9821,-1193,123356,10061,-4575,128268,96,19232,463,1,58813,0.0010000000000047748
69506000,11127,2023,125970,5073,-1721,122404,130,19227,393,0,58814,0.0010000000000047748
69507000,10904,-11989,127355,6727,-16659,137666,130,19230,532,0,58815,0.000999999999990564
69508000,8201,-1102,126156,8387,-3971,118823,105,19229,430,0,58816,0.0010000000000047748
69509000,1211,9833,131035,-5297,4519,127223,106,19223,434,1,58817,0.0010000000000047748
69510000,966,2199,130381,-1629,-500,132600,116,19232,475,1,58818,0.000999999999990564
69511002,1210,11009,128925,5417,3363,122379,103,19232,422,1,58819,0.0010019999999997253
69512000,6567,-3782,127873,-8942,-9180,133310,117,19232,422,0,58820,0.0009980000000098244
69513000,8138,-11060,129446,8997,-14876,128781,92,19220,479,0,58821,0.000999999999990564
69514001,5105,-2857,130787,20330,-3746,129250,92,19225,377,0,58822,0.00100100000000225
69515000,-937,1877,129276,-14242,-2251,131224,105,19225,430,0,58823,0.0009990000000072996
69516000,-2079,2956,129436,-18260,287,125622,127,19222,520,1,58824,0.000999999999990564
69517000,-472,19256,133818,3922,16558,123712,109,19222,446,1,58825,0.0010000000000047748
69518000,-2558,-3007,128260,1109,-6047,131624,97,19232,446,1,58826,0.0010000000000047748
69519002,-3919,-10970,129363,-16838,-16072,131940,150,19230,397,0,58827,0.0010019999999997253
69520000,2622,-6584,129261,-9650,-11481,136281,150,19231,614,0,58828,0.0009979999999956135
69521002,-2709,7501,131269,10713,4866,122405,114,19225,467,0,58829,0.0010019999999997253
69522002,-8442,12013,132711,-18040,8592,126601,116,19221,475,1,58830,0.0010000000000047748
69523000,-11167,16,129330,-25793,-2742,131300,133,19228,545,1,58831,0.0009979999999956135
69524000,-6095,3758,129326,-2766,857,129732,109,19228,545,1,58832,0.0010000000000047748
69525000,-3635,7113,129441,-3040,4047,129411,111,19231,446,1,58833,0.000999999999990564
69526000,-4324,9948,128924,-10058,7193,120360,111,19216,455,0,58834,0.0010000000000047748
69527000,-1641,-12379,124779,-12281,-15526,134368,123,19224,504,0,58835,0.0010000000000047748
69528000,-2400,6173,128595,-3346,-231,127944,103,19231,422,0,58836,0.000999999999990564
69529000,-2951,12157,125760,-3300,8173,120415,123,19218,504,1,58837,0.0010000000000047748
69530000,-6427,12275,128081,-11127,8529,123519,115,19218,504,1,58838,0.0010000000000047748
69531000,-2816,245,127058,-12410,-2730,129927,103,19225,471,1,58839,0.000999999999990564
69532000,2878,6233,127551,-162,1839,124169,103,19229,422,0,58840,0.0010000000000047748
69533000,-1851,-1905,123376,5775,-2761,124632,145,19228,594,0,58841,0.0010000000000047748
69534000,-3105,5126,123410,-6352,-4080,124375,113,19228,463,0,58842,0.000999999999990564
69535000,-832,5784,127145,-9885,3219,128665,110,19224,451,0,58843,0.0010000000000047748
69536000,-1456,4709,125992,1484,-2797,125072,154,19224,451,1,58844,0.0010000000000047748
69537000,1119,18591,128858,-5515,18052,118701,109,19232,631,1,58845,0.000999999999990564
69538000,2699,-940,121913,3809,-1562,125580,109,19229,446,1,58846,0.0010000000000047748
69539004,9030,7654,123926,7652,3645,125017,102,19223,418,0,58847,0.0010039999999946758
69540002,12074,-9841,122483,-2647,-10875,131001,81,19229,332,0,58848,0.0009980000000098244
69541000,5950,1553,127664,22850,-4560,120348,109,19227,446,0,58849,0.0009979999999956135
69542000,5903,21,127402,-2420,-496,130437,121,19227,446,1,58850,0.0010000000000047748
69543000,-375,9164,128510,-5733,-165,120651,110,19223,496,1,58851,0.000999999999990564
69544000,8969,17110,128380,12440,-2687,130980,110,19228,451,1,58852,0.0010000000000047748
69545000,4583,1166,124249,2753,1575,120780,97,19228,397,1,58853,0.0010000000000047748
69546001,12082,16539,132129,-4082,5926,121729,130,19225,532,0,58854,0.00100100000000225
69547000,11985,-21137,123713,18683,-25028,137489,100,19231,410,0,58855,0.0009989999999930887
69548000,3537,-159,130508,-4242,-2469,128608,101,19231,410,0,58856,0.0010000000000047748
69549000,3895,1412,129648,-11987,1882,128627,131,19227,414,1,58857,0.000999999999990564
69550000,1173,26348,130182,11361,26192,118126,131,19230,537,1,58858,0.0010000000000047748
69551000,3006,2124,130326,-524,-8278,133987,107,19230,438,1,58859,0.0010000000000047748
69552000,8493,-14689,125300,-1165,-20007,127437,99,19224,405,0,58860,0.000999999999990564
69553000,10506,-2034,131940,15218,-6853,130867,126,19232,516,0,58861,0.0010000000000047748
69554000,6342,-9198,129161,10450,-10216,131745,102,19232,418,0,58862,0.0010000000000047748
69555002,2016,9513,134209,-24443,6436,121511,112,19229,418,0,58863,0.0010019999999997253
69556000,-6243,6318,132259,2537,1872,133892,108,19219,459,1,58864,0.0009979999999956135
69557000,-9664,222,129065,2316,-6256,128108,108,19231,442,1,58865,0.0010000000000047748
69558000,-1587,672,131834,-20288,-3578,128644,95,19228,389,1,58866,0.000999999999990564
69559000,-737,-5381,128025,3743,-9852,131562,118,19224,483,0,58867,0.0010000000000047748
69560000,6361,5830,130121,-3749,4168,123237,99,19224,405,0,58868,0.0010000000000047748
69561000,-5703,-502,130972,-11311,-5783,131910,107,19229,405,0,58869,0.000999999999990564
69562000,-5725,-4435,128304,-9989,-5885,133432,148,19233,438,1,58870,0.0010000000000047748
69563002,-10085,5565,130422,-11562,2771,128307,148,19227,606,1,58871,0.0010019999999997253
69564000,-8791,11142,129886,-11222,8872,126252,113,19228,463,1,58872,0.0009979999999956135
69565002,-1124,7813,128407,-8948,4637,124525,99,19221,405,1,58873,0.0010019999999997253
69566001,-5107,-9155,125317,-2314,-12532,132411,158,19221,647,0,58874,0.0009990000000072996
69567000,30,-4270,128016,-9170,-8129,125076,101,19233,647,0,58875,0.0009989999999930887
69568000,-3503,763,127209,-11279,-2066,129539,109,19229,414,0,58876,0.0010000000000047748
69569000,-7188,14092,127001,-7481,9053,125681,109,19227,446,1,58877,0.0010000000000047748
69570000,-6775,11893,128023,-13111,9126,117537,114,19228,467,1,58878,0.000999999999990564
69571000,-3931,-3098,125183,-2156,-6475,132668,104,19232,426,1,58879,0.0010000000000047748
69572000,1038,-1578,127291,-3196,-3416,125535,118,19226,483,0,58880,0.0010000000000047748
69573000,2024,-204,125350,-4313,-1657,122547,94,19226,483,0,58881,0.000999999999990564
69574000,1067,7785,126031,3276,5883,124568,105,19231,385,0,58882,0.0010000000000047748
69575001,-2395,4307,125687,-10320,979,124687,105,19228,430,1,58883,0.00100100000000225
69576001,-4344,9548,126152,-1386,4767,126727,136,19222,557,1,58884,0.000999999999990564
69577001,-2802,8744,124470,208,4844,126293,113,19230,463,1,58885,0.0010000000000047748
69578000,8780,6796,126142,-5291,4549,119660,94,19226,385,1,58886,0.0009990000000072996
69579000,9538,2396,124900,8209,-579,122782,111,19226,385,0,58887,0.000999999999990564
69580000,7778,-7124,122758,6984,-13896,126753,118,19230,455,0,58888,0.0010000000000047748
69581000,6711,-8736,126139,2055,-14061,132855,118,19227,483,0,58889,0.0010000000000047748
69582001,2599,-3040,124217,7387,-7442,124735,120,19224,491,1,58890,0.0010009999999880392
69583000,4117,14195,129130,-1554,9721,120413,121,19228,496,1,58891,0.0009990000000072996
69584001,8470,11323,127944,-220,10657,123716,105,19231,430,1,58892,0.00100100000000225
69585002,11047,-4055,123025,13923,-5648,130966,110,19231,430,0,58893,0.00100100000000225
69586000,6997,-982,127552,4751,-1179,123213,87,19215,451,0,58894,0.0009979999999956135
69587000,7704,-2164,127935,5662,-4463,128231,87,19231,356,0,58895,0.0010000000000047748
69588000,3772,-6891,129617,10111,-13595,135530,101,19230,414,0,58896,0.000999999999990564
69589000,605,10629,131706,-3309,-2736,123196,124,19226,508,1,58897,0.0010000000000047748
69590000,2779,11261,130697,-4256,6902,126299,115,19224,471,1,58898,0.0010000000000047748
69591000,2369,10417,128210,6669,4673,122827,98,19224,471,1,58899,0.000999999999990564
69592002,8454,-10542,126861,-1038,-14192,132867,149,19231,401,0,58900,0.0010019999999997253
69593000,8957,-10623,130431,2875,-10954,128064,149,19228,610,0,58901,0.0009980000000098244
69594000,2255,3156,129251,17612,-1369,127169,111,19231,455,0,58902,0.000999999999990564
69595000,1614,2760,133237,-19937,824,133936,111,19223,455,1,58903,0.0010000000000047748
69596000,1176,8348,133381,2798,3863,124246,144,19229,590,1,58904,0.0010000000000047748
69597007,-5224,1215,129455,-1104,-1325,132568,105,19229,430,1,58905,0.0010069999999871015
69598000,-3525,-2302,129964,-16811,-5267,128630,104,19233,430,1,58906,0.0009930000000082373
69599000,-2032,-7957,128380,-3039,-9962,129949,104,19220,426,0,58907,0.0010000000000047748
69600000,2812,-2212,130513,5693,-7493,131514,97,19227,397,0,58908,0.000999999999990564
69601000,-893,3998,131075,-15863,3012,124347,109,19229,446,0,58909,0.0010000000000047748
69602001,-6732,6717,132557,-14995,738,128593,129,19222,528,1,58910,0.00100100000000225
69603000,-7786,6473,129075,-6951,1378,129510,115,19222,471,1,58911,0.0009989999999930887
69604000,-7298,6295,129213,-7593,4352,127947,98,19228,471,1,58912,0.0010000000000047748
69605000,-1234,5524,129267,-13976,57,118615,135,19226,401,0,58913,0.000999999999990564
69606000,-4473,-7610,124921,-12102,-13312,132917,135,19222,553,0,58914,0.0010000000000047748
69607000,-770,1058,129622,3340,-2148,128395,103,19231,422,0,58915,0.0010000000000047748
69608000,-969,3120,125510,-11197,91,121383,106,19225,434,0,58916,0.000999999999990564
69609000,-5073,13014,129034,-14036,10905,123504,140,19225,573,1,58917,0.0010000000000047748
69610000,-4558,9126,128692,-10918,5617,124844,114,19227,573,1,58918,0.0010000000000047748
69611001,-4026,1745,124355,2724,-1284,130309,106,19228,467,1,58919,0.00100100000000225
69612000,-886,7704,125355,-7691,4332,121188,106,19225,434,0,58920,0.0009989999999930887
69613001,-2615,1675,124925,-6557,-1339,123735,92,19232,377,0,58921,0.00100100000000225
69614000,2867,-3560,124625,8056,-6879,130528,108,19227,442,0,58922,0.0009989999999930887
69615001,30,-624,126073,-7184,-3177,127401,124,19216,508,1,58923,0.00100100000000225
69616000,-3368,21729,126712,304,18897,119864,111,19216,508,1,58924,0.0009990000000072996
69617000,357,14313,127013,-4573,13542,116711,97,19231,455,1,58925,0.000999999999990564
69618000,5749,-7693,123321,-2323,-11736,136737,97,19229,397,0,58926,0.0010000000000047748
69619000,9055,4776,124011,14906,186,122721,127,19232,520,0,58927,0.0010000000000047748
69620001,9940,-4428,124390,3931,-6010,120074,102,19228,418,0,58928,0.00100100000000225
69621001,6025,87,128054,1444,-5187,130752,112,19231,459,0,58929,0.000999999999990564
69622002,3851,697,126258,3879,-3776,128509,142,19231,459,1,58930,0.00100100000000225
69623000,3023,12683,129255,624,8482,122785,112,19230,582,1,58931,0.0009979999999956135
69624001,5207,7654,126569,6641,8063,118415,112,19231,459,1,58932,0.00100100000000225
69625000,6268,-8733,124560,6520,-8432,127471,97,19225,397,0,58933,0.0009990000000072996
69626003,12450,-7300,126896,539,-11106,128790,119,19232,487,0,58934,0.0010029999999972006
69627000,9909,-8316,126899,20017,-10811,130204,105,19230,430,0,58935,0.0009969999999981383
69628000,6394,13034,128252,-591,4332,123531,113,19230,430,1,58936,0.0010000000000047748
69629000,3502,7714,132491,-10918,5627,128772,108,19217,463,1,58937,0.000999999999990564
69630000,-285,-464,129441,6875,-4932,134417,108,19231,442,1,58938,0.0010000000000047748
69631000,3209,10541,129136,2075,4630,123643,103,19231,422,1,58939,0.0010000000000047748
69632000,6018,-7124,126574,-3812,-7591,126883,123,19222,504,0,58940,0.000999999999990564
69633000,10855,-5770,129144,22742,-7140,130996,98,19229,401,0,58941,0.0010000000000047748
69634000,6845,-16042,128097,-1890,-12634,133223,105,19229,401,0,58942,0.0010000000000047748
69635000,1744,9391,135305,-13940,2530,122686,141,19235,430,1,58943,0.000999999999990564
69636000,-5652,9435,132197,-163,12146,131436,141,19227,577,1,58944,0.0010000000000047748
69637000,-6814,-2603,128125,-7027,-4804,131801,113,19233,463,1,58945,0.0010000000000047748
69638000,-3693,-5327,129920,-13340,-10216,132912,97,19226,397,0,58946,0.000999999999990564
69639000,1932,-6768,128969,-1270,-7677,129903,132,19229,541,0,58947,0.0010000000000047748
69640000,2052,16936,131924,2235,9204,119466,113,19229,463,0,58948,0.0010000000000047748
69641002,-2301,1411,130236,-14193,-6004,135835,117,19229,463,0,58949,0.0010019999999997253
69642000,-7810,-5183,130159,-10392,-5627,134677,117,19221,479,1,58950,0.0009979999999956135
69643000,-9075,16340,132274,-8938,13772,118566,122,19231,500,1,58951,0.0010000000000047748
69644000,-10412,11842,128654,-13047,7871,127591,107,19224,438,1,58952,0.000999999999990564
69645000,-1816,-1192,127997,-7599,-7829,126469,116,19216,475,0,58953,0.0010000000000047748
69646000,-3263,-4629,125901,-1857,-7416,131079,92,19216,377,0,58954,0.0010000000000047748
69647000,-810,148,125896,-9199,195,123552,102,19230,377,0,58955,0.000999999999990564
69648000,-1514,12734,130112,-8440,9098,119818,131,19231,418,1,58956,0.0010000000000047748
69649000,-7962,8729,128979,-9602,1916,130841,131,19219,537,1,58957,0.0010000000000047748
69650002,-5871,1792,127109,-8558,-1073,128486,115,19230,471,1,58958,0.0010019999999997253
69651000,-5804,2361,129086,-4898,-349,127072,100,19228,410,1,58959,0.0009979999999956135
69652000,-228,16239,125944,-683,11517,118203,121,19228,496,0,58960,0.0010000000000047748
69653000,5277,-2177,122874,1063,-7077,130103,107,19233,496,0,58961,0.000999999999990564
69654000,1005,-3848,126618,-7490,-5423,132820,111,19228,438,0,58962,0.0010000000000047748
69655000,-1465,12493,125152,-3961,10747,115812,111,19222,455,1,58963,0.0010000000000047748
69656001,-6129,17615,127063,-3199,15443,125078,142,19228,582,1,58964,0.00100100000000225
69657002,5037,3819,123896,5754,-1257,127282,104,19224,426,1,58965,0.0010009999999880392
69658004,2005,-2989,120619,5475,-5862,127925,103,19229,422,0,58966,0.0010019999999997253
69659000,8792,9722,125980,141,5894,116927,89,19229,422,0,58967,0.000996000000000663
69660000,10442,461,125684,16146,-4572,124142,110,19228,365,0,58968,0.0010000000000047748
69661001,7294,-2550,127878,5055,-5529,134616,110,19226,451,0,58969,0.00100100000000225
69662000,5937,-343,126878,-7665,-3174,125842,130,19224,532,1,58970,0.0009989999999930887
69663000,252,18093,130389,100,12884,126158,113,19228,463,1,58971,0.0010000000000047748
69664000,6533,5375,124260,15685,2339,118729,95,19229,389,1,58972,0.0010000000000047748
69665000,9441,365,126595,4091,-2006,127594,143,19229,389,0,58973,0.000999999999990564
69666000,7569,-12863,126295,1459,-16849,137006,109,19227,586,0,58974,0.0010000000000047748
69667000,10140,-2293,128631,17545,-5553,120604,109,19227,446,0,58975,0.0010000000000047748
69668000,3632,3881,130305,-2003,-1881,132294,106,19225,434,1,58976,0.000999999999990564
69669000,1332,11679,130510,-11675,7163,124841,124,19226,508,1,58977,0.0010000000000047748
69670000,2509,8460,129545,9780,6655,130693,109,19236,446,1,58978,0.0010000000000047748
69671000,2553,-2048,128885,3089,-4271,129913,107,19236,446,1,58979,0.000999999999990564
69672000,7691,-7058,128909,-6453,-10560,126514,112,19223,438,0,58980,0.0010000000000047748
69673000,11311,-4655,129885,21457,-12508,131265,112,19232,459,0,58981,0.0010000000000047748
69674000,6035,-3586,129031,-611,-11232,132822,101,19228,414,0,58982,0.000999999999990564
69675000,477,12388,134657,-32105,5841,131040,114,19220,467,1,58983,0.0010000000000047748
69676000,-5682,11026,129410,13212,5678,120541,110,19231,451,1,58984,0.0010000000000047748
69677000,-9027,-3926,129742,3496,-3478,129626,97,19231,451,1,58985,0.000999999999990564
69678000,-2896,-10037,129409,-25968,-13653,134295,135,19229,397,0,58986,0.0010000000000047748
69679000,-1655,-8363,129320,1484,-11099,128771,135,19226,553,0,58987,0.0010000000000047748
69680000,4763,7755,131971,9269,2743,123588,110,19227,451,0,58988,0.000999999999990564
69681000,-6004,2352,130746,-18067,5252,131122,108,19226,442,1,58989,0.0010000000000047748
69682000,-6455,-498,129347,-18639,-9121,135148,139,19229,569,1,58990,0.0010000000000047748
69683000,-8162,11197,130202,-5727,4235,123493,113,19229,463,1,58991,0.000999999999990564
69684000,-6422,11489,130830,-11760,8921,124593,104,19230,463,1,58992,0.0010000000000047748
69685001,-2770,-443,124546,-6220,-4865,127605,104,19220,426,0,58993,0.00100100000000225
69686000,-6339,-8438,125772,-11679,-5688,128886,138,19232,565,0,58994,0.0009989999999930887
69687000,1457,6436,128991,-6993,3195,124576,102,19230,418,0,58995,0.0010000000000047748
69688002,-4221,3817,126269,1782,7220,125828,112,19222,459,1,58996,0.0010019999999997253
69689000,-6108,13313,128951,-17019,7440,122982,110,19222,451,1,58997,0.0009979999999956135
69690000,-9759,2126,127674,-6422,-6801,127263,103,19232,451,1,58998,0.0010000000000047748
69691000,1146,-436,125580,6551,-2138,128621,129,19225,422,0,58999,0.0010000000000047748
69692001,3444,-4567,126342,-1298,-8651,125774,129,19229,528,0,59000,0.0010009999999880392
69693000,740,4077,123279,-13326,3757,120292,104,19227,426,0,59001,0.0009990000000072996
69694001,4244,10574,128751,2204,5832,129085,105,19226,430,0,59002,0.00100100000000225
69695000,-1732,8211,124833,1661,5629,122530,149,19226,610,1,59003,0.0009989999999930887
69696000,-1320,12285,127389,-8900,7230,121398,113,19225,610,1,59004,0.0010000000000047748
69697000,-2053,10599,123998,228,7287,123618,98,19232,463,1,59005,0.0010000000000047748
69698000,7832,-1976,121859,8742,-6745,130651,98,19230,401,0,59006,0.000999999999990564
69699000,11343,-8612,123022,11055,-12242,122541,103,19228,422,0,59007,0.0010000000000047748
69700001,4685,4823,125876,-3313,933,122080,113,19223,463,0,59008,0.00100100000000225
69701000,5258,204,127629,6210,-3604,129657,120,19223,491,1,59009,0.0009989999999930887
69702000,647,6380,128201,4891,4068,122954,106,19224,491,1,59010,0.0010000000000047748
69703000,7019,12775,126542,-3675,9595,129757,101,19229,434,1,59011,0.0010000000000047748
69704000,6110,7655,124974,10654,5477,115295,101,19232,414,1,59012,0.000999999999990564
69705000,14378,-1286,126827,8151,-6157,127841,117,19223,479,0,59013,0.0010000000000047748
69706000,9189,-13337,125285,10702,-17232,138779,94,19228,385,0,59014,0.0010000000000047748
69707000,4338,-4463,128739,1036,-8269,129050,101,19226,414,0,59015,0.000999999999990564
69708000,5511,7781,133019,-4038,3619,130245,134,19226,414,1,59016,0.0010000000000047748
69709000,-4651,15127,129465,7418,11118,118332,111,19231,549,1,59017,0.0010000000000047748
69710000,1279,9382,131104,3351,6635,135075,111,19230,455,1,59018,0.000999999999990564
69711000,4439,-15812,124750,-4490,-18779,127440,99,19230,405,0,59019,0.0010000000000047748
69712000,11099,-2221,131559,9637,-6277,127710,152,19231,623,0,59020,0.0010000000000047748
69713000,11953,1115,129054,10298,-1613,130188,107,19233,438,0,59021,0.000999999999990564
69714000,-593,910,132634,-16244,-2827,124299,108,19233,438,0,59022,0.0010000000000047748
69715000,2993,4041,132225,-8585,-1263,136241,130,19223,442,1,59023,0.0010000000000047748
69716000,-10556,1617,128179,7831,-3337,127767,130,19230,532,1,59024,0.000999999999990564
69717001,-3059,7118,132359,-16289,4682,122179,102,19228,418,1,59025,0.00100100000000225
69718000,-1326,-12212,128201,-10252,-13622,136143,110,19222,451,0,59026,0.0009990000000072996
69719000,-273,379,128228,10906,-9514,129635,104,19229,426,0,59027,0.000999999999990564
69720000,849,4299,131312,-7382,1522,124502,113,19229,426,0,59028,0.0010000000000047748
69721000,-11314,804,130354,-16627,-1470,128640,139,19227,463,1,59029,0.0010000000000047748
69722000,-4968,15538,131881,-2647,12858,129362,139,19228,569,1,59030,0.000999999999990564
69723000,-10352,317,128086,-13138,-8801,132630,116,19232,475,1,59031,0.0010000000000047748
69724000,-2818,11077,130752,-14870,6262,119860,99,19228,405,1,59032,0.0010000000000047748
69725000,-3123,-678,126520,-4142,-3808,129304,151,19234,618,0,59033,0.000999999999990564
69726001,-1743,-4748,126036,-934,-9930,129265,102,19234,618,0,59034,0.00100100000000225
69727001,333,5669,129688,-11481,1823,128937,106,19228,418,0,59035,0.0010000000000047748
69728000,-8896,7074,127089,-12711,-66,120808,106,19224,434,1,59036,0.0009989999999930887
69729000,-4357,11033,128326,-1807,6975,124861,129,19227,528,1,59037,0.0010000000000047748
69730000,-9461,3713,126566,-14281,2121,128726,111,19227,455,1,59038,0.000999999999990564
69731000,-290,5338,123690,-1361,4184,122241,109,19222,446,0,59039,0.0010000000000047748
69732000,-1013,-5794,123603,1440,-7640,128433,84,19222,344,0,59040,0.0010000000000047748
69733000,640,-4602,127550,-9651,-4266,122029,107,19225,344,0,59041,0.000999999999990564
69734000,6587,16283,127731,2677,4877,125362,107,19229,438,0,59042,0.0010000000000047748
69735000,-2446,-1002,124774,-6274,-4669,133041,125,19218,512,1,59043,0.0010000000000047748
69736002,855,8572,125764,-9024,10034,119325,115,19234,471,1,59044,0.0010019999999997253
69737000,3019,15718,126538,8787,8710,120184,96,19230,393,1,59045,0.0009979999999956135
69738000,8586,4894,122861,10362,-205,124007,128,19230,524,0,59046,0.0010000000000047748
69739000,9515,-9587,124451,-2120,-16755,130760,109,19230,524,0,59047,0.000999999999990564
69740000,5497,-3801,125511,3916,-3278,126532,113,19229,446,0,59048,0.0010000000000047748
69741000,7056,7833,127399,10723,6873,120141,113,19225,463,1,59049,0.0010000000000047748
69742000,-85,5676,128885,-1848,2162,125775,132,19227,541,1,59050,0.000999999999990564
69743001,3857,3907,126127,-1979,-2416,126984,109,19231,446,1,59051,0.00100100000000225
69744000,8419,-2753,126109,10729,-6262,129533,101,19231,414,0,59052,0.0009990000000072996
69745000,11933,-1587,129046,8395,-3536,123445,100,19224,414,0,59053,0.000999999999990564
69746000,12053,-11243,127016,6878,-18256,130325,105,19232,410,0,59054,0.0010000000000047748
69747000,6433,-11774,128290,-4081,-15649,135711,105,19227,430,0,59055,0.0010000000000047748
69748001,8081,16916,130890,2650,15238,122817,117,19230,479,1,59056,0.00100100000000225
69749000,-696,20113,129647,3687,16706,121348,112,19230,459,1,59057,0.0009989999999930887
69750002,330,933,127281,-7696,-3888,128563,98,19236,401,1,59058,0.0010019999999997253
69751001,7118,-21337,125980,6934,-25555,132612,130,19236,401,0,59059,0.0009990000000072996
69752002,9744,-7026,129371,16330,-9556,133092,109,19224,532,0,59060,0.0010009999999880392
69753000,6104,5352,128948,4648,1664,123984,109,19228,446,0,59061,0.0009980000000098244
69754000,-1299,145,131640,-21931,-3070,129513,109,19227,446,1,59062,0.000999999999990564
69755000,1415,8626,133155,-1158,5635,126982,154,19228,631,1,59063,0.0010000000000047748
69756000,-5732,-549,129954,2836,-3183,129321,112,19239,459,1,59064,0.0010000000000047748
69757000,-1846,8153,129493,-13901,3695,128986,95,19239,459,1,59065,0.000999999999990564
69758000,-3177,-8769,128085,-4556,-12655,127696,117,19223,389,0,59066,0.0010000000000047748
69759000,3618,-4210,131310,5082,-8115,132259,117,19231,479,0,59067,0.0010000000000047748
69760000,-2252,3207,131422,-7348,362,127430,109,19230,446,0,59068,0.000999999999990564
69761000,-7586,4335,131002,-19855,1962,126778,119,19218,487,1,59069,0.0010000000000047748
69762000,-11496,9140,130394,-13564,7307,129405,111,19230,455,1,59070,0.0010000000000047748
69763000,-7444,6120,129356,-3694,3923,127775,97,19230,455,1,59071,0.000999999999990564
69764000,-1605,-1063,127686,-4117,-1927,128879,121,19230,397,0,59072,0.0010000000000047748
69765000,-3303,-4195,126070,-14451,-7020,125575,121,19216,496,0,59073,0.0010000000000047748
69766000,-3404,9460,127918,-6133,5773,124979,97,19227,397,0,59074,0.000999999999990564
69767001,-1926,5360,126409,-3294,423,125026,103,19225,422,0,59075,0.00100100000000225
69768000,-3696,4818,126161,-10130,-1462,124121,145,19228,594,1,59076,0.0009990000000072996
69769000,-9863,19430,127442,-25201,8825,130422,111,19228,594,1,59077,0.000999999999990564
69770000,-4101,6860,125028,125,790,119858,101,19228,455,1,59078,0.0010000000000047748
69771000,1295,-5010,128558,11512,-7476,131897,101,19224,414,0,59079,0.0010000000000047748
69772000,-3351,-5291,122046,-10376,-9551,129321,119,19228,487,0,59080,0.000999999999990564
69773000,-2970,6617,125580,-5857,1451,117922,115,19229,471,0,59081,0.0010000000000047748
69774000,475,3588,127188,1586,6148,124612,118,19223,483,1,59082,0.0010000000000047748
69775000,-864,13985,126683,-2454,11442,121626,126,19223,483,1,59083,0.000999999999990564
69776002,-2073,6490,126405,-8211,5227,129337,98,19228,516,1,59084,0.0010019999999997253
69777002,6687,8182,125053,1710,3027,117869,98,19235,401,0,59085,0.0010000000000047748
69778000,8686,8294,125786,11973,7847,122946,112,19231,459,0,59086,0.0009979999999956135
69779000,13825,-3800,124591,4656,-5106,126111,99,19224,405,0,59087,0.0010000000000047748
69780000,5095,-7910,128791,7864,-4184,129401,110,19227,451,0,59088,0.0010000000000047748
69781000,3029,6927,128044,-4579,-170,122121,139,19227,569,1,59089,0.000999999999990564
69782000,4596,12486,126548,2105,10806,124169,112,19224,569,1,59090,0.0010000000000047748
69783000,4013,741,126849,4521,-2743,130791,94,19229,459,1,59091,0.0010000000000047748
69784000,7960,3672,124195,-91,2473,116833,94,19229,385,0,59092,0.000999999999990564
69785001,7902,-141,127728,11952,-6339,135329,133,19230,545,0,59093,0.00100100000000225
69786000,10848,-9816,127414,13769,-13315,130362,107,19223,438,0,59094,0.0009990000000072996
69787000,4039,5624,130061,-6436,-1396,122846,108,19223,442,1,59095,0.000999999999990564
69788000,1405,10171,131135,-5526,7611,133054,118,19223,442,1,59096,0.0010000000000047748
69789000,1663,12665,132152,6646,10870,122369,105,19230,483,1,59097,0.0010000000000047748
69790001,3300,-637,128885,-1138,-7610,129443,105,19228,430,1,59098,0.00100100000000225
69791000,7200,-11420,126762,667,-16018,128300,111,19222,455,0,59099,0.0009989999999930887
69792000,7547,-5270,130460,17172,-7814,134777,87,19231,356,0,59100,0.0010000000000047748
69793000,5765,-11214,127868,-8084,-12952,127053,102,19231,418,0,59101,0.000999999999990564
69794000,3147,16825,134732,-12886,12439,122882,129,19228,418,1,59102,0.0010000000000047748
69795000,-5214,397,132571,7251,-2732,134296,112,19215,528,1,59103,0.0010000000000047748
69796000,-5933,3121,129737,-15213,877,123302,112,19231,459,1,59104,0.000999999999990564
69797000,-2593,-3341,131019,-12868,-7783,140802,95,19228,389,0,59105,0.0010000000000047748
69798000,1435,2460,128758,9697,-741,120378,148,19233,606,0,59106,0.0010000000000047748
69799000,4937,6708,131208,-10399,3362,123825,106,19228,434,0,59107,0.000999999999990564
69800000,-5230,-5139,130939,-13867,-9121,138895,111,19228,434,0,59108,0.0010000000000047748
69801000,-4819,1669,129927,-5281,-1149,130082,133,19222,455,1,59109,0.0010000000000047748
69802000,-13227,6634,130465,-14411,3818,128042,133,19229,545,1,59110,0.000999999999990564
69803000,-11937,13220,130399,-12747,11501,119589,108,19231,442,1,59111,0.0010000000000047748
69804000,-2246,-2792,127932,-2896,-4672,138980,105,19216,430,0,59112,0.0010000000000047748
69805000,-3410,-7045,123885,-6883,-12805,127336,129,19233,528,0,59113,0.000999999999990564
69806000,-966,703,127024,-5326,-2837,122984,104,19233,528,0,59114,0.0010000000000047748
69807000,-4248,14065,129181,-8494,8607,125892,128,19230,426,1,59115,0.0010000000000047748
69808000,-4743,6251,126874,-10877,3336,123606,128,19225,524,1,59116,0.000999999999990564
69809002,-7213,5677,129631,-5620,2513,133585,116,19225,475,1,59117,0.0010019999999997253
69810000,-7214,8022,124549,-10139,4711,119543,101,19228,414,1,59118,0.0009980000000098244
69811000,1420,4473,125889,1489,659,125239,143,19235,586,0,59119,0.000999999999990564
69812000,1845,101,124924,-1639,-3820,128256,105,19235,586,0,59120,0.0010000000000047748
69813000,6188,3254,125391,-4881,-2287,128560,109,19228,430,0,59121,0.0010000000000047748
69814000,-1699,10610,127646,2855,1812,123766,109,19224,446,1,59122,0.000999999999990564
69815000,-5968,518,124250,-9183,-1291,121401,152,19230,623,1,59123,0.0010000000000047748
69816000,-983,8422,126402,909,7508,130786,111,19235,455,1,59124,0.0010000000000047748
69817000,3047,5552,122100,7223,1349,120652,99,19222,405,0,59125,0.000999999999990564
69818000,10808,5474,125848,1177,977,118768,85,19222,405,0,59126,0.0010000000000047748
69819000,7638,-7415,125954,6829,-8143,129504,112,19229,348,0,59127,0.0010000000000047748
69820000,8974,-6347,126024,6957,-9702,129336,112,19224,459,0,59128,0.000999999999990564
69821000,5536,7357,129688,2129,2974,121108,123,19220,504,1,59129,0.0010000000000047748
69822001,162,18897,127933,-3199,14012,121272,113,19231,463,1,59130,0.00100100000000225
69823000,10090,3878,125189,10339,-1684,131563,99,19230,405,1,59131,0.0009989999999930887
69824000,7893,-584,126791,5333,-8968,124329,129,19230,528,0,59132,0.0010000000000047748
69825000,11522,-2634,126679,2923,-3780,128678,99,19228,528,0,59133,0.0010000000000047748
69826000,6972,583,127775,15932,-1808,123508,102,19231,405,0,59134,0.000999999999990564
69827000,7116,-5976,129886,-4201,-2127,136528,102,19220,418,1,59135,0.0010000000000047748
69828000,3123,9824,129818,8206,1555,123504,136,19229,557,1,59136,0.0010000000000047748
69829001,-2482,9853,128077,-2023,3841,125270,111,19232,455,1,59137,0.0010009999999880392
69830000,7178,-1520,130764,8113,-6075,132086,103,19232,422,1,59138,0.0009990000000072996
69831001,4377,-6446,127880,3276,-11406,128409,138,19224,422,0,59139,0.00100100000000225
69832002,11771,-1854,130316,7846,-6955,131341,109,19227,565,0,59140,0.00100100000000225
69833000,3056,-132,129924,1762,-646,129754,109,19229,446,0,59141,0.0009979999999956135
69834000,-836,6014,131450,-22659,4035,123980,114,19220,467,1,59142,0.0010000000000047748
69835000,-3138,14927,134035,5495,12638,129214,115,19231,471,1,59143,0.000999999999990564
69836000,-9332,-7705,128084,3395,-12075,136944,102,19231,418,1,59144,0.0010000000000047748
69837000,-991,-8761,129104,-21645,-13634,127772,124,19230,418,0,59145,0.0010000000000047748
69838000,-3177,-7000,131200,-2516,-12193,133232,109,19221,508,0,59146,0.000999999999990564
69839001,5018,11755,131145,13771,13194,120812,109,19228,446,0,59147,0.00100100000000225
69840003,-4309,1768,132442,-27752,-4529,131309,110,19225,451,1,59148,0.0010019999999997253
69841001,-8143,-3464,130356,-16745,-7303,134041,145,19229,594,1,59149,0.0009979999999956135
69842000,-5439,2039,128273,1836,-1058,133091,118,19229,483,1,59150,0.0009990000000072996
69843000,-6131,12984,130986,-11023,11337,117065,104,19229,483,1,59151,0.0010000000000047748
69844000,-1886,4868,128173,-12639,252,126028,163,19228,426,0,59152,0.000999999999990564
69845000,-2575,-16908,123298,-4205,-20449,139863,163,19229,668,0,59153,0.0010000000000047748
69846000,-1045,11235,128901,-257,7559,118018,99,19232,405,0,59154,0.0010000000000047748
69847000,-3776,7271,126359,-15909,4164,123835,106,19223,434,1,59155,0.000999999999990564
69848000,-7037,10283,128015,-9552,6204,119793,121,19229,496,1,59156,0.0010000000000047748
69849000,-5831,-3945,126829,-9525,-7545,135147,109,19229,496,1,59157,0.0010000000000047748
69850000,-1135,3550,125948,593,105,122352,118,19229,446,0,59158,0.000999999999990564
69851001,1958,16130,125963,2945,15149,118067,118,19228,483,0,59159,0.00100100000000225
69852000,3055,-8200,122657,-10964,-12587,130376,95,19227,389,0,59160,0.0009990000000072996
69853000,2694,3209,128323,-4069,-702,125899,105,19228,430,0,59161,0.000999999999990564
69854000,-713,13959,125849,398,8347,128186,133,19226,545,1,59162,0.0010000000000047748
69855002,-4140,17300,126550,-736,14736,113875,113,19226,545,1,59163,0.0010019999999997253
69856000,-1603,-555,123253,-4182,-2030,130659,96,19233,463,1,59164,0.0009979999999956135
69857000,7150,1866,122797,1372,-2629,126004,96,19228,393,0,59165,0.0010000000000047748
69858000,10913,-949,124050,21123,-5491,121933,111,19232,455,0,59166,0.000999999999990564
69859000,7894,-5543,125125,6137,-6137,122955,109,19228,446,0,59167,0.0010000000000047748
69860000,3307,495,126531,-5305,-2645,126962,111,19225,455,1,59168,0.0010000000000047748
69861000,6164,4882,127580,4562,300,127940,125,19225,455,1,59169,0.000999999999990564
69862000,3555,10153,126821,6124,7514,117867,102,19230,512,1,59170,0.0010000000000047748
69863000,5493,9514,124849,-1548,6407,122342,102,19232,418,1,59171,0.0010000000000047748
69864000,11460,-2021,126818,3239,-5836,126943,108,19221,442,0,59172,0.000999999999990564
69865000,11418,-9238,127102,18307,-13905,135209,86,19233,352,0,59173,0.0010000000000047748
69866001,6671,2351,128578,9720,-6228,128165,101,19228,414,0,59174,0.00100100000000225
69867000,759,5132,129437,-13292,-2081,125223,123,19228,504,1,59175,0.0009989999999930887
69868000,662,10254,130559,3214,10149,129356,112,19224,504,1,59176,0.0010000000000047748
69869001,-456,3143,127185,8336,-1756,128969,97,19230,459,1,59177,0.00100100000000225
69870000,1476,-1150,126985,-7886,-5356,124621,97,19230,397,0,59178,0.0009989999999930887
69871000,10607,-3578,130857,7618,-8893,131363,150,19229,614,0,59179,0.0010000000000047748
69872000,10581,-10395,128592,18609,-13406,130771,103,19226,422,0,59180,0.0010000000000047748
69873000,3161,11503,134187,-12928,7578,127902,104,19226,426,0,59181,0.000999999999990564
69874000,-1244,1689,132792,-14542,-362,130405,133,19225,426,1,59182,0.0010000000000047748
69875000,-10531,9275,131631,6011,294,124784,105,19229,545,1,59183,0.0010000000000047748
69876000,-4431,-10613,129924,-14748,-14561,139707,105,19230,430,1,59184,0.000999999999990564
69877001,-1322,-2864,128916,3839,-3480,124860,103,19222,422,0,59185,0.00100100000000225
69878000,3960,9882,129670,-2927,4006,120766,91,19232,373,0,59186,0.0009990000000072996
69879000,-1987,598,130305,-8996,-4876,132478,108,19232,442,0,59187,0.000999999999990564
69880000,-3988,-5089,129451,-10395,-5226,128492,126,19228,442,1,59188,0.0010000000000047748
69881004,-9139,6676,130945,-14134,4668,133130,115,19221,516,1,59189,0.0010039999999946758
69882005,-12461,10436,129843,-11252,7750,124375,115,19229,471,1,59190,0.00100100000000225
69883002,-2413,9883,130039,-3761,5855,123247,99,19230,405,1,59191,0.0009969999999981383
69884002,-5511,-7638,124522,-10869,-12963,131575,136,19221,557,0,59192,0.0010000000000047748
69885002,-2059,-2786,127151,-8229,-6877,122946,110,19232,451,0,59193,0.0010000000000047748
69886000,-398,-214,126506,-6419,-3045,132670,107,19232,451,0,59194,0.0009979999999956135
69887001,-3947,15193,128500,-6332,12568,115100,140,19228,438,1,59195,0.00100100000000225
69888000,-4734,9800,129221,-10022,4432,128347,140,19229,573,1,59196,0.0009989999999930887
69889000,-8598,-2551,125900,-8627,-6023,133326,115,19232,471,1,59197,0.0010000000000047748
69890000,424,3566,126499,-4766,1129,119563,106,19223,434,0,59198,0.0010000000000047748
69891000,771,1321,125792,2446,-972,130277,95,19231,389,0,59199,0.000999999999990564
69892000,4492,5823,124188,359,2311,117608,102,19231,389,0,59200,0.0010000000000047748
69893000,134,583,126092,-10034,-2225,131071,115,19230,418,0,59201,0.0010000000000047748
69894000,-2824,7322,124887,-3528,3079,127705,115,19220,471,1,59202,0.000999999999990564
69895000,-1296,18105,128755,2606,16493,121495,108,19229,442,1,59203,0.0010000000000047748
69896000,-1883,4602,124340,-2979,967,125918,98,19236,401,1,59204,0.0010000000000047748
69897000,10929,544,123953,-621,-2857,120818,123,19230,504,0,59205,0.000999999999990564
69898000,9617,383,125379,12556,-2928,135401,109,19230,504,0,59206,0.0010000000000047748
69899000,10836,350,124304,5675,-3775,115620,111,19225,446,0,59207,0.0010000000000047748
69900000,5640,-5468,128388,1407,-10271,132773,111,19225,455,1,59208,0.000999999999990564
69901000,-1976,7891,128243,3127,3908,127734,145,19228,594,1,59209,0.0010000000000047748
69902000,3605,5706,124934,1097,2158,123722,111,19232,455,1,59210,0.0010000000000047748
69903000,3685,1602,127640,6857,1894,126946,96,19224,393,0,59211,0.000999999999990564
69904000,12261,4981,126470,3586,7810,112126,119,19224,393,0,59212,0.0010000000000047748
69905000,13668,-10663,127424,12691,-11108,138647,102,19235,487,0,59213,0.0010000000000047748
69906000,8984,-9407,128240,7893,-14841,129381,102,19230,418,0,59214,0.000999999999990564
69907000,6992,3413,129681,-5935,-3023,128972,112,19227,459,1,59215,0.0010000000000047748
69908000,-1390,20903,131280,1696,12084,124787,106,19229,434,1,59216,0.0010000000000047748
69909001,2238,990,128492,-885,595,125233,100,19231,410,1,59217,0.00100100000000225
69910000,4136,-4260,129354,-957,-8229,140878,123,19231,410,0,59218,0.0009989999999930887
69911000,5821,-6631,125787,5504,-11052,121397,93,19221,504,0,59219,0.0010000000000047748
69912000,6721,-222,131307,16993,-5813,128180,93,19233,381,0,59220,0.000999999999990564
69913000,3257,-1808,131992,-14652,-370,135466,103,19224,422,1,59221,0.0010000000000047748
69914000,3203,8577,133258,-12706,3036,132198,140,19226,573,1,59222,0.0010000000000047748
69915000,-8243,13551,133031,8706,10819,120069,111,19230,455,1,59223,0.000999999999990564
69916000,-4741,-3568,128328,-14658,-114,131240,94,19230,385,1,59224,0.0010000000000047748
69917000,-1418,-15928,128860,-13489,-21133,141936,124,19231,385,0,59225,0.0010000000000047748
69918000,1760,-1947,129731,11455,-15906,122355,109,19232,508,0,59226,0.000999999999990564
69919000,-475,22302,132649,-8536,10617,118788,109,19225,446,0,59227,0.0010000000000047748
69920000,-9219,8071,129997,-20390,971,130396,117,19220,479,1,59228,0.0010000000000047748
69921000,-7762,-3661,127970,-7890,-801,140208,118,19229,483,1,59229,0.000999999999990564
69922002,-8925,9042,128637,-4954,9100,115430,104,19229,426,1,59230,0.0010019999999997253
69923000,-7363,13454,129174,-14251,8865,121278,115,19231,426,1,59231,0.0009980000000098244
69924000,-3343,-7185,127900,-3590,-12101,137986,102,19216,471,0,59232,0.000999999999990564
69925000,-2522,-7972,125651,-1279,-12538,126761,102,19231,418,0,59233,0.0010000000000047748
69926000,-1807,2509,128681,-11895,-123,131591,111,19227,455,0,59234,0.0010000000000047748
69927000,-6313,17667,129182,-9352,15933,111515,138,19221,565,1,59235,0.000999999999990564
69928000,-5359,11729,128698,-10765,6175,129865,115,19221,471,1,59236,0.0010000000000047748
69929000,-2712,484,125467,-968,-2242,130117,100,19230,471,1,59237,0.0010000000000047748
69930000,-2082,6113,124301,-1113,5624,122748,133,19226,410,0,59238,0.000999999999990564
69931000,-2685,1136,123985,-10467,-1909,124705,133,19242,545,0,59239,0.0010000000000047748
69932000,-199,7276,126314,2457,3151,121780,108,19227,442,0,59240,0.0010000000000047748
69933000,3660,-1306,125665,10146,-3564,136953,110,19218,451,1,59241,0.000999999999990564
69934000,-1561,7142,125225,-13597,4946,114965,137,19228,561,1,59242,0.0010000000000047748
69935000,-2815,12161,127758,-9765,8893,124658,105,19228,561,1,59243,0.0010000000000047748
69936000,6557,11243,125266,14970,6707,126615,104,19230,430,1,59244,0.000999999999990564
69937000,8338,-1604,122389,5832,-6009,126378,104,19226,426,0,59245,0.0010000000000047748
69938000,10426,-4609,126377,-919,-6578,127418,92,19232,377,0,59246,0.0010000000000047748
69939001,3650,4376,125858,2949,-195,123108,112,19237,459,0,59247,0.0010009999999880392
69940000,7848,5955,129179,14800,2495,132610,131,19232,537,1,59248,0.0009990000000072996
69941000,430,9674,128386,-3794,7229,122569,117,19232,537,1,59249,0.0010000000000047748
69942001,2264,5246,125430,-650,1222,126519,97,19230,479,1,59250,0.0010009999999880392
69943001,6509,3067,125984,15938,-1335,124875,97,19231,397,0,59251,0.0010000000000047748
69944000,10515,-9680,127494,6134,-10382,127851,141,19228,577,0,59252,0.0009990000000072996
69945000,9588,-3136,127184,15805,-7165,132598,112,19223,459,0,59253,0.000999999999990564
69946000,3600,508,129879,-9024,-4102,123333,108,19223,442,0,59254,0.0010000000000047748
69947000,8653,8007,132745,-266,2575,134465,134,19223,442,1,59255,0.0010000000000047748
69948000,-1192,14111,129721,9879,10138,122966,109,19228,549,1,59256,0.000999999999990564
69949003,758,3279,127466,-9921,-805,126986,109,19230,446,1,59257,0.0010029999999972006
69950000,9250,-9092,129595,3036,-9899,132350,107,19218,438,0,59258,0.0009970000000123491
69951003,8743,-2124,130424,24854,-6725,128857,114,19228,467,0,59259,0.0010029999999972006
69952000,6373,-5203,130763,-4028,-7259,131377,108,19232,442,0,59260,0.0009969999999981383
69953000,-942,8691,134155,-20997,4268,122352,124,19232,442,1,59261,0.0010000000000047748
69954000,-1442,-1305,130904,7768,-439,137508,110,19214,508,1,59262,0.000999999999990564
69955000,-7152,1108,130391,-3123,-4305,128406,110,19229,451,1,59263,0.0010000000000047748
69956000,-5251,-7558,130477,-22242,-6441,127710,98,19231,401,1,59264,0.0010000000000047748
69957000,1861,12295,127658,3011,3019,124186,132,19228,541,0,59265,0.000999999999990564
69958000,1869,-409,129138,5916,2673,120418,109,19224,446,0,59266,0.0010000000000047748
69959000,-1164,-6088,130365,-13022,-10209,137658,112,19224,459,0,59267,0.0010000000000047748
69960002,-6308,2160,129638,-13772,-1316,127592,147,19225,459,1,59268,0.0010019999999997253
69961000,-10630,8257,131711,-7992,8979,125469,112,19227,602,1,59269,0.0009979999999956135
69962000,-7872,14142,129560,-11983,6013,127692,112,19229,459,1,59270,0.0010000000000047748
69963001,-2485,366,126039,-5968,-5681,133970,101,19223,414,0,59271,0.0010009999999880392
69964000,-2559,-7530,124620,-6040,-9965,122792,142,19230,582,0,59272,0.0009990000000072996
69965001,-813,5805,128625,-10707,5507,119955,99,19230,405,0,59273,0.00100100000000225
69966000,-1915,10421,128163,-4174,988,132791,112,19231,405,1,59274,0.0009989999999930887
69967000,-6779,8604,127849,-8944,-3595,127006,112,19223,459,1,59275,0.0010000000000047748
69968000,-5986,131,128610,-13022,4424,131376,112,19228,459,1,59276,0.0010000000000047748
69969000,-7568,18998,126678,-3566,7876,113895,101,19232,414,1,59277,0.000999999999990564
69970000,3128,5489,125149,-6027,-10604,130338,125,19232,512,0,59278,0.0010000000000047748
69971000,3884,-7333,125311,709,-6669,130397,98,19232,401,0,59279,0.0010000000000047748
69972000,2886,975,125785,-4398,3938,118686,105,19227,401,0,59280,0.000999999999990564
69973000,-98,9909,126924,-2453,10525,124860,148,19226,430,1,59281,0.0010000000000047748
69974000,-5461,11049,126014,-6380,1741,126143,148,19228,606,1,59282,0.0010000000000047748
69975000,-558,973,123995,-3846,3553,129355,110,19235,451,1,59283,0.000999999999990564
69976000,4270,12350,123557,14414,3393,117499,96,19226,393,0,59284,0.0010000000000047748
69977000,6221,6198,121246,4471,-5786,122954,94,19228,385,0,59285,0.0010000000000047748
69978000,10811,363,125532,689,-6699,124263,111,19228,385,0,59286,0.000999999999990564
69979000,8949,-21,128369,12651,-7282,129451,118,19227,455,0,59287,0.0010000000000047748
69980000,7285,-1748,128091,-3106,4803,126048,118,19220,483,1,59288,0.000999999999990564
69981000,-919,11717,128053,737,3386,124217,105,19229,430,1,59289,0.0010000000000047748
69982000,4806,-257,124686,11735,-5762,131396,98,19232,401,1,59290,0.0010000000000047748
69983000,8332,-3247,125827,4604,817,123399,118,19224,483,0,59291,0.000999999999990564
69984000,9188,8715,129362,4661,2475,125957,93,19224,483,0,59292,0.0010000000000047748
69985000,8102,-2759,125058,14899,-5824,128624,101,19230,381,0,59293,0.0010000000000047748
69986002,4037,-2077,128224,-1065,-7876,131553,101,19228,414,1,59294,0.0010019999999997253
69987000,2488,-4988,128513,-1100,-3892,129339,134,19231,549,1,59295,0.0009979999999956135
69988000,3,12193,132621,1693,16184,120609,114,19229,467,1,59296,0.0010000000000047748
69989000,4884,9503,129993,-1260,-2700,131945,100,19225,410,1,59297,0.000999999999990564
69990000,5691,-6050,128797,881,-14215,128324,144,19225,410,0,59298,0.0010000000000047748
69991000,9216,-10485,127751,7278,-18137,133011,101,19228,590,0,59299,0.0010000000000047748
69992000,4143,-6430,130299,402,4453,130445,101,19230,414,0,59300,0.000999999999990564
69993000,3884,1192,129092,-15424,-270,123868,105,19223,430,1,59301,0.0010000000000047748
69994000,-2255,14655,133757,385,9920,127670,134,19231,549,1,59302,0.0010000000000047748
69995000,-8254,7972,130231,-716,3750,127966,103,19232,422,1,59303,0.000999999999990564
69996008,-4992,-13742,127740,-15066,-14021,131957,114,19232,422,0,59304,0.0010080000000129985
69997005,-2411,-9956,132401,-4517,-16620,137055,89,19224,467,0,59305,0.0009969999999981383
69998000,1655,2885,130377,4949,3542,123054,89,19225,365,0,59306,0.000994999999988977
69999000,-2856,5275,132823,-16029,6361,126601,105,19228,430,0,59307,0.0010000000000047748
70000000,-3749,8075,131180,-15238,2071,128743,134,19227,549,1,59308,0.0010000000000047748
70001000,-7302,-77,128787,-6016,-1083,134643,118,19230,483,1,59309,0.000999999999990564
70002000,-6276,6512,130839,-11534,13103,119860,100,19230,483,1,59310,0.0010000000000047748
70003001,-4495,6048,128340,-12063,2489,126749,151,19234,410,0,59311,0.00100100000000225
70004000,-4817,-7575,125594,-11782,-14717,137961,102,19230,618,0,59312,0.0009989999999930887
70005000,-1290,-354,128177,747,-408,122768,102,19230,418,0,59313,0.0010000000000047748
70006000,-4554,4850,126037,-6478,334,126373,106,19223,434,1,59314,0.0010000000000047748
70007000,-5640,9697,128345,-12734,7915,122065,133,19229,545,1,59315,0.000999999999990564
70008000,-8573,7651,127126,-12135,1245,129091,111,19229,455,1,59316,0.0010000000000047748
70009001,-859,13467,127090,-3195,9345,119342,109,19232,455,0,59317,0.00100100000000225
70010000,-819,4915,122419,3403,-1786,131010,88,19218,446,0,59318,0.0009989999999930887
70011000,1270,-10482,123323,-6411,-13490,128309,88,19232,360,0,59319,0.0010000000000047748
70012000,2540,867,127222,-8178,5672,120233,106,19228,434,0,59320,0.0010000000000047748
70013000,-688,9502,128187,2158,12533,122823,127,19220,520,1,59321,0.000999999999990564
70014000,-1379,13075,125362,-3204,10033,120253,112,19220,459,1,59322,0.0010000000000047748
70015000,-1969,5160,124392,-5570,2042,132522,96,19233,459,1,59323,0.0010000000000047748
70016000,6414,6685,122613,5587,-2404,117901,133,19227,393,0,59324,0.000999999999990564
70017001,7600,1151,124506,9252,-4949,122578,133,19236,545,0,59325,0.00100100000000225
70018000,6964,-307,126518,1842,-9622,131406,108,19228,442,0,59326,0.0009990000000072996
70019000,6911,-3882,126057,4918,-4796,125422,111,19224,455,1,59327,0.000999999999990564
70020000,5092,362,128013,7180,1608,129719,129,19228,528,1,59328,0.0010000000000047748
70021000,709,15812,128186,-3920,7167,113436,108,19228,528,1,59329,0.0010000000000047748
70022000,8227,13328,124970,7238,2096,127167,104,19233,442,1,59330,0.000999999999990564
70023002,11082,767,126665,10489,-2373,126611,104,19227,426,0,59331,0.0010019999999997253
70024000,13064,-2186,125479,7041,-13878,127934,101,19240,414,0,59332,0.0009980000000098244
70025000,7987,-12160,130477,6200,-12150,133321,107,19228,438,0,59333,0.000999999999990564
70026000,2783,1124,129899,-6076,-5953,129180,118,19225,483,1,59334,0.0010000000000047748
70027000,-335,-2136,131722,13443,11189,132965,109,19225,483,1,59335,0.0010000000000047748
70028002,-3226,19745,127420,-3864,12080,115575,101,19230,446,1,59336,0.0010019999999997253
70029000,4249,4437,125886,-9409,-15621,133246,101,19226,414,0,59337,0.0009979999999956135
70030000,8866,-5141,127060,20668,-14309,125173,136,19224,557,0,59338,0.0010000000000047748
70031000,9565,-1577,128213,7855,-5383,131760,111,19233,455,0,59339,0.000999999999990564
70032000,2976,-9076,132327,-16854,-2052,126867,109,19230,446,0,59340,0.0010000000000047748
70033000,342,9767,134816,-9124,4227,127744,153,19230,446,1,59341,0.0010000000000047748
70034000,-1480,963,131268,8606,-3134,137211,108,19225,627,1,59342,0.000999999999990564
70035000,-9709,3740,131012,-14197,1896,119983,108,19231,442,1,59343,0.0010000000000047748
70036000,-1641,-1971,128124,-17670,-10635,138296,101,19225,414,0,59344,0.0010000000000047748
70037001,540,-8037,128420,14415,-6085,125199,126,19228,516,0,59345,0.00100100000000225
70038001,2130,7987,133066,-6146,274,130443,117,19231,479,0,59346,0.000999999999990564
70039001,-5304,4973,132769,-14858,7616,131084,121,19231,479,1,59347,0.0010000000000047748
70040000,-7605,1510,130981,-10735,2553,125438,113,19224,496,1,59348,0.0009989999999930887
70041000,-6200,3449,130462,-8808,2400,136875,113,19228,463,1,59349,0.0010000000000047748
70042000,-7588,9547,127842,-8591,9973,117470,105,19232,430,1,59350,0.0010000000000047748
70043000,-2010,3831,126408,-10012,-4414,131099,128,19220,524,0,59351,0.000999999999990564
70044000,-2287,-9845,126895,-2252,-11120,131911,97,19240,397,0,59352,0.0010000000000047748
70045001,-2206,1160,128287,-4552,4430,123996,100,19240,397,0,59353,0.00100100000000225
70046000,-5409,9032,128372,-12979,6446,125983,138,19230,410,1,59354,0.0009989999999930887
70047000,-7603,8272,126626,-7982,4557,123409,138,19228,565,1,59355,0.0010000000000047748
70048000,-7128,2108,126418,-5961,2182,129256,116,19226,475,1,59356,0.0010000000000047748
70049001,-3867,5082,123529,-3623,-660,122714,103,19226,422,0,59357,0.0010009999999880392
70050000,-352,5093,126061,-4085,-5246,123163,109,19233,446,0,59358,0.0009990000000072996
70051000,4457,7263,123855,9412,5218,120121,107,19233,438,0,59359,0.0010000000000047748
70052000,-778,-4512,127406,-8771,-3093,130437,113,19230,438,0,59360,0.000999999999990564
70053011,987,6174,127382,-7594,272,128895,131,19224,463,1,59361,0.0010110000000054242
70054000,-3433,14747,128089,7392,15306,120003,131,19230,537,1,59362,0.0009890000000041255
70055002,284,15046,123002,-464,7742,120935,100,19232,410,1,59363,0.0010019999999997253
70056000,9118,1824,123971,-3954,-2341,124836,114,19226,467,0,59364,0.0009979999999956135
70057000,10898,-10746,121620,19382,-11583,125416,98,19226,401,0,59365,0.0010000000000047748
70058000,10050,-1107,128432,6570,-4526,119788,111,19230,401,0,59366,0.000999999999990564
70059000,4318,10817,128848,-6609,4346,128057,137,19226,455,1,59367,0.0010000000000047748
70060000,927,444,126099,10414,-4530,133650,137,19229,561,1,59368,0.0010000000000047748
70061000,929,1655,126919,-2062,3727,124900,113,19232,463,1,59369,0.000999999999990564
70062003,6240,451,126596,-5112,11319,121383,97,19229,397,1,59370,0.0010029999999972006
70063000,12612,16468,126776,17244,-3255,122729,141,19229,577,0,59371,0.0009970000000123491
70064000,9364,-2816,127820,8730,-21795,138457,104,19234,577,0,59372,0.000999999999990564
70065001,7822,-18477,127744,2707,-8137,129883,109,19230,426,0,59373,0.00100100000000225
70066000,4837,-2552,131106,2862,9994,122183,109,19225,446,1,59374,0.0009990000000072996
70067002,-1554,19234,132904,-5927,19635,124215,117,19230,479,1,59375,0.0010019999999997253
70068000,2320,11513,129217,-2212,-5801,131515,105,19232,430,1,59376,0.0009979999999956135
70069000,4752,-9894,127774,8757,-13421,132546,112,19218,459,0,59377,0.0010000000000047748
70070000,8292,-12526,128153,3666,-11245,127876,87,19218,459,0,59378,0.000999999999990564
70071000,8891,-4942,131481,10637,-2285,127163,104,19232,356,0,59379,0.0010000000000047748
70072000,2956,4331,129789,-18344,-5726,129095,104,19229,426,0,59380,0.0010000000000047748
70073001,576,6243,134789,-8056,16471,121763,125,19227,512,1,59381,0.0010009999999880392
70074000,-5013,9372,131225,-2463,11800,127004,109,19231,446,1,59382,0.0009990000000072996
70075000,-3194,2441,130211,-1965,-14990,132709,93,19231,381,1,59383,0.0010000000000047748
70076000,-5219,-19464,128128,-15099,-28762,142107,146,19231,381,0,59384,0.000999999999990564
70077000,1894,-8781,131343,-1932,6357,123053,109,19233,598,0,59385,0.0010000000000047748
70078000,-2600,14243,131100,4484,7746,121960,109,19229,446,0,59386,0.0010000000000047748
70079000,-6493,9826,131587,-23845,7310,128007,112,19224,459,1,59387,0.000999999999990564
70080000,-10741,-392,127117,-15862,-10716,139778,132,19229,541,1,59388,0.0010000000000047748
70081003,-8787,-1753,130491,1167,6846,123464,107,19234,438,1,59389,0.0010029999999972006
70082000,-3200,19027,129667,-8162,12467,120316,108,19234,438,1,59390,0.0009969999999981383
70083001,-4938,-2865,126888,-10676,-9264,133611,118,19222,442,0,59391,0.00100100000000225
70084000,-1288,-4515,125756,-3546,-12506,128713,118,19233,483,0,59392,0.0009990000000072996
70085000,-2418,-3163,126148,-7727,-1377,123673,105,19231,430,0,59393,0.000999999999990564
70086000,-4295,15378,129764,-12370,26559,113596,121,19223,496,1,59394,0.0010000000000047748
70087000,-6533,16376,126426,-10998,87,128025,113,19227,463,1,59395,0.0010000000000047748
70088000,-5187,-5789,128116,-5053,-8341,135404,98,19227,463,1,59396,0.000999999999990564
70089002,1367,2534,126120,-1753,3505,123491,140,19229,401,0,59397,0.0010019999999997253
70090000,-3771,-1383,123677,529,-1832,122214,140,19232,573,0,59398,0.0009980000000098244
70091000,1254,1828,125965,-7535,-831,125963,105,19227,430,0,59399,0.000999999999990564
70092000,-1775,116,124878,-2609,-5791,130513,109,19231,446,1,59400,0.0010000000000047748
70093000,-2188,17429,123641,-1815,8626,114242,153,19230,627,1,59401,0.0010000000000047748
70094000,-3461,16704,126412,-7609,11784,122352,104,19230,627,1,59402,0.000999999999990564
70095008,2910,9225,121300,3640,1002,127469,98,19229,426,1,59403,0.0010079999999987876
70096002,8342,-4463,124989,8660,-8239,125178,78,19224,401,0,59404,0.0009940000000057125
70097000,11024,-2617,126595,213,-7043,125459,78,19229,319,0,59405,0.0009979999999956135
70098000,5572,581,127183,8171,1269,124553,114,19226,467,0,59406,0.0010000000000047748
70099000,8278,-2552,126614,3695,-1793,124359,124,19224,508,1,59407,0.0010000000000047748
70100000,1657,243,130563,-2603,-23,132184,110,19224,451,1,59408,0.000999999999990564
70101000,4040,11158,125351,8426,5328,122350,96,19230,451,1,59409,0.0010000000000047748
70102000,6197,8064,124616,8831,-4873,119537,126,19233,393,0,59410,0.0010000000000047748
70103000,10839,9074,128685,-763,2561,128584,126,19227,516,0,59411,0.000999999999990564
70104000,10904,-10825,123257,13545,-18496,136696,115,19230,471,0,59412,0.0010000000000047748
70105003,3807,-11426,131030,7014,-11983,125409,111,19227,455,0,59413,0.0010029999999972006
70106000,3833,12134,131171,-12977,6095,127972,144,19227,590,1,59414,0.0009969999999981383
70107000,-1546,13675,131209,6598,12149,122654,111,19227,590,1,59415,0.0010000000000047748
70108000,3066,10273,129392,5942,-7954,131885,101,19232,455,1,59416,0.000999999999990564
70109000,6020,-16369,124697,-6189,-7045,133546,101,19224,414,0,59417,0.0010000000000047748
70110000,6733,-214,131154,14681,-3983,121753,123,19233,504,0,59418,0.0010000000000047748
70111000,8907,-5556,128284,6685,-12647,134599,103,19230,422,0,59419,0.000999999999990564
70112000,2219,-2144,135920,-15768,8021,129597,109,19217,446,1,59420,0.0010000000000047748
70113000,-1532,7675,130636,4755,-587,128810,108,19217,446,1,59421,0.0010000000000047748
70114000,-10456,2926,131037,-10706,1773,129019,97,19233,442,1,59422,0.000999999999990564
70115000,-2739,4295,130095,-11601,-6955,129192,97,19233,397,1,59423,0.0010000000000047748
70116000,972,-4933,126430,3221,-10077,131292,117,19223,479,0,59424,0.0010000000000047748
70117000,5748,5102,133333,-6172,4432,123344,96,19232,393,0,59425,0.000999999999990564
70118000,-4378,3119,129762,-12590,-8046,136096,106,19224,434,0,59426,0.0010000000000047748
70119000,-3763,-6114,132019,-7876,-1989,128861,146,19224,434,1,59427,0.0010000000000047748
70120000,-11955,12408,131862,-14688,3282,126646,114,19227,598,1,59428,0.000999999999990564
70121000,-12400,5718,131145,-16131,7576,135024,114,19233,467,1,59429,0.0010000000000047748
70122000,-282,12995,124897,-1848,1031,115424,98,19229,401,0,59430,0.0010000000000047748
70123000,-4129,-396,125952,-7729,-10497,132331,169,19231,692,0,59431,0.000999999999990564
70124000,992,-5825,125002,-7012,-6137,125252,103,19230,422,0,59432,0.0010000000000047748
70125000,-1882,3229,128968,-7491,1729,127175,112,19230,422,0,59433,0.0010000000000047748
70126000,-3395,6968,129208,-12215,6999,125262,118,19224,459,1,59434,0.000999999999990564
70127000,-8360,17830,128175,-7889,7947,118466,118,19228,483,1,59435,0.0010000000000047748
70128000,-8219,7300,125167,-4071,-5111,133079,108,19230,442,1,59436,0.0010000000000047748
70129000,2509,245,125208,-3021,-140,121716,117,19227,479,0,59437,0.000999999999990564
70130000,1083,-3319,124317,1089,-2015,130263,95,19228,389,0,59438,0.0010000000000047748
70131000,5375,3914,127365,-1555,6172,120238,108,19228,389,0,59439,0.0010000000000047748
70132000,-1182,14582,127548,-11204,514,125977,139,19226,442,1,59440,0.000999999999990564
70133000,-828,1035,126507,7072,-1289,138123,139,19223,569,1,59441,0.0010000000000047748
70134000,-4854,5462,123383,568,7311,115049,115,19228,471,1,59442,0.0010000000000047748
70135000,2806,13219,125849,-11518,8385,124388,95,19229,389,0,59443,0.000999999999990564
70136002,10263,8648,123530,15323,1864,121301,123,19230,504,0,59444,0.0010019999999997253
70137001,12122,-6162,123773,12021,-13947,130332,116,19230,504,0,59445,0.0009990000000072996
70138002,5058,-3706,127952,-4891,-5895,128476,115,19228,475,0,59446,0.00100100000000225
70139000,1346,2824,127083,5129,4164,124454,115,19224,471,1,59447,0.0009979999999956135
70140000,3802,6930,127559,9526,4646,128047,125,19229,512,1,59448,0.0010000000000047748
70141000,4729,11536,126348,-4158,4972,122716,107,19231,438,1,59449,0.000999999999990564
70142000,8745,1100,123537,8170,-3877,128119,109,19222,446,0,59450,0.0010000000000047748
70143000,9353,4214,127437,9769,-204,119641,83,19222,340,0,59451,0.0010000000000047748
70144000,9298,-5940,126401,4290,-21406,134233,101,19230,340,0,59452,0.000999999999990564
70145000,9206,-7688,130123,12146,-5183,133577,122,19227,414,1,59453,0.0010000000000047748
70146000,-272,6938,130406,-7069,8939,123931,122,19226,500,1,59454,0.0010000000000047748
70147000,2162,17333,132351,-565,11703,124653,111,19232,455,1,59455,0.000999999999990564
70148000,2284,6707,127525,7448,-729,127670,98,19229,401,1,59456,0.0010000000000047748
70149000,8305,-10072,127154,-6015,-13653,132688,147,19229,602,0,59457,0.0010000000000047748
70150000,10536,-8234,130164,10240,-6787,122656,103,19231,602,0,59458,0.000999999999990564
70151001,4777,1566,128232,16506,-443,132652,103,19232,422,0,59459,0.00100100000000225
70152000,468,-1983,131890,-23371,-4437,126810,103,19225,422,1,59460,0.0009990000000072996
70153000,-3969,9320,133380,-8776,8558,129644,141,19230,577,1,59461,0.000999999999990564
70154000,-5423,5127,128759,9460,-2280,127984,108,19234,442,1,59462,0.0010000000000047748
70155000,-6353,23,128864,-17156,-10697,127330,102,19221,418,0,59463,0.0010000000000047748
70156000,-119,-19899,128591,-18302,-2370,133923,97,19221,418,0,59464,0.000999999999990564
70157001,4747,5213,129756,16854,-2326,122725,108,19231,397,0,59465,0.00100100000000225
70158000,-5311,8634,133097,-15185,2902,127662,108,19226,442,0,59466,0.0009990000000072996
70159000,-6982,5998,130492,-10148,876,133635,126,19224,516,1,59467,0.000999999999990564
70160000,-8046,-1746,129701,-4588,1392,129005,116,19228,475,1,59468,0.0010000000000047748
70161001,-6563,8884,131385,-10900,14439,123704,101,19232,414,1,59469,0.00100100000000225
70162005,-5678,11728,127092,-12115,-3837,127385,135,19232,414,0,59470,0.0010039999999946758
70163000,-195,-7662,125066,564,-9496,129942,111,19220,553,0,59471,0.0009950000000031878
70164001,-4126,-5090,129745,-6694,3757,126536,111,19227,455,0,59472,0.00100100000000225
70165000,-3902,1969,125811,-13565,3619,122805,109,19228,446,1,59473,0.0009989999999930887
70166000,-7238,14640,130222,-6125,4852,124415,141,19230,577,1,59474,0.0010000000000047748
70167000,-6026,7230,127118,-11171,-1278,128394,117,19229,479,1,59475,0.0010000000000047748
70168000,-1160,381,126216,6815,14890,117312,105,19229,479,1,59476,0.000999999999990564
70169000,-1746,7554,124068,-7647,-11261,129364,90,19234,430,0,59477,0.0010000000000047748
70170000,3580,-8489,123417,-8982,-9124,127467,90,19231,369,0,59478,0.0010000000000047748
70171000,700,6687,126685,2028,9130,122932,106,19229,434,0,59479,0.000999999999990564
70172000,1456,10855,125046,-2517,4787,121989,117,19216,479,1,59480,0.0010000000000047748
70173000,-5031,10885,127429,-8341,14076,126399,117,19229,479,1,59481,0.0010000000000047748
70174000,-930,1376,123143,-4753,-348,129177,99,19229,479,1,59482,0.000999999999990564
70175000,9781,4203,126870,19770,7879,119594,122,19231,405,0,59483,0.0010000000000047748
70176000,7191,9451,123359,5394,-3015,122678,122,19231,500,0,59484,0.0010000000000047748
70177000,8172,-12486,123271,-629,-14162,129578,102,19227,418,0,59485,0.000999999999990564
70178001,5629,-4687,128011,10667,-5258,128245,109,19228,446,0,59486,0.00100100000000225
70179000,3925,4503,127142,4623,3146,121786,146,19230,598,1,59487,0.0009990000000072996
70180000,561,16707,127854,-5420,22781,112897,108,19230,598,1,59488,0.000999999999990564
70181000,7595,7160,125218,4987,-4166,129646,96,19236,442,1,59489,0.0010000000000047748
70182000,12444,-6847,127095,11716,-7114,130473,96,19223,393,0,59490,0.0010000000000047748
70183000,11960,-2756,128856,12264,-3793,126910,125,19231,512,0,59491,0.000999999999990564
70184000,6526,-5495,128771,9006,-3430,126102,102,19228,418,0,59492,0.0010000000000047748
70185000,5281,-232,131038,-11373,-5586,131337,109,19219,446,1,59493,0.0010000000000047748
70186000,1578,8634,129756,7399,3284,132279,104,19219,426,1,59494,0.000999999999990564
70187002,-2145,10859,128146,2355,9691,120923,101,19230,426,1,59495,0.0010019999999997253
70188000,4896,6735,127660,-5854,-3793,126154,121,19229,414,1,59496,0.0009980000000098244
70189000,10458,-5319,127466,12651,-10342,129757,121,19220,496,0,59497,0.000999999999990564
70190000,12751,-12195,126822,15470,-16446,132992,97,19231,397,0,59498,0.0010000000000047748
70191000,1935,-420,135141,-14701,4771,125645,101,19226,414,0,59499,0.0010000000000047748
70192000,1290,13684,133505,-12149,12473,123760,137,19226,561,1,59500,0.000999999999990564
70193000,-10082,-3150,130392,12672,-7975,135456,110,19227,561,1,59501,0.0010000000000047748
70194000,-5533,-7109,129575,-21228,-8786,132749,96,19232,451,1,59502,0.0010000000000047748
70195000,-2981,-5119,129896,-6798,-723,128705,96,19226,393,0,59503,0.000999999999990564
70196000,2891,6460,129191,5654,271,123564,129,19231,528,0,59504,0.0010000000000047748
70197000,563,4240,131257,-3629,-3722,134091,108,19226,442,0,59505,0.0010000000000047748
70198000,-7003,-5469,128605,-17477,-10240,133336,115,19226,471,1,59506,0.000999999999990564
70199000,-7163,1731,132715,-9422,4565,125411,121,19223,471,1,59507,0.0010000000000047748
70200006,-13033,12112,131485,-9116,7005,125609,105,19230,496,1,59508,0.0010060000000038372
70201001,-3116,10991,129756,-16198,-613,125853,105,19231,430,1,59509,0.000994999999988977
70202000,-3366,-1555,126110,-54,-13250,134436,115,19217,471,0,59510,0.0009990000000072996
70203000,-1217,-14866,125055,-5678,9239,120640,94,19231,385,0,59511,0.0010000000000047748
70204000,-2088,17014,128918,-7510,3568,121070,100,19232,410,0,59512,0.000999999999990564
70205000,-4833,4282,126294,-7693,-1456,132401,130,19232,410,1,59513,0.0010000000000047748
70206000,-8024,-17,128127,-15153,7629,128000,116,19226,532,1,59514,0.0010000000000047748
70207000,-8838,3763,126100,-4388,798,125294,116,19231,475,1,59515,0.000999999999990564
70208000,-2285,9674,126848,341,8512,118350,99,19228,405,0,59516,0.0010000000000047748
70209000,1122,5343,123383,-5570,-5427,132183,128,19232,524,0,59517,0.0010000000000047748
70210000,3955,205,123419,3677,-2870,120071,116,19226,475,0,59518,0.000999999999990564
70211000,1080,5115,126677,-6159,-613,130269,114,19226,475,0,59519,0.0010000000000047748
70212000,-3338,2318,127099,-6394,10274,123191,144,19224,467,1,59520,0.0010000000000047748
70213000,-1765,16058,127854,773,2949,121907,144,19223,590,1,59521,0.000999999999990564
70214000,771,4929,124866,-6089,-4710,129429,105,19230,430,1,59522,0.0010000000000047748
70215001,8595,4965,125616,-2817,8304,123537,105,19224,430,0,59523,0.00100100000000225
70216000,10271,4969,120051,22105,-8552,118266,88,19230,360,0,59524,0.0009989999999930887
70217000,10221,-1373,126532,4354,-4084,125269,107,19230,360,0,59525,0.0010000000000047748
70218000,2314,-997,124906,-2511,-7690,137610,130,19226,438,1,59526,0.0010000000000047748
70219000,2167,-4785,126327,5260,2187,121964,130,19225,532,1,59527,0.000999999999990564
70220003,2403,13657,130955,5013,12452,126822,109,19234,446,1,59528,0.0010029999999972006
70221000,4532,6060,123622,2311,-143,120957,93,19231,381,1,59529,0.0009970000000123491
70222000,11298,3286,127154,11701,-5770,126185,140,19228,573,0,59530,0.000999999999990564
70223000,9357,-11259,125899,8226,-16749,136250,102,19228,573,0,59531,0.0010000000000047748
70224000,9518,-4900,129181,2362,-1643,125515,104,19231,418,0,59532,0.0010000000000047748
70225000,4312,8135,131218,-49,114,128722,104,19222,426,1,59533,0.000999999999990564
70226000,642,9323,130842,-3025,1468,124889,123,19229,504,1,59534,0.0010000000000047748
70227000,255,9027,131172,1901,4263,137193,107,19232,438,1,59535,0.0010000000000047748
70228000,3773,-5648,125796,2422,-11959,123397,102,19221,418,0,59536,0.000999999999990564
70229000,9729,1461,131721,3440,-8010,129833,102,19221,418,0,59537,0.0010000000000047748
70230000,9200,-7785,129070,19239,-11019,131798,105,19243,418,0,59538,0.000999999999990564
70231000,2199,-7735,129942,-13190,-9253,131282,105,19228,430,0,59539,0.0010000000000047748
70232000,-3081,3511,135096,-16203,9839,127690,121,19222,496,1,59540,0.0010000000000047748
70233000,-5191,18565,129886,6193,11528,119614,110,19230,451,1,59541,0.000999999999990564
70234000,-2442,6973,131116,-5200,-441,129903,95,19230,389,1,59542,0.0010000000000047748
70235000,-2370,-13389,126658,-17852,-24906,138002,132,19230,541,0,59543,0.0010000000000047748
70236000,665,-11825,129416,4361,-7955,128130,108,19230,541,0,59544,0.000999999999990564
70237000,-3445,8725,129461,1712,3601,120187,113,19228,442,0,59545,0.0010000000000047748
70238000,-6433,8924,131826,-23507,4540,125418,113,19225,463,1,59546,0.0010000000000047748
70239000,-9886,4080,126587,-14040,-6064,138478,145,19229,594,1,59547,0.000999999999990564
70240000,-10046,4290,130240,-6386,8113,123172,111,19231,455,1,59548,0.0010000000000047748
70241000,-5064,17374,130671,-7791,11489,124293,104,19231,426,1,59549,0.0010000000000047748
70242000,-2983,-1114,124672,-6750,-10024,127708,145,19223,426,0,59550,0.000999999999990564
70243001,-1198,-11246,125997,-7013,-15976,138527,111,19231,594,0,59551,0.00100100000000225
70244000,-2762,-327,129101,-7312,2012,113831,111,19232,455,0,59552,0.0009990000000072996
70245000,-1973,21109,129040,-6962,16914,128897,121,19218,496,1,59553,0.000999999999990564
70246003,-9829,4836,126286,-8784,835,126632,111,19232,455,1,59554,0.0010030000000114114
70247000,-4746,4965,127444,-16659,3467,125326,104,19231,426,1,59555,0.0009969999999981383
70248000,878,9967,126479,-1131,1032,121582,126,19231,426,0,59556,0.000999999999990564
70249000,345,-1959,123898,3164,-7250,126311,101,19230,516,0,59557,0.0010000000000047748
70250001,1419,-14769,124363,-7540,-7180,136956,101,19229,414,0,59558,0.00100100000000225
70251000,-821,3282,125866,-6802,12590,110495,108,19227,442,0,59559,0.0009989999999930887
70252000,-1751,25219,128681,-4048,14262,125862,147,19226,602,1,59560,0.0010000000000047748
70253000,-2823,8714,122644,84,-668,127533,110,19231,451,1,59561,0.0010000000000047748
70254000,2920,7409,122883,-71,-3575,122877,95,19231,451,1,59562,0.000999999999990564
70255003,8330,9579,123705,7074,-7045,124648,101,19226,389,0,59563,0.0010030000000114114
70256000,8641,1078,124481,8871,-3558,120671,101,19230,414,0,59564,0.0009969999999981383
70257000,11740,-4243,127505,2937,-10880,133693,113,19228,463,0,59565,0.000999999999990564
70258002,4484,-5930,128307,554,2009,121972,120,19221,491,1,59566,0.0010019999999997253
70259002,2105,7583,128145,4964,10230,126052,111,19229,455,1,59567,0.0010000000000047748
70260000,2091,11238,126878,4690,7690,122206,100,19229,455,1,59568,0.0009979999999956135
70261000,8675,9519,127079,3644,-4457,125153,114,19233,410,0,59569,0.0010000000000047748
70262002,9571,-7108,126421,18203,877,129357,114,19223,467,0,59570,0.0010019999999997253
70263002,11887,-6418,125055,8031,-16153,126609,93,19230,381,0,59571,0.0010000000000047748
70264002,8015,-9020,129940,-2662,-10535,132378,106,19226,434,0,59572,0.000999999999990564
70265000,1785,8886,130041,496,8107,131239,137,19227,561,1,59573,0.0009980000000098244
70266000,-1130,10512,128903,2131,9679,120770,113,19227,561,1,59574,0.000999999999990564
70267001,-1005,11056,131236,-3546,6683,126404,97,19229,463,1,59575,0.00100100000000225
70268000,7047,-8365,124458,1267,-23549,136895,97,19226,397,0,59576,0.0009990000000072996
70269000,10819,-10198,132585,25310,41,125792,153,19230,627,0,59577,0.000999999999990564
70270000,6985,2235,126917,-8830,-9444,132319,113,19227,463,0,59578,0.0010000000000047748
70271000,64,-2855,133857,-11590,4703,123841,115,19223,471,1,59579,0.0010000000000047748
70272000,-1707,10581,133380,1211,-2982,133973,136,19223,471,1,59580,0.000999999999990564
70273000,-9109,-4958,130197,-7620,-9761,130466,104,19228,557,1,59581,0.0010000000000047748
70274000,-3795,11969,131031,-15389,12320,117885,104,19231,426,1,59582,0.0010000000000047748
70275000,2097,-649,127182,-2087,-4524,131695,112,19217,459,0,59583,0.000999999999990564
70276000,4100,-8722,129059,6862,-11955,130304,88,19228,360,0,59584,0.0010000000000047748
70277000,-873,853,133997,-10777,2744,128224,108,19227,442,0,59585,0.0010000000000047748
70278000,-8244,-1442,130347,-17154,1175,130884,134,19227,549,1,59586,0.000999999999990564
70279014,-9402,12325,133152,-9858,11879,124586,114,19224,549,1,59587,0.0010140000000120608
70280000,-11823,6363,128032,-8288,-1475,135795,97,19232,467,1,59588,0.0009859999999974889
70281001,-1468,1899,127401,-10050,8736,120724,97,19229,397,0,59589,0.00100100000000225
70282000,-2778,1490,125545,-9418,-5860,126654,147,19228,602,0,59590,0.0009989999999930887
70283000,-443,-3138,127788,-1504,-2799,128949,101,19235,414,0,59591,0.0010000000000047748
70284000,20,6326,126667,-7552,-123,123731,105,19235,430,0,59592,0.000999999999990564
70285000,-6931,3456,129630,-11169,-1598,130436,128,19226,430,1,59593,0.0010000000000047748
70286000,-5521,19095,128643,-8119,16789,116204,109,19229,524,1,59594,0.0010000000000047748
70287000,-8320,4405,125135,-8029,888,131140,109,19227,446,1,59595,0.000999999999990564
70288000,888,2089,125402,-901,1609,124073,107,19220,438,0,59596,0.0010000000000047748
70289000,1705,2995,124294,-3091,62,121922,82,19228,336,0,59597,0.0010000000000047748
70290001,3426,777,125831,4362,2557,122039,107,19228,438,0,59598,0.00100100000000225
70291000,-487,5123,125452,-5609,164,130911,122,19228,438,1,59599,0.0009989999999930887
70292002,-3367,1013,127304,-16856,-2381,127396,112,19224,500,1,59600,0.0010019999999997253
70293000,-1005,17046,125034,9077,13326,116257,112,19234,459,1,59601,0.0009979999999956135
70294000,-1761,11593,121421,5038,4851,125763,98,19228,401,0,59602,0.0010000000000047748
70295000,10359,1078,124862,-7611,-4727,120134,135,19233,553,0,59603,0.0010000000000047748
70296000,14692,-1482,126194,18967,-10706,129205,107,19228,438,0,59604,0.000999999999990564
70297000,10637,-10287,127971,11716,11648,120613,109,19228,438,0,59605,0.0010000000000047748
70298000,4383,14293,130207,-5316,-9388,127134,130,19224,446,1,59606,0.0010000000000047748
70299000,-1832,-3069,127047,9677,-13912,134580,130,19232,532,1,59607,0.000999999999990564
70300000,2311,-1569,125846,-6649,11565,121496,110,19232,451,1,59608,0.0010000000000047748
70301000,5978,16711,129235,1956,9452,118769,103,19224,422,0,59609,0.0010000000000047748
70302001,15093,9462,124797,18739,-4468,123895,104,19232,426,0,59610,0.0010009999999880392
70303000,10552,-8573,126357,8873,-21972,135858,103,19232,426,0,59611,0.0009990000000072996
70304000,6534,-17586,128637,-3026,-13893,134357,114,19224,422,1,59612,0.0010000000000047748
70305000,3790,-808,131215,3428,17608,118021,114,19221,467,1,59613,0.000999999999990564
70306000,-2108,31666,132494,-4759,21162,126945,109,19228,446,1,59614,0.0010000000000047748
70307000,3243,5609,127692,-1070,-11058,128705,100,19228,410,1,59615,0.0010000000000047748
70308000,4681,-8406,127117,4390,-19140,130535,131,19226,537,0,59616,0.000999999999990564
70309000,8398,-25465,128068,4108,-12142,131415,99,19226,537,0,59617,0.0010000000000047748
70310000,6373,6736,129564,14359,1811,119889,101,19232,405,0,59618,0.0010000000000047748
70311000,4185,4854,130511,-23459,-4839,135586,101,19226,414,1,59619,0.000999999999990564
70312000,-3095,14995,132885,-4871,20564,121604,144,19229,590,1,59620,0.0010000000000047748
70313000,-8182,10915,129827,4075,-8021,131941,109,19233,446,1,59621,0.0010000000000047748
70314000,-4783,-9283,129257,-10040,-13063,131824,98,19229,401,0,59622,0.000999999999990564
70315000,-3367,-15491,129640,-14050,-18776,134585,119,19229,401,0,59623,0.0010000000000047748
70316000,6938,97,132671,6088,5419,125527,109,19231,487,0,59624,0.0010000000000047748
70317000,-1343,10052,130802,-8336,4847,125139,109,19228,446,0,59625,0.000999999999990564
70318000,-6554,10247,129621,-21258,3296,132027,119,19221,487,1,59626,0.0010000000000047748
70319000,-11057,-2292,128114,-7883,-6399,135761,108,19230,442,1,59627,0.0010000000000047748
70320000,-8156,9037,131183,-8037,4805,121745,100,19232,410,1,59628,0.000999999999990564
70321000,-3805,16947,130373,-12240,11070,126881,119,19232,487,0,59629,0.0010000000000047748
70322000,-1643,-7786,123705,-5692,-13826,126641,94,19215,487,0,59630,0.0010000000000047748
70323000,-1133,-9205,127421,-3529,-10804,136248,101,19232,385,0,59631,0.000999999999990564
70324000,-2273,-453,127392,-12330,3261,122574,101,19227,414,1,59632,0.0010000000000047748
70325000,-6596,20709,129560,-6153,18789,116733,137,19227,561,1,59633,0.0010000000000047748
70326001,-7289,9932,127884,-13547,-2325,133601,114,19231,467,1,59634,0.0010009999999880392
70327000,-2728,4744,125411,-2934,-662,120405,97,19231,397,1,59635,0.0009990000000072996
70328000,1211,1491,124181,1420,-6422,130626,112,19226,397,0,59636,0.0010000000000047748
70329000,786,-6803,122062,-1008,-10069,122567,109,19233,459,0,59637,0.000999999999990564
70330000,1175,9893,126946,-5112,5359,122595,109,19228,446,0,59638,0.0010000000000047748
70331000,-1862,1815,125022,-3474,3551,129348,113,19220,463,1,59639,0.0010000000000047748
70332000,-4412,12575,126419,-6391,13385,114781,138,19229,565,1,59640,0.000999999999990564
70333000,-1684,8533,124457,-3587,1633,134774,100,19229,410,1,59641,0.0010000000000047748
70334001,6596,6315,125147,6341,5100,118528,109,19232,410,0,59642,0.00100100000000225
70335000,9539,149,125038,6645,-6603,130260,97,19227,446,0,59643,0.0009989999999930887
70336000,12697,-9268,122567,5247,-15185,119978,97,19225,397,0,59644,0.0010000000000047748
70337000,4860,-2485,127212,8168,-8969,134237,110,19229,451,0,59645,0.0010000000000047748
70338000,961,2863,127655,-2120,3517,111665,134,19228,549,1,59646,0.000999999999990564
70339000,2516,22873,128587,451,18823,128052,111,19231,455,1,59647,0.0010000000000047748
70340000,5449,1511,123405,10334,-7944,131047,95,19231,455,1,59648,0.0010000000000047748
70341000,10360,1327,126720,4397,1528,120402,155,19229,389,0,59649,0.000999999999990564
70342000,11015,3314,127454,4942,-17899,135297,155,19232,635,0,59650,0.0010000000000047748
70343000,7554,-15990,126372,19338,-9522,127173,109,19230,446,0,59651,0.0010000000000047748
70344001,2861,-9612,133468,-6745,8377,137269,109,19223,446,1,59652,0.0010009999999880392
70345000,1384,2208,128826,-6560,12211,116883,121,19228,496,1,59653,0.0009990000000072996
70346000,-1036,20143,133124,6416,12063,121063,107,19228,496,1,59654,0.0010000000000047748
70347000,2697,4145,125580,-5451,-16650,137318,113,19235,438,1,59655,0.000999999999990564
70348000,10073,-17632,127225,11335,-10630,124346,113,19218,463,0,59656,0.0010000000000047748
70349002,10461,-155,130495,12739,-9266,137415,94,19234,385,0,59657,0.0010019999999997253
70350000,3503,-9192,131055,-13312,-2367,123973,99,19229,405,0,59658,0.0009979999999956135
70351004,3255,11808,135428,-9984,5233,126115,123,19226,504,1,59659,0.0010040000000088867
70352002,-9685,3520,131607,7105,-4962,135780,113,19226,504,1,59660,0.0009979999999956135
70353002,-9711,-204,128633,-14214,4940,124782,96,19228,463,1,59661,0.0010000000000047748
70354000,-575,-280,128512,-10114,-14035,136958,96,19230,393,0,59662,0.0009979999999956135
70355000,-1435,-362,127917,4387,-9098,121158,146,19230,598,0,59663,0.000999999999990564
70356000,5944,7098,133053,1519,5859,131970,105,19229,430,0,59664,0.0010000000000047748
70357001,-7489,-4341,128294,-17118,-8343,131170,111,19225,455,0,59665,0.00100100000000225
70358000,-4995,3752,133828,-12132,6083,127128,135,19225,455,1,59666,0.0009989999999930887
70359000,-10702,9049,128229,-9084,1245,133143,111,19228,553,1,59667,0.0010000000000047748
70360003,-5956,10098,130281,-13638,7078,117999,111,19232,455,1,59668,0.0010029999999972006
70361000,-1471,3489,127044,-4057,-12603,135433,106,19226,434,0,59669,0.0009969999999981383
70362001,-6857,-3512,125508,-3656,-6684,125127,128,19234,524,0,59670,0.00100100000000225
70363000,3890,733,126960,-4602,-3901,128775,104,19230,426,0,59671,0.0009990000000072996
70364000,-6933,9024,129936,-10411,12352,122325,122,19230,426,1,59672,0.000999999999990564
70365000,-3234,12311,126143,-14622,1475,126166,117,19225,500,1,59673,0.0010000000000047748
70366001,-9299,5929,129033,-996,5355,124823,117,19230,479,1,59674,0.00100100000000225
70367000,-4623,10969,124253,-14318,-12371,129170,101,19226,414,0,59675,0.0009989999999930887
70368000,6835,8281,125713,3444,9613,117501,136,19234,557,0,59676,0.0010000000000047748
70369000,1701,1109,122415,104,-5650,129482,104,19230,426,0,59677,0.0010000000000047748
70370000,9343,-13525,126109,-5973,-11099,130011,109,19230,446,0,59678,0.000999999999990564
70371000,-6507,19380,129166,2199,12957,115845,159,19228,446,1,59679,0.0010000000000047748
70372000,-4232,9223,124487,-11423,5851,131952,108,19228,651,1,59680,0.0010000000000047748
70373000,87,9968,125311,2432,10452,117549,108,19232,442,1,59681,0.000999999999990564
70374000,2436,1028,121160,6800,-5607,129243,97,19226,397,0,59682,0.0010000000000047748
70375000,11954,-1129,122836,4243,-2027,117012,87,19226,356,0,59683,0.0010000000000047748
70376000,6582,5894,126082,14062,-6837,127028,117,19226,479,0,59684,0.000999999999990564
70377000,9689,-8409,127738,879,-7658,131261,125,19226,479,1,59685,0.0010000000000047748
70378000,2094,9903,130060,-1547,8068,120950,110,19216,512,1,59686,0.0010000000000047748
70379000,718,-2234,125069,5552,-14903,136485,110,19227,451,1,59687,0.000999999999990564
70380000,7503,16773,125313,5806,7803,112002,97,19232,397,1,59688,0.0010000000000047748
70381000,5481,5452,125516,-2890,-4059,129856,124,19226,508,0,59689,0.0010000000000047748
70382000,17379,3627,125272,15225,2775,122633,105,19226,430,0,59690,0.000999999999990564
70383000,5932,393,129645,13794,-4658,125554,108,19234,430,0,59691,0.0010000000000047748
70384002,7022,-54,129044,-9360,-3518,129296,145,19228,442,1,59692,0.0010019999999997253
70385000,1495,1767,129479,3993,-3454,133053,145,19230,594,1,59693,0.0009979999999956135
70386000,1000,6923,131235,1376,6973,125928,109,19231,446,1,59694,0.0010000000000047748
70387000,6859,10346,128643,-6055,5081,123706,96,19229,393,0,59695,0.0010000000000047748
70388001,3922,-7372,127099,7373,-16305,138734,134,19230,549,0,59696,0.00100100000000225
70389001,13283,-11017,129323,9853,-7068,125256,109,19230,549,0,59697,0.000999999999990564
70390000,-1507,-2556,128570,1360,-2582,134504,113,19233,446,0,59698,0.0009990000000072996
70391000,6026,-1942,133199,-20755,29210,116422,113,19221,463,1,59699,0.000999999999990564
70392000,-5166,30976,132694,2945,484,127607,124,19226,508,1,59700,0.0010000000000047748
70393000,-6802,-5794,129262,-11982,-21503,140406,100,19230,410,1,59701,0.0010000000000047748
70394000,-2345,-16751,128745,-14955,-15653,132487,114,19222,467,0,59702,0.000999999999990564
70395001,-6274,-9428,131610,8111,-1846,129325,94,19222,467,0,59703,0.00100100000000225
70396001,3659,15594,130758,-10002,10918,116477,107,19229,385,0,59704,0.0010000000000047748
70397000,-8208,12547,132056,-23855,-10353,136896,107,19228,438,1,59705,0.0009989999999930887
70398000,-2778,-5817,130681,-2751,5192,126331,139,19224,569,1,59706,0.0010000000000047748
70399000,-7243,1623,128436,-8381,4523,126298,111,19231,455,1,59707,0.0010000000000047748
70400000,-6185,12651,131816,-13037,15867,118515,97,19227,397,1,59708,0.000999999999990564
70401000,253,10331,124820,-8086,-12323,130886,161,19227,397,0,59709,0.0010000000000047748
70402001,-4872,-20206,125892,-3266,-14555,134328,110,19229,659,0,59710,0.00100100000000225
70403000,-2262,2015,128390,-10990,16393,112844,110,19230,451,0,59711,0.0009989999999930887
70404000,-5772,12822,126324,-9458,3872,126570,111,19225,455,1,59712,0.0010000000000047748
70405000,-6547,9711,127538,-5921,2935,126387,124,19228,508,1,59713,0.0010000000000047748
70406001,-4442,2704,124865,-11352,-2205,131072,107,19230,438,1,59714,0.00100100000000225
70407000,-1977,5123,127296,4891,16489,116536,111,19230,438,0,59715,0.0009989999999930887
70408000,-2282,38,124598,-2847,-5813,128535,90,19228,455,0,59716,0.0010000000000047748
70409000,1970,-11716,126267,-7114,-6214,129639,90,19226,369,0,59717,0.000999999999990564
70410000,1133,6333,127164,2310,8841,121005,105,19228,430,0,59718,0.0010000000000047748
70411000,-1324,13515,125804,-3323,10214,123877,131,19220,537,1,59719,0.0010000000000047748
70412000,-2504,13162,125918,-6755,10522,120647,113,19234,463,1,59720,0.000999999999990564
70413000,3572,6611,125761,-777,-1678,128988,93,19234,381,1,59721,0.0010000000000047748
70414000,9896,3332,123171,11873,-6209,120285,112,19229,381,0,59722,0.0010000000000047748
70415001,7868,6599,124630,4082,-1672,122851,108,19231,459,0,59723,0.00100100000000225
70416000,7514,-6720,124797,4036,-6384,126727,108,19225,442,0,59724,0.0009989999999930887
70417000,3873,-4836,126866,3661,-2227,130247,110,19224,451,1,59725,0.0010000000000047748
70418000,2407,9677,127646,-2166,10600,122045,129,19227,528,1,59726,0.000999999999990564
70419000,1283,11327,128901,3578,15047,119360,107,19227,438,1,59727,0.0010000000000047748
70420000,9322,3549,126119,8474,-5958,130615,104,19231,438,1,59728,0.0010000000000047748
70421000,10550,-8133,125200,7048,-12100,128404,83,19221,426,0,59729,0.000999999999990564
70422000,12519,-10212,126370,12592,-14011,130984,83,19231,340,0,59730,0.0010000000000047748
70423000,5661,-1707,129703,4004,-5205,125893,100,19228,410,0,59731,0.0010000000000047748
70424000,3282,11512,131463,-7606,9236,128146,121,19224,496,1,59732,0.000999999999990564
70425000,-1885,10852,131076,4719,5307,130900,113,19224,463,1,59733,0.0010000000000047748
70426000,-1968,4725,127787,2534,-243,124271,97,19229,463,1,59734,0.0010000000000047748
70427000,6174,48,128816,-3977,-5938,129708,141,19228,397,0,59735,0.000999999999990564
70428000,13592,-7163,125670,15628,-7578,126543,141,19230,577,0,59736,0.0010000000000047748
70429000,8353,-2234,130032,11378,-7406,134704,101,19227,414,0,59737,0.0010000000000047748
70430000,3486,-3197,131597,-22550,-5834,126553,105,19225,430,0,59738,0.000999999999990564
70431000,-3284,8849,133840,-776,3424,135934,139,19234,569,1,59739,0.0010000000000047748
70432000,-9482,3527,133130,6758,-748,125296,105,19234,569,1,59740,0.0010000000000047748
70433001,-4575,-3317,127832,-25072,-8829,133951,100,19236,430,1,59741,0.0010009999999880392
70434003,754,-7673,130591,-2957,-10381,126471,100,19222,410,0,59742,0.0010019999999997253
70435000,5144,4954,128447,11923,923,124357,96,19229,393,0,59743,0.0009970000000123491
70436000,-3357,2393,131616,-7934,-335,133324,109,19231,446,0,59744,0.000999999999990564
70437000,-8246,-2150,130995,-17321,-3621,130973,123,19224,504,1,59745,0.0010000000000047748
70438000,-12716,-4909,130002,-10694,11969,135188,112,19224,504,1,59746,0.0010000000000047748
70439000,-11918,11388,131029,-8780,10443,115469,100,19232,459,1,59747,0.000999999999990564
70440000,-3934,10916,128864,-4592,-5354,132715,100,19230,410,1,59748,0.0010000000000047748
70441001,-3335,-10035,126256,-7526,-10650,133053,134,19222,549,0,59749,0.00100100000000225
70442001,1063,-1221,126394,-5817,3931,120256,101,19230,414,0,59750,0.000999999999990564
70443000,-2984,10291,128038,-11068,7651,130819,104,19223,426,0,59751,0.0009990000000072996
70444000,-5422,8349,128514,-11247,5319,118772,140,19223,426,1,59752,0.0010000000000047748
70445000,-7348,10186,127865,-7420,-3202,135790,113,19228,573,1,59753,0.000999999999990564
70446000,-7926,-696,126228,-4366,-1783,123452,113,19230,463,1,59754,0.0010000000000047748
70447001,62,9561,125453,-4148,5732,120963,104,19223,426,0,59755,0.00100100000000225
70448000,1768,2178,125382,485,-8730,130140,114,19221,467,0,59756,0.0009989999999930887
70449000,2377,6423,122654,-4777,-1927,118077,114,19228,467,0,59757,0.0010000000000047748
70450000,-870,2516,126899,-8478,-1535,140670,120,19228,467,1,59758,0.0010000000000047748
70451000,-1046,2249,124456,1560,11043,114104,118,19220,491,1,59759,0.000999999999990564
70452000,-3352,16850,128429,-3528,11644,127209,118,19231,483,1,59760,0.0010000000000047748
70453000,4462,1694,125693,1283,-3777,123565,101,19232,414,1,59761,0.0010000000000047748
70454000,9086,4505,123412,13425,546,124464,123,19231,504,0,59762,0.000999999999990564
70455000,9838,-2366,122216,-127,-9338,124962,106,19228,434,0,59763,0.0010000000000047748
70456002,5751,4723,126859,7901,4951,117334,110,19228,451,0,59764,0.0010019999999997253
70457000,5266,-3476,127947,6691,-15297,143216,144,19226,451,1,59765,0.0009979999999956135
70458000,1182,-2977,128457,-4773,9337,120100,112,19231,590,1,59766,0.0010000000000047748
70459000,3606,14813,127974,5445,6526,125079,112,19232,459,1,59767,0.0010000000000047748
70460000,7536,4491,124504,10065,1329,121195,100,19226,410,0,59768,0.000999999999990564
70461000,10679,7474,124909,97,-2899,129011,133,19230,545,0,59769,0.0010000000000047748
70462000,10761,-19209,125875,11825,-19229,140607,110,19230,451,0,59770,0.0010000000000047748
70463000,6427,-466,127388,3830,1614,119821,111,19226,451,0,59771,0.000999999999990564
70464000,1964,6649,130187,-2077,2283,133972,113,19222,455,1,59772,0.0010000000000047748
70465000,778,12169,129998,3050,12319,119510,113,19233,463,1,59773,0.0010000000000047748
70466000,3221,5349,128718,-842,-6767,137093,105,19232,430,1,59774,0.000999999999990564
70467002,5624,-6525,128842,-692,-7853,126213,119,19220,487,0,59775,0.0010019999999997253
70468000,8516,-427,129068,7859,-10314,123485,96,19220,393,0,59776,0.0009980000000098244
70469000,4750,-8536,130512,16396,-8828,137430,101,19229,393,0,59777,0.000999999999990564
70470000,1371,-4060,130173,-21133,-3522,128453,133,19229,414,1,59778,0.0010000000000047748
70471000,150,7328,132269,-9801,9207,127621,133,19222,545,1,59779,0.0010000000000047748
70472001,-8131,14167,132658,8212,9498,121698,111,19232,455,1,59780,0.0010009999999880392
70473000,-4612,-3479,130370,-17400,-14035,133231,96,19231,393,1,59781,0.0009990000000072996
70474001,-170,-16862,129000,-8665,-21722,138143,144,19230,590,0,59782,0.00100100000000225
70475000,2151,-2103,129069,3908,-4578,128587,108,19230,590,0,59783,0.0009989999999930887
70476000,-2738,9190,131225,-4139,9244,123441,113,19228,442,0,59784,0.0010000000000047748
70477001,-6852,15506,134464,-19231,6207,124419,113,19224,463,1,59785,0.00100100000000225
70478000,-8430,-9057,126775,-10755,-11677,137365,129,19228,528,1,59786,0.0009989999999930887
70479000,-9941,9892,130345,-7622,8378,116053,105,19232,430,1,59787,0.0010000000000047748
70480000,-2471,16407,128447,-9495,12629,130350,111,19220,455,0,59788,0.000999999999990564
70481000,-4247,-6362,126576,-5516,-12898,129187,111,19220,455,0,59789,0.0010000000000047748
70482000,-2144,-10387,125382,-8234,-10737,130122,102,19232,455,0,59790,0.0010000000000047748
70483000,-3001,1685,128749,-10741,4160,125319,102,19230,418,1,59791,0.000999999999990564
70484000,-5409,9889,126914,-4680,10485,119104,130,19224,532,1,59792,0.0010000000000047748
70485000,-6194,6295,128579,-10601,19121,125859,115,19230,471,1,59793,0.0010000000000047748
70486001,-4728,5355,125263,-15057,319,122793,100,19227,410,1,59794,0.00100100000000225
70487000,1674,-974,125170,5475,-13664,135399,138,19227,410,0,59795,0.0009989999999930887
70488000,-1636,-2914,125822,918,-8611,120776,108,19234,565,0,59796,0.0010000000000047748
70489001,-788,6800,125067,-11582,10547,120428,108,19230,442,0,59797,0.00100100000000225
70490000,-932,14466,129112,-821,3940,128884,109,19225,446,1,59798,0.0009989999999930887
70491000,-2611,5895,123912,-1942,4384,122038,141,19229,577,1,59799,0.0010000000000047748
70492001,1938,9613,124760,-785,6446,124898,103,19230,422,1,59800,0.00100100000000225
70493002,3076,9960,125103,8495,3737,117803,103,19230,422,0,59801,0.0010009999999880392
70494000,10976,1082,123592,2403,-8761,129451,84,19222,422,0,59802,0.0009980000000098244
70495000,11385,-9602,124661,10249,-11625,127979,84,19231,344,0,59803,0.000999999999990564
70496001,5800,-1367,126611,2045,-6633,124341,110,19228,451,0,59804,0.00100100000000225
70497012,5475,8041,125527,1502,9322,116595,129,19224,528,1,59805,0.0010110000000054242
70498000,-85,13610,130964,-1906,4937,126236,114,19228,467,1,59806,0.0009879999999924394
70499000,11807,-1734,125837,2552,-4940,131926,96,19228,467,1,59807,0.0010000000000047748
70500000,7445,4986,126342,16925,11140,114643,139,19229,393,0,59808,0.0010000000000047748
70501000,10107,6290,128077,3484,-11089,129983,139,19228,569,0,59809,0.000999999999990564
70502000,8943,-16338,124618,9724,-19026,134205,104,19231,426,0,59810,0.0010000000000047748
70503000,819,-2368,131572,-3647,-875,134014,102,19229,418,1,59811,0.0010000000000047748
70504000,5951,4290,130407,71,8353,124294,131,19229,537,1,59812,0.000999999999990564
70505000,-4585,21749,131087,7356,16640,116227,108,19229,442,1,59813,0.0010000000000047748
70506002,5531,-1248,129791,-10627,-20013,139296,104,19230,442,1,59814,0.0010019999999997253
70507002,10040,-14702,125563,16145,-12983,125670,113,19224,426,0,59815,0.0010000000000047748
70508000,10249,4568,131679,13851,-9248,128056,113,19229,463,0,59816,0.0009979999999956135
70509000,3156,7315,127730,-10139,5735,118036,103,19230,422,0,59817,0.0010000000000047748
70510000,-655,4221,133345,-13192,-1309,132544,115,19220,471,1,59818,0.000999999999990564
70511000,-1635,-11722,133097,4167,-12837,142832,109,19220,446,1,59819,0.0010000000000047748
70512000,-11025,10573,129509,-6552,13567,115312,98,19230,446,1,59820,0.0010000000000047748
70513000,1806,7532,130390,-19615,-588,129319,126,19232,401,0,59821,0.000999999999990564
70514000,1548,-7709,127185,5606,-11177,129034,126,19225,516,0,59822,0.0010000000000047748
70515000,5068,-1527,129674,4785,-7462,129707,102,19229,418,0,59823,0.0010000000000047748
70516002,-6496,381,131755,-21232,-1773,129492,110,19227,451,0,59824,0.0010019999999997253
70517003,-8898,8122,132838,-11438,4324,126453,152,19227,623,1,59825,0.00100100000000225
70518000,-8720,8946,131550,-7637,2509,133516,112,19223,623,1,59826,0.0009969999999981383
70519001,-7930,2951,128521,-12676,702,127283,99,19230,459,1,59827,0.00100100000000225
70520000,-4056,79,128492,-1964,15,125338,99,19224,405,0,59828,0.0009989999999930887
70521000,-3443,5797,125951,-8628,-4773,127338,149,19230,610,0,59829,0.0010000000000047748
70522000,-362,2142,124501,-776,1445,123311,103,19230,422,0,59830,0.000999999999990564
70523000,-5331,4110,130474,-10940,-3100,132038,116,19221,475,1,59831,0.0010000000000047748
70524000,-3508,4823,126783,-15865,9971,122031,110,19221,475,1,59832,0.0010000000000047748
70525000,-7192,10031,129057,-4037,4964,132481,102,19229,451,1,59833,0.000999999999990564
70526000,-1464,1592,125591,-6597,-1712,118538,102,19231,418,0,59834,0.0010000000000047748
70527000,1454,6996,123788,-5621,3213,126434,119,19225,487,0,59835,0.0010000000000047748
70528000,2879,-3420,124456,2887,-7003,125666,100,19227,410,0,59836,0.000999999999990564
70529000,2191,2871,125094,613,1601,123201,108,19229,442,0,59837,0.0010000000000047748
70530000,-3581,7300,127766,-13136,-115,131143,144,19229,442,1,59838,0.0010000000000047748
70531000,-1105,3185,128271,1638,11420,119506,112,19228,590,1,59839,0.000999999999990564
70532000,-2166,8247,126298,8774,7618,126567,112,19229,459,1,59840,0.0010000000000047748
70533000,3304,11988,122853,-3674,-808,108735,92,19227,377,0,59841,0.0010000000000047748
70534000,10830,4134,121038,18250,-11730,134710,107,19231,438,0,59842,0.000999999999990564
70535000,8793,-8481,126644,3048,-4787,126227,113,19231,463,0,59843,0.0010000000000047748
70536000,9105,6044,127518,-1362,-583,122835,118,19231,463,1,59844,0.0010000000000047748
70537001,2032,-1832,129291,8727,-4668,133756,111,19222,483,1,59845,0.00100100000000225
70538000,2324,2660,127016,-3197,7263,119455,111,19229,455,1,59846,0.0009989999999930887
70539002,6164,9084,126063,2974,5295,128131,100,19232,410,1,59847,0.0010019999999997253
70540002,10552,5619,124749,13547,1776,118615,109,19223,446,0,59848,0.0010000000000047748
70541002,11535,3890,125926,6630,-10501,130067,101,19230,414,0,59849,0.000999999999990564
70542000,8353,-11819,128730,2577,-21115,132358,106,19230,414,0,59850,0.0009980000000098244
70543000,8174,-3380,126988,748,-5917,127752,133,19229,434,1,59851,0.000999999999990564
70544002,-305,6898,131882,-4158,20388,129250,133,19230,545,1,59852,0.0010019999999997253
70545000,3076,18864,131896,-728,10814,122330,113,19231,463,1,59853,0.0009980000000098244
70546000,1879,-2089,127256,5328,-11290,134492,98,19226,401,1,59854,0.000999999999990564
70547000,5087,-11912,128699,-2958,-20371,134122,149,19234,610,0,59855,0.0010000000000047748
70548000,12477,-15752,128064,20498,-8216,128613,104,19234,426,0,59856,0.0010000000000047748
70549000,1741,8272,132274,-3992,2694,126230,103,19232,426,0,59857,0.000999999999990564
70550000,2282,6097,130809,-23349,8261,122760,132,19223,422,1,59858,0.0010000000000047748
70551002,-8128,18087,135253,898,8642,131213,132,19227,541,1,59859,0.0010019999999997253
70552000,-2479,-5010,128663,4999,-10084,132476,105,19227,430,1,59860,0.0009979999999956135
70553000,-7519,-11292,127670,-18839,-20795,131255,109,19223,446,0,59861,0.0010000000000047748
70554000,1383,-6997,130154,-7122,-3029,126680,86,19223,352,0,59862,0.0010000000000047748
70555000,1242,10173,132318,7588,-693,125579,109,19229,352,0,59863,0.000999999999990564
70556000,-2040,6323,133040,-14322,4110,131294,132,19228,446,1,59864,0.0010000000000047748
70557000,-10768,3218,129388,-20765,915,129729,132,19219,541,1,59865,0.0010000000000047748
70558000,-9783,1804,128542,-9791,4551,129808,116,19231,475,1,59866,0.000999999999990564
70559000,-5036,12934,129569,-3888,11438,120117,101,19228,414,1,59867,0.0010000000000047748
70560000,-1711,-495,128413,-10262,-9194,135747,149,19228,610,0,59868,0.0010000000000047748
70561000,-2960,-13852,125169,-4802,-11710,127640,101,19229,610,0,59869,0.000999999999990564
70562000,-3408,4052,128386,-5193,3032,125908,105,19231,414,0,59870,0.0010000000000047748
70563000,-2212,9392,127534,-5874,8263,123559,105,19225,430,1,59871,0.0010000000000047748
70564000,-11826,14011,130482,-7798,4080,126184,128,19229,524,1,59872,0.000999999999990564
70565001,-7047,-1839,126275,-17505,-1607,130594,115,19231,471,1,59873,0.00100100000000225
70566000,-1963,8587,129895,3668,10992,119618,109,19217,446,0,59874,0.0009990000000072996
70567000,812,-6283,123610,2020,-14071,133161,83,19217,446,0,59875,0.000999999999990564
70568000,2849,-6449,123181,-5809,-8350,123046,108,19231,340,0,59876,0.0010000000000047748
70569000,-1511,1598,123014,-12125,2600,125192,108,19224,442,0,59877,0.0010000000000047748
70570000,327,13375,128360,3916,10894,118613,125,19212,512,1,59878,0.000999999999990564
70571002,-5524,16069,125435,-2287,7409,123125,114,19232,467,1,59879,0.0010019999999997253
70572001,2806,-949,125767,-8691,-5344,123140,97,19231,397,1,59880,0.0009990000000072996
70573000,5732,5965,124137,11022,2221,122308,134,19231,397,0,59881,0.0009989999999930887
70574002,9041,-1270,123003,10215,-6021,128867,116,19231,549,0,59882,0.0010019999999997253
70575000,8904,-1394,124595,2369,-6067,122209,116,19224,475,0,59883,0.0009980000000098244
70576002,3093,-2980,126668,6427,-7393,132699,116,19223,475,1,59884,0.0010019999999997253
70577000,2496,8213,126898,-1263,16397,113176,138,19227,565,1,59885,0.0009979999999956135
70578000,3785,12114,128596,-3360,-4201,131746,112,19229,459,1,59886,0.0010000000000047748
70579000,8980,-10222,123293,18605,3757,123443,101,19229,459,1,59887,0.000999999999990564
70580000,10464,2291,124417,-178,-1342,120124,119,19225,414,0,59888,0.0010000000000047748
70581000,12119,-5209,126919,13878,-18713,141521,119,19229,487,0,59889,0.0010000000000047748
70582001,7060,-8585,129377,9962,-3407,122735,105,19228,430,0,59890,0.0010009999999880392
70583000,2078,2503,129597,-17710,3689,133801,113,19224,463,1,59891,0.0009990000000072996
70584000,-1906,16101,133522,4985,15694,116329,109,19231,446,1,59892,0.0010000000000047748
70585002,-306,16282,128425,9084,-6131,133487,100,19231,446,1,59893,0.0010019999999997253
70586000,6809,-10027,126537,-2626,-8333,130935,129,19235,410,0,59894,0.0009979999999956135
70587001,7515,-8285,126997,10356,-4552,124211,129,19224,528,0,59895,0.00100100000000225
70588000,10292,-8564,129049,10390,-13727,140293,101,19229,414,0,59896,0.0009989999999930887
70589001,2830,-454,131608,-10921,1922,120403,107,19226,438,0,59897,0.00100100000000225
70590000,-2585,10173,132359,-13248,-2121,136037,142,19227,582,1,59898,0.0009990000000072996
70591000,-5667,8511,131120,5054,12396,119986,109,19227,446,1,59899,0.000999999999990564
70592000,-7795,-2904,129645,-17818,-12856,134518,97,19233,446,1,59900,0.0010000000000047748
70593001,4857,-10594,129864,2927,-10160,133067,118,19228,397,0,59901,0.00100100000000225
70594000,-2047,2500,129108,2238,3385,119553,118,19232,483,0,59902,0.0009989999999930887
70595000,-1534,5163,132258,-12782,-1451,133560,111,19228,455,0,59903,0.0010000000000047748
70596001,-6599,4219,130939,-9997,-7912,132709,119,19221,487,1,59904,0.00100100000000225
70597000,-11504,455,130192,-13496,6022,131484,107,19221,438,1,59905,0.0009989999999930887
70598000,-10705,13183,132483,-10694,7777,122016,105,19228,438,1,59906,0.0010000000000047748
70599000,-4053,11853,129986,-9557,2117,123195,120,19232,430,1,59907,0.0010000000000047748
70600000,-1796,-4755,127129,-6663,-14695,138933,120,19217,491,0,59908,0.000999999999990564
70601000,-2504,-7808,126082,-2342,-9956,124271,104,19230,426,0,59909,0.0010000000000047748
70602000,-2322,5442,127327,-12664,-6,123868,107,19229,438,0,59910,0.0010000000000047748
70603000,-3400,25405,130280,-11763,13646,116843,137,19229,561,1,59911,0.000999999999990564
70604000,-6552,3315,126788,-4864,-4006,131514,117,19228,561,1,59912,0.0010000000000047748
70605000,-6930,3174,128848,-7888,-1453,128692,103,19231,479,1,59913,0.000999999999990564
70606000,-2189,5158,122934,-1971,5429,118644,103,19227,422,0,59914,0.0010000000000047748
70607000,2054,7182,125504,-2343,3935,125118,125,19232,512,0,59915,0.0010000000000047748
70608000,3868,-3674,123082,-131,-4977,127347,108,19225,442,0,59916,0.000999999999990564
70609000,3989,2061,124988,-4878,481,126967,111,19221,455,0,59917,0.0010000000000047748
70610000,588,9262,127207,1741,7439,124097,136,19221,455,1,59918,0.0010000000000047748
70611000,-4228,9435,125036,-2788,7351,121970,102,19233,557,1,59919,0.000999999999990564
70612000,3672,12275,125668,-7277,5313,123456,102,19231,418,1,59920,0.0010000000000047748
70613000,8756,66,123110,8003,-4814,126030,110,19227,451,0,59921,0.0010000000000047748
70614000,11299,-4495,125982,15127,-14138,121585,96,19225,393,0,59922,0.000999999999990564
70615000,4187,5166,125143,-177,-4519,124763,111,19227,455,0,59923,0.0010000000000047748
70616000,4091,-3426,127916,-78,-9054,133747,133,19227,455,1,59924,0.0010000000000047748
70617000,776,3595,128704,10135,4399,122415,113,19225,545,1,59925,0.000999999999990564
70618003,2507,15606,128629,-3690,10034,122284,113,19228,463,1,59926,0.0010030000000114114
70619000,7745,5881,126466,4696,1026,124483,97,19226,397,0,59927,0.0009969999999981383
70620000,11526,-1810,126021,12996,-5898,130001,147,19234,602,0,59928,0.000999999999990564
70621000,11819,-11403,123334,8227,-13616,128556,100,19235,410,0,59929,0.0010000000000047748
70622000,7394,-7038,127423,3685,-7745,127364,108,19235,410,0,59930,0.0010000000000047748
70623000,5325,6017,130606,4044,1574,128456,121,19228,442,1,59931,0.000999999999990564
70624000,7,12042,130488,-2235,6755,123715,121,19230,496,1,59932,0.0010000000000047748
70625000,1506,3263,128793,1083,-7872,128736,109,19232,446,1,59933,0.0010000000000047748
70626001,6172,-10357,126723,2818,-474,124835,107,19218,438,0,59934,0.00100100000000225
70627000,8446,-4260,127611,5877,-12867,129127,96,19232,393,0,59935,0.0009989999999930887
70628000,4518,-8456,128755,3702,-9493,136277,103,19232,393,0,59936,0.0010000000000047748
70629000,-618,1211,131558,-22451,4875,124243,124,19230,422,1,59937,0.000999999999990564
70630000,-310,11504,132818,-1061,9146,126788,124,19225,508,1,59938,0.0010000000000047748
70631000,-8010,7903,132713,5994,1558,130300,112,19230,459,1,59939,0.0010000000000047748
70632000,-3855,-5628,130712,-17618,-11520,128582,95,19230,389,1,59940,0.000999999999990564
70633000,-1765,-10806,129255,-9157,-14514,134893,136,19228,557,0,59941,0.0010000000000047748
70634000,1977,551,129511,9018,4884,121219,111,19228,557,0,59942,0.0010000000000047748
70635000,-2816,8436,131380,-14615,3014,129157,114,19227,455,0,59943,0.000999999999990564
70636006,-7243,2164,131711,-23704,-1767,128867,136,19224,467,1,59944,0.0010060000000038372
70637001,-7835,4593,131201,-2392,-10535,135437,136,19230,557,1,59945,0.0009950000000031878
70638000,-7392,5551,127708,-13999,17977,118398,111,19232,455,1,59946,0.0009989999999930887
70639000,-659,17480,130994,-10500,9644,121084,101,19221,414,0,59947,0.0010000000000047748
70640000,-3989,-9469,125040,-5316,-19977,138899,128,19221,524,0,59948,0.0010000000000047748
70641000,593,-8717,125558,-6330,1987,123203,101,19231,524,0,59949,0.000999999999990564
70642000,-5189,5608,128327,-11053,4450,126174,115,19225,414,0,59950,0.0010000000000047748
70643000,-5298,10700,129181,-5064,9364,121328,115,19221,471,1,59951,0.0010000000000047748
70644000,-6710,10799,126519,-12043,-117,128999,115,19232,471,1,59952,0.000999999999990564
70645000,-5014,59,128927,-9553,-2221,130181,102,19233,418,1,59953,0.0010000000000047748
70646000,2092,7568,124726,7324,2805,118289,131,19233,537,0,59954,0.0010000000000047748
70647000,-3939,2886,125401,-6660,-5580,129286,100,19232,537,0,59955,0.000999999999990564
70648000,2245,2430,124165,-7361,184,120843,104,19229,410,0,59956,0.0010000000000047748
70649000,-812,4839,127017,2839,-7397,130394,104,19226,426,1,59957,0.0010000000000047748
70650001,-3008,14526,128224,-8292,11531,123024,153,19228,627,1,59958,0.00100100000000225
70651000,502,11607,123740,-2516,12428,120643,108,19230,442,1,59959,0.0009989999999930887
70652000,5721,4480,126600,4596,811,130334,96,19230,393,0,59960,0.0010000000000047748
70653000,10325,2145,121226,5525,-1451,119148,89,19224,393,0,59961,0.000999999999990564
70654000,11118,-5106,122514,9247,-12454,131799,113,19229,365,0,59962,0.0010000000000047748
70655001,7290,-6109,127318,8187,-5085,124372,113,19228,463,0,59963,0.00100100000000225
70656000,2366,5587,126912,198,3036,124077,122,19221,500,1,59964,0.0009989999999930887
70657000,3121,5984,128984,-877,3323,129969,111,19227,455,1,59965,0.0010000000000047748
70658000,5722,10003,127708,6859,4940,121309,100,19230,410,1,59966,0.0010000000000047748
70659000,7338,11982,125784,5381,-591,122832,124,19230,410,0,59967,0.000999999999990564
70660000,8798,-3713,126714,7329,-4330,126831,101,19224,508,0,59968,0.0010000000000047748
70661000,8008,-15268,127844,10594,-22254,134372,101,19229,414,0,59969,0.0010000000000047748
70662000,6497,-4765,129822,-3456,-3978,126039,104,19231,426,1,59970,0.000999999999990564
70663000,1868,18846,132748,-606,14087,124924,142,19230,582,1,59971,0.0010000000000047748
70664000,-3156,11610,130625,3396,7169,127992,114,19231,467,1,59972,0.0010000000000047748
70665000,3839,2922,127053,-4931,-5744,125496,100,19231,467,1,59973,0.000999999999990564
70666000,9961,-13459,128436,5843,-16350,130206,133,19221,410,0,59974,0.0010000000000047748
70667000,11317,-2692,129275,21102,-2476,119675,133,19235,545,0,59975,0.0010000000000047748
70668000,5133,6563,129655,-5467,1361,131959,104,19234,426,0,59976,0.000999999999990564
70669000,1660,-1217,130508,-19541,-613,127309,112,19223,459,1,59977,0.0010000000000047748
70670000,-7231,2663,132822,8155,-410,138511,129,19229,528,1,59978,0.0010000000000047748
70671000,-6577,-1435,129351,-7734,-832,121993,103,19229,528,1,59979,0.000999999999990564
70672000,-4118,3792,129581,-18472,-10937,128256,116,19231,422,0,59980,0.0010000000000047748
70673002,4162,-7739,128767,4987,2029,130001,116,19220,475,0,59981,0.0010019999999997253
70674000,4406,1691,126831,985,1472,123111,93,19229,381,0,59982,0.0009979999999956135
70675000,-5758,1112,131014,-17665,-2145,135921,105,19229,430,0,59983,0.0010000000000047748
70676009,-8675,2572,133478,-7608,-1214,125927,142,19223,582,1,59984,0.0010089999999962629
70677000,-10947,931,129465,-12517,7981,128597,117,19223,479,1,59985,0.000990999999999076
70678000,-8554,10186,132018,-13382,10031,124126,99,19231,479,1,59986,0.0010000000000047748
70679000,-2792,3535,127146,-2262,-6315,127063,99,19227,405,0,59987,0.0010000000000047748
70680000,-2161,-3025,125465,-3353,-7507,130137,161,19228,659,0,59988,0.000999999999990564
70681000,-1017,-2884,127617,-7579,-3244,126875,101,19232,414,0,59989,0.0010000000000047748
70682000,-2902,7228,128036,-9544,10484,121558,107,19220,438,1,59990,0.0010000000000047748
70683000,-7471,14707,128928,-8144,3080,128356,125,19220,512,1,59991,0.000999999999990564
70684000,-8733,6849,125882,-10737,-6796,128225,110,19228,512,1,59992,0.0010000000000047748
70685000,-816,2840,125710,-4558,10748,122329,112,19233,451,1,59993,0.0010000000000047748
70686000,671,-556,124156,-6104,3645,124500,112,19225,459,0,59994,0.000999999999990564
70687000,7989,2815,125606,5636,1170,124956,92,19228,377,0,59995,0.0010000000000047748
70688001,757,-2336,123931,-685,-4005,130750,109,19228,446,0,59996,0.00100100000000225
70689000,-3572,3825,125390,-8700,6072,122075,129,19228,528,1,59997,0.0009989999999930887
70690000,-4644,14797,128471,-5399,6434,125324,113,19221,528,1,59998,0.0010000000000047748
70691000,63,9135,125888,3176,7807,122917,94,19232,463,1,59999,0.0010000000000047748
70692000,6809,8099,126244,11114,-3148,125372,94,19229,385,0,60000,0.000999999999990564
70693000,6559,1520,122384,-2516,-3947,120340,126,19232,516,0,60001,0.0010000000000047748
70694000,11003,-442,124473,7958,-2272,126587,113,19228,463,0,60002,0.0010000000000047748
70695000,7057,-5290,126381,13169,-991,130603,113,19228,463,0,60003,0.000999999999990564
70696000,2560,-1732,127795,-4311,-8218,129855,131,19221,463,1,60004,0.0010000000000047748
70697000,2472,14973,129842,-1290,8059,120144,106,19230,537,1,60005,0.0010000000000047748
70698002,6068,2915,125383,6984,-3716,129652,106,19231,434,1,60006,0.0010019999999997253
70699001,10613,-2776,126352,10403,-1000,124925,106,19226,434,0,60007,0.0009989999999930887
70700000,6008,2646,126715,6292,-6913,126824,100,19232,410,0,60008,0.0009990000000072996
70701000,9122,-4145,125326,7631,-8581,129474,104,19228,426,0,60009,0.000999999999990564
70702000,2848,-2963,130050,1938,-3726,130927,116,19228,426,1,60010,0.0010000000000047748
70703000,2408,3057,129184,-5042,4062,129834,111,19224,475,1,60011,0.0010000000000047748
70704000,2967,16014,130543,6592,17265,121687,111,19229,455,1,60012,0.000999999999990564
70705000,1449,1997,128760,747,-6082,134609,98,19231,401,1,60013,0.0010000000000047748
70706000,10243,-10882,125430,-3470,-14969,128215,140,19229,573,0,60014,0.0010000000000047748
70707000,9221,-10344,129922,16150,-13433,133004,103,19231,422,0,60015,0.000999999999990564
70708000,4469,-9982,131491,8054,-10295,131401,105,19231,422,0,60016,0.0010000000000047748
70709000,-439,15308,131864,-26542,7888,123113,144,19227,430,1,60017,0.0010000000000047748
70710000,-5476,12094,133830,-5357,730,133790,144,19228,590,1,60018,0.000999999999990564
70711005,-6671,5411,129847,10640,1246,128457,110,19231,451,1,60019,0.001005000000006362
70712001,-3741,-5757,129664,-21442,-12315,132145,101,19224,414,0,60020,0.000996000000000663
70713000,-579,-7090,130837,-4116,-8804,129362,110,19229,451,0,60021,0.0009989999999930887
70714002,2403,-1116,130642,4596,-4654,130222,108,19229,451,0,60022,0.0010019999999997253
70715000,-5972,6112,131567,-12610,4751,125855,122,19228,442,0,60023,0.0009980000000098244
70716000,-7852,4277,130445,-17052,-294,130704,122,19220,500,1,60024,0.000999999999990564
70717000,-7994,1463,128705,-7941,-968,129903,113,19229,463,1,60025,0.0010000000000047748
70718000,-4923,9286,130579,-9210,9519,122292,103,19231,422,1,60026,0.0010000000000047748
70719001,-1553,1420,127486,-10241,-8899,126991,127,19224,520,0,60027,0.0010009999999880392
70720000,-5784,-4915,124109,-5429,6462,123019,99,19224,520,0,60028,0.0009990000000072996
70721000,1415,-2526,125986,-5011,-5975,131981,105,19230,405,0,60029,0.0010000000000047748
70722000,-4034,4184,126477,-4473,1289,122749,105,19227,430,1,60030,0.000999999999990564
70723000,-6006,15051,128385,-11920,11140,122140,148,19227,606,1,60031,0.0010000000000047748
70724000,-7378,12041,132099,-9645,6092,123730,113,19229,463,1,60032,0.0010000000000047748
70725001,-105,4069,125954,1574,-7146,128876,101,19226,414,0,60033,0.0010009999999880392
70726000,1403,-7476,124703,337,-9947,130457,115,19226,414,0,60034,0.0009990000000072996
70727001,-1202,-2843,124004,-7362,2086,119952,111,19231,471,0,60035,0.00100100000000225
70728000,2950,9925,125684,-2269,11356,122012,111,19238,455,0,60036,0.0009989999999930887
70729000,-2965,10902,127305,519,6011,126421,116,19220,475,1,60037,0.0010000000000047748
70730000,-798,4182,125790,-8574,3658,126313,125,19234,512,1,60038,0.000999999999990564
70731000,211,10214,126765,4293,-388,119967,99,19230,405,1,60039,0.0010000000000047748
70732000,6924,9401,123325,5464,6211,121496,113,19230,463,0,60040,0.0010000000000047748
70733000,10711,-1884,124804,8128,-4774,125909,105,19228,463,0,60041,0.000999999999990564
70734000,8255,-9094,125060,4341,-11436,130667,114,19226,430,0,60042,0.0010000000000047748
70735000,5647,-6720,123725,6158,-2336,125991,114,19226,467,1,60043,0.0010000000000047748
70736000,-1052,8190,129289,-3958,11330,120454,142,19229,582,1,60044,0.000999999999990564
70737000,7042,17018,127824,1741,10366,124022,111,19231,455,1,60045,0.0010000000000047748
70738000,7050,2712,124974,15077,-5546,127671,92,19231,377,1,60046,0.0010000000000047748
70739000,10864,-3457,125370,-304,247,124895,133,19229,377,0,60047,0.000999999999990564
70740000,10727,-3492,127232,13157,-11684,128034,105,19234,545,0,60048,0.0010000000000047748
70741001,4256,-10900,127733,7619,-13215,136248,105,19228,430,0,60049,0.00100100000000225
70742000,4290,354,131423,-9786,-2970,129461,109,19226,446,1,60050,0.0009989999999930887
70743000,-4764,8523,131747,4039,3809,122226,118,19228,483,1,60051,0.0010000000000047748
70744000,328,17832,134223,-183,14215,123599,103,19228,422,1,60052,0.0010000000000047748
70745000,5639,-4563,126817,396,-17907,133175,112,19228,422,0,60053,0.000999999999990564
70746000,9876,-11844,126247,8581,-10070,129562,90,19215,459,0,60054,0.0010000000000047748
70747000,10801,4812,129047,6437,-353,126157,90,19228,369,0,60055,0.0010000000000047748
70748000,87,-8157,128774,-7405,-4022,129848,107,19229,438,0,60056,0.000999999999990564
70749000,3987,8904,135209,-9240,1426,129034,130,19220,532,1,60057,0.0010000000000047748
70750000,-11332,-2627,129759,2977,-3242,136334,109,19233,446,1,60058,0.0010000000000047748
70751004,-4852,8265,130563,-14747,7370,119346,93,19233,446,1,60059,0.0010039999999946758
70752000,2074,-2618,129596,-8736,-10787,134930,149,19230,381,0,60060,0.000996000000000663
70753000,-615,-7480,126828,10349,-7944,126685,149,19232,610,0,60061,0.0010000000000047748
70754000,102,2480,131343,-7563,1642,126907,108,19232,442,0,60062,0.000999999999990564
70755000,-8529,-3375,132114,-15721,-8954,132294,114,19220,467,1,60063,0.0010000000000047748
70756000,-7232,11367,132991,-6076,7153,125704,130,19229,532,1,60064,0.0010000000000047748
70757000,-11799,7687,129440,-9951,3889,132185,107,19229,532,1,60065,0.000999999999990564
70758000,-4612,9203,129135,-18694,12364,122528,109,19232,438,1,60066,0.0010000000000047748
70759000,55,-152,126358,-6806,-5907,127120,109,19221,446,0,60067,0.0010000000000047748
70760000,-1763,-9978,125787,1661,-9767,125903,127,19232,520,0,60068,0.000999999999990564
70761000,2209,4844,128942,-7998,-179,123718,103,19230,422,0,60069,0.0010000000000047748
70762000,-9682,1183,126101,-11298,-980,126351,123,19224,504,1,60070,0.0010000000000047748
70763000,-5508,13939,130093,-11716,10251,125073,117,19224,504,1,60071,0.000999999999990564
70764000,-9033,7135,127194,-6465,1825,132808,99,19227,479,1,60072,0.0010000000000047748
70765000,-2551,6065,125212,-645,8729,113223,99,19224,405,0,60073,0.0010000000000047748
70766000,-433,9213,125063,-8076,-10081,127392,140,19234,573,0,60074,0.000999999999990564
70767000,1326,-962,124391,-416,-7232,129517,103,19227,422,0,60075,0.0010000000000047748
70768000,6149,724,124286,1586,-1766,127435,108,19223,442,0,60076,0.0010000000000047748
70769000,-3615,461,125876,-6025,10260,126129,150,19223,442,1,60077,0.000999999999990564
70770000,-1044,19312,129206,-5784,17738,114276,108,19227,614,1,60078,0.0010000000000047748
70771000,4128,6093,125116,4505,-7830,133529,108,19232,442,1,60079,0.0010000000000047748
70772000,6662,-2441,123350,9257,2228,120585,101,19222,414,0,60080,0.000999999999990564
70773000,8551,8223,123501,915,-5940,119804,82,19230,336,0,60081,0.0010000000000047748
70774001,5863,-5176,124644,8427,-5936,131183,110,19227,451,0,60082,0.00100100000000225
70775000,8112,-1546,128743,5758,-10019,129944,123,19227,504,1,60083,0.0009989999999930887
70776000,-469,7807,127966,-5280,7040,119719,114,19225,504,1,60084,0.0010000000000047748
70777000,2268,23953,129295,6932,4817,121579,98,19231,467,1,60085,0.0010000000000047748
70778000,7702,5971,124989,10505,-13770,127083,98,19232,401,1,60086,0.000999999999990564
70779000,13779,-1845,127776,-339,-4518,125454,128,19223,524,0,60087,0.0010000000000047748
70780000,12547,-6408,125369,9309,-11810,131947,106,19227,434,0,60088,0.0010000000000047748
70781000,6853,-2243,129511,10074,4437,126066,108,19227,442,0,60089,0.000999999999990564
70782000,4726,3185,128335,-6731,2077,128602,141,19226,442,1,60090,0.0010000000000047748
70783000,-909,3750,129317,1528,2999,132263,114,19226,577,1,60091,0.0010000000000047748
70784000,1424,10586,130502,4792,829,119804,114,19230,467,1,60092,0.000999999999990564
70785000,5755,7876,129640,-2792,-13031,126846,104,19228,426,0,60093,0.0010000000000047748
70786000,7688,-9224,130272,7815,-13426,134423,129,19230,528,0,60094,0.0010000000000047748
70787000,9453,-6339,131149,14512,-10447,130943,102,19230,418,0,60095,0.000999999999990564
70788000,-1763,-3223,129162,-15051,-4087,129495,112,19228,418,0,60096,0.0010000000000047748
70789000,-1057,13095,133184,-17956,13878,123817,115,19224,459,1,60097,0.0010000000000047748
70790000,-5917,10639,133070,8552,-643,133993,115,19229,471,1,60098,0.000999999999990564
70791000,-613,-2186,129849,-2963,-10842,127996,100,19232,410,1,60099,0.0010000000000047748
70792000,-3786,-9625,127628,-26222,-16428,131727,121,19221,496,0,60100,0.0010000000000047748
70793000,908,-4689,130359,6197,-2549,131142,105,19229,430,0,60101,0.000999999999990564
70794000,-262,13089,130841,6738,8004,120410,112,19229,430,0,60102,0.0010000000000047748
70795000,-6452,5495,130180,-31607,2555,137365,146,19228,459,1,60103,0.0010000000000047748
70796000,-11128,1079,130692,-11429,3501,126711,146,19229,598,1,60104,0.000999999999990564
70797000,-6555,7581,128176,-1722,6246,127697,117,19228,479,1,60105,0.0010000000000047748
70798000,-1054,8150,129372,-6118,5629,125428,103,19227,422,1,60106,0.0010000000000047748
70799000,-4015,-2735,127422,-10900,-9926,129573,165,19232,676,0,60107,0.000999999999990564
70800000,-3190,-11485,123747,-10382,-5460,131826,105,19232,676,0,60108,0.0010000000000047748
70801000,-3920,8099,128511,-5801,7275,118872,109,19230,430,0,60109,0.0010000000000047748
70802009,-4736,945,129854,-1783,-230,130282,109,19222,446,1,60110,0.0010089999999962629
70803003,-8973,7226,126452,-12451,-1553,125227,121,19232,496,1,60111,0.0009939999999915017
70804000,-4622,1100,126673,-20673,-7072,132002,107,19224,438,1,60112,0.0009970000000123491
70805000,774,10435,128433,12468,9905,118466,119,19225,487,0,60113,0.000999999999990564
70806000,-2644,699,125239,2002,-3972,124114,97,19225,487,0,60114,0.0010000000000047748
70807000,-893,-10442,124114,-11872,-11258,131869,104,19229,397,0,60115,0.0010000000000047748
70808000,-4646,5102,126838,-6338,2928,125522,104,19227,426,1,60116,0.000999999999990564
70809000,2124,16273,124911,3163,17339,118115,135,19218,553,1,60117,0.0010000000000047748
70810000,-4131,19907,127920,2656,12349,126556,115,19232,471,1,60118,0.0010000000000047748
70811000,3600,-7787,120594,-7975,-8970,124929,94,19227,385,1,60119,0.000999999999990564
70812003,11094,4999,124102,2389,4732,121817,115,19227,385,0,60120,0.0010029999999972006
70813000,12998,-2037,123164,16447,-17400,130015,116,19231,471,0,60121,0.0009970000000123491
70814000,8378,-3053,123063,13042,5220,118944,116,19229,475,0,60122,0.000999999999990564
70815000,-951,-6093,126909,-9002,-9162,133993,114,19223,467,1,60123,0.0010000000000047748
70816000,6267,208,128748,-4027,9009,123256,126,19230,516,1,60124,0.0010000000000047748
70817000,3228,18791,128521,11802,12898,119120,107,19231,438,1,60125,0.000999999999990564
70818000,5343,6347,126239,-10645,-626,125312,109,19231,438,0,60126,0.0010000000000047748
70819000,11789,482,125542,13740,-16657,130743,82,19217,446,0,60127,0.0010000000000047748
70820000,8936,-17187,124847,21338,-17535,135691,98,19230,336,0,60128,0.000999999999990564
70821001,8301,-4910,127400,-12435,6342,122379,98,19233,401,0,60129,0.00100100000000225
70822000,782,14876,131293,-6917,12810,121927,121,19224,496,1,60130,0.0009990000000072996
70823000,5241,18666,130878,6850,8430,130337,115,19231,471,1,60131,0.000999999999990564
70824000,-877,-1612,128233,-3107,-12413,130159,100,19231,410,1,60132,0.0010000000000047748
70825000,7892,-8195,129309,1414,-21506,130009,148,19232,410,0,60133,0.0010000000000047748
70826000,12446,-3439,127107,19110,307,124944,100,19231,606,0,60134,0.000999999999990564
70827000,4456,-1464,132280,3838,-2864,129354,100,19231,410,0,60135,0.0010000000000047748
70828000,3847,-1799,130947,-27404,125,129582,103,19230,422,1,60136,0.0010000000000047748
70829000,-6502,8662,132547,4886,13019,126949,136,19228,557,1,60137,0.000999999999990564
70830000,-9596,6814,129784,1076,-3091,127242,107,19228,438,1,60138,0.0010000000000047748
70831004,-1129,-1597,128678,-23444,-9231,131828,103,19232,438,1,60139,0.0010039999999946758
70832002,-41,-13564,129080,2901,-11904,134588,88,19219,422,0,60140,0.0009980000000098244
70833000,7649,4195,131378,6217,6271,121647,88,19231,360,0,60141,0.0009979999999956135
70834000,-5297,10341,129339,-15488,1875,125715,106,19228,434,0,60142,0.0010000000000047748
70835000,-7120,-1181,130331,-17114,-629,134045,128,19222,524,1,60143,0.000999999999990564
70836000,-8731,1658,130641,-8727,-2938,130503,115,19232,471,1,60144,0.0010000000000047748
70837000,-9419,6283,131515,-8012,7211,120872,98,19232,471,1,60145,0.0010000000000047748
70838001,-4566,20180,131505,-11363,4823,123547,138,19230,401,0,60146,0.0010009999999880392
70839000,-4158,-11311,124650,-2961,-22497,136651,138,19220,565,0,60147,0.0009990000000072996
70840000,-2936,-8392,126229,-6126,-2154,129444,117,19228,479,0,60148,0.0010000000000047748
70841000,-3631,10762,127553,-12897,9935,118806,110,19225,451,1,60149,0.000999999999990564
70842000,-6008,20066,128269,-2298,17912,119274,142,19228,582,1,60150,0.0010000000000047748
70843002,-5874,5021,128723,-14989,-6972,135235,115,19228,582,1,60151,0.0010019999999997253
70844000,-2484,-11061,124761,-5842,-8690,132201,106,19231,471,1,60152,0.0009979999999956135
70845000,1955,5739,126568,3723,11679,119286,106,19224,434,0,60153,0.0010000000000047748
70846000,945,3020,124420,-4190,-3965,124886,85,19233,348,0,60154,0.0010000000000047748
70847000,755,-872,122609,-3447,-4562,127347,106,19228,434,0,60155,0.000999999999990564
70848001,298,2692,127066,-984,-4701,126671,116,19219,475,1,60156,0.00100100000000225
70849000,-3825,7308,125921,-880,9402,120786,108,19219,475,1,60157,0.0009990000000072996
70850001,-2535,21221,129212,-3121,7103,119636,94,19230,442,1,60158,0.0010009999999880392
70851000,4665,-658,122527,5094,-7183,128701,94,19230,385,0,60159,0.0009990000000072996
70852000,7175,470,125548,4044,-4280,126669,126,19235,516,0,60160,0.0010000000000047748
70853000,8031,-3839,125029,2052,-3633,122754,105,19225,430,0,60161,0.000999999999990564
70854000,6106,2899,126802,10307,-234,125217,106,19227,434,0,60162,0.0010000000000047748
70855000,3606,-1727,125444,2137,-5875,125734,139,19227,434,1,60163,0.000999999999990564
70856000,5214,4708,128766,-4763,4215,123887,110,19228,569,1,60164,0.0010000000000047748
70857000,8066,7523,126474,16192,-1022,125613,110,19232,451,1,60165,0.0010000000000047748
70858000,9930,3896,124457,6767,496,119881,97,19228,397,0,60166,0.000999999999990564
70859002,6993,3741,127917,-1285,-19052,136260,121,19234,496,0,60167,0.0010020000000139362
70860000,8850,-15732,125615,17465,-19423,130960,102,19230,418,0,60168,0.0009979999999956135
70861000,3441,934,129117,-2023,7725,127161,108,19230,418,1,60169,0.000999999999990564
70862000,4238,8257,131754,-1521,7556,122761,106,19222,442,1,60170,0.0010000000000047748
70863000,1565,11659,128311,8311,597,130427,106,19230,434,1,60171,0.0010000000000047748
70864001,4187,493,128126,-6920,-7293,131172,100,19229,410,1,60172,0.00100100000000225
70865002,10896,-10592,126683,5500,-382,126227,124,19222,508,0,60173,0.0010009999999880392
70866000,6986,2352,131387,17750,-2739,127915,97,19230,397,0,60174,0.0009980000000098244
70867000,3843,-9790,127914,-12444,-9300,134612,103,19230,422,0,60175,0.000999999999990564
70868000,-1497,857,133297,-13908,-85,130863,141,19226,422,1,60176,0.0010000000000047748
70869000,-5495,3845,133214,9238,-379,131937,109,19228,577,1,60177,0.0010000000000047748
70870000,-8273,7428,129857,-10217,4495,122460,109,19233,446,1,60178,0.000999999999990564
70871000,-1057,2429,130488,-17293,-13174,133365,95,19226,389,0,60179,0.0010000000000047748
70872000,612,-386,127718,5028,-12103,125737,126,19233,516,0,60180,0.0010000000000047748
70873000,3199,1123,131210,-2379,-1827,130557,107,19233,438,0,60181,0.000999999999990564
70874000,-4568,2883,130135,-14636,-193,128190,117,19225,438,0,60182,0.0010000000000047748
70875000,-6441,8675,131445,-12881,1912,127847,117,19222,479,1,60183,0.0010000000000047748
70876000,-6861,3047,128571,-10157,-734,130937,117,19228,479,1,60184,0.000999999999990564
70877000,-6796,9744,130831,-10599,6221,124560,105,19234,430,1,60185,0.0010000000000047748
70878000,-222,4356,128397,-4209,-6401,122734,113,19216,463,0,60186,0.0010000000000047748
70879000,-6243,512,127933,-7847,-5731,130279,89,19231,365,0,60187,0.000999999999990564
70880000,726,-3047,127254,-7491,-9708,130879,105,19231,365,0,60188,0.0010000000000047748
70881000,-4763,5100,128292,-8131,8249,120065,136,19227,430,1,60189,0.0010000000000047748
70882000,-5965,14981,129757,-11352,4967,126231,136,19225,557,1,60190,0.000999999999990564
70883000,-10832,3976,127111,-8381,2180,123187,113,19232,463,1,60191,0.0010000000000047748
70884000,-871,17363,128197,-11724,5573,127183,98,19230,401,0,60192,0.0010000000000047748
70885000,3268,-1890,124999,6407,-4342,122928,123,19232,504,0,60193,0.000999999999990564
70886000,1460,2994,125968,-5670,-670,123446,118,19232,504,0,60194,0.0010000000000047748
70887001,4890,-5944,124499,-7337,-6812,132258,119,19226,483,0,60195,0.00100100000000225
70888000,-2193,8377,126018,4655,10875,118430,119,19224,487,1,60196,0.0009989999999930887
70889000,65,13096,128421,-6481,1179,131536,142,19228,582,1,60197,0.0010000000000047748
70890000,-2422,8740,123375,1520,11794,117712,104,19231,426,1,60198,0.0010000000000047748
70891000,8177,12402,125160,1512,4427,124188,106,19222,434,0,60199,0.000999999999990564
70892000,8767,-4814,121607,12288,-10261,125236,96,19222,434,0,60200,0.0010000000000047748
70893000,7075,3626,126994,9808,-7796,124592,116,19227,393,0,60201,0.0010000000000047748
70894000,5962,-7652,124359,-5724,-8029,131098,116,19228,475,1,60202,0.000999999999990564
70895000,2460,9603,132118,5237,11411,117919,134,19223,549,1,60203,0.0010000000000047748
70896000,4898,3565,127300,12048,-799,138812,111,19230,455,1,60204,0.0010000000000047748
70897000,4107,-1842,123479,-4816,-5741,117791,96,19229,393,1,60205,0.000999999999990564
70898000,10859,5718,127177,-3731,2783,123735,143,19229,393,0,60206,0.0010000000000047748
70899000,10980,455,128384,21442,-8309,127978,103,19235,586,0,60207,0.0010000000000047748
70900000,6113,-7633,127031,14429,-11821,128316,103,19230,422,0,60208,0.000999999999990564
70901002,1602,-4981,131233,-16528,-7338,139256,104,19225,426,1,60209,0.0010019999999997253
70902000,-76,19148,131176,970,15843,121283,121,19228,496,1,60210,0.0009980000000098244
70903000,3658,11367,130817,16172,6484,129966,108,19229,442,1,60211,0.000999999999990564
70904000,1094,3335,129408,-11944,-4,127896,106,19229,442,0,60212,0.0010000000000047748
70905000,12456,-16451,125484,-3118,-22087,136165,111,19222,434,0,60213,0.0010000000000047748
70906000,9061,-3499,129538,34213,220,123417,111,19230,455,0,60214,0.000999999999990564
70907000,2096,1601,128747,-16387,-5663,127475,105,19226,430,0,60215,0.0010000000000047748
70908000,5361,13506,133251,-12688,11435,125811,119,19224,487,1,60216,0.0010000000000047748
70909000,-5066,-3640,130643,7158,-10159,136121,110,19229,451,1,60217,0.000999999999990564
70910000,-5494,-4962,130366,-7023,-3468,125575,97,19229,397,1,60218,0.0010000000000047748
70911000,-2104,564,130865,-9779,-2759,126223,135,19228,397,0,60219,0.0010000000000047748
70912000,-1703,-7000,129399,8210,-2047,134461,102,19230,553,0,60220,0.000999999999990564
70913000,664,4955,131260,-6876,3231,123367,102,19228,418,0,60221,0.0010000000000047748
70914001,-8532,3018,131076,-21004,-2444,131602,109,19226,446,1,60222,0.00100100000000225
70915000,-9192,2319,131069,-4666,2137,130391,141,19228,577,1,60223,0.0009989999999930887
70916001,-8212,6263,131162,-7141,1944,128558,113,19228,463,1,60224,0.00100100000000225
70917000,-4657,9417,129840,-13715,5347,126906,105,19233,463,1,60225,0.0009990000000072996
70918000,-3144,4701,127249,-7700,-7605,124576,130,19224,430,0,60226,0.000999999999990564
70919000,-3094,-1483,126554,-153,-11794,132395,130,19229,532,0,60227,0.0010000000000047748
70920000,1584,5465,125399,-13492,3256,120095,102,19228,418,0,60228,0.0010000000000047748
70921001,-5663,8192,129310,-15678,3068,127566,116,19219,475,1,60229,0.0010009999999880392
70922000,-3889,11017,128595,-110,5323,122929,114,19219,467,1,60230,0.0009990000000072996
70923000,-6665,5137,127136,-13435,-1606,126063,105,19230,467,1,60231,0.0010000000000047748
70924000,-1503,8378,127594,-4660,3547,122915,127,19235,430,0,60232,0.000999999999990564
70925000,1024,3204,124400,-119,-8468,126432,127,19231,520,0,60233,0.0010000000000047748
70926000,1704,-3563,123999,-4119,-1159,124623,100,19230,410,0,60234,0.0010000000000047748
70927000,1750,8688,127989,-4610,7999,122073,107,19228,438,0,60235,0.000999999999990564
70928000,-1786,5639,124562,3382,7357,129397,146,19228,598,1,60236,0.0010000000000047748
70929000,-2434,5531,124547,-9695,7061,124947,113,19228,598,1,60237,0.0010000000000047748
70930000,4577,6706,125650,-1390,3193,124614,95,19233,463,1,60238,0.000999999999990564
70931000,10359,1075,124638,19051,752,121730,95,19228,389,0,60239,0.0010000000000047748
70932000,8807,8866,124681,4714,-7736,123480,97,19228,397,0,60240,0.0010000000000047748
70933000,5865,-11290,124367,-65,-15657,134761,111,19226,455,0,60241,0.000999999999990564
70934000,5549,-4075,125351,9956,-2023,127080,118,19219,483,1,60242,0.0010000000000047748
70935000,579,15978,129301,1308,15973,116873,107,19219,483,1,60243,0.0010000000000047748
70936000,2991,19457,127992,-4868,11433,121293,101,19230,438,1,60244,0.000999999999990564
70937000,8402,1388,125963,10303,-7238,133073,101,19233,414,1,60245,0.0010000000000047748
70938000,13303,-4819,124351,7911,-2880,126354,119,19223,487,0,60246,0.0010000000000047748
70939000,12202,-1990,127083,12724,-3909,123374,97,19232,397,0,60247,0.000999999999990564
70940000,5961,-7300,127281,4168,-11603,131156,105,19229,430,0,60248,0.0010000000000047748
70941000,6011,-154,131182,-6219,-4594,130996,134,19229,430,1,60249,0.0010000000000047748
70942000,-1804,12776,131804,5565,11058,128168,113,19229,549,1,60250,0.000999999999990564
70943001,-402,2889,130612,-666,3464,125411,113,19231,463,1,60251,0.00100100000000225
70944000,4258,3803,129541,1181,-7716,124478,98,19222,401,0,60252,0.0009990000000072996
70945000,9383,-20842,126120,7251,-26191,140682,152,19229,623,0,60253,0.000999999999990564
70946000,6828,-243,129235,16887,2418,127423,115,19229,471,0,60254,0.0010000000000047748
70947000,1250,5702,130157,-13876,605,127562,112,19229,471,0,60255,0.0010000000000047748
70948001,772,11545,133482,-13826,13766,120524,135,19226,459,1,60256,0.0010009999999880392
70949000,-5214,6165,133115,6421,482,138610,135,19230,553,1,60257,0.0009990000000072996
70950000,-4251,-11385,127534,-5590,-13994,128552,101,19232,414,1,60258,0.0010000000000047748
70951001,-1940,-7341,127783,-15244,-12353,128162,113,19218,463,0,60259,0.0010009999999880392
70952000,1864,-2520,129947,-580,-3890,126666,92,19229,377,0,60260,0.0009990000000072996
70953000,775,8384,132018,5284,2081,124410,105,19229,430,0,60261,0.0010000000000047748
70954000,-6608,910,130959,-15185,-14691,135871,130,19227,430,1,60262,0.000999999999990564
70955000,-13306,3468,128899,-21716,18014,120310,112,19227,532,1,60263,0.0010000000000047748
70956000,-7150,11091,130161,-2106,6919,126334,112,19233,459,1,60264,0.0010000000000047748
70957000,-3393,2679,129918,-4934,-1845,130920,96,19228,393,1,60265,0.000999999999990564
70958000,-954,-4211,126949,-11624,-9581,128288,157,19231,643,0,60266,0.0010000000000047748
70959002,-3317,-7459,125516,-4153,1932,124897,100,19231,410,0,60267,0.0010019999999997253
70960000,-1414,11199,128586,-5421,7627,121738,104,19229,410,0,60268,0.0009979999999956135
70961000,-4857,6076,127874,-4198,5629,129076,129,19222,426,1,60269,0.0010000000000047748
70962000,-9617,6068,128714,-20813,1640,127111,129,19231,528,1,60270,0.0010000000000047748
70963000,-5439,4687,126339,-4534,4329,124567,109,19232,446,1,60271,0.000999999999990564
70964000,-1121,8866,127905,6903,2589,125893,110,19220,451,0,60272,0.0010000000000047748
70965000,1211,-6089,123748,-5324,-13828,125327,86,19220,352,0,60273,0.0010000000000047748
70966002,-1033,2697,125466,-4037,-9706,128813,103,19231,352,0,60274,0.0010019999999997253
70967002,-2787,10353,127580,-6111,9142,121774,124,19232,422,1,60275,0.000999999999990564
70968002,3924,15965,127119,1140,17008,119100,124,19224,508,1,60276,0.0010000000000047748
70969002,-3739,6049,126551,-10064,-1618,133840,111,19231,455,1,60277,0.0010000000000047748
70970000,5750,-440,121933,-2492,2071,119637,94,19228,385,1,60278,0.0009979999999956135
70971003,8317,7377,123119,15239,-116,126429,124,19231,508,0,60279,0.0010029999999972006
70972000,12516,763,123854,5979,-5092,121019,108,19231,508,0,60280,0.0009969999999981383
70973000,6955,-3380,124767,3032,-835,127861,109,19228,442,0,60281,0.0010000000000047748
70974000,3778,-9989,127590,1312,-10987,135318,109,19226,446,1,60282,0.0010000000000047748
70975000,3613,8625,127588,2164,12605,117809,128,19228,524,1,60283,0.000999999999990564
70976000,724,15562,128153,11513,6186,126625,106,19232,434,1,60284,0.0010000000000047748
70977000,7062,-3989,125079,2026,-7645,122888,103,19222,422,0,60285,0.0010000000000047748
70978000,9244,-5855,126429,-828,-8993,135300,100,19222,422,0,60286,0.000999999999990564
70979000,12833,-10057,129154,19256,-18666,131191,103,19230,410,0,60287,0.0010000000000047748
70980000,3637,1942,125896,5700,3106,118520,103,19223,422,0,60288,0.000999999999990564
70981000,-1140,11199,131998,-18514,6456,134665,118,19221,483,1,60289,0.0010000000000047748
70982000,3646,5639,127791,9249,4736,125866,112,19227,459,1,60290,0.0010000000000047748
70983000,1171,983,127802,12167,-3682,131270,100,19233,410,1,60291,0.000999999999990564
70984000,8614,-747,128282,-13552,-7058,126716,133,19233,410,0,60292,0.0010000000000047748
70985000,6523,-4393,127815,16304,-6339,122156,99,19228,545,0,60293,0.0010000000000047748
70986000,8276,-7826,129238,13395,-17991,143505,99,19230,405,0,60294,0.000999999999990564
70987000,-700,-6664,129586,-19886,-1288,125445,106,19228,434,1,60295,0.0010000000000047748
70988000,-3779,18387,134593,-6714,13791,121046,154,19231,631,1,60296,0.0010000000000047748
70989000,-7867,7909,132330,3422,5447,130555,107,19235,438,1,60297,0.000999999999990564
70990000,-1264,-13764,127532,-14991,-20182,140545,99,19235,438,1,60298,0.0010000000000047748
70991000,765,-10964,128383,-959,-12814,128297,120,19225,405,0,60299,0.0010000000000047748
70992001,2914,6268,127956,420,3448,114714,120,19229,491,0,60300,0.00100100000000225
70993000,-4687,12006,134560,-6657,3278,130704,111,19229,455,0,60301,0.0009989999999930887
70994000,-5590,-9558,128645,-15752,-12860,136736,125,19218,512,1,60302,0.0010000000000047748
70995000,-11193,6155,130882,-12117,7033,127270,112,19229,459,1,60303,0.000999999999990564
70996005,-13094,14042,131160,-8260,10783,122071,99,19229,459,1,60304,0.001005000000006362
70997000,-271,10787,129682,-11319,6925,131285,125,19229,405,0,60305,0.0009950000000031878
70998000,-4029,-9520,125772,-2375,-14972,134061,125,19221,512,0,60306,0.000999999999990564
70999000,-1555,-5312,125533,-5384,-5484,120822,98,19229,401,0,60307,0.0010000000000047748
71000000,-2017,11802,127417,-11489,133,126853,107,19225,438,0,60308,0.0010000000000047748
71001000,-4951,15105,129502,-7336,2201,119418,147,19227,602,1,60309,0.000999999999990564
71002000,-2640,11165,128092,-7363,2603,129214,115,19227,471,1,60310,0.0010000000000047748
71003000,-6791,1897,125664,-9950,1119,122890,101,19232,471,1,60311,0.0010000000000047748
71004003,3023,2860,125316,-2683,-730,127689,121,19223,414,0,60312,0.0010029999999972006
71005000,822,-3861,124422,2708,-4345,124568,121,19232,496,0,60313,0.0009969999999981383
71006000,1390,2871,124858,-7669,6860,125194,119,19226,487,0,60314,0.0010000000000047748
71007003,-1158,5020,126859,-10709,361,126611,122,19217,500,1,60315,0.0010029999999972006
71008000,-1082,8962,126959,8020,9791,121789,138,19217,565,1,60316,0.0009969999999981383
71009000,-2276,14101,127050,2032,-3469,128001,101,19229,565,1,60317,0.0010000000000047748
71010000,1419,8167,124030,-8349,-2326,118474,113,19235,414,0,60318,0.000999999999990564
71011000,12410,7868,124551,12933,320,124718,113,19229,463,0,60319,0.0010000000000047748
71012000,11550,2856,124308,9767,-7413,124343,97,19229,397,0,60320,0.0010000000000047748
71013000,7832,2944,126483,1667,-11510,129855,112,19226,459,0,60321,0.000999999999990564
71014000,6203,-6289,127401,4567,-10890,131922,140,19226,573,1,60322,0.0010000000000047748
71015000,65,4313,126893,-4477,7672,121144,110,19226,573,1,60323,0.0010000000000047748
71016000,7949,15264,128132,6820,11540,123527,94,19231,451,1,60324,0.000999999999990564
71017000,9094,6422,125939,8272,4095,119797,94,19230,385,0,60325,0.0010000000000047748
71018000,10405,2063,125981,5781,-10616,129336,147,19230,602,0,60326,0.0010000000000047748
71019000,8354,-11108,127935,9454,-22450,133905,109,19232,446,0,60327,0.000999999999990564
71020000,6722,-5758,129057,5577,-5736,129201,110,19224,451,1,60328,0.0010000000000047748
71021000,860,4782,132250,-3290,7945,128227,121,19224,451,1,60329,0.0010000000000047748
71022000,392,15441,130221,-2457,10515,122737,106,19231,496,1,60330,0.000999999999990564
71023000,4136,3399,129741,1869,-6545,132980,106,19228,434,1,60331,0.0010000000000047748
71024000,1719,-8874,127608,1137,-9677,129412,111,19220,455,0,60332,0.0010000000000047748
71025000,10370,-17275,129020,17717,-9180,129992,85,19234,348,0,60333,0.000999999999990564
71026000,3470,5301,129556,6043,-6589,127967,100,19229,410,0,60334,0.0010000000000047748
71027000,1266,-1324,130247,-26717,-5630,132259,126,19229,410,1,60335,0.0010000000000047748
71028000,-1406,7717,133122,1493,10743,125923,113,19224,516,1,60336,0.000999999999990564
71029000,-9958,10040,131822,6542,1738,125989,113,19232,463,1,60337,0.0010000000000047748
71030000,-2383,-336,127670,-23457,-9476,129371,95,19227,389,0,60338,0.0010000000000047748
71031000,-3984,-13589,129427,-9594,-14944,137010,144,19233,590,0,60339,0.000999999999990564
71032000,7280,-2696,129472,11943,1081,126082,105,19230,430,0,60340,0.0010000000000047748
71033000,-6221,14740,130692,-14908,14213,120820,111,19230,430,0,60341,0.0010000000000047748
71034000,-6231,4095,130480,-21949,-960,133169,131,19227,455,1,60342,0.000999999999990564
71035000,-6947,-537,129097,-3131,-4791,134615,131,19228,537,1,60343,0.0010000000000047748
71036000,-6128,6803,128999,-13336,14073,124377,109,19234,446,1,60344,0.0010000000000047748
71037000,-1865,9471,129848,-8721,11359,116111,106,19221,434,0,60345,0.000999999999990564
71038000,-5096,-9256,126850,-9029,-17788,136804,127,19232,520,0,60346,0.0010000000000047748
71039000,600,-10855,125145,-3402,-9654,132426,103,19232,520,0,60347,0.0010000000000047748
71040000,-6285,6745,129679,-7610,3814,124592,128,19230,422,1,60348,0.000999999999990564
71041001,-6830,9557,128078,-10276,7127,120109,128,19219,524,1,60349,0.00100100000000225
71042002,-6478,15860,128889,-13972,13326,123579,115,19229,471,1,60350,0.00100100000000225
71043002,-620,1969,126626,-1798,-1258,126357,99,19232,405,1,60351,0.0010000000000047748
71044000,-1546,3475,122677,5214,1502,118794,137,19235,561,0,60352,0.0009979999999956135
71045000,921,5119,123886,-14714,3439,124040,106,19235,434,0,60353,0.0010000000000047748
71046014,4849,11,124165,2389,-700,128294,110,19230,434,0,60354,0.00101399999999785
71047000,1813,3574,126898,6077,-784,129745,160,19224,451,1,60355,0.0009859999999974889
71048000,-2375,2239,124196,-12380,6477,117454,160,19232,655,1,60356,0.0010000000000047748
71049000,-1353,27692,128123,-1538,18003,118812,107,19232,438,1,60357,0.000999999999990564
71050000,8576,2733,123732,5748,-11589,130347,100,19226,410,0,60358,0.0010000000000047748
71051002,8540,-7679,124074,7309,-8365,126268,84,19226,344,0,60359,0.0010019999999997253
71052003,7342,-4173,125688,1294,-5123,124791,113,19231,344,0,60360,0.00100100000000225
71053000,3815,1872,127187,8572,4421,118544,123,19227,463,0,60361,0.0009969999999981383
71054000,3400,13219,129032,2104,-5101,131648,123,19224,504,1,60362,0.0010000000000047748
71055000,2938,-836,126408,-2367,1923,126349,110,19230,451,1,60363,0.000999999999990564
71056000,7438,11908,128294,8775,8337,121381,97,19231,397,1,60364,0.0010000000000047748
71057000,10822,4496,126465,7243,-2011,122523,128,19231,524,0,60365,0.0010000000000047748
71058000,11110,-791,125318,10711,-14457,132561,96,19226,524,0,60366,0.000999999999990564
71059000,8362,-18646,125997,4257,-16399,134803,102,19228,393,0,60367,0.0010000000000047748
71060000,4971,3275,130176,-4460,3329,122396,102,19225,418,1,60368,0.0010000000000047748
71061000,-666,22555,132804,6214,13944,124324,137,19227,561,1,60369,0.000999999999990564
71062000,-142,9953,130864,1275,-3495,125896,109,19236,446,1,60370,0.0010000000000047748
71063000,3949,-1435,128076,-5831,-10946,132177,101,19225,414,1,60371,0.0010000000000047748
71064000,12215,-14765,125412,5738,-9954,128586,132,19225,414,0,60372,0.000999999999990564
71065000,11092,5188,133106,20536,2707,121091,105,19230,541,0,60373,0.0010000000000047748
71066000,3050,-3734,128992,-15958,-13799,135163,105,19229,430,0,60374,0.0010000000000047748
71067003,-1164,-1213,133716,-16491,1694,129527,111,19219,455,1,60375,0.0010029999999972006
71068000,-8298,7354,134520,10519,1450,132137,111,19232,455,1,60376,0.0009969999999981383
71069003,-5320,-643,130597,-11180,1074,126937,97,19231,397,1,60377,0.0010029999999972006
71070000,-3666,-963,130140,-15933,-10086,129812,120,19231,397,0,60378,0.0009969999999981383
71071000,21,-9565,127254,6739,-8869,131534,106,19224,491,0,60379,0.0010000000000047748
71072000,2477,-1023,129700,-1942,2492,127124,106,19226,434,0,60380,0.0010000000000047748
71073001,-7990,10493,132958,-15205,1243,127576,111,19224,455,1,60381,0.0010009999999880392
71074000,-7261,2337,128192,-9638,1291,133249,145,19230,594,1,60382,0.0009990000000072996
71075000,-10219,2199,130712,-12032,1570,134262,117,19230,479,1,60383,0.0010000000000047748
71076001,-3652,8119,128911,-11711,7874,121795,99,19230,479,1,60384,0.0010009999999880392
71077000,-1180,901,126824,-1877,-7066,131558,167,19228,405,0,60385,0.0009990000000072996
71078001,-1633,-5920,124567,-4954,-3999,128310,167,19234,684,0,60386,0.00100100000000225
71079000,-697,5475,127782,-9758,3189,123146,101,19229,414,0,60387,0.0009989999999930887
71080000,-3218,3169,125853,-6158,1863,126466,107,19221,438,1,60388,0.0010000000000047748
71081002,-7918,9998,129015,-8933,8827,126488,119,19228,487,1,60389,0.0010019999999997253
71082000,-8494,2382,128396,-9011,-5286,127132,107,19228,487,1,60390,0.0009979999999956135
71083000,-3354,5427,126079,-1881,7412,123726,114,19228,438,0,60391,0.0010000000000047748
71084000,787,736,124343,-5683,-2581,130886,114,19226,467,0,60392,0.0010000000000047748
71085000,6742,-2534,123357,7242,-4215,114576,96,19228,393,0,60393,0.000999999999990564
71086000,-644,4150,126377,-6855,1802,127785,105,19226,430,0,60394,0.0010000000000047748
71087000,-2419,2950,127817,-10630,30,129756,134,19224,549,1,60395,0.0010000000000047748
71088002,-5620,10617,127083,6370,8193,119785,110,19224,451,1,60396,0.0010019999999997253
71089002,41,6731,125001,-4645,2302,132372,91,19232,451,1,60397,0.000999999999990564
71090002,7115,5078,121691,4689,4858,115765,112,19229,373,0,60398,0.0010000000000047748
71091000,10569,4707,123535,8349,-3381,133117,112,19230,459,0,60399,0.0009979999999956135
71092000,12398,-4899,123900,9714,-10892,121465,112,19228,459,0,60400,0.0010000000000047748
71093000,3784,2273,128248,8022,-566,131438,113,19222,463,1,60401,0.0010000000000047748
71094000,1190,-4889,127612,-3568,-7366,128475,125,19222,512,1,60402,0.000999999999990564
71095000,1938,13909,128498,4310,6905,122770,102,19228,512,1,60403,0.0010000000000047748
71096000,7034,6373,128086,6991,-6805,129855,105,19233,418,1,60404,0.0010000000000047748
71097000,12607,5333,123624,2752,6298,114824,105,19218,430,0,60405,0.000999999999990564
71098000,9750,2143,128422,11442,-14061,138957,86,19229,352,0,60406,0.0010000000000047748
71099003,7958,-15121,124472,933,-3429,123143,105,19228,430,0,60407,0.0010029999999972006
71100002,6602,-5075,127377,-993,-362,134935,124,19228,508,1,60408,0.0009990000000072996
71101000,-1510,8311,131193,2441,16014,117146,111,19225,508,1,60409,0.0009979999999956135
71102000,2812,21908,130476,325,4542,124664,98,19226,455,1,60410,0.0010000000000047748
71103001,3138,-4684,130907,1749,-15627,137617,98,19229,401,0,60411,0.0010009999999880392
71104003,7818,-11046,129101,-219,-16152,128399,147,19231,602,0,60412,0.0010019999999997253
71105002,10380,-15495,126982,23595,-9174,133832,105,19233,430,0,60413,0.0009990000000072996
71106006,-1608,7200,131363,-17138,1101,122853,105,19226,430,0,60414,0.0010039999999946758
71107015,1976,11637,128507,-14709,3061,132043,142,19226,430,1,60415,0.0010089999999962629
71108000,-5369,13366,135090,7086,10325,124328,105,19228,582,1,60416,0.0009850000000000136
71109000,-2251,3025,128899,-13667,-1505,123908,105,19227,430,1,60417,0.0010000000000047748
71110000,-4640,-8446,130139,-8280,-21448,140476,105,19217,430,0,60418,0.0010000000000047748
71111000,608,-17426,128158,2288,-8545,128821,93,19232,381,0,60419,0.000999999999990564
71112000,-1828,1249,132990,-1699,753,132955,110,19229,451,0,60420,0.0010000000000047748
71113001,-6952,9533,132506,-16765,10848,118923,125,19229,451,1,60421,0.00100100000000225
71114000,-9318,9674,131408,-14193,-3345,138834,115,19221,512,1,60422,0.0009989999999930887
71115000,-10348,-696,128321,-4073,1191,125329,115,19230,471,1,60423,0.0010000000000047748
71116000,-4197,16872,130370,-8795,7464,123092,100,19231,410,1,60424,0.0010000000000047748
71117000,-5560,-1088,127395,-10349,-10625,130881,136,19222,557,0,60425,0.000999999999990564
71118000,-3358,-2029,126542,-4911,-6030,122599,103,19228,422,0,60426,0.0010000000000047748
71119000,-2821,-5710,127559,-586,-5519,141986,106,19228,422,0,60427,0.0010000000000047748
71120002,-3578,9399,126231,-10269,8901,110274,142,19228,434,1,60428,0.0010019999999997253
71121000,-6173,13832,127747,-16835,3888,128563,142,19228,582,1,60429,0.0009979999999956135
71122000,-4939,6379,128108,-4288,5670,126609,115,19231,471,1,60430,0.0010000000000047748
71123000,1356,10109,126961,603,1744,120632,105,19224,430,0,60431,0.000999999999990564
71124000,-1084,-7050,124366,-3678,-13946,135291,108,19229,442,0,60432,0.0010000000000047748
71125000,-4198,-7135,121559,-5371,-4036,118723,115,19229,442,0,60433,0.0010000000000047748
71126000,1612,7266,127220,-3500,791,127054,125,19229,471,0,60434,0.000999999999990564
71127000,-1128,20342,127345,4047,17293,117590,125,19218,512,1,60435,0.0010000000000047748
71128000,-1832,9585,125293,-8360,6307,128508,112,19228,459,1,60436,0.0010000000000047748
71129000,3053,5782,125338,-3345,4005,120791,100,19229,410,1,60437,0.000999999999990564
71130000,10724,1330,123085,10610,-438,124597,121,19232,496,0,60438,0.0010000000000047748
71131000,12352,-9156,124039,18796,-9485,130455,104,19232,496,0,60439,0.0010000000000047748
71132000,3262,-8149,125760,-2270,-14233,124407,111,19230,426,0,60440,0.000999999999990564
71133000,6883,-7883,126766,-5207,-8727,135908,111,19225,455,1,60441,0.0010000000000047748
71134000,-2439,13101,128617,14474,10779,116664,149,19228,610,1,60442,0.0010000000000047748
71135000,2618,17302,128124,-2965,7578,121024,113,19230,463,1,60443,0.000999999999990564
71136002,6426,3551,125345,444,-1067,123871,96,19224,393,0,60444,0.0010019999999997253
71137002,9701,6577,128087,7248,-1021,130777,121,19224,496,0,60445,0.0010000000000047748
71138000,13940,-12217,125260,13169,-16998,130937,106,19233,496,0,60446,0.0009979999999956135
71139000,1940,-4122,129677,8904,-5417,130600,113,19233,434,0,60447,0.0010000000000047748
71140000,4708,-3894,130355,-15717,-7694,135992,113,19222,463,1,60448,0.0010000000000047748
71141000,-2171,18339,130246,8130,17585,112489,109,19226,446,1,60449,0.000999999999990564
71142000,2875,14838,129609,2714,-12571,139739,101,19230,414,1,60450,0.0010000000000047748
71143000,9615,-1814,124277,-7080,-9288,121665,116,19230,475,0,60451,0.0010000000000047748
71144019,9140,-6547,129020,26021,-10326,134871,93,19223,475,0,60452,0.001018999999999437
71145000,11010,-18792,128758,10846,-10750,134611,103,19231,381,0,60453,0.0009809999999959018
71146000,-4377,9176,132798,-18137,17698,116184,103,19230,422,1,60454,0.0010000000000047748
71147000,-594,11679,133776,-944,-8618,143592,138,19224,565,1,60455,0.000999999999990564
71148001,-9625,-2390,128675,-1530,-1370,122070,111,19228,455,1,60456,0.00100100000000225
71149000,-3310,688,131395,-21733,-9394,135939,94,19228,385,1,60457,0.0009990000000072996
71150000,2123,-6698,129732,4279,-6662,127067,132,19227,385,0,60458,0.000999999999990564
71151000,3381,9241,128972,3597,4432,122309,106,19231,541,0,60459,0.0010000000000047748
71152000,-1052,2356,131672,-20244,-10307,137377,106,19229,434,0,60460,0.0010000000000047748
71153000,-8667,-531,128871,-9348,-2078,121925,115,19224,471,1,60461,0.000999999999990564
71154000,-10848,5957,133940,-6588,2684,134702,129,19228,528,1,60462,0.0010000000000047748
71155000,-11261,21681,129694,-15081,9497,116723,103,19231,422,1,60463,0.0010000000000047748
71156003,-702,10777,129079,-8790,-3547,128594,112,19231,422,1,60464,0.0010029999999972006
71157000,-1055,-10649,126499,-5184,-11317,134898,103,19217,459,0,60465,0.0009969999999981383
71158000,2134,-6429,124609,-2326,-178,118628,103,19230,422,0,60466,0.0010000000000047748
71159001,-3173,12043,128421,-12348,7441,127721,101,19228,414,0,60467,0.00100100000000225
71160000,-4696,5147,128072,-13276,2525,124230,130,19226,532,1,60468,0.0009989999999930887
71161000,-3296,6403,127864,-2089,1485,129488,115,19227,471,1,60469,0.0010000000000047748
71162000,-8239,9592,127218,-10567,10423,122866,98,19227,471,1,60470,0.000999999999990564
71163000,1350,6073,123857,-5087,3543,120478,129,19235,401,0,60471,0.0010000000000047748
71164000,121,-1845,125530,7700,-5856,132678,129,19235,528,0,60472,0.0010000000000047748
71165000,660,-1294,123008,-6393,-2603,122988,104,19228,426,0,60473,0.000999999999990564
71166000,74,600,128518,-9300,4048,126745,108,19222,442,1,60474,0.0010000000000047748
71167000,-3018,13223,128597,7151,6296,123309,140,19235,573,1,60475,0.0010000000000047748
71168000,-1596,7566,124272,-2306,1224,128399,103,19235,573,1,60476,0.000999999999990564
71169000,2952,5868,126135,-6251,5198,123845,104,19233,422,0,60477,0.0010000000000047748
71170000,10678,6135,122657,11346,924,118750,104,19224,426,0,60478,0.0010000000000047748
71171001,10109,3501,124294,6351,-5053,127581,88,19227,360,0,60479,0.0010009999999880392
71172001,7138,-5159,123981,832,-231,125672,111,19226,455,0,60480,0.0010000000000047748
71173000,3963,-4166,128431,6520,-8497,132417,128,19223,524,1,60481,0.0009990000000072996
71174000,2465,9049,125711,-472,16070,117434,114,19223,524,1,60482,0.000999999999990564
71175000,7957,16359,129419,2107,8525,127327,95,19228,467,1,60483,0.0010000000000047748
71176000,9518,-3737,124455,12180,-7937,126529,95,19232,389,0,60484,0.0010000000000047748
71177000,10009,-3837,126249,5670,-4295,127115,140,19232,573,0,60485,0.000999999999990564
71178000,6671,-13734,126835,4478,-14302,134222,104,19232,426,0,60486,0.0010000000000047748
71179000,6936,-3059,129610,7129,-8056,124602,105,19226,430,0,60487,0.0010000000000047748
71180000,2217,9935,131186,867,7587,130078,129,19226,528,1,60488,0.000999999999990564
71181000,788,16812,131760,-1770,12334,124307,108,19226,528,1,60489,0.0010000000000047748
71182003,2711,4316,129360,499,-1220,125995,105,19233,442,1,60490,0.0010029999999972006
71183000,6157,-3270,128497,5782,-8025,131925,105,19226,430,0,60491,0.0009969999999981383
71184002,11767,-15597,127510,4126,-18166,130315,111,19232,455,0,60492,0.0010019999999997253
71185000,3271,1701,132390,18475,-303,130636,102,19227,418,0,60493,0.0009980000000098244
71186003,985,240,129316,-17990,-3211,126693,118,19227,483,1,60494,0.0010029999999972006
71187000,-4558,15309,133468,-16358,14755,123914,106,19221,483,1,60495,0.0009969999999981383
71188000,-3396,7726,132366,5784,1621,135171,96,19233,434,1,60496,0.0010000000000047748
71189002,-1023,-7811,127052,3172,-16893,129380,96,19231,393,0,60497,0.0010019999999997253
71190000,-2340,-8053,130794,-21869,-9260,129617,131,19231,537,0,60498,0.0009979999999956135
71191000,6019,-565,128621,1726,7981,126364,103,19228,422,0,60499,0.0010000000000047748
71192000,-525,1742,130455,9118,4917,132479,109,19228,446,0,60500,0.000999999999990564
71193000,-9114,5904,130052,-26296,2868,127876,139,19223,446,1,60501,0.0010000000000047748
71194000,-11373,768,129328,-6739,2584,131982,109,19228,569,1,60502,0.0010000000000047748
71195000,-5373,7331,130279,-2028,11366,122070,109,19233,446,1,60503,0.000999999999990564
71196002,-4094,9911,129157,-6704,-3470,128670,100,19225,410,0,60504,0.0010019999999997253
71197000,-2436,-9136,125921,-11707,-12958,132231,137,19236,561,0,60505,0.0009980000000098244
71198001,-3224,-7591,126408,-3304,2750,128891,104,19228,426,0,60506,0.0010009999999880392
71199000,-2211,6761,128003,-8649,6738,119434,114,19228,426,1,60507,0.0009990000000072996
71200001,-8095,17956,128535,-10138,7631,122974,110,19222,467,1,60508,0.00100100000000225
71201000,-9010,9336,127147,-17956,-9540,134819,110,19229,451,1,60509,0.0009989999999930887
71202000,532,3621,129886,-895,-476,118717,101,19232,414,1,60510,0.0010000000000047748
71203000,374,7212,125692,6184,-5176,124818,126,19227,516,0,60511,0.0010000000000047748
71204000,3531,-13,126465,-7474,-2970,125670,103,19232,422,0,60512,0.000999999999990564
71205000,-673,-783,122922,-8405,-2128,126497,110,19232,422,0,60513,0.0010000000000047748
71206000,1316,1656,125983,-440,3463,130990,146,19226,451,1,60514,0.0010000000000047748
71207000,-3457,15329,125402,-3697,26864,111901,146,19224,598,1,60515,0.000999999999990564
71208000,77,11905,126794,-4584,2443,128252,109,19232,446,1,60516,0.0010000000000047748
71209000,7145,-3361,122385,12989,-7862,128859,93,19227,381,0,60517,0.0010000000000047748
71210000,5553,-2725,121990,1663,-7521,125329,101,19232,414,0,60518,0.000999999999990564
71211001,11493,798,126221,7057,88,118894,118,19232,414,0,60519,0.00100100000000225
71212000,3196,3225,127258,14336,-4968,128010,119,19226,483,0,60520,0.0009990000000072996
71213000,5371,-6499,126427,-9008,-4352,140224,119,19219,487,1,60521,0.000999999999990564
71214002,2747,11736,130464,1225,7176,113547,108,19228,442,1,60522,0.0010019999999997253
71215000,5766,8694,124473,13227,5537,126628,101,19231,414,1,60523,0.0009980000000098244
71216000,9691,6029,126543,370,8861,121621,117,19221,479,0,60524,0.000999999999990564
71217000,8971,-8075,124339,3661,-15402,135941,107,19221,479,0,60525,0.0010000000000047748
71218000,10123,-17924,125534,21926,-19404,137193,111,19226,438,0,60526,0.0010000000000047748
71219000,53,8863,129230,-8019,9902,114744,111,19224,455,1,60527,0.000999999999990564
71220000,3145,6208,132196,-6622,2037,134222,134,19225,549,1,60528,0.0010000000000047748
71221000,144,13767,130536,12737,10123,121509,113,19228,463,1,60529,0.0010000000000047748
71222000,3557,-2524,127623,-7031,-12059,137659,98,19230,401,1,60530,0.000999999999990564
71223000,8690,-7093,126621,4718,-7224,118784,150,19230,614,0,60531,0.0010000000000047748
71224000,8559,-4308,131961,13928,-4025,130648,106,19231,614,0,60532,0.0010000000000047748
71225002,8334,-14612,129149,6302,-9245,143199,109,19230,434,0,60533,0.0010019999999997253
71226000,-1574,2539,130765,-19011,3793,122206,109,19224,446,1,60534,0.0009979999999956135
71227002,-6293,7908,132533,-1197,5235,132431,134,19226,549,1,60535,0.0010019999999997253
71228002,-9484,8098,128844,1733,723,122631,101,19232,414,1,60536,0.0010000000000047748
71229000,643,-7487,129936,-19083,-11094,136682,110,19232,451,0,60537,0.0009979999999956135
71230000,-340,-3454,130465,1858,-6888,130126,88,19221,451,0,60538,0.000999999999990564
71231000,1500,8871,130663,-1398,6711,127588,107,19228,360,0,60539,0.0010000000000047748
71232000,-4316,5037,133831,-14119,328,134065,107,19229,438,0,60540,0.0010000000000047748
71233000,-8986,-5843,128968,-9810,-8187,133227,134,19224,549,1,60541,0.000999999999990564
71234002,-9621,6018,130334,-12530,4134,128790,114,19231,467,1,60542,0.0010020000000139362
71235000,-5990,14972,128814,-11868,13649,117412,97,19231,397,1,60543,0.0009979999999956135
71236000,-2085,4784,129226,-12355,-4673,137252,146,19226,397,0,60544,0.000999999999990564
71237000,-2911,-5806,124654,1101,-13322,126040,103,19226,598,0,60545,0.0010000000000047748
71238000,-3539,-7983,125125,-10230,-1811,129534,103,19235,422,0,60546,0.0010000000000047748
71239000,-1961,1954,130126,-15221,7120,126161,105,19227,430,1,60547,0.000999999999990564
71240030,-7970,15169,128630,-1696,15782,118849,136,19228,557,1,60548,0.0010300000000000864
71241000,-8863,9719,127742,-20887,-290,132624,109,19231,446,1,60549,0.0009700000000094633
71242000,-3695,-970,125251,710,-4315,124318,106,19231,446,0,60550,0.000999999999990564
71243000,1273,4219,125530,5859,-8060,127130,83,19221,434,0,60551,0.0010000000000047748
71244000,3414,3299,124080,-7147,3365,119019,83,19230,340,0,60552,0.0010000000000047748
71245000,2069,12916,128100,-9053,4764,124874,108,19228,442,0,60553,0.000999999999990564
71246000,2772,2494,125631,8013,-3468,130427,126,19221,516,1,60554,0.0010000000000047748
71247000,-7721,3709,123898,-5729,-1583,123818,113,19230,463,1,60555,0.0010000000000047748
71248002,417,8349,128290,-9595,5252,121042,94,19230,463,1,60556,0.0010019999999997253
71249002,8058,23689,125612,14289,4895,119263,132,19229,385,0,60557,0.000999999999990564
71250000,9726,-277,124455,4211,-19040,134068,132,19232,541,0,60558,0.0009980000000098244
71251000,9380,-11093,124604,3756,-3950,123022,115,19225,471,0,60559,0.000999999999990564
71252000,2633,-1910,128519,7335,-7714,126338,116,19229,475,1,60560,0.0010000000000047748
71253000,4134,3085,127438,259,4195,124855,142,19228,582,1,60561,0.0010000000000047748
71254002,2447,14165,129847,-1890,7395,126429,110,19228,582,1,60562,0.0010019999999997253
71255000,9050,323,124215,8315,-2973,127160,100,19230,451,1,60563,0.0009979999999956135
71256000,9921,5954,125281,9518,3789,117488,100,19222,410,0,60564,0.0010000000000047748
71257000,9387,-4651,126664,7910,-14759,135267,114,19230,467,0,60565,0.000999999999990564
71258000,10676,-11812,126238,6049,-10281,130547,100,19228,410,0,60566,0.0010000000000047748
71259000,5685,3647,128532,1201,1734,129057,112,19224,459,1,60567,0.0010000000000047748
71260000,699,5381,131313,1455,13871,121823,109,19224,459,1,60568,0.000999999999990564
71261000,-393,9883,129748,-567,-1010,122320,100,19226,446,1,60569,0.0010000000000047748
71262000,4525,-8436,129556,2875,-18062,142786,100,19229,410,0,60570,0.0010000000000047748
71263000,5842,-7347,126316,1341,-9225,123960,129,19224,528,0,60571,0.000999999999990564
71264000,9103,-416,131005,11427,-4761,122990,99,19231,405,0,60572,0.0010000000000047748
71265000,108,1091,129992,654,-2494,131887,102,19227,418,0,60573,0.0010000000000047748
71266000,-106,-1999,130357,-24147,-3076,130778,149,19227,418,1,60574,0.000999999999990564
71267000,-5078,15418,134771,4337,13185,127758,107,19229,610,1,60575,0.0010000000000047748
71268000,-2992,7451,129755,3789,1158,122835,107,19231,438,1,60576,0.0010000000000047748
71269000,-1855,-13730,127171,-18719,-19722,135157,97,19227,397,0,60577,0.000999999999990564
71270001,-1266,-17626,130046,-5063,-16893,133458,119,19231,487,0,60578,0.00100100000000225
71271000,1369,4462,128779,10100,9156,126445,108,19224,442,0,60579,0.0009990000000072996
71272000,-9775,16088,131277,-23026,16158,119309,118,19224,483,1,60580,0.000999999999990564
71273000,-6525,3012,131086,-16472,-2337,130425,111,19220,483,1,60581,0.0010000000000047748
71274000,-7505,-10625,126528,-806,-13547,142209,102,19223,455,1,60582,0.0010000000000047748
71275000,-5291,16397,131410,-10001,15337,115057,102,19232,418,1,60583,0.000999999999990564
71276000,-2777,11633,130500,-9287,3691,126374,123,19213,504,0,60584,0.0010000000000047748
71277000,-4509,-8927,123681,-6883,-11203,132544,105,19229,430,0,60585,0.0010000000000047748
71278000,-2395,942,129308,-4752,-2228,131516,106,19229,434,0,60586,0.000999999999990564
71279001,-5313,9540,127873,-11252,9393,116503,147,19224,434,1,60587,0.00100100000000225
71280000,-6971,14893,127669,-9492,11122,126411,117,19224,602,1,60588,0.0009990000000072996
71281000,-3617,3139,129261,-12149,-609,130011,117,19228,479,1,60589,0.000999999999990564
71282001,3512,3939,125110,1058,2291,119328,102,19230,418,0,60590,0.00100100000000225
71283000,-3096,-2325,124353,6423,-12291,130979,117,19231,479,0,60591,0.0009990000000072996
71284000,-2012,3051,123605,-17918,5277,116960,112,19231,459,0,60592,0.000999999999990564
71285000,2882,8510,127093,-691,487,132387,114,19233,459,0,60593,0.0010000000000047748
71286000,-365,2444,126958,6788,8480,126144,129,19222,467,1,60594,0.0010000000000047748
71287001,235,13281,126385,-2580,3856,118988,129,19231,528,1,60595,0.00100100000000225
71288001,1315,15439,124556,5746,274,120669,101,19232,414,1,60596,0.000999999999990564
71289000,11490,4086,123792,6080,-2245,125293,112,19228,459,0,60597,0.0009990000000072996
71290003,9839,-4780,124352,8400,-10597,130050,94,19229,385,0,60598,0.0010029999999972006
71291000,7401,-3238,125030,-344,-4415,122339,104,19229,385,0,60599,0.0009969999999981383
71292000,4706,-320,126756,1435,1999,127603,135,19229,426,1,60600,0.0010000000000047748
71293000,2833,9142,129265,5482,11220,123138,135,19228,553,1,60601,0.000999999999990564
71294000,2730,9508,125941,2421,1892,125380,113,19230,463,1,60602,0.0010000000000047748
71295000,7067,2160,127079,-3390,-4769,128591,94,19226,385,1,60603,0.0010000000000047748
71296006,10997,1261,128882,15866,-12371,122779,133,19231,545,0,60604,0.0010059999999896263
71297000,11372,-1368,126908,18771,-19537,129600,102,19231,545,0,60605,0.0009940000000057125
71298000,4143,-5357,129250,-10892,-2774,133098,105,19229,418,0,60606,0.0010000000000047748
71299000,3390,6186,131148,-6519,13994,124053,105,19222,430,1,60607,0.000999999999990564
71300000,1839,10962,128603,12662,9564,130071,122,19229,500,1,60608,0.0010000000000047748
71301000,633,8106,128675,-3141,1308,121914,104,19226,426,1,60609,0.0010000000000047748
71302000,8002,-9597,125408,-3677,-18294,135016,110,19220,451,0,60610,0.000999999999990564
71303000,12833,-13084,128269,23683,-6551,131284,94,19220,451,0,60611,0.0010000000000047748
71304000,7496,-268,128182,3633,-3914,124999,107,19226,385,0,60612,0.0010000000000047748
71305000,1599,4741,132196,-24519,4775,125382,107,19229,438,0,60613,0.000999999999990564
71306000,-4924,9734,134729,3135,1312,130750,130,19223,532,1,60614,0.0010000000000047748
71307000,-8638,-8769,128858,-2922,-7276,143279,114,19229,467,1,60615,0.0010000000000047748
71308000,-3992,789,129204,-21528,-1194,118660,96,19224,393,1,60616,0.000999999999990564
71309000,2718,3568,130347,1546,-1480,127722,146,19224,393,0,60617,0.0010000000000047748
71310014,4484,3223,129580,5859,-1589,127734,105,19228,598,0,60618,0.00101399999999785
71311002,-3572,-153,130413,-11499,-3270,129216,105,19229,430,0,60619,0.0009880000000066502
71312000,-7142,77,130626,-17910,-1959,136946,110,19224,451,1,60620,0.0009979999999956135
71313000,-12094,8842,130669,-5529,10569,121281,133,19229,545,1,60621,0.0010000000000047748
71314002,-9941,12280,131678,-12258,7682,129532,109,19232,446,1,60622,0.0010019999999997253
71315001,-2508,1796,129266,-12833,-2227,127049,108,19232,442,1,60623,0.0009989999999930887
71316001,-1083,-7384,125535,683,-11131,133113,130,19221,442,0,60624,0.0010000000000047748
71317000,1014,-1055,126863,-2804,1198,125597,104,19233,532,0,60625,0.0009989999999930887
71318000,-3385,7729,126380,-11138,9374,117192,104,19228,426,0,60626,0.0010000000000047748
71319012,-3473,6648,131968,-9854,4120,140210,123,19224,504,1,60627,0.0010120000000028995
71320000,-6384,3381,124111,-5551,119,121724,118,19227,483,1,60628,0.0009879999999924394
71321000,-7231,5660,128050,-5706,4117,130198,104,19227,426,1,60629,0.0010000000000047748
71322000,-140,8567,125247,-8455,3510,118373,142,19229,426,0,60630,0.0010000000000047748
71323000,689,-308,124794,-464,-3414,129653,113,19235,582,0,60631,0.000999999999990564
71324000,3297,-1797,125934,-536,-3452,128628,113,19230,463,0,60632,0.0010000000000047748
71325000,-2037,5843,124460,-2740,4304,124849,114,19226,467,1,60633,0.0010000000000047748
71326000,-2208,10823,129196,-3488,6879,128548,163,19227,668,1,60634,0.000999999999990564
71327000,-2915,3173,124299,-4243,-1203,122910,110,19227,451,1,60635,0.0010000000000047748
71328000,5925,9929,127816,2391,7796,123738,104,19231,451,1,60636,0.0010000000000047748
71329000,8597,6815,123189,5229,2364,120711,86,19223,426,0,60637,0.000999999999990564
71330000,7136,-2619,123433,7788,-7512,134738,86,19229,352,0,60638,0.0010000000000047748
71331000,10312,-7710,125637,5061,-7883,123596,110,19228,451,0,60639,0.0010000000000047748
71332000,3076,5129,125860,1299,9535,119511,121,19220,496,1,60640,0.000999999999990564
71333000,3016,13857,129346,4923,9187,128312,110,19228,451,1,60641,0.0010000000000047748
71334000,4306,2270,125394,-962,-3320,123882,100,19228,451,1,60642,0.0010000000000047748
71335000,9887,-2552,123834,9604,-6826,130726,127,19231,410,0,60643,0.000999999999990564
71336000,9790,2038,127498,5081,1975,121525,127,19227,520,0,60644,0.0010000000000047748
71337000,10032,-3568,127282,10764,-11639,131856,97,19231,397,0,60645,0.0010000000000047748
71338000,5793,-6039,128876,2572,-837,131512,101,19228,414,0,60646,0.000999999999990564
71339000,152,6016,128833,-6439,4074,123936,137,19230,561,1,60647,0.0010000000000047748
71340002,2047,12229,129394,8217,5730,124882,111,19230,561,1,60648,0.0010019999999997253
71341000,1271,6319,129606,-2755,-2892,128961,100,19230,455,1,60649,0.0009979999999956135
71342001,8436,-4427,129885,4822,-13334,130995,100,19224,410,0,60650,0.00100100000000225
71343000,7286,-1999,128952,17149,-8932,126665,135,19232,553,0,60651,0.0009990000000072996
71344000,6856,-4582,130591,-5797,-15827,135980,106,19229,434,0,60652,0.000999999999990564
71345000,-2186,-2770,131714,-11029,7688,126496,113,19223,463,1,60653,0.0010000000000047748
71346000,-3699,6456,133009,-2719,5420,129231,114,19223,463,1,60654,0.0010000000000047748
71347000,-5971,4109,130540,220,6549,128169,99,19229,467,1,60655,0.000999999999990564
71348000,-4106,141,128872,-18239,-9992,128045,99,19235,405,1,60656,0.0010000000000047748
71349000,143,-9901,127895,1427,-11487,135941,119,19220,487,0,60657,0.0010000000000047748
71350000,1781,-4838,129550,887,-2879,129906,109,19228,446,0,60658,0.000999999999990564
71351000,-5247,7922,130829,-12715,280,128536,113,19225,463,0,60659,0.0010000000000047748
71352000,-7306,-1694,130300,-15531,-3486,135478,148,19225,463,1,60660,0.0010000000000047748
71353000,-8293,6623,131312,-8918,7673,124915,114,19228,606,1,60661,0.000999999999990564
71354000,-8169,9919,129246,-45,13823,124293,114,19228,467,1,60662,0.0010000000000047748
71355000,-3270,4420,128774,-13986,-4282,125456,97,19229,397,0,60663,0.000999999999990564
71356000,-5129,-9899,126350,-10617,-15810,136733,167,19235,684,0,60664,0.0010000000000047748
71357000,-2236,-775,125823,-1799,1106,122461,106,19239,434,0,60665,0.0010000000000047748
71358001,-2946,11112,129522,-12101,8546,118895,110,19239,434,1,60666,0.00100100000000225
71359002,-6055,3536,127708,-5769,-1608,131834,119,19228,451,1,60667,0.00100100000000225
71360000,-8085,10846,126842,-14997,2114,121221,119,19226,487,1,60668,0.0009979999999956135
71361000,-1571,13397,127777,-8440,8913,126235,105,19231,430,1,60669,0.000999999999990564
71362000,989,7388,127022,6604,3485,119314,115,19228,471,0,60670,0.0010000000000047748
71363000,2037,-6656,124752,-3495,-9979,131017,98,19229,401,0,60671,0.0010000000000047748
71364001,239,-7369,124647,-7553,-6089,129732,109,19229,446,0,60672,0.00100100000000225
71365000,759,10812,125792,526,14050,121127,133,19223,446,1,60673,0.0009989999999930887
71366000,-1767,17688,124268,-95,17328,118965,110,19220,545,1,60674,0.0010000000000047748
71367000,-355,6287,124961,-6858,3634,123944,110,19233,451,1,60675,0.000999999999990564
71368000,7988,-4872,123155,3677,-7228,131363,91,19228,373,0,60676,0.0010000000000047748
71369000,8432,5256,124124,12363,-781,115463,115,19231,471,0,60677,0.0010000000000047748
71370000,8014,-1428,124869,3897,-5324,126724,112,19231,459,0,60678,0.000999999999990564
71371000,5708,-569,125213,-1085,-4716,129463,115,19226,459,0,60679,0.0010000000000047748
71372000,4151,-1156,127364,9022,-3828,125949,125,19223,471,1,60680,0.0010000000000047748
71373000,2492,7447,128490,2242,7635,120795,125,19228,512,1,60681,0.000999999999990564
71374000,5867,16367,128596,1504,11812,123950,102,19232,418,1,60682,0.0010000000000047748
71375000,10344,1275,124349,7215,-3193,126096,106,19220,434,0,60683,0.0010000000000047748
71376002,10687,1741,127781,6847,-12349,127732,87,19226,356,0,60684,0.0010019999999997253
71377002,7310,-20500,125631,14125,-10408,132065,104,19226,356,0,60685,0.000999999999990564
71378000,2960,8691,130967,-5048,7750,123579,124,19228,426,1,60686,0.0009980000000098244
71379000,2557,6458,131070,-4100,-6344,136202,124,19223,508,1,60687,0.000999999999990564
71380000,-318,3926,129098,-378,11477,119506,113,19231,463,1,60688,0.0010000000000047748
71381002,2570,12107,130358,-7646,-4873,129751,97,19230,397,1,60689,0.0010019999999997253
71382002,10574,-12646,124988,13881,-15908,129623,146,19226,598,0,60690,0.0010000000000047748
71383002,11183,-2038,130092,12714,-2923,129526,110,19226,598,0,60691,0.000999999999990564
71384000,2189,-6658,128330,-14436,-9635,130558,107,19230,451,0,60692,0.0009980000000098244
71385003,2384,10286,132004,-11421,12893,119608,107,19225,438,1,60693,0.0010029999999972006
71386001,-4871,2690,134544,6897,-3532,143625,140,19230,573,1,60694,0.0009979999999956135
71387002,-9288,-3244,128761,-7277,-2172,122035,107,19236,438,1,60695,0.00100100000000225
71388001,-616,752,130417,-19504,-8570,132008,103,19225,422,0,60696,0.0009990000000072996
71389000,-2499,-11874,130194,2568,-9138,128457,93,19225,422,0,60697,0.0009989999999930887
71390000,3611,10539,131890,5337,2830,120545,106,19232,381,0,60698,0.0010000000000047748
71391001,-8377,3013,132188,-17811,-11340,139465,106,19230,434,0,60699,0.00100100000000225
71392002,-8229,-2511,130874,-15908,2639,127696,125,19226,512,1,60700,0.0010009999999880392
71393002,-8376,10891,131764,-8111,6839,128783,114,19230,467,1,60701,0.0010000000000047748
71394002,-7211,5566,127220,-11790,10708,124596,98,19232,401,1,60702,0.0010000000000047748
71395000,-316,7757,128080,-8794,-1044,123444,134,19232,401,0,60703,0.0009979999999956135
71396000,-3750,-9651,124328,-2133,-13165,136729,101,19223,549,0,60704,0.0010000000000047748
71397000,2112,712,125199,-4890,4844,120054,101,19232,414,0,60705,0.000999999999990564
71398000,-6519,10438,129699,-15863,6933,125686,105,19227,430,1,60706,0.0010000000000047748
71399000,-3386,8998,128404,-6466,4357,124182,143,19229,586,1,60707,0.0010000000000047748
71400000,-9748,-402,127180,-3339,-4871,131726,112,19230,459,1,60708,0.000999999999990564
71401000,-3214,700,125500,-17528,9378,129257,102,19230,459,0,60709,0.0010000000000047748
71402000,3546,13223,124920,4706,3091,110030,90,19224,418,0,60710,0.0010000000000047748
71403000,247,-1427,123313,1929,-10050,130828,90,19234,369,0,60711,0.000999999999990564
71404000,3664,1610,127464,-11770,-887,127310,108,19228,442,0,60712,0.0010000000000047748
71405000,-3039,6121,126332,3437,4041,126174,121,19221,496,1,60713,0.0010000000000047748
71406000,-3170,11959,126776,-4874,11962,124980,113,19230,463,1,60714,0.000999999999990564
71407000,2627,13316,126877,-4640,8310,119950,96,19230,393,1,60715,0.0010000000000047748
71408000,7638,2393,122701,11811,-39,128544,122,19231,393,0,60716,0.0010000000000047748
71409000,10191,-676,123049,4923,-6835,121148,103,19231,500,0,60717,0.000999999999990564
71410000,8248,-3222,126360,5581,-4856,128133,103,19229,422,0,60718,0.0010000000000047748
71411000,5087,589,127234,8715,-1858,125773,111,19225,455,1,60719,0.0010000000000047748
71412000,956,2988,126272,522,4609,125231,148,19228,606,1,60720,0.000999999999990564
71413000,2966,9902,131020,-4854,6151,135462,112,19228,459,1,60721,0.0010000000000047748
71414002,9172,6561,123548,12408,1107,115149,96,19229,459,1,60722,0.0010019999999997253
71415000,10775,3741,127242,4488,-76,128186,121,19224,393,0,60723,0.0009979999999956135
71416002,12465,-8125,126106,8616,-14984,125587,121,19230,496,0,60724,0.0010019999999997253
71417000,9263,-13603,125854,13992,-18109,134228,105,19231,430,0,60725,0.0009980000000098244
71418000,1534,5361,131914,-4020,3620,126026,111,19222,455,1,60726,0.000999999999990564
71419000,-278,17134,132259,-5699,14371,121926,103,19222,422,1,60727,0.0010000000000047748
71420000,-1587,9032,129930,7361,5254,127044,99,19227,422,1,60728,0.0010000000000047748
71421000,4622,-2489,127405,-825,-6906,131678,123,19230,405,0,60729,0.000999999999990564
71422000,11506,-13341,126760,419,-17072,127322,123,19224,504,0,60730,0.0010000000000047748
71423000,9488,5176,131790,22658,1487,126771,98,19230,401,0,60731,0.0010000000000047748
71424000,2987,-1513,128696,-7212,-5039,139830,105,19229,430,0,60732,0.000999999999990564
71425000,-1438,7665,135290,-20107,11767,117015,140,19227,573,1,60733,0.0010000000000047748
71426000,-6268,10932,131673,6120,-4232,130750,112,19227,573,1,60734,0.0010000000000047748
71427000,-4877,-3624,129956,-3718,-8601,129200,98,19231,459,1,60735,0.000999999999990564
71428000,-1865,-9089,128551,-12778,-17816,131975,98,19224,401,0,60736,0.0010000000000047748
71429000,4922,-996,129424,5848,8482,125999,125,19232,512,0,60737,0.0010000000000047748
71430000,-2251,10358,130999,-768,2621,123968,108,19230,442,0,60738,0.000999999999990564
71431000,-4861,323,131403,-22505,133,130981,116,19223,475,1,60739,0.0010000000000047748
71432001,-11715,3951,130123,-11828,-2195,130066,122,19223,475,1,60740,0.00100100000000225
71433000,-9522,3819,129295,-8185,8350,127455,108,19229,500,1,60741,0.0009989999999930887
71434000,-2113,15974,132080,-5781,8084,121663,108,19228,442,1,60742,0.0010000000000047748
71435000,-2734,-5578,126417,-8054,-16867,132621,117,19216,479,0,60743,0.0010000000000047748
71436000,-1658,-7076,125505,-2717,-6816,135355,91,19229,373,0,60744,0.000999999999990564
71437000,-3546,5855,127765,-6932,1963,117900,101,19235,414,0,60745,0.0010000000000047748
71438001,-2697,13301,129427,-10185,11122,125149,135,19235,414,1,60746,0.00100100000000225
71439000,-12087,10942,129875,-6317,4084,128790,120,19220,553,1,60747,0.0009989999999930887
71440000,-5524,-3543,124895,-12684,3657,126135,120,19240,491,1,60748,0.0010000000000047748
71441000,3137,5083,127138,3455,7763,127587,104,19227,426,0,60749,0.0010000000000047748
71442000,-1693,-2661,121595,-1838,-5986,121154,132,19232,541,0,60750,0.000999999999990564
71443000,7439,2953,124390,-6389,1832,127042,107,19228,438,0,60751,0.0010000000000047748
71444000,-3200,2841,126190,-744,1200,128064,112,19228,438,0,60752,0.0010000000000047748
71445000,540,11343,126368,-1984,9118,122036,144,19220,459,1,60753,0.000999999999990564
71446000,-5401,11636,126435,-9754,8078,124261,144,19227,590,1,60754,0.0010000000000047748
71447000,4388,6081,125392,-1543,1088,123898,107,19229,438,1,60755,0.0010000000000047748
71448000,12270,8191,123721,26244,2156,125680,104,19225,426,0,60756,0.000999999999990564
71449000,3551,-2937,122222,-3468,-4866,119284,86,19230,352,0,60757,0.0010000000000047748
71450000,10826,-4410,126361,2954,-377,132973,113,19230,352,0,60758,0.0010000000000047748
71451000,2639,553,125962,15389,590,123968,131,19224,463,1,60759,0.000999999999990564
71452001,4286,6310,128354,-4061,6914,124331,112,19225,537,1,60760,0.00100100000000225
71453002,1611,5658,127863,1774,1147,126406,112,19224,459,1,60761,0.00100100000000225
71454000,8059,1719,125607,9642,-4568,124799,98,19230,401,1,60762,0.0009979999999956135
71455000,13692,-2440,126441,6550,55,127001,139,19226,569,0,60763,0.0010000000000047748
71456000,6637,2622,129728,9412,-6523,127085,108,19226,442,0,60764,0.0010000000000047748
71457002,6638,-10639,125037,3877,-12162,134987,107,19231,442,0,60765,0.0010019999999997253
71458000,356,9861,131728,-5760,12123,123343,131,19227,438,1,60766,0.0009979999999956135
71459000,2098,8619,129923,1956,4352,133483,131,19230,537,1,60767,0.0010000000000047748
71460000,6071,17513,127143,11237,15125,119127,113,19232,463,1,60768,0.000999999999990564
71461000,4105,-4706,129980,-7360,-10375,132397,106,19222,434,0,60769,0.0010000000000047748
71462000,11784,-16923,128050,9860,-17574,130656,123,19222,504,0,60770,0.0010000000000047748
71463000,4280,6095,129870,12818,-1272,126594,101,19231,504,0,60771,0.000999999999990564
71464000,2396,-3388,131540,-15056,-5694,133699,117,19229,414,0,60772,0.0010000000000047748
71465000,-1688,14956,134346,-9753,10063,121158,117,19222,479,1,60773,0.0010000000000047748
71466002,-7368,2959,132428,1963,-138,134847,110,19232,451,1,60774,0.0010019999999997253
71467000,-3154,-6771,129929,-8325,-9053,125009,97,19223,397,1,60775,0.0009979999999956135
71468000,-1093,-5499,128988,-8308,-10609,135963,134,19224,549,0,60776,0.0010000000000047748
71469000,2500,596,128460,2092,-3768,122103,103,19224,549,0,60777,0.000999999999990564
71470000,-3805,10019,131882,-4562,6903,129017,107,19227,422,0,60778,0.0010000000000047748
71471000,-5493,-11286,131591,-14090,-4699,134711,107,19226,438,1,60779,0.0010000000000047748
71472000,-9626,13062,129870,-10266,3218,124541,143,19229,586,1,60780,0.000999999999990564
71473000,-12028,6791,130082,-12801,1428,136107,113,19232,463,1,60781,0.0010000000000047748
71474000,-364,8179,129315,-8494,7737,117420,102,19225,418,1,60782,0.0010000000000047748
71475000,-4839,1315,127166,-4229,-8715,133654,147,19225,418,0,60783,0.000999999999990564
71476000,-1718,-8117,124398,-7543,843,125562,101,19232,602,0,60784,0.0010000000000047748
71477002,-1844,3337,127470,-15348,-208,124918,101,19230,414,0,60785,0.0010019999999997253
71478002,-2548,4575,129045,-636,4160,130195,115,19220,471,1,60786,0.0010000000000047748
71479000,-6432,15099,128632,-6414,11669,116969,108,19228,442,1,60787,0.0009979999999956135
71480002,-9165,3270,127170,-16979,-3798,133411,105,19232,430,1,60788,0.0010019999999997253
71481000,-242,1642,126069,1906,-1031,123841,125,19232,430,0,60789,0.0009979999999956135
71482000,-285,-3633,123929,1604,-5160,127809,99,19228,512,0,60790,0.0010000000000047748
71483000,1245,-1567,125815,-2926,10548,115984,99,19226,405,0,60791,0.000999999999990564
71484000,-2470,16413,126588,-5478,-1274,125283,104,19227,426,0,60792,0.0010000000000047748
71485000,-213,-5312,123990,-3046,-76,135810,141,19221,577,1,60793,0.0010000000000047748
71486000,-43,12042,128402,-1368,13159,114773,110,19228,451,1,60794,0.000999999999990564
71487000,3968,9117,123395,-187,2824,125791,94,19228,451,1,60795,0.0010000000000047748
71488002,8120,7496,123754,4638,655,120104,104,19226,385,0,60796,0.0010019999999997253
71489002,10967,-7625,122806,9155,-15654,132591,104,19231,426,0,60797,0.0010000000000047748
71490001,7917,-7953,125151,3604,-6845,128196,113,19226,463,0,60798,0.0009989999999930887
71491000,3722,6380,127536,3653,6172,122141,116,19224,475,1,60799,0.0009990000000072996
71492000,301,11296,128577,888,10043,123541,114,19228,467,1,60800,0.000999999999990564
71493000,6410,9382,126498,1914,2668,128041,100,19228,467,1,60801,0.0010000000000047748
71494000,6722,-6785,123550,12799,1642,130392,113,19233,410,0,60802,0.0010000000000047748
71495003,11219,4206,124049,-850,10334,117266,113,19223,463,0,60803,0.0010029999999972006
71496000,11210,-10466,125684,9543,-17393,134126,93,19228,381,0,60804,0.0009969999999981383
71497000,7045,-10767,128065,9613,-10711,132387,104,19228,426,0,60805,0.0010000000000047748
71498000,2409,2014,131850,-9093,819,131582,131,19218,537,1,60806,0.000999999999990564
71499000,-288,14014,131177,999,14235,120540,112,19218,459,1,60807,0.0010000000000047748
71500003,1169,11304,130545,4214,-296,127845,96,19231,459,1,60808,0.0010029999999972006
71501000,6589,-9548,125430,-5237,-14480,132486,157,19230,393,0,60809,0.0009969999999981383
71502000,7639,-6774,128649,11493,-4277,126470,157,19231,643,0,60810,0.0010000000000047748
71503000,6340,254,129854,15597,-4261,130077,104,19228,426,0,60811,0.0010000000000047748
71504000,-1342,767,131059,-20004,634,124550,110,19222,451,1,60812,0.000999999999990564
71505001,-1355,9380,135269,-9933,6260,133670,130,19222,532,1,60813,0.00100100000000225
71506000,-6583,372,127682,12655,3308,131985,101,19233,532,1,60814,0.0009990000000072996
71507002,-6017,5216,129796,-23802,2133,125504,106,19232,414,1,60815,0.0010019999999997253
71508000,4078,-11378,126896,-7914,-14449,131690,106,19221,434,0,60816,0.0009979999999956135
71509000,6111,-2516,129371,15236,-4437,128530,99,19229,405,0,60817,0.0010000000000047748
71510000,-2906,6502,131431,-10992,1765,128450,117,19226,479,0,60818,0.000999999999990564
71511000,-8104,7786,132196,-22163,3463,126070,134,19226,549,1,60819,0.0010000000000047748
71512000,-9624,3780,131643,-6404,373,133954,114,19223,549,1,60820,0.0010000000000047748
71513000,-11027,11566,129365,-6570,10775,122139,96,19228,467,1,60821,0.000999999999990564
71514000,-1733,7976,129793,-15082,5251,130530,96,19228,393,0,60822,0.0010000000000047748
71515000,-4745,-4343,126168,-8059,-7765,128931,147,19226,602,0,60823,0.0010000000000047748
71516000,67,-364,127171,-2455,-3797,126220,106,19232,434,0,60824,0.000999999999990564
71517000,-556,1287,127985,-7758,-1737,129424,107,19225,438,0,60825,0.0010000000000047748
71518000,-8271,2088,126744,-5082,10743,128157,132,19225,438,1,60826,0.0010000000000047748
71519000,-4470,15728,130319,-17187,4825,120768,105,19226,541,1,60827,0.000999999999990564
71520000,-3765,8270,125344,-2114,3536,123742,105,19231,430,1,60828,0.0010000000000047748
71521000,-1733,4020,124721,3826,-6514,128863,106,19223,434,0,60829,0.0010000000000047748
71522000,825,1794,123914,-15932,-8917,119628,85,19228,348,0,60830,0.000999999999990564
71523000,4496,4700,125584,6772,-1180,134202,109,19229,446,0,60831,0.0010000000000047748
71524001,986,-650,127766,-2816,3146,124025,123,19229,446,1,60832,0.00100100000000225
71525002,-4956,12465,125923,-11554,14130,119316,110,19218,504,1,60833,0.00100100000000225
71526000,-268,10906,125854,97,4445,128949,110,19233,451,1,60834,0.0009979999999956135
71527000,6408,2864,123983,9882,4979,121503,96,19228,393,0,60835,0.0010000000000047748
71528000,10010,589,123424,6218,-6937,123825,134,19235,549,0,60836,0.000999999999990564
71529000,7584,-6439,123837,3834,-8706,123485,107,19230,438,0,60837,0.0010000000000047748
71530000,5622,1548,126171,4485,-9305,140168,112,19230,438,0,60838,0.0010000000000047748
71531001,5283,-2709,128757,4888,-6146,118554,135,19224,459,1,60839,0.00100100000000225
71532000,335,17767,128900,-1434,16441,119994,135,19229,553,1,60840,0.0009989999999930887
71533001,3745,11603,129848,4717,-252,129562,108,19231,442,1,60841,0.00100100000000225
71534000,11106,-4167,122217,10183,-5779,121511,101,19222,414,0,60842,0.0009989999999930887
71535000,8809,-4284,127619,10550,-11823,136750,115,19231,471,0,60843,0.0010000000000047748
71536000,8911,-6519,125700,6630,-5136,121305,106,19231,471,0,60844,0.0010000000000047748
71537000,5630,5912,130915,616,6037,129725,116,19234,434,1,60845,0.000999999999990564
71538000,1364,5220,131079,-4331,2094,132657,116,19223,475,1,60846,0.0010000000000047748
71539001,1228,7829,128844,4087,738,123792,111,19230,455,1,60847,0.00100100000000225
71540000,1927,3984,128637,3948,-4995,124657,101,19231,414,1,60848,0.0009989999999930887
71541000,12606,-8956,128130,-5657,-15519,130016,131,19222,537,0,60849,0.0010000000000047748
71542000,9469,-4877,132070,27035,-3698,132425,99,19222,405,0,60850,0.0010000000000047748
71543000,3126,-4725,128098,-7470,-11381,130959,104,19227,405,0,60851,0.000999999999990564
71544000,-1089,2666,131351,-20143,6438,124571,148,19230,426,1,60852,0.0010000000000047748
71545000,-8043,11005,134919,8626,1583,131228,148,19231,606,1,60853,0.0010000000000047748
71546002,-3760,-5279,127911,-6122,-3575,132607,111,19230,455,1,60854,0.0010019999999997253
71547005,-3859,-875,130473,-15120,-8791,128844,97,19225,397,0,60855,0.0010029999999972006
71548004,2321,-2312,127399,-1772,-1322,125754,123,19225,504,0,60856,0.0009989999999930887
71549000,2322,7606,129723,386,173,122928,108,19229,504,0,60857,0.000996000000000663
71550000,-4638,3679,132133,-13623,2942,133861,117,19229,442,0,60858,0.0010000000000047748
71551000,-7684,3530,129957,-13990,52,132554,117,19222,479,1,60859,0.0010000000000047748
71552002,-8636,7448,130603,-7011,8842,127152,111,19228,455,1,60860,0.0010019999999997253
71553000,-5829,8796,130524,-17243,4880,127113,104,19231,426,1,60861,0.0009979999999956135
71554001,2474,3660,127679,692,518,127385,120,19231,491,0,60862,0.00100100000000225
71555000,-3664,-917,125246,-9567,-2012,128723,94,19219,491,0,60863,0.0009989999999930887
71556000,-625,495,127200,-5060,-234,126720,105,19232,385,0,60864,0.0010000000000047748
71557000,-5203,11223,127715,-6661,8368,122587,105,19228,430,1,60865,0.0010000000000047748
71558000,-5555,11372,129577,-16012,6298,125956,141,19230,577,1,60866,0.000999999999990564
71559000,-6720,-471,128135,-6053,-3848,131748,117,19231,479,1,60867,0.0010000000000047748
71560000,-1640,5405,127160,-1997,5029,122096,101,19226,414,1,60868,0.0010000000000047748
71561000,154,5407,125619,-5627,1335,123915,124,19226,414,0,60869,0.000999999999990564
71562000,947,-1307,125171,-4000,-4106,126487,117,19227,508,0,60870,0.0010000000000047748
71563000,2818,-2215,125282,-62,-5027,131388,117,19227,479,0,60871,0.0010000000000047748
71564000,-4884,5893,125939,-4858,3245,120502,116,19224,475,1,60872,0.000999999999990564
71565000,-5365,6285,128584,-15428,16802,123017,138,19227,565,1,60873,0.0010000000000047748
71566000,2498,20089,126114,5876,-1539,121726,103,19236,422,1,60874,0.0010000000000047748
71567000,6788,44,119925,1680,-8373,131223,111,19236,422,0,60875,0.000999999999990564
71568000,9187,-1615,122625,8343,5213,117379,94,19224,455,0,60876,0.0010000000000047748
71569000,9822,6399,126351,6619,-2154,122402,94,19228,385,0,60877,0.0010000000000047748
71570000,6959,-4841,126182,8598,-6272,132664,109,19229,446,0,60878,0.000999999999990564
71571000,2270,-2366,128204,-4218,-1905,127600,134,19230,549,1,60879,0.0010000000000047748
71572000,5303,4940,127965,1538,4456,124748,114,19228,467,1,60880,0.0010000000000047748
71573000,5270,13161,127924,13785,8462,119581,95,19228,467,1,60881,0.000999999999990564
71574000,8126,2534,126132,-2705,-6730,129841,139,19225,389,0,60882,0.0010000000000047748
71575000,10238,-1026,127538,9536,-14888,128488,139,19234,569,0,60883,0.0010000000000047748
71576000,7305,-5555,126387,13574,-7953,128908,101,19233,414,0,60884,0.000999999999990564
71577000,2978,-1600,132322,-5215,5564,122425,105,19227,430,1,60885,0.0010000000000047748
71578002,263,10919,131202,-1467,6440,126316,125,19226,512,1,60886,0.0010019999999997253
71579003,2824,4251,131433,6130,-5276,137083,105,19226,512,1,60887,0.00100100000000225
71580000,3438,-978,126886,-1875,2392,121679,110,19230,430,1,60888,0.0009969999999981383
71581000,8940,-4261,129008,-1029,-5576,128929,110,19218,451,0,60889,0.0010000000000047748
71582000,12206,-8792,128738,19256,-7653,129098,101,19229,414,0,60890,0.000999999999990564
71583000,763,-6732,127859,-4946,-10035,132799,109,19231,446,0,60891,0.0010000000000047748
71584000,3096,7641,131651,-25370,7355,129130,128,19224,524,1,60892,0.0010000000000047748
71585000,-5255,19025,132472,12250,13289,119621,115,19224,524,1,60893,0.000999999999990564
71586000,-5179,5448,130891,-5957,-4289,131641,97,19232,471,1,60894,0.0010000000000047748
71587000,27,-10358,128708,-21812,-12238,131763,97,19226,397,0,60895,0.0010000000000047748
71588000,-1364,-8020,129276,5656,-11660,133483,142,19231,582,0,60896,0.000999999999990564
71589000,2581,10914,130494,1547,13011,117052,101,19230,414,0,60897,0.0010000000000047748
71590000,-8705,4637,132592,-20091,-209,130239,107,19224,438,1,60898,0.0010000000000047748
71591000,-6864,-9523,130955,-12603,-10164,136570,137,19224,561,1,60899,0.000999999999990564
71592002,-9825,8762,129280,-7646,10230,123586,111,19228,561,1,60900,0.0010019999999997253
71593002,-6056,14118,131436,-13324,13570,125692,106,19231,455,1,60901,0.0010000000000047748
71594000,-2319,2945,126907,-7183,-7228,125349,106,19223,434,0,60902,0.0009979999999956135
71595000,-5250,-11195,122449,-6209,-10977,135287,132,19230,541,0,60903,0.0010000000000047748
71596000,1375,7312,128533,-5296,5752,123896,101,19228,414,0,60904,0.0010000000000047748
71597000,-5203,4517,126625,-3047,3003,124293,119,19228,487,1,60905,0.000999999999990564
71598000,-6467,15984,129760,-13257,12031,122968,117,19222,487,1,60906,0.0010000000000047748
71599000,-6454,6480,127720,-14035,3769,129393,102,19232,479,1,60907,0.0010000000000047748
71600000,-194,4460,126448,5062,1491,127004,102,19230,418,0,60908,0.000999999999990564
71601000,-453,2614,122550,-5748,-174,123593,132,19234,541,0,60909,0.0010000000000047748
71602000,2662,-8515,122612,-4468,-7863,126067,101,19228,414,0,60910,0.000999999999990564
71603000,3186,2705,126522,-2858,-818,122981,105,19225,430,0,60911,0.0010000000000047748
71604000,-819,9201,126341,-602,4492,128305,157,19225,430,1,60912,0.0010000000000047748
71605002,-4642,15196,125876,-4118,12963,118938,110,19227,643,1,60913,0.0010019999999997253
71606000,995,8181,127712,-5019,3418,122883,110,19229,451,1,60914,0.0009979999999956135
71607000,8752,70,123343,11557,-1821,127644,99,19222,405,0,60915,0.0010000000000047748
71608000,8516,-2876,125090,6224,-9569,126526,82,19226,336,0,60916,0.000999999999990564
71609000,5590,999,125484,3371,-1568,123360,110,19228,451,0,60917,0.0010000000000047748
71610000,6312,2115,127631,2664,-1429,130966,120,19228,451,1,60918,0.0010000000000047748
71611000,-150,-1182,126833,10118,-4132,124825,112,19225,491,1,60919,0.000999999999990564
71612003,5811,-523,127461,-951,17120,126092,112,19228,459,1,60920,0.0010030000000114114
71613000,7310,12723,126713,1969,435,117387,98,19230,401,1,60921,0.0009969999999981383
71614000,11546,2287,123540,14208,-6856,127427,123,19226,504,0,60922,0.000999999999990564
71615000,10293,-12352,127259,7036,-17661,138742,100,19231,410,0,60923,0.0010000000000047748
71616000,3409,-7803,128132,6495,-3987,125896,105,19231,410,0,60924,0.0010000000000047748
71617000,6957,5314,130517,-3140,1407,134875,143,19229,430,1,60925,0.000999999999990564
71618000,-2289,9889,129594,6588,14867,117862,143,19231,586,1,60926,0.0010000000000047748
71619000,2311,12828,129916,-7519,-976,130862,109,19228,446,1,60927,0.0010000000000047748
71620002,6337,-11890,125077,4280,-13392,133066,100,19226,410,0,60928,0.0010019999999997253
71621000,9614,-6039,127739,15399,4045,123113,129,19234,528,0,60929,0.0009979999999956135
71622000,8999,2187,129641,-35,-7005,130572,106,19234,528,0,60930,0.0010000000000047748
71623000,-1888,-4281,130485,-10219,1399,125894,113,19230,434,0,60931,0.000999999999990564
71624000,1744,-1615,134274,-10312,-10888,149930,113,19223,463,1,60932,0.0010000000000047748
71625000,-8781,-7742,129592,6660,-759,119208,119,19226,487,1,60933,0.0010000000000047748
71626000,-6229,13792,132726,-18820,5846,122344,99,19232,405,1,60934,0.000999999999990564
71627000,708,-1869,130746,-5658,-14771,138636,121,19223,496,0,60935,0.0010000000000047748
71628000,-1788,-5169,126593,11275,-2371,123013,99,19223,496,0,60936,0.0010000000000047748
71629000,-119,2354,130270,-13822,-2045,134320,109,19227,405,0,60937,0.000999999999990564
71630000,-9399,4238,130224,-11673,803,118641,109,19228,446,1,60938,0.0010000000000047748
71631000,-6968,10010,133510,-11874,-77,136128,140,19225,573,1,60939,0.0010000000000047748
71632001,-9431,-1377,129060,-8859,-2283,131292,114,19230,467,1,60940,0.00100100000000225
71633000,-3838,13372,128799,-8700,11026,116720,99,19224,405,1,60941,0.0009989999999930887
71634000,-1634,231,126377,-10540,-5621,132187,167,19224,684,0,60942,0.0010000000000047748
71635000,-2652,-7004,125416,818,-7264,123901,104,19226,684,0,60943,0.000999999999990564
71636000,33,-498,129983,-12109,-4391,136689,109,19231,426,0,60944,0.0010000000000047748
71637000,-6377,5127,126287,-11238,5726,118160,109,19223,446,1,60945,0.0010000000000047748
71638000,-6412,15125,129625,-2854,4232,125475,121,19225,496,1,60946,0.000999999999990564
71639000,-7899,8453,128270,-12333,-1074,127297,109,19230,446,1,60947,0.0010000000000047748
71640000,-940,3022,123687,-5663,-76,125004,116,19230,475,0,60948,0.0010000000000047748
71641000,-1007,5235,128021,2394,2701,123221,94,19225,475,0,60949,0.000999999999990564
71642000,2084,9549,122626,-3594,6480,116017,108,19231,385,0,60950,0.0010000000000047748
71643002,1622,-6799,126729,-4269,-10369,138572,108,19227,442,0,60951,0.0010019999999997253
71644000,-694,4894,126378,-2896,7187,122187,133,19222,545,1,60952,0.0009979999999956135
71645000,852,15894,126315,786,12278,123457,113,19229,463,1,60953,0.0010000000000047748
71646000,833,14734,125141,871,11993,119657,91,19229,373,1,60954,0.0010000000000047748
71647000,9327,-4158,121033,-1650,-8511,121786,122,19229,373,0,60955,0.000999999999990564
71648000,13325,-4209,126775,16341,-9748,128490,112,19232,500,0,60956,0.0010000000000047748
71649000,5746,4973,124754,5805,735,121297,112,19228,459,0,60957,0.0010000000000047748
71650000,3221,-1505,128723,2153,-3842,132729,115,19224,471,1,60958,0.000999999999990564
71651000,2271,9462,128952,-572,5683,120391,133,19227,545,1,60959,0.0010000000000047748
71652000,4033,6161,126660,4320,717,136649,103,19231,422,1,60960,0.0010000000000047748
71653000,6709,7206,128075,8011,6501,116330,102,19231,422,0,60961,0.000999999999990564
71654000,13405,3139,126242,1142,-2158,119556,96,19223,418,0,60962,0.0010000000000047748
71655001,8637,-10929,126262,14825,-15586,135310,96,19231,393,0,60963,0.00100100000000225
71656000,5538,-14146,125954,1776,-17774,130943,111,19225,455,0,60964,0.0009989999999930887
71657000,3671,9209,132567,-4546,5709,123534,126,19223,516,1,60965,0.0010000000000047748
71658000,-2233,21944,130376,5480,17862,125427,111,19227,455,1,60966,0.0010000000000047748
71659000,543,812,127342,-9493,-338,134616,97,19227,455,1,60967,0.000999999999990564
71660000,5768,-3195,127877,5489,-16651,126928,141,19229,397,0,60968,0.0010000000000047748
71661000,12031,-17940,123929,79,-15312,131662,141,19227,577,0,60969,0.0010000000000047748
71662000,5275,3353,133808,23102,4240,126787,104,19232,426,0,60970,0.000999999999990564
71663000,-395,-1548,128828,-15225,-6607,130051,107,19224,438,1,60971,0.0010000000000047748
71664002,-185,12679,132009,-5656,16971,124795,140,19232,573,1,60972,0.0010019999999997253
71665000,-8901,6986,132602,3789,-4654,130749,106,19232,573,1,60973,0.0009979999999956135
71666000,-266,-4570,128785,-6545,-7218,126826,99,19232,434,1,60974,0.0010000000000047748
71667000,-2805,-7074,129987,-14762,-13631,132883,99,19223,405,0,60975,0.0010000000000047748
71668000,3527,-5891,129087,4625,-1821,129727,103,19229,422,0,60976,0.000999999999990564
71669000,-1366,6104,131012,-3673,7088,123427,109,19230,446,0,60977,0.0010000000000047748
71670000,-9849,7534,132279,-24032,793,130446,125,19220,512,1,60978,0.0010000000000047748
71671000,-12773,4676,131006,-617,6237,128562,112,19220,512,1,60979,0.000999999999990564
71672000,-9432,6152,130287,-8559,2335,127650,97,19231,459,1,60980,0.0010000000000047748
71673001,-829,2240,129285,-8964,-4208,129385,97,19231,397,1,60981,0.00100100000000225
71674000,-5504,-3858,127358,-4892,2827,123524,130,19220,532,0,60982,0.0009989999999930887
71675000,-1384,-8073,125589,-7561,-5382,130050,99,19231,405,0,60983,0.0010000000000047748
71676000,-727,5822,127673,-8133,3440,125413,102,19227,418,0,60984,0.0010000000000047748
71677000,-8513,10682,125936,-9463,7314,122902,148,19227,606,1,60985,0.000999999999990564
71678001,-4280,11874,128926,-13318,3778,128369,113,19226,606,1,60986,0.00100100000000225
71679000,-4315,3246,126476,-4106,-1342,125682,103,19232,463,1,60987,0.0009990000000072996
71680000,2723,2112,125887,893,-4313,128977,103,19225,422,0,60988,0.000999999999990564
71681001,-363,1232,125266,-2109,-1113,122063,99,19232,405,0,60989,0.00100100000000225
71682001,425,34,123904,-7319,-6814,127014,107,19228,438,0,60990,0.0010000000000047748
71683000,-699,17552,126074,2018,19914,121615,117,19228,479,1,60991,0.0009989999999930887
71684000,-3944,12347,125184,-11187,11572,120834,122,19222,479,1,60992,0.0010000000000047748
71685000,3367,3971,127754,-33,1585,130513,99,19230,500,1,60993,0.0010000000000047748
71686000,3172,8800,123587,9099,4072,118629,99,19233,405,0,60994,0.000999999999990564
71687000,9765,2895,123744,-5531,1048,122983,119,19226,487,0,60995,0.0010000000000047748
71688000,11483,369,124456,12209,-4983,125407,113,19223,463,0,60996,0.0010000000000047748
71689000,7798,-10557,124733,9418,-13222,133212,112,19223,459,0,60997,0.000999999999990564
71690000,4478,2142,126906,-4019,2830,122260,147,19227,459,1,60998,0.0010000000000047748
71691000,-235,16296,130997,3830,11500,121050,113,19230,602,1,60999,0.0010000000000047748
71692000,10295,8910,125994,8232,1482,130220,113,19232,463,1,61000,0.000999999999990564
71693000,5882,4466,126177,7230,1829,122456,97,19227,397,0,61001,0.0010000000000047748
71694000,11966,7,128553,590,-6401,133023,131,19232,537,0,61002,0.0010000000000047748
71695000,8823,-1875,123254,17454,-3690,120640,103,19230,422,0,61003,0.000999999999990564
71696000,4748,1361,129577,-319,-3513,131908,104,19230,422,0,61004,0.0010000000000047748
71697000,4291,-1842,128895,-6595,-3846,133104,109,19220,426,1,61005,0.0010000000000047748
71698001,66,25616,132870,5278,24682,116136,109,19229,446,1,61006,0.0010009999999880392
71699000,3287,4094,130371,-609,-2157,130498,103,19231,422,1,61007,0.0009990000000072996
71700000,8934,-13598,125579,1841,-17963,128779,116,19219,475,0,61008,0.0010000000000047748
71701000,7556,-5021,131450,10188,-8117,134366,94,19232,385,0,61009,0.000999999999990564
71702000,6968,-6640,128045,7097,-9271,121707,101,19232,385,0,61010,0.0010000000000047748
71703000,1579,11787,135435,-13169,10698,129908,130,19231,414,1,61011,0.0010000000000047748
71704000,-6479,6457,133010,-6599,2851,130453,130,19222,532,1,61012,0.000999999999990564
71705000,-8943,450,128539,-812,-3378,129247,114,19230,467,1,61013,0.0010000000000047748
71706000,356,-12224,131839,-11128,1386,128425,96,19226,393,0,61014,0.0010000000000047748
71707000,-4062,3052,127344,-3564,-2798,121552,135,19231,553,0,61015,0.000999999999990564
71708000,6586,9765,129339,-3282,1003,129934,106,19231,553,0,61016,0.0010000000000047748
71709000,-4898,-5854,131188,-6305,-14998,135467,112,19228,434,0,61017,0.0010000000000047748
71710000,-5649,-407,129775,-11992,7081,122408,112,19223,459,1,61018,0.000999999999990564
71711000,-10413,14914,131006,-13687,7418,128839,127,19232,520,1,61019,0.0010000000000047748
71712001,-5810,9248,130493,-13041,8417,123766,109,19228,446,1,61020,0.00100100000000225
71713000,-2543,5053,128671,-1222,-7716,131673,113,19218,463,0,61021,0.0009989999999930887
71714001,-4735,-9029,124320,-7516,-9912,127746,117,19218,463,0,61022,0.00100100000000225
71715002,-2548,1222,127634,-9620,5101,122530,106,19228,479,0,61023,0.00100100000000225
71716000,-3820,4401,128589,-6234,4183,128169,106,19226,434,1,61024,0.0009979999999956135
71717000,-3468,10750,128723,-6124,13068,122066,126,19221,516,1,61025,0.0010000000000047748
71718000,-9657,1884,128607,-21383,3917,129881,118,19229,483,1,61026,0.0010000000000047748
71719000,-2640,-3111,125244,-3144,2728,124620,101,19230,414,1,61027,0.000999999999990564
71720000,-871,-1376,124378,3454,-7244,128761,134,19230,549,0,61028,0.0010000000000047748
71721001,2760,1914,125847,-7957,63,126211,105,19232,549,0,61029,0.00100100000000225
71722000,2468,7747,124600,1197,5285,121810,105,19232,430,0,61030,0.0009989999999930887
71723002,-3975,3565,126451,-2534,-1745,130879,106,19228,434,1,61031,0.0010019999999997253
71724001,-102,9324,124611,-8444,9317,118982,145,19228,594,1,61032,0.0009990000000072996
71725000,-3031,17017,127009,6235,9247,126617,104,19232,426,1,61033,0.0009989999999930887
71726000,8803,3488,122096,2811,-926,121073,102,19232,418,0,61034,0.0010000000000047748
71727000,8131,3284,124613,3,-1469,122220,84,19222,418,0,61035,0.000999999999990564
71728006,9188,-6302,125383,12412,-2025,132240,108,19225,344,0,61036,0.0010060000000038372
71729000,7305,-11650,123179,11521,-11604,124154,108,19230,442,0,61037,0.0009940000000057125
71730000,163,5711,128703,-4767,7066,131955,123,19222,504,1,61038,0.000999999999990564
71731000,7032,9951,124944,-7658,12197,115374,111,19231,455,1,61039,0.0010000000000047748
71732000,7353,11718,129530,16491,3106,126518,99,19231,405,1,61040,0.0010000000000047748
71733000,11549,-3846,124803,6507,-8881,128728,140,19228,405,0,61041,0.000999999999990564
71734001,9362,-5849,126100,387,-8441,128754,103,19232,573,0,61042,0.00100100000000225
71735000,6090,-6544,130009,19022,-10467,131650,103,19228,422,0,61043,0.0009990000000072996
71736002,6236,3526,129588,-3732,-1446,125311,101,19229,414,1,61044,0.0010019999999997253
71737001,-2383,4395,131103,-5302,6786,133474,127,19228,520,1,61045,0.0009989999999930887
71738000,2004,5773,130401,6892,4949,122987,110,19228,451,1,61046,0.0009990000000072996
71739000,4787,5400,127339,1066,-3281,127908,107,19227,451,1,61047,0.000999999999990564
71740000,7442,-5092,126993,2706,-11717,127771,111,19223,438,0,61048,0.0010000000000047748
71741000,12469,-4498,128623,15267,-4336,119920,111,19231,455,0,61049,0.0010000000000047748
71742002,2221,-6467,131075,3390,-10957,137751,104,19229,426,0,61050,0.0010019999999997253
71743000,1957,9732,132157,-18053,7091,122572,118,19219,483,1,61051,0.0009979999999956135
71744000,-6963,5691,135796,-1676,2012,136134,109,19227,446,1,61052,0.0010000000000047748
71745000,-5698,-88,127577,2023,-2667,124319,98,19227,446,1,61053,0.000999999999990564
71746000,691,-1373,130489,-20864,-5916,134011,130,19233,401,0,61054,0.0010000000000047748
71747000,-2241,-5983,128761,2166,-8893,125720,130,19228,532,0,61055,0.0010000000000047748
71748000,2604,2664,130121,3265,82,124973,102,19226,418,0,61056,0.000999999999990564
71749000,-8564,-71,130335,-20604,-3444,129792,109,19224,446,0,61057,0.0010000000000047748
71750000,-6705,3426,131827,-10133,1459,132976,149,19228,610,1,61058,0.0010000000000047748
71751002,-7591,5641,130653,-7084,2946,124997,116,19228,610,1,61059,0.0010019999999997253
71752000,-6480,13248,129973,-11249,9802,121707,102,19231,475,1,61060,0.0009979999999956135
71753000,-1167,3776,127078,-8499,-10441,139336,102,19223,418,0,61061,0.0010000000000047748
71754000,-4311,-6852,124536,-6133,-3240,122148,152,19230,623,0,61062,0.000999999999990564
71755000,-779,1374,128066,-4404,-2845,133333,108,19226,442,0,61063,0.0010000000000047748
71756000,-7875,4255,128872,-12272,1207,121664,119,19216,487,1,61064,0.0010000000000047748
71757000,-7206,10557,127509,-13488,9904,124519,110,19216,487,1,61065,0.000999999999990564
71758000,-5935,9252,131098,-1654,-509,132398,106,19229,451,1,61066,0.0010000000000047748
71759001,-5296,1019,122326,-1683,4087,116617,106,19233,434,0,61067,0.00100100000000225
71760000,1762,6404,125779,-13563,3108,126732,122,19227,500,0,61068,0.0009989999999930887
71761000,1274,-699,124895,9057,-4520,125855,112,19228,459,0,61069,0.0010000000000047748
71762000,4085,-4401,124386,-1117,-2536,132511,114,19230,467,0,61070,0.0010000000000047748
71763000,-1592,763,126624,-9336,5261,123072,148,19230,467,1,61071,0.000999999999990564
71764000,-4315,16918,126163,-1654,12581,118834,114,19223,606,1,61072,0.0010000000000047748
71765000,6828,13739,126785,8628,-1646,128768,114,19231,467,1,61073,0.0010000000000047748
71766000,4136,-2186,121594,6779,-3419,122517,96,19225,393,0,61074,0.000999999999990564
71767000,8068,3864,125928,2051,-7322,125785,109,19230,446,0,61075,0.0010000000000047748
71768001,5894,-1412,123527,12887,-394,120769,114,19229,467,0,61076,0.00100100000000225
71769000,5358,-2343,126997,5696,-3616,133280,118,19229,483,1,61077,0.0009989999999930887
71770000,3689,1159,127210,-7065,1155,124950,116,19225,483,1,61078,0.0010000000000047748
71771001,2496,17651,127706,4849,16089,114969,101,19227,475,1,61079,0.00100100000000225
71772000,10609,3250,127215,14006,-4616,134110,101,19232,414,1,61080,0.0009989999999930887
71773000,9583,-5228,124767,-2074,-6302,121691,110,19222,451,0,61081,0.0010000000000047748
71774000,12193,-7605,126627,9436,-13349,134794,92,19231,377,0,61082,0.0010000000000047748
71775001,2317,-6604,126628,11483,-817,124528,104,19231,426,0,61083,0.00100100000000225
71776000,5031,1695,130149,-15963,-8745,133023,129,19225,426,1,61084,0.0009989999999930887
71777001,1168,17620,131405,15385,14000,123685,113,19229,528,1,61085,0.00100100000000225
71778000,-3697,6613,127993,-1880,3434,124239,113,19226,463,1,61086,0.0009989999999930887
71779000,9028,-5449,131309,-3160,-8124,134588,99,19224,405,0,61087,0.0010000000000047748
71780000,8087,-1461,125940,17224,-3826,120225,155,19232,635,0,61088,0.0010000000000047748
71781000,10855,-3876,127782,7164,-8880,136179,108,19232,442,0,61089,0.000999999999990564
71782001,1597,-7116,130744,-14115,-6114,124919,108,19227,442,0,61090,0.00100100000000225
71783000,-1542,7112,133053,-6747,5861,128594,138,19225,442,1,61091,0.0009990000000072996
71784001,-8053,8707,132785,2751,2858,131806,138,19226,565,1,61092,0.00100100000000225
71785000,-6544,851,129638,-13949,-5431,126726,103,19233,422,1,61093,0.0009989999999930887
71786000,1809,-9734,129458,-10930,-15392,134513,106,19219,434,0,61094,0.0010000000000047748
71787002,-3100,5025,129794,1299,2892,120049,88,19230,360,0,61095,0.0010019999999997253
71788002,143,4154,132553,-6824,307,132408,108,19230,360,0,61096,0.000999999999990564
71789002,-5707,12067,130317,-13574,7141,124718,132,19227,442,1,61097,0.0010000000000047748
71790000,-11549,-3197,129689,-12407,-6873,136906,132,19223,541,1,61098,0.0009979999999956135
71791000,-8982,12108,131624,-11210,12095,124662,116,19229,475,1,61099,0.0010000000000047748
71792000,-3147,10225,129241,-13803,6753,121377,99,19228,405,1,61100,0.0010000000000047748
71793000,-419,2008,127635,-939,-410,128684,142,19223,582,0,61101,0.000999999999990564
71794000,-1463,-4855,124286,-8197,-8729,128711,100,19223,582,0,61102,0.0010000000000047748
71795000,-503,-793,125938,-8045,-3507,127491,105,19230,410,0,61103,0.0010000000000047748
71796000,-4891,13579,129602,-5655,11064,123261,105,19228,430,1,61104,0.000999999999990564
71797000,-6917,7762,127778,-10144,4272,132025,135,19228,553,1,61105,0.0010000000000047748
71798000,-7467,9742,129746,-5365,6527,126322,113,19232,463,1,61106,0.0010000000000047748
71799000,-757,1331,125450,-9594,-1895,124622,107,19222,438,0,61107,0.000999999999990564
71800000,514,5094,128094,-238,14861,113300,83,19222,438,0,61108,0.0010000000000047748
71801010,2525,4865,122959,301,-6206,129873,105,19233,340,0,61109,0.0010099999999937381
71802002,83,-7481,124668,-7888,-3462,130749,105,19229,430,0,61110,0.000992000000010762
71803002,-1916,5177,125769,-3861,9953,121402,123,19219,504,1,61111,0.000999999999990564
71804000,-1523,15704,127913,-1086,12139,121680,114,19229,467,1,61112,0.0009980000000098244
71805000,3177,12291,125709,3596,1152,123947,96,19233,393,1,61113,0.000999999999990564
71806000,8107,-6080,122255,-2019,-5941,127130,129,19233,393,0,61114,0.0010000000000047748
71807000,11907,2239,124394,11128,-10,121912,106,19234,528,0,61115,0.0010000000000047748
71808000,7184,3073,123693,11838,-8106,124355,106,19227,434,0,61116,0.000999999999990564
71809000,3248,2672,127569,-3212,-8028,127988,110,19226,451,1,61117,0.0010000000000047748
71810000,990,1837,129106,-3224,3491,128634,137,19226,561,1,61118,0.0010000000000047748
71811001,4381,9512,129655,12312,7602,125790,111,19232,455,1,61119,0.0010009999999880392
71812000,6518,7568,124864,3692,8111,112968,99,19232,405,1,61120,0.0009990000000072996
71813000,11590,3511,126957,-3149,-5894,128559,114,19226,405,0,61121,0.0010000000000047748
71814000,11282,-17239,124784,18778,-18573,136178,102,19233,467,0,61122,0.000999999999990564
71815000,7902,-2798,128470,4116,3554,124721,102,19228,418,0,61123,0.0010000000000047748
71816000,3319,2552,130376,-10079,4206,127971,114,19221,467,1,61124,0.0010000000000047748
71817000,-289,14181,131872,5673,5602,124400,109,19226,446,1,61125,0.000999999999990564
71818000,1774,5448,129225,5201,-7926,132585,97,19226,397,1,61126,0.0010000000000047748
71819000,2872,-4557,127755,-8405,-4600,127667,126,19231,397,0,61127,0.0010000000000047748
71820004,10429,-2571,129295,3275,-6689,124413,109,19222,516,0,61128,0.0010039999999946758
71821000,6177,-5001,129075,26240,-6425,131504,109,19227,446,0,61129,0.000996000000000663
71822000,1125,-2295,129208,-23393,-3340,129867,107,19229,438,0,61130,0.0010000000000047748
71823000,-458,6198,132965,-13607,3793,129434,143,19228,586,1,61131,0.000999999999990564
71824000,-9609,17008,132233,11522,14806,122922,109,19228,446,1,61132,0.0010000000000047748
71825000,-1390,669,128507,-15215,-6008,128169,96,19232,446,1,61133,0.0010000000000047748
71826000,-2545,-19769,128807,-14793,-24735,140489,129,19225,393,0,61134,0.000999999999990564
71827000,5038,-984,130207,7216,-502,126502,129,19228,528,0,61135,0.0010000000000047748
71828000,-593,8360,130642,-2507,6201,127036,109,19227,446,0,61136,0.0010000000000047748
71829001,-6511,7446,133294,-19433,3602,126066,115,19220,471,1,61137,0.0010009999999880392
71830000,-9089,2717,129428,-12730,-594,135507,114,19231,467,1,61138,0.0009990000000072996
71831000,-10470,-119,128094,-6326,2432,132060,102,19231,467,1,61139,0.0010000000000047748
71832003,-3285,17050,131343,-7720,12792,116974,119,19232,418,1,61140,0.0010029999999972006
71833000,-4649,-157,125152,-10078,-6127,131153,119,19218,487,0,61141,0.0009969999999981383
71834000,-439,-4353,126345,-6382,-6726,128330,91,19230,373,0,61142,0.0010000000000047748
71835000,243,1241,128635,3620,-509,128457,100,19225,410,0,61143,0.000999999999990564
71836001,-5429,13692,128347,-12938,13953,123816,131,19228,537,1,61144,0.00100100000000225
71837000,-6064,19381,128906,-10779,13271,118517,114,19228,537,1,61145,0.0009990000000072996
71838000,-4732,-2793,127726,-9987,-5951,137371,102,19230,467,1,61146,0.000999999999990564
71839000,4818,199,124537,1219,-3260,121334,102,19226,418,0,61147,0.0010000000000047748
71840001,-3934,-2259,126148,611,-4994,128840,122,19234,500,0,61148,0.00100100000000225
71841000,3619,3176,125262,-7049,872,118998,109,19231,446,0,61149,0.0009989999999930887
71842000,-1802,7581,125112,509,4167,123759,109,19224,446,0,61150,0.0010000000000047748
71843000,-989,6410,125473,-1926,4369,119096,135,19224,446,1,61151,0.0010000000000047748
71844000,-2263,17499,126974,-5797,15014,123718,99,19225,553,1,61152,0.000999999999990564
71845002,4027,3375,124469,769,-1027,126585,99,19232,405,1,61153,0.0010019999999997253
71846000,11148,-442,122790,9085,-5026,124080,110,19227,451,0,61154,0.0009980000000098244
71847000,10537,-3339,123674,8900,-7698,135335,94,19228,385,0,61155,0.000999999999990564
71848000,9018,-5222,124421,4410,-1517,118632,109,19225,446,0,61156,0.0010000000000047748
71849000,1540,997,126366,8345,2884,127977,133,19225,446,1,61157,0.0010000000000047748
71850000,730,12111,130203,-4187,8460,124868,112,19221,545,1,61158,0.000999999999990564
71851000,5645,8906,125058,-1953,996,125926,112,19234,459,1,61159,0.0010000000000047748
71852000,7479,4340,126982,12485,-4104,126705,96,19230,393,0,61160,0.000999999999990564
71853000,11411,80,125556,-804,-5691,120279,148,19230,606,0,61161,0.0010000000000047748
71854000,7924,-6241,127612,15384,-13964,136380,104,19230,426,0,61162,0.0010000000000047748
71855000,5470,-7436,128159,-1664,-4803,131695,104,19230,426,0,61163,0.000999999999990564
71856000,3502,4379,130760,-7441,6241,125881,129,19226,426,1,61164,0.0010000000000047748
71857000,-1725,19736,129746,7960,20269,117519,129,19226,528,1,61165,0.0010000000000047748
71858000,5766,4928,129243,-7238,-10788,131697,107,19232,438,1,61166,0.000999999999990564
71859000,10834,-16374,128501,11202,-14986,138350,107,19221,438,0,61167,0.0010000000000047748
71860000,7373,-2362,126808,12795,436,122505,96,19231,393,0,61168,0.0010000000000047748
71861002,4545,-1141,128621,-6134,-6893,129030,108,19231,442,0,61169,0.0010019999999997253
71862000,671,5875,134477,-4146,3939,128016,125,19233,442,1,61170,0.0009979999999956135
71863003,-3366,-9254,129874,-2923,-6985,146646,113,19219,512,1,61171,0.0010029999999972006
71864000,-10114,8078,131917,-6032,9503,116425,113,19229,463,1,61172,0.0009969999999981383
71865000,685,6347,129769,-18647,-886,126682,97,19231,397,1,61173,0.0010000000000047748
71866000,2646,-7827,128704,6808,-7927,134203,136,19227,557,0,61174,0.0010000000000047748
71867000,3510,-4231,129310,982,-8899,129917,107,19227,438,0,61175,0.000999999999990564
71868002,-5463,-940,129772,-21467,-2862,130046,113,19226,438,0,61176,0.0010019999999997253
71869002,-8903,8276,131166,-8452,8486,125176,141,19224,463,1,61177,0.0010000000000047748
71870002,-8493,765,133214,-11198,-4560,132142,141,19229,577,1,61178,0.0010000000000047748
71871000,-8468,8104,131582,-8521,3850,128444,110,19229,451,1,61179,0.0009979999999956135
71872000,-5796,7295,127758,-11004,-351,123968,103,19222,422,0,61180,0.0010000000000047748
71873002,-2886,-3275,126816,-3399,-7058,130368,133,19230,545,0,61181,0.0010019999999997253
71874000,-817,1759,126528,899,-3549,124655,107,19230,545,0,61182,0.0009979999999956135
71875000,-3366,-242,126255,-17616,190,129989,121,19228,438,0,61183,0.0010000000000047748
71876000,-6275,6265,128753,-8064,7771,119688,121,19220,496,1,61184,0.000999999999990564
71877000,-4295,15284,127658,-7788,9238,127756,110,19229,451,1,61185,0.0010000000000047748
71878000,-3922,1246,123929,-3617,-2871,129598,100,19230,410,1,61186,0.0010000000000047748
71879000,-1321,7083,125061,-7071,5231,118113,130,19227,532,0,61187,0.000999999999990564
71880000,4680,-1719,123520,-5866,-6375,128953,107,19227,532,0,61188,0.0010000000000047748
71881000,1430,1268,126463,8656,-3277,120298,110,19227,438,0,61189,0.0010000000000047748
71882000,523,-3136,128024,-11518,-7802,134555,110,19225,451,1,61190,0.000999999999990564
71883000,-4856,13858,126172,-1832,12974,118742,152,19226,623,1,61191,0.0010000000000047748
71884000,-2400,17120,126919,-10269,12336,122069,110,19232,451,1,61192,0.0010000000000047748
71885000,8083,3458,123237,8056,564,128821,97,19223,397,0,61193,0.000999999999990564
71886000,6356,10330,124799,13415,4992,114032,100,19223,397,0,61194,0.0010000000000047748
71887001,7183,-12759,124038,-7219,-15997,130678,115,19226,410,0,61195,0.00100100000000225
71888000,5104,-1497,127180,6562,-4662,123633,115,19226,471,0,61196,0.0009989999999930887
71889000,7099,-4063,125700,8153,-7954,130777,120,19222,491,1,61197,0.0010000000000047748
71890000,104,11371,129987,-296,10067,119735,107,19231,438,1,61198,0.0010000000000047748
71891000,4708,6263,126924,1550,2002,132329,100,19231,410,1,61199,0.000999999999990564
71892000,8865,-3969,124461,7585,-7086,122629,119,19231,410,0,61200,0.0010000000000047748
71893000,7393,3873,127732,974,325,130753,106,19223,487,0,61201,0.0010000000000047748
71894000,9722,-13491,126758,10849,-17981,124932,106,19229,434,0,61202,0.000999999999990564
71895000,3384,887,128441,3292,-1819,127779,106,19229,434,1,61203,0.0010000000000047748
71896000,3298,3770,130624,-9027,-798,134869,141,19229,577,1,61204,0.0010000000000047748
71897001,640,12263,128284,8633,13171,117419,114,19231,467,1,61205,0.00100100000000225
71898000,2313,6822,130339,3227,-823,133183,101,19231,467,1,61206,0.0009989999999930887
71899001,8896,-8982,128591,2296,-14962,129621,144,19224,414,0,61207,0.00100100000000225
71900001,9176,-16689,128606,24532,-12324,134446,144,19229,590,0,61208,0.0010000000000047748
71901000,3980,-4373,129401,-3729,-4588,132973,101,19228,414,0,61209,0.0009989999999930887
71902000,-4058,4691,129876,-25624,8899,117663,105,19224,430,1,61210,0.0010000000000047748
71903000,-4508,17928,134435,5835,10550,133392,124,19235,508,1,61211,0.000999999999990564
71904000,-5575,-1698,131255,5530,-8006,132632,101,19235,414,1,61212,0.0010000000000047748
71905000,-3164,-8287,127235,-20625,-17881,130935,112,19231,414,0,61213,0.0010000000000047748
71906000,-1181,-3804,128394,-8215,2458,122354,92,19221,459,0,61214,0.000999999999990564
71907001,2762,-902,130886,10031,-517,127608,92,19232,377,0,61215,0.00100100000000225
71908000,-4036,6419,132760,-11805,1246,128653,105,19228,430,0,61216,0.0009990000000072996
71909001,-9848,4657,128562,-23382,4008,128604,138,19225,565,1,61217,0.00100100000000225
71910002,-9651,4910,131245,-6293,6894,124909,117,19225,479,1,61218,0.0010009999999880392
71911001,-3174,13644,129994,-7310,3035,124664,98,19228,479,1,61219,0.0009990000000072996
71912000,-778,282,127967,-6271,-6678,131838,155,19228,401,0,61220,0.0009989999999930887
71913000,-4300,-8442,125935,-10093,-9055,128411,155,19228,635,0,61221,0.0010000000000047748
71914000,-1576,6904,128652,-8224,4989,121177,108,19232,442,0,61222,0.0010000000000047748
71915000,-5475,10945,127435,-3343,6758,125502,110,19220,451,1,61223,0.000999999999990564
71916000,-7525,7868,128790,-11869,690,128079,134,19220,549,1,61224,0.0010000000000047748
71917000,-7144,6561,126969,-10716,-2686,129376,109,19227,549,1,61225,0.0010000000000047748
71918000,-869,16907,126473,-4495,17383,115476,109,19228,446,1,61226,0.000999999999990564
71919000,5200,2596,126262,4203,-3606,129008,109,19222,446,0,61227,0.0010000000000047748
71920000,2250,-9997,121740,-5092,-11756,129454,89,19229,365,0,61228,0.0010000000000047748
71921002,1094,5601,124780,-12157,4614,125010,105,19231,430,0,61229,0.0010019999999997253
71922002,-2322,12144,125951,425,13857,120864,129,19223,528,1,61230,0.000999999999990564
71923000,-1140,20157,127657,-6161,13943,119103,114,19223,528,1,61231,0.0009980000000098244
71924000,4012,-199,124468,1853,-6660,135181,93,19229,467,1,61232,0.000999999999990564
71925000,3997,-542,122921,11832,-5866,121755,93,19229,381,0,61233,0.0010000000000047748
71926000,9056,9591,125612,-5760,4126,118481,121,19231,496,0,61234,0.0010000000000047748
71927000,8448,5498,126591,16511,989,124322,108,19228,442,0,61235,0.000999999999990564
71928001,3653,-5409,127514,7146,-10623,131712,111,19226,455,0,61236,0.00100100000000225
71929000,2689,-1061,127266,-5223,-1496,129637,129,19226,455,1,61237,0.0009990000000072996
71930003,2059,21177,129419,4901,17099,116885,105,19228,528,1,61238,0.0010029999999972006
71931000,10522,1268,124732,11975,-1213,128581,105,19232,430,1,61239,0.0009969999999981383
71932000,9504,4237,127586,-1601,1537,123823,103,19224,422,0,61240,0.0010000000000047748
71933000,11215,-3309,127152,3923,-10615,130482,96,19231,393,0,61241,0.000999999999990564
71934000,5672,-10771,126120,18036,-12630,128565,101,19230,414,0,61242,0.0010000000000047748
71935000,3163,6663,132783,-5790,1770,125638,117,19230,414,1,61243,0.0010000000000047748
71936000,-1361,4195,129183,-6582,552,129877,111,19229,479,1,61244,0.000999999999990564
71937000,2023,18244,132495,7472,15784,126240,111,19228,455,1,61245,0.0010000000000047748
71938001,4669,-2590,128275,1270,-6423,128833,98,19230,401,1,61246,0.00100100000000225
71939000,8218,-12280,126145,980,-16371,128189,141,19225,577,0,61247,0.0009989999999930887
71940000,12274,-6920,131192,13294,-10303,137333,101,19230,414,0,61248,0.0010000000000047748
71941000,2604,-5291,128660,10194,-9733,124988,101,19230,414,0,61249,0.0010000000000047748
71942007,2358,12314,132983,-24420,8882,122207,146,19223,414,1,61250,0.0010070000000013124
71943002,-7374,3517,130904,2511,-1852,134893,146,19228,598,1,61251,0.000994999999988977
71944002,-5008,-4841,129716,2935,-10118,131321,109,19230,446,1,61252,0.0010000000000047748
71945000,-1280,-4544,128802,-19894,-8868,133685,101,19224,414,0,61253,0.0009979999999956135
71946000,-241,-2910,129620,3678,5130,121909,118,19226,483,0,61254,0.0010000000000047748
71947002,1368,15100,131808,-4577,7248,124198,113,19226,463,0,61255,0.0010019999999997253
71948000,-9037,-6131,129717,-15915,-14239,138769,124,19225,463,1,61256,0.0009979999999956135
71949000,-5670,1,130188,-12418,5499,124072,124,19220,508,1,61257,0.0010000000000047748
71950000,-10949,10540,130448,-7708,9887,129835,114,19228,467,1,61258,0.0010000000000047748
71951001,-2279,16407,130445,-10315,13041,117289,101,19231,414,1,61259,0.0010009999999880392
71952000,-2725,-5809,127097,-2507,-11766,134795,129,19224,528,0,61260,0.0009990000000072996
71953000,-5284,-19185,125325,-8840,-1417,134568,99,19224,405,0,61261,0.0010000000000047748
71954000,2218,1288,124007,-13036,3671,119867,101,19232,405,0,61262,0.000999999999990564
71955000,-3923,7218,129173,-2834,7032,128586,147,19228,414,1,61263,0.0010000000000047748
71956001,-5778,16257,128881,-6037,7538,119413,147,19226,602,1,61264,0.00100100000000225
71957000,-11636,-1869,127281,-16849,-5488,138611,115,19231,471,1,61265,0.0009989999999930887
71958000,-2311,5417,127885,-1117,-2017,119760,102,19230,418,0,61266,0.0010000000000047748
71959000,710,6371,125010,2012,2779,122081,102,19230,418,0,61267,0.0010000000000047748
71960000,216,5680,126471,-2935,1812,126981,107,19228,418,0,61268,0.000999999999990564
71961002,913,405,124885,-8169,-3788,124262,115,19224,438,0,61269,0.0010019999999997253
71962000,-1313,4849,125213,-2149,11453,130238,115,19222,471,1,61270,0.0009980000000098244
71963000,-1485,14608,125611,730,15755,114261,126,19230,516,1,61271,0.000999999999990564
71964000,2923,7449,125894,-147,2953,123462,98,19231,401,1,61272,0.0010000000000047748
71965000,9090,-5977,124431,2904,-14832,130630,117,19228,479,0,61273,0.0010000000000047748
71966000,9611,-38,124138,8811,-4569,121202,99,19228,479,0,61274,0.000999999999990564
71967000,7175,4290,127438,7301,-293,128418,111,19228,405,0,61275,0.0010000000000047748
71968000,6494,-1693,125697,5436,-7029,125001,111,19227,455,1,61276,0.0010000000000047748
71969001,-588,1036,126223,-1171,1334,128800,143,19228,586,1,61277,0.0010009999999880392
71970000,4646,11382,129698,-5003,9988,121181,110,19231,451,1,61278,0.0009990000000072996
71971000,8712,17601,125019,16075,12724,120742,97,19228,397,1,61279,0.0010000000000047748
71972000,9136,-1657,124309,5266,-4119,130578,137,19228,397,0,61280,0.000999999999990564
71973000,12261,-10177,126852,63,-14425,128860,105,19232,561,0,61281,0.0010000000000047748
71974000,7723,-8123,127525,16149,-10403,132405,105,19230,430,0,61282,0.0010000000000047748
71975000,4209,7485,131623,-2790,4345,125323,110,19221,451,1,61283,0.000999999999990564
71976000,-1341,11512,131167,-7538,9471,126373,112,19229,459,1,61284,0.0010000000000047748
71977000,2758,5071,128701,10802,-1086,127983,101,19231,414,1,61285,0.000999999999990564
71978000,6367,-2287,126943,-3271,-6547,125505,116,19231,414,0,61286,0.0010000000000047748
71979002,8135,-3301,130964,3756,-5705,129227,92,19217,475,0,61287,0.0010019999999997253
71980002,6669,1227,128671,14329,-4118,127846,92,19231,377,0,61288,0.0010000000000047748
71981000,1802,-4357,130467,-13279,-5769,133374,105,19228,430,0,61289,0.0009979999999956135
71982000,-1991,6912,135171,-12368,2746,127805,135,19223,553,1,61290,0.0010000000000047748
71983001,-4720,2593,130321,8034,134,129626,111,19229,455,1,61291,0.00100100000000225
71984002,-6065,1581,131617,-10490,-994,132389,93,19229,455,1,61292,0.00100100000000225
71985002,367,-6931,128311,-16127,-11770,130426,143,19232,381,0,61293,0.000999999999990564
71986000,1759,1387,128666,6878,-3054,124812,143,19234,586,0,61294,0.0009979999999956135
71987000,-2380,3911,131022,-2196,1348,129236,109,19228,446,0,61295,0.0010000000000047748
71988000,-8325,2916,130262,-20207,-1415,131773,114,19224,467,1,61296,0.0010000000000047748
71989000,-9284,-1641,129392,-14770,2000,131272,131,19228,537,1,61297,0.000999999999990564
71990000,-9756,5432,128645,-11308,10295,126721,106,19228,537,1,61298,0.0010000000000047748
71991000,-2884,13340,129826,-6774,7030,120517,108,19230,434,1,61299,0.0010000000000047748
71992025,-3385,-7708,125409,-10875,-6857,132820,122,19221,442,0,61300,0.0010249999999984993
71993000,-1874,-5443,127215,-6193,-5812,127359,122,19229,500,0,61301,0.0009749999999968395
71994000,-2837,3851,127493,-6695,5017,125174,108,19228,442,0,61302,0.0010000000000047748
71995000,-6057,8747,128491,-7346,9605,124903,129,19221,528,1,61303,0.000999999999990564
71996000,-7460,8735,127937,-14340,3310,124576,116,19221,475,1,61304,0.0010000000000047748
71997000,-5793,2215,126338,-5139,5007,130977,101,19227,475,1,61305,0.0010000000000047748
71998000,-722,4013,126726,4565,-3267,121366,144,19229,414,0,61306,0.000999999999990564
71999000,-4608,-518,124462,-9576,-5393,124483,144,19229,590,0,61307,0.0010000000000047748
72000000,1156,9233,126709,1473,5277,122763,110,19230,451,0,61308,0.0010000000000047748
72001000,-2207,-3537,126015,5211,-2873,129081,111,19226,455,0,61309,0.000999999999990564
72002000,-331,1494,126778,-6639,1259,129015,152,19226,623,1,61310,0.0010000000000047748
72003000,-3942,14148,126624,-3294,17779,115605,107,19229,623,1,61311,0.0010000000000047748
72004000,5354,14062,125100,3237,6899,121797,101,19230,438,1,61312,0.000999999999990564
72005000,11859,2966,122762,6914,-6830,127367,101,19224,414,0,61313,0.0010000000000047748
72006000,10308,-10177,121677,4878,-7093,127117,81,19230,332,0,61314,0.0010000000000047748
72007000,7606,-6333,125340,5484,-6473,126352,109,19227,446,0,61315,0.000999999999990564
72008000,2327,5204,126460,3295,2377,122795,124,19227,508,1,61316,0.0010000000000047748
72009000,2764,10247,127129,-2855,6094,129352,112,19220,508,1,61317,0.0010000000000047748
72010000,2977,7504,128794,5498,676,123923,96,19232,459,1,61318,0.000999999999990564
72011023,8138,-1515,126271,5808,-9192,129885,96,19230,393,0,61319,0.0010230000000035488
72012000,11320,3174,126653,4480,-3840,122900,129,19230,528,0,61320,0.0009770000000060008
72013000,9423,-7438,126044,12322,-16753,134168,98,19228,401,0,61321,0.000999999999990564
72014000,3818,-6181,127683,2245,-5023,129872,101,19221,414,0,61322,0.0010000000000047748
72015000,1048,15810,130867,-10132,17229,119594,131,19221,414,1,61323,0.0010000000000047748
72016000,2332,7873,129140,6790,5280,129164,109,19229,537,1,61324,0.000999999999990564
72017000,1537,2091,128307,4680,-4280,126837,109,19233,446,1,61325,0.0010000000000047748
72018000,9565,-10740,125588,-3450,-19500,135121,102,19226,418,0,61326,0.0010000000000047748
72019000,9269,-8953,128957,17329,-6111,125269,121,19227,496,0,61327,0.000999999999990564
72020000,6148,1837,130099,7676,-3046,128447,108,19226,442,0,61328,0.0010000000000047748
72021000,-783,2001,131686,-21362,-3650,129856,119,19226,442,1,61329,0.0010000000000047748
72022000,-5681,11345,134931,-1437,6385,128484,109,19221,487,1,61330,0.000999999999990564
72023000,-8014,-6481,130947,3132,-9622,139771,109,19231,446,1,61331,0.0010000000000047748
72024000,-3961,6819,129889,-19225,1701,119042,98,19232,401,1,61332,0.0010000000000047748
72025000,3867,-8613,128041,-887,-13540,135110,124,19227,508,0,61333,0.000999999999990564
72026001,3293,-313,127224,7640,-2763,125741,98,19228,401,0,61334,0.00100100000000225
72027000,-4922,10410,132223,-15155,6100,124038,109,19228,401,0,61335,0.0009990000000072996
72028000,-8221,-2559,130801,-14149,-5333,133605,148,19225,446,1,61336,0.000999999999990564
72029000,-8493,4836,131782,-9440,2314,129302,148,19228,606,1,61337,0.0010000000000047748
72030000,-9527,3630,130486,-7843,892,131312,111,19233,455,1,61338,0.0010000000000047748
72031003,-828,9023,129187,-9536,7202,121047,97,19224,397,0,61339,0.0010029999999972006
72032000,-4132,-94,125429,-7986,-4295,132779,150,19232,614,0,61340,0.0009969999999981383
72033000,-1952,-2146,126301,-286,-5702,126250,101,19232,614,0,61341,0.0010000000000047748
72034000,-2708,9103,127386,-16180,7112,123360,111,19235,414,0,61342,0.000999999999990564
72035000,-8018,11193,129491,-7748,6960,122923,111,19221,455,1,61343,0.0010000000000047748
72036000,-5460,6611,127689,-5169,15,126666,108,19229,442,1,61344,0.0010000000000047748
72037000,-4404,-1747,125910,-10130,775,129108,104,19230,426,1,61345,0.000999999999990564
72038000,1035,4352,125357,-4275,411,122923,121,19229,496,0,61346,0.0010000000000047748
72039000,2752,-2614,123988,2108,405,126028,99,19229,496,0,61347,0.0010000000000047748
72040000,457,3369,125287,-6892,245,124482,105,19227,405,0,61348,0.000999999999990564
72041002,585,4961,125739,-3401,4126,126015,140,19229,430,1,61349,0.0010019999999997253
72042000,-5792,7256,126285,-1373,3600,126662,140,19224,573,1,61350,0.0009980000000098244
72043000,-1306,16343,127907,-3015,-133,118137,114,19232,467,1,61351,0.000999999999990564
72044000,4718,7866,123732,6106,5340,126590,96,19226,393,0,61352,0.0010000000000047748
72045000,6235,3808,125820,6417,-1361,121742,109,19226,446,0,61353,0.0010000000000047748
72046000,11955,-4937,121851,9415,-7216,124755,107,19230,446,0,61354,0.000999999999990564
72047000,3928,-3076,126263,3174,1153,130365,113,19227,438,0,61355,0.0010000000000047748
72048000,8107,-1090,126388,1030,1988,123276,113,19222,463,1,61356,0.0010000000000047748
72049001,3160,6412,128871,1292,4195,127351,113,19233,463,1,61357,0.0010009999999880392
72050000,6481,5872,126926,5846,780,127728,105,19233,430,1,61358,0.0009990000000072996
72051000,9332,1947,124365,5702,-5756,124079,114,19233,467,0,61359,0.0010000000000047748
72052000,7838,11443,130544,6608,-5019,122720,93,19224,467,0,61360,0.000999999999990564
72053000,9610,-9703,126021,13906,-18967,133249,102,19231,381,0,61361,0.0010000000000047748
72054000,2100,-4411,130446,-1088,-1413,129165,102,19227,418,1,61362,0.0010000000000047748
72055000,2769,6772,129613,-6362,6434,127578,126,19220,516,1,61363,0.000999999999990564
72056000,1265,14473,129604,5151,12995,122132,112,19225,459,1,61364,0.0010000000000047748
72057001,2596,8439,131051,1119,320,129005,97,19230,397,1,61365,0.00100100000000225
72058000,8814,-15700,125720,-1021,-14450,131760,153,19230,397,0,61366,0.0009989999999930887
72059002,9928,-4155,132848,19732,-9668,124090,102,19237,627,0,61367,0.0010019999999997253
72060000,5340,-9577,126661,6254,-13519,136380,102,19226,418,0,61368,0.0009980000000098244
72061000,56,9291,133926,-25286,6609,124982,107,19220,438,1,61369,0.000999999999990564
72062000,-3771,9251,133065,2630,4336,129173,132,19225,541,1,61370,0.0010000000000047748
72063000,-7397,8070,130292,960,6299,127032,104,19235,426,1,61371,0.0010000000000047748
72064003,-2066,-640,130482,-19998,-9598,126463,108,19235,426,0,61372,0.0010029999999972006
72065000,-981,-14506,127470,-107,-17604,138968,87,19220,442,0,61373,0.0009969999999981383
72066000,4822,1408,128648,-244,1394,121164,87,19231,356,0,61374,0.0010000000000047748
72067000,-6229,6966,133579,-13492,3333,128508,109,19227,446,0,61375,0.000999999999990564
72068006,-4746,4680,130456,-14923,2119,126516,133,19222,545,1,61376,0.0010060000000038372
72069000,-10565,1392,129735,-6235,-1493,132555,114,19233,467,1,61377,0.0009940000000057125
72070000,-6589,16466,128894,-13548,17188,125518,97,19233,467,1,61378,0.000999999999990564
72071000,-1429,8211,128522,-6727,3542,118420,145,19234,397,0,61379,0.0010000000000047748
72072006,-4963,-2495,126182,-6552,-3942,131486,145,19225,594,0,61380,0.0010060000000038372
72073000,378,-1205,128360,-6438,-4823,127867,103,19231,422,0,61381,0.0009939999999915017
72074000,-4471,1261,127455,-5058,-2538,124292,109,19223,446,1,61382,0.0010000000000047748
72075000,-4289,7677,129174,-9711,5451,130215,137,19230,561,1,61383,0.0010000000000047748
72076000,-10434,14942,128394,-12794,14216,119037,111,19230,561,1,61384,0.000999999999990564
72077000,889,11352,127234,-7344,6226,126531,105,19228,455,1,61385,0.0010000000000047748
72078000,1032,-779,125775,5262,-3416,129368,105,19222,430,0,61386,0.0010000000000047748
72079000,2037,-8606,122252,-4015,-11630,124651,83,19232,340,0,61387,0.000999999999990564
72080000,3556,4529,124958,-8048,1352,118821,112,19229,459,0,61388,0.0010000000000047748
72081000,-1876,12004,126717,1682,9610,126388,129,19222,528,1,61389,0.0010000000000047748
72082000,869,10823,123661,-5238,7437,130219,114,19222,528,1,61390,0.000999999999990564
72083000,-2735,6965,124009,-4194,7774,120731,95,19232,467,1,61391,0.0010000000000047748
72084000,7522,8635,124967,-421,3739,123515,95,19231,389,0,61392,0.0010000000000047748
72085000,8819,935,124673,9660,-7618,124833,128,19234,524,0,61393,0.000999999999990564
72086000,7434,-14908,124934,7544,-12532,134566,110,19230,451,0,61394,0.0010000000000047748
72087000,4684,-1508,126806,1407,-3602,122725,114,19224,467,0,61395,0.0010000000000047748
72088000,1238,15081,127780,6416,11978,117410,145,19224,594,1,61396,0.000999999999990564
72089000,4904,13651,128451,3569,6454,129254,109,19231,594,1,61397,0.0010000000000047748
72090000,7462,1729,124862,-2937,-1860,123461,98,19229,446,1,61398,0.0010000000000047748
72091000,13797,6225,126180,12678,3657,121817,98,19224,401,0,61399,0.000999999999990564
72092000,11304,-1313,126729,12890,-13059,129847,127,19230,520,0,61400,0.0010000000000047748
72093000,5850,-18083,126621,-1955,-14348,132785,111,19230,455,0,61401,0.0010000000000047748
72094000,6524,6081,133469,-1029,2055,129734,117,19230,479,1,61402,0.000999999999990564
72095000,-2071,5026,129280,2687,5348,126508,110,19222,479,1,61403,0.0010000000000047748
72096000,-822,20478,133873,7028,15102,121063,103,19228,451,1,61404,0.0010000000000047748
72097000,3642,4832,127637,-5964,-11899,128688,103,19227,422,1,61405,0.000999999999990564
72098002,11936,-18532,124882,9463,-14787,130449,127,19222,520,0,61406,0.0010019999999997253
72099002,13022,5557,135048,12410,851,127021,96,19232,393,0,61407,0.0010000000000047748
72100000,1207,-5919,127515,-6273,1585,124536,100,19232,410,0,61408,0.0009979999999956135
72101000,2041,8344,135574,-15074,3133,131468,141,19228,410,1,61409,0.0010000000000047748
72102000,-10503,-6432,130186,6516,-7656,139149,110,19226,577,1,61410,0.000999999999990564
72103000,-5868,2701,128912,-8653,648,122534,110,19225,451,1,61411,0.0010000000000047748
72104001,-1188,3039,132160,-18258,-972,129454,96,19228,393,0,61412,0.00100100000000225
72105000,587,-15896,129383,1837,-15002,136159,116,19235,475,0,61413,0.0009989999999930887
72106002,4952,10803,130346,5086,1834,120485,105,19228,430,0,61414,0.0010020000000139362
72107000,-11128,-902,129956,-26249,-8860,139095,116,19228,430,0,61415,0.0009979999999956135
72108000,-6311,3345,131304,-7416,6500,126748,114,19223,475,1,61416,0.000999999999990564
72109000,-12969,10908,131576,-4804,6099,127571,114,19226,467,1,61417,0.0010000000000047748
72110000,-1891,9314,128651,-17963,7875,126026,104,19232,426,1,61418,0.0010000000000047748
72111001,-6360,1742,129480,-8768,-8821,125065,117,19215,479,0,61419,0.00100100000000225
72112000,-728,-11995,124996,-1657,-11333,136893,92,19235,377,0,61420,0.0009989999999930887
72113000,-1232,6064,126765,-4604,5025,117751,103,19235,377,0,61421,0.0010000000000047748
72114000,-10112,2814,128031,-14087,-1848,131882,139,19228,422,1,61422,0.000999999999990564
72115000,-4599,9911,129574,-9177,3286,121816,139,19225,569,1,61423,0.0010000000000047748
72116002,-8993,2727,127878,-3709,-1286,131617,117,19234,479,1,61424,0.0010019999999997253
72117000,-1634,3572,127619,-9424,4609,125619,99,19228,405,0,61425,0.0009979999999956135
72118002,474,13703,125398,-5276,6692,115421,113,19234,463,0,61426,0.0010019999999997253
72119000,2617,-12565,121890,2204,-17572,138572,108,19234,463,0,61427,0.0009980000000098244
72120000,1297,6304,125699,-7645,5010,119521,111,19228,442,0,61428,0.000999999999990564
72121002,-4497,9901,126108,-2488,6323,127031,111,19222,455,1,61429,0.0010019999999997253
72122000,-988,16033,127278,82,13757,118844,140,19231,573,1,61430,0.0009980000000098244
72123000,2663,1775,124545,-5862,-2557,128592,100,19235,410,1,61431,0.000999999999990564
72124000,10896,1041,123938,8476,-1918,115384,107,19225,438,0,61432,0.0010000000000047748
72125000,8315,4134,123147,9311,-599,126844,93,19225,438,0,61433,0.0010000000000047748
72126000,5239,-5850,124856,4288,-9332,125976,113,19228,381,0,61434,0.000999999999990564
72127000,4646,-1444,127579,3034,-5052,132739,113,19224,463,1,61435,0.0010000000000047748
72128000,-52,-2621,127376,136,-6094,125400,131,19223,537,1,61436,0.0010000000000047748
72129000,4279,24128,130019,2918,19266,108498,111,19234,455,1,61437,0.000999999999990564
72130000,8081,2669,126061,6241,-9487,133563,93,19225,381,1,61438,0.0010000000000047748
72131006,12058,-8759,125370,6348,-8237,125815,147,19225,602,0,61439,0.0010060000000038372
72132000,11068,-3356,125882,9028,-6546,129390,103,19238,602,0,61440,0.0009939999999915017
72133000,5678,-6575,126554,12266,-2126,126835,103,19230,422,0,61441,0.0010000000000047748
72134000,4136,9317,131044,840,515,126227,103,19223,422,1,61442,0.0010000000000047748
72135000,-1007,8055,129166,2650,1944,132892,124,19228,508,1,61443,0.000999999999990564
72136000,1303,9999,131233,-3347,6008,122144,105,19231,430,1,61444,0.0010000000000047748
72137002,6425,3867,129141,3910,-5398,126621,108,19231,442,0,61445,0.0010019999999997253
72138001,8583,-11291,126726,4743,-17643,135396,105,19225,442,0,61446,0.0009990000000072996
72139000,8109,-4392,129607,18105,-6138,125248,105,19228,430,0,61447,0.0009989999999930887
72140000,159,-4018,129022,-11743,-10565,136869,105,19228,430,0,61448,0.0010000000000047748
72141000,-1032,12760,131693,-20839,27681,115600,119,19222,487,1,61449,0.000999999999990564
72142000,-3445,15003,133613,7278,2357,132818,109,19230,446,1,61450,0.0010000000000047748
72143001,-815,-12123,128987,-2206,-13054,133258,93,19230,381,1,61451,0.00100100000000225
72144000,-4926,-8857,127392,-20043,-14250,131175,140,19232,381,0,61452,0.0009989999999930887
72145000,-477,-7018,130122,-156,-2875,130648,120,19227,573,0,61453,0.0010000000000047748
72146000,-905,12378,132473,5235,5398,120988,120,19226,491,0,61454,0.0010000000000047748
72147000,-7700,4003,131452,-21721,-1465,135070,118,19225,483,1,61455,0.000999999999990564
72148000,-11752,4595,131783,-18108,498,128483,136,19228,557,1,61456,0.0010000000000047748
72149000,-9099,7608,128522,-2039,5825,125732,111,19232,455,1,61457,0.0010000000000047748
72150007,-4403,10351,129614,-5490,6074,126112,105,19232,455,1,61458,0.0010070000000013124
72151003,-1641,-1333,126916,-10094,-10234,128904,133,19224,430,0,61459,0.000996000000000663
72152000,-1779,-16395,124725,-2283,-14926,134945,133,19235,545,0,61460,0.0009969999999981383
72153000,-3327,14534,131567,-8896,10898,115331,101,19229,414,0,61461,0.000999999999990564
72154000,-2634,10365,125978,-3532,5229,125239,115,19225,471,1,61462,0.0010000000000047748
72155000,-10916,4928,128466,-13109,1264,132378,110,19227,451,1,61463,0.0010000000000047748
72156000,-3998,495,125816,-17205,377,126819,101,19227,451,1,61464,0.000999999999990564
72157000,677,14234,127132,3960,11985,121895,131,19231,414,0,61465,0.0010000000000047748
72158000,723,-3328,124667,725,-9314,125238,131,19231,537,0,61466,0.0010000000000047748
72159000,-1256,-5884,123501,-2626,-8820,127674,111,19230,455,0,61467,0.000999999999990564
72160000,-892,5593,126811,-9020,576,127659,109,19226,446,0,61468,0.0010000000000047748
72161000,-1461,17713,127276,-80,18570,118522,152,19228,623,1,61469,0.0010000000000047748
72162000,-1685,17735,127840,-1653,11999,121876,107,19228,623,1,61470,0.000999999999990564
72163000,5085,-1745,122134,-4116,-4894,127515,98,19226,438,1,61471,0.0010000000000047748
72164000,9822,3593,123387,9404,-1669,125608,98,19226,401,0,61472,0.0010000000000047748
72165000,14315,-3947,123349,17071,-7859,122406,94,19233,385,0,61473,0.000999999999990564
72166000,6185,3738,126304,7744,420,118826,109,19229,446,0,61474,0.0010000000000047748
72167000,3555,-4265,127621,-6907,-6553,134746,117,19221,479,1,61475,0.0010000000000047748
72168000,2139,3736,127126,1741,1417,117949,108,19221,479,1,61476,0.000999999999990564
72169000,1734,12701,130328,9673,7545,125562,97,19229,442,1,61477,0.0010000000000047748
72170000,8040,-234,124345,1331,-2243,124834,97,19233,397,0,61478,0.0010000000000047748
72171000,8586,2945,128354,3444,-529,121024,120,19227,491,0,61479,0.000999999999990564
72172000,13336,-13849,126664,10569,-18587,130952,94,19230,385,0,61480,0.0010000000000047748
72173000,4325,-1476,127856,12430,-4965,126929,102,19223,418,0,61481,0.0010000000000047748
72174000,150,4607,130742,-10873,1210,127379,142,19223,582,1,61482,0.000999999999990564
72175000,1707,18196,129578,-3407,13409,118854,111,19231,582,1,61483,0.0010000000000047748
72176002,3012,8096,128600,14433,-11932,141694,97,19230,455,1,61484,0.0010019999999997253
72177002,9463,-12330,124582,-5607,-5346,123196,97,19225,397,0,61485,0.0010000000000047748
72178000,7001,-5379,129622,4799,-5774,129463,130,19235,532,0,61486,0.0009979999999956135
72179000,8397,-4727,130078,17609,-15460,137537,103,19233,422,0,61487,0.0010000000000047748
72180000,-2428,-3772,129562,-14278,1854,126303,112,19233,459,1,61488,0.000999999999990564
72181000,-3143,11625,135952,-2353,4969,129469,124,19223,459,1,61489,0.0010000000000047748
72182000,-8570,10070,129138,3587,6084,118631,99,19228,508,1,61490,0.0010000000000047748
72183000,-2236,922,131917,-20408,-13920,137590,99,19231,405,1,61491,0.000999999999990564
72184000,2208,-10428,129056,1660,-12442,133068,114,19222,467,0,61492,0.0010000000000047748
72185000,2288,675,127424,-889,2465,120734,97,19227,397,0,61493,0.0010000000000047748
72186000,-3809,13262,133138,-14209,7668,125601,109,19227,446,0,61494,0.000999999999990564
72187000,-7712,-2075,130328,-11909,-8195,127372,142,19229,446,1,61495,0.0010000000000047748
72188000,-7304,891,133563,-9572,692,135429,116,19225,582,1,61496,0.0010000000000047748
72189000,-11539,13532,129866,-15407,9511,118859,116,19228,475,1,61497,0.000999999999990564
72190000,-576,16216,131644,-5700,3595,125461,99,19229,405,1,61498,0.0010000000000047748
72191000,-2726,-8307,125015,-2833,-14213,133774,162,19231,664,0,61499,0.0010000000000047748
72192000,-940,-7577,125340,-9728,-6315,128797,105,19231,430,0,61500,0.000999999999990564
72193002,-957,6034,129124,-8481,9048,119957,109,19224,430,0,61501,0.0010019999999997253
72194000,-4438,19224,128971,-8968,9642,120648,129,19223,446,1,61502,0.0009980000000098244
72195000,-6006,6236,126278,-9490,2580,131858,129,19228,528,1,61503,0.000999999999990564
72196000,-6871,8949,126787,-11982,5321,124942,109,19231,446,1,61504,0.0010000000000047748
72197000,1266,563,123214,-227,-1042,124186,111,19220,455,0,61505,0.0010000000000047748
72198000,2694,3110,126877,2548,1473,123474,93,19228,381,0,61506,0.000999999999990564
72199000,3170,-9969,124032,-4818,-9269,131603,110,19228,381,0,61507,0.0010000000000047748
72200002,939,9098,128046,-3604,5349,118440,133,19230,451,1,61508,0.0010019999999997253
72201002,-3800,12982,125807,-11888,5909,129048,133,19222,545,1,61509,0.0010000000000047748
72202001,-349,4459,125894,9915,4362,127525,113,19230,463,1,61510,0.0009989999999930887
72203002,-193,11109,124628,5150,3953,117629,95,19226,389,0,61511,0.00100100000000225
72204000,9833,7008,123134,-10981,1438,124870,120,19235,491,0,61512,0.0009979999999956135
72205000,10362,9849,125343,18157,6973,121538,109,19235,491,0,61513,0.0010000000000047748
72206001,12716,-4888,126058,6510,-8206,130225,114,19224,446,0,61514,0.00100100000000225
72207000,3133,701,127831,780,1053,125440,114,19224,467,1,61515,0.0009989999999930887
72208000,-338,-3010,126791,1225,-5410,131829,132,19231,541,1,61516,0.0010000000000047748
72209000,7830,6611,128184,6050,5249,124901,107,19232,438,1,61517,0.0010000000000047748
72210002,5792,11125,127172,1958,6853,120849,104,19221,426,0,61518,0.0010019999999997253
72211000,11347,4129,126828,5965,2901,125363,94,19221,426,0,61519,0.0009979999999956135
72212000,4828,-12019,125566,11800,-16840,127932,103,19229,385,0,61520,0.0010000000000047748
72213000,8068,-14671,128434,-11522,-18594,138164,103,19228,422,0,61521,0.000999999999990564
72214000,3163,8181,130375,12934,4725,126569,119,19223,487,1,61522,0.0010000000000047748
72215000,-1428,25367,134115,4566,21192,118512,114,19224,467,1,61523,0.0010000000000047748
72216000,5250,4951,130414,-15470,845,131155,100,19225,410,1,61524,0.000999999999990564
72217000,1534,-12170,128482,10242,-15014,130943,137,19225,410,0,61525,0.0010000000000047748
72218000,11393,-14925,125807,7777,-19446,135734,102,19226,561,0,61526,0.0010000000000047748
72219000,1511,4382,131293,13150,1621,124520,102,19228,418,0,61527,0.000999999999990564
72220003,2573,2216,130642,-15453,-331,134236,105,19227,430,1,61528,0.0010029999999972006
72221002,-459,9174,133480,-17318,5274,123814,147,19232,602,1,61529,0.0009990000000072996
72222000,-9724,10177,132520,13744,6898,132781,110,19230,451,1,61530,0.0009979999999956135
72223000,-2455,-3019,129105,-7987,-2198,122842,102,19230,418,1,61531,0.0010000000000047748
72224000,-6229,-12682,128786,-20312,-17194,139492,103,19224,418,0,61532,0.0010000000000047748
72225000,8616,-9581,131043,2400,6107,123480,109,19231,422,0,61533,0.000999999999990564
72226001,-4549,15486,129360,6513,8507,121335,109,19225,446,0,61534,0.00100100000000225
72227000,-7006,-518,132341,-24089,3810,131645,125,19224,512,1,61535,0.0009989999999930887
72228000,-8111,4383,129020,-6174,-5548,135302,114,19227,467,1,61536,0.0010000000000047748
72229000,-4437,-20,127461,-6897,9684,125066,102,19227,418,1,61537,0.0010000000000047748
72230000,-3052,20204,131645,-7384,10703,119304,129,19229,418,0,61538,0.000999999999990564
72231000,-4369,-13307,123852,-13249,-14055,136961,99,19222,528,0,61539,0.0010000000000047748
72232000,-1017,-4966,125095,-1563,-177,123908,99,19236,405,0,61540,0.0010000000000047748
72233000,-5344,5911,128936,-10955,-87,130464,104,19227,426,1,61541,0.000999999999990564
72234000,-5736,9467,126369,-5218,5917,119108,146,19229,598,1,61542,0.0010000000000047748
72235000,-9212,23243,130891,-13009,11188,124602,113,19229,463,1,61543,0.0010000000000047748
72236001,-114,-2535,125611,-4092,-4027,131570,104,19229,463,1,61544,0.00100100000000225
72237000,-684,1306,126061,6791,-2014,122886,110,19224,426,0,61545,0.0009989999999930887
72238000,1647,-4251,122980,-11356,-170,123113,110,19232,451,0,61546,0.0010000000000047748
72239000,1552,7313,125350,-5461,8729,117586,108,19227,442,0,61547,0.000999999999990564
72240000,2245,1043,127274,1764,-1157,136877,116,19217,475,1,61548,0.0010000000000047748
72241000,-4579,2720,123957,-1774,5728,120487,125,19232,512,1,61549,0.0010000000000047748
72242000,-2464,17807,126415,-10353,12270,121041,99,19232,512,1,61550,0.000999999999990564
72243000,6371,13846,124927,9911,5931,119447,117,19233,405,0,61551,0.0010000000000047748
72244000,10850,61,123584,11761,-10748,129132,117,19225,479,0,61552,0.0010000000000047748
72245000,9271,-17596,123820,5736,-21037,134207,104,19226,426,0,61553,0.000999999999990564
72246000,2280,-3573,128430,7186,-3160,127971,113,19225,463,0,61554,0.0010000000000047748
72247000,3746,15932,127765,-106,9011,120497,141,19228,577,1,61555,0.0010000000000047748
72248003,2321,12673,128845,4193,7840,126695,110,19228,577,1,61556,0.0010029999999972006
72249000,5205,6582,124688,2732,6669,130899,97,19233,451,1,61557,0.0009969999999981383
72250000,10045,3207,124041,412,3342,118334,97,19229,397,0,61558,0.0010000000000047748
72251000,12325,-46,127436,15884,-5804,129503,136,19230,557,0,61559,0.000999999999990564
72252000,11620,-17859,125051,14755,-22586,134513,109,19228,446,0,61560,0.0010000000000047748
72253000,2988,-1100,130914,-9371,-647,128909,112,19223,459,1,61561,0.0010000000000047748
72254000,362,14895,133071,-3056,13069,126697,118,19223,459,1,61562,0.000999999999990564
72255000,-3390,12789,129849,7858,8309,122680,102,19229,483,1,61563,0.0010000000000047748
72256001,1947,2039,129810,-7564,-3617,129966,102,19232,418,1,61564,0.00100100000000225
72257000,11797,-14767,126036,5198,-18636,132550,115,19224,471,0,61565,0.0009989999999930887
72258000,12086,-5052,130456,25848,-6014,134056,94,19229,385,0,61566,0.0010000000000047748
72259000,5478,1079,130636,-2888,-1667,121969,104,19228,426,0,61567,0.0010000000000047748
72260000,1358,10404,134876,-17440,6440,129590,129,19228,426,1,61568,0.000999999999990564
72261000,-11621,3963,132374,7322,526,133331,112,19220,528,1,61569,0.0010000000000047748
72262000,-9408,-1508,130922,-12164,-5097,126573,112,19233,459,1,61570,0.0010000000000047748
72263000,-296,-3502,129488,-15830,-6839,131552,92,19228,377,0,61571,0.000999999999990564
72264000,4089,2260,129943,7297,-1442,126288,149,19236,610,0,61572,0.0010000000000047748
72265000,1625,-251,129045,-1736,-2694,127224,107,19229,438,0,61573,0.0010000000000047748
72266000,-6218,4891,131953,-17683,1563,133252,113,19229,463,0,61574,0.000999999999990564
72267000,-7285,-2475,129115,-12776,-6117,133060,134,19223,463,1,61575,0.0010000000000047748
72268000,-13441,13770,131611,-4530,13228,124810,105,19227,549,1,61576,0.0010000000000047748
72269001,-4262,6590,127873,-19804,2924,127131,105,19235,430,1,61577,0.00100100000000225
72270001,-3830,8270,128399,-10591,-4372,129440,105,19220,430,0,61578,0.000999999999990564
72271001,1327,-9693,123618,2880,-8802,129319,109,19228,446,0,61579,0.0010000000000047748
72272002,569,-563,128544,-4204,1420,125719,103,19228,422,0,61580,0.00100100000000225
72273003,-6111,9745,128090,-12951,9106,125091,125,19229,422,1,61581,0.00100100000000225
72274000,-7434,10949,128853,-11942,7206,128922,113,19228,512,1,61582,0.0009969999999981383
72275000,-10368,3178,127398,-3464,-3638,128178,113,19225,463,1,61583,0.000999999999990564
72276000,-2316,1722,125388,-4465,-9,120863,99,19227,405,0,61584,0.0010000000000047748
72277000,437,5302,126749,-3379,-5994,124435,140,19233,573,0,61585,0.0010000000000047748
72278000,4990,-2166,124049,2465,-1834,127137,106,19233,434,0,61586,0.000999999999990564
72279000,1548,6265,125949,-10239,8204,123584,111,19230,434,0,61587,0.0010000000000047748
72280001,-3425,8356,125411,550,7868,121844,152,19228,455,1,61588,0.00100100000000225
72281000,-4273,5733,126029,-903,6889,122563,152,19231,623,1,61589,0.0009989999999930887
72282000,1038,-3890,127996,-5013,-3008,130981,105,19230,430,1,61590,0.0010000000000047748
72283002,10002,10647,122720,9299,9559,114682,97,19229,397,0,61591,0.0010019999999997253
72284001,8369,7107,125459,9113,-4689,129920,83,19230,340,0,61592,0.0009990000000072996
72285000,8259,-9798,122461,7990,-9395,123756,115,19230,340,0,61593,0.0009989999999930887
72286000,4597,-5277,126383,386,-10744,135353,128,19227,471,1,61594,0.0010000000000047748
72287000,808,6079,128546,771,10551,120188,128,19223,524,1,61595,0.000999999999990564
72288000,5462,22746,129486,5804,12660,117921,113,19229,463,1,61596,0.0010000000000047748
72289000,8095,-5093,125286,6720,-13068,135415,97,19233,397,1,61597,0.0010000000000047748
72290000,10367,-3738,125334,2334,-4847,119775,133,19225,545,0,61598,0.000999999999990564
72291000,9567,-1434,128382,9425,-8713,131378,108,19225,545,0,61599,0.0010000000000047748
72292001,5426,1465,127755,7923,1737,122534,108,19229,442,0,61600,0.00100100000000225
72293000,3407,-1182,130191,-6669,-3689,132918,108,19226,442,1,61601,0.0009989999999930887
72294000,-45,-1779,129828,4100,1895,125896,139,19228,569,1,61602,0.0010000000000047748
72295000,4023,11774,129594,4791,3661,117532,110,19232,451,1,61603,0.0010000000000047748
72296000,3354,1944,130264,-1847,-1790,136137,104,19224,426,1,61604,0.000999999999990564
72297000,8676,-11156,125693,156,-18510,125499,126,19224,426,0,61605,0.0010000000000047748
72298000,9075,-11016,129832,17425,-12220,136568,106,19231,516,0,61606,0.0010000000000047748
72299000,-2431,-534,129077,-1153,-1821,127526,106,19234,434,0,61607,0.000999999999990564
72300000,545,5586,131068,-24545,3716,126132,115,19222,471,1,61608,0.0010000000000047748
72301000,-2951,18299,134512,5163,15124,128229,113,19230,463,1,61609,0.0010000000000047748
72302000,-1527,1257,127101,6647,-4048,130780,96,19232,393,1,61610,0.000999999999990564
72303000,-132,-14079,127375,-18751,-17192,131124,124,19232,393,0,61611,0.0010000000000047748
72304000,-3972,-5881,131505,-4425,-11546,128094,101,19226,508,0,61612,0.0010000000000047748
72305000,2295,10358,130608,7242,9513,131227,101,19229,414,0,61613,0.000999999999990564
72306000,-10885,10023,133586,-19947,6105,119556,107,19227,438,1,61614,0.0010000000000047748
72307001,-7582,-480,131087,-23249,-3728,133918,145,19229,594,1,61615,0.00100100000000225
72308002,-9468,5567,128498,-1071,2062,129300,116,19232,475,1,61616,0.00100100000000225
72309000,-4801,13020,131774,-9735,10564,120536,101,19232,414,1,61617,0.0009979999999956135
72310000,-1516,2360,128184,-11246,-1884,132917,166,19226,414,0,61618,0.0010000000000047748
72311000,-7553,-6714,124677,-6127,-8583,127506,104,19232,680,0,61619,0.000999999999990564
72312000,1884,8898,130097,-9104,5904,127784,104,19230,426,0,61620,0.0010000000000047748
72313000,-6208,4759,126441,-4553,1904,121277,110,19222,451,1,61621,0.0010000000000047748
72314000,-5732,9875,126952,-11016,5720,128475,113,19231,463,1,61622,0.000999999999990564
72315000,-4968,10153,127231,-14688,6037,118263,109,19231,446,1,61623,0.0010000000000047748
72316000,3476,9209,127059,2502,7528,130957,120,19230,446,0,61624,0.0010000000000047748
72317000,1778,1075,124851,10554,-10555,127181,100,19226,491,0,61625,0.000999999999990564
72318000,-5145,-10291,121848,-15184,-2027,124616,100,19227,410,0,61626,0.0010000000000047748
72319001,5858,6596,129495,-11995,9801,126837,109,19226,446,0,61627,0.00100100000000225
72320000,-4022,15030,125539,14357,11856,116271,138,19224,565,1,61628,0.0009989999999930887
72321000,-535,12324,125808,-9201,3933,125629,113,19224,463,1,61629,0.0010000000000047748
72322000,1664,8537,124659,1717,2177,121225,97,19232,463,1,61630,0.0010000000000047748
72323000,10908,1998,124166,10213,-1553,126176,118,19229,397,0,61631,0.000999999999990564
72324000,11382,-3462,126787,10651,-3221,126274,118,19229,483,0,61632,0.0010000000000047748
72325000,3350,-5437,125394,-2249,-13100,128517,115,19224,471,0,61633,0.0010000000000047748
72326000,6188,-2597,124925,6090,-1972,129115,116,19224,475,1,61634,0.000999999999990564
72327000,-3039,10371,128538,2084,11198,120392,119,19228,487,1,61635,0.0010000000000047748
72328000,8440,8657,128178,413,3220,130277,106,19228,487,1,61636,0.0010000000000047748
72329000,6153,9410,124956,13552,1162,116629,112,19233,434,1,61637,0.000999999999990564
72330001,10759,7135,127352,-4024,-14088,128586,112,19222,459,0,61638,0.00100100000000225
72331000,13938,-12204,125512,16643,-20015,134028,87,19227,356,0,61639,0.0009990000000072996
72332001,2791,411,130641,3756,9230,122270,101,19225,414,0,61640,0.0010009999999880392
72333000,5961,2848,130312,-14779,2054,132937,124,19228,508,1,61641,0.0009990000000072996
72334002,-2369,12168,129623,9436,8055,121042,113,19228,508,1,61642,0.0010019999999997253
72335000,4900,5699,130225,994,-5118,133366,98,19231,463,1,61643,0.0009979999999956135
72336000,7250,-4780,126539,-3349,-6169,127650,98,19229,401,0,61644,0.0010000000000047748
72337000,8435,-1738,130928,16718,-5763,123741,149,19233,610,0,61645,0.0010000000000047748
72338000,8992,-5598,128100,5255,-15402,137546,103,19231,422,0,61646,0.000999999999990564
72339000,-4611,2789,133213,-17548,1932,123876,104,19223,426,0,61647,0.0010000000000047748
72340000,1000,1056,135503,-7522,-2387,139722,137,19223,426,1,61648,0.0010000000000047748
72341001,-10648,11406,130314,4033,2261,120405,104,19230,561,1,61649,0.0010009999999880392
72342000,-1257,1342,129457,-18942,-8403,131374,104,19232,426,1,61650,0.0009990000000072996
72343001,1854,-13404,128124,-4744,-15174,137800,105,19219,430,0,61651,0.00100100000000225
72344000,1313,6702,129260,10614,4488,115306,90,19228,369,0,61652,0.0009989999999930887
72345000,-2617,8808,131608,-13765,3701,133127,108,19228,442,0,61653,0.0010000000000047748
72346000,-9698,-3570,129093,-19671,-5858,128229,125,19228,442,1,61654,0.0010000000000047748
72347000,-7283,4408,132999,-4109,2387,135199,113,19228,512,1,61655,0.000999999999990564
72348000,-13419,9669,128826,-9880,7850,127267,113,19229,463,1,61656,0.0010000000000047748
72349000,-1205,8062,128632,-12964,5271,120301,100,19230,410,1,61657,0.0010000000000047748
72350000,-695,-1323,127981,-5684,-5927,134597,142,19223,582,0,61658,0.000999999999990564
72351000,-923,-9646,123577,-761,-12447,128961,110,19228,451,0,61659,0.0010000000000047748
72352000,-3219,5396,130127,-10498,5261,128968,107,19228,451,0,61660,0.000999999999990564
72353000,-6603,8451,129289,-11777,3632,123047,133,19225,438,1,61661,0.0010000000000047748
72354000,-3397,4372,126746,-1436,268,130508,133,19227,545,1,61662,0.0010000000000047748
72355000,-8291,7098,127793,-13676,3794,127339,114,19232,467,1,61663,0.000999999999990564
72356000,944,8420,125200,-2522,5337,118038,109,19224,446,0,61664,0.0010000000000047748
72357000,-3564,5658,124629,2869,3830,127971,89,19230,365,0,61665,0.0010000000000047748
72358000,1116,-6392,123064,-10531,-10058,123976,106,19230,434,0,61666,0.000999999999990564
72359000,2105,4348,128380,-4036,1387,128996,118,19229,434,0,61667,0.0010000000000047748
72360000,-1891,8309,125036,5609,5414,121308,109,19221,483,1,61668,0.0010000000000047748
72361000,-1774,11583,126846,-4369,8206,124338,109,19232,446,1,61669,0.000999999999990564
72362000,4529,5827,125242,-6343,2577,126023,96,19231,393,1,61670,0.0010000000000047748
72363000,9203,1377,121764,7492,-2921,125170,127,19231,520,0,61671,0.0010000000000047748
72364000,9141,8748,124975,11481,-216,120699,103,19231,422,0,61672,0.000999999999990564
72365002,6752,-5921,124456,1541,-8186,127155,108,19231,422,0,61673,0.0010019999999997253
72366000,4429,-5568,127508,7629,85,131976,134,19226,442,1,61674,0.0009980000000098244
72367000,2939,3554,126562,261,16373,121561,134,19228,549,1,61675,0.000999999999990564
72368000,6030,15752,129124,3560,7012,124499,110,19232,451,1,61676,0.0010000000000047748
72369000,6550,-1423,124165,8668,-5836,125964,98,19224,401,0,61677,0.0010000000000047748
72370000,9860,-2497,127598,8978,-8585,130029,113,19224,463,0,61678,0.000999999999990564
72371000,7960,-12580,126980,10396,-15530,133724,104,19229,463,0,61679,0.0010000000000047748
72372000,4813,-2245,129158,-3105,3004,124083,113,19228,426,0,61680,0.0010000000000047748
72373002,2715,16648,132593,1505,11185,124715,113,19221,463,1,61681,0.0010019999999997253
72374000,-80,10459,128050,3059,2088,129172,107,19230,438,1,61682,0.0009979999999956135
72375000,3554,-372,128063,380,-2374,127902,100,19230,410,1,61683,0.0010000000000047748
72376000,6248,-2961,129916,3525,-7136,128891,120,19223,491,0,61684,0.000999999999990564
72377000,12804,-7629,126928,15319,-7316,126628,109,19223,491,0,61685,0.0010000000000047748
72378000,1796,1680,132027,2302,-2334,131830,109,19230,446,0,61686,0.0010000000000047748
72379000,2192,-5699,128865,-22027,-4755,132945,109,19224,446,1,61687,0.000999999999990564
72380000,-3063,8127,131328,-221,11967,127871,145,19226,594,1,61688,0.0010000000000047748
72381000,-3486,11165,134108,973,4786,126651,112,19235,459,1,61689,0.0010000000000047748
72382001,-3743,-2902,128988,-9414,-14065,128336,97,19226,397,1,61690,0.00100100000000225
72383000,-371,-14359,128192,-12547,-14793,137767,125,19226,397,0,61691,0.0009989999999930887
72384000,3009,-1661,131443,3028,-5079,128006,107,19231,512,0,61692,0.0010000000000047748
72385000,-4790,4938,130223,-2451,5824,120950,107,19229,438,0,61693,0.000999999999990564
72386000,-9100,13981,134486,-25035,1967,131018,117,19222,479,1,61694,0.0010000000000047748
72387001,-10848,-6081,127187,-6983,-995,134350,118,19226,483,1,61695,0.00100100000000225
72388000,-6370,8405,131997,-1904,6608,120061,102,19231,418,1,61696,0.0009989999999930887
72389000,-2601,4776,127106,-6972,-806,127577,114,19231,418,0,61697,0.0010000000000047748
72390000,-4858,-1844,127261,-12723,-5411,127564,91,19217,467,0,61698,0.0010000000000047748
72391000,-1358,-6654,125884,-8119,-11028,128207,91,19235,373,0,61699,0.000999999999990564
72392000,-2951,4536,127297,-5591,3435,127037,102,19226,418,0,61700,0.0010000000000047748
72393000,-6634,13099,127768,-7327,8169,118302,137,19226,561,1,61701,0.0010000000000047748
72394000,-8045,2937,127520,-13024,-4086,127576,114,19231,467,1,61702,0.000999999999990564
72395000,655,7730,126159,-8764,5507,128229,98,19231,467,1,61703,0.0010000000000047748
72396002,418,3636,126953,6322,-916,124143,126,19228,401,0,61704,0.0010019999999997253
72397000,1432,641,123847,-3272,-2004,122589,126,19229,516,0,61705,0.0009979999999956135
72398000,-509,-963,124740,-6971,-4248,127543,116,19229,475,0,61706,0.0010000000000047748
72399000,453,11774,127006,3538,10592,133510,117,19225,479,1,61707,0.0010000000000047748
72400001,-1619,11050,124693,-8247,8524,113293,138,19229,565,1,61708,0.00100100000000225
72401002,-1147,17665,127909,-5571,14755,119520,105,19229,430,1,61709,0.0010009999999880392
72402000,8186,-420,123588,9505,-6567,129003,109,19230,430,0,61710,0.0009980000000098244
72403001,6806,-8305,122901,8207,-11471,119836,89,19224,446,0,61711,0.00100100000000225
72404000,11034,1083,126570,-3128,-2214,131199,89,19231,365,0,61712,0.0009989999999930887
72405000,3417,2704,125223,12751,-438,119917,108,19227,442,0,61713,0.0010000000000047748
72406000,5748,4083,129385,3137,1745,134896,133,19223,545,1,61714,0.000999999999990564
72407002,2527,-1926,127581,-3801,-4423,123919,114,19223,467,1,61715,0.0010019999999997253
72408000,7560,13226,126967,9991,9664,123175,97,19227,467,1,61716,0.0009980000000098244
72409000,9824,226,124305,6829,-3362,120194,142,19234,397,0,61717,0.000999999999990564
72410001,9871,2814,128138,573,1442,132348,142,19234,582,0,61718,0.00100100000000225
72411000,10532,-18084,124823,18492,-18227,139534,100,19231,410,0,61719,0.0009990000000072996
72412001,1433,-3210,127313,82,11073,121691,103,19228,422,1,61720,0.00100100000000225
72413000,2347,14311,132269,-8606,7871,128313,128,19228,524,1,61721,0.0009989999999930887
72414000,-48,15578,128128,4619,9619,120442,110,19229,524,1,61722,0.0010000000000047748
72415000,3371,-3859,128437,-1635,-9160,136559,107,19230,451,1,61723,0.000999999999990564
72416000,12651,-12430,128612,10148,-14133,124969,107,19219,438,0,61724,0.0010000000000047748
72417000,6717,1752,129217,15391,-5479,128476,96,19234,393,0,61725,0.0010000000000047748
72418000,5409,-8050,129568,-16195,-8285,130397,103,19235,422,0,61726,0.000999999999990564
72419000,3818,6811,134218,-8302,7855,128788,120,19227,491,1,61727,0.0010000000000047748
72420001,-8721,3275,131934,8100,-836,131777,113,19227,491,1,61728,0.00100100000000225
72421000,-11282,6432,129621,-17571,3318,121011,95,19233,463,1,61729,0.0009989999999930887
72422000,-2327,-10405,131563,-11921,-15428,141133,95,19227,389,0,61730,0.0010000000000047748
72423000,1705,-2754,128495,10025,-4834,122450,134,19233,549,0,61731,0.0010000000000047748
72424000,1207,5066,130182,-13320,-1694,128212,105,19227,430,0,61732,0.000999999999990564
72425000,-5361,1117,133116,-8464,1469,131216,109,19225,446,0,61733,0.0010000000000047748
72426000,-7397,2064,129950,-4633,97,127590,147,19225,446,1,61734,0.0010000000000047748
72427000,-8743,5378,129644,-16068,7824,130243,112,19231,602,1,61735,0.000999999999990564
72428000,-6667,11296,130071,-13911,3999,122269,112,19231,459,1,61736,0.0010000000000047748
72429000,-822,6756,126729,-2597,2653,124564,103,19222,422,0,61737,0.0010000000000047748
72430000,-3475,-6965,125333,-4397,-11025,133265,137,19232,561,0,61738,0.000999999999990564
72431000,-2512,-4060,126129,-9581,-3388,122866,104,19229,426,0,61739,0.0010000000000047748
72432003,-4309,8634,128444,-10622,5396,126266,119,19229,426,1,61740,0.0010029999999972006
72433000,-7170,7602,128611,-5097,4637,126289,112,19222,487,1,61741,0.0009969999999981383
72434000,-9705,1911,129045,-11162,8723,127561,112,19228,459,1,61742,0.0010000000000047748
72435000,-4147,6369,125291,-12462,-2259,123317,103,19234,422,1,61743,0.0010000000000047748
72436000,2478,-3970,125874,-1318,-12470,128429,129,19230,528,0,61744,0.000999999999990564
72437000,3105,-4857,124371,2405,-8422,130257,109,19229,446,0,61745,0.0010000000000047748
72438000,-1533,14449,126481,-6440,9282,117522,110,19229,446,0,61746,0.0010000000000047748
72439000,-917,15051,126286,-5717,10645,124816,152,19229,451,1,61747,0.000999999999990564
72440000,-3524,1823,125413,-2265,1943,130266,152,19227,623,1,61748,0.0010000000000047748
72441000,4919,11118,125617,789,7895,121471,110,19230,451,1,61749,0.0010000000000047748
72442000,5069,8152,123230,6701,2301,122288,96,19225,393,0,61750,0.000999999999990564
72443000,8266,356,124356,3648,-3482,123492,102,19232,418,0,61751,0.0010000000000047748
72444000,10501,-10633,125803,4794,-14589,131902,110,19232,418,0,61752,0.0010000000000047748
72445000,4235,-872,126427,9032,-1257,126295,116,19230,451,0,61753,0.000999999999990564
72446000,2347,11424,127142,85,8914,123744,116,19220,475,1,61754,0.0010000000000047748
72447000,2458,10976,131369,-882,5472,122525,104,19230,426,1,61755,0.0010000000000047748
72448000,10314,-1844,125717,6292,-5753,135752,99,19232,405,1,61756,0.000999999999990564
72449000,9525,5961,127211,10727,3862,118324,121,19225,496,0,61757,0.0010000000000047748
72450000,8574,4171,127542,8448,-561,121587,97,19225,397,0,61758,0.0010000000000047748
72451000,8070,-14199,125560,4282,-16887,136054,102,19228,397,0,61759,0.000999999999990564
72452000,3459,-2646,130486,4250,-6638,131188,133,19232,418,1,61760,0.0010000000000047748
72453000,232,9192,132441,-2390,5328,130661,133,19234,545,1,61761,0.0010000000000047748
72454000,564,19982,130536,-1190,17603,120966,109,19228,446,1,61762,0.000999999999990564
72455000,5235,-4152,128559,3967,-6710,141137,97,19226,397,1,61763,0.0010000000000047748
72456000,9614,-18943,124539,854,-22294,124230,140,19226,573,0,61764,0.0010000000000047748
72457000,8715,1465,131058,12229,-1779,135673,106,19234,573,0,61765,0.000999999999990564
72458001,-1994,9955,129744,3727,2868,115378,109,19233,434,0,61766,0.00100100000000225
72459000,1860,11606,132886,-24694,1824,132222,109,19221,446,1,61767,0.0009990000000072996
72460000,-6420,-5489,134659,-437,-7109,137999,126,19227,516,1,61768,0.000999999999990564
72461000,-4024,1693,128565,9048,-590,119996,100,19232,410,1,61769,0.0010000000000047748
72462000,-1596,-624,128732,-19744,-4701,133787,111,19224,455,0,61770,0.0010000000000047748
72463000,299,-3159,129520,7280,-3759,123627,94,19224,455,0,61771,0.000999999999990564
72464001,3481,1822,129920,6012,-4216,133093,109,19227,385,0,61772,0.00100100000000225
72465001,-10140,3528,132940,-25289,629,125684,109,19228,446,1,61773,0.0010000000000047748
72466002,-8355,5826,131618,-14106,3377,128761,136,19225,557,1,61774,0.00100100000000225
72467000,-9056,7277,130097,-919,2774,131312,111,19230,455,1,61775,0.0009979999999956135
72468000,-3119,11908,128878,-11548,7919,120293,97,19228,397,1,61776,0.0010000000000047748
72469001,-5325,-4279,128243,-5120,-18116,139761,153,19228,397,0,61777,0.0010009999999880392
72470003,-5484,-955,125092,-1423,815,118438,104,19230,627,0,61778,0.0010019999999997253
72471000,-9,12917,129238,-4708,3341,128526,104,19230,426,0,61779,0.0009970000000123491
72472000,-5051,-578,127707,-10650,-804,128853,109,19220,446,1,61780,0.000999999999990564
72473000,-6643,12293,128113,-11838,10273,119397,125,19233,512,1,61781,0.0010000000000047748
72474000,-5122,4421,126473,-14557,9639,133203,105,19229,430,1,61782,0.0010000000000047748
72475000,3329,5903,125543,6872,3755,117236,108,19229,430,0,61783,0.000999999999990564
72476000,-3360,-3812,122880,-4120,-9538,131661,89,19225,442,0,61784,0.0010000000000047748
72477000,2458,-1428,122486,-12892,609,122039,89,19228,365,0,61785,0.000999999999990564
72478001,-739,10610,129781,6288,5010,123965,110,19230,451,0,61786,0.00100100000000225
72479000,336,3405,126076,-485,-571,129350,130,19219,532,1,61787,0.0009990000000072996
72480001,-3162,12921,127463,-7413,9785,121858,113,19230,463,1,61788,0.00100100000000225
72481000,3062,2520,124559,-1918,6795,131868,92,19230,463,1,61789,0.0009989999999930887
72482000,10460,9350,124592,13234,5291,112392,129,19228,377,0,61790,0.0010000000000047748
72483000,7999,2201,122535,15136,-3756,131480,129,19231,528,0,61791,0.000999999999990564
72484000,6414,-9949,124288,-3428,-10083,129805,111,19227,455,0,61792,0.0010000000000047748
72485001,3901,937,127746,4168,-1997,124204,114,19228,467,1,61793,0.00100100000000225
72486000,5503,12390,129248,4742,12760,127088,129,19229,528,1,61794,0.0009989999999930887
72487000,3793,12862,127873,1769,8783,119709,106,19229,528,1,61795,0.0010000000000047748
72488000,7403,-4067,125221,4995,-8877,132325,102,19233,434,1,61796,0.0010000000000047748
72489000,13470,-1042,125020,5396,-3466,125630,102,19223,418,0,61797,0.000999999999990564
72490001,9114,-3177,127744,13637,-8284,128733,101,19229,414,0,61798,0.00100100000000225
72491000,5961,-8944,128062,3803,-11791,129113,113,19233,463,0,61799,0.0009990000000072996
72492000,2745,8200,130933,-9957,7795,127292,122,19225,500,1,61800,0.000999999999990564
72493000,405,13650,129404,3987,9454,136493,112,19225,459,1,61801,0.0010000000000047748
72494000,2887,9220,128373,9515,4882,110850,98,19228,459,1,61802,0.0010000000000047748
72495001,6353,-5645,127055,-1746,-10650,131268,137,19228,401,0,61803,0.00100100000000225
72496000,12022,-13308,128725,2259,-16158,133366,137,19224,561,0,61804,0.0009989999999930887
72497000,4737,-2487,129684,22487,-7208,123855,106,19232,434,0,61805,0.0010000000000047748
72498000,-1275,167,131755,-17452,-3503,135694,104,19231,426,0,61806,0.000999999999990564
72499000,-4884,16895,134955,-17905,14629,115034,147,19231,602,1,61807,0.0010000000000047748
72500000,-4296,-3816,132201,8899,-6814,140332,107,19224,602,1,61808,0.0010000000000047748
72501000,-5850,-3053,129356,-2053,-6170,123842,99,19232,438,1,61809,0.000999999999990564
72502000,2217,-8419,127618,-21027,-13913,130685,99,19225,405,0,61810,0.0010000000000047748
72503000,810,5827,130322,4804,1316,118531,116,19230,475,0,61811,0.0010000000000047748
72504001,-1351,4233,129987,4670,2177,132084,111,19227,455,0,61812,0.00100100000000225
72505002,-5710,788,132085,-23136,-6000,133459,123,19227,504,1,61813,0.0010009999999880392
72506002,-12884,1362,130249,-10707,4346,128750,113,19223,504,1,61814,0.0010000000000047748
72507000,-8493,11697,130199,-8117,12656,124167,102,19228,463,1,61815,0.0009979999999956135
72508000,-2898,10477,129783,-10575,-1888,125106,102,19230,418,1,61816,0.0010000000000047748
72509000,-345,-11762,124386,-8193,-11536,134789,129,19219,528,0,61817,0.0010000000000047748
72510000,-710,-2327,127403,-1300,1391,124291,99,19227,405,0,61818,0.000999999999990564
72511000,-4610,6786,126146,-11878,5744,121830,105,19228,430,0,61819,0.0010000000000047748
72512000,-4295,12747,129619,-13603,10376,126592,148,19228,430,1,61820,0.0010000000000047748
72513000,-7379,3737,128280,1054,-4590,131432,115,19228,606,1,61821,0.000999999999990564
72514000,-5508,1563,125934,-10479,-879,125235,115,19226,471,1,61822,0.0010000000000047748
72515000,-1902,8012,126218,-10201,4164,119118,103,19220,422,0,61823,0.0010000000000047748
72516001,1201,-1942,126002,7873,3539,129870,107,19232,438,0,61824,0.00100100000000225
72517002,4010,-1526,125587,-1417,-5020,123741,109,19227,446,0,61825,0.0010009999999880392
72518002,-2864,2463,124394,-11926,3460,125539,117,19227,446,0,61826,0.0010000000000047748
72519002,-3013,10385,127665,-2147,9650,124131,131,19219,479,1,61827,0.0010000000000047748
72520000,-2784,7142,125707,-624,3245,119626,131,19229,537,1,61828,0.0009979999999956135
72521000,7239,6962,125519,3010,251,132255,103,19228,422,1,61829,0.0010000000000047748
72522000,3942,-558,122050,9147,-5102,118783,117,19224,479,0,61830,0.000999999999990564
72523001,11585,4527,123564,-463,1701,120817,112,19226,459,0,61831,0.00100100000000225
72524000,7455,-5162,125325,6487,-9533,133635,117,19226,459,0,61832,0.0009990000000072996
72525000,3227,-426,125814,11563,-91,125261,143,19228,479,1,61833,0.000999999999990564
72526003,3234,10743,128426,-8372,9811,124033,143,19231,586,1,61834,0.0010030000000114114
72527003,3200,8934,127522,6661,6548,123604,115,19233,471,1,61835,0.000999999999990564
72528003,11765,-3550,123219,21797,6352,132093,100,19226,410,0,61836,0.0010000000000047748
72529000,9051,-3207,125479,-8898,-6845,120262,138,19233,565,0,61837,0.0009969999999981383
72530000,11749,-10305,125745,4696,-20445,135997,101,19233,565,0,61838,0.0010000000000047748
72531000,4717,-311,129111,16081,931,127778,105,19235,414,0,61839,0.000999999999990564
72532000,2085,11008,131593,-7762,4263,123218,105,19225,430,1,61840,0.0010000000000047748
72533000,2243,7581,131336,-2733,5653,130318,113,19230,463,1,61841,0.0010000000000047748
72534000,-2188,10009,129672,7383,5127,126231,107,19229,438,1,61842,0.000999999999990564
72535000,10016,-4861,126400,-1626,-9674,130540,114,19219,467,0,61843,0.0010000000000047748
72536001,5343,-4057,131266,5369,-6453,124615,88,19219,467,0,61844,0.00100100000000225
72537000,7139,-14284,128194,13783,-17269,138021,103,19228,360,0,61845,0.0009989999999930887
72538003,-791,3251,133065,-13676,3225,125068,127,19229,422,1,61846,0.0010030000000114114
72539002,-5558,12906,131956,-11331,8349,127296,127,19224,520,1,61847,0.0009989999999930887
72540000,-6563,11737,129200,9027,9815,126802,113,19230,463,1,61848,0.0009979999999956135
72541001,-2769,-9563,128165,-19103,-13943,128527,96,19227,393,1,61849,0.00100100000000225
72542001,3230,-12702,130106,-8388,-16823,138908,149,19227,610,0,61850,0.0010000000000047748
72543000,4236,6953,128818,10390,2104,122301,106,19234,610,0,61851,0.0009989999999930887
72544000,-5055,6249,132438,-7583,2885,126226,111,19229,434,0,61852,0.0010000000000047748
72545000,-6515,-2500,130251,-20526,-5851,134361,111,19224,455,1,61853,0.0010000000000047748
72546000,-10695,8460,131293,-11932,6865,128113,131,19229,537,1,61854,0.000999999999990564
72547000,-9169,12701,130953,-3750,9822,124986,110,19229,451,1,61855,0.0010000000000047748
72548000,-3816,9628,132002,-13170,8722,125754,109,19229,446,1,61856,0.0010000000000047748
72549000,-4589,-8197,122795,-9675,-12007,134785,127,19220,446,0,61857,0.000999999999990564
72550000,-1058,-1838,128106,-3644,-4645,125110,108,19228,520,0,61858,0.0010000000000047748
72551000,-1788,4263,127906,-5847,2104,128950,108,19230,442,0,61859,0.0010000000000047748
72552000,-6644,19151,128927,-5042,12155,116994,126,19220,516,1,61860,0.000999999999990564
72553000,-6324,11235,127499,-19102,-1222,129242,114,19226,467,1,61861,0.0010000000000047748
72554000,-1426,-2529,127633,-5501,-3251,130143,105,19227,430,1,61862,0.0010000000000047748
72555000,1828,6860,125236,6468,-1071,118540,141,19227,430,0,61863,0.000999999999990564
72556001,641,-3414,123121,-5758,-1059,128469,104,19232,577,0,61864,0.00100100000000225
72557000,2873,3118,126268,-5747,2644,123276,104,19230,426,0,61865,0.0009990000000072996
72558000,1091,5213,124594,3843,3613,128416,109,19228,446,1,61866,0.000999999999990564
72559000,-2925,10654,126009,-1933,8470,121393,149,19231,610,1,61867,0.0010000000000047748
72560000,-1542,13530,126557,-5249,6869,122006,108,19231,442,1,61868,0.0010000000000047748
72561004,5156,7426,125144,7418,600,125965,99,19231,442,0,61869,0.0010039999999946758
72562000,10177,-517,123882,5255,-8914,126750,80,19225,405,0,61870,0.000996000000000663
72563000,7990,-12785,124981,7023,-11837,130034,80,19229,328,0,61871,0.0010000000000047748
72564000,5624,6289,127074,4686,-4091,118487,112,19229,459,0,61872,0.000999999999990564
72565000,1923,-1189,126459,6085,-9288,135663,123,19223,504,1,61873,0.0010000000000047748
72566000,2129,12416,129210,-5813,13428,120029,110,19230,451,1,61874,0.0010000000000047748
72567000,7177,15308,127457,7323,8037,119849,98,19230,451,1,61875,0.000999999999990564
72568000,10104,-1932,123990,10018,-2425,125730,129,19227,401,0,61876,0.0010000000000047748
72569000,10659,-5835,127232,3724,-15247,131640,129,19231,528,0,61877,0.0010000000000047748
72570000,6524,-14507,124653,12594,-13988,133986,105,19231,430,0,61878,0.000999999999990564
72571000,5526,8206,132308,-3416,7170,124628,106,19228,434,0,61879,0.0010000000000047748
72572000,-60,6407,131166,150,1849,128885,142,19232,582,1,61880,0.0010000000000047748
72573000,1284,9362,130040,4293,3188,122789,111,19232,582,1,61881,0.000999999999990564
72574000,4499,-2105,127976,-6614,-9548,136052,98,19233,455,1,61882,0.0010000000000047748
72575000,10257,-11242,126908,10661,-6466,130958,98,19227,401,0,61883,0.0010000000000047748
72576000,9455,2367,129206,16310,-101,121561,126,19232,516,0,61884,0.000999999999990564
72577000,2617,-10527,127292,-4260,-16549,138069,105,19232,430,0,61885,0.0010000000000047748
72578002,-95,4236,134161,-11284,2727,126537,116,19216,475,1,61886,0.0010019999999997253
72579004,-6345,1147,133128,-1640,-2886,135293,116,19216,475,1,61887,0.0010019999999997253
72580001,-9812,7785,129879,-3900,7545,121750,98,19233,475,1,61888,0.0009969999999981383
72581000,627,1416,130908,-20853,-5141,130333,98,19230,401,0,61889,0.0009990000000072996
72582001,-1544,-11472,127462,3152,-15707,136180,118,19220,483,0,61890,0.0010009999999880392
72583000,3347,8349,130677,383,6964,121246,106,19229,434,0,61891,0.0009990000000072996
72584000,-7409,3760,131285,-19509,523,132067,113,19226,463,0,61892,0.0010000000000047748
72585000,-7270,4933,132688,-9181,2176,126464,150,19226,614,1,61893,0.000999999999990564
72586000,-6228,89,130161,-10361,-3207,137265,116,19231,614,1,61894,0.0010000000000047748
72587000,-8664,11586,129119,-11402,10629,124549,97,19228,475,1,61895,0.0010000000000047748
72588000,806,10476,129084,-5304,6723,118468,97,19228,397,0,61896,0.000999999999990564
72589000,-3124,-7353,125769,-2794,-10719,134046,155,19236,635,0,61897,0.0010000000000047748
72590000,-535,-831,127672,-4439,-3743,126573,103,19232,422,0,61898,0.0010000000000047748
72591000,-6744,3801,128795,-16289,1149,126603,109,19232,446,1,61899,0.000999999999990564
72592000,-7241,8610,127626,-3328,5419,121113,117,19218,446,1,61900,0.0010000000000047748
72593000,-5400,10123,129023,-12893,8618,124314,104,19227,479,1,61901,0.0010000000000047748
72594000,-3901,2277,124806,-5786,-1553,129011,104,19232,426,1,61902,0.000999999999990564
72595000,1488,3457,124329,3238,1260,121241,114,19227,467,0,61903,0.0010000000000047748
72596000,962,2293,124961,-11145,-751,125137,95,19224,389,0,61904,0.0010000000000047748
72597000,5299,7993,126631,1015,4798,125898,105,19224,430,0,61905,0.000999999999990564
72598000,-489,-1224,125060,5390,-3894,131191,136,19228,430,1,61906,0.0010000000000047748
72599001,-5328,8113,128297,-11902,3696,121154,112,19227,557,1,61907,0.00100100000000225
72600000,3029,16911,124522,-6612,11812,120321,112,19228,459,1,61908,0.0009989999999930887
72601000,5479,7468,123746,13524,2190,129160,93,19229,381,0,61909,0.0010000000000047748
72602000,10285,-2759,122095,4801,-7547,122475,113,19230,463,0,61910,0.000999999999990564
72603000,7331,-5186,122218,-2695,-2988,128852,117,19229,479,0,61911,0.0010000000000047748
72604000,4235,-1607,127366,10586,-3300,126057,117,19229,479,0,61912,0.0010000000000047748
72605000,5114,5157,127451,-893,5234,123533,124,19225,479,1,61913,0.000999999999990564
72606000,2753,7586,129486,-1824,901,130565,124,19227,508,1,61914,0.0010000000000047748
72607002,7278,2124,126137,9300,444,124230,104,19231,426,1,61915,0.0010019999999997253
72608000,8777,3477,125943,6071,-2670,122607,110,19220,451,0,61916,0.0009979999999956135
72609000,8621,7111,128442,8324,-10929,125358,85,19232,348,0,61917,0.0010000000000047748
72610000,7008,-14771,125842,6829,-11236,140621,97,19232,348,0,61918,0.0010000000000047748
72611000,4567,-1562,132877,-518,960,118642,123,19234,397,1,61919,0.000999999999990564
72612000,2123,18821,131005,1505,12029,121545,123,19229,504,1,61920,0.0010000000000047748
72613000,-2869,7707,132140,-374,219,131319,114,19227,467,1,61921,0.0010000000000047748
72614000,6464,-3484,127018,1389,-9065,126820,99,19227,405,1,61922,0.000999999999990564
72615000,9016,-8160,127399,391,-11202,134671,150,19234,614,0,61923,0.0010000000000047748
72616000,10238,-706,131445,16969,-65,118570,102,19234,614,0,61924,0.0010000000000047748
72617000,4225,-3105,129315,-5963,-10670,135795,105,19226,418,0,61925,0.000999999999990564
72618000,-1479,3783,130174,-20017,6664,128817,105,19222,430,1,61926,0.0010000000000047748
72619001,-4893,13239,131976,3872,10437,129774,134,19226,549,1,61927,0.00100100000000225
72620000,-2445,-4407,129649,51,-4754,127653,107,19231,438,1,61928,0.0009989999999930887
72621000,-2871,-1379,128651,-13638,-7877,128959,106,19221,434,0,61929,0.0010000000000047748
72622000,988,-9557,127920,-7022,-5594,139434,88,19221,434,0,61930,0.0010000000000047748
72623000,339,3059,130818,8175,2956,116478,109,19231,360,0,61931,0.000999999999990564
72624000,-5194,3766,131766,-17178,-767,133074,109,19226,446,0,61932,0.0010000000000047748
72625000,-11663,2214,131104,-19034,1162,127216,127,19225,520,1,61933,0.0010000000000047748
72626000,-6415,3156,129640,-5518,-1847,132984,117,19225,479,1,61934,0.000999999999990564
72627000,-3491,9284,130400,-2967,9535,130384,102,19232,418,1,61935,0.0010000000000047748
72628000,-3218,2137,125836,-7895,-3228,123161,140,19232,573,0,61936,0.0010000000000047748
72629000,-2536,-2942,128069,-10748,-4914,129682,103,19223,573,0,61937,0.000999999999990564
72630000,-1578,5021,127618,-2300,1380,122857,102,19230,422,0,61938,0.0010000000000047748
72631000,-4430,2584,127440,-4159,-61,129966,102,19225,418,1,61939,0.0010000000000047748
72632000,-10907,10711,129206,-14577,7530,122534,139,19231,569,1,61940,0.000999999999990564
72633002,-5402,5198,127045,-13842,2125,127283,113,19232,463,1,61941,0.0010019999999997253
72634000,1788,17094,129081,5876,15014,125316,101,19232,414,0,61942,0.0009980000000098244
72635000,-116,-7871,121670,-2232,-10564,123335,95,19225,414,0,61943,0.000999999999990564
72636000,2997,-3660,124855,-6621,-7956,126489,110,19230,389,0,61944,0.0010000000000047748
72637000,-190,2097,124205,-1617,-1028,125248,110,19225,451,0,61945,0.0010000000000047748
72638000,288,10725,125270,-1017,8655,124063,120,19216,491,1,61946,0.000999999999990564
72639000,-5008,12717,127517,-7354,9979,125799,112,19226,459,1,61947,0.0010000000000047748
72640000,4464,6381,124982,-1963,2388,123218,99,19226,405,1,61948,0.0010000000000047748
72641000,7404,3534,125543,15863,1070,126468,125,19232,405,0,61949,0.000999999999990564
72642000,8105,3282,122913,-3854,-1902,119031,106,19233,512,0,61950,0.0010000000000047748
72643000,8762,1591,124188,10198,-2673,130634,106,19227,434,0,61951,0.0010000000000047748
72644000,4803,-6908,126414,11185,-10706,125626,112,19226,459,1,61952,0.000999999999990564
72645000,3438,-5604,128982,-6593,-8258,131587,142,19231,582,1,61953,0.0010000000000047748
72646000,1650,15089,128497,9532,4979,119041,110,19233,451,1,61954,0.0010000000000047748
72647000,7293,4997,123821,-164,-4992,130144,100,19233,451,1,61955,0.000999999999990564
72648000,9302,-2852,127374,4559,2521,124583,120,19226,410,0,61956,0.0010000000000047748
72649000,10890,-2100,128360,13159,-8717,128156,120,19227,491,0,61957,0.0010000000000047748
72650000,5417,-16133,126445,8762,-12054,133565,105,19228,430,0,61958,0.000999999999990564
72651000,3075,7700,131566,-3706,2313,125696,109,19223,446,1,61959,0.0010000000000047748
72652000,-80,7791,129474,5916,7158,130447,104,19232,426,1,61960,0.0010000000000047748
72653000,1430,12699,129811,-2245,13138,122569,104,19232,426,1,61961,0.000999999999990564
72654000,4846,-2862,128622,440,-12398,134340,124,19228,426,0,61962,0.0010000000000047748
72655004,8577,-12090,124856,13260,-9071,127028,124,19222,508,0,61963,0.0010039999999946758
72656003,7382,-4975,128748,5432,-13378,135478,108,19228,442,0,61964,0.0009990000000072996
72657001,3657,-9535,132599,-13675,5816,126020,108,19227,442,0,61965,0.0009979999999956135
72658000,611,19078,134506,-2423,7080,125748,137,19226,561,1,61966,0.0009990000000072996
72659000,-9703,-2778,130343,-5475,-13866,141033,113,19226,561,1,61967,0.000999999999990564
72660000,-4131,-4879,130287,-13352,-7696,124642,100,19231,463,1,61968,0.0010000000000047748
72661000,-3351,1519,129112,-614,-1841,130555,100,19227,410,0,61969,0.0010000000000047748
72662000,2730,-1504,130093,-2879,-390,124611,135,19232,553,0,61970,0.000999999999990564
72663000,-1613,3727,131944,-5024,-4307,127002,109,19229,446,0,61971,0.0010000000000047748
72664000,-5403,-5413,130375,-7209,-7530,137000,114,19225,467,1,61972,0.0010000000000047748
72665000,-11507,9791,131348,-15892,7814,121403,120,19225,467,1,61973,0.000999999999990564
72666000,-13747,9107,130740,-10448,5834,128694,106,19228,491,1,61974,0.0010000000000047748
72667000,-1876,8302,128763,-10987,3995,125416,106,19230,434,1,61975,0.0010000000000047748
72668000,-3577,-7214,126514,-5796,-10247,132764,114,19216,467,0,61976,0.000999999999990564
72669000,-1427,-1975,125504,-761,2056,126909,98,19233,401,0,61977,0.0010000000000047748
72670000,-572,3943,125785,-15960,-234,121985,101,19227,414,0,61978,0.0010000000000047748
72671000,-1765,578,129400,-3338,-7378,133917,129,19227,414,1,61979,0.000999999999990564
72672000,-6396,17613,128873,30,8712,119502,115,19224,528,1,61980,0.0010000000000047748
72673000,-11615,9333,126895,-18767,5517,126335,115,19228,471,1,61981,0.0010000000000047748
72674000,-1259,8661,128283,-4943,7000,121653,101,19228,414,0,61982,0.000999999999990564
72675000,177,-2369,122778,-1559,-6391,127282,128,19233,524,0,61983,0.0010000000000047748
72676001,3488,-4707,124353,1031,-7751,130468,108,19232,442,0,61984,0.00100100000000225
72677000,-1315,10293,127080,-579,8574,117828,110,19232,451,0,61985,0.0009989999999930887
72678000,-1638,10153,125922,-10064,7818,126220,135,19226,451,1,61986,0.0010000000000047748
72679000,-864,12001,127293,-3388,9618,122624,104,19227,553,1,61987,0.0010000000000047748
72680000,4403,625,123742,6551,-3726,127297,104,19235,426,1,61988,0.000999999999990564
72681000,8026,6416,123440,2087,2755,120665,105,19226,430,0,61989,0.0010000000000047748
72682001,9972,1988,125347,8065,-3340,123049,87,19228,356,0,61990,0.00100100000000225
72683000,9438,-8726,126207,10310,-11481,135534,108,19228,442,0,61991,0.0009989999999930887
72684002,3757,5591,126855,530,2118,122956,131,19227,442,1,61992,0.0010019999999997253
72685001,-506,9713,128566,-1524,7042,122882,113,19226,537,1,61993,0.0009990000000072996
72686000,3272,14200,127758,5649,11673,123677,113,19228,463,1,61994,0.0009989999999930887
72687000,8821,-2695,124120,2719,-6455,127392,97,19230,397,1,61995,0.0010000000000047748
72688000,11796,920,127581,9531,-2828,125151,137,19232,561,0,61996,0.0010000000000047748
72689002,9333,-4864,126342,8500,-6999,133018,103,19231,422,0,61997,0.0010019999999997253
72690008,5174,-7219,127868,2237,-12083,130485,104,19231,422,0,61998,0.0010059999999896263
72691000,2794,2654,131058,995,-291,132422,128,19226,426,1,61999,0.000992000000010762
72692000,-764,4539,128374,-2669,9809,124945,128,19229,524,1,62000,0.000999999999990564
72693002,989,21050,133339,-1347,-84,122423,108,19231,442,1,62001,0.0010019999999997253
72694000,8560,-9750,125536,4506,-17967,137139,103,19223,422,0,62002,0.0009980000000098244
72695000,7125,-11330,129539,6441,-8560,127253,107,19230,438,0,62003,0.000999999999990564
72696001,5469,-714,129248,9740,-5183,132500,106,19230,438,0,62004,0.00100100000000225
72697000,21,1119,128984,-8059,6506,126348,120,19230,434,0,62005,0.0009990000000072996
72698000,-2732,11999,134836,-3952,5307,129115,120,19221,491,1,62006,0.000999999999990564
72699000,-7088,678,130000,3594,-5606,129239,113,19229,463,1,62007,0.0010000000000047748
72700000,-3307,759,129495,-16892,-2110,127178,93,19229,381,1,62008,0.0010000000000047748
72701001,479,-8897,129090,-4961,-11106,135531,132,19227,541,0,62009,0.0010009999999880392
72702000,4088,2479,128928,6344,3332,120505,102,19227,541,0,62010,0.0009990000000072996
72703000,-3598,2813,129638,-13865,-3563,132415,111,19230,418,0,62011,0.0010000000000047748
72704000,-8694,-1396,131388,-16220,7190,130949,111,19227,455,1,62012,0.000999999999990564
72705003,-8874,3435,131295,-4036,1148,128777,145,19231,594,1,62013,0.0010029999999972006
72706002,-9072,13676,129287,-4564,12502,120993,111,19232,455,1,62014,0.0009990000000072996
72707000,-3242,10101,131565,-13133,689,128100,103,19221,422,1,62015,0.0009979999999956135
72708000,-3089,-9697,123812,-8196,-6788,132214,140,19221,422,0,62016,0.0010000000000047748
72709000,294,-2561,125688,-5379,-1022,128056,101,19232,573,0,62017,0.0010000000000047748
72710000,-1805,5306,128954,-8356,7338,123376,101,19232,414,0,62018,0.000999999999990564
72711000,-5900,10549,127268,-7473,5553,123371,113,19219,463,1,62019,0.0010000000000047748
72712000,-4546,2155,126593,-15974,-3160,133849,112,19225,459,1,62020,0.0010000000000047748
72713002,-5094,8832,127874,-3419,6250,120798,103,19227,422,1,62021,0.0010019999999997253
72714002,1977,9358,125559,2622,2408,121528,125,19227,422,0,62022,0.000999999999990564
72715000,-1979,-2252,124743,-5953,-5221,126151,102,19229,512,0,62023,0.0009980000000098244
72716002,-529,-479,124251,-6239,-193,129288,102,19230,418,0,62024,0.0010019999999997253
72717000,-1007,8956,126649,1747,8482,120473,107,19226,438,1,62025,0.0009979999999956135
72718000,-2694,16263,126364,-4919,12529,116962,147,19230,602,1,62026,0.0010000000000047748
72719000,-330,6555,127871,-4961,2322,130387,112,19232,459,1,62027,0.000999999999990564
72720000,7617,4729,123909,4677,1278,122198,97,19232,397,1,62028,0.0010000000000047748
72721000,10140,2783,125001,8734,-1265,130452,103,19226,397,0,62029,0.0010000000000047748
72722000,7987,-1176,123338,7515,-6336,120765,109,19233,422,0,62030,0.000999999999990564
72723003,6565,-3378,125910,2521,-7694,128963,109,19228,446,0,62031,0.0010029999999972006
72724000,4999,-403,127492,3171,-1248,129094,118,19221,483,1,62032,0.0009970000000123491
72725000,2838,14557,129107,1474,12061,120308,115,19229,471,1,62033,0.000999999999990564
72726000,5547,16930,127778,6290,13003,126734,104,19229,426,1,62034,0.0010000000000047748
72727001,9207,3461,124722,2559,-1733,122761,114,19232,426,0,62035,0.00100100000000225
72728000,12840,-332,130600,11897,-3442,134150,104,19220,467,0,62036,0.0009989999999930887
72729000,8863,-8082,123746,11148,-10331,123667,104,19232,426,0,62037,0.0010000000000047748
72730000,4429,1397,132333,-4036,-2223,129341,108,19229,442,0,62038,0.000999999999990564
72731000,2106,9827,130972,-2811,6493,129427,136,19229,557,1,62039,0.0010000000000047748
72732000,1081,5169,127597,5980,1497,129074,115,19229,471,1,62040,0.0010000000000047748
72733000,2114,4624,130559,-1699,2076,124098,99,19231,471,1,62041,0.000999999999990564
72734000,10620,-8687,126835,-2431,-11247,127842,155,19232,405,0,62042,0.0010000000000047748
72735000,9868,-2257,130982,17809,-4387,131558,155,19232,635,0,62043,0.0010000000000047748
72736000,4704,-1686,130438,6850,-4852,133162,103,19229,422,0,62044,0.000999999999990564
72737000,492,3198,133078,-22646,-124,123349,108,19222,442,1,62045,0.0010000000000047748
72738000,-6538,8850,133827,3826,6871,132046,135,19224,553,1,62046,0.0010000000000047748
72739000,-8542,-8421,128977,-4068,-12570,136732,103,19224,553,1,62047,0.000999999999990564
72740000,-569,1333,129578,-14510,-8927,122558,110,19232,422,1,62048,0.0010000000000047748
72741002,2584,1155,127881,-3201,302,129346,110,19221,451,0,62049,0.0010019999999997253
72742000,5018,5209,129430,5084,2219,123870,89,19232,365,0,62050,0.0009979999999956135
72743000,-6073,1255,130903,-5766,-2827,130038,108,19226,442,0,62051,0.0010000000000047748
72744000,-6954,-3624,129936,-24209,-3434,136098,132,19223,541,1,62052,0.0010000000000047748
72745000,-10625,10236,130976,-4619,11403,123264,115,19223,541,1,62053,0.000999999999990564
72746000,-5692,12106,130056,-12967,8618,125158,97,19232,471,1,62054,0.0010000000000047748
72747000,-691,3882,128197,-6211,-3745,127332,97,19232,397,0,62055,0.0010000000000047748
72748000,-3533,-11166,125256,-2197,-14688,135150,150,19227,614,0,62056,0.000999999999990564
72749000,60,170,127153,-7024,5431,121082,107,19229,438,0,62057,0.0010000000000047748
72750000,-7294,11945,128240,-11400,14497,121161,106,19224,434,0,62058,0.0010000000000047748
72751000,-5829,5109,130174,-6226,8730,128815,128,19224,434,1,62059,0.000999999999990564
72752000,-8194,-4645,126059,-7954,-5594,131376,109,19223,524,1,62060,0.0010000000000047748
72753001,-2275,-4971,125239,-13742,-8964,129871,109,19228,446,1,62061,0.00100100000000225
72754000,157,8531,125871,6376,5694,118556,109,19220,446,0,62062,0.0009989999999930887
72755000,564,6634,125650,699,5788,122636,86,19234,352,0,62063,0.0010000000000047748
72756000,4044,-1258,124622,-8657,-1586,128096,108,19225,442,0,62064,0.0010000000000047748
72757000,-5475,-374,126354,2304,-487,128538,125,19225,442,1,62065,0.000999999999990564
72758000,-1135,11841,124856,-2818,8569,120828,111,19220,512,1,62066,0.0010000000000047748
72759002,-2885,15419,126925,-1823,9824,121712,111,19231,455,1,62067,0.0010019999999997253
72760000,7573,5195,124908,2956,169,124462,93,19229,381,0,62068,0.0009979999999956135
72761000,11827,-4473,124423,8948,-4856,127310,134,19235,549,0,62069,0.0010000000000047748
72762000,3871,-8279,123255,11787,-8056,125686,111,19228,455,0,62070,0.0010000000000047748
72763000,6944,2617,122940,-4281,4136,124655,111,19228,455,0,62071,0.000999999999990564
72764000,2361,4687,127379,3742,1563,125310,133,19227,455,1,62072,0.0010000000000047748
72765002,6625,3406,130513,1652,-2573,130289,106,19229,545,1,62073,0.0010019999999997253
72766002,7036,3771,125841,8581,1508,124471,106,19235,434,1,62074,0.0010000000000047748
72767001,8108,1647,126445,3687,-242,123064,97,19222,397,0,62075,0.0009989999999930887
72768001,10830,4271,126038,4523,-2381,126799,111,19230,455,0,62076,0.0010000000000047748
72769001,4756,-10837,125362,14858,-15371,132349,103,19230,422,0,62077,0.0010000000000047748
72770000,5927,-481,130781,-3762,1612,130233,115,19224,422,1,62078,0.0009989999999930887
72771002,-1659,11280,129442,-2590,8987,120900,110,19227,471,1,62079,0.0010019999999997253
72772000,3820,8549,131330,10193,4455,128932,110,19231,451,1,62080,0.0009979999999956135
72773000,4459,-1398,127013,-2615,-6617,128768,98,19232,401,1,62081,0.0010000000000047748
72774000,8144,-8004,128950,-855,-10366,128920,132,19228,541,0,62082,0.0010000000000047748
72775000,11185,4179,130072,17429,1694,124489,100,19228,410,0,62083,0.000999999999990564
72776000,448,-8066,128909,4742,-12877,134676,104,19233,410,0,62084,0.0010000000000047748
72777000,1251,-3410,133776,-20201,-5174,136088,151,19228,426,1,62085,0.0010000000000047748
72778000,-6467,13158,132389,-3489,10696,123159,151,19230,618,1,62086,0.000999999999990564
72779001,-5707,10187,130362,5200,7439,125793,107,19232,438,1,62087,0.00100100000000225
72780000,-353,-1983,127207,-15771,-5387,125813,96,19226,393,0,62088,0.0009990000000072996
72781000,-1153,-15006,128088,-7694,-20235,140723,128,19227,524,0,62089,0.000999999999990564
72782000,1652,2542,131626,6714,-199,126083,121,19227,524,0,62090,0.0010000000000047748
72783001,-8325,15474,133804,-14739,14000,128539,127,19228,496,0,62091,0.00100100000000225
72784000,-4438,-1073,130298,-20124,-4803,136184,127,19220,520,1,62092,0.0009989999999930887
72785000,-8880,-123,129329,-2632,-1800,129668,113,19228,463,1,62093,0.0010000000000047748
72786000,-5251,4286,130402,-10060,1864,124344,104,19233,426,1,62094,0.0010000000000047748
72787000,-4369,17653,129998,-11748,-3597,121018,120,19217,491,0,62095,0.000999999999990564
72788000,-6119,-12466,124685,-8629,-19144,144006,92,19217,491,0,62096,0.0010000000000047748
72789000,-2434,-4812,126794,-4810,-2129,122877,101,19233,377,0,62097,0.0010000000000047748
72790000,-5004,14834,128414,-12023,12920,121421,101,19228,414,1,62098,0.000999999999990564
72791000,-7143,10360,128069,-5937,3491,127794,137,19229,561,1,62099,0.0010000000000047748
72792000,-7512,6510,127507,-15755,4622,123375,112,19227,459,1,62100,0.0010000000000047748
72793000,-360,4865,126439,-1559,-682,130138,100,19224,410,1,62101,0.000999999999990564
72794000,-549,2000,124843,4798,-392,121569,111,19224,410,0,62102,0.0010000000000047748
72795000,2482,-4727,123635,-7310,-8287,129927,109,19228,455,0,62103,0.0010000000000047748
72796000,1423,1333,125649,-3913,5378,123318,109,19229,446,0,62104,0.000999999999990564
72797000,371,10561,125672,-197,3797,125417,112,19225,459,1,62105,0.0010000000000047748
72798000,-4114,4556,126947,-5357,5550,124274,136,19231,557,1,62106,0.0010000000000047748
72799000,1610,11427,124809,1945,3121,120846,97,19234,397,1,62107,0.000999999999990564
72800000,5629,5227,124043,12178,-2768,125613,111,19234,397,0,62108,0.0010000000000047748
72801000,6114,3366,124880,5014,-5157,123406,96,19225,455,0,62109,0.0010000000000047748
72802000,8012,-10934,124310,2001,-12141,131696,96,19228,393,0,62110,0.000999999999990564
72803000,5623,3127,127735,6700,5569,123918,109,19227,446,1,62111,0.0010000000000047748
72804000,3888,8706,128101,4777,7807,122802,137,19227,561,1,62112,0.0010000000000047748
72805000,2863,5906,126629,-3384,3001,126775,115,19232,471,1,62113,0.000999999999990564
72806000,8159,3211,125420,5501,-2882,130501,96,19232,471,1,62114,0.0010000000000047748
72807000,11664,3817,126923,8181,338,116633,132,19227,393,0,62115,0.0010000000000047748
72808000,11596,-841,127068,15199,-11630,131049,132,19235,541,0,62116,0.000999999999990564
72809000,3910,-16154,125704,349,-18084,135016,103,19229,422,0,62117,0.0010000000000047748
72810000,4137,11903,132072,-10170,15244,130560,105,19225,430,1,62118,0.0010000000000047748
72811000,1385,7737,129403,15189,1798,122154,118,19226,483,1,62119,0.000999999999990564
72812002,195,13436,131778,4019,7071,120898,105,19226,430,1,62120,0.0010019999999997253
72813002,5377,291,128946,-16202,-5669,136189,114,19231,430,1,62121,0.0010000000000047748
72814000,10541,-18133,126757,18952,-19093,126684,88,19222,467,0,62122,0.0009979999999956135
72815000,8592,3278,130311,14908,-1293,131490,88,19233,360,0,62123,0.0010000000000047748
72816000,-1545,-1367,130218,-19429,-5229,121477,104,19228,426,0,62124,0.0010000000000047748
72817000,749,6174,133460,-8826,4221,126994,129,19226,528,1,62125,0.000999999999990564
72818000,-7218,-3263,132367,7076,-5790,137738,113,19226,463,1,62126,0.0010000000000047748
72819000,-6789,3643,129213,-13531,-691,121802,97,19231,463,1,62127,0.0010000000000047748
72820003,-944,-1801,129790,-14313,-5418,131981,145,19232,397,0,62128,0.0010029999999972006
72821002,344,-2585,128245,6035,-7333,124706,145,19231,594,0,62129,0.0009989999999930887
72822002,2308,8859,133666,-3948,5722,135994,105,19229,430,0,62130,0.0010000000000047748
72823003,-7283,3641,129366,-14883,1914,122497,109,19223,446,1,62131,0.00100100000000225
72824001,-7380,6302,132447,-7798,2957,129844,132,19232,541,1,62132,0.0009979999999956135
72825000,-11383,9702,129728,-13363,6065,132368,111,19232,541,1,62133,0.0009990000000072996
72826001,-2353,4488,127717,-13352,1979,127074,109,19232,455,1,62134,0.0010009999999880392
72827000,-2411,6249,129489,-5258,4172,124500,109,19220,446,0,62135,0.0009990000000072996
72828000,-2766,-1991,125369,-546,-3888,125649,128,19232,524,0,62136,0.0010000000000047748
72829000,-1204,-1622,127210,-8695,-4126,128964,102,19232,418,0,62137,0.000999999999990564
72830000,-5310,6657,129817,-13647,3485,124788,123,19224,504,1,62138,0.0010000000000047748
72831000,-5655,11217,128795,-1724,8471,123047,116,19224,504,1,62139,0.0010000000000047748
72832000,-9157,6309,127506,-9787,3842,125970,102,19231,475,1,62140,0.000999999999990564
72833000,-637,3297,127144,-11222,568,129211,102,19229,418,0,62141,0.0010000000000047748
72834000,656,6000,124363,3106,-5241,118774,141,19234,577,0,62142,0.0010000000000047748
72835000,1273,-1158,122152,-3491,2450,122895,105,19228,430,0,62143,0.000999999999990564
72836000,1950,7749,129319,-8329,5944,126881,110,19228,451,0,62144,0.0010000000000047748
72837000,1062,2595,123427,1853,1706,125302,159,19228,451,1,62145,0.0010000000000047748
72838000,-4083,7002,126804,-8248,6884,127411,110,19226,651,1,62146,0.000999999999990564
72839002,4125,11968,124795,-6757,7306,116882,110,19232,451,1,62147,0.0010019999999997253
72840000,11249,14121,124537,16340,5472,120812,100,19227,410,0,62148,0.0009980000000098244
72841000,12336,-3606,123311,4067,-14702,132821,88,19226,360,0,62149,0.000999999999990564
72842000,4732,-12874,124376,5923,-12680,125222,117,19228,479,0,62150,0.0010000000000047748
72843000,5214,7536,128633,3165,-2049,124852,124,19228,479,1,62151,0.0010000000000047748
72844000,760,9667,128780,872,11282,121609,112,19222,508,1,62152,0.000999999999990564
72845000,1699,11575,129800,12559,10837,132947,112,19229,459,1,62153,0.0010000000000047748
72846000,9237,-5296,123536,-4194,-7460,119642,101,19233,414,1,62154,0.0010000000000047748
72847000,10292,2713,125819,6626,-3728,124945,128,19225,524,0,62155,0.000999999999990564
72848000,11955,-8596,127853,17597,-13800,134470,98,19226,401,0,62156,0.0010000000000047748
72849001,6831,-8204,127285,495,-7947,124417,103,19226,401,0,62157,0.00100100000000225
72850002,2848,2743,131026,-4812,5425,135404,134,19227,422,1,62158,0.00100100000000225
72851000,33,21753,130014,9319,17138,116920,134,19227,549,1,62159,0.0009979999999956135
72852002,1732,10124,129410,2001,-1546,127788,113,19227,463,1,62160,0.0010019999999997253
72853001,7008,-6116,128603,-7596,-8519,130218,102,19225,418,0,62161,0.0009989999999930887
72854000,11601,-12377,128605,8519,-16896,132499,133,19229,545,0,62162,0.0009990000000072996
72855000,6460,-1453,130298,25881,-1261,127208,105,19229,430,0,62163,0.000999999999990564
72856000,-1528,3149,130500,-28816,-3725,128616,112,19227,430,0,62164,0.0010000000000047748
72857000,-758,15709,132576,-4734,21772,127110,114,19221,459,1,62165,0.0010000000000047748
72858000,-7019,7281,130902,5910,1765,124218,114,19227,467,1,62166,0.000999999999990564
72859003,-2286,-7074,131270,-14928,-9841,132644,100,19233,410,1,62167,0.0010030000000114114
72860002,-853,-11224,129003,-8317,-16378,135767,120,19228,491,0,62168,0.0009989999999930887
72861000,3051,-1130,130885,3449,-4105,124543,98,19228,401,0,62169,0.0009979999999956135
72862000,-1584,3344,131090,-2554,342,130583,108,19234,401,0,62170,0.0010000000000047748
72863000,-7164,7259,132003,-19473,4167,126141,143,19227,442,1,62171,0.0010000000000047748
72864000,-12477,468,129516,-12253,-1234,133961,143,19231,586,1,62172,0.000999999999990564
72865000,-8999,9270,130043,-7354,6051,126104,117,19230,479,1,62173,0.0010000000000047748
72866000,-2884,11727,129688,-7990,8858,122663,99,19225,405,1,62174,0.0010000000000047748
72867000,-1515,-4155,126233,-6718,-7515,132649,164,19225,672,0,62175,0.000999999999990564
72868000,-1190,-3586,125782,-6152,-7751,125300,104,19232,672,0,62176,0.0010000000000047748
72869000,-509,13918,128251,-1936,11873,125827,112,19230,426,0,62177,0.0010000000000047748
72870000,-6796,7153,126969,-10952,4103,122426,112,19224,459,1,62178,0.000999999999990564
72871000,-6083,8285,130007,-10564,4084,130614,123,19225,504,1,62179,0.0010000000000047748
72872000,-2939,8039,125964,-8940,4378,125376,107,19228,438,1,62180,0.0010000000000047748
72873000,1485,9194,129790,4249,8115,117862,113,19225,463,0,62181,0.000999999999990564
72874000,-174,-10331,124286,-2363,-11789,132002,93,19225,463,0,62182,0.0010000000000047748
72875000,960,-4726,124071,-6219,-8133,126894,107,19230,381,0,62183,0.0010000000000047748
72876000,-2821,15139,128158,-331,12019,120574,107,19224,438,0,62184,0.000999999999990564
72877000,-3296,15832,126596,-3469,13650,119974,135,19220,553,1,62185,0.0010000000000047748
72878001,-706,7196,124673,-5567,4069,135673,110,19230,451,1,62186,0.00100100000000225
72879001,6661,-4197,123377,875,-7027,123638,95,19232,389,1,62187,0.0010000000000047748
72880000,10014,-1697,123984,8122,-5142,121395,121,19232,389,0,62188,0.0009989999999930887
72881000,11469,6834,124128,9249,-9850,123234,110,19231,496,0,62189,0.0010000000000047748
72882000,5160,-9811,122762,6367,-13744,135310,110,19228,451,0,62190,0.000999999999990564
72883000,2909,-2958,126530,965,2090,126167,114,19225,467,1,62191,0.0010000000000047748
72884002,2117,15952,129532,-1131,15567,114741,127,19228,520,1,62192,0.0010019999999997253
72885002,5871,16576,128345,6531,5475,125849,105,19229,430,1,62193,0.0010000000000047748
72886000,7614,-4393,125388,3296,-12858,129306,105,19229,430,0,62194,0.0009979999999956135
72887000,11825,-3899,126155,5546,-6635,129057,83,19219,430,0,62195,0.0010000000000047748
72888000,8001,-4818,126337,19725,-3411,127837,83,19233,340,0,62196,0.000999999999990564
72889000,2067,-1458,130004,-7374,-1058,127326,105,19230,430,0,62197,0.0010000000000047748
72890000,3798,5109,130818,-6318,-275,130453,123,19228,504,1,62198,0.0010000000000047748
72891000,-382,12310,130500,9185,9522,124527,115,19222,471,1,62199,0.000999999999990564
72892001,4587,1151,129045,-3064,2700,128757,97,19222,471,1,62200,0.00100100000000225
72893001,9016,-4991,127441,2148,-13098,128153,140,19228,397,0,62201,0.0010000000000047748
72894006,8467,-9733,128746,20568,-13787,131702,140,19230,573,0,62202,0.001004999999992151
72895000,3577,-7937,129493,249,-15076,133317,103,19231,422,0,62203,0.0009940000000057125
72896000,-733,6573,135033,-17141,9853,127264,107,19226,438,1,62204,0.0010000000000047748
72897000,-4896,8102,131351,1960,5181,131266,147,19228,602,1,62205,0.000999999999990564
72898000,-7872,960,129310,-5063,-254,127181,108,19228,442,1,62206,0.0010000000000047748
72899000,415,-3961,128656,-17463,-6126,131020,100,19234,442,1,62207,0.0010000000000047748
72900000,1709,-6211,126905,6886,-8691,132729,105,19223,410,0,62208,0.000999999999990564
72901000,3144,4777,128951,-2692,2285,122296,105,19228,430,0,62209,0.0010000000000047748
72902000,-4602,1986,131677,-17971,-3477,132285,111,19230,455,0,62210,0.0010000000000047748
72903000,-7373,-3739,130242,-7967,-4295,131421,125,19218,512,1,62211,0.000999999999990564
72904000,-10626,13931,131616,-13456,17127,130828,114,19218,467,1,62212,0.0010000000000047748
72905000,-9202,7021,129104,-9996,4209,124296,98,19229,467,1,62213,0.0010000000000047748
72906000,-2668,6398,129677,-1637,-2043,126858,132,19230,401,0,62214,0.000999999999990564
72907001,-2663,-8176,125333,-11191,-10385,136572,132,19221,541,0,62215,0.00100100000000225
72908000,-2400,1061,129421,-4899,-750,119908,100,19233,410,0,62216,0.0009990000000072996
72909000,-3060,4339,127339,-12427,3613,125102,106,19228,434,0,62217,0.000999999999990564
72910000,-5034,13505,129863,-8929,7405,126952,151,19228,618,1,62218,0.0010000000000047748
72911000,-9573,-650,124566,-2550,-3316,129196,115,19228,618,1,62219,0.0010000000000047748
72912002,-3566,10943,127393,-19561,8554,121059,101,19230,471,1,62220,0.0010019999999997253
72913000,623,6301,125440,-1516,3119,123120,101,19222,414,0,62221,0.0009979999999956135
72914000,5770,-2194,125004,9161,-4941,124821,102,19233,418,0,62222,0.0010000000000047748
72915000,708,-7005,125158,-3527,-11900,130581,109,19228,446,0,62223,0.000999999999990564
72916000,-3067,12558,127788,-13925,11655,125336,116,19218,475,1,62224,0.0010000000000047748
72917000,-23,18068,126418,1194,15980,117957,125,19218,475,1,62225,0.0010000000000047748
72918000,-1265,8804,125980,5295,5244,125208,98,19227,512,1,62226,0.000999999999990564
72919000,6199,5374,122203,-5908,864,123259,98,19239,401,0,62227,0.0010000000000047748
72920000,7291,-2265,122688,4566,-5239,123813,118,19235,483,0,62228,0.0010000000000047748
72921000,12956,1678,126363,13840,-954,123334,103,19225,422,0,62229,0.000999999999990564
72922000,5384,-4443,125933,4814,-7868,128541,109,19229,446,0,62230,0.0010000000000047748
72923000,2551,-4358,126825,-2265,-7660,127867,143,19229,446,1,62231,0.0010000000000047748
72924000,846,7890,130521,2351,8079,124876,109,19228,586,1,62232,0.000999999999990564
72925000,6850,10016,126525,3358,7150,123223,109,19230,446,1,62233,0.0010000000000047748
72926000,8434,2524,125289,6654,1255,123434,97,19225,397,0,62234,0.0010000000000047748
72927000,7277,-8178,126690,5911,-10568,136253,128,19229,524,0,62235,0.000999999999990564
72928001,10809,-13543,125241,8219,-16837,127153,111,19228,455,0,62236,0.00100100000000225
72929000,1876,-2363,129374,5312,5571,128364,112,19228,455,1,62237,0.0009990000000072996
72930000,262,15461,133217,-2590,9622,127771,112,19220,459,1,62238,0.000999999999990564
72931000,-561,9675,127753,-2582,3283,124016,112,19232,459,1,62239,0.0010000000000047748
72932001,1423,-1509,127559,2413,-3278,137909,105,19229,430,1,62240,0.00100100000000225
72933000,10632,-12912,125969,-1237,-15343,125112,119,19222,487,0,62241,0.0009989999999930887
72934000,12735,-4647,130005,22549,-4961,128396,94,19230,385,0,62242,0.0010000000000047748
72935000,3810,-4133,128880,-3161,-8422,133691,102,19230,385,0,62243,0.0010000000000047748
72936000,-2355,3992,131702,-24245,5520,124120,132,19227,418,1,62244,0.000999999999990564
72937000,-6050,9177,133745,3939,4534,129965,132,19223,541,1,62245,0.0010000000000047748
72938003,-7326,6011,130572,4707,-3009,128285,110,19230,451,1,62246,0.0010029999999972006
72939002,-2424,-7331,128119,-20666,-4752,137466,96,19231,393,0,62247,0.0009990000000072996
72940002,-156,-8149,128290,-8566,-9449,121826,140,19234,573,0,62248,0.000999999999990564
72941000,4238,4291,130428,10044,-116,125139,109,19234,573,0,62249,0.0009980000000098244
72942001,-6784,6006,133176,-13621,-1416,125880,114,19228,446,0,62250,0.0010009999999880392
72943000,-9913,-524,131058,-21222,-1491,133787,127,19220,467,1,62251,0.0009990000000072996
72944000,-8438,5751,130709,-6268,5493,130578,127,19231,520,1,62252,0.0010000000000047748
72945002,-7160,14757,129433,-4960,11875,118110,109,19232,446,1,62253,0.0010019999999997253
72946002,1144,1918,128314,-12272,-5397,130319,115,19222,471,0,62254,0.000999999999990564
72947000,-4228,-9585,124504,-5388,-12629,130055,109,19222,446,0,62255,0.0009980000000098244
72948000,421,2489,127974,-3230,223,128445,104,19228,446,0,62256,0.000999999999990564
72949000,-5185,12305,127706,-8460,9692,119809,127,19231,426,1,62257,0.0010000000000047748
72950000,-8892,14018,129116,-11088,7425,124673,127,19226,520,1,62258,0.0010000000000047748
72951000,-3756,9340,127420,-11089,10436,134291,115,19231,471,1,62259,0.000999999999990564
72952000,128,6770,124825,-323,4795,119050,102,19226,418,1,62260,0.0010000000000047748
72953001,5116,-431,126736,2837,-2434,127751,147,19226,602,0,62261,0.00100100000000225
72954002,2886,-747,123965,-7400,-4337,121731,108,19232,602,0,62262,0.00100100000000225
72955001,2798,1085,125174,-5701,-1955,130269,109,19232,442,0,62263,0.0009989999999930887
72956001,-700,8858,126645,3670,4986,126143,109,19225,446,1,62264,0.0010000000000047748
72957000,-7205,10538,124168,-2559,7933,121097,146,19225,598,1,62265,0.0009989999999930887
72958000,2047,10691,128263,-11822,8807,123169,106,19231,434,1,62266,0.0010000000000047748
72959000,7014,11409,124578,11094,5774,119654,106,19231,434,0,62267,0.0010000000000047748
72960000,11856,4716,124946,13785,0,131320,105,19224,434,0,62268,0.000999999999990564
72961000,4694,-6834,125011,49,-9621,122468,123,19224,430,0,62269,0.0010000000000047748
72962000,4101,-2110,129233,1519,-5602,129214,123,19226,504,0,62270,0.0010000000000047748
72963000,6470,13245,125922,9515,11730,126311,130,19224,532,1,62271,0.000999999999990564
72964000,2009,14427,128650,-1832,11607,120410,114,19232,467,1,62272,0.0010000000000047748
72965000,10814,1197,124945,2936,-3290,130775,100,19235,410,1,62273,0.0010000000000047748
72966000,10516,4452,126367,12268,1738,119703,141,19235,410,0,62274,0.000999999999990564
72967000,12706,-8723,126566,6529,-10756,131007,99,19228,577,0,62275,0.0010000000000047748
72968000,4451,-8772,127667,9866,-11022,128477,99,19231,405,0,62276,0.0010000000000047748
72969000,3032,8484,131275,-4719,4535,128411,99,19228,405,1,62277,0.000999999999990564
72970000,-279,12823,133509,-466,9404,122671,125,19227,512,1,62278,0.0010000000000047748
72971001,-3865,8324,131002,5970,7416,130360,110,19232,451,1,62279,0.00100100000000225
72972000,7544,-6736,127217,-8041,-9416,132581,103,19232,451,1,62280,0.0009989999999930887
72973000,8298,-8564,128333,10902,-12986,126259,125,19222,422,0,62281,0.0010000000000047748
72974000,11440,-15657,129857,16110,-18281,132851,125,19234,512,0,62282,0.0010000000000047748
72975000,3100,9549,130908,-8117,4347,118354,103,19232,422,0,62283,0.000999999999990564
72976000,-1252,5311,131409,-17549,-7947,141262,113,19218,463,1,62284,0.0010000000000047748
72977000,-7682,-3400,130650,9556,-1717,127508,107,19235,438,1,62285,0.000999999999990564
72978001,-10177,-1193,129681,-5881,-2657,126736,99,19235,438,1,62286,0.00100100000000225
72979000,4290,-1047,132047,-2620,-1050,131073,127,19228,405,0,62287,0.0009990000000072996
72980000,843,2266,127676,5934,-2905,124299,127,19228,520,0,62288,0.000999999999990564
72981000,2851,-1574,130095,-6779,-4067,132008,101,19229,414,0,62289,0.0010000000000047748
72982000,-10003,4344,130695,-16049,2334,123894,109,19228,446,0,62290,0.0010000000000047748
72983001,-6667,-1492,129808,-13492,1569,136442,147,19230,602,1,62291,0.00100100000000225
72984000,-11801,13504,132606,-5640,10300,123815,113,19230,602,1,62292,0.0009989999999930887
72985000,-1894,3524,129373,-14857,-2679,128216,97,19228,463,1,62293,0.0010000000000047748
72986000,-3159,-1320,126122,-3438,15304,125008,97,19223,397,0,62294,0.000999999999990564
72987000,-2030,-10098,125080,-6313,-15956,129750,149,19234,610,0,62295,0.0010000000000047748
72988000,1612,-4484,125366,-7502,-43,129102,111,19227,455,0,62296,0.0010000000000047748
72989000,-7345,14077,130051,-6817,9417,121938,117,19224,479,1,62297,0.000999999999990564
72990000,-7785,5388,129803,-9739,4151,127616,112,19224,459,1,62298,0.0010000000000047748
72991000,-8207,4788,128305,-9000,2323,128210,105,19227,459,1,62299,0.0010000000000047748
72992000,-2397,-2370,124811,-6482,-3375,127842,120,19229,430,0,62300,0.000999999999990564
72993000,1659,11068,125999,3287,10112,118819,120,19230,491,0,62301,0.0010000000000047748
72994001,2822,1983,122278,-2410,-2349,124939,98,19228,401,0,62302,0.00100100000000225
72995001,1157,5109,125766,-8988,6883,126356,103,19227,422,0,62303,0.0010000000000047748
72996000,-1941,3101,125677,478,-1420,124743,140,19227,573,1,62304,0.0009989999999930887
72997000,-1440,8550,127313,-1312,5969,125372,112,19224,573,1,62305,0.0010000000000047748
72998000,1366,19834,126448,-2437,16496,122784,93,19232,459,1,62306,0.000999999999990564
72999001,9555,-892,123466,3232,-5963,123905,93,19229,381,0,62307,0.00100100000000225
73000000,10621,-5158,125097,13447,-10578,129479,111,19233,455,0,62308,0.0009990000000072996
73001000,5257,-5526,123337,7701,-8475,127705,116,19229,475,0,62309,0.000999999999990564
73002000,4598,6975,128459,-3101,5484,120493,118,19229,483,1,62310,0.0010000000000047748
73003001,1692,11382,129217,1149,7733,125249,116,19223,483,1,62311,0.00100100000000225
73004000,4624,7950,126649,4678,5159,129949,102,19230,475,1,62312,0.0009989999999930887
73005000,7206,922,125471,6304,-743,126302,102,19229,418,1,62313,0.0010000000000047748
73006000,10651,4714,127605,3739,1454,120917,110,19223,451,0,62314,0.0010000000000047748
73007000,12753,-202,126871,9476,-6074,130327,89,19232,365,0,62315,0.000999999999990564
73008000,6428,-8895,128644,9710,-11511,135285,100,19228,410,0,62316,0.0010000000000047748
73009000,3674,2918,130297,-5885,-1037,127773,129,19228,410,1,62317,0.0010000000000047748
73010001,-1946,16039,129605,-3310,11895,123733,113,19232,528,1,62318,0.00100100000000225
73011002,4060,13724,131370,10204,10871,122996,113,19232,463,1,62319,0.0010009999999880392
73012002,4925,-5338,127941,-2086,-8627,133931,97,19227,397,0,62320,0.0010000000000047748
73013000,9938,-4887,127796,-2022,-9059,129765,156,19233,639,0,62321,0.0009979999999956135
73014000,6153,1255,130844,21982,-2469,124855,101,19231,414,0,62322,0.0010000000000047748
73015000,1280,-7267,130767,-4660,-10437,134426,106,19231,414,0,62323,0.0010000000000047748
73016000,783,7683,134165,-20698,4802,128223,131,19224,434,1,62324,0.000999999999990564
73017002,-7377,3075,133248,6200,1525,127311,131,19228,537,1,62325,0.0010019999999997253
73018000,-4303,9664,130929,-1775,5653,123459,106,19233,434,1,62326,0.0009980000000098244
73019000,-859,-7156,128848,-19816,-9250,138857,108,19220,442,0,62327,0.000999999999990564
73020000,-739,-6315,128536,2346,-11404,124883,84,19230,344,0,62328,0.0010000000000047748
73021001,553,-3272,130205,120,7690,132941,105,19230,344,0,62329,0.00100100000000225
73022000,-9160,12829,133789,-19264,-102,123334,130,19228,430,1,62330,0.0009989999999930887
73023010,-8848,4113,127960,-12221,-543,134889,130,19227,532,1,62331,0.001010000000007949
73024001,-10102,571,128788,-10253,4776,131331,116,19227,475,1,62332,0.000990999999999076
73025001,-2372,14921,130406,-13328,9812,119067,100,19230,410,1,62333,0.0010000000000047748
73026002,-2602,-3959,124096,-5831,-10324,135921,144,19225,590,0,62334,0.0010009999999880392
73027001,-666,-2750,127605,-8332,-994,124699,100,19225,590,0,62335,0.0009990000000072996
73028000,-1206,-2989,125043,-4622,-4893,129043,103,19231,410,0,62336,0.0009989999999930887
73029000,-5604,10851,127215,-11487,18471,120178,103,19224,422,1,62337,0.0010000000000047748
73030001,-7552,9129,127094,-6318,1059,130719,135,19230,553,1,62338,0.00100100000000225
73031000,-8134,4311,125946,-9518,6079,119843,113,19230,463,1,62339,0.0009989999999930887
73032000,1651,11248,128742,-2682,-3433,125030,108,19221,442,0,62340,0.0010000000000047748
73033000,-3761,-10963,123649,3756,-4043,139772,90,19221,442,0,62341,0.0010000000000047748
73034000,3806,-4478,124938,-5200,-4712,113724,112,19229,369,0,62342,0.000999999999990564
73035000,-4198,1491,126629,2141,3848,126467,112,19231,459,0,62343,0.0010000000000047748
73036002,-1823,17740,129008,-8225,13229,121651,126,19218,516,1,62344,0.0010019999999997253
73037000,-2189,4066,125589,-2814,2821,128599,113,19232,463,1,62345,0.0009979999999956135
73038000,2024,11355,125455,5783,9249,123405,97,19233,397,1,62346,0.0010000000000047748
73039000,9612,7003,122752,1352,1549,118571,129,19233,528,0,62347,0.0010000000000047748
73040000,10305,-4618,123499,12457,-6294,127300,107,19237,528,0,62348,0.000999999999990564
73041000,9622,-13498,124261,2074,-19751,128107,109,19228,438,0,62349,0.0010000000000047748
73042000,3259,664,126226,-1282,246,128048,109,19226,446,1,62350,0.0010000000000047748
73043000,1959,16850,129009,5241,13856,118676,136,19232,557,1,62351,0.000999999999990564
73044000,3667,3147,126633,7042,-3927,127195,108,19231,442,1,62352,0.0010000000000047748
73045000,7183,2950,126634,1722,1492,129568,99,19231,405,1,62353,0.0010000000000047748
73046000,13404,1964,125896,6082,-2117,122808,116,19225,405,0,62354,0.000999999999990564
73047000,10099,-232,127795,18165,-4810,126816,104,19234,475,0,62355,0.0010000000000047748
73048000,4949,-7550,127003,-2748,-10809,131161,104,19229,426,0,62356,0.0010000000000047748
73049000,3969,626,130203,-7335,-495,134127,114,19222,467,1,62357,0.000999999999990564
73050000,665,5932,129479,12145,2587,124634,109,19229,446,1,62358,0.0010000000000047748
73051000,1933,15595,129367,-18,13323,120414,100,19232,410,1,62359,0.0010000000000047748
73052000,7678,-6529,126812,-8192,-13020,134190,124,19232,410,0,62360,0.000999999999990564
73053001,9496,-13903,129010,20534,-16201,131361,101,19225,508,0,62361,0.00100100000000225
73054001,8473,-1852,129460,7327,-6121,131292,101,19230,414,0,62362,0.0010000000000047748
73055001,-2497,6627,133583,-15457,4641,120542,106,19229,434,0,62363,0.000999999999990564
73056000,-2999,10035,133518,-9905,5818,128659,143,19228,586,1,62364,0.0009990000000072996
73057000,-7764,331,130219,6746,-2826,139000,109,19230,446,1,62365,0.0010000000000047748
73058000,-3810,778,128328,-15002,-2324,122655,97,19230,446,1,62366,0.000999999999990564
73059000,967,175,132521,-9508,-3544,126125,120,19230,397,0,62367,0.0010000000000047748
73060002,5298,-446,127814,10907,-3839,127264,120,19231,491,0,62368,0.0010019999999997253
73061000,-2605,-1465,130836,-10862,-4309,131651,109,19228,446,0,62369,0.0009979999999956135
73062004,-10557,-535,131820,-18862,-1941,128561,119,19220,487,1,62370,0.0010040000000088867
73063004,-6586,6119,130079,-8497,3620,126588,112,19228,459,1,62371,0.000999999999990564
73064000,-11712,10715,130782,-8883,8030,131975,104,19228,459,1,62372,0.000996000000000663
73065000,-1508,1953,127992,-11418,780,121697,118,19232,426,1,62373,0.0010000000000047748
73066000,-2310,1527,126425,-7745,-1671,131058,118,19220,483,0,62374,0.0010000000000047748
73067000,-1805,1417,126715,-2770,-992,123003,93,19232,381,0,62375,0.000999999999990564
73068000,-2314,1588,127368,-11483,14284,126178,105,19228,430,0,62376,0.0010000000000047748
73069000,-6218,7784,128350,-11698,-2240,125730,141,19227,577,1,62377,0.0010000000000047748
73070000,-4145,8402,125770,-7510,1480,126388,116,19227,577,1,62378,0.000999999999990564
73071000,-5545,4702,127185,-3457,-808,129089,101,19234,475,1,62379,0.0010000000000047748
73072000,-272,6643,126050,-3392,4984,116789,101,19224,414,0,62380,0.0010000000000047748
73073000,2556,1572,126722,-2157,-4783,129699,122,19234,500,0,62381,0.000999999999990564
73074000,1610,-4907,124419,-4082,-4560,125549,108,19228,442,0,62382,0.0010000000000047748
73075000,877,6404,126204,-3368,8438,120941,112,19227,459,1,62383,0.0010000000000047748
73076000,-5314,12157,126574,565,179,126079,136,19227,459,1,62384,0.000999999999990564
73077000,-3477,10507,123841,-1533,12137,120630,104,19234,557,1,62385,0.0010000000000047748
73078000,6095,9510,127362,-6028,2754,125840,104,19231,426,1,62386,0.0010000000000047748
73079000,10874,6058,123438,15023,6647,117478,105,19229,430,0,62387,0.000999999999990564
73080000,13734,-5591,123034,15173,-6093,129139,95,19227,389,0,62388,0.0010000000000047748
73081000,4213,-20251,124131,-6218,-16240,130214,114,19228,467,0,62389,0.0010000000000047748
73082000,6501,-1532,128682,3526,-2424,130308,137,19228,561,1,62390,0.000999999999990564
73083000,267,12097,128158,8624,15184,122589,114,19228,561,1,62391,0.0010000000000047748
73084001,3019,17481,128910,805,12885,117822,94,19232,467,1,62392,0.00100100000000225
73085000,9118,-376,124655,397,-14516,130214,94,19232,385,0,62393,0.0009989999999930887
73086000,8664,-7043,126395,11361,-11934,125733,145,19234,594,0,62394,0.0010000000000047748
73087000,11573,-1036,128673,17589,-4658,130192,102,19232,418,0,62395,0.0010000000000047748
73088000,2498,-1098,128680,-8476,-4700,127460,107,19232,438,0,62396,0.000999999999990564
73089001,2596,5525,130165,-3434,4186,129189,128,19224,438,1,62397,0.00100100000000225
73090000,-1248,12408,131182,8994,8998,127770,104,19225,524,1,62398,0.0009990000000072996
73091000,2307,7152,128535,-6611,1661,124429,104,19232,426,1,62399,0.000999999999990564
73092000,10361,5889,128869,-1139,1167,126037,105,19223,430,0,62400,0.0010000000000047748
73093000,11410,-16706,126493,20695,-20643,132881,118,19229,483,0,62401,0.0010000000000047748
73094000,4885,-9757,130849,4849,-12435,132822,117,19229,479,0,62402,0.000999999999990564
73095000,198,7594,132291,-27456,5249,123449,131,19227,479,1,62403,0.0010000000000047748
73096000,-7099,17587,134236,4971,15274,124183,115,19228,537,1,62404,0.0010000000000047748
73097000,-5010,3100,129505,-158,-2554,127009,115,19233,471,1,62405,0.000999999999990564
73098000,-4253,-9609,128499,-21633,-13727,134835,96,19232,393,1,62406,0.0010000000000047748
73099000,1961,-9962,130016,4469,-12225,131203,137,19232,561,0,62407,0.0010000000000047748
73100000,1704,6919,130790,2563,3869,124247,104,19228,426,0,62408,0.000999999999990564
73101000,-3599,4538,130623,-15971,1253,127227,108,19228,426,0,62409,0.0010000000000047748
73102000,-8406,6942,131284,-14460,3942,128702,138,19229,442,1,62410,0.000999999999990564
73103000,-10780,-2979,128405,-6899,-5575,141243,138,19230,565,1,62411,0.0010000000000047748
73104000,-6323,26944,130613,-11038,24931,114422,107,19233,438,1,62412,0.0010000000000047748
73105000,-1361,5521,129289,-11400,3188,129949,100,19219,410,0,62413,0.000999999999990564
73106000,-178,-10835,124582,-1182,-15699,132968,129,19229,528,0,62414,0.0010000000000047748
73107000,449,-1095,128027,-6196,-3871,127493,104,19229,528,0,62415,0.0010000000000047748
73108000,-5846,7668,127649,-8816,5485,123181,117,19230,426,1,62416,0.000999999999990564
73109000,-6104,16943,130576,-8804,14440,123115,117,19221,479,1,62417,0.0010000000000047748
73110000,-8368,1882,127855,-15309,-360,133413,111,19230,455,1,62418,0.0010000000000047748
73111000,-10,7376,127052,-3290,3649,119772,101,19235,414,1,62419,0.000999999999990564
73112000,-296,6237,125625,1625,2773,124140,130,19230,532,0,62420,0.0010000000000047748
73113000,4347,-7920,121992,-4311,-11771,128603,104,19230,532,0,62421,0.0010000000000047748
73114001,3846,-649,125782,-2533,-6054,129880,108,19232,426,0,62422,0.00100100000000225
73115000,-1628,5996,125254,1193,18125,120839,108,19228,442,1,62423,0.0009989999999930887
73116000,-3820,20051,127150,-10306,6596,120439,154,19228,631,1,62424,0.0010000000000047748
73117000,-1593,4145,125158,-4006,-4011,133093,109,19232,446,1,62425,0.000999999999990564
73118000,7355,1262,122885,4885,415,122785,97,19223,397,0,62426,0.0010000000000047748
73119000,6885,8218,126963,6240,-3692,120791,88,19223,397,0,62427,0.0010000000000047748
73120001,10210,-5121,124615,12941,-10428,128567,111,19225,360,0,62428,0.00100100000000225
73121000,3401,-274,126796,5226,-1658,127000,111,19228,455,0,62429,0.0009989999999930887
73122000,1511,628,125508,-7875,7567,125933,120,19223,491,1,62430,0.0010000000000047748
73123000,5394,15972,130074,6756,13823,119415,109,19226,446,1,62431,0.000999999999990564
73124000,7612,5625,123498,8045,4503,125178,101,19232,414,1,62432,0.0010000000000047748
73125000,12703,-163,126905,2198,-5656,124278,123,19232,414,0,62433,0.0010000000000047748
73126000,10406,-9338,126490,13068,-16386,135394,97,19225,504,0,62434,0.000999999999990564
73127001,6661,-15720,126452,5623,-5358,133714,97,19232,397,0,62435,0.00100100000000225
73128000,3473,6189,131651,-2169,4589,121351,99,19229,405,1,62436,0.0009990000000072996
73129002,-2190,8392,129679,3842,4407,129613,138,19232,565,1,62437,0.0010019999999997253
73130000,1165,17519,131880,-2407,15022,123704,111,19227,455,1,62438,0.0009979999999956135
73131000,3613,-3291,128075,582,-9358,136919,101,19227,414,1,62439,0.0010000000000047748
73132000,10996,-2539,127232,15462,-1342,121957,135,19227,414,0,62440,0.000999999999990564
73133001,10448,2612,130625,3899,-6227,129157,104,19228,553,0,62441,0.00100100000000225
73134000,3877,-14987,130749,-5291,-11744,134920,104,19228,426,0,62442,0.0009990000000072996
73135002,3239,10643,134072,-6968,6382,126804,109,19228,446,1,62443,0.0010019999999997253
73136000,-11528,1559,131307,-3367,229,133868,129,19228,528,1,62444,0.0009979999999956135
73137000,-6062,8748,131518,-10370,5220,118079,102,19228,418,1,62445,0.0010000000000047748
73138002,1363,-8933,128898,-8902,-17440,139209,115,19231,418,0,62446,0.0010019999999997253
73139000,-829,1812,130576,4828,1509,128769,94,19219,471,0,62447,0.0009979999999956135
73140000,1754,6811,129914,-5540,5128,118536,94,19230,385,0,62448,0.0010000000000047748
73141000,-6093,-4251,132206,-12795,-10005,135912,107,19225,438,0,62449,0.000999999999990564
73142000,-8044,596,129465,-9760,-910,126153,141,19230,577,1,62450,0.0010000000000047748
73143000,-10945,1062,129528,-16334,-2259,135555,115,19230,471,1,62451,0.0010000000000047748
73144000,-4122,14665,131053,-9657,13548,120161,99,19230,471,1,62452,0.000999999999990564
73145000,-3675,2724,127864,-4553,-2674,127705,159,19228,405,0,62453,0.0010000000000047748
73146009,-2245,-9073,126078,-6983,-12527,133765,159,19233,651,0,62454,0.0010089999999962629
73147001,-1154,-2303,125970,-4695,-6053,124349,104,19231,426,0,62455,0.000992000000010762
73148000,-5025,9914,129309,-12286,6683,124197,108,19222,442,1,62456,0.0009989999999930887
73149000,-6032,9880,128637,-3556,5341,121569,127,19230,520,1,62457,0.0010000000000047748
73150000,-11319,5549,127277,-9029,3427,127311,108,19230,520,1,62458,0.000999999999990564
73151000,-3833,8335,126929,-13065,5464,127705,112,19232,442,0,62459,0.0010000000000047748
73152000,-38,12223,125972,2127,9918,116106,112,19223,459,0,62460,0.0010000000000047748
73153000,4766,-2439,126085,1980,-6224,133417,91,19229,373,0,62461,0.000999999999990564
73154000,1271,-2883,124430,842,-6163,124952,109,19228,446,0,62462,0.0010000000000047748
73155001,-497,7897,126966,-11407,4836,126907,133,19223,545,1,62463,0.00100100000000225
73156000,-2953,10665,126124,-3226,9063,122243,112,19223,545,1,62464,0.0009989999999930887
73157000,3472,12125,125584,5678,10040,117432,95,19229,459,1,62465,0.0010000000000047748
73158000,7832,-6969,121106,1650,-9372,125299,95,19229,389,0,62466,0.0010000000000047748
73159000,6408,806,123018,2712,-2731,123245,124,19230,508,0,62467,0.000999999999990564
73160000,9926,-4361,124866,6718,-7500,126389,118,19227,483,0,62468,0.0010000000000047748
73161000,4934,2632,127812,7614,3604,123408,117,19224,479,1,62469,0.0010000000000047748
73162002,1719,-2560,127898,-140,-2039,140006,132,19224,479,1,62470,0.0010019999999997253
73163001,2662,7650,126993,-1104,10272,115111,107,19228,541,1,62471,0.0009989999999930887
73164000,9609,11728,123967,4501,505,125859,107,19228,438,1,62472,0.0009990000000072996
73165000,10306,4907,127673,12055,2997,121366,105,19220,430,0,62473,0.000999999999990564
73166000,11841,-6913,124482,9123,-11117,134523,91,19228,373,0,62474,0.0010000000000047748
73167000,6731,-21110,126825,6789,-10718,135352,102,19229,418,0,62475,0.0010000000000047748
73168002,4473,11663,131133,-1273,6929,121119,119,19229,418,1,62476,0.0010019999999997253
73169000,-219,7647,129074,1208,3745,129913,112,19222,487,1,62477,0.0009979999999956135
73170000,-672,10855,131260,2316,7631,121874,112,19230,459,1,62478,0.0010000000000047748
73171000,6137,-3672,128627,-1177,-14344,137384,99,19230,405,1,62479,0.000999999999990564
73172000,8391,-9602,126339,11198,-8254,123231,139,19228,569,0,62480,0.0010000000000047748
73173000,8705,4255,132223,8824,-6627,129106,104,19232,426,0,62481,0.0010000000000047748
73174000,2729,-12798,128658,-7627,692,134289,103,19232,422,0,62482,0.000999999999990564
73175001,-1020,7881,133182,-14323,12660,122594,151,19229,422,1,62483,0.00100100000000225
73176002,-4652,-775,130946,7356,-1618,137691,109,19232,618,1,62484,0.00100100000000225
73177000,-8021,2045,128122,-3871,-3631,124908,109,19228,446,1,62485,0.0009979999999956135
73178000,949,-4118,127740,-19452,-4735,129688,101,19224,414,0,62486,0.0010000000000047748
73179000,998,1856,131692,6307,-2630,128501,114,19232,467,0,62487,0.0010000000000047748
73180000,3528,1964,130227,6229,879,125041,109,19232,446,0,62488,0.000999999999990564
73181000,-8447,5423,134200,-22186,28,131964,123,19228,446,1,62489,0.0010000000000047748
73182000,-9928,2279,130184,-18124,451,130647,113,19221,504,1,62490,0.0010000000000047748
73183000,-10251,7001,129382,-1534,2673,128121,113,19229,463,1,62491,0.000999999999990564
73184002,-4165,12646,130449,-10716,10397,121069,101,19231,414,1,62492,0.0010019999999997253
73185000,-3381,-1928,126610,-13696,-10302,128135,127,19220,520,0,62493,0.0009980000000098244
73186000,-1695,3877,127652,-1364,1309,125604,97,19220,397,0,62494,0.000999999999990564
73187000,467,-4243,125614,-8807,-1439,123476,103,19233,397,0,62495,0.0010000000000047748
73188000,-5927,1968,130562,-4981,-2541,132691,145,19224,422,1,62496,0.0010000000000047748
73189000,-8213,6435,124639,-11553,907,122065,145,19231,594,1,62497,0.000999999999990564
73190000,-6351,13338,128319,-12615,10544,124763,116,19230,475,1,62498,0.0010000000000047748
73191000,1739,3505,126196,2054,176,122381,102,19224,418,0,62499,0.0010000000000047748
73192000,-687,-2717,123401,-2198,-6341,125008,114,19227,467,0,62500,0.000999999999990564
73193003,-2857,5255,126051,-6875,-278,128264,113,19227,467,0,62501,0.0010029999999972006
73194000,809,10411,125807,-3239,8328,119664,120,19234,463,0,62502,0.0009970000000123491
73195000,-769,9582,127120,637,6965,129617,120,19220,491,1,62503,0.000999999999990564
73196000,-2096,8130,125730,-3252,5191,122981,135,19231,553,1,62504,0.0010000000000047748
73197000,5460,2650,125227,-3204,-1757,126824,100,19232,410,1,62505,0.0010000000000047748
73198000,10705,12576,126129,13103,10206,119452,114,19229,467,0,62506,0.000999999999990564
73199002,11215,-1005,123157,5056,-4576,124257,98,19229,467,0,62507,0.0010019999999997253
73200000,5846,-7784,124992,7603,-11628,132430,109,19229,401,0,62508,0.0009980000000098244
73201000,4210,5518,126990,4507,1964,121026,109,19228,446,1,62509,0.000999999999990564
73202001,2265,7610,129475,-2111,8044,123652,144,19229,590,1,62510,0.00100100000000225
73203000,3504,11692,128714,5628,10865,125001,114,19230,467,1,62511,0.0009990000000072996
73204000,9147,-771,125749,3601,-2902,128650,95,19226,389,1,62512,0.000999999999990564
73205000,10669,3700,127168,6225,-949,119980,123,19226,389,0,62513,0.0010000000000047748
73206000,11033,-7205,125963,14471,-7888,135273,102,19232,504,0,62514,0.0010000000000047748
73207000,3986,-9665,127029,6818,-14898,130298,102,19231,418,0,62515,0.000999999999990564
73208000,2675,8905,131407,-11309,2384,128094,108,19224,442,1,62516,0.0010000000000047748
73209000,4899,7477,129003,2049,19315,123985,117,19230,479,1,62517,0.0010000000000047748
73210001,325,10540,129223,12125,-3065,122691,102,19235,418,1,62518,0.0010009999999880392
73211000,8130,-17165,125727,-9304,-30598,139650,113,19235,418,0,62519,0.0009990000000072996
73212000,8269,-12815,128564,5217,-4949,126811,90,19222,463,0,62520,0.0010000000000047748
73213000,4473,8608,131088,6834,-8,126344,90,19231,369,0,62521,0.000999999999990564
73214000,-104,2728,131582,-25807,4018,124140,104,19226,426,0,62522,0.0010000000000047748
73215000,-3994,7041,134294,-215,-1313,131644,130,19222,532,1,62523,0.0010000000000047748
73216003,-6825,-5805,130090,6082,-11104,137276,111,19233,455,1,62524,0.0010029999999972006
73217000,-3593,4153,129626,-20156,3414,121861,93,19233,381,1,62525,0.0009969999999981383
73218000,1343,-2333,129243,-7071,-4345,131033,146,19229,381,0,62526,0.0010000000000047748
73219000,3789,2730,128649,7626,-2499,123356,114,19232,598,0,62527,0.000999999999990564
73220001,-5297,4702,131350,-11154,-1988,127175,114,19225,467,0,62528,0.00100100000000225
73221008,-6549,-1186,130051,-23240,4206,132962,115,19224,471,1,62529,0.0010070000000013124
73222000,-9897,10070,132143,-3341,8539,125117,135,19228,553,1,62530,0.0009919999999965512
73223000,-8576,593,128290,-6598,-3167,133288,109,19228,446,1,62531,0.0010000000000047748
73224000,-2573,6797,129859,-14808,2347,123732,110,19231,446,1,62532,0.0010000000000047748
73225000,-2652,-5098,126476,-3194,-5865,131366,116,19219,451,0,62533,0.000999999999990564
73226000,-1362,3648,125521,-29,1382,125538,116,19234,475,0,62534,0.0010000000000047748
73227000,-3086,9519,127491,-19984,5565,121274,100,19229,410,0,62535,0.000999999999990564
73228000,-3956,8667,129912,-4326,6865,126890,121,19224,496,1,62536,0.0010000000000047748
73229000,-5760,9316,126795,-4010,6849,128454,116,19224,475,1,62537,0.0010000000000047748
73230000,-5619,-399,124861,-18032,-2023,127172,101,19235,475,1,62538,0.000999999999990564
73231000,895,10657,128649,-1378,6866,121777,139,19231,414,0,62539,0.0010000000000047748
73232000,2598,-3951,122652,4877,-9636,130703,139,19232,569,0,62540,0.0010000000000047748
73233000,-226,11259,128871,-4479,10223,121530,110,19228,451,0,62541,0.000999999999990564
73234002,-111,-2476,123565,-6817,-4787,126648,110,19224,451,0,62542,0.0010019999999997253
73235000,-3095,10488,129161,1283,7189,124952,144,19229,590,1,62543,0.0009980000000098244
73236000,-820,10039,125209,-7211,4734,122201,106,19229,590,1,62544,0.000999999999990564
73237000,6365,5691,125285,2213,3508,126071,102,19230,434,1,62545,0.0010000000000047748
73238000,5523,11078,123759,12945,8981,125408,102,19223,418,0,62546,0.0010000000000047748
73239000,12303,-3645,121342,-2406,-7495,124880,82,19230,336,0,62547,0.000999999999990564
73240000,9114,-29,127458,11020,-4135,127144,109,19228,446,0,62548,0.0010000000000047748
73241000,6475,-801,126274,8488,-3683,127204,122,19223,500,1,62549,0.0010000000000047748
73242000,3293,11199,129735,-8741,8806,122764,110,19223,500,1,62550,0.000999999999990564
73243000,3651,2262,127546,10048,-632,129277,97,19230,451,1,62551,0.0010000000000047748
73244000,9469,-2061,123028,9544,-5557,124602,97,19232,397,0,62552,0.0010000000000047748
73245000,8158,7059,130809,-4066,4660,123086,130,19227,532,0,62553,0.000999999999990564
73246000,10246,-6052,126880,15782,-8524,131129,99,19229,405,0,62554,0.0010000000000047748
73247000,785,4580,131282,5544,375,130373,103,19226,422,0,62555,0.0010000000000047748
73248000,3878,3411,129014,-10851,-2175,130002,133,19226,422,1,62556,0.000999999999990564
73249000,2433,7638,130309,9060,3593,124501,109,19224,545,1,62557,0.0010000000000047748
73250000,3201,9812,129531,3853,7041,123402,109,19232,446,1,62558,0.0010000000000047748
73251000,9260,-7721,127054,-10196,-9296,131291,102,19227,418,0,62559,0.000999999999990564
73252001,9159,-13775,128926,13947,-17355,133154,117,19230,479,0,62560,0.00100100000000225
73253001,5391,-8993,128072,17727,-12574,133790,105,19230,430,0,62561,0.0010000000000047748
73254000,-2821,4548,131833,-22227,653,120333,116,19230,430,1,62562,0.0009989999999930887
73255003,-3565,11832,134027,-12372,3828,131715,107,19216,475,1,62563,0.0010030000000114114
73256001,-9165,5162,129269,10749,3983,131266,107,19230,438,1,62564,0.0009979999999956135
73257002,-1901,-6517,127605,-15516,-11661,127933,97,19233,397,1,62565,0.00100100000000225
73258000,-1879,-6941,128692,-11420,-7992,131153,124,19226,508,0,62566,0.0009979999999956135
73259000,5437,4545,130400,9359,641,124528,101,19227,414,0,62567,0.0010000000000047748
73260000,-3850,339,131645,-13006,-2903,134999,110,19227,414,0,62568,0.000999999999990564
73261000,-7893,-2575,130350,-13554,-101,131261,152,19225,451,1,62569,0.0010000000000047748
73262000,-8916,9559,129541,-12389,9343,124921,152,19228,623,1,62570,0.0010000000000047748
73263000,-8129,11321,130393,-8830,10808,125450,114,19229,467,1,62571,0.000999999999990564
73264002,-1132,6402,128589,-5840,-1499,125027,101,19230,414,0,62572,0.0010019999999997253
73265000,-6114,-10375,125451,-14260,-13153,135014,157,19233,643,0,62573,0.0009980000000098244
73266000,-595,450,128052,-3090,-1658,123940,105,19233,430,0,62574,0.000999999999990564
73267000,-2953,3588,127194,-5496,1257,126849,116,19231,430,0,62575,0.0010000000000047748
73268000,-5676,9018,130003,-7138,15992,127181,115,19220,475,1,62576,0.0010000000000047748
73269000,-8702,9001,126332,-15210,8042,121934,115,19233,471,1,62577,0.000999999999990564
73270001,500,5520,126906,-4133,1475,130956,107,19228,438,1,62578,0.00100100000000225
73271000,2457,-2409,123962,7763,-5248,125313,125,19226,512,0,62579,0.0009990000000072996
73272002,1413,-2512,123694,-3281,-3248,127829,100,19226,410,0,62580,0.0010019999999997253
73273000,2662,3769,125898,-8446,1147,124319,109,19225,410,0,62581,0.0009979999999956135
73274000,-317,2358,125314,2037,5301,124946,140,19224,446,1,62582,0.0010000000000047748
73275003,-1534,11473,127257,-4612,6042,122475,140,19222,573,1,62583,0.0010029999999972006
73276002,-2153,11804,122750,-1896,7683,122386,112,19230,459,1,62584,0.0009989999999930887
73277002,5614,8100,124560,4865,1306,123997,96,19228,393,0,62585,0.0010000000000047748
73278001,9553,-2128,124611,6847,-4389,123376,116,19229,475,0,62586,0.0009990000000072996
73279000,6490,-4527,127813,2856,-11103,126655,122,19229,475,0,62587,0.0009989999999930887
73280000,6491,-411,127241,3153,-3981,128223,119,19228,500,0,62588,0.0010000000000047748
73281000,2431,1441,126338,6040,1901,122644,119,19222,487,1,62589,0.000999999999990564
73282000,2510,10921,129351,-1493,8728,127656,121,19228,496,1,62590,0.0010000000000047748
73283000,8074,9336,124142,5777,7734,122059,102,19232,418,1,62591,0.0010000000000047748
73284000,11609,5072,123801,8503,647,123437,113,19220,463,0,62592,0.000999999999990564
73285000,11290,-5574,126479,3947,-9444,128835,90,19220,463,0,62593,0.0010000000000047748
73286000,8629,-9138,126784,13210,-12869,130877,102,19230,369,0,62594,0.0010000000000047748
73287000,5049,-3866,132881,-76,-7880,133384,102,19226,418,1,62595,0.000999999999990564
73288000,-930,2142,128702,-3719,-508,130331,125,19229,512,1,62596,0.0010000000000047748
73289000,-870,22421,132380,1030,19814,120282,109,19230,446,1,62597,0.0010000000000047748
73290000,4462,392,125518,-1674,-4172,131546,99,19229,405,1,62598,0.000999999999990564
73291000,10040,-14525,129062,1611,-17982,131461,155,19229,405,0,62599,0.0010000000000047748
73292000,10726,5476,130333,17868,3883,121810,105,19234,635,0,62600,0.0010000000000047748
73293001,2436,-6657,127419,-2507,-10193,132666,105,19231,430,0,62601,0.0010009999999880392
73294000,1654,5225,135373,-11233,1831,130100,108,19223,442,1,62602,0.0009990000000072996
73295000,-9268,1039,131832,-947,-1742,132096,141,19227,577,1,62603,0.0010000000000047748
73296000,-6959,6040,130800,-4442,3343,121833,103,19230,422,1,62604,0.000999999999990564
73297000,-2791,-3367,130634,-19545,-2724,128026,104,19230,422,0,62605,0.0010000000000047748
73298000,5418,-7502,126680,1078,-13351,125409,96,19219,426,0,62606,0.0010000000000047748
73299000,-205,3890,131556,9128,2578,126107,96,19229,393,0,62607,0.000999999999990564
73300000,-6635,-3349,130704,-19832,-5504,133987,108,19229,442,0,62608,0.0010000000000047748
73301000,-8025,7272,130363,-14588,4687,130784,130,19222,532,1,62609,0.0010000000000047748
73302000,-8849,1425,130116,-8987,83,135654,115,19230,471,1,62610,0.000999999999990564
73303000,-6362,13900,128906,-9814,25985,109648,99,19230,471,1,62611,0.0010000000000047748
73304000,-1680,4581,128452,-12616,-12827,130528,137,19228,405,0,62612,0.0010000000000047748
73305000,-442,-14140,125148,-8964,-16510,138095,137,19221,561,0,62613,0.000999999999990564
73306001,-3141,1682,127904,5739,937,123947,102,19230,418,0,62614,0.00100100000000225
73307000,-6841,5016,127302,-18456,8052,121748,106,19227,434,1,62615,0.0009990000000072996
73308000,-7850,15909,131032,-10408,11582,118415,137,19230,561,1,62616,0.000999999999990564
73309000,-7153,170,127867,-6803,-13404,139738,114,19230,467,1,62617,0.0010000000000047748
73310000,-2354,2246,124581,2589,3651,118376,105,19232,467,1,62618,0.0010000000000047748
73311000,-239,15459,125289,-9303,11567,117630,91,19222,430,0,62619,0.000999999999990564
73312003,4799,-2386,124202,-311,-3418,127834,91,19232,373,0,62620,0.0010029999999972006
73313002,4521,-1735,124895,-910,-3626,128460,107,19231,438,0,62621,0.0009990000000072996
73314001,422,-3489,124974,-2072,-2430,131798,122,19220,500,1,62622,0.0009989999999930887
73315000,-4403,21873,126142,-727,31702,109112,110,19220,451,1,62623,0.0009990000000072996
73316000,3544,7366,126038,-6157,875,131196,96,19230,451,1,62624,0.0010000000000047748
73317001,8881,-7605,121601,9889,-9408,129366,123,19230,393,0,62625,0.0010009999999880392
73318000,7443,4449,123182,8622,273,119702,123,19232,504,0,62626,0.0009990000000072996
73319000,5907,-2032,126443,3698,-3987,119795,104,19225,426,0,62627,0.0010000000000047748
73320000,4777,3956,127778,4147,-3296,129620,111,19229,455,0,62628,0.000999999999990564
73321000,3150,-6647,126786,691,-10357,134562,142,19229,582,1,62629,0.0010000000000047748
73322000,3313,16989,130707,4398,16129,113991,112,19228,582,1,62630,0.0010000000000047748
73323000,5769,8665,126730,6227,1591,126989,100,19228,459,1,62631,0.000999999999990564
73324000,9938,-3329,125531,2621,-6440,126141,100,19224,410,0,62632,0.0010000000000047748
73325002,11693,-3787,127034,9059,-8961,131813,118,19231,483,0,62633,0.0010019999999997253
73326001,7357,-9917,127191,12367,-13240,130970,103,19229,422,0,62634,0.0009989999999930887
73327002,3336,14860,131147,-3336,11882,120972,111,19222,455,1,62635,0.00100100000000225
73328000,320,2307,130172,-2328,-2059,130613,107,19222,455,1,62636,0.0009980000000098244
73329000,524,4689,130408,5331,1610,130478,102,19230,438,1,62637,0.000999999999990564
73330000,4414,5774,127580,-2790,1540,123633,102,19229,418,1,62638,0.0010000000000047748
73331000,7908,-4668,127719,-1236,-7385,129092,123,19220,504,0,62639,0.0010000000000047748
73332000,12062,-8750,130943,16911,-13340,130896,95,19229,389,0,62640,0.000999999999990564
73333000,1,-8359,128818,1249,-11974,137728,104,19229,426,0,62641,0.0010000000000047748
73334000,-1998,8644,132917,-22964,7218,123468,140,19229,426,1,62642,0.0010000000000047748
73335000,-4694,20484,133190,-3834,17763,121876,111,19224,573,1,62643,0.000999999999990564
73336000,-3192,-3190,129281,6854,-7169,135104,111,19233,455,1,62644,0.0010000000000047748
73337000,-3961,-12955,127462,-13124,-16301,127375,98,19226,401,0,62645,0.0010000000000047748
73338001,-2252,-12316,130571,-13083,-16115,137600,126,19231,516,0,62646,0.0010009999999880392
73339000,140,15736,133236,6133,14179,119356,109,19227,446,0,62647,0.0009990000000072996
73340000,-9442,14245,134077,-7798,13373,125618,115,19227,446,0,62648,0.0010000000000047748
73341000,-9779,-2867,129289,-24839,-6818,137758,125,19222,471,1,62649,0.000999999999990564
73342001,-9902,5369,129006,-6161,2251,126292,125,19228,512,1,62650,0.00100100000000225
73343000,-1072,11899,130515,-6764,8238,129131,106,19232,434,1,62651,0.0009990000000072996
73344000,-251,8994,127871,-5634,7671,118801,115,19217,471,0,62652,0.000999999999990564
73345000,-3456,-11648,125122,-9758,-13733,136647,92,19232,377,0,62653,0.0010000000000047748
73346000,616,-2666,125570,-5947,-7711,119656,102,19232,377,0,62654,0.0010000000000047748
73347000,-6060,11157,128003,-4391,7439,125267,133,19227,418,1,62655,0.000999999999990564
73348000,-7218,12750,128675,-12258,9517,123298,133,19231,545,1,62656,0.0010000000000047748
73349000,-5672,1714,125716,-10465,524,130187,118,19228,483,1,62657,0.0010000000000047748
73350000,1198,-93,127338,-6696,9134,129379,101,19230,414,0,62658,0.000999999999990564
73351000,342,3115,125386,2720,-8045,116947,121,19233,496,0,62659,0.0010000000000047748
73352005,-257,504,122845,-1800,-8733,129300,109,19233,446,0,62660,0.001004999999992151
73353000,-1837,2723,126796,-11792,1506,127043,111,19228,446,0,62661,0.0009950000000031878
73354000,-3049,8696,126403,-1771,12172,120910,141,19223,455,1,62662,0.0010000000000047748
73355002,-2273,18614,126590,-599,18908,126312,141,19230,577,1,62663,0.0010019999999997253
73356001,1626,2843,122020,3463,-1480,124535,104,19236,426,1,62664,0.0009989999999930887
73357000,9030,-40,122691,1623,-1714,125216,106,19224,434,0,62665,0.0009990000000072996
73358000,11413,2256,123053,9586,-1577,123146,90,19224,369,0,62666,0.000999999999990564
73359000,9427,-2229,126135,12321,-5300,127531,113,19227,369,0,62667,0.0010000000000047748
73360003,4780,-6167,127369,-1280,-8807,130187,133,19228,463,1,62668,0.0010029999999972006
73361000,-897,5875,128646,-2664,5889,121128,133,19221,545,1,62669,0.0009969999999981383
73362000,3518,9618,129430,9362,11692,136337,112,19232,459,1,62670,0.0010000000000047748
73363000,6581,1552,123036,6782,3738,115928,96,19231,393,1,62671,0.0010000000000047748
73364000,11850,14681,128980,-974,1564,123976,143,19231,586,0,62672,0.000999999999990564
73365000,10913,-15607,123568,16050,-21462,137664,103,19228,586,0,62673,0.0010000000000047748
73366001,6612,-7723,129950,6985,-8404,127296,105,19231,422,0,62674,0.00100100000000225
73367000,3844,6805,131804,-13617,896,129062,105,19226,430,1,62675,0.0009989999999930887
73368000,-917,21590,132845,5906,20568,118401,125,19229,512,1,62676,0.0010000000000047748
73369000,-1125,6553,130676,5799,-1658,132922,111,19229,455,1,62677,0.0010000000000047748
73370000,5445,-9983,125025,-8350,-13681,129382,105,19221,430,0,62678,0.000999999999990564
73371000,10345,-6544,129742,10278,-8787,126145,113,19221,430,0,62679,0.0010000000000047748
73372000,9304,-7172,128723,19956,-12561,132829,104,19231,463,0,62680,0.0010000000000047748
73373001,1728,9772,132520,-20708,8018,124119,104,19230,426,0,62681,0.00100100000000225
73374000,-344,8512,133771,-13145,7002,133490,121,19218,496,1,62682,0.0009989999999930887
73375000,-10155,2900,130200,13582,2621,125772,108,19230,442,1,62683,0.0010000000000047748
73376002,-1266,-1165,129132,-17742,-5346,133107,96,19229,393,1,62684,0.0010019999999997253
73377002,558,-7887,126583,-6754,-13971,134001,133,19229,393,0,62685,0.000999999999990564
73378000,7111,4093,130408,7358,1869,124128,106,19229,545,0,62686,0.0009980000000098244
73379000,-1127,4966,131730,-5959,2058,129286,106,19228,434,0,62687,0.000999999999990564
73380000,-8123,695,131207,-12619,-3732,124059,110,19225,451,1,62688,0.0010000000000047748
73381002,-8552,1931,130995,-17110,-1218,138831,149,19228,610,1,62689,0.0010019999999997253
73382000,-14307,4768,128823,-6106,3159,127743,110,19232,451,1,62690,0.0009979999999956135
73383000,-1791,13587,130077,-12095,9692,120467,102,19232,451,1,62691,0.0010000000000047748
73384000,-2830,-5299,126620,-7330,-8852,130663,152,19225,418,0,62692,0.0010000000000047748
73385000,-2461,-6226,126980,-443,-8547,125088,152,19232,623,0,62693,0.000999999999990564
73386000,-986,2953,127279,-12065,-74,128846,107,19228,438,0,62694,0.0010000000000047748
73387000,-5633,18005,129462,-9145,14956,117606,115,19221,471,1,62695,0.0010000000000047748
73388000,-7099,11412,129094,-5681,7973,128790,111,19230,455,1,62696,0.000999999999990564
73389000,-9242,-226,124140,-10517,-5377,128283,102,19230,455,1,62697,0.0010000000000047748
73390000,3237,-2947,125160,-7587,-5799,126215,125,19229,418,0,62698,0.0010000000000047748
73391001,-845,-1023,124493,1330,-2988,122272,125,19228,512,0,62699,0.00100100000000225
73392000,3702,1061,123137,3692,-1592,126763,105,19225,430,0,62700,0.0009989999999930887
73393000,-849,4417,126100,-12087,-275,127930,111,19229,455,0,62701,0.0010000000000047748
73394000,-5696,10006,125793,207,6955,121397,145,19223,594,1,62702,0.000999999999990564
73395000,453,13430,127002,-852,10193,124105,110,19223,451,1,62703,0.0010000000000047748
73396000,2316,6482,125212,-4240,354,124350,95,19234,451,1,62704,0.0010000000000047748
73397000,12288,3342,122815,9011,4597,123688,108,19230,389,0,62705,0.000999999999990564
73398000,8562,-3364,123936,4762,-11871,122221,108,19234,442,0,62706,0.0010000000000047748
73399000,7973,-7594,126424,-545,-5339,133817,114,19227,467,0,62707,0.0010000000000047748
73400000,2573,-6490,125811,16954,7871,127429,118,19221,483,1,62708,0.000999999999990564
73401000,-319,10001,128364,-10936,13616,119860,113,19221,463,1,62709,0.0010000000000047748
73402003,6615,7951,127339,12651,5656,126216,100,19231,463,1,62710,0.0010029999999972006
73403000,6221,-1033,123602,12226,-7803,124293,117,19232,410,1,62711,0.0009969999999981383
73404000,13970,395,127284,736,-2777,127204,117,19219,479,0,62712,0.0010000000000047748
73405000,7378,-9207,128387,13123,-17174,133642,103,19228,422,0,62713,0.0010000000000047748
73406002,5132,-6519,128374,1771,-4542,130266,107,19227,438,0,62714,0.0010019999999997253
73407002,191,10426,132089,-6672,9842,126285,133,19227,545,1,62715,0.000999999999990564
73408000,1249,10728,128708,1368,5090,128301,111,19226,545,1,62716,0.0009980000000098244
73409000,6372,9868,125946,10386,14351,122621,99,19231,455,1,62717,0.000999999999990564
73410001,6268,-9138,126849,-3443,-9945,131995,99,19224,405,0,62718,0.00100100000000225
73411000,15594,-17914,127164,12569,-14030,131051,162,19232,664,0,62719,0.0009990000000072996
73412000,2816,4665,130599,14019,-3406,129165,106,19235,434,0,62720,0.000999999999990564
73413000,-1721,-1301,132160,-20998,1599,128120,107,19235,438,0,62721,0.0010000000000047748
73414000,-1593,9543,133144,-9832,4842,131091,131,19226,438,1,62722,0.0010000000000047748
73415000,-9243,1869,131048,6842,-3238,132124,102,19232,537,1,62723,0.000999999999990564
73416001,501,2880,129433,-14464,0,122202,102,19233,418,1,62724,0.00100100000000225
73417000,-2400,-7418,130238,-9220,-13249,135268,108,19219,442,0,62725,0.0009990000000072996
73418000,4335,-1181,128322,8293,-5141,123650,96,19228,393,0,62726,0.000999999999990564
73419000,-5739,6050,131831,-9446,815,129274,112,19227,459,0,62727,0.0010000000000047748
73420000,-9726,19,131903,-18372,-4094,128901,134,19227,459,1,62728,0.0010000000000047748
73421000,-9260,15645,132263,-10650,12451,125266,114,19227,549,1,62729,0.000999999999990564
73422000,-8296,-334,127100,-8590,-2350,130144,114,19230,467,1,62730,0.0010000000000047748
73423000,583,2717,130388,-4431,-1452,125791,97,19231,397,1,62731,0.0010000000000047748
73424021,-4690,-2021,124749,-7414,-5267,125653,149,19225,610,0,62732,0.0010209999999943875
73425003,-150,5884,127596,-10480,3878,125409,101,19232,414,0,62733,0.000981999999993377
73426000,-3610,-4429,126781,-5357,-8410,131360,105,19232,414,0,62734,0.0009970000000123491
73427000,-6481,12296,128473,-9371,8902,119865,131,19224,430,1,62735,0.000999999999990564
73428000,-4512,17389,128642,-11342,12787,126607,131,19228,537,1,62736,0.0010000000000047748
73429000,-6026,807,125734,-1140,-1652,128035,108,19232,442,1,62737,0.0010000000000047748
73430000,3431,9363,125197,-10358,6629,118335,108,19227,442,0,62738,0.000999999999990564
73431000,-901,-4126,125538,-158,-6359,130421,86,19233,352,0,62739,0.0010000000000047748
73432001,2536,-5776,126506,7901,-8862,126032,108,19233,352,0,62740,0.00100100000000225
73433000,-2267,7519,127382,-13634,6267,129742,124,19232,442,1,62741,0.0009989999999930887
73434002,-3847,15672,127467,-4920,13931,121987,124,19222,508,1,62742,0.0010019999999997253
73435002,1638,12653,126637,2131,10338,121081,111,19229,455,1,62743,0.0010000000000047748
73436000,4466,-571,123669,1138,-2809,127392,95,19229,389,1,62744,0.0009979999999956135
73437000,11121,6625,123192,5182,4750,118809,133,19233,545,0,62745,0.0010000000000047748
73438000,7842,-4280,123219,9067,-7226,128023,106,19233,545,0,62746,0.0010000000000047748
73439000,6527,-1169,126051,6608,-4917,126436,113,19227,434,0,62747,0.000999999999990564
73440000,3983,-2676,126388,-695,-7919,130714,113,19222,463,1,62748,0.0010000000000047748
73441000,1059,15266,129754,-358,11182,117127,136,19226,557,1,62749,0.0010000000000047748
73442000,9513,9408,126655,6342,9416,130284,106,19234,434,1,62750,0.000999999999990564
73443000,7914,-6974,123669,8948,-4922,124639,100,19227,410,0,62751,0.0010000000000047748
73444001,10496,-1084,127831,-499,105,132119,114,19227,467,0,62752,0.00100100000000225
73445000,6857,-13068,125116,15235,-11227,125495,103,19229,467,0,62753,0.0009989999999930887
73446000,3602,2793,130049,6179,-2168,131180,115,19232,422,0,62754,0.0010000000000047748
73447000,-741,2909,130493,-12713,4169,130763,115,19222,471,1,62755,0.0010000000000047748
73448001,-1338,11361,130583,11811,7408,122586,110,19228,451,1,62756,0.0010009999999880392
73449000,4331,2370,127843,-2014,-1323,128890,100,19232,410,1,62757,0.0009990000000072996
73450000,8549,-9177,127748,-1738,-19810,129978,129,19232,528,0,62758,0.0010000000000047748
73451000,9891,-5302,129653,20863,-2230,129466,98,19224,528,0,62759,0.000999999999990564
73452000,6851,-2862,128469,-3582,-7820,132198,103,19230,401,0,62760,0.0010000000000047748
73453000,-3397,4392,132133,-16607,10969,123614,103,19226,422,1,62761,0.0010000000000047748
73454000,-4792,7526,132504,-4289,-1720,129734,149,19230,610,1,62762,0.000999999999990564
73455003,-8382,-1101,129532,4782,871,132486,110,19229,451,1,62763,0.0010029999999972006
73456000,-2869,-3323,128713,-21562,789,133686,97,19229,397,1,62764,0.0009970000000123491
73457000,2893,-2751,126780,1083,-291,122467,121,19222,397,0,62765,0.000999999999990564
73458000,3528,905,128819,6973,-4392,127025,116,19229,496,0,62766,0.0010000000000047748
73459000,-2307,1514,131420,-17192,-716,132657,116,19228,475,0,62767,0.0010000000000047748
73460000,-10197,1441,131940,-13638,-1907,134984,122,19225,500,1,62768,0.000999999999990564
73461000,-7339,12768,131777,-7140,10607,127321,111,19229,455,1,62769,0.0010000000000047748
73462000,-9010,9504,130099,-10130,5588,124641,103,19229,422,1,62770,0.0010000000000047748
73463000,-400,4213,128591,-9826,4396,125511,121,19229,422,0,62771,0.000999999999990564
73464000,-2790,-4297,125462,-8318,-8995,130338,95,19216,496,0,62772,0.0010000000000047748
73465000,-3050,653,127055,-3599,-259,126325,95,19231,389,0,62773,0.0010000000000047748
73466000,-2009,13306,128355,-13102,8899,118188,101,19228,414,0,62774,0.000999999999990564
73467000,-9136,1156,129007,-10436,-4314,128942,141,19226,577,1,62775,0.0010000000000047748
73468000,-6642,5258,130072,-5339,3151,129095,116,19232,475,1,62776,0.0010000000000047748
73469000,-2827,5972,125385,-11634,4361,123514,100,19232,475,1,62777,0.000999999999990564
73470000,309,9324,127261,2442,5915,122365,109,19228,410,0,62778,0.0010000000000047748
73471000,5172,-1700,123127,19,-5484,124426,109,19228,446,0,62779,0.0010000000000047748
73472000,873,1656,123763,-6275,-690,132804,106,19229,434,0,62780,0.000999999999990564
73473002,-615,9309,126461,-5680,7747,120889,109,19222,446,1,62781,0.0010019999999997253
73474000,-1893,16438,127931,424,12362,120502,138,19230,565,1,62782,0.0009980000000098244
73475000,803,4785,124138,4301,1116,127246,102,19230,565,1,62783,0.000999999999990564
73476000,6805,-664,122616,-6319,-3471,126176,112,19233,418,0,62784,0.0010000000000047748
73477000,9181,9516,124744,8250,4620,120051,112,19226,459,0,62785,0.000999999999990564
73478000,10874,437,125738,15860,-1972,122792,97,19230,397,0,62786,0.0010000000000047748
73479000,3379,-9878,126337,1039,-12411,128493,109,19228,446,0,62787,0.0010000000000047748
73480001,3851,3013,129409,-1133,-25,129241,135,19227,553,1,62788,0.00100100000000225
73481000,2948,23522,130231,2629,21952,120862,111,19227,553,1,62789,0.0009989999999930887
73482000,4204,13609,128923,10693,11751,128078,97,19231,455,1,62790,0.0010000000000047748
73483002,11667,-2932,125147,941,-5543,122071,97,19228,397,0,62791,0.0010019999999997253
73484000,9810,-7553,125304,2060,-10830,133747,151,19235,618,0,62792,0.0009979999999956135
73485000,9552,-3370,127244,20396,-7235,123473,102,19229,418,0,62793,0.0010000000000047748
73486003,5158,-670,129511,-2728,-5307,132576,106,19224,434,1,62794,0.0010029999999972006
73487000,1958,5400,130990,-6293,-404,125975,120,19224,491,1,62795,0.0009969999999981383
73488000,1123,9775,131088,5407,10226,131069,109,19227,491,1,62796,0.0010000000000047748
73489000,2435,2400,126873,-257,-1744,122874,113,19232,446,1,62797,0.000999999999990564
73490000,10981,-229,128554,-5236,-20083,126553,113,19218,463,0,62798,0.0010000000000047748
73491000,13712,-9227,129731,18099,-7903,139202,92,19233,377,0,62799,0.0010000000000047748
73492000,1355,-4792,130018,15941,-4092,122076,101,19232,414,0,62800,0.000999999999990564
73493001,2121,10695,133777,-34846,7794,128590,125,19232,512,1,62801,0.00100100000000225
73494000,-8004,9665,131928,18050,4449,128993,112,19227,512,1,62802,0.0009990000000072996
73495003,-5240,-1575,129443,-10514,-1728,128479,98,19231,459,1,62803,0.0010029999999972006
73496000,-4084,-11016,129230,-19358,-14408,135157,98,19227,401,0,62804,0.0009969999999981383
73497000,441,-2958,130058,5521,-3221,122308,144,19233,590,0,62805,0.0010000000000047748
73498000,2858,4404,131990,3987,-1518,132691,106,19228,434,0,62806,0.000999999999990564
73499003,-7886,1546,131484,-17070,-1890,127086,111,19228,455,0,62807,0.0010030000000114114
73500001,-8403,4757,129582,-20319,6163,133649,132,19224,455,1,62808,0.0009979999999956135
73501000,-10175,5880,128348,-5062,10680,126354,110,19227,541,1,62809,0.0009989999999930887
73502000,-2811,20017,130370,-12602,10824,120249,110,19232,451,1,62810,0.0010000000000047748
73503000,268,-1755,125108,-1804,-1468,132326,106,19223,434,0,62811,0.0010000000000047748
73504000,-3728,-9318,125227,-10459,-6640,126164,128,19232,524,0,62812,0.000999999999990564
73505000,4483,-2616,128154,-3793,-347,133383,104,19229,426,0,62813,0.0010000000000047748
73506000,-7469,12291,127171,637,11462,117979,122,19229,426,1,62814,0.0010000000000047748
73507000,-7508,11428,129604,-18419,10412,125316,113,19221,500,1,62815,0.000999999999990564
73508000,-8973,420,127654,-13019,-3892,131254,113,19227,463,1,62816,0.0010000000000047748
73509000,2102,2189,126793,3528,1250,121705,101,19231,414,1,62817,0.0010000000000047748
73510000,-545,3957,127868,5140,946,125390,136,19231,557,0,62818,0.000999999999990564
73511000,-1778,-2300,123782,-10040,-8142,121992,113,19228,463,0,62819,0.0010000000000047748
73512000,2633,-4436,125278,-5536,-4466,132573,115,19228,463,0,62820,0.0010000000000047748
73513016,-3767,13666,128164,2866,10772,121514,159,19228,471,1,62821,0.0010159999999928004
73514002,-2206,9699,125608,-7458,4998,122034,159,19230,651,1,62822,0.0009859999999974889
73515002,1134,17813,127333,108,13917,120975,109,19231,446,1,62823,0.0010000000000047748
73516000,10429,-5516,120095,2144,-8373,129006,98,19224,401,0,62824,0.0009979999999956135
73517000,10096,-3635,124179,14131,-7962,126024,86,19230,352,0,62825,0.0010000000000047748
73518000,8255,-429,124800,7543,-4083,121536,115,19230,352,0,62826,0.0010000000000047748
73519001,5053,1535,125251,66,-1532,127669,123,19229,471,0,62827,0.00100100000000225
73520000,-2540,2782,127629,2013,143,125884,123,19222,504,1,62828,0.0009989999999930887
73521000,7463,10583,127900,-2480,6460,125284,111,19229,455,1,62829,0.0010000000000047748
73522004,6561,10065,126164,13410,6775,122684,98,19232,401,1,62830,0.0010039999999946758
73523001,14419,996,125741,3879,-1533,119779,122,19221,500,0,62831,0.0009969999999981383
73524000,10340,-10544,126768,9651,-14627,133202,106,19221,500,0,62832,0.0009990000000072996
73525000,3739,-13350,127826,13828,-17101,135713,108,19231,434,0,62833,0.000999999999990564
73526000,5070,-2998,130627,-9923,-9010,129524,108,19228,442,1,62834,0.0010000000000047748
73527000,-4602,23575,133593,1687,21151,122006,144,19227,590,1,62835,0.0010000000000047748
73528000,4409,7309,128168,2328,7097,126467,110,19228,451,1,62836,0.000999999999990564
73529000,3822,-8264,128723,-660,-12270,131760,100,19224,410,1,62837,0.0010000000000047748
73530000,11119,-6824,127380,9404,-11356,126661,134,19224,410,0,62838,0.0010000000000047748
73531000,8870,-253,129239,12480,-2121,125337,109,19231,549,0,62839,0.000999999999990564
73532001,-1586,-2901,132023,-4379,-5137,129144,110,19228,446,0,62840,0.00100100000000225
73533000,2846,3461,132503,-18066,-1727,134247,110,19220,451,1,62841,0.0009990000000072996
73534000,-10535,4527,131035,6826,220,124473,125,19227,512,1,62842,0.000999999999990564
73535001,-2832,5359,129828,-4751,2206,126265,99,19231,405,1,62843,0.00100100000000225
73536000,3078,-5346,128962,-19639,-9588,135215,116,19231,475,0,62844,0.0009990000000072996
73537000,1223,-7691,128279,8234,-4621,127321,95,19223,475,0,62845,0.000999999999990564
73538000,-1605,10640,130248,-1790,15124,120081,106,19229,389,0,62846,0.0010000000000047748
73539000,-6864,3273,131423,-20508,-6283,128513,106,19230,434,1,62847,0.0010000000000047748
73540000,-8861,-2273,131039,-6426,-4218,140612,142,19229,582,1,62848,0.000999999999990564
73541000,-11119,4108,129379,-12590,6809,122823,116,19232,475,1,62849,0.0010000000000047748
73542000,-3876,14870,131565,-11864,13843,118917,97,19232,397,1,62850,0.0010000000000047748
73543000,-1740,-3687,126346,-4128,-12766,134510,159,19225,397,0,62851,0.000999999999990564
73544000,-1573,-6074,126672,-216,-13541,130700,102,19232,651,0,62852,0.0010000000000047748
73545000,-2566,-415,126893,-9832,-2895,128600,102,19232,418,0,62853,0.0010000000000047748
73546000,-7751,14090,128688,-10815,17065,113089,109,19224,446,1,62854,0.000999999999990564
73547001,-5630,21650,130262,-7714,10053,128980,124,19228,508,1,62855,0.00100100000000225
73548002,-7454,-9148,122902,-4632,-11011,133373,108,19231,442,1,62856,0.00100100000000225
73549002,16,8426,126612,-6468,7191,119504,113,19231,442,0,62857,0.0010000000000047748
73550001,-1283,6085,123153,-5781,9361,123269,89,19224,463,0,62858,0.0009989999999930887
73551000,5335,2364,123641,5436,2492,121342,89,19227,365,0,62859,0.0009990000000072996
73552001,2506,-13807,124768,-2926,-21177,142279,107,19226,438,0,62860,0.0010009999999880392
73553000,-3670,8305,125970,-5648,7997,112144,134,19220,549,1,62861,0.0009990000000072996
73554000,-1924,22689,129334,-4644,17817,124529,116,19228,475,1,62862,0.0010000000000047748
73555000,3378,6531,125388,4086,228,124688,94,19228,475,1,62863,0.000999999999990564
73556000,9187,5056,124355,6437,-183,124204,112,19229,385,0,62864,0.0010000000000047748
73557000,7706,-9620,121860,5975,-13073,133027,112,19233,459,0,62865,0.0010000000000047748
73558000,8607,9551,127723,8959,7013,113308,112,19226,459,0,62866,0.000999999999990564
73559000,5345,-2736,126476,3520,-7789,136768,116,19223,475,1,62867,0.0010000000000047748
73560000,767,10222,129856,-3955,9557,120188,126,19225,516,1,62868,0.0010000000000047748
73561000,4063,-2984,127135,5054,-10948,130095,104,19225,516,1,62869,0.000999999999990564
73562000,6496,6587,127496,12493,4407,119105,102,19231,426,1,62870,0.0010000000000047748
73563000,12186,5324,124836,83,1371,122543,102,19223,418,0,62871,0.0010000000000047748
73564000,7924,-9448,127556,11336,-13671,137048,85,19231,348,0,62872,0.000999999999990564
73565000,7205,-2787,126977,4561,-6062,123210,105,19227,430,0,62873,0.0010000000000047748
73566000,4011,5095,129947,-4917,2330,133903,123,19223,504,1,62874,0.0010000000000047748
73567000,-468,17249,132660,7698,13179,123355,110,19223,504,1,62875,0.000999999999990564
73568000,3616,1702,126320,-5734,-2398,129333,95,19230,451,1,62876,0.0010000000000047748
73569000,6776,-2441,128142,1312,-5960,128401,95,19235,389,0,62877,0.0010000000000047748
73570000,9850,-12399,127558,8132,-15662,129735,142,19233,582,0,62878,0.000999999999990564
73571000,4769,-2055,129229,12533,-6849,127345,113,19227,463,0,62879,0.0010000000000047748
73572000,-985,-3259,130938,-10264,-5705,131538,109,19224,446,0,62880,0.0010000000000047748
73573000,-2070,9489,132356,-16713,7058,122348,148,19224,446,1,62881,0.000999999999990564
73574003,-4507,12736,133885,6290,11813,124233,106,19230,606,1,62882,0.0010029999999972006
73575002,-4740,-5736,129255,1798,-7086,134102,106,19232,434,1,62883,0.0009990000000072996
73576000,-2082,-9539,130098,-19815,-13149,131558,102,19221,418,0,62884,0.0009979999999956135
73577000,1777,1892,129411,-3060,-3794,126213,107,19230,438,0,62885,0.0010000000000047748
73578000,-752,8252,130604,6764,5192,127308,107,19230,438,0,62886,0.0010000000000047748
73579000,-9409,877,130877,-15877,-1239,129287,121,19230,496,1,62887,0.000999999999990564
73580000,-11254,5434,131598,-21254,4090,129937,112,19220,496,1,62888,0.0010000000000047748
73581004,-6779,8578,128804,-7610,3823,125973,101,19232,459,1,62889,0.0010039999999946758
73582002,-2807,12009,131016,-1832,9492,126065,101,19227,414,1,62890,0.0009980000000098244
73583000,-2098,-2773,124597,-10837,-4397,125421,133,19221,545,0,62891,0.0009979999999956135
73584000,-3007,-5287,125045,-8244,-4924,129275,100,19230,410,0,62892,0.0010000000000047748
73585000,166,4939,128994,-4492,4471,129389,104,19230,426,0,62893,0.000999999999990564
73586000,-6437,8792,126576,-4058,5936,119876,140,19231,426,1,62894,0.0010000000000047748
73587000,-6108,11976,128491,-14397,4260,130196,116,19228,573,1,62895,0.0010000000000047748
73588000,-3753,4524,126966,-3125,-1672,124988,116,19231,475,1,62896,0.000999999999990564
73589000,2530,6478,125278,6407,2022,125787,104,19222,426,0,62897,0.0010000000000047748
73590000,385,-4043,124116,-4953,-4463,126043,106,19229,434,0,62898,0.0010000000000047748
73591000,347,4846,126770,-8090,2194,121769,109,19229,446,0,62899,0.000999999999990564
73592000,1961,3193,125782,-1738,3072,129793,118,19225,446,0,62900,0.0010000000000047748
73593000,-3621,12807,127869,-3062,12606,120665,116,19221,483,1,62901,0.0010000000000047748
73594000,-2141,11146,125242,-748,6895,125428,116,19228,475,1,62902,0.000999999999990564
73595003,3474,8870,123484,-2332,5174,120311,100,19232,410,1,62903,0.0010029999999972006
73596000,11361,2514,124146,2656,-4573,124486,123,19226,504,0,62904,0.0009970000000123491
73597000,14413,-5090,126528,22278,-6013,128073,102,19224,418,0,62905,0.000999999999990564
73598002,5466,-1452,124614,-1070,-6451,124499,110,19224,418,0,62906,0.0010019999999997253
73599000,3549,-2095,128997,-2673,-2565,133704,146,19230,451,1,62907,0.0009980000000098244
73600000,1665,14608,129779,9651,12246,118582,146,19228,598,1,62908,0.000999999999990564
73601002,7483,10205,124668,5275,7028,128658,113,19232,463,1,62909,0.0010019999999997253
73602002,5189,4689,125959,3134,162,119529,100,19223,410,0,62910,0.0010000000000047748
73603000,14501,-4257,125699,3622,-7926,128670,128,19227,524,0,62911,0.0009979999999956135
73604000,10706,-10508,127937,22961,-14967,132127,111,19227,524,0,62912,0.0010000000000047748
73605003,1677,451,129765,-3748,-3080,127181,111,19232,455,0,62913,0.0010029999999972006
73606000,2289,8240,130470,-13562,4767,128968,111,19222,455,1,62914,0.0009969999999981383
73607000,-986,22172,132694,9596,16363,120333,111,19230,455,1,62915,0.0010000000000047748
73608000,989,-9217,129150,-2669,-13739,135720,105,19228,430,1,62916,0.000999999999990564
73609000,9429,-330,128926,-4232,-4111,119964,119,19217,487,0,62917,0.0010000000000047748
73610000,10881,-9361,127620,12627,-12855,133743,93,19217,487,0,62918,0.0010000000000047748
73611000,6514,-5973,129343,18026,-9025,132339,103,19231,381,0,62919,0.000999999999990564
73612003,-485,7668,133216,-23355,6071,123223,103,19233,422,1,62920,0.0010030000000114114
73613001,-3088,14336,131076,-9217,11464,130302,131,19224,537,1,62921,0.0009979999999956135
73614002,-10513,1846,129206,10107,-3078,127583,112,19230,459,1,62922,0.00100100000000225
73615000,2463,-9848,128302,-21311,-13715,137676,97,19227,397,1,62923,0.0009979999999956135
73616000,474,-3617,131117,-2860,-6984,128918,140,19227,397,0,62924,0.0010000000000047748
73617001,5605,4643,129945,6393,-30,128073,110,19231,573,0,62925,0.00100100000000225
73618001,-4245,5814,131170,-11136,2631,125591,110,19228,451,0,62926,0.000999999999990564
73619000,-10427,-1009,129985,-15738,-3953,130596,113,19219,463,1,62927,0.0009990000000072996
73620001,-9527,-551,130969,-15166,-4454,137168,129,19231,528,1,62928,0.00100100000000225
73621000,-11087,15465,131708,-8169,14941,118376,109,19231,446,1,62929,0.0009989999999930887
73622000,265,3550,130027,-16425,3909,127468,111,19231,446,0,62930,0.0010000000000047748
73623000,-5204,-8000,126101,-877,-12307,130266,108,19218,455,0,62931,0.000999999999990564
73624000,775,-4662,127005,272,-8145,126137,108,19233,442,0,62932,0.0010000000000047748
73625000,-1155,5644,127175,-13591,4307,123766,102,19231,418,0,62933,0.0010000000000047748
73626000,-8913,12696,128272,-3560,11005,127005,125,19222,512,1,62934,0.000999999999990564
73627000,-2946,6724,127228,-13631,3332,131221,118,19227,483,1,62935,0.0010000000000047748
73628000,-5872,4488,127001,-7107,1306,121551,102,19227,418,1,62936,0.0010000000000047748
73629000,3450,2548,125836,1362,399,127401,137,19228,418,0,62937,0.000999999999990564
73630000,188,569,123993,-3100,-2902,125347,109,19233,561,0,62938,0.0010000000000047748
73631000,3433,3929,123999,-4821,2461,123969,109,19229,446,0,62939,0.0010000000000047748
73632000,1066,14953,124690,-1501,19653,116915,110,19225,451,1,62940,0.000999999999990564
73633000,-4130,9381,126025,11,6532,126248,146,19227,598,1,62941,0.0010000000000047748
73634000,3402,-1454,124646,-9415,-2666,129938,108,19227,442,1,62942,0.0010000000000047748
73635000,6953,820,123800,9759,1746,123164,103,19234,442,0,62943,0.000999999999990564
73636000,9018,3621,124986,4475,6199,118085,99,19220,422,0,62944,0.0010000000000047748
73637000,8040,-3066,125919,1651,-12817,129166,99,19228,405,0,62945,0.0010000000000047748
73638000,3015,-11921,124432,12511,-15446,134568,119,19228,487,0,62946,0.000999999999990564
73639000,3178,4040,127023,-2091,8160,120498,129,19222,528,1,62947,0.0010000000000047748
73640000,3691,22309,131588,-1909,16720,117834,114,19229,467,1,62948,0.0010000000000047748
73641000,8256,8901,125916,15281,1461,126786,97,19229,467,1,62949,0.000999999999990564
73642000,9524,205,124200,1003,-3619,126706,135,19230,397,0,62950,0.0010000000000047748
73643000,8328,-1583,127167,6114,-8056,130873,135,19228,553,0,62951,0.0010000000000047748
73644000,8619,-1845,125686,15735,408,126378,100,19232,410,0,62952,0.000999999999990564
73645000,4860,315,130259,-3768,-553,128650,100,19226,410,1,62953,0.0010000000000047748
73646000,2909,893,130851,-2708,-3379,129777,127,19229,520,1,62954,0.0010000000000047748
73647001,1497,10678,129212,6354,7668,122422,109,19229,520,1,62955,0.00100100000000225
73648000,5007,9265,129537,-175,5650,128159,101,19233,446,1,62956,0.0009989999999930887
73649000,11188,-8842,126659,303,-15672,127698,101,19228,414,0,62957,0.0010000000000047748
73650000,7776,-6083,130110,17438,-6752,129421,125,19233,512,0,62958,0.000999999999990564
73651000,3143,-8383,128633,-1978,-10536,139020,104,19229,426,0,62959,0.0010000000000047748
73652001,418,7233,132716,-14917,6382,122380,117,19221,479,1,62960,0.00100100000000225
73653000,-5438,6925,134234,-604,3031,131866,111,19221,479,1,62961,0.0009989999999930887
73654000,-7311,977,129641,-1680,-1189,126159,99,19229,455,1,62962,0.0010000000000047748
73655000,-245,-4617,130281,-16914,-9857,130476,99,19226,405,0,62963,0.0010000000000047748
73656000,-1823,1087,129654,1509,-3182,131645,123,19225,504,0,62964,0.000999999999990564
73657001,1808,949,129880,706,-1866,125870,100,19228,410,0,62965,0.00100100000000225
73658000,-6845,-1215,132996,-15402,-5293,136476,108,19226,442,0,62966,0.0009990000000072996
73659001,-6887,7023,131511,-12998,5450,124537,149,19226,442,1,62967,0.00100100000000225
73660000,-8975,6866,129107,-10798,3997,134187,114,19229,610,1,62968,0.0009989999999930887
73661000,-5321,11386,129745,-7357,7872,123188,114,19232,467,1,62969,0.0010000000000047748
73662000,-1433,-1599,126206,-10180,-4628,128823,100,19226,410,0,62970,0.000999999999990564
73663000,-4838,-2952,126843,-9927,-6103,128596,151,19230,618,0,62971,0.0010000000000047748
73664000,-250,-643,126818,-3961,-4263,124813,112,19230,459,0,62972,0.0010000000000047748
73665000,-5394,7818,128805,-8801,4235,126364,117,19230,459,1,62973,0.000999999999990564
73666001,-7913,6295,127079,-10891,3557,126051,113,19219,479,1,62974,0.00100100000000225
73667001,-9437,328,128068,-8159,-2366,128454,113,19227,463,1,62975,0.0010000000000047748
73668000,482,16923,128238,-12478,16087,114715,105,19228,430,1,62976,0.0009989999999930887
73669000,179,-4546,125004,9650,-4137,127375,122,19224,500,0,62977,0.0010000000000047748
73670000,1420,-4162,126786,-3611,-4552,126362,97,19227,397,0,62978,0.0010000000000047748
73671000,478,-2472,124506,-11537,-7456,127719,105,19227,430,0,62979,0.000999999999990564
73672000,-2275,18852,128264,5358,13980,123543,139,19229,430,1,62980,0.0010000000000047748
73673000,-2429,12019,125837,-5934,11255,125881,112,19226,569,1,62981,0.0010000000000047748
73674000,-40,3040,124516,-2200,-914,127502,112,19233,459,1,62982,0.000999999999990564
73675000,9194,5804,123018,2501,758,120975,93,19223,381,0,62983,0.0010000000000047748
73676000,8276,6624,123345,4808,829,120629,105,19231,430,0,62984,0.0010000000000047748
73677000,10945,384,125299,13044,-9580,128133,108,19231,442,0,62985,0.000999999999990564
73678000,4739,-16553,123240,-3203,-8564,130912,114,19227,442,0,62986,0.0010000000000047748
73679000,1393,8929,130567,891,15670,123971,118,19220,467,1,62987,0.0010000000000047748
73680002,3381,4859,124967,5471,419,126124,118,19229,483,1,62988,0.0010019999999997253
73681000,5321,5816,124786,5895,2024,123392,106,19231,434,1,62989,0.0009979999999956135
73682000,11372,1145,127729,2157,-7421,127751,113,19221,463,0,62990,0.0010000000000047748
73683000,11283,-11091,125068,20939,-11366,133520,89,19221,365,0,62991,0.000999999999990564
73684000,3890,-8348,128343,7122,-10114,130613,98,19230,365,0,62992,0.0010000000000047748
73685000,3032,8480,130570,-16102,5618,124589,127,19233,401,1,62993,0.0010000000000047748
73686000,810,10574,129952,9162,5876,129903,127,19225,520,1,62994,0.000999999999990564
73687000,-311,5066,130596,8335,4461,126370,113,19227,463,1,62995,0.0010000000000047748
73688000,3837,-309,128662,-12523,-6042,125509,100,19230,410,1,62996,0.0010000000000047748
73689000,9997,-12697,127449,13750,-17233,133018,155,19236,635,0,62997,0.000999999999990564
73690000,7858,2178,129011,17574,-3008,125346,102,19236,635,0,62998,0.0010000000000047748
73691000,2166,-3700,132590,-23201,-325,129038,106,19228,418,0,62999,0.0010000000000047748
73692000,-242,16619,133865,-7976,15201,122521,106,19225,434,1,63000,0.000999999999990564
73693000,-4623,-2089,132466,10126,-9083,139324,134,19229,549,1,63001,0.0010000000000047748
73694001,-8223,-1327,128809,-12436,-3590,125699,108,19240,442,1,63002,0.00100100000000225
73695000,2770,-2634,130008,-19710,-6418,135078,109,19219,446,0,63003,0.0009989999999930887
73696002,-1480,3315,129073,14627,200,121838,87,19219,446,0,63004,0.0010019999999997253
73697000,3198,4753,130441,-2234,169,121423,108,19229,356,0,63005,0.0009980000000098244
73698000,-8952,-2620,131543,-23217,-5870,136392,108,19227,442,0,63006,0.000999999999990564
73699000,-7708,2266,130067,-7754,-153,128625,132,19224,541,1,63007,0.0010000000000047748
73700000,-8267,10274,131544,-5947,5960,126479,118,19233,483,1,63008,0.0010000000000047748
73701000,-4094,5217,129253,-14332,3100,125585,102,19228,418,1,63009,0.000999999999990564
73702000,-2192,1344,126970,-7177,-2149,124219,144,19228,418,0,63010,0.0010000000000047748
73703000,-3114,-3356,125501,-162,-7077,131103,103,19226,590,0,63011,0.0010000000000047748
73704000,411,4269,125361,-10201,2549,120117,103,19232,422,0,63012,0.000999999999990564
73705000,-7839,14171,132114,-8389,10951,124569,106,19224,434,1,63013,0.0010000000000047748
73706000,-6600,9885,126473,-10566,6169,126369,136,19228,557,1,63014,0.0010000000000047748
73707000,-5891,4425,128517,-9957,1678,129595,113,19230,463,1,63015,0.000999999999990564
73708001,-1815,5714,126411,-4455,2667,124438,108,19230,463,0,63016,0.00100100000000225
73709000,2484,7023,124928,1157,4437,118556,83,19225,442,0,63017,0.0009990000000072996
73710002,-785,-6282,122969,-5371,-10700,132971,83,19236,340,0,63018,0.0010019999999997253
73711000,2925,4158,126422,-10034,1220,122233,109,19228,446,0,63019,0.0009979999999956135
73712000,-1952,7394,126240,3775,5830,126385,124,19220,508,1,63020,0.0010000000000047748
73713000,-4577,8316,126062,-364,5860,121571,113,19231,463,1,63021,0.000999999999990564
73714000,5612,10048,124427,-12265,5944,125165,97,19231,463,1,63022,0.0010000000000047748
73715001,6646,10120,124509,12656,9671,125941,130,19232,397,0,63023,0.00100100000000225
73716000,14178,2784,124024,3686,-990,118088,109,19233,532,0,63024,0.0009989999999930887
73717001,4411,-8113,127414,8206,-12381,133489,109,19230,446,0,63025,0.00100100000000225
73718002,7677,420,125157,8439,-5562,123087,116,19224,475,1,63026,0.00100100000000225
73719002,671,2286,128779,494,-327,129276,139,19231,569,1,63027,0.0010000000000047748
73720001,1439,14360,127798,-1723,9603,116069,112,19231,459,1,63028,0.0009989999999930887
73721000,11110,5651,125829,5938,6074,132160,101,19234,459,1,63029,0.0009990000000072996
73722000,8508,1268,126126,7781,-3638,122364,118,19224,414,0,63030,0.000999999999990564
73723000,13294,-8601,126464,6961,-6576,132486,118,19232,483,0,63031,0.0010000000000047748
73724000,4322,-7795,128444,11918,-3959,126480,107,19224,438,0,63032,0.0010000000000047748
73725001,5883,2740,130558,-2224,-1742,130648,113,19219,463,1,63033,0.0010009999999880392
73726000,2123,22478,132261,1871,20570,122128,106,19219,434,1,63034,0.0009990000000072996
73727002,-3549,4228,126952,2290,737,124875,101,19230,434,1,63035,0.0010019999999997253
73728001,9069,-14468,129455,-4034,-21403,137957,129,19229,414,0,63036,0.0009989999999930887
73729000,7597,-7607,128043,16772,-3564,125251,129,19226,528,0,63037,0.0009990000000072996
73730000,8913,-2200,129047,14655,-2998,130787,102,19232,418,0,63038,0.000999999999990564
73731000,-988,-22,129879,-24754,-1702,126901,103,19226,422,0,63039,0.0010000000000047748
73732000,-379,9640,133325,-9159,7539,126565,139,19228,569,1,63040,0.0010000000000047748
73733000,-8150,4041,130903,11898,424,132094,109,19228,569,1,63041,0.000999999999990564
73734000,-5685,2169,131306,-19098,-3319,126470,98,19232,446,1,63042,0.0010000000000047748
73735000,735,-8847,126859,-13926,-14639,135851,98,19228,401,0,63043,0.0010000000000047748
73736000,4925,838,130047,8857,1644,122665,126,19231,516,0,63044,0.000999999999990564
73737000,213,3556,130872,-514,-4892,131269,110,19227,451,0,63045,0.0010000000000047748
73738000,-6773,9527,129852,-22058,12584,124518,117,19223,479,1,63046,0.0010000000000047748
73739000,-10403,1448,128959,-18292,-1340,133816,112,19223,479,1,63047,0.000999999999990564
73740000,-8994,6826,130422,3073,7912,126552,105,19230,459,1,63048,0.0010000000000047748
73741000,-2946,17130,129602,-13295,15239,121035,105,19232,430,1,63049,0.0010000000000047748
73742001,-4902,-8473,125103,-10849,-11229,129795,121,19218,496,0,63050,0.00100100000000225
73743000,1028,-6820,126573,-6891,-8000,129840,92,19237,377,0,63051,0.0009989999999930887
73744000,1136,2238,126846,-1088,1452,126719,104,19230,426,0,63052,0.0010000000000047748
73745000,-6160,16732,129811,-3716,14049,119034,134,19230,426,1,63053,0.000999999999990564
73746000,-7857,4613,128383,-18958,-2093,131053,114,19223,549,1,63054,0.0010000000000047748
73747001,-4934,2870,125762,-7414,273,126515,114,19230,467,1,63055,0.00100100000000225
73748001,2759,9798,128766,6632,5401,122376,100,19231,410,0,63056,0.0010000000000047748
73749002,-2582,-8388,124013,-250,-10465,126503,120,19233,491,0,63057,0.0010009999999880392
73750002,1482,7000,125099,-12808,3936,126950,111,19226,455,0,63058,0.0010000000000047748
73751000,-947,416,123701,-2692,-2212,125694,113,19226,455,0,63059,0.0009979999999956135
73752004,-557,14741,128504,5243,11585,124447,138,19222,463,1,63060,0.0010040000000088867
73753000,-2391,12960,126227,-8282,9931,120139,138,19227,565,1,63061,0.000996000000000663
73754000,3195,10677,126333,-3922,8050,122983,103,19233,422,1,63062,0.000999999999990564
73755000,11747,-2610,122476,11556,-7321,129656,107,19224,438,0,63063,0.0010000000000047748
73756000,8798,-2222,124482,8655,-6425,123909,99,19226,405,0,63064,0.0010000000000047748
73757000,9377,-1492,125867,602,-4835,125237,116,19226,405,0,63065,0.000999999999990564
73758000,563,-870,127164,10626,-3658,128995,135,19228,475,1,63066,0.0010000000000047748
73759000,2110,16392,129866,-6260,13178,126773,135,19224,553,1,63067,0.0010000000000047748
73760000,5010,8991,126060,1672,5892,124296,113,19231,463,1,63068,0.000999999999990564
73761000,9311,2033,126238,13457,-1973,123711,97,19234,397,1,63069,0.0010000000000047748
73762000,14246,487,127033,4209,-635,125022,145,19233,594,0,63070,0.0010000000000047748
73763000,8994,-14024,126764,14177,-15080,133264,105,19233,430,0,63071,0.000999999999990564
73764000,5318,-12045,129520,4823,-18223,136073,105,19230,430,0,63072,0.0010000000000047748
73765000,-116,12841,131864,-8944,6542,124029,125,19226,430,1,63073,0.0010000000000047748
73766000,-933,19842,130486,3882,18288,122708,125,19229,512,1,63074,0.000999999999990564
73767000,2284,3367,127278,26,2970,131809,105,19229,430,1,63075,0.0010000000000047748
73768000,8388,-9093,127451,-434,-13532,131090,107,19222,438,0,63076,0.0010000000000047748
73769000,10898,-136,129066,11918,-9486,121159,110,19222,451,0,63077,0.000999999999990564
73770000,6734,133,130190,9407,-703,134059,105,19232,451,0,63078,0.0010000000000047748
73771000,2067,694,133362,-10761,-522,127571,121,19227,430,0,63079,0.0010000000000047748
73772000,-4881,-207,131474,-9178,-4264,135633,121,19220,496,1,63080,0.000999999999990564
73773000,-10609,9572,130987,1826,11866,123076,109,19231,446,1,63081,0.0010000000000047748
73774002,941,590,128892,-9928,-8111,125264,96,19230,393,1,63082,0.0010019999999997253
73775000,1446,-12551,128444,4974,-16567,138876,131,19229,537,0,63083,0.0009979999999956135
73776000,5833,1939,129029,-3921,3172,121489,105,19229,537,0,63084,0.0010000000000047748
73777000,-6430,2989,131466,-13646,-1331,133727,111,19227,430,0,63085,0.0010000000000047748
73778000,-7716,397,129466,-7621,-839,128113,111,19222,455,1,63086,0.000999999999990564
73779003,-10564,8359,131499,-12877,3248,133303,140,19229,573,1,63087,0.0010030000000114114
73780000,-11116,4898,129492,-8679,8517,126329,111,19231,455,1,63088,0.0009969999999981383
73781000,-2261,7133,129040,-5587,3199,122951,104,19222,426,1,63089,0.000999999999990564
73782000,-3479,-6145,125772,-7130,-9413,134939,129,19222,426,0,63090,0.0010000000000047748
73783000,334,-885,126536,-3525,-3012,126100,103,19229,528,0,63091,0.0010000000000047748
73784003,-4527,-108,125923,-9514,-3020,126679,103,19229,422,0,63092,0.0010029999999972006
73785002,-7950,21536,131285,-17259,27055,120980,114,19222,467,1,63093,0.0009989999999930887
73786000,-3331,4137,123434,-1778,349,130325,111,19229,455,1,63094,0.0009980000000098244
73787000,-5306,2382,126882,-2589,-1177,125949,103,19228,422,1,63095,0.000999999999990564
73788000,3805,4453,123478,-13401,-1595,123227,127,19228,422,0,63096,0.0010000000000047748
73789000,230,375,127099,8533,-935,126456,101,19229,520,0,63097,0.0010000000000047748
73790000,4614,3814,127209,-1174,-1285,125128,101,19229,414,0,63098,0.000999999999990564
73791001,-2143,-1071,125390,-6034,-1539,129030,105,19225,430,1,63099,0.00100100000000225
73792000,-6647,12704,128736,-4634,9631,121770,148,19228,606,1,63100,0.0009990000000072996
73793000,-1648,6713,124510,-7395,2804,124048,110,19230,451,1,63101,0.000999999999990564
73794001,4927,13875,126338,3639,10106,120689,95,19230,451,1,63102,0.00100100000000225
73795000,10018,-5179,122848,9425,-9233,125790,93,19226,389,0,63103,0.0009990000000072996
73796002,6782,-6877,124355,6275,-9507,117210,93,19230,381,0,63104,0.0010019999999997253
73797000,7908,1902,126232,3487,-3581,130882,109,19228,446,0,63105,0.0009979999999956135
73798000,1823,-289,125672,4838,-2591,127496,118,19222,483,1,63106,0.0010000000000047748
73799000,2156,15415,132170,983,13718,121015,109,19228,446,1,63107,0.000999999999990564
73800000,7524,-1907,124669,4017,-6318,129953,101,19228,446,1,63108,0.0010000000000047748
73801000,9967,1622,125635,9674,-1398,125547,120,19231,414,0,63109,0.0010000000000047748
73802000,11219,6319,127523,2604,2620,124635,120,19223,491,0,63110,0.000999999999990564
73803000,9236,-4029,125645,15388,-7836,128920,93,19232,381,0,63111,0.0010000000000047748
73804001,4206,-6547,129293,3953,-10541,131289,101,19229,414,0,63112,0.00100100000000225
73805002,2998,3107,129008,-6725,-1603,124975,136,19225,557,1,63113,0.00100100000000225
73806000,-612,13328,130086,7383,9723,127188,115,19225,471,1,63114,0.0009979999999956135
73807001,4322,4971,127579,-3490,1924,123441,103,19232,471,1,63115,0.00100100000000225
73808000,8549,-10496,129392,-1361,-13695,134182,144,19230,422,0,63116,0.0009989999999930887
73809000,9252,-11970,127902,12662,-12520,126096,144,19234,590,0,63117,0.0010000000000047748
73810000,5362,-98,130954,7017,-2843,126295,103,19233,422,0,63118,0.0010000000000047748
73811000,-2868,4300,132950,-13293,605,132210,109,19223,446,1,63119,0.000999999999990564
73812000,-3661,11299,130967,-11394,7719,121618,137,19223,561,1,63120,0.0010000000000047748
73813000,-7128,2463,131921,3106,212,132105,103,19227,561,1,63121,0.0010000000000047748
73814000,-3715,-6493,126177,-6405,-7967,123856,113,19232,422,1,63122,0.000999999999990564
73815000,309,-4606,129986,-18244,-8367,136309,113,19220,463,0,63123,0.0010000000000047748
73816000,1348,-2057,128865,6472,-6187,123056,90,19232,369,0,63124,0.0010000000000047748
73817000,-3467,8124,133644,540,5914,130680,108,19228,442,0,63125,0.000999999999990564
73818001,-9865,234,129094,-25612,225,128935,135,19228,553,1,63126,0.00100100000000225
73819002,-6780,8766,131551,-10629,-4,128472,115,19223,553,1,63127,0.00100100000000225
73820000,-3001,9646,130356,1171,4782,127696,99,19232,471,1,63128,0.0009979999999956135
73821000,-4020,6288,127471,-12911,671,121623,99,19228,405,0,63129,0.0010000000000047748
73822000,-2461,-2908,128070,-10295,-13692,135574,153,19230,627,0,63130,0.0010000000000047748
73823000,-3894,-725,125758,3318,-611,120243,103,19228,422,0,63131,0.000999999999990564
73824001,-2940,7858,127656,-13358,7925,128719,109,19221,446,0,63132,0.00100100000000225
73825000,-8694,6087,128869,-12512,5829,122908,131,19221,446,1,63133,0.0009990000000072996
73826000,-4105,4961,126073,-10522,3952,125349,109,19228,537,1,63134,0.000999999999990564
73827003,-161,6153,128735,-3800,1784,128912,109,19230,446,1,63135,0.0010029999999972006
73828000,615,2944,124178,2857,-1651,121630,110,19220,451,0,63136,0.0009970000000123491
73829000,4004,-4267,124100,-6336,-9309,130828,95,19226,389,0,63137,0.000999999999990564
73830000,-907,1579,124117,-7390,15,122202,114,19227,467,0,63138,0.0010000000000047748
73831000,-908,10277,127979,-2343,1529,125371,129,19227,467,1,63139,0.0010000000000047748
73832000,-614,23647,126873,-3619,23605,118388,114,19218,528,1,63140,0.000999999999990564
73833000,-1214,5796,124619,-1085,2018,127390,114,19232,467,1,63141,0.0010000000000047748
73834000,7515,2335,123434,6373,1764,124550,97,19230,397,0,63142,0.0010000000000047748
73835000,9699,6766,123842,5639,-407,119998,138,19238,565,0,63143,0.000999999999990564
73836001,9283,-6922,125684,14412,-9240,126129,110,19227,451,0,63144,0.00100100000000225
73837000,6708,-9955,126632,-1814,-11658,131247,111,19227,451,0,63145,0.0009990000000072996
73838000,4416,-1245,128120,1606,-1247,127460,136,19224,455,1,63146,0.000999999999990564
73839000,2010,17922,129480,8264,14190,120175,136,19226,557,1,63147,0.0010000000000047748
73840000,4360,7538,125744,467,1684,122156,107,19230,438,1,63148,0.0010000000000047748
73841000,10040,3846,126951,-1087,-780,123774,103,19224,422,0,63149,0.000999999999990564
73842000,10203,-4462,127655,10344,-9037,130854,112,19235,459,0,63150,0.0010000000000047748
73843000,7116,-13882,128035,19289,-16434,131328,104,19235,459,0,63151,0.0010000000000047748
73844000,1563,8210,129912,-14704,3877,125250,114,19228,426,1,63152,0.000999999999990564
73845000,613,4077,128362,-6881,756,130451,114,19220,467,1,63153,0.0010000000000047748
73846000,2227,15045,132309,16778,13336,127835,109,19227,446,1,63154,0.0010000000000047748
73847001,1145,652,127112,-6875,-3472,124763,100,19230,410,1,63155,0.0010009999999880392
73848000,15258,-4617,127098,-961,-8130,123873,131,19221,537,0,63156,0.0009990000000072996
73849000,8297,-9495,128811,24935,-11879,136622,100,19221,410,0,63157,0.0010000000000047748
73850000,8130,-9973,129713,-4526,-12966,129677,104,19228,410,0,63158,0.000999999999990564
73851000,-279,17994,136476,-18007,15664,122650,150,19223,426,1,63159,0.0010000000000047748
73852002,-11739,796,129897,6234,-1838,131971,150,19228,614,1,63160,0.0010019999999997253
73853003,-6682,690,130337,-10018,-1210,127045,107,19227,438,1,63161,0.00100100000000225
73854002,-2108,-10048,130599,-17449,-12850,137223,99,19224,405,0,63162,0.0009989999999930887
73855001,1899,1769,128286,8222,-6486,126685,125,19224,512,0,63163,0.0009990000000072996
73856000,-1091,9087,134027,-7428,10644,120920,115,19228,512,0,63164,0.0009989999999930887
73857000,-4260,-9561,129415,-14882,-10842,138017,124,19228,471,0,63165,0.0010000000000047748
73858000,-9763,3303,131296,-5514,-2904,133094,124,19217,508,1,63166,0.000999999999990564
73859000,-10561,9762,130799,-14113,7269,126718,112,19228,459,1,63167,0.0010000000000047748
73860000,-1495,18322,131080,-14391,16164,121834,103,19233,422,1,63168,0.0010000000000047748
73861000,-3172,-5063,124574,-3228,-5749,134761,121,19233,496,0,63169,0.000999999999990564
73862000,-1201,-8479,127193,-5475,-13270,126562,97,19220,496,0,63170,0.0010000000000047748
73863000,245,3668,126616,-8401,872,122728,101,19234,397,0,63171,0.0010000000000047748
73864000,-4383,10160,128557,-7089,3265,124855,101,19228,414,1,63172,0.000999999999990564
73865000,-7626,16301,128820,-8386,9699,122235,141,19226,577,1,63173,0.0010000000000047748
73866000,-8829,-1781,127774,-14503,-10089,135447,112,19235,459,1,63174,0.0010000000000047748
73867000,-1785,11718,124767,-3528,17808,118054,100,19226,410,1,63175,0.000999999999990564
73868000,2784,-787,123920,2456,-2995,123659,109,19226,410,0,63176,0.0010000000000047748
73869000,4482,-53,125630,-411,1870,127782,111,19233,446,0,63177,0.0010000000000047748
73870001,2352,7192,124997,-7111,-1299,124487,111,19224,455,0,63178,0.00100100000000225
73871000,-3168,596,125402,2848,6173,129249,115,19221,471,1,63179,0.0009989999999930887
73872000,-4130,14427,127648,-4637,8676,117674,132,19229,541,1,63180,0.0010000000000047748
73873000,1843,6525,123826,-5065,2323,128163,99,19235,405,1,63181,0.000999999999990564
73874000,9779,8254,126482,13324,1319,122268,109,19235,405,0,63182,0.0010000000000047748
73875000,7667,-2242,122524,5889,-7639,123381,109,19229,446,0,63183,0.0010000000000047748
73876000,6212,4797,127265,545,2158,125826,109,19227,446,0,63184,0.000999999999990564
73877000,4920,-5838,125286,9707,-8583,130966,117,19223,479,0,63185,0.0010000000000047748
73878000,869,1415,128561,2383,226,127231,141,19226,577,1,63186,0.0010000000000047748
73879000,2436,24649,128012,-9506,25719,116430,110,19231,451,1,63187,0.000999999999990564
73880000,10877,3124,124061,16236,-1273,128434,94,19231,451,1,63188,0.0010000000000047748
73881000,12241,-3449,125285,10105,-4530,126072,145,19230,385,0,63189,0.0010000000000047748
73882000,11819,-5452,126118,-968,-10841,132374,145,19233,594,0,63190,0.000999999999990564
73883000,8696,-4453,128838,15990,-7496,128987,101,19233,414,0,63191,0.0010000000000047748
73884000,4030,4885,131435,2683,152,128174,103,19224,422,1,63192,0.0010000000000047748
73885000,-816,9211,131503,-13475,5973,131558,114,19228,467,1,63193,0.000999999999990564
73886000,973,6312,130014,8993,2664,125329,102,19228,467,1,63194,0.0010000000000047748
73887000,3440,1581,129213,7679,-2599,128261,109,19231,418,1,63195,0.0010000000000047748
73888000,8966,-5020,127578,-9566,-9276,127477,109,19219,446,0,63196,0.000999999999990564
73889000,6585,-2813,131622,17933,-5945,127969,88,19229,360,0,63197,0.0010000000000047748
73890000,2018,-11072,127783,1140,-14859,135898,102,19226,418,0,63198,0.0010000000000047748
73891000,-486,15157,133085,-20353,11882,120247,126,19225,516,1,63199,0.000999999999990564
73892000,-6377,6423,132184,3069,3378,130448,112,19225,516,1,63200,0.0010000000000047748
73893000,-4421,-9119,129622,-71,-11735,133042,95,19230,459,1,63201,0.0010000000000047748
73894000,-1094,-7880,130118,-20265,-11870,129233,95,19229,389,0,63202,0.000999999999990564
73895000,811,-2723,128585,-250,-7835,132606,144,19231,590,0,63203,0.0010000000000047748
73896000,-196,9098,130031,8334,5492,121916,107,19226,438,0,63204,0.0010000000000047748
73897001,-7374,2720,131731,-19552,212,129006,111,19223,455,1,63205,0.00100100000000225
73898000,-8366,-2406,129504,-15489,-6110,132510,130,19223,532,1,63206,0.0009989999999930887
73899002,-9033,4789,129177,-3789,331,131524,107,19230,532,1,63207,0.0010019999999997253
73900000,-4998,13242,130574,-10672,10007,119651,105,19232,438,1,63208,0.0009979999999956135
73901000,-3438,-268,126623,-12000,-2191,125142,105,19220,430,0,63209,0.0010000000000047748
73902000,-3760,-13894,125181,-5722,-17452,136157,134,19230,549,0,63210,0.0010000000000047748
73903000,-99,2248,127650,747,2360,119941,108,19227,442,0,63211,0.000999999999990564
73904000,-6713,7086,128610,-8656,7207,122244,125,19227,512,1,63212,0.0010000000000047748
73905000,-7638,19520,131063,-11124,16674,120987,116,19224,512,1,63213,0.0010000000000047748
73906000,-5646,-937,126798,-9387,-475,130409,102,19228,475,1,63214,0.000999999999990564
73907000,-5299,1132,125006,3194,-3160,116765,102,19226,418,0,63215,0.0010000000000047748
73908000,-2542,11051,125349,-11524,8520,120285,142,19233,582,0,63216,0.0010000000000047748
73909000,592,3493,125702,-1213,-33,129717,111,19232,455,0,63217,0.000999999999990564
73910000,4597,-5058,125212,2298,-7596,130531,106,19232,434,0,63218,0.0010000000000047748
73911000,-1785,4650,125695,-8045,-1781,124104,151,19223,434,1,63219,0.0010000000000047748
73912000,-931,18208,126416,1795,22188,115143,108,19228,618,1,63220,0.000999999999990564
73913000,8345,2648,123188,-1803,-6083,126478,108,19233,442,1,63221,0.0010000000000047748
73914001,7727,-5790,124369,8251,-6938,133018,100,19223,410,0,63222,0.00100100000000225
73915000,11403,2020,120411,3745,-3822,119276,81,19230,332,0,63223,0.0009989999999930887
73916000,4625,3624,127150,5594,-1899,126240,106,19229,434,0,63224,0.0010000000000047748
73917000,7108,-767,126187,5009,-5934,128837,120,19229,434,1,63225,0.0010000000000047748
73918000,1851,2761,127474,-2438,7234,128651,112,19224,491,1,63226,0.000999999999990564
73919000,3291,13340,128648,4782,13463,118505,112,19228,459,1,63227,0.0010000000000047748
73920003,7387,2960,125335,11260,-4725,124121,99,19229,405,1,63228,0.0010029999999972006
73921000,10215,-5370,124931,-1145,-3586,132967,130,19228,532,0,63229,0.0009969999999981383
73922000,12144,-10725,126397,13389,-12595,131655,97,19230,397,0,63230,0.0010000000000047748
73923000,5173,-2994,127727,5039,-3996,127242,101,19230,397,0,63231,0.0010000000000047748
73924000,2793,13190,131828,-8065,8161,123087,136,19229,414,1,63232,0.000999999999990564
73925002,-2177,5734,130269,5265,1174,130075,136,19228,557,1,63233,0.0010019999999997253
73926002,4356,3812,127575,1328,3234,126196,113,19234,463,1,63234,0.0010000000000047748
73927000,7373,1941,126877,-6400,-4241,125869,105,19228,430,0,63235,0.0009979999999956135
73928000,10636,-5470,130263,17514,-7876,128760,124,19235,508,0,63236,0.0010000000000047748
73929000,7388,-2813,130386,13761,-7254,128721,105,19235,508,0,63237,0.0010000000000047748
73930000,-1299,-6487,130450,-21371,-4495,132493,112,19232,430,0,63238,0.000999999999990564
73931000,-4405,11256,133357,-4664,7750,123486,112,19222,459,1,63239,0.0010000000000047748
73932000,-4942,3160,129841,3634,-460,132506,115,19233,471,1,63240,0.0010000000000047748
73933000,-5804,-636,130457,-11671,-2513,128875,98,19231,401,1,63241,0.000999999999990564
73934000,1616,-9363,128130,-11456,-14364,131600,121,19223,496,0,63242,0.0010000000000047748
73935000,3424,3780,129753,7736,173,124690,100,19223,410,0,63243,0.0010000000000047748
73936002,-2389,7028,131364,-4710,2950,124843,108,19228,410,0,63244,0.0010019999999997253
73937002,-7681,-798,131624,-19987,-3315,136365,108,19226,442,1,63245,0.000999999999990564
73938000,-10687,1448,128199,-12567,-956,127262,144,19227,590,1,63246,0.0009980000000098244
73939000,-8534,5672,129933,-12693,2645,128119,115,19229,471,1,63247,0.000999999999990564
73940015,-2814,5358,128441,-6531,2231,126960,101,19229,414,1,63248,0.001015000000009536
73941003,-2029,-697,126806,-3465,-4717,124301,169,19229,692,0,63249,0.0009879999999924394
73942000,-537,80,126552,-8901,-2987,128882,103,19233,692,0,63250,0.0009969999999981383
73943000,-2971,2942,126518,-7940,-385,123719,109,19236,422,0,63251,0.0010000000000047748
73944000,-6010,8009,127940,-5414,3493,126353,109,19218,446,1,63252,0.0010000000000047748
73945000,-6737,8851,128527,-13998,4701,125686,122,19226,500,1,63253,0.000999999999990564
73946001,-5281,1925,126426,-7054,-1348,127668,106,19230,434,1,63254,0.00100100000000225
73947000,38,3022,126185,-1027,991,124673,119,19230,487,0,63255,0.0009990000000072996
73948000,125,3774,125317,-6217,2619,125847,105,19225,487,0,63256,0.000999999999990564
73949000,3410,3234,123594,3378,-2042,122830,111,19231,430,0,63257,0.0010000000000047748
73950003,-2340,3171,129190,-7589,2987,127666,111,19222,455,0,63258,0.0010029999999972006
73951000,-1099,4744,126495,-10000,1041,126477,138,19223,565,1,63259,0.0009969999999981383
73952000,-2233,10221,127081,5843,7671,125910,114,19232,467,1,63260,0.0010000000000047748
73953000,1031,2948,122666,4832,-688,125137,96,19232,393,1,63261,0.0010000000000047748
73954000,11939,11979,124330,-7310,8536,122846,117,19228,393,0,63262,0.000999999999990564
73955000,11916,138,123091,13549,-1446,126384,109,19233,479,0,63263,0.0010000000000047748
73956000,11114,-4801,125912,15179,-6173,126342,109,19230,446,0,63264,0.0010000000000047748
73957000,2361,-6185,127610,-4707,-6231,128148,112,19224,459,1,63265,0.000999999999990564
73958000,2395,9126,129582,1983,3982,123589,119,19227,487,1,63266,0.0010000000000047748
73959000,5710,9209,127351,6390,2169,128866,105,19231,430,1,63267,0.0010000000000047748
73960000,8735,3419,125611,3841,-311,121152,106,19231,430,0,63268,0.000999999999990564
73961000,9769,11498,125486,3104,597,123485,85,19223,434,0,63269,0.0010000000000047748
73962000,8011,-17293,124902,13326,-19800,131650,85,19234,348,0,63270,0.0010000000000047748
73963001,8341,-7349,129756,373,-8317,133244,101,19230,414,0,63271,0.0010009999999880392
73964000,1157,8005,128699,-650,13133,120762,125,19223,512,1,63272,0.0009990000000072996
73965000,2133,22308,131600,-972,17407,121859,112,19227,459,1,63273,0.0010000000000047748
73966000,2096,-6124,130058,1748,-14279,132543,97,19227,459,1,63274,0.000999999999990564
73967000,4641,-11261,127768,379,-16474,133316,147,19225,397,0,63275,0.0010000000000047748
73968003,10205,-9996,129251,9200,-13930,132689,147,19233,602,0,63276,0.0010029999999972006
73969000,1335,3250,131652,17713,1199,122375,102,19228,418,0,63277,0.0009969999999981383
73970000,3605,1424,130267,-26880,-4983,132475,106,19229,434,1,63278,0.0010000000000047748
73971000,-5555,9803,132877,-5856,8168,126101,141,19227,577,1,63279,0.0010000000000047748
73972000,-6301,9585,132267,12373,991,128713,105,19227,577,1,63280,0.000999999999990564
73973000,-4046,12433,127945,-19369,7172,123224,101,19233,430,1,63281,0.0010000000000047748
73974000,-1205,-19044,127821,-11427,-26391,138868,101,19219,414,0,63282,0.0010000000000047748
73975001,4687,-7654,130092,10909,-7162,129780,94,19230,385,0,63283,0.0010009999999880392
73976001,-2168,7000,130684,-11331,4865,124659,109,19230,446,0,63284,0.0010000000000047748
73977000,-8648,10390,132784,-20807,8762,124290,129,19225,528,1,63285,0.0009989999999930887
73978000,-6630,2045,128808,-9056,-2465,134260,114,19225,528,1,63286,0.0010000000000047748
73979000,-7396,3616,128074,-5128,1550,131745,96,19227,467,1,63287,0.0010000000000047748
73980000,-4065,10438,129498,-9699,7538,119067,96,19229,393,0,63288,0.000999999999990564
73981000,-4490,774,126662,-10437,-2125,127274,133,19222,545,0,63289,0.0010000000000047748
73982000,-444,-799,127955,-3041,-5142,132202,100,19235,410,0,63290,0.0010000000000047748
73983000,-2847,-1876,126785,-5415,-5999,130868,105,19225,430,0,63291,0.000999999999990564
73984000,-6323,15129,129123,-7438,13875,122193,144,19225,590,1,63292,0.0010000000000047748
73985000,-6048,15886,127777,-13985,12535,121370,114,19228,590,1,63293,0.0010000000000047748
73986000,-24,1065,127493,-3470,-2836,133475,101,19232,467,1,63294,0.000999999999990564
73987000,3376,-3880,125164,2018,-6677,127839,101,19222,414,0,63295,0.0010000000000047748
73988000,-926,-1179,125564,-1573,-3485,121235,92,19230,377,0,63296,0.0010000000000047748
73989000,2450,1817,125644,-7010,-1160,128189,109,19228,446,0,63297,0.000999999999990564
73990000,-468,9198,126193,655,6617,125318,120,19228,491,1,63298,0.0010000000000047748
73991000,-3607,12422,125841,-3454,9551,124063,117,19221,491,1,63299,0.0010000000000047748
73992000,-759,14095,126079,-6922,11286,119662,96,19234,479,1,63300,0.000999999999990564
73993000,6348,14587,124826,4926,9980,126419,96,19228,393,0,63301,0.0010000000000047748
73994000,10366,-5497,122730,7083,-10467,127393,120,19227,491,0,63302,0.0010000000000047748
73995000,9503,-5515,126569,3563,-8773,126170,103,19227,422,0,63303,0.000999999999990564
73996000,6886,-9282,124852,3635,-14568,131282,111,19227,455,0,63304,0.0010000000000047748
73997000,5008,3142,127465,16025,2039,119614,150,19228,455,1,63305,0.0010000000000047748
73998000,1930,10723,129074,-6736,10039,125199,112,19229,614,1,63306,0.000999999999990564
73999000,7432,11613,125588,2038,8209,126999,112,19232,459,1,63307,0.0010000000000047748
74000000,9480,5636,125537,15522,3640,117278,96,19225,393,0,63308,0.0010000000000047748
74001000,10196,-2728,127523,-1543,-6565,129710,116,19235,475,0,63309,0.000999999999990564
74002000,7368,-7805,127621,15033,-13086,130108,103,19227,422,0,63310,0.0010000000000047748
74003002,4000,-4904,130606,3000,-14957,135748,110,19227,422,1,63311,0.0010019999999997253
74004002,718,10328,132353,-6887,3655,119338,105,19217,451,1,63312,0.0010000000000047748
74005000,-2905,15218,130380,4000,14956,124508,105,19230,430,1,63313,0.0009979999999956135
74006000,5423,3919,127011,-37,-9176,131988,101,19231,414,1,63314,0.0010000000000047748
74007001,10950,-17868,124094,-162,-18161,127395,121,19225,496,0,63315,0.00100100000000225
74008000,9039,1291,133369,15560,761,129232,97,19230,397,0,63316,0.0009989999999930887
74009000,4333,-8948,127784,3416,-9328,127997,104,19230,397,0,63317,0.0010000000000047748
74010000,1186,5990,136516,-8937,157,134679,140,19228,426,1,63318,0.000999999999990564
74011000,-7457,1055,130555,1558,-765,133086,140,19225,573,1,63319,0.0010000000000047748
74012000,-9423,7080,128134,-10134,9885,123443,113,19232,463,1,63320,0.0010000000000047748
74013000,582,3204,132288,-15722,-3200,129183,97,19233,397,0,63321,0.000999999999990564
74014000,2097,-7325,126230,10563,-11783,128056,131,19232,537,0,63322,0.0010000000000047748
74015000,2859,973,130993,-2641,-1439,130600,109,19232,537,0,63323,0.0010000000000047748
74016000,-5977,-1684,132093,-21226,-4237,129879,118,19228,446,0,63324,0.000999999999990564
74017000,-8927,8973,131460,-8207,6313,127998,118,19220,483,1,63325,0.0010000000000047748
74018000,-9466,7319,131211,-13182,3916,129265,122,19229,500,1,63326,0.0010000000000047748
74019000,-7200,9651,127624,-12275,7795,119699,105,19229,430,1,63327,0.000999999999990564
74020000,-659,180,129376,-6460,-1057,128170,113,19217,463,0,63328,0.0010000000000047748
74021000,-2897,-4451,124622,-1260,-7858,128966,94,19217,463,0,63329,0.0010000000000047748
74022000,944,-2663,129737,-3864,-4740,133722,105,19230,385,0,63330,0.000999999999990564
74023000,-5783,1369,126569,-10020,71,120249,105,19225,430,1,63331,0.0010000000000047748
74024003,-7781,12541,129901,-9397,10754,128896,134,19224,549,1,63332,0.0010029999999972006
74025000,-7721,9008,127856,-12605,5486,124086,116,19231,475,1,63333,0.0009969999999981383
74026000,-1809,4694,124381,1711,2086,126746,101,19229,414,1,63334,0.0010000000000047748
74027000,528,4138,122499,-3618,1331,123993,134,19229,414,0,63335,0.0010000000000047748
74028000,4079,3198,124123,-4986,-124,122240,107,19234,549,0,63336,0.000999999999990564
74029000,4272,-6935,124906,2801,-9290,131510,107,19227,438,0,63337,0.0010000000000047748
74030000,233,6054,127120,-7567,1940,118650,112,19222,459,1,63338,0.0010000000000047748
74031002,-4811,10051,126219,508,7395,130892,142,19230,582,1,63339,0.0010019999999997253
74032000,-1130,9428,123594,-1853,7423,116345,104,19233,426,1,63340,0.0009979999999956135
74033000,7635,2398,123760,-7671,-1669,123834,104,19233,426,0,63341,0.0010000000000047748
74034000,7791,5482,126586,13155,1097,125720,103,19225,426,0,63342,0.000999999999990564
74035000,7857,-3785,124236,12758,-7088,120375,118,19228,422,0,63343,0.0010000000000047748
74036000,3046,-5020,127934,-1264,-7618,132021,118,19226,483,0,63344,0.0010000000000047748
74037000,1404,7191,128196,-1600,3796,124489,131,19223,537,1,63345,0.000999999999990564
74038000,4708,12569,126422,7495,6979,124008,112,19232,459,1,63346,0.0010000000000047748
74039000,7525,7700,125485,5825,2491,123933,97,19232,397,1,63347,0.0010000000000047748
74040003,11493,-8636,123044,480,-11560,129541,142,19229,397,0,63348,0.0010029999999972006
74041001,10759,-3470,127087,9302,-8211,127972,103,19231,582,0,63349,0.0009979999999956135
74042000,8681,-7113,128523,12680,-9865,127937,103,19230,422,0,63350,0.0009990000000072996
74043000,6661,4669,129183,3013,-3741,132081,102,19222,418,1,63351,0.000999999999990564
74044000,-4800,16057,130858,-9935,15144,120608,121,19229,496,1,63352,0.0010000000000047748
74045002,2265,4894,129080,-3322,1055,130023,108,19229,442,1,63353,0.0010019999999997253
74046000,3162,77,129391,10974,-3326,129012,106,19231,442,1,63354,0.0009979999999956135
74047000,9694,-10520,127367,-1568,-16726,127267,116,19222,434,0,63355,0.0010000000000047748
74048000,11678,-5130,131924,8088,-10590,126903,116,19232,475,0,63356,0.0010000000000047748
74049000,240,233,130273,12914,653,132114,103,19227,422,0,63357,0.000999999999990564
74050000,-1652,12,130468,-20160,-8786,125127,117,19222,479,1,63358,0.0010000000000047748
74051000,-6629,18711,135434,-10282,17425,127147,109,19227,446,1,63359,0.0010000000000047748
74052000,-1189,-8361,126889,7774,-5583,135642,96,19227,446,1,63360,0.000999999999990564
74053000,-3313,-3494,129247,-8094,-10712,125593,132,19230,393,0,63361,0.0010000000000047748
74054002,-1004,-12331,130701,-19207,-18298,138056,132,19231,541,0,63362,0.0010019999999997253
74055000,1280,14023,131315,14307,11334,117997,105,19228,430,0,63363,0.0009979999999956135
74056000,-9822,7452,131312,-12527,-2482,132133,107,19224,438,0,63364,0.0010000000000047748
74057000,-9384,-485,130821,-17101,-1120,135247,140,19227,573,1,63365,0.0010000000000047748
74058000,-10385,9496,128619,405,7626,121326,113,19227,573,1,63366,0.000999999999990564
74059000,-1634,8045,128929,-11019,6727,126343,101,19231,463,1,63367,0.0010000000000047748
74060000,-1594,-3693,129492,-9326,-7881,128641,101,19228,414,0,63368,0.0010000000000047748
74061000,405,-13127,122978,-5722,-14578,134090,139,19233,569,0,63369,0.000999999999990564
74062000,-3410,9082,127961,-5077,7588,121927,105,19227,430,0,63370,0.0010000000000047748
74063001,-5168,13150,127713,-12813,6807,119641,115,19221,471,1,63371,0.00100100000000225
74064001,-8784,7525,127986,-8100,1092,128607,110,19221,471,1,63372,0.000999999999990564
74065000,-5828,1893,128027,-11600,-5178,130467,105,19228,451,1,63373,0.0009990000000072996
74066000,2892,2938,128739,1948,1883,124861,105,19235,430,0,63374,0.0010000000000047748
74067000,-2366,13787,125331,-805,8154,121271,124,19228,508,0,63375,0.000999999999990564
74068000,1531,-7343,120788,-10266,-11033,129497,101,19229,414,0,63376,0.0010000000000047748
74069000,-15,698,125159,1245,412,129637,109,19227,446,0,63377,0.0010000000000047748
74070000,-497,11722,125927,-2937,10692,119417,149,19227,446,1,63378,0.000999999999990564
74071000,-2571,20495,128641,-6891,19067,115830,110,19228,610,1,63379,0.0010000000000047748
74072000,7237,-3518,123543,807,-10441,133378,110,19231,451,1,63380,0.0010000000000047748
74073001,7816,-9386,120410,13038,-12559,126873,95,19230,389,0,63381,0.0010009999999880392
74074000,10272,9771,126174,1677,6147,115887,109,19232,446,0,63382,0.0009990000000072996
74075000,6037,-936,124880,9268,-5902,126254,121,19229,496,0,63383,0.0010000000000047748
74076000,4742,-421,128109,4677,-4710,129674,122,19229,500,1,63384,0.000999999999990564
74077000,1942,-5261,128366,-4425,-7705,130125,112,19216,500,1,63385,0.0010000000000047748
74078000,2585,11189,129703,9110,8734,121065,102,19230,459,1,63386,0.0010000000000047748
74079003,6174,5365,126244,7045,380,128447,102,19233,418,1,63387,0.0010029999999972006
74080002,11285,1005,126070,-1355,-2155,126803,115,19222,471,0,63388,0.0009989999999930887
74081000,10843,-8275,127073,14085,-11568,135207,98,19226,401,0,63389,0.0009980000000098244
74082000,3804,-5260,127756,12981,-9616,123295,103,19226,422,0,63390,0.000999999999990564
74083000,5448,7834,131302,-12707,4946,126224,134,19230,422,1,63391,0.0010000000000047748
74084000,49,5163,129501,1938,-489,136120,114,19224,549,1,63392,0.0010000000000047748
74085000,1824,13682,128677,9626,10955,121504,114,19227,467,1,63393,0.000999999999990564
74086000,6323,-7006,126140,-8625,-11060,131479,99,19230,405,0,63394,0.0010000000000047748
74087000,7708,-3595,128795,9779,-7442,123061,149,19232,610,0,63395,0.0010000000000047748
74088000,9764,-13958,127441,11188,-17367,137746,104,19232,426,0,63396,0.000999999999990564
74089000,1484,4011,132050,-6953,-3099,127572,103,19234,426,0,63397,0.0010000000000047748
74090000,-1681,13200,132666,-13533,7618,124306,134,19227,422,1,63398,0.0010000000000047748
74091000,-9061,-2103,130531,8146,-2760,133067,134,19225,549,1,63399,0.000999999999990564
74092000,-2496,-5481,129816,-11162,-6871,128709,105,19233,430,1,63400,0.0010000000000047748
74093000,-945,-6765,128725,-11545,-9994,138792,108,19221,442,0,63401,0.0010000000000047748
74094000,3865,11919,131783,3332,2909,117070,88,19228,360,0,63402,0.000999999999990564
74095000,-3477,9681,132953,-4994,10801,134399,105,19228,360,0,63403,0.0010000000000047748
74096000,-4892,-9008,128798,-13859,-14325,132367,131,19229,430,1,63404,0.0010000000000047748
74097000,-10187,5564,132628,-8788,1314,131183,131,19224,537,1,63405,0.000999999999990564
74098000,-12726,14056,130616,-13968,8028,119808,116,19231,475,1,63406,0.0010000000000047748
74099001,-1906,18624,129506,-15053,8464,122955,99,19229,405,1,63407,0.00100100000000225
74100000,-3397,-8450,126020,-305,-16306,137317,149,19226,610,0,63408,0.0009989999999930887
74101000,193,-9533,124088,-2856,-12863,122016,108,19226,610,0,63409,0.0010000000000047748
74102000,-3649,14992,130120,-14894,13780,125165,105,19228,442,0,63410,0.000999999999990564
74103000,-1250,6677,126767,-4886,7826,122862,105,19224,430,1,63411,0.0010000000000047748
74104000,-3672,6679,128074,-5772,885,129392,130,19229,532,1,63412,0.0010000000000047748
74105002,-9745,960,124758,-14102,-3599,130062,114,19229,467,1,63413,0.0010019999999997253
74106002,542,2397,124421,816,4614,122589,109,19225,446,0,63414,0.0010000000000047748
74107003,-1157,779,125422,3494,-3452,128366,85,19225,446,0,63415,0.0010009999999880392
74108000,4878,3119,124416,-7735,742,120771,103,19230,348,0,63416,0.0009969999999981383
74109000,381,5177,127741,2678,177,129034,103,19226,422,0,63417,0.0010000000000047748
74110000,-5385,5045,125526,-530,3632,128541,120,19225,491,1,63418,0.0010000000000047748
74111003,-1986,17334,125372,-14333,15303,117227,111,19235,455,1,63419,0.0010029999999972006
74112000,3623,9516,127236,5054,5445,126285,96,19231,393,1,63420,0.0009969999999981383
74113000,11720,1671,122314,14612,-2727,118890,129,19231,393,0,63421,0.0010000000000047748
74114000,9561,-5927,124530,2034,-9430,130209,106,19235,528,0,63422,0.000999999999990564
74115000,6576,-3412,125628,7522,-4449,126584,106,19224,434,0,63423,0.0010000000000047748
74116000,5491,3352,128461,3847,529,129230,108,19229,442,1,63424,0.0010000000000047748
74117000,-201,4856,128661,-3847,2416,121491,133,19234,545,1,63425,0.000999999999990564
74118000,5331,9524,127675,4862,5722,130152,110,19232,451,1,63426,0.0010000000000047748
74119000,7093,7678,124702,3823,2030,120978,99,19232,451,1,63427,0.0010000000000047748
74120000,10936,5026,127437,10029,1755,124941,108,19221,405,0,63428,0.000999999999990564
74121001,10490,-15313,127494,10261,-18963,135267,104,19231,442,0,63429,0.00100100000000225
74122000,6502,-656,128652,82,-3592,122942,104,19230,426,0,63430,0.0009990000000072996
74123000,2255,4381,131766,1639,454,132062,115,19222,471,1,63431,0.000999999999990564
74124000,173,9595,128300,808,6087,122328,112,19234,459,1,63432,0.0010000000000047748
74125000,3566,8277,130982,-991,4790,133548,99,19234,405,1,63433,0.0010000000000047748
74126000,7832,-5973,124983,3719,-8186,120860,130,19232,405,0,63434,0.000999999999990564
74127001,10051,-5953,128131,7046,-9702,125111,99,19230,532,0,63435,0.00100100000000225
74128000,3370,3601,132348,13805,610,136875,99,19234,405,0,63436,0.0009990000000072996
74129000,925,-1316,129054,-13980,-3758,125188,105,19224,430,0,63437,0.000999999999990564
74130000,-2042,13083,137102,-12151,9314,130822,151,19228,618,1,63438,0.0010000000000047748
74131000,-7814,11261,130802,9373,8686,124308,110,19228,451,1,63439,0.0010000000000047748
74132001,-1899,-4156,128455,-13936,-7207,130390,98,19229,451,1,63440,0.00100100000000225
74133000,-1616,-13788,129956,-12701,-18836,138977,115,19228,401,0,63441,0.0009989999999930887
74134000,5772,-1617,127996,7826,-8088,128988,115,19229,471,0,63442,0.0010000000000047748
74135000,-5559,11979,130752,-5333,6983,120600,111,19225,455,0,63443,0.000999999999990564
74136001,-6442,2840,131594,-21878,1386,129579,121,19219,496,1,63444,0.00100100000000225
74137002,-4750,-553,130418,-5500,-4274,142731,111,19228,455,1,63445,0.00100100000000225
74138001,-8924,6297,126839,-6032,2543,118620,105,19228,455,1,63446,0.0009990000000072996
74139000,-135,16564,131053,-16605,12978,119482,123,19231,430,1,63447,0.0009989999999930887
74140000,-4247,-5283,124038,-4217,-6579,131744,123,19218,504,0,63448,0.0010000000000047748
74141000,-646,-8770,126065,-2839,-16165,130048,97,19229,397,0,63449,0.000999999999990564
74142000,-5686,6942,130972,-10334,4108,120807,105,19232,430,0,63450,0.0010000000000047748
74143002,-6638,13767,126866,-11311,9858,120493,144,19230,590,1,63451,0.0010019999999997253
74144000,-5791,8382,130522,-6668,6354,131876,115,19230,590,1,63452,0.0009979999999956135
74145000,-2610,1885,125356,-11308,-3949,122740,100,19231,471,1,63453,0.0010000000000047748
74146000,341,3959,124797,4734,569,128010,100,19229,410,0,63454,0.0010000000000047748
74147000,-673,-3726,122400,-4006,-5179,120393,115,19232,471,0,63455,0.000999999999990564
74148002,3529,2498,127134,-10237,-4820,128724,111,19231,455,0,63456,0.0010019999999997253
74149000,1714,7587,128345,13405,2848,125058,114,19219,467,1,63457,0.0009980000000098244
74150000,-4416,6707,125603,-7771,7085,123644,136,19219,467,1,63458,0.000999999999990564
74151000,-443,11221,126879,-3968,9459,128203,101,19228,557,1,63459,0.0010000000000047748
74152000,5140,11038,122881,14367,8252,116872,101,19230,414,1,63460,0.0010000000000047748
74153000,10066,3465,122795,1599,96,126892,110,19223,451,0,63461,0.000999999999990564
74154000,6256,-11219,125108,1354,-9705,127173,93,19226,381,0,63462,0.0010000000000047748
74155000,10285,-3201,124650,10272,-1948,128856,112,19232,459,0,63463,0.0010000000000047748
74156000,3444,1443,126972,6957,148,127026,140,19232,459,1,63464,0.000999999999990564
74157000,3517,6533,128146,-4849,5578,123565,116,19224,573,1,63465,0.0010000000000047748
74158001,6760,5431,126033,4646,1930,127004,116,19229,475,1,63466,0.00100100000000225
74159001,8476,5255,127159,8704,276,123392,97,19228,397,0,63467,0.0010000000000047748
74160000,9576,-11695,128173,4140,-18034,134382,143,19235,586,0,63468,0.0009989999999930887
74161000,5415,-5364,126787,14099,-9461,126478,104,19230,426,0,63469,0.0010000000000047748
74162000,5512,-4565,127933,-11194,-6081,131684,109,19230,426,0,63470,0.000999999999990564
74163000,1550,11410,132694,3232,9777,130730,130,19226,446,1,63471,0.0010000000000047748
74164000,-3280,14986,128913,10415,12879,120636,130,19235,532,1,63472,0.0010000000000047748
74165000,5283,3919,127986,-12741,2137,129011,109,19228,446,1,63473,0.000999999999990564
74166000,9967,-12097,126234,7068,-17534,130623,110,19223,451,0,63474,0.0010000000000047748
74167000,15103,-7267,128793,25539,-10069,130819,89,19230,365,0,63475,0.0010000000000047748
74168000,3300,2401,131181,-7901,639,126018,107,19230,438,0,63476,0.000999999999990564
74169000,389,5717,134320,-20727,2114,127526,128,19225,438,1,63477,0.0010000000000047748
74170000,-7893,48,131990,9071,-4826,136955,113,19225,524,1,63478,0.0010000000000047748
74171000,-9015,-1720,130344,-8450,-4004,128597,113,19228,463,1,63479,0.000999999999990564
74172000,-1624,-3813,129807,-18752,-7406,132088,97,19228,397,1,63480,0.0010000000000047748
74173000,3383,1998,128774,5202,-1881,118796,139,19232,569,0,63481,0.0010000000000047748
74174003,3098,-3073,129006,767,-6027,132294,108,19232,442,0,63482,0.0010029999999972006
74175005,-7644,-2117,131120,-14203,-5461,129869,116,19229,442,0,63483,0.0010019999999997253
74176006,-8307,-586,131218,-13285,-3296,128614,139,19226,475,1,63484,0.00100100000000225
74177000,-9841,12218,131384,-8587,10526,129724,139,19230,569,1,63485,0.0009939999999915017
74178000,-5464,9612,129657,-14494,5692,124786,110,19229,451,1,63486,0.0010000000000047748
74179000,-1434,1608,128043,-4322,-522,128480,106,19221,434,0,63487,0.0010000000000047748
74180000,-1706,-4721,124346,-5722,-8451,127741,132,19221,541,0,63488,0.000999999999990564
74181000,-1201,1090,127255,-4437,-1570,124307,105,19233,541,0,63489,0.0010000000000047748
74182000,-5680,5018,128556,-10529,5065,124891,123,19234,430,0,63490,0.0010000000000047748
74183000,-6406,10483,128798,-13247,5493,127769,123,19225,504,1,63491,0.000999999999990564
74184000,-9316,6205,127596,-6502,3336,130517,116,19230,475,1,63492,0.0010000000000047748
74185000,-2371,3431,127759,-6342,546,127872,101,19230,414,1,63493,0.0010000000000047748
74186000,2347,722,124809,-3995,-1257,125518,134,19225,549,0,63494,0.000999999999990564
74187000,4373,-2567,124584,436,-5578,127061,113,19225,549,0,63495,0.0010000000000047748
74188000,1999,5040,125617,-932,4024,120825,113,19228,463,0,63496,0.0010000000000047748
74189000,-2706,9050,126196,-5521,7637,127052,113,19227,463,1,63497,0.000999999999990564
74190000,-4429,2516,125121,-4909,-500,129106,154,19227,631,1,63498,0.0010000000000047748
74191000,771,7395,128132,-3702,7816,123000,110,19235,451,1,63499,0.0010000000000047748
74192002,7984,12779,123751,2274,10640,118267,100,19229,410,0,63500,0.0010019999999997253
74193000,5455,4565,122752,12363,-5113,125390,93,19229,410,0,63501,0.0009979999999956135
74194000,9162,-4616,124498,1552,-10197,125531,114,19230,381,0,63502,0.0010000000000047748
74195000,6418,-2596,127109,3197,-12378,133143,114,19228,467,0,63503,0.000999999999990564
74196000,1832,11856,128023,9716,15937,120132,118,19223,483,1,63504,0.0010000000000047748
74197000,6040,10834,128504,-3644,6394,121344,108,19231,442,1,63505,0.0010000000000047748
74198000,6432,-3283,124420,12188,-8414,133097,98,19233,401,1,63506,0.000999999999990564
74199000,11293,1560,124456,5024,3043,121359,125,19233,401,0,63507,0.0010000000000047748
74200000,8845,-3662,125115,6076,-6881,129214,96,19227,512,0,63508,0.0010000000000047748
74201000,8502,-10484,127565,13013,-11064,129660,96,19230,393,0,63509,0.000999999999990564
74202000,2587,-714,128152,-3872,-5413,130959,101,19224,414,1,63510,0.0010000000000047748
74203004,-825,6699,131223,-589,5362,126031,137,19229,561,1,63511,0.0010039999999946758
74204000,1264,12770,131143,6188,8608,124020,111,19231,455,1,63512,0.000996000000000663
74205000,2274,1524,129249,-3093,-6948,130886,99,19231,455,1,63513,0.0010000000000047748
74206000,11270,-5769,128072,1371,-7821,128025,139,19223,405,0,63514,0.0010000000000047748
74207000,8818,-8718,130069,23054,-13158,134223,139,19233,569,0,63515,0.000999999999990564
74208000,422,-3257,128661,-2148,-2592,129868,103,19230,422,0,63516,0.0010000000000047748
74209000,956,9539,131535,-21071,6380,124233,109,19220,446,1,63517,0.0010000000000047748
74210001,-5694,7820,133068,4496,7846,132507,118,19233,483,1,63518,0.0010009999999880392
74211000,-5358,6713,129448,-4512,2548,124344,99,19233,405,1,63519,0.0009990000000072996
74212000,-224,-8926,128851,-18547,-11993,136028,117,19231,405,0,63520,0.0010000000000047748
74213000,1750,-3534,130327,3715,-8101,129032,96,19221,479,0,63521,0.000999999999990564
74214000,-246,1240,130636,1961,-839,127332,96,19228,393,0,63522,0.0010000000000047748
74215001,-6189,6065,132785,-19816,3276,130309,108,19226,442,0,63523,0.00100100000000225
74216000,-8384,1402,129758,-11516,-1503,130674,140,19224,573,1,63524,0.0009989999999930887
74217002,-9472,8843,131209,-8192,5911,128083,115,19224,471,1,63525,0.0010019999999997253
74218000,-7319,12013,130127,-16463,10309,122424,97,19232,471,1,63526,0.0009980000000098244
74219000,-4125,-1912,126635,-10789,-5349,131421,161,19227,397,0,63527,0.000999999999990564
74220000,-1317,-4578,123975,-2839,-7430,123035,161,19232,659,0,63528,0.0010000000000047748
74221000,-663,6545,128040,-1052,3295,125496,103,19232,422,0,63529,0.0010000000000047748
74222001,-4245,1726,128299,-9448,-2213,132834,108,19220,442,1,63530,0.0010009999999880392
74223000,-9376,12209,129137,-10787,9076,116925,126,19220,516,1,63531,0.0009990000000072996
74224000,-5505,9951,129652,-14328,8082,132960,104,19228,516,1,63532,0.000999999999990564
74225000,-663,11728,127571,1218,9654,120015,110,19232,426,1,63533,0.0010000000000047748
74226000,-747,-5594,123861,2408,-8521,129252,110,19224,451,0,63534,0.0010000000000047748
74227000,972,-86,122999,-10525,-7025,129899,92,19230,377,0,63535,0.000999999999990564
74228000,1755,11538,125472,-1808,7615,118589,109,19225,446,0,63536,0.0010000000000047748
74229000,709,6136,127840,2129,4296,127939,133,19221,545,1,63537,0.0010000000000047748
74230000,-3425,13206,126619,-3159,11653,118521,113,19221,545,1,63538,0.000999999999990564
74231000,3851,-286,126846,-6980,-1636,137825,93,19230,463,1,63539,0.0010000000000047748
74232000,8758,7405,121968,11187,7279,108252,93,19229,381,0,63540,0.0010000000000047748
74233000,9738,1677,125485,6821,2605,122899,121,19232,496,0,63541,0.000999999999990564
74234000,6796,-7233,123391,4650,-11595,130232,111,19229,455,0,63542,0.0010000000000047748
74235000,5045,-3455,126813,2420,-7543,136307,116,19226,475,0,63543,0.0010000000000047748
74236002,-922,8457,129292,6256,3952,115998,132,19226,475,1,63544,0.0010019999999997253
74237000,2996,21544,127972,-3128,20022,119859,104,19231,541,1,63545,0.0009979999999956135
74238000,9067,-69,127161,4576,-312,134077,104,19233,426,1,63546,0.0010000000000047748
74239000,11902,4523,124257,12103,-3028,115692,104,19223,426,0,63547,0.000999999999990564
74240000,11402,-6621,124948,4298,-17674,137116,96,19230,393,0,63548,0.0010000000000047748
74241000,4545,-3754,129240,14621,-988,123063,105,19233,430,0,63549,0.0010000000000047748
74242000,7216,-3077,130500,-6462,-6797,136294,121,19233,430,1,63550,0.000999999999990564
74243001,-1555,7573,132472,2647,9350,122916,110,19224,496,1,63551,0.00100100000000225
74244000,594,16305,129861,3178,4403,122180,110,19232,451,1,63552,0.0009990000000072996
74245000,5771,-2416,128425,-2436,-16085,133433,98,19231,401,1,63553,0.000999999999990564
74246000,8361,-6472,128048,16989,-7832,124067,142,19227,582,0,63554,0.0010000000000047748
74247000,8428,-4420,130129,2143,-7727,133838,104,19231,426,0,63555,0.0010000000000047748
74248002,-1201,400,132758,-11899,895,120327,106,19231,426,0,63556,0.0010019999999997253
74249000,1725,4672,133577,-6919,-4121,137124,145,19228,434,1,63557,0.0009979999999956135
74250000,-9412,-3340,130109,3114,-2113,132501,145,19228,594,1,63558,0.0010000000000047748
74251001,-6391,6664,130066,-17185,3355,121673,108,19234,442,1,63559,0.00100100000000225
74252000,1844,-993,128226,-11251,-7857,133148,102,19230,418,0,63560,0.0009989999999930887
74253000,1100,-2334,127630,10694,-4462,124787,104,19232,426,0,63561,0.0010000000000047748
74254000,-1322,4065,132058,-8240,-560,132512,110,19232,426,0,63562,0.000999999999990564
74255000,-6541,1977,129354,-20105,1455,127617,124,19228,451,1,63563,0.0010000000000047748
74256000,-6739,6118,132209,-11393,3956,131717,124,19220,508,1,63564,0.0010000000000047748
74257000,-10514,6948,129758,-4395,3724,132819,115,19227,471,1,63565,0.000999999999990564
74258000,-3618,8266,127579,-10678,6093,119399,103,19228,422,1,63566,0.0010000000000047748
74259000,-1037,1213,127506,-11046,-770,130212,129,19224,528,0,63567,0.0010000000000047748
74260000,-1008,-2728,126244,2028,-5507,129598,97,19224,397,0,63568,0.000999999999990564
74261000,1079,734,125789,-5166,-1902,125914,104,19232,397,0,63569,0.0010000000000047748
74262000,-7281,4901,130213,-16791,2416,126702,149,19232,426,1,63570,0.0010000000000047748
74263000,-4422,8468,125362,-5388,3584,122058,149,19227,610,1,63571,0.000999999999990564
74264000,-6261,7455,128083,-5744,3243,130520,117,19229,479,1,63572,0.0010000000000047748
74265000,-3036,-762,123362,-5260,-3699,123566,104,19224,426,0,63573,0.0010000000000047748
74266000,205,11030,125301,-843,9036,119942,109,19224,446,0,63574,0.000999999999990564
74267000,-1768,-1405,124665,-5493,-5133,124533,109,19230,446,0,63575,0.0010000000000047748
74268000,4857,-2564,127947,-10835,-6073,130373,117,19227,446,0,63576,0.0010000000000047748
74269000,-2820,6098,127083,6862,1951,130392,117,19222,479,1,63577,0.000999999999990564
74270000,-4634,11393,126576,303,9742,117728,127,19228,520,1,63578,0.0010000000000047748
74271000,5266,16238,125022,-13211,11866,122424,101,19234,414,1,63579,0.0010000000000047748
74272000,8594,-2070,121337,12694,-7244,127650,116,19228,475,0,63580,0.000999999999990564
74273000,14840,-978,121824,15141,-6335,121149,101,19228,475,0,63581,0.0010000000000047748
74274000,3455,-4452,125739,821,-5776,123130,111,19227,414,0,63582,0.0010000000000047748
74275003,6443,-2583,126498,2575,-6716,128365,111,19228,455,1,63583,0.0010029999999972006
74276002,589,4890,129532,2405,565,128377,145,19227,594,1,63584,0.0009989999999930887
74277001,3568,15507,128429,890,10187,124531,113,19233,463,1,63585,0.0009990000000072996
74278000,9179,6182,122736,6925,3595,121261,98,19228,401,1,63586,0.0009989999999930887
74279000,7503,-2378,129241,4801,-2879,125902,135,19228,401,0,63587,0.0010000000000047748
74280000,15355,-14822,126827,7235,-20970,139065,112,19233,553,0,63588,0.0010000000000047748
74281000,2434,-1002,127197,13716,-13974,125931,112,19229,459,0,63589,0.000999999999990564
74282000,3308,13638,132097,-5370,7303,123434,112,19224,459,1,63590,0.0010000000000047748
74283000,2732,9584,127574,-4239,12177,129225,119,19228,487,1,63591,0.0010000000000047748
74284000,413,-35,129153,9239,-1384,132763,107,19230,438,1,63592,0.000999999999990564
74285001,11944,-5629,128247,-1625,-9227,126262,115,19230,438,0,63593,0.00100100000000225
74286000,8328,-9284,127916,50,-8217,126412,90,19217,471,0,63594,0.0009990000000072996
74287000,6427,3480,132652,22994,-4423,130831,90,19232,369,0,63595,0.000999999999990564
74288000,-2092,-8099,127904,-9356,-9496,134057,104,19229,426,0,63596,0.0010000000000047748
74289000,-2958,9234,133654,-17734,11200,127558,127,19222,520,1,63597,0.0010000000000047748
74290002,-3506,23560,132260,4077,11918,121677,109,19231,446,1,63598,0.0010019999999997253
74291000,-2574,-4231,128163,-2792,-9317,129891,93,19231,446,1,63599,0.0009979999999956135
74292000,549,-17518,129260,-13029,-22588,137993,151,19225,381,0,63600,0.0010000000000047748
74293000,2231,-1435,128952,4574,-1311,124046,151,19230,618,0,63601,0.000999999999990564
74294000,-2177,12450,130527,-1574,11218,123261,108,19232,442,0,63602,0.0010000000000047748
74295000,-7485,4309,133513,-25750,-1261,133069,112,19228,459,1,63603,0.0010000000000047748
74296002,-11942,-2107,129208,-9538,-6876,132572,133,19228,545,1,63604,0.0010019999999997253
74297000,-6928,10243,130596,-3485,8129,125321,104,19228,545,1,63605,0.0009979999999956135
74298000,-2940,6029,129065,-8077,1781,126748,108,19230,426,1,63606,0.0010000000000047748
74299001,-2582,-3149,126197,-7010,-10082,125785,108,19219,442,0,63607,0.0010009999999880392
74300000,-1256,-4855,125168,-8833,-6943,133360,126,19231,516,0,63608,0.0009990000000072996
74301000,-3003,1528,128055,-3794,-951,124702,104,19230,426,0,63609,0.0010000000000047748
74302000,-7728,21761,128110,-7112,17086,117914,122,19221,500,1,63610,0.000999999999990564
74303000,-6605,3654,125660,-15143,-3237,131827,115,19221,471,1,63611,0.0010000000000047748
74304000,-1841,-1892,127003,-5944,-3207,128541,100,19228,471,1,63612,0.0010000000000047748
74305000,1588,9168,127239,284,6041,121124,141,19230,410,0,63613,0.000999999999990564
74306000,22,-2162,123017,-2324,-3863,125367,141,19239,577,0,63614,0.0010000000000047748
74307013,2071,-3189,125262,-2824,-7239,126825,107,19228,438,0,63615,0.0010130000000003747
74308000,-2262,-2720,124927,-1006,-6991,128320,110,19225,451,0,63616,0.0009869999999949641
74309000,-1629,21188,127776,-5473,20059,117311,147,19225,602,1,63617,0.0010000000000047748
74310000,-3327,13752,126961,-4295,8897,123379,107,19228,602,1,63618,0.0010000000000047748
74311000,5506,3002,124323,6261,-512,126388,98,19232,438,1,63619,0.000999999999990564
74312000,7508,-6322,121178,1677,-10519,127136,98,19223,401,0,63620,0.0010000000000047748
74313000,10597,3994,126191,4608,374,125189,82,19229,336,0,63621,0.0010000000000047748
74314000,9594,2814,125599,18860,-1031,121773,113,19226,463,0,63622,0.000999999999990564
74315003,2732,-4775,126311,-2454,-8148,133765,124,19224,508,1,63623,0.0010029999999972006
74316003,2836,3935,129524,-3322,838,127085,113,19224,508,1,63624,0.0010000000000047748
74317003,7205,6808,127206,12507,6214,117089,96,19228,463,1,63625,0.0010000000000047748
74318000,7288,6315,126153,6260,5040,125321,96,19227,393,0,63626,0.0009969999999981383
74319000,8477,2112,127332,-5705,-663,124412,129,19228,528,0,63627,0.0010000000000047748
74320000,6927,-17863,123931,16254,-21633,136493,108,19228,442,0,63628,0.000999999999990564
74321000,4165,1099,130497,5557,-4406,125696,107,19224,438,0,63629,0.0010000000000047748
74322008,1575,9480,131615,-10789,5545,129860,132,19224,438,1,63630,0.0010079999999987876
74323000,2204,19187,130779,4328,13698,120266,110,19227,541,1,63631,0.0009919999999965512
74324000,2116,1390,128208,4440,-698,131542,110,19230,451,1,63632,0.0010000000000047748
74325000,7127,-14595,126167,-8744,-18850,136334,100,19223,410,0,63633,0.0010000000000047748
74326000,12738,-4264,128453,16393,-5178,111827,121,19232,496,0,63634,0.000999999999990564
74327000,5944,-9446,128556,15495,-12199,139350,102,19232,418,0,63635,0.0010000000000047748
74328000,2981,7685,131296,-18392,2812,122165,116,19232,418,1,63636,0.0010000000000047748
74329000,-8666,4211,132456,-8281,3861,135248,110,19219,475,1,63637,0.000999999999990564
74330002,-11690,4565,131910,6059,3598,123296,110,19227,451,1,63638,0.0010019999999997253
74331002,-2659,-4614,129833,-14438,-1802,132871,95,19233,389,1,63639,0.0010000000000047748
74332000,-1774,-5131,130353,-9965,-10656,132459,120,19227,491,0,63640,0.0009979999999956135
74333000,4498,5927,128437,7063,-647,120995,109,19228,446,0,63641,0.0010000000000047748
74334000,-7250,3498,132039,-5475,-5461,133141,114,19228,446,0,63642,0.0010000000000047748
74335000,-6982,3594,130554,-17381,242,122532,148,19228,467,1,63643,0.000999999999990564
74336000,-8736,6300,130953,-13738,4582,132115,148,19228,606,1,63644,0.0010000000000047748
74337000,-7071,12374,133067,-9232,10840,121815,114,19231,467,1,63645,0.0010000000000047748
74338000,-2763,4474,127624,-8089,-3728,124854,98,19226,401,0,63646,0.000999999999990564
74339000,-5039,-9668,125239,-8530,-12646,137063,147,19233,602,0,63647,0.0010000000000047748
74340000,787,-791,125464,-2251,-3007,119725,104,19233,602,0,63648,0.0010000000000047748
74341000,-2591,4564,128232,-11675,1646,130454,113,19230,426,0,63649,0.000999999999990564
74342000,-5463,18570,130884,-10270,15666,114385,113,19222,463,1,63650,0.0010000000000047748
74343000,-9634,9633,128105,-6813,1712,129872,110,19228,451,1,63651,0.0010000000000047748
74344000,-2866,1151,125223,-9655,-1555,133099,104,19231,426,1,63652,0.000999999999990564
74345000,2266,1767,124480,-2386,883,120442,118,19224,483,0,63653,0.0010000000000047748
74346000,2390,4316,126323,2343,2825,124953,97,19224,483,0,63654,0.0010000000000047748
74347000,6017,5649,124834,-6359,1699,122029,108,19230,397,0,63655,0.000999999999990564
74348000,-1988,-3684,125304,-686,-6512,136604,108,19226,442,1,63656,0.0010000000000047748
74349000,-4111,6369,124924,-1788,7983,117969,142,19224,582,1,63657,0.000999999999990564
74350000,-532,19556,125683,-9418,17346,117050,110,19232,451,1,63658,0.0010000000000047748
74351000,5937,7856,125872,6599,2343,129948,95,19228,389,0,63659,0.0010000000000047748
74352000,10471,-5659,120281,10283,-10938,121083,107,19228,438,0,63660,0.000999999999990564
74353000,7408,913,128730,4237,-1760,131423,113,19234,438,0,63661,0.0010000000000047748
74354000,4953,823,125525,4994,-1134,122447,119,19227,463,0,63662,0.0010000000000047748
74355000,3377,4821,130121,10673,996,127258,119,19225,487,1,63663,0.000999999999990564
74356000,3195,11596,128121,-9459,9376,126528,118,19230,483,1,63664,0.0010000000000047748
74357000,7256,8643,124736,5631,5325,123008,104,19231,426,1,63665,0.0010000000000047748
74358000,9827,-126,124977,14510,-3220,123790,112,19231,459,0,63666,0.000999999999990564
74359000,12408,-1128,127913,-942,-4053,121962,100,19221,459,0,63667,0.0010000000000047748
74360000,8599,-11189,127933,18504,-15014,143093,106,19228,410,0,63668,0.0010000000000047748
74361000,2406,2685,128868,-3369,-886,120693,106,19225,434,1,63669,0.000999999999990564
74362001,238,11243,133274,-11251,8612,126501,130,19228,532,1,63670,0.00100100000000225
74363005,-1146,10064,130839,9458,7854,126452,113,19229,463,1,63671,0.0010040000000088867
74364002,5144,-1425,126796,668,-5721,128373,100,19227,410,1,63672,0.0009969999999981383
74365000,10716,-4548,127354,-844,-8008,131813,157,19227,410,0,63673,0.0009979999999956135
74366000,9083,-2385,128533,20036,-4966,124189,105,19232,643,0,63674,0.0010000000000047748
74367000,4667,-6379,129353,1210,-11411,134281,105,19226,430,0,63675,0.000999999999990564
74368000,2174,8115,134498,-15295,3113,126319,106,19228,434,1,63676,0.0010000000000047748
74369000,-4078,2776,130947,-426,459,133483,138,19230,565,1,63677,0.0010000000000047748
74370000,-9754,6943,130599,-1236,2676,127422,104,19232,426,1,63678,0.000999999999990564
74371003,245,-4014,130059,-20395,-4976,128869,107,19232,426,0,63679,0.0010030000000114114
74372001,3048,1046,130245,8273,-4712,135133,88,19222,438,0,63680,0.0009979999999956135
74373001,59,-1393,130441,-1689,-2985,124082,88,19231,360,0,63681,0.0010000000000047748
74374000,-6279,3458,132908,-21140,-1443,130127,105,19229,430,0,63682,0.0009989999999930887
74375000,-8206,2955,129807,-6146,-3048,131175,128,19223,524,1,63683,0.0010000000000047748
74376000,-8304,8333,130324,-6479,4813,128578,114,19232,467,1,63684,0.000999999999990564
74377000,-7447,7390,130340,-13029,10266,127548,97,19232,467,1,63685,0.0010000000000047748
74378000,-146,1440,127129,-14748,-130,124493,143,19230,397,0,63686,0.0010000000000047748
74379000,-4395,-4059,127630,-1062,-9634,132165,143,19222,586,0,63687,0.000999999999990564
74380001,17,-3207,127021,-2205,-2229,125503,105,19230,430,0,63688,0.00100100000000225
74381000,-6051,3925,126698,-11969,3758,124687,103,19225,422,1,63689,0.0009990000000072996
74382000,-5665,19783,130419,-14503,11562,122637,133,19226,545,1,63690,0.000999999999990564
74383000,-7895,-5951,127275,-3140,-8141,133433,114,19226,545,1,63691,0.0010000000000047748
74384000,-2280,17820,126908,275,9078,113788,106,19231,467,1,63692,0.0010000000000047748
74385000,171,-2876,123445,-17154,-12423,132114,106,19216,434,0,63693,0.000999999999990564
74386000,3379,-4169,123153,8726,-1457,125007,97,19231,397,0,63694,0.0010000000000047748
74387000,3404,3733,125348,-9611,800,124232,113,19228,463,0,63695,0.0010000000000047748
74388000,-5280,12172,126216,-4233,15950,123391,123,19217,504,1,63696,0.000999999999990564
74389000,71,7309,125313,-4986,3497,127195,110,19217,504,1,63697,0.0010000000000047748
74390000,4296,-490,124163,3393,-1130,128946,96,19233,451,1,63698,0.0010000000000047748
74391000,8818,11270,123358,8645,7919,116867,96,19229,393,0,63699,0.000999999999990564
74392000,6114,-2814,123302,2586,-9048,127111,128,19234,524,0,63700,0.0010000000000047748
74393000,8325,-3261,125987,7884,-8431,127210,109,19225,446,0,63701,0.0010000000000047748
74394001,4703,-7777,126985,5971,-11209,132325,112,19226,459,0,63702,0.00100100000000225
74395000,-455,6011,129937,-1490,7239,119723,138,19226,565,1,63703,0.0009989999999930887
74396000,1353,20933,129686,-543,12691,122718,108,19229,565,1,63704,0.0010000000000047748
74397000,7836,-7153,121473,6922,-12537,134160,101,19230,442,1,63705,0.000999999999990564
74398006,12491,1766,127588,6627,26,122498,101,19226,414,0,63706,0.0010060000000038372
74399000,8994,3422,128800,14679,393,124225,117,19228,479,0,63707,0.0009940000000057125
74400000,7156,-6826,126695,3087,-10240,129014,104,19231,426,0,63708,0.000999999999990564
74401000,3882,-3008,130256,-5917,-7060,134734,110,19231,451,1,63709,0.0010000000000047748
74402001,180,8610,129574,5647,5235,131801,105,19223,451,1,63710,0.00100100000000225
74403000,463,15942,129428,2267,13764,118064,100,19227,430,1,63711,0.0009989999999930887
74404000,4870,1073,130674,-4009,-3079,126102,100,19229,410,1,63712,0.0010000000000047748
74405000,14161,-18016,126216,7801,-22129,136426,125,19224,512,0,63713,0.0010000000000047748
74406000,5958,354,130566,17182,-3398,131564,109,19228,446,0,63714,0.000999999999990564
74407001,1676,2811,129740,-13462,-1388,129647,109,19228,446,0,63715,0.00100100000000225
74408000,-503,14863,136133,-6886,11561,124590,143,19224,446,1,63716,0.0009990000000072996
74409002,-4965,-7758,131804,2743,-11204,144049,111,19228,586,1,63717,0.0010019999999997253
74410000,-4693,2300,130344,-5667,-710,127318,111,19233,455,1,63718,0.0009979999999956135
74411001,589,-3616,128766,-11294,-6831,124668,100,19233,410,0,63719,0.00100100000000225
74412000,-548,5787,128667,-2763,1474,126303,129,19234,528,0,63720,0.0009989999999930887
74413000,1130,691,130224,-1734,-1921,126375,108,19225,442,0,63721,0.0010000000000047748
74414000,-7232,-2762,131348,-12219,-6965,136708,111,19225,442,0,63722,0.0010000000000047748
74415001,-10096,6709,131386,-12829,2441,126070,117,19225,455,1,63723,0.00100100000000225
74416000,-10080,9366,130519,-10917,6800,126659,117,19230,479,1,63724,0.0009989999999930887
74417000,-1105,6976,128948,-10193,2878,128815,103,19229,422,1,63725,0.0010000000000047748
74418000,-2526,-758,125604,-4871,-4330,126336,117,19219,479,0,63726,0.000999999999990564
74419000,-3294,3207,125842,-12042,-4262,128316,90,19235,369,0,63727,0.0010000000000047748
74420000,2354,2405,126527,-574,284,120715,99,19235,369,0,63728,0.0010000000000047748
74421000,-5237,2545,129379,-4655,-3487,132371,133,19232,405,1,63729,0.000999999999990564
74422000,-5643,8932,127158,-15760,5043,125817,133,19229,545,1,63730,0.0010000000000047748
74423000,-7881,8203,127551,-7205,3939,129128,117,19231,479,1,63731,0.0010000000000047748
74424000,-265,-1152,125938,-1178,3319,123461,100,19226,410,0,63732,0.000999999999990564
74425001,204,-196,125192,-6669,3479,122076,119,19237,487,0,63733,0.00100100000000225
74426000,2218,2635,126001,-1831,-1095,130691,105,19237,487,0,63734,0.0009990000000072996
74427000,-2255,5365,125558,438,-1079,119564,109,19233,430,0,63735,0.000999999999990564
74428003,-2256,11340,127738,-10740,6816,126731,109,19228,446,1,63736,0.0010029999999972006
74429000,-2538,4863,125668,3186,910,126191,138,19229,565,1,63737,0.0009970000000123491
74430000,2074,3193,123782,6977,4377,124110,104,19232,426,1,63738,0.000999999999990564
74431000,9183,11806,125390,-17500,9154,117257,104,19227,426,0,63739,0.0010000000000047748
74432000,13924,4120,122211,22373,-6254,125342,93,19227,426,0,63740,0.0010000000000047748
74433000,7360,-17918,122874,5686,-14399,137077,110,19229,381,0,63741,0.000999999999990564
74434000,2919,-10034,126359,-7123,-9225,123376,110,19228,451,1,63742,0.0010000000000047748
74435000,2963,6935,127978,4048,6622,133225,133,19224,545,1,63743,0.0010000000000047748
74436001,2707,18514,127342,10865,15537,117820,114,19229,467,1,63744,0.0010009999999880392
74437000,6451,4958,126384,159,-3522,125967,96,19226,393,1,63745,0.0009990000000072996
74438003,11260,-10882,123372,2455,-13723,131513,146,19226,598,0,63746,0.0010029999999972006
74439000,11092,-5018,127198,19794,-5926,126661,102,19236,598,0,63747,0.0009969999999981383
74440000,6947,2250,128855,1214,-2148,126748,105,19227,418,0,63748,0.0010000000000047748
74441000,2622,4930,129024,-7804,530,127265,105,19225,430,1,63749,0.0010000000000047748
74442000,-1264,5201,132280,3871,1636,134088,123,19227,504,1,63750,0.000999999999990564
74443002,-63,3356,127424,6316,1703,117073,106,19233,434,1,63751,0.0010019999999997253
74444000,6727,-1527,128180,-5068,-6589,130175,108,19233,442,0,63752,0.0009980000000098244
74445000,7914,-6347,129788,2717,-10384,132816,102,19218,442,0,63753,0.000999999999990564
74446001,6304,-11044,129088,24876,-14279,125056,103,19230,418,0,63754,0.00100100000000225
74447002,-1905,6871,131265,-13909,4558,134997,103,19228,422,0,63755,0.00100100000000225
74448000,-1479,10745,131489,-22109,7980,121177,122,19223,500,1,63756,0.0009979999999956135
74449000,-5605,16096,133545,13003,12492,129488,113,19233,463,1,63757,0.0010000000000047748
74450000,-801,-5061,129176,-8053,-8978,131560,99,19233,405,1,63758,0.0010000000000047748
74451000,-3323,-13356,127593,-13613,-17445,131790,137,19231,405,0,63759,0.000999999999990564
74452000,5280,-7873,129703,-649,-12332,128228,105,19228,561,0,63760,0.0010000000000047748
74453000,-2654,8351,130397,4779,5269,125354,105,19230,430,0,63761,0.0010000000000047748
74454000,-6541,9431,133020,-16836,6576,132783,112,19226,459,1,63762,0.000999999999990564
74455000,-14253,11198,128881,-21624,10620,116320,145,19226,594,1,63763,0.0010000000000047748
74456001,-5910,-2082,128426,-5972,-6909,136445,111,19231,455,1,63764,0.00100100000000225
74457000,-5845,15362,131161,-4011,14038,116934,105,19231,455,1,63765,0.0009989999999930887
74458000,-3125,-8719,124821,-11475,-11092,133905,139,19222,430,0,63766,0.0010000000000047748
74459001,-1338,-1417,127141,-5721,-5706,130199,139,19232,569,0,63767,0.00100100000000225
74460002,-3131,4290,128337,-4384,3193,124273,105,19231,430,0,63768,0.00100100000000225
74461000,-3074,15789,128296,-9431,10027,125405,120,19221,491,1,63769,0.0009979999999956135
74462000,-10334,10545,128896,-7218,9901,120700,114,19226,467,1,63770,0.0010000000000047748
74463000,-1040,-1047,125588,-18063,-5925,136769,106,19226,467,1,63771,0.000999999999990564
74464000,-1323,12641,125775,3436,7031,116923,131,19228,434,0,63772,0.0010000000000047748
74465000,-1520,-4548,124694,-76,-3543,129130,131,19231,537,0,63773,0.0010000000000047748
74466000,2679,-2861,125441,-2421,-7251,132120,104,19229,426,0,63774,0.000999999999990564
74467001,-4182,7435,126241,-12063,5976,118416,111,19224,455,0,63775,0.00100100000000225
74468002,559,21253,128531,-1160,16580,122522,151,19228,618,1,63776,0.00100100000000225
74469000,-3962,12970,125557,2169,15013,118620,109,19228,618,1,63777,0.0009979999999956135
74470001,5566,883,124861,-5592,-954,126103,98,19233,446,1,63778,0.00100100000000225
74471000,7464,-1150,124755,4910,-1399,121997,98,19229,401,0,63779,0.0009990000000072996
74472000,12919,5225,125892,12871,-1521,124151,101,19232,414,0,63780,0.000999999999990564
74473000,6815,-4751,124685,8908,-7173,129877,114,19227,467,0,63781,0.0010000000000047748
74474000,1660,-4432,125692,-159,-9941,127571,120,19221,491,1,63782,0.000999999999990564
74475000,3409,11139,127408,681,17426,120113,105,19221,491,1,63783,0.0010000000000047748
74476000,6294,18412,127456,2418,9333,122336,102,19228,430,1,63784,0.0010000000000047748
74477000,7551,-11055,124835,7193,-8682,132946,102,19232,418,1,63785,0.000999999999990564
74478000,11514,3173,126851,11835,-8798,116114,121,19224,496,0,63786,0.0010000000000047748
74479000,8019,-16395,125450,11364,-23855,140730,104,19230,426,0,63787,0.0010000000000047748
74480001,9139,-6401,130728,6124,-4248,130648,110,19225,451,0,63788,0.00100100000000225
74481001,-1063,7328,130775,-6442,3574,125385,142,19225,582,1,63789,0.000999999999990564
74482000,-55,20242,130650,-1377,20656,121798,113,19229,582,1,63790,0.0009990000000072996
74483000,1893,3102,128529,922,-4112,129961,113,19230,463,1,63791,0.000999999999990564
74484001,4667,-14756,126165,6245,-15610,134302,101,19233,414,0,63792,0.00100100000000225
74485001,10226,1899,127896,11539,77,120050,150,19232,614,0,63793,0.0010000000000047748
74486000,7101,-11149,128155,2495,-16296,139641,104,19230,426,0,63794,0.0009989999999930887
74487000,4780,973,133304,-10494,2124,124414,107,19230,438,0,63795,0.0010000000000047748
74488000,479,1266,132805,-9124,-3372,134850,128,19223,438,1,63796,0.0010000000000047748
74489000,-10130,6806,131166,-821,7502,124997,101,19231,524,1,63797,0.000999999999990564
74490000,-3643,4710,129884,-20815,-734,125745,101,19234,414,1,63798,0.0010000000000047748
74491000,519,-18791,126341,-1024,-24167,142525,112,19221,459,0,63799,0.0010000000000047748
74492000,2469,3116,130330,6932,1140,120328,97,19229,397,0,63800,0.000999999999990564
74493000,-1494,5391,132524,-15459,1568,130912,109,19229,446,0,63801,0.0010000000000047748
74494000,-7846,8430,130176,-11972,6997,126265,137,19228,446,1,63802,0.0010000000000047748
74495000,-8610,2760,130642,-11563,392,137463,114,19225,561,1,63803,0.000999999999990564
74496000,-10404,11907,129119,-8493,9702,126605,114,19230,467,1,63804,0.0010000000000047748
74497002,-5238,8981,128437,-10414,5937,116827,98,19230,401,1,63805,0.0010019999999997253
74498000,-2521,-9325,126251,-5406,-12996,134935,157,19231,643,0,63806,0.0009979999999956135
74499000,32,-4528,126388,1666,-8141,127985,104,19231,426,0,63807,0.0010000000000047748
74500000,232,-1854,126316,-12777,-5916,129292,110,19229,426,0,63808,0.0010000000000047748
74501000,-5910,28878,130651,-10758,24676,116551,131,19221,451,1,63809,0.000999999999990564
74502000,-7185,3951,126524,-6142,735,132927,131,19229,537,1,63810,0.0010000000000047748
74503000,-9049,2144,126890,-7358,-2204,131121,108,19231,442,1,63811,0.0010000000000047748
74504000,-589,5475,124766,-6580,2520,120598,109,19221,446,0,63812,0.000999999999990564
74505000,-833,3413,125712,4110,-179,123119,88,19229,360,0,63813,0.0010000000000047748
74506000,4480,1994,125026,-1345,-887,122295,110,19229,360,0,63814,0.0010000000000047748
74507000,2437,-8386,125599,-3697,-10786,138286,128,19226,451,1,63815,0.000999999999990564
74508000,-2863,21072,128599,-4369,17032,114766,128,19220,524,1,63816,0.0010000000000047748
74509001,-1636,11920,126028,-4506,13236,122608,113,19232,463,1,63817,0.00100100000000225
74510001,3449,9988,124974,5021,5313,127332,94,19230,385,1,63818,0.0010000000000047748
74511000,10600,-3147,122247,3801,-4769,124219,130,19232,532,0,63819,0.0009989999999930887
74512000,9239,-3163,126175,8951,-8112,126649,118,19232,532,0,63820,0.0010000000000047748
74513000,8006,4989,125269,5869,488,120745,118,19226,483,0,63821,0.000999999999990564
74514000,3696,5017,129114,1898,-5181,136995,118,19221,483,1,63822,0.0010000000000047748
74515000,1637,14356,128598,-247,6410,122961,130,19225,532,1,63823,0.0010000000000047748
74516001,2818,5085,126293,7239,3393,128459,107,19229,438,1,63824,0.00100100000000225
74517000,6112,4035,124888,7162,-836,118726,102,19223,418,0,63825,0.0009989999999930887
74518000,11932,-2966,128314,1085,1590,135372,105,19223,418,0,63826,0.0010000000000047748
74519000,11238,-13323,125887,15723,-18724,130526,105,19229,430,0,63827,0.000999999999990564
74520000,6444,5525,131620,1636,-5216,127146,105,19233,430,0,63828,0.0010000000000047748
74521000,1788,14480,130506,-7405,9842,124793,117,19222,479,1,63829,0.0010000000000047748
74522000,554,12936,130695,4771,2436,125133,113,19228,463,1,63830,0.000999999999990564
74523000,1958,1630,129104,2113,-6729,130010,98,19230,401,1,63831,0.0010000000000047748
74524000,5201,-10269,129317,-857,-16666,132484,133,19230,401,0,63832,0.0010000000000047748
74525001,10164,-4026,131665,1184,-6483,124514,101,19225,545,0,63833,0.00100100000000225
74526000,7435,-4329,129070,2310,-12122,134030,101,19232,414,0,63834,0.0009989999999930887
74527000,-798,599,130391,-25168,1454,129381,102,19228,418,1,63835,0.0010000000000047748
74528000,-707,16887,133643,-4190,13443,121988,153,19229,627,1,63836,0.000999999999990564
74529000,-5826,3020,130337,6396,-2049,133748,108,19231,442,1,63837,0.0010000000000047748
74530005,-2502,-6699,128068,-11407,-13210,125265,97,19231,397,1,63838,0.001005000000006362
74531001,-661,-14735,128547,-12696,-16420,137859,121,19221,397,0,63839,0.000996000000000663
74532000,1610,4041,130313,8279,5010,126291,107,19228,496,0,63840,0.0009989999999930887
74533000,-3191,7767,130945,-8085,3764,129175,107,19229,438,0,63841,0.0010000000000047748
74534000,-7422,3399,130415,-22002,1693,130034,121,19222,496,1,63842,0.000999999999990564
74535000,-13205,2653,129093,-9478,-1031,132470,113,19228,463,1,63843,0.0010000000000047748
74536000,-8400,2302,128807,-5434,131,129206,102,19228,418,1,63844,0.0010000000000047748
74537000,-4759,11939,129804,311,8528,118748,122,19230,418,0,63845,0.000999999999990564
74538000,-978,-8242,124603,-11289,-12123,135827,106,19220,500,0,63846,0.0010000000000047748
74539000,-3336,1344,127943,-8241,-128,125895,106,19226,434,0,63847,0.0010000000000047748
74540000,-2333,8350,128581,-9910,5508,122852,109,19225,446,0,63848,0.000999999999990564
74541000,-7197,10632,127887,-7231,7938,129533,147,19230,602,1,63849,0.0010000000000047748
74542000,-7202,3357,128716,-12560,584,122455,113,19230,463,1,63850,0.0010000000000047748
74543000,-2274,772,128014,-8139,-3315,130528,101,19228,463,1,63851,0.000999999999990564
74544000,2930,1323,125172,61,-969,123461,113,19224,414,0,63852,0.0010000000000047748
74545000,739,-2951,123964,-1136,-6162,125677,113,19234,463,0,63853,0.0010000000000047748
74546000,-1470,3186,125377,-7084,-156,127021,106,19228,434,0,63854,0.000999999999990564
74547001,-1598,7972,125210,-5238,4345,123184,110,19221,451,1,63855,0.00100100000000225
74548000,-3131,20068,129203,-5381,17862,127411,126,19236,516,1,63856,0.0009990000000072996
74549000,-1859,4039,120870,5658,2340,118362,97,19236,516,1,63857,0.000999999999990564
74550001,4054,5675,124350,4723,142,120805,112,19235,397,0,63858,0.00100100000000225
74551000,8142,-3283,123115,3002,-6459,123346,112,19226,459,0,63859,0.0009990000000072996
74552000,12474,-5180,124268,12528,-8652,125617,99,19228,405,0,63860,0.000999999999990564
74553000,7198,-4662,127226,3491,-7601,137092,108,19228,442,0,63861,0.0010000000000047748
74554004,1975,7492,130287,-2326,4568,118557,137,19230,561,1,63862,0.0010039999999946758
74555000,3019,10986,129905,7302,8491,126077,112,19230,561,1,63863,0.000996000000000663
74556000,6041,4184,126165,6558,2334,127974,99,19231,459,1,63864,0.0010000000000047748
74557000,10259,8708,125876,419,5236,118855,99,19229,405,0,63865,0.0010000000000047748
74558000,10298,-5793,127015,6631,-6557,131719,139,19233,569,0,63866,0.000999999999990564
74559000,9285,-8409,125055,19149,-17078,126344,101,19232,414,0,63867,0.0010000000000047748
74560000,2758,-7383,131904,-4899,-13945,141137,105,19223,430,1,63868,0.0010000000000047748
74561000,1589,17494,129842,-9206,10895,118832,114,19223,430,1,63869,0.000999999999990564
74562000,2207,18497,132047,9843,20373,120562,106,19231,467,1,63870,0.0010000000000047748
74563002,-838,-9407,126878,366,-9860,133461,106,19228,434,1,63871,0.0010019999999997253
74564000,9365,-14938,127274,-2227,-18876,130391,117,19217,479,0,63872,0.0009979999999956135
74565000,8141,-3811,129152,18756,-4541,133604,88,19229,360,0,63873,0.0010000000000047748
74566000,7834,7038,131721,3618,-470,116263,102,19228,418,0,63874,0.0010000000000047748
74567000,3218,10022,134311,-21146,7900,137099,128,19228,418,1,63875,0.000999999999990564
74568000,-5810,-4614,130754,2964,-7010,131596,113,19220,524,1,63876,0.0010000000000047748
74569000,-7635,-4836,129036,-959,-5555,126251,113,19231,463,1,63877,0.0010000000000047748
74570000,-3034,-271,130991,-22164,-9257,131802,99,19230,405,0,63878,0.000999999999990564
74571000,2252,-403,127694,1657,698,126523,145,19232,594,0,63879,0.0010000000000047748
74572000,7485,-869,132694,4680,-5232,126607,108,19225,442,0,63880,0.0010000000000047748
74573000,-5037,-5255,129410,-17665,-8645,130294,112,19225,459,0,63881,0.000999999999990564
74574000,-5690,7543,133023,-10890,3066,133352,134,19224,459,1,63882,0.0010000000000047748
74575000,-8983,7682,129895,-7762,1408,124183,110,19229,549,1,63883,0.0010000000000047748
74576000,-6858,15220,129237,-12983,12488,124474,110,19228,451,1,63884,0.000999999999990564
74577000,-39,66,125740,-6560,-4106,127061,109,19220,446,0,63885,0.0010000000000047748
74578000,-2211,-8233,124652,469,-10939,126651,119,19232,487,0,63886,0.0010000000000047748
74579000,-294,4240,127385,-10417,-115,128658,105,19232,430,0,63887,0.000999999999990564
74580000,-3113,9257,127420,-5192,7407,123248,123,19228,430,1,63888,0.0010000000000047748
74581000,-4297,12920,129568,-9238,7748,121198,117,19221,504,1,63889,0.0010000000000047748
74582000,-9277,-1084,126225,-16033,-4663,133219,117,19229,479,1,63890,0.000999999999990564
74583000,-3586,3361,125693,7353,2386,124255,102,19231,418,1,63891,0.0010000000000047748
74584000,4320,2091,124224,-6102,-185,122200,137,19234,561,0,63892,0.0010000000000047748
74585000,-314,-4962,122680,-11322,-8930,124876,107,19234,438,0,63893,0.000999999999990564
74586000,5082,5118,127677,1988,597,127573,111,19227,438,0,63894,0.0010000000000047748
74587000,-784,9828,125817,866,8092,123998,152,19226,455,1,63895,0.0010000000000047748
74588002,-1679,16737,127546,-3711,16097,122555,152,19226,623,1,63896,0.0010019999999997253
74589000,-1730,4247,124037,-2805,-876,128386,109,19236,446,1,63897,0.0009979999999956135
74590002,5727,2347,122468,10048,-2548,122258,100,19224,410,0,63898,0.0010019999999997253
74591002,10288,-829,126065,8076,-4060,126112,87,19230,356,0,63899,0.0010000000000047748
74592000,8147,-6071,124842,5746,-9996,124514,114,19230,356,0,63900,0.0009979999999956135
74593000,6600,-1813,126387,9513,-6792,130873,124,19232,467,0,63901,0.0010000000000047748
74594000,797,4999,127918,-6615,2527,124570,124,19221,508,1,63902,0.000999999999990564
74595000,4897,24290,128701,6280,22962,117290,111,19229,455,1,63903,0.0010000000000047748
74596000,7092,1839,124945,8105,786,125986,98,19232,401,1,63904,0.0010000000000047748
74597000,12592,-1245,128053,-4573,-4901,126089,125,19232,512,0,63905,0.000999999999990564
74598000,10803,-5724,127243,16799,-7978,130736,101,19232,512,0,63906,0.0010000000000047748
74599001,5592,-9733,126557,12874,-15464,129851,105,19228,414,0,63907,0.00100100000000225
74600000,6073,8421,131495,-8039,5407,126389,105,19224,430,1,63908,0.0009989999999930887
74601000,-2949,10252,130310,-968,6830,129007,139,19231,569,1,63909,0.0010000000000047748
74602000,2971,9445,128555,7138,4659,123024,112,19232,459,1,63910,0.000999999999990564
74603001,1415,1267,129992,-1226,2561,126331,102,19223,418,1,63911,0.00100100000000225
74604000,8544,-10679,125777,-2997,-12047,132146,137,19223,418,0,63912,0.0009990000000072996
74605013,2911,-615,130944,22017,-4033,124427,107,19233,561,0,63913,0.0010130000000003747
74606000,517,-9178,130402,-1868,-10091,136817,107,19229,438,0,63914,0.0009869999999949641
74607000,751,17798,131564,-23070,11955,119089,113,19222,463,1,63915,0.0010000000000047748
74608000,-7532,5884,133714,3664,5561,134973,119,19232,487,1,63916,0.000999999999990564
74609007,-3470,-2960,129233,1529,-6348,133253,98,19233,401,1,63917,0.0010070000000013124
74610000,-3710,-3785,128962,-20908,-6990,126376,117,19233,401,0,63918,0.0009930000000082373
74611000,-2247,-4432,128550,-605,-9554,126201,97,19224,479,0,63919,0.000999999999990564
74612001,2562,6063,130168,2832,9839,128230,97,19231,397,0,63920,0.00100100000000225
74613000,-6538,1321,132799,-18793,-3776,132889,110,19227,451,1,63921,0.0009990000000072996
74614003,-8808,8633,130918,-11470,-14,126081,146,19225,598,1,63922,0.0010029999999972006
74615002,-8497,7680,130272,-11658,2724,128961,115,19229,471,1,63923,0.0009989999999930887
74616000,-7165,11323,129211,-7661,7742,120963,99,19229,405,1,63924,0.0009980000000098244
74617002,-818,-8048,125863,-7902,-16305,134742,162,19228,405,0,63925,0.0010019999999997253
74618000,-4973,-9647,127967,-8438,-4861,130135,107,19232,664,0,63926,0.0009979999999956135
74619000,-3462,13290,128218,-6276,3255,123232,107,19232,438,0,63927,0.0010000000000047748
74620003,-4502,2206,125130,-7387,486,123802,110,19225,451,1,63928,0.0010029999999972006
74621002,-7505,18219,129773,-12991,9916,123539,126,19232,516,1,63929,0.0009989999999930887
74622002,-4180,2522,124329,-3038,1056,133929,109,19232,446,1,63930,0.0010000000000047748
74623000,-3563,9888,124820,-5900,9970,115075,112,19230,446,0,63931,0.0009979999999956135
74624000,1438,980,125816,-6201,-2030,128874,93,19225,459,0,63932,0.0010000000000047748
74625001,-124,-4106,123227,10207,-6427,126461,93,19232,381,0,63933,0.00100100000000225
74626001,2061,-1636,125047,-11450,-4259,131511,107,19228,438,0,63934,0.0010000000000047748
74627000,-3176,9171,126946,-2682,8366,122490,135,19223,553,1,63935,0.0009989999999930887
74628000,-4245,24843,128129,-3543,20612,114878,113,19223,463,1,63936,0.0010000000000047748
74629000,6279,-2343,123539,1175,-6412,132083,93,19231,463,1,63937,0.000999999999990564
74630000,4625,-1804,123800,6661,-4172,122714,113,19231,381,0,63938,0.0010000000000047748
74631000,9293,4255,124325,6356,-1221,126754,113,19232,463,0,63939,0.0010000000000047748
74632000,7955,1240,124739,12623,-955,123346,109,19230,446,0,63940,0.000999999999990564
74633000,3001,-2054,129050,-1010,-6330,134373,116,19224,475,1,63941,0.0010000000000047748
74634000,2604,6796,127259,-4926,5649,121255,130,19224,532,1,63942,0.0010000000000047748
74635001,2508,17740,129106,11966,14955,123075,103,19227,532,1,63943,0.00100100000000225
74636002,8839,-7297,122917,9973,-11416,129868,105,19230,422,1,63944,0.0010009999999880392
74637000,7675,-3233,126998,-6378,-7444,126384,105,19217,430,0,63945,0.0009980000000098244
74638000,13538,-6929,127363,17485,-9660,132446,85,19234,348,0,63946,0.000999999999990564
74639000,5620,5053,129456,10722,1766,121652,103,19232,422,0,63947,0.0010000000000047748
74640000,2455,6595,132789,-15923,2977,134811,123,19222,504,1,63948,0.0010000000000047748
74641000,218,4506,128231,4493,-574,130637,113,19222,504,1,63949,0.000999999999990564
74642000,1251,16783,131470,5646,13537,125159,98,19229,463,1,63950,0.0010000000000047748
74643000,4581,-1128,127306,-646,-2721,122182,98,19233,401,0,63951,0.0010000000000047748
74644000,10948,-16315,130251,9065,-20556,133401,143,19229,586,0,63952,0.000999999999990564
74645001,9438,-5803,128742,14255,-9810,136221,112,19228,459,0,63953,0.00100100000000225
74646000,1280,1057,131040,-21529,-3658,122953,108,19226,442,0,63954,0.0009990000000072996
74647000,497,20872,136767,-6476,18563,126390,142,19226,442,1,63955,0.000999999999990564
74648000,-4919,-6315,129622,5186,-5665,135223,106,19230,582,1,63956,0.0010000000000047748
74649000,-6992,-6001,130441,-12029,-11923,131464,106,19230,434,1,63957,0.0010000000000047748
74650000,295,-4502,128725,-8812,-7853,128432,102,19219,418,0,63958,0.000999999999990564
74651000,-313,6039,127657,7902,989,123898,96,19231,393,0,63959,0.0010000000000047748
74652000,1523,6481,131880,-4095,5012,124321,106,19228,434,0,63960,0.0010000000000047748
74653000,-5889,-4920,129063,-20125,-7348,134719,122,19228,434,1,63961,0.000999999999990564
74654000,-9053,1607,133457,-13146,-2628,139493,112,19224,500,1,63962,0.0010000000000047748
74655000,-5865,9814,131092,-1523,11966,113642,112,19227,459,1,63963,0.0010000000000047748
74656000,-4158,5278,128502,-8983,5661,125254,98,19234,401,1,63964,0.000999999999990564
74657000,511,-4679,124080,-9959,-5226,128216,136,19226,557,0,63965,0.0010000000000047748
74658000,-3316,-9827,124989,-147,-10600,131184,100,19231,410,0,63966,0.0010000000000047748
74659000,-411,5632,127771,-7595,8482,114553,103,19231,410,0,63967,0.000999999999990564
74660001,-4212,14982,129718,-8303,12719,129428,131,19228,422,1,63968,0.00100100000000225
74661002,-7665,-40,125850,-10871,2360,132466,131,19228,537,1,63969,0.00100100000000225
74662000,-3041,5540,127562,-10063,5300,121705,113,19233,463,1,63970,0.0009979999999956135
74663000,-1650,6055,124893,-144,3324,123828,106,19224,434,0,63971,0.0010000000000047748
74664000,2057,3359,124404,745,-796,120382,103,19230,422,0,63972,0.0010000000000047748
74665000,486,-3552,124151,-6755,-5533,135414,112,19230,459,0,63973,0.000999999999990564
74666000,1947,2292,126948,-6438,2034,117993,120,19228,459,0,63974,0.0010000000000047748
74667000,-723,17106,127707,-5901,17071,119272,108,19222,491,1,63975,0.0010000000000047748
74668001,-1589,2587,126834,-575,-3206,131046,108,19232,442,1,63976,0.0010009999999880392
74669000,2362,1048,120690,1255,-1931,120558,99,19234,405,1,63977,0.0009990000000072996
74670002,9209,8397,124400,2571,3896,126872,125,19232,512,0,63978,0.0010019999999997253
74671000,12519,2599,124626,18111,969,115465,106,19232,434,0,63979,0.0009979999999956135
74672003,8229,-8121,126115,376,-15702,135450,109,19226,434,0,63980,0.0010030000000114114
74673000,4851,-6557,127119,-1785,-5438,132449,140,19227,446,1,63981,0.0009969999999981383
74674000,1485,17703,129868,7441,16290,117154,140,19228,573,1,63982,0.000999999999990564
74675000,2539,6384,125700,6518,1869,127654,112,19232,459,1,63983,0.0010000000000047748
74676000,3610,8581,125180,1187,7543,120498,100,19227,410,0,63984,0.0010000000000047748
74677000,10035,-11363,122747,5239,-16142,145072,119,19227,487,0,63985,0.000999999999990564
74678001,12998,-3651,124842,20441,-3150,116464,104,19233,487,0,63986,0.00100100000000225
74679000,4581,1773,129752,-7347,-2589,128050,111,19230,426,0,63987,0.0009990000000072996
74680000,2672,3774,131733,-4849,326,130856,111,19221,455,1,63988,0.000999999999990564
74681000,-255,12150,130206,11514,8882,125903,105,19226,430,1,63989,0.0010000000000047748
74682003,647,2923,128182,-2478,-505,134982,102,19230,418,1,63990,0.0010029999999972006
74683000,4381,1392,128404,-7179,-1563,116567,121,19228,496,0,63991,0.0009969999999981383
74684000,12488,-13360,130776,21285,-16362,139146,98,19228,496,0,63992,0.0010000000000047748
74685000,7528,-2662,129224,12839,-6342,128671,105,19226,401,0,63993,0.0010000000000047748
74686000,958,2970,131464,-30623,-789,125621,105,19224,430,1,63994,0.000999999999990564
74687000,-736,13984,133251,3301,11337,128079,139,19224,569,1,63995,0.0010000000000047748
74688000,-10569,3668,128319,3172,996,125626,110,19233,451,1,63996,0.0010000000000047748
74689000,-1385,1190,132535,-16330,-1407,137653,96,19226,393,1,63997,0.000999999999990564
74690000,-2237,-7871,126850,-7708,-13626,122954,134,19226,393,0,63998,0.0010000000000047748
74691000,5706,4040,133730,2133,44,129234,110,19232,549,0,63999,0.0010000000000047748
74692009,-3680,4132,130779,-4151,1184,129882,110,19229,451,0,64000,0.0010089999999962629
74693001,-8088,-1646,129548,-18748,-6407,128162,119,19224,487,1,64001,0.0009919999999965512
74694000,-10007,4920,130332,-11324,5157,133760,123,19228,504,1,64002,0.0009990000000072996
74695000,-14361,15110,129281,-10006,9511,118854,104,19229,426,1,64003,0.000999999999990564
74696002,1668,5718,128865,-6798,5360,125498,112,19229,426,0,64004,0.0010019999999997253
74697000,-7117,-8291,125020,-6497,-10258,128323,104,19217,459,0,64005,0.0009980000000098244
74698000,210,-3642,127031,-10222,-7304,130144,104,19230,426,0,64006,0.000999999999990564
74699000,-1322,4830,127250,-2951,1428,125187,105,19223,430,0,64007,0.0010000000000047748
74700000,-5432,12530,130214,-6854,8534,120230,133,19225,545,1,64008,0.0010000000000047748
74701000,-6115,11810,127889,-6223,13245,123515,114,19236,467,1,64009,0.000999999999990564
74702000,-9603,-1112,125850,-15343,-2611,130702,101,19236,467,1,64010,0.0010000000000047748
74703000,7356,5156,128001,-54,2236,129857,142,19229,414,0,64011,0.0010000000000047748
74704000,-4274,3105,124645,4683,590,122274,142,19233,582,0,64012,0.000999999999990564
74705002,3095,2952,126006,-9679,-738,127476,108,19228,442,0,64013,0.0010019999999997253
74706000,-1821,5277,126229,843,9249,127612,113,19224,463,1,64014,0.0009980000000098244
74707000,-3668,9228,124238,-5299,2417,119764,146,19229,598,1,64015,0.000999999999990564
74708000,556,16095,128056,-2011,14318,122684,105,19229,430,1,64016,0.0010000000000047748
74709001,633,810,122864,1310,-5521,126587,104,19232,430,0,64017,0.00100100000000225
74710000,12772,-600,123664,6250,-4051,125245,95,19220,426,0,64018,0.0009989999999930887
74711000,5313,-7617,125413,7914,-12239,127667,95,19226,389,0,64019,0.0010000000000047748
74712000,7715,-9328,127095,-663,-4615,124207,116,19225,475,0,64020,0.0010000000000047748
74713000,3376,12609,128844,12114,643,122972,130,19224,532,1,64021,0.000999999999990564
74714000,-398,681,124959,-3980,-3209,131646,113,19224,463,1,64022,0.0010000000000047748
74715000,10324,8733,126253,13680,7394,118946,98,19232,463,1,64023,0.0010000000000047748
74716000,5377,7768,126953,3918,810,121669,139,19228,401,0,64024,0.000999999999990564
74717000,15356,-2657,128641,3536,-10154,129296,139,19227,569,0,64025,0.0010000000000047748
74718000,7103,-17548,127373,17958,-17117,136714,108,19229,442,0,64026,0.0010000000000047748
74719000,5002,-4235,129004,-7886,-5066,132437,106,19224,434,1,64027,0.000999999999990564
74720014,2562,13669,129558,-3913,10096,120185,127,19224,520,1,64028,0.00101399999999785
74721006,-1227,10968,132242,9922,5451,123264,111,19228,520,1,64029,0.000992000000010762
74722006,7770,-3450,126637,-4413,-8829,130436,106,19232,455,1,64030,0.000999999999990564
74723000,3928,-13868,126520,1881,-18079,132466,106,19222,434,0,64031,0.0009940000000057125
74724001,9732,3029,129904,16433,2521,122820,120,19230,491,0,64032,0.00100100000000225
74725000,5533,-7686,129870,-4360,-11354,134505,101,19230,414,0,64033,0.0009989999999930887
74726000,1001,3166,133412,-12920,-348,133338,114,19217,467,1,64034,0.0010000000000047748
74727000,-162,67,132250,3768,-2710,134984,109,19217,467,1,64035,0.000999999999990564
74728000,-10175,6636,130399,-4062,4359,119478,98,19233,446,1,64036,0.0010000000000047748
74729000,-1664,2364,130448,-21554,-1735,129216,98,19236,401,0,64037,0.0010000000000047748
74730000,1322,-11190,126494,7648,-15359,134564,129,19228,528,0,64038,0.000999999999990564
74731000,4817,2751,130694,-1428,-306,126023,100,19230,410,0,64039,0.0010000000000047748
74732000,-4162,6536,131757,-21168,3655,126352,105,19225,430,0,64040,0.0010000000000047748
74733001,-7568,6316,132230,-4325,4377,127440,144,19225,430,1,64041,0.00100100000000225
74734000,-8019,905,129423,-9155,-3586,139729,115,19228,590,1,64042,0.0009989999999930887
74735000,-11183,9869,129697,-10875,6693,122437,115,19235,471,1,64043,0.0010000000000047748
74736000,-965,14137,128040,-11371,13267,122193,102,19224,418,0,64044,0.000999999999990564
74737000,-6216,-3265,126463,-3548,-6493,131131,146,19229,598,0,64045,0.0010000000000047748
74738000,250,-8057,128433,-1613,-11228,133915,108,19231,442,0,64046,0.0010000000000047748
74739000,-2375,5433,126306,-10831,-2401,128864,113,19231,442,1,64047,0.000999999999990564
74740000,-7867,22827,129264,-11946,18772,112093,112,19224,463,1,64048,0.0010000000000047748
74741000,-2533,817,127448,-5809,2377,137496,112,19232,459,1,64049,0.0010000000000047748
74742000,-6825,3856,124226,-5685,-884,122189,107,19232,438,1,64050,0.000999999999990564
74743000,657,2368,126734,-7937,1073,125502,125,19229,512,0,64051,0.0010000000000047748
74744000,757,2357,124832,5693,-2553,122199,99,19228,405,0,64052,0.0010000000000047748
74745001,3034,2874,125514,-3963,785,126612,105,19228,405,0,64053,0.00100100000000225
74746000,617,1290,125533,-5367,-4029,131996,141,19225,430,1,64054,0.0009989999999930887
74747000,-3180,17878,128769,-1130,16516,116395,141,19224,577,1,64055,0.0010000000000047748
74748002,-341,16211,126185,-12077,12057,132016,110,19231,451,1,64056,0.0010019999999997253
74749002,5829,9619,123454,12115,1956,115945,96,19227,393,0,64057,0.000999999999990564
74750000,9202,-3421,125344,10258,-7943,131872,107,19232,438,0,64058,0.0009980000000098244
74751000,7978,136,123622,2425,-4465,122520,111,19232,438,0,64059,0.000999999999990564
74752000,7225,-5040,127092,6544,-4668,137329,115,19230,455,0,64060,0.0010000000000047748
74753000,4123,4621,129047,7085,-2069,117223,115,19221,471,1,64061,0.0010000000000047748
74754000,1133,13984,127772,-5319,12657,126815,112,19228,459,1,64062,0.000999999999990564
74755000,6899,-2802,126334,6901,-1471,129906,99,19231,405,1,64063,0.0010000000000047748
74756000,9773,1766,126316,9749,1754,119947,114,19222,467,0,64064,0.0010000000000047748
74757001,10704,-35,127525,-931,-11910,131951,93,19222,381,0,64065,0.00100100000000225
74758000,8871,-3747,126054,15966,-5952,125848,101,19230,381,0,64066,0.0009989999999930887
74759000,4940,-4316,130965,2413,416,136506,129,19231,414,1,64067,0.0010000000000047748
74760000,-554,13810,131211,-11947,11313,116787,129,19226,528,1,64068,0.000999999999990564
74761000,2470,6759,127559,7768,244,130358,111,19230,455,1,64069,0.0010000000000047748
74762000,2601,-3627,129128,-7902,-6448,133520,99,19228,405,1,64070,0.0010000000000047748
74763000,9130,-10325,127202,4129,-12992,124414,161,19228,659,0,64071,0.000999999999990564
74764000,9646,-368,130367,22234,-3943,135524,102,19232,659,0,64072,0.0010000000000047748
74765002,5180,-3413,129284,-13349,-5655,126455,106,19230,418,0,64073,0.0010019999999997253
74766000,-1798,12579,132901,-18442,10327,127082,106,19221,434,1,64074,0.0009979999999956135
74767000,-4546,3465,133020,4467,-422,133282,134,19229,549,1,64075,0.0010000000000047748
74768000,-7494,-138,129491,-1277,-3124,129147,102,19230,418,1,64076,0.0010000000000047748
74769000,-3231,-5484,129185,-20825,-10143,128305,109,19222,446,0,64077,0.000999999999990564
74770000,-1552,-1197,129290,-1541,-4138,126127,104,19222,446,0,64078,0.0010000000000047748
74771000,2590,2348,133050,5913,-900,138333,119,19230,426,0,64079,0.0010000000000047748
74772003,-2665,4692,128501,-15917,3250,120944,119,19232,487,1,64080,0.0010029999999972006
74773002,-10735,4887,131086,-21184,1840,129497,137,19221,561,1,64081,0.0009989999999930887
74774000,-7032,8151,129957,-5626,5462,127677,117,19230,479,1,64082,0.0009980000000098244
74775000,-6803,4908,129649,-5814,2337,127051,99,19229,405,1,64083,0.000999999999990564
74776000,-1189,-6373,124673,-6128,-11570,134208,147,19229,405,0,64084,0.0010000000000047748
74777000,-7533,2079,126455,-8018,-560,123001,102,19228,602,0,64085,0.0010000000000047748
74778000,-1708,9169,128459,-6831,6396,124596,102,19231,418,0,64086,0.000999999999990564
74779000,-2479,7674,129238,-1223,3950,127123,106,19232,434,1,64087,0.0010000000000047748
74780000,-8949,6863,128055,-14930,2131,129238,132,19226,541,1,64088,0.0010000000000047748
74781000,-6316,8130,127888,-10331,4522,123988,111,19229,455,1,64089,0.000999999999990564
74782000,-2404,6802,127100,341,3711,123655,109,19229,455,0,64090,0.0010000000000047748
74783000,4616,-2501,126166,-453,-5052,133586,87,19224,446,0,64091,0.0010000000000047748
74784000,649,-2189,121798,-4646,-8302,119842,87,19231,356,0,64092,0.000999999999990564
74785000,-644,4718,126460,-7081,887,122577,108,19227,442,0,64093,0.0010000000000047748
74786001,-3435,13951,125698,-1021,10743,123293,128,19216,524,1,64094,0.00100100000000225
74787000,-3542,9855,125243,-3849,8169,123756,114,19231,467,1,64095,0.0009989999999930887
74788000,526,3373,124611,1611,2001,125647,96,19231,467,1,64096,0.0010000000000047748
74789000,4041,7830,123204,2290,1500,121720,133,19229,393,0,64097,0.0010000000000047748
74790000,14422,2516,125394,12454,-105,124200,133,19233,545,0,64098,0.000999999999990564
74791000,9065,-9432,125543,11438,-13948,128557,107,19230,438,0,64099,0.0010000000000047748
74792000,4124,495,127650,-2192,-4436,129525,111,19227,455,1,64100,0.0010000000000047748
74793000,2899,12389,127495,1063,4306,122223,138,19228,565,1,64101,0.000999999999990564
74794000,3510,9330,127113,2231,3821,121053,110,19228,565,1,64102,0.0010000000000047748
74795000,9874,2051,125894,15798,3986,129803,99,19232,451,1,64103,0.0010000000000047748
74796000,6252,1801,126775,-6062,1778,120543,99,19222,405,0,64104,0.000999999999990564
74797001,14225,-7025,128870,11540,-9850,131795,114,19236,467,0,64105,0.00100100000000225
74798000,4935,-5215,128345,21655,-11085,129674,105,19233,430,0,64106,0.0009990000000072996
74799001,2820,4921,129408,-13601,509,127123,119,19221,487,1,64107,0.0010009999999880392
74800000,1419,17766,132163,-9451,14613,126315,111,19221,455,1,64108,0.0009990000000072996
74801000,3043,3391,128317,18310,1820,130973,99,19230,455,1,64109,0.0010000000000047748
74802000,6948,-712,127810,4287,-8403,127609,129,19229,405,0,64110,0.000999999999990564
74803001,5620,-17554,127596,-10404,-18302,135114,129,19224,528,0,64111,0.00100100000000225
74804000,12554,-4074,129840,22557,-6164,130262,101,19228,414,0,64112,0.0009990000000072996
74805000,821,7467,131564,-1395,6203,125327,105,19230,430,0,64113,0.000999999999990564
74806000,1388,9412,133789,-33039,13826,128356,149,19230,610,1,64114,0.0010000000000047748
74807000,-6556,-2466,129354,19990,-9600,129435,109,19230,610,1,64115,0.0010000000000047748
74808003,-6742,-14641,127507,-24702,-19929,138024,98,19230,446,1,64116,0.0010029999999972006
74809000,1299,-3365,131375,-113,-6254,129726,98,19228,401,0,64117,0.0009969999999981383
74810000,-1056,6737,130232,5965,1861,123437,117,19230,479,0,64118,0.0010000000000047748
74811000,2915,5914,130858,-8966,817,128579,109,19231,446,0,64119,0.000999999999990564
74812000,-8359,-5507,129197,-18154,-3302,134506,121,19231,496,1,64120,0.0010000000000047748
74813000,-4238,6142,130448,-9826,2418,129533,109,19222,496,1,64121,0.0010000000000047748
74814000,-9493,13036,129966,-3791,10247,118143,105,19230,446,1,64122,0.000999999999990564
74815000,-4983,7094,130738,-14502,3826,129495,105,19230,430,1,64123,0.0010000000000047748
74816000,407,-12316,125820,-5946,-16484,131473,120,19219,491,0,64124,0.0010000000000047748
74817000,-6637,-4817,126360,-361,-6133,128611,95,19228,389,0,64125,0.000999999999990564
74818001,607,11177,126836,-12198,9623,119047,105,19227,430,0,64126,0.00100100000000225
74819000,-4939,9504,128182,-9188,6101,124246,141,19227,430,1,64127,0.0009990000000072996
74820000,-6799,3051,127360,-8964,-1733,134625,117,19228,577,1,64128,0.000999999999990564
74821000,-5422,2200,124778,-9133,-1008,127169,117,19231,479,1,64129,0.0010000000000047748
74822000,-3315,10882,127336,-1705,7563,119893,102,19231,418,0,64130,0.0010000000000047748
74823000,-36,3605,122714,-498,2022,122260,120,19228,491,0,64131,0.000999999999990564
74824001,222,-6247,122972,-3810,-10429,130798,114,19230,467,0,64132,0.00100100000000225
74825000,2780,8179,128182,-3750,4931,125173,117,19230,467,0,64133,0.0009990000000072996
74826000,-2496,14973,126145,1493,12268,118839,139,19226,479,1,64134,0.000999999999990564
74827000,-1965,11754,126920,-4476,8889,122683,139,19228,569,1,64135,0.0010000000000047748
74828002,3743,-4642,124242,-1346,-8367,130993,104,19233,426,1,64136,0.0010019999999997253
74829000,7447,1789,124897,9654,-1163,122429,112,19222,459,0,64137,0.0009979999999956135
74830000,7584,13098,125386,6317,10645,117496,94,19228,385,0,64138,0.0010000000000047748
74831000,8505,-6769,127095,3559,-9682,132605,109,19228,385,0,64139,0.0010000000000047748
74832000,5056,-9233,126647,8608,-12880,133072,136,19226,446,1,64140,0.000999999999990564
74833000,1689,16454,129760,-8179,11004,121973,136,19224,557,1,64141,0.0010000000000047748
74834000,4047,14546,126859,9717,13677,120787,116,19230,475,1,64142,0.0010000000000047748
74835000,8247,3160,124970,11522,4011,126338,96,19230,393,1,64143,0.000999999999990564
74836001,9950,-3199,126128,-3708,-5980,127267,144,19234,590,0,64144,0.00100100000000225
74837000,9932,-11951,127456,12001,-17429,133486,102,19234,590,0,64145,0.0009990000000072996
74838000,7526,-5620,128266,10530,-8313,125278,105,19231,418,0,64146,0.000999999999990564
74839000,1909,10636,131046,-8716,3747,129669,105,19222,430,1,64147,0.0010000000000047748
74840000,121,7663,127010,800,4972,124561,127,19226,520,1,64148,0.0010000000000047748
74841002,1645,1834,129368,7095,1108,126952,106,19234,434,1,64149,0.0010019999999997253
74842000,3709,4799,127936,-7690,3839,123431,110,19220,451,0,64150,0.0009979999999956135
74843001,11420,-10097,128935,3684,-11682,129363,91,19220,451,0,64151,0.00100100000000225
74844000,6770,-1517,131612,23164,-8033,133225,103,19232,373,0,64152,0.0009989999999930887
74845000,1765,1529,131471,-19652,-7638,130039,103,19234,422,0,64153,0.0010000000000047748
74846000,-2120,8621,133566,-14571,3635,130948,123,19227,504,1,64154,0.0010000000000047748
74847000,-5044,4654,132275,7623,9813,121337,112,19228,459,1,64155,0.000999999999990564
74848000,-3867,-925,128830,-10160,1369,132352,96,19238,393,1,64156,0.0010000000000047748
74849000,-2031,-7958,128992,-17763,-11061,132259,141,19238,577,0,64157,0.000999999999990564
74850000,2801,-414,129375,6869,-1998,123266,105,19235,577,0,64158,0.0010000000000047748
74851000,-393,3869,130847,-1203,2328,129622,110,19225,430,0,64159,0.0010000000000047748
74852032,-4734,4745,132705,-18189,-3286,128890,110,19225,451,1,64160,0.0010319999999950369
74853000,-11017,-2907,129733,-10828,809,136180,137,19229,561,1,64161,0.000968000000000302
74854000,-9366,17701,130205,-16001,13099,118262,108,19229,442,1,64162,0.0010000000000047748
74855000,-4155,1930,126875,-4537,-5280,128359,104,19229,426,1,64163,0.000999999999990564
74856000,-2384,-8424,125569,-15862,-7420,130640,134,19224,426,0,64164,0.0010000000000047748
74857000,-2205,403,126553,-3222,-652,128897,105,19230,549,0,64165,0.0010000000000047748
74858002,-3623,4639,126791,-5836,808,126255,105,19227,430,0,64166,0.0010019999999997253
74859000,-3120,15832,128094,-7277,15109,118989,117,19226,479,1,64167,0.0009979999999956135
74860000,-11390,-1772,126033,-10134,-7534,135398,111,19228,455,1,64168,0.0010000000000047748
74861000,-7138,10180,125702,-14574,8591,117729,101,19232,414,1,64169,0.000999999999990564
74862001,1389,11886,126625,5423,6762,126673,136,19232,414,0,64170,0.00100100000000225
74863000,222,-6114,123405,3390,-8978,122403,103,19230,557,0,64171,0.0009990000000072996
74864000,4005,-7531,125503,-9771,-10567,131053,103,19232,422,0,64172,0.000999999999990564
74865000,-1682,5158,127799,-7821,4078,134711,109,19224,446,1,64173,0.0010000000000047748
74866000,104,25159,126340,5920,23413,107744,152,19230,623,1,64174,0.0010000000000047748
74867000,-2217,4798,125894,1689,910,132045,107,19231,438,1,64175,0.000999999999990564
74868000,2331,3651,124596,-8203,-338,120670,97,19231,438,1,64176,0.0010000000000047748
74869000,11279,-3637,123159,5408,-6800,124490,96,19224,397,0,64177,0.0010000000000047748
74870000,10522,-1035,126196,16445,-4143,131856,96,19227,393,0,64178,0.000999999999990564
74871000,9881,1457,126003,-1999,-2627,121228,111,19226,455,0,64179,0.0010000000000047748
74872000,2145,-2344,128728,49,-5978,130975,118,19219,483,1,64180,0.0010000000000047748
74873000,3317,13164,128933,7266,11227,121713,108,19229,442,1,64181,0.000999999999990564
74874000,2107,11624,126574,2636,9939,129456,98,19229,442,1,64182,0.0010000000000047748
74875000,7462,7413,127004,2882,4595,119877,121,19233,401,0,64183,0.0010000000000047748
74876000,12849,-9350,126952,9502,-10856,127375,121,19229,496,0,64184,0.000999999999990564
74877002,9790,-10530,127988,17861,-14058,138526,98,19231,401,0,64185,0.0010019999999997253
74878000,6103,243,126851,-6149,-4092,121561,103,19225,422,0,64186,0.0009980000000098244
74879000,2263,15394,133977,-2274,11144,128818,142,19229,582,1,64187,0.000999999999990564
74880000,-247,13904,129851,11172,13403,124719,111,19229,582,1,64188,0.0010000000000047748
74881001,186,-453,127507,-8465,-2961,124184,100,19228,455,1,64189,0.00100100000000225
74882000,5675,-12582,128820,1386,-13978,136613,100,19223,410,0,64190,0.0009989999999930887
74883000,10996,-3192,128302,23561,-5315,129796,131,19234,537,0,64191,0.0010000000000047748
74884000,5871,1796,130036,-915,-2805,129125,106,19229,434,0,64192,0.0010000000000047748
74885000,2228,7495,135365,-20234,2989,125064,113,19223,463,1,64193,0.000999999999990564
74886000,-4072,2434,130487,3354,419,133346,124,19223,463,1,64194,0.0010000000000047748
74887000,-8468,2700,129875,-2595,-1302,129738,101,19229,508,1,64195,0.0010000000000047748
74888001,-6688,-5748,127485,-18990,-8100,124991,101,19230,414,1,64196,0.00100100000000225
74889003,3108,-2635,129729,-1225,-8847,136578,115,19220,471,0,64197,0.0010019999999997253
74890000,2595,4538,130504,6210,6151,118786,97,19228,397,0,64198,0.0009969999999981383
74891002,11,3437,133323,-11942,439,133509,110,19227,451,0,64199,0.0010019999999997253
74892000,-7592,3379,130743,-15130,-4510,128108,143,19227,586,1,64200,0.0009979999999956135
74893000,-11473,3995,131765,-8950,-1195,133739,116,19225,586,1,64201,0.0010000000000047748
74894002,-7009,9545,129574,-8584,8531,121055,100,19230,475,1,64202,0.0010019999999997253
74895002,-4969,3567,127350,-7876,7209,126299,100,19229,410,0,64203,0.000999999999990564
74896000,243,-7004,125381,-10952,-11892,135226,160,19228,655,0,64204,0.0009980000000098244
74897002,-2240,-1372,126047,-469,-1490,123820,109,19230,446,0,64205,0.0010019999999997253
74898000,-1398,11809,128485,-9364,10996,123118,112,19230,459,0,64206,0.0009979999999956135
74899000,-7589,13417,129276,-13218,7526,122215,131,19223,459,1,64207,0.0010000000000047748
74900000,-7435,2808,126819,-14307,7166,135901,110,19228,537,1,64208,0.000999999999990564
74901000,-2765,-4083,124260,1608,-3097,122370,110,19232,451,1,64209,0.0010000000000047748
74902000,-1026,2231,124410,-3763,-1955,123239,113,19220,463,0,64210,0.0010000000000047748
74903000,2023,-1523,125155,1839,-7842,130700,90,19231,369,0,64211,0.000999999999990564
74904000,-335,-1733,124781,-7232,-3686,120426,109,19231,446,0,64212,0.0010000000000047748
74905000,3071,12252,129764,-684,10925,130127,131,19229,446,1,64213,0.0010000000000047748
74906000,-4181,9769,123559,511,9431,121242,115,19223,537,1,64214,0.000999999999990564
74907000,-3029,13974,125171,-11272,8594,122849,115,19231,471,1,64215,0.0010000000000047748
74908001,7678,7732,124045,10788,3891,123083,96,19232,393,0,64216,0.00100100000000225
74909001,9428,2760,123237,11822,119,124365,119,19235,487,0,64217,0.0010000000000047748
74910000,14777,-9657,125390,3207,-13010,129196,111,19227,455,0,64218,0.0009989999999930887
74911001,1906,-5078,127289,4241,-7717,127287,116,19227,455,0,64219,0.00100100000000225
74912000,5230,3867,126465,10177,1500,130961,130,19225,475,1,64220,0.0009989999999930887
74913000,1099,12131,128054,-5774,10137,117688,130,19227,532,1,64221,0.0010000000000047748
74914000,4549,3248,126020,-846,-814,129380,110,19232,451,1,64222,0.0010000000000047748
74915000,10144,-5296,124466,11940,-9984,128593,106,19222,434,0,64223,0.000999999999990564
74916000,9011,-455,128405,11723,-3365,124781,98,19231,401,0,64224,0.0010000000000047748
74917000,12038,-6353,126906,8940,-10117,132075,102,19231,401,0,64225,0.0010000000000047748
74918000,1142,2907,130028,-5729,-2852,129291,119,19229,418,1,64226,0.000999999999990564
74919000,5859,12342,132467,4445,7095,130381,119,19227,487,1,64227,0.0010000000000047748
74920000,-526,16582,131337,1438,14278,124263,114,19232,467,1,64228,0.0010000000000047748
74921000,140,-4618,127366,-8142,-9046,130128,103,19233,422,1,64229,0.000999999999990564
74922000,10312,-11761,128638,10953,-14931,131895,139,19227,569,0,64230,0.0010000000000047748
74923000,8659,-10985,129092,19638,-12530,129621,107,19227,569,0,64231,0.0010000000000047748
74924000,4840,8351,129930,-1816,4525,124489,105,19228,438,0,64232,0.000999999999990564
74925000,-113,12916,133578,-27192,7850,124905,105,19223,430,1,64233,0.0010000000000047748
74926000,-1816,3887,132593,10392,3425,134054,156,19227,639,1,64234,0.0010000000000047748
74927000,-8525,-3265,129368,-2791,-7179,128014,112,19234,459,1,64235,0.000999999999990564
74928000,-4682,-8439,129067,-17798,-10302,128947,102,19229,418,0,64236,0.0010000000000047748
74929000,2137,-1642,130007,46,-4255,129209,116,19229,418,0,64237,0.0010000000000047748
74930000,3783,5783,131746,1786,3241,122543,106,19230,475,0,64238,0.000999999999990564
74931000,-3614,-463,131427,-12231,-746,130539,106,19227,434,0,64239,0.0010000000000047748
74932000,-8759,-391,129514,-19061,-2342,129676,121,19224,496,1,64240,0.0010000000000047748
74933001,-10866,9446,130300,-7480,4939,131112,115,19230,471,1,64241,0.0010009999999880392
74934000,-6231,14763,129841,-9482,15104,120678,102,19230,418,1,64242,0.0009990000000072996
74935000,-2446,-10911,126009,-7299,-4932,129551,127,19230,520,0,64243,0.0010000000000047748
74936000,-4000,-3938,125218,-6233,-3564,127253,97,19219,520,0,64244,0.000999999999990564
74937001,-441,4081,128920,-8911,9236,126251,97,19234,397,0,64245,0.00100100000000225
74938000,-1554,7964,128378,-4195,844,128697,100,19224,410,1,64246,0.0009990000000072996
74939000,-4814,13639,129897,-10134,13126,121873,147,19227,602,1,64247,0.000999999999990564
74940000,-7011,1629,127110,-15430,-1327,128411,117,19229,479,1,64248,0.0010000000000047748
74941000,-63,6521,128368,-3510,8219,124857,100,19229,410,1,64249,0.0010000000000047748
74942000,1191,-11595,123001,3676,-9620,131731,107,19226,410,0,64250,0.000999999999990564
74943000,303,4142,124091,-4802,-3516,119507,105,19229,438,0,64251,0.0010000000000047748
74944000,2156,8867,125479,-9901,5152,124839,105,19229,430,0,64252,0.0010000000000047748
74945000,-2976,9561,126006,3621,8587,126267,114,19220,467,1,64253,0.000999999999990564
74946000,-2917,16539,125429,-5473,-5677,124887,123,19225,504,1,64254,0.0010000000000047748
74947001,-4609,-3949,125258,-6304,9527,127483,101,19225,414,1,64255,0.00100100000000225
74948000,6364,19967,125166,10682,2830,118986,117,19230,414,0,64256,0.0009989999999930887
74949000,10478,-2274,120776,9363,-16977,130339,108,19226,479,0,64257,0.0010000000000047748
74950000,7457,-10961,125491,3770,-7180,129298,108,19224,442,0,64258,0.0010000000000047748
74951000,4868,-1007,125058,1966,-2926,123311,115,19224,471,0,64259,0.000999999999990564
74952000,2783,8174,130328,-23,19880,119367,145,19226,594,1,64260,0.0010000000000047748
74953000,5910,19460,126087,6154,-1557,128683,113,19229,463,1,64261,0.0010000000000047748
74954000,6839,-5453,123398,6182,-7661,128119,97,19229,463,1,64262,0.000999999999990564
74955002,10688,1444,125645,5767,-2256,118891,130,19227,397,0,64263,0.0010019999999997253
74956000,8730,1194,126403,10001,-12597,134482,130,19236,532,0,64264,0.0009980000000098244
74957000,9195,-6024,128781,6293,-6585,128711,103,19228,422,0,64265,0.000999999999990564
74958001,1218,-1987,130107,-6509,-3684,132645,106,19223,434,1,64266,0.00100100000000225
74959000,-203,5077,129421,-406,10569,123282,116,19234,475,1,64267,0.0009990000000072996
74960000,-287,8206,129906,12291,3434,127670,102,19234,475,1,64268,0.000999999999990564
74961000,4549,-3963,126305,-1655,-11727,134849,115,19228,418,1,64269,0.0010000000000047748
74962000,11914,-8027,128908,4375,-6954,123509,115,19217,471,0,64270,0.0010000000000047748
74963000,7926,-1004,129368,11650,-7866,130670,98,19236,401,0,64271,0.000999999999990564
74964000,3375,-7467,131837,-11239,-890,126854,104,19227,426,0,64272,0.0010000000000047748
74965000,2985,3897,133085,-12395,2634,133720,131,19223,537,1,64273,0.0010000000000047748
74966000,-9450,1472,131882,2130,2881,128266,109,19223,537,1,64274,0.000999999999990564
74967000,-3325,5696,130502,-10526,1113,124339,93,19229,446,1,64275,0.0010000000000047748
74968002,-655,-5200,129554,-9453,-11997,136583,93,19229,381,0,64276,0.0010019999999997253
74969000,1077,-6807,129138,3052,-8595,125009,149,19232,610,0,64277,0.0009979999999956135
74970000,2519,5865,131188,-8420,2066,129147,107,19225,438,0,64278,0.0010000000000047748
74971000,-6220,1247,132854,-20388,10242,131765,109,19221,446,1,64279,0.0010000000000047748
74972000,-6406,3803,129796,-2794,2607,123492,124,19221,446,1,64280,0.000999999999990564
74973000,-9511,535,131780,-10482,250,134747,106,19229,508,1,64281,0.0010000000000047748
74974000,-5732,6736,128571,-15723,8387,120911,106,19228,434,1,64282,0.000999999999990564
74975000,-2580,5587,125118,-2464,-8118,129967,107,19216,438,0,64283,0.0010000000000047748
74976000,-1827,-3592,129326,-484,-1801,130768,116,19234,475,0,64284,0.0010000000000047748
74977000,-2208,655,124776,-11554,-4117,127776,106,19229,434,0,64285,0.000999999999990564
74978000,-7657,746,130928,-10150,7023,122982,128,19229,434,1,64286,0.0010000000000047748
74979000,-2579,15110,127428,-7164,7052,125931,114,19218,524,1,64287,0.0010000000000047748
74980000,-9895,1160,128122,-5249,6501,126717,114,19227,467,1,64288,0.000999999999990564
74981000,-1315,16256,124958,-9418,7936,119015,101,19228,414,0,64289,0.0010000000000047748
74982000,2191,-9137,124361,-2082,-5563,128317,144,19238,590,0,64290,0.0010000000000047748
74983000,4512,-338,126535,-1598,-695,131659,104,19228,426,0,64291,0.000999999999990564
74984000,6971,-37,127781,-1261,2444,121833,106,19228,434,0,64292,0.0010000000000047748
74985000,-4287,13524,128861,944,13698,119299,147,19224,434,1,64293,0.0010000000000047748
74986000,-1178,8578,123725,-7603,2740,128609,106,19224,602,1,64294,0.000999999999990564
74987000,1371,3792,124965,3678,3027,124677,106,19231,434,1,64295,0.0010000000000047748
74988000,4938,-115,121984,6850,5629,120113,99,19225,405,0,64296,0.0010000000000047748
74989002,7150,2747,123313,1876,281,120836,89,19229,365,0,64297,0.0010019999999997253
74990000,8394,-846,124324,11210,-10053,139373,115,19229,471,0,64298,0.0009979999999956135
74991000,4877,-13218,126668,4178,1062,117308,129,19224,471,1,64299,0.0010000000000047748
74992000,4491,10241,131045,-4979,11619,122345,113,19220,528,1,64300,0.000999999999990564
74993000,2838,9199,127519,6727,2117,126349,113,19229,463,1,64301,0.0010000000000047748
74994001,7257,-1752,125005,5132,-3093,132195,97,19232,397,1,64302,0.00100100000000225
74995000,11805,-3801,126086,3090,-5286,122297,131,19228,537,0,64303,0.0009989999999930887
74996000,10308,5421,127451,16167,-3451,124030,98,19228,401,0,64304,0.0010000000000047748
74997001,6743,-4562,129245,-2042,-7732,133255,100,19236,401,0,64305,0.00100100000000225
74998000,5375,-740,129495,-2467,-1060,128585,130,19225,410,1,64306,0.0009989999999930887
74999000,-715,6534,129339,9462,3659,131046,130,19231,532,1,64307,0.0010000000000047748
75000000,62,15315,130113,-4945,8459,114147,110,19235,451,1,64308,0.0010000000000047748
75001000,6500,6196,129204,1242,-9937,135247,101,19226,414,0,64309,0.000999999999990564
75002000,9747,-14930,127704,8144,-19574,131316,127,19232,520,0,64310,0.0010000000000047748
75003000,12582,-9861,131961,11097,-2115,127884,106,19232,520,0,64311,0.0010000000000047748
75004000,861,-2889,129316,-12263,-2988,130005,117,19233,434,0,64312,0.000999999999990564
75005000,-483,8352,134701,-16343,13347,119446,117,19217,479,1,64313,0.0010000000000047748
75006000,-4822,10265,132616,11934,-799,143699,108,19233,442,1,64314,0.0010000000000047748
75007001,-5218,-6711,125069,-10512,-3004,118404,97,19230,397,1,64315,0.00100100000000225
75008000,-332,-4647,130146,-20404,-10756,134919,124,19224,508,0,64316,0.0009989999999930887
75009001,-2996,-5400,129192,10074,-4528,131865,101,19224,508,0,64317,0.00100100000000225
75010000,1485,1504,130352,-3002,7965,124968,108,19229,414,0,64318,0.0009989999999930887
75011000,-9219,3862,132613,-22505,4299,134531,108,19225,442,1,64319,0.0010000000000047748
75012000,-13419,-1219,129550,-9741,5110,123730,150,19228,614,1,64320,0.0010000000000047748
75013000,-4763,7054,130424,-2171,2649,134860,116,19233,475,1,64321,0.000999999999990564
75014000,-4891,4582,129637,-7371,8121,121893,101,19229,414,1,64322,0.0010000000000047748
75015002,-2259,3470,126142,-14388,-5045,130956,150,19229,414,0,64323,0.0010019999999997253
75016002,-2929,-10710,126260,-3899,-7734,127465,104,19237,614,0,64324,0.0010000000000047748
75017000,-1410,6643,129595,-6136,354,122434,104,19230,426,0,64325,0.0009979999999956135
75018000,-5281,12779,127508,933,9556,126508,113,19220,463,1,64326,0.0010000000000047748
75019000,-9242,5982,125315,-20739,4067,119052,115,19231,471,1,64327,0.000999999999990564
75020000,-2665,2373,128490,-8144,-2694,134361,108,19235,442,1,64328,0.0010000000000047748
75021000,-2052,7095,125483,7587,5560,117010,124,19235,442,0,64329,0.0010000000000047748
75022000,1716,2082,124333,-5099,-5861,128772,98,19224,508,0,64330,0.000999999999990564
75023000,-2098,-5762,125190,-6956,-3866,125640,98,19228,401,0,64331,0.0010000000000047748
75024000,-454,3742,126217,-4020,4038,124422,105,19228,430,0,64332,0.0010000000000047748
75025000,1467,11174,127285,5386,10154,121963,139,19223,569,1,64333,0.000999999999990564
75026000,-3806,12850,124834,-3600,3650,121090,112,19228,459,1,64334,0.0010000000000047748
75027002,4019,5646,122762,-5103,590,125874,97,19228,397,1,64335,0.0010019999999997253
75028002,9114,5604,124243,8956,152,121058,105,19228,397,0,64336,0.0010000000000047748
75029001,13389,2716,126653,12194,-9028,128393,111,19230,430,0,64337,0.0009989999999930887
75030000,6471,-374,126038,9931,-1638,120810,111,19227,455,0,64338,0.0009990000000072996
75031002,2293,-5059,128986,-8171,-1696,132182,114,19226,467,1,64339,0.0010019999999997253
75032000,6354,-1635,128653,4115,1736,128909,120,19227,491,1,64340,0.0009979999999956135
75033000,1244,20301,128306,12177,20807,120525,106,19227,434,1,64341,0.0010000000000047748
75034000,7029,10669,125170,-3184,528,126106,111,19236,434,0,64342,0.000999999999990564
75035001,10938,-2007,126230,898,-8574,133026,91,19224,455,0,64343,0.00100100000000225
75036001,11655,-14017,124257,24220,-22052,133442,91,19232,373,0,64344,0.0010000000000047748
75037001,6068,-6199,129810,1696,-6489,120490,102,19233,418,0,64345,0.0010000000000047748
75038000,1754,11543,131779,-13290,8901,127070,127,19225,520,1,64346,0.0009989999999930887
75039000,-685,16638,130616,7182,4763,132876,113,19225,463,1,64347,0.0010000000000047748
75040000,-1678,4310,128069,3976,-8853,127929,99,19227,463,1,64348,0.000999999999990564
75041000,5335,-11773,126487,-7183,-7179,129721,153,19225,405,0,64349,0.0010000000000047748
75042000,9444,3180,130343,20041,-6136,125379,153,19232,627,0,64350,0.0010000000000047748
75043000,9148,-2545,127454,1623,-16072,137137,105,19235,430,0,64351,0.000999999999990564
75044000,2443,-5919,133679,-24728,10008,127131,106,19223,434,1,64352,0.0010000000000047748
75045000,-1962,12711,132433,5604,7332,125289,137,19228,561,1,64353,0.0010000000000047748
75046002,-9847,5752,132118,-1495,2230,129087,104,19228,561,1,64354,0.0010019999999997253
75047002,-5307,-1153,128468,-25793,-15809,135287,105,19231,426,1,64355,0.000999999999990564
75048000,823,-14626,130208,7283,-12618,132773,105,19226,430,0,64356,0.0009980000000098244
75049000,2726,4276,130358,-723,10294,117078,92,19229,377,0,64357,0.000999999999990564
75050000,-671,6191,131071,-15871,-3591,133643,107,19232,438,0,64358,0.0010000000000047748
75051002,-7283,2638,131144,-13129,658,125940,127,19222,520,1,64359,0.0010019999999997253
75052000,-8969,5508,129861,-13265,720,136278,114,19222,520,1,64360,0.0009979999999956135
75053002,-12055,-1233,128591,-7713,16111,118800,97,19231,467,1,64361,0.0010019999999997253
75054000,-4621,25312,129099,-11332,-2385,123143,97,19230,397,0,64362,0.0009980000000098244
75055000,-2367,-9823,123627,-4104,-20871,141450,137,19221,561,0,64363,0.000999999999990564
75056000,-2608,-10609,126506,-5639,-3609,122132,103,19231,422,0,64364,0.0010000000000047748
75057001,229,7040,128710,-11369,7244,123057,106,19226,434,0,64365,0.00100100000000225
75058000,-7589,15930,129728,-5515,20252,120527,133,19226,434,1,64366,0.0009989999999930887
75059000,-7291,5039,126661,-14398,-5512,135789,112,19228,545,1,64367,0.0010000000000047748
75060000,-8103,-5181,126928,-6693,-2885,128374,112,19231,459,1,64368,0.0010000000000047748
75061001,16,12014,125617,-358,7464,116212,101,19225,414,0,64369,0.0010009999999880392
75062000,-2500,3066,123590,-364,-6502,127817,96,19232,393,0,64370,0.0009990000000072996
75063000,1593,3713,124046,-4427,-8064,123159,113,19230,463,0,64371,0.0010000000000047748
75064002,1053,-44,126063,-4542,2311,129762,123,19230,463,1,64372,0.0010019999999997253
75065000,-3103,14249,127478,-5589,22508,115923,111,19220,504,1,64373,0.0009979999999956135
75066000,2571,16555,127487,-533,10000,121939,111,19230,455,1,64374,0.0010000000000047748
75067000,2890,-4122,123707,4048,-12840,136943,97,19228,397,0,64375,0.000999999999990564
75068001,10791,-3115,125177,6461,-1827,120392,123,19232,504,0,64376,0.00100100000000225
75069002,9592,6305,125292,3653,-169,121975,103,19228,422,0,64377,0.00100100000000225
75070000,7267,-2748,126060,4637,-8900,130601,110,19228,451,0,64378,0.0009979999999956135
75071001,3264,-4256,124871,5560,-7424,129621,139,19227,451,1,64379,0.00100100000000225
75072001,-1563,14233,129747,-9608,11515,119738,112,19232,569,1,64380,0.0010000000000047748
75073000,7886,17642,126211,15473,10768,123086,112,19230,459,1,64381,0.0009989999999930887
75074000,7378,4763,124338,10631,2472,124500,98,19225,401,0,64382,0.0010000000000047748
75075000,12387,-337,127230,-6332,-6458,124788,116,19232,475,0,64383,0.0010000000000047748
75076000,11370,-15110,128058,19945,-21783,139960,101,19232,414,0,64384,0.000999999999990564
75077000,4733,-5453,131660,-1879,1104,126078,110,19235,414,1,64385,0.0010000000000047748
75078000,6690,13421,132356,-4131,13991,122731,108,19221,451,1,64386,0.0010000000000047748
75079000,-849,9027,130321,8349,6137,127944,108,19229,442,1,64387,0.000999999999990564
75080000,6451,1983,126388,-1325,-5349,132358,102,19232,418,1,64388,0.0010000000000047748
75081000,8458,-1215,126913,996,-9502,127479,122,19220,500,0,64389,0.0010000000000047748
75082000,10359,5405,128998,14356,497,124573,103,19220,422,0,64390,0.000999999999990564
75083008,5707,-1099,126202,3890,-7320,135901,105,19234,422,0,64391,0.0010079999999987876
75084000,-677,-5069,133001,-14451,638,131851,145,19227,430,1,64392,0.000992000000010762
75085000,-1149,6428,130794,-5125,-108,130190,145,19226,594,1,64393,0.000999999999990564
75086000,-10298,6627,131547,2441,6689,121114,114,19229,467,1,64394,0.0010000000000047748
75087000,-416,6562,128912,-17130,-11874,132881,96,19227,393,0,64395,0.0010000000000047748
75088000,997,-14867,127826,-3683,-2620,136822,126,19227,516,0,64396,0.000999999999990564
75089000,4727,2131,129504,5133,-2957,119793,105,19232,516,0,64397,0.0010000000000047748
75090000,-3229,5278,131956,-17173,1857,127226,113,19232,430,0,64398,0.0010000000000047748
75091000,-7620,1504,132132,-16045,3132,132272,113,19220,463,1,64399,0.000999999999990564
75092000,-6132,1280,132797,-6306,-456,128938,120,19228,491,1,64400,0.0010000000000047748
75093000,-8887,9408,130764,-9193,7731,127135,105,19228,430,1,64401,0.0010000000000047748
75094000,-1554,8121,127214,-8306,-2507,123723,115,19217,471,0,64402,0.000999999999990564
75095000,-3841,-3327,125555,-7382,-9578,131450,91,19217,471,0,64403,0.0010000000000047748
75096000,2614,-4921,128436,-2691,-5734,129494,102,19232,373,0,64404,0.0010000000000047748
75097000,-4326,1280,128780,-10997,11497,118703,102,19228,418,1,64405,0.000999999999990564
75098003,-5880,15768,130304,-10514,8699,128014,135,19227,553,1,64406,0.0010029999999972006
75099000,-9191,-2611,125899,-6477,4860,126256,119,19233,487,1,64407,0.0009969999999981383
75100000,-5082,8993,129983,-14405,10709,129997,100,19228,410,1,64408,0.0010000000000047748
75101000,2873,129,122206,10870,583,121110,121,19228,410,0,64409,0.0010000000000047748
75102000,-1040,-2896,124574,-2121,-2802,124301,105,19229,496,0,64410,0.000999999999990564
75103000,3281,-6341,123739,-11564,-13187,135152,105,19231,430,0,64411,0.0010000000000047748
75104000,-4340,914,128642,4986,14261,117995,113,19224,463,1,64412,0.0010000000000047748
75105000,-2295,20196,126375,-6208,9614,128678,139,19232,569,1,64413,0.000999999999990564
75106000,-5292,2598,124899,-730,8827,118668,103,19234,422,1,64414,0.0010000000000047748
75107000,6517,13101,123708,3538,852,126232,106,19234,422,0,64415,0.0010000000000047748
75108000,9572,-4766,123912,9512,-2818,124088,91,19220,434,0,64416,0.000999999999990564
75109000,8507,3,126433,9460,-1666,125312,91,19228,373,0,64417,0.0010000000000047748
75110000,8310,-10503,126868,-2462,-10494,130906,111,19224,455,0,64418,0.0010000000000047748
75111000,2432,7772,129726,4090,9587,115764,134,19226,549,1,64419,0.000999999999990564
75112000,4423,13318,127781,5023,4303,135288,115,19227,471,1,64420,0.0010000000000047748
75113001,4359,-2955,123917,-271,3583,117498,98,19227,471,1,64421,0.00100100000000225
75114000,10195,6346,128810,4581,451,126062,143,19229,401,0,64422,0.0009989999999930887
75115000,12416,-4217,126025,12763,-5845,128695,143,19232,586,0,64423,0.0010000000000047748
75116000,7580,-11896,126229,10258,-13527,130563,105,19231,430,0,64424,0.0010000000000047748
75117001,2365,-2950,132411,-8317,5069,129959,106,19224,434,1,64425,0.00100100000000225
75118000,1427,14174,130428,-1697,13512,124608,127,19227,520,1,64426,0.0009989999999930887
75119000,2809,8527,129713,15425,3553,127163,109,19227,446,1,64427,0.0010000000000047748
75120000,2288,5742,128160,-11274,915,123296,108,19232,446,1,64428,0.000999999999990564
75121002,11304,-12466,126553,-640,-23137,140533,100,19219,442,0,64429,0.0010019999999997253
75122000,8004,-8943,131465,31097,-4493,125377,100,19231,410,0,64430,0.0009980000000098244
75123000,5100,-997,130947,-22100,-9379,132741,105,19230,430,0,64431,0.000999999999990564
75124000,-91,11804,133646,-6584,14436,120099,119,19220,487,1,64432,0.0010000000000047748
75125001,-5704,10055,131835,-3232,6703,132472,109,19220,446,1,64433,0.00100100000000225
75126003,-4725,-7239,130268,1196,-6579,135473,100,19231,446,1,64434,0.0010019999999997253
75127002,-3504,-2043,130802,-13166,-4843,128463,137,19232,410,0,64435,0.0009989999999930887
75128002,1748,625,128331,-6932,-4279,126346,137,19229,561,0,64436,0.0010000000000047748
75129000,2436,6999,130630,2027,407,131671,106,19232,434,0,64437,0.0009979999999956135
75130000,-2969,2916,130942,-14536,261,131519,112,19223,459,0,64438,0.0010000000000047748
75131000,-8857,-1501,129529,-9196,-4429,130793,141,19223,577,1,64439,0.0010000000000047748
75132000,-8673,10134,131492,-13194,12882,124785,111,19229,577,1,64440,0.000999999999990564
75133000,-7103,10299,127908,-11602,-1658,130782,103,19232,455,1,64441,0.0010000000000047748
75134000,-1375,-2512,126504,-5795,-1671,124401,103,19225,422,0,64442,0.0010000000000047748
75135000,-6044,-4299,125652,-9976,2722,127491,141,19228,577,0,64443,0.000999999999990564
75136000,-2077,5609,126227,-13208,-1951,122599,105,19231,430,0,64444,0.0010000000000047748
75137002,-4722,2496,129047,-7460,-1862,128782,116,19221,475,1,64445,0.0010019999999997253
75138007,-5656,6292,128256,-5617,7461,125641,111,19221,475,1,64446,0.001005000000006362
75139002,-4742,9750,127788,-12708,1589,121764,105,19228,455,1,64447,0.000994999999988977
75140000,-1699,3263,126598,-921,3467,127024,105,19232,430,0,64448,0.0009980000000098244
75141000,872,2296,124957,-4260,-2998,123822,125,19228,512,0,64449,0.000999999999990564
75142000,5342,-3659,124564,-91,-4213,125989,104,19232,426,0,64450,0.0010000000000047748
75143000,-382,852,127420,-5361,9151,122346,109,19224,446,0,64451,0.0010000000000047748
75144000,-832,9198,123314,-4505,3801,126186,149,19224,446,1,64452,0.000999999999990564
75145000,-5161,9877,126370,6276,5708,124841,109,19226,610,1,64453,0.0010000000000047748
75146000,-1679,11398,121884,-8715,3805,123334,109,19232,446,1,64454,0.0010000000000047748
75147000,6235,1629,123050,11874,11542,115431,97,19225,397,0,64455,0.000999999999990564
75148000,8188,12067,122756,12098,-8088,128169,101,19232,414,0,64456,0.0010000000000047748
75149000,10634,-18793,122759,-340,-25405,134750,115,19228,471,0,64457,0.0010000000000047748
75150000,2718,-1322,129732,9223,5336,121835,121,19228,471,1,64458,0.000999999999990564
75151000,3528,7497,128430,-2930,4974,125566,108,19222,496,1,64459,0.0010000000000047748
75152003,2210,8492,128267,763,20415,120996,108,19228,442,1,64460,0.0010029999999972006
75153000,7131,-1028,124953,7908,-7832,133629,99,19235,405,1,64461,0.0009969999999981383
75154000,12463,-3768,127975,3409,496,120413,116,19223,475,0,64462,0.0010000000000047748
75155000,8458,6645,128664,14997,-4726,127138,104,19226,426,0,64463,0.0010000000000047748
75156002,8543,-10926,128047,6443,-14122,132591,109,19226,426,0,64464,0.0010019999999997253
75157000,4933,-4839,131637,-6627,-2505,130997,137,19232,446,1,64465,0.0009979999999956135
75158000,814,3935,132731,1626,6612,129788,137,19229,561,1,64466,0.0010000000000047748
75159001,313,22215,130828,7015,22943,114440,112,19231,459,1,64467,0.00100100000000225
75160001,2487,1394,128964,-4362,-11999,138158,97,19232,397,0,64468,0.000999999999990564
75161002,9284,-25650,128504,3169,-18495,137681,151,19232,618,0,64469,0.00100100000000225
75162002,13864,-7785,130519,26319,-1339,124762,106,19232,434,0,64470,0.0010000000000047748
75163000,1118,-202,130597,-12397,37,128993,108,19230,434,0,64471,0.0009979999999956135
75164000,30,13887,133915,-26980,11435,118291,131,19224,442,1,64472,0.0010000000000047748
75165000,-7877,7512,129320,17671,-2150,138481,131,19228,537,1,64473,0.000999999999990564
75166000,-6775,-7130,127687,-8234,-8237,128617,99,19233,405,1,64474,0.0010000000000047748
75167000,-3823,-2840,129245,-21406,-12962,129569,109,19223,446,0,64475,0.0010000000000047748
75168000,507,-2698,130261,2924,-749,127941,91,19223,373,0,64476,0.000999999999990564
75169000,3463,10225,129270,5900,4977,122978,107,19229,373,0,64477,0.0010000000000047748
75170000,-8068,-2362,132320,-13817,-7815,133265,133,19227,438,1,64478,0.0010000000000047748
75171000,-10992,7161,127995,-27442,5961,122720,133,19227,545,1,64479,0.000999999999990564
75172000,-8940,3722,130819,-1197,8447,131967,113,19233,463,1,64480,0.0010000000000047748
75173000,-2737,15424,130901,-9141,11063,121515,97,19228,397,1,64481,0.0010000000000047748
75174000,-1092,-2037,124475,-7091,-9371,133354,150,19228,614,0,64482,0.000999999999990564
75175000,-5387,-9123,126595,-7085,-11596,126088,107,19227,614,0,64483,0.0010000000000047748
75176000,4047,6557,128194,-7298,2632,122693,105,19228,438,0,64484,0.0010000000000047748
75177000,-5821,11271,128590,1184,9685,122910,105,19228,430,1,64485,0.000999999999990564
75178000,-6282,12092,126617,-18149,-1021,130010,131,19224,537,1,64486,0.0010000000000047748
75179000,-8600,-262,125904,-12591,-198,127594,108,19231,442,1,64487,0.0010000000000047748
75180000,548,14823,127163,597,1624,118482,109,19221,446,0,64488,0.000999999999990564
75181000,2098,789,123586,1770,-11885,131352,87,19221,446,0,64489,0.0010000000000047748
75182000,608,-11798,123473,-5038,6189,126945,109,19225,356,0,64490,0.0010000000000047748
75183000,2723,12672,126956,5285,6605,119204,109,19228,446,0,64491,0.000999999999990564
75184000,-931,15343,125835,5835,7450,124551,125,19222,512,1,64492,0.0010000000000047748
75185002,-2973,7559,126306,-12704,4605,126716,113,19230,463,1,64493,0.0010019999999997253
75186000,1861,1985,124001,44,-1908,123173,96,19233,393,1,64494,0.0009979999999956135
75187000,10326,5333,125274,12792,2030,125976,131,19233,393,0,64495,0.0010000000000047748
75188000,8716,1754,122454,7663,-8191,123043,109,19234,537,0,64496,0.0010000000000047748
75189000,7152,4192,125732,-1956,-14397,127097,109,19228,446,0,64497,0.000999999999990564
75190001,4553,-5628,125183,6862,-6807,132361,110,19224,451,1,64498,0.00100100000000225
75191000,336,6623,128973,-1470,19217,118085,133,19230,545,1,64499,0.0009990000000072996
75192000,4915,19226,127149,5363,5562,124421,108,19234,442,1,64500,0.000999999999990564
75193000,8067,1920,125996,5791,-5908,125286,102,19234,442,1,64501,0.0010000000000047748
75194000,13073,580,128916,379,-8397,135119,109,19227,418,0,64502,0.0010000000000047748
75195000,12394,-11022,124062,21466,-3980,123327,109,19229,446,0,64503,0.000999999999990564
75196000,5003,-8964,129679,-887,-7316,130715,101,19230,414,0,64504,0.0010000000000047748
75197000,216,84,130530,-10512,-4324,134397,117,19226,479,1,64505,0.0010000000000047748
75198000,-1171,13685,128962,10460,4698,118063,109,19231,446,1,64506,0.000999999999990564
75199000,-286,15261,130838,1498,9823,133098,100,19231,446,1,64507,0.0010000000000047748
75200000,5150,-3765,124527,-7980,-9098,123979,133,19232,410,0,64508,0.0010000000000047748
75201000,11301,-8690,131210,21663,-11489,130264,133,19225,545,0,64509,0.000999999999990564
75202000,6971,-3290,127737,5571,-12319,134902,102,19225,418,0,64510,0.0010000000000047748
75203001,2736,-4721,134327,-19199,5056,124237,103,19226,422,0,64511,0.00100100000000225
75204000,-1106,8363,137312,-1831,7806,132987,150,19228,614,1,64512,0.0009989999999930887
75205000,-7091,3552,128500,-442,-3116,125449,110,19228,451,1,64513,0.0010000000000047748
75206000,-5280,-627,132908,-16831,-4239,133831,97,19233,451,1,64514,0.0010000000000047748
75207000,1626,-5302,125656,-873,-6501,126258,130,19227,397,0,64515,0.000999999999990564
75208003,-218,-1691,130887,3868,224,126570,130,19228,532,0,64516,0.0010029999999972006
75209000,-1991,6391,130847,-12567,3041,127191,122,19228,500,0,64517,0.0009970000000123491
75210000,-7413,-1866,129824,-14698,-6551,131916,126,19221,516,1,64518,0.000999999999990564
75211000,-9179,3507,131342,-8069,5226,131962,111,19221,455,1,64519,0.0010000000000047748
75212000,-11086,13976,130252,-10543,11091,121843,105,19230,455,1,64520,0.0010000000000047748
75213000,-1460,8827,127247,-8542,2413,127762,127,19231,430,1,64521,0.000999999999990564
75214000,-2789,-2843,125660,-4914,-8232,128683,127,19217,520,0,64522,0.0010000000000047748
75215001,-139,-4695,127207,-7197,-3512,130498,101,19230,414,0,64523,0.00100100000000225
75216000,450,-4549,127394,-7532,2424,126820,103,19231,422,0,64524,0.0009989999999930887
75217000,-6025,11125,129906,-14834,11551,115081,141,19231,577,1,64525,0.0010000000000047748
75218000,-3683,15344,126478,-4790,4366,135008,113,19231,577,1,64526,0.0010000000000047748
75219000,-9517,3432,124402,-6209,5248,119161,103,19228,463,1,64527,0.000999999999990564
75220000,2678,12511,126473,-8151,8938,124297,103,19229,422,0,64528,0.0010000000000047748
75221000,-236,-1283,123010,5248,-4099,120474,110,19234,451,0,64529,0.0010000000000047748
75222002,4591,2598,125976,-1336,-3136,136734,110,19232,451,0,64530,0.0010019999999997253
75223000,-327,-3690,125059,-6349,-6077,119633,113,19220,463,1,64531,0.0009979999999956135
75224002,-2470,18473,128896,-2864,21752,118938,132,19220,463,1,64532,0.0010019999999997253
75225002,198,13504,125115,-1374,11154,127266,101,19228,541,1,64533,0.0010000000000047748
75226000,1953,-1422,122897,3062,5089,121069,101,19233,414,1,64534,0.0009979999999956135
75227000,13764,-1492,125097,1445,-2609,126970,113,19224,463,0,64535,0.000999999999990564
75228000,8858,-1364,125394,13732,2990,115244,99,19230,405,0,64536,0.0010000000000047748
75229000,7947,-2743,126835,5575,-6776,139432,110,19229,451,0,64537,0.0010000000000047748
75230000,3347,-8795,125401,-6541,-1530,119651,139,19229,451,1,64538,0.000999999999990564
75231000,-944,19298,132342,2481,10949,125912,114,19229,569,1,64539,0.0010000000000047748
75232000,4718,9479,124192,13794,-4514,131542,114,19229,467,1,64540,0.0010000000000047748
75233000,6136,4547,125497,1839,-4691,116701,97,19226,397,0,64541,0.000999999999990564
75234000,12938,1731,127890,5940,-10768,133101,146,19231,598,0,64542,0.0010000000000047748
75235000,8968,-5329,127195,14880,-4951,123561,105,19230,430,0,64543,0.0010000000000047748
75236000,11139,-2509,130824,-422,-6101,132781,107,19230,430,0,64544,0.000999999999990564
75237000,1378,5897,131849,-3537,9580,124964,118,19221,438,1,64545,0.0010000000000047748
75238000,701,10012,129557,2926,3004,130539,118,19226,483,1,64546,0.0010000000000047748
75239000,3179,810,129294,2637,495,126589,107,19232,438,1,64547,0.000999999999990564
75240000,5109,2837,126823,-2744,-10897,127353,111,19218,455,0,64548,0.0010000000000047748
75241002,12047,-13556,128934,26939,-3326,130286,89,19231,365,0,64549,0.0010019999999997253
75242000,4179,-5024,128728,-2680,-5309,128277,104,19231,365,0,64550,0.0009979999999956135
75243000,2602,-5627,131532,-22032,-3958,130740,130,19224,426,1,64551,0.0010000000000047748
75244000,-6260,12624,133016,2657,10321,126876,130,19220,532,1,64552,0.0010000000000047748
75245003,-6752,5661,129207,1433,564,130031,112,19229,459,1,64553,0.0010029999999972006
75246000,-4709,-6487,127397,-18332,-8332,131786,96,19230,393,1,64554,0.0009969999999981383
75247000,10,-11017,130543,-6812,-3942,125809,145,19231,594,0,64555,0.0010000000000047748
75248001,5308,5376,131237,9038,1859,128620,106,19231,594,0,64556,0.00100100000000225
75249002,-2836,3554,130569,-11686,-1375,124172,114,19229,434,0,64557,0.0010009999999880392
75250000,-8442,147,131273,-19323,-3323,134150,114,19224,467,1,64558,0.0009980000000098244
75251000,-9368,-2184,131194,-12857,4821,131747,133,19229,545,1,64559,0.000999999999990564
75252000,-9470,9045,130084,-2766,92,123461,109,19231,446,1,64560,0.0010000000000047748
75253000,-2632,17218,128954,-5951,8900,123978,105,19222,430,0,64561,0.0010000000000047748
75254000,-4990,-7674,123318,-19365,-6651,128877,121,19222,496,0,64562,0.000999999999990564
75255000,-292,-7093,129403,-669,-2349,129374,105,19228,496,0,64563,0.0010000000000047748
75256000,-703,6142,128459,-2260,4376,123482,128,19228,430,0,64564,0.0010000000000047748
75257000,-9843,7065,129570,-13046,7726,125008,128,19227,524,1,64565,0.000999999999990564
75258002,-7799,8262,128305,-17012,4412,130474,117,19226,479,1,64566,0.0010019999999997253
75259000,-3791,-1117,126893,-3561,950,125755,101,19228,414,1,64567,0.0009980000000098244
75260000,2967,5429,124444,6474,2075,125748,135,19228,553,0,64568,0.000999999999990564
75261000,-2261,326,123691,-4515,-6515,123445,111,19233,553,0,64569,0.0010000000000047748
75262001,1007,3731,126940,-7065,2218,128014,113,19228,455,0,64570,0.00100100000000225
75263000,-679,2734,125877,-496,517,127978,113,19226,463,1,64571,0.0009989999999930887
75264000,-4804,15713,129171,-4297,10761,119548,157,19227,643,1,64572,0.0010000000000047748
75265003,-840,20678,125286,-7298,13034,121856,108,19232,442,1,64573,0.0010029999999972006
75266000,4023,420,122828,8663,-224,129894,98,19232,401,0,64574,0.0009969999999981383
75267001,11189,1015,125227,2073,912,122588,80,19224,401,0,64575,0.00100100000000225
75268000,11598,2865,126309,5654,1330,119674,112,19229,328,0,64576,0.0009990000000072996
75269000,7813,-44,127437,6168,-4537,133013,112,19229,459,0,64577,0.000999999999990564
75270000,4156,-6803,127224,1047,-7932,127498,124,19220,508,1,64578,0.0010000000000047748
75271002,1058,4417,128536,-1335,4651,123436,111,19229,455,1,64579,0.0010019999999997253
75272000,3799,6609,123917,6890,5039,120735,98,19234,401,1,64580,0.0009979999999956135
75273000,6467,7940,127136,4442,7100,119960,124,19234,401,0,64581,0.0010000000000047748
75274000,12795,3398,125411,946,-18559,138379,97,19228,508,0,64582,0.0010000000000047748
75275001,5324,-18895,124988,20690,-14011,126621,97,19231,397,0,64583,0.00100100000000225
75276000,3338,-5143,129501,-1092,8294,126218,101,19228,414,1,64584,0.0009989999999930887
75277000,-16,14929,130594,5570,8531,123399,141,19232,577,1,64585,0.0010000000000047748
75278003,2661,16920,129802,1123,1148,132079,109,19228,446,1,64586,0.0010029999999972006
75279000,2416,-2956,129566,-968,-3201,128314,101,19228,446,1,64587,0.0009969999999981383
75280003,5908,-45,127455,5064,-15050,124155,130,19225,414,0,64588,0.0010029999999972006
75281000,7867,-12102,130154,16554,-11134,134790,130,19231,532,0,64589,0.0009969999999981383
75282000,5862,-5387,129354,-8737,-6686,130810,109,19231,446,0,64590,0.0010000000000047748
75283000,3838,1563,134375,-16397,14697,125472,113,19218,463,1,64591,0.0010000000000047748
75284001,-5695,20353,133559,8434,11248,122352,120,19229,491,1,64592,0.00100100000000225
75285000,-7483,6910,129121,-3760,-12184,134713,100,19229,491,1,64593,0.0009989999999930887
75286000,-2149,-17283,129739,-19795,-19089,136357,119,19232,410,0,64594,0.0010000000000047748
75287000,-1176,-11031,131471,1686,-331,132127,119,19225,487,0,64595,0.000999999999990564
75288000,6423,5227,131389,-3494,12664,121359,96,19230,393,0,64596,0.0010000000000047748
75289000,-4160,10641,131916,-7443,4251,130167,105,19226,430,0,64597,0.0010000000000047748
75290002,-8586,-8441,128295,-11254,-7884,137786,140,19226,573,1,64598,0.0010019999999997253
75291002,-10296,3474,130055,-13482,4758,125969,113,19226,573,1,64599,0.000999999999990564
75292002,-9626,13363,130643,-4748,10762,124233,99,19230,463,1,64600,0.0010000000000047748
75293000,-1146,7557,127637,-6274,-1114,129341,99,19228,405,0,64601,0.0009979999999956135
75294002,-3037,-7366,125076,-11874,-17143,131675,165,19235,676,0,64602,0.0010019999999997253
75295001,-1743,-2824,128389,-5434,-3727,128340,100,19226,410,0,64603,0.0009990000000072996
75296000,-1037,5583,125975,-2509,4357,122627,107,19229,438,1,64604,0.0009989999999930887
75297000,-7217,20369,130814,-11772,16815,119889,119,19229,487,1,64605,0.0010000000000047748
75298000,-3579,10727,127439,-14388,3411,126736,107,19227,487,1,64606,0.0010000000000047748
75299000,-1964,-452,125621,555,-8788,125775,112,19232,438,1,64607,0.000999999999990564
75300000,3171,3971,126163,-1780,-2243,128705,112,19228,459,0,64608,0.0010000000000047748
75301001,3462,-4317,122795,640,1086,118787,94,19228,385,0,64609,0.00100100000000225
75302000,1978,1678,127085,-5180,-202,129646,107,19228,438,0,64610,0.0009989999999930887
75303000,2485,5792,126034,-2696,4098,123620,135,19228,553,1,64611,0.0010000000000047748
75304000,-4207,11165,125393,-786,12878,122285,113,19222,553,1,64612,0.0010000000000047748
75305000,-300,12579,125680,294,2412,125454,94,19236,463,1,64613,0.000999999999990564
75306000,5118,12116,122729,7719,893,117652,94,19228,385,0,64614,0.0010000000000047748
75307000,10994,-6326,122543,6273,-11205,134196,109,19233,446,0,64615,0.0010000000000047748
75308000,8411,-3177,125164,7175,-3743,120574,111,19227,455,0,64616,0.000999999999990564
75309000,7199,6005,128037,2455,135,125825,114,19227,467,1,64617,0.0010000000000047748
75310000,1225,1600,126667,8347,179,126971,124,19222,467,1,64618,0.0010000000000047748
75311000,2137,7928,126965,-10102,9669,117997,103,19230,508,1,64619,0.000999999999990564
75312000,10793,5672,129304,8895,-307,133051,103,19232,422,1,64620,0.0010000000000047748
75313000,11225,10988,123611,17182,8178,115353,108,19220,442,0,64621,0.0010000000000047748
75314000,9974,-940,128729,-75,-11871,133622,87,19231,356,0,64622,0.000999999999990564
75315000,7406,-14773,128083,11881,-22892,130947,103,19227,422,0,64623,0.0010000000000047748
75316000,4563,-6104,130330,-2262,-6186,133024,124,19227,422,1,64624,0.0010000000000047748
75317000,-2165,13535,132157,-5910,16833,112163,110,19224,508,1,64625,0.000999999999990564
75318000,405,19235,131307,2239,9893,135464,110,19232,451,1,64626,0.0010000000000047748
75319000,5979,-11371,124507,303,-14056,133121,99,19229,405,1,64627,0.0010000000000047748
75320003,9724,-6317,129220,6265,-1945,127432,148,19230,606,0,64628,0.0010029999999972006
75321000,11824,185,127966,9127,-4661,126172,106,19229,434,0,64629,0.0009969999999981383
75322000,697,-2031,129533,-730,-1579,127253,107,19229,434,0,64630,0.0010000000000047748
75323000,277,-3727,132762,-16677,-4818,146676,141,19223,438,1,64631,0.000999999999990564
75324000,-9619,-197,131371,4515,3038,117084,141,19229,577,1,64632,0.0010000000000047748
75325000,-8686,19595,130234,-17189,-600,128316,106,19232,434,1,64633,0.0010000000000047748
75326000,1244,1754,132007,-4527,-13308,132492,103,19222,422,0,64634,0.000999999999990564
75327000,575,-5222,127536,5788,-6391,126318,106,19227,434,0,64635,0.0010000000000047748
75328000,3117,-4742,130103,-10020,-3360,133147,112,19227,434,0,64636,0.0010000000000047748
75329000,-9577,2282,130615,-15629,3503,122376,125,19228,459,1,64637,0.000999999999990564
75330000,-6087,9437,131789,-11389,3238,133841,125,19222,512,1,64638,0.0010000000000047748
75331000,-9867,1670,128840,-9578,759,129046,113,19232,463,1,64639,0.0010000000000047748
75332002,-5594,9391,128841,-11687,11355,119524,99,19231,405,1,64640,0.0010019999999997253
75333000,-1074,5381,127573,-5771,-5826,126659,137,19222,561,0,64641,0.0009979999999956135
75334000,-4920,-5760,124025,-7286,-3624,126997,105,19222,561,0,64642,0.0010000000000047748
75335000,2045,-1127,128807,-1480,1241,131914,105,19229,430,0,64643,0.000999999999990564
75336000,-9342,-4862,125609,-14344,6832,117949,105,19225,430,1,64644,0.0010000000000047748
75337000,-6158,13147,130615,-12107,9291,127170,137,19227,561,1,64645,0.0010000000000047748
75338000,-9957,8571,130344,1374,-1043,131143,114,19232,467,1,64646,0.000999999999990564
75339001,-1897,1188,122200,-11555,2160,121665,104,19227,426,0,64647,0.00100100000000225
75340000,-139,6445,126301,-8669,5495,120802,99,19227,426,0,64648,0.0009990000000072996
75341000,2034,1695,124802,8132,-884,121888,111,19233,405,0,64649,0.000999999999990564
75342000,6738,-6802,124072,-2802,-6485,137258,111,19228,455,0,64650,0.0010000000000047748
75343000,-5310,1436,126018,-9466,6039,122650,120,19218,491,1,64651,0.0010000000000047748
75344000,-1140,17770,126611,-3239,17040,119203,121,19229,496,1,64652,0.000999999999990564
75345000,918,15530,126362,5097,5893,124481,97,19229,397,1,64653,0.0010000000000047748
75346000,6614,2917,124097,-2204,-15385,128637,121,19229,496,0,64654,0.0010000000000047748
75347000,11822,9174,122972,11381,1122,119488,105,19231,496,0,64655,0.000999999999990564
75348000,4112,-6173,124895,7459,-3357,125258,115,19228,430,0,64656,0.0010000000000047748
75349000,10143,-11529,129826,5342,-13386,134065,115,19229,471,1,64657,0.000999999999990564
75350000,-2537,7766,126538,-2805,8672,117687,150,19230,614,1,64658,0.0010000000000047748
75351000,4013,18523,129540,-730,18163,125396,112,19234,459,1,64659,0.0010000000000047748
75352000,8570,10499,126751,10398,6092,120835,97,19234,397,1,64660,0.000999999999990564
75353000,10232,-10202,123970,3859,-10856,129402,129,19225,397,0,64661,0.0010000000000047748
75354000,13125,-8382,127737,15089,-13647,132678,106,19234,528,0,64662,0.0010000000000047748
75355000,5337,-9625,125845,9703,-8579,125603,106,19228,434,0,64663,0.000999999999990564
75356000,8779,9340,130307,-12609,9654,127352,110,19222,451,1,64664,0.0010000000000047748
75357000,-3246,15380,132708,3434,11315,122862,107,19228,438,1,64665,0.0010000000000047748
75358000,-1081,7314,129331,5082,-4596,132841,103,19232,422,1,64666,0.000999999999990564
75359002,2817,6093,127874,-4745,125,123790,117,19232,422,0,64667,0.0010019999999997253
75360002,7936,-9222,127255,6403,-13026,133763,94,19220,479,0,64668,0.0010000000000047748
75361000,14404,-4811,130533,14926,-9023,132195,94,19229,385,0,64669,0.0009979999999956135
75362002,6366,6604,131633,-12714,10184,121872,104,19225,426,0,64670,0.0010019999999997253
75363000,960,15497,136382,-4506,7891,131976,137,19220,561,1,64671,0.0009980000000098244
75364000,-7454,-1879,128880,-3293,-6198,135406,112,19228,459,1,64672,0.000999999999990564
75365000,-8508,-5149,130672,-11109,-9793,131031,96,19228,459,1,64673,0.0010000000000047748
75366000,1660,-2942,129140,-6883,-3682,123436,131,19226,393,0,64674,0.0010000000000047748
75367000,649,3883,130809,1236,-1845,126062,131,19234,537,0,64675,0.000999999999990564
75368000,2291,-3239,130190,-2782,-4044,133241,109,19230,446,0,64676,0.0010000000000047748
75369000,-7024,-2739,130402,-12361,-170,129924,114,19222,467,1,64677,0.0010000000000047748
75370000,-8385,-359,131029,-10517,20940,124358,124,19229,508,1,64678,0.000999999999990564
75371000,-10502,18668,131378,-11610,4638,126205,105,19229,508,1,64679,0.0010000000000047748
75372000,-3845,3983,129164,-4228,-12928,133004,112,19232,430,1,64680,0.0010000000000047748
75373000,-2273,-5383,126807,-8336,-9069,127957,112,19219,459,0,64681,0.000999999999990564
75374000,-3427,-3580,125726,-6625,1140,123375,102,19229,418,0,64682,0.0010000000000047748
75375000,765,10351,128052,-5462,12337,120565,100,19229,410,0,64683,0.0010000000000047748
75376000,-5950,11778,126980,-10932,25,128993,128,19225,524,1,64684,0.000999999999990564
75377000,-7140,816,127540,-10646,11920,129243,118,19225,524,1,64685,0.0010000000000047748
75378000,-6726,5767,127669,-6890,1867,122199,101,19230,483,1,64686,0.0010000000000047748
75379000,-138,4547,127058,2338,58,126879,101,19228,414,0,64687,0.000999999999990564
75380000,657,-1824,125264,-1390,-7964,126997,139,19232,569,0,64688,0.0010000000000047748
75381000,1322,-6125,124684,-3469,-4114,128603,106,19224,434,0,64689,0.0010000000000047748
75382000,-1334,2033,126147,-5066,15018,117732,110,19227,451,0,64690,0.000999999999990564
75383000,-3877,16046,127555,-6759,14526,124206,146,19227,451,1,64691,0.0010000000000047748
75384000,-3305,5345,125787,1216,4870,127457,105,19231,598,1,64692,0.0010000000000047748
75385000,2428,4168,124549,7911,-1416,125781,105,19233,430,1,64693,0.000999999999990564
75386000,8007,588,122298,-533,7565,120786,102,19226,418,0,64694,0.0010000000000047748
75387008,11532,2737,125912,8386,-2137,124783,94,19229,385,0,64695,0.0010079999999987876
75388000,8083,-8884,124166,11689,-14608,132199,116,19228,475,0,64696,0.0009919999999965512
75389002,3022,-2660,125947,-6441,-4120,127421,128,19228,524,1,64697,0.0010019999999997253
75390000,924,10656,130016,2653,12840,121724,113,19225,524,1,64698,0.0009980000000098244
75391000,4437,13829,127848,11135,4114,125480,97,19233,463,1,64699,0.000999999999990564
75392002,8161,-296,124135,2458,-4966,127463,97,19231,397,0,64700,0.0010019999999997253
75393000,11147,4430,126655,1820,-5249,125100,135,19228,553,0,64701,0.0009980000000098244
75394000,11522,-3336,124780,12521,-8013,128554,103,19231,422,0,64702,0.000999999999990564
75395000,7178,-5759,128354,5291,740,129231,104,19231,426,0,64703,0.0010000000000047748
75396013,2823,-2220,130319,-11766,-3911,136237,133,19225,426,1,64704,0.0010130000000003747
75397010,1718,12244,129442,4325,14082,120581,111,19228,545,1,64705,0.0009969999999981383
75398002,860,12063,129634,9985,5656,127840,111,19232,455,1,64706,0.0009919999999965512
75399002,5508,-6731,127316,-9262,-14506,131711,102,19227,418,0,64707,0.0010000000000047748
75400000,10432,-8128,127858,11558,-10345,128721,116,19229,475,0,64708,0.0009979999999956135
75401000,7670,-9364,129886,16875,-15034,138353,101,19229,414,0,64709,0.0010000000000047748
75402000,2104,6009,131682,-22299,9606,117138,114,19231,414,1,64710,0.0010000000000047748
75403000,-3878,16281,134744,-8600,7017,131962,110,19220,467,1,64711,0.000999999999990564
75404000,-8293,1642,129824,8767,-957,130626,110,19225,451,1,64712,0.0010000000000047748
75405000,-4266,-2612,127717,-14677,-6925,126001,97,19226,397,1,64713,0.0010000000000047748
75406000,-185,-859,130780,-9532,-9257,133781,126,19224,516,0,64714,0.000999999999990564
75407001,9202,13525,128363,11394,10720,116759,101,19232,414,0,64715,0.00100100000000225
75408002,-3119,520,133356,-10950,-6453,136101,109,19232,414,0,64716,0.00100100000000225
75409000,-4162,-4014,131631,-17086,-7401,127741,143,19226,446,1,64717,0.0009979999999956135
75410000,-11275,4430,129480,-11519,1314,132668,143,19228,586,1,64718,0.0010000000000047748
75411000,-11232,17737,133187,-9114,15767,115535,112,19231,459,1,64719,0.0010000000000047748
75412000,-3598,12168,129533,-11314,5420,135185,98,19223,401,0,64720,0.000999999999990564
75413000,-5355,-10756,124886,-6953,-15142,130732,147,19234,602,0,64721,0.0010000000000047748
75414000,-620,7191,128753,-5503,-1009,123271,110,19234,602,0,64722,0.0010000000000047748
75415000,-316,542,127431,-6849,2860,128054,117,19228,451,0,64723,0.000999999999990564
75416000,-5448,13022,129973,-6358,8929,118558,117,19222,479,1,64724,0.0010000000000047748
75417000,-6457,5231,125197,-18854,-586,137066,111,19227,455,1,64725,0.0010000000000047748
75418000,-4094,1439,127032,3785,3881,118419,104,19230,426,1,64726,0.000999999999990564
75419001,1695,3678,124480,353,-6618,129950,121,19228,496,0,64727,0.00100100000000225
75420000,-1879,-3660,126116,-10567,-1432,124023,98,19228,496,0,64728,0.0009990000000072996
75421000,1777,7678,125210,-2445,2601,124486,104,19228,401,0,64729,0.000999999999990564
75422000,-1008,4289,125831,1826,3623,131747,104,19228,426,1,64730,0.0010000000000047748
75423000,-3968,14233,126918,-7268,9853,111801,140,19227,573,1,64731,0.0010000000000047748
75424002,-2512,12099,125757,-835,2755,131836,111,19235,455,1,64732,0.0010019999999997253
75425002,3418,4798,125948,5543,-654,122652,97,19227,397,0,64733,0.000999999999990564
75426001,11103,4195,123103,4193,-1548,122833,111,19227,397,0,64734,0.0009990000000072996
75427000,9347,-3869,124699,7806,-7012,127659,118,19230,455,0,64735,0.0009989999999930887
75428000,6289,-6663,125182,-621,-5327,122031,118,19225,483,0,64736,0.0010000000000047748
75429000,5594,-4480,126345,7164,2555,134929,118,19224,483,1,64737,0.0010000000000047748
75430000,505,4862,126314,-1767,18908,114587,113,19229,463,1,64738,0.000999999999990564
75431000,7007,12155,127360,6781,7219,128409,101,19232,414,1,64739,0.0010000000000047748
75432001,7147,2264,127498,11440,-6882,122643,114,19232,414,0,64740,0.00100100000000225
75433000,10256,-4549,124985,3195,-16966,136544,92,19222,467,0,64741,0.0009989999999930887
75434002,5779,-13919,127317,14385,-10947,128210,92,19229,377,0,64742,0.0010019999999997253
75435000,3342,4953,130169,-2659,6535,122637,102,19229,418,1,64743,0.0009980000000098244
75436000,3019,2419,131018,-1113,-2808,137854,129,19228,528,1,64744,0.000999999999990564
75437000,-464,12423,130333,2635,12362,117787,113,19230,463,1,64745,0.0010000000000047748
75438006,4704,11111,127725,-3779,-1833,132516,99,19230,405,1,64746,0.0010060000000038372
75439000,7029,-11305,124895,7269,-13464,127752,157,19235,405,0,64747,0.0009939999999915017
75440000,10590,-9018,128693,9569,-5588,126856,104,19233,643,0,64748,0.0010000000000047748
75441000,8350,-380,131351,2335,-11645,131849,104,19230,426,0,64749,0.0010000000000047748
75442001,-3779,2971,131301,-15913,10828,121345,110,19223,451,1,64750,0.0010009999999880392
75443000,-1310,489,134590,-3778,-4004,140637,133,19228,545,1,64751,0.0009990000000072996
75444000,-10003,-1928,127971,8609,-317,121324,104,19228,426,1,64752,0.0010000000000047748
75445000,393,3376,129779,-24850,-2558,131022,108,19231,426,0,64753,0.000999999999990564
75446000,196,-6230,130396,954,-7514,131529,86,19220,442,0,64754,0.0010000000000047748
75447000,5544,2886,128039,6816,3764,122969,86,19230,352,0,64755,0.0010000000000047748
75448001,-4540,6136,131034,-16815,196,131690,109,19227,446,0,64756,0.0010009999999880392
75449000,-9339,1448,130023,-13992,-589,126782,133,19224,545,1,64757,0.0009990000000072996
75450002,-5285,6559,132255,-7303,682,132533,116,19232,475,1,64758,0.0010019999999997253
75451000,-8687,5641,128597,-8917,3414,124234,99,19232,475,1,64759,0.0009979999999956135
75452000,-676,9668,130861,-12260,403,121372,148,19231,405,0,64760,0.0010000000000047748
75453000,-1927,3850,127166,-6218,-6678,129545,148,19227,606,0,64761,0.0010000000000047748
75454000,-1587,-1945,124950,-8870,-3498,128810,103,19232,422,0,64762,0.000999999999990564
75455001,-1728,7355,129072,-6696,5033,125551,108,19224,442,1,64763,0.00100100000000225
75456000,-8160,12247,128398,-7338,9726,115091,130,19231,532,1,64764,0.0009990000000072996
75457000,-2002,13138,129147,-15866,9179,133147,111,19231,532,1,64765,0.000999999999990564
75458000,-3637,4176,125989,-2616,-1592,128384,105,19233,455,1,64766,0.0010000000000047748
75459000,2926,-330,120217,1638,930,116659,105,19222,430,0,64767,0.0010000000000047748
75460000,657,8813,126702,-9272,9186,124890,84,19230,344,0,64768,0.000999999999990564
75461000,4659,4013,126603,3290,-3793,126445,110,19226,451,0,64769,0.0010000000000047748
75462000,1453,-3710,124989,2943,-6198,134537,129,19219,528,1,64770,0.0010000000000047748
75463000,-5433,3418,127552,-12607,10951,117026,113,19219,528,1,64771,0.000999999999990564
75464000,1082,14512,127661,-1273,27427,113913,93,19230,463,1,64772,0.0010000000000047748
75465000,4701,8921,124380,2894,-10234,132720,93,19230,381,0,64773,0.0010000000000047748
75466000,8509,-7606,121695,2367,-14050,123875,130,19234,532,0,64774,0.000999999999990564
75467000,7459,2462,124647,12041,-5493,122804,109,19232,446,0,64775,0.0010000000000047748
75468000,4625,6241,126681,6505,5358,121633,114,19228,467,0,64776,0.0010000000000047748
75469000,6453,4755,129669,-4732,-3910,131532,136,19228,467,1,64777,0.000999999999990564
75470000,1498,-2562,126804,-1989,1082,127647,107,19227,557,1,64778,0.0010000000000047748
75471002,9251,10215,127630,14551,6105,123338,107,19231,438,1,64779,0.0010019999999997253
75472002,7344,5169,124943,4945,-3789,121675,100,19224,410,0,64780,0.0010000000000047748
75473000,10332,2294,128260,3671,-5744,128480,111,19233,455,0,64781,0.0009979999999956135
75474000,9008,-15262,127071,9740,-14999,135296,106,19229,434,0,64782,0.000999999999990564
75475000,3847,-3003,129726,725,-368,123453,117,19229,434,1,64783,0.0010000000000047748
75476000,2369,15559,130809,-1267,14150,118076,109,19222,479,1,64784,0.0010000000000047748
75477000,-589,11441,130986,-1536,7103,131841,109,19234,446,1,64785,0.000999999999990564
75478000,6356,-8128,128239,4193,-10240,132632,99,19233,405,1,64786,0.0010000000000047748
75479000,6734,-7691,127738,809,-9915,126979,125,19222,512,0,64787,0.0010000000000047748
75480001,9921,-732,130224,14476,-3566,124849,99,19231,405,0,64788,0.00100100000000225
75481002,4061,-6285,128960,-1885,-10282,137634,105,19231,430,0,64789,0.0010009999999880392
75482000,387,-6863,130253,-22332,8573,126030,145,19226,430,1,64790,0.0009980000000098244
75483000,-7200,17705,135470,834,8987,126090,108,19231,594,1,64791,0.000999999999990564
75484000,-6316,5565,129888,3197,-2052,127947,108,19232,442,1,64792,0.0010000000000047748
75485000,-5483,-6037,128287,-14604,-17603,136060,96,19227,393,0,64793,0.0010000000000047748
75486000,-526,-11333,126682,-9189,-6921,128181,119,19233,487,0,64794,0.000999999999990564
75487000,3229,9700,131060,7385,1073,121746,110,19233,451,0,64795,0.0010000000000047748
75488000,-4205,18691,132370,-15007,9696,124237,118,19228,451,0,64796,0.0010000000000047748
75489000,-6908,-3232,130094,-19824,-3597,137730,111,19222,483,1,64797,0.000999999999990564
75490000,-9525,-8162,129185,-8178,-5497,135474,111,19229,455,1,64798,0.0010000000000047748
75491000,-4286,14397,129776,-7756,17817,117659,102,19231,418,1,64799,0.0010000000000047748
75492000,-4167,8683,128285,-6391,395,126639,121,19215,496,0,64800,0.000999999999990564
75493000,-3432,-5788,125239,-12484,-9267,130435,94,19215,385,0,64801,0.0010000000000047748
75494000,-360,-4368,126513,-2911,-3594,131342,103,19231,385,0,64802,0.0010000000000047748
75495000,-4169,2774,128274,-3809,3835,123994,137,19230,422,1,64803,0.000999999999990564
75496001,-8791,16353,130236,-14539,10544,121855,137,19227,561,1,64804,0.00100100000000225
75497002,-9821,5128,127573,-13403,-980,132013,117,19229,479,1,64805,0.00100100000000225
75498000,23,6276,128032,-774,2480,123957,103,19227,422,0,64806,0.0009979999999956135
75499000,-531,-3650,125293,9241,-11777,130972,120,19233,491,0,64807,0.0010000000000047748
75500000,-161,6543,125153,-12450,4872,117842,113,19233,491,0,64808,0.0010000000000047748
75501000,2856,10689,125338,-3769,5187,126916,113,19227,463,0,64809,0.000999999999990564
75502000,-666,2090,125416,-242,2984,130753,113,19221,463,1,64810,0.0010000000000047748
75503000,414,14657,126886,-6891,16706,118242,137,19231,561,1,64811,0.0010000000000047748
75504000,1052,3010,123865,3243,-1868,129537,103,19236,422,1,64812,0.000999999999990564
75505000,7085,1672,122859,7811,-2117,119455,110,19228,451,0,64813,0.0010000000000047748
75506000,8647,1188,121850,-4324,-3691,125992,93,19228,451,0,64814,0.0010000000000047748
75507000,10374,-563,127217,19900,-3383,125751,109,19229,381,0,64815,0.000999999999990564
75508000,5169,-784,127710,3363,-9641,131879,109,19227,446,1,64816,0.0010000000000047748
75509000,2087,-1294,128395,-9244,8279,124621,129,19227,528,1,64817,0.0010000000000047748
75510000,4538,17888,129833,11609,5702,123325,113,19233,463,1,64818,0.000999999999990564
75511000,5457,-807,123648,4094,4775,126595,95,19225,389,1,64819,0.0010000000000047748
75512000,9843,3205,126016,7357,-337,117131,143,19225,389,0,64820,0.0010000000000047748
75513000,12612,-8043,124353,16783,-21217,141307,101,19233,586,0,64821,0.000999999999990564
75514000,6458,-13134,127559,1206,-1398,122274,101,19227,414,0,64822,0.0010000000000047748
75515000,2862,10300,131580,-8938,719,129499,104,19224,426,1,64823,0.0010000000000047748
75516000,-1062,7346,130607,3896,12048,127012,126,19231,516,1,64824,0.000999999999990564
75517001,1438,16366,132334,5171,3122,126511,108,19231,442,1,64825,0.00100100000000225
75518000,1599,-4346,126260,-3755,-21922,133727,109,19231,442,0,64826,0.0009990000000072996
75519001,12067,-4916,127063,14981,-7282,122704,103,19220,446,0,64827,0.00100100000000225
75520000,9495,-7509,129703,6656,-14982,139151,103,19226,422,0,64828,0.0009989999999930887
75521002,6683,-2300,131947,-18232,12524,118890,110,19231,451,0,64829,0.0010019999999997253
75522001,2115,13201,133717,1170,172,133712,126,19219,516,1,64830,0.0009990000000072996
75523000,-11214,-4386,130853,-4994,1748,134139,110,19232,451,1,64831,0.0009989999999930887
75524003,-5422,-1791,127807,-13602,3729,123342,95,19232,389,1,64832,0.0010029999999972006
75525000,-1240,-9874,130604,2050,-11194,140178,143,19230,389,0,64833,0.0009969999999981383
75526000,3581,-401,129651,3323,312,118503,106,19231,586,0,64834,0.0010000000000047748
75527000,-1986,1453,131261,-9835,-5879,137141,106,19229,434,0,64835,0.0010000000000047748
75528000,-6110,961,132463,-9396,-289,126347,108,19229,442,1,64836,0.000999999999990564
75529000,-11140,6017,129693,-12988,5549,128582,136,19229,557,1,64837,0.0010000000000047748
75530000,-11171,7627,130397,-14073,4183,132107,109,19229,446,1,64838,0.0010000000000047748
75531000,-3847,11508,129229,-6676,5447,119074,103,19231,446,1,64839,0.000999999999990564
75532001,-2666,-1638,126023,-5238,-10885,134699,133,19223,422,0,64840,0.00100100000000225
75533000,-1723,-1976,126333,-3369,-2146,120235,133,19234,545,0,64841,0.0009990000000072996
75534000,-995,-73,126767,-11520,-4763,128635,104,19228,426,0,64842,0.000999999999990564
75535000,-1699,5864,129628,-7175,5597,127533,118,19218,483,1,64843,0.0010000000000047748
75536001,-8264,13117,127461,-6184,14029,118058,111,19218,455,1,64844,0.00100100000000225
75537000,-9458,2794,129179,-13701,637,132283,104,19226,455,1,64845,0.0009989999999930887
75538000,-1209,3029,124895,-1191,-2837,120057,133,19232,426,0,64846,0.0010000000000047748
75539002,-64,-2567,124514,-2605,-10216,131972,133,19229,545,0,64847,0.0010019999999997253
75540002,4859,5277,126658,2260,2371,113477,111,19223,455,0,64848,0.0010000000000047748
75541000,-348,8173,124500,-4521,8546,126222,110,19228,451,0,64849,0.0009979999999956135
75542000,-1149,5040,126852,-8844,1482,130306,155,19228,635,1,64850,0.0010000000000047748
75543000,-2588,12700,124572,28,11779,116488,110,19228,635,1,64851,0.000999999999990564
75544000,4188,11060,126190,1845,4497,129106,98,19229,451,1,64852,0.0010000000000047748
75545000,8580,2200,124046,4360,1119,117103,98,19224,401,0,64853,0.0010000000000047748
75546000,8951,-3284,124606,6614,-13507,131341,92,19230,377,0,64854,0.000999999999990564
75547001,9937,-5487,125650,7561,-11595,126637,109,19229,446,0,64855,0.00100100000000225
75548000,5020,8128,125771,300,5192,118496,118,19222,483,1,64856,0.0009990000000072996
75549000,777,9009,130491,4702,4630,126553,108,19222,483,1,64857,0.000999999999990564
75550000,3538,10155,126780,-1019,5427,126425,99,19229,442,1,64858,0.0010000000000047748
75551000,9025,-396,126720,8694,-3366,125522,99,19230,405,1,64859,0.0010000000000047748
75552000,10677,4015,124635,8409,1560,119792,123,19225,504,0,64860,0.000999999999990564
75553000,13844,-7001,125866,6197,-12640,139994,97,19228,397,0,64861,0.0010000000000047748
75554000,4866,-9015,129344,12142,-9981,127295,101,19231,414,0,64862,0.0010000000000047748
75555000,5000,-2074,128658,-7201,3695,129211,139,19231,414,1,64863,0.000999999999990564
75556000,-817,13143,131592,-232,20521,119050,111,19228,569,1,64864,0.0010000000000047748
75557001,821,13030,130526,7698,-9525,134497,111,19232,455,1,64865,0.00100100000000225
75558001,5761,-13563,124958,-2177,-2438,127910,99,19226,405,0,64866,0.000999999999990564
75559000,7000,-6589,128380,10067,-4283,123421,129,19232,528,0,64867,0.0009990000000072996
75560000,6876,-1965,127689,8347,-12449,135379,108,19232,442,0,64868,0.0010000000000047748
75561000,-2242,743,130507,-10651,1092,125552,113,19232,442,0,64869,0.000999999999990564
75562000,749,6099,134274,-13844,-402,136712,123,19224,463,1,64870,0.0010000000000047748
75563000,-5265,1310,131239,5022,6727,122067,123,19228,504,1,64871,0.0010000000000047748
75564000,-5878,9845,130664,-16179,-4234,127702,101,19233,414,1,64872,0.000999999999990564
75565000,3156,-6429,128319,-6371,-15566,135452,114,19224,467,0,64873,0.0010000000000047748
75566005,-1693,-5394,128911,9779,-7093,127862,97,19232,397,0,64874,0.001004999999992151
75567000,-133,145,129189,-15702,5216,128673,112,19232,397,0,64875,0.0009950000000031878
75568000,-8232,8456,133777,-17967,3685,124205,143,19223,459,1,64876,0.0010000000000047748
75569007,-7803,5931,130488,-6091,-3801,134956,116,19224,586,1,64877,0.0010070000000013124
75570002,-8458,8168,128897,-5068,10827,122951,116,19228,475,1,64878,0.0009950000000031878
75571000,-5371,3863,129552,-16315,6011,125003,97,19228,397,1,64879,0.0009979999999956135
75572001,108,-5070,127532,-4589,-8316,129866,157,19233,643,0,64880,0.00100100000000225
75573000,-3752,439,127592,-1827,-2513,126063,108,19233,442,0,64881,0.0009989999999930887
75574000,-2449,2358,128334,-13228,-6109,126989,112,19231,442,0,64882,0.0010000000000047748
75575000,-7134,5750,127641,-12507,7780,121883,128,19225,459,1,64883,0.0010000000000047748
75576002,-4671,9278,128480,-12886,12133,125385,128,19228,524,1,64884,0.0010019999999997253
75577000,-3909,7509,128648,4007,-1401,130518,109,19231,446,1,64885,0.0009979999999956135
75578001,-2295,2709,122913,-8316,2044,117808,112,19228,459,0,64886,0.00100100000000225
75579001,-660,4446,124961,-10433,-2120,127280,92,19228,377,0,64887,0.000999999999990564
75580001,-93,-1625,125501,10448,-6848,127888,109,19228,377,0,64888,0.0010000000000047748
75581002,2886,-1810,125975,-5071,-11126,131597,131,19228,446,1,64889,0.00100100000000225
75582000,-6209,17452,127825,-9309,15171,116661,131,19221,537,1,64890,0.0009979999999956135
75583001,-664,14535,126099,-7363,10385,124741,112,19226,459,1,64891,0.00100100000000225
75584000,7000,5729,124694,10163,782,129446,95,19228,389,1,64892,0.0009990000000072996
75585000,7368,5608,122131,8359,1797,119571,119,19228,487,0,64893,0.000999999999990564
75586000,11804,1532,122157,-47,-1539,126502,111,19232,487,0,64894,0.0010000000000047748
75587000,6199,-4035,125509,7786,-3842,124622,113,19232,455,0,64895,0.0010000000000047748
75588000,10000,-5519,125833,5569,-8460,134332,113,19224,463,1,64896,0.000999999999990564
75589000,-724,7992,129413,-2823,10046,121776,131,19230,537,1,64897,0.0010000000000047748
75590000,4642,15263,128036,3588,9878,121764,105,19233,430,1,64898,0.0010000000000047748
75591000,8180,52,124551,12820,-5898,129100,103,19219,422,0,64899,0.000999999999990564
75592000,10095,490,127179,-1285,-5935,125583,105,19219,422,0,64900,0.0010000000000047748
75593000,10143,-12434,128074,15310,-23295,135213,109,19227,430,0,64901,0.0010000000000047748
75594000,2069,9133,129658,2768,6089,119561,109,19235,446,0,64902,0.000999999999990564
75595000,5004,7035,132914,-8137,-333,136262,123,19223,504,1,64903,0.0010000000000047748
75596002,-1262,6618,129244,8091,4487,124571,113,19229,463,1,64904,0.0010019999999997253
75597002,73,7755,128803,-4469,5367,128249,99,19226,405,1,64905,0.0010000000000047748
75598001,8034,-5234,127060,-1340,-11730,129660,138,19226,405,0,64906,0.0009989999999930887
75599002,10126,-7714,128283,16047,-8810,130191,101,19228,565,0,64907,0.00100100000000225
75600000,7242,-4917,129094,7720,-9475,133477,101,19232,414,0,64908,0.0009979999999956135
75601000,-1044,-1030,130934,-19363,11692,120502,102,19226,418,1,64909,0.0010000000000047748
75602000,-2236,17643,135907,-4553,-1991,131963,145,19228,594,1,64910,0.000999999999990564
75603000,-7283,-2842,129579,3198,-5150,131658,107,19231,438,1,64911,0.0010000000000047748
75604000,-3651,-1894,130196,-13259,-13568,129329,100,19231,438,1,64912,0.0010000000000047748
75605000,2004,-6384,127342,-9140,5820,121301,102,19222,410,0,64913,0.000999999999990564
75606001,3719,9557,128644,4813,2311,125335,102,19231,418,0,64914,0.00100100000000225
75607000,-1132,1764,131726,-16493,-9669,136433,105,19225,430,0,64915,0.0009990000000072996
75608000,-8933,-4834,131515,-11437,1206,130603,123,19228,504,1,64916,0.000999999999990564
75609000,-11508,10372,131486,-9722,8619,126828,113,19228,463,1,64917,0.0010000000000047748
75610001,-10539,10027,131498,-10991,5227,123797,99,19228,463,1,64918,0.00100100000000225
75611000,-45,4169,128509,-4912,-5392,128528,129,19231,405,0,64919,0.0009989999999930887
75612000,-4650,-8050,126359,-5223,-8276,132316,129,19220,528,0,64920,0.0010000000000047748
75613000,-959,3101,127242,-5505,978,121358,99,19233,405,0,64921,0.0010000000000047748
75614000,-2660,8043,127510,-11153,9820,123351,104,19228,426,1,64922,0.000999999999990564
75615001,-5856,9367,129078,-8575,3415,128053,147,19227,602,1,64923,0.00100100000000225
75616000,-5207,-226,125631,-4007,-5118,130906,115,19227,471,1,64924,0.0009990000000072996
75617000,-5975,5131,125902,-15805,11012,122969,99,19228,471,1,64925,0.000999999999990564
75618000,3506,3268,124144,4604,11595,118923,100,19224,405,0,64926,0.0010000000000047748
75619001,3548,-570,124302,3079,-8285,130228,100,19226,410,0,64927,0.00100100000000225
75620000,3252,-3545,124298,-9170,285,128774,110,19229,451,0,64928,0.0009989999999930887
75621000,-4462,-763,124373,-7908,1515,124401,116,19220,475,1,64929,0.0010000000000047748
75622000,-2860,15529,129096,2397,12615,126096,124,19220,508,1,64930,0.0010000000000047748
75623000,-3508,12202,124106,4632,6367,120604,97,19228,508,1,64931,0.000999999999990564
75624000,3472,5082,125589,-5637,-4068,129200,118,19234,397,0,64932,0.0010000000000047748
75625000,10444,-870,122363,9941,-950,119901,118,19230,483,0,64933,0.0010000000000047748
75626000,10839,8460,125995,13049,-2213,123022,101,19227,414,0,64934,0.000999999999990564
75627000,7667,-7334,125153,3148,-13816,130682,111,19227,455,0,64935,0.0010000000000047748
75628000,1763,-3944,129074,-2173,-5858,125966,142,19227,582,1,64936,0.0010000000000047748
75629000,2647,12475,130865,98,14965,127615,110,19226,582,1,64937,0.000999999999990564
75630000,6564,11701,122849,16178,15664,117588,95,19232,451,1,64938,0.0010000000000047748
75631000,9045,6518,126383,258,-116,128206,95,19224,389,0,64939,0.0010000000000047748
75632000,11588,-7771,122917,5015,-11823,126079,136,19229,557,0,64940,0.000999999999990564
75633000,11019,-6039,127210,20363,-9179,130422,105,19231,430,0,64941,0.0010000000000047748
75634000,5744,-476,132053,-6071,354,130368,108,19222,442,1,64942,0.0010000000000047748
75635000,2424,11365,129729,-5314,9943,124782,110,19222,442,1,64943,0.000999999999990564
75636000,-642,10067,130881,9709,4252,132261,103,19228,451,1,64944,0.0010000000000047748
75637001,2645,-95,127710,-3701,-5417,125804,103,19233,422,1,64945,0.00100100000000225
75638001,9047,-2683,128981,-2004,-3213,128747,118,19219,483,0,64946,0.0010000000000047748
75639003,11773,-9829,130100,20954,-10602,130394,93,19230,381,0,64947,0.0010019999999997253
75640000,3970,-5023,128978,6907,-11656,131619,102,19228,418,0,64948,0.0009969999999981383
75641000,-1625,2602,132832,-30054,897,124245,133,19228,418,1,64949,0.000999999999990564
75642004,-6133,20407,132781,1975,16945,122131,109,19225,545,1,64950,0.0010040000000088867
75643000,-8891,3883,132350,6910,-3114,132744,109,19232,446,1,64951,0.000996000000000663
75644000,-1773,-11623,127118,-23637,-16138,136451,96,19230,393,0,64952,0.000999999999990564
75645000,823,-6877,131125,-3830,-9883,122809,143,19231,586,0,64953,0.0010000000000047748
75646006,2310,7302,129497,7711,6754,124128,117,19228,479,0,64954,0.0010060000000038372
75647002,-4248,2517,130573,-15542,-3863,133718,117,19228,479,0,64955,0.000996000000000663
75648000,-9975,-561,130563,-16980,-1080,133091,129,19221,479,1,64956,0.0009979999999956135
75649002,-8531,1923,128672,-9325,8180,127582,129,19229,528,1,64957,0.0010019999999997253
75650002,-6830,15676,130599,-7141,13837,116612,111,19234,455,1,64958,0.0010000000000047748
75651000,-2044,5069,128397,-10289,-17170,135188,112,19218,459,0,64959,0.0009979999999956135
75652000,-2910,-11698,123575,-5836,-4521,128744,111,19233,455,0,64960,0.0010000000000047748
75653000,-921,-2230,126683,-9946,6974,124407,104,19233,455,0,64961,0.000999999999990564
75654000,-3545,12459,128001,-2688,9494,124238,125,19228,426,1,64962,0.0010000000000047748
75655000,-8352,13724,128427,-11152,3239,124871,125,19222,512,1,64963,0.0010000000000047748
75656000,-6897,-2737,128259,-17711,-5143,138549,118,19232,483,1,64964,0.000999999999990564
75657000,-2070,4625,128004,9267,7030,115490,102,19230,418,1,64965,0.0010000000000047748
75658000,-403,8635,125946,-2312,127,124779,145,19235,594,0,64966,0.0010000000000047748
75659000,1931,-2455,124842,-7730,-7948,127114,109,19235,446,0,64967,0.000999999999990564
75660000,1330,-1763,124044,-1411,-391,127294,112,19225,446,0,64968,0.0010000000000047748
75661000,-1214,6609,125796,-2488,13397,123712,151,19225,459,1,64969,0.0010000000000047748
75662000,-4046,16450,126742,-3427,14058,116128,151,19230,618,1,64970,0.000999999999990564
75663000,723,9578,125600,-2809,-622,130990,109,19231,446,1,64971,0.0010000000000047748
75664000,11706,-3651,121612,7782,1178,125054,101,19226,414,0,64972,0.0010000000000047748
75665000,7802,-6816,123232,4412,3360,122129,83,19226,340,0,64973,0.000999999999990564
75666000,10591,-4399,127415,8921,-11582,128251,116,19229,340,0,64974,0.0010000000000047748
75667000,314,-2784,124387,9740,-7964,128473,127,19227,475,0,64975,0.0010000000000047748
75668000,1093,8128,128314,-10358,3043,124709,127,19225,520,1,64976,0.000999999999990564
75669000,4484,14380,129291,4719,13018,120080,113,19228,463,1,64977,0.0010000000000047748
75670000,6536,6131,126482,13149,-78,124594,97,19228,397,1,64978,0.0010000000000047748
75671000,13279,-519,126184,2330,-6528,126572,131,19228,537,0,64979,0.000999999999990564
75672000,8605,-3189,126108,9067,-8142,128692,101,19226,537,0,64980,0.0010000000000047748
75673000,7590,-10973,126622,9412,-13792,135220,105,19232,414,0,64981,0.0010000000000047748
75674000,2299,152,130708,-6923,2647,126069,105,19227,430,1,64982,0.000999999999990564
75675000,-765,-1208,130862,-2841,-5846,131809,140,19231,573,1,64983,0.0010000000000047748
75676002,3031,23524,131709,6386,12895,115872,112,19231,459,1,64984,0.0010019999999997253
75677000,3041,1737,125575,-9697,-4985,134248,102,19223,418,1,64985,0.0009979999999956135
75678000,12754,-18023,126273,13078,-18510,132153,125,19223,418,0,64986,0.0010000000000047748
75679000,7281,3426,129611,15619,6013,120070,107,19231,512,0,64987,0.0010000000000047748
75680000,4054,-3617,128692,-15180,-7356,138884,107,19232,438,0,64988,0.000999999999990564
75681000,1748,6271,132831,-12021,8811,123185,113,19219,463,1,64989,0.0010000000000047748
75682001,-6083,108,132216,6315,-6314,136858,110,19229,451,1,64990,0.00100100000000225
75683000,-7778,5600,129947,-4719,5379,119351,100,19229,410,1,64991,0.0009989999999930887
75684000,-157,359,130634,-21023,-7802,131893,124,19229,410,0,64992,0.0010000000000047748
75685000,-566,-9298,128532,8361,-12433,134935,99,19227,508,0,64993,0.0010000000000047748
75686000,1147,12270,131660,-3365,7269,117282,99,19232,405,0,64994,0.000999999999990564
75687000,-7199,-2359,132878,-18115,-7993,138723,108,19225,442,1,64995,0.0010000000000047748
75688000,-7053,11834,132190,-7954,6696,120346,148,19229,606,1,64996,0.0010000000000047748
75689000,-6615,5720,129668,-15001,-2278,141918,116,19232,475,1,64997,0.000999999999990564
75690000,-5682,9051,129035,-7580,10384,119132,102,19232,475,1,64998,0.0010000000000047748
75691000,-2013,7992,129403,-7595,672,137392,165,19222,418,0,64999,0.0010000000000047748
75692000,-2867,-4155,125738,-5482,-6892,124127,165,19229,676,0,65000,0.000999999999990564
75693000,-111,-776,126416,-8234,-3805,135229,101,19228,414,0,65001,0.0010000000000047748
75694000,-5553,1319,127135,-9835,2851,113608,110,19222,451,1,65002,0.0010000000000047748
75695000,-4615,29676,128708,-10727,5818,125397,122,19227,500,1,65003,0.000999999999990564
75696000,-7995,-6307,126026,-5289,-5380,133863,109,19227,500,1,65004,0.0010000000000047748
75697002,-1153,7309,126786,-8408,5549,118098,118,19234,446,0,65005,0.0010019999999997253
75698000,2440,689,123816,-4973,-6599,127294,118,19229,483,0,65006,0.0009979999999956135
75699000,2086,4528,125334,7794,13127,114498,103,19223,422,0,65007,0.0010000000000047748
75700000,5315,-3349,125004,-5977,-18288,141489,111,19231,455,0,65008,0.0010000000000047748
75701000,-3686,328,127301,523,9970,115985,139,19219,569,1,65009,0.000999999999990564
75702000,-2808,23659,129194,-4125,12719,123693,113,19219,569,1,65010,0.0010000000000047748
75703001,1475,5182,126740,2560,10614,121271,95,19230,463,1,65011,0.00100100000000225
75704012,7276,9533,124006,5075,-4357,124082,108,19226,389,0,65012,0.0010109999999912134
75705001,7753,-12397,121228,10469,-15454,132662,108,19231,442,0,65013,0.0009890000000041255
75706000,6375,-221,126222,7647,615,119081,109,19231,446,0,65014,0.0009990000000072996
75707001,5889,902,128319,-367,-4893,131499,113,19226,463,1,65015,0.0010009999999880392
75708000,1727,8853,128981,-722,17917,118769,117,19226,479,1,65016,0.0009990000000072996
75709000,1676,9401,129157,8922,-2684,134094,106,19228,479,1,65017,0.0010000000000047748
75710001,6887,-2453,124422,7569,-9170,121242,111,19231,434,1,65018,0.0010009999999880392
75711000,9210,8622,125167,645,5348,122110,111,19223,455,0,65019,0.0009990000000072996
75712000,12558,-6878,128108,16440,-10787,136252,88,19229,360,0,65020,0.0010000000000047748
75713000,8332,-11462,125400,2453,-10149,126552,101,19232,414,0,65021,0.000999999999990564
75714000,3799,1353,129887,-6898,3560,130989,124,19232,508,1,65022,0.0010000000000047748
75715000,-1787,15145,131081,6661,9658,122449,113,19220,508,1,65023,0.0010000000000047748
75716000,1532,10378,128853,932,3282,129647,97,19230,463,1,65024,0.000999999999990564
75717000,6181,-4636,127653,-3960,-9162,129978,97,19233,397,0,65025,0.0010000000000047748
75718000,11060,-13769,127251,11001,-17057,129584,153,19235,627,0,65026,0.0010000000000047748
75719000,8913,124,129952,16943,-4004,126796,104,19227,426,0,65027,0.000999999999990564
75720000,-515,-3943,129865,-22937,-7993,132081,105,19227,430,0,65028,0.0010000000000047748
75721000,-2664,10886,133700,-12051,12121,124342,136,19225,430,1,65029,0.0010000000000047748
75722000,-5327,3816,133099,5534,-5122,132573,103,19228,557,1,65030,0.000999999999990564
75723000,-7047,7133,130817,-7490,-2107,126223,103,19231,422,1,65031,0.0010000000000047748
75724002,1447,-11672,126806,-10887,-13625,132463,105,19227,430,0,65032,0.0010019999999997253
75725000,-3011,-4896,130054,-114,-2517,129825,90,19232,369,0,65033,0.0009979999999956135
75726001,3569,6743,130736,2055,4996,124152,107,19227,438,0,65034,0.00100100000000225
75727000,-8382,2480,130473,-16730,-1419,133678,127,19227,438,1,65035,0.0009989999999930887
75728003,-10772,680,131449,-20204,4043,131906,114,19222,520,1,65036,0.0010030000000114114
75729000,-7780,8088,128478,-4741,6742,125411,114,19227,467,1,65037,0.0009969999999981383
75730000,-2320,7353,130038,-6214,3044,129388,97,19226,397,1,65038,0.000999999999990564
75731000,-241,-148,124466,-6725,-6372,125883,138,19222,565,0,65039,0.0010000000000047748
75732000,-4251,-1076,126387,-8267,-4765,127447,103,19231,422,0,65040,0.0010000000000047748
75733001,-1148,4375,127360,-5579,4031,123910,107,19231,422,0,65041,0.00100100000000225
75734000,-6593,9470,129186,-4089,4343,124533,129,19226,438,1,65042,0.0009989999999930887
75735000,-7954,8372,129175,-15661,2337,125713,129,19226,528,1,65043,0.0010000000000047748
75736000,-5719,15566,128107,-4811,8775,121242,109,19231,446,1,65044,0.000999999999990564
75737000,928,3228,128420,-4157,2173,130276,105,19222,430,0,65045,0.0010000000000047748
75738000,1081,-7920,124393,570,-9917,126613,87,19232,356,0,65046,0.0010000000000047748
75739000,274,-2363,124203,-3513,-4141,129627,110,19232,356,0,65047,0.000999999999990564
75740000,-248,6743,125545,-7004,4281,113655,121,19233,451,0,65048,0.0010000000000047748
75741000,-3839,17277,128047,-580,15746,130027,121,19218,496,1,65049,0.0010000000000047748
75742000,1873,4739,125241,-6919,-5278,127570,109,19230,446,1,65050,0.000999999999990564
75743001,838,9977,123041,8219,7545,119874,94,19230,385,1,65051,0.00100100000000225
75744000,11295,6339,123348,-3792,-850,123983,124,19232,508,0,65052,0.0009990000000072996
75745000,12143,2620,124093,12103,-8553,119986,105,19232,508,0,65053,0.000999999999990564
75746000,7647,-4231,124284,14495,-15846,138416,112,19226,430,0,65054,0.0010000000000047748
75747002,5466,-12933,123966,-2564,4176,121148,112,19227,459,1,65055,0.0010019999999997253
75748000,586,17815,130185,9678,13244,125216,137,19230,561,1,65056,0.0009979999999956135
75749000,5041,8807,127381,2830,352,125123,111,19230,455,1,65057,0.0010000000000047748
75750000,7017,2141,125045,2335,-1168,124396,97,19224,397,0,65058,0.0010000000000047748
75751000,10322,198,128506,7826,-5098,131494,119,19224,487,0,65059,0.000999999999990564
75752000,9123,-8772,124648,14970,-7338,122224,105,19231,487,0,65060,0.0010000000000047748
75753000,4430,-4124,130505,-1271,-9603,136792,112,19229,430,0,65061,0.0010000000000047748
75754000,2175,-2627,129739,-5736,1811,126547,112,19220,459,1,65062,0.000999999999990564
75755000,-674,23963,130494,-266,16243,121870,108,19230,442,1,65063,0.0010000000000047748
75756000,1210,5051,128278,1471,-1167,128943,101,19227,414,1,65064,0.0010000000000047748
75757000,8684,1011,127927,69,-10759,121015,123,19227,504,0,65065,0.000999999999990564
75758000,10730,-11060,129563,17716,-17705,138447,97,19228,504,0,65066,0.0010000000000047748
75759000,5642,-13816,127343,2993,-2550,126641,105,19228,397,0,65067,0.0010000000000047748
75760000,3412,3904,133474,-19541,11811,127184,105,19228,430,1,65068,0.000999999999990564
75761002,-5044,12633,132324,1360,4719,125974,143,19226,586,1,65069,0.0010019999999997253
75762001,-7466,4735,129221,432,-1938,128862,110,19232,451,1,65070,0.0009990000000072996
75763002,-5457,-8654,130594,-18450,-13583,135470,95,19232,389,1,65071,0.00100100000000225
75764002,1778,-8915,128377,-3503,312,127296,125,19230,389,0,65072,0.000999999999990564
75765000,5939,4520,130413,4844,4680,130840,110,19233,512,0,65073,0.0009980000000098244
75766000,-3648,-1640,129492,-11073,-1459,128304,110,19228,451,0,65074,0.000999999999990564
75767000,-7468,-330,129903,-19457,-573,130564,117,19223,479,1,65075,0.0010000000000047748
75768000,-11210,649,131251,-9924,965,135657,123,19228,504,1,65076,0.0010000000000047748
75769000,-10589,6698,131645,-4309,8753,121942,104,19231,426,1,65077,0.000999999999990564
75770000,-1683,16033,132017,-13232,649,124548,113,19231,426,0,65078,0.0010000000000047748
75771000,-5044,-7961,123668,-17126,-10434,129553,95,19217,463,0,65079,0.0010000000000047748
75772000,811,-8167,127174,4208,-5936,131824,95,19230,389,0,65080,0.000999999999990564
75773000,-2238,4222,127851,-2358,2215,120150,105,19225,430,0,65081,0.0010000000000047748
75774000,-6002,14816,127555,-14240,11871,124449,137,19224,561,1,65082,0.0010000000000047748
75775000,-9993,10401,129448,-12311,715,128633,116,19231,475,1,65083,0.000999999999990564
75776001,-1975,-833,123933,-6005,-1828,122722,101,19231,475,1,65084,0.00100100000000225
75777000,2282,6685,127055,8234,3663,123628,120,19227,414,0,65085,0.0009990000000072996
75778000,-1940,-4237,123783,-5343,-6959,126547,120,19229,491,0,65086,0.000999999999990564
75779001,2331,-1989,123099,-10954,-4940,126147,111,19229,455,0,65087,0.00100100000000225
75780000,-1251,11090,126619,828,10390,124087,113,19224,463,1,65088,0.0009990000000072996
75781000,-1423,6658,126497,2380,3585,123791,142,19230,582,1,65089,0.000999999999990564
75782000,-3542,13825,126669,-7363,2918,117898,103,19230,582,1,65090,0.0010000000000047748
75783000,4189,1789,123583,-10501,-6916,131042,107,19233,422,0,65091,0.0010000000000047748
75784000,11286,4876,123990,16652,4378,121020,107,19222,438,0,65092,0.000999999999990564
75785000,6959,4758,126046,9319,-1405,127244,101,19224,414,0,65093,0.0010000000000047748
75786000,9020,-7900,124508,-4581,-11467,129312,116,19228,475,0,65094,0.0010000000000047748
75787002,-384,-1703,125995,8038,-5796,131315,130,19224,532,1,65095,0.0010019999999997253
75788002,7271,12964,127519,620,15465,118796,113,19224,532,1,65096,0.000999999999990564
75789000,6761,20674,127431,6609,3843,120815,98,19228,463,1,65097,0.0009980000000098244
75790001,6291,-4019,123950,11255,-1797,130742,98,19229,401,0,65098,0.0010009999999880392
75791000,14915,-10250,126370,-3434,-9232,131615,142,19230,582,0,65099,0.0009990000000072996
75792000,6819,-14506,126509,17780,-16361,131686,104,19229,426,0,65100,0.0010000000000047748
75793000,6100,3245,129703,4384,12731,120456,103,19225,422,0,65101,0.000999999999990564
75794000,-2241,8474,131788,-5155,4252,130247,120,19225,491,1,65102,0.0010000000000047748
75795000,2115,5129,131244,12652,-3291,130798,109,19233,491,1,65103,0.0010000000000047748
75796000,2574,4351,128699,-3642,-2007,125310,107,19231,446,1,65104,0.000999999999990564
75797000,6635,-384,130124,1965,-4989,124808,107,19221,438,0,65105,0.0010000000000047748
75798000,13442,-2283,129364,17606,-7168,129499,113,19228,463,0,65106,0.0010000000000047748
75799002,1559,-10731,127182,-4280,-14215,140604,105,19228,430,0,65107,0.0010019999999997253
75800000,-300,-2651,132495,-21740,9041,122256,117,19228,479,1,65108,0.0009979999999956135
75801000,-5648,13015,133829,8192,6329,130564,107,19220,479,1,65109,0.0010000000000047748
75802000,-8119,4621,129554,-1633,1489,127930,96,19230,438,1,65110,0.000999999999990564
75803001,46,-3417,128602,-23402,-13009,130035,96,19231,393,0,65111,0.00100100000000225
75804000,258,-13721,127034,8179,-16688,135528,132,19232,541,0,65112,0.0009990000000072996
75805001,5251,13140,128594,2518,15902,114169,103,19228,422,0,65113,0.0010009999999880392
75806000,-5444,4779,131842,-24316,-4408,137206,108,19228,442,0,65114,0.0009990000000072996
75807000,-5761,-5854,129354,-9982,-489,129505,138,19227,442,1,65115,0.0010000000000047748
75808000,-10443,5442,130365,-7698,1233,131903,112,19231,565,1,65116,0.000999999999990564
75809000,-9899,12669,129248,-9972,9742,115433,112,19234,459,1,65117,0.0010000000000047748
75810000,-1675,9212,129642,-5879,-1238,129258,102,19221,418,0,65118,0.0010000000000047748
75811001,-3894,-14502,126080,-7213,-13297,134412,137,19234,561,0,65119,0.0010009999999880392
75812000,-109,3816,128646,-2971,3292,121875,101,19229,414,0,65120,0.0009990000000072996
75813000,-8047,3776,126880,-11367,-1954,128815,113,19229,414,1,65121,0.0010000000000047748
75814000,-7371,10232,127891,-13554,11659,118190,108,19220,463,1,65122,0.000999999999990564
75815000,-4881,9815,129353,-8793,-2001,135633,108,19227,442,1,65123,0.0010000000000047748
75816000,-2830,-3888,125393,-158,-5556,126261,101,19227,414,1,65124,0.0010000000000047748
75817000,-764,18641,126522,-7057,7318,112694,125,19226,512,0,65125,0.000999999999990564
75818001,960,7646,126000,953,-5378,129336,101,19228,414,0,65126,0.00100100000000225
75819000,3226,-5880,123508,2678,-6122,133069,106,19228,414,0,65127,0.0009990000000072996
75820000,459,-1288,127173,-8847,-1579,128713,144,19225,434,1,65128,0.000999999999990564
75821000,-4846,20732,126865,-6227,21467,111799,144,19226,590,1,65129,0.0010000000000047748
75822000,414,13520,127441,-391,3628,130576,107,19232,438,1,65130,0.0010000000000047748
75823000,7850,-6606,121693,5247,-10609,130389,93,19226,381,0,65131,0.000999999999990564
75824000,7606,5141,123703,4271,3315,121219,115,19231,471,0,65132,0.0010000000000047748
75825000,6990,-1339,124771,4595,-3961,123689,123,19231,471,0,65133,0.0010000000000047748
75826000,5701,1768,127002,11624,-6611,124850,123,19227,504,0,65134,0.000999999999990564
75827000,3656,-4925,127297,-1991,-9943,133764,123,19219,504,1,65135,0.0010000000000047748
75828000,4640,14006,129528,-1222,14676,118378,108,19231,442,1,65136,0.0010000000000047748
75829000,5418,18180,129589,15772,8879,120407,100,19233,410,1,65137,0.000999999999990564
75830000,11126,-1299,123749,2047,-8805,127047,114,19224,467,0,65138,0.0010000000000047748
75831004,7419,-6364,127986,1412,-9723,138448,93,19224,467,0,65139,0.0010039999999946758
75832002,8747,-12219,126519,19621,-13442,123175,100,19231,381,0,65140,0.0009980000000098244
75833002,5663,11089,129030,-2003,9247,122960,100,19227,410,1,65141,0.000999999999990564
75834000,2327,14008,132969,-11323,8767,129383,129,19229,528,1,65142,0.0009980000000098244
75835000,2785,880,127156,9854,-1449,127224,111,19228,455,1,65143,0.000999999999990564
75836000,1843,6645,129536,905,-9506,129267,95,19226,389,1,65144,0.0010000000000047748
75837002,7634,-10887,126686,-5690,-13721,130535,150,19226,614,0,65145,0.0010019999999997253
75838000,9848,-5041,130944,22110,-4651,130426,101,19232,614,0,65146,0.0009979999999956135
75839001,5572,-2850,129126,-2306,-8164,128535,101,19230,414,0,65147,0.00100100000000225
75840000,1916,12247,132220,-20185,19374,121710,106,19224,434,1,65148,0.0009990000000072996
75841000,-4961,5184,132403,6595,-10096,135810,129,19229,528,1,65149,0.000999999999990564
75842000,-6795,-5710,128682,-14435,-9529,130629,102,19234,418,1,65150,0.0010000000000047748
75843000,-3220,-401,129754,-13133,-13725,131856,110,19234,451,0,65151,0.0010000000000047748
75844001,827,628,131363,9342,574,124381,93,19220,451,0,65152,0.0010009999999880392
75845000,-1092,5732,129808,-2457,20,125990,107,19229,381,0,65153,0.0009990000000072996
75846000,-4573,1046,131431,-21151,1176,130068,107,19227,438,0,65154,0.0010000000000047748
75847000,-7936,1136,129870,-11027,-323,131008,135,19226,553,1,65155,0.000999999999990564
75848000,-4475,7784,130596,-3492,7427,125662,116,19229,475,1,65156,0.0010000000000047748
75849000,-5972,10444,130584,-12355,4499,125879,100,19229,410,1,65157,0.000999999999990564
75850000,-1477,-279,128769,-7466,-8990,129121,151,19227,410,0,65158,0.0010000000000047748
75851001,-5182,-3236,125430,-4188,-5511,126683,110,19228,618,0,65159,0.00100100000000225
75852000,-950,2516,129552,-7842,-371,126417,110,19232,451,0,65160,0.0009989999999930887
75853000,-2967,4723,125674,-481,21715,118121,109,19223,446,1,65161,0.0010000000000047748
75854000,-8694,9138,130131,-17606,11059,130610,130,19227,532,1,65162,0.0010000000000047748
75855000,-3899,-385,123300,-9399,-1739,126084,111,19227,455,1,65163,0.000999999999990564
75856000,-2070,2746,126913,4586,2304,130743,111,19229,455,0,65164,0.0010000000000047748
75857000,2407,-3707,124934,-1343,-2942,121260,88,19231,455,0,65165,0.0010000000000047748
75858000,-235,4147,126395,-5454,-325,126011,88,19228,360,0,65166,0.000999999999990564
75859000,968,-971,125696,-4696,-6962,134108,105,19233,430,0,65167,0.0010000000000047748
75860000,-2352,8801,124428,-2177,15553,114265,126,19223,516,1,65168,0.0010000000000047748
75861000,-2946,16998,127915,-3220,11065,125551,115,19227,471,1,65169,0.000999999999990564
75862000,-863,5431,123862,5506,1702,121647,93,19227,471,1,65170,0.0010000000000047748
75863000,6895,4862,123700,-4046,1890,129421,127,19230,381,0,65171,0.0010000000000047748
75864000,10809,980,124103,16074,-3550,119654,127,19233,520,0,65172,0.000999999999990564
75865000,9024,2404,124368,9691,2891,118672,106,19234,434,0,65173,0.0010000000000047748
75866001,7138,-10126,126262,-7104,-9999,136328,112,19227,459,1,65174,0.00100100000000225
75867000,2178,4967,128898,8299,6921,119022,135,19229,553,1,65175,0.0009989999999930887
75868000,4772,8093,126836,2145,1594,131524,109,19229,553,1,65176,0.0010000000000047748
75869000,5731,13516,126507,4456,11966,114794,101,19235,446,1,65177,0.0010000000000047748
75870000,11873,3815,126317,4362,-3869,128552,101,19220,414,0,65178,0.000999999999990564
75871000,12333,-12837,125491,15353,-13466,134220,105,19233,430,0,65179,0.0010000000000047748
75872000,5416,1042,129112,10132,-2217,124903,103,19227,422,0,65180,0.0010000000000047748
75873002,5766,-1380,128751,-13661,-1622,133533,117,19224,479,1,65181,0.0010019999999997253
75874000,-38,18699,134175,7421,16700,116694,112,19224,479,1,65182,0.0009979999999956135
75875000,810,3531,130005,9450,-3044,139749,101,19230,459,1,65183,0.0010000000000047748
75876000,4034,-6460,126847,-12016,-11044,121609,101,19225,414,0,65184,0.000999999999990564
75877000,10798,-2803,128244,2657,-7640,127126,134,19222,549,0,65185,0.0010000000000047748
75878000,10302,-8369,128257,26349,-11158,125202,100,19230,410,0,65186,0.0010000000000047748
75879003,82,1229,130895,-15568,-49,129501,103,19226,422,0,65187,0.0010029999999972006
75880000,1770,4987,133177,-20549,3011,125987,155,19226,422,1,65188,0.0009969999999981383
75881000,-10051,12674,129891,17088,10586,122286,110,19232,635,1,65189,0.0010000000000047748
75882000,-900,507,129227,-15332,-4199,138862,110,19229,451,1,65190,0.000999999999990564
75883000,-2589,-6199,130179,-12576,-11635,126933,99,19228,405,0,65191,0.0010000000000047748
75884000,3896,-2028,129025,3678,463,127328,112,19228,459,0,65192,0.0010000000000047748
75885000,-802,2128,132724,-2556,-2434,128181,109,19230,446,0,65193,0.000999999999990564
75886000,-8513,2289,131198,-13841,-8275,132630,121,19230,496,1,65194,0.0010000000000047748
75887000,-7362,8112,129848,-10287,10985,130487,111,19220,496,1,65195,0.0010000000000047748
75888000,-16011,3583,129585,-14656,12357,120921,101,19230,455,1,65196,0.000999999999990564
75889001,-897,10574,133010,-2913,-500,131756,101,19229,414,1,65197,0.00100100000000225
75890000,-6293,272,125244,-3212,-10215,126061,124,19216,508,0,65198,0.0009990000000072996
75891000,-3303,-7337,126388,-17390,-3052,131258,105,19230,430,0,65199,0.000999999999990564
75892000,-949,4809,126879,-2548,4020,121341,106,19230,434,0,65200,0.0010000000000047748
75893000,-5728,9671,127241,-7612,8369,124508,146,19229,434,1,65201,0.0010000000000047748
75894000,-4109,9049,130962,-14045,-456,130158,119,19226,598,1,65202,0.000999999999990564
75895000,-9373,1549,126743,-6729,-2260,126749,119,19232,487,1,65203,0.0010000000000047748
75896001,2101,5638,125826,-1501,5890,123980,104,19224,426,0,65204,0.00100100000000225
75897000,-3512,2694,124675,-3909,-4393,123503,117,19227,479,0,65205,0.0009989999999930887
75898000,3040,-5020,123079,-4853,-3642,129579,114,19227,467,0,65206,0.0010000000000047748
75899001,-425,12081,126814,-972,5728,120462,117,19228,467,0,65207,0.00100100000000225
75900000,-2917,5833,124299,-13004,6909,125161,133,19220,479,1,65208,0.0009989999999930887
75901000,1066,11438,128376,1763,11219,122209,133,19231,545,1,65209,0.0010000000000047748
75902000,-1187,6767,124179,4727,-812,124298,102,19230,418,1,65210,0.0010000000000047748
75903000,10397,2432,123626,1665,-3632,124737,115,19230,471,0,65211,0.000999999999990564
75904000,6898,-1316,125007,5142,-8126,125658,97,19233,397,0,65212,0.0010000000000047748
75905000,8079,-7321,125431,8632,-7278,127107,108,19233,397,0,65213,0.0010000000000047748
75906000,3143,1580,126936,2221,2656,123895,136,19227,442,1,65214,0.000999999999990564
75907000,-697,9746,127703,-6578,11868,125413,136,19226,557,1,65215,0.0010000000000047748
75908002,6078,5215,124423,11919,2751,124868,110,19232,451,1,65216,0.0010019999999997253
75909000,5938,3414,125812,7883,-578,124737,98,19227,401,0,65217,0.0009979999999956135
75910002,13008,-5266,126442,-1814,-6907,129990,141,19233,577,0,65218,0.0010019999999997253
75911000,8992,6640,127904,18229,-7419,125168,101,19233,577,0,65219,0.0009980000000098244
75912000,6123,-11694,127517,3421,-13114,142945,105,19231,414,0,65220,0.000999999999990564
75913000,3705,-6221,129340,-10917,-1797,130080,105,19221,430,1,65221,0.0010000000000047748
75914000,-2881,22483,131895,7635,16136,117378,116,19225,475,1,65222,0.0010000000000047748
75915000,5230,14895,129210,1838,3533,131168,102,19235,418,1,65223,0.000999999999990564
75916000,5880,-7041,127677,-3919,-5624,130861,110,19225,451,0,65224,0.0010000000000047748
75917000,10580,-12637,127343,13831,-8663,128642,89,19225,451,0,65225,0.0010000000000047748
75918000,5954,-728,128308,8952,-6376,129638,102,19231,365,0,65226,0.000999999999990564
75919000,478,1235,133154,-13900,-1287,125438,102,19231,418,0,65227,0.0010000000000047748
75920000,836,3598,135724,-4348,-837,135783,129,19220,528,1,65228,0.0010000000000047748
75921000,-8368,-34,131651,3247,-4185,128166,110,19233,451,1,65229,0.000999999999990564
75922000,-5722,-1711,132083,-18453,-2646,126352,94,19231,385,1,65230,0.0010000000000047748
75923000,1373,-1747,129835,-2868,-11100,131492,146,19231,385,0,65231,0.0010000000000047748
75924000,2107,-1379,128563,11992,-7396,129785,107,19232,598,0,65232,0.000999999999990564
75925000,-4752,1995,131272,-12853,629,127966,107,19230,438,0,65233,0.0010000000000047748
75926000,-6272,4231,131267,-13303,300,127233,113,19221,463,1,65234,0.0010000000000047748
75927000,-9356,4351,130020,-7798,2131,132400,132,19227,541,1,65235,0.000999999999990564
75928001,-9845,6937,128836,-11365,4592,122641,105,19231,430,1,65236,0.00100100000000225
75929000,-1440,10514,128723,-6873,7513,125636,105,19231,430,1,65237,0.0009990000000072996
75930002,-1310,-2402,124768,-8568,-7127,128227,124,19218,430,0,65238,0.0010019999999997253
75931000,744,-1503,127193,-154,-1703,127286,124,19236,508,0,65239,0.0009979999999956135
75932000,1912,-3872,125105,-6518,-1812,125118,104,19228,426,0,65240,0.0010000000000047748
75933000,-5389,12556,129946,-10695,13629,120197,125,19225,512,1,65241,0.000999999999990564
75934000,-7036,14204,127300,-7299,-3954,133594,114,19228,467,1,65242,0.0010000000000047748
75935000,-7017,3280,124886,-6142,10843,115635,96,19228,393,1,65243,0.0010000000000047748
75936000,371,11460,127312,-814,-4364,133328,139,19232,393,0,65244,0.000999999999990564
75937000,1083,-4260,125289,6042,-3302,120500,107,19234,569,0,65245,0.0010000000000047748
75938001,3170,1683,125440,-4885,-3780,130581,107,19232,438,0,65246,0.00100100000000225
75939000,-178,-6073,126039,-2249,-1357,130169,110,19226,451,1,65247,0.0009989999999930887
75940000,-783,17006,127601,955,22209,114644,157,19226,643,1,65248,0.0010000000000047748
75941000,-1128,9606,127865,-3694,-2558,135740,108,19226,442,1,65249,0.0010000000000047748
75942000,5863,4215,123564,3764,8255,114798,97,19232,442,0,65250,0.000999999999990564
75943000,9287,7819,123375,7764,-6018,129501,83,19223,397,0,65251,0.0010000000000047748
75944000,11102,-1357,123717,10435,-12848,121224,83,19228,340,0,65252,0.0010000000000047748
75945000,9123,553,126681,5672,-13671,133297,113,19227,463,0,65253,0.000999999999990564
75946000,1428,-5564,129929,-507,-1252,128397,123,19221,504,1,65254,0.0010000000000047748
75947000,5111,18196,128239,6934,24426,114063,110,19231,451,1,65255,0.0010000000000047748
75948000,2823,1769,126311,6029,-6706,139077,95,19231,451,1,65256,0.000999999999990564
75949000,9268,-1021,123388,3617,-3915,116795,130,19234,389,0,65257,0.0010000000000047748
75950000,11550,1705,126895,5831,-5350,130474,130,19228,532,0,65258,0.0010000000000047748
75951000,11562,-4027,128982,16626,-5954,127064,99,19229,405,0,65259,0.000999999999990564
75952000,6253,-4217,127635,-2238,-11840,131344,101,19228,414,0,65260,0.0010000000000047748
75953000,-773,1210,130871,-3533,-3300,131535,136,19230,557,1,65261,0.0010000000000047748
75954000,-304,14897,128562,5550,10763,120454,109,19230,557,1,65262,0.000999999999990564
75955000,-153,9191,128488,-3377,2380,125457,99,19228,446,1,65263,0.0010000000000047748
75956002,6881,1945,129500,-2145,-9915,126169,99,19224,405,0,65264,0.0010019999999997253
75957000,10036,-20500,126905,17453,-17892,137699,120,19230,491,0,65265,0.0009979999999956135
75958000,5438,-2670,132094,8022,-6172,126978,104,19233,426,0,65266,0.0010000000000047748
75959000,-2165,4500,128287,-21349,9972,121502,114,19219,467,1,65267,0.0010000000000047748
75960000,-4274,14054,134613,-11299,11500,128376,114,19219,467,1,65268,0.000999999999990564
75961000,-6770,-1055,130877,10426,-6057,131161,99,19230,467,1,65269,0.0010000000000047748
75962000,-6241,-2288,129263,-15168,-12422,129260,99,19231,405,1,65270,0.0010000000000047748
75963000,-1354,-855,129741,-16592,-2679,126954,121,19224,496,0,65271,0.000999999999990564
75964000,3256,727,129889,6583,-717,128205,97,19230,397,0,65272,0.0010000000000047748
75965000,-1460,4005,131980,-6208,710,130770,110,19225,451,0,65273,0.0010000000000047748
75966000,-12215,-2983,130053,-25765,-4724,134033,149,19225,451,1,65274,0.000999999999990564
75967000,-11316,9597,131984,-14553,9375,126715,117,19230,610,1,65275,0.0010000000000047748
75968000,-9162,11333,130202,-4492,7867,126328,117,19232,479,1,65276,0.0010000000000047748
75969000,-2404,4494,128495,-7907,380,135949,101,19224,414,0,65277,0.000999999999990564
75970000,-5709,-7102,125522,-14552,-10349,121318,163,19231,668,0,65278,0.0010000000000047748
75971000,-3126,7889,126665,-11043,6797,124387,103,19228,422,0,65279,0.0010000000000047748
75972000,-2945,9907,128202,-5031,6879,125875,113,19228,422,1,65280,0.000999999999990564
75973000,-9344,2781,127815,-8237,258,131042,123,19220,463,1,65281,0.0010000000000047748
75974003,-6330,6942,127434,-18651,4263,123116,108,19229,504,1,65282,0.0010029999999972006
75975018,-5329,9495,127856,-6149,4569,122091,108,19234,442,1,65283,0.0010149999999953252
75976000,3260,8103,126844,1700,3870,127686,120,19222,491,0,65284,0.000982000000007588
75977000,-105,-4124,124518,-2017,-11962,127332,98,19228,401,0,65285,0.000999999999990564
75978000,-95,-3895,123590,-5352,1129,125767,107,19228,438,0,65286,0.0010000000000047748
75979000,-3271,12045,126642,-4545,9635,117239,136,19224,438,1,65287,0.0010000000000047748
75980000,-5135,19391,125749,-7781,4869,121493,113,19224,557,1,65288,0.000999999999990564
75981000,2366,8206,124995,4238,2804,126894,113,19232,463,1,65289,0.0010000000000047748
75982002,3511,-834,122106,-1452,5210,119455,95,19230,389,0,65290,0.0010019999999997253
75983000,13825,5542,124955,10805,-207,124454,112,19233,459,0,65291,0.0009979999999956135
75984001,8972,-2129,124162,15849,-9760,124824,115,19233,471,0,65292,0.00100100000000225
75985000,6343,-11227,125240,-5676,-7651,133705,116,19228,471,0,65293,0.0009990000000072996
75986000,2248,-2161,127224,-762,8216,121393,124,19225,475,1,65294,0.000999999999990564
75987003,1172,14672,129301,8871,11264,121943,124,19230,508,1,65295,0.0010030000000114114
75988002,9336,10721,126704,8308,71,125349,104,19229,426,1,65296,0.0009989999999930887
75989000,7543,4397,125057,-3730,-6604,124297,111,19220,455,0,65297,0.0009979999999956135
75990000,12890,-338,127199,12318,-8750,131573,88,19220,360,0,65298,0.0010000000000047748
75991000,7168,-7523,128047,17332,-12644,127732,105,19226,360,0,65299,0.0010000000000047748
75992000,3012,-6611,129815,-10735,-9960,135218,122,19228,430,1,65300,0.000999999999990564
75993000,4889,13569,131161,-3145,11912,119038,122,19225,500,1,65301,0.0010000000000047748
75994000,1477,14870,130980,-2071,10940,130810,110,19228,451,1,65302,0.0010000000000047748
75995000,7704,800,129959,8865,-2974,124194,100,19229,410,1,65303,0.000999999999990564
75996000,6747,-5130,127881,6488,-18860,129294,151,19226,618,0,65304,0.0010000000000047748
75997000,12375,-16236,128592,8930,-14900,136356,108,19226,618,0,65305,0.0010000000000047748
75998000,3915,-795,130759,1632,-1783,124191,106,19233,442,0,65306,0.000999999999990564
75999000,5373,7811,133281,-20268,13174,125765,106,19227,434,1,65307,0.0010000000000047748
76000000,-4743,15364,134906,6352,8558,122826,144,19230,590,1,65308,0.0010000000000047748
76001001,-6725,-2958,130406,99,-15547,138111,106,19232,434,1,65309,0.00100100000000225
76002000,2579,-15052,126553,-18954,-16121,133748,106,19220,434,0,65310,0.0009989999999930887
76003000,-1118,-5450,131123,2162,-1625,128233,100,19220,434,0,65311,0.0010000000000047748
76004000,7138,1044,132372,7453,9598,124954,106,19230,410,0,65312,0.000999999999990564
76005002,-5132,11854,129903,-15343,-3927,127142,106,19230,434,0,65313,0.0010019999999997253
76006000,-7376,-6639,127829,-23237,-5301,143499,121,19220,496,1,65314,0.0009980000000098244
76007000,-4407,-1214,128512,2892,2768,125590,115,19228,471,1,65315,0.000999999999990564
76008000,-8350,21790,131186,-4810,17453,117670,101,19231,414,1,65316,0.0010000000000047748
76009000,2545,6957,129668,-16304,-5470,131599,136,19231,414,0,65317,0.0010000000000047748
76010001,-5561,-13380,124231,801,-11904,133244,99,19221,557,0,65318,0.00100100000000225
76011002,4516,-5291,127251,-1334,-5250,131068,99,19231,405,0,65319,0.0010009999999880392
76012000,-4681,12248,126768,-7661,15573,116132,101,19226,414,1,65320,0.0009980000000098244
76013000,-4661,18022,130834,-8737,14127,125351,135,19228,553,1,65321,0.000999999999990564
76014000,-4304,-2328,126722,-11262,-6509,131463,115,19229,471,1,65322,0.0010000000000047748
76015000,-2042,-2362,126358,-4201,-4117,128796,105,19229,471,0,65323,0.0010000000000047748
76016000,3696,3201,126142,7176,4102,117047,95,19224,430,0,65324,0.000999999999990564
76017000,-492,1648,124583,-1450,-5733,125615,95,19236,389,0,65325,0.0010000000000047748
76018000,5684,-4090,125193,-14204,-8710,136260,107,19230,438,0,65326,0.0010000000000047748
76019000,-3403,12177,127762,7381,11915,120751,120,19220,491,1,65327,0.000999999999990564
76020000,-2712,17560,126583,-2022,13913,119897,109,19231,446,1,65328,0.0010000000000047748
76021000,1223,11535,126078,-7865,8292,128877,96,19231,446,1,65329,0.0010000000000047748
76022000,7665,-2858,121796,6854,-6117,131567,122,19231,393,0,65330,0.000999999999990564
76023000,10421,-1303,123002,10863,-3104,116236,122,19232,500,0,65331,0.0010000000000047748
76024000,6040,6106,126474,-477,-4378,126817,104,19228,426,0,65332,0.0010000000000047748
76025002,6716,-9396,124505,8728,-4619,129095,111,19226,455,1,65333,0.0010019999999997253
76026003,968,584,126864,3298,7293,126676,142,19228,582,1,65334,0.00100100000000225
76027000,5413,11311,128184,-10540,4148,121844,112,19228,459,1,65335,0.0009969999999981383
76028000,5897,18691,124956,17670,11806,115209,98,19226,459,1,65336,0.000999999999990564
76029000,11757,-3041,125475,-5579,-11059,136135,116,19227,401,0,65337,0.0010000000000047748
76030000,10999,-15900,128619,14253,-18933,134816,116,19233,475,0,65338,0.0010000000000047748
76031000,5193,-7364,127978,7352,-5559,127440,106,19230,434,0,65339,0.000999999999990564
76032000,-1,6525,132464,-11869,10326,123700,111,19226,455,1,65340,0.0010000000000047748
76033000,-3658,14897,131415,4040,5692,128946,106,19226,434,1,65341,0.0010000000000047748
76034000,-2028,-4256,128258,5554,-163,131007,101,19235,434,1,65342,0.000999999999990564
76035000,3146,2756,128929,-2135,-5447,123915,118,19230,414,1,65343,0.0010000000000047748
76036000,9558,843,127483,8216,-3005,122896,118,19222,483,0,65344,0.0010000000000047748
76037002,7879,-23,130047,7691,-12493,135177,97,19232,397,0,65345,0.0010019999999997253
76038000,120,-14739,128951,-14547,-10093,132421,107,19224,438,0,65346,0.0009979999999956135
76039001,-685,5997,132628,-9274,-61,131503,138,19224,565,1,65347,0.00100100000000225
76040000,-11020,14553,132305,2720,8845,120953,110,19224,565,1,65348,0.0009989999999930887
76041000,-4654,4463,130391,-11161,263,130201,94,19230,451,1,65349,0.0010000000000047748
76042001,-848,-12878,127589,-15664,-13788,139456,94,19226,385,0,65350,0.00100100000000225
76043001,-2016,-1278,126914,8106,-750,120589,133,19236,545,0,65351,0.000999999999990564
76044002,-590,4555,130568,-6753,-1303,130391,110,19229,451,0,65352,0.00100100000000225
76045000,-10991,-307,132678,-20230,-3915,130694,115,19223,471,1,65353,0.0009980000000098244
76046000,-9782,1566,131829,-13445,-2807,135484,125,19223,471,1,65354,0.000999999999990564
76047000,-11662,4809,130377,-10488,3406,128241,102,19226,512,1,65355,0.0010000000000047748
76048000,-6330,14888,129516,-9841,11862,119182,102,19232,418,1,65356,0.0010000000000047748
76049001,-3880,212,127686,-8917,-10291,130698,109,19219,446,0,65357,0.0010009999999880392
76050000,-6113,-3741,126143,-6172,-5632,127009,103,19229,422,0,65358,0.0009990000000072996
76051000,-628,-11483,128384,-6068,-12159,138761,104,19226,426,0,65359,0.0010000000000047748
76052001,-10570,8836,128925,-8432,4303,110562,130,19226,426,1,65360,0.0010009999999880392
76053000,-6359,22873,127593,-11204,16397,127560,118,19225,532,1,65361,0.0009990000000072996
76054000,-11094,-6070,126549,-5726,-6375,136495,118,19230,483,1,65362,0.0010000000000047748
76055000,270,6693,124165,-8982,8725,111273,99,19223,405,0,65363,0.000999999999990564
76056000,-231,11641,124503,-4000,1536,129516,126,19233,516,0,65364,0.0010000000000047748
76057000,1695,-489,124684,6882,-5057,125425,107,19230,438,0,65365,0.0010000000000047748
76058001,3591,-3839,124884,-11112,-8824,133361,111,19230,438,0,65366,0.0010009999999880392
76059000,-5205,1481,125110,-6804,5308,125942,150,19227,455,1,65367,0.0009990000000072996
76060000,-957,21767,127451,1762,19419,115304,150,19232,614,1,65368,0.0010000000000047748
76061001,1833,11076,126070,417,764,124823,106,19229,434,1,65369,0.0010009999999880392
76062000,7691,2294,123046,3251,-1237,123308,102,19224,418,0,65370,0.0009990000000072996
76063000,6988,-2641,124122,3926,-6976,131588,88,19229,360,0,65371,0.0010000000000047748
76064000,9281,-1578,125472,14136,-4545,114146,111,19229,360,0,65372,0.000999999999990564
76065000,5327,5312,127875,4910,-4106,127772,130,19232,455,1,65373,0.0010000000000047748
76066000,-670,456,129169,-6473,2048,129376,130,19225,532,1,65374,0.0010000000000047748
76067000,6625,13931,128648,5921,11079,128780,115,19232,471,1,65375,0.000999999999990564
76068001,6241,4317,124250,13327,1632,120899,94,19228,385,1,65376,0.00100100000000225
76069025,11633,5824,126535,-6540,4834,125223,136,19227,557,0,65377,0.001024000000001024
76070000,13989,-12838,127573,13599,-20206,139835,100,19227,410,0,65378,0.0009749999999968395
76071000,5755,-7485,127892,23100,-248,121856,103,19231,410,0,65379,0.0010000000000047748
76072001,5224,3111,129201,-19298,4944,129664,132,19226,422,1,65380,0.00100100000000225
76073000,-834,12243,130933,1151,13590,124897,132,19225,541,1,65381,0.0009989999999930887
76074000,2871,10714,127172,16443,-4649,127881,112,19229,459,1,65382,0.0010000000000047748
76075000,6858,-2401,129369,-8653,-11862,129446,103,19224,422,0,65383,0.0010000000000047748
76076000,11149,-7414,128394,20213,-6132,126254,121,19224,496,0,65384,0.000999999999990564
76077001,13108,-6640,128355,9461,-15133,139551,106,19232,496,0,65385,0.00100100000000225
76078003,2343,-3619,130599,-16756,6294,121024,119,19230,434,0,65386,0.0010019999999997253
76079000,-940,12908,134705,-3246,1943,132378,119,19219,487,1,65387,0.0009969999999981383
76080000,-9068,2090,130806,7995,367,128369,113,19228,463,1,65388,0.0010000000000047748
76081000,-4870,2249,130444,-19828,-7285,128448,97,19233,397,1,65389,0.0010000000000047748
76082000,2930,-4391,129988,95,-9207,132351,130,19233,532,0,65390,0.000999999999990564
76083000,161,3542,128815,7883,373,121849,113,19228,532,0,65391,0.0010000000000047748
76084000,2047,4401,131538,-14826,-2260,132359,114,19228,463,0,65392,0.0010000000000047748
76085000,-6800,1391,131244,-10463,-1336,128322,114,19226,467,1,65393,0.000999999999990564
76086000,-8020,2096,129972,-8411,1805,133303,149,19227,610,1,65394,0.0010000000000047748
76087000,-6624,12538,132645,-10232,6244,120037,113,19229,463,1,65395,0.0010000000000047748
76088002,-2180,9116,128357,-10662,6733,119947,105,19225,430,1,65396,0.0010019999999997253
76089000,2098,-3465,127997,-3707,-1712,134995,154,19225,430,0,65397,0.0009979999999956135
76090001,106,-7877,124619,-1414,-8322,125019,112,19227,631,0,65398,0.00100100000000225
76091001,1011,1835,125618,-13902,5850,125173,112,19232,459,0,65399,0.000999999999990564
76092000,-5683,8813,130420,-4386,7864,124297,117,19222,479,1,65400,0.0009990000000072996
76093000,-6272,6693,127248,-2159,3709,126564,111,19228,455,1,65401,0.0010000000000047748
76094000,-6156,6417,128055,-15231,1094,129691,106,19232,434,1,65402,0.000999999999990564
76095000,-232,2630,125483,3382,-362,120917,126,19232,434,0,65403,0.0010000000000047748
76096000,1300,9470,125428,1644,2273,123308,101,19231,516,0,65404,0.0010000000000047748
76097002,1174,-1558,123131,-7374,-3267,128828,101,19225,414,0,65405,0.0010019999999997253
76098000,610,-4344,126566,4022,4959,128922,103,19229,422,0,65406,0.0009979999999956135
76099000,-954,12060,125942,-7681,4097,119746,136,19224,557,1,65407,0.000999999999990564
76100000,229,13397,124791,-11272,12028,122819,112,19231,459,1,65408,0.0010000000000047748
76101000,3156,51,123580,14157,-5922,129279,98,19231,459,1,65409,0.0010000000000047748
76102000,8473,6718,122528,-2128,3555,114348,107,19230,401,0,65410,0.000999999999990564
76103000,13949,10113,125808,6887,-1746,126278,107,19231,438,0,65411,0.0010000000000047748
76104000,5183,-8098,125603,14516,-8831,127322,112,19227,459,0,65412,0.0010000000000047748
76105000,7597,-1480,125224,-4054,-4042,128122,115,19221,471,1,65413,0.000999999999990564
76106001,-906,13724,130763,196,15013,125231,112,19230,459,1,65414,0.00100100000000225
76107000,3557,12923,126762,7726,11022,122216,102,19230,459,1,65415,0.0009990000000072996
76108000,7853,3156,126658,4421,1672,124388,116,19232,418,0,65416,0.000999999999990564
76109000,10157,3702,126841,-701,-1598,126572,116,19221,475,0,65417,0.0010000000000047748
76110000,12247,-14993,124827,18786,-13853,131924,92,19235,377,0,65418,0.0010000000000047748
76111000,3653,-662,131289,5957,-3201,123912,103,19231,422,0,65419,0.000999999999990564
76112000,3804,-1099,130129,-18143,-8882,137648,129,19226,528,1,65420,0.0010000000000047748
76113000,-330,16422,131567,11900,16759,121594,112,19226,459,1,65421,0.0010000000000047748
76114000,-1049,12566,132233,2209,5894,131289,97,19234,459,1,65422,0.000999999999990564
76115000,7158,-4045,125888,-11319,-8189,128131,160,19230,397,0,65423,0.0010000000000047748
76116000,7269,-6404,129940,8074,-10966,135931,160,19236,655,0,65424,0.0010000000000047748
76117000,8706,-5442,129898,24571,-8144,129045,106,19230,434,0,65425,0.000999999999990564
76118000,-2344,4607,130543,-20730,6163,123908,107,19222,438,1,65426,0.0010000000000047748
76119000,-1740,10216,133927,-21357,4445,131137,130,19222,532,1,65427,0.0010000000000047748
76120000,-9745,3528,129428,13734,2766,126805,102,19228,532,1,65428,0.000999999999990564
76121001,-4502,856,130106,-14426,-16599,134529,106,19233,418,1,65429,0.00100100000000225
76122002,-2867,-5196,128962,-4467,-9402,127205,106,19220,434,0,65430,0.00100100000000225
76123001,5263,-1472,129124,1030,-528,128788,86,19230,352,0,65431,0.0009990000000072996
76124000,-1010,-2437,131941,-13413,1093,129223,110,19225,451,0,65432,0.0009989999999930887
76125000,-8521,4239,130224,-18850,6620,122981,134,19225,549,1,65433,0.0010000000000047748
76126000,-11316,4715,128919,-10907,5236,133671,116,19222,549,1,65434,0.000999999999990564
76127000,-10632,5895,129940,-11040,7321,125026,97,19224,475,1,65435,0.0010000000000047748
76128001,-2880,5356,129029,-4961,-2803,127048,97,19234,397,0,65436,0.00100100000000225
76129000,-7792,-2836,126556,-11237,-4802,128251,146,19226,598,0,65437,0.0009989999999930887
76130000,-2928,1849,127642,-7313,-2758,126513,101,19233,414,0,65438,0.0010000000000047748
76131000,-2453,334,127030,-4158,-1462,130065,107,19229,438,0,65439,0.0010000000000047748
76132000,-6999,5783,126528,-13811,17387,122716,133,19229,438,1,65440,0.000999999999990564
76133000,-7881,9620,128344,-15463,-617,127566,110,19229,545,1,65441,0.0010000000000047748
76134000,-5111,12222,126902,-4796,5491,126137,110,19229,451,1,65442,0.0010000000000047748
76135000,1297,-4232,124531,8246,-5526,131852,106,19223,434,0,65443,0.000999999999990564
76136000,-4093,-6875,125136,-5147,-5706,124632,94,19232,385,0,65444,0.0010000000000047748
76137000,923,4851,123603,-9127,3135,121558,113,19227,463,0,65445,0.0010000000000047748
76138000,-4235,9916,127264,856,7805,126574,127,19227,463,1,65446,0.000999999999990564
76139000,974,9635,127175,-5999,10333,122426,115,19224,520,1,65447,0.0010000000000047748
76140000,-2315,7025,125134,661,3136,125465,115,19231,471,1,65448,0.0010000000000047748
76141000,3377,3841,124042,317,5676,125767,96,19228,393,0,65449,0.000999999999990564
76142003,11148,330,123370,5263,-2515,121695,128,19231,524,0,65450,0.0010030000000114114
76143000,8824,-759,124952,10483,-7274,128386,106,19228,434,0,65451,0.0009969999999981383
76144000,7356,-6525,125445,1239,-11445,129702,110,19228,434,0,65452,0.000999999999990564
76145000,1646,-6754,127901,3778,-1419,126997,139,19229,451,1,65453,0.0010000000000047748
76146000,651,17285,130790,1720,6897,121321,139,19227,569,1,65454,0.0010000000000047748
76147000,7145,8228,124767,8317,2352,131742,110,19229,451,1,65455,0.000999999999990564
76148000,7443,4211,126207,7170,1421,123300,99,19220,405,0,65456,0.0010000000000047748
76149000,11993,1434,125985,3559,-3483,123976,115,19232,471,0,65457,0.0010000000000047748
76150000,7585,-5223,127882,18495,-10818,135038,103,19232,471,0,65458,0.000999999999990564
76151000,6383,-6557,128540,-2554,-5235,133771,113,19229,422,1,65459,0.0010000000000047748
76152002,3729,1499,130194,-7627,1467,131655,113,19222,463,1,65460,0.0010019999999997253
76153000,2260,17146,128802,9876,18254,117861,110,19229,451,1,65461,0.0009979999999956135
76154000,5510,7898,128499,-573,-1037,130452,101,19228,414,1,65462,0.0010000000000047748
76155000,10940,-11993,126286,1049,-16524,131847,130,19224,532,0,65463,0.0010000000000047748
76156000,10843,-7374,128579,18148,-7129,127332,98,19224,532,0,65464,0.000999999999990564
76157000,4364,-629,129761,213,-3699,130583,100,19234,401,0,65465,0.0010000000000047748
76158000,2222,6611,133981,-12882,794,121672,100,19222,410,1,65466,0.0010000000000047748
76159000,-6142,3381,133681,5312,-5535,137234,145,19230,594,1,65467,0.000999999999990564
76160000,-7551,1003,131652,-1206,-971,127001,110,19231,451,1,65468,0.0010000000000047748
76161001,-2004,6586,133053,-18698,3021,131252,97,19224,397,0,65469,0.00100100000000225
76162000,559,-2750,128114,2528,-7846,128984,116,19224,475,0,65470,0.0009989999999930887
76163000,5357,2481,129727,5787,-460,127744,107,19232,475,0,65471,0.0010000000000047748
76164000,-6789,583,131086,-17091,-3305,130841,117,19229,438,0,65472,0.0010000000000047748
76165000,-2094,4413,131454,-11648,3929,130131,117,19221,479,1,65473,0.000999999999990564
76166000,-7913,6008,131045,-3127,5028,128436,112,19228,459,1,65474,0.0010000000000047748
76167000,-5818,8603,128556,-12267,8958,121962,104,19229,426,1,65475,0.0010000000000047748
76168000,-2253,10133,126757,-9314,-15281,131750,121,19229,496,0,65476,0.000999999999990564
76169000,-3171,368,127134,-8457,-7170,127435,92,19216,496,0,65477,0.0010000000000047748
76170000,1045,76,125611,-4177,1233,126473,102,19228,377,0,65478,0.0010000000000047748
76171000,-3432,4151,130090,-12803,-1012,127955,102,19233,418,1,65479,0.000999999999990564
76172000,-4461,7087,125539,-7599,6834,119394,141,19228,577,1,65480,0.0010000000000047748
76173000,-6095,7198,128449,-7261,3773,133196,118,19228,483,1,65481,0.0010000000000047748
76174000,-2271,722,125254,4029,5333,121920,100,19228,410,1,65482,0.000999999999990564
76175000,-2194,9757,124553,-10880,5301,119272,116,19227,410,0,65483,0.0010000000000047748
76176000,4504,806,125456,-4524,-7159,130334,106,19232,475,0,65484,0.0010000000000047748
76177000,4917,-2947,125950,10242,-6007,128347,106,19229,434,0,65485,0.000999999999990564
76178000,-62,-461,126485,-8060,-4579,126605,115,19223,471,1,65486,0.0010000000000047748
76179001,-6737,15063,127655,-8500,16728,117053,141,19229,577,1,65487,0.00100100000000225
76180000,-1317,18531,127592,1744,7109,129266,102,19232,418,1,65488,0.0009989999999930887
76181001,8118,2612,125068,12954,-3936,118775,111,19232,418,0,65489,0.00100100000000225
76182008,5836,-1281,121613,1985,2878,120359,96,19227,455,0,65490,0.0010070000000013124
76183000,7570,-5972,127235,2664,-4903,129831,96,19227,393,0,65491,0.0009919999999965512
76184000,8346,-138,124870,15595,-4047,121246,111,19229,455,0,65492,0.0010000000000047748
76185003,5190,-1030,127515,-3232,-2422,137115,137,19224,561,1,65493,0.0010029999999972006
76186001,300,6509,128832,-5152,16203,115492,116,19229,475,1,65494,0.0009979999999956135
76187000,7682,8299,126997,13186,-2231,126398,97,19229,475,1,65495,0.0009990000000072996
76188000,9635,-5507,124536,8657,-9453,132081,149,19228,397,0,65496,0.0010000000000047748
76189000,7265,-483,126054,-26,-6822,124805,149,19231,610,0,65497,0.000999999999990564
76190000,7449,-7345,127805,11228,-7941,128873,110,19229,451,0,65498,0.0010000000000047748
76191000,3613,1622,129473,-817,427,126794,107,19224,438,1,65499,0.0010000000000047748
76192000,-1754,6461,132700,-4449,5536,137438,130,19229,532,1,65500,0.000999999999990564
76193000,-1500,9605,129442,1225,5921,118300,108,19229,532,1,65501,0.0010000000000047748
76194000,3633,3453,126122,-3723,623,125854,112,19230,442,1,65502,0.0010000000000047748
76195000,7679,-8916,129361,4401,-10263,130214,112,19218,459,0,65503,0.000999999999990564
76196000,10632,-11419,128639,15337,-17802,125311,107,19229,438,0,65504,0.0010000000000047748
76197000,2029,-7398,130080,-5649,-9821,141077,109,19230,446,0,65505,0.0010000000000047748
76198000,-3912,9981,131157,-15488,14410,116074,126,19222,516,1,65506,0.000999999999990564
76199000,-5852,12532,132815,-2519,5411,130384,113,19222,516,1,65507,0.0010000000000047748
76200000,-6402,-2582,130448,2618,-6832,134412,98,19229,463,1,65508,0.0010000000000047748
76201000,-4145,-10521,127358,-14098,-14338,130762,98,19231,401,0,65509,0.000999999999990564
76202002,30,-2782,128876,-11127,-735,124744,144,19232,590,0,65510,0.0010019999999997253
76203000,787,8819,130855,5709,6288,121728,105,19230,430,0,65511,0.0009980000000098244
76204000,-3384,1901,131228,-6142,-2477,137333,105,19226,430,0,65512,0.000999999999990564
76205000,-14237,-3933,129368,-24800,-8286,126573,134,19226,549,1,65513,0.0010000000000047748
76206000,-8216,13436,132276,-17318,12252,127098,110,19227,549,1,65514,0.0010000000000047748
76207000,-6172,13059,130519,-878,8137,124227,105,19232,451,1,65515,0.000999999999990564
76208000,-2521,-1976,128281,-7082,-6335,134136,105,19224,430,0,65516,0.0010000000000047748
76209000,-3971,-5543,124569,-15673,-7840,124099,133,19230,545,0,65517,0.0010000000000047748
76210000,-3112,10128,127668,-5297,6998,123141,101,19231,414,0,65518,0.000999999999990564
76211000,-1328,11846,129969,-2476,8771,125176,116,19231,475,1,65519,0.0010000000000047748
76212000,-9779,7883,128272,-9009,-5020,129092,112,19225,475,1,65520,0.0010000000000047748
76213001,-7768,2956,125593,-19777,733,124821,101,19227,459,1,65521,0.0010009999999880392
76214000,-451,9967,128345,-3728,5497,120573,101,19229,414,0,65522,0.0009990000000072996
76215000,4860,-333,123873,3913,-10991,130704,132,19228,541,0,65523,0.0010000000000047748
76216000,4460,7371,125979,5640,-1171,120105,103,19231,422,0,65524,0.000999999999990564
76217000,-1655,-4541,122499,-12986,-5340,132625,108,19231,442,0,65525,0.0010000000000047748
76218000,1538,4864,128840,6490,13462,120630,154,19226,442,1,65526,0.0010000000000047748
76219000,-6496,21421,126717,-5493,16186,117842,110,19229,631,1,65527,0.000999999999990564
76220000,4273,10880,125766,-5543,-1047,130718,110,19230,451,1,65528,0.0010000000000047748
76221001,6578,-9306,122135,17722,-11354,124443,95,19223,389,0,65529,0.00100100000000225
76222000,8481,1484,124508,2635,-6892,122636,94,19231,385,0,65530,0.0009989999999930887
76223000,10008,6045,126015,6655,4272,119813,113,19229,463,0,65531,0.0010000000000047748
76224000,4233,8647,130705,4884,-7346,131869,122,19229,463,1,65532,0.000999999999990564
76225000,5888,-3845,125094,-6054,-2060,126972,111,19219,500,1,65533,0.0010000000000047748
76226000,2647,12284,128893,4882,8556,121751,111,19229,455,1,65534,0.0010000000000047748
76227000,8825,-4118,126441,15917,-10061,130831,98,19233,401,1,65535,0.000999999999990564
76228002,12608,11548,125570,-4292,6778,115020,120,19224,491,0,0,0.0010020000000139362
76229000,12110,-1710,128526,5476,-12195,143951,107,19229,438,0,1,0.0009979999999956135
76230000,7163,-17594,124694,18141,-13215,125591,109,19229,438,0,2,0.000999999999990564
76231000,1015,11252,129414,-7952,-844,121733,147,19226,446,1,3,0.0010000000000047748
76232000,-30,13676,132094,-4155,10498,129988,147,19227,602,1,4,0.0010000000000047748
76233000,4693,5982,131626,9184,1655,127278,112,19229,459,1,5,0.000999999999990564
76234000,8120,-2481,130001,204,-6514,131444,99,19231,405,0,6,0.0010000000000047748
76235000,7436,-6875,126783,4670,-10650,124131,136,19233,557,0,7,0.0010000000000047748
76236000,7846,-8638,128662,17530,-11283,136494,110,19233,557,0,8,0.000999999999990564
76237000,3584,-6353,129510,-10794,-925,132488,115,19229,451,0,9,0.0010000000000047748
76238000,4125,13955,133306,-15685,10727,120993,115,19218,471,1,10,0.0010000000000047748
76239000,-6590,7283,134989,10034,12104,125649,125,19225,512,1,11,0.000999999999990564
76240009,-4590,3801,129928,-9536,-17552,131401,99,19230,405,1,12,0.0010090000000104737
76241000,1067,-20193,127611,-10359,-24296,147015,114,19228,467,0,13,0.000990999999999076
76242000,-1914,-2126,131341,3740,1063,123149,92,19228,467,0,14,0.000999999999990564
76243000,-189,20670,132281,-4073,14956,115471,104,19233,377,0,15,0.0010000000000047748
76244000,-5888,2791,131594,-14637,-7488,136538,104,19226,426,1,16,0.0010000000000047748
76245000,-7239,-7792,128919,-13482,-4516,134317,138,19229,565,1,17,0.000999999999990564
76246002,-10257,8384,128894,-7573,7928,126356,114,19230,467,1,18,0.0010019999999997253
76247000,-4386,17747,129900,-13262,19997,115949,96,19228,393,1,19,0.0009980000000098244
76248000,-755,-1896,126870,-4400,-10497,133870,157,19228,643,0,20,0.000999999999990564
76249000,-2457,-13695,124582,-3475,-13125,134688,101,19232,643,0,21,0.0010000000000047748
76250002,577,1517,127435,-7144,-425,125921,106,19232,414,0,22,0.0010019999999997253
76251000,-4207,6513,127802,-6347,6560,124944,106,19222,434,1,23,0.0009979999999956135
76252000,-4428,15871,129516,-8976,10114,117134,123,19233,504,1,24,0.0010000000000047748
76253000,-7673,614,129100,-8617,-5443,137441,107,19228,438,1,25,0.0010000000000047748
76254000,-6,3571,126889,-2276,517,123382,113,19228,463,0,26,0.000999999999990564
76255001,-3531,528,125093,311,-2685,127774,93,19222,463,0,27,0.00100100000000225
76256000,-515,6070,124240,-4799,4658,119577,105,19230,381,0,28,0.0009990000000072996
76257000,2155,10118,127038,-7486,5251,132153,105,19228,430,0,29,0.000999999999990564
76258000,-2968,2432,127174,3688,1891,118123,129,19226,528,1,30,0.0010000000000047748
76259000,521,14089,125454,-7324,9132,122564,113,19228,463,1,31,0.0010000000000047748
76260000,1454,7021,125234,-1782,4928,124989,94,19228,385,1,32,0.000999999999990564
76261000,10569,2429,121587,9584,-8673,126078,120,19233,385,0,33,0.0010000000000047748
76262000,9503,-8013,124163,5299,-13849,131387,115,19232,491,0,34,0.0010000000000047748
76263000,5112,7859,128331,1196,-2339,120283,115,19225,471,0,35,0.000999999999990564
76264000,6942,-4207,124908,10793,-2987,132040,114,19223,467,1,36,0.0010000000000047748
76265000,-1409,4220,129350,-8126,8392,125199,131,19227,537,1,37,0.0010000000000047748
76266000,5909,13266,126096,4883,4614,123157,105,19234,430,1,38,0.000999999999990564
76267000,5112,6048,123373,15572,9423,118877,107,19234,430,0,39,0.0010000000000047748
76268001,11290,427,126124,-4261,-3132,130058,85,19219,438,0,40,0.00100100000000225
76269000,11620,-14003,125591,14967,-20129,134932,85,19233,348,0,41,0.0009989999999930887
76270000,5590,-6620,128864,4491,-4851,132101,99,19232,405,0,42,0.0010000000000047748
76271000,2152,630,132260,-8984,2015,129375,117,19230,479,1,43,0.0010000000000047748
76272000,-1875,19263,131395,3913,14595,117136,111,19230,455,1,44,0.000999999999990564
76273000,951,4023,127585,-16,-7888,134633,98,19230,455,1,45,0.0010000000000047748
76274000,4674,-6774,126858,-629,-10313,127674,142,19229,401,0,46,0.0010000000000047748
76275001,7269,3086,131178,16631,-5723,122765,142,19234,582,0,47,0.00100100000000225
76276000,5967,-1631,128235,3115,-2415,129362,101,19228,414,0,48,0.0009989999999930887
76277000,306,-1915,133458,-14637,3371,130098,102,19223,418,1,49,0.0010000000000047748
76278000,0,-2102,131630,-1808,-8995,135874,139,19229,569,1,50,0.000999999999990564
76279000,-8709,-167,128494,-865,8621,124182,106,19229,569,1,51,0.0010000000000047748
76280000,-4109,7909,131887,-16821,-1921,130619,100,19233,434,1,52,0.0010000000000047748
76281001,1695,-3068,127097,203,-5664,127913,100,19221,410,0,53,0.00100100000000225
76282000,1516,239,128943,3779,-4680,132402,107,19228,438,0,54,0.0009989999999930887
76283000,-3172,-5138,130894,-14405,-6628,130131,113,19226,463,0,55,0.0010000000000047748
76284000,-9062,5990,131040,-14278,3319,123804,126,19223,516,1,56,0.000999999999990564
76285000,-9194,4159,132470,-11038,1833,137047,114,19223,516,1,57,0.0010000000000047748
76286000,-10577,5863,129293,-5635,5753,128704,101,19231,467,1,58,0.0010000000000047748
76287000,-4265,6371,128839,-10961,-2111,122351,101,19231,414,1,59,0.000999999999990564
76288000,-5329,3658,124958,-9619,1665,121903,134,19223,549,0,60,0.0010000000000047748
76289000,-2250,-163,129365,-2809,-3579,128739,100,19230,410,0,61,0.0010000000000047748
76290000,-634,-6268,127195,-6458,-7696,132413,105,19229,430,0,62,0.000999999999990564
76291000,-9558,5090,127311,-14472,5502,125045,144,19229,590,1,63,0.0010000000000047748
76292000,-3979,20920,128480,-12159,16437,121617,114,19232,590,1,64,0.0010000000000047748
76293000,-6359,6107,125029,2047,883,128684,105,19232,467,1,65,0.000999999999990564
76294000,1588,-3445,123780,-6069,-7346,124872,105,19230,430,0,66,0.0010000000000047748
76295001,900,5206,127721,-5083,2059,118337,97,19229,397,0,67,0.00100100000000225
76296000,502,2497,124825,6816,-1628,129137,110,19234,451,0,68,0.0009989999999930887
76297000,-12,-186,126378,-7833,-3879,126940,118,19234,483,1,69,0.0010000000000047748
76298005,-4251,8151,128216,-3315,7399,133122,117,19222,483,1,70,0.001005000000006362
76299000,-797,12977,123724,-3980,10997,115581,99,19230,479,1,71,0.000994999999988977
76300000,6280,18837,126524,2205,12201,119928,99,19231,405,0,72,0.0010000000000047748
76301000,9634,-1662,122073,7430,-6717,126864,121,19229,496,0,73,0.0010000000000047748
76302000,10997,-3438,123291,6039,-6016,129622,106,19229,434,0,74,0.000999999999990564
76303000,5569,-8279,125781,7298,-11983,126814,113,19229,463,0,75,0.0010000000000047748
76304000,4924,6899,127668,658,2632,124132,147,19225,463,1,76,0.0010000000000047748
76305000,1796,5657,129183,-1671,3601,129276,113,19228,602,1,77,0.000999999999990564
76306003,5820,8783,127523,8604,870,123758,113,19233,463,1,78,0.0010029999999972006
76307000,7335,786,125092,7672,-3368,124605,97,19231,397,0,79,0.0009970000000123491
76308000,9974,-1619,127284,735,-7790,131072,129,19231,528,0,80,0.000999999999990564
76309000,9874,-11466,126461,12139,-12810,132892,104,19231,426,0,81,0.0010000000000047748
76310000,5732,2330,128694,10492,4192,119699,109,19228,426,0,82,0.0010000000000047748
76311000,3007,9990,130811,-11698,10112,130447,105,19219,446,1,83,0.000999999999990564
76312000,2249,3908,129073,20291,6410,128636,105,19228,430,1,84,0.0010000000000047748
76313001,2883,4033,127500,-592,131,126972,105,19234,430,1,85,0.00100100000000225
76314002,5739,-9084,126007,-9884,-20349,136515,119,19224,487,0,86,0.00100100000000225
76315002,10206,-12458,128350,30976,3401,122254,96,19225,393,0,87,0.000999999999990564
76316002,7213,-1932,131022,-3781,-9885,136599,104,19225,393,0,88,0.0010000000000047748
76317000,-1700,-212,130380,-22824,8510,121079,134,19231,426,1,89,0.0009979999999956135
76318000,-3870,17038,134632,4021,1407,132646,134,19223,549,1,90,0.0010000000000047748
76319000,-6614,-3419,129495,2197,-6955,130786,112,19235,459,1,91,0.0010000000000047748
76320000,-4606,-1895,129883,-22352,-9187,129417,97,19225,397,1,92,0.000999999999990564
76321000,-1006,-12102,130501,6189,-4849,132532,145,19231,594,0,93,0.0010000000000047748
76322000,2570,10037,127845,1752,-1186,121950,108,19231,594,0,94,0.0010000000000047748
76323007,-1775,2022,129995,-26165,1372,133808,117,19226,442,0,95,0.0010069999999871015
76324003,-8048,1948,131382,-5885,-849,127740,117,19223,479,1,96,0.000996000000000663
76325000,-7153,4113,129234,-8904,263,128478,125,19227,512,1,97,0.0009970000000123491
76326000,-8453,10611,132688,-13790,8078,127068,106,19233,434,1,98,0.000999999999990564
76327000,-1601,2759,128640,-7874,-1703,126581,110,19220,451,0,99,0.0010000000000047748
76328000,-2444,-4652,125367,-2697,-8559,129820,100,19220,451,0,100,0.0010000000000047748
76329002,-3186,1757,126344,-6257,284,122900,103,19237,410,0,101,0.0010019999999997253
76330001,-1216,8499,127296,-10633,7328,123584,103,19226,422,1,102,0.0009989999999930887
76331000,-7390,8466,127937,-7687,6788,127565,130,19224,532,1,103,0.0009990000000072996
76332000,-4525,1410,128086,-15232,-498,128427,117,19230,479,1,104,0.000999999999990564
76333000,-3085,5615,126747,798,15425,120469,101,19228,414,1,105,0.0010000000000047748
76334000,966,3856,126316,-201,-7566,126445,139,19228,414,0,106,0.0010000000000047748
76335000,2278,-11467,122550,-7683,-12763,134199,114,19232,569,0,107,0.000999999999990564
76336000,1430,3392,125540,-261,-84,126075,114,19230,467,0,108,0.0010000000000047748
76337001,-328,12727,127025,-923,10406,118155,116,19225,475,1,109,0.00100100000000225
76338000,-1127,16477,127647,-11094,11270,120826,151,19233,618,1,110,0.0009989999999930887
76339000,-1287,7987,126733,4880,538,133443,106,19230,434,1,111,0.0010000000000047748
76340001,3431,3410,120981,6349,1295,121449,101,19230,414,0,112,0.00100100000000225
76341001,10390,13081,125592,-5522,11424,117009,85,19227,414,0,113,0.000999999999990564
76342000,10722,-1110,125689,17935,-4262,125093,112,19228,348,0,114,0.0009990000000072996
76343000,8955,-10160,125312,4284,-14685,133131,112,19228,459,0,115,0.0010000000000047748
76344000,2675,-4460,127932,-979,-4669,129793,127,19227,520,1,116,0.000999999999990564
76345002,3111,20154,128787,1162,22403,115059,114,19232,467,1,117,0.0010019999999997253
76346000,7546,4678,126126,8405,-89,127950,94,19232,385,1,118,0.0009980000000098244
76347000,8983,-1981,127595,6143,-5973,127680,133,19230,385,0,119,0.000999999999990564
76348000,10541,-4890,125435,628,-9896,129528,101,19232,545,0,120,0.0010000000000047748
76349000,6053,-4684,128163,20995,-6486,123935,101,19234,414,0,121,0.000999999999990564
76350000,6641,2508,129867,-2312,-2250,136675,104,19228,426,1,122,0.0010000000000047748
76351000,-846,-113,129183,-9406,-3319,124094,126,19231,516,1,123,0.0010000000000047748
76352000,385,18468,133120,8158,16514,126506,111,19231,455,1,124,0.000999999999990564
76353000,968,394,128041,-1875,-9810,129848,103,19230,455,1,125,0.0010000000000047748
76354000,7024,-6089,126711,-4190,-10164,127356,119,19228,422,0,126,0.0010000000000047748
76355000,14938,-9252,129656,16453,-14706,136525,119,19233,487,0,127,0.000999999999990564
76356000,1767,-8911,127764,13056,-2776,127169,102,19230,418,0,128,0.0010000000000047748
76357000,1354,19276,135662,-32023,4553,123072,113,19221,463,1,129,0.0010000000000047748
76358000,-9276,5580,132525,16167,2157,137822,109,19228,446,1,130,0.000999999999990564
76359000,-8796,-2473,131496,-14560,-2416,128001,99,19228,446,1,131,0.0010000000000047748
76360000,-3158,-2980,128134,-14325,-12825,129538,128,19227,405,0,132,0.0010000000000047748
76361000,-2240,-3987,127378,5945,-791,124696,128,19221,524,0,133,0.000999999999990564
76362000,5326,5253,132720,-858,-1220,130477,99,19231,405,0,134,0.0010000000000047748
76363000,-6307,-4973,131558,-14388,-5826,132114,106,19228,434,0,135,0.0010000000000047748
76364000,-6728,5545,131526,-19945,5702,128459,142,19227,582,1,136,0.000999999999990564
76365000,-12155,4826,130335,-5584,2460,129615,115,19227,582,1,137,0.0010000000000047748
76366000,-5310,18207,130276,-11012,13143,116322,102,19231,471,1,138,0.0010000000000047748
76367000,-3232,-2781,125251,-7933,-12771,136026,102,19226,418,0,139,0.000999999999990564
76368001,-3719,-10241,126775,-7281,-5191,127429,143,19231,586,0,140,0.00100100000000225
76369000,2134,10875,128448,-1399,-1350,122258,101,19231,414,0,141,0.0009990000000072996
76370000,-6096,5301,128187,1886,1301,130294,113,19222,463,1,142,0.000999999999990564
76371002,-7594,13226,129553,-18763,9414,123370,109,19222,463,1,143,0.0010019999999997253
76372001,-9875,4635,128240,-11685,-75,128367,104,19228,446,1,144,0.0009990000000072996
76373003,970,5932,125166,2726,6163,122851,104,19229,426,0,145,0.0010019999999997253
76374000,3091,23,126429,21,-4352,127923,120,19226,491,0,146,0.0009969999999981383
76375002,930,-3547,121049,-7470,1618,125764,98,19228,401,0,147,0.0010019999999997253
76376000,5456,-865,122943,-9570,-1443,128733,108,19227,442,0,148,0.0009979999999956135
76377000,-2713,8592,126102,4557,11134,122668,142,19227,442,1,149,0.0010000000000047748
76378000,-1078,18247,126665,-4605,10078,119185,110,19220,582,1,150,0.0010000000000047748
76379000,-1009,4434,126048,-201,-53,128788,110,19232,451,1,151,0.000999999999990564
76380000,6839,-1799,123210,3652,-569,132388,93,19227,381,0,152,0.0010000000000047748
76381001,10894,-327,122577,7903,-9104,115934,110,19228,451,0,153,0.00100100000000225
76382000,6175,9413,127545,14730,1444,120876,120,19228,491,0,154,0.0009989999999930887
76383000,2973,-1872,128332,-1272,-8063,133076,120,19228,491,1,155,0.0010000000000047748
76384000,1341,4855,127029,-1527,8764,124357,114,19219,491,1,156,0.0010000000000047748
76385000,4031,12367,128072,5071,10433,125670,100,19230,467,1,157,0.000999999999990564
76386000,7797,10783,125246,7931,7128,120006,100,19233,410,1,158,0.0010000000000047748
76387001,13024,2374,125720,2451,-3006,125713,111,19226,455,0,159,0.00100100000000225
76388000,14005,-9226,128221,13246,-13165,133717,93,19232,381,0,160,0.0009989999999930887
76389000,6760,-7746,128156,13044,-9289,131079,102,19232,418,0,161,0.0010000000000047748
76390002,2531,2055,130034,-8326,7,128999,129,19228,418,1,162,0.0010019999999997253
76391005,464,11187,130963,-3306,8271,122702,110,19227,528,1,163,0.0010029999999972006
76392000,410,11600,132493,6229,7570,136926,110,19229,451,1,164,0.0009950000000031878
76393000,3706,3874,127477,-2962,-229,124890,96,19230,393,0,165,0.0010000000000047748
76394000,10127,-2735,128239,1445,-7249,127157,158,19232,647,0,166,0.000999999999990564
76395001,7127,-6005,129297,19284,-9929,129690,107,19232,438,0,167,0.00100100000000225
76396000,5005,-7052,128009,-8778,-9164,129713,108,19229,438,0,168,0.0009990000000072996
76397001,846,13527,135241,-15095,10308,125857,133,19225,442,1,169,0.00100100000000225
76398000,-7282,3772,131567,7024,4,128898,133,19228,545,1,170,0.0009989999999930887
76399000,-5106,-2369,131364,-10426,-5029,135298,102,19234,418,1,171,0.0010000000000047748
76400000,-1136,-8767,130932,-13878,-13985,132661,105,19226,430,0,172,0.000999999999990564
76401000,-634,-2934,128157,6001,3952,121152,88,19229,360,0,173,0.0010000000000047748
76402000,-1486,7013,130843,-4428,5898,126660,111,19229,360,0,174,0.0010000000000047748
76403000,-7160,100,130540,-17728,-4137,135443,136,19225,455,1,175,0.000999999999990564
76404002,-5842,1467,130733,-6163,4476,127557,136,19222,557,1,176,0.0010019999999997253
76405000,-9755,8957,129661,-12848,13354,120112,116,19228,475,1,177,0.0009980000000098244
76406000,-3664,9971,131218,-8874,2983,128352,100,19229,410,1,178,0.000999999999990564
76407000,-2228,-2440,127088,-6251,-13526,130079,145,19228,594,0,179,0.0010000000000047748
76408000,-3154,-7150,125579,-5494,-5590,133571,102,19228,594,0,180,0.0010000000000047748
76409000,-2854,2089,128303,-6045,8998,119816,110,19232,418,0,181,0.000999999999990564
76410000,-6156,4306,126188,-10638,7022,122482,110,19225,451,1,182,0.0010000000000047748
76411000,-5003,11991,130054,-9965,9313,129120,136,19232,557,1,183,0.0010000000000047748
76412000,-6884,5166,127724,239,-4672,128779,111,19233,455,1,184,0.000999999999990564
76413000,-3487,1320,123570,-5912,2771,120465,108,19217,442,0,185,0.0010000000000047748
76414003,-2261,9713,126725,-10343,5021,121096,86,19217,442,0,186,0.0010029999999972006
76415002,1286,-6659,124486,16820,-8753,138116,107,19230,352,0,187,0.0009990000000072996
76416000,2814,-1941,125370,-9031,-3383,122228,107,19228,438,0,188,0.0009979999999956135
76417000,-2503,1699,126043,-15517,10178,123184,125,19220,512,1,189,0.0010000000000047748
76418002,-769,18349,128375,6489,21221,117472,113,19232,463,1,190,0.0010019999999997253
76419000,4527,7704,123915,335,-633,129321,98,19230,401,1,191,0.0009979999999956135
76420000,7413,-9497,121343,4517,-2340,128748,131,19230,401,0,192,0.0010000000000047748
76421000,6677,2206,123550,5086,-1428,118209,110,19234,537,0,193,0.000999999999990564
76422000,9346,-4309,122547,11929,-8621,129918,110,19226,451,0,194,0.0010000000000047748
76423000,3990,375,127954,6827,-4487,127412,113,19226,463,1,195,0.0010000000000047748
76424000,126,-1113,127261,-11432,216,127975,139,19232,569,1,196,0.000999999999990564
76425000,3940,17442,129458,8191,13895,119618,112,19228,459,1,197,0.0010000000000047748
76426000,5842,4612,124864,12939,-5577,127213,100,19228,459,1,198,0.0010000000000047748
76427001,12025,-293,124609,2327,5526,123307,123,19224,410,0,199,0.0010009999999880392
76428001,9071,-5296,127371,4624,-14476,127955,123,19229,504,0,200,0.0010000000000047748
76429000,7605,-17462,126078,7504,-14332,137587,110,19234,451,0,201,0.0009990000000072996
76430000,3887,9253,130176,-2958,11551,122688,118,19222,483,1,202,0.000999999999990564
76431000,-2027,9436,130490,-3650,2838,128863,109,19229,446,1,203,0.0010000000000047748
76432000,1514,9414,128091,4329,7497,123272,102,19229,418,1,204,0.0010000000000047748
76433000,4288,3607,127917,1994,-7788,128580,128,19234,418,0,205,0.000999999999990564
76434000,13159,-9867,127545,8014,-7978,129877,109,19224,524,0,206,0.0010000000000047748
76435000,5924,1207,131677,13722,-4728,128510,109,19230,446,0,207,0.0010000000000047748
76436000,3964,-3225,130267,-19071,-2311,131940,105,19225,430,0,208,0.000999999999990564
76437000,-2727,12980,135349,-1917,7532,124687,145,19224,594,1,209,0.0010000000000047748
76438000,-6365,310,130723,2779,-4012,134919,110,19224,451,1,210,0.0010000000000047748
76439000,-2556,9831,128937,-12030,7985,122665,98,19233,451,1,211,0.000999999999990564
76440001,-1238,-7763,129015,-7393,-11737,130153,126,19225,401,0,212,0.00100100000000225
76441002,5560,4197,131118,1652,658,122821,126,19232,516,0,213,0.00100100000000225
76442002,-2042,1706,130919,-61,-3400,131357,107,19231,438,0,214,0.0010000000000047748
76443000,-6666,-4093,132045,-13920,-6525,127528,114,19220,467,1,215,0.0009979999999956135
76444000,-12053,12070,132161,-18875,9429,129694,113,19231,463,1,216,0.0010000000000047748
76445000,-10523,10147,129818,-11129,6710,127245,102,19231,463,1,217,0.000999999999990564
76446000,-1469,8982,130752,-829,6423,130655,118,19231,418,1,218,0.0010000000000047748
76447001,-4639,-3497,124642,-11414,-10188,125218,118,19219,483,0,219,0.00100100000000225
76448000,481,6904,126217,-10526,2539,123544,94,19231,385,0,220,0.0009989999999930887
76449000,-459,5041,128644,817,-6721,130833,101,19232,414,0,221,0.0010000000000047748
76450000,-3041,425,126423,-4765,9144,122702,136,19229,557,1,222,0.0010000000000047748
76451000,-9002,19320,130006,-16710,1773,128557,113,19229,557,1,223,0.000999999999990564
76452000,-6116,3961,126243,-3229,-965,130444,100,19230,463,1,224,0.0010000000000047748
76453000,3839,826,126149,4556,-2173,126461,100,19228,410,0,225,0.0010000000000047748
76454001,-1826,-2961,124546,-4524,-3647,122197,122,19231,500,0,226,0.0010009999999880392
76455001,723,4704,124739,-3343,913,125882,108,19228,442,0,227,0.0010000000000047748
76456000,-2645,2687,127852,-2325,-3320,129783,110,19226,451,0,228,0.0009990000000072996
76457000,-3332,9883,126567,-6080,13839,121714,134,19226,451,1,229,0.000999999999990564
76458000,-1885,14697,127575,-3980,9195,124073,102,19231,549,1,230,0.0010000000000047748
76459002,2567,4272,123166,11170,4006,121898,102,19230,418,1,231,0.0010019999999997253
76460002,8401,798,121528,2227,-2726,124517,106,19229,434,0,232,0.0010000000000047748
76461002,12596,-6694,122952,6659,-7332,126520,96,19225,393,0,233,0.000999999999990564
76462002,9609,-3405,126609,8753,2182,122963,109,19229,446,0,234,0.0010000000000047748
76463000,2112,1503,126895,1515,-7514,129686,134,19229,446,1,235,0.0009979999999956135
76464000,1905,2235,128011,-364,3207,131007,112,19230,549,1,236,0.0010000000000047748
76465000,2816,4333,127052,10477,-3580,125139,112,19232,459,1,237,0.0010000000000047748
76466000,6441,5699,124437,4058,4907,119680,97,19229,397,0,238,0.000999999999990564
76467001,10955,11169,128673,-2250,1546,125235,149,19231,610,0,239,0.00100100000000225
76468000,7504,-17644,125299,18503,-20244,135296,105,19227,430,0,240,0.0009990000000072996
76469000,4969,-9688,127113,345,-8544,129162,105,19227,430,0,241,0.000999999999990564
76470001,-64,8004,130850,-9000,6304,126433,121,19220,430,1,242,0.00100100000000225
76471000,1928,19167,131698,1966,17867,123554,121,19231,496,1,243,0.0009990000000072996
76472000,5242,3830,129251,2580,-5667,132224,105,19228,430,1,244,0.000999999999990564
76473000,7047,-11730,127088,2442,-15582,130340,108,19222,442,0,245,0.0010000000000047748
76474000,5887,-8580,127862,13169,-6645,125344,95,19234,389,0,246,0.000999999999990564
76475000,5863,-10849,128077,2833,-17040,135062,102,19234,418,0,247,0.0010000000000047748
76476000,4462,5401,133027,-13335,10104,126729,124,19227,418,1,248,0.0010000000000047748
76477000,-6432,12314,133118,-826,7250,128528,111,19218,508,1,249,0.000999999999990564
76478000,-5875,4944,130099,-2672,-794,126260,111,19232,455,1,250,0.0010000000000047748
76479000,-2603,-11645,128460,-16093,-15817,136029,93,19232,381,1,251,0.0010000000000047748
76480000,1909,-3221,129584,2732,-3371,133937,137,19233,561,0,252,0.000999999999990564
76481000,4968,8307,128971,-3361,5246,120962,115,19233,471,0,253,0.0010000000000047748
76482003,-4730,5333,133951,-10605,309,130820,116,19230,471,0,254,0.0010029999999972006
76483000,-6875,-591,130071,-12854,-5277,131917,133,19224,475,1,255,0.0009969999999981383
76484000,-9667,5338,130965,-11758,4942,130282,133,19227,545,1,256,0.0010000000000047748
76485000,-8348,14505,131258,-8634,12654,122763,110,19230,451,1,257,0.0010000000000047748
76486000,-3548,8102,130405,-13832,4223,128326,102,19224,418,0,258,0.000999999999990564
76487000,-1681,-9450,123974,-4706,-12603,128236,129,19224,528,0,259,0.0010000000000047748
76488000,-22,-2373,128681,-2344,-6659,126634,102,19232,528,0,260,0.0010000000000047748
76489000,-1865,4607,126363,-11919,2334,127258,118,19231,418,0,261,0.000999999999990564
76490000,-6983,16115,129512,-6851,13852,125263,118,19225,483,1,262,0.0010000000000047748
76491000,-6051,11502,127539,-11049,6890,127817,111,19228,455,1,263,0.0010000000000047748
76492000,-2529,3835,125902,-8367,2210,123977,97,19224,397,1,264,0.000999999999990564
76493000,1268,-2488,124155,3181,-5359,131597,129,19233,528,0,265,0.0010000000000047748
76494000,1761,117,125358,-3818,1580,119246,100,19233,528,0,266,0.0010000000000047748
76495003,1812,9355,124814,-1643,5328,123824,106,19233,410,0,267,0.0010029999999972006
76496000,-236,5116,127048,-681,-468,128354,106,19226,434,1,268,0.0009969999999981383
76497000,-3912,5458,125361,-3694,7666,128264,154,19227,631,1,269,0.0010000000000047748
76498000,-1571,15521,127657,-7066,3320,118662,107,19230,438,1,270,0.000999999999990564
76499000,5452,6905,124221,12288,6492,119191,96,19226,393,0,271,0.0010000000000047748
76500000,9550,-827,125802,5510,-11351,129540,87,19226,393,0,272,0.0010000000000047748
76501000,8616,-1996,123741,5585,-12376,122169,110,19227,356,0,273,0.000999999999990564
76502000,8027,-1289,124791,7567,-1989,131894,110,19227,451,0,274,0.0010000000000047748
76503000,2789,939,128985,4984,9459,123241,121,19223,496,1,275,0.0010000000000047748
76504000,1447,13819,127066,-6778,8625,120490,111,19229,455,1,276,0.000999999999990564
76505000,8405,7073,126721,14450,-2659,132458,99,19228,405,1,277,0.0010000000000047748
76506002,9344,-221,125066,9895,2813,118479,121,19228,405,0,278,0.0010019999999997253
76507000,9979,853,126039,640,-7008,130585,97,19223,496,0,279,0.0009979999999956135
76508002,6439,-10218,128376,15054,-13109,130650,97,19232,397,0,280,0.0010019999999997253
76509000,5094,-4718,129741,-526,-9364,143796,103,19228,422,1,281,0.0009980000000098244
76510000,-784,10336,130781,-5021,3752,112052,142,19228,582,1,282,0.000999999999990564
76511000,-218,18683,130825,2951,20036,119254,113,19228,463,1,283,0.0010000000000047748
76512000,4298,1273,131407,-1671,-10288,134170,100,19228,463,1,284,0.0010000000000047748
76513000,8606,-12953,124682,5248,-16036,124785,138,19225,410,0,285,0.000999999999990564
76514000,12186,-786,131434,10168,2454,131543,138,19232,565,0,286,0.0010000000000047748
76515002,172,-1020,127972,3821,-5057,125558,103,19227,422,0,287,0.0010019999999997253
76516000,1618,1793,131644,-21979,2640,132020,113,19224,463,1,288,0.0009979999999956135
76517001,-5528,6166,135302,2038,1037,133330,119,19225,487,1,289,0.00100100000000225
76518003,-7556,-1048,128796,6198,-4056,126419,101,19225,414,1,290,0.0010019999999997253
76519002,-1655,9688,131040,-25994,4199,126118,119,19228,414,0,291,0.0009990000000072996
76520000,-355,-10463,126465,-4273,-13754,135662,119,19228,487,0,292,0.0009979999999956135
76521001,5912,4894,131161,16493,9331,126770,97,19231,397,0,293,0.00100100000000225
76522000,-7105,2039,129126,-24520,-1321,126745,107,19225,438,0,294,0.0009989999999930887
76523000,-6376,4825,131998,-16263,6711,129006,142,19227,582,1,295,0.0010000000000047748
76524000,-7688,540,130663,-2333,-1584,134752,116,19227,475,1,296,0.0010000000000047748
76525000,-6743,2937,127904,-12811,7365,125466,100,19231,475,1,297,0.000999999999990564
76526000,-3015,9613,129300,-10672,1201,122003,161,19224,410,0,298,0.0010000000000047748
76527000,-4877,-6760,124333,-6904,-8649,132069,161,19231,659,0,299,0.0010000000000047748
76528000,1021,1397,128817,-423,2215,125334,105,19231,430,0,300,0.000999999999990564
76529000,-8378,-507,128530,-8885,-7190,129121,112,19219,459,1,301,0.0010000000000047748
76530000,-7837,14831,128341,-14659,14174,118916,127,19219,520,1,302,0.0010000000000047748
76531000,-7776,9868,130309,-8812,5137,127848,109,19224,520,1,303,0.000999999999990564
76532000,-4613,-68,124346,-3961,-4204,128704,114,19232,446,1,304,0.0010000000000047748
76533000,3244,16836,126127,-3285,14185,114717,114,19227,467,0,305,0.0010000000000047748
76534000,79,-2538,123855,-1765,-5259,127257,102,19223,418,0,306,0.000999999999990564
76535000,5439,-2118,127190,2522,-7029,130649,113,19228,463,0,307,0.0010000000000047748
76536000,-2669,-2114,124697,-6019,-2819,128911,134,19219,549,1,308,0.0010000000000047748
76537000,-2396,19475,128344,-3255,16368,121826,115,19219,549,1,309,0.000999999999990564
76538000,1987,5978,123262,-461,1465,130576,94,19230,471,1,310,0.0010000000000047748
76539000,5331,3276,123111,2751,95,122478,94,19228,385,0,311,0.0010000000000047748
76540000,9057,6845,125018,1416,1898,123259,117,19236,479,0,312,0.000999999999990564
76541003,4886,-1873,126166,11630,-7223,126395,113,19228,463,0,313,0.0010030000000114114
76542002,6026,-4306,126121,6931,-8646,133488,113,19223,463,0,314,0.0009989999999930887
76543002,2090,673,126641,-4997,4694,123197,128,19223,463,1,315,0.0010000000000047748
76544000,4260,13621,130484,-834,24220,119012,104,19228,524,1,316,0.0009979999999956135
76545001,8614,13729,126662,15912,-4975,126994,104,19231,426,1,317,0.00100100000000225
76546001,10034,-10269,122590,-5839,-6303,132849,103,19221,422,0,318,0.000999999999990564
76547000,12001,-12507,127330,24122,-14116,133527,94,19232,385,0,319,0.0009990000000072996
76548000,5752,-9358,125173,7470,-4498,120387,106,19226,434,0,320,0.0010000000000047748
76549000,5164,13149,131184,-16973,6795,127823,120,19226,434,1,321,0.000999999999990564
76550000,249,9095,132839,1797,7249,130747,109,19222,491,1,322,0.0010000000000047748
76551000,3704,3288,130370,9977,1507,124936,109,19232,446,1,323,0.0010000000000047748
76552000,24,4161,129765,-641,-3285,125209,96,19228,393,1,324,0.000999999999990564
76553000,7669,-15407,125618,-1857,-20204,135128,137,19229,561,0,325,0.0010000000000047748
76554000,11686,-10223,129743,23001,-3702,132005,103,19230,422,0,326,0.0010000000000047748
76555000,2633,-5230,128139,-17386,-1432,130192,105,19230,422,0,327,0.000999999999990564
76556000,525,11185,134126,-11843,30696,111845,148,19227,430,1,328,0.0010000000000047748
76557003,-6442,14794,132828,6045,-7835,136651,148,19225,606,1,329,0.0010029999999972006
76558002,-4259,-16325,127730,-4876,-19656,142959,104,19233,426,1,330,0.0009990000000072996
76559000,-2674,-12059,127954,-17378,-11500,129528,98,19221,401,0,331,0.0009979999999956135
76560000,449,5941,131714,3409,5601,122219,116,19229,475,0,332,0.0010000000000047748
76561000,1178,12126,130289,5481,7635,123073,109,19229,475,0,333,0.000999999999990564
76562000,-4911,-2970,130341,-25431,-3680,135439,122,19230,446,1,334,0.0010000000000047748
76563000,-8027,-5839,130014,-9069,-3241,132459,122,19219,500,1,335,0.0010000000000047748
76564000,-8427,14482,129995,-7291,10029,118320,113,19226,463,1,336,0.000999999999990564
76565000,-4153,14096,131133,-9371,10364,127433,98,19229,401,1,337,0.0010000000000047748
76566000,-1478,-6216,128509,-6422,-14313,132143,128,19220,524,0,338,0.0010000000000047748
76567000,-4593,-12591,124083,-4316,-10776,132256,100,19220,410,0,339,0.000999999999990564
76568000,-3554,11193,127482,-9707,14749,117607,102,19234,410,0,340,0.0010000000000047748
76569000,-2600,12010,128822,-6556,8087,119536,146,19228,418,1,341,0.0010000000000047748
76570000,-7973,7427,130355,-8023,45,135099,146,19229,598,1,342,0.000999999999990564
76571000,-4651,1680,126368,-16094,-1652,126770,114,19232,467,1,343,0.0010000000000047748
76572000,-2179,2489,129630,4066,2754,121992,99,19230,405,0,344,0.0010000000000047748
76573000,382,3229,125108,2506,-9919,121859,109,19230,446,0,345,0.000999999999990564
76574001,105,-2956,121543,-10688,-5715,131372,107,19233,446,0,346,0.00100100000000225
76575002,-978,5125,128469,-3423,4424,126453,118,19229,438,0,347,0.00100100000000225
76576000,208,15434,125107,-1411,15090,114354,118,19219,483,1,348,0.0009979999999956135
76577000,-2990,14690,128069,-5936,9665,126239,121,19231,496,1,349,0.0010000000000047748
76578000,5456,-1951,123637,4208,-5716,130739,97,19233,397,1,350,0.0010000000000047748
76579000,7464,3251,122470,9335,-1599,123516,116,19233,475,0,351,0.000999999999990564
76580000,8799,11442,124248,-6160,9349,119047,101,19232,475,0,352,0.0010000000000047748
76581000,10754,-6952,124551,20406,-11487,123119,110,19227,414,0,353,0.0010000000000047748
76582000,5236,-7283,127891,4663,-15049,132271,110,19228,451,1,354,0.000999999999990564
76583000,1439,5902,129377,-9688,4378,123845,145,19231,594,1,355,0.0010000000000047748
76584000,2266,19980,130029,8490,16629,129315,113,19230,463,1,356,0.0010000000000047748
76585000,8208,2274,125207,10428,-2088,121416,95,19225,389,1,357,0.000999999999990564
76586000,8369,2312,126421,-747,-558,133216,126,19225,389,0,358,0.0010000000000047748
76587000,11916,-14478,126566,7563,-18257,132828,102,19228,516,0,359,0.0010000000000047748
76588000,6817,791,127985,19097,6489,119754,102,19234,418,0,360,0.000999999999990564
76589000,3954,4360,130425,-10288,-2476,134749,108,19222,442,1,361,0.0010000000000047748
76590000,315,5097,129079,-5292,15079,123410,115,19229,471,1,362,0.0010000000000047748
76591000,731,5497,130090,14800,1758,137135,102,19236,418,1,363,0.000999999999990564
76592000,5004,-2460,127100,-9556,-11868,118753,114,19236,418,0,364,0.0010000000000047748
76593000,6349,326,127754,20989,-4984,130184,93,19214,467,0,365,0.0010000000000047748
76594001,8486,-16886,129498,10236,-22135,143482,93,19227,381,0,366,0.0010009999999880392
76595001,2222,-529,130273,-20066,7303,116540,105,19232,430,0,367,0.0010000000000047748
76596001,-1914,14776,135056,-6295,4252,134708,131,19223,537,1,368,0.0010000000000047748
76597000,-8687,7817,130607,3827,7934,124364,111,19232,455,1,369,0.0009989999999930887
76598000,-3526,-1111,127951,-20028,-10317,133083,94,19232,455,1,370,0.0010000000000047748
76599004,342,-11860,127382,147,-13831,133318,149,19229,385,0,371,0.0010039999999946758
76600000,1925,3664,129072,6107,3390,118757,149,19231,610,0,372,0.000996000000000663
76601000,-1239,6123,132907,-11630,-2510,131110,106,19230,434,0,373,0.0010000000000047748
76602000,-5863,-4020,130844,-14636,-4097,131724,110,19223,451,1,374,0.000999999999990564
76603000,-10714,2482,130310,-15286,2721,140108,124,19229,508,1,375,0.0010000000000047748
76604000,-11368,9669,130201,-7290,9361,114391,106,19229,508,1,376,0.0010000000000047748
76605002,-4449,20050,129827,-3429,11171,119345,111,19233,434,1,377,0.0010019999999997253
76606000,-5800,-5533,127519,-10914,-15046,137733,111,19217,455,0,378,0.0009979999999956135
76607000,-261,-6242,125760,-5079,-3760,119462,107,19229,438,0,379,0.0010000000000047748
76608000,-31,6683,129218,-4812,3728,132724,103,19229,422,0,380,0.000999999999990564
76609000,-4543,9635,126781,-4840,14915,121595,124,19223,508,1,381,0.0010000000000047748
76610000,-7533,14845,126957,-18932,10471,125392,113,19223,463,1,382,0.0010000000000047748
76611000,-4102,-494,126916,-8744,-155,133755,100,19231,463,1,383,0.000999999999990564
76612001,2819,5296,124844,9520,1996,120859,145,19230,410,0,384,0.00100100000000225
76613002,-876,-5123,124640,-7522,-10133,129798,145,19229,594,0,385,0.00100100000000225
76614000,319,116,125432,-4023,-1153,120126,108,19230,442,0,386,0.0009979999999956135
76615000,150,6753,128048,-1555,2424,135454,109,19225,446,0,387,0.0010000000000047748
76616000,-4871,10275,126008,-4396,11064,118635,145,19225,594,1,388,0.0010000000000047748
76617000,-4032,23288,126601,-8404,18102,116846,107,19231,594,1,389,0.000999999999990564
76618000,2481,10054,124801,4715,5069,129344,105,19232,438,1,390,0.0010000000000047748
76619000,10093,-2780,120624,10369,-4630,123203,105,19224,430,0,391,0.0010000000000047748
76620000,11817,-4518,126371,2934,-10845,131483,85,19227,348,0,392,0.000999999999990564
76621000,8357,7056,125243,7674,6272,114277,112,19229,459,0,393,0.0010000000000047748
76622000,6109,-186,127870,4289,-5293,135129,128,19229,524,1,394,0.0010000000000047748
76623000,-1521,762,128063,1310,230,127790,112,19224,524,1,395,0.000999999999990564
76624000,4040,15684,126601,1096,11164,120830,100,19231,459,1,396,0.0010000000000047748
76625000,8144,7726,126050,5940,6088,122652,100,19228,410,0,397,0.0010000000000047748
76626000,11583,5062,127667,5514,-1151,118705,135,19224,553,0,398,0.000999999999990564
76627000,13285,-13350,127591,15494,-18814,143889,108,19225,442,0,399,0.0010000000000047748
76628000,4162,-4437,127850,995,-3452,124860,106,19227,434,0,400,0.0010000000000047748
76629000,3615,16376,135848,-4405,10922,125911,134,19227,434,1,401,0.000999999999990564
76630000,2018,13573,128528,5900,9529,123870,113,19227,549,1,402,0.0010000000000047748
76631000,1107,1448,129417,-195,-2581,136782,113,19230,463,1,403,0.0010000000000047748
76632000,4811,-8971,128320,-6500,-13118,125680,106,19224,434,0,404,0.000999999999990564
76633000,10376,-7802,126299,18723,-10893,129057,120,19230,491,0,405,0.0010000000000047748
76634000,6281,-2369,130237,5720,-5737,130231,102,19230,418,0,406,0.0010000000000047748
76635000,916,7409,132999,-19417,4781,125946,113,19230,418,1,407,0.000999999999990564
76636000,-1256,8572,132525,897,-4147,129627,108,19222,463,1,408,0.0010000000000047748
76637000,-10646,1838,130999,1749,-917,129637,108,19231,442,1,409,0.0010000000000047748
76638003,-3609,-12626,129559,-23535,536,132777,98,19230,401,1,410,0.0010029999999972006
76639000,1772,-216,128742,-427,-9357,126209,126,19224,516,0,411,0.0009969999999981383
76640000,4552,-3057,126767,-5956,-2234,129814,102,19229,418,0,412,0.0010000000000047748
76641000,-2697,3182,132059,-9095,3407,126361,108,19229,418,0,413,0.000999999999990564
76642000,-10752,5299,130131,-15689,1402,130245,149,19227,442,1,414,0.0010000000000047748
76643000,-7877,8503,131921,-9279,4637,129928,149,19232,610,1,415,0.0010000000000047748
76644000,-13113,5234,130041,-6301,8822,126707,113,19232,463,1,416,0.000999999999990564
76645000,356,715,129685,-11096,-3435,124843,100,19224,410,0,417,0.0010000000000047748
76646000,-4572,-607,125882,-4150,-6634,129690,159,19233,651,0,418,0.0010000000000047748
76647000,-525,-5206,126707,-4588,-4958,128519,105,19233,651,0,419,0.000999999999990564
76648000,-1657,7809,128315,-10407,7825,121601,113,19230,430,0,420,0.0010000000000047748
76649000,-7357,10252,128875,-10887,5453,126268,113,19225,463,1,421,0.0010000000000047748
76650000,-3818,4171,126951,-4573,9354,121190,109,19225,446,1,422,0.000999999999990564
76651000,-5828,7440,128211,-10102,-661,126173,103,19229,422,1,423,0.0010000000000047748
76652000,3506,-2154,123226,-1168,-121,129656,121,19228,496,0,424,0.0010000000000047748
76653000,-2426,-5011,124017,641,281,126725,99,19228,496,0,425,0.000999999999990564
76654000,2138,813,124280,-9975,3434,121506,107,19228,405,0,426,0.0010000000000047748
76655000,2104,11593,127204,3470,6138,127335,107,19228,438,1,427,0.0010000000000047748
76656000,-5158,1792,125456,-2284,228,128016,140,19228,573,1,428,0.000999999999990564
76657000,2068,8758,126556,-5228,8220,120579,110,19230,451,1,429,0.0010000000000047748
76658000,2934,10047,125218,8857,5184,123634,94,19231,385,0,430,0.0010000000000047748
76659000,9762,4024,123684,5228,-3135,122234,115,19231,471,0,431,0.000999999999990564
76660000,7365,-5316,123533,4714,-8757,127784,118,19233,471,0,432,0.0010000000000047748
76661000,6471,-3201,125581,3741,-6267,127090,120,19227,483,0,433,0.0010000000000047748
76662000,4714,16378,125339,9683,22271,118284,120,19221,491,1,434,0.000999999999990564
76663000,4083,6294,127866,-3603,5260,124475,116,19228,475,1,435,0.0010000000000047748
76664000,10149,-3009,127492,7530,-6068,134502,105,19229,430,1,436,0.0010000000000047748
76665002,8914,2664,124801,7829,1790,122260,113,19229,463,0,437,0.0010019999999997253
76666001,9731,2748,129129,4160,-306,123151,89,19222,463,0,438,0.0009989999999930887
76667001,7721,-9248,126093,12514,-16444,133440,102,19228,365,0,439,0.0010000000000047748
76668001,4015,-3372,128104,-6373,-4300,133863,102,19227,418,1,440,0.000999999999990564
76669000,3420,15286,132649,1346,14452,121261,125,19225,512,1,441,0.0009990000000072996
76670000,-1867,18281,130810,4713,12745,120834,113,19227,463,1,442,0.0010000000000047748
76671000,6241,1953,128542,-5586,-1270,133123,96,19227,393,1,443,0.000999999999990564
76672001,9024,-12197,125928,6657,-13296,130685,152,19230,393,0,444,0.00100100000000225
76673000,13033,-5015,129329,16485,-7910,132974,101,19230,623,0,445,0.0009990000000072996
76674000,2539,8897,129357,4787,6280,119101,101,19229,414,0,446,0.000999999999990564
76675000,1488,-698,132757,-21787,-1400,130233,106,19221,434,1,447,0.0010000000000047748
76676000,-6378,2377,134758,406,-2292,132287,137,19228,561,1,448,0.0010000000000047748
76677000,-5614,-658,129322,-461,-4170,129892,105,19233,430,1,449,0.000999999999990564
76678000,-4314,2906,131054,-14390,-683,125887,102,19233,430,0,450,0.0010000000000047748
76679000,258,-4117,128474,-7454,-7659,128187,85,19216,418,0,451,0.0010000000000047748
76680000,2481,1973,129577,2922,-1320,130836,85,19227,348,0,452,0.000999999999990564
76681000,-6704,832,130590,-5987,-2996,130927,105,19229,430,0,453,0.0010000000000047748
76682000,-8348,3465,131470,-22525,7437,126505,129,19221,528,1,454,0.0010000000000047748
76683000,-10939,9515,131638,-11525,5307,129507,116,19229,475,1,455,0.000999999999990564
76684000,-4380,1207,130482,-6450,6825,126309,99,19229,475,1,456,0.0010000000000047748
76685000,-2994,-4056,128912,-4153,-3517,131534,139,19227,405,0,457,0.0010000000000047748
76686000,-4849,-4992,122811,-14721,-1973,120487,139,19224,569,0,458,0.000999999999990564
76687000,-3540,8966,128042,1409,4736,131401,110,19233,451,0,459,0.0010000000000047748
76688000,-4347,145,126941,-9534,347,127166,107,19227,438,1,460,0.0010000000000047748
76689000,-6947,8769,128449,-10596,1105,126624,136,19225,557,1,461,0.000999999999990564
76690001,-11566,5225,128342,-8617,-2595,127691,113,19225,557,1,462,0.00100100000000225
76691000,355,9722,126753,-1669,12596,120898,106,19230,463,1,463,0.0009990000000072996
76692001,407,-720,126437,1251,-9599,131800,106,19224,434,0,464,0.0010009999999880392
76693000,2794,-6669,122304,-6309,-2747,121518,82,19232,336,0,465,0.0009990000000072996
76694000,448,7042,124735,-6762,3795,126523,106,19233,434,0,466,0.0010000000000047748
76695000,-1472,3804,127902,3842,7508,124389,120,19219,491,1,467,0.000999999999990564
76696003,-2615,14324,126456,-3303,10050,124571,112,19219,491,1,468,0.0010029999999972006
76697001,-2079,-1900,124629,-14404,1717,130948,95,19230,459,1,469,0.0009980000000098244
76698000,8449,7378,123940,15842,4244,114244,95,19232,389,0,470,0.0009989999999930887
76699000,7403,-1579,122709,18708,-12955,127273,126,19235,516,0,471,0.0010000000000047748
76700000,5571,-1820,125916,-3207,-6493,127671,108,19230,442,0,472,0.0010000000000047748
76701000,4704,-2795,126582,1374,-6468,127050,112,19223,459,0,473,0.000999999999990564
76702000,3301,7059,127865,13344,9192,123504,135,19223,553,1,474,0.0010000000000047748
76703000,3760,10773,127784,-7077,4189,126538,109,19232,553,1,475,0.0010000000000047748
76704000,6063,43,124677,2920,-5486,128766,98,19233,446,1,476,0.000999999999990564
76705000,13482,5230,124582,13423,4987,120326,98,19225,401,0,477,0.0010000000000047748
76706000,11755,802,127012,6948,-9189,129941,115,19230,471,0,478,0.0010000000000047748
76707000,6627,-10849,126876,14716,-15474,130435,105,19230,430,0,479,0.000999999999990564
76708000,3519,-5645,129219,-4533,-12397,126165,112,19230,459,1,480,0.0010000000000047748
76709000,-355,18385,133174,-6093,14963,132463,108,19222,459,1,481,0.0010000000000047748
76710000,628,14712,130106,6891,10247,117542,98,19229,442,1,482,0.000999999999990564
76711000,4069,1611,128825,-3128,-6990,130685,98,19232,401,1,483,0.0010000000000047748
76712000,10025,-13283,126653,5432,-18926,132498,127,19222,520,0,484,0.0010000000000047748
76713001,8938,-3898,130659,17997,-3473,127962,100,19230,410,0,485,0.0010009999999880392
76714000,5467,-666,130385,-8055,-4509,133336,104,19230,426,0,486,0.0009990000000072996
76715000,2710,10537,132507,-11875,9982,121781,143,19223,426,1,487,0.0010000000000047748
76716000,-5560,5902,133560,2108,2900,130601,108,19225,586,1,488,0.000999999999990564
76717000,-7864,666,131377,-1494,-8602,128936,108,19228,442,1,489,0.0010000000000047748
76718001,-720,-6923,130146,-17473,-9927,131864,97,19226,397,0,490,0.00100100000000225
76719000,-3209,832,131194,-264,-2092,128357,131,19232,537,0,491,0.0009989999999930887
76720000,1956,3505,129749,-1603,1753,118728,111,19227,455,0,492,0.0010000000000047748
76721000,-5579,2557,133632,-13712,-2883,139685,118,19227,455,0,493,0.000999999999990564
76722000,-7591,-541,127857,-10924,-1606,127242,115,19222,483,1,494,0.0010000000000047748
76723001,-8177,15147,133293,-13417,11324,128467,115,19232,471,1,495,0.00100100000000225
76724002,-4119,9578,128016,-8340,7290,124771,101,19233,414,1,496,0.00100100000000225
76725000,-1892,-2564,127047,-4918,-6933,137326,120,19219,491,0,497,0.0009979999999956135
76726000,-5944,-3111,126032,-11596,-6023,119779,95,19231,389,0,498,0.0010000000000047748
76727000,958,3634,125773,-5134,738,128800,106,19231,389,0,499,0.000999999999990564
76728000,-4930,8155,129695,-9182,5419,119970,138,19226,434,1,500,0.0010000000000047748
76729000,-5428,16283,128788,-9011,2463,129461,138,19229,565,1,501,0.0010000000000047748
76730000,-9892,1052,126437,-6156,4036,122157,117,19230,479,1,502,0.000999999999990564
76731002,-1895,9760,126861,-16395,-861,126462,101,19225,414,0,503,0.0010019999999997253
76732000,454,-7133,125296,4449,-5481,135565,128,19232,524,0,504,0.0009980000000098244
76733000,2538,1627,124318,-6608,-1763,116030,119,19232,524,0,505,0.000999999999990564
76734000,1141,-55,125710,-7040,-2415,128908,118,19229,487,0,506,0.0010000000000047748
76735000,-2031,15778,128113,2238,12668,115270,118,19225,483,1,507,0.0010000000000047748
76736000,-78,13434,125419,-3495,4880,127900,140,19233,573,1,508,0.000999999999990564
76737000,1931,7272,126452,-890,6281,124040,105,19233,430,1,509,0.0010000000000047748
76738000,7818,3944,122663,5239,2412,120817,110,19226,451,0,510,0.0010000000000047748
76739000,10114,-7792,123898,13527,-4298,128723,93,19226,451,0,511,0.000999999999990564
76740000,7927,-3527,125871,10130,-7658,128575,111,19228,381,0,512,0.0010000000000047748
76741000,3152,-6790,123808,-5260,-2088,128376,111,19230,455,1,513,0.0010000000000047748
76742000,1668,14175,130244,4118,13328,119099,133,19224,545,1,514,0.000999999999990564
76743000,3283,10570,126851,6240,543,126885,116,19229,475,1,515,0.0010000000000047748
76744000,8354,4126,127529,11512,-1901,124337,95,19228,389,1,516,0.0010000000000047748
76745000,7374,-2766,125613,1773,-4556,123918,145,19228,594,0,517,0.000999999999990564
76746000,13710,-7534,127441,5945,-8051,132167,105,19230,594,0,518,0.0010000000000047748
76747000,5174,-6617,126410,14054,-4037,125954,107,19229,430,0,519,0.0010000000000047748
76748000,2126,1853,129681,-11237,-1957,132690,107,19226,438,1,520,0.000999999999990564
76749000,-1387,10112,129725,-2158,11668,124642,126,19227,516,1,521,0.0010000000000047748
76750000,673,14256,131258,11106,8166,120288,106,19232,434,1,522,0.0010000000000047748
76751000,6180,-6831,127096,-396,-14813,133993,108,19232,442,0,523,0.000999999999990564
76752001,9386,-8340,128869,-725,-13323,124563,97,19220,442,0,524,0.00100100000000225
76753001,9620,-4982,129509,16435,-12035,133058,104,19228,397,0,525,0.0010000000000047748
76754000,-1694,-1779,130400,-10631,3349,124617,104,19231,426,0,526,0.0009989999999930887
76755000,-1487,14990,134637,-23258,6020,127552,121,19221,496,1,527,0.0010000000000047748
76756000,-4812,10020,131537,13224,4798,130148,112,19232,459,1,528,0.0010000000000047748
76757000,-6497,-1250,128565,-9161,-2863,125521,95,19232,389,1,529,0.000999999999990564
76758000,3946,-11746,131739,-18294,-11373,137338,137,19230,389,0,530,0.0010000000000047748
76759000,-189,4557,129193,11904,1897,120360,105,19232,561,0,531,0.0010000000000047748
76760000,581,1225,130208,-2664,-1108,133759,105,19230,430,0,532,0.000999999999990564
76761001,-7533,395,131760,-22925,-2527,132896,109,19229,446,1,533,0.00100100000000225
76762001,-8170,4875,130536,-12318,3552,128209,142,19228,582,1,534,0.0010000000000047748
76763000,-8837,13457,132622,-2456,9819,129472,112,19232,459,1,535,0.0009989999999930887
76764000,-3110,11886,129092,-11911,7154,120977,104,19232,459,1,536,0.0010000000000047748
76765000,-1664,-2400,125726,-8495,-6290,131901,137,19222,426,0,537,0.0010000000000047748
76766000,-2992,-5535,125374,-3870,-6903,128725,137,19230,561,0,538,0.000999999999990564
76767001,-292,3965,128309,-5003,17,125440,104,19230,426,0,539,0.00100100000000225
76768000,-6373,19543,128268,-5908,17115,122011,117,19223,479,1,540,0.0009990000000072996
76769000,-7638,6198,127272,-16893,1793,123780,113,19231,463,1,541,0.000999999999990564
76770000,-5184,520,129315,-3858,-3111,133057,102,19231,463,1,542,0.0010000000000047748
76771000,2228,6555,125661,652,4023,117320,130,19228,418,0,543,0.0010000000000047748
76772000,-2271,3441,125624,-2585,795,128770,130,19231,532,0,544,0.000999999999990564
76773000,2514,-5629,122970,-6829,-9539,127109,103,19227,422,0,545,0.0010000000000047748
76774000,-990,5483,125389,-1617,2840,125831,109,19230,446,0,546,0.0010000000000047748
76775000,-1528,14291,126797,-2287,10759,119590,152,19228,623,1,547,0.000999999999990564
76776000,-2445,14783,127015,-1858,6953,123833,111,19228,623,1,548,0.0010000000000047748
76777000,3330,7487,123360,-604,-1083,126944,99,19237,455,1,549,0.0010000000000047748
76778000,13346,207,122721,-481,-2597,120676,99,19225,405,0,550,0.000999999999990564
76779000,11110,-1361,125509,20140,3646,123253,99,19230,405,0,551,0.0010000000000047748
76780000,8008,-4604,122800,6868,-14360,129536,110,19228,451,0,552,0.0010000000000047748
76781000,3598,-8436,126123,3268,-3586,137159,117,19220,479,1,553,0.000999999999990564
76782000,2516,8362,128684,5166,11312,120597,108,19220,479,1,554,0.0010000000000047748
76783000,3354,18663,127342,5318,10104,119770,100,19228,442,1,555,0.0010000000000047748
76784000,5265,8515,127665,3583,-444,127062,100,19232,410,1,556,0.000999999999990564
76785000,13119,-13887,124325,3705,-11384,131229,119,19220,487,0,557,0.0010000000000047748
76786000,10851,-10014,127332,20943,-9807,130170,94,19229,385,0,558,0.0010000000000047748
76787000,5077,-1315,128179,-4326,-3788,125404,100,19228,410,0,559,0.000999999999990564
76788000,1651,9299,130919,-8498,10681,125922,134,19228,549,1,560,0.0010000000000047748
76789002,1983,15765,131982,5951,10751,131119,113,19231,549,1,561,0.0010019999999997253
76790001,125,-40,128428,3871,-3816,126269,113,19229,463,1,562,0.0009989999999930887
76791000,7614,-2013,128052,-8625,-2514,122111,100,19225,410,0,563,0.0009990000000072996
76792000,11316,-14323,130227,17451,-19197,133161,153,19231,627,0,564,0.0010000000000047748
76793000,4913,-6740,127693,16574,-7922,134980,113,19228,463,0,565,0.000999999999990564
76794000,1768,3705,132203,-32291,4760,127549,113,19228,463,0,566,0.0010000000000047748
76795000,-5121,14965,135256,1785,10166,120744,128,19223,463,1,567,0.0010000000000047748
76796000,-7409,3633,132214,8075,-1874,132412,105,19228,524,1,568,0.000999999999990564
76797000,-2512,-10654,127866,-25927,-16331,139963,105,19238,430,1,569,0.0010000000000047748
76798000,1283,-12412,127254,1229,-10111,130658,113,19224,463,0,570,0.0010000000000047748
76799000,5059,10481,129985,6259,8430,121213,93,19231,381,0,571,0.000999999999990564
76800000,-3314,5785,130022,-11945,2860,128420,107,19231,438,0,572,0.0010000000000047748
76801000,-7066,-799,130927,-15206,-4984,131692,135,19225,438,1,573,0.0010000000000047748
76802000,-9847,-3316,128586,-9426,-6121,138346,113,19228,553,1,574,0.000999999999990564
76803000,-11542,19049,130670,-11717,21449,117999,113,19234,463,1,575,0.0010000000000047748
76804000,-648,10818,129697,-11660,3656,118453,97,19230,397,1,576,0.0010000000000047748
76805000,-1099,-11091,125980,-1721,-17760,137676,155,19224,635,0,577,0.000999999999990564
76806000,-1859,-9079,125353,-6692,-9429,131151,101,19224,414,0,578,0.0010000000000047748
76807000,-3253,6258,129241,-10171,3850,120391,107,19233,414,0,579,0.0010000000000047748
76808000,-7095,21895,129331,-5470,16367,119396,123,19226,438,1,580,0.000999999999990564
76809000,-7877,8460,128838,-13448,1341,130745,123,19229,504,1,581,0.0010000000000047748
76810000,-4343,-5383,125059,-10149,-6665,130257,108,19228,442,1,582,0.0010000000000047748
76811000,1602,3969,126267,2544,566,123337,110,19224,451,0,583,0.000999999999990564
76812000,-70,6780,125890,41,4942,122792,88,19227,360,0,584,0.0010000000000047748
76813000,2552,387,124348,-5436,-4254,124971,107,19227,360,0,585,0.0010000000000047748
76814000,-2092,2272,125910,-2994,-350,127871,127,19227,438,1,586,0.000999999999990564
76815000,-3019,11635,128362,-4662,9864,126564,127,19220,520,1,587,0.0010000000000047748
76816000,-710,11960,125875,-779,7643,115430,112,19232,459,1,588,0.0010000000000047748
76817000,4875,2536,126875,-609,-1919,131265,93,19230,381,1,589,0.000999999999990564
76818000,10528,504,122006,1327,-3522,123277,130,19232,532,0,590,0.0010000000000047748
76819000,10184,3218,125495,11307,-1597,130543,107,19232,532,0,591,0.0010000000000047748
76820000,4994,-4621,125370,9571,-7700,123686,112,19228,438,0,592,0.000999999999990564
76821001,1622,3964,126364,-1754,964,126986,112,19228,459,1,593,0.00100100000000225
76822000,4373,9721,128541,-6321,6978,124952,126,19227,516,1,594,0.0009990000000072996
76823002,8222,10212,126851,14438,2803,123632,106,19231,434,1,595,0.0010019999999997253
76824000,8133,-137,124865,10181,7611,121787,102,19220,418,0,596,0.0009979999999956135
76825001,9383,-5333,126316,-4235,-11404,131918,103,19220,418,0,597,0.00100100000000225
76826002,8565,-16083,125325,12316,-11750,140787,109,19231,422,0,598,0.00100100000000225
76827000,4959,-613,127454,7129,2411,119112,109,19232,446,0,599,0.0009979999999956135
76828000,398,7297,131237,-4740,11215,122903,123,19224,504,1,600,0.0010000000000047748
76829000,-965,12838,132408,9805,1436,127095,114,19223,467,1,601,0.000999999999990564
76830000,4171,-4272,126018,13,-11893,134930,101,19228,414,1,602,0.0010000000000047748
76831000,8059,101,129419,-799,-2898,123780,136,19228,414,0,603,0.0010000000000047748
76832001,8474,1312,129196,18044,-784,125354,101,19227,557,0,604,0.0010009999999880392
76833000,3234,-11214,127664,3539,-11825,138420,101,19228,414,0,605,0.0009990000000072996
76834001,-1724,-5645,132877,-22863,-1117,129611,106,19223,434,1,606,0.00100100000000225
76835000,-5573,4748,132508,3261,-535,131782,153,19225,627,1,607,0.0009989999999930887
76836000,-8364,13516,130847,2131,10935,120196,109,19230,446,1,608,0.0010000000000047748
76837000,-1835,-304,130420,-24458,-12865,131251,98,19230,401,1,609,0.0010000000000047748
76838001,1380,-12731,128236,5921,-10718,138997,113,19227,401,0,610,0.0010009999999880392
76839000,3170,2069,127600,862,1054,121134,109,19228,463,0,611,0.0009990000000072996
76840000,-5344,10887,133307,-17384,9602,128089,109,19230,446,0,612,0.0010000000000047748
76841000,-6526,377,129821,-11951,-2707,132715,123,19223,504,1,613,0.000999999999990564
76842000,-10100,2006,130339,-7473,2254,132523,116,19227,475,1,614,0.0010000000000047748
76843000,-7710,9464,130400,-10936,5359,119921,101,19227,414,1,615,0.0010000000000047748
76844000,-2932,11917,129127,-7528,6106,123418,126,19232,414,0,616,0.000999999999990564
76845000,-4459,-4966,126869,-8551,-11037,132680,99,19218,516,0,617,0.0010000000000047748
76846000,697,-3004,126608,-2832,-4604,124841,99,19229,405,0,618,0.000999999999990564
76847000,-3816,1961,127869,-10397,3755,126894,105,19226,430,1,619,0.0010000000000047748
76848000,-6623,15955,129469,-9194,11379,120534,148,19234,606,1,620,0.0010000000000047748
76849000,-8726,2890,125747,-15136,-3730,129857,116,19234,475,1,621,0.000999999999990564
76850000,942,19840,128713,-7042,14442,118496,101,19234,475,1,622,0.0010000000000047748
76851000,-875,2791,123933,7069,-2397,123373,110,19231,414,0,623,0.0010000000000047748
76852015,3708,-4142,125937,-4117,-4738,128892,110,19231,451,0,624,0.0010149999999953252
76853002,1710,-3304,124019,-5562,-4729,125355,109,19225,446,0,625,0.000987000000009175
76854000,-90,11180,127241,-590,10527,125204,117,19221,479,1,626,0.0009979999999956135
76855007,-1100,11452,125916,-3462,6150,124092,132,19232,541,1,627,0.0010070000000013124
76856001,-1003,8161,124120,-3391,5729,124552,100,19232,541,1,628,0.0009939999999915017
76857000,7273,10237,125538,2566,5384,121709,115,19232,410,0,629,0.0009990000000072996
76858000,8247,853,124200,11547,-3685,123771,115,19224,471,0,630,0.000999999999990564
76859000,10031,-3525,124918,6347,-8856,126316,111,19226,455,0,631,0.0010000000000047748
76860000,3138,-2595,125916,-3635,-6852,126997,115,19227,471,0,632,0.0010000000000047748
76861009,4951,7990,130930,4269,4887,128511,141,19228,577,1,633,0.0010089999999962629
76862000,4580,20893,129416,9115,18688,118858,113,19228,577,1,634,0.000990999999999076
76863002,3851,5109,125838,-2611,1091,126945,98,19231,463,1,635,0.0010019999999997253
76864002,13145,215,127469,9115,-3264,125676,98,19226,401,0,636,0.0010000000000047748
76865000,9448,3592,127618,11321,638,131841,144,19232,590,0,637,0.0009979999999956135
76866001,7594,-12099,126883,11489,-14839,130362,105,19231,430,0,638,0.00100100000000225
76867000,4226,-927,129536,-6332,-4010,128714,103,19224,422,1,639,0.0009989999999930887
76868000,2886,11419,130021,6,7537,131235,114,19224,422,1,640,0.0010000000000047748
76869002,-59,12251,130093,7968,10417,118659,104,19230,467,1,641,0.0010019999999997253
76870000,2368,4695,129947,-7145,-8388,134064,104,19232,426,1,642,0.0009979999999956135
76871001,13942,-17947,126079,-654,-19997,133357,115,19216,471,0,643,0.00100100000000225
76872000,7177,-5256,129900,16590,-244,126612,91,19232,373,0,644,0.0009990000000072996
76873002,3581,-8278,127473,-18719,11432,121826,102,19228,418,0,645,0.0010019999999997253
76874002,738,18472,133727,-9264,4130,123746,127,19228,418,1,646,0.000999999999990564
76875002,-1494,-4586,131176,4703,-15144,148501,111,19224,520,1,647,0.0010000000000047748
76876003,-8230,-2831,128720,-8422,-312,121498,111,19230,455,1,648,0.00100100000000225
76877002,-3028,1528,130346,-19349,-4915,128044,95,19228,389,0,649,0.0009989999999930887
76878000,865,3126,130435,8785,217,124341,149,19233,610,0,650,0.0009980000000098244
76879002,2529,-6118,128246,-1908,-2837,131473,109,19230,446,0,651,0.0010019999999997253
76880002,-5630,2978,133231,-19750,3076,128672,112,19230,459,0,652,0.000999999999990564
76881002,-9783,7712,128749,-10577,4030,124466,133,19226,459,1,653,0.0010000000000047748
76882002,-6426,5933,132090,-8186,3983,132935,109,19225,545,1,654,0.0010000000000047748
76883001,-5025,2766,130769,-7805,386,127229,109,19233,446,1,655,0.0009989999999930887
76884002,-1941,735,126985,-7953,-2661,128624,108,19221,442,0,656,0.00100100000000225
76885002,-5521,2354,124368,-6021,9519,119063,132,19228,541,0,657,0.0010000000000047748
76886002,-1366,2826,127913,-4174,-183,126667,110,19228,451,0,658,0.000999999999990564
76887002,-2786,-1379,125017,-8578,8598,134575,127,19233,451,1,659,0.0010000000000047748
76888002,-6331,6430,127171,-13143,6258,120849,114,19221,520,1,660,0.0010000000000047748
76889002,-4784,5260,129690,-8032,8242,127192,114,19233,467,1,661,0.000999999999990564
76890002,-251,9011,125181,416,1900,124198,100,19229,410,1,662,0.0010000000000047748
76891006,142,-4967,124844,-4705,-9794,131619,140,19236,573,0,663,0.0010039999999946758
76892004,1680,-2934,124686,-8182,-1067,121197,106,19233,434,0,664,0.0009980000000098244
76893002,1478,14735,127015,-4991,12866,119712,108,19233,434,0,665,0.0009979999999956135
76894003,-1833,7171,126697,6305,2973,129255,153,19227,442,1,666,0.00100100000000225
76895002,-6346,7582,125633,-10312,4701,122991,153,19227,627,1,667,0.0009989999999930887
76896002,3189,11593,126054,-5265,6201,128036,107,19227,438,1,668,0.0010000000000047748
76897000,6220,16289,124701,15233,17708,113382,98,19222,401,0,669,0.0009979999999956135
76898001,12219,-5076,124269,4055,-12611,127596,79,19228,324,0,670,0.00100100000000225
76899002,7441,-13878,125705,4440,-16392,131607,113,19228,324,0,671,0.00100100000000225
76900000,5543,2159,127932,4947,-779,125739,124,19225,463,1,672,0.0009979999999956135
76901002,2367,7410,128999,5265,7622,125358,124,19222,508,1,673,0.0010019999999997253
76902000,2290,11319,128748,-3350,4821,122175,112,19228,459,1,674,0.0009980000000098244
76903002,7605,1481,125354,3551,-1116,132533,95,19230,389,1,675,0.0010019999999997253
76904002,10786,3888,126155,9420,592,121402,129,19224,528,0,676,0.000999999999990564
76905000,11291,1711,127913,10986,-2713,130068,97,19224,528,0,677,0.0009980000000098244
76906002,6746,-1473,127668,8275,-4579,129315,102,19231,397,0,678,0.0010019999999997253
76907002,4700,-1690,130126,-6532,-5350,131586,102,19227,418,1,679,0.000999999999990564
76908000,1603,8883,133499,7305,4715,124362,134,19233,549,1,680,0.0009980000000098244
76909001,-2288,17545,131241,-236,14195,125367,110,19230,451,1,681,0.00100100000000225
76910001,5318,-8447,126068,-5972,-12408,130191,99,19223,405,1,682,0.000999999999990564
76911003,7781,-8944,129199,6435,-12590,128494,123,19223,405,0,683,0.0010019999999997253
76912002,10499,-3492,128305,13099,-7611,125582,104,19234,504,0,684,0.0009990000000072996
76913000,1954,-412,129948,-5325,-2537,127245,104,19231,426,0,685,0.0009979999999956135
76914002,1258,7556,134557,-13019,4393,129551,114,19220,467,1,686,0.0010019999999997253
76915000,-8555,2385,129600,5553,-416,128261,111,19230,455,1,687,0.0009979999999956135
76916000,-4885,-970,130507,-8057,-3360,130470,95,19231,389,1,688,0.0010000000000047748
76917000,-994,-9303,129378,-11990,-10537,132889,121,19231,389,0,689,0.0010000000000047748
76918000,544,-320,129855,-2353,-429,124382,98,19228,496,0,690,0.000999999999990564
76919002,-1169,-219,130532,2507,-4498,131969,98,19229,401,0,691,0.0010019999999997253
76920000,-7163,-2040,130922,-14161,8676,135213,108,19227,442,1,692,0.0009980000000098244
76921000,-9697,2735,130116,-9264,598,123257,150,19226,614,1,693,0.000999999999990564
76922001,-11000,9817,129855,-978,12558,127591,114,19231,467,1,694,0.00100100000000225
76923001,-4855,5377,130100,-13913,3055,127128,97,19231,467,1,695,0.0010000000000047748
76924002,-5153,138,125831,-6461,-10548,127024,162,19226,397,0,696,0.00100100000000225
76925000,-387,-6729,125382,-5108,-8244,133856,162,19232,664,0,697,0.0009979999999956135
76926000,-1682,6826,128145,-2573,9099,116996,102,19229,418,0,698,0.0010000000000047748
76927002,-4558,10989,128486,-10848,5290,128637,111,19224,455,1,699,0.0010019999999997253
76928000,-7273,3259,127236,-12446,-1182,128950,112,19228,459,1,700,0.0009979999999956135
76929000,-7395,5307,127488,-5615,6034,126240,107,19228,438,1,701,0.0010000000000047748
76930000,1378,9310,126601,1767,3878,119585,117,19229,438,0,702,0.000999999999990564
76931000,-2012,399,124672,-1084,-7102,123141,111,19220,479,0,703,0.0010000000000047748
76932000,1547,-6827,125423,-8956,-5056,142418,111,19225,455,0,704,0.0010000000000047748
76933000,1600,-231,122630,-1030,3792,113028,112,19224,459,0,705,0.000999999999990564
76934000,-1479,20285,127134,1985,20264,122036,142,19225,582,1,706,0.0010000000000047748
76935000,-1764,9613,124541,-6442,3638,123223,118,19225,483,1,707,0.0010000000000047748
76936000,2523,2554,124784,1810,615,127467,99,19228,483,1,708,0.000999999999990564
76937000,8749,2834,125337,7457,-3628,125438,112,19227,405,0,709,0.0010000000000047748
76938000,9253,6783,124274,7987,3987,116911,112,19233,459,0,710,0.0010000000000047748
76939000,7467,-6326,125442,10270,-13289,134951,107,19228,438,0,711,0.000999999999990564
76940000,4834,-7293,125323,46,-5520,127133,110,19224,451,1,712,0.0010000000000047748
76941000,1914,13606,129130,-1596,14983,124783,118,19224,483,1,713,0.0010000000000047748
76942000,2417,11565,126792,8702,8781,121054,107,19231,483,1,714,0.000999999999990564
76943000,8790,4782,126301,4295,-3482,124736,113,19228,438,1,715,0.0010000000000047748
76944000,10833,-10169,126005,2638,-13640,134592,113,19223,463,0,716,0.0010000000000047748
76945000,11149,-4677,128495,14722,-6615,126027,86,19229,352,0,717,0.000999999999990564
76946002,4488,-923,128897,4751,-5420,132328,101,19229,414,0,718,0.0010019999999997253
76947000,3866,4491,129345,-7893,384,127731,124,19228,508,1,719,0.0009980000000098244
76948000,-788,12273,129053,6032,9139,126979,115,19228,508,1,720,0.000999999999990564
76949000,2670,10125,130245,-1597,5907,125961,99,19229,471,1,721,0.0010000000000047748
76950002,7940,2710,127488,13,-1108,125209,99,19232,405,0,722,0.0010019999999997253
76951005,8750,-14153,126739,14215,-16574,129593,153,19229,627,0,723,0.0010029999999972006
76952001,7657,-2277,130101,6266,-5181,134525,101,19227,414,0,724,0.000996000000000663
76953000,-1122,-5641,129641,-11412,-7196,128559,105,19226,430,0,725,0.0009990000000072996
76954000,-301,13384,135517,-8589,10967,125570,138,19226,430,1,726,0.000999999999990564
76955000,-10253,2436,131367,-1981,-1171,127261,105,19231,565,1,727,0.0010000000000047748
76956000,-2079,-365,129585,-9525,-3833,128093,105,19232,430,1,728,0.0010000000000047748
76957000,-547,-7238,129997,-14783,-12066,133838,107,19224,438,0,729,0.000999999999990564
76958000,679,-985,129611,11540,-5454,126467,89,19228,365,0,730,0.0010000000000047748
76959003,-3623,8293,131533,-4015,5683,132015,108,19228,442,0,731,0.0010029999999972006
76960002,-7725,-6778,129910,-19832,-9962,136735,128,19228,442,1,732,0.0009990000000072996
76961000,-12190,4738,130642,-12037,2225,122099,116,19224,524,1,733,0.0009979999999956135
76962000,-9045,10682,128520,-12313,8566,129416,116,19233,475,1,734,0.0010000000000047748
76963000,-2897,9426,130423,-7398,7271,125017,98,19228,401,1,735,0.000999999999990564
76964000,-4522,-11646,124730,-5710,-16236,139562,140,19221,573,0,736,0.0010000000000047748
76965001,-685,-10120,125805,-7714,-208,123226,101,19229,414,0,737,0.00100100000000225
76966000,-1945,9871,128076,-7779,7083,118995,103,19229,414,0,738,0.0009989999999930887
76967000,-4296,9647,127985,-11046,12899,128938,141,19228,422,1,739,0.0010000000000047748
76968000,-9155,10861,126525,-10998,-4904,120426,141,19231,577,1,740,0.0010000000000047748
76969000,-6168,3231,126310,-22398,1634,130687,113,19228,463,1,741,0.000999999999990564
76970012,-1103,10517,127820,7797,5775,119542,105,19223,430,0,742,0.0010120000000028995
76971002,3592,3038,126005,2886,-6186,125680,89,19232,365,0,743,0.0009900000000016007
76972000,1804,-7975,124753,-6731,-12544,132973,109,19232,446,0,744,0.0009979999999956135
76973000,-4916,1116,126973,-9329,7888,121300,120,19231,446,0,745,0.0010000000000047748
76974000,895,13170,127940,1149,14401,123704,109,19216,491,1,746,0.000999999999990564
76975000,-1469,14836,126603,-36,6116,121653,109,19228,446,1,747,0.0010000000000047748
76976000,3263,3741,123461,-5126,-3648,125970,95,19230,389,1,748,0.0010000000000047748
76977000,7102,2028,124946,6166,-6251,120010,123,19234,504,0,749,0.000999999999990564
76978000,13485,1273,124604,13948,-8638,127082,105,19234,430,0,750,0.0010000000000047748
76979000,6746,-10,125349,6628,2051,124307,110,19229,430,0,751,0.0010000000000047748
76980000,2947,-3032,126213,-5232,-2362,125885,147,19226,451,1,752,0.000999999999990564
76981000,4018,3760,126878,5310,8784,129506,147,19227,602,1,753,0.0010000000000047748
76982000,5560,11468,126679,7096,8786,122628,111,19233,455,1,754,0.0010000000000047748
76983000,9196,5731,126114,5234,4280,120768,97,19224,397,0,755,0.000999999999990564
76984001,11894,3620,126238,3535,-7739,128447,119,19224,487,0,756,0.00100100000000225
76985000,11082,-19409,124220,11478,-20828,135200,103,19231,487,0,757,0.0009990000000072996
76986001,7474,-574,130988,6150,-5652,122443,112,19229,422,0,758,0.00100100000000225
76987000,1197,14375,131291,-5894,9365,127635,112,19222,459,1,759,0.0009989999999930887
76988000,-191,14267,129680,-1468,10850,124691,107,19227,438,1,760,0.0010000000000047748
76989000,990,6902,130429,5117,-1426,127022,101,19229,414,1,761,0.000999999999990564
76990000,9404,-13231,125748,-3706,-22036,134917,121,19222,496,0,762,0.0010000000000047748
76991000,8554,6779,131147,15394,6638,117829,104,19222,496,0,763,0.0010000000000047748
76992000,6991,-5741,129745,8029,-9726,137228,107,19233,426,0,764,0.000999999999990564
76993000,-1082,-2442,132211,-19748,-2113,126060,107,19225,438,1,765,0.0010000000000047748
76994000,-4891,10814,134053,-6698,5384,128302,144,19222,590,1,766,0.0010000000000047748
76995000,-7151,5766,130700,6557,1423,129109,114,19234,467,1,767,0.000999999999990564
76996000,-2943,-4776,129299,-17152,-8772,126058,97,19225,397,1,768,0.0010000000000047748
76997000,-287,-5386,128940,-12102,-9468,135421,124,19225,397,0,769,0.0010000000000047748
76998000,5748,5221,127587,11150,2744,119983,106,19232,508,0,770,0.000999999999990564
76999000,-4557,-2278,130609,-6926,-6499,134532,106,19230,434,0,771,0.0010000000000047748
77000002,-7206,1659,131641,-22632,-256,129458,116,19226,475,1,772,0.0010019999999997253
77001002,-7632,6546,130286,-9116,4247,132276,120,19226,491,1,773,0.0010000000000047748
77002000,-7817,7608,130705,-402,4684,127856,105,19236,430,1,774,0.0009979999999956135
77003000,-1666,13652,128572,-13239,9903,117149,113,19236,430,0,775,0.0010000000000047748
77004000,-4415,-9265,124268,-9195,-12667,136922,91,19218,463,0,776,0.000999999999990564
77005000,153,-1202,127873,-1966,-4043,124775,91,19234,373,0,777,0.0010000000000047748
77006000,-3535,8956,129206,-8364,5753,124332,100,19228,410,0,778,0.0010000000000047748
77007000,-7760,10840,128314,-9767,8061,123352,131,19223,537,1,779,0.000999999999990564
77008000,-6277,1333,128495,-11715,-1427,133354,116,19230,475,1,780,0.0010000000000047748
77009002,-2367,-1278,126928,-5507,-5230,121750,99,19230,475,1,781,0.0010019999999997253
77010001,2618,9560,126051,2966,8037,121561,121,19231,405,0,782,0.0009990000000072996
77011000,-1159,-2429,124169,-5078,-4068,124421,121,19236,496,0,783,0.0009989999999930887
77012000,3820,3339,126655,-6789,-3561,128976,105,19226,430,0,784,0.0010000000000047748
77013000,-1892,4271,125293,4543,4289,125253,111,19224,455,1,785,0.000999999999990564
77014000,-4476,7830,125060,-2578,20027,120009,142,19228,582,1,786,0.0010000000000047748
77015000,-83,16631,126082,-37,8613,119937,101,19228,582,1,787,0.0010000000000047748
77016000,8850,6231,121918,17761,1015,128303,106,19236,414,0,788,0.000999999999990564
77017000,11234,-5074,123540,2248,-11862,127748,106,19225,434,0,789,0.0010000000000047748
77018000,6749,-5582,125332,8529,-7845,122957,93,19227,381,0,790,0.0010000000000047748
77019000,6003,1395,126050,2577,-2080,127689,110,19222,451,0,791,0.000999999999990564
77020000,4960,317,129446,1862,3579,129331,128,19222,524,1,792,0.0010000000000047748
77021002,1596,8306,128168,2449,4948,123408,113,19222,463,1,793,0.0010019999999997253
77022002,4826,10556,125428,2547,1074,122323,94,19229,463,1,794,0.0010000000000047748
77023001,10069,5170,124772,6878,5118,123541,143,19229,385,0,795,0.0009989999999930887
77024000,12427,-2794,128308,13344,-9014,128772,143,19229,586,0,796,0.0009990000000072996
77025001,7839,-13830,125391,11351,-13898,131680,111,19228,455,0,797,0.00100100000000225
77026000,1358,904,131204,-14039,3331,131980,108,19227,442,1,798,0.0009989999999930887
77027000,4025,7449,129091,741,8684,123691,124,19227,508,1,799,0.0010000000000047748
77028000,1833,12780,129693,10719,7553,127516,109,19227,508,1,800,0.000999999999990564
77029000,3052,925,129476,-7127,-5957,127963,108,19232,446,1,801,0.0010000000000047748
77030000,10901,-11027,126646,9187,-19159,130270,108,19219,442,0,802,0.0010000000000047748
77031001,9703,2247,131639,18667,-2028,128004,103,19228,422,0,803,0.00100100000000225
77032001,4730,-2207,128854,-12568,-2508,129200,103,19225,422,0,804,0.000999999999990564
77033000,1555,11391,135281,-13155,7611,127078,116,19220,475,1,805,0.0009990000000072996
77034000,-6510,3788,132053,9018,-254,132800,109,19220,475,1,806,0.000999999999990564
77035000,-9196,-3949,129451,-11386,-8047,131180,97,19230,446,1,807,0.0010000000000047748
77036000,84,-2038,131054,-14699,-5856,128657,97,19229,397,0,808,0.0010000000000047748
77037001,1458,-2766,128922,4911,-4975,127819,135,19229,553,0,809,0.00100100000000225
77038000,3211,6561,131702,-1752,3116,123481,104,19228,426,0,810,0.0009989999999930887
77039000,-7768,4250,131673,-17887,-878,130593,109,19226,446,0,811,0.0010000000000047748
77040000,-6362,-3576,128433,-13952,-5923,138142,143,19226,446,1,812,0.000999999999990564
77041000,-10508,5898,129936,-3942,5636,123138,111,19228,586,1,813,0.0010000000000047748
77042000,-3941,8952,129276,-14963,3687,129483,111,19228,455,1,814,0.0010000000000047748
77043001,-2474,4140,128091,-4575,1629,122765,103,19224,422,0,815,0.0010009999999880392
77044000,-4557,-3479,126089,-3168,-9423,131344,143,19234,586,0,816,0.0009990000000072996
77045000,944,-1515,126480,-10254,-2761,127522,106,19229,434,0,817,0.0010000000000047748
77046000,-6629,10720,129238,-4469,8298,122618,117,19229,434,1,818,0.000999999999990564
77047000,-5397,9097,128047,-11389,4870,126573,113,19220,479,1,819,0.0010000000000047748
77048000,-10325,3176,127363,-12621,813,126316,113,19231,463,1,820,0.0010000000000047748
77049000,-1930,-1820,125736,-6201,-5272,126101,105,19235,430,1,821,0.000999999999990564
77050000,2392,174,124213,3744,-3099,117937,128,19232,524,0,822,0.0010000000000047748
77051000,929,1007,124753,-4751,-2415,127153,106,19231,434,0,823,0.0010000000000047748
77052000,1304,3681,126746,-6607,676,124934,110,19231,434,0,824,0.000999999999990564
77053000,-3893,8439,127656,864,7359,126858,149,19225,451,1,825,0.0010000000000047748
77054000,-4175,6065,125809,-6328,2536,128539,149,19220,610,1,826,0.0010000000000047748
77055000,-1309,11814,125793,-4352,8654,116526,109,19235,446,1,827,0.000999999999990564
77056000,9609,4607,123880,4046,1375,129886,96,19225,393,0,828,0.0010000000000047748
77057000,7554,-1836,123831,8301,-5166,123139,112,19231,459,0,829,0.0010000000000047748
77058000,6645,-6529,122971,5699,909,130157,120,19231,459,0,830,0.000999999999990564
77059000,5731,-1453,125932,683,4166,122681,122,19227,491,0,831,0.0010000000000047748
77060000,3042,6938,126502,6175,2922,124814,122,19224,500,1,832,0.0010000000000047748
77061000,5290,5313,127421,1687,4611,131181,110,19233,451,1,833,0.000999999999990564
77062000,6603,2242,124814,7075,1126,119958,101,19232,414,1,834,0.0010000000000047748
77063000,11234,-2346,126320,2497,-230,127607,117,19226,479,0,835,0.0010000000000047748
77064001,10088,2398,128316,13225,-5955,127463,94,19226,385,0,836,0.0010009999999880392
77065000,5851,-14477,125598,6059,-13881,136660,100,19230,385,0,837,0.0009990000000072996
77066000,2458,3348,130333,-7396,6805,123576,133,19228,410,1,838,0.0010000000000047748
77067000,-1370,10343,129752,5385,15644,125084,133,19227,545,1,839,0.000999999999990564
77068000,2528,3908,129713,8940,3022,131320,112,19231,459,1,840,0.0010000000000047748
77069002,3036,566,129406,-5766,-9937,127997,98,19228,401,1,841,0.0010019999999997253
77070000,8880,-10534,125433,3362,-8811,129609,151,19228,618,0,842,0.0009979999999956135
77071000,9623,184,132466,19877,-3863,126256,105,19229,618,0,843,0.0010000000000047748
77072000,1005,-9070,127924,-12830,-15566,137451,108,19229,430,0,844,0.0010000000000047748
77073000,2805,7901,132104,-13680,11586,124595,108,19226,442,1,845,0.000999999999990564
77074000,-7163,10625,132754,5399,8102,124026,131,19228,537,1,846,0.0010000000000047748
77075002,-3353,3484,129759,-5050,1916,131561,101,19232,414,1,847,0.0010019999999997253
77076002,-2441,-8285,126870,-14912,-13025,131346,112,19232,459,0,848,0.0010000000000047748
77077000,-1808,-11184,128508,279,-12857,134366,92,19219,459,0,849,0.0009979999999956135
77078000,2644,11808,131315,-952,9025,120114,107,19229,377,0,850,0.0010000000000047748
77079001,-8198,6744,133594,-14261,4897,127337,107,19231,438,1,851,0.0010009999999880392
77080003,-5477,-19,132080,-11438,-5011,134842,137,19225,561,1,852,0.0010019999999997253
77081000,-10889,1614,128717,-9408,-687,128697,117,19233,479,1,853,0.0009970000000123491
77082000,-3580,14316,130540,-14198,12752,121943,100,19230,410,1,854,0.000999999999990564
77083000,-3663,4495,129209,-3382,-3600,124834,150,19230,410,0,855,0.0010000000000047748
77084000,-5232,-15922,125222,-10442,-21338,137789,112,19227,614,0,856,0.0010000000000047748
77085000,-826,13644,128963,-5909,10649,116536,112,19229,459,0,857,0.000999999999990564
77086000,-5433,7207,125974,-7285,4871,126895,112,19221,459,1,858,0.0010000000000047748
77087000,-4388,8095,128659,-5689,4447,128319,134,19228,549,1,859,0.0010000000000047748
77088000,-6641,11593,128082,-10714,9232,119647,111,19228,455,1,860,0.000999999999990564
77089000,2262,5842,127079,-8340,2714,128051,113,19228,455,0,861,0.0010000000000047748
77090009,-498,-3707,125065,5091,-8724,125701,87,19224,463,0,862,0.0010089999999962629
77091000,2364,-5990,122007,-5244,-10037,132641,87,19231,356,0,863,0.000990999999999076
77092000,943,11381,125380,-6829,10648,115572,105,19227,430,0,864,0.0010000000000047748
77093000,-1368,10489,126923,88,6707,124650,126,19221,516,1,865,0.0010000000000047748
77094000,385,10074,127124,-3085,5984,126271,115,19231,471,1,866,0.000999999999990564
77095000,1363,6916,124510,-625,3761,123645,96,19231,471,1,867,0.0010000000000047748
77096000,8139,599,126734,4130,-2660,127604,132,19229,393,0,868,0.000999999999990564
77097000,7735,8510,124277,10372,3667,115197,132,19235,541,0,869,0.0010000000000047748
77098000,8674,-14766,122929,4771,-18931,136581,106,19225,434,0,870,0.0010000000000047748
77099000,5317,2703,128822,5550,-673,123304,110,19224,451,1,871,0.000999999999990564
77100000,1537,11733,128246,2240,8848,124246,135,19229,553,1,872,0.0010000000000047748
77101002,4302,10992,127835,2622,7938,122999,108,19229,553,1,873,0.0010019999999997253
77102002,5778,-4736,124514,4689,-7787,132366,101,19234,442,1,874,0.0010000000000047748
77103000,14492,-3978,124500,3220,-7498,121720,101,19224,414,0,875,0.0009979999999956135
77104000,9189,3027,127345,16497,1762,128706,105,19227,430,0,876,0.0010000000000047748
77105000,5813,-9562,126911,6954,-8683,132105,99,19233,405,0,877,0.000999999999990564
77106000,5632,4458,131105,-7090,2971,130592,113,19224,463,1,878,0.0010000000000047748
77107000,-1541,2514,129226,2348,1637,130434,111,19224,463,1,879,0.0010000000000047748
77108000,1735,13917,129735,4517,22157,113726,99,19226,455,1,880,0.000999999999990564
77109000,4986,2795,128873,-3342,-14883,135199,99,19231,405,0,881,0.0010000000000047748
77110000,10152,-23635,123181,19538,-13059,135638,134,19224,549,0,882,0.0010000000000047748
77111002,6331,397,128468,3068,-185,128406,100,19224,410,0,883,0.0010019999999997253
77112002,2194,-2475,130967,-15506,7106,120458,103,19228,422,0,884,0.000999999999990564
77113000,1116,17264,135442,-1780,3202,130018,149,19228,610,1,885,0.0009980000000098244
77114000,-7715,-7216,130661,-381,-11093,139083,112,19230,610,1,886,0.000999999999990564
77115001,-6489,-4616,130270,-16317,-3671,121313,99,19229,459,1,887,0.00100100000000225
77116000,-1706,-75,130639,-7957,-7093,131351,99,19222,405,0,888,0.0009990000000072996
77117000,438,-112,129805,7617,-2989,126808,114,19235,467,0,889,0.000999999999990564
77118000,-1551,6072,131198,-8960,800,128150,108,19231,442,0,890,0.0010000000000047748
77119000,-8975,970,130508,-18823,-4260,131559,118,19231,483,1,891,0.0010000000000047748
77120000,-10643,11218,131482,-11757,13034,122532,109,19223,483,1,892,0.000999999999990564
77121000,-6682,3561,130463,-5356,6333,127196,101,19233,446,1,893,0.0010000000000047748
77122000,-1228,3346,128702,-9444,-71,131076,101,19229,414,1,894,0.0010000000000047748
77123000,-3743,-406,125211,-12463,-4931,127823,127,19219,520,0,895,0.000999999999990564
77124000,-1608,-2403,126578,696,-5398,126504,97,19234,397,0,896,0.0010000000000047748
77125000,6,6687,128415,-7259,1265,125193,101,19227,414,0,897,0.0010000000000047748
77126000,-6473,2646,128884,-11159,262,128703,140,19227,414,1,898,0.000999999999990564
77127000,-6400,10599,128300,-10192,4197,126151,115,19225,573,1,899,0.0010000000000047748
77128003,-6462,8895,126604,-10005,5267,124031,115,19229,471,1,900,0.0010029999999972006
77129001,-1044,9035,126033,3862,3952,124171,101,19225,414,0,901,0.0009980000000098244
77130000,-1458,-530,123733,-7807,-2443,127575,117,19230,479,0,902,0.0009989999999930887
77131000,-66,-6798,123994,-7042,-8657,124659,113,19228,463,0,903,0.0010000000000047748
77132000,3890,10620,131527,2596,6015,124632,116,19228,463,0,904,0.000999999999990564
77133001,-2889,7037,123191,2721,4404,123755,132,19220,475,1,905,0.00100100000000225
77134001,-3387,10387,127389,-13499,6388,128374,132,19227,541,1,906,0.0010000000000047748
77135002,6399,3285,122981,-2581,2032,123211,101,19232,414,1,907,0.00100100000000225
77136000,10652,10425,124398,16787,5882,122805,113,19226,463,0,908,0.0009979999999956135
77137000,12110,-5765,124375,8546,-12675,125902,96,19228,393,0,909,0.0010000000000047748
77138000,4156,-3523,125959,1870,-7197,125265,108,19228,393,0,910,0.000999999999990564
77139000,5844,4740,126899,-15,2078,134310,138,19226,442,1,911,0.0010000000000047748
77140000,751,12416,129120,7067,11455,120506,138,19229,565,1,912,0.0010000000000047748
77141000,3753,14631,129127,3138,10819,121498,112,19229,459,1,913,0.000999999999990564
77142000,8299,320,124591,188,-3138,125669,96,19229,393,0,914,0.0010000000000047748
77143001,12291,-6776,126348,9833,-10676,124689,129,19230,528,0,915,0.00100100000000225
77144000,11868,-8395,127124,16427,-12315,131445,103,19230,528,0,916,0.0009989999999930887
77145000,2119,193,129038,-324,-3048,126063,108,19232,422,0,917,0.0010000000000047748
77146000,1925,2757,133477,-10434,-324,130613,108,19224,442,1,918,0.0010000000000047748
77147000,245,10577,128577,6762,6423,126500,119,19227,487,1,919,0.000999999999990564
77148000,474,10527,128719,3105,7322,124419,103,19232,422,1,920,0.0010000000000047748
77149000,8320,1300,127707,-7442,-1551,125861,110,19221,451,0,921,0.0010000000000047748
77150000,11961,-10409,129285,10875,-14125,134871,88,19221,451,0,922,0.000999999999990564
77151000,7576,-4886,129142,21034,-9756,131633,105,19233,360,0,923,0.0010000000000047748
77152000,-65,-261,129810,-22796,2816,126122,105,19230,430,1,924,0.0010000000000047748
77153000,-3465,14281,133951,-10170,15215,125466,131,19227,537,1,925,0.000999999999990564
77154000,-8026,4461,130069,10513,-6248,130500,112,19229,459,1,926,0.0010000000000047748
77155000,-1265,-6455,130083,-17632,-12622,136335,96,19232,393,1,927,0.0010000000000047748
77156000,666,-10734,127580,175,-7102,127947,146,19232,598,0,928,0.000999999999990564
77157000,4820,8968,130025,3500,10025,120786,109,19232,598,0,929,0.0010000000000047748
77158000,-3636,3773,130965,-14070,-27,130383,117,19227,446,0,930,0.0010000000000047748
77159000,-6391,-5354,130309,-17847,-4389,136596,117,19223,479,1,931,0.000999999999990564
77160002,-10774,5671,130836,-5841,7029,126218,137,19229,561,1,932,0.0010019999999997253
77161005,-8858,14568,130661,-10014,16477,121319,109,19233,446,1,933,0.0010030000000114114
77162002,-1765,5326,130448,-6316,-3633,129154,107,19233,438,1,934,0.0009969999999981383
77163000,-4650,-10924,124683,-5541,-14800,134991,126,19224,438,0,935,0.0009979999999956135
77164001,-763,-2249,125574,-8265,3695,122484,104,19237,516,0,936,0.00100100000000225
77165000,-3405,14703,129983,-5751,11777,120893,104,19233,426,0,937,0.0009989999999930887
77166000,-6043,4849,126924,-10188,4391,130266,125,19220,512,1,938,0.0010000000000047748
77167000,-4313,4018,128627,-10713,1029,130182,117,19231,479,1,939,0.0010000000000047748
77168000,-2138,3126,124387,-6281,3792,125011,102,19231,418,1,940,0.000999999999990564
77169000,1632,16237,127520,6812,12193,118528,140,19225,418,0,941,0.0010000000000047748
77170000,88,-7781,123430,-2667,-14032,130062,106,19232,573,0,942,0.0010000000000047748
77171001,2566,-3140,124823,-8151,-2138,128015,106,19232,434,0,943,0.0010009999999880392
77172001,-1981,11496,128211,1150,9630,121977,111,19226,455,1,944,0.0010000000000047748
77173002,-2116,16497,126168,-1092,15588,117287,159,19229,651,1,945,0.00100100000000225
77174002,-2853,10647,126841,-6723,5400,128546,110,19233,451,1,946,0.0010000000000047748
77175001,6259,-3764,122281,2980,-1143,128037,100,19233,451,1,947,0.0009989999999930887
77176000,9874,3723,123041,10410,-323,119215,84,19224,410,0,948,0.0009990000000072996
77177000,6878,-7639,123752,6469,-10975,126704,84,19230,344,0,949,0.000999999999990564
77178000,6067,-9884,125924,-6303,-12349,128138,113,19227,463,0,950,0.0010000000000047748
77179000,4316,5395,129358,11290,-316,126703,123,19223,504,1,951,0.0010000000000047748
77180000,2610,13689,127184,-519,10036,123643,112,19230,459,1,952,0.000999999999990564
77181000,4375,8846,127530,4712,3671,126907,98,19230,459,1,953,0.0010000000000047748
77182002,9219,386,125524,8631,-736,121193,127,19232,401,0,954,0.0010019999999997253
77183002,10590,4653,127681,733,-245,128961,127,19225,520,0,955,0.0010000000000047748
77184000,6004,-12587,125420,13864,-16125,136612,100,19230,410,0,956,0.0009979999999956135
77185000,7366,3447,128878,-1903,1237,124634,103,19225,422,0,957,0.0010000000000047748
77186000,81,8474,129331,-1737,4793,128784,142,19228,582,1,958,0.000999999999990564
77187000,2110,17520,130938,2941,13429,123365,110,19228,582,1,959,0.0010000000000047748
77188000,4396,-2020,128601,-2110,-6187,129356,101,19232,451,1,960,0.0010000000000047748
77189000,8148,-9832,127598,1294,-13066,131238,101,19224,414,0,961,0.000999999999990564
77190000,6996,-3649,130979,11622,-6663,126741,139,19228,569,0,962,0.0010000000000047748
77191001,2682,-5989,129137,2113,-8963,131481,114,19232,467,0,963,0.00100100000000225
77192000,3586,-4267,133512,-18660,-7110,131294,117,19216,479,1,964,0.0009989999999930887
77193002,-8231,7916,133670,6491,5158,127787,125,19216,479,1,965,0.0010019999999997253
77194000,-7545,10189,130172,-4591,7743,124795,102,19227,512,1,966,0.0009980000000098244
77195002,-2048,-2709,129645,-18540,-5634,135773,102,19230,418,1,967,0.0010019999999997253
77196000,479,-14298,127241,297,-18770,132066,120,19223,491,0,968,0.0009979999999956135
77197000,6366,7566,128447,2753,3647,123983,99,19230,405,0,969,0.0010000000000047748
77198003,-6988,5983,132102,-10745,-1078,130505,106,19228,434,0,970,0.0010029999999972006
77199000,-4563,1245,129308,-15417,-3209,131847,140,19228,573,1,971,0.0009969999999981383
77200000,-9034,3257,130275,-8541,2228,130650,111,19228,573,1,972,0.0010000000000047748
77201000,-6260,6722,129306,-9903,6557,124733,98,19232,455,1,973,0.000999999999990564
77202000,-3148,16698,130015,-7725,6153,118501,98,19227,401,0,974,0.0010000000000047748
77203000,-4416,-8077,124577,-8219,-15763,137938,170,19230,696,0,975,0.0010000000000047748
77204000,-2328,-14164,126460,-6521,-8862,130147,105,19232,430,0,976,0.000999999999990564
77205000,-4487,11112,128103,-11836,14471,117467,109,19232,446,1,977,0.0010000000000047748
77206000,-4499,10142,130169,-3585,6949,128801,118,19222,446,1,978,0.0010000000000047748
77207000,-10416,8624,126982,-9933,730,125192,106,19227,483,1,979,0.000999999999990564
77208000,-4736,-1714,125248,-15494,-860,132324,106,19232,434,1,980,0.0010000000000047748
77209000,1206,1448,126260,4590,3836,117200,113,19224,463,0,981,0.0010000000000047748
77210000,4500,-1448,125373,4143,-7558,130530,94,19227,385,0,982,0.000999999999990564
77211001,981,-406,123810,-5701,-952,125069,108,19227,442,0,983,0.00100100000000225
77212000,-1547,8510,125739,-8941,7138,124785,133,19228,442,1,984,0.0009990000000072996
77213000,-1825,10635,126271,3276,7980,126754,110,19216,545,1,985,0.000999999999990564
77214000,-807,24405,124853,885,22315,111479,110,19230,451,1,986,0.0010000000000047748
77215000,7611,-1931,122937,-1554,-6197,131015,93,19229,381,0,987,0.0010000000000047748
77216000,9006,-5267,123465,8128,-6956,127398,112,19232,459,0,988,0.000999999999990564
77217000,10917,-1738,124022,10573,-397,124239,112,19228,459,0,989,0.0010000000000047748
77218000,4910,2810,127715,2046,437,122897,115,19228,459,0,990,0.0010000000000047748
77219000,3185,2465,127788,1309,-1311,128042,125,19221,471,1,991,0.000999999999990564
77220001,2923,-1900,127603,-646,-2579,128338,125,19228,512,1,992,0.00100100000000225
77221007,7356,8672,127348,4538,4211,123306,103,19234,422,1,993,0.0010060000000038372
77222000,8950,5596,125023,8102,6540,119633,106,19223,434,0,994,0.0009929999999940264
77223000,9502,-2261,126860,6575,-11533,129352,89,19230,365,0,995,0.0010000000000047748
77224000,7770,-19686,125411,10443,-21782,135804,104,19230,365,0,996,0.000999999999990564
77225000,4587,800,132499,3796,-3565,128399,124,19228,426,1,997,0.0010000000000047748
77226000,-1057,21537,131555,-3798,17366,121385,124,19224,508,1,998,0.0010000000000047748
77227000,-435,9022,130081,444,4803,122653,108,19231,442,1,999,0.000999999999990564
77228000,3670,-6345,128147,451,-11032,135996,97,19227,397,1,1000,0.0010000000000047748
77229001,10174,-13027,124882,361,-16928,125260,147,19228,602,0,1001,0.00100100000000225
77230001,10656,3046,130921,18223,1723,126741,104,19228,602,0,1002,0.0010000000000047748
77231000,1936,-6423,127045,2568,-11126,133841,104,19230,426,0,1003,0.0009989999999930887
77232000,-220,8123,132132,-26818,6883,126947,104,19229,426,1,1004,0.0010000000000047748
77233002,-3867,5245,133575,1691,1514,131720,144,19229,590,1,1005,0.0010019999999997253
77234000,-5229,2241,130088,11227,-4,128490,104,19232,426,1,1006,0.0009979999999956135
77235000,-1291,-4773,128800,-25366,-9557,130452,101,19222,414,0,1007,0.0010000000000047748
77236000,568,-6791,128590,-5959,-10480,133504,105,19222,414,0,1008,0.000999999999990564
77237000,3671,-669,131782,15010,-3450,125013,107,19229,430,0,1009,0.0010000000000047748
77238000,-9005,9491,133146,-16961,6276,124976,107,19232,438,0,1010,0.0010000000000047748
77239000,-9310,-853,131551,-21728,-2579,132073,123,19223,504,1,1011,0.000999999999990564
77240000,-10866,2306,131441,-8546,200,132304,117,19229,479,1,1012,0.0010000000000047748
77241000,-6137,14461,130578,-8864,11287,120338,100,19229,410,1,1013,0.0010000000000047748
77242000,-2013,2280,126981,-9347,102,133188,131,19229,410,0,1014,0.000999999999990564
77243000,-4336,-8725,125170,-7010,-11165,127559,101,19220,537,0,1015,0.0010000000000047748
77244000,2796,3914,128691,-3636,1368,124588,101,19230,414,0,1016,0.0010000000000047748
77245000,-4850,8794,128053,-9474,5722,123701,104,19231,426,1,1017,0.000999999999990564
77246002,-7880,9348,128596,-5374,2682,127737,142,19228,582,1,1018,0.0010019999999997253
77247000,-5175,6230,126502,-15833,4046,125592,113,19230,463,1,1019,0.0009980000000098244
77248000,-919,7826,124457,-2727,1435,121043,103,19230,422,0,1020,0.000999999999990564
77249000,911,3537,125898,3089,-3508,129750,99,19224,422,0,1021,0.0010000000000047748
77250000,4173,-2709,121541,-4905,-1369,117841,106,19229,405,0,1022,0.0010000000000047748
77251001,2540,3551,127375,238,2595,131280,106,19229,434,0,1023,0.00100100000000225
77252000,-984,2357,126003,2968,1652,123844,119,19222,487,1,1024,0.0009989999999930887
77253002,-5645,10924,124790,-8297,9633,122712,114,19230,467,1,1025,0.0010019999999997253
77254002,2324,11058,126300,-6193,7496,124746,97,19230,397,1,1026,0.0010000000000047748
77255000,8471,10093,124098,19561,1562,115639,120,19229,397,0,1027,0.0009979999999956135
77256000,10995,695,125489,7979,-17077,132325,111,19233,491,0,1028,0.0010000000000047748
77257000,4136,-8440,124073,2211,-7991,125151,111,19226,455,0,1029,0.000999999999990564
77258000,6039,2022,128416,1988,484,127672,117,19225,479,1,1030,0.0010000000000047748
77259000,2634,11115,127773,4441,11736,121079,151,19229,618,1,1031,0.0010000000000047748
77260000,2162,13438,126806,1037,7253,119388,113,19236,463,1,1032,0.000999999999990564
77261001,9453,-1561,127952,3636,-4481,134321,97,19236,463,1,1033,0.00100100000000225
77262002,11552,4473,123799,8912,2804,117867,117,19225,397,0,1034,0.00100100000000225
77263000,12774,2190,128103,12535,-5172,134448,117,19231,479,0,1035,0.0009979999999956135
77264002,6718,-12460,125699,5250,-16523,127728,101,19229,414,0,1036,0.0010019999999997253
77265000,4437,5693,131027,-5258,-2181,131176,109,19216,446,1,1037,0.0009980000000098244
77266000,-2989,16709,134225,24,11979,125248,106,19229,434,1,1038,0.000999999999990564
77267000,649,11247,130570,2913,5453,122239,103,19229,434,1,1039,0.0010000000000047748
77268000,5604,-3409,129287,2296,-10847,133337,120,19230,422,0,1040,0.0010000000000047748
77269002,8849,-14345,125439,3208,-15343,130051,120,19226,491,0,1041,0.0010019999999997253
77270002,7211,-1698,129866,16091,-6430,126887,95,19231,389,0,1042,0.000999999999990564
77271000,851,3111,130871,-17620,3074,124988,102,19228,418,0,1043,0.0009980000000098244
77272000,-503,8300,134034,-13073,4935,126157,137,19228,561,1,1044,0.000999999999990564
77273000,-8593,-1591,131342,10904,-7321,133562,113,19228,561,1,1045,0.0010000000000047748
77274001,-5724,9,128930,-20460,-5016,129695,97,19229,463,1,1046,0.00100100000000225
77275000,-1103,31,129378,-11674,-2812,132390,97,19229,397,0,1047,0.0009989999999930887
77276001,2498,3261,129952,8593,-475,122337,142,19233,582,0,1048,0.00100100000000225
77277000,1165,5280,129805,-3828,2824,129942,106,19232,434,0,1049,0.0009990000000072996
77278000,-9260,1669,130946,-20419,-860,130302,113,19220,463,1,1050,0.000999999999990564
77279000,-6519,5999,129833,-10055,3796,130636,121,19220,463,1,1051,0.0010000000000047748
77280000,-10324,12762,130511,-5282,9373,128533,107,19231,496,1,1052,0.0010000000000047748
77281000,-3329,5679,128438,-14820,2917,124923,107,19233,438,1,1053,0.000999999999990564
77282000,-1745,-2625,128256,-8758,-5537,128258,115,19219,471,0,1054,0.0010000000000047748
77283000,-738,-7797,124484,1128,-10837,132394,103,19231,422,0,1055,0.0010000000000047748
77284000,-1763,3616,127884,-6303,-71,124853,105,19228,430,0,1056,0.000999999999990564
77285000,-4738,7194,129117,-15305,4736,121075,132,19228,430,1,1057,0.0010000000000047748
77286000,-6545,4619,129517,-9542,1010,126877,119,19222,541,1,1058,0.0010000000000047748
77287000,-8845,211,128354,-2880,-2623,131214,119,19229,487,1,1059,0.000999999999990564
77288000,-2719,6726,125788,-7879,3458,119564,102,19228,418,0,1060,0.0010000000000047748
77289000,-1744,2848,125325,-5461,712,129353,135,19231,553,0,1061,0.0010000000000047748
77290000,-501,-3963,123872,-465,-7826,122828,107,19228,438,0,1062,0.000999999999990564
77291000,1910,7440,125758,-6617,3321,127118,107,19228,438,0,1063,0.0010000000000047748
77292001,-2641,5604,125303,-502,1225,125122,141,19228,438,1,1064,0.00100100000000225
77293001,56,12050,125452,3586,7843,123615,106,19231,577,1,1065,0.000999999999990564
77294002,3784,5181,123556,-8135,-1112,126314,106,19230,434,1,1066,0.00100100000000225
77295001,8378,6281,124350,3552,-4286,121343,102,19230,418,0,1067,0.0009990000000072996
77296000,15141,7972,124466,18929,-3319,124188,87,19228,356,0,1068,0.0009989999999930887
77297000,2258,-11320,122493,-1024,-8674,126904,112,19228,459,0,1069,0.0010000000000047748
77298000,7419,-5715,127786,-5069,-3766,131689,130,19230,459,1,1070,0.0010000000000047748
77299000,2227,14750,128987,12953,16902,115732,114,19226,532,1,1071,0.000999999999990564
77300000,3274,17096,128330,-839,8363,124492,114,19228,467,1,1072,0.0010000000000047748
77301000,8410,-984,124813,1716,-6673,129751,94,19231,385,1,1073,0.0010000000000047748
77302000,10274,-7225,126291,7590,-2602,125161,137,19232,561,0,1074,0.000999999999990564
77303000,14159,-9469,128228,16817,-9189,132273,111,19232,455,0,1075,0.0010000000000047748
77304000,2494,-312,129722,251,-1590,125697,109,19228,455,0,1076,0.0010000000000047748
77305000,4365,3876,129084,-10175,-1453,133067,135,19225,446,1,1077,0.000999999999990564
77306000,-468,6520,128858,8840,7069,124258,135,19227,553,1,1078,0.0010000000000047748
77307000,3382,10218,130706,4258,-1625,129059,110,19230,451,1,1079,0.0010000000000047748
77308000,9403,7644,126794,-5071,738,123444,101,19224,414,0,1080,0.000999999999990564
77309000,7993,-6779,129259,10414,-8503,131241,118,19231,483,0,1081,0.0010000000000047748
77310000,9321,-9101,128448,14947,-11708,138125,105,19231,483,0,1082,0.0010000000000047748
77311001,-58,6378,130353,-15635,8792,120543,117,19228,430,0,1083,0.0010009999999880392
77312000,1059,12838,134356,-7747,7067,130148,117,19218,479,1,1084,0.0009990000000072996
77313000,-5365,3846,131040,2490,2187,125970,108,19225,442,1,1085,0.0010000000000047748
77314000,133,1038,131234,-16666,-6061,129940,93,19231,381,1,1086,0.000999999999990564
77315000,-527,-8547,128907,-1426,-12912,133808,125,19225,512,0,1087,0.0010000000000047748
77316000,-56,-1200,129056,2053,-3783,122712,111,19225,512,0,1088,0.0010000000000047748
77317002,-2881,2377,131870,-14466,683,131517,112,19229,455,0,1089,0.0010019999999997253
77318002,-9060,861,132656,-11172,-1970,131315,112,19225,459,1,1090,0.000999999999990564
77319000,-7561,-911,131189,-8791,-4738,131341,143,19227,586,1,1091,0.0009980000000098244
77320000,-11790,16109,130115,-10081,10535,122421,112,19230,459,1,1092,0.000999999999990564
77321000,-1564,4012,128242,-9130,-746,124957,99,19223,405,1,1093,0.0010000000000047748
77322000,-3109,-6907,126697,-2747,-8176,131830,135,19223,405,0,1094,0.0010000000000047748
77323000,-911,2573,127146,-8694,-312,125604,102,19231,553,0,1095,0.000999999999990564
77324000,-2107,1438,126650,-6298,-2285,127440,102,19233,418,0,1096,0.0010000000000047748
77325002,-4738,13611,128167,-9891,10797,120962,114,19219,467,1,1097,0.0010019999999997253
77326000,-6536,2884,124567,-9182,-2402,133501,109,19227,446,1,1098,0.0009979999999956135
77327000,-5125,8731,126040,-7962,5956,119379,101,19234,414,1,1099,0.0010000000000047748
77328000,2244,3108,126533,-2164,-1833,120837,121,19234,414,0,1100,0.0010000000000047748
77329000,838,-5186,125041,3023,-7010,131337,106,19225,496,0,1101,0.000999999999990564
77330000,1050,-6260,124905,-5979,-9652,127933,106,19228,434,0,1102,0.0010000000000047748
77331000,-3936,2825,127691,-2499,-88,126026,109,19226,446,1,1103,0.0010000000000047748
77332000,-2119,19087,128120,-4023,16774,117615,146,19227,598,1,1104,0.000999999999990564
77333001,-2904,148,125114,-2579,-2555,128931,110,19232,451,1,1105,0.00100100000000225
77334000,4369,4535,124337,2464,-105,122314,95,19232,389,1,1106,0.0009990000000072996
77335000,8020,2794,123344,1019,614,122789,101,19227,389,0,1107,0.000999999999990564
77336000,8694,-1615,122654,12326,-6979,127400,109,19232,414,0,1108,0.0010000000000047748
77337000,9684,-12364,126420,7403,-14208,134021,109,19230,446,0,1109,0.0010000000000047748
77338000,1893,-652,126050,-297,-5142,121622,112,19222,459,1,1110,0.000999999999990564
77339000,1208,17784,129323,44,16990,122619,111,19229,455,1,1111,0.0010000000000047748
77340001,5228,4356,125713,6504,2252,126079,99,19229,405,1,1112,0.00100100000000225
77341000,8719,2013,126188,5217,-4426,126145,116,19228,405,0,1113,0.0009989999999930887
77342000,9547,-5518,124749,2368,-15133,130942,90,19219,475,0,1114,0.0010000000000047748
77343000,7386,5749,127621,12098,298,121961,90,19228,369,0,1115,0.0010000000000047748
77344000,5524,-5659,127300,-8826,-5823,131155,99,19229,405,0,1116,0.000999999999990564
77345000,5083,-1442,131603,2540,8518,135838,130,19229,532,1,1117,0.0010000000000047748
77346000,-1159,7037,127984,5322,5892,121974,112,19229,459,1,1118,0.000999999999990564
77347000,2325,6104,128215,-6319,6231,127099,97,19229,459,1,1119,0.0010000000000047748
77348000,8716,-7163,126498,5776,-16673,133392,142,19228,397,0,1120,0.0010000000000047748
77349000,8924,-13118,128929,20610,-9324,131137,142,19232,582,0,1121,0.000999999999990564
77350001,6299,-2688,129291,-8091,-7503,131248,101,19230,414,0,1122,0.00100100000000225
77351000,-2251,4985,133637,-13265,4252,125153,107,19225,438,1,1123,0.0009990000000072996
77352000,-4127,10819,133957,-1731,1696,131457,132,19230,541,1,1124,0.000999999999990564
77353001,-10881,854,129133,-692,-2405,131364,102,19230,541,1,1125,0.00100100000000225
77354000,-3238,-2055,128660,-15809,-8047,126553,109,19230,418,1,1126,0.0009990000000072996
77355001,-2079,2671,130984,-568,655,126267,109,19219,446,0,1127,0.00100100000000225
77356000,8343,1701,127531,3587,-3482,126017,90,19230,369,0,1128,0.0009989999999930887
77357003,-3338,9838,132808,-15388,1245,127753,107,19228,438,0,1129,0.0010029999999972006
77358000,-7508,-2743,129940,-15924,-7847,131433,135,19223,553,1,1130,0.0009969999999981383
77359000,-6682,1968,131641,-8520,775,131756,113,19223,553,1,1131,0.0010000000000047748
77360000,-8934,12082,131340,-6705,9588,122514,97,19231,463,1,1132,0.0010000000000047748
77361000,-2707,9927,128609,-11241,2239,125348,97,19230,397,0,1133,0.000999999999990564
77362000,-3413,-6092,125544,-11071,-9990,133559,149,19227,610,0,1134,0.0010000000000047748
77363001,-1095,-4268,126763,2830,-6067,126379,103,19227,422,0,1135,0.00100100000000225
77364000,-3184,16773,129213,-12221,12450,120228,106,19227,434,0,1136,0.0009989999999930887
77365000,-6692,9654,129293,-11662,6663,125948,130,19227,434,1,1137,0.0010000000000047748
77366000,-6095,5731,128810,-7660,2968,131579,109,19229,532,1,1138,0.0010000000000047748
77367000,-1081,911,124091,-9664,-2410,126056,109,19231,446,1,1139,0.000999999999990564
77368002,700,8170,126843,1790,5087,119935,108,19222,442,0,1140,0.0010019999999997253
77369002,3705,1499,125401,-924,-3971,128396,87,19229,356,0,1141,0.0010000000000047748
77370002,2514,-6737,122524,-6418,-9571,127182,111,19227,455,0,1142,0.0010000000000047748
77371000,-137,8155,127227,-3763,6039,126654,127,19227,455,1,1143,0.0009979999999956135
77372000,-3782,13919,125220,692,11861,119007,111,19220,520,1,1144,0.0010000000000047748
77373000,-2186,18343,126593,1076,14325,122170,111,19234,455,1,1145,0.000999999999990564
77374000,6732,1976,123174,-7754,-2108,129544,95,19230,389,0,1146,0.0010000000000047748
77375001,10417,5042,125824,13826,2416,118947,136,19236,557,0,1147,0.00100100000000225
77376000,10558,-1208,124729,12542,-3722,122924,110,19228,451,0,1148,0.0009989999999930887
77377000,3351,-10869,124664,-2589,-15794,130389,113,19228,463,0,1149,0.0010000000000047748
77378000,6199,601,130957,5546,-2454,137994,135,19227,463,1,1150,0.0010000000000047748
77379000,2846,8640,125697,2390,6822,117347,135,19228,553,1,1151,0.000999999999990564
77380002,6199,17013,128847,4381,14382,118076,107,19232,438,1,1152,0.0010019999999997253
77381000,11263,-6336,123655,2117,-8950,130219,103,19219,422,0,1153,0.0009980000000098244
77382000,8551,-7002,125665,7585,-6604,132855,111,19232,455,0,1154,0.000999999999990564
77383002,8302,-8503,127505,17680,-13329,128910,104,19232,426,0,1155,0.0010019999999997253
77384000,2931,4741,130853,-7232,1621,122548,117,19230,426,1,1156,0.0009980000000098244
77385000,802,8222,131798,-115,3321,132300,112,19224,479,1,1157,0.000999999999990564
77386000,-78,8625,130779,5472,7301,127890,112,19233,459,1,1158,0.0010000000000047748
77387000,2802,1924,127920,-3109,-4261,127668,100,19228,410,1,1159,0.0010000000000047748
77388005,10845,-3314,127756,1405,-7812,126928,133,19229,545,0,1160,0.001004999999992151
77389000,12720,-11562,127367,15046,-14845,133730,110,19229,451,0,1161,0.0009950000000031878
77390000,4148,-119,131214,16573,-971,128988,107,19228,451,0,1162,0.0010000000000047748
77391000,1709,5204,130830,-21752,6314,120832,150,19228,438,1,1163,0.000999999999990564
77392000,-5854,11259,135817,15267,8224,134406,150,19233,614,1,1164,0.0010000000000047748
77393000,-6211,-855,129112,-8679,-3281,125013,111,19235,455,1,1165,0.0010000000000047748
77394000,-2409,-8028,128142,-22510,-14790,136714,100,19228,410,0,1166,0.000999999999990564
77395000,2010,-8140,130512,6633,-4626,126534,118,19234,483,0,1167,0.0010000000000047748
77396002,2945,8062,132823,4833,5306,124506,108,19234,483,0,1168,0.0010019999999997253
77397000,-6408,90,131444,-15436,1722,131695,119,19226,442,0,1169,0.0009979999999956135
77398000,-9607,5073,130752,-19070,-3907,131726,119,19220,487,1,1170,0.0010000000000047748
77399000,-9803,768,127633,-5974,4019,129895,110,19229,451,1,1171,0.0010000000000047748
77400000,-5105,21683,131818,-11535,16320,113940,101,19232,414,1,1172,0.000999999999990564
77401000,-4362,-5303,128316,-10255,-14602,136136,123,19216,504,0,1173,0.0010000000000047748
77402000,-1724,571,125063,-5024,-7250,122791,96,19216,504,0,1174,0.0010000000000047748
77403000,1282,63,127402,-10634,-6066,131983,102,19235,393,0,1175,0.000999999999990564
77404000,-5267,10264,127845,2043,11163,120895,102,19227,418,1,1176,0.0010000000000047748
77405000,-7356,19685,129351,-15501,12664,119310,145,19225,594,1,1177,0.0010000000000047748
77406000,-6652,302,128684,-16378,-2630,133213,117,19231,479,1,1178,0.000999999999990564
77407000,877,7094,126892,3099,2632,120623,100,19223,410,1,1179,0.0010000000000047748
77408000,2390,3281,124075,590,4065,126373,109,19223,410,0,1180,0.0010000000000047748
77409002,2189,-1974,123215,-4636,-1631,122110,108,19229,446,0,1181,0.0010019999999997253
77410000,2784,-900,124409,-7811,-2405,128059,108,19228,442,0,1182,0.0009979999999956135
77411000,-1920,11404,126883,2408,9564,126060,115,19221,471,1,1183,0.0010000000000047748
77412003,-2511,12312,126429,-5783,7579,120423,138,19226,565,1,1184,0.0010029999999972006
77413000,1939,3498,127761,214,2541,131029,102,19232,418,1,1185,0.0009969999999981383
77414000,8543,4231,123975,3267,-2856,120404,113,19232,418,0,1186,0.0010000000000047748
77415000,8945,-7025,123269,7939,-11591,129179,95,19233,463,0,1187,0.000999999999990564
77416000,6801,495,126839,8744,-2961,125235,95,19229,389,0,1188,0.0010000000000047748
77417000,3003,5412,126280,1840,2097,125884,110,19226,451,1,1189,0.0010000000000047748
77418000,-169,8052,128768,3396,5682,127782,140,19228,573,1,1190,0.000999999999990564
77419000,4692,5903,126977,-4806,2779,123943,114,19230,467,1,1191,0.0010000000000047748
77420000,9225,6709,125261,11219,3519,126576,96,19230,467,1,1192,0.0010000000000047748
77421003,12019,7575,125716,6862,3375,117507,133,19226,393,0,1193,0.0010029999999972006
77422000,10034,-7058,126480,6735,-11342,131963,133,19228,545,0,1194,0.0009969999999981383
77423000,5788,-11312,127105,10354,-14768,137089,110,19230,451,0,1195,0.0010000000000047748
77424000,4660,-1981,129994,-6717,-5424,128573,107,19228,438,1,1196,0.000999999999990564
77425000,-3296,15484,130671,2178,10645,123473,121,19225,496,1,1197,0.0010000000000047748
77426000,1297,19626,132538,900,17899,122197,105,19225,430,1,1198,0.0010000000000047748
77427000,6260,-12945,124932,-4729,-16985,137684,111,19231,430,1,1199,0.000999999999990564
77428000,8858,-9727,127923,14506,-13990,125292,86,19217,455,0,1200,0.0010000000000047748
77429000,7895,4358,129625,6602,280,129419,86,19232,352,0,1201,0.0010000000000047748
77430000,586,1141,130980,-6221,-3981,127920,102,19230,418,0,1202,0.000999999999990564
77431000,2999,-2858,133410,-9524,-6134,141053,124,19223,508,1,1203,0.0010000000000047748
77432000,-10656,-3048,131115,429,-7403,126241,113,19223,463,1,1204,0.0010000000000047748
77433002,-5263,13212,131468,-9097,5966,119011,95,19233,463,1,1205,0.0010019999999997253
77434000,1023,-4453,128681,-15538,-15194,138191,145,19229,389,0,1206,0.0009979999999956135
77435000,-73,-2519,127518,7017,-3944,125341,145,19234,594,0,1207,0.0010000000000047748
77436000,-672,1514,129354,-3255,-7943,131593,105,19229,430,0,1208,0.000999999999990564
77437000,-9106,15383,133298,-22262,13940,118555,109,19224,446,1,1209,0.0010000000000047748
77438000,-5627,5592,132220,-10239,-32,135256,130,19228,532,1,1210,0.0010000000000047748
77439003,-9753,-6959,129834,-9749,-3736,137711,108,19228,532,1,1211,0.0010029999999972006
77440000,-3729,12409,128281,-13463,13328,114548,107,19229,442,1,1212,0.0009969999999981383
77441000,-3130,3796,126302,-4869,784,131089,107,19221,438,0,1213,0.0010000000000047748
77442000,-1145,-4365,126705,-923,-5419,125750,128,19231,524,0,1214,0.000999999999990564
77443000,704,-3740,127518,-12532,-5409,134025,99,19230,405,0,1215,0.0010000000000047748
77444000,-7693,-3336,127498,-8953,2289,124318,120,19228,491,1,1216,0.0010000000000047748
77445000,-5466,19646,130989,-9222,12977,119755,113,19228,491,1,1217,0.000999999999990564
77446025,-8632,150,125051,-4316,-3280,137641,101,19230,463,1,1218,0.0010249999999984993
77447000,-2763,4438,124762,-6715,2102,116723,101,19232,414,0,1219,0.0009750000000110504
77448000,-1495,2089,125537,-3188,-3660,127999,138,19232,565,0,1220,0.000999999999990564
77449000,1483,5697,125892,7504,-844,121822,106,19231,434,0,1221,0.0010000000000047748
77450000,4753,969,125638,-2005,-3031,129223,107,19225,438,0,1222,0.0010000000000047748
77451000,-4538,5019,127622,-8856,5347,127602,150,19225,438,1,1223,0.000999999999990564
77452000,473,21430,126140,-8086,18348,114709,106,19232,614,1,1224,0.0010000000000047748
77453000,3980,3179,124532,6836,2833,133028,106,19228,434,1,1225,0.0010000000000047748
77454000,10394,-1721,121811,8321,-5195,116845,97,19223,397,0,1226,0.000999999999990564
77455000,7856,-5018,122348,3316,-12914,132894,95,19226,389,0,1227,0.0010000000000047748
77456000,6640,-4900,123420,5409,-4811,124496,115,19228,471,0,1228,0.0010000000000047748
77457000,8885,636,129255,8577,-3932,125249,123,19228,471,1,1229,0.000999999999990564
77458000,-846,6492,129136,728,5395,128991,111,19224,504,1,1230,0.0010000000000047748
77459000,3517,9644,128214,-1736,3836,121512,111,19229,455,1,1231,0.0010000000000047748
77460000,6203,-3054,124076,9178,-3962,133485,97,19228,397,1,1232,0.000999999999990564
77461000,12431,3704,125821,6379,-615,114990,125,19226,512,0,1233,0.0010000000000047748
77462000,11034,-7300,126066,11563,-9905,134592,99,19230,405,0,1234,0.0010000000000047748
77463000,4439,-9917,129072,4180,-14140,130498,102,19230,405,0,1235,0.000999999999990564
77464000,5417,5290,129290,-6200,685,125737,138,19231,418,1,1236,0.0010000000000047748
77465000,-1303,13313,129383,8266,9068,130517,138,19229,565,1,1237,0.0010000000000047748
77466000,1486,9968,129985,958,7036,119409,107,19231,438,1,1238,0.000999999999990564
77467000,6946,-5898,127662,-4038,-11571,133176,97,19225,397,0,1239,0.0010000000000047748
77468000,11834,-12652,127604,12399,-16112,130724,127,19232,520,0,1240,0.0010000000000047748
77469000,6615,-2040,130566,15209,-5448,129918,109,19232,446,0,1241,0.000999999999990564
77470000,-467,45,129700,-12774,-3486,127060,118,19226,446,0,1242,0.0010000000000047748
77471000,-33,10615,133432,-12214,7703,125159,117,19218,483,1,1243,0.000999999999990564
77472000,-6266,-289,130923,2404,-4396,137972,117,19227,479,1,1244,0.0010000000000047748
77473000,-1680,867,127628,-598,-2147,118898,95,19231,389,1,1245,0.0010000000000047748
77474000,-140,-13067,127941,-17233,-17793,133741,118,19224,483,0,1246,0.000999999999990564
77475000,3250,-2235,129884,-1028,-7488,123778,100,19224,410,0,1247,0.0010000000000047748
77476001,-810,1424,130487,4266,-1788,135982,110,19227,410,0,1248,0.00100100000000225
77477000,-8381,4154,131809,-18796,665,125807,146,19226,451,1,1249,0.0009989999999930887
77478000,-12728,10751,132104,-15932,8956,127442,146,19225,598,1,1250,0.0010000000000047748
77479000,-8356,6135,130537,-8840,5415,130279,112,19230,459,1,1251,0.0010000000000047748
77480000,-2818,5388,129741,-4740,-1186,125927,97,19227,397,1,1252,0.000999999999990564
77481000,-4133,1053,126563,-7300,-7606,126751,169,19227,692,0,1253,0.0010000000000047748
77482000,-3403,-1210,125257,-10909,-1076,124114,114,19233,692,0,1254,0.0010000000000047748
77483000,-2510,5158,129386,-3350,2516,125141,116,19228,467,0,1255,0.000999999999990564
77484000,-4388,6075,128317,-4906,2755,126168,116,19221,475,1,1256,0.0010000000000047748
77485000,-7099,9489,126387,-14405,4448,125350,120,19227,491,1,1257,0.0010000000000047748
77486002,-3963,7550,128390,-6931,6609,125492,109,19235,446,1,1258,0.0010019999999997253
77487001,3569,-49,124939,5073,-3619,124106,117,19227,479,0,1259,0.0009989999999930887
77488000,796,-6536,123537,-2849,-7057,130596,96,19227,479,0,1260,0.0009990000000072996
77489000,-625,699,125228,-5859,-3738,121212,108,19227,393,0,1261,0.000999999999990564
77490001,-506,14653,128372,2756,8791,120336,108,19232,442,0,1262,0.00100100000000225
77491000,-3459,11308,125450,-6321,12169,127839,138,19225,565,1,1263,0.0009990000000072996
77492000,812,11292,127834,-3378,3580,124131,113,19229,463,1,1264,0.000999999999990564
77493002,3629,4790,121489,10316,2761,121713,94,19226,385,1,1265,0.0010019999999997253
77494000,8829,5527,124956,-5991,-714,122349,117,19226,385,0,1266,0.0009980000000098244
77495002,11661,-5177,123390,13768,-7722,128508,111,19232,479,0,1267,0.0010019999999997253
77496000,8822,-1490,126481,9831,-8525,124639,111,19227,455,0,1268,0.0009979999999956135
77497000,4219,-2775,125109,-11870,-6277,129502,114,19222,467,1,1269,0.0010000000000047748
77498000,847,16570,131058,10397,13678,119299,122,19228,500,1,1270,0.000999999999990564
77499000,7348,7744,126589,10360,-1745,123594,107,19234,438,1,1271,0.0010000000000047748
77500000,6830,-961,125838,-592,-629,127435,107,19234,438,0,1272,0.0010000000000047748
77501000,7227,1566,127979,312,-1864,123569,83,19220,438,0,1273,0.000999999999990564
77502000,10915,-13835,122917,20287,-15361,134490,83,19232,340,0,1274,0.0010000000000047748
77503001,1430,-660,129737,2204,-4304,126612,102,19227,418,0,1275,0.00100100000000225
77504000,2033,3427,129982,-12020,2871,130939,123,19222,504,1,1276,0.0009989999999930887
77505000,2634,19526,130288,5550,18063,120950,113,19228,463,1,1277,0.0010000000000047748
77506000,1204,3845,130150,5025,-4289,130075,99,19228,463,1,1278,0.0010000000000047748
77507003,10229,-14813,124220,-41,-16780,131666,144,19227,405,0,1279,0.0010029999999972006
77508002,6812,-11369,129713,12566,-12781,124260,144,19230,590,0,1280,0.0009989999999930887
77509000,6322,-11492,128425,3615,-16431,138910,102,19232,418,0,1281,0.0009980000000098244
77510000,-1849,16627,133586,-17410,13271,120092,104,19228,426,1,1282,0.000999999999990564
77511000,-7573,6034,133083,-299,1567,130496,144,19228,590,1,1283,0.0010000000000047748
77512000,-9290,1201,130473,-3280,-1111,128489,108,19228,590,1,1284,0.0010000000000047748
77513000,-4432,-3798,130887,-23039,-7583,132524,103,19235,442,1,1285,0.000999999999990564
77514000,1442,1643,129409,4731,-3381,129633,103,19222,422,0,1286,0.0010000000000047748
77515000,4381,6387,128954,399,3261,120492,98,19229,401,0,1287,0.0010000000000047748
77516000,-6339,2153,131673,-14677,-144,135302,109,19224,446,0,1288,0.000999999999990564
77517000,-8244,-2858,129199,-13508,-6757,128092,125,19221,512,1,1289,0.0010000000000047748
77518000,-8319,9646,132128,-11683,7565,132815,114,19221,467,1,1290,0.0010000000000047748
77519000,-6073,17482,128567,-5215,14986,121423,101,19231,467,1,1291,0.000999999999990564
77520009,-4106,3097,129399,-12860,583,124190,135,19232,414,0,1292,0.0010090000000104737
77521000,-436,-15828,125317,-7692,-20270,140355,135,19222,553,0,1293,0.000990999999999076
77522000,-1628,-300,126132,1488,-4822,121464,101,19228,414,0,1294,0.000999999999990564
77523000,-3338,10317,129143,-11607,6476,122405,103,19227,422,0,1295,0.0010000000000047748
77524000,-4949,16866,128155,-7710,14013,124483,142,19227,582,1,1296,0.0010000000000047748
77525000,-8492,4202,128681,-7457,1436,136111,114,19228,582,1,1297,0.000999999999990564
77526000,-1784,-1141,125620,-10303,-6993,120642,105,19227,467,1,1298,0.0010000000000047748
77527001,580,11382,127949,2052,4378,121763,105,19225,430,0,1299,0.00100100000000225
77528000,2908,-2141,122540,-1991,-7056,127831,105,19229,430,0,1300,0.0009989999999930887
77529000,118,1157,124667,-3885,-3041,126734,119,19228,487,0,1301,0.0010000000000047748
77530000,509,-1162,125370,-3715,-7403,131456,122,19220,500,1,1302,0.0010000000000047748
77531000,-3202,29040,127963,209,23521,110239,119,19220,500,1,1303,0.000999999999990564
77532000,-820,9495,126174,-7954,-3629,131773,97,19232,487,1,1304,0.0010000000000047748
77533000,7250,-6285,124348,6755,-6648,129192,97,19232,397,0,1305,0.0010000000000047748
77534000,7677,9164,123631,8997,3474,118055,123,19231,504,0,1306,0.000999999999990564
77535000,9671,3643,122921,3771,901,124353,104,19229,426,0,1307,0.0010000000000047748
77536000,7835,-4399,126865,8344,-8391,129369,108,19226,442,0,1308,0.0010000000000047748
77537000,4598,-9929,124721,696,-5382,132733,146,19226,442,1,1309,0.000999999999990564
77538000,5004,18507,130879,-3564,17525,115686,111,19230,598,1,1310,0.0010000000000047748
77539001,6675,12461,126870,13021,3868,127007,111,19232,455,1,1311,0.00100100000000225
77540000,11055,491,124164,4226,-2131,124748,97,19224,397,0,1312,0.0009989999999930887
77541000,7158,-4367,126310,2586,-10219,130870,125,19232,512,0,1313,0.0010000000000047748
77542000,8682,-15346,129306,19264,-22061,135112,102,19225,418,0,1314,0.0010000000000047748
77543000,3480,11957,131607,-1367,2541,120835,106,19225,418,1,1315,0.000999999999990564
77544000,-32,6476,132690,-6738,975,133339,102,19224,434,1,1316,0.0010000000000047748
77545000,1438,9418,132554,8503,6903,122182,102,19227,418,1,1317,0.0010000000000047748
77546000,2602,4351,127407,-4275,127,126476,101,19235,414,1,1318,0.000999999999990564
77547000,10858,-3181,126168,1130,-4629,128596,122,19227,500,0,1319,0.0010000000000047748
77548000,12287,-7615,128408,20956,-11401,127157,97,19232,397,0,1320,0.0010000000000047748
77549000,3430,-11960,127340,-7092,-12837,136449,102,19232,397,0,1321,0.000999999999990564
77550000,1707,9289,134671,-15944,7597,122870,134,19224,418,1,1322,0.0010000000000047748
77551000,-4784,1865,132062,4148,-3159,134535,134,19228,549,1,1323,0.0010000000000047748
77552000,-6812,5797,130526,-2119,3143,129037,111,19234,455,1,1324,0.000999999999990564
77553000,-1673,-4866,127546,-19679,-9376,131776,96,19232,393,0,1325,0.0010000000000047748
77554000,1340,-3880,129293,-536,-3814,130057,132,19232,541,0,1326,0.0010000000000047748
77555000,3253,9055,130765,7994,5425,121732,108,19232,541,0,1327,0.000999999999990564
77556000,-6449,-4736,130034,-17043,-9023,134996,113,19227,442,0,1328,0.0010000000000047748
77557000,-7669,1601,132741,-15695,-480,129442,113,19222,463,1,1329,0.0010000000000047748
77558000,-8785,4473,129608,-7778,2979,131908,124,19225,508,1,1330,0.000999999999990564
77559000,-5753,14463,129797,-7554,11591,119773,105,19233,430,1,1331,0.0010000000000047748
77560000,-2257,1511,127519,-11350,-2206,127466,114,19220,467,0,1332,0.0010000000000047748
77561000,-3292,-8210,125090,-7327,-12143,135276,101,19220,414,0,1333,0.000999999999990564
77562000,424,656,129309,-1128,-1775,120781,102,19230,414,0,1334,0.0010000000000047748
77563000,-5812,8056,130165,-9966,4808,130234,129,19222,418,1,1335,0.0010000000000047748
77564000,-7853,9098,126331,-12683,5332,117606,129,19221,528,1,1336,0.000999999999990564
77565000,-6824,4792,128893,-11155,2943,131724,114,19227,467,1,1337,0.0010000000000047748
77566000,-3293,1978,123332,-4201,-3485,133466,99,19226,405,1,1338,0.0010000000000047748
77567000,3794,8696,123660,1716,5261,109614,124,19226,508,0,1339,0.000999999999990564
77568000,3172,-1659,125687,-5304,-6937,129126,108,19233,508,0,1340,0.0010000000000047748
77569000,6212,-9221,123298,-825,-11718,130205,112,19228,442,0,1341,0.0010000000000047748
77570000,-2130,-3903,124940,-932,-8776,130215,112,19230,459,1,1342,0.000999999999990564
77571000,-4901,16193,127357,-6081,12791,114160,144,19225,590,1,1343,0.0010000000000047748
77572000,3416,16923,125429,-3815,16435,127388,104,19232,426,1,1344,0.0010000000000047748
77573001,5836,-2073,123970,7404,-3404,128934,103,19232,422,0,1345,0.0010009999999880392
77574011,8122,-2422,124077,4854,-5198,120497,89,19224,422,0,1346,0.001010000000007949
77575002,5248,-1096,126052,3890,-4927,128278,112,19229,365,0,1347,0.000990999999999076
77576002,3435,5088,127681,8537,-1458,125538,112,19230,459,0,1348,0.0010000000000047748
77577000,2577,586,127252,205,-1331,128301,132,19225,541,1,1349,0.0009979999999956135
77578001,2178,11604,131794,2501,9369,121805,110,19229,451,1,1350,0.00100100000000225
77579000,9091,10554,124404,10241,4442,124475,94,19229,385,1,1351,0.0009989999999930887
77580000,11335,-2207,122762,4651,76,125546,138,19229,385,0,1352,0.0010000000000047748
77581000,13674,-6927,126195,12384,-14349,129172,103,19228,565,0,1353,0.0010000000000047748
77582000,8212,-10534,124271,8573,-4848,128571,103,19232,422,0,1354,0.000999999999990564
77583001,4787,7538,133154,-9039,2956,126129,106,19227,434,1,1355,0.00100100000000225
77584002,610,9448,129556,7563,8413,128347,128,19229,524,1,1356,0.00100100000000225
77585000,-829,8453,129160,2300,4001,129286,108,19227,442,1,1357,0.0009979999999956135
77586000,5153,-905,128496,-2838,-9682,127365,105,19227,442,1,1358,0.0010000000000047748
77587000,10230,-10658,126161,13054,-11573,126286,133,19223,430,0,1359,0.0010000000000047748
77588001,8642,1263,131987,9898,-1945,132389,133,19229,545,0,1360,0.0010009999999880392
77589000,2636,-11239,127905,-15413,-9454,132649,113,19229,463,0,1361,0.0009990000000072996
77590000,-1571,14212,136040,-4380,8559,120396,122,19222,500,1,1362,0.0010000000000047748
77591000,-7984,4199,131416,-2204,-6820,132937,113,19232,463,1,1363,0.000999999999990564
77592000,-8609,4706,131929,-9417,-628,128495,100,19232,463,1,1364,0.0010000000000047748
77593000,1401,-8503,128579,-9497,-15946,131006,131,19232,410,0,1365,0.0010000000000047748
77594000,-1244,-1864,128900,2566,-2088,127290,131,19226,537,0,1366,0.000999999999990564
77595001,-1048,9996,131849,-5026,5143,120172,110,19228,451,0,1367,0.00100100000000225
77596001,-5725,-190,130111,-13802,-3648,134458,110,19229,451,1,1368,0.0010000000000047748
77597001,-9829,626,130695,-9946,-2859,132561,146,19228,598,1,1369,0.000999999999990564
77598001,-9546,5207,129480,-8874,3065,126419,117,19228,598,1,1370,0.0010000000000047748
77599001,-4246,9100,129252,-11833,5438,125247,104,19229,479,1,1371,0.0010000000000047748
77600000,-792,71,125682,-5812,-4384,125619,104,19222,426,0,1372,0.0009989999999930887
77601001,-1963,-2952,126121,184,-5466,135123,141,19232,577,0,1373,0.00100100000000225
77602000,-431,2061,126281,-11888,1475,119322,101,19232,414,0,1374,0.0009989999999930887
77603000,-6406,9181,129524,-8425,4302,126348,111,19219,455,1,1375,0.0010000000000047748
77604000,-8782,11021,128081,-7351,5508,128698,112,19219,455,1,1376,0.0010000000000047748
77605000,-6740,-926,125621,-11289,-4218,125395,106,19229,459,1,1377,0.000999999999990564
77606000,-881,3617,128974,-2308,540,127679,106,19228,434,0,1378,0.0010000000000047748
77607000,-447,2339,124494,-783,-1635,119535,126,19230,516,0,1379,0.0010000000000047748
77608000,1092,3828,125397,-3140,351,126634,100,19228,410,0,1380,0.000999999999990564
77609000,-1084,2842,127116,-6737,522,126827,106,19231,434,0,1381,0.0010000000000047748
77610000,-3719,10580,125272,-1582,7499,122917,146,19231,598,1,1382,0.0010000000000047748
77611018,-2856,11783,127706,-7697,8993,124008,112,19226,598,1,1383,0.0010180000000019618
77612000,2564,3110,123426,6239,67,125170,97,19233,459,1,1384,0.000981999999993377
77613003,11520,5727,122700,8679,2397,125120,97,19226,397,0,1385,0.0010029999999972006
77614002,8505,-4358,121552,-3466,-9418,117857,105,19233,430,0,1386,0.0009990000000072996
77615000,9947,-8112,126342,14526,-10723,125685,111,19228,455,0,1387,0.0009979999999956135
77616000,3908,-6218,125478,3842,-8178,131003,117,19228,479,1,1388,0.0010000000000047748
77617000,-3255,10533,129776,-4138,7170,126172,113,19222,479,1,1389,0.000999999999990564
77618000,2063,11691,128219,2858,11084,126806,102,19230,463,1,1390,0.0010000000000047748
77619000,6380,1894,125533,5369,-1629,119393,102,19233,418,1,1391,0.0010000000000047748
77620000,11088,2845,128880,5327,979,133972,115,19225,471,0,1392,0.000999999999990564
77621000,8789,-8259,124796,8770,-12369,124964,93,19228,381,0,1393,0.0010000000000047748
77622000,6380,-157,127398,14371,-1603,128497,102,19231,418,0,1394,0.0010000000000047748
77623000,2176,-123,130565,-7210,-353,131862,131,19231,418,1,1395,0.000999999999990564
77624002,762,4973,129605,-4762,8807,126436,110,19228,537,1,1396,0.0010019999999997253
77625000,1406,16238,132172,16190,-1332,129767,110,19232,451,1,1397,0.0009980000000098244
77626000,3210,-7511,124780,-9669,-17984,130746,101,19227,414,0,1398,0.000999999999990564
77627000,9121,-14851,127662,15478,-7939,132685,159,19229,651,0,1399,0.0010000000000047748
77628000,6661,-63,129460,16844,-5417,127014,103,19226,422,0,1400,0.0010000000000047748
77629000,1282,2353,130435,-25326,3409,127817,109,19226,422,0,1401,0.000999999999990564
77630000,-1146,13169,134223,-10303,5897,129639,132,19229,446,1,1402,0.0010000000000047748
77631000,-6124,3103,129886,11744,3506,129451,132,19232,541,1,1403,0.0010000000000047748
77632000,-3748,-4508,128389,-17062,-7858,127264,103,19235,422,1,1404,0.000999999999990564
77633000,-2038,-5896,130262,-9344,-14709,132623,110,19227,451,0,1405,0.0010000000000047748
77634000,3853,-2846,128339,5899,-2741,128835,89,19228,365,0,1406,0.0010000000000047748
77635000,-3676,11327,133379,-5976,5424,124019,110,19228,365,0,1407,0.000999999999990564
77636002,-6780,-2236,131513,-17570,-7848,132002,134,19225,451,1,1408,0.0010019999999997253
77637000,-10376,11099,131329,-12934,4015,127825,134,19221,549,1,1409,0.0009980000000098244
77638000,-10045,5933,130326,-9963,-159,131011,115,19229,471,1,1410,0.000999999999990564
77639000,-1015,14836,131913,-5570,9497,122127,100,19230,410,1,1411,0.0010000000000047748
77640000,-6591,709,124738,-8649,-3703,125887,149,19229,610,0,1412,0.0010000000000047748
77641000,93,-1508,128133,-8767,-2603,128116,104,19229,610,0,1413,0.000999999999990564
77642000,488,3237,126605,-5388,251,129623,108,19234,426,0,1414,0.0010000000000047748
77643000,-3195,6014,126623,-5196,7894,124960,108,19225,442,1,1415,0.0010000000000047748
77644000,-4889,20663,129846,-14918,15826,119231,130,19226,532,1,1416,0.000999999999990564
77645000,-3706,4054,125887,-9240,-602,128274,109,19233,446,1,1417,0.0010000000000047748
77646000,5574,-2847,126382,6338,-6972,132569,106,19222,434,0,1418,0.0010000000000047748
77647001,-2889,-10191,122551,-2880,-10727,126954,85,19222,434,0,1419,0.00100100000000225
77648000,1328,15194,125102,-8262,15989,117349,108,19231,348,0,1420,0.0009989999999930887
77649000,908,8974,126569,-728,4101,125458,108,19226,442,0,1421,0.0010000000000047748
77650000,-94,2760,125334,3308,-740,127570,125,19221,512,1,1422,0.000999999999990564
77651000,-649,15301,127324,-7744,11325,123211,111,19227,455,1,1423,0.0010000000000047748
77652000,2711,11256,125019,3139,9594,117736,96,19233,393,1,1424,0.0010000000000047748
77653000,12084,4569,126076,7024,99,125467,131,19233,537,0,1425,0.000999999999990564
77654003,10706,-10744,122199,7787,-15110,131449,115,19232,537,0,1426,0.0010030000000114114
77655001,6905,1182,125814,5602,-2821,125423,119,19225,471,0,1427,0.0009979999999956135
77656000,3680,912,127388,4269,-2010,125895,119,19225,487,1,1428,0.0009989999999930887
77657000,3728,11923,129245,453,9380,122589,139,19229,569,1,1429,0.0010000000000047748
77658000,7676,9156,127539,4087,6737,125684,110,19231,451,1,1430,0.0010000000000047748
77659000,9040,584,122965,10286,-4366,125554,99,19231,405,0,1431,0.000999999999990564
77660000,11539,7183,127227,2205,5262,122010,112,19227,405,0,1432,0.0010000000000047748
77661000,10547,-13267,125735,13484,-16647,134074,102,19232,459,0,1433,0.0010000000000047748
77662000,7115,-5735,131805,8342,-10601,131821,102,19230,418,0,1434,0.000999999999990564
77663000,2284,3564,129878,-9270,-1069,129772,115,19228,471,1,1435,0.0010000000000047748
77664001,1045,14366,129784,3493,10206,120624,110,19224,451,1,1436,0.00100100000000225
77665000,3132,10733,129685,6737,9241,132327,101,19224,414,1,1437,0.0009989999999930887
77666000,8400,-14167,125364,-3190,-15916,132323,127,19229,414,0,1438,0.0010000000000047748
77667000,9729,-3151,130365,8054,-9959,123458,98,19226,520,0,1439,0.0010000000000047748
77668000,4959,-356,129837,13725,-9244,131703,98,19227,401,0,1440,0.000999999999990564
77669000,-176,2556,132619,-13696,4369,125511,103,19225,422,0,1441,0.0010000000000047748
77670000,-1659,-612,132629,-6457,-3091,138348,146,19229,598,1,1442,0.0010000000000047748
77671000,-8244,-6032,129714,9278,-1169,126773,110,19230,451,1,1443,0.000999999999990564
77672000,-3682,12502,133328,-20245,1958,120064,97,19230,451,1,1444,0.0010000000000047748
77673000,1896,-10411,126976,4023,-17442,140177,116,19231,397,0,1445,0.0010000000000047748
77674000,4598,-5683,129206,3184,-1123,126533,116,19236,475,0,1446,0.000999999999990564
77675000,-6560,4760,130746,-20755,4909,126391,109,19226,446,0,1447,0.0010000000000047748
77676000,-6442,3250,129520,-11854,2659,130954,118,19225,483,1,1448,0.0010000000000047748
77677000,-8587,5854,132290,-4425,3466,131747,109,19231,446,1,1449,0.000999999999990564
77678000,-10229,1952,127926,-11947,5946,128374,101,19231,446,1,1450,0.0010000000000047748
77679001,-1006,6853,128350,-16119,2935,120832,120,19231,414,1,1451,0.00100100000000225
77680000,-4121,-4140,127127,-1784,-9733,135119,120,19215,491,0,1452,0.0009989999999930887
77681000,704,-5143,125488,216,-6513,123272,105,19232,430,0,1453,0.0010000000000047748
77682000,-5189,1879,128451,-16822,-2204,128714,106,19225,434,0,1454,0.0010000000000047748
77683000,-9737,8237,127044,-11973,7619,121242,140,19225,573,1,1455,0.000999999999990564
77684000,-3938,13891,129439,-7400,7121,122357,115,19225,573,1,1456,0.0010000000000047748
77685000,-7186,2001,125510,-883,-3351,130926,100,19230,471,1,1457,0.0010000000000047748
77686000,-1539,13849,126869,-11309,6727,116753,100,19225,410,0,1458,0.000999999999990564
77687000,397,-2003,124119,-8020,-2876,125582,116,19231,475,0,1459,0.0010000000000047748
77688000,4020,-4812,125745,9221,-5914,130088,106,19224,434,0,1460,0.0010000000000047748
77689000,451,-778,124677,-5445,-1959,127622,111,19226,455,1,1461,0.000999999999990564
77690000,-7750,15565,126590,-8098,13248,119421,136,19226,455,1,1462,0.0010000000000047748
77691000,681,15019,127331,-5311,8727,126031,101,19231,557,1,1463,0.0010000000000047748
77692001,5690,-1085,122312,7191,-5479,129112,101,19235,414,0,1464,0.0010009999999880392
77693000,8197,8883,124543,5936,6009,116636,112,19226,459,0,1465,0.0009990000000072996
77694000,6684,-397,122624,-470,-5657,122931,99,19230,405,0,1466,0.0010000000000047748
77695000,7537,-5901,126651,7561,-9560,134950,111,19226,455,0,1467,0.000999999999990564
77696000,3995,-69,125064,4374,190,126784,136,19226,455,1,1468,0.0010000000000047748
77697000,-274,11460,127980,-8062,10860,119493,114,19227,557,1,1469,0.0010000000000047748
77698000,7452,12049,128268,8115,6493,125289,114,19229,467,1,1470,0.000999999999990564
77699000,8417,-9583,123063,8352,-12687,129370,96,19226,393,0,1471,0.0010000000000047748
77700000,9408,-487,128338,-571,-3849,128142,148,19232,606,0,1472,0.0010000000000047748
77701000,7027,-4065,127604,14273,-8189,126501,102,19231,418,0,1473,0.000999999999990564
77702000,5211,-390,129244,2037,-3759,128795,104,19231,426,0,1474,0.0010000000000047748
77703000,-181,10293,133640,-4812,7800,129319,119,19228,426,1,1475,0.0010000000000047748
77704002,-999,10164,128737,1589,6331,130421,108,19229,487,1,1476,0.0010019999999997253
77705023,4112,13801,129254,4624,10348,121856,108,19236,442,1,1477,0.0010209999999943875
77706002,8234,-9872,125714,-3487,-13431,128751,112,19220,459,0,1478,0.0009790000000009513
77707000,13786,-5879,133200,17960,-9210,140845,92,19231,377,0,1479,0.0009979999999956135
77708000,3899,-5880,125417,5681,-10051,125325,104,19231,426,0,1480,0.0010000000000047748
77709000,134,3734,136439,-19321,-348,128824,126,19228,426,1,1481,0.0010000000000047748
77710000,-5212,9103,131868,-1618,6283,125409,114,19223,516,1,1482,0.000999999999990564
77711000,-5219,-4747,128934,-362,-6684,136616,114,19228,467,1,1483,0.0010000000000047748
77712000,-5037,-2541,130086,-11260,-3625,123307,97,19232,397,1,1484,0.0010000000000047748
77713000,782,-4421,128860,-10910,-8402,128688,145,19232,594,0,1485,0.000999999999990564
77714001,2112,5878,132395,5307,6790,130174,105,19228,430,0,1486,0.00100100000000225
77715003,-5069,-3707,129741,-4244,-5627,136601,113,19228,430,0,1487,0.0010019999999997253
77716002,-8791,-2260,129079,-22566,5899,127880,129,19224,463,1,1488,0.0009990000000072996
77717000,-8953,9988,130759,-11396,9725,125022,129,19230,528,1,1489,0.0009979999999956135
77718000,-4412,18,130125,-6014,4495,133538,112,19231,459,1,1490,0.0010000000000047748
77719000,-754,3711,129780,3241,-12247,124470,108,19222,442,0,1491,0.000999999999990564
77720000,-5805,-4830,122785,-15941,-5466,132345,127,19228,520,0,1492,0.0010000000000047748
77721000,-758,3918,128337,627,8027,121919,105,19228,520,0,1493,0.000999999999990564
77722000,-4109,5231,128097,776,1743,123622,123,19230,430,1,1494,0.0010000000000047748
77723000,-8099,8869,128792,-19385,1666,129146,123,19221,504,1,1495,0.0010000000000047748
77724000,-8466,4689,127506,-9067,258,127053,113,19227,463,1,1496,0.000999999999990564
77725000,3247,9535,128749,3162,8496,121369,103,19228,422,1,1497,0.0010000000000047748
77726000,171,-770,125019,447,-3402,123565,137,19234,561,0,1498,0.0010000000000047748
77727000,1304,-9007,124020,-6693,-12210,131608,107,19234,561,0,1499,0.000999999999990564
77728000,1394,2253,124686,-6881,914,125700,110,19225,438,0,1500,0.0010000000000047748
77729000,-3268,9228,125648,2005,9252,122302,110,19225,451,1,1501,0.0010000000000047748
77730000,-1049,15592,129012,-3602,15672,121855,155,19228,635,1,1502,0.000999999999990564
77731000,656,2581,123968,1583,-8806,127709,108,19233,442,1,1503,0.0010000000000047748
77732003,8632,-5223,122168,-274,-11961,125898,97,19229,397,0,1504,0.0010029999999972006
77733002,10577,11048,126167,9109,3278,117802,96,19229,397,0,1505,0.0009990000000072996
77734002,7768,3129,125097,19148,-1194,122655,113,19227,393,0,1506,0.000999999999990564
77735000,5658,-5907,126298,-7903,-10239,131684,113,19227,463,0,1507,0.0009980000000098244
77736000,1194,-5430,125913,1817,-4030,128662,120,19223,491,1,1508,0.000999999999990564
77737000,9607,17312,129601,10274,13981,120239,109,19228,446,1,1509,0.0010000000000047748
77738000,4810,13564,125138,4670,8992,118802,98,19231,401,1,1510,0.0010000000000047748
77739000,12255,2491,126063,-1506,-1178,125315,123,19231,401,0,1511,0.000999999999990564
77740000,12370,-14613,124396,13123,-20012,135810,98,19227,504,0,1512,0.0010000000000047748
77741001,6689,-11742,127045,20348,-13685,123708,98,19229,401,0,1513,0.00100100000000225
77742000,4627,5338,128513,-9316,3872,129346,106,19229,434,1,1514,0.0009989999999930887
77743001,-1311,13001,131532,-7379,9936,123122,141,19231,577,1,1515,0.00100100000000225
77744000,3351,5807,131282,10724,-45,133559,113,19232,463,1,1516,0.0009990000000072996
77745000,1552,-3947,127890,2000,-8177,126726,98,19232,401,1,1517,0.000999999999990564
77746000,10781,-8589,129401,-3317,-11727,126349,131,19225,401,0,1518,0.0010000000000047748
77747000,10363,-5020,129761,22584,-7359,134952,106,19234,537,0,1519,0.0010000000000047748
77748000,2785,1530,127282,3,-2671,126075,106,19231,434,0,1520,0.000999999999990564
77749000,2408,9220,134249,-24816,5809,129528,112,19226,459,1,1521,0.0010000000000047748
77750002,-8804,5547,132485,8039,3843,123420,124,19226,508,1,1522,0.0010019999999997253
77751002,-6187,-1071,130470,-2039,-3662,131711,98,19226,401,1,1523,0.0010000000000047748
77752000,-2915,-7967,128781,-23672,-12558,133214,116,19227,401,0,1524,0.0009979999999956135
77753000,2469,-2095,129180,3289,-5943,128259,95,19227,475,0,1525,0.0010000000000047748
77754000,31,11415,128862,531,8108,123662,95,19228,389,0,1526,0.000999999999990564
77755000,-6638,1538,131793,-16341,-3061,127815,109,19233,446,0,1527,0.0010000000000047748
77756000,-6249,-1482,131362,-13726,-4265,136256,142,19230,582,1,1528,0.0010000000000047748
77757000,-10447,7264,128948,-10660,3739,129283,114,19230,467,1,1529,0.000999999999990564
77758000,-6053,15995,131147,-7158,13175,124150,96,19231,467,1,1530,0.0010000000000047748
77759000,-4696,439,125452,-14356,872,127381,159,19226,393,0,1531,0.0010000000000047748
77760005,-4085,-7282,124781,-5694,-13362,132857,159,19229,651,0,1532,0.001004999999992151
77761000,-1030,-4026,128079,-1897,-7446,124622,102,19233,418,0,1533,0.0009950000000031878
77762000,-5969,17695,128940,-15754,16660,113935,110,19227,451,1,1534,0.0010000000000047748
77763000,-7950,13477,129612,-9004,1308,133931,132,19231,541,1,1535,0.000999999999990564
77764000,-8124,-5899,126614,-8432,-8368,130148,107,19231,541,1,1536,0.0010000000000047748
77765000,-2104,281,126607,-10389,1082,125712,110,19230,438,1,1537,0.0010000000000047748
77766000,-2287,12917,126536,-3123,4964,116319,110,19226,451,0,1538,0.000999999999990564
77767000,1609,-54,122256,-1420,-9978,127491,90,19228,369,0,1539,0.0010000000000047748
77768000,767,4512,126656,-7384,-282,128162,106,19227,434,0,1540,0.0010000000000047748
77769000,-2647,11351,124460,-1147,13748,118919,133,19222,545,1,1541,0.000999999999990564
77770000,-2013,18083,128629,-2225,16485,122974,114,19222,545,1,1542,0.0010000000000047748
77771000,5202,3373,124533,-2463,331,125995,94,19233,467,1,1543,0.0010000000000047748
77772000,8879,-6892,122390,5445,-10274,131054,94,19229,385,0,1544,0.000999999999990564
77773000,7479,728,123893,6162,-1370,119893,121,19233,496,0,1545,0.0010000000000047748
77774000,7764,-737,125603,10140,-7019,128125,109,19228,446,0,1546,0.0010000000000047748
77775012,2184,-2832,126568,3918,-4270,128386,113,19224,463,1,1547,0.0010119999999886886
77776000,1180,4776,128279,-9221,2056,124375,132,19224,463,1,1548,0.0009880000000066502
77777000,3269,15859,129835,8443,7965,123009,105,19226,541,1,1549,0.0010000000000047748
77778000,7645,10836,125591,12785,2210,120261,105,19236,430,1,1550,0.000999999999990564
77779000,9816,-854,126782,200,-5718,125922,103,19220,422,0,1551,0.0010000000000047748
77780000,10563,-5292,128846,7433,-12842,134832,96,19229,393,0,1552,0.0010000000000047748
77781000,6757,-13632,126388,7805,-14332,129431,104,19231,426,0,1553,0.000999999999990564
77782000,4731,5910,132210,-2236,5262,128545,118,19231,426,1,1554,0.0010000000000047748
77783000,249,9669,129027,-3150,6550,123483,109,19225,483,1,1555,0.0010000000000047748
77784000,873,10575,129494,4546,5472,126976,109,19230,446,1,1556,0.000999999999990564
77785000,5785,-5848,126759,569,-12420,134302,96,19228,393,1,1557,0.0010000000000047748
77786000,10429,-6082,126572,229,-8254,123214,141,19226,577,0,1558,0.0010000000000047748
77787000,7008,3763,132560,17755,-1819,128717,111,19230,455,0,1559,0.000999999999990564
77788000,1616,-11026,129576,-8913,-14043,134138,110,19230,451,0,1560,0.0010000000000047748
77789000,-697,14179,134461,-20144,13161,130955,144,19225,451,1,1561,0.0010000000000047748
77790000,-5181,3123,130716,7952,36,126496,107,19231,590,1,1562,0.000999999999990564
77791000,-4837,5794,130171,-1408,1903,123771,107,19234,438,1,1563,0.0010000000000047748
77792000,1355,-8000,129436,-23093,-13302,137094,102,19224,418,0,1564,0.0010000000000047748
77793002,1335,-10451,127889,5118,-13387,126220,109,19232,446,0,1565,0.0010019999999997253
77794000,422,7097,131626,4768,2845,127852,107,19232,438,0,1566,0.0009979999999956135
77795000,-7949,8647,131905,-20149,5752,128483,121,19228,438,1,1567,0.0010000000000047748
77796000,-8020,-878,129266,-13428,-3262,130776,110,19216,496,1,1568,0.000999999999990564
77797000,-8566,4891,129664,-6750,425,133756,110,19229,451,1,1569,0.0010000000000047748
77798000,-539,14461,128964,-8604,11568,120038,101,19232,414,1,1570,0.0010000000000047748
77799000,-2591,-3414,127790,-4779,-5653,129124,133,19220,545,0,1571,0.000999999999990564
77800006,-2299,-7486,126755,-6424,-11031,132176,100,19232,410,0,1572,0.0010060000000038372
77801001,212,-39,128916,-7386,-5347,137676,100,19232,410,0,1573,0.0009950000000031878
77802000,-5329,18980,127639,-5074,14412,112057,137,19223,410,1,1574,0.0009989999999930887
77803000,-7650,7114,127764,-10382,3326,128722,137,19229,561,1,1575,0.0010000000000047748
77804000,-7018,1165,124210,-12065,-5190,127987,114,19236,467,1,1576,0.0010000000000047748
77805000,4065,5322,125553,-2906,2778,131005,104,19226,426,0,1577,0.000999999999990564
77806000,1267,-5927,123936,7046,-5427,122220,105,19228,430,0,1578,0.0010000000000047748
77807000,2389,-1836,124611,-5628,-6128,129573,109,19228,430,0,1579,0.0010000000000047748
77808000,-761,-348,128529,-7333,-2713,129377,118,19227,446,0,1580,0.000999999999990564
77809000,-1178,16531,126999,2559,11263,119950,118,19217,483,1,1581,0.0010000000000047748
77810000,-2509,12260,126843,-350,8019,124592,126,19232,516,1,1582,0.0010000000000047748
77811000,2472,10516,124511,-2846,6612,118988,99,19232,405,1,1583,0.000999999999990564
77812000,10191,-3044,123205,3233,-4681,131210,117,19227,479,0,1584,0.0010000000000047748
77813000,11153,-1190,124275,16075,-4943,121555,104,19227,479,0,1585,0.0010000000000047748
77814000,6620,-3057,123006,-1957,-4402,126805,114,19225,426,0,1586,0.000999999999990564
77815000,5586,4188,128404,3759,7996,125749,114,19226,467,1,1587,0.0010000000000047748
77816001,3554,12560,128394,8077,8873,120765,145,19228,594,1,1588,0.00100100000000225
77817000,6206,5522,126457,2335,1498,132590,110,19233,451,1,1589,0.0009989999999930887
77818003,7839,478,124995,4061,-1059,119444,96,19227,393,1,1590,0.0010029999999972006
77819000,14870,3938,126704,9941,-977,125988,137,19227,393,0,1591,0.0009970000000123491
77820000,8809,-9212,125798,17089,-14878,132640,107,19236,561,0,1592,0.000999999999990564
77821000,4709,-8933,127797,-7940,-6216,129127,107,19227,438,0,1593,0.0010000000000047748
77822000,3848,12496,132271,-4819,12772,129176,108,19223,442,1,1594,0.0010000000000047748
77823000,-1138,15062,128840,12584,8758,124137,112,19228,459,1,1595,0.000999999999990564
77824000,3071,3925,129848,1952,403,129035,103,19232,422,1,1596,0.0010000000000047748
77825000,7967,-10392,127146,-9090,-17912,130554,113,19232,422,0,1597,0.0010000000000047748
77826000,10108,-12787,128944,16379,-15238,129558,91,19219,463,0,1598,0.000999999999990564
77827000,3301,3516,131149,9466,-2131,131330,91,19232,373,0,1599,0.0010000000000047748
77828000,-3307,148,130810,-21300,-107,123857,105,19224,430,0,1600,0.0010000000000047748
77829000,-3612,8020,133949,-4749,3957,132296,133,19225,545,1,1601,0.000999999999990564
77830000,-9961,-2025,130537,1139,-3033,133891,110,19230,451,1,1602,0.0010000000000047748
77831000,768,3147,128441,-14334,-1574,126167,95,19230,389,1,1603,0.0010000000000047748
77832000,-743,-3864,129100,-4656,-7964,133927,142,19228,389,0,1604,0.000999999999990564
77833000,4690,-361,128374,7070,-3448,125223,109,19232,582,0,1605,0.0010000000000047748
77834000,-3228,4020,131123,-10586,716,129430,109,19226,446,0,1606,0.0010000000000047748
77835000,-9901,365,131342,-17189,-4039,130600,116,19219,475,1,1607,0.000999999999990564
77836000,-6562,13912,131224,-3428,14585,129418,131,19226,537,1,1608,0.0010000000000047748
77837000,-13306,4254,129159,-12922,147,127404,107,19226,438,1,1609,0.0010000000000047748
77838000,-1172,-1318,131877,-14344,-5093,125727,108,19231,438,1,1610,0.000999999999990564
77839000,-5072,794,125897,-3390,-3259,126816,113,19216,442,0,1611,0.0010000000000047748
77840000,-3148,-3468,126454,-3584,-5073,126492,113,19229,463,0,1612,0.0010000000000047748
77841000,-4187,10317,127908,-13076,7315,123215,104,19233,426,0,1613,0.000999999999990564
77842000,-8715,5865,127419,-12881,1495,128211,126,19226,516,1,1614,0.0010000000000047748
77843002,-3924,10933,127471,-2653,7512,123248,116,19226,475,1,1615,0.0010019999999997253
77844000,-5939,1431,127437,-11328,-1196,127835,98,19231,475,1,1616,0.0009979999999956135
77845000,2261,6901,124318,-3107,2152,123928,144,19226,401,0,1617,0.0010000000000047748
77846002,-613,-41,123998,441,-2548,125459,144,19231,590,0,1618,0.0010019999999997253
77847000,1794,-2457,122983,-7507,-6562,124681,107,19228,438,0,1619,0.0009979999999956135
77848000,1112,14134,126397,-1933,11489,118844,109,19224,446,0,1620,0.0010000000000047748
77849001,-6772,1032,124629,3290,-2840,131570,148,19233,606,1,1621,0.00100100000000225
77850000,449,11284,126785,-10338,7665,121869,104,19233,606,1,1622,0.0009989999999930887
77851001,3608,11474,125334,-1528,8176,123820,101,19232,426,1,1623,0.00100100000000225
77852000,10257,9253,124364,16603,7882,119284,101,19226,414,0,1624,0.0009989999999930887
77853001,9951,-9962,122926,3641,-10935,136427,81,19228,332,0,1625,0.00100100000000225
77854000,4606,-12177,126471,1840,-18996,126505,110,19227,451,0,1626,0.0009990000000072996
77855000,4726,6765,128609,7517,975,125022,127,19223,520,1,1627,0.000999999999990564
77856000,-1273,15599,130510,-1246,15560,118994,112,19223,520,1,1628,0.0010000000000047748
77857000,8000,8391,126016,-1160,1273,131645,97,19226,459,1,1629,0.0010000000000047748
77858000,6133,-9580,123620,8154,-7194,127397,97,19228,397,0,1630,0.000999999999990564
77859000,11512,-3150,126555,5004,-5363,127507,132,19225,541,0,1631,0.0010000000000047748
77860000,7665,2065,125001,11270,-9948,126813,109,19234,446,0,1632,0.0010000000000047748
77861001,4269,-1573,128574,-3066,-8653,133386,105,19229,430,0,1633,0.00100100000000225
77862001,4715,-2263,130035,-2409,6158,133104,133,19229,430,1,1634,0.000999999999990564
77863002,-261,20882,132159,4167,16724,119359,113,19228,545,1,1635,0.00100100000000225
77864000,2898,10366,129217,-3687,-435,130374,113,19233,463,1,1636,0.0009979999999956135
77865000,8749,-9147,126173,1455,-17375,131133,103,19224,422,0,1637,0.0010000000000047748
77866000,10803,-18980,128769,18071,-11645,136674,125,19235,512,0,1638,0.0010000000000047748
77867000,5765,-3008,129141,6418,-44,122672,101,19230,414,0,1639,0.000999999999990564
77868000,-597,7829,132727,-21855,2344,127369,111,19230,414,1,1640,0.0010000000000047748
77869000,-6069,12326,133825,-537,7400,128036,109,19218,455,1,1641,0.0010000000000047748
77870000,-7774,-1816,130917,1048,-8080,131340,109,19228,446,1,1642,0.000999999999990564
77871000,-5172,-8489,130599,-15444,-8833,130202,100,19232,410,1,1643,0.0010000000000047748
77872000,150,-5113,129169,-6485,-12964,129809,123,19233,504,0,1644,0.0010000000000047748
77873000,3100,1203,129875,4894,-3194,126976,98,19228,401,0,1645,0.000999999999990564
77874000,-2809,7527,133609,-11022,3741,126681,105,19228,401,0,1646,0.0010000000000047748
77875000,-9257,1542,130710,-17038,-876,129239,149,19226,430,1,1647,0.0010000000000047748
77876000,-9873,7223,130893,-9539,6571,127834,149,19227,610,1,1648,0.000999999999990564
77877000,-4596,6834,127552,-9310,5283,126884,116,19230,475,1,1649,0.0010000000000047748
77878000,-3371,5078,128302,-6163,439,128661,100,19225,410,0,1650,0.0010000000000047748
77879000,-175,-6235,124652,-9794,-9972,126897,149,19236,610,0,1651,0.000999999999990564
77880000,-1487,438,127277,-3005,-749,127264,102,19236,418,0,1652,0.0010000000000047748
77881002,-905,7106,128393,-5920,2622,125439,109,19229,418,0,1653,0.0010019999999997253
77882000,-7614,7816,127624,-6991,4056,125174,116,19223,446,1,1654,0.0009979999999956135
77883002,-6781,8128,126115,-18650,8142,128973,116,19229,475,1,1655,0.0010019999999997253
77884002,1129,7978,127011,-755,4126,119834,104,19233,426,1,1656,0.0010000000000047748
77885000,-471,2624,126303,5162,-1746,129543,120,19227,491,0,1657,0.0009979999999956135
77886000,4962,-7662,123293,-10189,-9589,129116,95,19227,389,0,1658,0.0010000000000047748
77887003,-378,4501,127420,-2912,1994,121361,106,19231,389,0,1659,0.0010029999999972006
77888000,1573,11739,126034,318,9166,124942,138,19232,434,1,1660,0.0009969999999981383
77889000,-4662,15005,126091,-4730,12461,119894,138,19223,565,1,1661,0.0010000000000047748
77890000,-392,-192,125306,-6027,-3452,132148,113,19233,463,1,1662,0.0010000000000047748
77891001,7870,6030,124415,5252,2665,120985,97,19227,397,0,1663,0.00100100000000225
77892000,8002,4030,125140,9906,479,123418,107,19227,438,0,1664,0.0009989999999930887
77893002,10901,-3135,124605,3098,-6146,125108,112,19229,438,0,1665,0.0010019999999997253
77894000,4523,-1526,125137,7904,-3496,127358,113,19229,459,0,1666,0.0009979999999956135
77895000,4637,2218,129051,-3324,-2363,136986,113,19225,463,1,1667,0.0010000000000047748
77896003,5959,17949,129946,8903,16386,109322,119,19229,487,1,1668,0.0010029999999972006
77897003,6648,2026,124584,9157,-2615,129283,105,19232,430,1,1669,0.0010000000000047748
77898002,12459,-3906,123585,-1548,-8819,128032,112,19220,459,0,1670,0.0009989999999930887
77899000,9503,-1676,128093,5631,-1544,135168,89,19220,459,0,1671,0.0009980000000098244
77900000,8492,-3664,128924,17407,-6896,124795,102,19235,365,0,1672,0.000999999999990564
77901000,1499,632,129560,-3934,-3982,129128,102,19229,418,1,1673,0.0010000000000047748
77902000,912,4669,131756,-4104,-451,130136,126,19228,516,1,1674,0.0010000000000047748
77903000,511,15111,129799,5715,-181,119595,114,19230,467,1,1675,0.000999999999990564
77904000,3804,3937,129382,-421,-2179,130087,98,19228,401,1,1676,0.0010000000000047748
77905000,10547,-6811,128214,424,-13431,123247,155,19228,401,0,1677,0.0010000000000047748
77906000,8624,-9124,129704,13114,-8306,135409,104,19234,635,0,1678,0.000999999999990564
77907000,3819,-7755,128845,7535,-8004,127585,104,19230,426,0,1679,0.0010000000000047748
77908000,106,4535,131841,-16471,5864,127439,107,19221,438,1,1680,0.0010000000000047748
77909000,-5561,15672,132702,4146,17358,125243,140,19227,573,1,1681,0.000999999999990564
77910000,-5825,1456,129713,-4298,-10642,128986,103,19232,422,1,1682,0.0010000000000047748
77911000,1472,-12807,128442,-12842,-11913,136363,105,19232,422,0,1683,0.0010000000000047748
77912000,-3081,1994,130289,105,-3796,123769,93,19221,430,0,1684,0.000999999999990564
77913000,1535,4875,129303,-2822,6894,124542,93,19231,381,0,1685,0.0010000000000047748
77914000,-5859,7767,133721,-16725,-227,131739,109,19222,446,0,1686,0.0010000000000047748
77915003,-8140,-5583,128241,-9501,-4966,132954,129,19219,528,1,1687,0.0010029999999972006
77916000,-7932,9083,131478,-12482,5899,128001,116,19229,475,1,1688,0.0009969999999981383
77917000,-5843,14010,129754,-10478,11713,120699,99,19229,475,1,1689,0.0010000000000047748
77918000,-1263,5538,129360,-3301,-1797,136934,139,19228,405,0,1690,0.000999999999990564
77919000,-4322,-13764,123399,-8340,-15664,126068,139,19223,569,0,1691,0.0010000000000047748
77920000,-4669,3681,128592,-9618,2259,121876,112,19227,459,0,1692,0.0010000000000047748
77921000,-3104,9545,127192,-13106,6642,129279,112,19224,459,1,1693,0.000999999999990564
77922000,-5367,10421,127165,512,8744,119385,141,19228,577,1,1694,0.0010000000000047748
77923000,-6483,5236,128993,-13099,1727,135155,114,19228,467,1,1695,0.0010000000000047748
77924000,-4305,7280,124141,-11471,6599,115753,107,19227,467,1,1696,0.000999999999990564
77925000,1931,5099,127357,7092,-439,129174,91,19224,438,0,1697,0.0010000000000047748
77926000,4180,-7917,122590,-3008,-10658,128829,91,19232,373,0,1698,0.0010000000000047748
77927000,82,9106,125642,-4780,9111,121206,108,19229,442,0,1699,0.000999999999990564
77928000,-1939,5710,125324,-5255,2933,129311,121,19220,496,1,1700,0.0010000000000047748
77929000,-1920,17257,126113,-1527,14998,117208,109,19220,446,1,1701,0.0010000000000047748
77930000,6202,11707,126525,8215,10085,137347,97,19229,446,1,1702,0.000999999999990564
77931000,3052,-1145,120642,-735,-4354,114711,123,19229,397,0,1703,0.0010000000000047748
77932001,9870,-1926,127545,57,-6759,128329,123,19230,504,0,1704,0.00100100000000225
77933000,8456,-5375,124200,14477,-8777,128343,105,19228,430,0,1705,0.0009989999999930887
77934000,3234,-1601,127261,5601,-5209,123762,111,19228,455,0,1706,0.0010000000000047748
77935000,1644,-672,128145,-3639,-4239,133905,141,19228,577,1,1707,0.0010000000000047748
77936000,1035,16608,128366,1894,13622,114110,113,19227,577,1,1708,0.000999999999990564
77937000,10233,4694,126883,5811,2288,132080,98,19230,463,1,1709,0.0010000000000047748
77938000,6707,8748,126914,9897,4556,118245,98,19225,401,0,1710,0.0010000000000047748
77939000,9763,-3795,126276,2246,-6523,132620,116,19235,475,0,1711,0.000999999999990564
77940000,6770,-11311,127709,8284,-15336,131665,107,19229,438,0,1712,0.0010000000000047748
77941002,5528,2859,131629,3925,-843,128126,113,19221,463,1,1713,0.0010019999999997253
77942000,1403,14035,130164,2349,10150,129900,106,19221,463,1,1714,0.0009979999999956135
77943000,-2225,16327,130588,-3427,12492,115480,102,19230,434,1,1715,0.0010000000000047748
77944000,9803,-12496,127211,499,-16294,142756,102,19231,418,1,1716,0.0010000000000047748
77945000,7592,-3341,126743,10507,-7127,122211,122,19224,500,0,1717,0.000999999999990564
77946001,10639,-3184,130738,9448,-2075,139492,97,19230,397,0,1718,0.00100100000000225
77947000,567,-5128,129474,-441,-10901,122613,102,19225,418,0,1719,0.0009990000000072996
77948000,1235,9357,134298,-12815,5409,132717,141,19225,418,1,1720,0.000999999999990564
77949000,-7768,2369,132563,-1330,-633,129795,115,19226,577,1,1721,0.0010000000000047748
77950000,-6557,3308,131237,2396,-6538,125887,115,19232,471,1,1722,0.0010000000000047748
77951001,97,-8706,128991,-16855,-11770,138034,97,19224,397,0,1723,0.0010009999999880392
77952000,42,2245,130105,-4552,-717,120550,129,19231,528,0,1724,0.0009990000000072996
77953000,1384,-6881,130714,6290,1075,137264,108,19228,442,0,1725,0.0010000000000047748
77954000,-9985,6030,131393,-9785,-2513,123226,116,19228,442,0,1726,0.000999999999990564
77955000,-8510,1366,128754,-16462,-3852,137377,121,19224,475,1,1727,0.0010000000000047748
77956000,-8280,1241,129961,-432,7013,132998,121,19228,496,1,1728,0.0010000000000047748
77957000,-3653,15027,129220,-9702,8312,113226,107,19233,438,1,1729,0.000999999999990564
77958000,-2334,508,126849,-11909,-8538,137568,116,19219,475,0,1730,0.0010000000000047748
77959001,-2615,-8702,124365,-4248,-7234,125354,94,19230,385,0,1731,0.00100100000000225
77960000,1600,-776,128603,913,-503,130005,103,19230,385,0,1732,0.0009989999999930887
77961001,-6933,6944,126226,-10548,3665,124304,130,19228,422,1,1733,0.00100100000000225
77962000,-8605,10870,127733,-15644,6815,122271,130,19220,532,1,1734,0.0009990000000072996
77963000,-4889,6040,129058,-5976,4819,132173,115,19230,471,1,1735,0.000999999999990564
77964000,719,3445,125818,3034,-2123,119503,100,19228,410,0,1736,0.0010000000000047748
77965000,-2403,-4163,124548,-4500,907,126907,127,19233,520,0,1737,0.0010000000000047748
77966000,306,2333,125373,-7677,-7014,121041,116,19233,475,0,1738,0.000999999999990564
77967000,2954,-1735,125205,2036,-5929,133990,113,19225,475,0,1739,0.0010000000000047748
77968002,-1969,8161,128582,2122,7312,127837,144,19224,463,1,1740,0.0010019999999997253
77969000,-3588,17396,127120,-7682,15966,113627,144,19226,590,1,1741,0.0009979999999956135
77970000,4560,11806,126315,-1257,7200,127926,106,19233,434,1,1742,0.0010000000000047748
77971000,11857,-3410,121926,10213,-6631,126828,105,19218,430,0,1743,0.000999999999990564
77972000,10330,-2155,121740,10735,-4885,125754,92,19218,377,0,1744,0.0010000000000047748
77973000,4892,4455,124672,2465,875,121500,112,19228,377,0,1745,0.0010000000000047748
77974000,6875,-3742,125983,2229,-5362,129380,127,19225,459,1,1746,0.000999999999990564
77975000,4264,1190,129061,4385,-107,126440,127,19227,520,1,1747,0.0010000000000047748
77976000,2068,8972,126848,151,4244,125878,112,19230,459,1,1748,0.0010000000000047748
77977002,8978,11730,124772,2885,9780,120351,94,19231,385,1,1749,0.0010019999999997253
77978000,11672,-3880,126872,12176,-8388,123578,142,19231,582,0,1750,0.0009979999999956135
77979000,10635,-18568,125683,10786,-23100,139567,105,19231,582,0,1751,0.0010000000000047748
77980000,4598,-2458,128675,3527,-5712,124628,107,19230,430,0,1752,0.000999999999990564
77981000,1914,15493,133267,-7234,12468,122724,107,19222,438,1,1753,0.0010000000000047748
77982000,-632,15484,129915,2605,10690,127888,122,19226,500,1,1754,0.0010000000000047748
77983000,-1175,-3152,127877,6567,-6719,129826,109,19232,446,1,1755,0.000999999999990564
77984001,7765,-7794,126188,-4943,-13143,131005,105,19220,430,0,1756,0.00100100000000225
77985000,10487,-2152,128360,7596,-6183,125305,119,19220,430,0,1757,0.0009990000000072996
77986000,8004,6020,129926,16262,394,128440,105,19234,487,0,1758,0.000999999999990564
77987000,2498,-7116,129942,-19378,-10632,134221,105,19234,430,0,1759,0.0010000000000047748
77988000,-4213,9176,134234,-7694,5335,126304,118,19220,483,1,1760,0.0010000000000047748
77989000,-7123,7555,130597,-1620,3911,130900,109,19234,446,1,1761,0.000999999999990564
77990000,-3914,-1590,128844,-5622,-5730,128532,94,19231,385,1,1762,0.0010000000000047748
77991001,3269,-11731,128839,-12856,-17873,135516,131,19231,385,0,1763,0.00100100000000225
77992003,1309,3537,127765,-1005,-3258,121035,104,19229,537,0,1764,0.0010019999999997253
77993000,-2681,9900,130748,-361,7401,127898,104,19229,426,0,1765,0.0009969999999981383
77994000,-6967,1822,132381,-18761,2053,133077,109,19225,446,1,1766,0.0010000000000047748
77995000,-11698,-4349,129439,-11237,-7645,132541,142,19228,582,1,1767,0.000999999999990564
77996000,-9468,9084,133400,-8900,4896,122938,110,19229,451,1,1768,0.0010000000000047748
77997000,-5004,9582,129780,-11429,-260,125761,102,19229,451,1,1769,0.0010000000000047748
77998000,-2039,-6691,125947,-5896,-10023,132606,142,19223,418,0,1770,0.000999999999990564
77999000,-2549,-872,126934,-3765,-3122,122741,142,19232,582,0,1771,0.0010000000000047748
78000001,-1907,-1123,126453,-8680,6770,125319,106,19228,434,0,1772,0.00100100000000225
78001000,-7114,17155,131954,-2698,6031,120112,116,19218,475,1,1773,0.0009989999999930887
78002000,-8393,6762,124545,-6892,-6175,133236,110,19225,451,1,1774,0.0010000000000047748
78003000,-5938,-420,125443,-14671,4908,129685,104,19225,451,1,1775,0.0010000000000047748
78004000,560,7536,127484,-566,4478,117274,126,19228,426,0,1776,0.000999999999990564
78005000,3685,3456,123341,5170,-125,127438,126,19227,516,0,1777,0.0010000000000047748
78006000,1292,28,123974,-6745,-5676,124349,102,19228,418,0,1778,0.0010000000000047748
78007000,-882,469,125525,-2630,-836,126745,105,19227,430,0,1779,0.000999999999990564
78008000,-1720,10844,126008,-5580,8825,124274,142,19227,582,1,1780,0.0010000000000047748
78009000,-3218,7574,127072,-6801,5875,124469,112,19227,582,1,1781,0.0010000000000047748
78010001,6626,8301,125105,8453,569,123126,93,19231,459,1,1782,0.00100100000000225
78011000,4401,3057,123129,8154,-6000,121605,93,19224,381,0,1783,0.0009989999999930887
78012000,11091,2176,123982,-5494,-608,130670,103,19231,422,0,1784,0.0010000000000047748
78013000,8049,-6380,125855,14826,-8877,121187,111,19227,455,0,1785,0.000999999999990564
78014000,3039,6402,127363,6266,1615,122441,117,19224,479,1,1786,0.0010000000000047748
78015000,1164,11088,130493,-12595,2889,128970,109,19224,446,1,1787,0.0010000000000047748
78016000,5202,4083,128120,12247,2587,124715,102,19228,446,1,1788,0.000999999999990564
78017000,8373,2114,125877,13173,-1257,129121,114,19232,418,1,1789,0.0010000000000047748
78018000,8452,10709,127252,-7688,8593,119142,114,19225,467,0,1790,0.0010000000000047748
78019003,10865,-8954,125712,13799,-18121,133326,92,19229,377,0,1791,0.0010029999999972006
78020000,5523,-8744,128364,10394,-12366,127254,102,19231,418,0,1792,0.0009969999999981383
78021000,3929,5938,131366,-10534,2667,132992,134,19231,549,1,1793,0.0010000000000047748
78022000,293,13226,130283,2695,10541,117918,115,19227,549,1,1794,0.000999999999990564
78023002,2473,7856,128980,6903,2022,126927,99,19231,471,1,1795,0.0010019999999997253
78024000,7751,-9082,127998,-4887,-12943,142029,99,19227,405,0,1796,0.0009980000000098244
78025000,6594,-11190,126745,3310,-13782,120184,155,19231,635,0,1797,0.000999999999990564
78026000,7868,275,132576,18896,-3344,132431,110,19230,451,0,1798,0.0010000000000047748
78027001,-1617,1544,128949,-13035,-1728,124558,113,19230,463,0,1799,0.00100100000000225
78028000,1233,6943,132817,-21447,3774,129902,136,19224,463,1,1800,0.0009989999999930887
78029000,-10114,9646,132091,15073,6249,133197,105,19229,557,1,1801,0.0010000000000047748
78030000,-1079,1829,127359,-13018,-1392,123804,105,19234,430,1,1802,0.0010000000000047748
78031000,-798,-4214,131753,-14487,-6960,134098,112,19222,459,0,1803,0.000999999999990564
78032002,5282,-1819,129515,9509,-6673,130868,89,19229,365,0,1804,0.0010019999999997253
78033000,-1233,6183,130412,-2627,1532,130231,107,19230,438,0,1805,0.0009980000000098244
78034000,-8636,5306,132442,-18232,3216,125816,134,19230,438,1,1806,0.000999999999990564
78035000,-6272,4972,129208,-17154,2302,130262,119,19224,549,1,1807,0.0010000000000047748
78036000,-8362,7613,129391,4222,4813,132805,119,19228,487,1,1808,0.0010000000000047748
78037000,-1544,15313,129102,-16184,10744,119454,101,19224,414,1,1809,0.000999999999990564
78038000,-3771,-6262,126189,-6359,-10455,135395,150,19222,614,0,1810,0.0010000000000047748
78039000,-1397,-5482,126710,1416,-7946,124723,111,19227,455,0,1811,0.0010000000000047748
78040000,-1283,-147,128993,-15229,-3231,133754,110,19227,455,0,1812,0.000999999999990564
78041000,-8672,7265,126460,-5024,1917,117810,131,19228,451,1,1813,0.0010000000000047748
78042003,-3534,14046,127623,-11361,11972,127682,131,19225,537,1,1814,0.0010029999999972006
78043002,-4289,4352,127839,-10410,2898,127052,113,19231,463,1,1815,0.0009990000000072996
78044001,3622,2338,126385,3819,-4649,125866,113,19222,463,0,1816,0.0009989999999930887
78045000,-2227,-8744,124332,-1982,-12591,130189,85,19229,348,0,1817,0.0009990000000072996
78046000,485,9408,125619,-7422,11078,117026,104,19229,348,0,1818,0.000999999999990564
78047000,144,5070,126790,-4848,15586,132942,124,19228,426,1,1819,0.0010000000000047748
78048000,-3792,10644,124089,12074,3076,119106,124,19218,508,1,1820,0.0010000000000047748
78049000,1069,10734,124034,-11959,3609,127078,111,19233,455,1,1821,0.000999999999990564
78050001,5197,6228,125077,12197,4193,123355,96,19232,393,1,1822,0.00100100000000225
78051001,9502,4915,126626,8384,-6409,120153,134,19232,549,0,1823,0.0010000000000047748
78052000,7309,-6821,125822,-2009,-14487,134481,108,19232,549,0,1824,0.0009989999999930887
78053000,4578,-6441,124730,2643,-5666,125354,108,19228,442,0,1825,0.0010000000000047748
78054003,4918,2139,128113,12905,2559,125715,108,19226,442,1,1826,0.0010029999999972006
78055000,-1087,20702,128670,-6374,17727,118075,133,19230,545,1,1827,0.0009969999999981383
78056000,9022,8350,124041,1534,3708,130419,109,19232,446,1,1828,0.0010000000000047748
78057000,10974,-196,127290,13866,-1164,121593,102,19222,418,0,1829,0.0010000000000047748
78058001,12812,-642,126534,8372,-4362,127389,110,19222,451,0,1830,0.0010009999999880392
78059000,8512,-15092,125043,13993,-14691,133112,102,19233,451,0,1831,0.0009990000000072996
78060000,3041,26,131935,-6840,-2598,128270,115,19226,418,0,1832,0.0010000000000047748
78061000,4094,588,129673,-4844,-2676,136839,115,19227,471,1,1833,0.000999999999990564
78062000,-2834,19244,131943,12821,15601,115663,108,19228,442,1,1834,0.0010000000000047748
78063000,2955,8267,130381,-10244,386,129984,103,19228,422,1,1835,0.0010000000000047748
78064000,10873,-11635,126571,1173,-13770,134461,132,19228,541,0,1836,0.000999999999990564
78065000,10493,-1580,130048,23258,-2633,123469,100,19223,541,0,1837,0.0010000000000047748
78066000,5660,-56,129258,-1698,-4650,134622,104,19230,410,0,1838,0.0010000000000047748
78067000,-2691,10297,132914,-14079,9126,119389,104,19226,426,1,1839,0.000999999999990564
78068000,-2186,-1235,133658,-7181,-4439,137424,149,19225,610,1,1840,0.0010000000000047748
78069000,-9578,333,130165,5408,-3028,130079,108,19233,442,1,1841,0.0010000000000047748
78070000,1560,-1009,130243,-17414,-5382,125825,98,19233,401,1,1842,0.000999999999990564
78071000,-1638,2899,129563,-5328,-133,128568,114,19223,401,0,1843,0.0010000000000047748
78072000,4611,-2371,129090,3780,-4950,125208,110,19231,467,0,1844,0.0010000000000047748
78073000,-6574,-1123,130211,-12379,-4496,136129,110,19227,451,0,1845,0.000999999999990564
78074000,-8200,6290,129539,-15376,3378,122027,120,19220,491,1,1846,0.0010000000000047748
78075000,-6377,7651,130665,-8063,4755,132284,111,19230,455,1,1847,0.0010000000000047748
78076000,-7789,8699,129840,-7667,6960,123845,101,19230,414,1,1848,0.000999999999990564
78077000,235,1171,127597,-11709,-2227,124737,121,19230,414,0,1849,0.0010000000000047748
78078000,-5742,-5300,126834,-4004,-8718,135434,96,19219,496,0,1850,0.0010000000000047748
78079000,-1491,2429,126624,-5521,-2274,122509,96,19236,393,0,1851,0.000999999999990564
78080001,-6295,10104,128994,-13261,6106,126697,105,19227,430,1,1852,0.00100100000000225
78081000,-6099,5867,126925,-10417,2704,124983,141,19230,577,1,1853,0.0009990000000072996
78082000,-5280,2159,128750,-6881,444,125662,113,19227,463,1,1854,0.000999999999990564
78083000,-3195,8613,124932,-7648,6519,120260,99,19227,463,1,1855,0.0010000000000047748
78084000,-57,2810,123343,763,-776,124552,114,19229,405,0,1856,0.0010000000000047748
78085022,218,666,123660,-6982,-4214,125975,114,19231,467,0,1857,0.0010219999999918628
78086000,5710,3093,125799,-1593,325,123296,108,19230,442,0,1858,0.000978000000003476
78087000,-2610,182,125064,5976,-2790,128944,117,19223,479,1,1859,0.0010000000000047748
78088000,-3664,6761,128289,-13801,4358,123022,131,19229,537,1,1860,0.000999999999990564
78089000,2683,14852,126881,-3124,9268,121829,98,19229,537,1,1861,0.0010000000000047748
78090001,5321,5780,123687,8481,5357,124728,109,19230,401,0,1862,0.00100100000000225
78091001,5599,-1881,122285,3230,1724,123409,109,19228,446,0,1863,0.000999999999990564
78092002,6828,-6411,124791,319,-10222,127382,109,19227,446,0,1864,0.00100100000000225
78093000,5427,-3287,125605,8490,-7021,127783,118,19224,483,0,1865,0.0009980000000098244
78094013,3804,-942,128759,7976,2588,127803,143,19229,586,1,1866,0.0010129999999861639
78095000,3152,13795,130317,-11933,9115,120508,114,19229,586,1,1867,0.000987000000009175
78096000,6846,2401,124512,13403,-3175,131150,95,19230,467,1,1868,0.000999999999990564
78097000,9792,-1376,125804,3160,-3091,127637,95,19231,389,0,1869,0.0010000000000047748
78098000,6216,2763,126984,6706,-5889,123611,145,19233,594,0,1870,0.0010000000000047748
78099001,10205,-7836,126804,10110,-10305,133393,101,19231,414,0,1871,0.00100100000000225
78100000,5701,2227,130867,2555,4895,128351,105,19227,430,1,1872,0.0009989999999930887
78101000,309,4905,130247,-4054,2715,130563,117,19227,430,1,1873,0.0010000000000047748
78102000,-122,6158,128576,2093,5065,124097,104,19226,479,1,1874,0.000999999999990564
78103003,3891,1476,126739,4089,-2874,128989,110,19230,426,1,1875,0.0010030000000114114
78104002,10031,-7259,127459,-1184,-10756,128870,110,19220,451,0,1876,0.0009989999999930887
78105000,11873,-4150,130529,17135,-7893,129289,89,19228,365,0,1877,0.0009979999999956135
78106000,2621,-12236,129206,-7845,-13657,137300,103,19230,422,0,1878,0.0010000000000047748
78107002,193,7825,132964,-13801,6584,115439,126,19230,516,1,1879,0.0010019999999997253
78108002,-8893,8055,132317,5856,-540,134245,114,19222,516,1,1880,0.0010000000000047748
78109000,-3859,-582,131653,-5598,-6913,133201,97,19229,467,1,1881,0.0009979999999956135
78110000,-5858,-6393,128287,-13680,-10226,127189,97,19231,397,0,1882,0.0010000000000047748
78111000,849,6489,130994,-4343,5736,124714,142,19230,582,0,1883,0.000999999999990564
78112000,263,12918,131884,6210,7300,120974,103,19229,422,0,1884,0.0010000000000047748
78113000,-7202,-5719,131790,-13596,-11468,137374,110,19229,451,0,1885,0.0010000000000047748
78114000,-7624,-749,129932,-19206,-2659,130881,131,19224,451,1,1886,0.000999999999990564
78115000,-9321,8615,130744,-7158,6773,129218,110,19229,537,1,1887,0.0010000000000047748
78116000,-2684,18993,130889,-6874,16256,117145,110,19231,451,1,1888,0.0010000000000047748
78117000,-1583,-8666,125349,-8119,-14285,136264,105,19220,430,0,1889,0.000999999999990564
78118000,-2593,-5060,125189,-10056,-7008,130918,132,19232,541,0,1890,0.0010000000000047748
78119000,-801,15240,128134,-4638,12968,114470,107,19231,438,0,1891,0.0010000000000047748
78120000,-3642,5648,127878,-5939,1781,126873,124,19231,438,1,1892,0.000999999999990564
78121000,-8027,6302,129631,-13557,3042,129199,117,19224,508,1,1893,0.0010000000000047748
78122000,-7061,-1529,124132,-14412,-5192,132394,117,19228,479,1,1894,0.0010000000000047748
78123000,1607,12289,129771,-701,9576,120148,103,19225,422,0,1895,0.000999999999990564
78124000,893,1132,123990,4728,-1757,123281,138,19233,565,0,1896,0.0010000000000047748
78125000,2507,-1763,124005,-8227,-5765,128815,103,19225,422,0,1897,0.0010000000000047748
78126000,-340,1939,125315,-6878,-1969,127095,107,19225,422,0,1898,0.000999999999990564
78127000,-113,11505,126761,3178,8899,124262,155,19228,438,1,1899,0.0010000000000047748
78128000,-3563,17922,128403,-5629,18148,118213,155,19233,635,1,1900,0.0010000000000047748
78129000,2871,3581,125339,-4953,2454,127681,108,19230,442,1,1901,0.000999999999990564
78130000,9189,336,125383,17226,-4558,138468,101,19225,414,0,1902,0.0010000000000047748
78131000,7782,13449,122816,-780,7960,109017,96,19229,393,0,1903,0.0010000000000047748
78132001,8260,-3255,127076,6326,-6941,130311,118,19229,393,0,1904,0.00100100000000225
78133000,7412,-8931,125552,11979,-12104,128963,124,19224,483,1,1905,0.0009989999999930887
78134000,2237,-3634,127197,-3896,-7870,128908,124,19219,508,1,1906,0.0010000000000047748
78135000,2771,17142,129311,-78,11952,116008,112,19230,459,1,1907,0.000999999999990564
78136000,9669,4231,124553,10347,6731,129225,101,19234,414,1,1908,0.0010000000000047748
78137001,9504,-3000,127530,6068,-1392,125659,129,19223,528,0,1909,0.00100100000000225
78138000,10531,-7341,126474,1349,-16521,136360,98,19223,528,0,1910,0.0009989999999930887
78139000,4855,-7046,125646,17203,-3166,121566,102,19232,401,0,1911,0.0010000000000047748
78140003,2528,10959,131334,2446,4615,126671,102,19226,418,1,1912,0.0010029999999972006
78141000,278,1402,128811,-15144,8055,137258,133,19231,545,1,1913,0.0009969999999981383
78142000,4411,11716,130434,6054,4502,120426,111,19231,455,1,1914,0.0010000000000047748
78143000,5547,2831,127645,-648,-4112,128904,101,19224,414,1,1915,0.0010000000000047748
78144000,5997,-5098,127109,9705,-8652,124872,128,19224,414,0,1916,0.000999999999990564
78145000,6972,-15697,127771,6848,-21621,138423,102,19229,524,0,1917,0.0010000000000047748
78146000,5417,-5875,132074,-11583,-1785,123550,102,19228,418,0,1918,0.0010000000000047748
78147000,-652,24955,135876,-4407,20450,122865,111,19225,455,1,1919,0.000999999999990564
78148000,-9350,2351,130293,-1467,-1365,128456,113,19233,463,1,1920,0.0010000000000047748
78149000,-6870,-9632,129054,-14302,-16740,135015,102,19229,418,1,1921,0.0010000000000047748
78150000,534,-14952,128131,-4437,-15590,139224,121,19229,496,0,1922,0.000999999999990564
78151000,-805,10382,132026,4443,9900,113668,99,19224,496,0,1923,0.0010000000000047748
78152000,-1944,6838,131994,-10244,6668,129861,106,19228,405,0,1924,0.0010000000000047748
78153000,-5317,-4569,128486,-5296,-9196,135326,106,19227,434,1,1925,0.000999999999990564
78154000,-11696,-943,128847,-15540,-2024,129877,144,19229,590,1,1926,0.0010000000000047748
78155000,-10296,6837,131125,-12809,3578,127160,116,19236,475,1,1927,0.0010000000000047748
78156000,-4031,21487,131788,-7139,15124,118681,103,19236,422,1,1928,0.000999999999990564
78157000,-3856,-5337,125657,-9856,-11706,134010,163,19227,422,0,1929,0.0010000000000047748
78158000,-1131,-5278,127438,-3880,-6983,130540,103,19236,668,0,1930,0.0010000000000047748
78159000,-1182,2765,125375,-7310,-303,123239,103,19230,422,0,1931,0.000999999999990564
78160000,-4121,11409,129421,-6189,9259,124221,109,19224,446,1,1932,0.0010000000000047748
78161005,-5957,17066,129753,-11260,12070,121663,120,19234,491,1,1933,0.001005000000006362
78162002,-6297,-328,125178,-10045,-3587,133533,108,19234,442,1,1934,0.0009969999999981383
78163000,-2213,7656,128412,-2998,5869,124652,117,19229,442,0,1935,0.0009979999999956135
78164000,-6,-1430,124177,-4346,-5467,124483,96,19224,479,0,1936,0.0010000000000047748
78165000,3413,10552,125017,4846,8193,120893,96,19228,393,0,1937,0.000999999999990564
78166000,-533,1598,125159,-8933,-1137,125507,107,19224,438,0,1938,0.0010000000000047748
78167000,952,3086,126813,-1566,472,128620,134,19225,549,1,1939,0.0010000000000047748
78168000,-3139,17945,126489,4525,15244,118341,113,19227,463,1,1940,0.000999999999990564
78169000,3413,4042,124612,-6536,733,126493,97,19227,463,1,1941,0.0010000000000047748
78170000,10258,800,124489,6133,-2196,123248,110,19228,397,0,1942,0.0010000000000047748
78171000,10664,-4491,123169,10605,-8824,126021,110,19234,451,0,1943,0.000999999999990564
78172000,7784,5886,125710,4821,1441,128661,113,19228,463,0,1944,0.0010000000000047748
78173000,1946,3059,125851,7444,-1146,123198,114,19222,467,1,1945,0.0010000000000047748
78174000,3441,8266,126994,-3002,3337,129341,126,19230,516,1,1946,0.000999999999990564
78175001,6288,16837,129281,-1980,15092,120538,106,19230,516,1,1947,0.00100100000000225
78176000,8066,-2753,125246,17393,-4341,127689,107,19231,434,1,1948,0.0009990000000072996
78177000,10600,10093,126217,4365,8019,115687,107,19221,438,0,1949,0.000999999999990564
78178000,8658,-9233,127181,1553,-12600,136252,89,19229,365,0,1950,0.0010000000000047748
78179000,9025,-13782,127881,14936,-19995,135551,105,19228,430,0,1951,0.0010000000000047748
78180000,-133,9398,131122,-499,2841,121175,124,19224,508,1,1952,0.000999999999990564
78181000,955,19856,131470,-9658,17536,122204,112,19224,508,1,1953,0.0010000000000047748
78182000,4098,4208,128784,8597,3760,134202,95,19228,459,1,1954,0.0010000000000047748
78183000,6779,-8131,128762,4406,-11718,131365,95,19229,389,0,1955,0.000999999999990564
78184000,9415,1347,128675,-4628,-4107,120744,143,19230,586,0,1956,0.0010000000000047748
78185000,3383,-371,129107,17232,-13909,134382,103,19233,422,0,1957,0.0010000000000047748
78186000,1691,-5914,131394,-5630,-4083,132869,106,19228,434,0,1958,0.000999999999990564
78187000,-3547,1737,132562,-17532,1918,134046,145,19228,434,1,1959,0.0010000000000047748
78188000,-6713,4914,133741,3560,13419,120335,102,19231,594,1,1960,0.0010000000000047748
78189000,-3342,14301,129687,-8099,-2553,125256,102,19231,418,1,1961,0.000999999999990564
78190002,261,-11701,127372,-4493,-22010,140973,101,19223,414,0,1962,0.0010019999999997253
78191000,3093,-5928,128780,5486,-4704,127653,105,19231,430,0,1963,0.0009980000000098244
78192000,-4797,7893,132013,-12841,5374,125222,108,19229,442,0,1964,0.000999999999990564
78193000,-4359,13862,134131,-15321,7455,124190,126,19229,442,1,1965,0.0010000000000047748
78194000,-8473,-3252,130185,-10016,-5094,139149,116,19224,516,1,1966,0.0010000000000047748
78195000,-9597,2848,129385,-8599,4339,125368,116,19231,475,1,1967,0.000999999999990564
78196000,-3917,13878,129557,-9351,11150,120729,97,19230,397,1,1968,0.0010000000000047748
78197000,-5018,-1086,124623,-11157,-3356,129152,131,19224,537,0,1969,0.0010000000000047748
78198000,1237,-3496,128002,-4415,-8009,129506,100,19234,410,0,1970,0.000999999999990564
78199000,-2168,-11120,125959,-6068,-9242,131636,104,19234,426,0,1971,0.0010000000000047748
78200000,-4203,16137,129689,-12193,18538,117346,141,19223,426,1,1972,0.0010000000000047748
78201000,-7461,7013,126528,-2296,-1271,131881,113,19228,577,1,1973,0.000999999999990564
78202000,-6182,8248,124854,-12181,4707,120064,113,19233,463,1,1974,0.0010000000000047748
78203000,2216,5118,127474,-5087,-1121,128261,104,19220,426,0,1975,0.0010000000000047748
78204000,-715,-6816,124152,8811,-7474,124121,99,19230,405,0,1976,0.000999999999990564
78205000,4341,2725,125795,-5250,-1512,127989,106,19230,434,0,1977,0.0010000000000047748
78206000,-2225,2168,126561,-3909,979,127044,119,19229,434,0,1978,0.0010000000000047748
78207000,-1941,20127,128349,-1889,17058,119041,115,19220,487,1,1979,0.000999999999990564
78208001,-1326,1843,122617,-3514,722,128850,115,19233,471,1,1980,0.00100100000000225
78209000,3450,10590,124145,-245,7369,115243,97,19232,397,1,1981,0.0009990000000072996
78210000,11380,-1575,122742,5617,-7320,129983,118,19233,483,0,1982,0.000999999999990564
78211000,9420,-7349,121822,14451,-10504,122963,103,19228,422,0,1983,0.0010000000000047748
78212000,5987,1796,130257,-2195,-1090,130795,113,19228,422,0,1984,0.0010000000000047748
78213000,5736,-834,125487,-641,-3780,122759,148,19226,463,1,1985,0.000999999999990564
78214000,2022,12991,132082,10587,10444,122614,148,19232,606,1,1986,0.0010000000000047748
78215000,4480,3581,123968,-412,147,131624,112,19230,459,1,1987,0.0010000000000047748
78216000,8249,2615,124051,-2011,-561,117802,97,19226,397,0,1988,0.000999999999990564
78217000,12275,-688,128995,12233,-5176,131058,120,19232,491,0,1989,0.0010000000000047748
78218001,9417,-15300,123023,17261,-19687,127230,107,19232,491,0,1990,0.00100100000000225
78219002,5269,-6985,128435,-2565,-12296,130414,113,19229,438,0,1991,0.00100100000000225
78220000,2840,9878,131061,-7921,5784,129819,113,19225,463,1,1992,0.0009979999999956135
78221000,750,16429,130530,10546,13367,122955,110,19233,451,1,1993,0.000999999999990564
78222000,1263,5758,129323,689,3380,124479,101,19232,414,1,1994,0.0010000000000047748
78223001,9688,-15336,126594,-7823,-16638,134305,117,19219,479,0,1995,0.00100100000000225
78224001,9041,-10227,131308,16934,-14494,136164,101,19219,479,0,1996,0.0010000000000047748
78225000,5194,4885,129285,13279,1806,124129,105,19231,414,0,1997,0.0009989999999930887
78226000,-1363,8435,133716,-23291,-393,126453,105,19230,430,1,1998,0.0010000000000047748
78227000,-3182,2103,131735,-6327,2705,125005,137,19222,561,1,1999,0.000999999999990564
78228002,-6775,-5682,129060,5328,-10905,133053,112,19232,459,1,2000,0.0010019999999997253
78229001,-3604,-322,128263,-11221,-2732,123274,96,19225,393,1,2001,0.0009990000000072996
78230000,620,-6112,128807,-16107,-7223,129856,138,19225,393,0,2002,0.0009989999999930887
78231000,6081,-821,130585,11888,-7570,128394,105,19233,565,0,2003,0.0010000000000047748
78232000,-5039,3917,130656,-3399,5010,129800,105,19229,430,0,2004,0.0010000000000047748
78233000,-10956,5060,131574,-23165,-316,126129,112,19221,459,1,2005,0.000999999999990564
78234000,-7315,7075,129103,-11339,6048,128046,120,19228,491,1,2006,0.0010000000000047748
78235000,-8108,6445,130086,-3689,3942,137254,106,19231,434,1,2007,0.0010000000000047748
78236000,-291,2366,127413,-9906,-3057,115561,114,19231,434,0,2008,0.000999999999990564
78237000,-4879,-3736,126141,-8689,-9471,132898,93,19217,467,0,2009,0.0010000000000047748
78238001,-3773,1905,127601,-1724,-326,123562,93,19233,381,0,2010,0.00100100000000225
78239000,-3355,5986,126340,-12022,4770,123111,103,19227,422,0,2011,0.0009989999999930887
78240000,-8749,8349,129310,-9244,7004,130899,130,19224,532,1,2012,0.0010000000000047748
78241000,-5624,11004,127558,-9243,4860,120299,116,19229,475,1,2013,0.0010000000000047748
78242002,-1450,2116,126517,-4119,349,132542,101,19229,414,1,2014,0.0010019999999997253
78243002,2164,-703,125099,-320,-4494,121515,135,19226,414,0,2015,0.000999999999990564
78244000,3178,-4379,123825,-4070,-10940,128265,109,19235,553,0,2016,0.0009980000000098244
78245001,-117,3378,126360,-2296,249,120737,109,19232,446,0,2017,0.00100100000000225
78246001,-866,11831,125835,-5335,10012,123258,111,19227,455,1,2018,0.000999999999990564
78247000,-7218,9055,127095,2535,5843,134595,139,19228,569,1,2019,0.0009990000000072996
78248000,-619,13846,123627,-9646,12068,111683,105,19228,430,1,2020,0.000999999999990564
78249000,8110,4265,125056,4525,-2755,130860,105,19235,430,0,2021,0.0010000000000047748
78250000,10083,7104,124047,16174,2108,118433,91,19228,430,0,2022,0.0010000000000047748
78251000,10376,-10223,123277,1828,-14988,130510,91,19227,373,0,2023,0.000999999999990564
78252000,1985,-3580,128127,1746,-5471,129192,113,19225,463,0,2024,0.0010000000000047748
78253000,5020,7381,127284,4502,4848,118823,129,19227,528,1,2025,0.0010000000000047748
78254000,1511,7853,129942,2031,4774,125924,113,19227,463,1,2026,0.000999999999990564
78255000,6497,6320,124902,4239,2497,124409,98,19229,463,1,2027,0.0010000000000047748
78256000,10392,-3185,124823,4690,-6445,129635,139,19229,401,0,2028,0.0010000000000047748
78257000,10211,2042,127730,9231,-1727,122533,139,19231,569,0,2029,0.000999999999990564
78258000,8621,-15295,126933,11750,-20709,132740,104,19231,426,0,2030,0.0010000000000047748
78259000,3446,8460,132363,2839,6304,128678,104,19227,426,1,2031,0.0010000000000047748
78260000,236,8479,128918,-8954,5189,122383,130,19228,532,1,2032,0.000999999999990564
78261000,-1197,7829,132165,8432,4429,132138,109,19228,532,1,2033,0.0010000000000047748
78262001,3472,-361,126873,2016,-4310,124005,105,19231,446,1,2034,0.00100100000000225
78263000,9570,-12637,126136,-6037,-15663,129068,105,19221,430,0,2035,0.0009989999999930887
78264000,10198,-6890,131614,17577,-9054,130677,116,19230,475,0,2036,0.0010000000000047748
78265000,1554,-5643,126882,7737,-10077,129902,105,19231,430,0,2037,0.0010000000000047748
78266000,873,12174,132321,-30937,9061,124198,117,19221,479,1,2038,0.000999999999990564
78267000,-8483,8825,132871,5300,6511,127610,109,19221,479,1,2039,0.0010000000000047748
78268000,-3407,350,128941,5390,-1629,132856,96,19229,446,1,2040,0.0010000000000047748
78269000,-4032,-4297,129412,-25528,-6618,127414,96,19233,393,0,2041,0.000999999999990564
78270000,1614,-13055,130455,-2535,-18313,135660,128,19228,524,0,2042,0.0010000000000047748
78271000,1338,16954,131351,11453,16614,118125,103,19227,422,0,2043,0.0010000000000047748
78272001,-8378,-2110,129521,-18233,-6061,132177,113,19228,463,0,2044,0.00100100000000225
78273008,-6005,2665,132096,-16219,-2402,134434,151,19228,463,1,2045,0.0010069999999871015
78274002,-12002,8634,128802,-1846,3957,121005,112,19228,618,1,2046,0.0009940000000057125
78275000,-2506,17239,132488,-12194,17301,125580,112,19234,459,1,2047,0.0009979999999956135
78276000,-5890,-5339,127300,-9652,-2342,135913,99,19225,405,0,2048,0.0010000000000047748
78277001,-2107,-8032,124525,-7020,-13270,127549,150,19232,614,0,2049,0.00100100000000225
78278001,588,11893,128730,-4962,6618,121174,104,19230,426,0,2050,0.0010000000000047748
78279000,-6815,7734,127458,-4952,3233,123601,115,19230,426,1,2051,0.0009989999999930887
78280000,-5738,9680,128549,-10523,5146,130049,112,19220,471,1,2052,0.0010000000000047748
78281000,-6299,-3861,126627,-16304,-3612,129574,112,19232,459,1,2053,0.000999999999990564
78282000,2212,10582,128182,-1547,21684,115511,102,19226,418,1,2054,0.0010000000000047748
78283000,-949,-32,123718,3833,-12152,128428,120,19228,491,0,2055,0.0010000000000047748
78284000,3628,-13931,121522,-7610,-16721,132716,100,19230,410,0,2056,0.000999999999990564
78285000,842,4817,126469,311,4939,127814,109,19230,446,0,2057,0.0010000000000047748
78286000,-3412,18267,125190,-1723,15244,115767,145,19227,446,1,2058,0.0010000000000047748
78287000,-2023,22193,129277,-7245,15165,120850,111,19226,594,1,2059,0.000999999999990564
78288007,1900,-6424,123209,-1796,-11478,135125,111,19232,455,1,2060,0.0010070000000013124
78289000,9603,8812,125964,12606,2201,121072,93,19227,381,0,2061,0.0009930000000082373
78290000,5972,9094,124908,5074,2241,119342,108,19227,442,0,2062,0.000999999999990564
78291000,10336,-7100,125534,4777,-8450,129137,113,19227,463,0,2063,0.0010000000000047748
78292000,2750,-8269,126508,9931,-11240,131895,117,19228,463,0,2064,0.0010000000000047748
78293000,1725,5627,127242,-7739,6818,123450,117,19224,479,1,2065,0.000999999999990564
78294002,5816,22611,128592,4887,22339,115071,117,19229,479,1,2066,0.0010019999999997253
78295001,8599,4241,126983,11251,-1537,127638,99,19231,405,1,2067,0.0009990000000072996
78296000,14424,-10073,123755,1606,-13461,128291,112,19221,459,0,2068,0.0009989999999930887
78297001,7624,-5384,128249,12863,-11302,132907,100,19221,410,0,2069,0.00100100000000225
78298000,5273,-5857,128509,8267,-9209,127829,109,19230,410,0,2070,0.0009990000000072996
78299000,3766,11158,132625,-9332,9394,127418,131,19230,446,1,2071,0.000999999999990564
78300000,-1542,5230,131255,3150,973,128233,131,19229,537,1,2072,0.0010000000000047748
78301000,2186,12521,128969,4954,9034,121808,114,19233,467,1,2073,0.0010000000000047748
78302000,3998,1514,127588,-1559,-3083,129646,100,19228,410,1,2074,0.000999999999990564
78303000,11852,-11090,126861,6407,-13657,127419,158,19232,647,0,2075,0.0010000000000047748
78304000,6893,-251,131143,13081,-4682,131120,103,19232,647,0,2076,0.0010000000000047748
78305000,3407,-8031,130331,-10304,-11254,129632,104,19233,422,0,2077,0.000999999999990564
78306000,-432,15223,135149,-13330,12768,123283,104,19225,426,1,2078,0.0010000000000047748
78307002,-9569,1163,130805,5478,-1512,137232,130,19236,532,1,2079,0.0010019999999997253
78308000,-5360,2358,129905,-13240,-234,123523,102,19233,418,1,2080,0.0009979999999956135
78309000,1264,-2531,129310,-16018,-6787,131232,110,19222,451,0,2081,0.0010000000000047748
78310000,858,2636,127544,11428,-2662,128832,86,19222,451,0,2082,0.0010000000000047748
78311000,-689,2087,130417,-8549,-696,124893,106,19229,352,0,2083,0.000999999999990564
78312003,-7200,-2129,132153,-17220,-5682,135479,106,19227,434,1,2084,0.0010029999999972006
78313000,-7821,9669,130654,-5802,4698,129710,131,19220,537,1,2085,0.0009970000000123491
78314000,-10114,8636,129033,-13398,4553,125657,116,19230,475,1,2086,0.000999999999990564
78315000,-3040,11981,130105,-11464,9803,125399,98,19230,401,1,2087,0.0010000000000047748
78316000,-772,-6971,124834,-6047,-9582,131856,143,19230,401,0,2088,0.0010000000000047748
78317000,-571,-8931,128103,-511,-13206,130850,100,19222,586,0,2089,0.000999999999990564
78318000,-2541,6720,129260,-14400,4745,124875,100,19230,410,0,2090,0.0010000000000047748
78319001,-5045,15819,127619,-10720,10207,117611,103,19230,422,1,2091,0.00100100000000225
78320000,-7252,4782,128094,-5070,-903,130200,131,19228,537,1,2092,0.0009989999999930887
78321000,-9361,1020,124539,-10511,-7054,128430,111,19229,455,1,2093,0.0010000000000047748
78322000,-37,13577,127582,-10360,12806,127519,107,19229,455,0,2094,0.0010000000000047748
78323000,858,-1860,124416,246,-6990,121731,90,19220,438,0,2095,0.000999999999990564
78324001,3550,3129,126464,-1665,2555,127540,90,19226,369,0,2096,0.00100100000000225
78325001,320,-11272,123864,-949,-17431,132331,108,19229,442,0,2097,0.0010000000000047748
78326001,-3906,14705,126547,-339,17553,114644,125,19221,512,1,2098,0.000999999999990564
78327000,256,10030,127360,-12303,1649,130997,113,19229,463,1,2099,0.0009990000000072996
78328000,3802,7062,123219,5674,5752,117144,97,19229,463,1,2100,0.0010000000000047748
78329000,7766,1916,124534,7606,-1831,133922,134,19233,397,0,2101,0.000999999999990564
78330000,9264,-6883,122257,-3080,-9225,115681,134,19233,549,0,2102,0.0010000000000047748
78331000,8709,2632,125132,10488,-8768,126415,103,19224,422,0,2103,0.0010000000000047748
78332000,3385,-682,127812,-547,-1140,129263,107,19227,438,1,2104,0.000999999999990564
78333000,660,12465,129812,-4301,9610,117916,133,19226,545,1,2105,0.0010000000000047748
78334002,2744,3320,126690,8958,5120,138815,109,19226,446,1,2106,0.0010019999999997253
78335001,8237,6436,123887,8028,6389,116039,98,19232,446,1,2107,0.0009989999999930887
78336002,11497,-886,126312,1301,-5904,129200,105,19223,401,0,2108,0.00100100000000225
78337000,11824,-3024,126782,13959,-6786,126894,105,19228,430,0,2109,0.0009980000000098244
78338000,6584,-7822,128160,3096,-11073,132667,101,19228,414,0,2110,0.000999999999990564
78339000,2912,6305,131927,-3760,7248,127545,112,19227,459,1,2111,0.0010000000000047748
78340000,-686,12642,129194,3909,7204,125443,109,19227,446,1,2112,0.0010000000000047748
78341000,2464,3701,131284,1676,-570,136900,100,19232,446,1,2113,0.000999999999990564
78342000,6799,-1279,126490,-904,-7418,121108,130,19228,410,0,2114,0.0010000000000047748
78343000,10008,-13193,129249,3398,-14647,139280,130,19220,532,0,2115,0.0010000000000047748
78344000,8110,2879,129313,18980,-328,121236,102,19230,418,0,2116,0.000999999999990564
78345000,-3056,-7858,128231,-8628,-13166,138228,103,19226,422,0,2117,0.0010000000000047748
78346000,-1309,10643,132980,-24830,10126,121124,148,19227,606,1,2118,0.000999999999990564
78347000,-6080,11567,133489,8066,7651,125932,109,19227,606,1,2119,0.0010000000000047748
78348000,-984,-7522,128719,3001,-12328,135454,99,19229,446,1,2120,0.0010000000000047748
78349000,-3432,-9382,128591,-23575,-14057,127638,99,19225,405,0,2121,0.000999999999990564
78350000,2204,-8236,129361,-56,-13283,137439,126,19227,516,0,2122,0.0010000000000047748
78351000,-2316,16803,131508,6931,14800,114553,113,19227,463,0,2123,0.0010000000000047748
78352000,-8327,-1229,131854,-22630,-6044,133443,121,19222,496,1,2124,0.000999999999990564
78353000,-8246,2633,131446,-13147,428,130910,110,19222,496,1,2125,0.0010000000000047748
78354000,-9550,5621,127659,-4167,2076,131084,104,19232,451,1,2126,0.0010000000000047748
78355002,-2528,11973,131409,-7443,8616,123473,104,19230,426,1,2127,0.0010019999999997253
78356002,-2148,-1827,127302,-4598,-3818,123264,125,19217,512,0,2128,0.000999999999990564
78357000,-2794,-11117,124439,-8805,-16346,142652,94,19235,385,0,2129,0.0009980000000098244
78358000,-3290,11355,129385,-7915,7693,116443,102,19231,418,0,2130,0.000999999999990564
78359000,-5225,10417,127295,-7318,7641,124287,139,19231,418,1,2131,0.0010000000000047748
78360000,-4452,10591,127077,-5536,5841,125423,117,19233,569,1,2132,0.0010000000000047748
78361000,-4789,-3899,126708,-11501,-5734,130158,117,19227,479,1,2133,0.000999999999990564
78362000,1323,8187,126882,-428,5775,126009,102,19227,418,0,2134,0.0010000000000047748
78363000,-708,2995,124383,-3115,2243,118400,114,19237,467,0,2135,0.0010000000000047748
78364000,-1066,-5802,126254,-7861,-7023,128405,109,19228,446,0,2136,0.000999999999990564
78365000,-392,1827,125408,-1411,-843,125360,113,19228,446,0,2137,0.0010000000000047748
78366000,-4645,10340,125666,-6733,7117,125433,138,19221,463,1,2138,0.0010000000000047748
78367000,-2365,15524,126381,1321,9848,122544,138,19231,565,1,2139,0.000999999999990564
78368000,6803,7103,124266,-558,5919,120085,104,19234,426,1,2140,0.0010000000000047748
78369000,11299,-4223,122463,8007,-6847,129147,110,19229,451,0,2141,0.0010000000000047748
78370000,11071,-11647,122596,9236,-10066,126276,97,19230,397,0,2142,0.000999999999990564
78371000,8154,-3027,125296,5717,-5363,127031,113,19230,397,0,2143,0.0010000000000047748
78372000,2332,5247,127479,9428,714,128795,137,19227,463,1,2144,0.0010000000000047748
78373000,-537,5914,128212,-3031,5376,124249,137,19225,561,1,2145,0.000999999999990564
78374000,4228,12602,128669,-1247,7041,123924,112,19230,459,1,2146,0.0010000000000047748
78375000,6677,5716,125027,9338,-3171,124518,96,19228,393,0,2147,0.0010000000000047748
78376000,10917,3570,126909,3035,2900,125124,149,19231,610,0,2148,0.000999999999990564
78377000,10416,-15712,125295,16518,-20384,130790,102,19231,418,0,2149,0.0010000000000047748
78378000,6051,-9055,129241,-5861,-10613,134663,108,19231,418,0,2150,0.0010000000000047748
78379001,1223,7760,129888,949,10947,125202,124,19224,442,1,2151,0.00100100000000225
78380000,-1140,16901,131632,180,13951,123890,124,19229,508,1,2152,0.0009989999999930887
78381000,426,875,127273,-5119,-5582,131408,108,19231,442,1,2153,0.0010000000000047748
78382000,9013,-11792,125031,2937,-16616,132363,108,19221,442,0,2154,0.000999999999990564
78383000,10657,-4942,129895,24657,-6981,127911,98,19221,401,0,2155,0.0010000000000047748
78384002,7223,-6004,128806,-2128,-9408,127686,105,19226,401,0,2156,0.0010019999999997253
78385010,2945,10327,134708,-19371,10261,129111,128,19229,430,0,2157,0.0010079999999987876
78386000,-7997,3048,130939,7025,-666,133125,128,19220,524,1,2158,0.0009900000000016007
78387000,-10408,3066,129997,-6459,-723,127029,114,19227,467,1,2159,0.0010000000000047748
78388000,-3812,7738,129874,-18792,2212,123617,95,19229,389,1,2160,0.000999999999990564
78389000,-16,-3867,129757,4348,-5989,132396,136,19229,557,0,2161,0.0010000000000047748
78390000,9614,-1007,130548,546,-4941,125976,104,19231,557,0,2162,0.0010000000000047748
78391000,-5862,4372,131945,-9517,599,127148,114,19229,426,0,2163,0.000999999999990564
78392000,-8157,3626,129802,-15526,1481,128455,114,19222,467,1,2164,0.0010000000000047748
78393001,-9046,5581,132410,-11167,2236,134205,138,19226,565,1,2165,0.00100100000000225
78394000,-9446,10528,129876,-8358,8145,125964,113,19229,463,1,2166,0.0009989999999930887
78395000,-2513,7604,129332,-13127,4802,122565,105,19223,430,1,2167,0.0010000000000047748
78396000,-4148,-2134,127325,-1794,-5995,129717,130,19223,430,0,2168,0.0010000000000047748
78397001,2596,-1633,124543,-6044,-4653,130419,104,19233,532,0,2169,0.00100100000000225
78398000,-3935,8845,126047,-12262,6213,124053,104,19233,426,0,2170,0.0009989999999930887
78399001,-4623,17254,131684,-8161,14169,122098,120,19222,491,1,2171,0.00100100000000225
78400001,-6405,11985,125683,-10293,9304,122719,114,19228,467,1,2172,0.0010000000000047748
78401002,-4818,-570,127519,-8328,-3374,130959,103,19230,422,1,2173,0.0010009999999880392
78402002,1948,-4405,124396,-1829,-7870,126842,131,19230,422,0,2174,0.0010000000000047748
78403002,1189,9251,124950,-1393,8179,115254,111,19230,537,0,2175,0.0010000000000047748
78404001,3353,5942,125226,-1919,3486,126497,111,19228,455,0,2176,0.0009989999999930887
78405000,-1982,1530,125861,-2171,-723,125729,111,19224,455,1,2177,0.0009990000000072996
78406000,-4176,11646,127184,-6911,8409,127848,155,19229,635,1,2178,0.000999999999990564
78407000,-1022,17584,126557,-3347,12853,120270,111,19232,455,1,2179,0.0010000000000047748
78408000,6244,4475,125193,4341,1974,122255,99,19232,455,0,2180,0.0010000000000047748
78409000,8774,1628,123006,3239,-4474,125984,99,19220,405,0,2181,0.000999999999990564
78410000,8265,-7577,123293,6644,-10223,127931,99,19227,405,0,2182,0.0010000000000047748
78411000,5448,-9943,125993,11681,-15321,130946,116,19227,475,0,2183,0.0010000000000047748
78412000,3477,15005,129112,-8151,12879,117676,122,19220,500,1,2184,0.000999999999990564
78413000,4343,9647,128170,452,9737,126722,111,19229,455,1,2185,0.0010000000000047748
78414000,7319,5135,125974,12404,1684,125106,101,19229,455,1,2186,0.0010000000000047748
78415000,7864,-2031,125364,1802,113,124952,124,19229,414,0,2187,0.000999999999990564
78416002,9372,1801,128260,681,439,130620,124,19224,508,0,2188,0.0010019999999997253
78417001,8280,-12687,127539,17006,-15763,133493,96,19232,393,0,2189,0.0009990000000072996
78418000,3547,-47,130206,1495,-6870,126833,98,19227,401,0,2190,0.0009989999999930887
78419000,-355,7144,130081,-7606,2930,125925,135,19228,553,1,2191,0.0010000000000047748
78420000,-63,12231,131088,4883,13817,122755,113,19228,463,1,2192,0.0010000000000047748
78421000,4646,5470,128354,3926,-1808,133267,100,19231,463,1,2193,0.000999999999990564
78422000,11429,-11552,125459,-3225,-14103,128550,136,19227,410,0,2194,0.0010000000000047748
78423000,8812,-5531,129622,13469,-1247,128434,136,19236,557,0,2195,0.0010000000000047748
78424000,4919,-9705,128344,8402,-16487,127012,101,19232,414,0,2196,0.000999999999990564
78425000,96,5733,133185,-16152,4066,131014,109,19222,446,1,2197,0.0010000000000047748
78426000,-5366,5021,133672,514,2777,133161,121,19222,496,1,2198,0.0010000000000047748
78427002,-8245,6577,128998,-5382,5322,120650,101,19229,496,1,2199,0.0010019999999997253
78428002,682,-724,129722,-17720,-7101,132763,113,19231,414,0,2200,0.000999999999990564
78429000,-1641,-9221,127823,6990,-11573,131553,113,19223,463,0,2201,0.0009980000000098244
78430000,3175,-4007,130131,-3649,-2772,128332,102,19228,418,0,2202,0.000999999999990564
78431000,-6479,7756,132540,-17504,5219,125970,110,19229,451,0,2203,0.0010000000000047748
78432000,-6225,1490,129605,-9621,-1954,131004,141,19229,577,1,2204,0.0010000000000047748
78433000,-7649,4457,130110,-10159,4849,128723,114,19224,577,1,2205,0.000999999999990564
78434000,-6333,8417,130358,-11593,5344,125894,99,19231,467,1,2206,0.0010000000000047748
78435000,-3143,3465,128699,-13399,-537,132741,99,19228,405,0,2207,0.0010000000000047748
78436001,-2111,-2490,125748,-96,-5070,123514,162,19232,664,0,2208,0.0010009999999880392
78437000,-759,-5796,126787,-4721,-9610,129478,101,19228,414,0,2209,0.0009990000000072996
78438000,-4802,10345,129249,-13895,6901,121826,107,19223,438,1,2210,0.0010000000000047748
78439000,-7923,6506,127133,-7567,1591,131289,125,19223,438,1,2211,0.000999999999990564
78440000,-8021,13250,129653,-9308,12222,121717,105,19231,512,1,2212,0.0010000000000047748
78441000,-2565,14712,126985,-8740,10048,117998,105,19232,430,1,2213,0.0010000000000047748
78442000,1947,-4263,124847,2962,-6621,131828,112,19225,459,0,2214,0.000999999999990564
78443000,3447,-14141,120156,-3661,-17663,124921,92,19228,377,0,2215,0.0010000000000047748
78444000,1560,2583,126424,-3330,-809,131125,108,19223,442,0,2216,0.0010000000000047748
78445000,-148,22271,126276,71,19919,111453,130,19223,442,1,2217,0.000999999999990564
78446002,-4651,785,127173,-5825,-1860,128578,112,19222,532,1,2218,0.0010019999999997253
78447002,3322,3174,126034,-2719,157,132231,112,19230,459,1,2219,0.0010000000000047748
78448000,4995,14721,122995,5422,11479,116269,93,19230,381,0,2220,0.0009979999999956135
78449000,7033,5119,125331,7608,201,124189,120,19231,491,0,2221,0.0010000000000047748
78450001,10075,-13712,124529,6234,-16270,128797,109,19226,446,0,2222,0.00100100000000225
78451000,4941,-2848,125710,-221,-8243,136248,111,19226,446,0,2223,0.0009989999999930887
78452000,2947,12762,128893,6315,7408,119643,122,19224,455,1,2224,0.0010000000000047748
78453000,3496,12132,127530,3628,8899,118568,122,19229,500,1,2225,0.0010000000000047748
78454000,9729,4365,125538,1457,1387,133391,105,19232,430,1,2226,0.000999999999990564
78455000,12417,-2384,124929,7152,-7309,126426,106,19219,434,0,2227,0.0010000000000047748
78456000,13390,1835,128422,13374,-1238,125329,86,19232,352,0,2228,0.0010000000000047748
78457000,4205,-9783,126052,12346,-12508,128703,107,19232,352,0,2229,0.000999999999990564
78458000,4451,166,131859,-12080,-2875,125984,121,19228,438,1,2230,0.0010000000000047748
78459000,-661,2548,130043,2710,-1895,137710,121,19221,496,1,2231,0.0010000000000047748
78460000,-862,26982,130476,8513,21138,115471,112,19231,459,1,2232,0.000999999999990564
78461000,3546,5807,130110,-8721,1411,137645,98,19228,401,1,2233,0.0010000000000047748
78462002,11376,-25365,125203,6079,-29515,126090,145,19229,594,0,2234,0.0010019999999997253
78463000,12933,4449,131943,19934,-3114,133574,107,19229,594,0,2235,0.0009979999999956135
78464000,-1576,-3974,129919,-4612,-8308,122081,105,19228,438,0,2236,0.0010000000000047748
78465000,2236,14219,133303,-13534,8601,127376,105,19225,430,1,2237,0.0010000000000047748
78466000,-5411,-1663,131064,-4039,-5158,141790,141,19231,577,1,2238,0.000999999999990564
78467000,-7761,-2266,127869,1760,-1099,120118,104,19237,426,1,2239,0.0010000000000047748
78468000,2604,2881,131630,-19807,-2756,129116,105,19222,430,0,2240,0.0010000000000047748
78469000,-1556,-375,128146,137,-5652,129413,109,19222,446,0,2241,0.000999999999990564
78470003,4361,7336,130080,3838,9071,130370,114,19228,446,0,2242,0.0010029999999972006
78471000,-10223,-5837,130381,-16908,-7040,131208,127,19229,467,0,2243,0.0009969999999981383
78472000,-6151,3840,131394,-9965,7087,127392,127,19221,520,1,2244,0.0010000000000047748
78473000,-12324,11448,130410,-7585,5438,131204,116,19232,475,1,2245,0.0010000000000047748
78474000,-2794,-82,128380,-13700,3982,124471,104,19231,426,1,2246,0.000999999999990564
78475000,-2705,7242,128224,-6087,453,127004,133,19231,545,0,2247,0.0010000000000047748
78476000,-3781,-10524,124585,-1244,-13871,130532,104,19221,545,0,2248,0.0010000000000047748
78477000,-2077,-245,128812,-6694,1147,122768,104,19235,426,0,2249,0.000999999999990564
78478000,-8593,3794,130354,-15688,-3681,129937,104,19226,426,1,2250,0.0010000000000047748
78479000,-6281,10219,126152,-567,7091,124146,145,19229,594,1,2251,0.0010000000000047748
78480000,-10856,5665,128894,-8085,305,127848,115,19231,471,1,2252,0.000999999999990564
78481000,-983,4691,125544,-14776,704,121684,103,19231,422,0,2253,0.0010000000000047748
78482000,2151,11117,125627,12494,7559,121790,98,19226,422,0,2254,0.0010000000000047748
78483000,-511,-6896,122314,-5695,-7921,129434,109,19231,401,0,2255,0.000999999999990564
78484000,3022,6293,127643,-9334,4009,122727,109,19226,446,0,2256,0.0010000000000047748
78485000,-4310,9408,126351,4235,4965,128843,120,19225,491,1,2257,0.0010000000000047748
78486000,-587,8351,125535,-2459,6611,121025,121,19228,496,1,2258,0.000999999999990564
78487000,2892,6568,125986,-4041,1131,124972,98,19232,401,1,2259,0.0010000000000047748
78488000,10531,2195,124748,6406,-658,119812,118,19232,401,0,2260,0.0010000000000047748
78489000,9873,4553,124299,11485,-1852,125035,102,19229,483,0,2261,0.000999999999990564
78490000,2239,-8950,125433,3718,-12262,128338,102,19226,418,0,2262,0.0010000000000047748
78491001,7002,-1135,125763,819,-4503,127411,112,19224,459,1,2263,0.00100100000000225
78492002,-1561,6347,130094,1101,4175,126519,148,19231,606,1,2264,0.00100100000000225
78493000,4984,10907,128394,2458,7105,120571,113,19230,463,1,2265,0.0009979999999956135
78494000,7777,8420,125574,6178,5915,122679,95,19230,463,1,2266,0.0010000000000047748
78495000,9448,-4701,124155,2061,-8030,125519,132,19224,389,0,2267,0.000999999999990564
78496000,13270,-16821,124682,18309,-22143,131132,132,19233,541,0,2268,0.0010000000000047748
78497000,4560,-2816,127958,9979,-6387,125346,111,19229,455,0,2269,0.0010000000000047748
78498002,4756,7796,129166,-13606,4374,128652,112,19222,459,1,2270,0.0010019999999997253
78499002,-2009,13408,131190,4818,9708,125578,112,19227,459,1,2271,0.000999999999990564
78500000,1561,4799,129514,6706,2292,127351,103,19227,459,1,2272,0.0009980000000098244
78501000,5544,-3185,127791,-6825,-7866,130661,118,19230,422,0,2273,0.000999999999990564
78502000,9196,-8072,128726,3759,-9974,127509,118,19220,483,0,2274,0.0010000000000047748
78503000,8453,-1537,129405,22722,-7839,130996,93,19232,381,0,2275,0.0010000000000047748
78504003,-2908,-5123,128782,-7339,-7180,130434,100,19228,410,0,2276,0.0010029999999972006
78505000,-40,-1099,133311,-25185,-7764,128006,132,19220,541,1,2277,0.0009969999999981383
78506000,-6340,16901,132525,9607,20865,121155,113,19220,541,1,2278,0.0010000000000047748
78507000,-1126,-8717,127800,-3455,-6940,131027,97,19230,463,1,2279,0.000999999999990564
78508000,-2922,-13221,129242,-14112,-18241,133004,97,19230,397,0,2280,0.0010000000000047748
78509000,1902,1203,129878,-5708,-8997,128103,134,19232,549,0,2281,0.0010000000000047748
78510000,-2258,11996,130394,5521,7154,127703,106,19228,434,0,2282,0.000999999999990564
78511000,-7505,5931,132932,-14703,4931,130111,109,19226,446,1,2283,0.0010000000000047748
78512000,-11379,803,128878,-19766,-1391,134474,125,19226,512,1,2284,0.0010000000000047748
78513000,-9573,8295,130127,-8959,-54,122721,107,19230,512,1,2285,0.000999999999990564
78514000,-2995,17261,130776,-6688,5874,120707,111,19230,438,1,2286,0.0010000000000047748
78515000,-505,-8794,125126,-4852,-14542,136245,111,19215,455,0,2287,0.0010000000000047748
78516000,-3236,-6625,125975,-8958,-3402,124724,104,19230,426,0,2288,0.000999999999990564
78517000,-1712,13147,128591,-4285,15389,120487,97,19227,397,0,2289,0.0010000000000047748
78518000,-3132,10809,127225,-7301,6275,122191,125,19227,512,1,2290,0.0010000000000047748
78519000,-7927,516,129388,-11134,-7385,134532,117,19224,512,1,2291,0.000999999999990564
78520000,-1333,1471,126795,-13308,2168,125439,100,19231,479,1,2292,0.0010000000000047748
78521000,-965,11885,128169,2633,10389,118613,100,19229,410,0,2293,0.0010000000000047748
78522000,-801,-1281,124709,264,-10311,129264,130,19230,532,0,2294,0.000999999999990564
78523000,-779,973,124474,-5786,-6743,121580,104,19229,426,0,2295,0.0010000000000047748
78524000,-2555,3545,126367,-3239,3707,129482,109,19229,446,0,2296,0.0010000000000047748
78525001,-1341,19064,130429,-1179,15796,115183,149,19223,446,1,2297,0.00100100000000225
78526000,-1820,14665,125479,-3975,9159,125044,105,19230,610,1,2298,0.0009989999999930887
78527000,5491,-2058,123955,-1060,-6809,130862,105,19235,430,1,2299,0.0010000000000047748
78528000,9321,-154,122773,8657,-2937,121987,101,19222,414,0,2300,0.000999999999990564
78529000,11099,5680,124165,6010,2461,124252,86,19231,352,0,2301,0.0010000000000047748
78530000,7473,-2434,124219,7892,-3759,123218,110,19227,451,0,2302,0.0010000000000047748
78531000,4063,-7724,126568,-3541,-13037,132339,129,19227,451,1,2303,0.000999999999990564
78532001,4180,13493,129373,2041,8841,118960,111,19223,528,1,2304,0.00100100000000225
78533001,4919,14975,126885,9078,12320,123215,111,19232,455,1,2305,0.0010000000000047748
78534001,7353,3478,127376,5492,368,123923,96,19232,393,1,2306,0.0010000000000047748
78535000,9742,-441,126354,-218,-4920,123901,136,19226,557,0,2307,0.0009989999999930887
78536000,10297,-14756,126097,14220,-18570,140763,102,19233,418,0,2308,0.0010000000000047748
78537000,3342,2194,130368,6530,-32,119237,103,19233,418,0,2309,0.000999999999990564
78538000,2497,9048,130146,-12263,5407,130364,129,19222,422,1,2310,0.0010000000000047748
78539000,1113,13726,130077,5373,10570,122510,129,19232,528,1,2311,0.0010000000000047748
78540000,3575,-9283,127060,7319,-14410,132292,109,19229,446,1,2312,0.000999999999990564
78541000,8262,-4912,128444,-8655,-6950,125090,101,19226,414,0,2313,0.0010000000000047748
78542001,6962,600,128524,13212,-1225,121148,113,19227,463,0,2314,0.00100100000000225
78543000,4480,-14302,128347,10182,-18986,140551,105,19227,463,0,2315,0.0009989999999930887
78544001,633,-3212,132009,-19604,-6424,123047,117,19232,430,0,2316,0.00100100000000225
78545000,-5853,6365,132267,-6733,2755,135699,117,19218,479,1,2317,0.0009990000000072996
78546002,-7594,15713,132694,6970,12104,119715,106,19231,434,1,2318,0.0010019999999997253
78547000,-2502,-5322,127737,-18347,-7940,129729,95,19229,389,1,2319,0.0009979999999956135
78548000,2966,-9306,127091,-6168,-15802,139782,125,19224,512,0,2320,0.0010000000000047748
78549000,2661,2572,128306,9720,-2469,121631,109,19224,512,0,2321,0.000999999999990564
78550000,-4761,9536,132746,-12112,4510,127804,113,19230,446,0,2322,0.0010000000000047748
78551000,-5810,679,130118,-15492,-2139,130165,113,19225,463,1,2323,0.0010000000000047748
78552000,-9420,358,130056,-8665,-2696,132954,150,19228,614,1,2324,0.000999999999990564
78553000,-7876,11710,130138,-10964,7898,126006,113,19231,463,1,2325,0.0010000000000047748
78554000,-3372,12314,130528,-9148,13351,121468,99,19225,405,1,2326,0.0010000000000047748
78555000,-3606,-6151,126392,-4052,-11604,137829,151,19225,618,0,2327,0.000999999999990564
78556000,-2159,-7435,127288,-3523,-12104,130149,102,19231,618,0,2328,0.0010000000000047748
78557000,-1512,6657,127836,-12654,-2674,119980,114,19227,418,0,2329,0.0010000000000047748
78558000,-4169,21038,130625,-8933,16750,121425,114,19220,467,1,2330,0.000999999999990564
78559000,-9343,2602,124492,2558,-4281,132100,111,19225,455,1,2331,0.0010000000000047748
78560000,-1416,5674,125415,-16834,-86,122915,102,19229,418,1,2332,0.0010000000000047748
78561002,727,-366,125102,-6370,1501,128928,121,19229,496,0,2333,0.0010019999999997253
78562000,7050,4757,125760,6357,928,119683,99,19228,496,0,2334,0.0009979999999956135
78563001,1778,-7327,123893,-500,-15435,134304,110,19228,405,0,2335,0.00100100000000225
78564000,-1171,5020,127822,-8436,5722,128467,110,19226,451,1,2336,0.0009989999999930887
78565000,-2839,16194,125522,-4786,15490,118284,143,19223,586,1,2337,0.0010000000000047748
78566000,318,16660,127410,2493,9933,124115,110,19229,451,1,2338,0.0010000000000047748
78567000,5910,8852,122410,2447,434,123157,93,19229,381,1,2339,0.000999999999990564
78568000,7353,-2421,122169,1476,-5236,128982,110,19226,381,0,2340,0.0010000000000047748
78569001,12424,-399,125932,12781,-3594,124920,112,19230,451,0,2341,0.00100100000000225
78570000,5920,-1452,127225,4823,-3007,124034,112,19227,459,0,2342,0.0009989999999930887
78571000,5193,3844,128700,-2736,1352,126446,117,19222,479,1,2343,0.0010000000000047748
78572000,733,5165,129059,1339,1870,127132,117,19228,479,1,2344,0.0010000000000047748
78573000,7442,6620,125360,5588,2203,129178,100,19231,410,1,2345,0.000999999999990564
78574000,9098,7637,126504,7562,3681,117791,113,19231,410,0,2346,0.0010000000000047748
78575000,7918,204,127668,2404,-5186,125894,90,19221,463,0,2347,0.0010000000000047748
78576000,11945,-13645,127556,15932,-17495,137982,90,19227,369,0,2348,0.000999999999990564
78577000,2879,6402,129476,-2577,6490,123222,104,19232,426,0,2349,0.0010000000000047748
78578000,2568,12173,131992,887,8454,134513,131,19229,537,1,2350,0.0010000000000047748
78579000,-1125,11858,130461,5086,7193,118067,113,19229,463,1,2351,0.000999999999990564
78580000,5682,1310,127726,-2895,-3453,133240,97,19229,463,1,2352,0.0010000000000047748
78581000,9968,-12243,128295,-312,-15598,131913,155,19228,397,0,2353,0.0010000000000047748
78582000,11209,-4372,129397,20244,-6148,122687,155,19233,635,0,2354,0.000999999999990564
78583000,4067,-6573,128742,3891,-11678,137662,103,19231,422,0,2355,0.0010000000000047748
78584000,-3106,4293,132121,-20901,3664,122033,109,19223,446,1,2356,0.0010000000000047748
78585000,-4943,9499,133328,-8420,6422,133416,130,19228,532,1,2357,0.000999999999990564
78586000,-8692,8100,130036,8029,4320,127739,103,19228,532,1,2358,0.0010000000000047748
78587000,-2430,-13721,128964,-20325,-17976,133869,106,19233,422,1,2359,0.0010000000000047748
78588000,298,-1841,130188,-6801,-5063,126159,106,19220,434,0,2360,0.000999999999990564
78589006,1313,-908,129613,3173,-3489,125609,97,19228,397,0,2361,0.0010060000000038372
78590007,-5115,192,132606,-5341,-3648,134915,114,19228,467,0,2362,0.00100100000000225
78591000,-11607,2620,129433,-18352,-251,125125,136,19224,557,1,2363,0.0009929999999940264
78592000,-6862,9462,131670,-13895,6238,134395,118,19224,483,1,2364,0.0010000000000047748
78593002,-8647,7620,128780,-4197,5012,122413,99,19229,483,1,2365,0.0010019999999997253
78594002,1629,1696,128687,-9549,-222,125036,99,19229,405,0,2366,0.0010000000000047748
78595000,-5536,-5691,123828,-8270,-8983,132649,146,19226,598,0,2367,0.0009979999999956135
78596001,-1382,2553,127572,-3777,-3093,124874,102,19229,418,0,2368,0.00100100000000225
78597000,-3459,8085,128885,-10913,5478,126714,105,19224,430,0,2369,0.0009989999999930887
78598000,-9160,8718,128195,-8759,5007,124085,134,19224,430,1,2370,0.0010000000000047748
78599000,-4794,4023,128400,-12136,-1037,130236,112,19228,549,1,2371,0.000999999999990564
78600000,-2824,4406,128443,-5700,4893,123622,112,19232,459,1,2372,0.0010000000000047748
78601000,2557,-533,124263,-1486,555,125234,107,19222,438,0,2373,0.0010000000000047748
78602000,-676,-3323,124042,403,-9974,126630,84,19231,344,0,2374,0.000999999999990564
78603000,2680,1881,124526,-5715,-3312,119141,109,19226,446,0,2375,0.0010000000000047748
78604002,-757,4417,126452,-817,4169,128735,125,19226,512,1,2376,0.0010019999999997253
78605000,-7310,5359,123530,-750,3013,123665,113,19220,512,1,2377,0.0009979999999956135
78606000,4444,14988,126896,-15146,12789,122380,95,19226,463,1,2378,0.0010000000000047748
78607000,5224,11200,124089,8335,10362,120092,95,19232,389,0,2379,0.0010000000000047748
78608000,11544,-4465,122957,12473,-12315,129142,132,19236,541,0,2380,0.000999999999990564
78609001,5640,-11455,125130,454,-13220,128669,108,19227,442,0,2381,0.00100100000000225
78610000,4209,614,126812,4736,-1945,125492,113,19227,463,0,2382,0.0009990000000072996
78611000,2731,18802,127772,5083,18711,116888,138,19224,463,1,2383,0.000999999999990564
78612003,1002,14877,129412,-2405,11451,125452,107,19228,565,1,2384,0.0010030000000114114
78613002,10087,-7409,124135,8160,-8651,132302,107,19232,438,1,2385,0.0009989999999930887
78614001,10137,3831,125639,8202,3938,117943,101,19223,414,0,2386,0.0009990000000072996
78615000,12235,-1155,127418,9058,-5911,131477,119,19232,487,0,2387,0.0009989999999930887
78616000,6718,-10358,126343,11195,-15988,129461,103,19232,422,0,2388,0.0010000000000047748
78617000,3709,-1066,130623,-6255,-2488,132850,114,19230,422,1,2389,0.000999999999990564
78618000,429,10164,132370,-2216,9452,127203,110,19223,467,1,2390,0.0010000000000047748
78619000,-2392,20335,131896,8412,12133,117515,110,19231,451,1,2391,0.0010000000000047748
78620000,5416,-339,128444,-5111,-8263,134027,100,19233,410,1,2392,0.000999999999990564
78621000,9004,-16697,125870,3607,-15536,133395,130,19223,532,0,2393,0.0010000000000047748
78622000,10361,-720,128723,20795,-5302,128129,100,19229,410,0,2394,0.0010000000000047748
78623001,2875,10212,129929,-10103,8731,122544,103,19229,410,0,2395,0.00100100000000225
78624001,1425,9969,133739,-19980,7436,124600,145,19227,422,1,2396,0.000999999999990564
78625000,-6709,-1753,133093,7878,-5567,133960,145,19228,594,1,2397,0.0009990000000072996
78626002,-6617,-1415,129099,-4222,-5928,127112,112,19236,459,1,2398,0.0010019999999997253
78627000,-937,-6704,128612,-19474,-11117,130319,99,19226,405,0,2399,0.0009979999999956135
78628000,109,1549,131685,1092,-2080,126097,118,19228,483,0,2400,0.0010000000000047748
78629000,1381,518,129091,4079,-2125,128076,109,19228,483,0,2401,0.000999999999990564
78630000,-8031,4627,132756,-15531,1493,127712,117,19226,446,0,2402,0.0010000000000047748
78631000,-8718,2598,129397,-13514,-353,127796,117,19222,479,1,2403,0.0010000000000047748
78632006,-10302,10019,129244,-7624,6969,129814,110,19232,451,1,2404,0.0010059999999896263
78633002,-5685,10991,130945,-14186,8539,123554,105,19232,430,1,2405,0.000996000000000663
78634000,-1732,-9779,127326,-3827,-14221,132938,122,19217,500,0,2406,0.0009980000000098244
78635000,-4089,-2229,126393,-7567,-4915,126460,93,19217,500,0,2407,0.000999999999990564
78636000,-338,1184,126267,-7263,-2469,126000,101,19234,381,0,2408,0.0010000000000047748
78637000,-5269,10506,129288,-7680,6616,126281,101,19227,414,1,2409,0.0010000000000047748
78638000,-7946,9217,128084,-12133,6554,120871,137,19228,561,1,2410,0.000999999999990564
78639002,-8403,4932,127109,-10251,1872,130801,117,19226,479,1,2411,0.0010019999999997253
78640002,-1355,9124,127203,-8646,7354,123617,101,19228,414,1,2412,0.0010000000000047748
78641000,1023,1620,124677,2400,-1633,124206,120,19228,414,0,2413,0.0009979999999956135
78642000,2080,-2037,124206,-973,-7795,131169,106,19233,491,0,2414,0.0010000000000047748
78643000,935,6832,125129,-8878,1466,120427,106,19230,434,0,2415,0.0010000000000047748
78644000,-1486,10236,126809,-778,7560,127258,112,19223,459,1,2416,0.000999999999990564
78645000,-464,5196,124867,-1060,567,123781,137,19231,561,1,2417,0.0010000000000047748
78646000,2928,4025,125148,783,-337,123931,101,19230,414,1,2418,0.0010000000000047748
78647000,10662,3542,124743,205,3335,122904,107,19230,438,0,2419,0.000999999999990564
78648000,9207,-2200,122851,10416,-2096,122050,102,19226,438,0,2420,0.0010000000000047748
78649002,5174,-3196,128034,7228,-2682,132345,113,19226,418,0,2421,0.0010019999999997253
78650000,1465,156,125998,-3001,-6733,124592,113,19229,463,1,2422,0.0009979999999956135
78651000,1621,14328,130633,1335,8390,124822,135,19226,553,1,2423,0.0010000000000047748
78652000,5037,12796,127088,7747,12036,119702,113,19233,463,1,2424,0.0010000000000047748
78653000,7293,-3916,124007,5905,-4585,129800,95,19233,389,1,2425,0.000999999999990564
78654000,11969,-1639,127146,4452,-7307,121855,150,19229,389,0,2426,0.0010000000000047748
78655000,12905,-1132,127419,7126,-2573,131710,103,19232,614,0,2427,0.0010000000000047748
78656001,5462,-7474,126458,15717,-6260,128035,103,19228,422,0,2428,0.00100100000000225
78657000,1931,2224,129787,-2941,-4470,126697,105,19228,430,1,2429,0.0009989999999930887
78658000,-199,14625,131690,-9339,5301,128014,119,19229,487,1,2430,0.0010000000000047748
78659000,3104,7357,126821,10606,3352,126142,107,19229,438,1,2431,0.000999999999990564
78660000,7585,417,129231,-6702,-6054,129217,109,19232,438,1,2432,0.0010000000000047748
78661000,10696,-1994,127687,6331,-7339,124197,96,19216,446,0,2433,0.0010000000000047748
78662000,5571,-7182,128422,16857,-11289,136303,96,19230,393,0,2434,0.000999999999990564
78663000,-331,-6043,132721,-14538,-5443,130455,104,19233,426,0,2435,0.0010000000000047748
78664000,-120,11792,133228,-14709,10269,125829,124,19220,508,1,2436,0.0010000000000047748
78665000,-6175,9715,133707,5733,5597,126675,111,19229,455,1,2437,0.000999999999990564
78666000,-2953,877,130020,-7290,-7093,127917,96,19229,455,1,2438,0.0010000000000047748
78667000,-203,-9431,128568,-13379,-16758,133070,141,19231,393,0,2439,0.0010000000000047748
78668001,-633,484,130187,4652,-3225,124348,141,19231,577,0,2440,0.0010009999999880392
78669000,-2498,8470,132163,-6049,5893,122100,106,19229,434,0,2441,0.0009990000000072996
78670000,-7250,-414,133594,-15050,-5852,136393,113,19224,463,1,2442,0.0010000000000047748
78671000,-11248,5301,129715,-14258,4268,127754,130,19226,532,1,2443,0.000999999999990564
78672000,-10569,6170,131111,-10771,2361,129905,111,19226,532,1,2444,0.0010000000000047748
78673000,-209,13390,130226,-6451,9042,121138,105,19230,455,1,2445,0.0010000000000047748
78674000,-3126,-8301,124560,-6610,-13080,137428,105,19222,430,0,2446,0.000999999999990564
78675000,-3872,-4414,126051,-7682,-5690,124454,136,19231,557,0,2447,0.0010000000000047748
78676000,350,11365,128045,-10291,8986,121996,103,19231,422,0,2448,0.0010000000000047748
78677001,-3728,4762,126918,-2288,882,131684,123,19223,504,1,2449,0.0010009999999880392
78678000,-5931,8567,127108,-9106,4714,124238,114,19223,504,1,2450,0.0009990000000072996
78679000,-4915,10880,126929,-16643,6865,124776,102,19227,467,1,2451,0.0010000000000047748
78680001,1606,8521,126782,3644,5354,121349,102,19227,418,0,2452,0.0010009999999880392
78681000,409,-9563,124419,330,-11952,128923,134,19230,549,0,2453,0.0009990000000072996
78682002,-434,-6964,123778,-4860,-11232,129592,105,19230,430,0,2454,0.0010019999999997253
78683000,-1080,13251,127338,-10401,10866,117876,109,19227,446,0,2455,0.0009979999999956135
78684000,-3018,12880,128806,3894,10365,129568,157,19227,446,1,2456,0.0010000000000047748
78685000,-839,13148,125870,41,9664,124342,112,19226,643,1,2457,0.0010000000000047748
78686000,2931,6734,124840,-7441,4012,126786,112,19233,459,1,2458,0.000999999999990564
78687000,8282,4207,123162,8450,-1731,121516,99,19224,405,0,2459,0.0010000000000047748
78688000,15963,447,123222,11168,-3086,120947,95,19236,389,0,2460,0.0010000000000047748
78689000,5151,-7812,125153,8106,-12543,133461,113,19225,463,0,2461,0.000999999999990564
78690000,4801,-4822,125689,-4761,-11556,128063,123,19225,463,1,2462,0.0010000000000047748
78691000,155,7285,128839,1513,4516,124259,111,19221,504,1,2463,0.0010000000000047748
78692000,4145,14984,126110,3814,11949,120730,111,19228,455,1,2464,0.000999999999990564
78693000,9802,1776,125398,-691,-2723,128711,98,19233,401,1,2465,0.0010000000000047748
78694000,10005,2521,128333,8456,2783,122243,118,19230,483,0,2466,0.0010000000000047748
78695003,10987,-12728,126105,6367,-12016,130512,106,19228,434,0,2467,0.0010029999999972006
78696000,972,-5392,129937,13368,-17436,133971,112,19228,459,0,2468,0.0009969999999981383
78697000,3600,6176,130842,-4219,3643,124259,143,19225,459,1,2469,0.0010000000000047748
78698000,-265,9559,128052,-3357,-151,122802,113,19228,586,1,2470,0.000999999999990564
78699000,1474,16812,131276,5396,13846,122686,113,19229,463,1,2471,0.0010000000000047748
78700000,10830,-12618,126930,-2429,-6097,137454,98,19227,401,0,2472,0.0010000000000047748
78701000,6609,-12345,129549,10071,-16996,125411,129,19235,528,0,2473,0.000999999999990564
78702000,7602,136,130608,10780,-2779,136516,104,19235,426,0,2474,0.0010000000000047748
78703000,-3291,2612,130493,-7116,6113,118552,112,19230,426,0,2475,0.0010000000000047748
78704000,-291,13684,135819,-12752,1411,134204,125,19223,459,1,2476,0.000999999999990564
78705001,-7685,4942,129409,6306,3769,128094,125,19227,512,1,2477,0.00100100000000225
78706001,-3238,-419,128266,-6777,-842,121587,100,19236,410,1,2478,0.0010000000000047748
78707000,4220,-11352,131403,-5148,-16547,141804,115,19220,471,0,2479,0.0009989999999930887
78708000,3177,2060,127265,12731,5148,119369,94,19227,385,0,2480,0.0010000000000047748
78709000,-3617,6034,131128,-15666,5364,129899,108,19227,385,0,2481,0.0010000000000047748
78710000,-9319,-1385,130075,-19523,-5857,132883,140,19226,442,1,2482,0.000999999999990564
78711000,-6409,965,129668,-6544,3917,132775,140,19225,573,1,2483,0.0010000000000047748
78712000,-9318,5556,132339,-3922,398,127736,115,19232,471,1,2484,0.0010000000000047748
78713000,-2715,14800,130106,-12265,7489,117980,98,19230,401,1,2485,0.000999999999990564
78714000,-2813,-2334,125801,-8319,-8793,134661,159,19232,651,0,2486,0.0010000000000047748
78715000,-2019,-10215,125567,426,-10783,129620,103,19232,651,0,2487,0.0010000000000047748
78716000,-2743,5732,129379,-12459,2318,125351,106,19237,422,0,2488,0.000999999999990564
78717000,-8837,18668,127537,-9686,15602,119291,106,19222,434,1,2489,0.0010000000000047748
78718000,-4348,10852,128262,-10592,6544,128152,133,19228,545,1,2490,0.0010000000000047748
78719000,-2285,-2041,125146,-5829,-5533,128227,109,19235,446,1,2491,0.000999999999990564
78720000,728,7146,125806,4192,4775,119615,112,19225,459,0,2492,0.0010000000000047748
78721000,2,-1812,123075,-5607,-4876,121437,93,19225,459,0,2493,0.000999999999990564
78722000,1592,1380,126688,-5655,-1357,128058,108,19227,381,0,2494,0.0010000000000047748
78723000,704,3274,125883,491,-848,129956,108,19228,442,0,2495,0.0010000000000047748
78724000,-5712,12344,128230,-109,9711,122520,129,19220,528,1,2496,0.000999999999990564
78725000,-1332,13444,126815,-8198,10681,121401,114,19235,467,1,2497,0.0010000000000047748
78726000,6701,7413,124355,124,3838,123746,95,19230,389,1,2498,0.0010000000000047748
78727000,10724,3787,123543,13629,-91,125814,129,19230,389,0,2499,0.000999999999990564
78728000,8673,-14031,123293,7145,-18613,128150,116,19231,528,0,2500,0.0010000000000047748
78729000,3483,5196,126238,-1514,2550,119779,116,19226,475,0,2501,0.0010000000000047748
78730000,5644,-3982,124988,3041,-8282,132033,115,19221,471,1,2502,0.000999999999990564
78731000,3110,10456,128367,4556,6110,123977,129,19229,528,1,2503,0.0010000000000047748
78732000,6372,13318,126516,1366,11735,118058,109,19234,446,1,2504,0.0010000000000047748
78733000,10621,2057,124461,2536,-1411,124060,102,19234,446,0,2505,0.000999999999990564
78734002,9851,-5030,126827,13040,-8855,129034,99,19222,418,0,2506,0.0010019999999997253
78735001,8857,-15171,126682,10888,-19484,138208,99,19231,405,0,2507,0.0009990000000072996
78736000,2776,8581,130018,-3124,639,123587,100,19230,410,0,2508,0.0009989999999930887
78737002,967,14338,131916,-1222,9567,123893,116,19223,475,1,2509,0.0010019999999997253
78738000,851,7955,129197,5034,3659,132840,109,19232,446,1,2510,0.0009980000000098244
78739000,4793,-4349,126392,966,-9198,126804,97,19232,397,1,2511,0.000999999999990564
78740000,8998,-7913,129400,359,-13078,132880,138,19230,397,0,2512,0.0010000000000047748
78741001,11876,-2431,130473,7606,-4938,124110,101,19224,565,0,2513,0.00100100000000225
78742000,4476,-4647,131065,19076,-4634,131501,101,19227,414,0,2514,0.0009989999999930887
78743000,-2257,-2651,130820,-22060,-12571,135407,104,19225,426,1,2515,0.0010000000000047748
78744000,-8069,18548,134260,-13324,14676,118025,143,19229,586,1,2516,0.0010000000000047748
78745000,-4549,6125,132255,4448,3546,129701,104,19229,426,1,2517,0.000999999999990564
78746000,-4272,-7167,129192,-2665,-9597,134478,98,19233,426,1,2518,0.0010000000000047748
78747001,827,-13476,128529,-15666,-23061,133985,114,19225,401,0,2519,0.00100100000000225
78748000,1765,9175,129918,-448,4496,118381,114,19232,467,0,2520,0.0009989999999930887
78749000,-3130,6067,131277,2359,2904,133825,113,19228,463,0,2521,0.0010000000000047748
78750000,-9401,4069,131130,-20200,761,128139,122,19218,500,1,2522,0.0010000000000047748
78751003,-8224,-2728,128052,-17011,-8129,133599,111,19229,455,1,2523,0.0010029999999972006
78752000,-6210,18869,131942,-5639,17531,123427,98,19229,455,1,2524,0.0009969999999981383
78753000,412,441,126484,-2815,-5560,126275,129,19232,401,0,2525,0.0010000000000047748
78754000,-3446,-12535,126232,-11469,-14089,131513,129,19221,528,0,2526,0.000999999999990564
78755000,-1422,5757,126422,-10406,4222,124021,109,19233,446,0,2527,0.0010000000000047748
78756000,-5328,5291,126800,-2582,3071,125415,105,19227,430,0,2528,0.0010000000000047748
78757000,-8390,12080,128592,-8423,7241,122628,140,19230,573,1,2529,0.000999999999990564
78758000,-7337,685,127083,-17696,-478,130282,115,19230,573,1,2530,0.0010000000000047748
78759000,-1676,8557,130111,-5153,4710,121253,103,19231,471,1,2531,0.0010000000000047748
78760000,2012,1278,125521,7501,-4661,127089,103,19224,422,0,2532,0.000999999999990564
78761000,1797,-724,124397,-6161,-4090,127033,101,19232,414,0,2533,0.0010000000000047748
78762000,-720,1361,124510,-9204,-179,124207,104,19227,426,0,2534,0.0010000000000047748
78763000,-1925,9459,127570,3323,7385,121965,113,19221,463,1,2535,0.000999999999990564
78764000,-2907,10284,128047,-9934,6051,130103,121,19221,463,1,2536,0.0010000000000047748
78765000,1566,9349,124744,778,6344,119886,99,19229,496,1,2537,0.0010000000000047748
78766000,5261,1848,126759,7799,-4643,126159,99,19233,405,0,2538,0.000999999999990564
78767002,9018,-2065,121685,196,-6417,123431,121,19229,496,0,2539,0.0010019999999997253
78768000,6852,590,125406,2908,-3038,126969,102,19229,418,0,2540,0.0009980000000098244
78769000,4157,17,126226,11161,-3843,124417,106,19226,434,0,2541,0.000999999999990564
78770001,4300,6782,127129,-1066,3396,120563,141,19226,434,1,2542,0.00100100000000225
78771000,2842,-701,128088,335,-2623,133792,110,19230,577,1,2543,0.0009990000000072996
78772000,9369,8236,125114,7401,5600,118762,110,19231,451,1,2544,0.000999999999990564
78773001,9280,6266,126263,5914,1826,126425,100,19225,410,0,2545,0.00100100000000225
78774002,9845,-1312,126542,3388,-4693,124109,125,19233,512,0,2546,0.00100100000000225
78775000,6219,-25648,124457,15256,-28707,131593,105,19228,430,0,2547,0.0009979999999956135
78776000,3626,452,129674,-3168,-4969,131897,106,19228,430,1,2548,0.0010000000000047748
78777000,-142,13442,128683,-4536,9545,120951,110,19224,434,1,2549,0.0010000000000047748
78778000,-343,14652,133982,3797,12025,127636,110,19229,451,1,2550,0.000999999999990564
78779000,4913,-4116,128107,-1270,-6211,131017,103,19236,422,1,2551,0.0010000000000047748
78780000,8641,-13979,127641,6556,-17096,134898,119,19219,487,0,2552,0.0010000000000047748
78781002,8566,5120,130908,12963,473,123699,97,19229,397,0,2553,0.0010019999999997253
78782002,3785,-4411,128290,2128,-9383,129889,105,19229,430,0,2554,0.000999999999990564
78783000,4800,10553,133975,-13830,5739,131127,133,19227,430,1,2555,0.0009980000000098244
78784000,-9522,-2084,131166,-2801,-1564,127175,109,19226,545,1,2556,0.000999999999990564
78785000,-5643,4108,131011,-3239,2000,130588,109,19232,446,1,2557,0.0010000000000047748
78786000,-1335,-1394,129996,-16684,-2632,126705,96,19227,393,0,2558,0.0010000000000047748
78787000,-254,-6167,130531,5055,-12172,137887,144,19230,590,0,2559,0.000999999999990564
78788000,-325,4430,129638,-6541,2167,118520,109,19230,446,0,2560,0.0010000000000047748
78789000,-5783,1145,131713,-14064,-333,130183,115,19228,446,0,2561,0.0010000000000047748
78790001,-6723,6861,130261,-7366,-1677,135342,129,19224,471,1,2562,0.0010009999999880392
78791001,-10115,3686,128457,-14253,-2636,126048,129,19228,528,1,2563,0.0010000000000047748
78792002,-2482,15606,130058,-13134,7943,117331,109,19231,446,1,2564,0.00100100000000225
78793002,-2902,8602,127502,-7305,11512,125066,110,19219,451,0,2565,0.0010000000000047748
78794000,-1223,-9470,125923,-3368,-11781,136471,111,19219,455,0,2566,0.0009979999999956135
78795001,-31,2967,127224,-3768,-5739,120210,107,19232,455,0,2567,0.00100100000000225
78796014,-3859,6365,127386,-12611,2837,128995,129,19225,438,1,2568,0.0010130000000003747
78797001,-5721,10642,129151,-3740,10090,120993,129,19224,528,1,2569,0.0009869999999949641
78798000,-9416,7311,129554,-8928,-3763,127451,115,19234,471,1,2570,0.0009990000000072996
78799000,596,11999,127754,-7640,5906,123078,100,19231,410,1,2571,0.000999999999990564
78800002,-1670,-375,123522,-1715,-2507,121520,137,19230,561,0,2572,0.0010019999999997253
78801002,4291,-3538,126981,-685,-11326,132320,116,19230,561,0,2573,0.0010000000000047748
78802002,-2610,7524,124016,-3190,9591,119556,115,19226,475,0,2574,0.0010000000000047748
78803000,-518,6384,125891,-8956,5720,130288,115,19226,471,1,2575,0.0009979999999956135
78804000,-1245,8580,125853,943,8340,122144,152,19231,623,1,2576,0.0010000000000047748
78805002,4009,12116,124389,421,5776,123747,106,19230,434,1,2577,0.0010019999999997253
78806002,8172,1092,124455,5343,-5686,127247,102,19227,418,0,2578,0.000999999999990564
78807001,7499,-3328,125168,9283,-10702,122960,83,19227,418,0,2579,0.0009990000000072996
78808002,9689,-8215,124032,3884,-12141,132678,112,19229,340,0,2580,0.00100100000000225
78809001,2363,3683,128376,4032,539,121843,112,19230,459,0,2581,0.0009989999999930887
78810000,846,5136,128328,-917,-426,127826,125,19224,512,1,2582,0.0009990000000072996
78811001,2650,24104,127801,2130,19016,118504,110,19233,451,1,2583,0.0010009999999880392
78812002,6483,6966,126068,-387,3112,125506,94,19231,385,1,2584,0.00100100000000225
78813001,15715,-428,129581,17020,-4850,124478,135,19231,385,0,2585,0.0009990000000072996
78814002,8733,-1587,126699,13026,-6876,124771,100,19227,553,0,2586,0.00100100000000225
78815002,7420,-13028,127700,-1885,-15404,135241,100,19232,410,0,2587,0.000999999999990564
78816016,3237,87,130769,2056,-2175,129655,103,19232,422,1,2588,0.00101399999999785
78817006,-742,9203,129443,1356,4699,126413,131,19232,537,1,2589,0.0009900000000016007
78818005,541,17150,131130,-1466,14371,120499,110,19234,451,1,2590,0.0009990000000072996
78819002,5081,-3857,129135,-3089,-6801,132162,103,19234,451,1,2591,0.0009969999999981383
78820002,12216,-13342,125938,7300,-17456,130912,125,19224,422,0,2592,0.0010000000000047748
78821002,5410,1617,131795,17661,-1989,126639,125,19231,512,0,2593,0.000999999999990564
78822002,2244,-12396,128781,-11145,-16948,134968,104,19229,426,0,2594,0.0010000000000047748
78823000,582,16359,133301,-14168,14183,118290,117,19222,479,1,2595,0.0009979999999956135
78824002,-4957,-4730,131061,133,-5908,140317,109,19231,446,1,2596,0.0010019999999997253
78825001,-3797,1094,129509,1213,-2636,125412,99,19231,446,1,2597,0.0009990000000072996
78826002,-4647,-1950,130243,-18011,-4718,123738,124,19231,405,0,2598,0.00100100000000225
78827001,549,41,129089,-3301,-4781,130426,124,19225,508,0,2599,0.0009989999999930887
78828000,4028,2704,130205,4451,-634,129441,99,19230,405,0,2600,0.0009990000000072996
78829002,-9104,-1270,130316,-14983,-7196,132236,109,19228,446,0,2601,0.0010019999999997253
78830000,-10316,13330,131127,-16877,6923,127783,149,19232,610,1,2602,0.0009979999999956135
78831002,-10057,5047,127406,-8610,-366,129140,117,19232,479,1,2603,0.0010019999999997253
78832000,-6072,9969,131589,-5678,8620,124098,101,19233,479,1,2604,0.0009979999999956135
78833001,-2805,-9080,125364,-10610,-8808,132080,149,19228,414,0,2605,0.00100100000000225
78834002,-3058,-2002,125495,-4910,-15962,131941,149,19234,610,0,2606,0.00100100000000225
78835002,-1833,8997,130018,-7954,8270,119795,101,19230,414,0,2607,0.0010000000000047748
78836000,-3371,1126,127435,-10441,-2066,132765,111,19223,455,1,2608,0.0009979999999956135
78837002,-7658,7749,127440,-10025,-2369,123154,113,19223,463,1,2609,0.0010019999999997253
78838000,-5076,4367,126770,-12011,2344,117800,106,19233,463,1,2610,0.0009979999999956135
78839000,1861,12167,125792,1521,10521,125103,119,19231,434,0,2611,0.0010000000000047748
78840000,2187,-9066,121029,651,-10561,128889,119,19226,487,0,2612,0.0010000000000047748
78841002,904,2119,127017,-11978,-6075,122453,97,19226,397,0,2613,0.0010019999999997253
78842001,3166,8355,127138,-3358,4194,126984,105,19226,430,0,2614,0.0009989999999930887
78843002,-48,8532,126174,8226,10237,123050,138,19225,565,1,2615,0.00100100000000225
78844002,-3368,11607,127658,-10889,6774,124110,112,19225,565,1,2616,0.0010000000000047748
78845000,47,5816,122955,-4261,2081,122774,97,19232,459,1,2617,0.0009979999999956135
78846002,8047,20453,125675,12700,12449,121164,97,19227,397,0,2618,0.0010019999999997253
78847000,10021,-8734,121084,8405,-9869,127099,107,19230,438,0,2619,0.0009979999999956135
78848000,5176,-5462,126846,2981,-6756,125880,112,19227,459,0,2620,0.0010000000000047748
78849000,3839,496,126747,947,-3089,126712,116,19224,475,1,2621,0.000999999999990564
78850002,2488,10075,129692,4384,12923,123500,119,19224,475,1,2622,0.0010020000000139362
78851000,4810,8439,128131,2454,735,126482,104,19229,487,1,2623,0.0009979999999956135
78852002,7522,-4937,124161,6300,-8080,128722,104,19232,426,1,2624,0.0010019999999997253
78853001,11357,3424,128178,8070,-943,122977,109,19218,446,0,2625,0.0009989999999930887
78854002,10501,-6304,127445,11119,-12711,129152,87,19232,356,0,2626,0.00100100000000225
78855002,6170,3172,129286,687,1957,131382,103,19231,422,0,2627,0.0010000000000047748
78856002,3506,6649,129947,-5153,3306,129915,125,19231,422,1,2628,0.000999999999990564
78857026,1511,10910,130807,8950,6791,125925,111,19226,512,1,2629,0.001024000000001024
78858002,-946,9962,129645,-2332,6267,124460,111,19229,455,1,2630,0.0009760000000085256
78859000,6726,-3082,127062,-471,-7900,129936,95,19228,389,0,2631,0.0009979999999956135
78860002,11246,-12666,129331,9824,-15956,130885,155,19230,635,0,2632,0.0010019999999997253
78861001,9950,-2832,129461,8991,-7242,129791,113,19233,463,0,2633,0.0009990000000072996
78862000,1250,-877,130987,-20986,-3665,127135,112,19233,463,0,2634,0.0009989999999930887
78863001,-3047,13472,135393,-1654,10050,126058,130,19224,459,1,2635,0.00100100000000225
78864000,-8112,-5128,129900,3223,-9863,137560,130,19228,532,1,2636,0.0009989999999930887
78865002,-7129,-4513,128311,-11892,-7532,125912,104,19229,426,1,2637,0.0010019999999997253
78866000,-958,-3962,129318,-7822,-7479,128293,105,19219,430,0,2638,0.0009980000000098244
78867000,1274,9576,128449,3684,5007,121002,86,19229,352,0,2639,0.000999999999990564
78868000,1727,2666,131006,-2241,-845,125966,107,19229,352,0,2640,0.0010000000000047748
78869002,-5057,-13681,127979,-19411,-17810,135802,127,19228,438,1,2641,0.0010019999999997253
78870001,-8413,3679,131450,-10800,1309,127663,127,19223,520,1,2642,0.0009990000000072996
78871000,-7447,15438,130676,-7726,12757,124636,113,19231,463,1,2643,0.0009989999999930887
78872000,-2673,4104,129984,-13962,636,128776,99,19228,405,1,2644,0.0010000000000047748
78873002,-861,-6988,125627,-2107,-9284,128298,142,19225,582,0,2645,0.0010019999999997253
78874001,-2575,-3149,126456,-5533,-3387,129975,101,19225,414,0,2646,0.0009989999999930887
78875003,-128,11715,127595,-7219,6560,119544,104,19227,414,0,2647,0.0010019999999997253
78876000,-4727,11651,129877,-10649,9865,125088,131,19228,426,1,2648,0.0009969999999981383
78877002,-5763,4312,126732,-11375,-780,130537,131,19227,537,1,2649,0.0010019999999997253
78878002,-9124,-178,126114,-2998,-5572,131712,111,19230,455,1,2650,0.0010000000000047748
78879000,-2634,9380,125288,-6399,5017,119737,105,19226,430,0,2651,0.0009979999999956135
78880000,-563,2568,124183,-4008,4859,121085,92,19226,377,0,2652,0.0010000000000047748
78881002,3719,405,126490,2156,-5382,132223,107,19230,377,0,2653,0.0010019999999997253
78882002,3151,-465,123692,-4416,-2486,120770,122,19230,438,0,2654,0.0010000000000047748
78883000,-3677,8473,128730,-1824,8535,122283,122,19218,500,1,2655,0.0009979999999956135
78884001,-4473,14111,125860,-5253,10404,128087,109,19229,446,1,2656,0.00100100000000225
78885002,4130,694,122160,348,-4183,125135,95,19232,389,1,2657,0.00100100000000225
78886002,7700,7128,124629,9191,1969,117330,127,19232,520,0,2658,0.000999999999990564
78887002,8554,4295,123082,1876,1548,118888,107,19237,520,0,2659,0.0010000000000047748
78888001,9700,-2974,127781,14324,-5936,133487,112,19227,438,0,2660,0.0009990000000072996
78889000,5398,-10456,126030,5939,-13713,130706,112,19227,459,1,2661,0.0009989999999930887
78890002,1264,10949,129554,-5890,1948,121521,141,19230,577,1,2662,0.0010019999999997253
78891002,2927,14072,127623,5735,9630,124623,111,19230,455,1,2663,0.0010000000000047748
78892002,4337,-4169,123809,5995,-7678,122003,97,19226,397,1,2664,0.000999999999990564
78893002,10143,-284,128035,1674,-10183,135656,119,19226,397,0,2665,0.0010000000000047748
78894000,11914,-10935,123511,12603,-10708,126070,106,19232,487,0,2666,0.0009979999999956135
78895002,7183,7019,132226,2306,3945,124081,106,19228,434,0,2667,0.0010019999999997253
78896002,4048,2636,129086,-6628,-2661,131998,116,19219,475,1,2668,0.0010000000000047748
78897002,337,13053,128985,3934,10985,126691,108,19227,442,1,2669,0.0010000000000047748
78898002,788,8324,131136,806,2486,128410,99,19229,405,1,2670,0.000999999999990564
78899003,2687,-4198,126747,-4790,-8717,124004,122,19229,405,0,2671,0.00100100000000225
78900002,9123,-16007,129866,13260,-17445,136244,99,19230,500,0,2672,0.0009990000000072996
78901001,11028,-12023,129887,14112,-15723,129872,99,19230,405,0,2673,0.0009989999999930887
78902002,2569,3607,130736,-23538,1671,129046,105,19229,430,0,2674,0.00100100000000225
78903000,627,16123,132378,-8247,16798,122816,143,19223,586,1,2675,0.0009979999999956135
78904002,-5631,3482,131195,4354,-2662,127511,112,19232,459,1,2676,0.0010019999999997253
78905000,-1958,-2562,129247,-11885,-9544,130961,94,19232,459,1,2677,0.0009980000000098244
78906002,-4255,-12805,128418,-14379,-16767,134148,128,19226,385,0,2678,0.0010019999999997253
78907000,2801,4037,132675,11015,1152,128059,128,19232,524,0,2679,0.0009979999999956135
78908000,-2196,3881,130388,-5071,-1327,124149,109,19225,446,0,2680,0.0010000000000047748
78909000,-5208,4350,131881,-20330,2089,129887,120,19220,491,1,2681,0.000999999999990564
78910002,-9024,-2554,128998,-14670,-5673,133667,118,19227,483,1,2682,0.0010019999999997253
78911002,-9701,13230,128877,-6170,11370,120042,100,19227,410,1,2683,0.0010000000000047748
78912003,-2598,9253,129999,-4996,6624,124244,116,19233,410,1,2684,0.00100100000000225
78913000,-2856,-8917,125638,-12945,-12676,131090,116,19216,475,0,2685,0.0009969999999981383
78914000,-2627,-10118,127113,-6207,-13849,131941,93,19231,381,0,2686,0.0010000000000047748
78915002,-802,5971,127817,-9181,3232,123259,104,19228,426,0,2687,0.0010019999999997253
78916002,-3057,17547,127505,-4631,12427,120978,136,19224,557,1,2688,0.000999999999990564
78917001,-7416,4161,127079,-14993,2976,123433,114,19224,557,1,2689,0.0009990000000072996
78918002,-4653,-2230,125465,-18774,-5769,137970,101,19228,467,1,2690,0.00100100000000225
78919002,3229,7449,126317,12845,3475,121571,101,19227,414,0,2691,0.000999999999990564
78920002,-3851,538,125509,251,-1468,121717,121,19235,496,0,2692,0.0010000000000047748
78921000,645,854,124920,-10840,-1589,127892,109,19232,446,0,2693,0.0009979999999956135
78922002,-2081,2309,124343,-998,-1878,129066,114,19223,467,1,2694,0.0010019999999997253
78923000,1202,16997,126181,-1002,11102,122727,135,19223,553,1,2695,0.0009980000000098244
78924000,-2848,20743,125999,-2927,15527,117306,101,19232,553,1,2696,0.000999999999990564
78925002,2639,-4214,124729,-1583,-5629,129276,107,19235,414,1,2697,0.0010019999999997253
78926000,11003,-2029,124926,7412,-3700,124192,107,19223,438,0,2698,0.0009980000000098244
78927002,7993,-477,127429,6765,-1564,130079,92,19229,377,0,2699,0.0010019999999997253
78928000,9551,2572,123834,4732,-9222,125267,111,19230,455,0,2700,0.0009979999999956135
78929002,2692,1989,130907,6945,1039,125672,133,19230,545,1,2701,0.0010019999999997253
78930002,816,2455,126071,-9228,-2990,130997,115,19222,545,1,2702,0.0010000000000047748
78931002,6345,15515,127042,8607,10816,119631,96,19230,471,1,2703,0.000999999999990564
78932001,4681,2325,125474,16329,1693,122307,96,19230,393,0,2704,0.0009990000000072996
78933002,13399,1047,126516,-8895,-3488,128575,144,19232,590,0,2705,0.00100100000000225
78934002,7158,-17861,127075,17515,-20033,141618,103,19230,422,0,2706,0.000999999999990564
78935002,7839,-3980,129712,3647,-12314,126253,105,19227,430,0,2707,0.0010000000000047748
78936002,2201,21014,132133,-9207,14179,116153,125,19227,430,1,2708,0.0010000000000047748
78937000,-873,18943,132696,5994,19825,128739,106,19227,512,1,2709,0.0009979999999956135
78938000,5239,-2239,127953,-41,-9618,131550,106,19233,434,1,2710,0.0010000000000047748
78939000,5311,-9631,127613,836,-16962,129735,106,19221,434,0,2711,0.000999999999990564
78940002,11482,8520,130124,12036,2927,119412,97,19231,397,0,2712,0.0010019999999997253
78941002,5010,-10473,127920,-4777,-9931,134724,102,19229,418,0,2713,0.0010000000000047748
78942000,1279,-1183,134766,-16581,-1086,135192,123,19229,418,1,2714,0.0009979999999956135
78943002,-3680,6650,131855,4926,3758,123323,112,19220,504,1,2715,0.0010019999999997253
78944002,-10538,14455,130946,-6586,11568,121934,112,19233,459,1,2716,0.0010000000000047748
78945002,-2045,-4706,131119,-19578,-14672,132991,97,19230,397,1,2717,0.0010000000000047748
78946000,1974,-13540,127070,8869,-15603,135316,135,19229,553,0,2718,0.0009979999999956135
78947000,3921,7791,132367,-3323,2516,123345,104,19225,426,0,2719,0.0010000000000047748
78948002,-2026,6793,132217,-18069,1696,124793,108,19225,426,0,2720,0.0010019999999997253
78949000,-6299,4177,131580,-7531,1237,134117,141,19226,442,1,2721,0.0009979999999956135
78950002,-9678,-670,129753,-13356,-4176,133333,141,19232,577,1,2722,0.0010019999999997253
78951000,-11175,11343,130199,-5697,8486,123687,112,19232,459,1,2723,0.0009979999999956135
78952002,-3389,14592,127625,-12751,9873,116874,103,19220,422,0,2724,0.0010019999999997253
78953001,-791,-7511,125114,-3072,-11828,134008,131,19231,537,0,2725,0.0009990000000072996
78954002,174,-8599,126925,-2668,-10743,133942,103,19231,537,0,2726,0.00100100000000225
78955002,-1604,3720,125959,-13389,1499,118973,117,19227,422,1,2727,0.000999999999990564
78956001,-7806,24033,131474,-8649,20472,121112,117,19219,479,1,2728,0.0009990000000072996
78957000,-5884,-3836,125530,-8952,-6771,133001,112,19232,459,1,2729,0.0009989999999930887
78958002,-7060,8045,127415,-5823,5120,123331,101,19234,414,1,2730,0.0010019999999997253
78959002,1595,1619,123341,-4340,-1867,127904,129,19228,528,0,2731,0.0010000000000047748
78960001,531,7013,124931,7001,4139,115842,102,19228,528,0,2732,0.0009989999999930887
78961000,2153,-2196,125531,-5621,-5515,133513,106,19224,418,0,2733,0.0009990000000072996
78962002,1103,1573,125819,-8002,-1886,127724,106,19228,434,1,2734,0.0010019999999997253
78963000,-2907,21059,128470,4584,16380,119790,148,19228,606,1,2735,0.0009979999999956135
78964002,-3187,-1713,121607,-3860,-4856,127215,110,19237,451,1,2736,0.0010019999999997253
78965002,5324,7759,123558,2228,4167,120149,95,19227,389,0,2737,0.0010000000000047748
78966000,7801,-4013,124115,5745,-8132,132133,98,19227,401,0,2738,0.0009979999999956135
78967002,12940,1197,126000,7909,-2097,114810,110,19230,401,0,2739,0.0010019999999997253
78968000,6517,-4804,128987,4253,-5448,133345,118,19228,451,0,2740,0.0009980000000098244
78969001,3555,1537,126330,1221,-5883,129990,118,19223,483,1,2741,0.0010009999999880392
78970000,2704,14722,129360,230,13521,114893,103,19230,422,1,2742,0.0009990000000072996
78971002,4697,3391,124882,6120,-2706,133672,98,19231,401,1,2743,0.0010019999999997253
78972002,9552,10893,126230,5731,3831,117429,120,19231,491,0,2744,0.0010000000000047748
78973002,9498,-10741,126171,5694,-13168,130928,95,19222,491,0,2745,0.000999999999990564
78974000,8846,-11525,127559,17021,-16836,132504,101,19233,389,0,2746,0.0009979999999956135
78975002,5259,-723,128938,-7125,-7491,128856,101,19229,414,1,2747,0.0010020000000139362
78976000,998,16561,132299,2100,12451,122333,132,19228,541,1,2748,0.0009979999999956135
78977000,1796,6054,128059,9945,6623,123754,112,19233,459,1,2749,0.000999999999990564
78978001,-378,3267,129494,-8798,-1168,134822,101,19233,414,1,2750,0.00100100000000225
78979000,8733,-12149,127479,-593,-11369,126744,150,19227,414,0,2751,0.0009990000000072996
78980002,11301,-5563,131247,22520,-16151,126835,102,19231,614,0,2752,0.0010019999999997253
78981000,6146,1474,129918,7616,-184,127663,102,19230,418,0,2753,0.0009979999999956135
78982000,-1263,1994,131259,-21842,-4419,127867,107,19220,438,1,2754,0.0010000000000047748
78983002,-1612,17616,135000,-5377,13846,123530,128,19229,524,1,2755,0.0010019999999997253
78984001,-7872,-3281,128175,7055,-1698,134441,101,19228,414,1,2756,0.0009989999999930887
78985002,-4440,-8613,128908,-13451,-13732,127303,113,19228,414,0,2757,0.00100100000000225
78986002,-966,-12202,129855,-14774,-15066,133896,110,19219,463,0,2758,0.0010000000000047748
78987002,3974,7036,132608,6586,6505,125294,110,19224,451,0,2759,0.000999999999990564
78988000,-1975,14677,132363,-6157,8199,123473,115,19227,471,0,2760,0.0009980000000098244
78989002,-9570,-1603,129546,-21793,-3607,137368,140,19228,573,1,2761,0.0010019999999997253
78990002,-8992,5966,127921,-2609,1986,126325,119,19231,487,1,2762,0.000999999999990564
78991002,-7208,5318,129013,-5401,2422,128831,101,19231,487,1,2763,0.0010000000000047748
78992002,-1719,2780,128885,-8830,-3386,122712,158,19226,414,0,2764,0.0010000000000047748
78993002,-4838,-4815,125292,-8069,-9564,129834,158,19229,647,0,2765,0.000999999999990564
78994003,-175,-91,128230,-6175,-1408,129135,102,19230,418,0,2766,0.00100100000000225
78995002,-1718,8197,127961,-5308,5021,120063,104,19224,426,1,2767,0.0009990000000072996
78996002,-8723,11652,128067,-16669,6760,126416,132,19232,541,1,2768,0.000999999999990564
78997003,-5380,3898,126947,-10494,2022,126651,108,19232,541,1,2769,0.00100100000000225
78998000,-994,2964,126250,725,-887,124008,111,19230,442,0,2770,0.0009969999999981383
78999002,4242,-7764,124264,1925,-13555,126432,111,19226,455,0,2771,0.0010019999999997253
79000002,-697,-50,123637,-6005,-3199,117140,89,19234,365,0,2772,0.0010000000000047748
79001002,-841,3751,127523,-7111,366,134591,109,19228,446,0,2773,0.0010000000000047748
79002000,-1851,11823,125670,-650,7898,115255,128,19220,524,1,2774,0.0009979999999956135
79003002,-589,15773,127876,-6495,14330,127266,111,19220,524,1,2775,0.0010019999999997253
79004001,-2737,1284,121078,7327,-3187,127065,96,19232,455,1,2776,0.0009990000000072996
79005001,4013,7659,123625,906,3937,118429,96,19229,393,0,2777,0.000999999999990564
79006002,12664,-2210,124546,9415,-7059,131665,128,19232,524,0,2778,0.00100100000000225
79007000,6382,-985,124711,15642,-4934,121466,109,19229,446,0,2779,0.0009979999999956135
79008000,5891,-7789,125539,-9447,-11412,130929,114,19225,467,1,2780,0.0010000000000047748
79009002,-177,9682,128349,2937,6436,117725,131,19225,537,1,2781,0.0010019999999997253
79010002,3581,7881,125318,10597,3330,132865,106,19230,537,1,2782,0.0010000000000047748
79011000,9743,411,124017,-1283,-3501,119063,102,19231,434,1,2783,0.0009979999999956135
79012001,7647,4280,129040,-2763,1814,122565,102,19222,418,0,2784,0.00100100000000225
79013002,13914,-16790,125199,21177,-20775,139805,104,19231,426,0,2785,0.00100100000000225
79014002,5116,801,131312,13943,-1365,119950,103,19231,422,0,2786,0.000999999999990564
79015002,5447,-3425,128189,-21003,-10211,137629,117,19231,479,1,2787,0.0010000000000047748
79016000,-480,24133,132291,3408,18619,117274,111,19225,479,1,2788,0.0009979999999956135
79017002,2496,-2945,126947,11402,-4574,132400,101,19229,455,1,2789,0.0010019999999997253
79018003,3693,481,127083,-6194,-8298,125728,101,19225,414,1,2790,0.00100100000000225
79019000,7606,-9344,127991,1098,-13080,128501,133,19222,545,0,2791,0.0009969999999981383
79020002,12754,-7174,127967,19603,-12762,136261,101,19229,414,0,2792,0.0010019999999997253
79021008,810,6496,131626,-7794,191,121169,105,19229,430,0,2793,0.0010060000000038372
79022006,-45,10399,132904,-16906,4629,133461,147,19227,430,1,2794,0.0009979999999956135
79023003,-9674,4395,129798,8641,4080,124451,109,19228,602,1,2795,0.0009970000000123491
79024001,-4112,-11663,129638,-18227,-13997,135752,109,19230,446,1,2796,0.0009979999999956135
79025002,-873,-2382,129021,-5292,-8947,133681,99,19226,405,0,2797,0.00100100000000225
79026002,-1743,4711,130369,609,-777,118879,111,19230,455,0,2798,0.000999999999990564
79027002,4406,5564,131529,-4935,4944,132927,108,19228,442,0,2799,0.0010000000000047748
79028000,-7788,-4543,129198,-12144,-7844,127523,123,19228,442,1,2800,0.0009979999999956135
79029002,-3867,8941,132501,-12568,6518,131780,114,19217,504,1,2801,0.0010019999999997253
79030002,-11007,10508,130249,-9835,3859,123524,114,19228,467,1,2802,0.0010000000000047748
79031002,-4730,10867,130698,-10482,9267,125973,101,19231,414,1,2803,0.0010000000000047748
79032001,-1835,-7950,126282,-9219,-12252,133155,124,19221,508,0,2804,0.0009989999999930887
79033002,-5503,-2844,127908,-1169,-9932,124271,97,19233,397,0,2805,0.00100100000000225
79034001,1678,10433,126964,-1738,3746,122869,103,19233,397,0,2806,0.0009990000000072996
79035002,-5160,12906,128477,-13303,12427,121572,145,19227,422,1,2807,0.0010009999999880392
79036000,-3190,6509,127675,-7697,926,131781,145,19230,594,1,2808,0.0009980000000098244
79037002,-8693,1620,128031,-5234,-1273,125303,117,19228,479,1,2809,0.0010019999999997253
79038002,-3552,10450,124716,-4476,7199,120820,101,19225,414,0,2810,0.000999999999990564
79039002,-78,-1922,126770,-2627,-6635,129081,119,19231,487,0,2811,0.0010000000000047748
79040000,2686,-3103,122370,-216,-5553,126183,114,19231,487,0,2812,0.0009979999999956135
79041002,4046,3456,127287,-1304,-146,128495,118,19228,467,0,2813,0.0010019999999997253
79042000,-2270,11978,125811,-3134,7541,117487,118,19217,483,1,2814,0.0009980000000098244
79043004,-1371,11913,126867,-4935,5540,125512,130,19226,532,1,2815,0.0010039999999946758
79044002,963,3018,126428,1991,-3042,129392,101,19231,414,1,2816,0.0009979999999956135
79045002,8597,-776,125033,7661,-4409,121742,113,19230,463,0,2817,0.0010000000000047748
79046000,8237,11471,125611,3002,6213,120567,98,19230,463,0,2818,0.0009979999999956135
79047000,7945,-8162,124005,4729,-13330,129625,109,19228,401,0,2819,0.0010000000000047748
79048000,7861,-6805,125354,9083,-10098,130858,109,19231,446,1,2820,0.0010000000000047748
79049001,1015,16426,130999,-8326,14605,118236,140,19227,573,1,2821,0.0010009999999880392
79050000,4240,17274,127604,5623,14916,119413,113,19232,463,1,2822,0.0009990000000072996
79051000,8088,-2625,124422,14834,-6822,129455,93,19230,381,1,2823,0.0010000000000047748
79052000,9627,-7775,124105,-1714,-11512,128161,135,19230,553,0,2824,0.000999999999990564
79053000,11844,-6809,127836,12743,-9852,127650,102,19233,553,0,2825,0.0010000000000047748
79054000,5177,-2863,129865,11024,-6422,129782,106,19232,418,0,2826,0.0010000000000047748
79055001,5246,4616,130303,-8815,332,129058,106,19219,434,1,2827,0.0010009999999880392
79056000,-365,4951,129232,2859,1893,127421,116,19231,475,1,2828,0.0009990000000072996
79057000,989,6162,127543,5405,-98,128481,105,19226,430,1,2829,0.0010000000000047748
79058001,3947,-1514,127765,-1480,-3769,121938,112,19226,459,0,2830,0.0010009999999880392
79059001,10174,-10264,128410,4649,-14191,136045,88,19225,459,0,2831,0.0010000000000047748
79060000,9951,-265,129282,10483,-4724,127520,102,19231,360,0,2832,0.0009990000000072996
79061000,1840,-1611,132444,-12753,-5076,125117,102,19228,418,0,2833,0.000999999999990564
79062000,1864,8680,133909,-12183,6970,131222,131,19223,537,1,2834,0.0010000000000047748
79063000,-5042,4009,130712,5694,-573,132056,111,19234,455,1,2835,0.0010000000000047748
79064000,-5662,1095,129673,-10983,-1304,128008,94,19234,385,1,2836,0.000999999999990564
79065000,796,326,129218,-15786,-5613,129943,147,19229,385,0,2837,0.0010000000000047748
79066000,-2533,-3827,127296,11374,-11269,131313,104,19237,602,0,2838,0.0010000000000047748
79067000,2170,4395,131740,-2341,-1211,128788,104,19229,426,0,2839,0.000999999999990564
79068001,-9809,3990,131278,-22118,-1404,130971,112,19222,459,1,2840,0.00100100000000225
79069000,-7548,9467,130246,-11302,2785,129988,131,19229,537,1,2841,0.0009990000000072996
79070000,-9933,6916,130164,-1592,3582,125111,108,19229,442,1,2842,0.000999999999990564
79071002,-6475,442,128102,-8382,-2609,129160,109,19232,442,1,2843,0.0010019999999997253
79072000,-3281,-2643,125611,-10072,-7206,128009,113,19223,446,0,2844,0.0009980000000098244
79073000,-3097,1525,129537,-6025,-1942,125993,113,19230,463,0,2845,0.000999999999990564
79074000,300,3970,127782,-5996,-1198,130285,101,19231,414,0,2846,0.0010000000000047748
79075001,-6168,9170,128860,-8706,1435,119582,122,19222,500,1,2847,0.00100100000000225
79076000,-6983,13120,129991,-14443,11362,129173,116,19229,475,1,2848,0.0009989999999930887
79077000,-5719,1887,124519,-2822,-2201,125274,100,19229,475,1,2849,0.0010000000000047748
79078000,-3359,12451,125794,-4758,5148,117318,143,19232,410,0,2850,0.0010000000000047748
79079000,1635,1074,126496,-10206,-6148,127835,143,19234,586,0,2851,0.000999999999990564
79080000,-1188,-7808,123598,11120,-10771,129864,105,19231,430,0,2852,0.0010000000000047748
79081000,2912,1365,127746,-10981,-1024,129638,106,19228,434,0,2853,0.0010000000000047748
79082000,-2831,12132,125446,-2992,17757,116789,148,19229,606,1,2854,0.000999999999990564
79083000,-2925,15481,126443,5714,8519,124981,108,19229,606,1,2855,0.0010000000000047748
79084000,4521,1287,122687,1301,-5841,127415,99,19230,442,1,2856,0.0010000000000047748
79085000,5638,56,121224,5812,-1792,127297,99,19225,405,0,2857,0.000999999999990564
79086000,11265,-1663,126372,9013,-4540,121811,82,19231,336,0,2858,0.0010000000000047748
79087000,5094,2118,126389,6353,-3653,122426,112,19228,459,0,2859,0.0010000000000047748
79088001,6464,-5155,128017,-1000,-8851,136125,123,19225,504,1,2860,0.0010009999999880392
79089000,1909,15946,128916,181,17387,119449,109,19225,504,1,2861,0.0009990000000072996
79090000,3648,15523,127605,7707,9382,125259,97,19227,446,1,2862,0.0010000000000047748
79091000,7580,-2906,125439,9666,-5690,124239,97,19234,397,0,2863,0.000999999999990564
79092000,9970,-2323,127550,-1651,-8518,124408,131,19224,537,0,2864,0.0010000000000047748
79093001,12494,-15691,127591,18501,-20191,133858,99,19228,405,0,2865,0.00100100000000225
79094000,6569,8044,130421,-82,4499,121913,104,19227,426,0,2866,0.0009989999999930887
79095002,5669,6984,133754,-12448,3681,136151,132,19227,426,1,2867,0.0010019999999997253
79096005,-2688,5031,129694,6547,2893,120201,111,19229,541,1,2868,0.0010029999999972006
79097000,1493,2115,128289,983,-1738,134514,111,19232,455,1,2869,0.0009950000000031878
79098000,4459,-810,127071,-3884,-4766,128650,101,19224,414,0,2870,0.0010000000000047748
79099000,11060,-3866,128732,21148,-5919,125526,125,19228,512,0,2871,0.000999999999990564
79100000,6504,-10199,128884,2004,-14564,139959,105,19228,430,0,2872,0.0010000000000047748
79101000,618,4872,132426,-18532,1262,119218,116,19228,475,1,2873,0.0010000000000047748
79102000,-4397,7553,132158,788,4521,132850,115,19221,475,1,2874,0.000999999999990564
79103000,-9298,199,128551,-4639,-4223,128239,100,19226,471,1,2875,0.0010000000000047748
79104000,-6658,-3011,128900,-13868,-7294,134345,100,19233,410,1,2876,0.0010000000000047748
79105000,2964,-3176,127992,208,-8488,126254,121,19224,496,0,2877,0.000999999999990564
79106000,-46,6657,129783,3151,3045,119881,101,19227,414,0,2878,0.0010000000000047748
79107000,384,-2252,132878,-12025,-6246,135620,112,19227,459,0,2879,0.0010000000000047748
79108000,-7419,-3777,129550,-13290,-8194,126871,148,19225,459,1,2880,0.000999999999990564
79109000,-10004,6024,132786,-10371,3155,139444,113,19228,606,1,2881,0.0010000000000047748
79110000,-10993,14920,129224,-9513,12317,116852,113,19230,463,1,2882,0.0010000000000047748
79111000,-2655,782,128759,-8347,-462,127484,99,19224,405,0,2883,0.000999999999990564
79112000,-1152,1334,126225,-6544,-5502,132345,171,19232,700,0,2884,0.0010000000000047748
79113000,-1364,-2939,124719,-4156,-9483,125705,107,19232,438,0,2885,0.0010000000000047748
79114000,-325,10767,128929,-10816,4505,125444,112,19231,438,0,2886,0.000999999999990564
79115000,-7313,10205,128242,-10814,7283,120403,117,19227,459,1,2887,0.0010000000000047748
79116000,-8655,2291,128651,-3142,-4320,137490,117,19228,479,1,2888,0.0010000000000047748
79117000,-8083,441,123642,-14214,-1316,120593,109,19230,446,1,2889,0.000999999999990564
79118000,336,5198,126067,-8103,82,123425,118,19228,483,0,2890,0.0010000000000047748
79119000,1606,6494,124415,7916,1879,125287,100,19231,410,0,2891,0.0010000000000047748
79120000,2259,-3775,124136,-4149,-11484,126424,110,19231,410,0,2892,0.000999999999990564
79121000,-1201,4401,127801,-5011,-146,132928,136,19230,451,1,2893,0.0010000000000047748
79122000,-5155,17337,126836,-9642,11299,118486,136,19224,557,1,2894,0.0010000000000047748
79123000,2638,12139,127762,3809,12933,130240,111,19230,455,1,2895,0.000999999999990564
79124002,1171,1294,120514,5710,-3832,122896,95,19231,389,0,2896,0.0010019999999997253
79125000,8988,-784,123357,-4074,-4641,123914,118,19231,483,0,2897,0.0009980000000098244
79126000,13286,504,126888,14298,-6013,121871,110,19231,483,0,2898,0.000999999999990564
79127003,9887,-15854,126287,9570,-20117,135501,113,19226,451,0,2899,0.0010030000000114114
79128000,5585,6545,130237,8443,-92,123571,113,19224,463,1,2900,0.0009969999999981383
79129000,192,9818,126569,-11223,7386,124367,121,19228,496,1,2901,0.000999999999990564
79130000,7743,8331,127547,7788,2439,129312,107,19229,438,1,2902,0.0010000000000047748
79131000,5583,9110,126267,95,4228,117372,109,19218,446,0,2903,0.0010000000000047748
79132000,12684,-7602,124417,685,-11093,134066,93,19218,446,0,2904,0.000999999999990564
79133000,7885,-10018,127462,20622,-11440,129626,106,19230,381,0,2905,0.0010000000000047748
79134000,5037,-1744,127429,-3425,-4200,130544,106,19229,434,1,2906,0.0010000000000047748
79135000,3930,8155,129890,-7018,7772,126728,125,19220,512,1,2907,0.000999999999990564
79136000,-650,13027,132342,4278,5527,127175,115,19230,471,1,2908,0.0010000000000047748
79137000,2837,-2627,126529,1012,-7292,132062,103,19229,422,1,2909,0.0010000000000047748
79138000,3895,-10376,130223,-1167,-15875,127092,146,19229,422,0,2910,0.000999999999990564
79139000,11628,-13613,130476,18513,-16246,136334,101,19230,598,0,2911,0.0010000000000047748
79140000,8820,5760,130454,689,690,124309,101,19232,414,0,2912,0.0010000000000047748
79141000,2008,7077,132081,-31174,4223,130315,104,19224,426,1,2913,0.000999999999990564
79142000,-1441,2398,132600,14387,-1645,129835,142,19228,582,1,2914,0.0010000000000047748
79143000,-11581,7301,131284,423,4108,120880,109,19231,446,1,2915,0.0010000000000047748
79144001,-1414,-5127,129462,-25506,-8687,134260,105,19231,430,0,2916,0.00100100000000225
79145000,-330,-6889,130225,2058,-11030,128541,96,19219,430,0,2917,0.0009989999999930887
79146000,9190,2703,131101,4065,211,126876,107,19230,393,0,2918,0.0010000000000047748
79147002,-4653,-769,130261,-14237,-4533,130629,107,19229,438,0,2919,0.0010019999999997253
79148002,-6972,3557,132198,-16654,752,128215,123,19220,504,1,2920,0.000999999999990564
79149000,-10208,3068,130011,-10077,1280,137073,118,19231,483,1,2921,0.0009980000000098244
79150000,-10855,16119,130252,-11561,14042,118409,101,19231,414,1,2922,0.000999999999990564
79151000,-2462,1569,126574,-2716,-1674,129836,135,19232,414,0,2923,0.0010000000000047748
79152000,-5393,-3849,125034,-11597,-5789,123901,98,19219,553,0,2924,0.0010000000000047748
79153000,2283,-3596,127690,-6932,-6504,134897,98,19232,401,0,2925,0.000999999999990564
79154000,-1136,9013,127397,-2781,3912,124850,103,19225,422,1,2926,0.0010000000000047748
79155001,-5198,19071,129825,-10046,17961,111409,144,19229,590,1,2927,0.00100100000000225
79156000,-9814,381,127849,-16300,-210,134965,115,19229,471,1,2928,0.0009989999999930887
79157000,-1510,-285,126100,-3392,-4682,127112,104,19231,471,1,2929,0.0010000000000047748
79158000,1955,-361,124812,6168,-1491,126617,91,19226,426,0,2930,0.0010000000000047748
79159000,-120,6971,123835,-8153,683,120177,91,19226,373,0,2931,0.000999999999990564
79160000,2094,2865,125460,-4603,-197,124821,106,19228,434,0,2932,0.0010000000000047748
79161002,-1584,7053,126713,401,4607,133693,120,19217,491,1,2933,0.0010019999999997253
79162000,-2065,16744,125115,-8153,9556,118881,117,19227,479,1,2934,0.0009979999999956135
79163003,-4176,15161,125009,-1498,9967,121776,99,19227,479,1,2935,0.0010030000000114114
79164000,5746,1197,123291,4965,-3705,124819,123,19233,405,0,2936,0.0009969999999981383
79165001,10576,-10378,122856,8764,-14383,130273,123,19229,504,0,2937,0.0010009999999880392
79166000,6687,-1264,126107,6096,-9372,128231,110,19224,451,0,2938,0.0009990000000072996
79167000,6356,2285,126286,-328,-3763,121159,114,19226,467,0,2939,0.0010000000000047748
79168000,522,11534,128896,7357,6792,126760,149,19229,610,1,2940,0.000999999999990564
79169000,4137,2537,125945,-3422,3530,125930,110,19229,610,1,2941,0.0010000000000047748
79170000,7156,2810,126928,6362,5424,121570,98,19232,451,1,2942,0.0010000000000047748
79171003,10139,6752,128105,9808,3737,123183,98,19226,401,0,2943,0.0010029999999972006
79172000,14313,-5449,126347,3703,-5983,133785,128,19230,524,0,2944,0.0009969999999981383
79173003,7680,-10739,129598,16886,-12936,132042,103,19229,422,0,2945,0.0010029999999972006
79174000,5417,-3804,129937,-8757,-8841,132080,107,19226,438,1,2946,0.0009969999999981383
79175000,516,21717,133714,-4920,15777,119581,105,19226,438,1,2947,0.0010000000000047748
79176009,340,14679,129035,11945,8483,125401,102,19231,430,1,2948,0.0010089999999962629
79177000,4852,-10599,126459,-6737,-15715,134544,102,19232,418,1,2949,0.000990999999999076
79178000,8751,-8992,126584,13380,-9014,123421,120,19219,491,0,2950,0.0010000000000047748
79179000,8824,2084,128047,3962,-2993,127592,95,19232,389,0,2951,0.0010000000000047748
79180000,4062,-8,132016,-6486,-613,127831,101,19232,414,0,2952,0.000999999999990564
79181000,-797,1976,131988,-12940,-2809,134290,135,19232,414,1,2953,0.0010000000000047748
79182000,-5187,-1464,130469,2582,-92,129920,111,19224,553,1,2954,0.0010000000000047748
79183000,-9355,4411,131762,-6597,-620,123391,111,19231,455,1,2955,0.000999999999990564
79184000,1574,-5871,128394,-14538,-10902,133494,95,19227,389,0,2956,0.0010000000000047748
79185000,-66,-2143,130264,7637,-6052,129725,131,19231,537,0,2957,0.0010000000000047748
79186000,4914,3466,130267,-3056,377,125897,107,19228,438,0,2958,0.000999999999990564
79187001,-8805,4666,132625,-19303,-303,126820,113,19228,438,1,2959,0.00100100000000225
79188000,-3702,8384,132708,-7963,6076,131929,122,19221,463,1,2960,0.0009990000000072996
79189000,-8310,-1976,129213,-13604,-5249,133417,122,19224,500,1,2961,0.000999999999990564
79190000,-5745,10353,130580,-15589,7747,119800,105,19230,430,1,2962,0.0010000000000047748
79191000,-2717,-871,125704,-3487,-4569,130715,112,19217,459,0,2963,0.0010000000000047748
79192000,-2515,-5672,124866,-2131,-9368,128415,109,19228,446,0,2964,0.000999999999990564
79193000,-2459,1858,128225,-7666,-1076,128060,108,19228,442,0,2965,0.0010000000000047748
79194000,-5882,1096,125022,-13242,-2065,125262,132,19234,442,1,2966,0.0010000000000047748
79195000,-5179,21944,129939,-11495,17687,112826,117,19229,541,1,2967,0.000999999999990564
79196000,-5230,-592,126141,-2395,-3114,135572,117,19229,479,1,2968,0.0010000000000047748
79197000,-2871,3961,122644,-2077,-946,121144,100,19226,410,0,2969,0.0010000000000047748
79198001,327,5604,124321,-17441,547,126695,125,19236,512,0,2970,0.0010009999999880392
79199000,3130,1954,123922,8905,-2774,120818,106,19236,434,0,2971,0.0009990000000072996
79200000,3873,1911,126284,4055,275,125738,110,19232,434,0,2972,0.0010000000000047748
79201000,-2845,309,127379,-13280,-4239,134802,145,19219,451,1,2973,0.000999999999990564
79202000,-3771,15083,128673,-2902,13057,113985,145,19224,594,1,2974,0.0010000000000047748
79203000,3406,7303,124266,1753,4576,133665,105,19233,430,1,2975,0.0010000000000047748
79204001,6161,11737,123592,10791,7913,113949,101,19225,414,0,2976,0.0010009999999880392
79205002,9289,-7185,123493,2412,-8341,128350,85,19228,348,0,2977,0.00100100000000225
79206000,7813,3515,127236,8808,-5150,131534,109,19228,348,0,2978,0.0009980000000098244
79207000,6587,3179,126547,9615,-3100,122016,131,19228,446,1,2979,0.000999999999990564
79208000,3955,6333,130187,-4459,360,130099,131,19222,537,1,2980,0.0010000000000047748
79209000,350,14792,127253,-2469,12961,115326,114,19229,467,1,2981,0.0010000000000047748
79210000,7132,-7957,126461,14136,-10663,147080,95,19231,389,1,2982,0.000999999999990564
79211001,9382,3904,124386,4217,-6184,114446,136,19232,557,0,2983,0.00100100000000225
79212000,9922,-1372,129166,5006,97,124803,102,19232,557,0,2984,0.0009990000000072996
79213000,6415,-2743,125629,14030,-11985,133182,106,19231,418,0,2985,0.000999999999990564
79214000,4728,14,129303,-6251,-6006,125635,106,19229,434,1,2986,0.0010000000000047748
79215000,-2262,18556,132546,-1397,12303,136475,128,19224,524,1,2987,0.0010000000000047748
79216000,-1504,12963,127944,4830,9573,124587,107,19231,438,1,2988,0.000999999999990564
79217000,3193,-5161,131094,-63,-6204,134061,103,19227,422,0,2989,0.0010000000000047748
79218001,7901,-9223,127822,4937,-11522,125296,105,19227,422,0,2990,0.00100100000000225
79219000,12548,-6682,129953,15774,-12949,135523,107,19232,430,0,2991,0.0009989999999930887
79220000,3098,3545,132550,-904,-4608,121707,107,19228,438,0,2992,0.0010000000000047748
79221000,118,7531,133225,-17504,4072,129845,122,19218,500,1,2993,0.000999999999990564
79222000,-6019,5375,132839,1489,-1693,127336,113,19233,463,1,2994,0.0010000000000047748
79223000,-6907,-635,129073,-1829,-8563,129529,94,19227,385,1,2995,0.0010000000000047748
79224000,-1349,-4797,128785,-13311,-7654,135137,132,19227,385,0,2996,0.000999999999990564
79225000,-1592,8272,128619,4299,4700,119563,105,19231,541,0,2997,0.0010000000000047748
79226000,1820,1729,131047,-6850,-370,135920,105,19231,430,0,2998,0.0010000000000047748
79227000,-5809,-464,129775,-15781,-1527,128388,111,19224,455,1,2999,0.000999999999990564
79228000,-11705,5685,129940,-13374,7596,131279,147,19226,602,1,3000,0.0010000000000047748
79229000,-8168,4317,129695,-8080,-64,130486,113,19232,463,1,3001,0.0010000000000047748
79230000,-6899,4516,128381,-6614,92,125949,103,19232,463,1,3002,0.000999999999990564
79231001,-1104,-5802,125433,-13814,-9744,130606,141,19222,422,0,3003,0.00100100000000225
79232004,-4010,28,126833,-4908,-1039,121266,141,19231,577,0,3004,0.0010030000000114114
79233000,-999,1003,128374,-1608,-3044,129612,106,19229,434,0,3005,0.0009959999999864522
79234000,241,3891,126386,-9628,-947,125442,117,19220,479,1,3006,0.0010000000000047748
79235001,-8767,9085,128395,-21180,4428,124064,110,19227,451,1,3007,0.00100100000000225
79236000,-3485,5702,129544,-815,2477,126910,106,19227,434,1,3008,0.0009989999999930887
79237000,-428,697,126427,5147,-3192,121992,127,19230,434,0,3009,0.0010000000000047748
79238000,3652,-5240,124691,-8180,-8130,132498,110,19227,520,0,3010,0.0010000000000047748
79239001,-105,-2333,125315,-3544,-5394,123474,110,19229,451,0,3011,0.00100100000000225
79240000,2245,10495,126037,-7,8755,122845,113,19228,463,0,3012,0.0009989999999930887
79241000,-1260,9387,125070,-5998,4251,125608,149,19220,610,1,3013,0.0010000000000047748
79242000,-3685,5241,125816,-5634,1697,122254,113,19220,463,1,3014,0.000999999999990564
79243000,4297,-443,121730,10389,-3587,127561,98,19234,463,1,3015,0.0010000000000047748
79244001,4007,6821,123312,-1889,3112,119831,105,19232,401,0,3016,0.00100100000000225
79245000,10449,6115,123695,7079,742,126010,105,19230,430,0,3017,0.0009989999999930887
79246000,10289,-3959,126373,17027,-7420,123010,109,19227,446,0,3018,0.0010000000000047748
79247000,4334,-14540,126054,-9339,-18389,138872,113,19222,463,1,3019,0.0010000000000047748
79248000,2210,15494,129325,1733,10058,119457,112,19222,459,1,3020,0.000999999999990564
79249000,2981,14456,127619,14221,14467,119749,103,19226,459,1,3021,0.0010000000000047748
79250000,8206,706,125461,-308,-3821,128227,115,19228,422,1,3022,0.0010000000000047748
79251000,7612,-2026,126818,1287,-4458,120674,115,19228,471,0,3023,0.000999999999990564
79252000,12259,-20289,124654,16406,-24878,140838,91,19234,373,0,3024,0.0010000000000047748
79253000,6368,7570,129370,5520,-1046,119497,100,19226,410,0,3025,0.0010000000000047748
79254000,2578,5225,131228,-9655,329,132734,128,19229,524,1,3026,0.000999999999990564
79255000,801,15558,130127,1781,8988,124635,112,19229,524,1,3027,0.0010000000000047748
79256000,1200,-771,130338,3588,226,130705,98,19229,459,1,3028,0.0010000000000047748
79257000,2782,846,126103,2441,-2621,126783,98,19231,401,0,3029,0.000999999999990564
79258000,9164,-9360,129311,6203,-14445,123440,157,19232,643,0,3030,0.0010000000000047748
79259003,7944,-19264,127850,10795,-24930,145606,103,19230,422,0,3031,0.0010029999999972006
79260000,4890,18323,132538,-14062,1991,119026,107,19225,438,0,3032,0.0009969999999981383
79261000,-1621,13340,132760,-6339,12799,125945,133,19225,438,1,3033,0.0010000000000047748
79262000,-10137,4322,129890,-2534,3670,127763,103,19229,545,1,3034,0.0010000000000047748
79263001,-6802,-13003,129773,-17394,-15251,141746,103,19233,422,1,3035,0.00100100000000225
79264000,536,-5476,129741,1024,-15574,126239,109,19221,446,0,3036,0.0009989999999930887
79265000,2037,14437,130400,2241,8492,119282,96,19229,393,0,3037,0.0010000000000047748
79266000,-1235,4380,132319,-7856,4828,133656,110,19225,451,0,3038,0.000999999999990564
79267000,-4326,-5472,129656,-12023,-8095,132846,133,19225,451,1,3039,0.0010000000000047748
79268017,-9793,-735,131577,-11317,1172,133017,115,19222,545,1,3040,0.0010170000000044865
79269000,-11587,26147,132247,-12690,12891,112039,115,19231,471,1,3041,0.0009829999999908523
79270000,-576,1514,128027,-10372,-6659,134363,97,19231,397,1,3042,0.0010000000000047748
79271000,-1737,-12949,124592,-1808,-13722,131123,148,19228,606,0,3043,0.0010000000000047748
79272000,14,5025,128656,-8126,2231,117221,100,19226,410,0,3044,0.000999999999990564
79273000,-512,9989,127788,-7825,7286,129224,105,19226,410,0,3045,0.0010000000000047748
79274000,-3074,11652,129730,-5000,7605,121550,128,19224,430,1,3046,0.0010000000000047748
79275000,-8740,3891,126989,-15339,275,129989,128,19229,524,1,3047,0.000999999999990564
79276000,-8806,4146,125082,-9255,430,125894,106,19232,434,1,3048,0.0010000000000047748
79277000,846,-1000,125225,8547,-8008,122506,104,19223,426,0,3049,0.0010000000000047748
79278001,72,-3100,125001,-866,-7549,124179,85,19232,348,0,3050,0.00100100000000225
79279000,2128,3900,125070,-8775,1256,126102,108,19232,442,0,3051,0.0009989999999930887
79280000,994,2614,127370,-590,-199,128536,125,19227,442,1,3052,0.0010000000000047748
79281000,-1845,18883,126198,-2645,15324,115291,111,19220,512,1,3053,0.000999999999990564
79282000,313,4687,124841,-1291,329,129195,111,19230,455,1,3054,0.0010000000000047748
79283000,3386,863,125532,2945,-1305,125735,96,19230,393,0,3055,0.0010000000000047748
79284000,11177,-1129,123859,954,-6111,122792,133,19231,545,0,3056,0.000999999999990564
79285000,10349,2948,126739,9722,757,125070,108,19231,442,0,3057,0.0010000000000047748
79286000,9093,-9465,123706,4815,-14050,127705,109,19228,442,0,3058,0.0010000000000047748
79287000,2731,-4891,126923,4578,-7133,128852,131,19223,446,1,3059,0.000999999999990564
79288000,-1503,18340,128202,-4754,15993,120226,131,19228,537,1,3060,0.0010000000000047748
79289006,6470,13190,126157,7864,10845,120578,109,19231,446,1,3061,0.0010060000000038372
79290001,7595,3631,125305,16095,827,123008,101,19223,414,0,3062,0.000994999999988977
79291001,11366,-12172,124030,-5665,-15613,132344,101,19223,414,0,3063,0.0010000000000047748
79292000,12780,-3657,128340,11856,-9961,133831,103,19234,414,0,3064,0.0009990000000072996
79293001,4772,1940,129229,9416,-3023,124221,114,19229,422,0,3065,0.0010009999999880392
79294003,3558,5636,130889,-6358,1741,130727,114,19221,467,1,3066,0.0010019999999997253
79295000,-4016,5819,130884,-1242,3361,124166,112,19231,459,1,3067,0.0009970000000123491
79296000,5347,-8687,125686,-1659,-8963,126310,100,19231,410,1,3068,0.000999999999990564
79297000,6859,1586,128966,4145,-1500,125871,129,19225,528,0,3069,0.0010000000000047748
79298000,10046,-6501,127750,11727,-8453,128414,100,19225,528,0,3070,0.0010000000000047748
79299000,7006,-7315,129478,7593,-9671,130513,104,19230,410,0,3071,0.000999999999990564
79300000,-1143,5865,133820,-19492,-442,130607,104,19230,426,1,3072,0.0010000000000047748
79301000,176,8272,133352,-5161,5026,130610,149,19225,610,1,3073,0.0010000000000047748
79302001,-8916,6508,131314,6192,3827,126240,110,19232,451,1,3074,0.0010009999999880392
79303001,-3234,-2581,127549,-19098,-6178,128442,97,19222,397,1,3075,0.0010000000000047748
79304000,-332,-6697,130018,-13476,-14264,139846,119,19222,397,0,3076,0.0009990000000072996
79305000,5912,7133,129433,16042,-842,119492,105,19232,487,0,3077,0.000999999999990564
79306001,-3181,1468,130302,-10284,-1669,129379,105,19231,430,0,3078,0.00100100000000225
79307000,-8346,12201,132069,-21883,2479,133579,120,19220,491,1,3079,0.0009990000000072996
79308000,-10629,4577,129616,-6142,2391,129855,112,19229,459,1,3080,0.000999999999990564
79309000,-7993,8160,131695,-6847,4519,131733,102,19230,418,1,3081,0.0010000000000047748
79310000,-5235,8433,128198,-9059,8181,125736,122,19230,418,0,3082,0.0010000000000047748
79311000,-4599,-8741,124884,-13457,-12561,133947,96,19218,500,0,3083,0.000999999999990564
79312000,1588,3350,129503,299,-2073,121701,96,19233,393,0,3084,0.0010000000000047748
79313002,-3322,2684,128244,-6892,-336,128329,104,19227,426,1,3085,0.0010019999999997253
79314000,-6860,19723,129232,-11853,18750,116338,143,19227,586,1,3086,0.0009979999999956135
79315003,-6522,3805,128764,-12718,16,133941,115,19230,471,1,3087,0.0010029999999972006
79316002,-3708,1578,125625,-1000,-1110,124531,99,19230,471,1,3088,0.0009990000000072996
79317002,-2035,10775,123096,-186,6389,114499,111,19226,405,0,3089,0.0010000000000047748
79318002,-1422,481,127019,-11372,-5660,131997,111,19231,455,0,3090,0.000999999999990564
79319000,2564,-4114,124580,5591,-9815,126363,109,19228,446,0,3091,0.0009980000000098244
79320000,883,-247,126052,-6986,-181,133176,116,19218,475,1,3092,0.000999999999990564
79321000,-4812,19643,127660,-7009,19646,112290,140,19225,573,1,3093,0.0010000000000047748
79322000,-2576,16279,125028,1912,10367,122894,103,19225,573,1,3094,0.0010000000000047748
79323000,7397,771,123150,5004,-6274,133675,113,19231,422,0,3095,0.000999999999990564
79324000,9050,-2929,122429,4739,-7064,119631,113,19227,463,0,3096,0.0010000000000047748
79325002,8818,-946,126594,6969,-3962,125366,98,19231,401,0,3097,0.0010019999999997253
79326000,4693,3302,127005,4477,-420,122005,112,19227,459,0,3098,0.0009979999999956135
79327000,4854,560,127928,2294,-2767,138122,138,19231,565,1,3099,0.0010000000000047748
79328000,4529,5856,125685,-1456,3851,116708,113,19231,463,1,3100,0.0010000000000047748
79329000,2737,12166,125945,7355,8222,119677,96,19227,463,1,3101,0.000999999999990564
79330000,9000,-5864,126826,9233,-9877,131759,150,19229,393,0,3102,0.0010000000000047748
79331001,11007,-8844,127367,7325,-12866,126308,150,19232,614,0,3103,0.00100100000000225
79332002,10609,-6520,128219,12713,-10278,138822,104,19230,426,0,3104,0.00100100000000225
79333000,1972,14818,131382,-7143,12237,117884,106,19227,434,1,3105,0.0009979999999956135
79334000,4286,6874,131855,1036,2774,131783,121,19227,496,1,3106,0.0010000000000047748
79335000,-1315,6068,129100,6175,2586,128504,107,19230,496,1,3107,0.000999999999990564
79336003,4226,-709,128063,-9262,-4065,127836,112,19229,438,1,3108,0.0010029999999972006
79337000,9801,-10589,127346,7310,-15372,132057,112,19222,459,0,3109,0.0009970000000123491
79338000,8655,1635,129911,22579,-2484,123941,93,19232,381,0,3110,0.000999999999990564
79339000,4953,-5286,129413,-7674,-9528,142045,102,19228,418,0,3111,0.0010000000000047748
79340000,-1908,13059,133264,-20619,6434,115713,123,19228,504,1,3112,0.0010000000000047748
79341000,-4577,1458,133859,2465,2545,137885,111,19223,504,1,3113,0.000999999999990564
79342000,-8693,-2778,127565,2679,-8196,134010,99,19228,455,1,3114,0.0010000000000047748
79343003,-3986,-9137,130129,-20252,-10828,124469,99,19228,405,0,3115,0.0010029999999972006
79344001,2635,975,129028,2720,-4324,131726,144,19234,590,0,3116,0.0009979999999956135
79345001,2230,6390,130004,1603,4644,119467,106,19230,434,0,3117,0.0010000000000047748
79346003,1652,2550,133398,-16629,-1141,133440,113,19225,463,0,3118,0.0010019999999997253
79347000,-10764,2893,129477,-12115,-4204,131502,131,19225,463,1,3119,0.0009969999999981383
79348000,-7131,9456,130592,-11308,2511,128624,109,19229,537,1,3120,0.0010000000000047748
79349000,-9197,6434,130149,-8653,2955,127385,109,19228,446,1,3121,0.000999999999990564
79350000,-828,-3809,126829,-7584,-2105,126704,106,19221,434,0,3122,0.0010000000000047748
79351000,-4543,4544,127443,4307,2604,126756,129,19232,528,0,3123,0.0010000000000047748
79352000,-4031,3168,126190,-11795,-5817,124904,104,19235,426,0,3124,0.000999999999990564
79353002,-1195,10987,128835,-15048,5687,124732,122,19235,426,1,3125,0.0010019999999997253
79354000,-8541,12209,128184,982,2476,130750,116,19221,500,1,3126,0.0009980000000098244
79355000,-6034,4406,126302,-12453,-2009,125112,116,19227,475,1,3127,0.000999999999990564
79356001,-3872,7201,129128,-11872,6264,127624,100,19236,410,0,3128,0.00100100000000225
79357000,969,-2415,123374,3527,-6728,122629,134,19234,549,0,3129,0.0009990000000072996
79358000,5144,2865,125176,3104,-3983,129078,105,19228,430,0,3130,0.000999999999990564
79359000,-1331,4157,123673,-7413,-725,123899,110,19228,430,0,3131,0.0010000000000047748
79360000,83,4741,125666,-2800,5576,123174,156,19226,451,1,3132,0.0010000000000047748
79361000,-4906,9678,128161,-4805,9340,126424,156,19227,639,1,3133,0.000999999999990564
79362000,1425,9713,127496,-4057,-2376,123946,109,19231,446,1,3134,0.0010000000000047748
79363000,7832,15025,122963,13954,-6922,124155,94,19223,385,0,3135,0.0010000000000047748
79364000,5872,-6206,122664,-10,-6256,124693,96,19230,393,0,3136,0.000999999999990564
79365000,13162,-3884,124502,1438,-4492,126614,121,19230,393,0,3137,0.0010000000000047748
79366001,5994,-238,128686,12182,3106,122881,127,19226,496,1,3138,0.00100100000000225
79367000,4452,2109,127949,-12722,11130,126970,127,19221,520,1,3139,0.0009989999999930887
79368000,2145,7140,127755,6667,-2600,129419,111,19226,455,1,3140,0.0010000000000047748
79369000,7068,1994,124133,15989,-3865,126443,97,19233,397,1,3141,0.0010000000000047748
79370000,10163,3992,126644,-1467,2956,122252,123,19223,504,0,3142,0.000999999999990564
79371000,6383,7440,127527,9990,-13485,129578,103,19223,504,0,3143,0.0010000000000047748
79372000,10602,-12338,126993,9302,-10935,132701,105,19231,422,0,3144,0.0010000000000047748
79373001,1794,-3449,130851,-5658,-3032,133338,140,19228,430,1,3145,0.00100100000000225
79374000,1749,6559,131549,-130,8812,120930,140,19230,573,1,3146,0.0009989999999930887
79375000,1705,24822,131552,6509,9764,123412,108,19230,442,1,3147,0.0010000000000047748
79376000,2541,-35,127013,-2800,-17627,142024,98,19228,401,0,3148,0.000999999999990564
79377000,11550,-22217,126388,3867,-12798,124007,133,19228,545,0,3149,0.0010000000000047748
79378000,8786,2702,130864,16240,-4677,128328,104,19230,545,0,3150,0.0010000000000047748
79379002,3064,1429,130007,-10874,-1284,125701,111,19234,426,0,3151,0.0010019999999997253
79380002,1575,9289,134331,-17940,5802,127763,111,19223,455,1,3152,0.000999999999990564
79381000,-6693,-578,130037,10801,-3727,134727,124,19224,508,1,3153,0.0009980000000098244
79382000,-8150,3407,128098,-9131,-2269,121419,96,19230,393,1,3154,0.000999999999990564
79383000,-2355,2281,130625,-16075,-9976,133002,114,19230,467,0,3155,0.0010000000000047748
79384000,270,-8995,129479,6296,-4715,130221,96,19225,467,0,3156,0.0010000000000047748
79385000,4356,-152,130429,-933,-1978,129176,108,19228,393,0,3157,0.000999999999990564
79386000,-6836,-4462,131223,-20104,2041,128865,108,19226,442,1,3158,0.0010000000000047748
79387001,-8325,13280,129645,-13243,228,125766,142,19229,582,1,3159,0.00100100000000225
79388000,-10209,3838,130281,-2958,-1954,137159,114,19230,467,1,3160,0.0009989999999930887
79389000,-6283,9908,129164,-15123,9716,119591,96,19226,393,1,3161,0.0010000000000047748
79390000,-1988,6592,125433,-6303,-7887,127110,163,19226,393,0,3162,0.0010000000000047748
79391000,-6383,-4583,125923,-5724,-7647,129278,109,19231,668,0,3163,0.000999999999990564
79392000,2066,5511,128090,-8432,2146,125810,109,19231,446,0,3164,0.0010000000000047748
79393000,-6120,2486,127582,-2428,-853,128545,113,19220,463,1,3165,0.0010000000000047748
79394000,-4732,10943,128282,-15443,9675,119906,122,19228,500,1,3166,0.000999999999990564
79395000,-9206,10110,128047,-12186,5503,125379,109,19229,446,1,3167,0.0010000000000047748
79396000,1558,3388,126036,1144,-1588,123405,114,19229,446,0,3168,0.0010000000000047748
79397000,1199,-7928,124571,-1463,-11620,131379,92,19226,467,0,3169,0.000999999999990564
79398000,797,-7740,125976,-15355,1717,123284,92,19232,377,0,3170,0.0010000000000047748
79399000,4943,8523,127245,2397,4709,120557,106,19227,434,0,3171,0.0010000000000047748
79400000,-3965,6797,126587,9937,2936,130405,130,19224,532,1,3172,0.000999999999990564
79401000,-1401,9046,125117,-12429,7359,125161,113,19233,463,1,3173,0.0010000000000047748
79402000,-2130,7237,124367,-1929,5040,121510,93,19233,463,1,3174,0.0010000000000047748
79403000,8640,8343,125405,13537,2413,124653,113,19231,381,0,3175,0.000999999999990564
79404000,9972,5206,124445,6391,-2216,127608,113,19231,463,0,3176,0.0010000000000047748
79405000,5466,-8636,125420,3339,-11070,130712,111,19229,455,0,3177,0.0010000000000047748
79406000,8862,-1582,126568,7042,595,119934,114,19225,467,1,3178,0.000999999999990564
79407000,2115,13294,129302,47,9795,122316,129,19230,528,1,3179,0.0010000000000047748
79408000,7340,13144,125462,3151,9783,126775,107,19230,528,1,3180,0.0010000000000047748
79409000,6851,1298,125261,6640,-8576,126000,104,19233,438,1,3181,0.000999999999990564
79410000,9665,9372,127010,2068,-4773,120790,104,19221,426,0,3182,0.0010000000000047748
79411000,13750,-8107,123447,14561,-11613,131396,85,19231,348,0,3183,0.0010000000000047748
79412000,6413,-12203,130301,11215,-7042,134660,101,19227,414,0,3184,0.000999999999990564
79413000,5141,11149,130264,-4766,-2015,122742,121,19226,496,1,3185,0.0010000000000047748
79414000,-3039,6091,127649,8079,9349,128560,110,19226,496,1,3186,0.0010000000000047748
79415000,1022,13194,129932,-3187,6566,122298,99,19230,451,1,3187,0.000999999999990564
79416003,7440,-13376,125513,841,-19769,132700,99,19226,405,0,3188,0.0010030000000114114
79417003,9672,-13480,128710,20736,-7883,128738,143,19230,586,0,3189,0.000999999999990564
79418000,11744,461,129061,-2348,-9282,130069,102,19230,418,0,3190,0.0009969999999981383
79419002,589,-2938,134548,-15831,10764,121959,104,19230,426,0,3191,0.0010019999999997253
79420002,-356,12811,132360,-2758,-1944,133746,141,19230,577,1,3192,0.0010000000000047748
79421001,-6099,-6911,129803,2305,-10897,138884,109,19229,577,1,3193,0.0009989999999930887
79422000,-5711,4493,130465,-16760,-3575,114954,103,19232,446,1,3194,0.0009990000000072996
79423026,2697,-3092,128646,-2261,-7495,133075,103,19222,422,0,3195,0.0010259999999959746
79424006,294,-1671,130668,4278,-4896,129586,95,19229,389,0,3196,0.0009799999999984266
79425006,2391,-3337,130832,-12594,-7310,128003,107,19231,438,0,3197,0.0010000000000047748
79426002,-10148,-3219,130900,-17921,-2718,136244,125,19231,512,1,3198,0.000996000000000663
79427002,-6308,6585,132869,-7099,11185,123381,116,19222,512,1,3199,0.0010000000000047748
79428002,-11054,10838,130134,-7552,4363,131136,102,19228,475,1,3200,0.000999999999990564
79429000,-1658,3820,127893,-12464,5005,123816,102,19231,418,1,3201,0.0009980000000098244
79430001,-3908,-2722,126705,-2495,-4611,131582,136,19221,557,0,3202,0.0010009999999880392
79431000,-1939,-10190,125022,-4142,-3595,126844,101,19228,414,0,3203,0.0009990000000072996
79432000,-1809,6394,129341,-12011,9040,120639,103,19225,422,0,3204,0.0010000000000047748
79433000,-8898,2930,128857,-7965,442,139070,145,19225,422,1,3205,0.000999999999990564
79434000,-5269,4131,124688,-6946,2823,114108,115,19229,594,1,3206,0.0010000000000047748
79435000,-10020,9500,127834,-11706,4407,128943,115,19230,471,1,3207,0.0010000000000047748
79436000,-720,4165,122506,1443,2310,121822,109,19225,446,0,3208,0.000999999999990564
79437000,-2572,6362,123556,-1936,-3676,123494,105,19236,430,0,3209,0.0010000000000047748
79438000,-64,-2173,126053,-9720,-1918,129364,110,19227,451,0,3210,0.0010000000000047748
79439000,2085,7677,126316,2688,10211,116504,119,19227,451,0,3211,0.000999999999990564
79440000,-1005,2029,127245,323,4737,133685,117,19219,487,1,3212,0.0010000000000047748
79441004,-1949,13474,124657,-13017,-479,122507,117,19231,479,1,3213,0.0010039999999946758
79442007,1830,6404,124314,2726,1302,127708,99,19232,405,1,3214,0.0010029999999972006
79443000,7554,6918,123459,10260,2988,119328,123,19230,504,0,3215,0.0009930000000082373
79444002,6195,4200,124880,3397,-6467,124946,104,19227,426,0,3216,0.0010019999999997253
79445000,5493,-10793,126438,11932,-13432,137724,110,19227,426,0,3217,0.0009979999999956135
79446000,3418,-938,127547,1516,156,118885,146,19225,451,1,3218,0.0010000000000047748
79447000,3073,6874,131285,-4066,6278,129431,146,19230,598,1,3219,0.0010000000000047748
79448000,4263,11109,127570,7546,11074,123751,113,19232,463,1,3220,0.000999999999990564
79449000,5972,-2948,126351,7059,-5839,133619,100,19226,410,0,3221,0.0010000000000047748
79450000,10268,-2170,130025,-1094,-2152,126111,137,19232,561,0,3222,0.0010000000000047748
79451000,9372,-2649,127233,12414,-8653,133366,104,19232,561,0,3223,0.000999999999990564
79452000,8226,-4446,130215,6798,-6293,129860,110,19229,426,0,3224,0.0010000000000047748
79453000,4852,8454,131267,-6984,6023,127563,110,19220,451,1,3225,0.0010000000000047748
79454000,-722,6024,127923,3240,3070,127659,113,19228,463,1,3226,0.000999999999990564
79455000,-1383,13015,130136,3274,8385,121719,105,19233,430,1,3227,0.0010000000000047748
79456000,6854,-117,127534,-7349,-17958,138828,116,19218,475,0,3228,0.0010000000000047748
79457000,11052,-4693,129666,10125,-9325,119929,92,19218,475,0,3229,0.000999999999990564
79458000,6665,-2111,128582,21002,-11344,136866,104,19229,377,0,3230,0.0010000000000047748
79459000,1658,-9506,130858,-18933,-836,127921,134,19226,426,1,3231,0.0010000000000047748
79460001,-2448,22029,134129,-150,17544,120255,134,19227,549,1,3232,0.0010009999999880392
79461000,-5479,9150,129911,-1424,-5213,137458,111,19231,455,1,3233,0.0009990000000072996
79462000,-1161,-5539,127946,-10097,-9004,124624,97,19226,397,1,3234,0.0010000000000047748
79463000,-3733,-8697,128908,-7982,-15542,136541,140,19226,573,0,3235,0.000999999999990564
79464000,3042,5094,129533,7332,5811,118698,108,19236,573,0,3236,0.0010000000000047748
79465000,-3211,10392,130889,-10174,-3106,133947,115,19229,442,0,3237,0.0010000000000047748
79466001,-3943,-573,130676,-24774,53,133700,115,19222,471,1,3238,0.0010009999999880392
79467002,-13837,6094,129958,-6387,-1292,128538,129,19227,528,1,3239,0.00100100000000225
79468000,-7894,7671,131506,-2845,10674,126158,107,19231,438,1,3240,0.0009979999999956135
79469000,-1421,20658,128101,-8753,-5620,126289,111,19231,455,0,3241,0.0010000000000047748
79470000,-2633,-9924,124729,-14845,-18514,137101,111,19217,455,0,3242,0.0010000000000047748
79471000,1493,-4433,128026,113,1765,122189,106,19233,455,0,3243,0.000999999999990564
79472000,-3372,14159,128543,-6605,3307,122536,106,19229,434,0,3244,0.0010000000000047748
79473000,-3690,9489,129831,-10389,13161,126727,129,19226,528,1,3245,0.0010000000000047748
79474000,-9188,5962,125993,-16751,-7261,131022,115,19233,471,1,3246,0.000999999999990564
79475000,-1420,-2705,128743,-3437,5908,125411,102,19233,418,1,3247,0.0010000000000047748
79476000,1039,18537,125792,9034,973,120113,143,19227,418,0,3248,0.0010000000000047748
79477001,-474,-3435,123815,-2926,-11976,130572,115,19228,586,0,3249,0.00100100000000225
79478000,1893,-752,126194,-8506,-555,127733,115,19228,471,0,3250,0.0009989999999930887
79479000,-2217,1849,125715,-961,2263,127588,116,19227,475,1,3251,0.0010000000000047748
79480000,978,5835,127539,565,22698,116026,152,19231,623,1,3252,0.000999999999990564
79481000,-4093,19303,125623,-10698,1845,126619,108,19234,442,1,3253,0.0010000000000047748
79482000,7677,-3599,123342,10344,-6218,131534,102,19234,442,0,3254,0.0010000000000047748
79483000,7389,620,123143,12354,-213,118871,84,19224,418,0,3255,0.000999999999990564
79484000,11040,4165,125500,-6814,-2388,120090,84,19231,344,0,3256,0.0010000000000047748
79485000,9046,3264,125876,14467,-2591,124039,112,19229,459,0,3257,0.0010000000000047748
79486000,3881,-8890,125744,1549,-12046,137545,128,19223,524,1,3258,0.000999999999990564
79487000,2759,2175,129226,-5451,8289,120747,113,19230,463,1,3259,0.0010000000000047748
79488000,3082,16296,125960,13325,8216,119533,97,19230,463,1,3260,0.0010000000000047748
79489000,9561,501,123758,7626,-7036,127540,131,19229,397,0,3261,0.000999999999990564
79490003,10533,3878,127233,2091,-4389,125596,131,19231,537,0,3262,0.0010030000000114114
79491000,8594,-14235,124305,13695,-20050,138305,102,19229,418,0,3263,0.0009969999999981383
79492000,5338,-7314,130976,-3606,6415,117420,103,19227,422,1,3264,0.000999999999990564
79493000,2057,8828,132071,-608,3063,131899,137,19230,561,1,3265,0.0010000000000047748
79494000,2266,4825,128912,4341,2154,127126,111,19230,561,1,3266,0.0010000000000047748
79495000,1371,7908,130996,-4049,1557,129741,102,19229,455,1,3267,0.000999999999990564
79496001,7918,-8403,126376,2920,-14986,129278,102,19221,418,0,3268,0.00100100000000225
79497000,6540,-9974,131942,17278,-6759,122868,125,19231,512,0,3269,0.0009990000000072996
79498000,6798,-7997,130903,2548,-16826,134319,105,19229,430,0,3270,0.000999999999990564
79499000,-524,-2108,132941,-15326,2507,124615,117,19221,479,1,3271,0.0010000000000047748
79500002,-3782,16335,135687,-6152,14173,123866,112,19221,479,1,3272,0.0010019999999997253
79501000,-8896,9862,129172,95,4269,131825,98,19230,459,1,3273,0.0009979999999956135
79502000,-887,-11522,129830,-13289,-17143,140554,98,19233,401,0,3274,0.0010000000000047748
79503000,-1953,-11523,129404,-2499,-10745,130095,122,19227,500,0,3275,0.0010000000000047748
79504003,3962,13678,132835,-6067,12004,115783,98,19231,401,0,3276,0.0010029999999972006
79505001,-4293,12038,129892,-6808,-6493,137993,108,19228,442,0,3277,0.0009979999999956135
79506000,-5499,-7170,128925,-11364,-7584,134004,152,19228,623,1,3278,0.0009990000000072996
79507000,-9035,3589,130333,-11844,8232,125775,117,19230,623,1,3279,0.000999999999990564
79508000,-12247,13131,129312,-10005,14199,123285,99,19230,479,1,3280,0.0010000000000047748
79509000,390,15821,127736,-5080,-4638,125129,99,19225,405,0,3281,0.0010000000000047748
79510000,-4486,-7769,124456,-3968,-18580,136832,163,19232,668,0,3282,0.000999999999990564
79511000,-2924,-8766,125498,-9363,-837,123973,102,19235,418,0,3283,0.0010000000000047748
79512000,-111,8160,130555,-5349,5292,123256,113,19235,463,1,3284,0.0010000000000047748
79513000,-5357,9023,128354,-8714,13939,120954,116,19220,463,1,3285,0.000999999999990564
79514000,-5470,14557,129530,-17510,1797,126949,106,19231,475,1,3286,0.0010000000000047748
79515000,-4425,1247,125581,-3110,-4123,129251,106,19231,434,1,3287,0.0010000000000047748
79516000,-269,3424,123616,4963,-9209,122461,117,19232,479,0,3288,0.000999999999990564
79517000,3363,-2124,123782,-653,-4862,125653,95,19226,389,0,3289,0.0010000000000047748
79518000,-475,8467,128176,-14867,4884,124376,106,19226,434,0,3290,0.0010000000000047748
79519000,3875,15059,123568,-3574,-3622,124327,138,19228,434,1,3291,0.000999999999990564
79520000,-3997,6683,127177,1925,8082,126291,111,19223,565,1,3292,0.0010000000000047748
79521000,1552,17103,124597,-6260,9314,115459,111,19230,455,1,3293,0.0010000000000047748
79522002,3467,8051,124651,10363,1052,125290,92,19227,377,0,3294,0.0010019999999997253
79523002,10186,-4339,122121,3128,-12505,130885,104,19232,426,0,3295,0.000999999999990564
79524000,10086,-8466,125283,3677,-3757,119082,114,19232,467,0,3296,0.0009980000000098244
79525000,6168,4520,127239,9515,-866,125884,117,19232,467,0,3297,0.000999999999990564
79526000,2660,387,125904,2395,-751,126093,116,19221,479,1,3298,0.0010000000000047748
79527000,-585,4569,128981,-11425,7992,132682,116,19229,475,1,3299,0.0010000000000047748
79528000,10221,8266,123746,14487,1506,121837,101,19232,414,1,3300,0.000999999999990564
79529000,6733,7143,126212,14703,2182,115291,109,19222,446,0,3301,0.0010000000000047748
79530000,8144,8563,125482,-3205,-14540,132043,93,19228,381,0,3302,0.0010000000000047748
79531000,7709,-19127,126675,15979,-22420,137531,108,19228,381,0,3303,0.000999999999990564
79532000,4789,-1982,131730,921,901,132409,130,19227,442,1,3304,0.0010000000000047748
79533000,2561,12464,132292,-9181,13059,117051,130,19225,532,1,3305,0.0010000000000047748
79534000,-21,15866,130846,7729,7103,127003,113,19231,463,1,3306,0.000999999999990564
79535007,4939,-11374,125529,-2068,-14876,135901,98,19230,401,1,3307,0.0010070000000013124
79536000,8423,-11286,128834,3269,-10473,125106,157,19232,643,0,3308,0.0009930000000082373
79537000,11689,1943,129654,14976,478,126473,109,19232,643,0,3309,0.000999999999990564
79538000,1380,-6691,129663,-2756,-11469,129152,106,19227,446,0,3310,0.0010000000000047748
79539000,-188,8373,136346,-19973,4653,137615,106,19224,434,1,3311,0.0010000000000047748
79540000,-5211,-478,130630,769,1688,128973,139,19230,569,1,3312,0.000999999999990564
79541000,-8307,6666,129887,2706,5814,122444,106,19231,434,1,3313,0.0010000000000047748
79542000,-4,-6930,128869,-21911,-9669,134389,108,19222,442,0,3314,0.0010000000000047748
79543001,-2311,-13706,128058,-1457,-12700,132792,90,19222,442,0,3315,0.0010009999999880392
79544000,4966,4339,133428,7212,453,127910,107,19230,369,0,3316,0.0009990000000072996
79545000,-8925,3404,130878,-17500,4915,126791,107,19225,438,0,3317,0.0010000000000047748
79546000,-7788,4646,131288,-16120,1377,135589,127,19225,520,1,3318,0.000999999999990564
79547000,-8960,309,128377,-4148,-211,126038,114,19231,467,1,3319,0.0010000000000047748
79548000,-6554,5060,130132,-10687,7450,117509,101,19232,414,1,3320,0.0010000000000047748
79549000,-1158,8404,126695,-7404,2412,130156,144,19232,414,0,3321,0.000999999999990564
79550002,-4606,-6624,126508,-11480,-4210,130412,102,19227,590,0,3322,0.0010019999999997253
79551000,2920,5199,127453,2397,-4401,123181,102,19228,418,0,3323,0.0009980000000098244
79552000,-7285,-756,127159,-10259,376,129065,105,19225,430,1,3324,0.000999999999990564
79553001,-5402,11541,129239,-13424,11318,122251,131,19226,537,1,3325,0.00100100000000225
79554000,-9058,13142,127141,-6634,1516,127610,110,19231,451,1,3326,0.0009990000000072996
79555000,-301,3480,123411,1485,-1558,126215,107,19231,438,0,3327,0.000999999999990564
79556000,-211,-2020,125716,-6678,1422,120674,96,19224,438,0,3328,0.0010000000000047748
79557000,2090,-1830,125166,-5705,2356,126192,114,19230,393,0,3329,0.0010000000000047748
79558000,4295,6240,128247,3809,-1681,128212,114,19227,467,0,3330,0.000999999999990564
79559000,-308,1813,125774,-3699,-2987,132285,121,19217,496,1,3331,0.0010000000000047748
79560000,-2806,7316,126356,-9136,12545,115591,109,19235,446,1,3332,0.0010000000000047748
79561002,-1002,18215,125338,1461,6099,125376,99,19235,405,1,3333,0.0010019999999997253
79562000,8635,1459,123772,17894,578,124610,128,19230,405,0,3334,0.0009979999999956135
79563000,11318,7381,122726,1067,-14472,124684,107,19233,524,0,3335,0.0010000000000047748
79564001,5062,-4968,126600,-965,-15265,128874,107,19227,438,0,3336,0.0010009999999880392
79565000,7304,2382,127288,14392,1385,123421,110,19226,451,1,3337,0.0009990000000072996
79566000,2905,6437,129591,-3164,11829,125391,143,19230,586,1,3338,0.0010000000000047748
79567000,5828,9566,128023,-2537,12930,123802,109,19230,446,1,3339,0.000999999999990564
79568000,6671,3124,125502,10910,-4267,127608,98,19232,446,1,3340,0.0010000000000047748
79569000,11529,-3007,126418,8468,-3779,124841,123,19225,401,0,3341,0.0010000000000047748
79570000,10205,-4623,126374,8963,-16712,134587,123,19234,504,0,3342,0.000999999999990564
79571000,6090,-10459,127680,5752,-10137,129029,113,19231,463,0,3343,0.0010000000000047748
79572000,4223,10810,130152,-4723,9339,124788,114,19224,467,1,3344,0.0010000000000047748
79573000,-854,15574,129431,551,10767,125688,105,19232,430,1,3345,0.000999999999990564
79574000,1586,-618,128556,10807,13989,124636,98,19232,430,1,3346,0.0010000000000047748
79575000,861,370,127570,-4549,-17479,131121,127,19230,401,0,3347,0.0010000000000047748
79576000,10986,-15895,131367,4849,-20801,134190,127,19224,520,0,3348,0.000999999999990564
79577000,11210,-2259,130541,21237,3359,124640,101,19231,414,0,3349,0.0010000000000047748
79578000,3183,5609,129271,-15917,-4394,128188,105,19229,430,0,3350,0.0010000000000047748
79579001,1655,10321,134305,-14725,11872,124196,136,19224,557,1,3351,0.0010009999999880392
79580000,-5168,3537,129877,1865,-5404,136454,108,19224,557,1,3352,0.0009990000000072996
79581000,-6180,-3523,130191,676,-5777,127374,96,19236,442,1,3353,0.0010000000000047748
79582000,-1941,-4418,128496,-21265,-11388,129018,96,19228,393,0,3354,0.000999999999990564
79583000,-669,-4854,128008,2876,-5886,132929,129,19233,528,0,3355,0.0010000000000047748
79584002,1816,3896,129685,7347,-504,122269,108,19228,442,0,3356,0.0010019999999997253
79585000,-7656,6061,132753,-21316,281,133254,117,19221,479,1,3357,0.0009979999999956135
79586000,-10239,112,128989,-12859,10181,123544,115,19221,479,1,3358,0.0010000000000047748
79587000,-8359,6026,132420,-8589,3700,129572,102,19230,471,1,3359,0.0010000000000047748
79588000,-4480,-265,129987,-9512,-2056,132593,102,19231,418,1,3360,0.000999999999990564
79589000,-1533,-4278,126533,-5560,-8278,127306,116,19216,475,0,3361,0.0010000000000047748
79590000,-5150,-9230,125646,-4354,-9102,129370,91,19230,373,0,3362,0.0010000000000047748
79591000,-2451,12032,129131,-11564,8274,119281,103,19233,422,0,3363,0.000999999999990564
79592000,-3960,7458,127477,-9550,-630,132388,133,19233,422,1,3364,0.0010000000000047748
79593000,-9170,10895,126044,782,3400,123317,115,19232,545,1,3365,0.000999999999990564
79594000,-7044,4350,127365,-18341,1734,127548,115,19227,471,1,3366,0.0010000000000047748
79595000,-2166,4731,125839,-4394,1777,123782,101,19230,414,0,3367,0.0010000000000047748
79596000,1369,1175,125429,6516,-4824,132315,125,19232,512,0,3368,0.000999999999990564
79597000,826,-8061,126997,-7718,-3356,127540,116,19227,475,0,3369,0.0010000000000047748
79598000,-2169,15522,126591,-9111,10479,119979,115,19227,471,0,3370,0.0010000000000047748
79599000,814,8920,125918,-704,9192,125622,138,19227,471,1,3371,0.000999999999990564
79600000,-2261,8925,125481,-3022,3066,123641,104,19231,565,1,3372,0.0010000000000047748
79601000,6734,305,124932,6538,2292,125865,104,19229,426,1,3373,0.0010000000000047748
79602000,4081,2277,122705,4893,2564,119265,108,19222,442,0,3374,0.000999999999990564
79603002,9329,6480,125689,-2032,-7334,127805,100,19228,410,0,3375,0.0010019999999997253
79604000,8542,-4561,124757,17413,-7824,127870,111,19228,455,0,3376,0.0009980000000098244
79605000,2239,2127,126052,-3055,-3137,126754,132,19230,455,1,3377,0.000999999999990564
79606000,3780,5115,130453,-1876,8921,121451,115,19228,541,1,3378,0.0010000000000047748
79607000,2635,13588,127376,14452,1040,128544,115,19230,471,1,3379,0.0010000000000047748
79608003,10636,-1959,126180,4755,-2490,126077,101,19228,414,1,3380,0.0010029999999972006
79609000,7130,2565,128133,-6448,253,125438,144,19233,590,0,3381,0.0009969999999981383
79610000,10541,-3553,125692,19383,-12268,134737,98,19233,401,0,3382,0.0010000000000047748
79611002,7307,-6126,128513,10823,-2248,126571,100,19232,401,0,3383,0.0010019999999997253
79612001,409,1099,132077,-19461,-1161,133743,125,19226,410,1,3384,0.0009989999999930887
79613000,2121,9032,129908,4786,10303,115377,125,19227,512,1,3385,0.0009990000000072996
79614002,430,15212,130287,10634,3965,133817,108,19232,442,1,3386,0.0010019999999997253
79615000,7713,-7618,125434,-10003,-15700,130366,106,19218,434,0,3387,0.0009979999999956135
79616002,6539,-9692,130945,10233,-9265,127029,105,19227,430,0,3388,0.0010019999999997253
79617000,8343,-2611,127896,16333,-9332,134840,104,19227,430,0,3389,0.0009979999999956135
79618000,852,484,131771,-21655,6286,117417,121,19227,426,1,3390,0.0010000000000047748
79619000,1367,11821,133539,-6938,4084,133995,121,19219,496,1,3391,0.0010000000000047748
79620000,-6703,7244,126989,11301,-4268,125514,113,19230,463,1,3392,0.000999999999990564
79621000,-3779,-4186,131807,-27394,2015,131659,96,19231,393,1,3393,0.0010000000000047748
79622000,918,-1171,128174,-2579,-10029,127294,136,19229,557,0,3394,0.0010000000000047748
79623000,799,-3947,130691,14351,-8789,128228,101,19229,557,0,3395,0.000999999999990564
79624000,-273,1157,132603,-13185,434,132333,106,19229,414,0,3396,0.0010000000000047748
79625000,-7631,3620,128661,-19002,-3541,126849,106,19223,434,1,3397,0.0010000000000047748
79626000,-7062,5045,132458,-9102,6898,131539,132,19228,541,1,3398,0.000999999999990564
79627000,-10180,12953,129723,-7096,9800,124027,112,19230,459,1,3399,0.0010000000000047748
79628000,-4018,9674,127987,-10690,1876,126125,102,19225,418,1,3400,0.0010000000000047748
79629000,-4065,-2638,125424,-7700,-9024,129963,127,19225,418,0,3401,0.000999999999990564
79630001,-2125,-2704,127797,-7205,883,123861,101,19224,520,0,3402,0.00100100000000225
79631000,2952,5285,127429,-4064,3831,127286,101,19233,414,0,3403,0.0009990000000072996
79632000,-5642,4627,128443,-3170,3803,125308,115,19220,471,1,3404,0.000999999999990564
79633000,-5968,8436,130438,-22074,6626,135588,112,19228,459,1,3405,0.0010000000000047748
79634000,-4998,4622,126919,-3098,4684,117603,103,19232,422,1,3406,0.0010000000000047748
79635000,1235,7261,125633,5095,553,126212,131,19232,422,0,3407,0.000999999999990564
79636000,-1116,-10991,121644,-6354,-10611,130674,100,19234,537,0,3408,0.0010000000000047748
79637001,-1886,-3327,125365,-1275,-2241,122333,100,19232,410,0,3409,0.00100100000000225
79638000,1059,14024,126939,-1132,5863,127545,107,19230,438,1,3410,0.0009989999999930887
79639000,-4023,13928,126040,-89,15641,123456,150,19224,614,1,3411,0.0010000000000047748
79640000,-397,10482,124011,-8636,4981,130202,109,19237,446,1,3412,0.0010000000000047748
79641000,4588,2446,125168,3719,3101,117421,96,19237,393,0,3413,0.000999999999990564
79642002,9000,5948,124441,10010,-2448,127289,92,19226,393,0,3414,0.0010019999999997253
79643000,9958,-9172,126877,6301,-3461,121871,113,19233,377,0,3415,0.0009980000000098244
79644005,5956,-2218,126984,2786,-6073,134053,113,19227,463,0,3416,0.001004999999992151
79645000,6602,-6675,126276,6484,-3533,121173,119,19223,487,1,3417,0.0009950000000031878
79646003,-309,14348,127630,1798,20480,116814,107,19230,438,1,3418,0.0010029999999972006
79647001,5357,21173,125462,823,-5564,129930,100,19230,410,1,3419,0.0009980000000098244
79648002,7780,1406,123592,10180,-3893,121165,121,19231,410,0,3420,0.0010009999999880392
79649000,11855,-2114,126152,6787,-13596,137048,99,19227,496,0,3421,0.0009980000000098244
79650000,10561,-11368,127752,12451,-9116,122264,99,19235,405,0,3422,0.000999999999990564
79651000,4880,-313,132015,-1787,-1094,131778,106,19231,434,0,3423,0.0010000000000047748
79652000,3524,3636,130087,-5564,-1603,133665,140,19224,573,1,3424,0.0010000000000047748
79653000,654,11458,130514,2470,12145,117579,113,19224,463,1,3425,0.000999999999990564
79654000,1264,8425,127480,-2962,48,132614,99,19228,463,1,3426,0.0010000000000047748
79655000,7615,-6775,124681,7066,-14898,128042,141,19231,405,0,3427,0.0010000000000047748
79656000,6912,-3850,130913,22977,-8137,133454,141,19233,577,0,3428,0.000999999999990564
79657000,5683,-3611,126853,-13069,-8603,128279,106,19228,434,0,3429,0.0010000000000047748
79658000,-778,6765,133815,-14564,9875,123209,112,19224,459,1,3430,0.0010000000000047748
79659000,-2216,6698,132542,9044,-10282,140087,134,19227,549,1,3431,0.000999999999990564
79660002,-9588,1173,129346,-6703,-3698,124604,100,19227,549,1,3432,0.0010019999999997253
79661002,-829,536,132517,-20622,1515,131083,110,19233,410,1,3433,0.0010000000000047748
79662000,-416,-4946,128645,4737,-6314,128073,110,19226,451,0,3434,0.0009979999999956135
79663000,7736,737,132036,2919,279,125895,94,19226,385,0,3435,0.0010000000000047748
79664000,-6235,1522,132121,-22059,-5764,133614,111,19229,455,0,3436,0.0010000000000047748
79665000,-6757,4406,130434,-12531,-6170,127422,140,19224,573,1,3437,0.000999999999990564
79666000,-8373,12062,131767,-6894,7364,132974,115,19224,573,1,3438,0.0010000000000047748
79667000,-10529,10504,126676,-13994,2567,122613,97,19232,471,1,3439,0.0010000000000047748
79668002,-1772,12625,131167,-1364,13465,123345,97,19226,397,0,3440,0.0010019999999997253
79669001,-3965,-10328,122614,-10653,-19945,132488,153,19224,627,0,3441,0.0009989999999930887
79670000,666,-4830,130220,-4315,-345,124297,104,19229,426,0,3442,0.0009990000000072996
79671000,-3152,9824,127537,-6974,4336,127945,109,19226,446,1,3443,0.000999999999990564
79672002,-7661,9113,126633,-10417,5973,121137,130,19226,446,1,3444,0.0010019999999997253
79673000,-4903,5413,128917,-14678,5619,130652,109,19230,532,1,3445,0.0009980000000098244
79674001,-5682,2045,125230,-7797,3228,124907,109,19232,446,1,3446,0.0010009999999880392
79675000,1970,7813,124823,9181,3294,122513,112,19224,459,0,3447,0.0009990000000072996
79676000,-4216,-2591,123743,-10197,-6702,125191,100,19232,410,0,3448,0.0010000000000047748
79677000,2798,4814,125769,-7732,34,125503,114,19230,467,0,3449,0.000999999999990564
79678000,-740,256,125497,11465,-2242,132484,133,19230,467,1,3450,0.0010000000000047748
79679003,-2979,7269,127346,-11203,2817,123816,113,19224,545,1,3451,0.0010029999999972006
79680001,-707,16938,126052,-1544,18617,116930,113,19233,463,1,3452,0.0009979999999956135
79681000,2758,8955,123613,6048,6220,123440,91,19228,373,0,3453,0.0009990000000072996
79682029,13088,-4061,124478,4845,-3772,130170,130,19229,532,0,3454,0.0010290000000026112
79683000,7377,-7507,126722,8645,-3111,125197,108,19232,442,0,3455,0.0009709999999927277
79684001,7417,-3262,126961,2451,-4987,123614,113,19232,442,0,3456,0.00100100000000225
79685001,4332,5106,129304,5152,-442,128306,128,19228,463,1,3457,0.0010000000000047748
79686000,2589,4869,126644,-706,5214,127555,128,19225,524,1,3458,0.0009989999999930887
79687000,6326,8374,126162,5458,6146,122754,104,19231,426,1,3459,0.0010000000000047748
79688002,5916,4291,126163,4320,2535,119679,100,19221,410,0,3460,0.0010019999999997253
79689000,10326,336,125963,6317,-6780,136418,93,19229,381,0,3461,0.0009979999999956135
79690000,7834,-13711,126909,13128,-18439,131551,105,19229,430,0,3462,0.0010000000000047748
79691000,5288,-3245,131943,-5047,4523,122775,119,19230,430,1,3463,0.0010000000000047748
79692000,1706,24808,131798,4247,9294,124538,111,19223,487,1,3464,0.000999999999990564
79693000,-99,8993,129198,-182,-4817,133282,111,19232,455,1,3465,0.0010000000000047748
79694001,7180,-8260,127115,-469,-9529,128214,97,19230,397,1,3466,0.00100100000000225
79695000,7675,-3650,128207,4146,-10368,124487,137,19223,561,0,3467,0.0009989999999930887
79696000,14096,-1323,131097,18129,26,127503,110,19223,451,0,3468,0.0010000000000047748
79697000,2780,-7105,129958,-12617,-8604,137594,106,19232,451,0,3469,0.0010000000000047748
79698000,160,-4675,131845,-18332,3050,123883,155,19228,434,1,3470,0.000999999999990564
79699000,-6773,15853,133647,11288,4885,128308,155,19228,635,1,3471,0.0010000000000047748
79700000,-6489,4616,130628,-4262,-6640,129599,109,19229,446,1,3472,0.0010000000000047748
79701003,-1530,-4627,128039,-17234,-17167,132937,102,19225,418,0,3473,0.0010029999999972006
79702002,527,-12313,130597,-2681,-3382,127198,115,19225,471,0,3474,0.0009989999999930887
79703000,6125,7034,129510,5519,13455,116388,105,19232,471,0,3475,0.0009980000000098244
79704000,-4905,11887,131125,-16851,-8657,136887,120,19227,430,0,3476,0.000999999999990564
79705000,-7899,-1197,130897,-18421,-8948,134337,120,19221,491,1,3477,0.0010000000000047748
79706000,-10384,-2058,129564,-6639,6001,128826,113,19228,463,1,3478,0.0010000000000047748
79707000,-5466,17447,130885,-7457,16590,115224,100,19232,410,1,3479,0.000999999999990564
79708000,-1677,7814,125267,-7362,-7105,131601,126,19220,516,0,3480,0.0010000000000047748
79709000,-1833,-14516,125496,-9037,-8385,134101,95,19220,516,0,3481,0.0010000000000047748
79710000,-1648,-872,127681,-1284,1862,125037,100,19232,389,0,3482,0.000999999999990564
79711000,-2656,8903,129756,-5107,9361,123564,100,19226,410,1,3483,0.0010000000000047748
79712000,-8397,16952,126398,-11412,1935,122962,146,19232,598,1,3484,0.0010000000000047748
79713000,-7858,-796,127958,-11798,-3251,135233,115,19236,471,1,3485,0.000999999999990564
79714000,408,5043,125421,-1039,927,120595,102,19230,418,0,3486,0.0010000000000047748
79715000,1851,1314,125842,1111,6095,123735,112,19230,418,0,3487,0.0010000000000047748
79716000,3291,1,123539,-6683,-4044,123172,105,19235,459,0,3488,0.000999999999990564
79717000,1489,-743,127431,-4213,-2345,130256,105,19225,430,0,3489,0.0010000000000047748
79718000,-1785,3611,126137,1443,8277,127987,114,19221,467,1,3490,0.000999999999990564
79719000,-4132,13797,123621,-6084,5746,116035,123,19226,504,1,3491,0.0010000000000047748
79720000,-1825,11215,126486,-3282,2246,128695,98,19229,401,1,3492,0.0010000000000047748
79721000,6457,3089,121721,5813,-5053,121932,117,19229,401,0,3493,0.000999999999990564
79722000,7539,593,123709,11658,-6277,124518,102,19225,479,0,3494,0.0010000000000047748
79723000,8368,-3730,125854,4933,-5109,124782,102,19225,418,0,3495,0.0010000000000047748
79724000,3716,192,125453,1446,-4360,124965,111,19227,455,1,3496,0.000999999999990564
79725000,4807,4497,129540,4683,7874,124552,141,19231,577,1,3497,0.0010000000000047748
79726002,5024,9906,128088,-1264,2661,126103,111,19232,455,1,3498,0.0010019999999997253
79727000,4164,1935,128111,2085,8288,126848,95,19232,455,1,3499,0.0009979999999956135
79728002,14326,-5222,126167,8119,-6112,121133,131,19232,389,0,3500,0.0010019999999997253
79729000,9886,-3296,129530,13695,-11865,134255,131,19234,537,0,3501,0.0009980000000098244
79730000,5700,-10373,126885,7542,-11912,133548,104,19230,426,0,3502,0.000999999999990564
79731000,2815,1129,130133,-7302,874,123327,107,19223,438,1,3503,0.0010000000000047748
79732000,556,20092,130464,7211,12881,126075,116,19225,475,1,3504,0.0010000000000047748
79733003,989,10972,126868,1429,7514,132316,103,19225,422,1,3505,0.0010029999999972006
79734002,5214,-786,129548,-7286,-6878,129215,116,19238,422,0,3506,0.0009989999999930887
79735000,11237,-10280,128110,14019,-13193,124343,92,19224,475,0,3507,0.0009980000000098244
79736000,6223,-3458,131208,11481,-3234,131896,92,19235,377,0,3508,0.000999999999990564
79737000,6024,-6936,132305,-8170,-12632,131814,105,19230,430,0,3509,0.0010000000000047748
79738000,648,-3546,131822,-7170,11072,134025,130,19222,532,1,3510,0.0010000000000047748
79739000,-8873,16885,131409,-2956,7097,116478,110,19222,451,1,3511,0.000999999999990564
79740000,-7204,4615,128443,-7989,-11405,133567,94,19235,451,1,3512,0.0010000000000047748
79741001,5,-10248,129419,-11435,-16653,139868,151,19220,385,0,3513,0.00100100000000225
79742000,-800,-8347,128819,1669,-4621,123442,151,19234,618,0,3514,0.0009989999999930887
79743000,1252,7052,133227,-11822,8449,125093,108,19228,442,0,3515,0.0010000000000047748
79744001,-6156,9071,130864,-11606,-2978,129607,112,19225,459,1,3516,0.00100100000000225
79745000,-7821,-1554,130823,-14841,192,134686,128,19225,524,1,3517,0.0009989999999930887
79746000,-7299,8863,129387,-9086,2032,124778,105,19228,524,1,3518,0.0010000000000047748
79747000,-5766,13700,129736,-8560,6899,121201,109,19232,430,1,3519,0.0010000000000047748
79748000,-1086,3621,125546,-8612,-8750,132132,109,19219,446,0,3520,0.000999999999990564
79749000,-4507,-8536,126927,-4271,-9824,129689,126,19231,516,0,3521,0.0010000000000047748
79750000,-1284,-4103,128428,-8665,-4281,137031,104,19228,426,0,3522,0.0010000000000047748
79751000,-5605,10542,127325,-8879,14720,110686,125,19229,512,1,3523,0.000999999999990564
79752000,-6678,18445,126308,-6301,2948,130520,114,19229,512,1,3524,0.0010000000000047748
79753001,-8700,1493,124478,-14261,-1479,125134,101,19230,467,1,3525,0.00100100000000225
79754000,-3769,16358,123834,-2588,-7788,127054,101,19226,414,0,3526,0.0009989999999930887
79755001,152,-1825,124851,8536,-5637,123720,144,19231,590,0,3527,0.00100100000000225
79756000,1114,-1073,124238,-4556,-1651,124799,109,19227,446,0,3528,0.0009990000000072996
79757000,3461,-338,128894,-7060,2462,127162,113,19224,463,0,3529,0.000999999999990564
79758000,-198,13419,128018,-401,13849,117950,151,19224,463,1,3530,0.0010000000000047748
79759001,-497,10185,124389,-5864,1586,130678,109,19227,618,1,3531,0.00100100000000225
79760002,2301,5950,125243,1460,8753,117788,109,19231,446,1,3532,0.00100100000000225
79761002,6187,8678,123745,1961,-6162,126658,102,19221,418,0,3533,0.000999999999990564
79762000,10209,-4582,125889,15218,-4627,130759,82,19231,336,0,3534,0.0009980000000098244
79763000,6895,-4240,124607,6119,-10147,120757,112,19228,459,0,3535,0.000999999999990564
79764000,4483,1947,126733,-3383,-6051,127442,126,19228,459,1,3536,0.0010000000000047748
79765000,1737,11279,127396,7603,7660,123016,116,19224,516,1,3537,0.0010000000000047748
79766000,2988,9194,124633,1251,-1816,132101,116,19228,475,1,3538,0.000999999999990564
79767000,7503,4755,126504,5326,-769,122629,101,19226,414,1,3539,0.0010000000000047748
79768000,7703,4383,126377,4494,-2488,122826,131,19227,537,0,3540,0.0010000000000047748
79769000,14134,-6952,126815,12456,-9381,132377,105,19232,430,0,3541,0.000999999999990564
79770000,5127,-10366,128432,7650,-11819,128202,107,19232,430,0,3542,0.0010000000000047748
79771000,4255,1488,129989,-10186,-2365,134375,141,19224,438,1,3543,0.0010000000000047748
79772000,-1995,14768,130231,5599,8248,120701,141,19227,577,1,3544,0.000999999999990564
79773000,1448,11812,129270,-730,-155,124294,113,19229,463,1,3545,0.0010000000000047748
79774000,8619,-1346,126217,3857,-6995,133382,102,19222,418,0,3546,0.0010000000000047748
79775000,8080,-15061,130471,6202,-10404,125598,122,19235,500,0,3547,0.000999999999990564
79776001,10930,-525,130828,14420,-7298,134200,104,19235,500,0,3548,0.00100100000000225
79777000,-485,-5347,131695,-11299,-3068,125232,114,19228,426,0,3549,0.0009990000000072996
79778000,-316,14910,133669,-12681,9041,127066,114,19217,467,1,3550,0.000999999999990564
79779000,-5164,6781,128967,2717,432,134221,114,19231,467,1,3551,0.0010000000000047748
79780002,-7043,-1535,128962,-6113,-2324,132827,98,19233,401,1,3552,0.0010019999999997253
79781002,3054,-3794,128334,-15968,-9660,129239,121,19222,496,0,3553,0.0010000000000047748
79782000,-2297,-2232,128304,5642,-779,123109,99,19222,405,0,3554,0.0009979999999956135
79783000,2673,3057,130918,268,-1800,136442,108,19229,405,0,3555,0.0010000000000047748
79784003,-7489,-3038,130356,-18982,-292,124321,146,19225,442,1,3556,0.0010029999999972006
79785002,-10254,1614,131732,-16780,16746,130776,146,19227,598,1,3557,0.0009989999999930887
79786002,-7600,18556,129539,-2457,-39,122811,115,19234,471,1,3558,0.0010000000000047748
79787000,-3761,5333,128850,-12228,-7732,132230,101,19226,414,1,3559,0.0009979999999956135
79788000,-1119,-2503,124952,-5252,-11745,128517,163,19226,668,0,3560,0.0010000000000047748
79789000,-4857,1234,127962,-6342,2760,117069,106,19232,668,0,3561,0.0010000000000047748
79790000,2651,6604,129571,-10407,7380,130551,112,19231,434,0,3562,0.000999999999990564
79791003,-6170,-182,126046,-10037,931,127480,112,19224,459,1,3563,0.0010030000000114114
79792000,-6310,8444,128745,-10274,4839,126883,122,19227,500,1,3564,0.0009969999999981383
79793000,-6934,12662,127517,-5448,5489,120491,108,19226,442,1,3565,0.000999999999990564
79794000,-630,8323,125484,1957,-4263,127870,119,19228,487,0,3566,0.0010000000000047748
79795000,2063,-6161,123649,-1934,-11160,130107,97,19228,487,0,3567,0.0010000000000047748
79796000,-901,-1761,124184,-5986,-3351,125072,108,19231,397,0,3568,0.000999999999990564
79797000,523,5515,125804,1454,18282,114090,108,19230,442,0,3569,0.0010000000000047748
79798000,-2132,21382,126787,-9585,2681,126855,134,19221,549,1,3570,0.0010000000000047748
79799003,-2278,2937,124906,683,-5345,133535,113,19230,463,1,3571,0.0010029999999972006
79800000,3840,3859,123565,4273,7585,116862,95,19229,389,1,3572,0.0009969999999981383
79801000,8290,14350,125479,6113,4883,118435,121,19229,389,0,3573,0.0010000000000047748
79802000,12846,1170,124381,7447,-6157,126716,118,19229,496,0,3574,0.000999999999990564
79803000,8423,-14714,124942,5220,-20577,137427,118,19229,483,0,3575,0.0010000000000047748
79804000,4860,-7508,129886,312,1640,124842,117,19221,479,1,3576,0.0010000000000047748
79805001,-584,15858,129831,1556,15108,118898,127,19229,520,1,3577,0.0010009999999880392
79806000,2224,17509,125687,10345,2974,126325,102,19234,418,1,3578,0.0009990000000072996
79807000,8249,4852,125201,-161,-5113,127042,110,19234,418,0,3579,0.0010000000000047748
79808000,9797,-1453,125798,2147,-11050,127247,86,19224,451,0,3580,0.000999999999990564
79809000,12199,-7070,128489,21937,2316,123913,86,19232,352,0,3581,0.0010000000000047748
79810001,6364,-7099,128467,-5159,-10290,130544,102,19229,418,0,3582,0.00100100000000225
79811000,4309,-7002,132189,-6188,-3064,135937,123,19222,504,1,3583,0.0009989999999930887
79812003,-272,18041,132244,3188,19420,119502,112,19232,459,1,3584,0.0010029999999972006
79813000,290,15931,126512,-500,1163,124105,96,19232,459,1,3585,0.0009970000000123491
79814000,4145,-5287,127279,-906,-14447,131398,145,19232,393,0,3586,0.000999999999990564
79815000,7930,-16003,126996,15947,-17638,131794,145,19233,594,0,3587,0.0010000000000047748
79816000,5257,-9781,128193,5641,-12333,134595,101,19231,414,0,3588,0.0010000000000047748
79817000,5791,11843,136750,-20946,14991,117879,106,19221,434,1,3589,0.000999999999990564
79818000,-2954,17078,130696,4907,5909,131465,139,19232,569,1,3590,0.0010000000000047748
79819000,-8411,-1467,129512,-3833,-2072,129414,106,19232,569,1,3591,0.0010000000000047748
79820000,-5369,-8762,130648,-20619,-15282,135905,105,19232,434,1,3592,0.000999999999990564
79821000,-207,-4763,132319,-405,1139,127247,105,19223,430,0,3593,0.0010000000000047748
79822000,5386,4115,131339,3263,3192,121093,93,19230,381,0,3594,0.0010000000000047748
79823008,-3342,-7241,132080,-11832,-7469,135847,109,19229,446,0,3595,0.0010079999999987876
79824002,-5115,4689,129667,-14330,5709,126004,129,19221,528,1,3596,0.0009939999999915017
79825002,-12826,3196,130256,-10537,438,134653,116,19221,475,1,3597,0.0010000000000047748
79826000,-10566,17314,130789,-7566,14733,121137,96,19229,475,1,3598,0.0009979999999956135
79827000,-3242,7220,126096,-10670,-2577,137024,136,19231,393,0,3599,0.0010000000000047748
79828000,-4929,-9724,125433,-7295,-9508,127525,136,19221,557,0,3600,0.0010000000000047748
79829001,156,-254,127255,-6087,-2638,125265,109,19235,446,0,3601,0.0010009999999880392
79830000,-3134,5008,127494,-4980,4189,122878,110,19227,451,0,3602,0.0009990000000072996
79831000,-4291,14285,129434,-9611,10608,124166,137,19227,561,1,3603,0.0010000000000047748
79832000,-6828,1991,126314,-11634,5758,133298,113,19230,561,1,3604,0.000999999999990564
79833000,-5593,13688,125913,-9524,2807,115408,102,19233,463,1,3605,0.0010000000000047748
79834000,2563,5597,124182,4654,-8576,132693,102,19225,418,0,3606,0.0010000000000047748
79835000,-2191,-11104,124029,-16093,-3817,129590,93,19229,381,0,3607,0.000999999999990564
79836002,3315,-762,125072,-3517,5082,121297,112,19228,459,0,3608,0.0010019999999997253
79837002,-3353,8591,128317,917,10415,127085,120,19228,491,1,3609,0.0010000000000047748
79838000,-1207,15753,125310,-5198,11543,116420,109,19215,491,1,3610,0.0009979999999956135
79839000,-2985,13443,126111,1194,-102,130887,96,19227,446,1,3611,0.0010000000000047748
79840000,7531,-2426,122420,5416,-7251,125659,96,19229,393,0,3612,0.0010000000000047748
79841000,10524,4826,127023,3676,1721,117050,123,19235,504,0,3613,0.000999999999990564
79842000,10947,3492,126238,7872,-9450,128979,103,19229,422,0,3614,0.0010000000000047748
79843000,7904,-6894,125753,10342,-5891,125518,109,19229,446,0,3615,0.000999999999990564
79844000,2131,-1969,129969,-15876,7664,137030,137,19229,446,1,3616,0.0010000000000047748
79845000,5513,6020,125460,5296,10441,112180,108,19229,561,1,3617,0.0010000000000047748
79846000,6399,16810,127977,23294,7376,121501,108,19231,442,1,3618,0.000999999999990564
79847000,8702,-91,124181,-7375,-9989,129739,99,19224,405,0,3619,0.0010000000000047748
79848000,10943,461,126203,8228,-14877,128180,116,19229,475,0,3620,0.0010000000000047748
79849000,9226,-14763,128439,20035,-12042,139099,105,19232,430,0,3621,0.000999999999990564
79850000,4992,667,130178,-9144,6211,120180,110,19232,430,1,3622,0.0010000000000047748
79851002,-999,12819,132268,-2540,2892,128759,107,19223,451,1,3623,0.0010019999999997253
79852000,2048,5668,128899,7130,2996,126256,107,19229,438,1,3624,0.0009979999999956135
79853000,4995,4500,127167,-2103,1407,130109,101,19230,414,1,3625,0.0010000000000047748
79854000,9610,-10153,127718,1049,-6808,126582,123,19223,504,0,3626,0.0010000000000047748
79855000,8839,2253,131071,16648,-6036,124768,102,19231,418,0,3627,0.000999999999990564
79856000,3003,-10388,130735,5081,-16378,145948,106,19231,418,0,3628,0.0010000000000047748
79857000,-1557,-4006,132462,-22509,6511,120878,141,19227,434,1,3629,0.0010000000000047748
79858000,-3356,12632,133471,1100,3179,131130,141,19227,577,1,3630,0.000999999999990564
79859000,-6608,6112,128228,4872,475,125612,113,19228,463,1,3631,0.0010000000000047748
79860001,401,-48,128804,-24097,-12610,131931,97,19223,397,0,3632,0.00100100000000225
79861000,-859,-11044,129463,3453,-14087,137248,128,19231,524,0,3633,0.0009989999999930887
79862000,2691,4175,130627,2210,5950,116391,107,19231,524,0,3634,0.0010000000000047748
79863000,-5808,4599,131913,-17537,-3868,133597,115,19225,438,0,3635,0.0010000000000047748
79864003,-8074,-2559,131366,-11219,-1091,131091,115,19222,471,1,3636,0.0010029999999972006
79865000,-9632,6000,128459,-10613,-996,131620,122,19230,500,1,3637,0.0009969999999981383
79866000,-9588,9814,129419,-9355,9315,121761,106,19228,434,1,3638,0.0010000000000047748
79867000,-3504,7182,126582,-12015,185,122546,117,19215,479,0,3639,0.000999999999990564
79868000,-3943,-10142,124399,-4986,-13751,140565,96,19215,479,0,3640,0.0010000000000047748
79869000,-131,-2797,129233,-6995,-1754,123181,102,19228,393,0,3641,0.0010000000000047748
79870000,-4563,7691,129443,-6557,5111,125743,102,19226,418,1,3642,0.000999999999990564
79871000,-6100,12939,127543,-8646,9505,120911,135,19225,553,1,3643,0.0010000000000047748
79872000,-6947,1970,125970,-9633,-5339,134009,118,19235,483,1,3644,0.0010000000000047748
79873000,-3631,6271,127083,-13544,5823,121931,102,19231,418,1,3645,0.000999999999990564
79874000,2906,8625,124839,3057,3967,123647,130,19231,532,0,3646,0.0010000000000047748
79875000,733,-256,125262,2614,-5834,131157,114,19227,532,0,3647,0.0010000000000047748
79876003,2812,-10530,123681,-7254,-12185,130112,114,19228,467,0,3648,0.0010029999999972006
79877000,-2493,2255,126245,-2078,3292,117218,114,19224,467,1,3649,0.0009969999999981383
79878000,-3528,22215,125828,-5354,13252,122828,136,19232,557,1,3650,0.0010000000000047748
79879000,-2281,3706,125195,-6686,10115,130541,106,19232,434,1,3651,0.000999999999990564
79880000,4432,10796,126520,7163,-9028,123894,108,19232,442,0,3652,0.0010000000000047748
79881000,8000,1839,121965,-1799,-5787,122188,92,19223,442,0,3653,0.0010000000000047748
79882000,6975,4807,126971,15802,-7644,129268,110,19225,377,0,3654,0.000999999999990564
79883000,6942,-3650,125875,-3699,-7593,125865,110,19228,451,0,3655,0.0010000000000047748
79884000,5269,3961,125835,-4656,5937,127417,129,19223,528,1,3656,0.0010000000000047748
79885000,2530,10705,130251,8787,6089,124703,113,19228,463,1,3657,0.000999999999990564
79886000,9611,7061,125202,7725,-492,123805,96,19229,393,1,3658,0.0010000000000047748
79887000,8207,-2046,124363,-3330,-8318,127264,143,19229,393,0,3659,0.0010000000000047748
79888000,9819,-979,126352,13083,-10589,131856,104,19230,586,0,3660,0.000999999999990564
79889000,10156,-6655,123725,16263,-6546,126272,104,19235,426,0,3661,0.0010000000000047748
79890000,4025,6879,131693,-14050,5681,128114,105,19227,430,1,3662,0.0010000000000047748
79891000,-76,3852,132462,11463,11973,124448,125,19229,512,1,3663,0.000999999999990564
79892001,-322,10071,131022,2232,669,128331,109,19232,446,1,3664,0.00100100000000225
79893000,1528,-3463,128286,-6901,-14005,134767,105,19232,446,1,3665,0.0009990000000072996
79894000,5602,-12369,127907,11671,-15627,129140,103,19219,430,0,3666,0.000999999999990564
79895000,9350,1398,130716,14089,1239,126671,103,19232,422,0,3667,0.0010000000000047748
79896000,6849,902,128855,-15697,-1438,130149,103,19225,422,0,3668,0.0010000000000047748
79897000,657,3226,131410,-8764,3417,126682,121,19215,496,1,3669,0.000999999999990564
79898000,-2075,10833,132277,7572,2308,130051,109,19234,446,1,3670,0.0010000000000047748
79899000,-9405,-3316,129661,-9109,-7654,132566,98,19234,446,1,3671,0.0010000000000047748
79900000,-4095,1417,129544,-15321,-15040,131329,132,19231,401,0,3672,0.000999999999990564
79901001,467,-5014,128335,2171,-6961,128707,132,19226,541,0,3673,0.00100100000000225
79902000,1313,2705,131202,1736,2035,122398,105,19227,430,0,3674,0.0009990000000072996
79903002,-2346,13833,132077,-15070,11453,124400,111,19227,455,1,3675,0.0010019999999997253
79904008,-8082,-99,130473,-16445,-1482,132515,144,19232,590,1,3676,0.0010059999999896263
79905000,-5584,499,130537,-8380,364,132423,113,19232,590,1,3677,0.000992000000010762
79906000,-7151,8973,129589,-3727,8209,121563,103,19232,463,1,3678,0.000999999999990564
79907000,-3885,7207,130032,-11209,2600,123363,103,19224,422,0,3679,0.0010000000000047748
79908000,-3830,-9492,124600,-7995,-14316,135720,142,19229,582,0,3680,0.0010000000000047748
79909001,-1097,458,127783,-3722,4542,123456,104,19229,426,0,3681,0.0010009999999880392
79910000,-1615,12482,126802,-6315,12549,119328,117,19218,479,1,3682,0.0009990000000072996
79911000,-8999,11775,130058,-12615,4489,127124,112,19218,479,1,3683,0.0010000000000047748
79912000,-5595,633,128254,-10034,-5164,132564,104,19229,459,1,3684,0.000999999999990564
79913002,-4188,5371,127188,-1466,4474,124376,104,19228,426,0,3685,0.0010019999999997253
79914000,2025,4002,126468,232,-6691,125692,126,19227,516,0,3686,0.0009980000000098244
79915000,714,6190,122332,-3312,5634,117200,101,19223,414,0,3687,0.000999999999990564
79916000,1408,2105,125158,-10591,1107,131379,109,19226,446,0,3688,0.0010000000000047748
79917000,124,-308,124614,912,3784,122563,149,19226,610,1,3689,0.0010000000000047748
79918000,-1331,20124,127429,-4682,17766,120983,114,19228,610,1,3690,0.000999999999990564
79919000,998,2323,123531,4356,-1737,124840,98,19234,467,1,3691,0.0010000000000047748
79920000,6076,7481,124928,897,-873,122784,98,19222,401,0,3692,0.0010000000000047748
79921000,9786,-8013,122328,6280,-14265,124716,104,19233,426,0,3693,0.000999999999990564
79922000,7292,1185,126987,17525,-1480,122820,110,19228,451,0,3694,0.0010000000000047748
79923000,5674,-5097,126118,-4829,-6930,130599,118,19228,483,1,3695,0.0010000000000047748
79924000,1797,2733,127996,-202,4591,122064,114,19223,483,1,3696,0.000999999999990564
79925000,3353,17409,129741,7058,8327,129669,101,19229,467,1,3697,0.0010000000000047748
79926002,6044,-757,123729,6027,11809,117747,101,19230,414,1,3698,0.0010019999999997253
79927000,9583,19598,130149,1671,-11250,129334,116,19221,475,0,3699,0.0009979999999956135
79928000,12720,-15585,124208,12114,-21036,134485,93,19228,381,0,3700,0.0010000000000047748
79929002,6602,-6843,128723,16113,-4041,127820,103,19230,422,0,3701,0.0010019999999997253
79930000,4370,-588,130028,-10478,1579,126183,133,19230,422,1,3702,0.0009979999999956135
79931000,-839,18260,130651,13154,24928,121002,115,19229,545,1,3703,0.0010000000000047748
79932000,705,13350,132295,-4983,-11194,135802,115,19231,471,1,3704,0.0010000000000047748
79933000,4290,-10121,125472,-2434,-11280,125107,97,19225,397,0,3705,0.000999999999990564
79934000,10759,-2224,128995,17812,-11853,129715,155,19230,635,0,3706,0.0010000000000047748
79935000,11541,-7436,129576,10775,-9612,130275,111,19228,455,0,3707,0.0010000000000047748
79936000,2656,2794,130527,-23917,6319,123805,111,19228,455,0,3708,0.000999999999990564
79937000,1827,5385,134288,-2688,718,135158,137,19222,455,1,3709,0.0010000000000047748
79938002,-10415,3784,130859,-2779,7262,122563,137,19228,561,1,3710,0.0010019999999997253
79939000,-4208,5189,130820,-15503,-13070,133471,103,19230,422,1,3711,0.0009979999999956135
79940000,-1999,-8011,128650,4912,-10926,132486,111,19220,455,0,3712,0.0010000000000047748
79941000,1776,-107,130670,-4500,-1692,124576,89,19229,365,0,3713,0.0010000000000047748
79942000,410,6063,132748,-5595,-8554,132027,105,19229,365,0,3714,0.000999999999990564
79943000,-6779,-2184,130014,-14582,5188,127504,129,19230,430,1,3715,0.0010000000000047748
79944000,-7918,7165,131166,-17971,2552,133744,129,19227,528,1,3716,0.0010000000000047748
79945000,-13111,7553,129474,-8415,6691,122529,114,19229,467,1,3717,0.000999999999990564
79946002,557,17665,129632,-9134,5243,122154,97,19230,397,1,3718,0.0010019999999997253
79947002,-5258,-5242,126793,-7194,-13136,132583,149,19227,610,0,3719,0.0010000000000047748
79948000,106,-3343,126264,-4809,-214,121398,101,19227,610,0,3720,0.0009979999999956135
79949000,14,1649,127526,-3891,-3983,131913,105,19225,414,0,3721,0.0010000000000047748
79950000,-5818,8609,126638,-13405,18688,122079,105,19222,430,1,3722,0.0010000000000047748
79951000,-5414,15853,128615,-11949,2542,122031,126,19227,516,1,3723,0.000999999999990564
79952000,-7848,-2265,126431,-3747,-6604,132575,110,19231,451,1,3724,0.0010000000000047748
79953000,1297,3825,129233,452,-2242,119776,109,19217,446,0,3725,0.0010000000000047748
79954000,-1943,-3252,125778,-4157,-9756,132220,98,19217,446,0,3726,0.000999999999990564
79955000,1258,933,124009,-2399,3141,119812,110,19226,401,0,3727,0.0010000000000047748
79956000,-528,10425,126735,-185,7190,124126,110,19228,451,0,3728,0.0010000000000047748
79957000,-2619,6541,124464,-1703,8453,127158,126,19222,516,1,3729,0.000999999999990564
79958000,-163,11064,125580,-5558,9973,121294,112,19233,459,1,3730,0.0010000000000047748
79959001,2773,6488,125056,2770,2572,123803,95,19229,389,1,3731,0.00100100000000225
79960000,12022,5593,124493,6231,-1193,122172,135,19229,553,0,3732,0.0009989999999930887
79961002,8229,-5768,122698,7504,-5792,125711,105,19236,553,0,3733,0.0010019999999997253
79962001,7728,-9349,126768,6622,-10539,133378,107,19229,430,0,3734,0.0009990000000072996
79963000,5141,-1773,122948,1457,105,125074,107,19229,438,1,3735,0.0009989999999930887
79964000,-854,14493,130277,-769,15140,121967,128,19227,524,1,3736,0.0010000000000047748
79965000,4879,7358,127358,7106,5983,123862,108,19232,442,1,3737,0.0010000000000047748
79966000,7131,-3510,124774,6561,-9647,132891,101,19232,414,0,3738,0.000999999999990564
79967000,10255,-897,127629,3096,-4745,122371,108,19224,414,0,3739,0.0010000000000047748
79968000,10037,-5180,125772,12655,-7437,132247,107,19230,442,0,3740,0.000999999999990564
79969000,4218,-7518,128831,9255,-10799,131305,107,19226,438,0,3741,0.0010000000000047748
79970001,2692,2084,129005,-10149,7933,124851,119,19225,487,1,3742,0.00100100000000225
79971000,606,8769,129279,3059,6139,122707,113,19223,463,1,3743,0.0009989999999930887
79972003,967,12498,130040,10516,-4824,127144,99,19223,405,1,3744,0.0010030000000114114
79973001,4880,-8991,125619,-9646,-17671,138397,133,19229,405,0,3745,0.0009979999999956135
79974000,9025,-11956,128990,11061,-10580,125469,108,19231,545,0,3746,0.0009989999999930887
79975000,5402,2705,130071,13212,1525,125832,108,19231,442,0,3747,0.0010000000000047748
79976000,1538,5118,132132,-19916,4558,127516,106,19229,434,1,3748,0.0010000000000047748
79977004,-290,9436,133918,7102,-6357,133436,154,19227,631,1,3749,0.0010039999999946758
79978000,-7991,-5524,129684,-3978,-4800,133045,110,19235,451,1,3750,0.000996000000000663
79979000,-6552,-1677,132358,-23742,2943,124021,100,19235,451,1,3751,0.0010000000000047748
79980000,1380,-4225,130710,4044,-3784,135109,119,19223,410,0,3752,0.000999999999990564
79981000,35,-2962,129111,3622,-4074,128292,119,19232,487,0,3753,0.0010000000000047748
79982000,-3233,4278,127697,-22725,3280,127380,105,19232,430,0,3754,0.0010000000000047748
79983000,-9002,4694,132385,-12058,4063,129238,121,19217,496,1,3755,0.000999999999990564
79984000,-6830,5724,130702,-4187,1063,130378,110,19226,451,1,3756,0.0010000000000047748
79985000,-9335,4614,130150,-5932,7187,132126,98,19226,451,1,3757,0.0010000000000047748
79986000,-3921,4224,129097,-16143,1483,120494,122,19235,401,0,3758,0.000999999999990564
79987000,-4150,-4025,126343,-4817,-7686,133842,122,19218,500,0,3759,0.0010000000000047748
79988003,-3171,757,128140,2192,-6186,128495,95,19231,389,0,3760,0.0010029999999972006
79989001,-2432,5205,125601,-12775,-1805,125723,101,19227,414,0,3761,0.0009980000000098244
79990002,-6814,9607,127362,-11175,3701,123450,145,19233,594,1,3762,0.0010009999999880392
79991000,-6048,16891,128509,-10860,12047,119666,116,19233,594,1,3763,0.0009980000000098244
79992000,-2137,6530,126948,2455,-7714,137121,101,19228,475,1,3764,0.000999999999990564
79993000,-3755,-2119,124406,-5977,801,120399,101,19225,414,0,3765,0.0010000000000047748
79994000,-979,7235,124074,-14034,-2414,125920,113,19230,463,0,3766,0.0010000000000047748
79995000,330,3981,125298,8560,2983,125037,105,19229,430,0,3767,0.000999999999990564
79996000,4043,3868,126261,-5595,-12069,130166,116,19218,475,1,3768,0.0010000000000047748
79997000,-1453,12288,126444,2609,9987,119574,131,19218,475,1,3769,0.0010000000000047748
79998000,-3577,12123,127000,-9566,7549,117749,100,19228,537,1,3770,0.000999999999990564
79999002,8895,1140,127492,6688,-3214,133994,100,19231,410,0,3771,0.0010019999999997253
80000000,6004,4355,122574,14186,3570,115526,113,19231,463,0,3772,0.0009980000000098244
80001000,7771,835,122648,-2342,-8077,127771,99,19229,405,0,3773,0.000999999999990564
80002001,4814,-3487,125278,4548,-7672,125872,112,19230,459,0,3774,0.00100100000000225
80003000,7105,2268,127464,11377,2719,126930,142,19230,459,1,3775,0.0009990000000072996
80004000,3929,7598,129702,-1086,7636,124659,114,19225,582,1,3776,0.000999999999990564
80005002,3159,9949,128220,659,2279,123292,97,19230,467,1,3777,0.0010019999999997253
80006000,8181,-5836,125092,12051,-17299,132521,97,19228,397,0,3778,0.0009980000000098244
80007000,8292,-624,126696,2643,-5111,125051,133,19234,545,0,3779,0.000999999999990564
80008000,8609,-3600,127962,9816,-14524,133509,103,19228,422,0,3780,0.0010000000000047748
80009003,4149,7290,127315,2444,5247,118486,108,19228,442,1,3781,0.0010029999999972006
80010000,3887,6186,130911,-6416,2070,132140,121,19224,442,1,3782,0.0009969999999981383
80011000,3076,1247,129343,9572,1778,131693,104,19232,496,1,3783,0.0010000000000047748
80012000,1934,12637,128533,-905,10897,120744,104,19232,426,1,3784,0.0010000000000047748
80013000,7261,-3620,127315,-6438,-12708,130674,111,19219,455,0,3785,0.000999999999990564
80014000,9545,-14629,127825,14695,-14615,129967,97,19229,397,0,3786,0.0010000000000047748
80015000,6325,-2989,130529,14761,-11353,136166,106,19229,434,0,3787,0.0010000000000047748
80016000,-2726,-4161,130432,-23363,-1999,115365,133,19223,434,1,3788,0.000999999999990564
80017000,-1948,21203,135973,-9832,18155,130938,114,19222,545,1,3789,0.0010000000000047748
80018000,-4616,-4939,130086,8082,-11341,137410,114,19229,467,1,3790,0.0010000000000047748
80019000,-5015,-8038,129113,-10945,-10460,131070,97,19228,397,0,3791,0.000999999999990564
80020000,-1910,-18513,129518,-15001,6059,124820,145,19233,594,0,3792,0.0010000000000047748
80021000,2676,21863,130044,6585,7388,116116,104,19226,426,0,3793,0.0010000000000047748
80022000,-1399,7312,130166,-3902,-12760,145773,109,19226,426,0,3794,0.000999999999990564
80023000,-5499,-10093,130409,-18349,-2169,126184,131,19223,446,1,3795,0.0010000000000047748
80024000,-11041,10119,130878,-7713,6097,121310,131,19229,537,1,3796,0.0010000000000047748
80025000,-8110,14996,130663,-8747,15816,123274,108,19230,442,1,3797,0.000999999999990564
80026000,-616,8065,131035,-5760,-16194,134159,109,19220,446,0,3798,0.0010000000000047748
80027000,-3137,-19796,123177,-7476,-10647,132836,136,19229,557,0,3799,0.0010000000000047748
80028000,-4033,5431,127850,-9879,8800,116196,107,19229,557,0,3800,0.000999999999990564
80029001,-2475,13204,128265,-758,6688,124610,124,19228,438,1,3801,0.00100100000000225
80030000,-3858,9988,128411,-12468,2902,127895,124,19226,508,1,3802,0.0009990000000072996
80031000,-5972,-2819,126197,-15910,-5870,132049,117,19228,479,1,3803,0.000999999999990564
80032000,-3177,3358,128481,-1423,16089,111664,100,19230,410,1,3804,0.0010000000000047748
80033000,1840,17558,127761,4557,-8275,124327,141,19233,577,0,3805,0.0010000000000047748
80034000,1113,-12596,122597,-4226,-9016,134387,103,19233,577,0,3806,0.000999999999990564
80035000,396,-2172,124906,-11123,21,126721,104,19227,422,0,3807,0.0010000000000047748
80036000,524,10982,126519,2130,15076,115082,104,19227,426,1,3808,0.0010000000000047748
80037000,-2531,20322,127839,-1586,8742,124958,148,19228,606,1,3809,0.000999999999990564
80038000,-449,2,125048,-6774,-5790,131562,106,19236,434,1,3810,0.0010000000000047748
80039000,4812,4390,123360,12681,1362,122600,98,19221,401,0,3811,0.0010000000000047748
80040000,8215,5684,123260,3747,2388,119947,79,19221,401,0,3812,0.000999999999990564
80041000,9349,5494,126223,4341,-6922,121452,111,19228,324,0,3813,0.0010000000000047748
80042000,6967,-152,126904,13491,-11712,130626,111,19229,455,0,3814,0.0010000000000047748
80043000,4561,-4909,125562,-3579,-5711,128332,121,19222,496,1,3815,0.000999999999990564
80044000,1360,15356,130443,-2534,21912,116949,109,19230,446,1,3816,0.0010000000000047748
80045000,10122,9034,125673,11707,956,123366,98,19231,401,1,3817,0.0010000000000047748
80046000,10909,-5301,123756,731,-10290,129152,131,19231,401,0,3818,0.000999999999990564
80047000,9050,1801,129060,5421,-3072,127382,101,19227,537,0,3819,0.0010000000000047748
80048000,8304,-8645,126645,15717,-12791,130511,101,19230,414,0,3820,0.0010000000000047748
80049000,1942,-688,130388,-2478,-1636,126845,101,19227,414,1,3821,0.000999999999990564
80050000,861,3408,130369,-4131,-2981,131308,129,19229,528,1,3822,0.0010000000000047748
80051000,41,15834,131527,3196,10672,121420,107,19233,438,1,3823,0.0010000000000047748
80052000,3803,7859,128679,-2688,2213,127799,100,19233,410,1,3824,0.000999999999990564
80053000,9003,-3864,129659,5322,-13158,126578,127,19222,410,0,3825,0.0010000000000047748
80054000,10272,-8355,128553,16662,-13371,130599,105,19232,520,0,3826,0.0010000000000047748
80055000,2244,-13155,128534,1959,-16735,136594,105,19228,430,0,3827,0.000999999999990564
80056002,-269,7780,134139,-22447,13086,124473,112,19221,459,1,3828,0.0010019999999997253
80057000,-1763,16978,131792,5177,14496,126055,107,19229,438,1,3829,0.0009980000000098244
80058002,-8669,7973,131172,-1284,1125,128256,98,19229,401,1,3830,0.0010019999999997253
80059000,3735,-12443,126698,-20447,-15078,133098,119,19228,401,0,3831,0.0009979999999956135
80060000,-2647,-12268,128175,2701,-10813,135615,100,19221,487,0,3832,0.0010000000000047748
80061000,6938,6368,131561,1124,8252,121610,100,19230,410,0,3833,0.000999999999990564
80062002,-7313,5662,132057,-16887,-1025,134371,106,19227,434,0,3834,0.0010019999999997253
80063002,-6591,-7105,128875,-13430,-5936,129606,148,19229,606,1,3835,0.0010000000000047748
80064000,-9090,5518,129276,-7111,5037,125441,115,19229,471,1,3836,0.0009979999999956135
80065000,-8865,12885,129220,-12286,13418,117689,100,19234,471,1,3837,0.0010000000000047748
80066000,-1443,10310,129928,-7855,4412,134013,161,19225,410,0,3838,0.0010000000000047748
80067000,-5106,-16951,123365,-4894,-9089,134289,161,19229,659,0,3839,0.000999999999990564
80068000,-1117,538,128134,-6283,3843,117416,108,19230,442,0,3840,0.0010000000000047748
80069000,-4971,3627,127333,-8416,7933,128947,113,19223,463,1,3841,0.0010000000000047748
80070000,-6074,5798,128288,-2502,5900,124085,119,19230,487,1,3842,0.000999999999990564
80071000,-8163,11164,127382,-16395,3455,129611,106,19230,487,1,3843,0.0010000000000047748
80072000,-3652,5661,126090,2864,3779,122956,119,19227,434,0,3844,0.0010000000000047748
80073000,1901,3371,126459,2384,-7852,125796,119,19226,487,0,3845,0.000999999999990564
80074001,157,-9248,122675,-5831,-8527,130255,93,19227,381,0,3846,0.00100100000000225
80075000,2651,6380,126016,-7507,6817,119416,107,19227,438,0,3847,0.0009990000000072996
80076000,-772,12425,126833,1359,6318,127582,137,19224,561,1,3848,0.000999999999990564
80077000,-2386,10239,125582,-3900,10356,119002,113,19224,561,1,3849,0.0010000000000047748
80078000,692,10963,125394,-5484,4806,121791,95,19234,463,1,3850,0.0010000000000047748
80079000,6055,-1689,123197,11858,-1173,134355,95,19227,389,0,3851,0.000999999999990564
80080003,9677,-7204,121326,9517,-2724,119701,109,19230,446,0,3852,0.0010029999999972006
80081000,7223,-2113,126857,4981,-4420,129692,110,19225,451,0,3853,0.0009970000000123491
80082001,3653,-159,127115,2464,-6415,125646,116,19223,475,1,3854,0.0010009999999880392
80083000,1785,5596,127108,2612,-3440,132066,125,19223,475,1,3855,0.0009990000000072996
80084000,2149,12434,129100,1011,8437,121207,105,19230,512,1,3856,0.0010000000000047748
80085002,8003,11178,125033,3942,6149,119261,105,19230,430,1,3857,0.0010019999999997253
80086000,10124,4003,126521,11173,-3160,127700,109,19222,446,0,3858,0.0009979999999956135
80087000,12717,-6131,125857,6411,-14886,131787,86,19226,352,0,3859,0.0010000000000047748
80088000,8024,-14579,124750,3941,-8399,131732,102,19224,418,0,3860,0.000999999999990564
80089001,2690,8349,132525,-941,4468,126585,126,19224,418,1,3861,0.00100100000000225
80090000,638,8383,129373,-3402,-349,125342,115,19225,516,1,3862,0.0009990000000072996
80091002,1812,15412,136319,6363,6906,128850,115,19230,471,1,3863,0.0010019999999997253
80092002,4804,-6877,126018,-4543,-15599,132354,99,19228,405,0,3864,0.000999999999990564
80093001,9815,-12107,128476,10471,-8611,126961,150,19229,614,0,3865,0.0009990000000072996
80094000,8072,3176,130829,15502,-4691,127689,102,19230,418,0,3866,0.0009989999999930887
80095000,-657,-10187,127130,-16328,-7199,134575,103,19230,422,0,3867,0.0010000000000047748
80096000,418,13510,134334,-15683,15096,126180,134,19226,422,1,3868,0.000999999999990564
80097000,-4852,1220,131609,9532,-3296,134441,105,19229,549,1,3869,0.0010000000000047748
80098000,-5055,4946,130170,-5662,557,122339,105,19232,430,1,3870,0.0010000000000047748
80099000,-985,-8708,128918,-21004,-15699,138063,105,19223,430,0,3871,0.000999999999990564
80100000,1442,-9558,128687,5859,-8856,127536,90,19230,369,0,3872,0.0010000000000047748
80101000,795,10753,131219,2220,6053,124124,109,19230,446,0,3873,0.0010000000000047748
80102000,-11161,51,131760,-25836,-9873,134688,125,19228,446,1,3874,0.000999999999990564
80103000,-6382,13391,132233,-10859,6099,122243,115,19223,512,1,3875,0.0010000000000047748
80104000,-12131,2624,128991,-9830,-1640,136174,115,19233,471,1,3876,0.0010000000000047748
80105002,-1183,12866,130248,-5464,12552,118245,100,19227,410,1,3877,0.0010019999999997253
80106001,-2785,2355,126672,-4274,-994,127734,141,19224,577,0,3878,0.0009989999999930887
80107000,-3539,-12510,123728,-10007,-10493,130948,100,19224,410,0,3879,0.0009990000000072996
80108000,-998,4932,128148,-5468,2358,123351,103,19228,410,0,3880,0.000999999999990564
80109000,-5383,3652,127561,-6477,-248,124958,138,19228,422,1,3881,0.0010000000000047748
80110000,-7329,9821,128685,-9709,9140,125403,138,19228,565,1,3882,0.0010000000000047748
80111000,-7707,2858,128644,-12711,1697,126590,114,19232,467,1,3883,0.000999999999990564
80112000,1846,3600,125405,-996,1806,120464,105,19228,430,0,3884,0.0010000000000047748
80113000,-3267,572,123589,392,-8573,130894,100,19231,410,0,3885,0.0010000000000047748
80114000,879,-5317,125600,-9145,16282,114987,109,19231,410,0,3886,0.000999999999990564
80115000,-314,16485,126828,-5,-9203,131126,121,19227,446,0,3887,0.0010000000000047748
80116000,-1832,-1835,125613,-6508,4455,128450,121,19216,496,1,3888,0.0010000000000047748
80117000,-1363,13411,127676,96,11151,117755,112,19231,459,1,3889,0.000999999999990564
80118000,2177,10747,125167,2106,4494,124979,95,19234,389,1,3890,0.0010000000000047748
80119000,11794,7119,124277,5499,-4370,123180,121,19230,496,0,3891,0.0010000000000047748
80120000,7492,-5607,122857,8218,-14807,131301,105,19230,496,0,3892,0.000999999999990564
80121000,10705,-5996,124537,4084,1934,121292,112,19225,430,0,3893,0.0010000000000047748
80122000,1499,5000,127810,3932,3163,128362,112,19228,459,1,3894,0.0010000000000047748
80123000,2239,3721,127900,-304,6651,126132,145,19229,594,1,3895,0.000999999999990564
80124000,4480,8794,128029,7640,2418,124590,111,19233,455,1,3896,0.0010000000000047748
80125000,5504,3147,126455,6856,-4417,127436,98,19226,401,1,3897,0.0010000000000047748
80126000,11548,2017,126400,6145,8467,113893,118,19226,401,0,3898,0.000999999999990564
80127000,9805,-8021,127981,12138,-19701,141818,106,19232,483,0,3899,0.0010000000000047748
80128000,7418,-24174,126692,2399,-13782,134181,106,19233,434,0,3900,0.0010000000000047748
80129000,914,12613,130718,-7511,16251,117923,113,19221,463,1,3901,0.000999999999990564
80130000,-294,22485,133396,1971,10345,125713,110,19227,451,1,3902,0.0010000000000047748
80131000,1449,8780,127918,6398,4526,126490,102,19231,418,1,3903,0.0010000000000047748
80132000,5734,-12168,127398,-4230,-18952,137425,119,19231,418,0,3904,0.000999999999990564
80133001,9530,-17637,126653,14636,-11177,124720,98,19221,487,0,3905,0.00100100000000225
80134000,6209,7872,129688,14835,-3386,126993,98,19228,401,0,3906,0.0009990000000072996
80135000,1564,1591,131683,-24066,-886,131283,105,19226,430,0,3907,0.000999999999990564
80136000,-2247,8089,134139,-4073,4560,128154,138,19225,565,1,3908,0.0010000000000047748
80137001,-8604,854,132263,6236,-14733,135930,109,19230,446,1,3909,0.00100100000000225
80138000,-5686,8437,128636,-19679,6477,117580,93,19230,446,1,3910,0.0009989999999930887
80139000,1655,-7365,128204,-8202,-9884,135196,135,19228,381,0,3911,0.0010000000000047748
80140001,3020,-7174,130370,9250,-7048,128503,135,19236,553,0,3912,0.00100100000000225
80141000,-2533,6581,128956,-8956,4831,121526,110,19229,451,0,3913,0.0009989999999930887
80142000,-8578,3799,133451,-22482,-1797,133472,118,19223,483,1,3914,0.0010000000000047748
80143000,-10689,3465,129235,-5927,1377,129647,123,19228,504,1,3915,0.0010000000000047748
80144000,-10772,7264,130125,-7127,2920,129091,103,19228,422,1,3916,0.000999999999990564
80145000,-2778,8526,130272,-13645,5131,123149,110,19232,422,1,3917,0.0010000000000047748
80146000,-1205,-4538,126427,-2708,-13399,131103,103,19217,451,0,3918,0.0010000000000047748
80147001,-2086,-4921,125336,-2982,-8393,126892,103,19234,422,0,3919,0.00100100000000225
80148000,-2350,7222,127321,-14665,4778,121750,106,19230,434,0,3920,0.0009989999999930887
80149001,-5363,9221,129256,-1001,2407,128933,131,19222,537,1,3921,0.00100100000000225
80150000,-11039,18452,126922,-13093,12903,120118,115,19222,471,1,3922,0.0009989999999930887
80151000,-4135,5360,124756,-15629,5224,126210,98,19230,471,1,3923,0.0010000000000047748
80152000,1767,2701,128531,3936,98,126225,127,19231,401,0,3924,0.0010000000000047748
80153000,3244,-1291,122529,1188,-1919,125048,127,19236,520,0,3925,0.000999999999990564
80154000,765,-1889,123889,-5022,-3445,128076,108,19229,442,0,3926,0.0010000000000047748
80155000,621,3167,127259,-1852,1074,124551,111,19222,455,1,3927,0.0010000000000047748
80156000,-2968,10514,125754,-4111,6352,124940,137,19222,561,1,3928,0.000999999999990564
80157000,-1974,11041,127950,-5296,8452,123085,105,19226,561,1,3929,0.0010000000000047748
80158000,5401,6091,124699,940,1893,125502,103,19229,430,1,3930,0.0010000000000047748
80159000,7741,12841,124301,8691,5574,121194,103,19226,422,0,3931,0.000999999999990564
80160000,11845,-893,122323,6188,-5572,130011,90,19227,369,0,3932,0.0010000000000047748
80161000,8273,-11569,126970,7101,4930,128915,111,19231,455,0,3933,0.0010000000000047748
80162000,4152,9270,127714,5201,-2431,119048,131,19222,537,1,3934,0.000999999999990564
80163000,2290,7811,127765,210,4806,130061,115,19222,537,1,3935,0.0010000000000047748
80164000,3925,5287,129131,2478,-3962,128324,96,19231,471,1,3936,0.0010000000000047748
80165000,9123,3719,124325,6393,1363,118984,96,19227,393,0,3937,0.000999999999990564
80166000,10940,3842,126564,3675,-5528,130558,139,19232,569,0,3938,0.0010000000000047748
80167000,11699,-8119,127821,14784,-16239,130943,111,19228,455,0,3939,0.0010000000000047748
80168000,3905,-555,127596,311,-8730,125657,111,19224,455,0,3940,0.000999999999990564
80169000,4391,8856,129465,-11680,1234,126769,133,19224,455,1,3941,0.0010000000000047748
80170000,3361,18319,132350,6941,13275,119009,110,19232,545,1,3942,0.0010000000000047748
80171000,4283,7291,128114,-513,-5793,130617,110,19236,451,1,3943,0.000999999999990564
80172000,8550,-7376,127935,-1843,-16255,128983,106,19221,434,0,3944,0.0010000000000047748
80173000,7942,-12881,128773,19652,-6692,135670,109,19227,446,0,3945,0.0010000000000047748
80174000,9155,-6532,128098,776,-4307,129031,101,19227,414,0,3946,0.000999999999990564
80175000,-532,4799,132795,-19458,8030,125779,115,19227,414,1,3947,0.0010000000000047748
80176000,-2904,7193,134448,3838,-3460,132326,111,19226,471,1,3948,0.0010000000000047748
80177000,-10142,10140,130594,-1049,-3364,124818,111,19230,455,1,3949,0.000999999999990564
80178000,-4456,4490,130523,-18604,-10041,131434,96,19234,393,1,3950,0.0010000000000047748
80179002,-613,-6426,129635,325,-7605,128923,133,19227,545,0,3951,0.0010019999999997253
80180002,4846,120,129703,509,-1150,126310,103,19228,422,0,3952,0.0010000000000047748
80181000,-4171,579,131170,-11358,2904,129306,110,19228,422,0,3953,0.0009979999999956135
80182000,-5143,564,131524,-14747,-5514,129348,141,19222,451,1,3954,0.0010000000000047748
80183000,-10002,5923,128537,-10066,9307,128389,141,19228,577,1,3955,0.000999999999990564
80184002,-9448,10029,131465,-13445,5556,123942,114,19233,467,1,3956,0.0010019999999997253
80185000,-590,8223,130490,-2941,2813,126907,102,19223,418,0,3957,0.0009980000000098244
80186024,-5511,-8413,124188,-13114,-8566,132048,136,19235,557,0,3958,0.001024000000001024
80187002,845,-3610,126580,-5605,255,124668,102,19235,418,0,3959,0.0009779999999892652
80188000,-1770,7899,128359,-4489,6203,124564,116,19230,418,1,3960,0.0009980000000098244
80189002,-3778,5758,126724,-8657,2777,129822,111,19223,475,1,3961,0.0010019999999997253
80190001,-7956,11129,129857,-14445,6772,122375,111,19227,455,1,3962,0.0009989999999930887
80191003,-3561,8175,127349,-9252,3542,123974,104,19229,426,1,3963,0.0010019999999997253
80192002,752,4485,128917,7733,290,128349,128,19228,524,0,3964,0.0009990000000072996
80193000,-641,-12630,123571,-3247,-15644,132040,104,19228,426,0,3965,0.0009979999999956135
80194000,531,-389,124923,-7915,3011,120300,110,19228,426,0,3966,0.0010000000000047748
80195000,-2846,13764,127579,-1861,16412,125270,147,19227,451,1,3967,0.000999999999990564
80196000,-1509,6763,124811,-3965,3631,123392,147,19230,602,1,3968,0.0010000000000047748
80197000,-396,8669,127098,-1727,595,125008,113,19234,463,1,3969,0.0010000000000047748
80198000,3729,3212,122303,-2298,1347,122590,97,19222,397,0,3970,0.000999999999990564
80199000,9876,10891,127146,11856,3701,121737,117,19222,479,0,3971,0.0010000000000047748
80200000,9071,-10449,123217,8763,-13435,131333,118,19229,479,0,3972,0.0010000000000047748
80201000,7069,-9144,125496,-3087,-7223,129543,121,19225,483,0,3973,0.000999999999990564
80202000,305,1049,126958,1083,-1686,124634,121,19221,496,1,3974,0.0010000000000047748
80203000,5919,15433,128812,10095,12793,121055,107,19232,438,1,3975,0.0010000000000047748
80204000,4040,9363,125469,4180,5596,127494,104,19231,426,1,3976,0.000999999999990564
80205000,8367,-1611,125002,2276,-1304,120593,119,19224,487,0,3977,0.0010000000000047748
80206000,11491,1096,126259,9380,-2213,131227,96,19224,487,0,3978,0.0010000000000047748
80207000,5864,-8676,126689,14225,-15038,130013,104,19226,393,0,3979,0.000999999999990564
80208000,4342,-10476,128763,-3609,5383,130979,104,19230,426,1,3980,0.0010000000000047748
80209000,1872,7377,131485,-4556,5124,124465,130,19231,532,1,3981,0.0010000000000047748
80210000,2251,13460,128132,802,9054,121436,111,19231,455,1,3982,0.000999999999990564
80211000,1586,12035,131433,3583,-8942,132769,98,19227,401,1,3983,0.0010000000000047748
80212000,7574,-11829,125631,4044,-20432,130950,149,19227,401,0,3984,0.0010000000000047748
80213000,12525,-5397,129298,13452,-4532,124870,107,19230,610,0,3985,0.000999999999990564
80214001,-742,542,128345,-12690,95,127306,107,19227,438,0,3986,0.00100100000000225
80215000,5158,10027,133494,-10404,8422,125948,107,19223,438,1,3987,0.0009990000000072996
80216000,-7574,3895,134050,6274,-14501,140737,134,19231,549,1,3988,0.000999999999990564
80217005,-6005,-2507,128228,-9697,-3011,125407,104,19232,426,1,3989,0.001005000000006362
80218000,-2078,-208,129925,-17910,-368,127714,110,19232,426,0,3990,0.000994999999988977
80219000,-483,-3816,130410,5009,-9416,131653,89,19221,451,0,3991,0.0010000000000047748
80220003,5564,5333,128505,7504,8301,122506,89,19230,365,0,3992,0.0010029999999972006
80221000,-9042,-4649,131666,-29547,-2780,135770,107,19228,438,0,3993,0.0009969999999981383
80222000,-5210,-1433,131702,-5329,1300,127356,135,19220,553,1,3994,0.0010000000000047748
80223000,-8809,8244,130633,-1367,2344,132337,117,19229,479,1,3995,0.0010000000000047748
80224000,-9287,10748,131614,-15796,8552,120611,99,19229,479,1,3996,0.000999999999990564
80225000,-3236,13071,129809,-9618,-9624,129336,147,19226,405,0,3997,0.0010000000000047748
80226000,-4089,-11893,125273,-137,-13637,135700,147,19226,602,0,3998,0.0010000000000047748
80227000,-765,4570,128825,-2900,6699,119351,110,19233,451,0,3999,0.000999999999990564
80228000,-4272,5600,127577,-15908,-528,130892,109,19223,446,1,4000,0.0010000000000047748
80229000,-7234,13598,128091,-6901,5538,120770,137,19227,561,1,4001,0.0010000000000047748
80230000,-6202,1413,127304,-10604,-6126,135665,113,19227,463,1,4002,0.000999999999990564
80231000,-722,5091,126624,-1803,-2096,117987,109,19228,463,1,4003,0.0010000000000047748
80232000,-766,23468,125692,2331,11837,118078,84,19221,446,0,4004,0.0010000000000047748
80233000,2463,-11134,122176,-12376,-12863,132178,84,19231,344,0,4005,0.000999999999990564
80234000,3780,-1732,126782,516,2673,123672,108,19228,442,0,4006,0.0010000000000047748
80235004,426,8489,125365,1543,7338,125404,126,19218,516,1,4007,0.0010039999999946758
80236002,-3766,15034,127175,-5144,15580,117511,113,19218,463,1,4008,0.0009980000000098244
80237000,1176,7182,125909,-4333,-474,133872,96,19232,463,1,4009,0.0009979999999956135
80238023,7041,-262,122747,9021,1211,122387,132,19230,393,0,4010,0.0010230000000035488
80239000,8465,6893,124970,10550,2041,120247,132,19237,541,0,4011,0.00097699999999179
80240000,6808,-10442,125055,4065,-14799,127629,105,19227,430,0,4012,0.0010000000000047748
80241001,3675,-544,126367,554,-9337,127347,110,19225,451,0,4013,0.00100100000000225
80242001,3578,2813,127989,6739,3035,130185,139,19225,569,1,4014,0.0010000000000047748
80243000,1315,11357,129392,2815,6691,118571,109,19228,569,1,4015,0.0009989999999930887
80244003,6923,12045,125143,746,3210,124726,99,19232,446,1,4016,0.0010029999999972006
80245002,11310,-3418,125193,9481,-8735,129639,99,19222,405,0,4017,0.0009990000000072996
80246000,11148,-3053,126404,11968,-7364,126371,117,19231,479,0,4018,0.0009979999999956135
80247000,7285,-6437,126646,5913,-4601,129098,102,19228,418,0,4019,0.0010000000000047748
80248000,2547,-2860,127767,-4888,-889,126998,113,19226,463,1,4020,0.000999999999990564
80249000,3357,5280,130160,3654,2562,129771,110,19226,463,1,4021,0.0010000000000047748
80250000,-2983,11327,130105,2527,4920,122384,101,19227,451,1,4022,0.0010000000000047748
80251001,5426,371,125953,-5115,-2274,127727,101,19230,414,1,4023,0.00100100000000225
80252000,9868,-5584,129937,6879,-9248,130384,130,19224,532,0,4024,0.0009989999999930887
80253000,12410,-10863,129140,19588,-13009,132016,101,19231,414,0,4025,0.0010000000000047748
80254000,1176,-3891,130340,-1877,-6135,129759,103,19230,422,0,4026,0.000999999999990564
80255000,-1824,3471,132812,-23851,17095,118862,145,19230,422,1,4027,0.0010000000000047748
80256000,-6728,19143,133743,6075,-4326,132159,110,19227,594,1,4028,0.0010000000000047748
80257000,-5088,-9485,129677,3117,-11541,138846,110,19235,451,1,4029,0.000999999999990564
80258002,-2913,-10809,129704,-17458,-9501,129654,97,19223,397,0,4030,0.0010019999999997253
80259000,-321,-1201,129246,5778,7761,122072,118,19232,483,0,4031,0.0009980000000098244
80260000,-1401,11778,132741,164,4968,127174,108,19227,442,0,4032,0.000999999999990564
80261000,-5776,1552,131225,-20348,-10846,136976,118,19227,442,1,4033,0.0010000000000047748
80262000,-11950,-6010,129398,-15218,5,132087,110,19220,483,1,4034,0.0010000000000047748
80263000,-8087,9584,130427,-6362,8457,121414,110,19230,451,1,4035,0.000999999999990564
80264000,-2550,19482,131239,-4855,9658,121042,103,19233,422,1,4036,0.0010000000000047748
80265002,451,-1030,126973,-9204,-13668,134545,122,19218,500,0,4037,0.0010019999999997253
80266000,-3550,-14573,124043,-5903,-9805,129401,99,19231,405,0,4038,0.0009979999999956135
80267000,-2564,7878,127333,-14168,12357,119832,103,19231,405,0,4039,0.0010000000000047748
80268000,-1404,11186,127820,-3379,8928,123691,140,19227,422,1,4040,0.0010000000000047748
80269000,-10028,5594,128704,-8506,-5296,131293,140,19228,573,1,4041,0.000999999999990564
80270000,-3582,854,127683,-18850,-2751,126460,117,19229,479,1,4042,0.0010000000000047748
80271000,-2006,12898,129278,2073,1193,121862,102,19228,418,0,4043,0.0010000000000047748
80272000,2079,2653,125595,1169,-5549,127608,115,19228,471,0,4044,0.000999999999990564
80273000,1667,3169,124166,-5573,-632,123107,111,19228,471,0,4045,0.0010000000000047748
80274001,-2820,2828,125135,-8837,-1191,129662,113,19230,455,0,4046,0.00100100000000225
80275000,1859,6643,124886,2965,8383,117707,113,19223,463,1,4047,0.0009989999999930887
80276000,-4292,20274,129296,-4048,5064,119477,140,19232,573,1,4048,0.0010000000000047748
80277001,5984,5864,124234,-2667,1743,126302,102,19232,418,1,4049,0.00100100000000225
80278000,7007,4367,124996,13792,-6764,124751,111,19225,455,0,4050,0.0009989999999930887
80279001,7625,442,123765,3260,-2281,123241,95,19225,389,0,4051,0.00100100000000225
80280000,11799,-927,122522,2539,1083,122671,108,19227,389,0,4052,0.0009990000000072996
80281001,3194,-1155,128367,12705,-2686,134138,133,19227,442,1,4053,0.00100100000000225
80282000,6398,1001,124865,-1687,4496,120326,133,19227,545,1,4054,0.0009989999999930887
80283000,2268,4654,126992,1936,4502,129805,113,19231,463,1,4055,0.0010000000000047748
80284000,9443,5648,128660,9105,-1151,121793,92,19229,377,1,4056,0.000999999999990564
80285000,10533,9520,126404,3961,-3277,117806,149,19229,610,0,4057,0.0010000000000047748
80286000,8571,-3070,128639,9883,-12438,141916,101,19232,610,0,4058,0.0010000000000047748
80287000,5838,-16136,126108,5396,-13477,126957,106,19229,414,0,4059,0.000999999999990564
80288000,1567,5269,130275,-4490,2672,123568,106,19222,434,1,4060,0.0010000000000047748
80289001,-1102,12116,131621,3779,8768,127597,122,19231,500,1,4061,0.00100100000000225
80290000,410,9323,129032,-261,1670,124915,107,19231,438,1,4062,0.0009989999999930887
80291002,4948,-144,132199,-617,-4897,128221,112,19231,459,0,4063,0.0010019999999997253
80292000,7723,-9186,125641,5221,-15319,125841,93,19220,459,0,4064,0.0009980000000098244
80293000,7445,-5343,132017,14125,-5180,134225,105,19231,381,0,4065,0.000999999999990564
80294000,3362,-5593,130003,-7508,-9009,127967,105,19228,430,0,4066,0.0010000000000047748
80295000,2606,5481,130523,-19273,10353,131170,125,19222,512,1,4067,0.0010000000000047748
80296000,-7580,16958,135581,7540,12760,120976,113,19230,463,1,4068,0.000999999999990564
80297000,-2730,-3061,126503,-5975,-10063,133060,97,19231,397,1,4069,0.0010000000000047748
80298000,-450,-11015,129239,-17434,-14565,136463,146,19231,397,0,4070,0.0010000000000047748
80299000,-1842,-5303,129868,7830,-4392,122400,113,19227,598,0,4071,0.000999999999990564
80300000,890,14257,130409,-2531,15400,120783,113,19228,463,0,4072,0.0010000000000047748
80301000,-7499,4252,131990,-17381,-3419,138056,118,19221,483,1,4073,0.0010000000000047748
80302000,-7170,-7771,128576,-9607,4298,130140,136,19225,557,1,4074,0.000999999999990564
80303000,-10356,10835,128752,-10296,8627,120395,113,19229,463,1,4075,0.0010000000000047748
80304000,-2705,12512,132249,-15680,13767,124375,108,19229,463,1,4076,0.0010000000000047748
80305000,-4272,1717,129158,-1224,-18219,133268,136,19224,442,0,4077,0.000999999999990564
80306000,-3799,-15089,123765,-9015,-5769,128279,136,19232,557,0,4078,0.0010000000000047748
80307000,-525,3573,129021,-9927,1406,126971,107,19229,438,0,4079,0.0010000000000047748
80308000,-7459,7916,128011,-2114,9063,119232,122,19223,500,1,4080,0.000999999999990564
80309000,-5158,19095,128569,-16070,9312,126794,113,19229,463,1,4081,0.0010000000000047748
80310000,-8172,5964,128816,-10115,-6189,129612,103,19229,463,1,4082,0.0010000000000047748
80311000,1543,6660,124860,3559,553,122052,136,19228,422,0,4083,0.000999999999990564
80312000,-696,-5297,123050,-4203,-3735,128509,136,19235,557,0,4084,0.0010000000000047748
80313001,744,-301,122824,-8822,3978,120000,104,19226,426,0,4085,0.00100100000000225
80314000,5008,12613,127074,5580,4477,130025,106,19222,434,0,4086,0.0009989999999930887
80315000,-3844,-2348,123750,-6400,4480,123405,154,19228,631,1,4087,0.0010000000000047748
80316000,1644,14713,129791,-482,10234,123854,108,19228,631,1,4088,0.0010000000000047748
80317000,-104,7945,123685,6865,-2173,122546,99,19232,442,1,4089,0.000999999999990564
80318000,8416,13131,125047,130,-6356,124336,99,19226,405,0,4090,0.0010000000000047748
80319000,11751,-6089,124138,6899,-16441,131866,87,19232,356,0,4091,0.0010000000000047748
80320000,4520,-529,126519,8045,1912,116815,112,19228,459,0,4092,0.000999999999990564
80321000,7666,1096,127765,-1096,-1334,133552,121,19222,496,1,4093,0.0010000000000047748
80322000,-779,5092,127817,343,10012,121067,111,19222,455,1,4094,0.0010000000000047748
80323000,6256,15829,125910,4853,2809,128676,98,19228,455,1,4095,0.000999999999990564
80324000,6990,3085,124404,5351,3731,120671,122,19230,401,0,4096,0.0010000000000047748
80325001,11565,1753,128441,3111,-11432,129646,122,19224,500,0,4097,0.00100100000000225
80326000,13430,-6129,126841,14540,-15357,129752,98,19228,401,0,4098,0.0009989999999930887
80327000,3563,-4639,128938,-82,-4241,128582,105,19227,430,0,4099,0.0010000000000047748
80328000,3931,123,132782,-14,-752,136032,138,19227,565,1,4100,0.0010000000000047748
80329000,-2315,14702,128393,2071,16612,114135,112,19227,565,1,4101,0.000999999999990564
80330000,3247,14363,130347,-3415,579,132679,98,19234,459,1,4102,0.0010000000000047748
80331000,7617,-9240,127300,3523,-16274,129566,98,19223,401,0,4103,0.0010000000000047748
80332000,10260,-3704,128307,13736,-3825,125335,137,19230,561,0,4104,0.000999999999990564
80333001,5658,-1186,130701,7438,-8311,132640,112,19229,459,0,4105,0.00100100000000225
80334001,-1152,-1601,131111,-20881,-402,124348,121,19229,496,1,4106,0.0010000000000047748
80335000,477,7891,134976,-4934,-3394,139124,118,19221,496,1,4107,0.0009989999999930887
80336000,-11310,1077,130059,7046,-1413,125620,100,19234,483,1,4108,0.0010000000000047748
80337000,-3702,-2115,132511,-23537,-6582,129253,100,19233,410,1,4109,0.0010000000000047748
80338000,-1683,255,129819,-6528,-8204,135937,116,19224,475,0,4110,0.000999999999990564
80339000,5747,320,128266,9095,-6017,124248,95,19231,389,0,4111,0.0010000000000047748
80340000,-2379,2553,130455,-8411,-35,132606,108,19226,442,0,4112,0.0010000000000047748
80341002,-8809,-1161,129979,-18501,-184,127108,142,19226,442,1,4113,0.0010019999999997253
80342000,-8150,3204,130513,-9076,3075,130307,118,19225,582,1,4114,0.0009979999999956135
80343000,-11060,2039,129127,-7777,-3348,132408,118,19229,483,1,4115,0.000999999999990564
80344000,-1444,8315,128449,-8838,6991,127911,97,19227,397,0,4116,0.0010000000000047748
80345000,-4463,-1263,126212,-9066,-5097,126906,160,19236,655,0,4117,0.0010000000000047748
80346000,-698,-2009,126386,-7391,-786,122829,103,19233,422,0,4118,0.000999999999990564
80347000,-1406,-2831,128101,-3862,-7524,133630,109,19233,422,0,4119,0.0010000000000047748
80348000,-6697,-1721,126319,-7279,-5296,119683,124,19222,446,1,4120,0.0010000000000047748
80349001,-6576,9829,127662,-14669,20286,123108,124,19229,508,1,4121,0.00100100000000225
80350000,-7335,12930,128400,-6328,751,123459,107,19232,438,1,4122,0.0009989999999930887
80351000,1371,435,124527,4995,-9280,132180,113,19225,463,0,4123,0.0010000000000047748
80352000,-3174,-5948,124402,-8396,-1478,119791,91,19235,373,0,4124,0.000999999999990564
80353000,2101,8835,127731,-2152,10281,118264,106,19235,373,0,4125,0.0010000000000047748
80354000,1347,6681,126701,5224,1081,129529,131,19229,434,1,4126,0.0010000000000047748
80355001,-2472,1278,125863,-10440,-2416,128226,131,19225,537,1,4127,0.00100100000000225
80356000,-134,1220,124481,-1411,12815,123905,112,19234,459,1,4128,0.0009989999999930887
80357000,4608,13197,125695,9998,8077,118071,95,19230,389,0,4129,0.0010000000000047748
80358000,10276,8207,122697,3168,-4402,124476,113,19230,463,0,4130,0.000999999999990564
80359000,9902,-3095,122850,6337,-6415,127467,110,19230,463,0,4131,0.0010000000000047748
80360000,5864,-8979,124681,10039,-10464,131711,113,19227,451,0,4132,0.0010000000000047748
80361000,3893,392,125937,1450,11452,118215,113,19225,463,1,4133,0.000999999999990564
80362000,3065,10860,130776,-2501,4020,128936,128,19231,524,1,4134,0.0010000000000047748
80363000,5994,2091,126015,6240,3296,127488,108,19233,442,1,4135,0.0010000000000047748
80364000,6858,6769,126352,1955,99,122649,105,19220,430,0,4136,0.000999999999990564
80365000,8801,-1807,127968,7927,-5194,129074,88,19220,360,0,4137,0.0010000000000047748
80366002,7806,-8504,125411,17317,-14898,132098,100,19231,360,0,4138,0.0010019999999997253
80367001,4885,-10358,127308,-5385,-4323,130467,118,19231,410,1,4139,0.0009990000000072996
80368000,4394,11592,131247,-4686,15884,120998,118,19224,483,1,4140,0.0009989999999930887
80369000,2934,17014,130616,7990,7283,127474,110,19230,451,1,4141,0.0010000000000047748
80370000,490,5950,129860,-814,-5800,125070,98,19228,401,1,4142,0.000999999999990564
80371000,5671,-9674,128201,-4108,-24413,135486,143,19228,586,0,4143,0.0010000000000047748
80372001,8424,-16569,129164,22351,-16277,131367,101,19229,586,0,4144,0.00100100000000225
80373000,3698,12018,131755,-739,9296,122582,104,19230,414,0,4145,0.0009989999999930887
80374000,4078,-463,128887,-22346,6653,128051,104,19227,426,1,4146,0.0010000000000047748
80375000,-5368,13794,135471,7861,3145,130130,146,19232,598,1,4147,0.0010000000000047748
80376000,-6003,-8386,127001,2740,-13790,135457,106,19232,434,1,4148,0.000999999999990564
80377000,-5950,-3047,128735,-20919,-6213,126767,100,19232,410,0,4149,0.0010000000000047748
80378001,575,-415,132703,-2596,-5217,128544,108,19227,410,0,4150,0.00100100000000225
80379000,3309,4941,127524,8150,-882,124717,106,19229,442,0,4151,0.0009989999999930887
80380000,-2276,2381,130896,-18139,-2292,133533,106,19228,434,0,4152,0.0010000000000047748
80381000,-8544,-3057,129789,-14975,-1898,129139,121,19222,496,1,4153,0.0010000000000047748
80382000,-7083,10818,129929,-6385,5965,121830,112,19230,459,1,4154,0.000999999999990564
80383000,-7375,12709,131572,-6524,9020,129465,97,19230,397,1,4155,0.0010000000000047748
80384000,-3802,5024,128368,-9738,-5221,125789,131,19230,397,0,4156,0.0010000000000047748
80385001,-3803,-8271,126118,-8865,-10405,127965,100,19222,537,0,4157,0.00100100000000225
80386000,-3402,5246,126928,-1681,5992,124625,100,19235,410,0,4158,0.0009989999999930887
80387000,-205,9884,128321,-10546,5737,122812,104,19228,426,1,4159,0.0010000000000047748
80388000,-6406,6948,127840,-5554,7842,126153,143,19227,586,1,4160,0.000999999999990564
80389000,-6206,-1075,126689,-16065,-1710,132130,110,19233,451,1,4161,0.0010000000000047748
80390000,-1426,8487,127070,-5412,4783,120083,101,19233,451,1,4162,0.0010000000000047748
80391000,-462,5657,125314,6325,-144,129904,105,19225,414,0,4163,0.000999999999990564
80392000,3727,-11630,123183,-4696,-15106,126913,105,19231,430,0,4164,0.0010000000000047748
80393001,519,4547,125884,-2822,3388,121040,107,19225,438,0,4165,0.00100100000000225
80394000,625,10913,124917,311,12271,120591,116,19219,475,1,4166,0.0009989999999930887
80395000,-4316,15420,128179,-6495,10737,122142,117,19230,479,1,4167,0.0010000000000047748
80396000,1086,4106,124343,-3437,-1809,135027,98,19230,479,1,4168,0.0010000000000047748
80397000,4496,-1558,122272,9088,294,121066,119,19233,401,0,4169,0.000999999999990564
80398000,8263,6539,124547,1140,7343,120746,119,19230,487,0,4170,0.0010000000000047748
80399001,9901,2841,127886,6011,-11593,127205,114,19224,467,0,4171,0.00100100000000225
80400000,4798,-7482,123720,2642,-13373,132834,117,19228,479,0,4172,0.0009989999999930887
80401000,3571,-1409,128509,-5033,8871,125649,147,19229,602,1,4173,0.0010000000000047748
80402000,243,17712,131176,6584,10181,115272,111,19229,602,1,4174,0.0010000000000047748
80403000,7983,8147,126581,9768,-6435,135101,97,19233,455,1,4175,0.000999999999990564
80404001,7705,-473,127879,-3234,-758,121107,97,19226,397,0,4176,0.00100100000000225
80405000,12936,-633,127349,11472,-14265,130917,127,19230,520,0,4177,0.0009990000000072996
80406003,7288,-13505,124496,17234,-5160,125364,105,19227,430,0,4178,0.0010029999999972006
80407000,2993,4475,130171,-16590,-1231,127998,109,19221,446,1,4179,0.0009969999999981383
80408000,4295,2217,131337,3901,7300,129253,113,19221,446,1,4180,0.0010000000000047748
80409000,-864,16919,128450,6574,13289,122351,101,19231,463,1,4181,0.000999999999990564
80410000,4415,1045,129933,-4144,-5170,135003,101,19231,414,1,4182,0.0010000000000047748
80411000,6917,-13417,125315,7708,-23708,123543,117,19219,479,0,4183,0.0010000000000047748
80412000,13658,-5819,130868,15763,-13857,142956,94,19231,385,0,4184,0.000999999999990564
80413000,1032,-5241,129883,-6639,723,121263,104,19230,426,0,4185,0.0010000000000047748
80414000,703,12749,133851,-24034,8599,124911,134,19230,549,1,4186,0.0010000000000047748
80415000,-7927,9824,133382,13138,2305,133024,112,19221,549,1,4187,0.000999999999990564
80416000,-9770,-2407,129978,-6148,-10089,131335,96,19230,459,1,4188,0.0010000000000047748
80417000,355,-6512,128266,-22966,-12090,133546,96,19225,393,0,4189,0.0010000000000047748
80418000,-3334,-3046,129655,4036,-4629,124138,144,19233,590,0,4190,0.000999999999990564
80419002,6373,3140,131001,5045,1020,128597,109,19230,446,0,4191,0.0010019999999997253
80420000,-6535,5342,133650,-15955,-11671,127484,113,19230,463,0,4192,0.0009980000000098244
80421000,-7995,3370,128136,-23418,4836,129310,131,19224,463,1,4193,0.000999999999990564
80422003,-9749,9510,132156,-2965,3498,132824,108,19227,537,1,4194,0.0010029999999972006
80423002,-4350,12822,129761,-8700,11729,115820,108,19228,442,1,4195,0.0009990000000072996
80424000,-439,1803,127598,-10031,-11283,136774,110,19220,451,0,4196,0.0009979999999956135
80425000,-7388,-9526,124675,-7342,-10826,126950,112,19231,459,0,4197,0.0010000000000047748
80426000,4162,7646,127975,-5824,4604,124083,105,19231,430,0,4198,0.0010000000000047748
80427000,-4810,8488,127192,1428,6199,124324,126,19230,430,1,4199,0.000999999999990564
80428000,-5901,12654,129390,-14938,12278,124813,117,19227,516,1,4200,0.0010000000000047748
80429000,-8284,398,127572,-17229,-5354,131532,117,19231,479,1,4201,0.0010000000000047748
80430000,-69,1543,125923,-1942,720,125098,101,19227,414,0,4202,0.000999999999990564
80431000,2397,-1513,127107,8191,-3533,127723,135,19232,553,0,4203,0.0010000000000047748
80432001,-871,1320,123334,-9846,-7200,121686,105,19233,430,0,4204,0.00100100000000225
80433000,4447,1119,124652,-16296,-3676,131457,111,19233,430,0,4205,0.0009989999999930887
80434001,-2887,8564,126897,12097,8977,123639,148,19228,455,1,4206,0.00100100000000225
80435000,-2177,18895,126909,-5291,19042,116504,148,19228,606,1,4207,0.0009990000000072996
80436000,1190,4003,125250,-7647,-1463,128142,105,19235,430,1,4208,0.000999999999990564
80437000,4233,-1078,122338,11380,-3125,130204,102,19219,418,0,4209,0.0010000000000047748
80438000,11476,-98,121813,4617,-1949,121883,83,19228,340,0,4210,0.0010000000000047748
80439000,5528,4739,128000,8336,2852,126056,111,19228,340,0,4211,0.000999999999990564
80440000,6191,-3595,126752,3309,-7252,129142,130,19225,455,1,4212,0.0010000000000047748
80441000,1736,-3595,126736,281,-2809,124511,130,19224,532,1,4213,0.0010000000000047748
80442000,2311,12098,128908,3058,-3730,125704,116,19228,475,1,4214,0.000999999999990564
80443000,8002,6447,122563,6606,15418,112899,95,19232,389,1,4215,0.0010000000000047748
80444000,9931,4416,127396,3930,-4498,129916,133,19228,545,0,4216,0.0010000000000047748
80445000,14892,-13343,127566,8220,-26287,138562,101,19228,545,0,4217,0.000999999999990564
80446000,4754,-5561,126771,15281,-5583,117557,105,19232,414,0,4218,0.0010000000000047748
80447001,2648,10387,132690,-14941,5331,131075,105,19224,430,1,4219,0.00100100000000225
80448000,901,6948,130972,6250,6247,126164,137,19229,561,1,4220,0.0009989999999930887
80449002,-305,10945,131927,5310,-2998,130045,109,19230,446,1,4221,0.0010019999999997253
80450008,4045,-2615,127142,-3764,-10558,127543,102,19219,418,0,4222,0.0010060000000038372
80451000,8482,-4761,127338,12165,-7659,125320,117,19219,418,0,4223,0.0009919999999965512
80452000,9970,-1839,128748,11968,-4307,135002,106,19232,479,0,4224,0.0010000000000047748
80453000,2702,-3774,129918,-15082,-701,124306,106,19231,434,0,4225,0.0010000000000047748
80454000,1551,7201,132625,-8234,-3209,133747,120,19217,491,1,4226,0.000999999999990564
80455003,-8401,13335,132108,5463,10466,118540,107,19227,438,1,4227,0.0010029999999972006
80456002,-3436,-2522,129930,-15169,-11605,134395,94,19233,385,1,4228,0.0009990000000072996
80457002,1884,-14445,131069,-9658,-15381,134933,126,19233,516,0,4229,0.0010000000000047748
80458000,-1437,-1262,128443,6671,2194,119820,109,19227,516,0,4230,0.0009979999999956135
80459000,3,9306,132492,-9583,3496,123999,112,19226,446,0,4231,0.0010000000000047748
80460000,-8013,8738,132077,-16218,167,131306,112,19228,459,1,4232,0.000999999999990564
80461000,-7491,-5761,129292,-7396,-2728,139477,153,19231,627,1,4233,0.0010000000000047748
80462000,-10116,6902,130612,-8006,11994,120030,112,19232,459,1,4234,0.0010000000000047748
80463000,-4617,16056,130896,-12423,6313,122222,99,19232,405,1,4235,0.000999999999990564
80464000,-3157,223,126693,-3508,-10809,134980,153,19225,405,0,4236,0.0010000000000047748
80465000,-1686,-12919,126292,-2857,-13114,132407,103,19233,627,0,4237,0.0010000000000047748
80466000,-1560,781,128433,-7825,-1141,128283,103,19228,422,0,4238,0.000999999999990564
80467000,-7066,18061,128003,-9723,14317,114203,110,19222,451,1,4239,0.0010000000000047748
80468000,-5371,11192,128075,-8383,6238,127233,108,19229,442,1,4240,0.000999999999990564
80469000,-6074,-293,127984,-7960,-6461,134789,105,19229,430,1,4241,0.0010000000000047748
80470000,-1660,2988,123149,3818,4482,120386,122,19233,430,0,4242,0.0010000000000047748
80471000,-3075,10626,124957,-12447,5501,119059,101,19227,500,0,4243,0.000999999999990564
80472000,3492,577,124281,-1385,-5664,125434,101,19234,414,0,4244,0.0010000000000047748
80473000,1772,-6242,125761,8349,-5783,136716,107,19225,438,0,4245,0.0010000000000047748
80474000,-1668,-3035,124558,-14364,-509,123674,142,19226,582,1,4246,0.000999999999990564
80475000,-3106,18958,128619,-2627,19061,116734,112,19230,459,1,4247,0.0010000000000047748
80476001,2524,14519,125077,6062,2956,124552,94,19230,459,1,4248,0.00100100000000225
80477000,9114,-5592,122495,5175,-11187,128303,108,19225,385,0,4249,0.0009989999999930887
80478000,6201,-6622,124560,7074,-10204,128592,108,19232,442,0,4250,0.0010000000000047748
80479000,5964,3738,125766,7591,-1498,117802,108,19227,442,0,4251,0.0010000000000047748
80480000,5607,7745,126871,10265,1582,126001,112,19222,459,1,4252,0.000999999999990564
80481000,419,2087,129635,-9195,201,131027,113,19230,463,1,4253,0.0010000000000047748
80482000,3346,8337,125966,3282,13150,122669,103,19230,463,1,4254,0.0010000000000047748
80483002,8163,197,125406,14263,-4365,125839,111,19235,422,1,4255,0.0010019999999997253
80484002,13772,90,125880,4227,-6874,125028,111,19222,455,0,4256,0.000999999999990564
80485000,10610,-12974,124163,5268,-17905,135958,92,19232,377,0,4257,0.0009980000000098244
80486000,7467,-7127,129686,10069,-7873,123466,100,19228,410,0,4258,0.000999999999990564
80487000,2406,10808,130378,-2784,9005,124130,128,19225,524,1,4259,0.0010000000000047748
80488000,-1551,13678,129926,-2500,7622,128991,110,19225,524,1,4260,0.0010000000000047748
80489000,369,5301,128323,4924,-13530,128486,96,19229,451,1,4261,0.000999999999990564
80490000,6863,-4569,125054,-3216,-5364,127889,96,19228,393,0,4262,0.0010000000000047748
80491000,12745,-1890,129715,11505,-3239,125469,157,19232,643,0,4263,0.0010000000000047748
80492000,7317,-6915,128939,19137,-15914,139267,110,19226,451,0,4264,0.000999999999990564
80493000,1676,-4906,131094,-20517,3901,122710,109,19227,446,0,4265,0.0010000000000047748
80494000,-2414,12596,133252,-4691,3850,132004,134,19227,446,1,4266,0.0010000000000047748
80495000,-7588,3336,130597,-940,65,127091,102,19227,549,1,4267,0.000999999999990564
80496000,-3219,730,128869,-14305,-9173,130942,106,19235,418,1,4268,0.0010000000000047748
80497002,2061,-10963,129013,-4519,-7953,130814,106,19221,434,0,4269,0.0010019999999997253
80498000,2744,9164,131079,5848,4207,118086,87,19231,356,0,4270,0.0009979999999956135
80499000,-1859,6270,131852,-14733,-9651,133009,109,19226,446,0,4271,0.0010000000000047748
80500001,-8020,-2212,131109,-17868,-1029,131211,132,19226,446,1,4272,0.00100100000000225
80501000,-12409,6372,132129,-7373,1957,128112,113,19223,541,1,4273,0.0009989999999930887
80502000,-9087,10351,132409,-8628,8694,125772,113,19231,463,1,4274,0.0010000000000047748
80503001,-2496,10422,128478,-6424,-1391,128090,96,19232,393,1,4275,0.00100100000000225
80504000,-1794,-8579,125468,-9259,-8095,132630,145,19224,594,0,4276,0.0009989999999930887
80505000,-1542,-2186,125262,-7136,-72,121594,103,19229,422,0,4277,0.0010000000000047748
80506000,-1211,5780,127789,-4356,646,133306,107,19229,438,0,4278,0.0010000000000047748
80507000,-5721,6651,128354,-9976,5261,121030,128,19225,438,1,4279,0.000999999999990564
80508000,-8416,9610,126884,-16865,4544,126289,112,19228,524,1,4280,0.0010000000000047748
80509000,-5162,8110,129249,-2884,-3835,129457,112,19232,459,1,4281,0.0010000000000047748
80510000,1900,4052,125573,6067,-7070,119282,104,19222,426,0,4282,0.000999999999990564
80511000,-297,-1368,125899,-7267,-4895,127938,83,19230,340,0,4283,0.0010000000000047748
80512000,-242,5308,126198,-6269,1791,120280,109,19230,446,0,4284,0.0010000000000047748
80513000,-880,6742,126301,678,3883,127550,124,19229,446,1,4285,0.000999999999990564
80514000,-2385,4872,126911,-6944,4162,124618,109,19217,508,1,4286,0.0010000000000047748
80515000,-1471,11235,125515,-8418,11965,119175,109,19227,446,1,4287,0.0010000000000047748
80516000,4673,9016,125911,12745,-943,128938,95,19228,389,0,4288,0.000999999999990564
80517000,9723,-3071,123045,3951,-1411,118506,131,19232,537,0,4289,0.0010000000000047748
80518000,12662,-380,124454,-186,-11761,130837,107,19224,438,0,4290,0.0010000000000047748
80519000,6208,-2487,126591,12121,-5773,119260,114,19224,438,0,4291,0.000999999999990564
80520000,5627,3742,126750,2992,-4100,131220,137,19226,467,1,4292,0.0010000000000047748
80521000,-512,1131,129561,-1288,2872,128285,137,19229,561,1,4293,0.0010000000000047748
80522000,5093,7526,127386,7236,4145,122215,112,19231,459,1,4294,0.000999999999990564
80523000,7014,-2440,124695,5802,-6273,127808,101,19224,414,0,4295,0.0010000000000047748
80524000,9436,12788,129380,-1254,7379,118431,115,19235,471,0,4296,0.0010000000000047748
80525000,8115,-15167,124643,19426,-21723,142343,104,19235,471,0,4297,0.000999999999990564
80526003,4331,-9319,127240,-788,-10241,122186,115,19229,426,0,4298,0.0010030000000114114
80527007,3756,7550,130203,-11368,-848,127312,115,19223,471,1,4299,0.0010039999999946758
80528000,145,16815,133194,10023,11155,121590,110,19227,451,1,4300,0.0009929999999940264
80529000,3833,5170,128721,-541,272,128802,103,19228,422,1,4301,0.0010000000000047748
80530001,6086,-9289,128068,-3891,-11406,133187,128,19223,524,0,4302,0.00100100000000225
80531000,4315,-9517,126960,14477,-12324,124466,109,19223,524,0,4303,0.0009989999999930887
80532000,6927,-9275,126937,10675,-14334,130895,108,19228,446,0,4304,0.0010000000000047748
80533003,814,8536,133840,-21441,9565,125857,108,19230,442,1,4305,0.0010029999999972006
80534000,-2175,12899,133100,149,11594,124615,145,19229,594,1,4306,0.0009969999999981383
80535003,-8050,4922,129348,2000,813,129751,110,19233,451,1,4307,0.0010030000000114114
80536002,-2161,-9219,128371,-19960,-24770,139596,99,19221,405,1,4308,0.0009989999999930887
80537002,-310,-4992,126177,8955,5187,121923,121,19221,405,0,4309,0.0010000000000047748
80538002,4365,4593,130557,-8366,3978,124064,110,19234,496,0,4310,0.000999999999990564
80539000,-2732,3459,133661,-11966,-3729,133992,110,19226,451,0,4311,0.0009980000000098244
80540000,-6199,46,130842,-5030,-5235,130329,118,19221,483,1,4312,0.000999999999990564
80541001,-10537,-99,129362,-17246,7120,128302,114,19229,467,1,4313,0.00100100000000225
80542000,-9813,15782,131499,-10543,13522,121037,105,19231,430,1,4314,0.0009990000000072996
80543000,-2598,12071,128890,-3366,-6529,128085,119,19231,430,0,4315,0.000999999999990564
80544000,-2829,-8889,124736,-5844,-11622,131322,93,19214,487,0,4316,0.0010000000000047748
80545000,-2742,-595,128627,-9539,-2702,125009,93,19232,381,0,4317,0.0010000000000047748
80546000,-981,5266,125806,-7150,1349,127579,101,19231,414,1,4318,0.000999999999990564
80547000,-5403,8431,129106,-9136,8557,123778,134,19228,549,1,4319,0.0010000000000047748
80548000,-4783,10057,127587,-15775,-746,128084,117,19231,479,1,4320,0.0010000000000047748
80549000,-3328,16902,125824,-2355,9291,119443,101,19231,414,1,4321,0.000999999999990564
80550000,-914,-1299,126535,-1654,-15768,131723,117,19227,414,0,4322,0.0010000000000047748
80551000,3374,-11266,124902,1137,-7683,127409,110,19231,479,0,4323,0.0010000000000047748
80552000,-301,12071,126440,-5620,9167,115603,110,19226,451,0,4324,0.000999999999990564
80553000,-1391,13186,128151,-3408,-302,126696,112,19224,459,1,4325,0.0010000000000047748
80554001,-2657,13074,126063,-2473,5988,126812,137,19228,561,1,4326,0.00100100000000225
80555000,-259,5407,124036,-3374,4302,126427,103,19228,422,1,4327,0.0009989999999930887
80556000,6534,10074,125962,8165,12886,117050,112,19232,422,0,4328,0.0010000000000047748
80557001,10012,6064,123866,5720,-11685,126814,95,19225,459,0,4329,0.00100100000000225
80558002,10695,-9386,122926,6042,-16882,132239,95,19229,389,0,4330,0.00100100000000225
80559000,6156,-3406,127947,4310,-5195,128281,112,19229,459,0,4331,0.0009979999999956135
80560000,4108,-4377,127491,4606,-2206,128155,131,19228,537,1,4332,0.0010000000000047748
80561000,-824,29579,130576,-1129,21907,114549,110,19228,451,1,4333,0.000999999999990564
80562001,7439,1115,124251,-235,-11991,138070,96,19232,451,1,4334,0.00100100000000225
80563000,10229,2329,126003,18296,2426,117546,153,19230,393,0,4335,0.0009990000000072996
80564000,8778,6331,126246,3606,-4897,126281,153,19231,627,0,4336,0.000999999999990564
80565000,10338,-9145,127347,7531,-12491,129369,105,19229,430,0,4337,0.0010000000000047748
80566000,3361,-2591,132392,2388,-8991,133079,103,19222,422,1,4338,0.0010000000000047748
80567000,2300,-1262,129405,-5164,-1959,133206,123,19225,504,1,4339,0.000999999999990564
80568000,-1576,20078,130724,4945,19101,112326,106,19225,504,1,4340,0.0010000000000047748
80569000,3208,1945,129307,-4999,-7043,135660,110,19231,434,1,4341,0.0010000000000047748
80570000,11768,-12646,125450,8057,-16551,126021,110,19220,451,0,4342,0.000999999999990564
80571000,9794,-4404,130307,18584,-9794,133156,106,19228,434,0,4343,0.0010000000000047748
80572002,3401,-8721,129290,-4700,-11181,130098,101,19231,414,0,4344,0.0010019999999997253
80573002,-3521,14905,132101,-14739,12129,120350,122,19221,500,1,4345,0.0010000000000047748
80574002,-2829,-3529,133636,-1372,-8350,144499,111,19221,500,1,4346,0.000999999999990564
80575000,-9062,3355,128957,3785,2123,121360,96,19229,455,1,4347,0.0009980000000098244
80576001,-1723,2996,129152,-19565,-1585,132955,96,19230,393,0,4348,0.0010009999999880392
80577000,1824,-7338,127676,-5076,-7997,127565,136,19233,557,0,4349,0.0009990000000072996
80578000,5386,-487,129920,9314,-1060,129144,105,19229,430,0,4350,0.0010000000000047748
80579000,-5587,-615,130553,-16160,-3494,125989,109,19224,446,0,4351,0.000999999999990564
80580002,-8877,6455,130844,-18336,4274,127307,137,19224,446,1,4352,0.0010019999999997253
80581000,-8489,6873,131960,-6703,6304,129057,109,19230,561,1,4353,0.0009980000000098244
80582000,-4877,6652,128821,-6253,3394,122968,109,19230,446,1,4354,0.000999999999990564
80583000,-1965,4700,129313,-8295,-13210,134451,102,19224,418,0,4355,0.0010000000000047748
80584000,-5225,-4189,124664,-14661,4271,119304,132,19235,541,0,4356,0.0010000000000047748
80585000,-221,4892,129060,334,-824,130637,102,19226,418,0,4357,0.000999999999990564
80586001,-5363,-164,129662,-5457,-6917,132442,118,19226,418,1,4358,0.00100100000000225
80587000,-8955,5489,127752,-15300,8964,118645,111,19217,483,1,4359,0.0009990000000072996
80588000,-6313,13334,130473,-9517,8562,127397,111,19232,455,1,4360,0.000999999999990564
80589000,-1593,8755,125542,9236,1738,122157,101,19229,414,0,4361,0.0010000000000047748
80590000,1865,-2631,122997,-11320,-497,127668,126,19229,516,0,4362,0.0010000000000047748
80591000,1121,-6445,124112,-10142,-1389,123734,104,19228,426,0,4363,0.000999999999990564
80592002,5503,7368,126311,7647,-2204,126884,108,19228,442,0,4364,0.0010019999999997253
80593000,-1973,5879,126001,-959,1820,125307,153,19227,442,1,4365,0.0009979999999956135
80594000,-4358,8765,126590,-12665,8873,121975,153,19226,627,1,4366,0.0010000000000047748
80595000,2115,12606,125669,5407,-575,124154,106,19233,434,1,4367,0.0010000000000047748
80596000,6151,14571,124989,3326,2770,120688,95,19228,389,0,4368,0.000999999999990564
80597000,13710,1391,121566,6557,-7123,125636,92,19231,377,0,4369,0.0010000000000047748
80598002,6753,-6500,126163,8318,-5923,126920,112,19231,459,0,4370,0.0010019999999997253
80599000,4799,-6207,123972,-1104,-1128,130115,121,19228,459,1,4371,0.0009979999999956135
80600001,5028,-1904,126865,233,4556,127200,108,19224,496,1,4372,0.00100100000000225
80601000,2944,19156,130046,6699,14449,118194,108,19228,442,1,4373,0.0009990000000072996
80602001,7061,7442,124684,1714,-3018,126307,96,19236,393,1,4374,0.00100100000000225
80603000,9222,-4227,127374,8839,-8828,128663,118,19224,483,0,4375,0.0009989999999930887
80604000,10342,-7968,126652,13293,-16839,133169,105,19224,430,0,4376,0.0010000000000047748
80605000,6978,-12223,125761,3642,-6913,125133,107,19226,430,0,4377,0.000999999999990564
80606000,2376,13523,132115,-3114,11889,122102,142,19229,438,1,4378,0.0010000000000047748
80607000,2761,10391,129607,1084,4258,132345,142,19227,582,1,4379,0.0010000000000047748
80608003,-1011,6106,130562,6154,7816,121643,111,19229,455,1,4380,0.0010029999999972006
80609000,4667,-4702,126600,-1378,-6368,129956,98,19224,401,0,4381,0.0009969999999981383
80610001,10167,-11206,127950,1709,-16343,132984,141,19235,577,0,4382,0.00100100000000225
80611000,10130,-4172,129689,23370,-4339,124334,104,19235,577,0,4383,0.0009989999999930887
80612000,4742,-4020,130392,-18345,-7569,138491,109,19234,426,0,4384,0.0010000000000047748
80613000,-1548,11895,133512,-12001,12970,114585,109,19222,446,1,4385,0.0010000000000047748
80614000,-5312,7098,132703,5631,-5281,137747,126,19228,516,1,4386,0.000999999999990564
80615000,-6348,-5431,130423,-4584,-6967,130973,101,19235,414,1,4387,0.0010000000000047748
80616000,-3387,-9179,129104,-16504,-12968,133089,114,19218,467,0,4388,0.0010000000000047748
80617000,-68,-1407,130393,237,-266,125270,97,19218,467,0,4389,0.000999999999990564
80618000,-1801,3175,130018,5527,1177,123436,110,19230,397,0,4390,0.0010000000000047748
80619000,-5721,-291,130621,-19692,-5515,143391,110,19224,451,1,4391,0.0010000000000047748
80620000,-11897,364,128691,-13013,675,119563,142,19224,582,1,4392,0.000999999999990564
80621000,-4961,8929,131512,-8578,7077,128622,119,19233,487,1,4393,0.0010000000000047748
80622000,-6730,9177,131563,-7451,4961,126872,101,19228,414,1,4394,0.0010000000000047748
80623000,-1187,-7676,125577,-8385,-9993,128847,157,19228,414,0,4395,0.000999999999990564
80624000,-2758,-5036,126164,-6608,-6378,134732,103,19230,643,0,4396,0.0010000000000047748
80625000,-5086,2948,125505,-1389,1240,118795,103,19230,422,0,4397,0.0010000000000047748
80626000,-3397,14515,128135,-15614,11180,129359,108,19224,442,1,4398,0.000999999999990564
80627000,-9342,11143,130649,-8724,3961,129090,134,19226,549,1,4399,0.0010000000000047748
80628000,-6209,-1804,126046,-398,-2742,128365,109,19228,446,1,4400,0.0010000000000047748
80629000,-2240,3928,128674,-12388,-334,117059,113,19228,446,0,4401,0.000999999999990564
80630000,722,3910,124224,1695,-4218,125590,91,19223,463,0,4402,0.0010000000000047748
80631000,4964,1647,124103,5891,-4670,128246,91,19228,373,0,4403,0.0010000000000047748
80632000,-3924,-3658,122216,-13821,4314,123982,107,19231,438,0,4404,0.000999999999990564
80633000,29,11527,129471,-6141,14232,124647,130,19220,532,1,4405,0.0010000000000047748
80634001,-3815,9675,124951,2724,7302,120583,115,19232,471,1,4406,0.00100100000000225
80635000,4161,5726,126030,-2029,4547,132710,95,19232,471,1,4407,0.0009989999999930887
80636003,9266,-1080,123439,11172,-9495,122473,123,19230,389,0,4408,0.0010030000000114114
80637003,4444,4427,121739,6485,203,119816,123,19231,504,0,4409,0.000999999999990564
80638000,10638,1240,127074,1615,-9971,131866,110,19226,451,0,4410,0.0009969999999981383
80639000,2014,-1256,126392,10189,-6974,125971,113,19222,463,1,4411,0.0010000000000047748
80640000,4420,11697,127806,-8740,5240,127871,129,19226,528,1,4412,0.0010000000000047748
80641000,1683,11191,128576,4675,6453,121928,106,19226,434,1,4413,0.000999999999990564
80642000,9127,3867,126199,13180,-7951,128281,105,19231,434,1,4414,0.0010000000000047748
80643000,13946,3016,124438,-4083,-1242,123841,97,19220,430,0,4415,0.0010000000000047748
80644000,7843,-6045,125721,7308,-10514,133244,97,19233,397,0,4416,0.000999999999990564
80645000,11157,-12974,128403,12265,-6380,130041,105,19228,430,0,4417,0.0010000000000047748
80646000,839,8227,129842,-4127,4648,123637,119,19220,487,1,4418,0.0010000000000047748
80647000,-1464,12067,131941,-4286,3038,129759,112,19220,459,1,4419,0.000999999999990564
80648000,2054,8727,129498,5672,-2547,126140,99,19232,459,1,4420,0.0010000000000047748
80649000,5608,-591,128794,3057,-6976,131052,139,19231,405,0,4421,0.0010000000000047748
80650000,9507,-4055,129729,4591,-4561,125908,139,19224,569,0,4422,0.000999999999990564
80651000,6490,-3465,128257,11960,-18293,133740,104,19229,426,0,4423,0.0010000000000047748
80652004,5344,-4766,130901,-10742,-6744,131992,106,19224,434,0,4424,0.0010039999999946758
80653000,-2808,11603,134369,-8387,7580,124273,145,19229,594,1,4425,0.000996000000000663
80654002,-6577,-1156,133357,453,1457,134405,107,19229,594,1,4426,0.0010019999999997253
80655000,-4185,13910,130276,-13167,-3988,121978,99,19230,438,1,4427,0.0009980000000098244
80656000,-1145,-7479,125816,-10193,-17275,137333,99,19229,405,0,4428,0.000999999999990564
80657000,2526,-6139,129759,8597,-2582,125790,120,19225,491,0,4429,0.0010000000000047748
80658000,-2571,5868,132143,-4433,-451,124347,120,19229,491,0,4430,0.0010000000000047748
80659000,-5147,4265,132368,-20995,-910,134171,125,19223,512,1,4431,0.000999999999990564
80660000,-10782,6178,131173,-13197,2034,128591,110,19223,512,1,4432,0.0010000000000047748
80661000,-9070,5505,129099,-2840,6269,127949,102,19228,451,1,4433,0.0010000000000047748
80662000,-4310,20577,129756,-12926,14995,117754,102,19231,418,1,4434,0.000999999999990564
80663002,-4963,-7759,124911,-9939,-10669,136343,128,19222,524,0,4435,0.0010019999999997253
80664000,1879,-5750,127787,-2615,-7098,127331,100,19231,410,0,4436,0.0009980000000098244
80665000,-817,4671,126027,-6948,1165,123643,106,19230,434,0,4437,0.000999999999990564
80666000,-4511,3642,130339,-6695,5128,128493,144,19230,434,1,4438,0.0010000000000047748
80667000,-7842,11598,127228,-11573,3043,122388,111,19226,590,1,4439,0.0010000000000047748
80668000,-6245,3947,126823,-14159,-788,131241,111,19233,455,1,4440,0.000999999999990564
80669000,1636,10648,127430,6123,8018,118958,103,19225,422,0,4441,0.0010000000000047748
80670000,-1793,-1548,124176,-1303,-7087,127957,116,19231,475,0,4442,0.0010000000000047748
80671001,1586,-3159,123192,-7635,-3838,127928,106,19230,434,0,4443,0.0010009999999880392
80672001,257,3368,125096,-2123,3401,123270,117,19230,434,0,4444,0.0010000000000047748
80673000,-334,9838,127032,1864,9906,120624,124,19219,479,1,4445,0.0009990000000072996
80674000,-2509,12809,124975,-7529,9897,121417,124,19228,508,1,4446,0.000999999999990564
80675000,2724,7004,124500,-1344,4503,124852,98,19232,401,1,4447,0.0010000000000047748
80676000,11806,-217,123475,9560,-6899,124314,113,19229,463,0,4448,0.0010000000000047748
80677002,10602,-7574,123305,12649,-15294,129710,98,19228,401,0,4449,0.0010019999999997253
80678000,6394,-111,126469,230,6293,118489,114,19228,401,0,4450,0.0009979999999956135
80679000,4128,1224,127745,3068,-3873,131867,142,19228,467,1,4451,0.0010000000000047748
80680000,1366,8088,130904,6432,2527,124928,142,19227,582,1,4452,0.000999999999990564
80681000,3010,13549,126888,801,5242,120911,115,19232,471,1,4453,0.0010000000000047748
80682000,6801,3142,128480,4044,3793,120493,97,19228,397,0,4454,0.0010000000000047748
80683001,13002,5377,126145,12371,-10369,127280,134,19233,549,0,4455,0.0010009999999880392
80684000,11505,-15131,124986,14938,-19232,138320,103,19233,422,0,4456,0.0009990000000072996
80685001,2751,-10388,128553,-6888,3261,126837,105,19229,422,0,4457,0.00100100000000225
80686000,3220,11956,133239,-3177,7116,129883,113,19223,430,1,4458,0.0009989999999930887
80687002,-546,13580,128921,10598,9827,121073,113,19226,463,1,4459,0.0010019999999997253
80688001,191,8303,129652,-7947,-7287,133138,103,19234,422,1,4460,0.0009990000000072996
80689000,10111,-12077,126044,3568,-28219,132480,113,19216,463,0,4461,0.0009989999999930887
80690000,8427,3450,129617,23142,11157,118502,88,19216,360,0,4462,0.0010000000000047748
80691001,9769,-1905,129876,-4221,-12681,136942,104,19228,360,0,4463,0.00100100000000225
80692000,-3174,-2491,131930,-19751,5702,124017,130,19229,426,1,4464,0.0009989999999930887
80693000,-2101,4989,131841,-3499,-6926,137244,130,19227,532,1,4465,0.0010000000000047748
80694000,-9747,333,131111,4570,500,125343,110,19234,451,1,4466,0.0010000000000047748
80695000,-1023,7293,130699,-22741,719,123531,94,19226,385,1,4467,0.000999999999990564
80696001,-149,-7247,129462,-1754,-18614,138669,149,19226,610,0,4468,0.00100100000000225
80697000,4655,-2588,128766,2523,-1808,123258,104,19232,610,0,4469,0.0009990000000072996
80698002,-5065,9595,131819,-15020,4108,126164,110,19228,426,0,4470,0.0010019999999997253
80699000,-8907,90,129769,-14090,-4053,129611,110,19224,451,1,4471,0.0009979999999956135
80700000,-8330,7711,132868,-8194,5707,130768,131,19230,537,1,4472,0.0010000000000047748
80701000,-11452,-2630,129184,-9958,-3934,134714,109,19235,446,1,4473,0.000999999999990564
80702000,-727,15206,130680,-8976,10130,110304,107,19216,438,0,4474,0.0010000000000047748
80703000,-3898,1052,124422,-1837,-6147,135953,113,19216,438,0,4475,0.0010000000000047748
80704000,50,-9716,124736,-6761,-7285,129443,102,19231,463,0,4476,0.000999999999990564
80705000,-2086,6667,126593,-13010,9562,119970,102,19231,418,0,4477,0.0010000000000047748
80706000,-6722,10103,128908,-7008,4082,130008,123,19230,504,1,4478,0.0010000000000047748
80707000,-2376,9288,126619,-7382,4954,122057,115,19229,471,1,4479,0.000999999999990564
80708000,-5215,2911,126847,-6904,-2385,129876,101,19231,414,1,4480,0.0010000000000047748
80709000,3423,259,123777,-2503,2013,123432,141,19231,414,0,4481,0.0010000000000047748
80710000,-931,2357,124560,3415,437,122693,111,19230,577,0,4482,0.000999999999990564
80711000,-488,3355,124692,-5621,-69,121295,111,19228,455,0,4483,0.0010000000000047748
80712000,237,4062,126784,-7756,-1231,127967,109,19227,446,1,4484,0.0010000000000047748
80713000,-5390,4818,126027,4298,6062,132572,150,19232,614,1,4485,0.000999999999990564
80714001,275,10007,126313,-4058,6671,112342,108,19231,442,1,4486,0.00100100000000225
80715001,3820,12049,125775,988,7549,122261,102,19231,442,0,4487,0.0010000000000047748
80716000,9530,6812,125455,9263,3245,127153,84,19223,418,0,4488,0.0009989999999930887
80717000,13435,-13100,119916,5918,-12553,124524,84,19229,344,0,4489,0.0010000000000047748
80718000,4160,-5530,126999,6893,-6699,132113,109,19230,446,0,4490,0.000999999999990564
80719000,3729,318,124750,828,1975,123118,120,19226,491,1,4491,0.0010000000000047748
80720000,1631,8885,129089,1773,4846,131288,109,19230,446,1,4492,0.0010000000000047748
80721000,7803,6851,127716,8403,3041,122151,97,19230,446,1,4493,0.000999999999990564
80722000,9954,4412,125076,3651,1064,120364,131,19230,397,0,4494,0.0010000000000047748
80723000,8253,3118,126488,6593,150,129690,131,19230,537,0,4495,0.0010000000000047748
80724002,10274,-11680,126608,13734,-24483,133319,100,19228,410,0,4496,0.0010019999999997253
80725000,4616,-3193,128593,303,-5344,127411,101,19226,414,1,4497,0.0009979999999956135
80726000,3972,8459,129849,-1222,14857,123902,129,19228,528,1,4498,0.0010000000000047748
80727000,-8,19998,131957,4225,10437,125082,111,19228,455,1,4499,0.000999999999990564
80728000,2566,6276,128709,-3744,-13928,130121,103,19237,455,1,4500,0.0010000000000047748
80729001,8811,-14104,127540,1945,-15882,136309,125,19224,422,0,4501,0.00100100000000225
80730002,11839,-16329,129684,17819,-3731,122664,125,19235,512,0,4502,0.00100100000000225
80731000,4581,4025,130591,-121,1690,127438,104,19228,426,0,4503,0.0009979999999956135
80732000,-2133,831,130167,-26067,-1900,129515,114,19224,467,1,4504,0.0010000000000047748
80733000,-2602,14094,134788,1785,7761,127598,116,19224,475,1,4505,0.000999999999990564
80734000,-4127,7894,131415,-1663,-4249,131293,100,19228,475,1,4506,0.0010000000000047748
80735000,-3616,-3094,129442,-14376,-5563,127280,121,19229,410,0,4507,0.0010000000000047748
80736000,-2259,-18417,128077,-10299,-21183,139557,121,19226,496,0,4508,0.000999999999990564
80737000,7091,33,130760,9379,7615,119818,99,19228,405,0,4509,0.0010000000000047748
80738000,-5199,8095,129356,-16377,3555,129817,109,19225,446,0,4510,0.0010000000000047748
80739015,-8497,8974,133265,-17697,8167,127309,150,19226,614,1,4511,0.0010149999999953252
80740000,-12716,2571,128181,-6853,-5913,132932,115,19226,614,1,4512,0.0009850000000000136
80741001,-2309,2400,130998,-8937,4998,127037,99,19229,471,1,4513,0.00100100000000225
80742002,-4941,8716,129965,-5823,-3494,125856,99,19225,405,0,4514,0.00100100000000225
80743002,-2817,-7892,125357,-10962,-10661,131022,171,19232,700,0,4515,0.000999999999990564
80744000,-2955,767,126488,530,1191,126679,103,19232,422,0,4516,0.0009980000000098244
80745000,-5529,3255,127821,-8900,-5683,129303,114,19232,467,1,4517,0.000999999999990564
80746000,-5243,14657,127182,-13228,10385,117522,115,19219,467,1,4518,0.0010000000000047748
80747000,-9810,8388,129461,-13559,-1940,132667,106,19232,471,1,4519,0.0010000000000047748
80748000,783,-4090,127044,2577,8375,126677,106,19226,434,1,4520,0.000999999999990564
80749005,1026,9144,125928,179,-7522,123159,119,19226,487,0,4521,0.001005000000006362
80750001,1434,-11671,119051,-12048,-8374,130497,97,19228,397,0,4522,0.000996000000000663
80751000,1162,5112,126309,-1183,3608,123039,108,19224,442,0,4523,0.0009989999999930887
80752000,-1491,5610,126822,4707,-1160,123374,138,19224,442,1,4524,0.0010000000000047748
80753000,-2530,22865,129554,-5737,12142,120229,112,19224,565,1,4525,0.0010000000000047748
80754000,-4593,5981,125382,-7077,1952,128993,112,19230,459,1,4526,0.000999999999990564
80755000,10775,3069,123969,11298,2611,121245,94,19228,385,0,4527,0.0010000000000047748
80756000,5895,1187,122053,8743,-2432,124470,117,19231,479,0,4528,0.0010000000000047748
80757000,7725,-9279,124326,711,-7938,127683,113,19227,463,0,4529,0.000999999999990564
80758000,6578,884,127608,6139,-3039,124283,117,19227,463,0,4530,0.0010000000000047748
80759000,3888,3239,127364,1797,360,129574,130,19222,479,1,4531,0.0010000000000047748
80760000,3043,4697,128132,7817,8489,121639,130,19231,532,1,4532,0.000999999999990564
80761000,5660,2164,127419,678,-8410,124875,103,19231,422,1,4533,0.0010000000000047748
80762000,11457,-9442,124479,1834,-13335,132246,109,19223,446,0,4534,0.0010000000000047748
80763000,6994,7011,129348,13444,-889,123979,85,19231,348,0,4535,0.000999999999990564
80764000,5467,-9499,126503,9329,-12866,135572,103,19231,348,0,4536,0.0010000000000047748
80765000,1806,-918,129245,-6233,-799,124239,126,19230,422,1,4537,0.0010000000000047748
80766000,-702,3593,130581,-1707,-173,134219,126,19224,516,1,4538,0.000999999999990564
80767000,3352,17193,130218,6564,14931,117847,112,19227,459,1,4539,0.0010000000000047748
80768000,1308,7307,127531,-2658,1428,134794,97,19229,397,1,4540,0.0010000000000047748
80769000,12386,-17471,125589,3477,-18937,125354,147,19228,602,0,4541,0.000999999999990564
80770000,8118,-6909,130032,16995,-9918,136715,112,19228,602,0,4542,0.0010000000000047748
80771000,2912,-13490,128976,-4347,-6263,129957,111,19232,459,0,4543,0.0010000000000047748
80772000,2853,22192,132932,-13476,19196,117615,111,19220,455,1,4544,0.000999999999990564
80773000,-10756,448,132693,-469,-9906,139602,140,19227,573,1,4545,0.0010000000000047748
80774000,-4291,-8894,130291,-6118,-10690,127334,106,19231,434,1,4546,0.0010000000000047748
80775000,-2574,-778,130221,-11743,-5717,130845,102,19224,418,0,4547,0.000999999999990564
80776000,-1188,846,130238,-2875,8143,116105,98,19224,401,0,4548,0.0010000000000047748
80777000,1896,12649,129809,-7086,-1082,130993,110,19232,401,0,4549,0.0010000000000047748
80778000,-5919,-9601,130729,-9251,-15372,141459,128,19228,451,0,4550,0.000999999999990564
80779000,-6972,3576,130842,-12343,5231,119596,128,19222,524,1,4551,0.0010000000000047748
80780000,-10900,12441,131761,-10924,5056,130523,115,19230,471,1,4552,0.0010000000000047748
80781000,-2795,17455,130313,-11338,7769,118201,98,19229,401,1,4553,0.000999999999990564
80782000,-1374,-1003,126687,-3062,-11994,138038,134,19229,549,0,4554,0.0010000000000047748
80783000,-3932,-11347,125525,-4231,-13662,129578,98,19223,549,0,4555,0.0010000000000047748
80784000,-79,10317,124842,-8852,9573,114743,101,19230,401,0,4556,0.000999999999990564
80785002,-3705,9674,129887,-7768,3470,133434,101,19224,414,1,4557,0.0010019999999997253
80786000,-4426,684,127310,-8520,2163,125037,144,19227,590,1,4558,0.0009980000000098244
80787000,-8979,8630,128563,-9830,1930,124923,111,19232,455,1,4559,0.000999999999990564
80788001,-4677,15406,127808,1958,-1891,119077,99,19232,405,0,4560,0.00100100000000225
80789000,1262,1002,123710,-4799,-3596,127476,89,19224,405,0,4561,0.0009990000000072996
80790000,4419,-3243,126450,-4368,-8244,131921,106,19232,365,0,4562,0.000999999999990564
80791000,4526,7966,125004,-1169,12466,114251,106,19231,434,0,4563,0.0010000000000047748
80792000,-528,12363,128258,-83,-337,131386,118,19216,483,1,4564,0.0010000000000047748
80793000,-5053,2728,125195,-1295,-1079,124503,115,19229,471,1,4565,0.000999999999990564
80794000,1648,8575,125601,-3725,2706,127715,96,19231,393,1,4566,0.0010000000000047748
80795005,6928,960,126256,6557,3654,123629,121,19231,393,0,4567,0.001005000000006362
80796000,7774,14509,125082,14191,-3571,115021,103,19233,496,0,4568,0.000994999999988977
80797000,6572,-12929,123613,3957,-23964,136832,103,19228,422,0,4569,0.0010000000000047748
80798000,3485,-3638,127660,183,195,125882,111,19226,455,1,4570,0.0010000000000047748
80799000,3278,7532,128227,5490,7085,124301,141,19229,577,1,4571,0.000999999999990564
80800000,2420,17936,128209,2396,13379,119280,112,19229,459,1,4572,0.0010000000000047748
80801000,8540,5766,125210,187,-5846,129843,96,19229,459,1,4573,0.0010000000000047748
80802000,11163,-9670,124012,10152,-7558,127230,121,19226,393,0,4574,0.000999999999990564
80803000,11849,3287,127061,11309,-340,124359,121,19231,496,0,4575,0.0010000000000047748
80804000,7265,-11544,126795,2596,-11252,132129,108,19235,442,0,4576,0.0010000000000047748
80805006,5402,3300,131159,2720,-4151,126271,112,19219,459,1,4577,0.0010059999999896263
80806003,-1078,2771,129650,-436,-3688,129715,105,19233,430,1,4578,0.0009969999999981383
80807001,-543,9960,131003,-2813,10861,122884,99,19233,430,1,4579,0.0009980000000098244
80808002,5532,6589,130416,5969,-5034,125096,121,19231,405,0,4580,0.00100100000000225
80809000,8058,-12721,126561,6013,-17750,132636,121,19221,496,0,4581,0.0009979999999956135
80810000,8262,-3276,131461,7896,-6643,127666,98,19232,401,0,4582,0.0010000000000047748
80811000,-1276,-2042,128452,-278,-790,130966,101,19230,414,0,4583,0.000999999999990564
80812004,2044,8240,130658,-19059,8820,127216,137,19226,561,1,4584,0.0010040000000088867
80813000,-4792,10973,133907,6299,8068,126935,110,19226,561,1,4585,0.000996000000000663
80814000,-2947,-4158,127785,-2631,-8762,128716,94,19236,451,1,4586,0.000999999999990564
80815000,-1022,-6945,128670,-20270,-10430,130040,94,19228,385,0,4587,0.0010000000000047748
80816000,931,-7940,129296,420,-9275,125668,129,19233,528,0,4588,0.0010000000000047748
80817000,2148,6733,129306,5722,5773,122250,106,19232,434,0,4589,0.000999999999990564
80818000,-8867,6977,131161,-19354,-7507,131675,113,19222,463,1,4590,0.0010000000000047748
80819001,-6194,6672,130899,-18031,-506,128684,119,19222,487,1,4591,0.00100100000000225
80820000,-7749,4938,126652,719,4044,127260,104,19230,487,1,4592,0.0009989999999930887
80821000,-3560,11081,131658,-9100,9637,123571,116,19229,426,1,4593,0.0010000000000047748
80822000,-1433,3106,127641,-12880,-15517,131353,116,19218,475,0,4594,0.0010000000000047748
80823000,-3045,-11893,124463,-1387,-3468,131026,95,19226,389,0,4595,0.000999999999990564
80824000,-2432,3910,129542,-12317,10889,120311,101,19226,414,0,4596,0.0010000000000047748
80825001,-4789,6099,126365,-9018,5126,125118,130,19226,532,1,4597,0.00100100000000225
80826000,-8107,10177,130329,-11641,3778,130044,115,19231,532,1,4598,0.0009989999999930887
80827000,-5048,3432,127460,-8950,-1482,125021,101,19229,471,1,4599,0.0010000000000047748
80828000,-7,13448,129405,3315,1404,120872,101,19230,414,0,4600,0.0010000000000047748
80829001,-4110,751,123900,-7013,-7966,126191,127,19235,520,0,4601,0.0010009999999880392
80830001,278,-1108,124670,-6292,1460,126445,107,19227,438,0,4602,0.0010000000000047748
80831000,1836,1442,128648,3454,2265,123041,109,19227,446,0,4603,0.0009990000000072996
80832000,-314,9508,124416,-3664,10345,121287,137,19224,446,1,4604,0.000999999999990564
80833000,-2945,13125,126364,-7303,12207,127723,104,19228,561,1,4605,0.0010000000000047748
80834000,6379,1561,122891,3328,495,122575,104,19232,426,1,4606,0.0010000000000047748
80835000,12289,4418,123802,10394,-4181,130551,107,19226,438,0,4607,0.000999999999990564
80836000,9789,-4092,123202,4738,-5753,120855,94,19226,385,0,4608,0.0010000000000047748
80837000,5661,1396,125710,3031,-4652,126390,113,19229,463,0,4609,0.0010000000000047748
80838001,4360,-6109,126432,4253,-8245,134131,130,19229,463,1,4610,0.0010009999999880392
80839000,719,10988,127908,926,12730,119184,114,19224,532,1,4611,0.0009990000000072996
80840000,2325,15711,129202,2125,5030,123723,114,19229,467,1,4612,0.0010000000000047748
80841000,6946,3928,126133,3817,-985,122962,97,19227,397,0,4613,0.000999999999990564
80842000,11553,-2855,127822,10284,-4206,135060,145,19231,594,0,4614,0.0010000000000047748
80843000,10832,-13513,125134,10244,-16511,129755,111,19228,455,0,4615,0.000999999999990564
80844000,5381,-4681,127465,-3071,-1908,123514,107,19228,455,0,4616,0.0010000000000047748
80845000,2560,12998,133456,-3682,11058,128562,128,19227,438,1,4617,0.0010000000000047748
80846000,1442,9477,129151,7710,-115,127606,128,19231,524,1,4618,0.000999999999990564
80847002,338,2587,130245,-5,-4439,131023,108,19231,442,1,4619,0.0010020000000139362
80848002,5675,-4187,127208,-3900,-10396,125890,105,19222,430,0,4620,0.000999999999990564
80849000,11502,-9074,127003,18203,-10456,126801,110,19230,451,0,4621,0.0009979999999956135
80850000,5621,4308,131414,9952,504,131789,107,19230,451,0,4622,0.0010000000000047748
80851000,-432,-5804,129446,-23786,-2873,132185,121,19228,438,1,4623,0.0010000000000047748
80852000,-4533,9507,133780,-1969,6663,125875,121,19220,496,1,4624,0.000999999999990564
80853002,-4428,-1692,131537,3713,-7733,133745,108,19232,442,1,4625,0.0010019999999997253
80854002,-2898,-895,127867,-5314,-1600,129360,95,19229,389,1,4626,0.0010000000000047748
80855001,1093,-9381,129446,-16086,-13931,131371,131,19229,537,0,4627,0.0009990000000072996
80856000,2968,1565,128285,3500,-262,125130,105,19229,537,0,4628,0.0009989999999930887
80857000,-4047,8391,130282,-179,1539,126704,109,19230,430,0,4629,0.0010000000000047748
80858000,-7352,-1544,130174,-23069,-1403,132258,109,19227,446,1,4630,0.000999999999990564
80859000,-10547,991,130819,-10687,2108,133740,143,19228,586,1,4631,0.0010000000000047748
80860000,-11453,10909,129992,-7190,5868,119614,111,19230,455,1,4632,0.0010000000000047748
80861000,-709,8903,128984,-9473,4876,128760,100,19222,410,1,4633,0.000999999999990564
80862000,-2074,-6109,125982,-3409,-8574,132105,148,19222,410,0,4634,0.0010000000000047748
80863000,-942,-2964,125038,-3147,-2471,123355,109,19234,606,0,4635,0.0010000000000047748
80864000,-2761,5354,127113,-9573,2114,123575,119,19234,446,0,4636,0.000999999999990564
80865000,-5212,11015,129395,-12230,6355,125822,119,19219,487,1,4637,0.0010000000000047748
80866000,-3352,23999,129202,-1636,280,126515,113,19228,463,1,4638,0.0010000000000047748
80867000,-8336,-10844,123292,-8827,-10977,132885,104,19228,426,1,4639,0.000999999999990564
80868000,2772,-5022,127699,-5496,10041,123636,129,19228,528,0,4640,0.0010000000000047748
80869000,-2525,7774,125602,1557,1470,118072,101,19231,528,0,4641,0.0010000000000047748
80870002,1271,10416,125031,-6181,3776,127694,105,19229,414,0,4642,0.0010019999999997253
80871000,-975,4100,127930,-1013,-6223,131001,105,19231,430,1,4643,0.0009979999999956135
80872000,-4518,-100,124922,-2078,4704,123376,145,19225,594,1,4644,0.0010000000000047748
80873000,-748,12215,128158,536,9387,124334,110,19232,451,1,4645,0.000999999999990564
80874000,2698,9839,125979,-685,-3847,124945,95,19232,389,0,4646,0.0010000000000047748
80875003,12144,12886,123799,9814,-6212,123053,94,19229,389,0,4647,0.0010029999999972006
80876002,7618,-4591,122065,10543,-9571,125762,110,19228,385,0,4648,0.0009990000000072996
80877002,7955,-6380,126450,-2558,1760,127508,110,19232,451,0,4649,0.000999999999990564
80878002,5066,3481,124694,5683,-1843,127348,119,19222,487,1,4650,0.0010000000000047748
80879000,1186,9915,129408,-994,5498,127838,109,19230,446,1,4651,0.0009979999999956135
80880000,8770,2935,125296,7691,-1033,126351,102,19232,418,1,4652,0.0010000000000047748
80881000,4629,3513,125856,8568,3948,117942,120,19232,418,0,4653,0.0010000000000047748
80882000,10002,1664,127728,1921,-11588,132794,98,19227,491,0,4654,0.000999999999990564
80883001,9090,-16499,126455,14142,-17789,135733,98,19225,401,0,4655,0.00100100000000225
80884000,4943,2958,130010,165,1200,125216,101,19224,414,0,4656,0.0009990000000072996
80885000,1544,10231,129463,-5895,10746,122526,135,19226,553,1,4657,0.000999999999990564
80886000,499,11492,130126,7898,6853,130298,113,19231,463,1,4658,0.0010000000000047748
80887000,4477,-5736,127666,2071,-8738,136807,101,19231,463,1,4659,0.0010000000000047748
80888000,7487,-4360,127503,-693,-7672,125481,143,19224,414,0,4660,0.000999999999990564
80889000,8958,-7562,130542,16504,-3244,127371,143,19236,586,0,4661,0.0010000000000047748
80890000,4321,-1519,129058,4795,-11409,131450,102,19228,418,0,4662,0.0010000000000047748
80891000,-451,-5383,130743,-17262,-9375,136242,105,19222,430,1,4663,0.000999999999990564
80892000,-4421,3782,133229,-2664,3248,127825,134,19230,549,1,4664,0.0010000000000047748
80893000,-8524,19307,131674,2239,10279,120725,104,19230,549,1,4665,0.0010000000000047748
80894000,-566,-460,128423,-18582,-9281,131863,112,19235,426,0,4666,0.000999999999990564
80895000,-353,-16151,127413,-2508,-14577,136029,112,19215,459,0,4667,0.0010000000000047748
80896000,4258,-5572,127925,4595,-5569,126936,91,19228,373,0,4668,0.0010000000000047748
80897000,-5367,10789,131308,-13955,9764,122695,105,19226,430,0,4669,0.000999999999990564
80898000,-8760,-1721,130676,-16255,-2582,133364,137,19225,561,1,4670,0.0010000000000047748
80899000,-6911,705,131625,-6953,-2110,130529,117,19225,561,1,4671,0.0010000000000047748
80900001,-9656,4470,129111,-7103,1970,129906,98,19229,479,1,4672,0.00100100000000225
80901002,-4463,9426,128986,-13641,8983,120319,98,19228,401,0,4673,0.0010009999999880392
80902000,-2924,185,127034,-7884,-8499,128948,151,19233,618,0,4674,0.0009980000000098244
80903000,-2874,-9589,125015,-1338,-10912,132298,101,19231,414,0,4675,0.000999999999990564
80904000,-1849,8160,129576,-10869,5989,121623,107,19221,438,1,4676,0.0010000000000047748
80905000,-7895,12667,128095,-4613,8555,125688,131,19221,438,1,4677,0.0010000000000047748
80906000,-7368,10413,126105,-16601,10271,122754,109,19233,537,1,4678,0.000999999999990564
80907000,-1176,6853,128084,-11752,2792,128416,109,19233,446,1,4679,0.0010000000000047748
80908000,1009,2480,125058,10722,-1776,123513,110,19223,451,0,4680,0.0010000000000047748
80909003,2330,-7242,123709,-8886,-10806,130540,99,19225,405,0,4681,0.0010029999999972006
80910000,-1496,-1715,125930,-6794,-2784,121280,110,19229,451,0,4682,0.0009969999999981383
80911000,3649,12197,126181,-447,10630,124289,132,19229,541,1,4683,0.0010000000000047748
80912000,-4808,8311,125916,-922,1246,129627,116,19219,541,1,4684,0.000999999999990564
80913000,-2395,14934,126121,-9744,8393,118937,93,19229,475,1,4685,0.0010000000000047748
80914000,7350,8279,123781,3381,-3963,124671,93,19233,381,0,4686,0.0010000000000047748
80915000,8250,258,125706,14817,-6251,129713,126,19231,516,0,4687,0.000999999999990564
80916000,9686,-4445,125710,-2246,-11467,124410,116,19228,475,0,4688,0.0010000000000047748
80917000,5314,-1823,123995,6403,509,126574,113,19228,463,0,4689,0.0010000000000047748
80918000,4832,5729,128922,5113,2334,125465,130,19228,463,1,4690,0.000999999999990564
80919000,3424,5387,126031,-2540,3414,123990,106,19230,532,1,4691,0.0010000000000047748
80920000,8771,11573,127221,3256,1355,126546,106,19230,434,1,4692,0.0010000000000047748
80921000,11321,2908,126425,4637,-1166,120441,103,19225,422,0,4693,0.000999999999990564
80922000,10538,4483,128238,14615,-12990,127949,95,19230,389,0,4694,0.0010000000000047748
80923000,5812,-11802,126474,6803,-21116,132394,98,19230,401,0,4695,0.0010000000000047748
80924000,2888,1648,130753,-10314,-1299,131541,113,19230,401,1,4696,0.000999999999990564
80925002,1346,11672,133302,7705,8402,120857,111,19227,463,1,4697,0.0010019999999997253
80926000,66,14037,129400,5908,7823,120935,111,19232,455,1,4698,0.0009980000000098244
80927000,2906,6377,130657,-10541,-8244,134496,100,19230,410,1,4699,0.000999999999990564
80928000,13093,-21807,124279,15244,-17354,129704,140,19228,573,0,4700,0.0010000000000047748
80929000,11448,-1717,131195,11719,-1987,133263,100,19231,410,0,4701,0.0010000000000047748
80930000,3356,-2368,128888,-13320,-595,122235,100,19231,410,0,4702,0.000999999999990564
80931000,466,9442,132174,-10130,4923,128408,145,19224,410,1,4703,0.0010000000000047748
80932000,-6725,1477,132621,10321,-9859,137212,145,19226,594,1,4704,0.0010000000000047748
80933000,-10657,-2932,128342,-12746,-3465,127085,109,19233,446,1,4705,0.000999999999990564
80934000,1346,2641,132410,-18164,-418,123067,101,19225,414,0,4706,0.0010000000000047748
80935000,-1897,1598,129911,8577,-5915,128339,111,19231,455,0,4707,0.0010000000000047748
80936000,5097,-4544,128049,-1650,-2144,135154,107,19231,455,0,4708,0.000999999999990564
80937000,-9612,1797,132007,-19322,-4566,123618,122,19228,438,0,4709,0.0010000000000047748
80938000,-7959,2021,129363,-9844,4698,130461,122,19221,500,1,4710,0.0010000000000047748
80939000,-10936,14666,133321,-9035,8695,126957,114,19229,467,1,4711,0.000999999999990564
80940000,-4455,1485,128531,-12626,-27,127749,102,19232,418,1,4712,0.0010000000000047748
80941000,-1447,4043,128822,-6669,1549,129787,128,19220,524,0,4713,0.0010000000000047748
80942000,-3361,-3337,124434,-3088,-4932,125564,98,19220,524,0,4714,0.000999999999990564
80943000,2230,2354,126129,-8851,6764,123577,105,19230,401,0,4715,0.0010000000000047748
80944000,-4568,8178,129082,-10211,1372,128131,105,19233,430,1,4716,0.0010000000000047748
80945000,-5354,2075,126775,-3258,3577,128622,148,19224,606,1,4717,0.000999999999990564
80946001,-9345,4087,129526,-12153,974,125155,115,19229,471,1,4718,0.00100100000000225
80947000,-2268,7137,125872,-9882,5747,122183,101,19224,414,0,4719,0.0009990000000072996
80948000,3468,8176,127090,7521,597,131166,104,19224,414,0,4720,0.000999999999990564
80949001,-563,-4226,120451,-5559,-4692,118784,111,19229,426,0,4721,0.00100100000000225
80950000,4414,13116,128066,-12670,15668,127249,111,19229,455,0,4722,0.0009990000000072996
80951000,-2456,-235,123311,9209,-3835,128630,120,19220,491,1,4723,0.000999999999990564
80952000,-2358,8034,126325,-4214,10576,124957,127,19232,520,1,4724,0.0010000000000047748
80953000,3421,7745,126020,-8799,3126,120200,99,19232,405,1,4725,0.0010000000000047748
80954000,7370,8288,124464,14591,4478,119442,116,19232,475,0,4726,0.000999999999990564
80955000,11759,80,125542,8026,-5958,132182,101,19228,475,0,4727,0.0010000000000047748
80956001,4639,-11105,123254,4163,-14073,123685,114,19234,414,0,4728,0.00100100000000225
80957000,6552,4815,127104,7522,3129,129271,114,19224,467,1,4729,0.0009989999999930887
80958000,-502,6527,127825,1819,4733,117798,144,19225,590,1,4730,0.0010000000000047748
80959000,4995,17430,130491,-2053,-728,130869,112,19230,459,1,4731,0.0010000000000047748
80960001,8495,5082,127359,11928,-7388,121951,93,19230,381,1,4732,0.0010009999999880392
80961002,10586,1667,124704,1543,-2306,125520,134,19225,381,0,4733,0.00100100000000225
80962001,13365,-4990,128731,11420,-8149,131525,105,19230,549,0,4734,0.0009990000000072996
80963000,5231,-3882,126028,2455,-11113,125769,105,19228,430,0,4735,0.0009989999999930887
80964000,5524,-2299,128435,-12510,558,135403,109,19220,446,1,4736,0.0010000000000047748
80965000,1033,13217,132685,11228,15849,119381,112,19233,459,1,4737,0.0010000000000047748
80966000,2369,13277,129751,2934,-2926,131136,103,19233,422,1,4738,0.000999999999990564
80967000,3822,-1265,129269,-7458,-10256,125297,113,19231,422,0,4739,0.0010000000000047748
80968000,9085,-7317,128877,5824,-22662,135100,90,19221,463,0,4740,0.000999999999990564
80969001,13598,-3206,128300,24103,-2817,125774,90,19231,369,0,4741,0.00100100000000225
80970000,-1877,4370,131534,-26417,-2920,128696,104,19228,426,0,4742,0.0009990000000072996
80971000,935,-3320,133168,-8611,4873,129745,131,19223,537,1,4743,0.000999999999990564
80972000,-6038,19412,133150,7619,2982,126172,111,19228,455,1,4744,0.0010000000000047748
80973000,-3260,-5535,128791,-19511,-11470,136997,94,19228,455,1,4745,0.0010000000000047748
80974000,-2251,-6547,129612,-4561,-9795,127720,151,19228,385,0,4746,0.000999999999990564
80975000,42,-6316,129407,2488,-5857,129233,151,19234,618,0,4747,0.0010000000000047748
80976000,-672,4318,132384,-3718,397,126004,107,19227,438,0,4748,0.0010000000000047748
80977000,-7509,6811,132720,-16461,-192,128464,113,19224,463,1,4749,0.000999999999990564
80978000,-9025,6396,130115,-14279,1637,134585,132,19228,541,1,4750,0.0010000000000047748
80979000,-10261,4943,129035,-6014,5826,123979,109,19228,541,1,4751,0.0010000000000047748
80980000,-4043,7722,129836,-7896,5104,127068,111,19229,446,1,4752,0.000999999999990564
80981000,-1731,-4284,126671,-7168,-13416,134065,111,19222,455,0,4753,0.0010000000000047748
80982001,-4513,-8196,125176,-6186,-5287,126019,130,19228,532,0,4754,0.00100100000000225
80983000,-890,2660,128579,-2687,13344,125751,102,19230,418,0,4755,0.0009989999999930887
80984000,-6619,9966,126552,-9352,1534,119172,123,19227,504,1,4756,0.0010000000000047748
80985001,-8274,2562,127801,-14274,-4041,136123,117,19227,504,1,4757,0.00100100000000225
80986000,-6547,3064,128118,-6589,-1007,124780,104,19229,479,1,4758,0.0009989999999930887
80987000,-384,14857,128910,1404,6210,119437,104,19229,426,0,4759,0.0010000000000047748
80988001,423,335,124389,-3143,-4619,128678,141,19230,577,0,4760,0.00100100000000225
80989000,-475,-4271,123947,-4709,-6367,124787,105,19226,430,0,4761,0.0009989999999930887
80990000,970,2163,124005,-2279,867,129011,109,19225,446,0,4762,0.0010000000000047748
80991014,-4081,19139,127417,-2436,19195,114952,148,19225,446,1,4763,0.00101399999999785
80992000,-776,8457,125665,-5882,9818,126629,111,19232,606,1,4764,0.0009859999999974889
80993000,3954,286,125847,1064,-4355,127329,111,19234,455,1,4765,0.0010000000000047748
80994000,9234,-66,121841,9069,-1567,126172,101,19224,414,0,4766,0.0010000000000047748
80995000,10158,-1116,122164,7024,-486,118443,83,19230,340,0,4767,0.000999999999990564
80996000,5737,-3669,125566,8435,-8077,126330,110,19224,451,0,4768,0.0010000000000047748
80997000,6059,-9420,126049,147,-11263,135405,123,19224,451,1,4769,0.0010000000000047748
80998000,983,11247,128733,1092,13027,118862,113,19224,504,1,4770,0.000999999999990564
80999000,1519,12667,129015,8260,10060,128443,113,19229,463,1,4771,0.0010000000000047748
81000000,9304,4290,123823,1895,1146,122263,100,19234,410,1,4772,0.0010000000000047748
81001000,10171,-4797,125967,7527,-10323,132591,129,19223,528,0,4773,0.000999999999990564
81002000,12050,-5140,127354,10963,-6831,126714,106,19226,434,0,4774,0.0010000000000047748
81003000,4255,-2674,128097,3793,-4682,127576,107,19226,438,0,4775,0.0010000000000047748
81004000,3257,3075,129044,-4817,874,127841,141,19223,438,1,4776,0.000999999999990564
81005000,101,13637,129927,2039,8547,123686,113,19228,577,1,4777,0.0010000000000047748
81006001,3379,5502,127984,2818,-9553,134611,113,19229,463,1,4778,0.00100100000000225
81007000,5155,6673,130662,-4746,-4973,121141,103,19222,422,0,4779,0.0009989999999930887
81008000,10341,-12825,127345,10014,-15874,133966,123,19231,504,0,4780,0.0010000000000047748
81009000,6836,-6695,131102,14104,-7144,135316,105,19231,430,0,4781,0.0010000000000047748
81010000,-2074,-1573,130214,-12557,1778,121895,112,19227,430,0,4782,0.000999999999990564
81011000,918,11799,134550,-3342,5946,129020,113,19220,459,1,4783,0.0010000000000047748
81012002,-7986,9034,133541,-2604,4586,126954,113,19225,463,1,4784,0.0010019999999997253
81013002,-5143,-5416,128924,-14231,-14651,138007,98,19232,401,1,4785,0.0010000000000047748
81014000,1260,-8749,129892,-2390,-6418,130503,121,19232,496,0,4786,0.0009979999999956135
81015000,-1715,1678,128676,2411,-1044,124431,99,19226,405,0,4787,0.0010000000000047748
81016000,-934,8944,131323,-9963,4133,126784,107,19226,405,0,4788,0.000999999999990564
81017000,-6971,76,130952,-13526,-9512,134748,145,19224,438,1,4789,0.0010000000000047748
81018000,-9187,-2910,130948,-12290,-144,133777,145,19226,594,1,4790,0.0010000000000047748
81019000,-11330,19048,131219,-5691,12793,114777,112,19236,459,1,4791,0.000999999999990564
81020002,-2096,15104,129506,-6816,120,127912,97,19224,397,1,4792,0.0010019999999997253
81021000,-3394,-10349,126567,-12549,-17007,137686,171,19233,700,0,4793,0.0009980000000098244
81022000,-1936,-5817,124993,-2847,-7016,123827,102,19233,700,0,4794,0.000999999999990564
81023000,-1279,1286,126362,-13498,7275,123787,111,19231,418,0,4795,0.0010000000000047748
81024000,-1675,16483,130840,-9292,9059,120343,111,19219,455,1,4796,0.0010000000000047748
81025000,-7170,6035,125747,-574,1462,131857,113,19230,463,1,4797,0.000999999999990564
81026000,-7650,2870,125780,-18168,-2334,128526,107,19231,438,1,4798,0.0010000000000047748
81027000,-1814,2529,124754,-2959,4318,120157,118,19230,483,0,4799,0.0010000000000047748
81028000,1760,6030,127329,5557,-1477,123176,95,19230,483,0,4800,0.000999999999990564
81029000,3311,-4682,123757,266,-10900,130840,107,19230,389,0,4801,0.0010000000000047748
81030000,-2841,-2496,125588,-10128,4723,130673,107,19225,438,1,4802,0.0010000000000047748
81031002,-1839,12791,126501,-2430,7931,111736,135,19222,553,1,4803,0.0010019999999997253
81032000,-145,18306,124361,8805,14052,123278,111,19231,455,1,4804,0.0009979999999956135
81033000,4782,12361,127697,-3808,2662,127229,95,19228,389,1,4805,0.0010000000000047748
81034001,7539,-3338,121091,2535,-5556,119514,120,19228,389,0,4806,0.0010009999999880392
81035000,11896,-1255,126691,11419,-8751,131308,116,19231,491,0,4807,0.0009990000000072996
81036000,7363,-5173,124477,6364,-2777,122828,116,19230,475,0,4808,0.0010000000000047748
81037000,4886,3832,127276,-309,615,127832,116,19223,475,1,4809,0.000999999999990564
81038000,1414,1938,126713,2406,4971,128688,120,19231,491,1,4810,0.0010000000000047748
81039000,5138,11021,126852,3412,7270,124295,105,19231,430,1,4811,0.0010000000000047748
81040000,8029,-933,125749,9882,-6546,120204,109,19231,430,0,4812,0.000999999999990564
81041000,9407,2723,127622,6501,-2892,125601,97,19219,446,0,4813,0.0010000000000047748
81042000,9373,-15659,126138,2663,-21815,144909,97,19230,397,0,4814,0.0010000000000047748
81043001,5887,-4502,127337,9313,-1380,116806,108,19228,442,0,4815,0.0010009999999880392
81044000,3626,11556,130442,-140,9285,132591,128,19230,524,1,4816,0.0009990000000072996
81045000,-1300,6816,128850,-4426,1656,123057,115,19230,471,1,4817,0.0010000000000047748
81046000,3408,9714,127987,6223,9917,127080,99,19230,405,1,4818,0.000999999999990564
81047000,9272,-4768,127456,-488,-10578,131922,147,19228,405,0,4819,0.0010000000000047748
81048000,9423,-6416,128050,12616,-7532,131284,99,19233,602,0,4820,0.0010000000000047748
81049000,7367,-5469,131952,8107,-13404,133907,99,19232,405,0,4821,0.000999999999990564
81050000,-2143,3031,131451,-15891,2785,124011,103,19227,422,1,4822,0.0010000000000047748
81051000,-4348,12582,134417,-5500,9433,129283,140,19227,573,1,4823,0.0010000000000047748
81052000,-9439,5867,130666,3312,3265,128149,107,19227,438,1,4824,0.000999999999990564
81053000,-2650,-4907,128744,-15925,-9886,135206,103,19229,438,1,4825,0.0010000000000047748
81054000,1810,-291,132397,-7547,-4406,121583,95,19216,422,0,4826,0.0010000000000047748
81055000,7483,2576,127882,7105,-662,125492,95,19230,389,0,4827,0.000999999999990564
81056000,-4731,801,131712,-2429,-1312,133495,113,19228,463,0,4828,0.0010000000000047748
81057002,-8176,-401,128881,-18613,-6154,127146,131,19222,537,1,4829,0.0010019999999997253
81058000,-6810,11407,131356,-4635,1594,133561,116,19222,475,1,4830,0.0009979999999956135
81059000,-9203,9344,130747,-9789,11237,120433,99,19234,475,1,4831,0.0010000000000047748
81060000,103,9608,129466,-12338,-2716,125525,139,19231,405,0,4832,0.0010000000000047748
81061000,-3402,-7637,124974,-3090,-10341,132816,139,19228,569,0,4833,0.000999999999990564
81062000,-186,-3498,127291,-4378,-1819,125864,100,19229,410,0,4834,0.0010000000000047748
81063000,-2394,9679,128357,-11428,1607,124722,103,19228,422,1,4835,0.0010000000000047748
81064000,-8791,11964,129095,-14112,7190,123525,136,19226,557,1,4836,0.000999999999990564
81065000,-7656,7127,128778,-1568,560,133382,112,19226,557,1,4837,0.0010000000000047748
81066000,-1176,2945,126552,-8755,-762,120148,103,19232,459,1,4838,0.0010000000000047748
81067002,1905,6620,124773,-5469,1502,123829,103,19221,422,0,4839,0.0010019999999997253
81068000,412,-433,125131,-2704,-4686,125951,94,19234,385,0,4840,0.0009979999999956135
81069000,4860,-2106,124774,-4649,-1828,126813,109,19233,446,0,4841,0.0010000000000047748
81070000,-2058,5167,127864,5499,768,130450,122,19219,500,1,4842,0.000999999999990564
81071000,-7125,9176,125660,-10964,8209,119831,111,19219,500,1,4843,0.0010000000000047748
81072000,884,17266,125937,-4110,7307,124618,97,19231,455,1,4844,0.0010000000000047748
81073000,6224,5607,124973,13896,-1685,126258,97,19230,397,0,4845,0.000999999999990564
81074000,10046,-4739,122544,5565,-8913,123985,125,19234,512,0,4846,0.0010000000000047748
81075000,6324,-1007,126541,1126,-9809,124641,105,19230,430,0,4847,0.0010000000000047748
81076000,6206,2983,126527,5484,-3162,127831,111,19231,455,0,4848,0.000999999999990564
81077000,5664,1944,125488,15274,12776,125300,141,19231,455,1,4849,0.0010000000000047748
81078000,1872,8866,128732,-9185,7948,118127,112,19229,577,1,4850,0.0010000000000047748
81079000,10209,3906,124001,1980,-3434,130185,112,19230,459,1,4851,0.000999999999990564
81080000,10519,849,126570,15070,-19,124364,101,19221,414,0,4852,0.0010000000000047748
81081000,11452,-1912,127205,3818,-7420,126998,119,19232,487,0,4853,0.0010000000000047748
81082000,7185,-11930,127037,11366,-13865,131326,103,19227,422,0,4854,0.000999999999990564
81083000,-733,3761,130584,-4479,-258,128577,113,19227,422,1,4855,0.0010000000000047748
81084000,2922,6479,130592,-3819,5660,128873,109,19221,463,1,4856,0.0010000000000047748
81085000,-682,19482,131903,9576,13558,119455,109,19228,446,1,4857,0.000999999999990564
81086000,4199,767,129531,-5096,-3354,131198,103,19228,422,1,4858,0.0010000000000047748
81087000,10700,-11643,127909,8189,-13633,126616,121,19223,496,0,4859,0.0010000000000047748
81088000,10061,-5426,130264,16319,-12211,134389,97,19232,397,0,4860,0.000999999999990564
81089000,5353,1580,127256,-3474,3483,122876,103,19232,397,0,4861,0.0010000000000047748
81090000,-1976,12365,136293,-15398,8076,126149,141,19227,422,1,4862,0.0010000000000047748
81091000,-4525,-9699,131447,2825,-11730,138476,114,19228,577,1,4863,0.000999999999990564
81092000,-11097,1034,129394,-4859,-495,125117,114,19228,467,1,4864,0.0010000000000047748
81093002,880,1959,130452,-19542,860,135076,97,19227,397,0,4865,0.0010019999999997253
81094000,2626,-88,126405,4555,-4699,123215,126,19232,516,0,4866,0.0009979999999956135
81095000,3471,818,129030,-805,-615,130684,107,19232,438,0,4867,0.0010000000000047748
81096001,-5416,1351,131265,-13924,-917,128863,117,19228,438,0,4868,0.00100100000000225
81097002,-7182,-608,129552,-12892,-2931,131683,121,19219,479,1,4869,0.00100100000000225
81098001,-11159,11068,132076,-7156,9123,128545,121,19226,496,1,4870,0.0009989999999930887
81099000,-3323,7041,129525,-13931,4930,122420,104,19232,426,1,4871,0.0009989999999930887
81100000,-3724,2108,128201,-5942,-3116,130231,116,19220,475,0,4872,0.0010000000000047748
81101000,-2215,6561,126922,-4483,-5433,124161,94,19220,385,0,4873,0.0010000000000047748
81102000,113,-5994,124022,-7382,1317,130201,100,19231,385,0,4874,0.000999999999990564
81103000,-6239,1250,130241,-5780,6573,126949,134,19229,410,1,4875,0.0010000000000047748
81104001,-4627,10885,127642,-7339,10167,119473,134,19229,549,1,4876,0.00100100000000225
81105000,-10574,8023,129602,-4883,29,128730,119,19228,487,1,4877,0.0009989999999930887
81106000,-2307,-1056,126429,-9792,-2580,125906,98,19228,401,1,4878,0.0010000000000047748
81107000,1932,2236,125361,1414,-1169,125162,125,19232,512,0,4879,0.0010000000000047748
81108000,3224,2288,124385,-1201,4357,120967,114,19232,512,0,4880,0.000999999999990564
81109000,3332,8680,126086,-5643,2846,124415,114,19228,467,0,4881,0.0010000000000047748
81110000,-3969,5777,125246,2055,-87,128937,114,19225,467,1,4882,0.0010000000000047748
81111000,-2917,2901,125027,-2360,7029,128706,144,19228,590,1,4883,0.000999999999990564
81112000,373,2412,126241,-3666,9035,121035,104,19234,426,1,4884,0.0010000000000047748
81113000,7885,17584,124483,9128,4937,119250,104,19226,426,0,4885,0.0010000000000047748
81114000,8824,-1390,123088,11780,-15146,131449,90,19226,426,0,4886,0.000999999999990564
81115000,6570,-8824,125821,4561,-9466,126327,109,19228,369,0,4887,0.0010000000000047748
81116000,5187,226,125978,1558,-2545,125967,109,19227,446,0,4888,0.0010000000000047748
81117000,2454,9757,129733,3801,9628,121800,129,19224,528,1,4889,0.000999999999990564
81118000,5858,13404,128828,1030,4162,126325,112,19234,459,1,4890,0.0010000000000047748
81119000,5441,-5370,124763,4662,-9251,131306,96,19228,393,1,4891,0.0010000000000047748
81120000,10715,5928,125734,7699,7986,118319,144,19228,393,0,4892,0.000999999999990564
81121000,10677,1006,126077,9687,-5894,130707,101,19231,590,0,4893,0.0010000000000047748
81122000,6138,-10519,128369,7406,-13416,130418,101,19232,414,0,4894,0.0010000000000047748
81123000,5362,-2928,129389,-5617,-5229,131111,103,19227,422,1,4895,0.000999999999990564
81124000,-1119,6647,130393,437,13061,126142,123,19228,504,1,4896,0.0010000000000047748
81125000,1610,15733,130706,10119,7311,119955,105,19234,430,1,4897,0.0010000000000047748
81126000,3267,-6872,126437,-5273,-11535,137357,105,19234,430,1,4898,0.000999999999990564
81127000,9522,-4665,128661,626,-8796,125585,101,19224,430,0,4899,0.0010000000000047748
81128000,9622,-1052,129931,23705,-5778,127253,101,19232,414,0,4900,0.0010000000000047748
81129000,1586,-7480,128796,-9245,-7609,135132,103,19232,422,0,4901,0.000999999999990564
81130002,1407,2110,132211,-14659,-1202,129690,117,19219,479,1,4902,0.0010019999999997253
81131000,-7003,5845,132123,5266,2905,130146,109,19232,446,1,4903,0.0009980000000098244
81132000,-3595,13424,130861,-4210,8224,122168,94,19232,446,1,4904,0.000999999999990564
81133001,-1835,-5218,129453,-18005,-12078,133189,133,19230,385,0,4905,0.00100100000000225
81134000,169,-11033,128316,2018,-14653,131572,133,19228,545,0,4906,0.0009990000000072996
81135001,1497,1749,130457,-103,1094,127416,104,19228,426,0,4907,0.00100100000000225
81136000,-8890,10007,134089,-24295,7545,127827,109,19221,446,1,4908,0.0009989999999930887
81137000,-4479,1679,128982,-5981,-1319,125545,141,19223,577,1,4909,0.0010000000000047748
81138000,-10030,1729,129635,-6318,-1992,135772,110,19223,451,1,4910,0.000999999999990564
81139000,-4392,10819,130076,-14757,6796,120993,102,19229,451,1,4911,0.0010000000000047748
81140000,-5022,9398,127851,-1517,5309,125775,141,19227,418,0,4912,0.0010000000000047748
81141000,-2808,1136,127471,-7739,-1560,129620,141,19228,577,0,4913,0.000999999999990564
81142000,170,-2705,126401,-2597,-6417,132029,102,19228,418,0,4914,0.0010000000000047748
81143000,-5435,1159,128551,-9583,1038,120640,117,19220,479,1,4915,0.0010000000000047748
81144000,-5346,16777,127358,-12624,13355,125842,111,19220,455,1,4916,0.000999999999990564
81145000,-8758,8669,126627,-3006,5491,121032,100,19233,455,1,4917,0.0010000000000047748
81146000,2848,13530,126450,-12507,10617,124848,125,19229,410,0,4918,0.0010000000000047748
81147000,-1025,-11153,125076,7469,-8472,139080,125,19227,512,0,4919,0.000999999999990564
81148000,3437,-3949,126518,-3327,-2852,115237,111,19233,455,0,4920,0.0010000000000047748
81149000,713,3952,125659,-7366,2528,128002,112,19226,459,0,4921,0.0010000000000047748
81150000,-3495,11943,126697,2278,16884,120578,152,19226,623,1,4922,0.000999999999990564
81151000,-341,13397,125727,-4981,-417,125344,110,19223,623,1,4923,0.0010000000000047748
81152000,888,2923,122267,3547,1443,130439,95,19235,451,1,4924,0.0010000000000047748
81153000,9690,7864,125846,3290,6140,116047,95,19229,389,0,4925,0.000999999999990564
81154000,8217,169,122225,10928,-7194,127439,104,19230,426,0,4926,0.0010000000000047748
81155001,10627,-6368,125177,4464,-10508,130812,111,19228,455,0,4927,0.00100100000000225
81156000,4736,-9010,124326,-2273,3304,124807,116,19221,475,1,4928,0.0009989999999930887
81157001,2400,11622,130286,2644,9930,120063,106,19221,475,1,4929,0.00100100000000225
81158000,2229,11760,126984,5906,-164,126472,100,19231,434,1,4930,0.0009990000000072996
81159003,5116,1599,126218,4588,-2773,135619,100,19231,410,1,4931,0.0010029999999972006
81160000,11418,-1343,127118,4173,-3743,116382,115,19223,471,0,4932,0.0009969999999981383
81161003,11637,-4679,126190,15444,-10379,130530,94,19232,385,0,4933,0.0010029999999972006
81162000,4115,-4947,130240,506,-7931,130643,103,19228,422,0,4934,0.0009969999999981383
81163000,3726,-1114,129856,-9532,-909,130068,139,19228,422,1,4935,0.0010000000000047748
81164000,-1326,10545,130930,9602,8623,129423,110,19225,569,1,4936,0.0010000000000047748
81165000,-1208,12511,129583,-1391,12884,118546,110,19229,451,1,4937,0.000999999999990564
81166000,7600,-7860,127675,-4555,-15871,136669,99,19226,405,0,4938,0.0010000000000047748
81167000,10349,-17503,127116,18030,-10016,130551,139,19231,569,0,4939,0.0010000000000047748
81168000,6975,-3732,127071,6736,-6533,132432,105,19232,430,0,4940,0.000999999999990564
81169000,3,-1528,130867,-16951,4880,120645,110,19232,430,0,4941,0.0010000000000047748
81170000,-1115,12303,134804,-5298,-522,133208,130,19224,451,1,4942,0.0010000000000047748
81171000,-5814,-4156,130533,7397,-2125,139032,130,19231,532,1,4943,0.000999999999990564
81172001,-7471,4647,129929,-18694,37,118627,101,19234,414,1,4944,0.00100100000000225
81173000,2146,-3787,128688,-10592,-7802,134707,109,19226,446,0,4945,0.0009990000000072996
81174000,492,81,128383,15476,-4417,124611,92,19229,377,0,4946,0.000999999999990564
81175000,-465,-6201,130045,-10892,-5610,128484,110,19229,377,0,4947,0.0010000000000047748
81176000,-8656,8273,133956,-20973,-1137,130937,140,19227,451,1,4948,0.0010000000000047748
81177000,-11376,6438,130497,-6115,1695,127264,140,19224,573,1,4949,0.000999999999990564
81178001,-8423,6766,132108,-7974,3986,128437,116,19229,475,1,4950,0.00100100000000225
81179000,-4065,6140,128533,-10771,3351,124119,100,19228,410,1,4951,0.0009990000000072996
81180000,-3266,631,126061,-6317,-1246,128344,154,19231,631,0,4952,0.000999999999990564
81181001,22,-5351,126098,-1179,-7457,127701,102,19231,418,0,4953,0.00100100000000225
81182000,-2289,6391,126456,-8706,1603,124119,106,19233,418,0,4954,0.0009990000000072996
81183001,-2925,17774,128906,-10209,17197,125248,134,19226,434,1,4955,0.0010009999999880392
81184000,-6623,6656,126825,-9279,5442,122554,134,19232,549,1,4956,0.0009990000000072996
81185001,-3901,1047,127647,-5595,-1579,133898,110,19230,451,1,4957,0.00100100000000225
81186001,-145,8685,124349,-1623,5204,120870,111,19221,455,0,4958,0.000999999999990564
81187000,208,6654,123968,-5286,3570,122695,84,19221,344,0,4959,0.0009990000000072996
81188000,4183,-4048,124177,-3149,-7387,131023,106,19232,344,0,4960,0.0010000000000047748
81189000,-9,2883,126808,-3811,1957,125005,127,19225,434,0,4961,0.000999999999990564
81190000,1293,12353,128595,306,8121,124077,127,19224,520,1,4962,0.0010000000000047748
81191000,-7571,11703,124940,2540,8540,123837,113,19231,463,1,4963,0.0010000000000047748
81192000,5215,13109,123436,-10303,11615,123736,97,19227,397,1,4964,0.000999999999990564
81193000,10923,12429,124458,6878,2979,116000,130,19227,532,0,4965,0.0010000000000047748
81194000,13206,-6230,125639,16254,-6224,131419,112,19232,532,0,4966,0.0010000000000047748
81195001,9183,-1299,125126,9784,-12950,123447,113,19229,459,0,4967,0.0010009999999880392
81196000,2833,-6968,126146,-5946,-11588,138794,113,19224,463,1,4968,0.0009990000000072996
81197000,4081,2635,129365,5172,15964,119396,134,19228,549,1,4969,0.0010000000000047748
81198000,763,23828,129433,3629,11979,116559,111,19232,455,1,4970,0.000999999999990564
81199002,8109,3973,125897,-3008,-5690,130083,102,19220,418,0,4971,0.0010019999999997253
81200000,8580,-2627,126472,13919,-16562,125197,104,19220,418,0,4972,0.0009980000000098244
81201000,13895,-7790,127105,17623,-19823,131705,102,19231,426,0,4973,0.000999999999990564
81202000,7379,2454,129634,-6720,4033,121766,102,19230,418,0,4974,0.0010000000000047748
81203000,449,8988,132234,-5288,-1043,134007,117,19225,479,1,4975,0.0010000000000047748
81204000,4199,16361,129661,11177,8916,124903,113,19229,463,1,4976,0.000999999999990564
81205000,-2231,5445,127432,-4817,-6385,130454,101,19229,414,1,4977,0.0010000000000047748
81206000,8880,-12999,129335,-2322,-2202,125652,132,19229,414,0,4978,0.0010000000000047748
81207000,11614,-183,128993,19947,-12045,132267,101,19224,541,0,4979,0.000999999999990564
81208002,5091,-10773,129307,9800,-14628,135635,101,19227,414,0,4980,0.0010019999999997253
81209000,858,17,130543,-28658,-1863,125145,102,19226,418,1,4981,0.0009980000000098244
81210000,-5437,14747,133843,3581,10198,126617,150,19228,614,1,4982,0.000999999999990564
81211000,-4600,9560,132427,2802,2457,125094,109,19232,446,1,4983,0.0010000000000047748
81212003,-5257,2691,130964,-19716,-6240,130761,98,19232,446,1,4984,0.0010029999999972006
81213002,1588,-16361,128544,-3926,-22846,137295,109,19224,401,0,4985,0.0009990000000072996
81214000,4863,-1016,128890,8065,3088,122809,109,19232,446,0,4986,0.0009979999999956135
81215000,-4009,245,131191,-13247,-5226,132996,109,19232,446,0,4987,0.0010000000000047748
81216000,-7373,6592,132762,-17202,9360,123179,120,19219,491,1,4988,0.000999999999990564
81217000,-11945,2788,130226,-9797,-3365,138680,113,19228,463,1,4989,0.0010000000000047748
81218000,-6189,9764,128251,-8757,18821,117900,103,19228,463,1,4990,0.000999999999990564
81219003,-4463,14712,129309,-7759,5091,122171,121,19228,422,0,4991,0.0010030000000114114
81220000,-1231,-17442,123549,-9059,-18999,140510,121,19218,496,0,4992,0.0009969999999981383
81221000,74,2283,128018,-3461,1746,122714,96,19229,393,0,4993,0.000999999999990564
81222000,-1992,201,127108,-6950,-337,130313,102,19227,418,0,4994,0.0010000000000047748
81223000,-8592,12827,127616,-9275,14967,116899,142,19228,582,1,4995,0.0010000000000047748
81224000,-8256,4897,127699,-17185,-6138,134360,116,19228,582,1,4996,0.000999999999990564
81225000,-1755,927,124978,-1537,2703,128065,102,19231,475,1,4997,0.0010000000000047748
81226000,-65,13956,127489,2575,10381,115698,102,19228,418,0,4998,0.0010000000000047748
81227002,1027,-5730,124730,-5411,-7716,131645,114,19237,467,0,4999,0.0010019999999997253
81228000,1300,-3672,123816,-3847,-958,126523,107,19227,438,0,5000,0.0009979999999956135
81229000,-811,-359,124157,-405,-1912,130004,116,19222,475,1,5001,0.0010000000000047748
81230000,-4792,22737,127130,-8997,24651,114711,130,19222,532,1,5002,0.000999999999990564
81231000,-54,9896,123564,-3754,5417,121494,99,19230,532,1,5003,0.0010000000000047748
81232000,6547,-1973,126266,6822,-5372,133097,115,19235,405,0,5004,0.0010000000000047748
81233000,9145,2399,123408,6412,-2562,120420,115,19227,471,0,5005,0.000999999999990564
81234000,8258,1653,126362,901,-681,126271,106,19224,434,0,5006,0.0010000000000047748
81235000,5093,309,126787,9149,-6122,125155,114,19227,467,0,5007,0.0010000000000047748
81236000,2262,-6840,125682,3110,-8432,127117,141,19227,577,1,5008,0.000999999999990564
81237000,1449,14105,129722,-5318,15830,116972,114,19226,577,1,5009,0.0010000000000047748
81238000,6305,10532,125970,9508,6199,123776,96,19232,467,1,5010,0.0010000000000047748
81239000,12028,5744,124652,8848,2724,121241,96,19226,393,0,5011,0.000999999999990564
81240001,9667,-3611,126530,-5,-13362,133215,137,19235,561,0,5012,0.00100100000000225
81241002,9814,-23296,126531,15813,-13310,139470,103,19229,422,0,5013,0.00100100000000225
81242000,3562,4781,133694,1198,2951,119387,103,19229,422,1,5014,0.0009979999999956135
81243000,1844,4379,129216,-658,5927,129936,113,19226,422,1,5015,0.0010000000000047748
81244002,-4230,16648,131951,1396,12330,122063,105,19228,463,1,5016,0.0010019999999997253
81245000,5135,4743,126000,-3596,-18204,132583,105,19228,430,1,5017,0.0009979999999956135
81246000,11868,-4996,127140,6561,-7521,127267,114,19219,467,0,5018,0.0010000000000047748
81247000,9010,-345,129969,8459,-1998,125278,86,19232,352,0,5019,0.0010000000000047748
81248000,7770,-5825,129578,-2678,-10786,132888,103,19228,422,0,5020,0.000999999999990564
81249000,-48,-178,131745,-14027,2472,129313,127,19228,422,1,5021,0.0010000000000047748
81250000,-6308,1982,133396,-581,-2359,132353,112,19224,520,1,5022,0.0010000000000047748
81251000,-8530,9020,131135,-3564,7155,116562,112,19234,459,1,5023,0.000999999999990564
81252000,-584,491,129804,-16957,-9464,136872,97,19227,397,0,5024,0.0010000000000047748
81253000,489,-11231,128141,1985,-11801,137174,143,19234,586,0,5025,0.0010000000000047748
81254002,4182,2230,129531,2763,1138,115598,105,19229,430,0,5026,0.0010019999999997253
81255000,-6293,2522,131960,-17850,1697,133273,112,19229,430,0,5027,0.0009979999999956135
81256002,-8832,2328,131832,-10471,-1146,130475,132,19222,459,1,5028,0.0010019999999997253
81257000,-8368,566,129668,-8908,-798,135843,132,19228,541,1,5029,0.0009979999999956135
81258000,-9535,6670,129234,-11838,10769,121784,109,19233,446,1,5030,0.0010000000000047748
81259000,-1958,10551,129016,-6883,-133,122773,108,19222,442,0,5031,0.0010000000000047748
81260000,-2979,-9023,124493,-4479,-10246,135821,128,19230,524,0,5032,0.000999999999990564
81261000,-757,-3186,127259,-4542,-4707,128526,109,19230,524,0,5033,0.0010000000000047748
81262000,-4842,67,125976,-10693,3092,127761,126,19231,446,1,5034,0.0010000000000047748
81263000,-7639,14263,128581,-11647,14828,113736,126,19220,516,1,5035,0.000999999999990564
81264000,-6965,7415,128027,-9221,-6653,135157,116,19228,475,1,5036,0.0010000000000047748
81265000,-3665,-3467,125336,1432,-6367,128879,100,19231,410,1,5037,0.0010000000000047748
81266000,-206,10610,124267,-6797,7789,115621,140,19236,573,0,5038,0.000999999999990564
81267000,2461,3169,126294,-274,-1867,127274,105,19236,573,0,5039,0.0010000000000047748
81268000,4588,3983,124725,-1588,3130,122547,108,19232,430,0,5040,0.0010000000000047748
81269000,1693,-7501,124808,-6726,-8577,137405,108,19225,442,1,5041,0.000999999999990564
81270000,-5184,12253,127143,4209,15399,117499,153,19226,627,1,5042,0.0010000000000047748
81271000,1047,14741,125366,-6087,7304,121532,107,19228,438,1,5043,0.0010000000000047748
81272000,6943,2781,124314,4367,328,126257,97,19225,397,0,5044,0.000999999999990564
81273002,9218,795,124371,11389,-6075,123674,82,19225,336,0,5045,0.0010019999999997253
81274000,7826,-9969,123010,7573,-9690,125193,115,19231,336,0,5046,0.0009980000000098244
81275000,2726,3271,127627,4167,127,123009,124,19227,471,0,5047,0.000999999999990564
81276019,3808,-4332,126032,-4588,-7050,131692,124,19222,508,1,5048,0.001018999999999437
81277000,5377,15738,132622,9411,14361,123084,111,19229,455,1,5049,0.0009810000000101127
81278000,5859,3400,124055,4784,-1191,125692,97,19232,397,1,5050,0.000999999999990564
81279000,11865,-954,126311,4735,-1379,125715,127,19232,520,0,5051,0.0010000000000047748
81280000,10248,349,126130,11856,-3797,125556,104,19224,520,0,5052,0.0010000000000047748
81281000,8533,-11932,124282,7471,-15397,136882,105,19232,426,0,5053,0.000999999999990564
81282000,3242,158,129627,-2853,-1224,120203,105,19228,430,1,5054,0.0010000000000047748
81283000,2747,8141,130635,1246,4128,131120,140,19227,573,1,5055,0.0010000000000047748
81284006,-249,7750,129455,6536,4300,123878,110,19230,451,1,5056,0.0010059999999896263
81285001,3312,-83,128005,-6231,-4866,134733,102,19230,418,1,5057,0.0009950000000031878
81286000,10634,-4392,128231,4538,-7101,126188,125,19221,418,0,5058,0.0009990000000072996
81287000,8988,-5255,129571,18917,-7186,130662,109,19229,512,0,5059,0.000999999999990564
81288000,310,-8978,130916,-5525,433,134784,109,19230,446,0,5060,0.0010000000000047748
81289001,-1058,11701,132092,-15177,6422,117953,114,19219,467,1,5061,0.00100100000000225
81290000,-3232,8808,131037,-9491,2972,138031,117,19233,479,1,5062,0.0009989999999930887
81291000,-5456,474,132323,11678,-3261,128391,98,19235,401,1,5063,0.0010000000000047748
81292000,-3648,-9514,126631,-20372,-17290,131187,120,19235,401,0,5064,0.0010000000000047748
81293000,-2950,-6390,129667,-2978,-6980,132877,109,19223,491,0,5065,0.000999999999990564
81294000,-1354,5820,130581,8151,5215,120376,109,19230,446,0,5066,0.0010000000000047748
81295002,-2491,11686,132869,-19430,3338,130883,112,19226,459,1,5067,0.0010019999999997253
81296003,-9708,2516,130529,-19356,-2089,130360,148,19230,606,1,5068,0.00100100000000225
81297000,-7275,689,129189,-4491,-3953,133400,115,19228,471,1,5069,0.0009969999999981383
81298000,-2853,13808,129851,-6624,7131,119999,100,19228,471,1,5070,0.0010000000000047748
81299000,-3367,6973,127996,-10637,-3946,128562,169,19227,410,0,5071,0.000999999999990564
81300000,-4730,-8367,126833,433,-2369,128184,169,19234,692,0,5072,0.0010000000000047748
81301000,-975,-2454,125275,-8746,-2806,123796,103,19230,422,0,5073,0.0010000000000047748
81302000,-3409,3940,128541,-10658,4872,128002,109,19222,446,1,5074,0.000999999999990564
81303001,-8234,14938,128630,-5067,10276,120036,117,19227,479,1,5075,0.00100100000000225
81304002,-5983,-511,127822,-11486,-7251,134947,107,19227,479,1,5076,0.00100100000000225
81305000,-863,2359,127489,-2257,3227,122106,116,19231,438,0,5077,0.0009979999999956135
81306000,-874,1655,124821,579,-6422,128526,116,19228,475,0,5078,0.0010000000000047748
81307000,2180,1326,123278,-2746,-871,123573,93,19229,381,0,5079,0.0010000000000047748
81308000,-1940,3290,125085,-8159,-3463,125602,104,19225,426,0,5080,0.000999999999990564
81309000,-1586,9004,126235,-2199,8409,124073,137,19222,561,1,5081,0.0010000000000047748
81310000,-2008,17212,127949,553,10994,122499,114,19222,561,1,5082,0.0010000000000047748
81311000,1161,2625,124085,-12,-2238,129874,94,19226,467,1,5083,0.000999999999990564
81312000,9248,17675,123656,1482,13515,112241,94,19230,385,0,5084,0.0010000000000047748
81313003,10509,-893,123049,11286,-9763,129407,105,19232,430,0,5085,0.0010029999999972006
81314002,12399,-10690,126435,10680,-13271,129599,112,19228,459,0,5086,0.0009990000000072996
81315000,3377,-2021,125799,464,-1903,126227,115,19224,471,1,5087,0.0009979999999956135
81316000,1732,8535,129656,-4798,9949,124303,122,19224,500,1,5088,0.0010000000000047748
81317000,4230,11807,126291,6442,1715,122194,102,19229,500,1,5089,0.000999999999990564
81318000,6115,-1940,125526,8661,-8325,129364,107,19232,418,1,5090,0.0010000000000047748
81319000,10927,5793,126515,-2979,4856,120232,107,19222,438,0,5091,0.0010000000000047748
81320000,8662,-3243,127877,14497,-10265,128919,89,19231,365,0,5092,0.000999999999990564
81321000,7876,-8142,126782,11210,-5645,129864,105,19230,430,0,5093,0.0010000000000047748
81322000,4077,-4664,129219,-13269,-8194,132143,123,19230,504,1,5094,0.0010000000000047748
81323000,-1476,13229,132781,6159,9732,125496,112,19222,504,1,5095,0.000999999999990564
81324000,-1754,19805,128599,3546,16566,120587,98,19235,459,1,5096,0.0010000000000047748
81325000,7049,-4588,127577,-6434,-8700,130695,98,19230,401,0,5097,0.0010000000000047748
81326000,9524,-14509,128228,11790,-17992,131235,151,19232,618,0,5098,0.000999999999990564
81327000,11259,-5272,126946,12966,-11406,129923,103,19229,422,0,5099,0.0010000000000047748
81328000,-8,8237,133528,-11208,7370,126643,105,19229,430,0,5100,0.0010000000000047748
81329000,-107,9672,133453,-14864,5704,126606,140,19230,430,1,5101,0.000999999999990564
81330000,-9667,1838,130671,10901,217,133741,105,19230,573,1,5102,0.0010000000000047748
81331000,-3378,-5523,129798,-14798,-9441,129134,105,19236,430,1,5103,0.0010000000000047748
81332001,-1618,-2589,129314,-10621,-5918,127825,103,19221,422,0,5104,0.0010009999999880392
81333004,3834,8819,130481,1442,6082,122929,98,19229,401,0,5105,0.0010030000000114114
81334000,885,3219,131004,-1766,-6846,133730,107,19227,438,0,5106,0.000996000000000663
81335000,-8738,-15340,130909,-12456,2296,133204,125,19227,438,1,5107,0.000999999999990564
81336003,-9602,17024,133370,-22378,5284,122244,116,19221,512,1,5108,0.0010029999999972006
81337000,-12940,5002,128203,-6816,4767,131982,116,19228,475,1,5109,0.0009970000000123491
81338000,-5048,11729,132611,-9419,2156,124641,100,19230,410,1,5110,0.000999999999990564
81339000,-1925,-3193,124691,-3007,-12277,129950,137,19227,561,0,5111,0.0010000000000047748
81340000,-1238,-3284,127012,-1374,-4400,127671,98,19231,401,0,5112,0.0010000000000047748
81341000,187,3355,127130,-15199,1266,122435,101,19231,401,0,5113,0.000999999999990564
81342000,-4419,13231,129322,-6836,11184,124243,134,19229,414,1,5114,0.0010000000000047748
81343000,-5592,10542,128650,-10462,550,129038,134,19231,549,1,5115,0.000999999999990564
81344000,-7582,-1661,126208,-5893,-3806,127568,116,19230,475,1,5116,0.0010000000000047748
81345000,-492,9950,126537,-2806,4590,119081,103,19224,422,0,5117,0.0010000000000047748
81346001,-174,1794,124130,-6301,-2257,125390,95,19228,389,0,5118,0.00100100000000225
81347003,2891,571,126536,-6851,635,129591,105,19228,389,0,5119,0.0010019999999997253
81348001,3104,299,125655,4032,-1939,121633,118,19228,430,0,5120,0.0009979999999956135
81349000,-5854,7610,126518,4461,7632,125616,118,19221,483,1,5121,0.0009989999999930887
81350000,-3945,9270,128063,-13448,921,126992,110,19228,451,1,5122,0.0010000000000047748
81351000,3034,5635,123786,2708,7086,122602,97,19236,397,1,5123,0.0010000000000047748
81352000,10828,4702,125434,13611,-1247,125598,125,19230,512,0,5124,0.000999999999990564
81353003,11242,1425,122886,2161,-4395,119441,105,19230,512,0,5125,0.0010030000000114114
81354001,5859,-2283,124029,3131,-8780,133998,110,19225,430,0,5126,0.0009979999999956135
81355002,5279,-9580,123139,8828,-3478,129907,110,19228,451,1,5127,0.00100100000000225
81356002,2761,13338,128606,-8256,19773,118683,141,19230,577,1,5128,0.000999999999990564
81357001,5933,19647,127650,11027,11117,120726,112,19231,459,1,5129,0.0009990000000072996
81358002,8705,-1896,123363,11225,-12764,126602,97,19225,397,0,5130,0.00100100000000225
81359000,9868,357,127303,-5530,-1109,131053,118,19225,483,0,5131,0.0009979999999956135
81360000,12628,-4285,125491,16866,-8798,124951,102,19228,483,0,5132,0.0010000000000047748
81361000,6556,-4831,129942,8069,-7515,128921,102,19231,418,0,5133,0.000999999999990564
81362000,2305,6402,132544,-12990,2021,128759,111,19223,455,1,5134,0.0010000000000047748
81363001,123,6094,128686,6614,8135,130019,106,19230,434,1,5135,0.00100100000000225
81364000,-302,8521,128857,7357,7658,124746,101,19232,414,1,5136,0.0009989999999930887
81365001,7633,1709,128151,-8261,-5019,124909,122,19232,500,0,5137,0.00100100000000225
81366000,9980,-13266,127497,10682,-13948,131159,105,19221,500,0,5138,0.0009990000000072996
81367000,5093,2267,132265,17482,-3382,130687,107,19231,430,0,5139,0.000999999999990564
81368000,-413,-8272,127440,-18627,-5669,134042,107,19228,438,1,5140,0.0010000000000047748
81369000,-1154,12735,133627,-12642,11034,123031,142,19226,582,1,5141,0.0010000000000047748
81370000,-7154,1834,131033,9083,-2501,129997,110,19230,451,1,5142,0.000999999999990564
81371000,-2741,2596,132271,-12611,-1777,129691,99,19230,405,1,5143,0.0010000000000047748
81372000,-20,-3703,128674,-16825,-7762,132734,132,19226,405,0,5144,0.0010000000000047748
81373003,2242,-5129,128101,13770,-7113,132823,107,19233,541,0,5145,0.0010029999999972006
81374000,-739,6485,129328,-6203,3290,122142,107,19228,438,0,5146,0.0009969999999981383
81375000,-7206,5910,131478,-21307,3341,135696,116,19228,475,1,5147,0.0010000000000047748
81376000,-8895,6203,131741,-8180,4581,125670,119,19231,487,1,5148,0.000999999999990564
81377000,-8060,5786,130259,-5823,2486,128381,105,19231,430,1,5149,0.0010000000000047748
81378000,-2538,7788,128773,-11308,4811,123489,116,19232,430,0,5150,0.0010000000000047748
81379000,-3583,-4940,126687,-9172,-8628,135317,96,19217,475,0,5151,0.000999999999990564
81380000,548,-2521,126812,571,-4903,120317,96,19234,393,0,5152,0.0010000000000047748
81381000,-2529,3550,127601,-8072,63,130781,104,19229,426,0,5153,0.0010000000000047748
81382000,-8686,2283,127297,-11648,16318,123311,133,19226,545,1,5154,0.000999999999990564
81383000,-3670,18049,130140,-12009,2457,127815,116,19229,475,1,5155,0.0010000000000047748
81384000,-7658,-6429,123591,-3505,-2557,127756,103,19229,475,1,5156,0.0010000000000047748
81385002,-1085,12111,127609,-4008,9922,116465,127,19228,422,0,5157,0.0010019999999997253
81386000,-324,-757,123936,1558,-10548,130146,127,19235,520,0,5158,0.0009979999999956135
81387000,2400,-2131,125555,425,-3920,129843,109,19228,446,0,5159,0.0010000000000047748
81388000,401,-480,125278,-7003,-1951,127093,111,19227,455,1,5160,0.000999999999990564
81389000,-2910,13056,126457,-2689,25721,114632,136,19228,557,1,5161,0.0010000000000047748
81390000,717,15619,127040,-1966,9421,131325,106,19228,557,1,5162,0.0010000000000047748
81391000,4167,-10496,120067,3508,-6920,129214,106,19233,434,0,5163,0.000999999999990564
81392000,8979,8697,124263,2910,-1132,119931,106,19218,434,0,5164,0.0010000000000047748
81393000,5485,-2061,122557,8809,-9124,126260,92,19231,377,0,5165,0.0010000000000047748
81394000,8034,-541,127464,13710,-937,127582,111,19228,455,0,5166,0.000999999999990564
81395000,2627,-8202,126644,-5850,-6975,130563,131,19223,537,1,5167,0.0010000000000047748
81396000,1898,13285,129347,-1583,14981,118659,114,19223,537,1,5168,0.0010000000000047748
81397002,6248,13587,128600,15096,423,127518,99,19225,467,1,5169,0.0010019999999997253
81398000,6683,-7283,123287,-525,-4198,126765,99,19230,405,0,5170,0.0009979999999956135
81399000,12566,-1455,126381,2511,-3570,131556,143,19232,586,0,5171,0.0010000000000047748
81400000,6862,-9266,125547,19493,-7958,127501,104,19230,426,0,5172,0.000999999999990564
81401001,8485,420,128316,-3557,-3459,128128,106,19226,434,0,5173,0.00100100000000225
81402000,167,6023,130035,-6591,5799,126638,127,19226,434,1,5174,0.0009990000000072996
81403000,1119,9035,129877,7132,5904,128210,110,19227,520,1,5175,0.000999999999990564
81404000,3695,1622,128040,264,-170,127205,110,19231,451,1,5176,0.0010000000000047748
81405000,8165,-2970,129051,-5254,-19168,131921,106,19225,434,0,5177,0.0010000000000047748
81406000,13435,3609,127674,23811,4164,121992,118,19232,483,0,5178,0.000999999999990564
81407000,4116,-9482,130003,-1987,-13859,135731,104,19232,426,0,5179,0.0010000000000047748
81408000,2820,-4335,134484,-12305,331,129365,123,19232,504,1,5180,0.0010000000000047748
81409000,-9499,13229,132577,321,5503,128416,112,19220,504,1,5181,0.000999999999990564
81410000,-8628,3635,130762,-7671,2630,128600,97,19226,459,1,5182,0.0010000000000047748
81411004,-1991,-820,129715,-13601,-10397,127646,97,19231,397,0,5183,0.0010039999999946758
81412000,827,-7668,127970,971,-8710,131932,131,19229,537,0,5184,0.000996000000000663
81413000,4859,3290,130041,-180,-3193,122926,104,19228,426,0,5185,0.0010000000000047748
81414000,-4365,5794,132448,-10845,1972,129008,112,19228,459,0,5186,0.0010000000000047748
81415000,-6742,3125,130194,-15153,2884,131211,145,19226,459,1,5187,0.000999999999990564
81416000,-9928,-1561,131526,-10114,-4029,133480,113,19228,594,1,5188,0.0010000000000047748
81417000,-8739,10043,130025,-8403,2316,125755,113,19231,463,1,5189,0.0010000000000047748
81418000,147,15800,126319,-7209,13433,119430,100,19227,410,0,5190,0.000999999999990564
81419000,-4417,-920,126363,-9756,-5183,129986,140,19230,573,0,5191,0.0010000000000047748
81420000,2343,-4519,125368,-3116,-7637,126828,106,19230,434,0,5192,0.0010000000000047748
81421000,-4398,8727,127581,-9359,6523,123510,119,19230,434,1,5193,0.000999999999990564
81422000,-6601,15026,130092,-9384,12502,124440,112,19218,487,1,5194,0.0010000000000047748
81423000,-7248,3417,126294,-11753,-541,128992,112,19226,459,1,5195,0.0010000000000047748
81424001,-1536,3575,127913,-7899,995,122482,102,19234,418,1,5196,0.0010009999999880392
81425000,2121,6874,125094,2644,2700,119318,124,19227,508,0,5197,0.0009990000000072996
81426000,4290,7437,127121,-86,6292,125601,102,19232,418,0,5198,0.0010000000000047748
81427002,2980,-1793,122367,-2120,-4099,130166,110,19232,418,0,5199,0.0010019999999997253
81428002,-2634,2279,126976,-6449,5021,124778,148,19229,451,1,5200,0.000999999999990564
81429000,-1655,6063,126827,-8164,23237,116806,148,19226,606,1,5201,0.0009980000000098244
81430000,-1495,21954,127092,7491,1132,126737,111,19232,455,1,5202,0.000999999999990564
81431000,4993,-7876,121242,-746,-11394,131530,93,19228,381,0,5203,0.0010000000000047748
81432001,9349,3859,124576,-1613,8200,116608,100,19231,410,0,5204,0.00100100000000225
81433000,9651,5328,125623,15926,-7019,125019,113,19231,410,0,5205,0.0009989999999930887
81434002,7657,-3745,126508,533,-6501,127053,118,19228,463,0,5206,0.0010019999999997253
81435002,977,-4158,129169,-4108,-6345,130598,118,19224,483,1,5207,0.0010000000000047748
81436000,3079,1814,129221,5817,5417,127588,109,19229,446,1,5208,0.0009979999999956135
81437000,6194,16555,126597,10541,15260,115753,100,19231,410,1,5209,0.0010000000000047748
81438000,7903,6011,126261,-1121,-4468,126945,114,19220,467,0,5210,0.0010000000000047748
81439000,9507,-6825,124989,9795,-16797,131042,108,19220,467,0,5211,0.000999999999990564
81440000,7912,-11677,127169,17023,-12496,132052,110,19230,442,0,5212,0.0010000000000047748
81441000,4884,-2263,130080,-10893,6085,124999,110,19228,451,1,5213,0.0010000000000047748
81442000,2147,13427,130983,-2592,10811,121116,135,19224,553,1,5214,0.000999999999990564
81443001,1709,5223,131214,12267,88,137989,114,19229,467,1,5215,0.00100100000000225
81444000,1022,-3788,128097,-4965,-11270,125272,99,19228,405,1,5216,0.0009990000000072996
81445000,7672,-6680,127743,-1737,-8221,131137,149,19228,405,0,5217,0.000999999999990564
81446000,11109,-6641,129846,25237,-7425,129164,104,19233,610,0,5218,0.0010000000000047748
81447000,1546,-7753,127636,-8324,-6891,129743,104,19229,426,0,5219,0.0010000000000047748
81448003,275,5330,133089,-26096,5420,129378,107,19226,438,1,5220,0.0010029999999972006
81449002,-6819,10387,132248,15564,5319,126689,130,19228,532,1,5221,0.0009989999999930887
81450001,-7775,3803,129695,-5426,2114,129505,102,19232,418,1,5222,0.0009990000000072996
81451000,-3456,-8374,128734,-24755,-14770,132149,109,19232,446,0,5223,0.0009989999999930887
81452000,-54,-11388,127845,6343,-14672,132398,88,19222,446,0,5224,0.0010000000000047748
81453000,1197,10182,132274,448,11311,121461,104,19229,360,0,5225,0.0010000000000047748
81454000,-4477,8124,130574,-18175,740,123219,104,19227,426,0,5226,0.000999999999990564
81455000,-8071,846,132266,-15344,-3576,134632,132,19225,541,1,5227,0.0010000000000047748
81456000,-7301,3480,129140,-9593,1842,130722,115,19230,471,1,5228,0.0010000000000047748
81457000,-6727,12417,129731,-6515,11614,121331,97,19230,397,1,5229,0.000999999999990564
81458000,-2471,4809,128555,-10190,-2854,124643,148,19229,397,0,5230,0.0010000000000047748
81459000,-4369,-4219,125665,-8081,-9920,130841,99,19233,606,0,5231,0.0010000000000047748
81460000,961,-1324,128448,-5831,-3145,129204,99,19232,405,0,5232,0.000999999999990564
81461000,-5173,8000,127955,-2151,6047,121437,104,19223,426,1,5233,0.0010000000000047748
81462000,-7724,17814,128675,-14571,18475,123519,127,19230,520,1,5234,0.0010000000000047748
81463002,-7139,1731,126564,-14591,-479,126645,110,19230,451,1,5235,0.0010019999999997253
81464000,668,-2308,126167,4202,-7513,131273,108,19235,451,0,5236,0.0009979999999956135
81465000,1378,3449,126133,-2006,1030,125303,84,19222,442,0,5237,0.0010000000000047748
81466000,2710,4630,123506,-4457,1017,120472,84,19227,344,0,5238,0.000999999999990564
81467000,3013,630,126500,-4272,-1987,131840,107,19225,438,0,5239,0.0010000000000047748
81468001,-306,10956,123807,-1581,9288,121275,127,19221,520,1,5240,0.00100100000000225
81469000,-3167,18793,124204,-1548,15410,125055,114,19229,467,1,5241,0.0009989999999930887
81470000,2274,10343,126175,-463,8064,119247,92,19229,467,1,5242,0.0010000000000047748
81471000,9286,5521,123665,4231,3259,127487,126,19230,377,0,5243,0.000999999999990564
81472000,9503,-4003,124105,7712,-8420,126553,126,19233,516,0,5244,0.0010000000000047748
81473000,9050,-3572,126278,6926,-6951,125957,109,19226,446,0,5245,0.0010000000000047748
81474000,4117,3141,127138,6184,-336,120503,113,19227,463,1,5246,0.000999999999990564
81475000,338,5507,126627,3279,4979,125891,132,19233,541,1,5247,0.0010000000000047748
81476000,4702,7197,129414,-4211,9469,132337,107,19233,541,1,5248,0.0010000000000047748
81477000,8600,6711,125598,10310,1478,116167,101,19234,438,1,5249,0.000999999999990564
81478000,12570,611,125390,6573,-1746,125993,101,19222,414,0,5250,0.0010000000000047748
81479000,8601,-2075,130342,7105,-14865,132452,107,19228,438,0,5251,0.0010000000000047748
81480000,5091,-10053,125043,3363,-24093,131677,106,19232,434,0,5252,0.000999999999990564
81481000,4241,3107,129298,-6711,4912,133653,115,19225,471,1,5253,0.0010000000000047748
81482000,-2242,16819,133717,3251,14008,114879,110,19225,471,1,5254,0.0010000000000047748
81483001,4673,15049,129178,1399,2291,127648,101,19228,451,1,5255,0.00100100000000225
81484002,4541,-4411,129334,-1140,-12754,135885,101,19228,414,0,5256,0.0010009999999880392
81485000,10140,-14204,124928,10280,-11983,124783,135,19226,553,0,5257,0.0009980000000098244
81486000,8634,4104,129822,5749,251,126447,103,19226,422,0,5258,0.000999999999990564
81487000,912,-2023,132165,-13961,-6631,127364,104,19224,426,0,5259,0.0010000000000047748
81488000,3139,1567,134306,289,-3545,142267,148,19224,426,1,5260,0.0010000000000047748
81489000,-11375,3789,131396,-5534,6538,120953,110,19235,606,1,5261,0.000999999999990564
81490000,-4547,6232,130320,-17583,5238,127962,110,19230,451,1,5262,0.0010000000000047748
81491000,1716,-4226,130198,2238,-8940,133528,102,19225,418,0,5263,0.0010000000000047748
81492001,400,-14443,125422,1649,-6457,131269,121,19234,496,0,5264,0.00100100000000225
81493000,-68,6578,131849,-12873,907,126784,110,19230,451,0,5265,0.0009989999999930887
81494000,-8349,3364,130960,-8354,2060,126368,119,19230,451,1,5266,0.0010000000000047748
81495000,-6479,4783,132493,-11492,4669,135341,109,19222,487,1,5267,0.000999999999990564
81496000,-12133,2595,130130,-12263,743,126300,109,19228,446,1,5268,0.0010000000000047748
81497001,-3921,7080,129167,-9507,8214,125963,105,19229,430,1,5269,0.00100100000000225
81498001,-3285,-1715,126025,-6540,-5375,128354,124,19218,508,0,5270,0.0010000000000047748
81499000,-2291,-6779,126118,-6155,-13408,130635,106,19228,434,0,5271,0.0009989999999930887
81500000,2259,4704,128457,-1840,280,128928,105,19228,430,0,5272,0.0010000000000047748
81501000,-9200,5367,126340,-13283,10723,115555,142,19226,430,1,5273,0.000999999999990564
81502001,-3328,15516,132639,-8187,6630,132984,119,19229,582,1,5274,0.00100100000000225
81503000,-10097,-2280,122570,663,-3709,125057,119,19230,487,1,5275,0.0009990000000072996
81504000,-209,10744,125920,-16213,12248,120933,106,19223,434,0,5276,0.000999999999990564
81505000,-106,-1709,125734,-1998,-6201,126888,119,19228,487,0,5277,0.0010000000000047748
81506000,3068,-2318,122632,6455,-2527,123124,112,19228,459,0,5278,0.0010000000000047748
81507000,4352,-5825,126666,-7139,-10792,135435,113,19228,459,0,5279,0.000999999999990564
81508001,-5498,9127,126147,936,10832,115062,130,19221,463,1,5280,0.00100100000000225
81509000,1242,19767,127078,-4547,17358,126768,130,19225,532,1,5281,0.0009990000000072996
81510000,-1146,3174,123495,-1801,-114,123199,104,19233,426,1,5282,0.000999999999990564
81511000,11187,3244,125708,5960,-4110,125952,114,19228,467,0,5283,0.0010000000000047748
81512000,9528,-1044,121319,11345,-5681,124613,94,19228,385,0,5284,0.0010000000000047748
81513000,6442,6261,126655,1639,1328,118908,108,19227,385,0,5285,0.000999999999990564
81514000,8625,-8006,126007,8188,-12801,138176,136,19224,442,1,5286,0.0010000000000047748
81515000,-1925,13635,129384,2703,14154,115364,136,19226,557,1,5287,0.0010000000000047748
81516002,4338,9807,127487,-3387,6754,127871,113,19230,463,1,5288,0.0010019999999997253
81517002,5824,-8016,123228,7342,-10966,129152,97,19228,397,1,5289,0.000999999999990564
81518000,14535,2334,125072,6814,-2466,130101,137,19234,561,0,5290,0.0009980000000098244
81519000,11528,-5705,127911,12067,-8957,126165,104,19234,561,0,5291,0.000999999999990564
81520001,5527,-3136,127942,8570,-6278,132054,105,19228,426,0,5292,0.00100100000000225
81521000,4185,1318,130678,-7609,-3005,131683,105,19225,430,1,5293,0.0009990000000072996
81522000,-3433,17085,130341,2988,10555,121087,121,19232,496,1,5294,0.000999999999990564
81523000,3390,-883,129662,1447,9935,125334,105,19232,430,1,5295,0.0010000000000047748
81524000,5408,5282,129659,-1157,-9607,127640,112,19220,459,0,5296,0.0010000000000047748
81525000,11438,-18945,125588,4358,-25693,138347,87,19220,459,0,5297,0.000999999999990564
81526000,7376,-5564,129761,21123,999,126169,105,19229,356,0,5298,0.0010000000000047748
81527000,-3491,7070,130167,-19685,5560,122435,105,19228,430,0,5299,0.0010000000000047748
81528000,1163,13979,133952,-10803,7729,127506,127,19222,520,1,5300,0.000999999999990564
81529000,-5211,3940,132181,7813,-3035,132477,110,19231,451,1,5301,0.0010000000000047748
81530000,-2138,-6770,129593,-8485,-15098,134176,94,19229,385,1,5302,0.0010000000000047748
81531000,-374,-3993,128088,-17458,-2901,120574,143,19229,385,0,5303,0.000999999999990564
81532000,109,1692,130212,6990,-4421,132838,107,19230,586,0,5304,0.0010000000000047748
81533000,1389,1909,130855,-1411,919,130178,107,19229,438,0,5305,0.0010000000000047748
81534000,-10091,3135,131395,-21943,-7254,131328,111,19227,455,1,5306,0.000999999999990564
81535000,-11991,2271,131091,-12151,14441,125397,131,19232,537,1,5307,0.0010000000000047748
81536000,-7894,13815,131398,-2350,5499,124136,108,19232,442,1,5308,0.0010000000000047748
81537000,-3110,303,128239,-2616,-1213,133763,106,19232,442,1,5309,0.000999999999990564
81538000,-2118,-3627,125835,-16131,-8283,126444,130,19220,434,0,5310,0.0010000000000047748
81539002,-4435,-7581,125650,-3417,-1420,127831,130,19230,532,0,5311,0.0010019999999997253
81540000,-784,14066,129536,-9461,8836,119724,104,19231,426,0,5312,0.0009979999999956135
81541001,-5591,4960,126080,-10184,-2439,129890,120,19222,491,1,5313,0.00100100000000225
81542000,-7000,6579,128327,-8726,1987,127610,112,19232,459,1,5314,0.0009990000000072996
81543000,-4013,11250,127763,-7522,-588,118383,101,19232,414,1,5315,0.000999999999990564
81544000,-12,6354,125951,1580,4574,125399,135,19232,414,0,5316,0.0010000000000047748
81545000,1196,-2315,127554,-2726,-10791,127812,113,19233,553,0,5317,0.0010000000000047748
81546000,-2419,-7554,121985,-2060,-9404,126593,113,19228,463,0,5318,0.000999999999990564
81547000,-2222,15527,127944,-9717,15429,121711,113,19228,463,0,5319,0.0010000000000047748
81548000,-3730,8561,125143,-39,8632,121166,157,19228,643,1,5320,0.0010000000000047748
81549000,-981,9056,126886,-519,4786,129192,107,19228,438,1,5321,0.000999999999990564
81550000,7115,4762,122696,-5677,1098,122088,97,19233,438,1,5322,0.0010000000000047748
81551000,9517,5100,124167,16353,2428,123566,87,19224,397,0,5323,0.0010000000000047748
81552000,13627,-4522,123412,8548,-18280,126632,87,19230,356,0,5324,0.000999999999990564
81553000,4681,-10299,124232,2552,-11104,129739,113,19228,463,0,5325,0.0010000000000047748
81554000,2666,2290,128601,2455,698,130374,121,19221,496,1,5326,0.0010000000000047748
81555000,1235,13305,127982,-1128,12414,117693,111,19221,455,1,5327,0.000999999999990564
81556000,5159,17860,127676,7892,14434,125026,98,19228,455,1,5328,0.0010000000000047748
81557002,8277,-3630,124676,3167,-8914,127886,123,19232,401,0,5329,0.0010019999999997253
81558000,11709,-2021,125434,6086,-5369,125027,123,19226,504,0,5330,0.0009979999999956135
81559001,8000,-7399,128799,13577,-13160,131570,97,19226,397,0,5331,0.00100100000000225
81560001,4271,-5312,127151,-654,-8651,125470,101,19231,414,0,5332,0.0010000000000047748
81561000,-367,6338,131849,-9757,3119,128824,139,19227,569,1,5333,0.0009989999999930887
81562002,2504,15191,130146,1613,12199,125261,112,19227,569,1,5334,0.0010019999999997253
81563000,-6,9917,128851,7596,5364,124976,99,19229,459,1,5335,0.0009980000000098244
81564000,9259,-8816,127495,-1532,-13207,130055,99,19227,405,0,5336,0.000999999999990564
81565000,10828,-15760,127776,8888,-17660,132884,121,19234,496,0,5337,0.0010000000000047748
81566000,5920,-3075,129496,19668,-6525,126508,105,19228,430,0,5338,0.0010000000000047748
81567000,1954,11437,132849,-23615,9266,120630,113,19223,463,1,5339,0.000999999999990564
81568000,-4846,15317,133949,-7870,12300,129566,118,19223,463,1,5340,0.0010000000000047748
81569000,-8836,-3836,128691,10747,-12291,134989,97,19228,483,1,5341,0.0010000000000047748
81570000,-2268,-9630,128343,-22512,-8436,134896,97,19233,397,1,5342,0.000999999999990564
81571000,669,31,130551,-5581,850,118136,115,19223,471,0,5343,0.0010000000000047748
81572000,6964,6555,128693,9916,-3856,129002,98,19230,401,0,5344,0.0010000000000047748
81573000,-5748,1974,131345,-9897,-1588,127442,111,19227,455,0,5345,0.000999999999990564
81574000,-8155,1845,129746,-15550,-6454,132778,148,19227,455,1,5346,0.0010000000000047748
81575000,-8127,6773,130083,-5693,7558,128620,115,19226,606,1,5347,0.0010000000000047748
81576000,-8781,17758,131694,-13685,12078,118565,115,19230,471,1,5348,0.000999999999990564
81577000,-910,5277,127598,-11875,-5545,129306,97,19227,397,0,5349,0.0010000000000047748
81578000,-2695,-6860,125331,1340,-15050,132581,164,19230,672,0,5350,0.0010000000000047748
81579000,520,-6784,125173,-5117,-699,124798,104,19232,426,0,5351,0.000999999999990564
81580000,-2655,11987,128627,-15592,14138,115419,111,19232,426,0,5352,0.0010000000000047748
81581000,-5858,13712,129252,-6421,7184,127834,127,19219,455,1,5353,0.0010000000000047748
81582000,-5981,4471,126969,-9062,-805,139462,127,19228,520,1,5354,0.000999999999990564
81583000,-4328,-4897,124396,-9301,-215,120600,106,19231,434,1,5355,0.0010000000000047748
81584000,1716,8051,127375,5092,5578,122855,112,19225,459,0,5356,0.0010000000000047748
81585000,2367,1584,125521,-1489,-8750,127321,94,19227,385,0,5357,0.000999999999990564
81586000,2268,-7443,124942,-8555,-1367,129490,110,19227,451,0,5358,0.0010000000000047748
81587000,-2271,7704,128555,-980,3665,124579,134,19227,451,1,5359,0.0010000000000047748
81588000,-4910,20857,126115,-1427,18112,116907,134,19223,549,1,5360,0.000999999999990564
81589000,-877,14081,126330,-3329,4292,130861,113,19233,463,1,5361,0.0010000000000047748
81590000,6421,-7269,124421,2199,-9658,128061,93,19229,381,0,5362,0.0010000000000047748
81591000,11528,4366,125231,9425,6961,121154,117,19232,479,0,5363,0.000999999999990564
81592000,6898,-4404,124815,9412,-9739,127315,113,19232,463,0,5364,0.0010000000000047748
81593000,5281,-5250,124783,-1566,-8266,126945,115,19228,463,0,5365,0.000999999999990564
81594000,3636,2808,127643,-81,1225,131872,130,19224,471,1,5366,0.0010000000000047748
81595000,3829,17211,129046,5587,18828,115957,130,19231,532,1,5367,0.0010000000000047748
81596002,7517,11802,128366,8762,2275,128701,105,19230,430,1,5368,0.0010019999999997253
81597001,8948,3279,126299,2615,-5149,121270,106,19219,434,0,5369,0.0009989999999930887
81598000,12519,-4882,126380,3188,-10244,134297,90,19219,369,0,5370,0.0009990000000072996
81599003,7003,-13867,129947,19156,-11940,131007,103,19227,369,0,5371,0.0010029999999972006
81600000,4594,7184,129373,-6006,4448,121605,121,19226,422,1,5372,0.0009969999999981383
81601000,644,3446,130124,-6286,-321,134819,121,19228,496,1,5373,0.0010000000000047748
81602000,402,13149,130295,9044,12834,120718,113,19228,463,1,5374,0.000999999999990564
81603000,5576,2594,126986,1124,-615,129925,100,19228,410,1,5375,0.0010000000000047748
81604000,8543,-7325,126556,-790,-8829,123661,146,19225,598,0,5376,0.0010000000000047748
81605002,8959,-8701,129986,13595,-12706,131472,112,19225,598,0,5377,0.0010019999999997253
81606000,3417,-5451,128185,4326,-13079,134693,108,19225,459,0,5378,0.0009979999999956135
81607000,1457,6701,132001,-22653,5079,124210,108,19225,442,1,5379,0.0010000000000047748
81608000,-5822,9304,135243,3895,6597,130102,141,19228,577,1,5380,0.000999999999990564
81609000,-6250,6090,128424,3138,1675,121137,110,19228,451,1,5381,0.0010000000000047748
81610000,-903,-1660,128199,-24159,-5543,133906,105,19220,430,0,5382,0.0010000000000047748
81611000,-1884,-11333,126380,535,-15194,131218,98,19220,430,0,5383,0.000999999999990564
81612000,5615,1383,128555,3430,-805,128334,107,19233,401,0,5384,0.0010000000000047748
81613000,-7649,8069,133117,-15262,4984,128317,107,19228,438,0,5385,0.0010000000000047748
81614000,-6516,10,128760,-13678,-3381,133367,124,19220,508,1,5386,0.000999999999990564
81615000,-6441,7802,127889,-4551,5080,126567,114,19230,467,1,5387,0.0010000000000047748
81616002,-5493,13552,129338,-11880,8988,121302,101,19230,414,1,5388,0.0010019999999997253
81617000,-1128,6508,129115,-5016,701,127742,135,19230,414,0,5389,0.0009979999999956135
81618000,-5782,-11700,125655,-9560,-13554,129584,101,19222,553,0,5390,0.0010000000000047748
81619000,1849,-9081,126095,-13326,-8441,130519,101,19229,414,0,5391,0.0010000000000047748
81620000,-6536,13672,130324,-491,15950,119385,107,19223,438,1,5392,0.000999999999990564
81621000,-6799,15257,128558,-10748,3598,125004,143,19228,586,1,5393,0.0010000000000047748
81622000,-8963,8075,128178,-14155,5308,124621,113,19232,463,1,5394,0.0010000000000047748
81623000,-2745,3367,126901,-1314,2820,129761,104,19232,463,1,5395,0.000999999999990564
81624000,4439,-1963,125221,4296,-2890,123919,106,19224,426,0,5396,0.0010000000000047748
81625000,2502,-2970,125856,-5280,-11647,130508,106,19232,434,0,5397,0.0010000000000047748
81626000,747,-7994,124745,-6018,-2753,127020,111,19232,455,0,5398,0.000999999999990564
81627000,-2355,16562,129826,-2369,11671,121380,118,19218,483,1,5399,0.0010000000000047748
81628000,-3218,11047,126296,-2090,4342,129380,116,19229,475,1,5400,0.0010000000000047748
81629000,551,12057,125259,4215,10538,118421,98,19229,475,1,5401,0.000999999999990564
81630000,4072,2303,123926,-79,1000,125011,120,19236,401,0,5402,0.0010000000000047748
81631000,10792,-3752,124241,10079,-6928,125986,120,19228,491,0,5403,0.0010000000000047748
81632000,8239,-3208,125016,13517,-968,129525,106,19228,434,0,5404,0.000999999999990564
81633000,2596,-7138,125726,-4220,-2598,128355,116,19230,475,0,5405,0.0010000000000047748
81634000,3623,4656,127348,2,2590,122352,147,19228,602,1,5406,0.0010000000000047748
81635003,2742,7809,127027,9876,3067,128631,111,19228,455,1,5407,0.0010029999999972006
81636003,7694,7418,126384,842,6558,121317,95,19231,455,1,5408,0.0010000000000047748
81637000,11355,6254,127632,2188,-2370,123132,129,19225,389,0,5409,0.0009969999999981383
81638000,10955,-8651,125623,20267,-12188,136180,129,19232,528,0,5410,0.000999999999990564
81639000,4240,-10086,126530,4565,-15170,127147,109,19228,446,0,5411,0.0010000000000047748
81640000,3106,425,130255,-11760,-5795,132373,110,19224,451,1,5412,0.0010000000000047748
81641000,-269,17927,130511,8052,22115,122534,112,19224,459,1,5413,0.000999999999990564
81642000,-99,12350,127549,2892,13698,119465,101,19231,459,1,5414,0.0010000000000047748
81643000,6014,-4593,129002,-7955,-13864,136023,118,19229,414,1,5415,0.0010000000000047748
81644000,11645,-12086,124692,12957,-13036,125573,118,19221,483,0,5416,0.000999999999990564
81645000,9068,-2723,128890,17909,-5290,134006,97,19231,397,0,5417,0.0010000000000047748
81646000,1747,-2163,128720,-18284,-1878,122642,103,19230,422,0,5418,0.0010000000000047748
81647000,3575,4337,132865,-11511,-1738,132112,133,19222,545,1,5419,0.000999999999990564
81648000,-8791,101,131882,14189,-1777,134842,110,19222,545,1,5420,0.0010000000000047748
81649000,-8131,5824,128717,-15452,6424,121129,95,19230,451,1,5421,0.0010000000000047748
81650000,-50,1576,129275,-18915,-570,132053,95,19229,389,0,5422,0.000999999999990564
81651000,3103,-6733,126351,14035,-10353,128659,145,19234,594,0,5423,0.0010000000000047748
81652000,1648,-5056,131469,867,-8754,134720,106,19228,434,0,5424,0.0010000000000047748
81653000,-9011,11049,131790,-26282,8241,121199,110,19227,451,1,5425,0.000999999999990564
81654000,-7680,6154,132852,-6555,1182,131067,122,19227,451,1,5426,0.0010000000000047748
81655000,-8107,-1089,130601,-5292,-3965,138590,107,19227,500,1,5427,0.0010000000000047748
81656002,-5713,12048,129500,-14654,10102,117698,107,19231,438,1,5428,0.0010019999999997253
81657002,-3882,6785,128798,-10063,3053,128403,111,19217,455,0,5429,0.000999999999990564
81658000,-491,-6042,125782,-1703,-9274,128158,102,19233,418,0,5430,0.0009980000000098244
81659001,-362,-3518,127613,136,-6993,135086,101,19228,414,0,5431,0.0010009999999880392
81660000,-9130,4876,128816,-16095,1571,117376,128,19228,414,1,5432,0.0009990000000072996
81661000,-9546,15542,130521,-13340,12640,131023,113,19222,524,1,5433,0.0010000000000047748
81662000,-6408,5414,128641,-12390,2601,126188,113,19228,463,1,5434,0.000999999999990564
81663000,-766,7082,125611,346,1508,123358,101,19227,414,0,5435,0.0010000000000047748
81664002,-598,-5657,124352,-1001,-1671,127957,137,19232,561,0,5436,0.0010019999999997253
81665000,3541,1164,123839,-9586,5361,118043,106,19224,434,0,5437,0.0009979999999956135
81666000,2225,-563,125592,1969,-3566,136273,110,19224,434,0,5438,0.0010000000000047748
81667000,-1546,6402,126292,-1882,13487,117993,144,19224,451,1,5439,0.0010000000000047748
81668000,-4522,12874,125179,-4028,8101,126577,144,19230,590,1,5440,0.000999999999990564
81669000,4521,6891,127321,2439,-3415,123500,103,19230,422,1,5441,0.0010000000000047748
81670000,10454,7642,123593,9332,-3146,123110,100,19226,410,0,5442,0.0010000000000047748
81671000,5867,78,126281,4554,-10550,128474,94,19226,385,0,5443,0.000999999999990564
81672000,7341,-1639,124670,2095,-8150,123753,118,19226,385,0,5444,0.0010000000000047748
81673001,2800,-6220,126749,4797,-4422,132348,130,19227,483,1,5445,0.00100100000000225
81674000,1100,10242,130475,1076,11688,117883,130,19222,532,1,5446,0.0009989999999930887
81675002,2052,13272,127015,4540,3625,124284,114,19230,467,1,5447,0.0010019999999997253
81676001,6629,3534,125503,-1552,306,129223,95,19228,389,1,5448,0.0009990000000072996
81677000,15718,-3160,123451,11880,-1033,123115,134,19225,549,0,5449,0.0009989999999930887
81678000,10902,-10587,125778,15845,-16443,132154,101,19225,549,0,5450,0.0010000000000047748
81679000,7225,-5481,127555,-5707,-11049,128900,102,19230,414,0,5451,0.0010000000000047748
81680000,2862,-397,128432,1883,1343,130517,127,19230,418,1,5452,0.000999999999990564
81681000,-839,20548,132910,6868,16054,122862,127,19225,520,1,5453,0.0010000000000047748
81682000,147,10683,126938,-6345,-1676,124150,109,19231,446,1,5454,0.0010000000000047748
81683000,5708,-4653,129019,5125,-13659,133210,103,19219,422,0,5455,0.000999999999990564
81684000,11945,-10605,127243,7290,-15837,132163,117,19219,479,0,5456,0.0010000000000047748
81685000,6490,-3248,128362,15149,448,126258,103,19229,479,0,5457,0.0010000000000047748
81686000,771,2414,130490,-16525,-1894,128260,119,19232,422,0,5458,0.000999999999990564
81687000,-2699,5784,131944,-11041,687,121380,119,19219,487,1,5459,0.0010000000000047748
81688000,-7257,10078,135293,6088,1470,133684,110,19231,451,1,5460,0.0010000000000047748
81689002,-3427,-2730,129201,-9428,-10475,126882,98,19228,401,1,5461,0.0010019999999997253
81690000,-2263,-9801,129936,-12907,-15903,135219,127,19228,520,0,5462,0.0009979999999956135
81691000,3671,686,130189,2333,-2344,123876,103,19228,520,0,5463,0.0010000000000047748
81692000,-1449,5621,129818,1401,4942,125329,109,19229,422,0,5464,0.000999999999990564
81693000,-8169,4375,132737,-20043,2333,134337,109,19225,446,1,5465,0.0010000000000047748
81694000,-12993,8202,128815,-18894,4952,124325,145,19230,594,1,5466,0.0010000000000047748
81695000,-7299,6460,130153,-4117,4984,132029,115,19227,471,1,5467,0.000999999999990564
81696012,-2344,14363,130874,-4776,11302,121168,102,19220,418,1,5468,0.0010120000000028995
81697000,-145,-5837,125170,-9082,-10789,134000,148,19220,418,0,5469,0.0009880000000066502
81698000,-1929,-3159,126330,-7711,-3376,126044,108,19227,606,0,5470,0.000999999999990564
81699000,-2062,6995,127218,-5688,4570,119871,108,19231,442,0,5471,0.0010000000000047748
81700000,-3561,4501,128514,-8072,-19,129502,117,19220,479,1,5472,0.0010000000000047748
81701000,-9633,12734,127590,-13690,7132,120469,112,19227,459,1,5473,0.000999999999990564
81702000,-4210,6807,129760,-9969,4072,132634,108,19230,442,1,5474,0.0010000000000047748
81703000,679,4161,126480,3839,123,117480,125,19230,442,0,5475,0.0010000000000047748
81704000,-928,-72,125262,-2713,-812,131592,98,19226,512,0,5476,0.000999999999990564
81705000,-1589,3629,122997,-7853,2049,126687,98,19230,401,0,5477,0.0010000000000047748
81706000,-123,11535,126521,-5499,9106,129108,104,19224,426,0,5478,0.0010000000000047748
81707000,131,9604,126851,-717,6366,123462,142,19221,582,1,5479,0.000999999999990564
81708001,-717,7788,124311,-1073,5198,124805,115,19227,471,1,5480,0.00100100000000225
81709000,7364,7302,125714,-495,4284,124997,98,19227,471,1,5481,0.0009990000000072996
81710000,8658,2636,122574,10079,-1246,119103,110,19226,401,0,5482,0.000999999999990564
81711002,11898,-155,123043,8972,-5738,132420,110,19232,451,0,5483,0.0010019999999997253
81712000,5492,-7598,124167,1511,-1291,120786,109,19225,446,0,5484,0.0009980000000098244
81713000,4749,4719,126293,1809,-4715,128323,115,19222,471,1,5485,0.000999999999990564
81714000,1210,12992,130386,2683,4087,119786,113,19228,463,1,5486,0.0010000000000047748
81715006,4453,8258,127457,4233,2242,129325,105,19228,463,1,5487,0.0010060000000038372
81716000,8837,-1636,126126,5293,-7540,128933,114,19231,430,0,5488,0.0009939999999915017
81717000,9282,5107,126575,4445,2350,118057,114,19226,467,0,5489,0.0010000000000047748
81718000,11206,-6171,126850,16182,-20297,139667,91,19232,373,0,5490,0.000999999999990564
81719001,3471,-11261,127064,-3883,-1184,124169,102,19226,418,0,5491,0.00100100000000225
81720013,3545,11463,131540,-7320,8205,127551,130,19230,532,1,5492,0.0010120000000028995
81721000,387,15225,130972,7970,6983,126573,112,19230,532,1,5493,0.0009869999999949641
81722000,2207,7920,128554,-5687,-13289,128052,99,19231,459,1,5494,0.0010000000000047748
81723000,11511,-3499,128398,6729,-11071,128481,99,19229,405,0,5495,0.0010000000000047748
81724000,4875,-10813,129131,12293,-4233,124425,152,19235,623,0,5496,0.000999999999990564
81725000,9870,-5043,130595,2797,-9390,135773,103,19230,422,0,5497,0.0010000000000047748
81726001,-2124,3372,131916,-11344,2036,125807,109,19220,446,1,5498,0.00100100000000225
81727002,-1805,4107,130060,-5693,-572,128502,133,19220,545,1,5499,0.00100100000000225
81728002,-8938,7644,132877,-2951,3567,128089,104,19226,545,1,5500,0.000999999999990564
81729000,604,-2173,129105,-13934,-6074,127963,107,19234,426,1,5501,0.0009980000000098244
81730000,1540,-10271,129848,3987,-13072,137000,107,19218,438,0,5502,0.000999999999990564
81731000,1539,3839,129086,-6818,4734,120330,99,19228,405,0,5503,0.0010000000000047748
81732000,-3303,3787,131423,-11697,-144,130905,114,19226,467,0,5504,0.0010000000000047748
81733002,-6870,-2269,131670,-10619,-4022,133727,133,19226,545,1,5505,0.0010019999999997253
81734021,-9548,2381,131819,-15128,-3903,131613,114,19222,545,1,5506,0.001018999999999437
81735000,-9524,17794,130056,-6366,14940,121893,100,19228,467,1,5507,0.0009790000000009513
81736000,-3914,5456,129464,-12572,-860,124448,100,19228,410,0,5508,0.000999999999990564
81737000,-2276,-8453,127082,-2742,-12253,137919,146,19224,598,0,5509,0.0010000000000047748
81738000,-3721,995,126449,-978,548,120788,104,19230,426,0,5510,0.0010000000000047748
81739000,-1326,8390,126988,-19752,5651,124913,104,19230,426,0,5511,0.000999999999990564
81740000,-2329,5379,129233,-5987,2898,127773,136,19221,426,1,5512,0.0010000000000047748
81741000,-5783,5485,126488,1122,-1713,126432,109,19227,557,1,5513,0.0010000000000047748
81742000,-5941,6353,126425,-15562,3067,126573,109,19232,446,1,5514,0.000999999999990564
81743000,-238,8167,125862,-5235,5076,119534,104,19225,426,0,5515,0.0010000000000047748
81744000,1997,-2174,125156,6639,-4041,130270,85,19230,348,0,5516,0.0010000000000047748
81745000,1766,-1525,124004,-4348,-4659,124885,109,19229,446,0,5517,0.000999999999990564
81746000,-2553,-104,127750,-5046,-3365,128748,123,19229,446,1,5518,0.0010000000000047748
81747000,-1365,20777,126062,-1363,17419,117454,111,19217,504,1,5519,0.0010000000000047748
81748000,-849,9411,125976,-5832,4269,125249,111,19229,455,1,5520,0.000999999999990564
81749000,7165,6918,125247,6754,5928,127363,95,19232,389,0,5521,0.0010000000000047748
81750000,7569,1204,121241,6451,-4165,119341,128,19237,524,0,5522,0.0010000000000047748
81751001,11020,-277,124990,3973,-2895,127826,108,19227,442,0,5523,0.00100100000000225
81752000,9403,-5193,125004,8287,-9084,129227,112,19227,442,0,5524,0.0009989999999930887
81753000,4616,-4697,125948,2962,-7316,125074,142,19224,459,1,5525,0.0010000000000047748
81754000,1589,15075,129457,701,12792,119507,142,19224,582,1,5526,0.000999999999990564
81755000,6493,8819,126125,2212,5409,129009,108,19231,442,1,5527,0.0010000000000047748
81756000,10024,7742,124997,8210,5579,121501,97,19227,397,0,5528,0.0010000000000047748
81757000,8439,728,126804,5339,-15549,132101,121,19230,496,0,5529,0.000999999999990564
81758000,10228,-12164,126597,7289,-3908,122807,103,19230,496,0,5530,0.0010000000000047748
81759001,5859,1513,130797,9255,-194,130016,114,19229,422,1,5531,0.00100100000000225
81760000,2443,-4466,130497,-3248,-4536,134856,114,19221,467,1,5532,0.0009989999999930887
81761002,-1363,10716,129574,-4532,16214,116649,109,19227,446,1,5533,0.0010019999999997253
81762002,2270,10171,130880,-198,-1956,130835,99,19231,405,1,5534,0.0010000000000047748
81763000,8701,-5684,127023,3049,-14457,123757,127,19221,520,0,5535,0.0009979999999956135
81764000,9086,-5288,129895,14176,-9111,132733,97,19221,520,0,5536,0.0010000000000047748
81765000,3151,-8456,129766,-1941,-9546,130887,104,19232,397,0,5537,0.0010000000000047748
81766001,-235,9501,132966,-19453,8407,121164,104,19226,426,1,5538,0.00100100000000225
81767000,-5253,7548,135010,3439,1318,139210,146,19226,598,1,5539,0.0009989999999930887
81768000,-7836,-692,128662,263,-1718,125865,111,19234,455,1,5540,0.0010000000000047748
81769000,-2790,-3476,127939,-20408,-7733,131289,96,19229,393,0,5541,0.000999999999990564
81770000,-1582,-3619,128917,-5260,2351,126774,116,19229,475,0,5542,0.0010000000000047748
81771000,8181,5071,128421,9904,2181,124423,108,19232,475,0,5543,0.0010000000000047748
81772000,-7903,-7712,131881,-18849,-10103,139612,117,19228,442,0,5544,0.000999999999990564
81773000,-6635,433,130142,-19914,2956,126028,117,19220,479,1,5545,0.0010000000000047748
81774000,-11842,3934,131196,-1564,4594,132422,113,19229,463,1,5546,0.0010000000000047748
81775000,-7426,13024,130079,-9029,7726,120940,104,19231,426,1,5547,0.000999999999990564
81776000,-3729,3538,127592,-11235,-5915,131243,118,19231,483,0,5548,0.0010000000000047748
81777000,-5844,-8507,125346,-8817,-12718,131275,91,19214,483,0,5549,0.0010000000000047748
81778000,1004,4333,128050,-41,4011,121420,103,19233,373,0,5550,0.000999999999990564
81779000,-5807,6720,128863,-10710,3442,128351,103,19228,422,1,5551,0.0010000000000047748
81780000,-6817,4575,126633,-13611,2422,120774,137,19224,561,1,5552,0.0010000000000047748
81781000,-8066,4315,126980,-10185,-4291,131320,116,19229,475,1,5553,0.000999999999990564
81782000,-2956,11556,127490,-1137,10701,123192,97,19229,397,1,5554,0.0010000000000047748
81783000,-23,7523,122797,15,2428,115731,112,19226,397,0,5555,0.0010000000000047748
81784000,2172,-3381,126422,-15009,-9359,133242,108,19231,459,0,5556,0.000999999999990564
81785000,4387,-938,124376,4685,-5080,122146,108,19229,442,0,5557,0.0010000000000047748
81786000,-835,1803,126511,7447,-1409,130061,113,19222,463,1,5558,0.0010000000000047748
81787000,-4842,8562,126994,-14437,10581,121196,137,19232,561,1,5559,0.000999999999990564
81788000,-2435,20405,126448,-329,14634,118237,100,19232,410,1,5560,0.0010000000000047748
81789000,8968,3450,123244,7129,-3439,131575,109,19232,410,0,5561,0.0010000000000047748
81790000,8674,-1233,123230,7876,-3900,119829,94,19229,446,0,5562,0.000999999999990564
81791000,7482,-1326,125532,4923,-2837,129110,94,19228,385,0,5563,0.0010000000000047748
81792000,5551,-1855,124446,2836,-3823,123589,112,19225,459,0,5564,0.0010000000000047748
81793000,4708,2811,127375,8149,-395,127848,130,19224,532,1,5565,0.000999999999990564
81794000,2995,6298,127557,-3010,4200,125896,112,19231,459,1,5566,0.0010000000000047748
81795002,6652,10438,126125,4939,5256,115394,95,19231,459,1,5567,0.0010019999999997253
81796002,9599,484,128543,8796,-2800,135065,152,19232,389,0,5568,0.0010000000000047748
81797000,10328,-6845,124295,3951,-11911,122873,152,19231,623,0,5569,0.0009979999999956135
81798000,6452,-5805,127137,15487,-7157,136420,105,19229,430,0,5570,0.0010000000000047748
81799000,3761,7177,130236,-7362,3800,122310,103,19226,422,1,5571,0.000999999999990564
81800000,1519,8233,131065,1216,4120,136044,125,19229,512,1,5572,0.0010000000000047748
81801000,-1283,10559,131358,5713,8996,120199,108,19229,512,1,5573,0.0010000000000047748
81802000,5973,320,125640,-6706,-3940,131105,112,19233,442,1,5574,0.000999999999990564
81803000,11561,-8162,128745,9121,-11812,126716,112,19222,459,0,5575,0.0010000000000047748
81804000,11790,-3811,130417,17479,-10577,130356,103,19228,422,0,5576,0.0010000000000047748
81805000,2431,-7062,130157,-3701,-9172,136413,102,19227,418,0,5577,0.000999999999990564
81806000,-2368,11915,132642,-18002,12095,119096,120,19216,491,1,5578,0.0010000000000047748
81807000,-8438,4499,131922,1097,-4655,139124,111,19216,491,1,5579,0.0010000000000047748
81808000,-6411,-403,131093,-2207,-4947,125076,97,19233,455,1,5580,0.000999999999990564
81809003,334,-6721,128920,-12732,-16093,136798,97,19228,397,0,5581,0.0010029999999972006
81810001,1486,7030,129698,7945,4458,119596,140,19231,573,0,5582,0.0009980000000098244
81811002,292,9695,129811,-4650,1205,125481,107,19229,438,0,5583,0.00100100000000225
81812000,-6391,-3758,130924,-19569,-9733,136789,109,19222,446,0,5584,0.0009979999999956135
81813000,-7947,2093,132354,-8068,-294,128232,135,19222,553,1,5585,0.0010000000000047748
81814000,-10212,6028,130625,-10776,5892,129713,112,19229,553,1,5586,0.000999999999990564
81815000,-4079,14844,130987,-14749,6888,118508,112,19232,459,1,5587,0.0010000000000047748
81816000,-1227,-1372,126121,-5165,-12480,132302,107,19222,438,0,5588,0.0010000000000047748
81817000,-3,-7395,125680,-702,-4612,130897,134,19231,549,0,5589,0.000999999999990564
81818000,-2316,6926,126625,-12404,10006,115416,104,19229,426,0,5590,0.0010000000000047748
81819000,-4397,11160,129956,-7057,7484,129935,118,19229,483,1,5591,0.0010000000000047748
81820000,-6827,7241,127806,-5895,-2150,125246,116,19222,483,1,5592,0.000999999999990564
81821000,-8866,-1243,127232,-10493,-7209,134227,105,19229,475,1,5593,0.0010000000000047748
81822000,-871,10152,127889,-7055,6078,116956,105,19228,430,0,5594,0.0010000000000047748
81823000,2851,6133,124239,3700,1175,122705,132,19230,541,0,5595,0.000999999999990564
81824000,5490,-1268,126013,-2210,-5658,131036,104,19224,426,0,5596,0.0010000000000047748
81825000,568,618,123679,-10235,-1913,123195,109,19224,446,0,5597,0.0010000000000047748
81826000,-2667,3094,127065,246,3427,129759,154,19229,446,1,5598,0.000999999999990564
81827000,-5296,11705,127472,-2395,8559,118018,111,19231,631,1,5599,0.0010000000000047748
81828000,2808,236,125356,-9980,-6322,132573,111,19229,455,1,5600,0.0010000000000047748
81829005,8913,6091,123654,15137,-201,118848,97,19227,397,0,5601,0.001004999999992151
81830002,6392,10651,122051,-868,-1777,115587,103,19231,422,0,5602,0.0009969999999981383
81831001,10922,1734,127200,10427,-4916,132692,112,19231,459,0,5603,0.0009990000000072996
81832000,4250,1015,127977,13722,508,121807,121,19229,459,1,5604,0.0009989999999930887
81833000,5287,-1726,127741,-11292,-1255,134400,110,19221,496,1,5605,0.0010000000000047748
81834000,2023,11035,129609,4583,8903,119564,110,19228,451,1,5606,0.0010000000000047748
81835000,9130,3192,124077,11763,-4255,128502,102,19231,418,1,5607,0.000999999999990564
81836000,11499,3139,125777,1017,3697,121663,121,19224,496,0,5608,0.0010000000000047748
81837000,9459,-2601,127478,9251,-7553,130212,98,19228,401,0,5609,0.0010000000000047748
81838000,9054,-11086,126038,11847,-12051,131786,103,19228,401,0,5610,0.000999999999990564
81839000,1956,4392,129749,-3946,-1192,122269,136,19228,422,1,5611,0.0010000000000047748
81840000,-34,-3664,133127,-4562,-8288,137107,136,19233,557,1,5612,0.000999999999990564
81841000,2619,28039,132139,6629,22275,112483,112,19228,459,1,5613,0.0010000000000047748
81842000,2316,-5582,129675,-6632,-12299,137294,102,19223,418,0,5614,0.0010000000000047748
81843002,8410,-14122,125694,4716,-16000,128745,159,19229,651,0,5615,0.0010019999999997253
81844000,5888,-2730,130895,18806,-6537,127162,114,19229,651,0,5616,0.0009979999999956135
81845000,2363,-3729,128219,-5782,-5313,137569,113,19226,467,0,5617,0.0010000000000047748
81846000,339,9173,132064,-22756,6467,117409,113,19223,463,1,5618,0.000999999999990564
81847000,-2161,8165,131505,7387,5578,128922,129,19229,528,1,5619,0.0010000000000047748
81848000,-5638,8123,129153,1042,5756,119818,103,19232,422,1,5620,0.0010000000000047748
81849000,-2576,-15718,126878,-21275,-25986,146161,115,19221,471,0,5621,0.000999999999990564
81850000,3103,-1636,131428,-958,-3434,119257,96,19221,471,0,5622,0.0010000000000047748
81851000,221,7011,130023,5908,-622,128327,110,19230,393,0,5623,0.0010000000000047748
81852000,-5838,8964,134150,-15173,13332,120316,110,19232,451,1,5624,0.000999999999990564
81853000,-9123,2247,129278,-15544,-6475,133416,133,19224,545,1,5625,0.0010000000000047748
81854000,-8264,-4713,128257,-11188,3341,134729,116,19227,475,1,5626,0.0010000000000047748
81855000,-4966,19659,130630,-7847,17160,113785,97,19229,397,1,5627,0.000999999999990564
81856001,-4047,1439,127512,-8749,-7705,130356,155,19229,397,0,5628,0.00100100000000225
81857000,-3910,-6664,125940,-7549,-1852,124087,101,19228,635,0,5629,0.0009990000000072996
81858000,-726,-4252,127615,-7190,-8458,135468,101,19232,414,0,5630,0.000999999999990564
81859001,-3675,5187,127468,-4401,14186,119026,108,19222,442,1,5631,0.00100100000000225
81860000,-8182,22420,129150,-14711,14586,117417,133,19226,545,1,5632,0.0009990000000072996
81861001,-6594,4382,128048,-7073,-1066,134481,107,19234,438,1,5633,0.00100100000000225
81862003,1848,508,126669,6851,-7887,125857,110,19234,451,0,5634,0.0010019999999997253
81863000,-2096,-9307,122874,-1488,-12676,132117,88,19226,451,0,5635,0.0009969999999981383
81864000,-525,12520,124890,-8886,18955,109488,107,19230,360,0,5636,0.000999999999990564
81865000,1535,8134,126348,-2601,4458,128778,107,19230,438,0,5637,0.0010000000000047748
81866000,-404,1217,125688,-243,6332,130934,128,19220,524,1,5638,0.0010000000000047748
81867000,-2276,9994,124453,-7226,10609,117276,115,19225,471,1,5639,0.000999999999990564
81868000,2018,11345,125847,607,8587,121708,94,19231,385,1,5640,0.0010000000000047748
81869000,10663,6516,125222,8942,-7135,123861,127,19231,385,0,5641,0.0010000000000047748
81870000,9358,-14177,123613,8609,-19239,135200,110,19233,520,0,5642,0.000999999999990564
81871000,3933,-3939,127395,2195,-4850,124718,110,19228,451,0,5643,0.0010000000000047748
81872002,3003,8253,127489,856,1595,121819,114,19224,467,1,5644,0.0010019999999997253
81873000,-2943,6659,128162,4531,10425,125556,132,19222,541,1,5645,0.0009979999999956135
81874000,5006,7891,127740,-3103,-1390,126920,105,19222,430,1,5646,0.0010000000000047748
81875001,7571,1937,123963,15089,-2625,127630,99,19229,430,1,5647,0.00100100000000225
81876000,9809,16115,127565,6499,10612,116612,103,19223,405,0,5648,0.0009989999999930887
81877000,13289,-11302,125615,7190,-21092,134777,103,19233,422,0,5649,0.0010000000000047748
81878000,4684,-11559,128365,5252,-8917,133772,103,19233,422,0,5650,0.0010000000000047748
81879000,5889,6785,131325,-9685,1980,129841,121,19222,496,1,5651,0.000999999999990564
81880002,-2158,15854,128991,10669,15462,121355,114,19228,467,1,5652,0.0010019999999997253
81881000,1156,9032,129927,-1356,2491,127476,97,19228,467,1,5653,0.0009980000000098244
81882000,9479,-14498,124320,-4223,-20567,134810,133,19230,397,0,5654,0.000999999999990564
81883000,9225,-1747,129414,19022,-3992,124116,133,19226,545,0,5655,0.0010000000000047748
81884000,6994,1819,131335,3330,-2272,131568,103,19236,422,0,5656,0.0010000000000047748
81885000,-1857,4880,131722,-14193,2845,125660,105,19225,430,0,5657,0.000999999999990564
81886000,-760,-829,134163,-6020,-6635,137345,149,19225,610,1,5658,0.0010000000000047748
81887000,-8871,187,130473,7418,-2056,128847,107,19225,610,1,5659,0.0010000000000047748
81888000,-3358,9854,132973,-16422,5207,119713,95,19233,438,1,5660,0.000999999999990564
81889000,1322,-5400,128701,-6179,-11931,134946,95,19223,389,0,5661,0.0010000000000047748
81890000,4040,-4315,128861,7112,-7270,130928,111,19231,455,0,5662,0.0010000000000047748
81891000,-4271,5129,131197,-9825,1928,122660,111,19228,455,0,5663,0.000999999999990564
81892000,-6602,5787,130561,-13978,2911,130736,123,19220,504,1,5664,0.0010000000000047748
81893000,-7636,4875,130949,-6138,2053,131282,112,19220,504,1,5665,0.0010000000000047748
81894000,-11744,3405,129015,-7964,89,127004,100,19226,459,1,5666,0.000999999999990564
81895000,-1029,12134,127337,-16194,9319,120655,100,19230,410,1,5667,0.0010000000000047748
81896000,-2383,4263,127509,-2990,1597,131007,124,19220,508,0,5668,0.0010000000000047748
81897000,504,-5106,126504,604,-9038,125074,109,19229,446,0,5669,0.000999999999990564
81898000,-2690,3426,128075,-10826,717,125755,109,19228,446,0,5670,0.0010000000000047748
81899000,-5205,4677,127769,-11778,8412,131411,148,19228,446,1,5671,0.0010000000000047748
81900000,-5293,10028,126144,-5701,11334,117132,113,19231,606,1,5672,0.000999999999990564
81901000,-5111,5769,125660,-9730,-1272,130204,113,19230,463,1,5673,0.0010000000000047748
81902000,-34,3493,126577,-1476,1050,122375,101,19223,414,0,5674,0.0010000000000047748
81903000,-679,-4623,124412,-2427,-7824,125494,116,19232,475,0,5675,0.000999999999990564
81904000,1498,5561,126984,-6567,3024,127641,107,19235,438,0,5676,0.0010000000000047748
81905002,27,10232,127344,169,5789,120395,113,19235,463,1,5677,0.0010019999999997253
81906000,-3228,6216,124957,1569,1214,130479,127,19223,463,1,5678,0.0009979999999956135
81907000,-2372,6838,125797,-7840,3714,123323,98,19233,520,1,5679,0.0010000000000047748
81908000,5435,9894,124935,934,13210,118244,98,19232,401,1,5680,0.0010000000000047748
81909000,10323,11537,126237,13354,-1287,120917,112,19225,459,0,5681,0.000999999999990564
81910000,10339,-6376,121429,2047,-13713,124941,108,19227,442,0,5682,0.0010000000000047748
81911000,6123,-10362,127387,1360,-4429,136182,114,19227,467,0,5683,0.0010000000000047748
81912000,4104,-5617,123480,7396,4714,119511,143,19226,467,1,5684,0.000999999999990564
81913000,3893,16024,130184,3515,14507,125097,113,19228,586,1,5685,0.0010000000000047748
81914000,4406,9519,126831,1452,71,125478,113,19230,463,1,5686,0.0010000000000047748
81915000,9716,-9313,124711,7035,-11268,132368,97,19226,397,0,5687,0.000999999999990564
81916000,8330,-2859,128636,9996,-5967,124178,137,19230,561,0,5688,0.0010000000000047748
81917000,8981,-2853,127609,6478,-10699,131062,101,19230,414,0,5689,0.0010000000000047748
81918000,4458,-3513,128037,-477,-4536,131248,105,19231,414,0,5690,0.000999999999990564
81919000,1423,9788,130938,-1757,9509,125290,114,19220,430,1,5691,0.0010000000000047748
81920000,1133,9893,128618,4271,13024,127097,114,19230,467,1,5692,0.0010000000000047748
81921000,883,-663,127388,-317,-3895,124318,105,19229,430,1,5693,0.000999999999990564
81922000,9487,-7772,128645,-157,-11756,135302,114,19221,467,0,5694,0.0010000000000047748
81923000,11251,-14826,125606,13441,-15813,129342,88,19227,360,0,5695,0.0010000000000047748
81924000,2809,3012,132499,8705,-1962,125646,103,19227,360,0,5696,0.000999999999990564
81925000,-333,-4329,131215,-19870,-6743,135778,130,19231,422,1,5697,0.0010000000000047748
81926002,-6195,13935,133622,-5251,13020,120788,130,19225,532,1,5698,0.0010019999999997253
81927000,-2444,6129,132040,-2886,1433,133603,113,19231,463,1,5699,0.0009979999999956135
81928000,-6155,-2500,128285,-3843,-7148,127445,96,19229,393,1,5700,0.0010000000000047748
81929000,3077,-15179,126540,-15619,-16767,132449,145,19233,594,0,5701,0.0010000000000047748
81930000,122,1099,131053,4698,-789,124721,106,19233,594,0,5702,0.000999999999990564
81931000,-2883,5856,130442,-3854,446,127144,112,19227,434,0,5703,0.0010000000000047748
81932000,-10292,8410,131749,-22195,6925,127449,112,19224,459,1,5704,0.0010000000000047748
81933000,-12399,-1611,130617,-12057,-5270,131359,136,19230,557,1,5705,0.000999999999990564
81934000,-3441,4224,129831,-2549,2537,128465,110,19233,451,1,5706,0.0010000000000047748
81935000,-5372,5606,129018,-6793,-918,123478,111,19221,455,0,5707,0.0010000000000047748
81936000,-477,-5366,125492,-20127,-9135,126460,124,19221,455,0,5708,0.000999999999990564
81937000,-5238,1618,127035,510,-1601,131060,110,19228,508,0,5709,0.0010000000000047748
81938000,-4024,9728,126773,-6273,7138,121513,110,19229,451,0,5710,0.0010000000000047748
81939001,-8166,14784,128206,-14580,11537,123869,127,19224,520,1,5711,0.0010009999999880392
81940002,-7422,-3047,124285,-15063,-6777,130363,116,19230,475,1,5712,0.00100100000000225
81941000,5109,11098,126913,-3497,7952,119051,105,19229,430,1,5713,0.0009980000000098244
81942001,269,6598,125813,5240,3795,131087,147,19229,430,0,5714,0.0010009999999880392
81943000,3212,-8262,122696,-2950,-11202,124963,106,19234,602,0,5715,0.0009990000000072996
81944000,-1505,7873,125243,-6557,4812,127420,106,19228,434,0,5716,0.0010000000000047748
81945001,1515,7501,125978,-2408,5117,122228,106,19225,434,1,5717,0.0010009999999880392
81946000,-2330,24688,127531,4493,16272,116199,149,19228,610,1,5718,0.0009990000000072996
81947001,-1991,2336,126287,-12769,-10314,130296,109,19232,446,1,5719,0.00100100000000225
81948000,7062,-2490,124226,3036,-3740,123701,102,19232,418,0,5720,0.0009989999999930887
81949000,6343,7917,126069,10335,6249,120389,83,19223,418,0,5721,0.0010000000000047748
81950000,12251,3353,125900,13081,-654,120837,111,19226,340,0,5722,0.0010000000000047748
81951001,3198,-1380,125128,6484,-15231,131913,111,19227,455,0,5723,0.0010009999999880392
81952000,4975,-8843,125805,-10820,-5077,128095,123,19226,504,1,5724,0.0009990000000072996
81953001,5412,16428,131774,12510,17030,117740,112,19230,459,1,5725,0.00100100000000225
81954000,7027,8584,127193,7584,-1858,129428,102,19230,418,1,5726,0.0009989999999930887
81955001,9646,2023,125174,-3949,-1975,123084,132,19226,418,0,5727,0.00100100000000225
81956000,7865,2427,128129,11456,-20158,133509,105,19226,541,0,5728,0.0009990000000072996
81957000,8106,-11554,124855,17064,-17722,131284,105,19228,430,0,5729,0.000999999999990564
81958000,2336,14796,130826,-9362,11211,119917,103,19227,422,1,5730,0.0010000000000047748
81959000,3385,6698,131100,-6731,5583,130662,138,19231,565,1,5731,0.0010000000000047748
81960002,3997,8081,129888,12914,4273,126982,111,19231,455,1,5732,0.0010019999999997253
81961000,2253,1891,129194,-2919,-3503,129369,104,19231,455,1,5733,0.0009979999999956135
81962000,10440,-4322,127305,-1611,-13581,127978,126,19221,426,0,5734,0.0010000000000047748
81963000,11340,-5664,129885,20490,-8175,129894,126,19229,516,0,5735,0.000999999999990564
81964000,5056,-9303,129313,712,-13402,133684,104,19231,426,0,5736,0.0010000000000047748
81965002,684,11751,133415,-26936,8434,120208,113,19220,463,1,5737,0.0010019999999997253
81966002,-6979,14965,134613,5106,5514,127247,115,19232,471,1,5738,0.0010000000000047748
81967001,-7190,-1575,130504,3058,-8031,132827,100,19232,471,1,5739,0.0009989999999930887
81968000,-2222,-12254,129091,-23565,-17259,133341,124,19234,410,0,5740,0.0009989999999930887
81969000,-3202,-11397,129713,1849,-11883,135234,124,19224,508,0,5741,0.0010000000000047748
81970000,3003,18371,130383,2257,14073,113626,105,19227,430,0,5742,0.0010000000000047748
81971000,-6001,3339,130288,-15214,-5511,135904,109,19228,446,0,5743,0.000999999999990564
81972000,-6537,-7089,128797,-12581,-3803,132808,146,19231,598,1,5744,0.0010000000000047748
81973000,-6681,11439,130441,-8866,6708,123231,116,19231,598,1,5745,0.0010000000000047748
81974000,-7108,11659,129342,-6136,13582,130343,101,19229,475,1,5746,0.000999999999990564
81975000,-973,882,126411,-11304,-6158,125504,101,19225,414,0,5747,0.0010000000000047748
81976000,-3339,-9342,124916,-3572,-12538,137349,151,19230,618,0,5748,0.0010000000000047748
81977000,-155,-1724,125355,-1651,-3037,124433,102,19231,418,0,5749,0.000999999999990564
81978000,-4157,8319,129026,-16010,6904,121341,109,19220,446,1,5750,0.0010000000000047748
81979000,-5361,14337,130234,-4878,10798,125360,113,19220,446,1,5751,0.0010000000000047748
81980000,-7821,4379,127544,-6613,217,130918,107,19230,463,1,5752,0.000999999999990564
81981000,-3838,-4603,126121,-10980,-7584,131213,107,19228,438,1,5753,0.0010000000000047748
81982000,223,9579,126833,1289,6349,116288,117,19225,479,0,5754,0.0010000000000047748
81983000,3198,4214,125536,-8,1763,130060,95,19229,389,0,5755,0.000999999999990564
81984000,1973,-4708,124361,-4334,-6923,129196,105,19230,430,0,5756,0.0010000000000047748
81985000,-2755,2969,127043,-7224,36,123983,135,19230,430,1,5757,0.0010000000000047748
81986000,-2395,18631,126208,-2114,17089,120511,111,19224,553,1,5758,0.000999999999990564
81987000,3260,9821,126065,1076,6368,121921,111,19231,455,1,5759,0.0010000000000047748
81988000,6340,-5972,123839,5536,-9918,130737,95,19228,389,0,5760,0.0010000000000047748
81989001,8861,1386,123702,817,-2598,117507,106,19232,434,0,5761,0.00100100000000225
81990000,7249,5743,127466,9917,2584,128332,110,19229,451,0,5762,0.0009989999999930887
81991000,6213,-2514,126920,3684,-6138,128390,113,19229,451,0,5763,0.0010000000000047748
81992000,1683,3229,126045,3173,-211,122913,118,19220,463,1,5764,0.000999999999990564
81993002,1848,16341,127618,-3818,21742,120969,118,19230,483,1,5765,0.0010019999999997253
81994000,12607,9089,125690,7470,4416,120412,102,19232,418,1,5766,0.0009980000000098244
81995000,10917,-4635,124251,16702,-9002,130711,107,19221,438,0,5767,0.000999999999990564
81996000,11080,-4210,129026,-1307,-14468,131498,89,19235,365,0,5768,0.0010000000000047748
81997000,6704,-12080,128146,13519,-9205,131052,102,19235,418,0,5769,0.0010000000000047748
81998000,3254,3753,132285,-5226,709,128205,126,19228,418,1,5770,0.000999999999990564
81999000,-1639,11869,131244,-5296,6815,123652,112,19226,516,1,5771,0.0010000000000047748
82000000,-940,9047,131276,11277,-2318,129496,112,19228,459,1,5772,0.0010000000000047748
82001000,4270,1881,127567,-2851,-7426,125421,98,19229,401,1,5773,0.000999999999990564
82002000,9075,-4088,127105,1150,-4619,125715,152,19233,623,0,5774,0.0010000000000047748
82003000,9342,500,131364,15122,-6434,127541,103,19233,422,0,5775,0.0010000000000047748
82004000,4343,-5033,128241,-7530,-7177,127440,108,19230,422,0,5776,0.000999999999990564
82005000,-1504,4767,135024,-13511,755,135678,141,19229,442,1,5777,0.0010000000000047748
82006000,-4632,2066,129648,6351,7040,125951,141,19225,577,1,5778,0.0010000000000047748
82007000,-7105,5669,129345,-12349,-1547,129930,103,19232,422,1,5779,0.000999999999990564
82008000,2387,-710,129436,-12445,-8497,127440,105,19217,430,0,5780,0.0010000000000047748
82009000,-1658,-7755,128286,6486,-8643,131106,94,19217,385,0,5781,0.0010000000000047748
82010000,2269,-3136,131982,-3388,-2015,129427,107,19231,385,0,5782,0.000999999999990564
82011001,-9146,3185,130569,-17182,-2395,127119,130,19227,438,1,5783,0.00100100000000225
82012000,-8237,-479,130625,-14392,-1204,137863,130,19228,532,1,5784,0.0009990000000072996
82013000,-11078,7856,129861,-3592,7254,124168,115,19228,471,1,5785,0.000999999999990564
82014000,-6171,6185,129039,-12009,4602,128791,100,19229,410,1,5786,0.0010000000000047748
82015000,-4171,65,126794,-8202,-4068,124451,138,19222,565,0,5787,0.0010000000000047748
82016000,-4306,-7180,126434,-3848,-8046,133008,101,19222,565,0,5788,0.000999999999990564
82017000,2538,-4202,127434,-5574,-6140,128194,106,19232,414,0,5789,0.0010000000000047748
82018002,-10595,8485,125926,-9756,7384,116835,106,19227,434,1,5790,0.0010019999999997253
82019000,-6239,15527,130926,-16150,8973,129316,138,19224,565,1,5791,0.0009979999999956135
82020000,-9515,-2609,125029,2556,-7495,123904,114,19229,467,1,5792,0.0010000000000047748
82021001,-1177,5856,126083,-9487,5006,123978,106,19224,434,0,5793,0.00100100000000225
82022001,-2450,8808,126463,-6215,2771,120253,92,19224,434,0,5794,0.0010000000000047748
82023000,1872,-931,123833,6619,-4358,123104,108,19236,377,0,5795,0.0009989999999930887
82024000,4161,-6654,125355,-11152,-9034,138289,108,19228,442,0,5796,0.0010000000000047748
82025000,-6049,5715,126128,2136,7106,121493,126,19220,516,1,5797,0.000999999999990564
82026000,1587,23078,128012,-3265,22105,117779,111,19231,455,1,5798,0.0010000000000047748
82027000,811,7314,125113,-1318,1510,126493,98,19233,401,1,5799,0.0010000000000047748
82028000,10978,-4662,121761,8770,-7610,131106,125,19233,401,0,5800,0.000999999999990564
82029000,7794,-9853,120987,4688,-13194,116196,105,19231,512,0,5801,0.0010000000000047748
82030000,7847,2770,124952,7628,-683,122518,105,19229,430,0,5802,0.0010000000000047748
82031001,4805,108,127198,3123,-5262,135034,115,19227,471,1,5803,0.00100100000000225
82032002,-1400,2311,128141,-25,832,119301,157,19227,643,1,5804,0.0010009999999880392
82033001,5582,16397,129880,1156,13367,129633,113,19232,463,1,5805,0.0009990000000072996
82034000,3111,2703,123661,8309,-283,120935,95,19232,463,1,5806,0.0009989999999930887
82035000,16342,4365,126782,3278,326,131776,119,19221,389,0,5807,0.0010000000000047748
82036002,10133,-11536,125994,13267,-15765,128236,119,19232,487,0,5808,0.0010019999999997253
82037000,6125,-6240,125435,12361,-10798,130361,108,19232,442,0,5809,0.0009979999999956135
82038000,4382,5546,130405,-9695,1546,127343,116,19219,475,1,5810,0.0010000000000047748
82039000,-1457,12689,129089,2282,-1008,127006,109,19228,446,1,5811,0.0010000000000047748
82040003,4660,8464,129163,11854,7031,126438,101,19228,414,1,5812,0.0010029999999972006
82041000,2001,-4733,127856,-9372,-9595,129597,121,19233,414,0,5813,0.0009969999999981383
82042000,14048,-13115,128615,3256,-11337,133477,98,19219,496,0,5814,0.0010000000000047748
82043000,4521,1735,129227,26145,-7662,127926,98,19232,401,0,5815,0.000999999999990564
82044000,943,-5479,129774,-23346,710,127524,106,19228,434,0,5816,0.0010000000000047748
82045000,-2779,16194,135472,727,5324,129716,141,19225,577,1,5817,0.0010000000000047748
82046000,-7930,-963,130739,-295,-3172,132407,111,19225,455,1,5818,0.000999999999990564
82047000,-3655,-1662,130364,-15141,-6133,130576,97,19232,455,1,5819,0.0010000000000047748
82048000,427,-5735,128583,-3639,-9116,129288,125,19228,397,0,5820,0.0010000000000047748
82049001,1258,3612,126799,2078,-1056,123694,125,19235,512,0,5821,0.0010009999999880392
82050000,747,6263,131810,-11840,-2629,130236,109,19228,446,0,5822,0.0009990000000072996
82051000,-8162,-676,132197,-15402,-12078,135390,120,19220,491,1,5823,0.0010000000000047748
82052000,-6960,10205,129488,-10054,8616,123844,119,19220,487,1,5824,0.000999999999990564
82053000,-12634,9934,131944,-15982,5662,125227,108,19228,487,1,5825,0.0010000000000047748
82054000,1160,4091,128751,-2472,2009,127443,117,19231,442,1,5826,0.0010000000000047748
82055000,-3589,3048,126135,-2870,-3414,124966,117,19219,479,0,5827,0.000999999999990564
82056000,-1524,-7028,124282,-11401,-4078,128761,92,19235,377,0,5828,0.0010000000000047748
82057001,453,3988,129090,-9963,-632,123080,102,19230,418,0,5829,0.00100100000000225
82058000,-6204,7568,128081,-1285,5856,125195,132,19224,541,1,5830,0.0009989999999930887
82059000,-6956,9648,129556,-11584,3100,128714,117,19224,541,1,5831,0.0010000000000047748
82060000,-9085,692,126963,-11527,-2983,126720,102,19229,479,1,5832,0.0010000000000047748
82061000,1789,891,126331,1841,220,128761,102,19230,418,0,5833,0.000999999999990564
82062000,95,987,126123,-3005,-3043,121886,131,19232,537,0,5834,0.0010000000000047748
82063000,1675,-7712,125702,-1237,-15342,132725,108,19228,442,0,5835,0.0010000000000047748
82064001,-2246,15484,126672,-3158,7658,120235,111,19224,455,0,5836,0.0010009999999880392
82065000,-2237,9290,125666,-13656,3610,126628,141,19224,455,1,5837,0.0009990000000072996
82066000,-1873,9640,127576,9164,10188,128613,107,19229,577,1,5838,0.0010000000000047748
82067002,2904,13054,123596,-1973,8068,116593,107,19229,438,1,5839,0.0010019999999997253
82068002,12052,6992,122586,-2787,3409,124693,105,19226,430,0,5840,0.000999999999990564
82069000,13287,-2266,123824,17741,-10207,126971,89,19230,365,0,5841,0.0009980000000098244
82070000,10143,-13644,122725,8567,-14827,132035,111,19228,455,0,5842,0.000999999999990564
82071000,2648,2495,127996,-3313,1303,124810,129,19228,455,1,5843,0.0010000000000047748
82072000,475,6297,129615,-1991,3447,125421,114,19222,528,1,5844,0.0010000000000047748
82073002,4800,9245,128387,10302,6103,125089,114,19228,467,1,5845,0.0010019999999997253
82074000,5938,5449,126668,2618,2583,125361,98,19230,401,0,5846,0.0009979999999956135
82075000,10941,-5376,125924,1414,-9404,129141,140,19232,573,0,5847,0.0010000000000047748
82076001,11452,-4472,126414,20842,-9304,123381,101,19228,414,0,5848,0.0010009999999880392
82077000,6789,-13508,128158,951,-17272,137039,105,19228,414,0,5849,0.0009990000000072996
82078000,66,1826,131016,-7075,-1386,127990,130,19226,430,1,5850,0.0010000000000047748
82079000,-1250,23517,132436,1698,18906,118987,130,19227,532,1,5851,0.000999999999990564
82080000,606,11026,128742,5440,7515,131491,109,19229,446,1,5852,0.0010000000000047748
82081001,6837,-12973,125445,-4554,-16810,129723,104,19222,426,0,5853,0.00100100000000225
82082000,11836,-14738,128587,5357,-18679,128668,111,19234,455,0,5854,0.0009989999999930887
82083000,6198,2478,129658,23562,-1318,123613,104,19234,455,0,5855,0.0010000000000047748
82084000,1414,5401,131519,-19844,2380,128235,120,19227,426,1,5856,0.0010000000000047748
82085002,-4719,12030,133147,-15836,8670,129037,111,19218,491,1,5857,0.0010019999999997253
82086001,-9750,-1348,129108,9832,-4140,128879,111,19227,455,1,5858,0.0009989999999930887
82087001,-4442,5454,130043,-16863,-1921,123877,97,19234,397,1,5859,0.0010000000000047748
82088000,3386,-5217,128539,-11596,-6698,128662,129,19222,528,0,5860,0.0009989999999930887
82089000,6717,-6687,128372,12042,-10247,134751,104,19222,426,0,5861,0.0010000000000047748
82090004,-1141,-1137,130422,-13977,728,124144,110,19227,426,0,5862,0.0010039999999946758
82091002,-10023,11563,134059,-17845,8570,123119,145,19228,451,1,5863,0.0009980000000098244
82092001,-9611,3344,131116,-11096,-3246,136702,145,19228,594,1,5864,0.0009989999999930887
82093000,-10195,10937,131597,-7398,8689,122799,111,19233,455,1,5865,0.0009989999999930887
82094000,-4490,6957,128844,-11374,-2694,127423,102,19224,418,1,5866,0.0010000000000047748
82095000,-3956,-2753,125889,-5648,-8701,126885,149,19224,610,0,5867,0.0010000000000047748
82096000,-104,-1099,127915,-3815,-7092,128725,105,19235,610,0,5868,0.000999999999990564
82097000,-218,3824,129760,-7138,-61,126015,114,19228,430,0,5869,0.0010000000000047748
82098000,-9511,18093,128766,-6779,9157,121083,114,19219,467,1,5870,0.0010000000000047748
82099000,-8636,11621,128275,-21617,4650,129999,106,19227,434,1,5871,0.000999999999990564
82100000,-521,4810,124257,-1155,10505,122843,103,19232,422,1,5872,0.0010000000000047748
82101000,3162,-2017,124938,2355,-5712,130159,125,19232,512,0,5873,0.0010000000000047748
82102000,2715,-3489,123934,-7866,-4803,122137,102,19232,512,0,5874,0.000999999999990564
82103002,2022,-855,124676,-2986,-2429,128695,109,19223,418,0,5875,0.0010019999999997253
82104000,-383,6887,128892,1459,5370,123788,109,19227,446,1,5876,0.0009980000000098244
82105000,-4096,13433,126018,-6579,7161,123593,140,19224,573,1,5877,0.000999999999990564
82106000,-4093,9251,125525,-6279,2961,128728,106,19232,434,1,5878,0.0010000000000047748
82107000,4631,5335,124150,4498,555,119046,94,19226,385,0,5879,0.0010000000000047748
82108000,9527,5085,125243,8343,-418,123563,108,19226,385,0,5880,0.000999999999990564
82109000,9988,3430,125392,4338,-2465,126581,113,19231,442,0,5881,0.0010000000000047748
82110000,5237,-19220,123448,6610,-19732,133366,113,19226,463,0,5882,0.0010000000000047748
82111000,1451,5323,129872,3201,5174,121071,115,19224,471,1,5883,0.000999999999990564
82112000,3417,21326,126039,-1814,16734,116846,111,19232,455,1,5884,0.0010000000000047748
82113000,5310,7449,127729,12260,3528,132436,100,19233,410,1,5885,0.0010000000000047748
82114000,12637,-3135,124387,-576,-5078,120776,112,19233,410,0,5886,0.000999999999990564
82115000,11468,-803,125463,8644,-2555,128761,92,19222,459,0,5887,0.0010000000000047748
82116000,6804,-10004,128446,20948,-15659,131980,92,19227,377,0,5888,0.0010000000000047748
82117000,5900,-6813,128090,-9777,-8856,128891,105,19228,430,0,5889,0.000999999999990564
82118000,598,10782,131705,-4216,10627,135365,128,19228,524,1,5890,0.0010000000000047748
82119000,-180,17688,126955,7245,17673,119611,112,19229,459,1,5891,0.0010000000000047748
82120000,5816,10213,128791,-2197,4330,127091,99,19229,459,1,5892,0.000999999999990564
82121000,10019,-16475,124796,2166,-19817,132014,162,19227,405,0,5893,0.0010000000000047748
82122000,10488,-8807,128777,15735,-10155,128479,162,19233,664,0,5894,0.0010000000000047748
82123000,5854,-7155,128948,4579,-12899,128311,105,19226,430,0,5895,0.000999999999990564
82124000,13,3010,132792,-14089,1088,124157,106,19225,434,1,5896,0.0010000000000047748
82125000,-9500,6947,135181,-6154,3084,134590,135,19229,553,1,5897,0.0010000000000047748
82126000,-9631,-1896,129057,-1221,-4541,127034,102,19229,553,1,5898,0.000999999999990564
82127001,-23,9300,132050,-15877,6700,127635,110,19231,418,1,5899,0.00100100000000225
82128000,113,-7156,126344,3650,-11311,133133,110,19219,451,0,5900,0.0009990000000072996
82129002,6180,2426,130158,-175,-1304,126399,90,19229,369,0,5901,0.0010019999999997253
82130000,-6365,3820,131876,-13607,-463,130689,109,19226,446,0,5902,0.0009979999999956135
82131000,-6815,-903,129536,-8759,-4639,130192,136,19225,557,1,5903,0.0010000000000047748
82132000,-7928,12391,132081,-9817,10003,125915,115,19225,471,1,5904,0.000999999999990564
82133000,-7809,6172,128350,-13405,2196,123313,101,19228,471,1,5905,0.0010000000000047748
82134000,335,8111,131193,-5327,-4001,130863,148,19226,414,0,5906,0.0010000000000047748
82135000,-4461,-9891,124729,-6889,-7684,131619,148,19228,606,0,5907,0.000999999999990564
82136000,-283,-2430,127203,-5285,2194,130348,106,19229,434,0,5908,0.0010000000000047748
82137000,-6830,-639,125876,-10631,3030,122281,108,19223,442,1,5909,0.0010000000000047748
82138000,-6204,14915,128799,-13859,14187,125165,131,19223,537,1,5910,0.000999999999990564
82139000,-6528,8502,128563,-2814,-5961,131061,113,19231,537,1,5911,0.0010000000000047748
82140000,-5161,3997,125206,-4947,6421,119116,107,19230,463,1,5912,0.0010000000000047748
82141000,2841,4205,126360,-8821,-250,128750,107,19222,438,0,5913,0.000999999999990564
82142000,2608,-2758,124919,2629,242,123708,84,19233,344,0,5914,0.0010000000000047748
82143000,4830,3999,125219,-4924,-4839,131858,111,19228,455,0,5915,0.0010000000000047748
82144002,-3344,-3683,124423,-7043,1480,123307,125,19219,512,1,5916,0.0010019999999997253
82145002,-3667,13297,128373,-8157,12853,123252,112,19219,512,1,5917,0.000999999999990564
82146000,3237,10522,126648,4446,-902,123034,96,19232,459,1,5918,0.0009980000000098244
82147000,3701,10034,123420,2885,4034,117805,96,19231,393,0,5919,0.000999999999990564
82148000,9271,-182,124685,3040,-7025,128553,133,19234,545,0,5920,0.0010000000000047748
82149000,6338,-2829,124377,15510,-4303,118466,112,19227,459,0,5921,0.0010000000000047748
82150001,7406,-5461,126211,2221,-12615,137706,115,19227,471,0,5922,0.00100100000000225
82151000,2002,991,129074,-4304,-1962,122724,143,19227,471,1,5923,0.0009989999999930887
82152000,5027,17991,129044,4717,13524,118885,109,19232,586,1,5924,0.0010000000000047748
82153000,7682,-138,124897,9652,-3577,131842,109,19232,446,1,5925,0.000999999999990564
82154000,9375,-3317,124060,1071,-357,120938,101,19223,414,0,5926,0.0010000000000047748
82155000,10166,-4528,126635,6068,-9784,133370,132,19230,541,0,5927,0.0010000000000047748
82156000,6207,-9665,125244,13652,-11503,127615,114,19227,467,0,5928,0.000999999999990564
82157001,4018,-8400,129875,-5973,-7169,134588,118,19227,467,1,5929,0.00100100000000225
82158000,2177,18701,132122,-1585,9616,120891,110,19222,483,1,5930,0.0009990000000072996
82159000,-181,9889,128285,663,2685,127497,110,19225,451,1,5931,0.000999999999990564
82160000,4796,546,130009,4247,-1484,133223,101,19230,414,1,5932,0.0010000000000047748
82161002,7213,-3259,127444,1376,-10047,123686,129,19223,528,0,5933,0.0010019999999997253
82162000,12792,-9717,130334,10899,-10058,134324,97,19235,397,0,5934,0.0009979999999956135
82163000,1923,-1870,129444,9430,-7146,130280,101,19235,397,0,5935,0.0010000000000047748
82164000,337,1386,130269,-20862,1054,127565,145,19229,414,1,5936,0.0010000000000047748
82165000,-7100,17833,134301,-7312,14794,124473,145,19227,594,1,5937,0.000999999999990564
82166000,-6132,-2012,130199,7647,-7713,132300,111,19229,455,1,5938,0.0010000000000047748
82167000,-2423,-12872,127535,-10901,-14176,131339,99,19225,405,0,5939,0.0010000000000047748
82168000,-2883,-8795,129884,-18651,-12974,131291,117,19233,479,0,5940,0.000999999999990564
82169000,3045,3854,132114,10469,4392,125798,107,19233,479,0,5941,0.0010000000000047748
82170000,-7156,10524,132719,-9010,4097,124220,115,19228,438,0,5942,0.0010000000000047748
82171000,-9387,-9623,129885,-29146,-13025,137623,115,19221,471,1,5943,0.000999999999990564
82172000,-10182,8164,130690,-3073,6432,126992,113,19232,463,1,5944,0.0010000000000047748
82173000,-4873,11372,128789,-6454,8666,123753,106,19230,434,1,5945,0.0010000000000047748
82174000,-2726,13036,129966,-10632,9776,125520,117,19218,479,0,5946,0.000999999999990564
82175000,-1615,-11463,122708,-12911,-14883,132002,89,19218,479,0,5947,0.0010000000000047748
82176000,-348,1583,127536,1275,-2269,122948,104,19232,365,0,5948,0.0010000000000047748
82177000,-3398,14975,128508,-7354,11906,119785,104,19227,426,1,5949,0.000999999999990564
82178000,-7571,9652,127544,-11477,6302,129186,138,19228,565,1,5950,0.0010000000000047748
82179000,-6904,6761,128751,-13295,5022,129001,118,19230,483,1,5951,0.0010000000000047748
82180000,1351,-3183,124348,-6915,-7259,125257,100,19220,410,1,5952,0.000999999999990564
82181000,311,15339,127745,8143,6000,116414,123,19220,504,0,5953,0.0010000000000047748
82182000,3084,-2866,123163,-4702,-4480,127053,105,19232,504,0,5954,0.0010000000000047748
82183000,821,-5650,126145,-8817,-2432,132304,114,19228,430,0,5955,0.000999999999990564
82184000,-1025,9642,125545,-2107,15655,116617,114,19226,467,1,5956,0.0010000000000047748
82185000,-4084,18121,127013,1133,15603,118765,142,19227,582,1,5957,0.0010000000000047748
82186000,20,3011,125770,-4956,-5754,128167,104,19231,426,1,5958,0.000999999999990564
82187002,9155,-1426,122775,7163,1573,124417,107,19231,438,0,5959,0.0010019999999997253
82188002,8960,4494,125725,17333,-2029,124378,101,19226,438,0,5960,0.0010000000000047748
82189000,8216,-2357,124447,3809,-5938,121700,116,19226,414,0,5961,0.0009979999999956135
82190000,867,-2584,127905,-3739,-14715,132329,116,19227,475,1,5962,0.0010000000000047748
82191000,3231,2571,128180,1497,1537,126797,139,19226,569,1,5963,0.0010000000000047748
82192000,2903,19612,129170,14438,8262,121689,116,19230,475,1,5964,0.000999999999990564
82193003,4583,11503,124764,-3867,4487,119217,95,19229,389,1,5965,0.0010029999999972006
82194000,13770,2135,125177,1565,-4206,126636,145,19229,389,0,5966,0.0009970000000123491
82195000,11401,-14545,125625,21606,-18156,138095,101,19234,594,0,5967,0.000999999999990564
82196000,8149,-1301,127107,4340,2051,120355,101,19229,414,0,5968,0.0010000000000047748
82197000,1908,7172,130585,-14916,716,128421,105,19230,430,1,5969,0.0010000000000047748
82198000,-510,5195,133607,6128,1328,128038,123,19227,504,1,5970,0.000999999999990564
82199000,-388,2272,129319,8542,-8487,130105,109,19232,446,1,5971,0.0010000000000047748
82200000,3076,-2859,128779,-10291,-6477,131017,108,19232,446,1,5972,0.0010000000000047748
82201000,8480,-2239,127982,10857,-4292,119729,101,19219,442,0,5973,0.000999999999990564
82202001,8496,-7915,128409,16361,-16034,139551,101,19232,414,0,5974,0.00100100000000225
82203000,2858,-1561,130908,-17322,-633,122587,101,19229,414,0,5975,0.0009990000000072996
82204000,-2151,6769,134792,-7755,236,131833,122,19224,500,1,5976,0.000999999999990564
82205000,-8771,8419,132525,9367,6114,127502,110,19230,451,1,5977,0.0010000000000047748
82206000,-5516,-1261,128381,-16630,-12057,130588,94,19230,451,1,5978,0.0010000000000047748
82207000,-12,-14138,128541,-11180,-15525,140327,139,19232,385,0,5979,0.000999999999990564
82208000,2282,7674,130115,6510,5080,112967,139,19233,569,0,5980,0.0010000000000047748
82209000,-624,8086,131448,-2309,2900,132494,113,19228,463,0,5981,0.0010000000000047748
82210000,-7690,434,130864,-16350,-5666,127731,112,19224,459,1,5982,0.000999999999990564
82211000,-7735,2913,130674,-13988,179,133624,137,19227,561,1,5983,0.0010000000000047748
82212001,-10466,3845,128918,-6724,2819,130584,113,19227,561,1,5984,0.00100100000000225
82213000,-4016,16088,131471,-10844,14315,117445,105,19228,463,1,5985,0.0009989999999930887
82214000,-2900,-2430,125226,-9508,-7270,135343,105,19224,430,0,5986,0.0010000000000047748
82215000,-899,-3722,125959,-1245,-5977,126098,129,19231,528,0,5987,0.000999999999990564
82216000,613,-4199,126040,-6612,-7925,130886,98,19231,401,0,5988,0.0010000000000047748
82217000,-2853,14523,129915,-6985,12377,114643,113,19221,463,1,5989,0.0010000000000047748
82218000,-6693,9954,128851,-6224,4972,125672,113,19221,463,1,5990,0.000999999999990564
82219000,-9518,-2006,128169,-10227,-5097,139663,104,19229,463,1,5991,0.0010000000000047748
82220000,-2242,8414,123962,-8142,5210,115011,104,19231,426,0,5992,0.0010000000000047748
82221000,-446,14372,127070,854,12497,127818,132,19230,541,0,5993,0.000999999999990564
82222000,3975,1579,123133,603,-2290,119928,101,19232,414,0,5994,0.0010000000000047748
82223000,1117,5162,127098,-2862,2086,133034,103,19222,422,0,5995,0.0010000000000047748
82224001,-1219,4858,123846,-4056,291,116282,148,19222,606,1,5996,0.00100100000000225
82225000,-68,15767,127540,-1922,13346,121698,109,19231,606,1,5997,0.0009989999999930887
82226000,4272,12895,125868,2898,9365,122841,96,19232,446,1,5998,0.0010000000000047748
82227001,9646,-995,120988,3298,-6272,121777,96,19225,393,0,5999,0.00100100000000225
82228000,11033,2101,127840,3042,-8131,132965,91,19229,373,0,6000,0.0009989999999930887
82229000,8473,-1892,122145,12751,653,118202,111,19227,455,0,6001,0.0010000000000047748
82230000,7229,-1091,126017,9015,-1351,133789,117,19227,479,1,6002,0.000999999999990564
82231000,249,5865,129037,-8519,9248,119046,110,19220,479,1,6003,0.0010000000000047748
82232001,5794,13427,126212,12049,5591,126066,100,19228,451,1,6004,0.00100100000000225
82233002,6373,2003,126954,8283,-4636,128898,100,19235,410,1,6005,0.00100100000000225
82234000,9906,5066,127990,-3979,-4262,118909,120,19224,491,0,6006,0.0009979999999956135
82235000,12148,-3677,127997,16226,-23231,139217,96,19229,393,0,6007,0.0010000000000047748
82236000,4939,-6657,128730,3034,-1651,126742,104,19224,426,0,6008,0.000999999999990564
82237002,5105,7610,132902,-12033,226,125352,139,19224,426,1,6009,0.0010019999999997253
82238000,-1123,11429,130085,7778,7875,121003,111,19225,569,1,6010,0.0009980000000098244
82239000,1986,9253,129903,11,-1668,129572,111,19229,455,1,6011,0.000999999999990564
82240000,6291,-3997,129947,-2769,-11302,127844,98,19228,401,0,6012,0.0010000000000047748
82241000,8160,-2442,126755,8006,-615,120848,141,19234,577,0,6013,0.0010000000000047748
82242000,6230,500,133100,12413,-4628,136028,107,19229,438,0,6014,0.000999999999990564
82243000,791,-10441,129338,-14157,-10883,127730,114,19229,438,0,6015,0.0010000000000047748
82244000,1964,5481,133604,-15087,6705,137401,121,19220,467,1,6016,0.0010000000000047748
82245000,-9573,4884,131610,5619,4195,125057,121,19228,496,1,6017,0.000999999999990564
82246000,-1506,6118,129722,-13778,2006,122429,102,19232,418,1,6018,0.0010000000000047748
82247000,-396,-5693,129403,-11969,-12373,140473,114,19225,467,0,6019,0.0010000000000047748
82248000,782,-13690,125910,11217,-14440,129695,98,19229,401,0,6020,0.000999999999990564
82249000,-1668,2823,131157,-10408,5297,125492,113,19229,401,0,6021,0.0010000000000047748
82250001,-8771,4123,131320,-21598,1510,128182,141,19222,463,1,6022,0.00100100000000225
82251000,-8339,1583,131219,-4358,1926,133923,141,19227,577,1,6023,0.0009989999999930887
82252000,-10456,1299,128148,-11879,-3914,128466,115,19232,471,1,6024,0.0010000000000047748
82253000,-4258,9709,128644,-14569,8446,120789,99,19227,405,1,6025,0.0010000000000047748
82254000,-4021,-3636,126570,-1832,-7345,132365,162,19231,664,0,6026,0.000999999999990564
82255000,-1307,-2382,127772,-4686,-6988,124999,108,19231,664,0,6027,0.0010000000000047748
82256000,-1219,-3706,127102,-11161,-8364,132345,110,19229,442,0,6028,0.0010000000000047748
82257000,-10131,7850,128318,-8492,10294,119033,110,19226,451,1,6029,0.000999999999990564
82258000,-3001,18244,128712,-10798,10929,124519,127,19232,520,1,6030,0.0010000000000047748
82259000,-8862,1447,124583,-5034,-1175,130491,108,19232,442,1,6031,0.0010000000000047748
82260000,1093,10755,126977,-7877,7903,119031,111,19223,455,0,6032,0.000999999999990564
82261000,-369,-6829,123841,790,-7532,129353,100,19223,455,0,6033,0.0010000000000047748
82262000,2039,-3455,125633,1666,-6782,121438,115,19227,410,0,6034,0.0010000000000047748
82263002,1227,-10674,125003,-300,-12974,136350,115,19227,471,0,6035,0.0010019999999997253
82264000,-6121,15565,126698,-6073,13121,116115,134,19228,549,1,6036,0.0009979999999956135
82265000,110,8730,124855,-16486,4539,122301,112,19229,459,1,6037,0.0010000000000047748
82266000,2338,8186,125915,13783,4752,126409,98,19227,401,1,6038,0.000999999999990564
82267000,9480,4797,121824,4183,236,120571,136,19227,557,0,6039,0.0010000000000047748
82268000,9857,-2244,122653,3426,-6142,129769,108,19229,557,0,6040,0.0010000000000047748
82269000,8326,2231,125270,10283,-2479,122667,111,19228,442,0,6041,0.000999999999990564
82270000,8004,-6659,125850,3525,-11525,126441,111,19226,455,1,6042,0.0010000000000047748
82271000,1640,12898,129276,538,9724,121397,128,19229,524,1,6043,0.0010000000000047748
82272001,5140,342,125624,4127,-2422,134119,107,19230,438,1,6044,0.00100100000000225
82273000,6523,7277,124073,6514,2729,115727,105,19230,430,0,6045,0.0009989999999930887
82274000,11350,817,128389,-37,-851,138159,91,19221,430,0,6046,0.0010000000000047748
82275000,11479,-1036,127724,22777,-3177,119605,104,19229,373,0,6047,0.000999999999990564
82276002,2281,-2603,129939,3339,-11261,131867,104,19230,426,0,6048,0.0010019999999997253
82277000,4545,-1805,133031,-15451,2735,132277,118,19223,483,1,6049,0.0009980000000098244
82278000,-1419,19468,130132,16827,16925,117246,113,19228,463,1,6050,0.000999999999990564
82279003,712,3974,127758,-13287,1220,131127,101,19228,414,1,6051,0.0010030000000114114
82280000,8850,-4810,128561,2188,-13716,128197,137,19229,414,0,6052,0.0009969999999981383
82281000,10509,-16511,127424,30360,-12231,134641,104,19229,561,0,6053,0.000999999999990564
82282000,8198,-376,129504,-5941,-3032,127640,104,19232,426,0,6054,0.0010000000000047748
82283000,-2985,8293,132897,-21218,7302,122559,106,19228,434,1,6055,0.0010000000000047748
82284000,-1312,8253,132380,2243,-5842,138180,150,19229,614,1,6056,0.000999999999990564
82285000,-8357,755,130249,2584,-4530,130756,109,19229,446,1,6057,0.0010000000000047748
82286001,-4910,-3808,130124,-21798,-15279,132248,101,19229,446,1,6058,0.00100100000000225
82287000,2455,9512,127806,-3829,6090,119219,116,19225,414,0,6059,0.0009989999999930887
82288000,4276,2733,128836,5588,-5774,135600,116,19228,475,0,6060,0.0010000000000047748
82289000,242,-3280,130249,-11847,-1842,126014,113,19228,463,0,6061,0.0010000000000047748
82290001,-8957,7034,131405,-15542,564,128844,125,19222,512,1,6062,0.0010009999999880392
82291000,-9011,2207,131059,-7984,3918,129238,114,19229,467,1,6063,0.0009990000000072996
82292000,-10190,6921,132248,-9658,-26,123609,101,19229,467,1,6064,0.0010000000000047748
82293000,-1304,-1227,127869,-9207,-7929,134433,124,19232,414,0,6065,0.000999999999990564
82294000,-5466,505,126775,-5606,118,122297,124,19222,508,0,6066,0.0010000000000047748
82295000,-2571,150,127084,-4675,-4454,126006,96,19229,393,0,6067,0.0010000000000047748
82296000,-2471,4104,127395,-13382,1914,125786,101,19226,414,0,6068,0.000999999999990564
82297000,-7294,7235,129653,-7622,-1074,127271,145,19227,594,1,6069,0.0010000000000047748
82298000,-5940,199,128848,-705,-5070,129681,113,19227,594,1,6070,0.0010000000000047748
82299000,-8382,10224,125397,-14018,6139,122903,99,19234,463,1,6071,0.000999999999990564
82300000,728,1906,125911,-2216,-6272,127981,99,19224,405,0,6072,0.0010000000000047748
82301000,3023,-719,123009,3861,-1611,125124,106,19233,434,0,6073,0.0010000000000047748
82302000,2255,1530,125594,-4633,-3314,125843,109,19228,446,0,6074,0.000999999999990564
82303000,-1557,6946,126287,-3615,5155,124957,117,19222,479,1,6075,0.0010000000000047748
82304001,-2077,8346,125785,-6744,3058,125959,127,19222,479,1,6076,0.00100100000000225
82305001,-2563,5098,124387,4819,3265,127496,98,19225,520,1,6077,0.000999999999990564
82306000,6145,6279,122535,-2462,2239,120841,98,19231,401,0,6078,0.0009990000000072996
82307000,8989,6211,124556,4956,1188,117408,112,19227,459,0,6079,0.0010000000000047748
82308000,10858,-658,124973,14408,-3838,128136,100,19224,410,0,6080,0.000999999999990564
82309000,7405,-14387,123856,1579,-18110,134069,113,19229,463,0,6081,0.0010000000000047748
82310000,158,-1093,130872,3219,-3092,124868,143,19229,463,1,6082,0.0010000000000047748
82311000,2873,11394,130086,-560,8133,122536,112,19228,586,1,6083,0.000999999999990564
82312000,5165,4541,126855,9005,945,127108,112,19230,459,1,6084,0.0010000000000047748
82313000,7818,4862,126354,4419,2262,125536,95,19226,389,0,6085,0.0010000000000047748
82314002,7619,-2427,125054,-1448,-5917,122932,134,19231,549,0,6086,0.0010019999999997253
82315000,8734,-5303,126513,23082,-9351,130703,101,19233,414,0,6087,0.0009979999999956135
82316002,6207,-7313,128611,-4173,-11112,127897,107,19233,438,1,6088,0.0010019999999997253
82317000,1207,6052,130846,-6090,2154,129847,115,19221,438,1,6089,0.0009979999999956135
82318000,1140,19226,131466,9298,17077,124080,105,19228,471,1,6090,0.0010000000000047748
82319000,1876,-1284,126191,-1568,-5074,128976,105,19229,430,1,6091,0.0010000000000047748
82320000,9211,-5248,127736,-4671,-8638,129612,114,19215,467,0,6092,0.000999999999990564
82321001,13735,-12623,128204,13755,-15355,133697,96,19229,393,0,6093,0.00100100000000225
82322000,1593,10813,131597,15486,9200,123249,106,19229,434,0,6094,0.0009990000000072996
82323001,3326,7842,130806,-25982,7646,126883,132,19227,434,1,6095,0.0010009999999880392
82324000,-5334,912,132804,-2032,-804,136022,116,19223,541,1,6096,0.0009990000000072996
82325000,-7605,6884,129516,8923,-3056,122559,116,19231,475,1,6097,0.0010000000000047748
82326001,-5165,-5633,127313,-25793,-11659,132094,96,19227,393,0,6098,0.0010009999999880392
82327000,1136,-228,132417,6484,-3530,127591,141,19233,577,0,6099,0.0009990000000072996
82328000,5312,4072,131784,5303,-6163,128723,107,19233,438,0,6100,0.0010000000000047748
82329000,-6042,-1107,131525,-19542,-4268,130173,110,19224,438,0,6101,0.000999999999990564
82330000,-8465,6027,132685,-16345,3821,129408,133,19225,451,1,6102,0.0010000000000047748
82331000,-8548,7610,129209,-8159,4194,125987,133,19229,545,1,6103,0.0010000000000047748
82332000,-6921,20369,130812,-8689,9472,118177,108,19230,442,1,6104,0.000999999999990564
82333000,-4097,1426,128822,-5583,-11100,130155,107,19220,438,0,6105,0.0010000000000047748
82334000,-4074,-3923,127060,-6979,-3145,125900,115,19232,471,0,6106,0.0010000000000047748
82335000,2018,4189,127655,-4678,1368,127497,102,19232,471,0,6107,0.000999999999990564
82336000,-3737,3572,127576,-6258,8892,128328,125,19227,418,1,6108,0.0010000000000047748
82337000,-4604,15765,127419,-14752,9961,116016,125,19221,512,1,6109,0.0010000000000047748
82338001,-8427,-1330,128106,-12769,-3874,139487,115,19228,471,1,6110,0.0010009999999880392
82339000,1488,-3024,127114,1227,-6415,122021,99,19231,405,1,6111,0.0009990000000072996
82340000,453,7103,125869,217,633,122478,135,19234,553,0,6112,0.000999999999990564
82341000,919,-3451,124093,-10065,-7786,130234,103,19234,553,0,6113,0.0010000000000047748
82342000,2227,1520,124161,-1991,593,122103,109,19227,422,0,6114,0.0010000000000047748
82343000,-4685,13630,126127,-354,14303,127820,109,19225,446,1,6115,0.000999999999990564
82344000,-3739,16391,123539,-8623,15371,116195,156,19225,639,1,6116,0.0010000000000047748
82345000,691,5164,126764,-1280,1747,132121,110,19231,451,1,6117,0.0010000000000047748
82346000,11539,-6114,121935,7896,-8758,121108,100,19222,410,0,6118,0.000999999999990564
82347000,8030,3523,125184,7876,-2661,119049,83,19222,410,0,6119,0.0010000000000047748
82348002,6506,-2162,128287,5488,-8040,133055,113,19229,340,0,6120,0.0010019999999997253
82349003,3651,-3025,124452,4436,-7691,121627,113,19228,463,0,6121,0.00100100000000225
82350002,-177,830,128089,2127,2276,132340,123,19221,504,1,6122,0.0009989999999930887
82351000,3217,14604,128389,-4887,13075,115739,111,19231,455,1,6123,0.0009980000000098244
82352000,9028,14839,126210,13022,8409,123692,98,19230,401,1,6124,0.000999999999990564
82353000,11641,-2959,125241,6581,-7393,131428,132,19230,401,0,6125,0.0010000000000047748
82354000,11266,-5863,128079,4988,-7819,125002,99,19229,541,0,6126,0.0010000000000047748
82355000,6480,-9196,126836,17493,-9402,134038,99,19225,405,0,6127,0.000999999999990564
82356000,2619,3949,130317,-9917,-221,127001,105,19227,430,1,6128,0.0010000000000047748
82357000,-368,2396,130588,744,-1396,138061,132,19227,541,1,6129,0.0010000000000047748
82358002,688,10236,129209,3933,8279,116553,109,19230,446,1,6130,0.0010019999999997253
82359000,5750,-2489,127544,-8356,-7179,125346,100,19230,410,1,6131,0.0009979999999956135
82360000,10089,-7354,127637,12490,-11236,131740,127,19226,410,0,6132,0.0010000000000047748
82361000,8200,491,129025,9838,-2168,127108,106,19232,520,0,6133,0.000999999999990564
82362000,783,-313,130604,-7169,-3729,137348,106,19229,434,0,6134,0.0010000000000047748
82363001,918,10098,135331,-10673,7193,121505,116,19219,475,1,6135,0.00100100000000225
82364000,-6316,-131,132311,297,-2974,135464,116,19232,475,1,6136,0.0009989999999930887
82365000,-6946,6300,131692,-4197,3421,125759,99,19232,405,1,6137,0.0010000000000047748
82366000,2777,-10765,126853,-16144,-14428,140656,124,19230,405,0,6138,0.0010000000000047748
82367000,-1346,1441,128441,8304,-3938,117814,100,19226,508,0,6139,0.000999999999990564
82368001,517,7209,131288,-5133,6375,132589,100,19230,410,0,6140,0.00100100000000225
82369001,-6863,6730,133169,-10041,2174,127112,110,19225,451,0,6141,0.0010000000000047748
82370000,-7468,2238,129778,-13221,799,131410,148,19228,606,1,6142,0.0009989999999930887
82371000,-7137,2290,131090,-12581,5997,131920,114,19228,467,1,6143,0.0010000000000047748
82372000,-5004,15899,128100,-4391,11667,113635,101,19231,467,1,6144,0.0010000000000047748
82373000,-493,1321,126093,-12278,-8253,137175,173,19232,414,0,6145,0.000999999999990564
82374000,-2480,-7062,126432,1671,-10531,128897,173,19234,709,0,6146,0.0010000000000047748
82375003,523,1357,127559,-9235,1512,125010,105,19233,430,0,6147,0.0010029999999972006
82376002,-7003,11988,130389,-11444,9090,123997,110,19218,451,1,6148,0.0009990000000072996
82377000,-7218,7022,125703,-8487,-11,122362,116,19228,475,1,6149,0.0009979999999956135
82378000,-5514,5382,128249,-11327,2716,132484,108,19228,475,1,6150,0.0010000000000047748
82379000,-2226,4733,124441,-965,-598,122102,116,19231,442,0,6151,0.000999999999990564
82380000,-2480,-316,125103,-4135,-6801,124981,116,19228,475,0,6152,0.0010000000000047748
82381000,2592,14389,124452,-8500,5757,119495,96,19228,393,0,6153,0.0010000000000047748
82382001,4026,664,126212,-439,-8238,131664,108,19226,442,0,6154,0.00100100000000225
82383001,-1135,-2828,125299,4809,459,129914,139,19224,569,1,6155,0.000999999999990564
82384000,-3638,15098,127634,-11508,11190,116457,112,19224,569,1,6156,0.0009990000000072996
82385000,3981,15335,126035,3380,13147,120469,93,19229,459,1,6157,0.000999999999990564
82386000,9147,911,124820,9631,-13200,128586,93,19230,381,0,6158,0.0010000000000047748
82387000,7848,-8353,120215,4673,-3960,127576,113,19230,463,0,6159,0.0010000000000047748
82388000,6030,1882,125962,6491,-1024,123383,120,19228,491,0,6160,0.000999999999990564
82389000,4464,-2403,125145,7238,-6024,126954,120,19220,491,1,6161,0.0010000000000047748
82390001,4661,3501,129560,-4433,310,130773,123,19220,491,1,6162,0.00100100000000225
82391002,2660,7269,129170,3964,3635,124267,104,19228,504,1,6163,0.00100100000000225
82392000,7844,-1036,127066,10283,-120,128704,104,19233,426,1,6164,0.0009979999999956135
82393000,9052,853,125147,1800,-5613,124873,109,19222,446,0,6165,0.0010000000000047748
82394000,10704,-11073,125598,8552,-20965,135279,86,19230,352,0,6166,0.000999999999990564
82395000,7372,-7519,127543,6998,-7659,130907,102,19229,418,0,6167,0.0010000000000047748
82396000,2064,12281,131823,-1931,10592,122261,124,19229,418,1,6168,0.0010000000000047748
82397000,824,11090,129575,1623,7732,130631,111,19226,508,1,6169,0.000999999999990564
82398000,699,1038,127779,1351,-3154,127758,111,19228,455,1,6170,0.0010000000000047748
82399000,8034,-5599,126702,3793,-9452,131417,96,19228,393,0,6171,0.0010000000000047748
82400001,8995,-5770,127409,2657,-6446,125211,145,19230,594,0,6172,0.00100100000000225
82401000,6962,-3185,131106,18388,-9016,130719,110,19227,451,0,6173,0.0009989999999930887
82402001,1684,-14095,128641,-9196,-17612,139112,109,19227,446,0,6174,0.00100100000000225
82403000,-2372,11409,134347,-17670,10518,120645,142,19227,446,1,6175,0.0009989999999930887
82404000,-6758,8821,132234,3263,6463,131169,103,19231,582,1,6176,0.0010000000000047748
82405000,-3015,-2361,129990,-1100,-5915,127354,103,19230,422,1,6177,0.0010000000000047748
82406000,-2729,-19709,127038,-12312,-25130,138461,103,19220,422,0,6178,0.000999999999990564
82407000,1670,-102,129518,-5806,-4031,128775,99,19230,405,0,6179,0.0010000000000047748
82408000,-3135,14323,132183,6157,11224,117138,106,19230,434,0,6180,0.0010000000000047748
82409000,-5549,2385,132650,-15516,-1314,138241,125,19230,434,1,6181,0.000999999999990564
82410000,-11078,1651,129910,-19199,-1535,128593,113,19221,512,1,6182,0.0010000000000047748
82411000,-11590,-239,129902,-6737,-4643,134012,113,19233,463,1,6183,0.0010000000000047748
82412000,-1629,17558,130124,-9309,15007,117793,97,19229,397,1,6184,0.000999999999990564
82413000,-2981,-6226,124661,-7698,-7657,135734,137,19227,561,0,6185,0.0010000000000047748
82414000,-1789,-2042,125234,-6967,-7385,125622,108,19227,442,0,6186,0.0010000000000047748
82415000,-2580,3868,126670,-7296,2724,128811,107,19229,442,0,6187,0.000999999999990564
82416001,-5821,14669,128808,-7400,16381,120312,139,19221,438,1,6188,0.00100100000000225
82417002,-6840,12872,127544,-13080,2550,127138,139,19228,569,1,6189,0.00100100000000225
82418002,-4178,-2534,126357,-9416,194,130855,112,19231,459,1,6190,0.0010000000000047748
82419000,2884,5803,125781,-939,475,121098,105,19223,430,0,6191,0.0009979999999956135
82420000,-2297,-5890,123177,692,-3629,127911,94,19231,385,0,6192,0.0010000000000047748
82421003,1446,4591,126422,-9314,-1201,122505,104,19231,385,0,6193,0.0010029999999972006
82422000,-657,3794,127104,-1778,-288,129844,117,19228,426,0,6194,0.0009969999999981383
82423000,-3080,13416,127486,-477,10884,123700,117,19219,479,1,6195,0.0010000000000047748
82424000,-2746,10081,127481,-8870,-809,119525,110,19231,451,1,6196,0.000999999999990564
82425000,2997,11177,125475,4868,2365,125560,97,19232,397,1,6197,0.0010000000000047748
82426000,7997,-479,124691,13254,-12239,125871,125,19229,512,0,6198,0.0010000000000047748
82427000,10684,-3459,123993,3096,-7635,124027,104,19229,512,0,6199,0.000999999999990564
82428000,4942,3573,128186,4669,-5659,128431,108,19229,426,0,6200,0.0010000000000047748
82429000,6127,3345,124930,8382,1579,124226,108,19227,442,1,6201,0.0010000000000047748
82430000,2481,8553,129804,-3844,9877,128603,140,19231,573,1,6202,0.000999999999990564
82431000,5934,6057,126099,191,485,122060,112,19231,459,1,6203,0.0010000000000047748
82432000,8585,-3901,123926,15146,-2656,128464,98,19224,401,0,6204,0.0010000000000047748
82433000,10842,-2006,128502,2045,-11059,121711,117,19224,401,0,6205,0.000999999999990564
82434000,9739,-6386,126063,9491,-18598,137057,101,19231,479,0,6206,0.0010000000000047748
82435000,805,-9627,127409,3414,-7585,132792,101,19231,414,0,6207,0.0010000000000047748
82436000,2435,12273,132169,-6888,8446,120339,112,19225,459,1,6208,0.000999999999990564
82437000,-1293,13953,130002,4354,12074,126745,110,19228,451,1,6209,0.0010000000000047748
82438000,1919,4348,128685,942,-4349,129627,103,19227,422,1,6210,0.0010000000000047748
82439000,10982,-6550,126768,-2665,-6741,134936,122,19227,422,0,6211,0.000999999999990564
82440000,5727,-8420,128031,21607,-10479,117114,95,19221,500,0,6212,0.0010000000000047748
82441000,7979,-8793,127540,1626,-15704,133054,95,19233,389,0,6213,0.0010000000000047748
82442000,-274,3121,135391,-14119,-829,129424,102,19227,418,0,6214,0.000999999999990564
82443000,-6101,5374,130980,1800,685,127938,143,19228,586,1,6215,0.0010000000000047748
82444000,-11326,9191,130252,-9164,6824,125031,112,19231,459,1,6216,0.0010000000000047748
82445000,-4620,-1224,129320,-17700,-4453,127226,98,19231,459,1,6217,0.000999999999990564
82446000,3116,-8518,126435,5248,-12724,135780,117,19225,401,0,6218,0.0010000000000047748
82447001,4538,3432,130048,-798,-596,123257,117,19232,479,0,6219,0.00100100000000225
82448002,-3716,7044,130955,-11158,5349,129067,107,19226,438,0,6220,0.00100100000000225
82449000,-5824,827,128216,-11684,-1755,132296,117,19221,479,1,6221,0.0009979999999956135
82450000,-10616,4226,129621,-9359,3256,129215,116,19229,475,1,6222,0.0010000000000047748
82451000,-8439,9382,129632,-13930,6591,135559,105,19229,430,1,6223,0.000999999999990564
82452000,-2140,9234,126030,-8987,6691,111133,120,19227,430,1,6224,0.0010000000000047748
82453000,-1876,1018,128386,-4294,-2918,129990,91,19217,491,0,6225,0.0010000000000047748
82454000,-44,-7332,124815,-4528,-10215,130309,91,19234,373,0,6226,0.000999999999990564
82455001,-5095,745,127379,-10159,-1371,122042,104,19228,426,0,6227,0.00100100000000225
82456000,-4006,22700,130556,-8318,18181,128381,136,19227,557,1,6228,0.0009990000000072996
82457000,-9758,6181,125131,-1348,2247,123444,118,19227,483,1,6229,0.000999999999990564
82458000,-2666,10690,130523,-18342,8865,123988,102,19232,483,1,6230,0.0010000000000047748
82459000,364,604,125451,-1692,-2222,123601,126,19228,418,0,6231,0.0010000000000047748
82460000,2945,8975,125726,8274,5202,122390,126,19232,516,0,6232,0.000999999999990564
82461000,3326,-1469,123979,-5147,-4603,125584,109,19228,446,0,6233,0.0010000000000047748
82462000,-1260,7526,127869,-3755,3202,121885,112,19224,459,1,6234,0.0010000000000047748
82463000,3363,10065,128968,-89,1599,129293,136,19224,557,1,6235,0.000999999999990564
82464000,-2893,8777,124709,-1212,10807,119291,105,19232,557,1,6236,0.0010000000000047748
82465000,7275,6359,126516,-1238,1754,129316,109,19230,430,0,6237,0.000999999999990564
82466000,7360,-73,122205,3962,-1744,119560,109,19225,446,0,6238,0.0010000000000047748
82467000,12843,-1256,124977,11480,-9135,135993,89,19229,365,0,6239,0.0010000000000047748
82468000,6045,-5102,126204,4298,-10407,124116,111,19228,455,0,6240,0.000999999999990564
82469000,2445,14565,130213,2856,2878,120013,131,19226,537,1,6241,0.0010000000000047748
82470000,3863,3683,128609,3146,490,134148,115,19226,537,1,6242,0.0010000000000047748
82471000,4707,9734,129837,411,4244,121391,99,19234,471,1,6243,0.000999999999990564
82472000,10883,3682,124814,5791,-2686,125119,99,19227,405,0,6244,0.0010000000000047748
82473000,6961,7230,127999,7404,-4065,123301,145,19234,594,0,6245,0.0010000000000047748
82474000,8129,-18776,126146,9588,-24144,139664,103,19231,422,0,6246,0.000999999999990564
82475000,8402,306,130195,-28,-2971,121069,104,19227,426,0,6247,0.0010000000000047748
82476000,442,13457,131645,-6922,4402,127792,125,19227,426,1,6248,0.0010000000000047748
82477000,1325,13984,131985,5519,9117,122585,108,19231,512,1,6249,0.000999999999990564
82478000,1125,7123,128693,435,-5140,122203,108,19230,442,1,6250,0.0010000000000047748
82479000,10299,-19078,126789,-4995,-20270,139553,109,19222,446,0,6251,0.0010000000000047748
82480000,10354,-1446,131063,19040,-3659,118073,102,19234,418,0,6252,0.000999999999990564
82481000,5078,-5225,127526,9031,-14060,139296,104,19232,426,0,6253,0.0010000000000047748
82482000,-780,4963,130432,-26732,7892,119893,122,19232,426,1,6254,0.0010000000000047748
82483000,-6662,10584,134984,-4252,3865,133454,110,19219,500,1,6255,0.000999999999990564
82484000,-5587,-2612,129622,10492,-400,132099,110,19230,451,1,6256,0.0010000000000047748
82485000,-5311,-431,128079,-21146,-8661,123410,96,19232,393,1,6257,0.0010000000000047748
82486000,-514,-12047,128057,-4734,-6683,141168,131,19231,537,0,6258,0.000999999999990564
82487000,5937,1122,127226,5246,-3424,116398,106,19229,434,0,6259,0.0010000000000047748
82488000,-3593,26,132131,-14682,-6024,138244,114,19229,434,0,6260,0.0010000000000047748
82489002,-7983,6800,131453,-16747,2359,126751,144,19225,467,1,6261,0.0010019999999997253
82490002,-9639,4842,129757,-7427,2226,129726,144,19227,590,1,6262,0.000999999999990564
82491000,-5111,8368,130441,-9536,6453,129374,113,19230,463,1,6263,0.0009980000000098244
82492001,-3032,2651,126223,-9148,922,122558,99,19225,405,0,6264,0.00100100000000225
82493000,-3421,-4550,124666,-6561,-8966,133267,142,19232,582,0,6265,0.0009989999999930887
82494028,282,3487,126720,-3994,1766,119468,109,19232,446,0,6266,0.001028000000005136
82495000,-4092,213,128078,-8123,-2157,132582,123,19230,446,1,6267,0.0009719999999902029
82496002,-7351,8058,130092,-8254,5371,123798,111,19217,504,1,6268,0.0010019999999997253
82497000,-7830,3624,127313,-14557,938,130092,111,19229,455,1,6269,0.0009980000000098244
82498001,72,11251,126268,-1166,9539,123850,102,19230,418,1,6270,0.00100100000000225
82499002,339,2099,127145,2209,-1859,121610,126,19228,516,0,6271,0.0010009999999880392
82500000,4609,-13154,123894,-5391,-16210,136185,104,19228,426,0,6272,0.0009980000000098244
82501001,1154,5649,125844,-1900,1645,124222,113,19229,426,0,6273,0.00100100000000225
82502000,-2949,9934,127685,-549,7550,123527,150,19228,463,1,6274,0.0009989999999930887
82503000,-713,21849,128230,-9417,18924,123456,150,19224,614,1,6275,0.0010000000000047748
82504000,-2483,91,123047,3042,-3996,131410,110,19231,451,1,6276,0.000999999999990564
82505000,8159,1337,122297,632,-4308,122285,94,19228,385,0,6277,0.0010000000000047748
82506000,11115,10392,125640,2492,7993,122091,102,19228,418,0,6278,0.0010000000000047748
82507000,9693,-4943,124398,15917,-8083,131092,115,19230,418,0,6279,0.000999999999990564
82508000,4483,-5123,125650,-1352,-10390,132055,120,19228,471,0,6280,0.0010000000000047748
82509000,1008,-1593,128258,-2003,-6757,128105,120,19219,491,1,6281,0.0010000000000047748
82510000,3311,27870,130807,5172,25831,113385,109,19231,446,1,6282,0.000999999999990564
82511000,6544,8330,125415,8224,-875,128488,96,19234,393,1,6283,0.0010000000000047748
82512000,11485,-7460,126653,49,-8294,128848,114,19221,467,0,6284,0.0010000000000047748
82513000,9432,-1819,125527,1310,-9274,126278,94,19221,467,0,6285,0.000999999999990564
82514000,7331,-4740,125548,21953,-769,124476,103,19232,385,0,6286,0.0010000000000047748
82515000,3618,833,133107,-12252,-7112,129009,103,19227,422,1,6287,0.0010000000000047748
82516000,386,4249,130001,1711,8597,125701,134,19228,549,1,6288,0.000999999999990564
82517000,1355,18161,134281,7509,6234,127738,111,19232,455,1,6289,0.0010000000000047748
82518000,-5,1595,127412,-5656,-8579,124681,97,19224,397,1,6290,0.0010000000000047748
82519000,11050,-9405,126455,7182,-17470,130555,152,19224,397,0,6291,0.000999999999990564
82520000,9589,-10747,130018,18870,-17302,135824,105,19232,623,0,6292,0.0010000000000047748
82521000,3885,-5094,130318,-7244,-4595,123801,105,19230,430,0,6293,0.0010000000000047748
82522000,417,27462,135692,-22304,17494,125986,108,19223,442,1,6294,0.000999999999990564
82523000,-8885,4328,130173,10870,-3306,133039,129,19231,528,1,6295,0.0010000000000047748
82524000,-7160,-7730,128582,-9884,-9811,133750,102,19231,418,1,6296,0.0010000000000047748
82525000,-105,-9354,127558,-16534,-11011,130877,110,19231,418,0,6297,0.000999999999990564
82526000,654,1998,128861,6494,2498,123976,91,19223,451,0,6298,0.0010000000000047748
82527003,3621,2583,132006,741,-3106,126754,91,19228,373,0,6299,0.0010029999999972006
82528000,-7690,-6444,128708,-18316,-10258,135028,109,19228,446,0,6300,0.0009969999999981383
82529001,-9548,3552,130760,-15455,4863,129659,135,19225,553,1,6301,0.00100100000000225
82530002,-12725,10305,130237,-5035,6270,125756,114,19230,467,1,6302,0.00100100000000225
82531000,-2994,10671,129033,-11084,8200,124751,98,19230,467,1,6303,0.0009979999999956135
82532000,-3501,-2066,126626,-6461,-10403,129430,149,19229,401,0,6304,0.0010000000000047748
82533000,-2311,-14583,124309,-3494,-10779,136347,149,19230,610,0,6305,0.0010000000000047748
82534000,-46,7626,129932,-6137,2065,114454,101,19229,414,0,6306,0.000999999999990564
82535000,-7338,10545,128541,-2916,3314,127211,105,19227,430,1,6307,0.0010000000000047748
82536000,-8048,9527,130826,-13784,4936,130573,132,19228,541,1,6308,0.0010000000000047748
82537000,-10537,685,127001,-14908,-1183,125575,110,19228,451,1,6309,0.000999999999990564
82538000,282,6746,128155,1291,4208,126902,106,19232,451,0,6310,0.0010000000000047748
82539002,503,4713,124040,-211,2201,119268,85,19219,434,0,6311,0.0010019999999997253
82540000,1831,-6348,124022,-913,-13401,131442,85,19231,348,0,6312,0.0009979999999956135
82541000,2264,2276,125581,-8564,-212,123617,109,19224,446,0,6313,0.0010000000000047748
82542000,-2544,14860,126941,-1950,14692,122765,126,19220,516,1,6314,0.0010000000000047748
82543000,-1994,16194,127062,1092,12958,122273,114,19220,467,1,6315,0.000999999999990564
82544000,1920,1703,122815,-3408,-2089,126409,93,19230,467,1,6316,0.0010000000000047748
82545000,8980,-1529,122798,-1334,-5520,135606,129,19231,381,0,6317,0.0010000000000047748
82546000,11501,5072,124047,14816,1783,109340,129,19233,528,0,6318,0.000999999999990564
82547000,9344,605,126658,8693,-3929,126249,109,19228,446,0,6319,0.0010000000000047748
82548000,3816,-4887,126558,1855,-8591,134326,112,19226,459,1,6320,0.0010000000000047748
82549000,-1989,-2004,125668,2267,-4988,123379,130,19226,532,1,6321,0.000999999999990564
82550000,5101,20437,130497,-1882,17737,120879,109,19231,532,1,6322,0.0010000000000047748
82551000,6375,9349,125326,12457,6814,121610,101,19236,446,1,6323,0.0010000000000047748
82552000,12153,-4597,125282,5367,-8586,126681,101,19222,414,0,6324,0.000999999999990564
82553010,10937,-6906,127786,5030,-10035,127755,107,19231,438,0,6325,0.001010000000007949
82554000,6868,-9089,126463,15017,-14058,130308,105,19229,430,0,6326,0.0009900000000016007
82555000,4095,7693,132141,-992,3242,125153,116,19221,475,1,6327,0.000999999999990564
82556000,-3543,14417,131062,-8055,9378,124299,109,19221,475,1,6328,0.0010000000000047748
82557000,2261,9596,131151,6236,7967,127781,97,19230,446,1,6329,0.0010000000000047748
82558000,4596,-1416,125090,-445,-2135,127656,97,19230,397,1,6330,0.000999999999990564
82559001,11999,-11465,127392,1596,-6054,128603,133,19223,545,0,6331,0.00100100000000225
82560000,10062,1259,129141,15105,-8143,128242,103,19232,422,0,6332,0.0009990000000072996
82561000,-47,-4526,127405,2999,-3877,130611,105,19228,430,0,6333,0.000999999999990564
82562001,167,11204,135221,-15157,2857,128233,148,19228,430,1,6334,0.00100100000000225
82563001,-8075,3138,130590,10034,-946,127698,108,19232,606,1,6335,0.0010000000000047748
82564000,-899,5596,131735,-13788,-4304,128843,108,19230,442,1,6336,0.0009989999999930887
82565000,-13,-5300,129721,-12377,-13684,131113,99,19226,405,0,6337,0.0010000000000047748
82566000,539,-3435,128368,7357,-3425,124108,121,19231,496,0,6338,0.0010000000000047748
82567000,-774,6104,131499,-6587,352,126362,111,19229,455,0,6339,0.000999999999990564
82568000,-11590,-86,131313,-16989,-7120,134198,119,19229,455,1,6340,0.0010000000000047748
82569000,-7879,7051,132875,-14702,3475,124010,109,19221,487,1,6341,0.0010000000000047748
82570000,-12015,11276,130825,-9933,6481,123151,109,19229,446,1,6342,0.000999999999990564
82571000,-1198,12030,131196,-4561,7716,124490,102,19233,418,1,6343,0.0010000000000047748
82572000,-2636,-7123,126078,-8175,-15101,130346,127,19223,520,0,6344,0.0010000000000047748
82573000,-731,-10669,126677,-6408,-7603,133180,97,19229,397,0,6345,0.000999999999990564
82574000,-1830,7065,129093,-6476,2724,123277,107,19229,397,0,6346,0.0010000000000047748
82575001,-5075,3514,126142,-7865,602,126426,139,19227,438,1,6347,0.00100100000000225
82576000,-6967,17990,129363,-10826,11524,122750,139,19226,569,1,6348,0.0009989999999930887
82577000,-7408,2245,126257,-7857,-4344,134822,115,19230,471,1,6349,0.0010000000000047748
82578000,891,1205,124805,-1826,4248,118929,103,19222,422,0,6350,0.0010000000000047748
82579000,-699,6706,126102,-10714,3807,121221,119,19230,487,0,6351,0.000999999999990564
82580000,3313,-4155,123215,8653,-3721,134999,114,19230,487,0,6352,0.0010000000000047748
82581000,-245,-4689,125822,-5699,-12252,125474,114,19229,467,0,6353,0.0010000000000047748
82582000,-3588,3242,125974,-14308,1516,127926,114,19220,467,1,6354,0.000999999999990564
82583000,-2473,27480,131503,3337,23857,116068,142,19230,582,1,6355,0.0010000000000047748
82584000,3859,4049,125070,1461,-2526,125199,104,19232,426,1,6356,0.0010000000000047748
82585000,9622,-150,125060,3837,-5760,127496,113,19227,463,0,6357,0.000999999999990564
82586000,6394,1129,123073,7708,-3549,124955,99,19227,405,0,6358,0.0010000000000047748
82587000,7676,2651,125768,9901,381,122298,110,19225,405,0,6359,0.0010000000000047748
82588000,5202,2236,128413,6797,-573,129146,133,19226,451,1,6360,0.000999999999990564
82589001,2158,3033,126994,-9630,1920,128679,133,19228,545,1,6361,0.00100100000000225
82590000,3350,12646,127648,7175,9837,119455,113,19234,463,1,6362,0.0009989999999930887
82591001,8463,-1218,124926,11853,-5148,128347,97,19229,397,1,6363,0.00100100000000225
82592000,15341,1546,123847,6409,-1537,123957,141,19229,577,0,6364,0.0009990000000072996
82593000,7667,-12702,127724,4906,-16077,133735,111,19229,577,0,6365,0.000999999999990564
82594000,7660,-7588,126450,5894,-11558,128774,110,19228,455,0,6366,0.0010000000000047748
82595002,89,15427,132141,147,11009,124141,110,19226,451,1,6367,0.0010019999999997253
82596000,-336,7939,129290,-4554,3996,129683,123,19231,504,1,6368,0.0009979999999956135
82597000,3146,8436,129033,6098,5734,125946,105,19232,430,1,6369,0.0010000000000047748
82598001,4927,-878,127166,1003,-5643,127883,113,19232,463,0,6370,0.00100100000000225
82599000,10415,-12050,128232,4439,-16473,131364,98,19223,463,0,6371,0.0009989999999930887
82600001,6779,1930,130548,14472,-2193,135921,104,19229,401,0,6372,0.00100100000000225
82601000,1163,-4565,128721,-11218,-9619,126686,104,19229,426,0,6373,0.0009990000000072996
82602000,-3096,22920,133314,-9000,16765,122205,126,19219,516,1,6374,0.000999999999990564
82603000,-4692,-1572,131025,-1786,-1183,137015,112,19228,459,1,6375,0.0010000000000047748
82604000,-4561,1263,128638,4080,-1694,122898,95,19228,389,1,6376,0.0010000000000047748
82605000,4514,-2924,129562,-18171,-9017,133637,144,19228,389,0,6377,0.000999999999990564
82606000,1376,-1334,127745,432,639,124781,107,19230,590,0,6378,0.0010000000000047748
82607003,245,10843,130875,7228,8449,123020,107,19232,438,0,6379,0.0010029999999972006
82608000,-7858,3614,130915,-20123,-3766,133695,110,19225,451,1,6380,0.0009969999999981383
82609005,-10183,-1716,131784,-10224,880,131041,133,19228,545,1,6381,0.001005000000006362
82610002,-8908,11245,131189,-4236,6939,126307,108,19232,442,1,6382,0.0009969999999981383
82611000,-2981,6991,130329,-8014,830,125691,104,19232,442,1,6383,0.0009979999999956135
82612000,-1376,-32,125854,-11276,1024,127264,129,19220,426,0,6384,0.0010000000000047748
82613000,-2279,-3197,126180,-1622,-10356,133128,129,19232,528,0,6385,0.0010000000000047748
82614000,796,3511,126927,-10734,6426,121644,103,19225,422,0,6386,0.000999999999990564
82615000,-6334,10608,131514,-6587,4825,127379,121,19222,496,1,6387,0.0010000000000047748
82616001,-6826,14053,127532,-10824,815,127997,113,19224,463,1,6388,0.00100100000000225
82617000,-4250,2256,126453,-11689,-6318,131290,100,19224,463,1,6389,0.0009989999999930887
82618000,146,700,126542,1389,2278,126145,131,19228,410,0,6390,0.0010000000000047748
82619000,1816,8750,126802,3528,6742,116217,131,19233,537,0,6391,0.0010000000000047748
82620000,-1435,725,124487,-7174,-2716,129731,102,19227,418,0,6392,0.000999999999990564
82621000,548,-1707,126654,-5532,-2854,128587,110,19227,451,0,6393,0.0010000000000047748
82622000,-4195,6126,124721,-3082,7270,121183,154,19227,631,1,6394,0.0010000000000047748
82623000,1023,18347,129206,-3720,12737,122414,107,19227,631,1,6395,0.000999999999990564
82624000,64,-612,123664,9865,-4923,123778,95,19233,438,1,6396,0.0010000000000047748
82625000,8730,-3574,124431,-2910,-8635,129642,95,19222,389,0,6397,0.0010000000000047748
82626000,11287,-3705,122646,12093,-8686,125616,100,19228,410,0,6398,0.000999999999990564
82627003,5039,436,126713,12295,1206,125756,117,19229,479,0,6399,0.0010030000000114114
82628000,5116,-2891,126129,-4682,-8998,127757,124,19219,508,1,6400,0.0009969999999981383
82629000,1250,4574,129529,1075,-384,127613,111,19219,455,1,6401,0.000999999999990564
82630000,6578,8993,126736,11517,5922,133192,99,19228,455,1,6402,0.0010000000000047748
82631000,5349,13984,126168,6509,12310,111512,123,19230,405,0,6403,0.0010000000000047748
82632000,10259,1325,127080,-3569,-5822,131972,123,19225,504,0,6404,0.000999999999990564
82633000,11148,-16418,122701,17165,-17493,132166,96,19229,393,0,6405,0.0010000000000047748
82634000,4134,698,128762,6584,-3363,127942,101,19228,414,0,6406,0.0010000000000047748
82635000,3914,2554,130838,-13742,-480,128126,141,19228,577,1,6407,0.000999999999990564
82636000,1809,20213,131450,9008,17356,118249,112,19229,577,1,6408,0.0010000000000047748
82637000,2634,-1597,128419,4050,-6672,136483,100,19231,459,1,6409,0.0010000000000047748
82638000,7388,-7395,125273,-8861,-9732,124968,100,19223,410,0,6410,0.000999999999990564
82639002,9213,-2668,130313,9224,-4396,134449,121,19230,496,0,6411,0.0010019999999997253
82640000,8355,-7875,127299,24370,-11829,126712,103,19229,422,0,6412,0.0009980000000098244
82641000,1579,4021,135102,-21362,927,127585,112,19229,459,1,6413,0.000999999999990564
82642000,-4057,4501,132863,-8203,1528,136064,119,19221,459,1,6414,0.0010000000000047748
82643000,-10935,6923,130221,9484,4938,118324,97,19228,487,1,6415,0.0010000000000047748
82644000,-1792,3088,130576,-17745,-716,136038,97,19232,397,1,6416,0.000999999999990564
82645000,-942,-7925,127241,-4300,-12154,131050,118,19224,483,0,6417,0.0010000000000047748
82646000,6291,1024,132688,5499,-2081,126885,97,19228,397,0,6418,0.0010000000000047748
82647000,-4804,6245,132690,-9094,3180,124794,107,19228,438,0,6419,0.000999999999990564
82648000,-7122,1933,131278,-15060,-960,132918,145,19228,438,1,6420,0.0010000000000047748
82649000,-9905,5633,130630,-10323,4203,129624,115,19228,594,1,6421,0.0010000000000047748
82650000,-8525,7164,129380,-11045,4298,124906,115,19231,471,1,6422,0.000999999999990564
82651000,-3836,16227,132659,-16505,18441,124842,98,19229,401,0,6423,0.0010000000000047748
82652000,-4485,-1027,123237,-3322,-7310,128785,162,19231,664,0,6424,0.0010000000000047748
82653000,2031,-7812,127931,-3604,-4776,134292,106,19230,434,0,6425,0.000999999999990564
82654000,-2752,2726,125911,-7899,6290,121135,113,19230,434,0,6426,0.0010000000000047748
82655000,-4900,14428,126644,-8628,15922,122822,121,19228,463,1,6427,0.0010000000000047748
82656002,-6337,10367,130094,-12728,-407,128435,121,19225,496,1,6428,0.0010019999999997253
82657000,-2890,351,124700,-1869,-6018,126847,109,19230,446,1,6429,0.0009979999999956135
82658000,2532,330,127563,472,-9330,126967,116,19224,475,0,6430,0.0010000000000047748
82659000,-1260,-830,125688,-3118,334,122248,93,19231,381,0,6431,0.000999999999990564
82660000,3817,6950,126479,-8425,2388,121146,105,19231,381,0,6432,0.0010000000000047748
82661001,-3924,4535,125963,2659,1957,125729,133,19225,430,1,6433,0.00100100000000225
82662000,-5061,7655,125034,-9394,4914,125917,133,19222,545,1,6434,0.0009989999999930887
82663000,-2563,11945,127625,-120,8288,116309,115,19233,471,1,6435,0.0010000000000047748
82664000,4698,13465,124615,9927,6395,119206,94,19227,385,0,6436,0.0010000000000047748
82665000,10554,61,125746,1884,-6791,131243,120,19232,491,0,6437,0.000999999999990564
82666000,8174,-12474,123809,5057,-10922,123039,111,19232,491,0,6438,0.0010000000000047748
82667000,8218,-10487,125641,8981,-11328,132846,112,19230,455,0,6439,0.0010000000000047748
82668000,-1478,4011,126441,10,4595,121380,112,19226,459,1,6440,0.000999999999990564
82669002,4139,17481,127969,-8507,11893,123516,123,19225,504,1,6441,0.0010019999999997253
82670000,6166,977,124896,16731,-2020,129649,106,19229,434,1,6442,0.0009980000000098244
82671000,11866,186,124206,4226,-3801,122012,108,19220,442,0,6443,0.000999999999990564
82672000,9519,-988,127986,6323,-6178,127705,85,19220,442,0,6444,0.0010000000000047748
82673000,6664,-6839,126423,14981,-11165,129764,105,19231,348,0,6445,0.0010000000000047748
82674000,4589,-8347,129532,-6994,-9467,141494,105,19230,430,1,6446,0.000999999999990564
82675000,-2424,5315,129770,-1212,8698,118971,121,19228,496,1,6447,0.0010000000000047748
82676000,922,9497,128707,3663,5275,118430,110,19227,451,1,6448,0.0010000000000047748
82677000,2725,5399,129874,-2924,153,135669,101,19227,414,1,6449,0.000999999999990564
82678000,9274,-15600,123229,3651,-19008,128395,148,19227,606,0,6450,0.0010000000000047748
82679000,10315,-1281,132529,15091,306,127983,104,19226,606,0,6451,0.0010000000000047748
82680000,1586,-6170,129320,1621,-11016,132510,105,19235,426,0,6452,0.000999999999990564
82681000,2754,1910,132698,-15383,486,128266,105,19225,430,1,6453,0.0010000000000047748
82682000,-8201,6277,134381,-2977,2559,133745,140,19224,573,1,6454,0.0010000000000047748
82683002,-7938,2636,128604,899,557,129157,108,19232,442,1,6455,0.0010019999999997253
82684000,301,3784,130637,-15847,278,123849,102,19232,418,0,6456,0.0009979999999956135
82685000,-1547,-12964,127770,656,-17162,132593,108,19221,418,0,6457,0.0010000000000047748
82686000,6354,6620,132004,4481,4251,129405,113,19232,442,0,6458,0.000999999999990564
82687000,-9682,-999,129466,-19039,-4795,128037,113,19228,463,0,6459,0.0010000000000047748
82688009,-5990,2699,133032,-12531,529,127386,125,19221,512,1,6460,0.0010089999999962629
82689000,-8656,5028,128519,-8553,1785,134715,114,19227,467,1,6461,0.000990999999999076
82690002,-7601,7129,128665,-10227,5018,124564,100,19231,410,1,6462,0.0010019999999997253
82691002,-1858,10996,129817,-13323,9909,120815,136,19231,410,0,6463,0.0010000000000047748
82692000,-3722,-5256,124965,-5115,-9184,130777,101,19224,557,0,6464,0.0009979999999956135
82693000,-241,5315,130917,-1794,4175,126460,101,19232,414,0,6465,0.0010000000000047748
82694000,-8077,-2189,125240,-15444,-5763,121795,104,19222,426,1,6466,0.0010000000000047748
82695000,-4687,22952,129612,-8283,16753,122739,142,19229,582,1,6467,0.000999999999990564
82696000,-6334,8848,127567,-4989,11124,130472,116,19231,475,1,6468,0.0010000000000047748
82697000,-3704,-1790,124446,-6145,-5669,123145,103,19231,475,1,6469,0.0010000000000047748
82698000,4915,15067,128292,-1619,15931,119592,106,19228,422,0,6470,0.000999999999990564
82699001,200,778,123166,899,-3150,126049,106,19228,434,0,6471,0.00100100000000225
82700001,6375,-1439,125825,595,-5574,135084,114,19229,467,0,6472,0.0010000000000047748
82701002,-2288,-2341,124183,-2923,2081,119226,122,19219,500,1,6473,0.00100100000000225
82702002,-2328,24646,128158,-4483,12287,117517,119,19232,487,1,6474,0.000999999999990564
82703002,1219,9001,127339,-217,-6848,129374,97,19232,487,1,6475,0.0010000000000047748
82704000,8762,6567,124112,8668,5899,120750,120,19232,397,0,6476,0.0009979999999956135
82705001,9333,660,123704,6554,-5229,125268,120,19234,491,0,6477,0.00100100000000225
82706000,4769,-3527,123549,6799,-2404,121894,104,19227,426,0,6478,0.0009990000000072996
82707001,9285,-1828,126936,933,-15975,135489,112,19225,459,0,6479,0.0010009999999880392
82708000,930,2325,127823,1628,7398,122180,146,19230,598,1,6480,0.0009990000000072996
82709000,4599,11839,131002,4595,7868,125600,111,19230,598,1,6481,0.0010000000000047748
82710000,6835,4434,124912,4241,-7597,125561,95,19235,455,1,6482,0.000999999999990564
82711000,10358,641,126365,-183,-16353,125904,95,19227,389,0,6483,0.0010000000000047748
82712000,11611,-5944,127556,13524,-8862,132365,127,19234,520,0,6484,0.0010000000000047748
82713000,5566,4892,129298,11148,-1737,122463,105,19227,430,0,6485,0.000999999999990564
82714000,5854,-423,129735,-8311,-1610,134093,107,19222,438,1,6486,0.0010000000000047748
82715000,-804,2463,129668,3185,-132,125172,105,19222,438,1,6487,0.000999999999990564
82716000,2842,6566,128924,8614,2807,127674,102,19225,430,1,6488,0.0010000000000047748
82717001,3687,9075,129310,-7671,6192,124318,102,19232,418,1,6489,0.00100100000000225
82718000,9317,-7010,128120,4018,-14135,128565,118,19222,483,0,6490,0.0009989999999930887
82719000,12377,-16112,129689,23359,-19496,138007,93,19232,381,0,6491,0.0010000000000047748
82720000,-3060,-4039,129054,-9741,-9148,127747,102,19226,418,0,6492,0.0010000000000047748
82721000,846,6935,131798,-20910,12100,125330,133,19226,545,1,6493,0.000999999999990564
82722000,-3776,14155,134543,6818,9061,124611,111,19227,545,1,6494,0.0010000000000047748
82723000,-4933,-11219,128765,187,-20520,139015,95,19232,455,1,6495,0.0010000000000047748
82724000,-2720,-8551,127657,-20037,-9773,129362,95,19226,389,0,6496,0.000999999999990564
82725000,-3277,-4170,130052,-2337,-6535,128126,133,19234,545,0,6497,0.0010000000000047748
82726000,1387,4112,130508,8638,3206,128526,108,19229,442,0,6498,0.0010000000000047748
82727000,-7765,9886,130947,-19760,5448,126281,111,19229,455,1,6499,0.000999999999990564
82728000,-8974,-3331,128976,-15877,-7160,136076,128,19224,455,1,6500,0.0010000000000047748
82729000,-8494,11206,130398,-5911,9618,125225,106,19229,524,1,6501,0.0010000000000047748
82730000,-3208,7313,129373,-10217,5726,128125,106,19229,434,1,6502,0.000999999999990564
82731000,-1403,4787,128610,-6885,647,128132,112,19220,459,0,6503,0.0010000000000047748
82732000,-3386,-9219,123476,-7755,-12620,131924,115,19232,471,0,6504,0.0010000000000047748
82733001,-2236,5929,127110,-7399,3847,124143,110,19232,451,0,6505,0.00100100000000225
82734001,-4042,6281,129275,-5115,2432,122731,135,19230,451,1,6506,0.000999999999990564
82735000,-7249,6018,129055,-7930,2322,131448,115,19224,553,1,6507,0.0009990000000072996
82736000,-5766,4970,128427,-15683,1641,126304,115,19233,471,1,6508,0.000999999999990564
82737000,-1332,8149,128024,-189,5570,121877,101,19230,414,0,6509,0.0010000000000047748
82738001,83,7750,124749,1071,4538,129801,139,19234,569,0,6510,0.00100100000000225
82739000,-579,-9611,121630,-7692,-15239,126345,104,19229,426,0,6511,0.0009989999999930887
82740000,2345,4077,128773,-4865,-576,128615,106,19229,426,0,6512,0.0010000000000047748
82741000,459,15553,125777,-800,13275,118509,144,19225,434,1,6513,0.0010000000000047748
82742000,-5359,13710,126129,-1568,10948,127898,144,19228,590,1,6514,0.000999999999990564
82743000,4403,5632,124487,-7420,3428,123816,104,19233,426,1,6515,0.0010000000000047748
82744000,9052,3046,122930,5555,306,124075,100,19223,410,0,6516,0.0010000000000047748
82745000,11825,9220,126879,9852,6878,125161,86,19228,352,0,6517,0.000999999999990564
82746002,6423,-3525,122170,8111,-14977,126780,110,19228,352,0,6518,0.0010019999999997253
82747000,3831,-3190,129665,875,-6095,133509,128,19228,451,1,6519,0.0009980000000098244
82748000,2144,6146,127121,-694,14994,118475,128,19225,524,1,6520,0.000999999999990564
82749000,1032,20952,129287,5119,13141,121998,115,19232,471,1,6521,0.0010000000000047748
82750000,9390,2965,125409,-1426,-3617,124857,95,19230,389,1,6522,0.0010000000000047748
82751000,10674,-2620,125181,6963,-10083,128118,134,19229,549,0,6523,0.000999999999990564
82752000,13604,-11651,126697,17737,-13127,132615,99,19229,549,0,6524,0.0010000000000047748
82753000,4982,-4779,129038,-1745,-3054,124668,102,19232,405,0,6525,0.0010000000000047748
82754000,1840,5934,132271,-9326,316,129416,102,19225,418,1,6526,0.000999999999990564
82755000,-125,13035,131608,7817,5577,126297,130,19232,532,1,6527,0.0010000000000047748
82756000,-3070,7033,129604,-1951,-2922,128224,109,19232,446,1,6528,0.0010000000000047748
82757000,6637,-1594,128358,-38,-12451,125127,102,19225,418,0,6529,0.000999999999990564
82758000,8991,-396,130434,22512,-12330,126577,127,19225,418,0,6530,0.0010000000000047748
82759000,7051,-6562,129339,6453,-9321,135957,111,19231,520,0,6531,0.0010000000000047748
82760000,2011,5871,133268,-24569,5953,119791,111,19229,455,0,6532,0.000999999999990564
82761000,-2136,353,131979,3601,562,137379,122,19220,500,1,6533,0.0010000000000047748
82762000,-10893,-325,129742,1861,-1298,126801,111,19232,455,1,6534,0.0010000000000047748
82763000,-3494,-3101,127900,-27595,-8324,130296,98,19228,401,1,6535,0.000999999999990564
82764001,2369,-5551,129175,5997,-8393,133730,129,19228,401,0,6536,0.00100100000000225
82765000,5317,2587,128961,4241,-617,123888,108,19226,528,0,6537,0.0009990000000072996
82766002,-2051,-1511,129443,-10674,-3832,130097,108,19228,442,0,6538,0.0010019999999997253
82767002,-8797,-756,129771,-14036,-4221,129913,108,19224,442,1,6539,0.000999999999990564
82768000,-8903,1814,128443,-14187,3040,140454,144,19229,590,1,6540,0.0009980000000098244
82769000,-13066,11605,129443,-3823,8067,116080,113,19230,463,1,6541,0.000999999999990564
82770000,-3297,5946,129899,-14722,-56,122867,104,19230,426,1,6542,0.0010000000000047748
82771001,-3882,-2379,127986,-4252,-5829,134234,142,19221,426,0,6543,0.00100100000000225
82772001,-560,-9675,125472,-2191,-12465,127367,100,19236,582,0,6544,0.0010000000000047748
82773000,-2273,5204,126991,-9376,5136,126840,100,19232,410,0,6545,0.0009989999999930887
82774000,-7894,11060,128941,-8326,6859,120594,110,19223,451,1,6546,0.0010000000000047748
82775000,-5165,1179,128023,-7324,-2765,126574,107,19228,438,1,6547,0.000999999999990564
82776000,-7808,2525,126900,-7026,-1462,131923,105,19228,430,1,6548,0.0010000000000047748
82777001,464,5201,124947,-2649,1676,121850,125,19233,430,0,6549,0.00100100000000225
82778000,304,10772,127077,-240,9572,119736,100,19234,512,0,6550,0.0009989999999930887
82779000,2481,-3311,123299,-2267,-7173,128122,100,19230,410,0,6551,0.0010000000000047748
82780000,-380,6214,130163,-908,4106,136359,104,19227,426,0,6552,0.0010000000000047748
82781000,-5164,7691,122488,-5778,4403,119141,143,19225,586,1,6553,0.000999999999990564
82782000,-1096,17801,129094,-5808,15412,118207,114,19230,467,1,6554,0.0010000000000047748
82783001,6509,-1252,121691,2409,-5106,128587,98,19230,467,1,6555,0.00100100000000225
82784000,11685,-6158,122843,7192,-10304,123263,106,19225,401,0,6556,0.0009989999999930887
82785000,10011,4040,124474,10432,730,124039,106,19232,434,0,6557,0.0010000000000047748
82786000,5482,-1194,123726,6126,-5078,122298,112,19228,459,0,6558,0.0010000000000047748
82787000,3794,2957,129162,-1088,447,126911,117,19224,479,1,6559,0.000999999999990564
82788000,1297,4599,128146,1172,515,123657,112,19230,459,1,6560,0.0010000000000047748
82789000,6835,16464,126862,7470,12459,121052,101,19230,459,1,6561,0.0010000000000047748
82790000,6282,2672,125151,7924,1425,123390,118,19231,414,0,6562,0.000999999999990564
82791000,13006,-6434,126754,2360,-10136,135224,118,19221,483,0,6563,0.0010000000000047748
82792003,10448,-9672,127060,16743,-16344,131214,93,19231,381,0,6564,0.0010029999999972006
82793000,3283,1953,127162,4374,6351,123265,101,19228,414,0,6565,0.0009969999999981383
82794001,3544,7060,130381,-6526,1673,129001,132,19222,541,1,6566,0.00100100000000225
82795000,1067,8862,128096,5573,5671,122733,114,19222,541,1,6567,0.0009990000000072996
82796000,4934,5431,130426,2739,-7452,134663,99,19232,467,1,6568,0.000999999999990564
82797000,6309,-1638,127948,-407,-8133,126203,99,19225,405,0,6569,0.0010000000000047748
82798001,10430,-2786,129355,17880,-8607,125962,161,19230,659,0,6570,0.00100100000000225
82799000,4095,-4966,130439,3212,-12032,134705,105,19231,430,0,6571,0.0009989999999930887
82800002,-789,-5334,131632,-19825,-3257,131248,108,19224,442,1,6572,0.0010019999999997253
82801002,-2752,8207,133652,-1790,4980,131396,135,19224,442,1,6573,0.0010000000000047748
82802000,-7438,6946,130563,-1303,6172,123326,104,19228,553,1,6574,0.0009979999999956135
82803003,-4741,-1538,129641,-9282,-8708,131868,104,19230,426,1,6575,0.0010029999999972006
82804002,-1223,-12341,126923,-7527,-19107,132999,109,19222,446,0,6576,0.0009990000000072996
82805000,3216,-3122,129346,-1677,-9079,127861,88,19230,360,0,6577,0.0009979999999956135
82806000,-6651,8631,132852,-7740,9161,126758,111,19227,455,0,6578,0.0010000000000047748
82807000,-6914,7772,131255,-17916,-633,128041,137,19227,455,1,6579,0.0010000000000047748
82808000,-8056,-1407,130003,-7958,-523,134997,117,19222,561,1,6580,0.000999999999990564
82809000,-8191,2848,129363,-11445,746,124916,117,19230,479,1,6581,0.0010000000000047748
82810000,-1238,12467,129107,-2243,6335,124221,96,19228,393,1,6582,0.0010000000000047748
82811000,-5613,-3972,125361,-10412,-8638,131694,148,19225,606,0,6583,0.000999999999990564
82812000,-1900,-11131,125791,-9454,-11700,129919,103,19231,422,0,6584,0.0010000000000047748
82813000,-2676,4608,129142,-7212,8414,124588,109,19231,446,0,6585,0.0010000000000047748
82814000,-3966,9946,128283,-7053,2652,125535,132,19222,446,1,6586,0.000999999999990564
82815000,-6718,13119,125902,-1374,14873,124603,109,19229,541,1,6587,0.0010000000000047748
82816015,-3770,6084,126702,-22996,2381,124364,109,19232,446,1,6588,0.0010149999999953252
82817000,-54,-5340,126340,4252,-9679,127038,105,19227,430,0,6589,0.0009850000000000136
82818000,2123,-3553,124781,5990,-7164,128915,84,19230,344,0,6590,0.0010000000000047748
82819000,-1423,-5170,125079,-9017,-7754,126964,111,19230,455,0,6591,0.0010000000000047748
82820000,-1289,16616,128009,-3852,15645,119278,126,19227,455,1,6592,0.000999999999990564
82821000,-931,10390,125702,-5146,5568,128220,112,19220,516,1,6593,0.0010000000000047748
82822000,-1460,10138,124953,4855,8396,121566,112,19232,459,1,6594,0.0010000000000047748
82823000,5807,6859,123947,-2937,3435,122415,94,19227,385,0,6595,0.000999999999990564
82824000,6378,2788,122972,3484,-462,123434,132,19232,541,0,6596,0.0010000000000047748
82825005,12187,-1114,124213,11484,-3713,128553,117,19225,479,0,6597,0.001004999999992151
82826001,6631,-6308,124619,5432,-9989,131875,119,19225,479,0,6598,0.000996000000000663
82827000,5341,10416,126513,2052,7749,116895,137,19226,487,1,6599,0.0009990000000072996
82828000,4217,3818,129279,6534,1647,127664,137,19229,561,1,6600,0.0010000000000047748
82829000,7222,5110,126477,1487,1966,128331,107,19231,438,1,6601,0.000999999999990564
82830000,9568,5801,125312,4578,2401,123719,101,19224,414,0,6602,0.0010000000000047748
82831000,7081,4397,127730,10502,1616,119591,113,19232,463,0,6603,0.0010000000000047748
82832000,8762,-11048,127024,8993,-13283,138346,103,19232,463,0,6604,0.000999999999990564
82833000,3606,-8659,130001,-2712,-14849,131920,115,19230,422,0,6605,0.0010000000000047748
82834000,2420,14629,133840,1057,10435,128512,115,19223,471,1,6606,0.0010000000000047748
82835000,-1520,18632,129654,4697,16521,115836,109,19225,446,1,6607,0.000999999999990564
82836004,2293,3830,128187,-5587,1838,141082,99,19232,405,1,6608,0.0010040000000088867
82837000,11686,-22293,125026,-4894,-24655,129383,128,19225,524,0,6609,0.000996000000000663
82838000,8236,-7508,130665,21557,-7992,128189,97,19225,524,0,6610,0.000999999999990564
82839000,3981,4987,129911,-1765,3032,124182,102,19228,397,0,6611,0.0010000000000047748
82840000,921,15246,133498,-14796,-787,131616,102,19228,418,1,6612,0.000999999999990564
82841001,-4948,-12120,130366,707,-11460,141907,148,19228,606,1,6613,0.00100100000000225
82842000,-10268,9703,131309,-2472,7926,115254,110,19230,451,1,6614,0.0009990000000072996
82843000,-1258,10639,129829,-19079,-663,128520,97,19226,397,1,6615,0.000999999999990564
82844000,2376,-3348,129209,4014,-9195,127433,115,19226,397,0,6616,0.0010000000000047748
82845000,4175,-5335,130100,4155,-10337,132923,106,19230,471,0,6617,0.0010000000000047748
82846000,-6306,-511,131691,-19631,1071,124297,106,19228,434,0,6618,0.000999999999990564
82847000,-9773,7815,132468,-12010,2119,129272,119,19220,487,1,6619,0.0010000000000047748
82848000,-9022,4493,134663,-5793,206,132894,110,19226,451,1,6620,0.0010000000000047748
82849000,-7112,5606,128706,-10737,111,125308,103,19231,422,1,6621,0.000999999999990564
82850000,-3663,-2191,128746,-11373,-2570,127952,120,19231,422,0,6622,0.0010000000000047748
82851000,-3581,2080,127388,658,-10108,125743,102,19220,491,0,6623,0.0010000000000047748
82852000,-402,1070,125953,849,-10045,132284,102,19232,418,0,6624,0.000999999999990564
82853000,-6262,6396,129064,-18090,6133,125613,108,19224,442,1,6625,0.0010000000000047748
82854000,-6382,9451,129268,-7609,5444,121236,142,19230,582,1,6626,0.0010000000000047748
82855000,-8008,9147,126440,-6064,12104,129147,116,19228,475,1,6627,0.000999999999990564
82856000,-603,-221,122713,-14917,-1240,123819,100,19228,410,1,6628,0.0010000000000047748
82857001,2056,874,124402,5147,-1632,126759,114,19226,410,0,6629,0.00100100000000225
82858000,4524,813,121746,-3508,-3822,124560,106,19231,467,0,6630,0.0009989999999930887
82859000,2239,4559,127187,-8709,1255,121296,106,19226,434,0,6631,0.0010000000000047748
82860000,458,5465,127703,6671,-348,130700,110,19221,451,1,6632,0.0010000000000047748
82861000,-5309,3835,123504,-2396,710,124525,135,19230,553,1,6633,0.000999999999990564
82862001,-1108,16421,126342,-14283,18361,124561,98,19227,401,1,6634,0.00100100000000225
82863000,9399,5369,123612,12825,447,115930,108,19227,401,0,6635,0.0009990000000072996
82864000,8853,6436,124793,16611,-1360,125137,96,19229,442,0,6636,0.000999999999990564
82865000,6888,-10475,125560,-2719,-12448,135357,96,19230,393,0,6637,0.0010000000000047748
82866000,4832,-745,127947,3139,-2023,119334,111,19227,455,0,6638,0.0010000000000047748
82867000,3144,8997,128042,12158,7013,127640,134,19227,549,1,6639,0.000999999999990564
82868000,2448,11715,128190,-3335,8760,121766,111,19227,455,1,6640,0.0010000000000047748
82869000,8816,-1231,124998,1433,-4120,129934,96,19232,455,1,6641,0.0010000000000047748
82870000,10213,-384,125643,12772,-3559,126270,142,19229,393,0,6642,0.000999999999990564
82871000,11652,6241,128367,6000,2821,121369,142,19234,582,0,6643,0.0010000000000047748
82872000,6740,-8041,127733,12350,-11935,135854,104,19228,426,0,6644,0.0010000000000047748
82873001,4348,3485,128666,-2752,-996,129521,105,19224,430,1,6645,0.00100100000000225
82874000,756,13598,133105,-4773,11410,137588,118,19230,483,1,6646,0.0009989999999930887
82875000,1622,13094,128353,6672,10259,113406,105,19230,483,1,6647,0.0010000000000047748
82876000,7569,-884,129572,-1091,-5710,129972,113,19234,430,1,6648,0.000999999999990564
82877000,9452,-13248,126119,1854,-16773,136921,113,19219,463,0,6649,0.0010000000000047748
82878000,12340,-9881,129183,15476,-13149,126473,91,19228,373,0,6650,0.0010000000000047748
82879000,97,10704,132014,8231,8964,128132,102,19228,418,0,6651,0.000999999999990564
82880001,-586,5275,130323,-25047,1135,121903,122,19224,500,1,6652,0.00100100000000225
82881000,-5733,12091,135494,-2396,11061,130187,111,19224,500,1,6653,0.0009990000000072996
82882000,-5413,-1266,131295,5383,-4403,126655,98,19233,455,1,6654,0.000999999999990564
82883000,-1832,-5650,127992,-11648,-10496,129071,98,19229,401,0,6655,0.0010000000000047748
82884001,-2139,-6186,132028,-11721,-9497,126539,147,19227,602,0,6656,0.00100100000000225
82885000,1117,8200,131412,5645,2426,128144,113,19227,463,0,6657,0.0009989999999930887
82886000,-6081,3925,133024,-7087,3343,128738,111,19223,455,0,6658,0.0010000000000047748
82887000,-11619,5859,130568,-22095,4038,123899,133,19223,455,1,6659,0.0010000000000047748
82888000,-7027,5312,129404,-10556,5046,131637,113,19230,545,1,6660,0.000999999999990564
82889000,-3951,11711,130113,-3397,7481,118781,113,19228,463,1,6661,0.0010000000000047748
82890000,146,-1476,128598,-7967,-13307,138714,110,19220,451,0,6662,0.0010000000000047748
82891000,-4333,-9877,123172,-9395,-3366,126507,126,19233,516,0,6663,0.000999999999990564
82892000,-1716,9923,129348,-8632,7566,123784,101,19232,414,0,6664,0.0010000000000047748
82893000,-2990,3106,126891,-2744,1873,132703,120,19232,414,1,6665,0.0010000000000047748
82894000,-11049,10387,128413,-9076,6721,121023,116,19222,491,1,6666,0.000999999999990564
82895000,-5239,-751,128239,-17004,-4424,131747,116,19229,475,1,6667,0.0010000000000047748
82896000,-1518,8990,128499,3417,6899,117545,104,19227,426,0,6668,0.0010000000000047748
82897000,499,-1158,124576,5018,-7571,139942,139,19232,569,0,6669,0.000999999999990564
82898000,-1038,-6415,121276,-10786,-6004,115446,103,19228,422,0,6670,0.0010000000000047748
82899000,-554,7851,126217,-10628,7711,122388,107,19228,422,0,6671,0.0010000000000047748
82900000,-1088,5522,126694,4669,9329,128783,157,19222,438,1,6672,0.000999999999990564
82901000,-3870,9397,125015,-5675,4325,118137,157,19231,643,1,6673,0.0010000000000047748
82902000,5261,-1778,125138,-3314,-4441,135954,112,19231,459,1,6674,0.0010000000000047748
82903000,3689,2049,121922,13316,312,114774,98,19225,401,0,6675,0.000999999999990564
82904000,9518,-594,124386,3678,-5156,128614,93,19229,381,0,6676,0.0010000000000047748
82905000,8054,-2047,124467,4537,-4798,125007,111,19229,455,0,6677,0.0010000000000047748
82906000,2162,824,127453,11882,-7912,128252,122,19227,455,1,6678,0.000999999999990564
82907000,1064,-2843,126773,-8124,2867,127009,110,19221,500,1,6679,0.0010000000000047748
82908000,1882,16391,130187,-641,10367,119766,110,19229,451,1,6680,0.0010000000000047748
82909000,11264,7421,123558,22546,8091,137244,101,19232,414,1,6681,0.000999999999990564
82910000,6652,3295,124182,-5586,-426,111513,125,19225,512,0,6682,0.0010000000000047748
82911000,14755,-16392,127562,6268,-22422,140664,100,19225,410,0,6683,0.0010000000000047748
82912000,6384,-8232,125950,17788,-7529,127937,105,19229,410,0,6684,0.000999999999990564
82913000,1428,6433,131477,-10593,1872,124932,143,19225,430,1,6685,0.0010000000000047748
82914000,395,9174,131049,-2425,5042,131047,143,19228,586,1,6686,0.0010000000000047748
82915000,-755,13226,128317,5020,8916,121764,112,19232,459,1,6687,0.000999999999990564
82916000,5601,-5492,128851,-685,-9225,135192,100,19224,410,0,6688,0.0010000000000047748
82917000,6706,-6176,128290,3865,-9426,121011,132,19224,541,0,6689,0.0010000000000047748
82918000,11966,-5236,129551,14891,-8912,137199,107,19229,541,0,6690,0.000999999999990564
82919000,-179,1934,130814,-709,50,128267,113,19230,438,0,6691,0.0010000000000047748
82920000,1014,11816,133790,-22910,7148,125754,113,19221,463,1,6692,0.0010000000000047748
82921000,-6925,11587,131575,11433,10104,126790,123,19229,504,1,6693,0.000999999999990564
82922002,-3540,-2946,128792,-3625,-6475,128097,100,19232,410,1,6694,0.0010019999999997253
82923001,2445,-16197,128986,-17608,-20735,140543,117,19222,479,0,6695,0.0009990000000072996
82924000,1009,6735,130257,6550,2246,122004,98,19222,479,0,6696,0.0009989999999930887
82925000,-1282,9175,131715,-1404,7411,122565,112,19232,401,0,6697,0.0010000000000047748
82926000,-6796,-1893,131521,-17719,-4223,136716,112,19228,459,1,6698,0.0010000000000047748
82927000,-8149,7383,131056,-11389,3650,127486,140,19225,573,1,6699,0.000999999999990564
82928000,-12342,12331,130829,-7950,8028,130760,115,19228,471,1,6700,0.0010000000000047748
82929000,-2983,15428,131212,-12881,14410,118795,99,19229,405,1,6701,0.0010000000000047748
82930000,-1364,-8534,124441,-7495,-9916,143514,161,19229,405,0,6702,0.000999999999990564
82931000,-2786,-7237,125952,-3080,-10483,122390,113,19230,659,0,6703,0.0010000000000047748
82932000,-437,374,128419,-8959,-1845,126759,113,19232,463,0,6704,0.0010000000000047748
82933000,-3045,17022,129275,-7180,13950,121361,115,19224,471,1,6705,0.000999999999990564
82934000,-6938,19493,126976,-3085,-2238,126625,127,19231,520,1,6706,0.0010000000000047748
82935000,-6683,-7034,125545,-14485,-7919,135531,110,19228,451,1,6707,0.0010000000000047748
82936000,358,11284,128603,-4236,2751,113992,113,19228,451,0,6708,0.000999999999990564
82937001,1225,4133,124297,4153,-1375,128434,101,19224,463,0,6709,0.00100100000000225
82938000,-420,756,125075,-4554,-539,122271,101,19230,414,0,6710,0.0009990000000072996
82939000,2013,355,125051,-4973,1537,127642,113,19232,463,0,6711,0.000999999999990564
82940000,426,11271,125635,883,14810,120425,131,19220,537,1,6712,0.0010000000000047748
82941000,-1326,16601,126983,-3605,11735,119569,112,19230,459,1,6713,0.0010000000000047748
82942000,4934,4365,124615,2564,-3632,129770,97,19230,459,1,6714,0.000999999999990564
82943000,9892,-4643,123579,7250,-10564,126690,119,19228,397,0,6715,0.0010000000000047748
82944000,9890,-10211,124829,7976,-2381,124621,119,19232,487,0,6716,0.0010000000000047748
82945000,6412,915,128389,2207,-10354,123506,107,19231,438,0,6717,0.000999999999990564
82946000,2688,-4542,125292,7923,-14562,135314,110,19223,451,1,6718,0.0010000000000047748
82947001,-2049,8198,129094,-7089,10546,124507,130,19232,532,1,6719,0.00100100000000225
82948000,5127,15427,129045,4616,10229,117792,106,19232,434,1,6720,0.0009989999999930887
82949000,7173,1783,125327,17785,2943,126799,103,19230,434,1,6721,0.0010000000000047748
82950000,11294,-10021,124445,-3557,-16750,129007,95,19221,422,0,6722,0.0010000000000047748
82951000,9288,-11282,125107,12327,-14424,134201,95,19232,389,0,6723,0.000999999999990564
82952000,6365,1633,129057,6957,1733,126537,100,19230,410,0,6724,0.0010000000000047748
82953000,2331,3757,130721,-8153,2446,127853,118,19221,483,1,6725,0.0010000000000047748
82954000,1394,5866,130005,6039,1037,126588,111,19221,455,1,6726,0.000999999999990564
82955000,2247,681,126174,1625,-3676,131904,99,19226,455,1,6727,0.0010000000000047748
82956000,7455,338,125351,-3224,-30,125078,138,19231,405,0,6728,0.0010000000000047748
82957000,10427,-5220,129993,12998,-6737,125880,138,19229,565,0,6729,0.000999999999990564
82958000,4032,-12339,129090,10154,-18801,136534,108,19226,442,0,6730,0.0010000000000047748
82959000,-2041,367,132964,-16292,1199,127553,106,19227,434,0,6731,0.0010000000000047748
82960000,-2754,4878,135234,-9379,442,131326,149,19227,610,1,6732,0.000999999999990564
82961001,-9279,7177,129735,9741,3953,129616,107,19229,610,1,6733,0.00100100000000225
82962000,-2233,-4445,128312,-16524,-9888,128963,101,19234,438,1,6734,0.0009990000000072996
82963000,881,-7953,129629,-11708,-9606,129769,101,19222,414,0,6735,0.000999999999990564
82964000,2633,4565,130705,12637,-713,125304,103,19230,422,0,6736,0.0010000000000047748
82965000,-5178,3911,130163,-11324,746,129635,106,19230,434,0,6737,0.000999999999990564
82966001,-8056,4492,131772,-19432,1279,129796,124,19221,508,1,6738,0.00100100000000225
82967004,-9098,2873,129864,-8453,748,132949,115,19221,508,1,6739,0.0010030000000114114
82968000,-10107,13211,130340,-13461,11461,126030,100,19228,471,1,6740,0.0009959999999864522
82969000,1252,12436,127716,-6866,8898,119755,100,19231,410,1,6741,0.0010000000000047748
82970000,-3423,-7033,125911,-5327,-10717,133294,129,19222,528,0,6742,0.0010000000000047748
82971000,901,-2336,127644,-7448,-5058,129674,97,19234,397,0,6743,0.000999999999990564
82972000,-3949,5286,128619,-6878,3059,124809,102,19232,418,0,6744,0.0010000000000047748
82973000,-6605,10973,128178,-4763,8149,123538,148,19232,418,1,6745,0.0010000000000047748
82974000,-4988,14719,128999,-13052,11049,121949,114,19228,606,1,6746,0.000999999999990564
82975000,-4591,-2405,125698,-1324,-4119,133601,114,19226,467,1,6747,0.0010000000000047748
82976000,-1079,5937,125071,-2494,2996,119920,102,19224,418,0,6748,0.0010000000000047748
82977000,139,7201,127242,-12949,5889,124450,98,19232,401,0,6749,0.000999999999990564
82978000,3078,3570,126677,7950,3439,127175,106,19232,434,0,6750,0.0010000000000047748
82979002,-702,-7621,125387,-324,-10601,136404,117,19232,434,1,6751,0.0010019999999997253
82980000,-4573,10645,128353,-12039,6277,114419,124,19223,479,1,6752,0.0009979999999956135
82981000,-1464,30586,126167,-2670,12785,115817,124,19231,508,1,6753,0.0010000000000047748
82982000,6003,4850,124153,2994,-5415,133888,99,19231,405,1,6754,0.0010000000000047748
82983000,9942,161,124555,2860,-5283,118272,117,19229,479,0,6755,0.000999999999990564
82984000,10360,-54,122747,4832,-5006,128947,101,19223,414,0,6756,0.0010000000000047748
82985000,7150,-449,126427,13636,-4473,125079,109,19223,414,0,6757,0.0010000000000047748
82986000,5235,-2175,126680,1383,-4473,129189,143,19224,446,1,6758,0.000999999999990564
82987000,2938,5518,127248,1345,8164,125985,143,19228,586,1,6759,0.0010000000000047748
82988000,5386,12084,127353,6375,7382,122054,113,19232,463,1,6760,0.0010000000000047748
82989001,8252,-207,125759,5705,-7613,124846,97,19224,397,0,6761,0.00100100000000225
82990002,8096,1899,127443,3011,-12929,123317,123,19236,504,0,6762,0.0010009999999880392
82991000,7150,-13065,126673,14908,-16587,146561,102,19236,418,0,6763,0.0009980000000098244
82992000,3332,-465,130030,-3796,-363,112468,109,19228,418,0,6764,0.000999999999990564
82993000,1559,14709,132467,-6587,7776,126367,110,19221,446,1,6765,0.0010000000000047748
82994000,-2145,9319,130225,8893,5265,130981,110,19228,451,1,6766,0.0010000000000047748
82995000,3509,255,127050,-2590,-4315,124043,104,19231,426,1,6767,0.000999999999990564
82996000,8383,-9704,128316,-915,-8617,133456,118,19219,483,0,6768,0.0010000000000047748
82997000,9256,-4329,128965,22893,-5703,121970,93,19219,381,0,6769,0.0010000000000047748
82998000,6623,-8906,128416,-5824,-13316,138146,106,19230,381,0,6770,0.000999999999990564
82999001,482,6814,133104,-17032,6254,124769,133,19231,434,1,6771,0.00100100000000225
83000000,-5865,5642,131410,4976,1574,135378,133,19220,545,1,6772,0.0009990000000072996
83001001,-7398,-574,130215,-5220,3621,126877,111,19229,455,1,6773,0.00100100000000225
83002002,-2661,4182,129482,-18695,-4666,127663,97,19229,397,1,6774,0.0010009999999880392
83003000,4761,-5233,127989,3845,-6113,138662,142,19229,582,0,6775,0.0009980000000098244
83004000,761,3353,128746,1561,4163,118652,115,19228,582,0,6776,0.000999999999990564
83005000,-1910,-4185,131383,-18216,-6230,135941,117,19232,471,0,6777,0.0010000000000047748
83006000,-9811,4748,131195,-8677,1276,127186,117,19222,479,1,6778,0.0010000000000047748
83007000,-8234,-1811,130024,-10597,-3560,136753,129,19228,528,1,6779,0.000999999999990564
83008000,-7384,11323,132042,-11113,11685,127488,105,19232,430,1,6780,0.0010000000000047748
83009000,-2528,1765,127610,-7134,-1877,123493,113,19217,463,0,6781,0.0010000000000047748
83010000,-2727,-2973,127919,-5409,-6438,131164,118,19217,463,0,6782,0.000999999999990564
83011000,-2669,138,126946,-7034,-3851,123023,107,19226,483,0,6783,0.0010000000000047748
83012000,-1529,4523,128058,-7272,2486,130077,107,19230,438,0,6784,0.0010000000000047748
83013000,-10458,13906,129423,-4011,11269,122406,129,19224,528,1,6785,0.000999999999990564
83014000,-7825,3569,126937,-20087,-222,129657,114,19231,467,1,6786,0.0010000000000047748
83015000,251,12603,129160,541,9897,125972,100,19230,410,1,6787,0.0010000000000047748
83016000,1427,533,123170,52,-2420,124973,147,19230,410,0,6788,0.000999999999990564
83017000,5965,-4158,124082,-589,-8615,125983,108,19240,602,0,6789,0.0010000000000047748
83018000,2011,3379,124714,1994,746,122888,108,19230,442,0,6790,0.0010000000000047748
83019000,-331,954,125206,-5880,-1860,129767,111,19223,455,1,6791,0.000999999999990564
83020000,-6033,21500,128714,-10035,18766,118746,147,19228,602,1,6792,0.0010000000000047748
83021000,2001,10539,125512,-603,8401,123136,105,19230,430,1,6793,0.0010000000000047748
83022000,3334,5011,123194,13018,-174,126973,100,19230,430,0,6794,0.000999999999990564
83023000,10089,4074,123426,-5723,1535,119092,92,19221,410,0,6795,0.0010000000000047748
83024000,11047,1653,125373,11394,-2589,127971,92,19226,377,0,6796,0.0010000000000047748
83025000,5934,2509,127229,13071,-1189,126948,119,19224,487,0,6797,0.000999999999990564
83026008,2855,-12546,126864,-8407,13875,129551,125,19223,512,1,6798,0.0010079999999987876
83027000,2903,15614,129848,6153,16548,119312,111,19227,455,1,6799,0.000992000000010762
83028000,9455,1383,122698,7691,-5245,128849,96,19227,455,1,6800,0.000999999999990564
83029000,11088,7967,127101,9658,6005,121695,135,19230,393,0,6801,0.0010000000000047748
83030000,9547,-4045,126808,3563,-16541,131205,135,19226,553,0,6802,0.0010000000000047748
83031000,8532,-7901,127179,8312,-6517,127637,112,19228,459,0,6803,0.000999999999990564
83032000,2041,825,130476,3283,-7421,131725,106,19227,434,1,6804,0.0010000000000047748
83033000,2532,7881,129792,-63,11558,122740,130,19228,532,1,6805,0.0010000000000047748
83034000,-1040,18491,132334,4415,12751,125548,110,19228,451,1,6806,0.000999999999990564
83035000,3815,-7058,127077,-2623,-13899,134557,106,19231,451,1,6807,0.0010000000000047748
83036000,10394,-8550,128813,5824,-13147,128582,127,19223,434,0,6808,0.0010000000000047748
83037001,11354,-7778,130406,18674,-8408,133660,127,19232,520,0,6809,0.0010009999999880392
83038000,4312,-2252,128402,-764,2020,123744,103,19232,422,0,6810,0.0009990000000072996
83039000,612,11396,134105,-25005,6150,128508,112,19221,459,1,6811,0.0010000000000047748
83040000,-4607,561,131336,4573,-5962,135305,107,19221,438,1,6812,0.000999999999990564
83041000,-8081,6461,131210,576,2255,123396,97,19230,438,1,6813,0.0010000000000047748
83042000,-2415,-6917,129630,-21826,-11869,134118,126,19232,397,0,6814,0.0010000000000047748
83043001,293,-10108,129257,-359,-4576,131225,126,19229,516,0,6815,0.0010009999999880392
83044000,3600,394,131017,5716,-5946,125578,98,19228,401,0,6816,0.0009990000000072996
83045000,-8791,5139,130967,-11668,1267,130325,107,19224,438,0,6817,0.0010000000000047748
83046000,-8517,2327,129269,-20546,1505,126440,147,19224,602,1,6818,0.000999999999990564
83047001,-11103,3430,131247,-6784,513,130849,116,19229,602,1,6819,0.00100100000000225
83048000,-3068,6511,130257,-7542,6415,127953,101,19229,475,1,6820,0.0009990000000072996
83049000,-4490,-1664,126916,-6952,-7939,126840,101,19227,414,0,6821,0.000999999999990564
83050000,-6216,2774,124313,-8619,3351,124783,153,19231,627,0,6822,0.0010000000000047748
83051000,991,459,126973,-7013,-1965,127181,109,19230,446,0,6823,0.0010000000000047748
83052000,-5711,-8747,127465,1383,-10550,132842,119,19230,487,1,6824,0.000999999999990564
83053000,-5330,14135,129798,-13615,9538,116867,113,19224,487,1,6825,0.0010000000000047748
83054000,-10324,8280,127764,-14278,5948,127748,107,19225,463,1,6826,0.0010000000000047748
83055000,609,4041,128414,-1357,-1588,129928,107,19232,438,1,6827,0.000999999999990564
83056001,-459,-6794,122969,2688,-9872,128564,122,19228,500,0,6828,0.00100100000000225
83057000,-1300,-737,124083,-5977,-3406,126157,97,19230,397,0,6829,0.0009990000000072996
83058030,2105,12059,126188,-10087,9493,117985,103,19225,422,0,6830,0.0010300000000000864
83059002,-1983,10859,125973,4193,7143,128231,141,19225,422,1,6831,0.0009719999999902029
83060001,185,8943,124534,-6347,7003,124218,111,19223,577,1,6832,0.0009990000000072996
83061000,-98,-2945,125389,-916,-6100,124939,111,19230,455,1,6833,0.0009989999999930887
83062000,9138,7344,124500,5600,4284,119445,93,19228,381,0,6834,0.0010000000000047748
83063000,9775,2417,122242,6432,-2381,124961,108,19231,442,0,6835,0.0010000000000047748
83064000,5005,-2728,126992,7016,-6585,128896,108,19232,442,0,6836,0.000999999999990564
83065000,5065,-2424,125937,-275,-4841,126130,116,19232,442,0,6837,0.0010000000000047748
83066000,-563,6905,127618,6278,4113,121904,117,19226,475,1,6838,0.0010000000000047748
83067000,5756,16924,130562,886,14735,125468,117,19230,479,1,6839,0.000999999999990564
83068000,8596,3742,123225,4874,-717,125641,103,19231,422,1,6840,0.0010000000000047748
83069000,10241,3502,127126,11159,717,123034,110,19220,451,0,6841,0.0010000000000047748
83070002,10604,-8017,125909,4168,-11453,127937,88,19230,360,0,6842,0.0010019999999997253
83071002,4787,-9037,126773,9678,-12443,132373,101,19230,360,0,6843,0.000999999999990564
83072000,6044,-382,133385,-3295,-2604,131911,128,19223,414,1,6844,0.0009980000000098244
83073000,-383,3816,129087,-3071,-1186,123067,128,19225,524,1,6845,0.000999999999990564
83074001,-121,17736,133188,6895,20343,124885,115,19231,471,1,6846,0.00100100000000225
83075000,5253,-2904,124378,-7651,-19560,136142,98,19228,401,1,6847,0.0009990000000072996
83076000,8150,-13475,127858,5589,-12160,130058,156,19234,639,0,6848,0.000999999999990564
83077001,9026,10097,131479,14753,4872,119278,102,19234,639,0,6849,0.00100100000000225
83078002,271,1482,129566,-2555,-2942,132621,104,19233,418,0,6850,0.00100100000000225
83079000,1990,-372,132493,-10509,-4971,133504,104,19227,426,1,6851,0.0009979999999956135
83080000,-7320,237,131149,4961,-3469,129376,132,19227,541,1,6852,0.0010000000000047748
83081000,-4501,6900,129989,-9844,2607,125255,104,19231,426,1,6853,0.0010000000000047748
83082000,589,3027,131354,-14704,-4233,129204,108,19219,442,0,6854,0.000999999999990564
83083000,-694,-9603,128388,9178,-15091,131403,99,19219,405,0,6855,0.0010000000000047748
83084000,-106,1861,130107,-4050,1717,124578,113,19228,405,0,6856,0.0010000000000047748
83085000,-10102,5577,132073,-26272,1034,134582,134,19228,463,1,6857,0.000999999999990564
83086000,-3517,1770,131377,-3103,-9,123658,134,19224,549,1,6858,0.0010000000000047748
83087003,-11582,11437,130192,-2219,854,127725,119,19228,487,1,6859,0.0010029999999972006
83088000,-4399,7316,129632,-16498,4192,127441,103,19230,422,1,6860,0.0009969999999981383
83089002,-4892,7462,127702,-4902,1481,121923,147,19230,602,0,6861,0.0010019999999997253
83090000,-919,-10486,125904,-1983,-4278,136902,99,19228,602,0,6862,0.0009979999999956135
83091001,-371,5283,128037,-9247,5675,120335,98,19232,405,0,6863,0.00100100000000225
83092003,-5670,3308,126864,-9519,-3777,128256,98,19227,401,1,6864,0.0010019999999997253
83093000,-4099,8608,126726,-11418,7802,124627,136,19230,557,1,6865,0.0009969999999981383
83094000,-6636,8877,128999,-4275,1309,127708,112,19235,459,1,6866,0.0010000000000047748
83095001,-754,2632,123628,2492,2976,126338,108,19235,442,0,6867,0.00100100000000225
83096000,-3210,10221,124739,-14940,4072,114593,81,19220,442,0,6868,0.0009989999999930887
83097006,2857,-1574,126368,2882,-5652,135162,103,19228,332,0,6869,0.0010060000000038372
83098005,1723,3649,124829,7366,1151,121925,103,19230,422,0,6870,0.0009990000000072996
83099000,-2605,-651,124520,-12795,-2845,129753,121,19219,496,1,6871,0.000994999999988977
83100000,-1933,18274,129623,-2476,17683,117750,114,19231,467,1,6872,0.0010000000000047748
83101000,6892,10677,123175,3427,6368,124492,99,19236,405,1,6873,0.0010000000000047748
83102000,7541,-1701,124106,10197,-5540,128865,130,19236,405,0,6874,0.000999999999990564
83103000,9320,-101,123574,4307,-3707,116969,105,19234,532,0,6875,0.0010000000000047748
83104000,7802,-6569,124725,5021,-10232,130951,105,19228,430,0,6876,0.0010000000000047748
83105000,5105,6749,128977,11327,3681,124696,109,19224,446,1,6877,0.000999999999990564
83106000,267,7309,127748,-5575,4086,128722,140,19232,573,1,6878,0.0010000000000047748
83107000,2117,17847,129422,914,14642,121035,111,19233,455,1,6879,0.0010000000000047748
83108001,7455,209,125679,10608,-2000,122876,100,19233,455,1,6880,0.00100100000000225
83109000,12276,-6125,128381,8865,-9408,133139,115,19224,410,0,6881,0.0009989999999930887
83110000,11028,3948,126738,2359,334,124351,115,19235,471,0,6882,0.0010000000000047748
83111000,6888,-5218,129089,13156,-9011,135949,102,19229,418,0,6883,0.000999999999990564
83112000,4509,4334,129706,-472,-133,125079,115,19222,471,1,6884,0.0010000000000047748
83113000,1144,4186,129689,-6645,-633,133473,111,19231,455,1,6885,0.0010000000000047748
83114000,1069,15023,128819,6696,12598,119253,101,19231,455,1,6886,0.000999999999990564
83115001,8461,-3799,126176,130,-5431,126208,128,19229,414,0,6887,0.00100100000000225
83116000,8526,-7430,131129,2236,-9742,133379,128,19223,524,0,6888,0.0009990000000072996
83117000,6559,-6626,129179,13759,-8368,127651,100,19228,410,0,6889,0.000999999999990564
83118000,-584,-1857,130814,-8131,-7897,123136,106,19230,434,0,6890,0.0010000000000047748
83119000,-3748,17891,135388,-10812,19894,125300,146,19226,598,1,6891,0.0010000000000047748
83120000,-6483,-5501,128470,-2368,-11534,141805,112,19226,598,1,6892,0.000999999999990564
83121000,-5115,-673,130910,-1485,-853,120518,97,19237,459,1,6893,0.0010000000000047748
83122000,1377,-7084,128467,-18331,-10908,132340,97,19225,397,0,6894,0.0010000000000047748
83123000,1281,10095,129755,1065,8450,120077,130,19228,532,0,6895,0.000999999999990564
83124001,-2892,1823,130831,7638,-10588,135420,118,19226,483,0,6896,0.00100100000000225
83125000,-6366,-5745,130629,-24035,-6553,130691,124,19218,508,1,6897,0.0009990000000072996
83126000,-13471,14648,131705,-17183,7106,125928,110,19218,451,1,6898,0.000999999999990564
83127000,-5361,12994,131065,-4996,7409,125782,103,19228,451,1,6899,0.0010000000000047748
83128000,-4695,4283,129113,-6213,-1301,126387,122,19232,422,1,6900,0.0010000000000047748
83129000,-3618,-14023,124776,-14975,-14914,136633,122,19217,500,0,6901,0.000999999999990564
83130000,-2851,1853,126682,-6221,5960,118114,100,19233,410,0,6902,0.0010000000000047748
83131000,-1730,12399,128838,-4418,7479,126428,104,19228,426,0,6903,0.0010000000000047748
83132000,-4263,6991,126216,-2318,6413,127026,136,19228,557,1,6904,0.000999999999990564
83133000,-9695,436,125539,-20698,1361,129897,113,19226,557,1,6905,0.0010000000000047748
83134001,-816,1498,126759,-7940,1995,125396,101,19229,463,1,6906,0.00100100000000225
83135000,1237,10385,126567,10679,5282,122260,101,19229,414,0,6907,0.0009989999999930887
83136000,610,-3868,123489,-5049,-5913,128313,112,19231,459,0,6908,0.0010000000000047748
83137000,419,-1704,125339,-7795,-932,127825,109,19232,446,0,6909,0.0010000000000047748
83138000,-528,-839,125012,1274,-4142,128198,113,19232,463,0,6910,0.000999999999990564
83139000,-1911,15917,127630,-2610,14484,118916,137,19223,463,1,6911,0.0010000000000047748
83140001,-2388,16901,127716,-10701,10254,123756,101,19229,561,1,6912,0.00100100000000225
83141000,5240,-2728,122633,7953,-7869,128398,101,19233,414,1,6913,0.0009989999999930887
83142000,6210,7277,124230,8349,10916,122258,107,19227,438,0,6914,0.0010000000000047748
83143000,11115,-2096,122565,-2506,-8573,126240,96,19229,393,0,6915,0.0010000000000047748
83144001,9685,8438,126186,15837,6871,119271,110,19227,451,0,6916,0.00100100000000225
83145001,3958,-8223,126384,2776,-10673,135871,134,19227,451,1,6917,0.000999999999990564
83146000,3391,-4274,128386,-5048,-2352,125589,113,19225,549,1,6918,0.0009990000000072996
83147000,4005,16911,129503,15777,12794,122252,113,19231,463,1,6919,0.000999999999990564
83148002,8687,2257,122124,566,-1695,127704,95,19232,389,0,6920,0.0010019999999997253
83149001,10538,5627,129360,-4339,1990,122284,148,19231,606,0,6921,0.0009990000000072996
83150000,9573,-13955,125334,20512,-17754,138976,102,19229,418,0,6922,0.0009989999999930887
83151004,6158,2834,127535,4766,-341,125734,105,19229,418,0,6923,0.0010040000000088867
83152000,1541,9863,130564,-4921,7080,128056,123,19225,430,1,6924,0.000996000000000663
83153000,5971,14505,132171,2962,11371,127452,123,19225,504,1,6925,0.000999999999990564
83154000,2974,7143,127830,69,3134,126086,106,19234,434,1,6926,0.0010000000000047748
83155000,7377,-8791,130444,263,-12205,133085,106,19220,434,0,6927,0.0010000000000047748
83156000,9135,-5908,127661,9392,-8472,122871,98,19234,401,0,6928,0.000999999999990564
83157000,5088,-9370,127694,17841,-13357,137425,104,19234,401,0,6929,0.0010000000000047748
83158000,2394,3494,133251,-20694,-186,127077,124,19230,426,1,6930,0.0010000000000047748
83159000,-4702,22213,134808,-10451,19287,120674,124,19222,508,1,6931,0.000999999999990564
83160000,-9997,7749,131301,10276,5857,127641,113,19234,463,1,6932,0.0010000000000047748
83161000,-596,-11053,129025,-18825,-13060,135835,94,19233,385,1,6933,0.0010000000000047748
83162000,-2231,-10862,128329,-7609,-18876,141200,137,19231,561,0,6934,0.000999999999990564
83163000,6796,12093,131902,6654,7039,119536,107,19231,561,0,6935,0.0010000000000047748
83164000,-5387,7614,132121,-7816,6295,122702,112,19230,438,0,6936,0.0010000000000047748
83165000,-5435,-5088,130288,-17240,-7817,137457,112,19226,459,1,6937,0.000999999999990564
83166000,-8760,760,129065,-12939,-2264,128979,137,19229,561,1,6938,0.0010000000000047748
83167000,-8512,11538,131556,-5350,3593,115196,111,19229,455,1,6939,0.0010000000000047748
83168000,-1199,13421,129843,-11759,19007,126962,102,19223,418,0,6940,0.000999999999990564
83169000,-5488,-13097,123131,-4111,-22213,142064,131,19223,418,0,6941,0.0010000000000047748
83170000,441,-7410,127327,-7311,-3750,126552,101,19231,537,0,6942,0.0010000000000047748
83171000,-5443,10446,128955,-7396,6560,122492,101,19225,414,0,6943,0.000999999999990564
83172000,-5300,18009,128871,-7028,14958,119261,120,19220,491,1,6944,0.0010000000000047748
83173000,-7059,3252,129968,-12316,-1693,132034,113,19234,463,1,6945,0.0010000000000047748
83174000,-2959,-5112,125007,-2232,-7926,131336,102,19229,418,1,6946,0.000999999999990564
83175000,1248,4410,124333,3050,4783,120434,131,19229,537,0,6947,0.0010000000000047748
83176000,-543,4030,125656,-4485,598,123398,103,19233,537,0,6948,0.0010000000000047748
83177002,5130,-241,125031,-5463,-915,126881,108,19227,422,0,6949,0.0010019999999997253
83178000,-1471,-3984,125355,2786,-408,132375,108,19223,442,1,6950,0.0009979999999956135
83179001,-3477,9792,124688,-14005,14340,116816,153,19229,627,1,6951,0.00100100000000225
83180002,-742,14378,126336,3259,6041,120601,108,19235,442,1,6952,0.00100100000000225
83181002,3994,-1442,122670,10499,-9955,131769,101,19235,414,0,6953,0.000999999999990564
83182002,10359,-3755,125105,1116,-7084,126357,91,19223,414,0,6954,0.0010000000000047748
83183000,5268,-2586,126353,6441,-2827,122707,112,19233,373,0,6955,0.0009979999999956135
83184000,7896,1987,128683,13376,-2298,128544,112,19228,459,0,6956,0.0010000000000047748
83185000,487,-71,124406,3064,-2025,125095,117,19218,479,1,6957,0.0010000000000047748
83186000,2278,8607,128756,-11522,7253,126550,109,19230,446,1,6958,0.000999999999990564
83187001,8289,6929,123716,14077,7417,124679,97,19234,397,1,6959,0.00100100000000225
83188000,11292,3178,125563,11022,-1203,117530,125,19234,397,0,6960,0.0009990000000072996
83189000,11136,-4443,125955,1188,-11284,135111,99,19225,512,0,6961,0.000999999999990564
83190000,6212,-17800,125395,15631,-24514,132633,99,19229,405,0,6962,0.0010000000000047748
83191001,3263,7643,133632,-5358,4271,130026,100,19227,410,1,6963,0.00100100000000225
83192000,-523,5642,129224,-3240,8388,120596,139,19231,569,1,6964,0.0009989999999930887
83193002,-206,8669,132600,6362,4170,126957,114,19229,467,1,6965,0.0010019999999997253
83194002,4269,2706,125994,-6419,-4501,134745,103,19229,467,1,6966,0.0010000000000047748
83195000,11130,-6823,123976,6142,-9370,124419,136,19226,422,0,6967,0.0009979999999956135
83196002,10804,3296,133411,24073,2700,126229,136,19229,557,0,6968,0.0010019999999997253
83197000,1946,-9022,126256,-2384,-14256,127599,103,19230,422,0,6969,0.0009980000000098244
83198003,4527,356,134262,-17100,-2213,134208,109,19223,446,1,6970,0.0010029999999972006
83199000,-8735,2860,131918,3925,390,133252,122,19231,500,1,6971,0.0009969999999981383
83200000,-7870,9272,128757,-2360,6610,121166,101,19231,500,1,6972,0.0010000000000047748
83201001,-581,2605,131167,-20953,-1630,133052,118,19233,414,0,6973,0.0010009999999880392
83202000,1513,-12423,127370,3769,-15807,128588,118,19221,483,0,6974,0.0009990000000072996
83203003,2202,7542,134204,3479,5973,129061,104,19227,426,0,6975,0.0010029999999972006
83204000,-9556,6286,129928,-21103,2510,127053,110,19226,451,0,6976,0.0009969999999981383
83205000,-6565,5270,133054,-10451,2729,129132,144,19229,590,1,6977,0.0010000000000047748
83206000,-9476,3187,129867,-9181,2469,134997,117,19229,590,1,6978,0.0010000000000047748
83207001,-5361,8254,129581,-13750,4280,129443,100,19232,479,1,6979,0.0010009999999880392
83208002,-2828,17171,130493,-5231,18159,114785,100,19227,410,0,6980,0.00100100000000225
83209000,-3348,-6296,124819,-9495,-8870,128703,165,19230,676,0,6981,0.0009980000000098244
83210000,1457,-3740,128023,-3523,-6333,133712,103,19231,422,0,6982,0.000999999999990564
83211000,-7770,1571,125736,-7446,-2519,123211,108,19223,442,1,6983,0.0010000000000047748
83212001,-4355,20982,130293,-13672,18409,122877,127,19223,442,1,6984,0.00100100000000225
83213001,-9642,353,126766,-2907,2644,130274,109,19228,520,1,6985,0.000999999999990564
83214000,-435,6290,125477,-9106,2402,127306,116,19234,446,1,6986,0.0009990000000072996
83215002,1183,10043,126308,-7246,11037,114424,116,19228,475,0,6987,0.0010019999999997253
83216000,1444,2793,123999,6717,-3269,125487,94,19230,385,0,6988,0.0009979999999956135
83217000,5108,-2011,127521,-6419,-9878,134874,107,19229,438,0,6989,0.0010000000000047748
83218000,-4211,4962,125023,-2536,12256,119662,132,19229,541,1,6990,0.000999999999990564
83219001,311,17186,128898,-2955,9731,125942,114,19225,541,1,6991,0.00100100000000225
83220002,801,3424,123371,-4299,-136,124199,97,19229,467,1,6992,0.00100100000000225
83221000,8020,8345,124611,3930,779,124631,97,19229,397,0,6993,0.0009979999999956135
83222000,8601,-3380,122271,6913,-7516,125404,119,19232,487,0,6994,0.0010000000000047748
83223000,7556,1552,125843,14025,-4206,121744,111,19225,455,0,6995,0.0010000000000047748
83224000,4204,-6922,127978,-2365,-13335,131130,113,19225,463,0,6996,0.000999999999990564
83225000,845,5095,127695,-6354,5562,120246,130,19223,463,1,6997,0.0010000000000047748
83226000,6692,14887,132111,17515,7593,134839,106,19228,532,1,6998,0.0010000000000047748
83227000,3388,-3419,120404,-1345,-3906,118806,106,19232,434,1,6999,0.000999999999990564
83228000,11459,3839,128239,-1788,-644,124892,106,19222,434,0,7000,0.0010000000000047748
83229000,9339,-8865,126359,22375,-11354,135292,103,19227,422,0,7001,0.0010000000000047748
83230000,5971,-9534,123725,8356,-9842,124315,109,19227,446,0,7002,0.000999999999990564
83231000,3823,1746,132406,-15341,-1312,131084,121,19226,446,1,7003,0.0010000000000047748
83232000,1254,13147,129570,5468,8828,121822,113,19226,496,1,7004,0.0010000000000047748
83233000,2358,5095,130686,10495,-2225,126861,113,19229,463,1,7005,0.000999999999990564
83234000,-913,2444,129791,-8561,-1312,126985,102,19229,418,1,7006,0.0010000000000047748
83235000,9875,-18478,125109,-1740,-24179,135277,144,19225,590,0,7007,0.0010000000000047748
83236000,5075,-2109,130933,30835,-1036,126722,101,19228,414,0,7008,0.000999999999990564
83237000,3493,-5682,129222,-26216,-12601,132710,102,19228,414,0,7009,0.0010000000000047748
83238001,1657,24372,135080,-9134,25306,116568,140,19225,418,1,7010,0.00100100000000225
83239000,-3165,6995,131404,6868,3929,132797,140,19227,573,1,7011,0.0009989999999930887
83240000,-7181,-17462,127809,-1390,-22230,137379,107,19233,438,1,7012,0.0010000000000047748
83241000,-3453,-7841,129654,-18167,-12018,127894,102,19225,418,0,7013,0.0010000000000047748
83242000,-501,4831,128972,-6258,3726,124673,101,19228,414,0,7014,0.000999999999990564
83243000,-175,5903,132240,4053,3829,126908,107,19228,414,0,7015,0.0010000000000047748
83244000,-4808,6785,130505,-15171,2614,127722,124,19226,438,1,7016,0.0010000000000047748
83245001,-11247,-647,128611,-13797,-4251,134216,124,19222,508,1,7017,0.00100100000000225
83246000,-5815,6595,130784,-9868,4655,125857,115,19233,471,1,7018,0.0009989999999930887
83247000,-5261,12386,131819,-6294,9481,125778,102,19228,418,1,7019,0.0010000000000047748
83248000,-523,1029,125778,-9167,-2345,130418,130,19223,532,0,7020,0.000999999999990564
83249000,-6368,-9799,127190,-8490,-13177,130058,99,19223,532,0,7021,0.0010000000000047748
83250001,16,6080,127401,-4649,3266,126038,104,19233,405,0,7022,0.00100100000000225
83251000,-1263,13557,126505,-5027,10060,119136,104,19226,426,1,7023,0.0009989999999930887
83252000,-8796,9878,130556,-4032,7031,128174,145,19229,594,1,7024,0.0010000000000047748
83253000,-2880,4322,126004,-13582,1753,126036,114,19234,467,1,7025,0.0010000000000047748
83254001,-2763,6910,128922,-2566,4829,120735,103,19228,422,0,7026,0.00100100000000225
83255000,-305,-2515,125631,132,-3442,133415,107,19228,422,0,7027,0.0009989999999930887
83256002,614,-445,122798,-7142,-5354,122710,108,19234,438,0,7028,0.0010019999999997253
83257000,61,10048,128321,-3965,6910,127951,108,19228,442,0,7029,0.0009979999999956135
83258001,-548,13367,125353,-2035,9895,118501,118,19221,483,1,7030,0.00100100000000225
83259000,-1827,15401,126348,-4449,12446,136511,121,19227,496,1,7031,0.0009990000000072996
83260000,3806,-2618,121702,2617,-5656,121709,99,19228,405,1,7032,0.000999999999990564
83261001,10775,8157,124170,-568,-2463,117015,117,19228,479,0,7033,0.00100100000000225
83262002,13693,2361,124167,9263,933,126450,102,19229,479,0,7034,0.00100100000000225
83263002,9636,-6617,123171,15465,-18639,130793,114,19228,418,0,7035,0.0010000000000047748
83264000,4753,-10975,125796,-4535,-5901,133363,114,19225,467,1,7036,0.0009979999999956135
83265000,2178,16953,132472,4408,17622,114370,148,19228,606,1,7037,0.0010000000000047748
83266000,3393,15151,127034,4177,3332,127411,112,19228,459,1,7038,0.000999999999990564
83267000,5723,-870,125945,1974,-7527,124678,96,19228,393,1,7039,0.0010000000000047748
83268000,11334,1406,126418,1606,-7719,127175,124,19225,393,0,7040,0.0010000000000047748
83269000,9743,-5055,126487,19023,-5209,127041,106,19235,508,0,7041,0.000999999999990564
83270000,5109,2315,131015,2297,-1667,124792,106,19233,434,0,7042,0.0010000000000047748
83271000,4215,-8012,129518,-11647,-9937,136022,113,19223,463,1,7043,0.0010000000000047748
83272000,732,16240,132681,13337,14304,121423,109,19230,446,1,7044,0.000999999999990564
83273000,-393,9202,128182,-2213,4458,126339,103,19230,422,1,7045,0.0010000000000047748
83274000,6674,-9615,126810,-7269,-6355,125361,113,19232,422,0,7046,0.0010000000000047748
83275000,10866,-12608,130210,16473,-19009,135351,92,19219,463,0,7047,0.000999999999990564
83276000,8413,-12018,124891,16356,-12033,133916,92,19227,377,0,7048,0.0010000000000047748
83277000,-585,11858,134287,-25927,10934,120390,105,19228,430,0,7049,0.0010000000000047748
83278000,-283,10323,131927,-5187,7142,133397,134,19221,549,1,7050,0.000999999999990564
83279000,-8739,5060,129925,10976,2095,126894,111,19231,455,1,7051,0.0010000000000047748
83280000,-2438,-5413,128999,-22303,-9769,135586,94,19231,455,1,7052,0.0010000000000047748
83281000,-1395,-6595,127225,-5031,-8918,130012,146,19226,385,0,7053,0.000999999999990564
83282000,6065,3109,130035,6760,1443,124018,146,19232,598,0,7054,0.0010000000000047748
83283000,-2268,196,131820,-5874,-3056,133436,106,19229,434,0,7055,0.0010000000000047748
83284000,-6224,-2543,129852,-15565,-6981,127647,113,19221,463,1,7056,0.000999999999990564
83285000,-11612,12045,133398,-18106,8292,131584,135,19228,553,1,7057,0.0010000000000047748
83286000,-10381,8039,128576,-4134,12284,123173,105,19228,553,1,7058,0.0010000000000047748
83287002,-2867,4521,130203,-9640,-933,126287,109,19233,430,1,7059,0.0010019999999997253
83288000,-5959,-7790,124817,-10384,-11999,135909,109,19221,446,0,7060,0.0009979999999956135
83289000,-422,2258,125437,-5696,740,118323,126,19228,516,0,7061,0.0010000000000047748
83290000,-286,5295,130049,-420,2990,131242,108,19229,442,0,7062,0.000999999999990564
83291000,-5955,7436,127296,-4938,4151,122571,127,19221,520,1,7063,0.0010000000000047748
83292000,-6677,7146,128362,-18326,2761,129532,117,19221,520,1,7064,0.0010000000000047748
83293000,-5246,2886,126591,-8748,-143,128874,102,19230,479,1,7065,0.000999999999990564
83294002,2136,12152,125942,6088,8866,117542,102,19228,418,0,7066,0.0010019999999997253
83295000,-1915,-7904,123941,-5436,-10778,134996,141,19232,577,0,7067,0.0009980000000098244
83296000,4388,-7386,124080,1007,-10096,117539,104,19234,426,0,7068,0.000999999999990564
83297001,-1448,13063,128753,-6533,11194,128906,105,19227,430,0,7069,0.00100100000000225
83298000,-3882,21752,124927,-139,19468,115693,144,19227,430,1,7070,0.0009990000000072996
83299000,-1862,9503,128049,-4816,7356,125576,109,19232,590,1,7071,0.000999999999990564
83300000,3556,-3381,123699,-3547,-7525,131948,109,19231,446,1,7072,0.0010000000000047748
83301000,11789,9940,124290,7885,5339,119139,102,19225,418,0,7073,0.0010000000000047748
83302000,10943,3656,125853,17044,2431,124023,86,19230,352,0,7074,0.000999999999990564
83303000,6878,-3715,125603,-1860,-5897,124192,108,19229,442,0,7075,0.0010000000000047748
83304000,3787,-9384,125917,4459,-14680,135960,125,19229,442,1,7076,0.0010000000000047748
83305000,-118,9738,126842,5826,3842,115496,111,19226,512,1,7077,0.000999999999990564
83306000,7216,15664,127207,-3570,14886,122904,111,19227,455,1,7078,0.0010000000000047748
83307002,7463,550,124475,8853,1477,120315,96,19230,393,0,7079,0.0010019999999997253
83308000,12913,2,128417,3091,-6358,137614,134,19227,549,0,7080,0.0009979999999956135
83309000,10163,-13507,126627,13558,-15885,126121,100,19228,410,0,7081,0.0010000000000047748
83310000,3266,125,130022,9892,-6633,129367,103,19228,422,0,7082,0.0010000000000047748
83311000,1158,7661,131798,-12702,5334,129407,126,19226,422,1,7083,0.000999999999990564
83312000,559,13564,130187,3117,8559,122204,109,19230,516,1,7084,0.0010000000000047748
83313000,2565,3554,129586,7313,3344,135278,109,19234,446,1,7085,0.0010000000000047748
83314000,7176,-8664,125717,-4937,-10133,125530,103,19225,422,0,7086,0.000999999999990564
83315000,10200,-6522,128420,23025,-8159,130188,121,19230,496,0,7087,0.0010000000000047748
83316000,5727,-4682,127117,-590,-10572,131911,105,19230,430,0,7088,0.0010000000000047748
83317000,359,4540,134219,-19133,6983,126093,119,19228,430,1,7089,0.000999999999990564
83318000,-5164,6724,135418,6335,-3648,134199,106,19218,487,1,7090,0.0010000000000047748
83319000,-9672,-1361,128205,-6003,-3598,124819,106,19228,434,1,7091,0.0010000000000047748
83320001,-1377,2943,134688,-20321,-3677,135007,96,19231,393,1,7092,0.0010009999999880392
83321000,-288,-8793,124317,4754,-8280,128790,126,19220,516,0,7093,0.0009990000000072996
83322002,4971,5565,130055,1124,678,124298,101,19227,414,0,7094,0.0010019999999997253
83323000,-5806,751,129891,-14770,-3823,128909,110,19227,414,0,7095,0.0009979999999956135
83324000,-7476,-2245,128840,-11605,-4302,134558,153,19223,451,1,7096,0.0010000000000047748
83325000,-9479,6972,132043,-7232,10360,126729,153,19228,627,1,7097,0.0010000000000047748
83326000,-9804,7379,130508,-10561,5847,123889,112,19228,459,1,7098,0.000999999999990564
83327000,-1698,2660,128895,-10476,-1140,128571,101,19225,414,1,7099,0.0010000000000047748
83328001,-6360,-4155,125477,-6995,-8220,128622,164,19232,672,0,7100,0.00100100000000225
83329000,2029,-2779,127789,-4157,-3245,130287,105,19232,672,0,7101,0.0009989999999930887
83330000,-5555,2164,125769,-5935,403,125336,113,19232,430,0,7102,0.0010000000000047748
83331001,-7275,15713,130032,-16731,11541,116370,113,19218,463,1,7103,0.00100100000000225
83332000,-3087,10517,129197,-5874,2989,131789,109,19230,446,1,7104,0.0009989999999930887
83333000,-7856,1347,124339,-6929,825,125015,105,19229,430,1,7105,0.0010000000000047748
83334000,1376,7896,127539,-11101,3617,122495,123,19225,504,0,7106,0.0010000000000047748
83335000,-126,529,123485,9799,-818,122022,109,19225,504,0,7107,0.000999999999990564
83336000,6343,-1448,125650,-6704,-5399,132895,113,19231,446,0,7108,0.0010000000000047748
83337001,-3580,-6317,125060,-4903,-7026,128601,113,19229,463,1,7109,0.00100100000000225
83338000,-1074,21440,128527,-4278,19040,115610,144,19223,590,1,7110,0.0009989999999930887
83339000,1992,7308,124847,-2935,3483,128498,112,19229,459,1,7111,0.0010000000000047748
83340000,3251,2205,124063,8635,-1930,122763,97,19227,397,0,7112,0.000999999999990564
83341000,9322,-365,122918,-2740,-3756,123767,111,19227,397,0,7113,0.0010000000000047748
83342000,5839,8299,124894,8434,6900,117858,111,19232,455,0,7114,0.0010000000000047748
83343000,6798,-4097,128652,7850,-8081,130391,111,19228,455,0,7115,0.000999999999990564
83344000,1950,-4853,125771,977,-8517,130604,115,19222,471,1,7116,0.0010000000000047748
83345000,4068,18444,131426,-5056,17020,120842,113,19232,463,1,7117,0.0010000000000047748
83346000,5921,4852,126326,14999,1326,129824,104,19232,426,1,7118,0.000999999999990564
83347000,10899,4972,125334,8586,1813,119009,113,19232,426,0,7119,0.0010000000000047748
83348000,10033,-5759,127212,-2994,-8583,132009,93,19222,463,0,7120,0.0010000000000047748
83349000,6913,-7616,126176,12286,-9563,126902,93,19233,381,0,7121,0.000999999999990564
83350000,7157,-3517,129562,4991,-5999,126195,104,19227,426,0,7122,0.0010000000000047748
83351000,-950,11924,132314,-4611,7990,131454,127,19224,520,1,7123,0.0010000000000047748
83352000,-1004,5213,127954,2585,3705,123408,111,19228,455,1,7124,0.000999999999990564
83353000,3670,5396,128978,5222,2691,129343,97,19228,397,1,7125,0.0010000000000047748
83354003,9015,-4967,127688,-4462,-2875,130082,155,19227,397,0,7126,0.0010029999999972006
83355000,13921,-2303,129751,10271,-15405,126429,104,19235,635,0,7127,0.0009969999999981383
83356000,1776,-3634,128785,14827,-4005,131479,104,19228,426,0,7128,0.0010000000000047748
83357000,777,-4323,131566,-18767,-8040,130106,108,19223,442,1,7129,0.0010000000000047748
83358000,-6680,12378,133496,-12902,8554,126056,133,19230,545,1,7130,0.000999999999990564
83359000,-7138,2599,131855,9895,498,131765,103,19230,422,1,7131,0.0010000000000047748
83360000,-2770,-292,127530,-10931,-11648,125590,107,19232,422,1,7132,0.0010000000000047748
83361000,-2145,-3010,128484,-6335,-8094,128370,87,19220,438,0,7133,0.000999999999990564
83362000,4554,-932,129854,14428,207,126544,87,19229,356,0,7134,0.0010000000000047748
83363000,-4456,8651,132014,-15942,988,126306,109,19227,446,0,7135,0.0010000000000047748
83364001,-8372,4531,130645,-22778,1419,133356,133,19228,545,1,7136,0.00100100000000225
83365000,-6239,546,128979,-8042,1888,128916,117,19228,479,1,7137,0.0009989999999930887
83366000,-4551,10846,131465,-1857,4529,125389,97,19229,479,1,7138,0.0010000000000047748
83367000,-954,15336,125167,-9916,11442,118864,140,19229,397,0,7139,0.000999999999990564
83368000,-4796,-9312,123793,-12664,-8986,131284,140,19223,573,0,7140,0.0010000000000047748
83369000,2463,-4122,128474,-570,-3554,128943,101,19229,414,0,7141,0.0010000000000047748
83370001,-3059,12004,126031,-4688,10743,119169,106,19228,434,1,7142,0.00100100000000225
83371000,-9019,10882,129739,-13287,6530,125479,139,19231,569,1,7143,0.0009989999999930887
83372000,-5599,2349,128260,-12679,-2135,132381,110,19231,569,1,7144,0.0010000000000047748
83373000,-273,1825,124600,-2472,1731,124521,103,19232,451,1,7145,0.000999999999990564
83374000,3159,10140,127684,4897,7631,120306,103,19221,422,0,7146,0.0010000000000047748
83375000,438,234,122059,-4593,-4213,124504,83,19232,340,0,7147,0.0010000000000047748
83376000,2012,-1098,124727,-8096,-5383,131881,110,19228,451,0,7148,0.000999999999990564
83377000,-823,1278,126297,1316,4355,125411,125,19222,512,1,7149,0.0010000000000047748
83378000,-1342,13241,128859,-4844,8195,121794,112,19222,512,1,7150,0.0010000000000047748
83379000,-1266,15591,124520,4118,11456,119760,97,19229,459,1,7151,0.000999999999990564
83380000,6558,140,122481,20,-1923,126228,97,19228,397,0,7152,0.0010000000000047748
83381000,9510,-4250,123881,5368,-8321,126983,127,19233,520,0,7153,0.0010000000000047748
83382000,8535,2848,127304,16426,-740,121488,109,19225,446,0,7154,0.000999999999990564
83383000,5632,-4152,125913,-1319,-7457,129401,112,19226,459,0,7155,0.0010000000000047748
83384000,2178,-288,131029,1820,-3739,133970,144,19226,459,1,7156,0.0010000000000047748
83385000,4513,11197,129058,5380,7419,128592,109,19228,590,1,7157,0.000999999999990564
83386001,7438,11054,126374,7046,7694,121540,109,19229,446,1,7158,0.00100100000000225
83387003,10226,9301,129404,3232,6866,121249,97,19220,397,0,7159,0.0010019999999997253
83388000,11259,-10558,122960,3135,-14649,134118,118,19228,483,0,7160,0.0009969999999981383
83389000,6798,-9718,127857,21381,-13058,132144,105,19230,430,0,7161,0.0010000000000047748
83390000,4774,-2828,131131,-3992,-7185,130468,113,19230,430,1,7162,0.0010000000000047748
83391000,-65,17714,133459,-8513,15302,120743,108,19227,463,1,7163,0.000999999999990564
83392000,1740,14697,130680,7199,13134,125642,108,19224,442,1,7164,0.0010000000000047748
83393000,989,-4802,128590,-9,-7378,130955,101,19226,414,1,7165,0.0010000000000047748
83394000,8219,-9312,127022,-3392,-12537,129188,127,19219,520,0,7166,0.000999999999990564
83395000,10236,-8351,129362,20539,-11028,133877,105,19229,430,0,7167,0.0010000000000047748
83396000,4461,1318,131793,6621,-2194,126267,106,19229,430,0,7168,0.0010000000000047748
83397005,3224,13536,135672,-27675,12817,123797,141,19226,434,1,7169,0.001004999999992151
83398000,-10075,2949,130999,8489,2096,129876,141,19230,577,1,7170,0.0009950000000031878
83399000,-7629,-5928,128086,2531,-5773,128757,113,19231,463,1,7171,0.0010000000000047748
83400000,-2306,-8633,128603,-28767,-14039,131638,97,19231,397,0,7172,0.000999999999990564
83401000,1202,3211,131036,5622,1670,120445,121,19229,496,0,7173,0.0010000000000047748
83402000,2038,5442,129954,1700,-2387,131230,106,19229,434,0,7174,0.0010000000000047748
83403000,-6876,-514,131402,-13506,874,125876,112,19227,434,0,7175,0.000999999999990564
83404000,-7475,6730,128733,-14626,4411,133397,115,19222,459,1,7176,0.0010000000000047748
83405000,-12129,7840,130050,-10565,9217,128381,115,19229,471,1,7177,0.0010000000000047748
83406000,-2279,17701,131219,-8281,10134,117574,106,19233,434,1,7178,0.000999999999990564
83407001,-3420,-5457,125254,-12636,-12263,135507,117,19218,479,0,7179,0.00100100000000225
83408000,-1787,-7800,125292,-3060,-9203,124980,93,19218,381,0,7180,0.0009990000000072996
83409000,1477,475,126518,-10569,84,128414,101,19234,381,0,7181,0.000999999999990564
83410000,-6374,12203,128529,-5306,11560,120898,133,19229,414,1,7182,0.0010000000000047748
83411000,-6093,16667,129138,-13616,8771,124970,133,19228,545,1,7183,0.0010000000000047748
83412000,-7787,-2583,126467,-10193,-1571,130769,116,19231,475,1,7184,0.000999999999990564
83413000,280,119,125891,3811,-3655,119055,101,19228,414,0,7185,0.0010000000000047748
83414001,-1346,-1249,127168,-5845,-2516,138029,114,19228,467,0,7186,0.00100100000000225
83415000,3230,-835,120071,-2833,1181,114800,107,19231,467,0,7187,0.0009989999999930887
83416001,1045,9130,128298,-2119,4980,128706,113,19229,438,0,7188,0.00100100000000225
83417000,-2565,6822,124333,-568,5411,125295,113,19221,463,1,7189,0.0009990000000072996
83418002,-2907,14879,126816,-6025,13093,122010,137,19227,561,1,7190,0.0010019999999997253
83419001,1292,5447,126795,2820,2755,127007,102,19231,418,1,7191,0.0009989999999930887
83420000,10290,1910,123932,8147,463,118930,106,19227,434,0,7192,0.0009990000000072996
83421000,9027,-786,125362,6715,-5373,133049,93,19227,434,0,7193,0.000999999999990564
83422000,8047,-12726,122607,6020,-13606,124841,111,19228,381,0,7194,0.0010000000000047748
83423000,2646,1462,126682,7748,-1519,129028,111,19222,455,1,7195,0.0010000000000047748
83424000,-326,11580,128004,-8066,12889,123199,132,19225,541,1,7196,0.000999999999990564
83425003,4811,12553,128590,6163,8456,119081,113,19230,463,1,7197,0.0010029999999972006
83426002,8777,-4607,125745,12810,-10452,135931,95,19230,389,1,7198,0.0009990000000072996
83427000,11076,4266,125911,-2650,2719,118254,148,19230,389,0,7199,0.0009979999999956135
83428002,10379,-7113,128583,12356,-11714,134692,102,19230,606,0,7200,0.0010019999999997253
83429000,6357,-8829,127862,11875,-11485,130674,102,19232,418,0,7201,0.0009980000000098244
83430000,1613,7653,131129,-9775,6620,131471,107,19225,438,1,7202,0.000999999999990564
83431000,-1252,10938,128647,348,7170,125035,126,19231,516,1,7203,0.0010000000000047748
83432000,3678,16686,130413,9259,12729,120100,106,19231,434,1,7204,0.0010000000000047748
83433000,7826,-7297,125355,-1965,-10813,137491,109,19231,434,0,7205,0.000999999999990564
83434000,9126,-8860,129669,3146,-11988,124726,109,19216,446,0,7206,0.0010000000000047748
83435000,7626,691,130293,17124,-4323,128844,109,19230,446,0,7207,0.0010000000000047748
83436000,1315,-3257,130221,-5466,-5857,131860,107,19230,438,0,7208,0.000999999999990564
83437000,-1663,9395,133754,-18626,6049,126345,124,19220,508,1,7209,0.0010000000000047748
83438000,-7682,1676,131382,6408,-728,132744,110,19230,451,1,7210,0.0010000000000047748
83439001,-3207,8071,130448,-8657,4216,123495,95,19230,451,1,7211,0.0010009999999880392
83440000,835,-8652,130030,-14093,-12560,132258,137,19231,389,0,7212,0.0009990000000072996
83441000,1029,-10645,126872,9766,-15031,129247,137,19229,561,0,7213,0.0010000000000047748
83442000,-1685,2744,130037,-7936,-1600,126846,105,19226,430,0,7214,0.000999999999990564
83443000,-10891,8462,131316,-20640,6276,124017,113,19223,463,1,7215,0.0010000000000047748
83444002,-5640,8151,131933,-8697,6163,127163,139,19229,569,1,7216,0.0010019999999997253
83445000,-11470,836,128861,-7590,-3386,135921,111,19229,455,1,7217,0.0009979999999956135
83446000,-1872,11397,130593,-11688,10611,119422,103,19231,455,1,7218,0.0010000000000047748
83447000,-3650,-4436,125100,-6616,-4115,136226,132,19219,422,0,7219,0.0010000000000047748
83448001,-1117,1773,129153,-4719,2464,124109,132,19235,541,0,7220,0.0010009999999880392
83449000,-1199,256,125111,-2743,-6392,130349,105,19232,430,0,7221,0.0009990000000072996
83450002,-8429,13225,128586,-13418,7173,117079,120,19220,491,1,7222,0.0010019999999997253
83451000,-4992,7845,128282,-15114,-7270,131021,115,19220,471,1,7223,0.0009979999999956135
83452000,-8687,6898,125636,1276,8945,120762,102,19228,471,1,7224,0.0010000000000047748
83453000,581,7307,127553,-10044,1135,126277,129,19232,418,0,7225,0.0010000000000047748
83454000,-2259,-6944,124157,2769,-11633,128395,129,19229,528,0,7226,0.000999999999990564
83455001,3511,-491,123971,-6453,-7038,129015,104,19228,426,0,7227,0.00100100000000225
83456000,-1280,-2206,127139,2009,1245,125864,110,19228,451,0,7228,0.0009990000000072996
83457000,-2439,19963,129542,-3934,10911,117520,153,19228,627,1,7229,0.000999999999990564
83458000,-956,7143,125289,-6056,-1618,129217,110,19224,627,1,7230,0.0010000000000047748
83459000,579,7496,125863,1939,9283,121266,96,19228,451,1,7231,0.0010000000000047748
83460000,12704,3788,124071,13,-7895,125163,96,19227,393,0,7232,0.000999999999990564
83461000,9795,3675,121293,22463,2770,120398,102,19228,418,0,7233,0.0010000000000047748
83462000,6222,-9806,125131,-5908,-15034,134442,120,19228,491,0,7234,0.0010000000000047748
83463000,7258,-6985,125800,1280,-390,125328,125,19219,512,1,7235,0.000999999999990564
83464000,2729,26202,131185,13617,21433,117970,110,19219,512,1,7236,0.0010000000000047748
83465000,4365,3098,125697,-2371,-5884,129762,101,19230,451,1,7237,0.000999999999990564
83466000,6990,-5511,125805,-599,-7585,123010,101,19230,414,1,7238,0.0010000000000047748
83467000,13807,-7230,126197,10750,-10585,131830,118,19224,483,0,7239,0.0010000000000047748
83468000,8677,-75,126247,15994,-5214,124955,97,19231,397,0,7240,0.000999999999990564
83469000,2737,-481,128103,-3470,-4224,127359,105,19225,430,0,7241,0.0010000000000047748
83470000,4925,2471,130444,-9964,-1715,133332,137,19225,430,1,7242,0.0010000000000047748
83471021,-407,8162,131032,13126,6359,127330,112,19227,561,1,7243,0.0010209999999943875
83472001,2279,5273,130698,-100,-59,125876,112,19229,459,1,7244,0.0009799999999984266
83473000,7507,4789,127588,-9181,-3341,123673,96,19227,393,0,7245,0.0009990000000072996
83474000,7687,-18447,126498,21168,-20303,136059,142,19233,582,0,7246,0.000999999999990564
83475000,7432,-5901,128078,9454,-8694,129397,110,19228,451,0,7247,0.0010000000000047748
83476000,-1997,8198,132470,-18042,7667,120290,112,19228,451,0,7248,0.0010000000000047748
83477002,-2045,15072,131976,-4986,10798,126099,135,19222,459,1,7249,0.0010019999999997253
83478000,-4578,-5890,131010,-24,-9171,138176,135,19228,553,1,7250,0.0009979999999956135
83479001,-4411,-5834,128314,-8336,-9994,132381,103,19230,422,1,7251,0.00100100000000225
83480000,1298,-1122,129137,-12976,-4708,125727,110,19220,451,0,7252,0.0009989999999930887
83481000,2388,5721,129529,7697,2088,126890,91,19229,373,0,7253,0.0010000000000047748
83482000,-1574,3361,130275,-5091,-783,129530,106,19229,373,0,7254,0.0010000000000047748
83483000,-8564,2211,130355,-22485,-538,130445,135,19230,434,1,7255,0.000999999999990564
83484000,-8939,1726,132731,-8057,-995,134445,135,19225,553,1,7256,0.0010000000000047748
83485000,-9523,15090,131792,-7443,12985,121534,113,19233,463,1,7257,0.0010000000000047748
83486000,-639,2563,128809,-9202,1606,131280,96,19228,393,1,7258,0.000999999999990564
83487000,-4054,-3875,125915,-6852,-8272,126216,153,19224,627,0,7259,0.0010000000000047748
83488002,-2800,-4898,126429,-5348,-8166,131286,103,19224,422,0,7260,0.0010019999999997253
83489000,-1200,9721,127439,-6588,5693,119154,105,19228,422,0,7261,0.0009979999999956135
83490000,-6577,8494,130436,-9471,7963,130466,130,19225,430,1,7262,0.0010000000000047748
83491000,-4151,4989,126311,-9730,-545,128084,130,19227,532,1,7263,0.0010000000000047748
83492000,-4488,9343,128865,-6296,7667,123101,108,19232,442,1,7264,0.000999999999990564
83493000,-883,8887,125337,-790,3390,130190,109,19220,446,0,7265,0.0010000000000047748
83494001,1449,808,124258,-6504,-910,130045,87,19220,356,0,7266,0.00100100000000225
83495000,810,-4532,126594,-5012,-8780,126313,107,19226,356,0,7267,0.0009989999999930887
83496000,3118,14969,126641,-2037,5668,117794,129,19227,438,0,7268,0.0010000000000047748
83497000,-5302,2767,125849,3522,3870,131585,129,19221,528,1,7269,0.0010000000000047748
83498000,-1151,8158,126196,-5750,9186,121252,112,19228,459,1,7270,0.000999999999990564
83499000,7404,10320,124265,-8761,2379,127639,94,19232,385,1,7271,0.0010000000000047748
83500000,9592,5467,124575,18437,4170,118136,118,19232,483,0,7272,0.0010000000000047748
83501000,11034,-6522,123902,7556,-22665,131454,108,19234,483,0,7273,0.000999999999990564
83502000,4145,-8540,125827,-205,-11055,125738,112,19227,442,0,7274,0.0010000000000047748
83503000,5091,5484,128326,6151,4671,127479,112,19224,459,1,7275,0.0010000000000047748
83504000,-66,12822,130219,19,14420,121070,129,19230,528,1,7276,0.000999999999990564
83505000,6138,16282,126544,87,8467,121025,108,19233,442,1,7277,0.0010000000000047748
83506000,8252,-6478,123639,9327,-9790,131168,103,19220,422,0,7278,0.0010000000000047748
83507000,11598,-4204,126206,9804,-9813,124406,106,19220,422,0,7279,0.000999999999990564
83508000,8012,-5297,126538,8826,-6787,130276,107,19232,434,0,7280,0.0010000000000047748
83509000,7302,-3890,129814,116,-2667,125184,107,19229,438,0,7281,0.0010000000000047748
83510000,2275,3750,131748,-425,-1780,130719,118,19221,483,1,7282,0.000999999999990564
83511000,-1745,15710,130310,-353,9937,126032,112,19232,459,1,7283,0.0010000000000047748
83512006,2551,1670,127346,-4190,-5260,127013,99,19225,405,1,7284,0.0010060000000038372
83513000,8129,-2454,130206,13109,-5790,126630,136,19225,405,0,7285,0.0009939999999915017
83514002,13276,-8944,127985,14636,-11337,130578,100,19228,557,0,7286,0.0010019999999997253
83515000,3956,-7832,129448,2948,-10927,133166,100,19230,410,0,7287,0.0009980000000098244
83516000,1625,8310,131864,-19158,8809,123271,101,19228,414,1,7288,0.000999999999990564
83517000,-6666,12610,131911,1330,8794,129549,151,19230,618,1,7289,0.0010000000000047748
83518000,-8159,2677,129561,919,11,129533,108,19230,442,1,7290,0.0010000000000047748
83519001,-1432,-14538,127712,-19100,-20778,132737,100,19230,442,1,7291,0.00100100000000225
83520002,3214,-5753,130196,-2014,-9068,128535,123,19223,410,0,7292,0.0010009999999880392
83521000,3864,9694,129429,7876,7495,122000,123,19227,504,0,7293,0.0009980000000098244
83522000,-5344,-4444,130879,-13439,-6980,135740,113,19227,463,0,7294,0.000999999999990564
83523001,-7087,-1022,129581,-20848,-2248,130400,122,19223,500,1,7295,0.00100100000000225
83524000,-10327,6809,128684,-6212,6115,133869,114,19226,467,1,7296,0.0009990000000072996
83525001,-4527,21033,131507,-4131,17908,116285,101,19226,467,1,7297,0.00100100000000225
83526002,-4643,2825,128592,-7647,-919,128177,129,19230,414,0,7298,0.0010009999999880392
83527000,-177,-11056,125139,-13498,-14385,133129,129,19221,528,0,7299,0.0009980000000098244
83528000,-1290,1536,127645,49,-1268,126257,97,19229,397,0,7300,0.000999999999990564
83529000,-4846,10946,128673,-4607,6637,121415,101,19227,414,0,7301,0.0010000000000047748
83530000,-5405,10543,128711,-9870,7293,125100,143,19227,586,1,7302,0.0010000000000047748
83531000,-10005,-1029,128037,-14402,-2399,133091,112,19227,586,1,7303,0.000999999999990564
83532000,2406,4433,127678,-4403,931,124439,102,19230,459,1,7304,0.0010000000000047748
83533000,-2460,11730,127958,4876,10461,117540,102,19221,418,0,7305,0.0010000000000047748
83534000,3581,-7431,124102,-8094,-10268,132982,111,19232,455,0,7306,0.000999999999990564
83535000,645,1293,124964,-1776,-1946,123688,107,19228,438,0,7307,0.0010000000000047748
83536000,-642,9122,126005,-1538,5835,129758,113,19219,463,1,7308,0.0010000000000047748
83537000,-3404,21421,127024,-4388,20811,113072,124,19219,508,1,7309,0.000999999999990564
83538000,-1005,7417,125352,-1503,3407,125184,99,19229,508,1,7310,0.0010000000000047748
83539000,10232,-7137,121816,161,-13096,131496,118,19231,405,0,7311,0.0010000000000047748
83540000,7723,6066,124524,11087,1958,119512,118,19230,483,0,7312,0.000999999999990564
83541000,9072,-1872,124549,4044,-1857,125727,111,19229,455,0,7313,0.0010000000000047748
83542000,3195,987,128099,3264,-3123,126368,114,19226,467,0,7314,0.0010000000000047748
83543000,3434,-2693,127587,5047,-8119,138868,144,19226,590,1,7315,0.000999999999990564
83544000,5137,17507,126073,685,11161,110204,112,19230,590,1,7316,0.0010000000000047748
83545000,6550,10791,126883,5896,13009,127484,98,19229,459,1,7317,0.0010000000000047748
83546000,13247,-3055,125305,6879,-3663,124094,98,19229,401,0,7318,0.000999999999990564
83547000,8443,-124,126931,5257,-7769,132856,136,19229,557,0,7319,0.0010000000000047748
83548000,6079,-16479,127536,13647,-13904,135939,102,19228,418,0,7320,0.0010000000000047748
83549000,2463,3749,130581,-3183,2131,120352,105,19228,430,1,7321,0.000999999999990564
83550000,1346,6161,131036,2097,2889,133158,110,19226,430,1,7322,0.0010000000000047748
83551001,1196,13884,130897,5496,10282,122248,104,19232,451,1,7323,0.00100100000000225
83552000,3905,-936,127512,-6737,-9356,131078,104,19233,426,1,7324,0.0009989999999930887
83553000,9740,-10999,126785,11608,-5298,125112,113,19218,463,0,7325,0.0010000000000047748
83554001,3831,-3709,130227,8498,-8869,129602,89,19231,365,0,7326,0.00100100000000225
83555002,6456,-10112,129299,-10436,-9710,135524,102,19229,418,0,7327,0.00100100000000225
83556000,631,13299,133106,-10233,10702,128665,129,19229,418,1,7328,0.0009979999999956135
83557000,-7820,-883,130603,7907,-1752,135083,114,19223,528,1,7329,0.0010000000000047748
83558000,-6584,7635,131502,-12124,3093,118959,114,19228,467,1,7330,0.000999999999990564
83559000,-102,-5973,129062,-15458,-13836,138358,96,19228,393,0,7331,0.0010000000000047748
83560000,-1034,-5976,129190,7193,-3873,127944,138,19236,565,0,7332,0.0010000000000047748
83561000,2005,6874,130016,-6697,5112,119544,106,19228,434,0,7333,0.000999999999990564
83562001,-8472,-143,131595,-15116,-5256,135945,114,19228,434,0,7334,0.00100100000000225
83563000,-7742,541,130089,-8623,-1070,126857,133,19222,467,1,7335,0.0009990000000072996
83564000,-9734,2419,131039,-14751,709,133721,133,19228,545,1,7336,0.000999999999990564
83565000,-6660,17484,130609,-12260,17329,117670,109,19229,446,1,7337,0.0010000000000047748
83566003,-4963,-4867,128159,-8217,-9608,133254,109,19223,446,0,7338,0.0010029999999972006
83567002,-2507,-4027,125131,-5447,-9782,129139,112,19236,459,0,7339,0.0009990000000072996
83568000,-564,-3168,124964,-8051,-5136,127288,103,19236,459,0,7340,0.0009979999999956135
83569000,-3721,8131,130095,-5640,7271,126304,128,19228,422,1,7341,0.0010000000000047748
83570000,-7213,9907,127727,-2004,4890,124130,128,19224,524,1,7342,0.000999999999990564
83571000,-10046,10443,127947,-20174,7434,127125,118,19229,483,1,7343,0.0010000000000047748
83572000,-3971,8436,125425,-13576,4973,122470,100,19228,410,1,7344,0.0010000000000047748
83573000,4667,-3847,123549,11092,-6705,126604,139,19233,569,0,7345,0.000999999999990564
83574000,3085,-2895,124238,-1987,-7660,126213,103,19233,569,0,7346,0.0010000000000047748
83575000,512,1436,124759,-7795,-2101,126100,112,19233,422,0,7347,0.0010000000000047748
83576000,538,16018,128086,-2775,13161,123118,112,19227,459,1,7348,0.000999999999990564
83577000,-2608,11372,127027,-15,9854,125228,153,19225,627,1,7349,0.0010000000000047748
83578000,2142,6595,125072,25,2151,124756,109,19230,446,1,7350,0.0010000000000047748
83579000,3222,4804,125715,-689,2055,122196,101,19226,414,0,7351,0.000999999999990564
83580000,11771,1397,122664,4674,-1877,124545,82,19226,336,0,7352,0.0010000000000047748
83581000,8993,-4864,125365,14362,-8499,127298,114,19230,336,0,7353,0.0010000000000047748
83582000,4692,-3335,127329,3359,-7399,125214,129,19228,467,0,7354,0.000999999999990564
83583000,2512,3213,127696,-971,879,121541,129,19224,528,1,7355,0.0010000000000047748
83584000,518,7006,128337,1285,5742,130199,114,19233,467,1,7356,0.0010000000000047748
83585000,10974,6552,125396,3728,4341,126102,96,19231,393,1,7357,0.000999999999990564
83586000,7366,8289,126859,10102,5263,119122,129,19231,528,0,7358,0.0010000000000047748
83587000,12949,-3457,124887,5372,-5268,126035,104,19225,528,0,7359,0.0010000000000047748
83588000,7916,-16674,124963,10272,-22317,136172,105,19229,426,0,7360,0.000999999999990564
83589000,5495,6685,131117,509,1428,126407,105,19228,430,1,7361,0.0010000000000047748
83590000,696,21443,129805,-3237,8032,117601,139,19228,569,1,7362,0.000999999999990564
83591000,46,10396,131184,4096,10824,128783,111,19230,455,1,7363,0.0010000000000047748
83592000,9465,-17716,127216,923,-23322,138223,101,19230,414,1,7364,0.0010000000000047748
83593000,7890,-12214,126413,905,-6549,123966,128,19225,414,0,7365,0.000999999999990564
83594000,8324,4659,132338,19253,-2855,129723,111,19228,524,0,7366,0.0010000000000047748
83595001,-789,-6392,128556,1038,-6747,128494,111,19230,455,0,7367,0.00100100000000225
83596001,239,8774,135456,-22893,4581,129544,116,19222,475,1,7368,0.0010000000000047748
83597000,-6246,100,133619,10903,-6912,134317,114,19228,467,1,7369,0.0009989999999930887
83598001,-7143,7345,130344,-5490,4547,120671,99,19229,405,1,7370,0.00100100000000225
83599002,-490,-5593,127968,-24349,-10202,135681,124,19229,405,0,7371,0.00100100000000225
83600000,477,-7428,129262,9770,-6281,126898,100,19220,508,0,7372,0.0009979999999956135
83601000,2715,2970,130368,9212,-3396,128006,100,19231,410,0,7373,0.0010000000000047748
83602000,-10339,7727,131215,-26912,4407,128520,103,19228,422,1,7374,0.000999999999990564
83603000,-8964,3865,131140,-14043,5499,127336,145,19228,594,1,7375,0.0010000000000047748
83604000,-10020,-200,129606,-863,-3845,133715,114,19230,467,1,7376,0.0010000000000047748
83605001,-2680,11300,128708,-12484,9905,120820,101,19230,467,1,7377,0.00100100000000225
83606002,-3741,-179,126373,-9205,-8764,128026,149,19224,414,0,7378,0.0010009999999880392
83607000,-1033,-4268,126125,-1884,-4553,130582,149,19231,610,0,7379,0.0009980000000098244
83608000,-650,5543,127039,-6473,785,124594,102,19230,418,0,7380,0.000999999999990564
83609000,-7745,3673,128485,-5549,139,128897,109,19222,446,1,7381,0.0010000000000047748
83610000,-6113,13313,127182,-15276,11303,118307,113,19227,463,1,7382,0.0010000000000047748
83611000,-6275,6899,127345,-9239,4345,129609,106,19227,463,1,7383,0.000999999999990564
83612000,2600,3015,125368,2327,-76,125284,120,19230,434,0,7384,0.0010000000000047748
83613000,-164,-8014,123275,-2275,-11193,125636,120,19225,491,0,7385,0.0010000000000047748
83614001,172,2854,124759,-7219,-1406,122955,96,19231,393,0,7386,0.00100100000000225
83615000,1768,6220,125873,-269,5291,122324,103,19228,422,0,7387,0.0009989999999930887
83616000,-5305,3589,126116,-1335,1247,132316,138,19224,565,1,7388,0.0010000000000047748
83617000,-3068,13785,125592,-11907,11444,117433,115,19224,565,1,7389,0.000999999999990564
83618000,4723,13693,123727,1156,9749,121734,94,19232,471,1,7390,0.0010000000000047748
83619000,13002,10798,126238,17958,5732,125614,94,19229,385,0,7391,0.0010000000000047748
83620000,12102,-7282,122601,5627,-11584,126647,105,19233,430,0,7392,0.000999999999990564
83621000,5613,-5801,128012,7510,-8611,127987,110,19228,451,0,7393,0.0010000000000047748
83622001,5445,4002,126183,3071,-43,123526,115,19221,471,1,7394,0.00100100000000225
83623000,572,12351,129604,393,10886,125017,119,19221,487,1,7395,0.0009989999999930887
83624000,1939,8512,127231,1885,5358,129548,103,19228,487,1,7396,0.0010000000000047748
83625000,8237,-1318,124589,1505,-5039,125376,109,19230,422,1,7397,0.0010000000000047748
83626000,14819,283,128552,13987,-1895,120427,109,19218,446,0,7398,0.000999999999990564
83627001,10293,-5669,126535,12423,-8011,130211,89,19231,365,0,7399,0.00100100000000225
83628000,3880,-2367,129585,-568,-5037,134334,105,19225,430,0,7400,0.0009990000000072996
83629001,1358,11245,131273,-5850,6403,126059,126,19225,516,1,7401,0.00100100000000225
83630000,-1000,13922,130975,1798,8343,127714,110,19220,516,1,7402,0.0009989999999930887
83631000,3670,8488,130086,4997,8352,123125,95,19231,451,1,7403,0.0010000000000047748
83632000,7824,-7254,126833,-791,-7977,132539,95,19234,389,0,7404,0.000999999999990564
83633000,10487,-11962,128962,6694,-17494,134583,153,19232,627,0,7405,0.0010000000000047748
83634000,6138,1637,129681,15395,-3467,125498,105,19230,430,0,7406,0.0010000000000047748
83635000,2349,3979,131674,-16129,424,125160,108,19230,442,0,7407,0.000999999999990564
83636000,-5125,8347,132879,-7314,7821,125751,137,19224,442,1,7408,0.0010000000000047748
83637000,-8862,5820,133365,524,3083,134805,104,19228,561,1,7409,0.0010000000000047748
83638000,-2958,-5414,127596,-10515,-6950,127179,104,19230,426,1,7410,0.000999999999990564
83639002,815,-3622,131833,-9758,-7995,132251,106,19224,434,0,7411,0.0010019999999997253
83640003,4562,3614,128619,3532,-1438,123971,96,19228,393,0,7412,0.00100100000000225
83641000,-5089,612,128488,-1130,-742,129083,113,19231,463,0,7413,0.0009969999999981383
83642000,-7592,4139,133504,-19272,1185,131327,130,19231,463,1,7414,0.0010000000000047748
83643000,-10091,3699,129783,-11790,2034,128071,113,19221,532,1,7415,0.0010000000000047748
83644000,-9033,13274,131154,-10451,10205,126876,113,19232,463,1,7416,0.000999999999990564
83645000,-3126,4377,129644,-7289,-1588,126748,98,19229,401,1,7417,0.0010000000000047748
83646000,-2866,-8165,123167,-9725,-8727,129974,142,19223,582,0,7418,0.0010000000000047748
83647000,-1219,-3573,126578,-4438,-911,127309,106,19232,434,0,7419,0.000999999999990564
83648000,-2186,7997,126166,-10207,9003,117109,107,19232,434,0,7420,0.0010000000000047748
83649000,-2856,10215,130288,-6277,4155,127997,133,19223,438,1,7421,0.0010000000000047748
83650000,-7734,6957,125862,-15383,1716,128133,133,19228,545,1,7422,0.000999999999990564
83651000,-3854,3721,127275,-6912,1935,126568,112,19230,459,1,7423,0.0010000000000047748
83652000,326,6894,125513,6695,2296,121830,106,19221,434,0,7424,0.0010000000000047748
83653000,67,-5709,123372,-7512,-8808,131310,101,19224,414,0,7425,0.000999999999990564
83654000,-219,1496,125769,-3496,8073,119149,118,19224,414,0,7426,0.0010000000000047748
83655000,-128,8163,126364,327,10461,128499,123,19229,483,0,7427,0.0010000000000047748
83656000,-784,4805,123828,-4475,3257,126008,123,19213,504,1,7428,0.000999999999990564
83657000,-1416,7001,126319,-2579,2940,125538,110,19232,451,1,7429,0.0010000000000047748
83658000,6785,1276,123505,1268,542,124123,99,19229,405,1,7430,0.0010000000000047748
83659000,6982,10275,125789,11850,5977,118913,130,19230,532,0,7431,0.000999999999990564
83660000,9440,-9470,123582,5504,-14195,134041,107,19230,532,0,7432,0.0010000000000047748
83661000,6955,-5676,125085,3576,-9042,122219,111,19230,438,0,7433,0.0010000000000047748
83662000,3669,4148,127755,-656,2856,130045,111,19223,455,1,7434,0.000999999999990564
83663000,2825,11112,129905,3168,9829,124916,143,19228,586,1,7435,0.0010000000000047748
83664000,5495,13686,126809,12120,9198,126304,109,19232,446,1,7436,0.0010000000000047748
83665000,8103,-240,125524,-803,-3652,128538,99,19224,405,0,7437,0.000999999999990564
83666001,7649,2269,126635,-3083,636,118889,129,19224,405,0,7438,0.00100100000000225
83667000,11922,-10885,127088,16266,-15317,136070,110,19227,528,0,7439,0.0009990000000072996
83668000,3261,-657,128583,5192,-4517,126586,110,19229,451,0,7440,0.000999999999990564
83669008,1896,4405,130169,-10669,-197,132610,113,19222,463,1,7441,0.0010079999999987876
83670000,2546,18441,131231,5467,15725,119840,106,19230,434,1,7442,0.000992000000010762
83671000,2344,8794,128253,7040,5986,125644,101,19232,414,1,7443,0.000999999999990564
83672000,10624,-9609,127317,-5623,-14125,136626,123,19232,504,0,7444,0.0010000000000047748
83673000,7384,-3497,131384,11856,-6040,121284,99,19221,504,0,7445,0.0010000000000047748
83674000,8420,-11173,128517,10938,-15130,143587,103,19230,405,0,7446,0.000999999999990564
83675000,-381,5582,133905,-13431,2130,121784,103,19228,422,1,7447,0.0010000000000047748
83676000,-5362,9507,133010,-6019,6269,128723,139,19224,569,1,7448,0.0010000000000047748
83677000,-7046,6783,128816,3110,2766,129821,110,19230,451,1,7449,0.000999999999990564
83678000,-3100,-1483,130061,-17628,-2445,126220,93,19230,381,1,7450,0.0010000000000047748
83679002,2133,-8891,129203,-4356,-12050,136168,124,19226,381,0,7451,0.0010019999999997253
83680000,4177,4132,129761,6853,-1379,120796,109,19232,508,0,7452,0.0009979999999956135
83681000,-5024,1103,132770,-9006,-1067,130080,109,19230,446,0,7453,0.0010000000000047748
83682000,-6329,-1707,128662,-15601,-2460,131828,117,19217,479,1,7454,0.0010000000000047748
83683000,-8414,7508,130575,-10252,5809,130368,116,19227,475,1,7455,0.000999999999990564
83684001,-7929,22549,130402,-6834,17281,117819,104,19227,426,1,7456,0.00100100000000225
83685000,-3360,1025,127308,-14562,2233,130229,114,19232,426,0,7457,0.0009990000000072996
83686001,-1976,-17312,126219,-6119,-18730,136058,89,19219,467,0,7458,0.0010009999999880392
83687000,-2137,3151,126549,-3189,8656,118101,89,19232,365,0,7459,0.0009990000000072996
83688000,-3545,11107,127390,-8381,6592,129030,103,19228,422,0,7460,0.0010000000000047748
83689000,-5582,9032,127260,-6126,4400,121382,134,19224,549,1,7461,0.000999999999990564
83690000,-6158,2355,126808,-17340,-565,129619,116,19232,475,1,7462,0.0010000000000047748
83691000,-2143,11139,129768,2881,2966,120133,101,19232,475,1,7463,0.0010000000000047748
83692000,1829,4540,124545,924,-2451,126985,119,19224,414,0,7464,0.000999999999990564
83693000,1576,-7460,124469,-7298,-10244,129556,119,19229,487,0,7465,0.0010000000000047748
83694000,722,3558,126309,-3453,4318,122972,109,19229,446,0,7466,0.0010000000000047748
83695000,-154,6002,127053,291,-88,129928,112,19222,459,1,7467,0.000999999999990564
83696000,-3737,22833,125744,-4957,19484,115839,143,19229,586,1,7468,0.0010000000000047748
83697000,591,7261,125243,-1914,4047,127973,103,19229,586,1,7469,0.0010000000000047748
83698000,6975,-1265,123418,7843,-1729,122194,107,19233,422,0,7470,0.000999999999990564
83699000,10075,2774,124060,4789,1315,124371,107,19221,438,0,7471,0.0010000000000047748
83700000,8915,-7209,123429,5384,-9554,123419,92,19229,377,0,7472,0.0010000000000047748
83701000,4741,-2755,126610,3529,-5221,132174,110,19228,451,0,7473,0.000999999999990564
83702000,4255,-3872,126159,3884,-3881,130400,129,19223,528,1,7474,0.0010000000000047748
83703001,1782,14802,128617,1240,14239,117069,113,19223,528,1,7475,0.00100100000000225
83704000,7748,8649,126246,4319,3703,128176,97,19228,463,1,7476,0.0009989999999930887
83705000,12175,-316,125634,7845,-5093,123806,97,19229,397,0,7477,0.0010000000000047748
83706000,8300,-2868,127070,8795,-6598,130765,144,19231,590,0,7478,0.0010000000000047748
83707000,6442,-19137,126670,12135,-19370,134238,100,19231,410,0,7479,0.000999999999990564
83708000,1713,11213,131669,-5468,6756,123277,103,19226,422,1,7480,0.0010000000000047748
83709000,3133,-261,128340,-159,-3296,134027,127,19226,422,1,7481,0.0010000000000047748
83710000,-1639,9605,131742,7187,9914,122727,107,19228,520,1,7482,0.000999999999990564
83711000,3667,3802,128000,-8105,-1151,128749,107,19234,438,1,7483,0.0010000000000047748
83712000,10402,-10803,126022,7648,-15123,131919,108,19221,442,0,7484,0.0010000000000047748
83713001,9585,-2620,130681,22265,-5435,131170,111,19227,455,0,7485,0.0010009999999880392
83714000,4067,-5787,128370,-9593,-7916,134097,103,19227,422,0,7486,0.0009990000000072996
83715000,1518,17876,134944,-12167,14134,119430,119,19227,487,1,7487,0.000999999999990564
83716000,-5666,-1735,132121,4888,-5526,138600,113,19221,487,1,7488,0.0010000000000047748
83717000,-9101,-5346,129561,-4671,-7975,129941,96,19229,463,1,7489,0.0010000000000047748
83718000,-738,574,130745,-22604,-3180,125008,96,19231,393,1,7490,0.000999999999990564
83719000,-86,-5271,128063,3774,-10207,133238,134,19226,549,0,7491,0.0010000000000047748
83720000,2129,4790,131203,3930,4051,118922,109,19225,446,0,7492,0.0010000000000047748
83721000,-10388,-641,129986,-18652,-2341,130505,111,19225,455,0,7493,0.000999999999990564
83722001,-3874,-1991,130357,-12912,-4974,130042,143,19225,455,1,7494,0.00100100000000225
83723000,-9208,8433,132599,-2585,7205,127954,115,19226,586,1,7495,0.0009990000000072996
83724000,-6463,10014,128913,-12001,7414,127090,115,19230,471,1,7496,0.000999999999990564
83725000,-1978,4869,128953,-12807,5397,121926,104,19225,426,0,7497,0.0010000000000047748
83726000,-6531,-8635,125824,-2609,-10590,134719,133,19231,545,0,7498,0.0010000000000047748
83727002,404,5562,127099,-6616,366,124615,101,19231,414,0,7499,0.0010019999999997253
83728000,-8087,10659,128401,-10200,6735,122836,113,19226,414,1,7500,0.0009979999999956135
83729000,-4297,5219,127503,-9181,2097,120324,109,19220,463,1,7501,0.0010000000000047748
83730000,-6529,6837,128531,-10843,6683,127443,109,19227,446,1,7502,0.000999999999990564
83731000,-2836,9096,127410,-7578,4177,128853,102,19231,418,1,7503,0.0010000000000047748
83732000,832,498,122245,5794,1471,115727,127,19230,520,0,7504,0.0010000000000047748
83733000,3617,-317,126444,-7853,7135,131532,100,19230,410,0,7505,0.000999999999990564
83734001,5992,568,124616,-5170,50,125031,107,19230,410,0,7506,0.00100100000000225
83735000,-3993,440,125642,10323,-3525,130419,147,19225,438,1,7507,0.0009990000000072996
83736000,-4776,9423,129020,-15193,8050,118907,147,19224,602,1,7508,0.000999999999990564
83737000,1815,17091,126118,-6401,11942,120303,110,19231,451,1,7509,0.0010000000000047748
83738000,8039,2543,125166,7979,-5006,132844,94,19224,385,0,7510,0.0010000000000047748
83739000,8328,2014,122102,6463,-655,116845,98,19229,401,0,7511,0.000999999999990564
83740000,7393,-2303,124574,2745,-9820,129714,112,19229,401,0,7512,0.0010000000000047748
83741000,5578,-3452,125934,11113,466,126446,118,19226,459,0,7513,0.0010000000000047748
83742002,2628,4860,127623,187,2595,121573,118,19220,483,1,7514,0.0010019999999997253
83743000,3993,7123,130313,-4022,4070,129986,106,19226,434,1,7515,0.0009979999999956135
83744003,6883,10221,124385,10447,933,118232,97,19232,397,1,7516,0.0010029999999972006
83745000,11173,-1831,128490,8375,-9933,126191,118,19223,483,0,7517,0.0009969999999981383
83746000,10473,-3495,125726,8064,-10513,128640,96,19223,483,0,7518,0.0010000000000047748
83747000,6492,-15771,126588,4717,-15862,136451,103,19228,393,0,7519,0.0010000000000047748
83748000,5120,8563,130862,3271,12424,118435,103,19227,422,1,7520,0.000999999999990564
83749003,-1970,9566,129118,-1521,5872,129313,131,19228,537,1,7521,0.0010030000000114114
83750000,719,1398,129097,1481,-2274,129295,111,19232,455,1,7522,0.0009969999999981383
83751000,3819,2521,128817,2298,-1085,125131,101,19224,414,1,7523,0.000999999999990564
83752000,11642,-11974,125334,-346,-14597,131317,154,19224,414,0,7524,0.0010000000000047748
83753000,10491,4488,131455,24876,339,125713,107,19233,631,0,7525,0.0010000000000047748
83754000,178,-9506,127546,-9086,-14820,136665,107,19227,438,0,7526,0.000999999999990564
83755000,-963,13238,133651,-20734,14984,119550,110,19223,451,1,7527,0.0010000000000047748
83756000,-6670,13218,133340,3027,9180,132596,127,19228,520,1,7528,0.0010000000000047748
83757001,-2633,-105,130483,2549,-2269,132644,103,19236,422,1,7529,0.00100100000000225
83758002,-1513,-11975,126742,-16448,-17221,131329,112,19236,422,0,7530,0.0010009999999880392
83759002,116,-66,131537,-6292,-2197,130073,94,19225,459,0,7531,0.0010000000000047748
83760000,3257,15927,129673,8767,14424,118184,94,19229,385,0,7532,0.0009979999999956135
83761000,-6546,1333,132528,-13708,-2160,132866,109,19228,446,0,7533,0.0010000000000047748
83762000,-9024,1606,130677,-21667,-1757,133634,139,19223,569,1,7534,0.0010000000000047748
83763000,-9316,7292,130347,-7559,5225,130461,114,19228,467,1,7535,0.000999999999990564
83764002,-4120,13423,130813,-5463,10457,122169,99,19228,405,1,7536,0.0010019999999997253
83765000,-373,-5001,126147,-7507,-7712,131122,154,19230,405,0,7537,0.0009980000000098244
83766000,-1944,-1822,126080,-3710,-5584,130459,106,19232,631,0,7538,0.000999999999990564
83767000,-1504,1806,128024,-10777,-1146,120941,106,19234,434,0,7539,0.0010000000000047748
83768002,-5016,11430,128963,-7267,6518,126069,110,19226,451,1,7540,0.0010019999999997253
83769000,-9283,8713,129169,-8353,7304,127230,133,19227,545,1,7541,0.0009979999999956135
83770000,-7485,-674,126351,-14472,-4576,129091,113,19227,463,1,7542,0.0010000000000047748
83771000,2124,12245,128439,-3152,6792,124751,108,19230,463,0,7543,0.0010000000000047748
83772000,-1258,1452,122512,3869,-590,123501,95,19216,442,0,7544,0.000999999999990564
83773000,2590,1989,124808,-5956,-3196,121385,95,19228,389,0,7545,0.0010000000000047748
83774000,1217,2681,126612,-6290,-948,130377,116,19224,475,0,7546,0.0010000000000047748
83775000,-1200,11145,125460,2109,7322,119415,132,19222,541,1,7547,0.000999999999990564
83776000,-3034,13056,127355,-5122,11965,126147,113,19227,463,1,7548,0.0010000000000047748
83777000,3839,5305,125261,-4365,6846,127215,96,19227,463,1,7549,0.0010000000000047748
83778000,9379,6956,124079,22443,7264,123135,127,19232,393,0,7550,0.000999999999990564
83779000,6547,-2595,122109,-2710,-5911,123401,127,19232,520,0,7551,0.0010000000000047748
83780000,8674,613,127905,-236,-5266,126072,108,19228,442,0,7552,0.0010000000000047748
83781000,2843,3743,124903,17776,5076,126796,116,19226,475,1,7553,0.000999999999990564
83782000,2004,7548,127920,-5118,8473,126719,135,19232,553,1,7554,0.0010000000000047748
83783000,4811,3967,127589,-1880,6087,123484,108,19232,553,1,7555,0.0010000000000047748
83784000,9788,1952,124657,10656,-3584,125492,100,19232,442,1,7556,0.000999999999990564
83785001,12099,1240,127625,649,-1181,124873,100,19222,410,0,7557,0.00100100000000225
83786000,10050,-6815,126933,11741,-14344,134761,104,19233,426,0,7558,0.0009990000000072996
83787000,5631,-9786,126048,2713,-9134,126728,104,19229,426,0,7559,0.000999999999990564
83788000,402,9988,132180,-5508,8738,128618,118,19222,483,1,7560,0.0010000000000047748
83789001,50,4966,131343,-3118,-934,130024,109,19222,483,1,7561,0.00100100000000225
83790000,4994,21492,130168,3444,7964,121867,95,19232,446,1,7562,0.0009989999999930887
83791000,5010,-2485,129168,-1610,-14545,135702,95,19228,389,0,7563,0.0010000000000047748
83792000,8750,-11829,127727,15636,-9541,120289,134,19223,549,0,7564,0.0010000000000047748
83793000,6635,523,131678,7483,-5590,135433,103,19227,422,0,7565,0.000999999999990564
83794000,1554,-5878,130110,-16545,-4580,127747,106,19226,434,0,7566,0.0010000000000047748
83795000,-1987,11264,134153,-7281,8001,129140,150,19226,434,1,7567,0.0010000000000047748
83796002,-6809,2163,130509,1555,-586,129483,108,19230,614,1,7568,0.0010019999999997253
83797000,-2976,-3670,128419,-10906,-6159,126046,108,19232,442,1,7569,0.0009979999999956135
83798000,998,-9462,129438,-8541,-13164,141612,98,19224,401,0,7570,0.0010000000000047748
83799000,4290,-2846,128465,3501,-5659,121664,120,19232,491,0,7571,0.000999999999990564
83800003,-2895,11480,131356,-5139,9023,128734,110,19227,451,0,7572,0.0010029999999972006
83801000,-5631,-9083,129806,-13641,-9693,136412,119,19227,451,1,7573,0.0009970000000123491
83802000,-11098,6474,129803,-12402,3453,125647,110,19218,487,1,7574,0.000999999999990564
83803000,-10143,7387,130341,-9290,4365,133250,110,19230,451,1,7575,0.0010000000000047748
83804001,-3237,10670,129375,-8251,8722,120932,101,19231,414,1,7576,0.00100100000000225
83805000,-4148,-158,127431,-5591,-5166,127979,123,19218,504,0,7577,0.0009989999999930887
83806001,-1875,-6142,125390,-3667,-8931,129160,97,19232,397,0,7578,0.00100100000000225
83807000,-2131,-2254,127025,-9916,-4744,132004,103,19232,422,0,7579,0.0009990000000072996
83808000,-3088,7103,128548,-7254,3471,121354,141,19225,422,1,7580,0.000999999999990564
83809000,-6444,19842,129131,-4320,15220,121919,116,19232,577,1,7581,0.0010000000000047748
83810000,-8313,-1064,125792,-11509,-4843,130242,116,19228,475,1,7582,0.0010000000000047748
83811000,-443,1372,126638,-3524,-1067,121946,102,19226,418,0,7583,0.000999999999990564
83812000,-966,-3297,122039,-5175,-6759,131740,114,19233,467,0,7584,0.0010000000000047748
83813000,3378,7152,124784,-2910,1706,119761,107,19233,438,0,7585,0.0010000000000047748
83814000,797,6167,128637,1728,3436,126284,113,19231,438,0,7586,0.000999999999990564
83815000,-2965,-581,122964,-2040,-3334,129863,125,19222,463,1,7587,0.0010000000000047748
83816000,-604,12076,126787,-8088,7654,120186,125,19233,512,1,7588,0.0010000000000047748
83817000,4978,7982,125997,5498,6434,121298,101,19232,414,1,7589,0.000999999999990564
83818000,8758,7725,122129,9306,4169,121505,112,19228,459,0,7590,0.0010000000000047748
83819000,9350,-8934,123913,2407,-10707,132067,95,19228,389,0,7591,0.0010000000000047748
83820000,6953,-4507,127243,8357,-8561,126187,109,19227,389,0,7592,0.000999999999990564
83821000,4274,3092,128222,7432,792,126140,139,19228,446,1,7593,0.0010000000000047748
83822000,-601,12087,130245,-1305,7510,122650,139,19227,569,1,7594,0.0010000000000047748
83823000,5522,9177,125942,349,8729,127759,113,19230,463,1,7595,0.000999999999990564
83824000,7471,-2168,124268,5998,-4006,124180,96,19228,393,1,7596,0.0010000000000047748
83825000,9993,11193,127496,6450,2892,123168,133,19232,545,0,7597,0.0010000000000047748
83826000,11876,-16096,124322,10577,-18293,135615,102,19232,545,0,7598,0.000999999999990564
83827000,7289,-6057,130884,8929,-10836,130843,105,19227,418,0,7599,0.0010000000000047748
83828000,4016,2601,128857,-3066,1837,129152,105,19224,430,1,7600,0.0010000000000047748
83829014,40,14636,129618,205,15929,120786,123,19230,504,1,7601,0.00101399999999785
83830003,3210,9799,130837,-364,-622,131135,105,19233,430,1,7602,0.0009889999999899146
83831006,6473,-14571,124842,962,-17585,133066,111,19218,455,0,7603,0.0010030000000114114
83832000,6948,-5522,130036,10004,-7292,125989,87,19218,455,0,7604,0.0009939999999915017
83833000,3659,312,130588,11819,-6348,131643,101,19231,356,0,7605,0.0010000000000047748
83834000,2138,-2073,130014,-16593,-281,127716,101,19228,414,0,7606,0.0010000000000047748
83835000,-2210,9368,133876,-7496,6604,131576,126,19224,516,1,7607,0.000999999999990564
83836000,-7304,4977,130723,9910,-1879,125519,112,19231,459,1,7608,0.0010000000000047748
83837003,-4364,7223,130571,-16466,-1067,123944,94,19228,385,1,7609,0.0010029999999972006
83838001,-743,-11119,129612,-9221,-15225,136566,145,19228,385,0,7610,0.0009979999999956135
83839000,4928,-7284,129140,8954,-6463,127318,106,19232,594,0,7611,0.0009990000000072996
83840000,-3113,6326,131156,-13180,2736,129410,106,19229,434,0,7612,0.000999999999990564
83841000,-8213,6075,131011,-21993,2620,125438,110,19226,451,1,7613,0.0010000000000047748
83842000,-6474,7867,131190,1751,7611,130552,132,19230,541,1,7614,0.0010000000000047748
83843002,-10073,3258,126980,-5707,985,128498,107,19232,438,1,7615,0.0010019999999997253
83844000,-1436,13946,129842,-15530,8405,119704,108,19232,438,1,7616,0.0009979999999956135
83845000,-2949,-8497,125055,-5586,-13057,132341,128,19222,442,0,7617,0.0010000000000047748
83846000,-964,-1191,128355,-429,-2929,126424,128,19229,524,0,7618,0.000999999999990564
83847000,-2677,6681,126931,-10054,1960,128912,103,19234,422,0,7619,0.0010000000000047748
83848000,-7794,1548,125896,-13194,287,126669,122,19227,500,1,7620,0.0010000000000047748
83849000,-2975,12775,127523,-9320,10767,118008,113,19229,463,1,7621,0.000999999999990564
83850000,-3330,9849,125544,-4321,7017,128471,100,19229,463,1,7622,0.0010000000000047748
83851000,-387,4949,124972,-680,1643,122623,141,19227,410,0,7623,0.0010000000000047748
83852000,-610,-6024,124010,-7422,-9984,124944,141,19233,577,0,7624,0.000999999999990564
83853000,4324,4348,127181,-108,816,127903,106,19228,434,0,7625,0.0010000000000047748
83854001,345,8055,126518,10012,7792,123836,107,19227,438,1,7626,0.00100100000000225
83855000,-6228,10207,127621,-12562,6851,124814,148,19232,606,1,7627,0.0009989999999930887
83856000,394,19035,126592,-8371,14254,121671,106,19232,434,1,7628,0.0010000000000047748
83857000,6123,4808,123610,11719,1793,128035,98,19230,434,1,7629,0.0010000000000047748
83858000,9703,683,124536,7780,-2033,121842,87,19226,401,0,7630,0.000999999999990564
83859000,7993,-5561,124133,1717,-8653,126927,87,19229,356,0,7631,0.0010000000000047748
83860000,7471,-4346,127500,6915,-9508,137494,112,19229,459,0,7632,0.0010000000000047748
83861000,3671,-662,125740,7504,-2880,117726,122,19224,500,1,7633,0.000999999999990564
83862000,2120,17608,131608,-6104,17321,121328,110,19224,451,1,7634,0.0010000000000047748
83863000,6198,7792,125795,4109,6362,127935,98,19228,451,1,7635,0.0010000000000047748
83864000,9343,-4192,125247,11915,-6579,124045,129,19232,401,0,7636,0.000999999999990564
83865000,9945,-1246,127380,1302,-4460,129925,129,19228,528,0,7637,0.0010000000000047748
83866000,6362,-5400,127167,12332,-4138,124946,109,19226,446,0,7638,0.0010000000000047748
83867000,4815,1915,132324,604,-4626,129073,108,19224,442,0,7639,0.000999999999990564
83868000,52,9899,130909,-5523,3212,130554,139,19222,569,1,7640,0.0010000000000047748
83869001,276,13934,128466,4934,9964,124558,112,19222,569,1,7641,0.00100100000000225
83870028,3708,-2221,127406,1868,105,128630,101,19230,459,1,7642,0.0010269999999934498
83871000,10934,-15022,127406,-1402,-9900,127701,101,19224,414,0,7643,0.0009720000000044138
83872000,12644,-2587,133013,17566,-3581,135032,124,19228,508,0,7644,0.0010000000000047748
83873000,2338,-9383,126820,9972,-11960,128092,104,19230,426,0,7645,0.000999999999990564
83874000,-155,7253,136005,-21985,4602,126284,113,19223,463,1,7646,0.0010000000000047748
83875000,-9203,2229,130540,178,-4791,134848,116,19223,463,1,7647,0.0010000000000047748
83876000,-8704,1143,129510,-1461,1768,127505,98,19231,475,1,7648,0.000999999999990564
83877000,-1961,-1396,131010,-16809,-6532,129841,98,19231,401,1,7649,0.0010000000000047748
83878001,3792,-259,126720,-3468,283,122604,120,19222,491,0,7650,0.00100100000000225
83879000,-178,2200,129370,3019,-1086,128454,98,19228,401,0,7651,0.0009989999999930887
83880000,-4328,-5704,130765,-18669,-13128,132965,108,19228,442,0,7652,0.0010000000000047748
83881000,-9211,5677,131238,-11866,2467,129246,145,19228,442,1,7653,0.0010000000000047748
83882000,-12946,6816,132093,-10087,6678,128009,114,19227,594,1,7654,0.000999999999990564
83883000,-4020,8032,131177,-13643,3996,124188,114,19230,467,1,7655,0.0010000000000047748
83884000,-2068,657,126991,-2993,-10685,131423,99,19225,405,0,7656,0.0010000000000047748
83885000,-2058,-3518,124138,-12088,-7756,129787,165,19231,676,0,7657,0.000999999999990564
83886000,-257,9004,128227,-565,7584,120703,104,19233,426,0,7658,0.0010000000000047748
83887000,-6451,7229,127622,-4559,4245,125545,111,19233,426,0,7659,0.0010000000000047748
83888000,-6603,9004,128524,-23832,9325,127745,125,19220,455,1,7660,0.000999999999990564
83889000,-8076,190,127282,-6655,-1243,131838,125,19228,512,1,7661,0.0010000000000047748
83890000,314,1781,124473,-136,1346,121073,106,19230,434,1,7662,0.0010000000000047748
83891000,1084,7631,125822,-8776,2814,123862,113,19225,463,0,7663,0.000999999999990564
83892000,5333,462,124102,339,-2783,125512,95,19231,389,0,7664,0.0010000000000047748
83893000,2452,-1657,125489,670,-3881,130093,107,19231,438,0,7665,0.0010000000000047748
83894002,-4897,5220,126616,-9873,4951,124469,137,19228,438,1,7666,0.0010019999999997253
83895000,-2581,13243,127249,-3160,13462,123008,137,19222,561,1,7667,0.0009979999999956135
83896000,-1102,2920,124671,3865,-3628,126093,112,19231,459,1,7668,0.0010000000000047748
83897000,7290,5867,122958,-820,3678,130120,94,19229,385,0,7669,0.000999999999990564
83898000,9458,8893,123760,977,4853,120436,118,19230,483,0,7670,0.0010000000000047748
83899000,9407,2819,126878,21018,-1209,119527,119,19230,487,0,7671,0.0010000000000047748
83900000,7998,-5719,127160,85,-9538,132396,117,19228,487,0,7672,0.000999999999990564
83901000,660,-6029,126166,-5822,-8013,134634,132,19224,479,1,7673,0.0010000000000047748
83902000,6711,15900,130158,10918,12203,122301,132,19230,541,1,7674,0.0010000000000047748
83903000,6195,9580,125968,6266,6361,124785,105,19229,430,1,7675,0.000999999999990564
83904000,11266,5628,127620,658,2881,120846,107,19216,438,0,7676,0.0010000000000047748
83905000,8404,-8694,125496,4938,-12267,131394,87,19216,356,0,7677,0.0010000000000047748
83906001,7665,832,126346,13821,-3013,128499,100,19231,356,0,7678,0.0010009999999880392
83907000,5721,9192,128591,3543,4512,127805,121,19232,410,1,7679,0.0009990000000072996
83908002,642,4546,132574,-8917,-571,127118,121,19223,496,1,7680,0.0010019999999997253
83909000,5538,12764,132202,8357,10143,127928,112,19226,459,1,7681,0.0009979999999956135
83910000,1545,-4269,126824,3158,-7288,132391,98,19227,401,1,7682,0.0010000000000047748
83911000,7611,-4854,130281,-5007,-8357,123251,146,19227,598,0,7683,0.0010000000000047748
83912000,14663,-12189,126530,11835,-18407,136971,101,19227,598,0,7684,0.000999999999990564
83913002,-216,5781,130296,19914,1982,128137,101,19230,414,0,7685,0.0010019999999997253
83914000,1812,2796,131124,-32453,-155,129971,101,19226,414,1,7686,0.0009980000000098244
83915000,-6701,23864,135635,-7208,19380,123955,142,19227,582,1,7687,0.000999999999990564
83916000,-2402,362,128312,17858,232,127616,106,19232,434,1,7688,0.0010000000000047748
83917000,-5130,-7377,129429,-19489,-10008,132789,102,19224,418,0,7689,0.0010000000000047748
83918001,1297,-15058,130046,-16606,-16238,133689,95,19224,418,0,7690,0.0010009999999880392
83919000,-1170,17038,133734,11613,11734,120839,108,19231,389,0,7691,0.0009990000000072996
83920001,-5406,-1031,130230,-10501,-2577,130111,108,19231,442,0,7692,0.00100100000000225
83921000,-9817,3200,133319,-18834,908,132400,124,19226,508,1,7693,0.0009989999999930887
83922000,-9667,770,126796,-10850,3373,129105,116,19230,475,1,7694,0.0010000000000047748
83923000,-3926,17574,130059,-5041,17052,117883,99,19234,405,1,7695,0.0010000000000047748
83924000,-1768,-257,127109,-6503,-4220,136129,134,19234,405,0,7696,0.000999999999990564
83925000,-3672,-16766,122342,-11393,-14850,131293,109,19222,549,0,7697,0.0010000000000047748
83926000,-1498,4484,128304,-6707,2659,128793,109,19228,446,0,7698,0.0010000000000047748
83927002,-1673,8706,127162,-7093,6981,120842,107,19225,438,1,7699,0.0010019999999997253
83928000,-9582,16518,130373,-3317,8618,122208,137,19228,561,1,7700,0.0009979999999956135
83929002,-4033,-3174,128064,-18246,-10516,136644,116,19231,475,1,7701,0.0010019999999997253
83930000,-747,-1400,127128,6636,-292,124992,105,19231,475,0,7702,0.0009979999999956135
83931000,-2133,12432,126589,787,4381,120619,95,19223,430,0,7703,0.0010000000000047748
83932000,-121,-977,122920,-5831,-3544,124088,95,19230,389,0,7704,0.0010000000000047748
83933000,-1319,-5372,125992,-7450,-789,132460,104,19227,426,0,7705,0.000999999999990564
83934000,1532,5968,125546,-2400,6475,121475,117,19220,479,1,7706,0.0010000000000047748
83935000,-2020,16872,125674,2637,17178,119076,109,19226,446,1,7707,0.0010000000000047748
83936000,4989,6251,123954,-1091,957,129345,96,19226,446,1,7708,0.000999999999990564
83937000,7676,-4758,122396,4723,-8858,126132,124,19230,393,0,7709,0.0010000000000047748
83938000,10212,-1653,125349,11053,-4700,129198,124,19230,508,0,7710,0.0010000000000047748
83939000,7362,-926,126120,6569,-4521,121622,102,19229,418,0,7711,0.000999999999990564
83940000,3382,3984,127469,5332,-51,125455,109,19226,446,1,7712,0.0010000000000047748
83941000,1044,3673,125801,-5658,1086,129934,139,19228,569,1,7713,0.0010000000000047748
83942000,3615,14176,126604,1143,15572,124448,109,19228,446,1,7714,0.000999999999990564
83943001,9350,27,124312,16281,-4291,121073,96,19232,446,1,7715,0.00100100000000225
83944000,10844,3377,124686,2748,504,122014,121,19226,393,0,7716,0.0009990000000072996
83945001,11052,-9833,128468,4918,-15520,136569,121,19228,496,0,7717,0.0010009999999880392
83946000,7893,-12336,127783,15448,-15311,127503,109,19232,446,0,7718,0.0009990000000072996
83947002,2711,5807,131167,-4280,1475,129050,112,19221,459,1,7719,0.0010019999999997253
83948000,-1219,16396,131166,240,13482,123736,106,19221,434,1,7720,0.0009979999999956135
83949000,131,12775,129293,2947,9003,123868,101,19230,434,1,7721,0.0010000000000047748
83950000,8210,-8159,126803,369,-11901,135667,120,19232,414,0,7722,0.0010000000000047748
83951000,9626,2787,130227,10335,-135,123151,120,19222,491,0,7723,0.000999999999990564
83952000,7191,-2064,129542,9553,-6699,129292,98,19229,401,0,7724,0.0010000000000047748
83953002,2749,-3667,132611,-7322,-7245,134180,101,19227,414,0,7725,0.0010019999999997253
83954000,-2604,3325,133816,-15297,-297,136373,135,19227,553,1,7726,0.0009979999999956135
83955002,-6973,2348,129757,7400,-1750,123274,110,19223,553,1,7727,0.0010019999999997253
83956000,-3112,12207,131937,-11829,11291,120205,97,19230,451,1,7728,0.0009980000000098244
83957000,4330,-16096,126844,-15353,-18673,141372,97,19227,397,0,7729,0.000999999999990564
83958000,-789,1252,130699,10809,-3301,126122,133,19231,545,0,7730,0.0010000000000047748
83959000,-2056,6427,131031,-11474,5087,127186,105,19227,430,0,7731,0.0010000000000047748
83960000,-8752,2580,132488,-10278,5982,122452,111,19226,455,1,7732,0.000999999999990564
83961000,-9868,726,131345,-10140,546,131618,113,19226,455,1,7733,0.0010000000000047748
83962003,-12958,7093,129502,-15087,2641,132164,104,19230,463,1,7734,0.0010029999999972006
83963001,-5330,14419,129850,-9505,12624,119582,104,19232,426,1,7735,0.0009979999999956135
83964001,-3329,-5299,126900,-7066,-3279,133928,117,19220,479,0,7736,0.0010000000000047748
83965000,-1247,-8118,126301,-3032,-9726,127466,89,19229,365,0,7737,0.0009989999999930887
83966000,886,-1765,128581,-8606,-4640,128987,101,19225,414,0,7738,0.0010000000000047748
83967000,-8360,13953,127551,-4145,8193,115767,130,19225,414,1,7739,0.0010000000000047748
83968000,-4587,12518,128622,-16224,16432,132862,116,19223,532,1,7740,0.000999999999990564
83969000,-7852,-550,124149,-4930,-1170,123358,116,19230,475,1,7741,0.0010000000000047748
83970000,-924,11411,127612,-4017,-1269,121630,99,19227,405,0,7742,0.0010000000000047748
83971000,1119,-4886,124102,-9762,928,122424,133,19232,545,0,7743,0.000999999999990564
83972000,-248,8849,128432,7127,-737,125033,113,19228,463,0,7744,0.0010000000000047748
83973000,2553,-9278,122854,-11586,-8045,133028,112,19228,463,0,7745,0.0010000000000047748
83974000,-4648,15470,128163,496,17039,116339,138,19223,459,1,7746,0.000999999999990564
83975000,-921,5763,125130,-2264,-206,130170,138,19228,565,1,7747,0.0010000000000047748
83976000,3073,9452,123758,-296,12166,114871,104,19231,426,1,7748,0.0010000000000047748
83977000,7363,5869,124203,8782,-4467,134220,109,19228,446,0,7749,0.000999999999990564
83978000,13933,-12473,120438,6777,-14023,116983,93,19230,381,0,7750,0.0010000000000047748
83979000,5714,3809,127958,1909,-1073,123682,112,19230,381,0,7751,0.0010000000000047748
83980000,4423,-8212,126017,5589,-11270,140553,131,19230,459,1,7752,0.000999999999990564
83981000,976,11980,128101,3419,12235,114868,131,19224,537,1,7753,0.0010000000000047748
83982000,3886,5789,128836,1808,-427,135651,113,19231,463,1,7754,0.0010000000000047748
83983000,6434,3425,123372,4886,8340,115709,97,19230,397,1,7755,0.000999999999990564
83984000,11373,3506,127511,5577,-2079,127084,142,19238,582,0,7756,0.0010000000000047748
83985000,11739,-10172,125550,12107,-13073,134161,103,19238,582,0,7757,0.0010000000000047748
83986000,5679,-5516,126456,2669,-8936,126376,105,19232,422,0,7758,0.000999999999990564
83987006,3518,5334,131938,-3119,4546,127833,129,19223,430,1,7759,0.0010060000000038372
83988000,-470,15114,128347,8124,9921,118647,129,19230,528,1,7760,0.0009940000000057125
83989000,3295,4562,127950,3911,2508,137443,105,19231,430,1,7761,0.000999999999990564
83990001,5031,-4983,128216,-9122,-8971,121002,105,19223,430,0,7762,0.00100100000000225
83991000,8273,-14530,129710,5101,-19961,135526,108,19223,442,0,7763,0.0009990000000072996
83992000,5737,-3266,130690,21711,-5134,128600,105,19230,442,0,7764,0.000999999999990564
83993000,-4090,-762,130498,-14042,-3863,129279,124,19235,430,0,7765,0.0010000000000047748
83994000,400,12474,131222,-21195,8697,127539,124,19220,508,1,7766,0.0010000000000047748
83995000,-8422,18202,132803,6765,15149,123220,110,19231,451,1,7767,0.000999999999990564
83996000,-947,-6667,128419,-2044,-10325,131034,96,19229,393,1,7768,0.0010000000000047748
83997000,-2412,-9855,129498,-20233,-13682,127860,134,19229,549,0,7769,0.0010000000000047748
83998000,5371,-7072,129113,1783,-12091,139221,102,19227,549,0,7770,0.000999999999990564
83999000,-2187,15861,129548,7364,11333,115863,110,19228,418,0,7771,0.0010000000000047748
84000000,-6691,7982,132189,-23492,6922,130379,110,19225,451,1,7772,0.0010000000000047748
84001000,-7106,7532,128662,-7506,4242,130380,149,19231,610,1,7773,0.000999999999990564
84002001,-8840,1541,130670,-8640,-2166,127922,111,19231,455,1,7774,0.00100100000000225
84003002,-1018,13296,132102,-9340,11955,127445,101,19223,414,1,7775,0.00100100000000225
84004000,-4574,-1758,125599,-4543,-3101,123534,145,19223,414,0,7776,0.0009979999999956135
84005000,-3145,-6967,126087,-6329,-13185,135237,104,19230,594,0,7777,0.0010000000000047748
84006000,-3045,7050,128214,-7691,4905,121973,104,19233,426,0,7778,0.0010000000000047748
84007000,-5189,6562,128240,-11595,5854,127626,115,19225,471,1,7779,0.000999999999990564
84008000,-5487,12311,130296,-4252,11196,120514,113,19228,463,1,7780,0.0010000000000047748
84009000,-3326,1183,127259,-12745,599,129862,103,19230,422,1,7781,0.0010000000000047748
84010000,409,4958,124845,956,1128,123477,127,19230,422,0,7782,0.000999999999990564
84011001,877,-6169,124199,-2784,-1110,133946,101,19227,520,0,7783,0.00100100000000225
84012000,1297,-6080,125076,-1588,-5149,123336,101,19232,414,0,7784,0.0009990000000072996
84013000,-689,20075,126146,-1068,16720,122478,106,19228,434,0,7785,0.000999999999990564
84014000,-3602,14526,126634,-10531,7258,127163,147,19230,602,1,7786,0.0010000000000047748
84015000,-2504,9219,124352,5161,2958,123067,112,19230,459,1,7787,0.0010000000000047748
84016000,6238,9132,125030,-1212,8796,121211,97,19230,459,1,7788,0.000999999999990564
84017000,10944,11153,122770,1982,4078,119219,106,19228,397,0,7789,0.0010000000000047748
84018000,13583,-13505,123551,16165,-21338,137842,106,19231,434,0,7790,0.0010000000000047748
84019000,8909,-15236,123838,8798,-11458,127093,110,19229,451,0,7791,0.000999999999990564
84020000,2497,7035,128671,-2150,7732,122754,114,19221,467,1,7792,0.0010000000000047748
84021000,3051,12050,128671,3560,11667,124582,107,19230,438,1,7793,0.0010000000000047748
84022000,5205,10449,127602,8011,-1264,124781,103,19230,438,1,7794,0.000999999999990564
84023000,8126,-4947,125986,-218,-7630,128724,119,19234,422,0,7795,0.0010000000000047748
84024002,8229,-2531,127889,6283,-4837,124922,119,19222,487,0,7796,0.0010019999999997253
84025000,9555,-2678,126735,21629,-13222,130795,94,19225,385,0,7797,0.0009979999999956135
84026000,3815,-9228,128157,-5599,-9921,132124,104,19231,426,0,7798,0.0010000000000047748
84027001,-360,4449,131977,-7597,7232,125924,133,19230,545,1,7799,0.00100100000000225
84028000,-392,20546,131957,7986,15119,122805,114,19230,545,1,7800,0.0009989999999930887
84029000,815,6167,127329,-3333,1318,125936,98,19230,467,1,7801,0.0010000000000047748
84030000,12193,-14242,125823,1732,-17617,135855,98,19225,401,0,7802,0.0010000000000047748
84031000,12156,-13605,126855,21338,-14146,133251,142,19232,582,0,7803,0.000999999999990564
84032001,5942,218,130124,1744,-2900,124610,102,19227,418,0,7804,0.00100100000000225
84033000,1904,12669,135286,-21115,9266,127027,108,19226,442,1,7805,0.0009990000000072996
84034000,-8907,1712,132392,4347,-751,133856,138,19226,565,1,7806,0.000999999999990564
84035000,-9678,1942,127755,-8137,-881,131412,103,19229,565,1,7807,0.0010000000000047748
84036000,-1187,-1680,128453,-22074,-1071,131075,109,19230,422,1,7808,0.0010000000000047748
84037000,3060,-1561,129795,9516,-6116,125717,109,19221,446,0,7809,0.000999999999990564
84038000,6080,2970,128803,1027,403,130211,89,19229,365,0,7810,0.0010000000000047748
84039000,-5109,-1743,131455,-14550,-5219,129936,108,19226,442,0,7811,0.0010000000000047748
84040000,-7249,4731,132467,-12753,2725,129751,134,19226,549,1,7812,0.000999999999990564
84041000,-13211,9508,131306,-9710,7508,130574,115,19222,549,1,7813,0.0010000000000047748
84042002,-6380,12096,131690,-10808,9149,126396,98,19227,471,1,7814,0.0010019999999997253
84043000,-3799,-1152,127244,-10731,-4588,128293,98,19231,401,0,7815,0.0009979999999956135
84044000,-1383,919,127395,-1901,-1320,125312,151,19228,618,0,7816,0.0010000000000047748
84045000,460,-3147,126704,-6050,-6239,129475,103,19232,422,0,7817,0.0010000000000047748
84046001,-6165,7387,129136,-10990,3120,123794,106,19232,434,0,7818,0.0010009999999880392
84047000,-4348,11055,128698,-10644,7615,127872,129,19225,434,1,7819,0.0009990000000072996
84048000,-10945,7573,126584,-14824,5194,127759,109,19225,528,1,7820,0.0010000000000047748
84049001,-142,3146,125901,-1611,-859,123321,109,19230,446,1,7821,0.0010009999999880392
84050000,3229,-461,123354,14,-4583,126483,109,19224,446,0,7822,0.0009990000000072996
84051000,5335,-2669,122207,833,-5499,120762,95,19227,389,0,7823,0.0010000000000047748
84052000,3878,3606,126837,-4127,1244,127381,113,19227,463,0,7824,0.000999999999990564
84053001,-3550,8350,125707,-3453,7964,123270,126,19227,463,1,7825,0.00100100000000225
84054000,-4920,7484,128067,198,9512,122181,113,19221,516,1,7826,0.0009990000000072996
84055000,-1767,4832,126593,-7433,2498,126727,113,19228,463,1,7827,0.000999999999990564
84056000,5549,8262,124044,4372,5005,123195,94,19230,385,0,7828,0.0010000000000047748
84057000,7338,7806,125316,7598,4377,121306,134,19232,549,0,7829,0.0010000000000047748
84058000,10741,-7506,124719,1523,-6383,128657,107,19225,438,0,7830,0.000999999999990564
84059000,3557,-7787,125309,11375,-14599,130973,107,19225,438,0,7831,0.0010000000000047748
84060000,1345,5215,128300,459,-1593,122342,125,19224,438,1,7832,0.0010000000000047748
84061001,6677,15134,127426,-5694,10398,119183,125,19228,512,1,7833,0.0010009999999880392
84062000,6554,6070,126013,16312,6464,129771,106,19231,434,1,7834,0.0009990000000072996
84063000,14170,-3115,123826,3018,-4612,122568,101,19224,414,0,7835,0.0010000000000047748
84064000,10219,-1172,127388,1022,-7882,132595,108,19244,442,0,7836,0.000999999999990564
84065000,7615,-12644,127393,17364,-7829,130467,107,19244,442,0,7837,0.0010000000000047748
84066000,3981,4612,130614,-4766,1163,124661,115,19232,438,1,7838,0.0010000000000047748
84067000,-127,5112,131388,917,-34,133246,115,19223,471,1,7839,0.000999999999990564
84068000,782,9053,129607,6143,9872,124511,110,19229,451,1,7840,0.0010000000000047748
84069000,3433,1893,127255,-3365,-2568,126018,98,19229,401,1,7841,0.0010000000000047748
84070000,11446,-6831,128207,3832,-13837,131681,134,19225,549,0,7842,0.000999999999990564
84071000,10019,-5105,127639,18129,-5534,128376,101,19225,549,0,7843,0.0010000000000047748
84072002,1622,-5682,129596,-3514,-12342,131622,103,19231,414,0,7844,0.0010019999999997253
84073000,-408,1832,131143,-23185,3198,123524,103,19227,422,1,7845,0.0009979999999956135
84074000,-6666,7058,134770,5682,2052,135733,151,19227,618,1,7846,0.0010000000000047748
84075000,-5532,2023,130394,749,-2994,123462,109,19232,446,1,7847,0.0010000000000047748
84076000,-2372,-1498,129187,-22950,-6447,131605,98,19220,401,0,7848,0.000999999999990564
84077000,-1096,-5208,128364,3028,-3925,133367,118,19220,483,0,7849,0.0010000000000047748
84078000,2506,3659,128853,6627,3055,119926,107,19232,483,0,7850,0.0010000000000047748
84079000,-7129,5071,132260,-20297,1029,134375,123,19227,438,0,7851,0.000999999999990564
84080000,-5217,6060,131117,-11597,4746,127612,123,19218,504,1,7852,0.0010000000000047748
84081000,-8136,2292,128697,-3034,-1333,133125,111,19231,455,1,7853,0.0010000000000047748
84082000,-3744,11732,130746,-9193,10151,125331,104,19232,426,1,7854,0.000999999999990564
84083000,-1778,1155,126976,-7507,-2347,130802,123,19232,504,0,7855,0.0010000000000047748
84084000,-4306,-6128,125525,-8654,-8184,126240,97,19220,504,0,7856,0.0010000000000047748
84085000,-337,4060,128113,-4698,488,127702,104,19233,397,0,7857,0.000999999999990564
84086000,-5598,2500,126734,-8057,230,124229,104,19227,426,1,7858,0.0010000000000047748
84087000,-7033,14665,130092,-10902,11335,119220,148,19227,606,1,7859,0.0010000000000047748
84088000,-8707,-1298,125962,-7020,-5183,135678,118,19228,483,1,7860,0.000999999999990564
84089002,-1241,19567,127239,-12121,16989,111891,100,19228,410,1,7861,0.0010019999999997253
84090001,475,3,125398,5064,-2073,127583,117,19225,410,0,7862,0.0009990000000072996
84091000,1951,-4125,124161,-755,-8556,126347,114,19231,479,0,7863,0.0009989999999930887
84092000,1894,-2684,124934,-10916,-6976,130386,114,19229,467,0,7864,0.0010000000000047748
84093000,-2644,14306,126126,2289,10775,121269,118,19221,483,1,7865,0.000999999999990564
84094000,1554,14186,126641,-4310,13772,119848,130,19228,532,1,7866,0.0010000000000047748
84095000,3641,-3649,124324,7929,-6158,133682,102,19232,418,1,7867,0.0010000000000047748
84096002,7723,8886,123246,1329,5480,112071,109,19232,418,0,7868,0.0010019999999997253
84097000,7027,2317,124139,504,293,129322,106,19224,446,0,7869,0.0009979999999956135
84098000,6947,3057,125913,16421,180,120962,106,19228,434,0,7870,0.0010000000000047748
84099000,4197,-8088,127006,593,-9339,132767,114,19230,467,0,7871,0.000999999999990564
84100000,92,5207,129182,-3901,422,126981,142,19226,582,1,7872,0.0010000000000047748
84101000,4366,19266,130218,6847,20169,115473,116,19230,475,1,7873,0.0010000000000047748
84102000,6313,-160,125775,8806,-1757,133526,98,19230,475,1,7874,0.000999999999990564
84103000,8142,-348,127955,-1041,-1507,120514,145,19232,401,0,7875,0.0010000000000047748
84104000,10162,-9265,125047,11307,-9269,127908,145,19232,594,0,7876,0.0010000000000047748
84105000,5973,-10253,126024,12162,-9080,126972,100,19230,410,0,7877,0.000999999999990564
84106000,2692,-6261,131243,-6179,-7742,135137,104,19224,426,1,7878,0.0010000000000047748
84107000,-565,17941,129847,5571,16784,121627,120,19228,491,1,7879,0.0010000000000047748
84108002,367,9145,126724,-2132,4221,131235,105,19228,491,1,7880,0.0010019999999997253
84109000,5392,-6582,128722,-421,-7452,131686,113,19233,430,1,7881,0.0009979999999956135
84110000,11698,-5463,127888,3667,-9245,124560,113,19220,463,0,7882,0.0010000000000047748
84111000,7374,2360,128461,17504,-1838,130074,88,19229,360,0,7883,0.000999999999990564
84112000,768,-6813,130101,-1305,-6151,130567,102,19229,418,0,7884,0.0010000000000047748
84113000,2107,6251,131763,-5649,7096,125906,128,19221,524,1,7885,0.0010000000000047748
84114000,-8412,5864,132746,2619,-1174,132129,112,19221,524,1,7886,0.000999999999990564
84115000,-7544,819,129754,-11098,-6052,127359,96,19234,459,1,7887,0.0010000000000047748
84116000,34,-4657,130749,-16927,-10591,129327,96,19234,393,0,7888,0.0010000000000047748
84117000,152,-3981,130151,8155,-3117,128463,146,19235,598,0,7889,0.000999999999990564
84118000,51,-1258,130845,4245,1221,124930,105,19228,430,0,7890,0.0010000000000047748
84119000,-8873,8353,131859,-28060,-1615,130126,112,19223,459,1,7891,0.0010000000000047748
84120000,-8462,-1913,130953,-12839,-6471,136178,133,19223,459,1,7892,0.000999999999990564
84121000,-11535,2869,130147,2481,2485,125865,107,19225,545,1,7893,0.0010000000000047748
84122000,-4384,16196,131407,-14234,8844,121225,107,19235,438,1,7894,0.0010000000000047748
84123001,-3496,2926,124881,-11193,-45,126516,107,19221,438,0,7895,0.00100100000000225
84124000,-1175,-5744,125468,-2612,-5908,136023,134,19231,549,0,7896,0.0009989999999930887
84125001,1339,7612,122973,-3914,5416,119665,109,19228,446,0,7897,0.00100100000000225
84126000,-6712,14610,128885,-14157,11167,122034,129,19228,528,1,7898,0.0009989999999930887
84127001,-4577,7006,128470,-9189,4175,126400,117,19220,528,1,7899,0.00100100000000225
84128000,-6509,926,128429,-3711,-4076,132431,100,19226,479,1,7900,0.0009990000000072996
84129000,-370,4835,123901,-9865,3863,124117,100,19229,410,0,7901,0.000999999999990564
84130000,-98,13679,125483,-921,12387,114253,139,19232,569,0,7902,0.0010000000000047748
84131000,2685,-3966,125058,1628,-8498,132292,104,19227,426,0,7903,0.0010000000000047748
84132000,2140,-1022,125333,-4473,-2795,127967,109,19227,446,0,7904,0.000999999999990564
84133000,-2717,11168,128281,-5303,8680,123606,157,19224,446,1,7905,0.0010000000000047748
84134001,-2236,11171,127348,2624,8802,120854,109,19230,643,1,7906,0.00100100000000225
84135002,2281,7238,123227,1205,4053,123410,109,19232,446,1,7907,0.00100100000000225
84136001,9876,-1923,124360,-4758,-6555,133767,100,19224,410,0,7908,0.0009989999999930887
84137000,12665,8570,124279,20428,3965,118283,81,19229,332,0,7909,0.0009990000000072996
84138002,7387,-2095,126342,6818,-5614,125890,110,19229,451,0,7910,0.0010019999999997253
84139000,5341,-6043,126513,-4192,-9913,128814,122,19228,451,1,7911,0.0009979999999956135
84140000,271,6737,130145,5211,4684,128171,113,19222,500,1,7912,0.0010000000000047748
84141000,2313,12059,126724,818,8872,125047,113,19230,463,1,7913,0.000999999999990564
84142000,5140,15190,126769,2057,13030,115849,96,19231,393,1,7914,0.0010000000000047748
84143000,12884,-5800,126052,4728,-8973,131734,127,19226,520,0,7915,0.0010000000000047748
84144000,11374,-8851,125095,15147,-11298,129136,98,19230,401,0,7916,0.000999999999990564
84145001,6977,-2611,129404,8347,-6787,129861,102,19230,401,0,7917,0.00100100000000225
84146000,5523,3230,129280,-6104,-3339,129213,138,19228,418,1,7918,0.0009990000000072996
84147001,915,17785,131849,3793,14622,119294,138,19229,565,1,7919,0.00100100000000225
84148000,905,-3337,128128,4572,-3386,133502,109,19231,446,1,7920,0.0009989999999930887
84149000,4284,-4285,128709,-4420,-3845,126506,100,19224,410,0,7921,0.0010000000000047748
84150001,7748,-7419,129528,1921,-8384,130529,127,19228,520,0,7922,0.00100100000000225
84151000,4859,-5387,128675,19039,-11064,127482,104,19228,520,0,7923,0.0009989999999930887
84152000,-68,-1369,131016,-7019,-1127,131424,113,19226,426,0,7924,0.0010000000000047748
84153000,-544,4450,132732,-22230,1270,126919,113,19223,463,1,7925,0.000999999999990564
84154000,-8567,15791,131695,5984,17168,123969,114,19227,467,1,7926,0.0010000000000047748
84155001,-3986,-3073,129482,-4571,-5584,132448,98,19234,401,1,7927,0.00100100000000225
84156000,-1523,-18496,128102,-16102,-15622,135929,121,19222,496,0,7928,0.0009989999999930887
84157000,4811,-3026,130085,-1698,-2403,127345,97,19222,496,0,7929,0.0010000000000047748
84158000,-2275,6870,129817,5601,4298,125046,106,19224,397,0,7930,0.0010000000000047748
84159001,-4664,2569,130084,-16254,7736,126542,106,19227,434,1,7931,0.0010009999999880392
84160000,-10457,2899,129779,-18900,-969,136027,145,19228,594,1,7932,0.0009990000000072996
84161000,-6085,7094,127818,-7205,7600,123682,114,19230,467,1,7933,0.0010000000000047748
84162000,-6269,12146,129919,-5782,7617,124355,101,19227,414,1,7934,0.000999999999990564
84163000,-3039,-2921,126486,-11830,-10557,128574,165,19227,414,0,7935,0.0010000000000047748
84164001,-612,-5506,125687,-3107,-6936,133351,101,19228,676,0,7936,0.00100100000000225
84165000,-1866,-1315,127766,-9871,-1085,129935,101,19231,414,0,7937,0.0009989999999930887
84166000,-3962,15078,127526,-1590,11401,111038,107,19227,438,1,7938,0.0010000000000047748
84167000,-8585,13472,128523,-13611,9595,126278,119,19228,487,1,7939,0.0010000000000047748
84168000,-1991,-4959,126778,-13535,-4773,130959,108,19232,442,1,7940,0.000999999999990564
84169000,-371,5031,127556,7661,192,123555,119,19232,487,0,7941,0.0010000000000047748
84170000,477,-3497,121092,-3116,-6479,126752,103,19225,487,0,7942,0.0010000000000047748
84171000,1264,6991,126240,-212,6482,118174,109,19226,422,0,7943,0.000999999999990564
84172000,-421,3766,125650,-990,2185,129695,109,19227,446,0,7944,0.0010000000000047748
84173000,553,13558,126461,-5482,12531,123874,135,19219,553,1,7945,0.0010000000000047748
84174000,-2975,19005,126487,-457,15105,118428,115,19230,471,1,7946,0.000999999999990564
84175000,7372,4821,124042,1087,-413,126987,95,19230,389,1,7947,0.0010000000000047748
84176002,8821,7132,123763,7991,5692,126598,115,19228,389,0,7948,0.0010019999999997253
84177002,10282,-8540,124184,6615,-12368,136790,110,19232,471,0,7949,0.0010000000000047748
84178000,9519,-4206,125586,4480,-6364,119349,110,19227,451,0,7950,0.0009979999999956135
84179000,2858,7513,127880,3318,4775,124371,109,19223,446,1,7951,0.0010000000000047748
84180000,3835,9928,127697,4028,8283,126296,118,19229,483,1,7952,0.000999999999990564
84181000,6331,7288,126684,-869,3474,125158,105,19229,430,1,7953,0.0010000000000047748
84182000,8790,1406,126531,12300,-1938,131268,109,19233,430,0,7954,0.0010000000000047748
84183000,11891,9617,127106,2829,6865,110644,88,19221,446,0,7955,0.000999999999990564
84184000,7214,-12375,128632,13561,-15657,137515,88,19232,360,0,7956,0.0010000000000047748
84185000,3775,-2467,130324,768,-6037,135050,103,19228,422,0,7957,0.0010000000000047748
84186000,508,5472,129231,-7053,419,129729,125,19225,512,1,7958,0.000999999999990564
84187000,-1217,25883,133982,8660,23208,118017,113,19230,463,1,7959,0.0010000000000047748
84188000,3777,5451,127360,-6114,4926,123701,97,19230,463,1,7960,0.0010000000000047748
84189000,11009,-17561,128991,3250,-20848,145474,148,19230,397,0,7961,0.000999999999990564
84190000,9991,1379,128012,19924,-2862,118126,148,19233,606,0,7962,0.0010000000000047748
84191000,3684,-3018,129173,-279,-4955,133255,104,19232,426,0,7963,0.0010000000000047748
84192000,3336,5760,134772,-10742,1240,123841,109,19227,446,1,7964,0.000999999999990564
84193000,-4709,-6909,131371,-2919,-8416,142555,141,19228,577,1,7965,0.0010000000000047748
84194001,-10518,9172,131050,-2700,1605,126023,105,19228,577,1,7966,0.00100100000000225
84195000,1763,6795,130247,-15241,9411,113120,104,19234,430,1,7967,0.0009989999999930887
84196000,1512,-15347,126554,-2690,-18581,142001,104,19226,426,0,7968,0.0010000000000047748
84197001,3467,3,128969,8251,-7219,123257,93,19228,381,0,7969,0.00100100000000225
84198000,-5255,-1844,130346,-14697,-4343,131828,110,19226,451,0,7970,0.0009989999999930887
84199000,-8718,5779,133070,-12679,5264,125502,130,19221,532,1,7971,0.0010000000000047748
84200000,-9238,-100,130881,-13127,-2601,142603,116,19221,532,1,7972,0.0010000000000047748
84201000,-10307,6201,128978,-6471,6479,116087,97,19229,475,1,7973,0.000999999999990564
84202001,-3058,6257,126701,-12656,8400,131915,97,19229,397,0,7974,0.00100100000000225
84203001,-2986,-7502,126982,-6773,-5855,131332,136,19221,557,0,7975,0.0010000000000047748
84204000,-2956,-4484,125727,3333,-7466,127729,102,19230,418,0,7976,0.0009989999999930887
84205000,-5227,3390,129099,-18555,-1928,130996,107,19226,438,0,7977,0.0010000000000047748
84206000,-7352,8962,127442,-11988,15973,114119,145,19226,438,1,7978,0.0010000000000047748
84207000,-5424,9080,129498,77,3775,133400,114,19227,594,1,7979,0.000999999999990564
84208001,-3890,1116,123782,-10811,-1107,125546,114,19232,467,1,7980,0.00100100000000225
84209000,-1651,5751,124102,4736,3728,122726,104,19220,426,0,7981,0.0009990000000072996
84210000,3312,333,125151,-4791,-3327,125125,100,19230,410,0,7982,0.000999999999990564
84211000,1457,-2564,125509,-2449,2038,123891,109,19228,446,0,7983,0.0010000000000047748
84212000,2962,-3402,127032,3845,-1955,133053,121,19228,496,1,7984,0.000999999999990564
84213000,-6846,5839,125416,-2431,1246,118779,113,19215,496,1,7985,0.0010000000000047748
84214000,-1010,14258,126365,-11690,10057,127578,97,19225,463,1,7986,0.0010000000000047748
84215000,2249,1418,124612,2256,-3784,124114,97,19230,397,0,7987,0.000999999999990564
84216000,7729,8885,125267,14606,3956,119362,121,19232,496,0,7988,0.0010000000000047748
84217000,9665,-9584,123912,-813,-13313,132715,106,19228,434,0,7989,0.0010000000000047748
84218000,1231,821,125458,3948,1593,122567,113,19228,463,0,7990,0.000999999999990564
84219000,8934,3699,126969,4695,-867,132072,150,19226,463,1,7991,0.0010000000000047748
84220000,2305,11907,127629,1279,13782,120784,114,19227,614,1,7992,0.0010000000000047748
84221000,8985,3275,126346,7394,-1881,126189,114,19232,467,1,7993,0.000999999999990564
84222000,9723,-7217,123583,5069,-8565,129067,100,19222,410,0,7994,0.0010000000000047748
84223000,8896,5655,126235,6922,262,122005,121,19236,496,0,7995,0.0010000000000047748
84224000,10720,-7172,125856,16072,-9491,132538,101,19236,414,0,7996,0.000999999999990564
84225002,1139,-336,130201,-4778,-3155,123312,109,19230,414,0,7997,0.0010019999999997253
84226002,4664,5469,133223,-291,1186,137785,108,19225,446,1,7998,0.0010000000000047748
84227000,-3634,16057,130158,7455,14440,119538,108,19229,442,1,7999,0.0009979999999956135
84228000,4465,8078,130382,-5829,4424,124566,106,19231,434,1,8000,0.0010000000000047748
84229001,9951,-13259,127094,448,-17268,133500,118,19220,483,0,8001,0.00100100000000225
84230000,8715,-11103,130426,19467,-13219,128674,101,19228,414,0,8002,0.0009989999999930887
84231000,2456,-5102,129218,939,-9105,136873,107,19228,414,0,8003,0.0010000000000047748
84232000,-2019,8220,131874,-20430,5419,118415,140,19229,438,1,8004,0.0010000000000047748
84233000,-2772,13529,133150,-1070,11126,130494,140,19227,573,1,8005,0.000999999999990564
84234000,-4787,945,128639,345,-1443,130337,113,19230,463,1,8006,0.0010000000000047748
84235000,-3343,-6230,129630,-12075,-6777,125412,99,19224,405,0,8007,0.0010000000000047748
84236000,1269,2354,128359,-6449,-2017,129212,124,19233,508,0,8008,0.000999999999990564
84237000,305,2594,129410,350,-3001,126992,105,19233,508,0,8009,0.0010000000000047748
84238000,-5154,3463,133474,-5228,1685,132483,113,19232,430,0,8010,0.0010000000000047748
84239003,-9326,7541,129325,-21941,4003,126993,113,19219,463,1,8011,0.0010029999999972006
84240002,-9581,9135,132498,-8445,8189,130101,121,19228,496,1,8012,0.0009989999999930887
84241000,-3906,5921,129811,-6979,5154,125036,106,19234,434,1,8013,0.0009980000000098244
84242000,-791,-3490,127415,-7436,-3668,130052,114,19222,467,0,8014,0.000999999999990564
84243000,-5762,-2682,125751,-7458,-5151,127694,95,19222,467,0,8015,0.0010000000000047748
84244000,-1249,1728,128105,-8366,-261,122897,101,19230,389,0,8016,0.0010000000000047748
84245000,-5385,8852,127770,-6065,5497,126616,101,19232,414,1,8017,0.000999999999990564
84246000,-9681,6938,129198,-8925,9459,128650,130,19224,532,1,8018,0.0010000000000047748
84247000,-5310,-5391,128359,-15128,-2733,128996,118,19228,483,1,8019,0.0010000000000047748
84248000,-1092,19120,129368,-8901,21570,116664,98,19230,401,1,8020,0.000999999999990564
84249000,909,-3117,122083,3786,-8121,132734,133,19230,401,0,8021,0.0010000000000047748
84250000,1495,-6825,126104,2401,-8614,125119,106,19234,545,0,8022,0.0010000000000047748
84251000,762,5117,124442,-9440,4320,122258,106,19229,434,0,8023,0.000999999999990564
84252000,-2045,14650,126276,-1451,11060,124678,108,19219,442,1,8024,0.0010000000000047748
84253001,-2734,11546,126066,-4388,8353,127068,141,19231,577,1,8025,0.00100100000000225
84254000,4879,1140,123513,-9369,-507,128359,104,19229,426,1,8026,0.0009989999999930887
84255000,6469,2670,121639,11514,1420,121817,102,19229,426,0,8027,0.0010000000000047748
84256000,9235,931,124202,2220,-4468,122245,91,19228,418,0,8028,0.0010000000000047748
84257000,10229,-1764,126221,12142,-12000,124955,112,19227,373,0,8029,0.000999999999990564
84258000,3478,-5182,126631,6562,-7528,133524,112,19225,459,0,8030,0.0010000000000047748
84259000,2244,101,128354,-13284,6517,124598,130,19223,532,1,8031,0.0010000000000047748
84260000,2254,13107,128696,11236,6868,119881,112,19227,459,1,8032,0.000999999999990564
84261000,7214,2552,123474,12171,-2143,128015,96,19227,393,1,8033,0.0010000000000047748
84262000,8065,-499,127668,-7032,-1358,122924,141,19228,393,0,8034,0.0010000000000047748
84263000,11187,-2277,127189,12504,-7066,130227,101,19233,577,0,8035,0.000999999999990564
84264000,6520,-6134,125948,17385,-7113,126808,101,19233,414,0,8036,0.0010000000000047748
84265000,4023,4445,130636,-8387,-607,130267,102,19230,418,1,8037,0.0010000000000047748
84266000,-1757,4840,129170,-4270,1409,125000,122,19228,500,1,8038,0.000999999999990564
84267000,3503,15870,130579,9878,11723,125818,108,19228,442,1,8039,0.0010000000000047748
84268000,4517,-2453,128759,-2401,-6675,129267,109,19232,442,1,8040,0.0010000000000047748
84269000,9261,-8247,126388,5170,-11447,124187,114,19224,446,0,8041,0.000999999999990564
84270000,9940,-8916,127757,12745,-14833,142275,114,19232,467,0,8042,0.0010000000000047748
84271000,3102,500,131040,-8543,1628,125234,104,19232,426,0,8043,0.0010000000000047748
84272000,2851,15634,134149,-10483,11452,120751,118,19220,483,1,8044,0.000999999999990564
84273000,-8989,5481,130661,5865,3172,130071,109,19220,446,1,8045,0.0010000000000047748
84274001,-3747,-6977,127629,-15280,-10969,130930,97,19228,446,1,8046,0.00100100000000225
84275000,-1271,-5122,129747,-11469,-7847,135232,133,19230,397,0,8047,0.0009989999999930887
84276000,1854,4739,129867,3510,1026,124133,133,19229,545,0,8048,0.0010000000000047748
84277000,-868,13897,133394,-3322,11376,123232,103,19227,422,0,8049,0.0010000000000047748
84278000,-4593,-6773,129723,-15778,-9653,135314,108,19224,442,0,8050,0.000999999999990564
84279000,-8629,4097,132080,-8015,980,131266,138,19228,565,1,8051,0.0010000000000047748
84280000,-13060,11297,131339,-11608,8029,128487,113,19228,565,1,8052,0.0010000000000047748
84281002,-2538,17428,131202,-14457,15291,121810,103,19231,463,1,8053,0.0010019999999997253
84282000,-4636,-7157,125395,-4835,-7465,130125,103,19225,422,0,8054,0.0009979999999956135
84283000,-828,-7331,129076,-4791,-11272,141026,134,19232,549,0,8055,0.0010000000000047748
84284001,271,7461,125948,-7705,788,117609,103,19230,422,0,8056,0.0010009999999880392
84285000,-2659,7081,129451,-4060,4315,126454,116,19220,475,1,8057,0.0009990000000072996
84286000,-6037,13225,126864,-8778,8313,123659,111,19220,475,1,8058,0.0010000000000047748
84287000,-8095,-804,126393,-16006,-3166,130406,105,19228,455,1,8059,0.000999999999990564
84288000,31,2136,127363,-4825,-833,122799,105,19233,430,0,8060,0.0010000000000047748
84289000,-912,-371,125839,2146,3092,121880,124,19230,508,0,8061,0.0010000000000047748
84290000,1425,-1025,123232,-3515,-5127,127745,102,19227,418,0,8062,0.000999999999990564
84291000,-1002,4362,126778,-5780,2122,123096,109,19225,446,0,8063,0.0010000000000047748
84292000,-2045,7582,125192,-2109,2388,129381,149,19225,446,1,8064,0.0010000000000047748
84293005,-2783,23019,128691,-1464,17012,121549,109,19227,610,1,8065,0.001004999999992151
84294000,2402,-21,122237,-3380,-4373,134457,109,19231,446,1,8066,0.0009950000000031878
84295000,12009,1390,125114,6275,-3103,115195,94,19230,385,0,8067,0.0010000000000047748
84296000,10144,-1904,122404,8728,-3950,125934,107,19228,438,0,8068,0.000999999999990564
84297000,6803,-659,127792,8008,-2849,127057,120,19226,491,0,8069,0.0010000000000047748
84298000,4954,-6495,125242,1146,-10598,131487,123,19226,491,1,8070,0.0010000000000047748
84299000,-2410,9765,128322,3292,9635,124999,109,19218,504,1,8071,0.000999999999990564
84300000,4812,14111,127400,-1565,16487,117577,109,19231,446,1,8072,0.0010000000000047748
84301000,7767,1575,125609,5729,-3285,126981,102,19231,418,1,8073,0.0010000000000047748
84302000,11794,5488,126533,3726,-3749,124439,116,19218,475,0,8074,0.000999999999990564
84303000,9950,-8689,125477,4222,-12255,133692,106,19226,434,0,8075,0.0010000000000047748
84304000,6792,-4092,131301,13481,-1048,125244,107,19226,438,0,8076,0.0010000000000047748
84305003,4413,3229,129227,-2881,3214,131107,133,19231,438,1,8077,0.0010029999999972006
84306000,894,9132,130047,4053,6334,133051,111,19231,545,1,8078,0.0009969999999981383
84307000,2676,2335,127547,3403,-2034,122351,111,19232,455,1,8079,0.0010000000000047748
84308000,7090,-4058,127498,-4735,-5194,131768,97,19231,397,0,8080,0.000999999999990564
84309001,8939,-5635,129457,10330,-9732,126870,151,19234,618,0,8081,0.00100100000000225
84310000,4482,-7026,128598,13904,-11283,134493,107,19234,438,0,8082,0.0009990000000072996
84311000,101,9247,132010,-19950,7634,127168,107,19226,438,0,8083,0.000999999999990564
84312000,-2025,14790,133471,-12240,13040,126878,132,19223,438,1,8084,0.0010000000000047748
84313000,-6324,1633,133269,11303,-829,129866,132,19230,541,1,8085,0.0010000000000047748
84314000,-2326,-2487,130045,-14252,-7910,131164,100,19231,410,1,8086,0.000999999999990564
84315000,335,-9212,128873,-14775,-12885,134660,110,19219,451,0,8087,0.0010000000000047748
84316000,1280,3198,129318,9701,1269,122339,89,19219,365,0,8088,0.0010000000000047748
84317000,-2514,7179,129946,-5361,2418,127382,106,19230,365,0,8089,0.000999999999990564
84318000,-6180,10847,132037,-15098,7729,127269,132,19226,434,1,8090,0.0010000000000047748
84319000,-11068,-5333,129869,-14096,-6445,132434,132,19227,541,1,8091,0.0010000000000047748
84320000,-6347,9098,133124,-4389,6693,129770,113,19228,463,1,8092,0.000999999999990564
84321000,-3281,13571,128898,-7839,10012,122591,100,19228,410,1,8093,0.0010000000000047748
84322000,-2914,-3530,124625,-8259,-7412,131147,149,19231,610,0,8094,0.0010000000000047748
84323000,-817,-3090,127904,-4357,-5596,126936,109,19231,610,0,8095,0.000999999999990564
84324000,-1478,6338,127811,-11007,3215,128467,110,19234,446,0,8096,0.0010000000000047748
84325000,-6795,10679,128909,-4637,6695,122426,110,19223,451,1,8097,0.0010000000000047748
84326000,-4998,11876,128275,-13381,6832,125128,129,19228,528,1,8098,0.000999999999990564
84327000,-3752,5862,127524,-9313,4050,128476,113,19230,463,1,8099,0.0010000000000047748
84328000,-2768,1013,123657,7890,-1189,123055,111,19218,455,0,8100,0.0010000000000047748
84329000,346,-4141,125796,-13143,-4161,119664,84,19218,455,0,8101,0.000999999999990564
84330000,2172,14558,125771,2345,12978,117235,103,19231,344,0,8102,0.0010000000000047748
84331000,-247,-1706,126626,-1949,-3430,133474,103,19231,422,0,8103,0.0010000000000047748
84332000,-2958,4794,125962,-1975,-373,125248,123,19223,504,1,8104,0.000999999999990564
84333001,-2565,14768,127208,-5573,11455,121421,116,19231,475,1,8105,0.00100100000000225
84334000,5781,10717,125511,-858,9934,121261,95,19228,389,1,8106,0.0009990000000072996
84335002,9503,-1251,123524,11284,-1936,124597,125,19228,389,0,8107,0.0010019999999997253
84336002,11907,-9387,121860,3104,-12059,131328,107,19232,512,0,8108,0.000999999999990564
84337000,3408,2414,125227,9143,-3435,117822,107,19228,438,0,8109,0.0009979999999956135
84338000,5456,-172,124716,4743,-4133,126374,109,19227,446,1,8110,0.0010000000000047748
84339000,2386,7828,127724,-5002,5831,125637,134,19231,549,1,8111,0.0010000000000047748
84340000,4984,6904,128045,4944,6555,128502,108,19232,442,1,8112,0.000999999999990564
84341000,8809,-3196,126809,5925,-4190,119959,102,19232,442,1,8113,0.0010000000000047748
84342000,8611,1035,126921,5445,2392,131293,101,19222,418,0,8114,0.0010000000000047748
84343000,10896,-17502,124087,9161,-19172,139397,101,19232,414,0,8115,0.000999999999990564
84344001,2238,1730,129021,9270,-7801,118941,99,19233,405,0,8116,0.00100100000000225
84345000,2938,17792,133508,-9035,8606,127250,115,19223,471,1,8117,0.0009990000000072996
84346002,742,9508,129105,1630,9797,127532,114,19234,467,1,8118,0.0010019999999997253
84347001,2064,-2123,126898,9850,-1472,136090,100,19234,467,1,8119,0.0009989999999930887
84348000,11042,-13139,125526,-6898,-15518,130801,132,19229,410,0,8120,0.0009990000000072996
84349000,7438,2644,126841,21913,4145,118006,132,19226,541,0,8121,0.000999999999990564
84350004,7654,296,131339,-1246,-5276,137694,98,19230,401,0,8122,0.0010040000000088867
84351002,126,-5359,131492,-16893,-4541,124835,102,19226,418,0,8123,0.0009979999999956135
84352000,-4956,4479,135291,818,660,133715,152,19226,623,1,8124,0.0009979999999956135
84353000,-8111,-236,129163,-6017,3941,125271,108,19226,442,1,8125,0.0010000000000047748
84354003,-4678,2320,131320,-15469,-4828,127942,96,19237,442,1,8126,0.0010029999999972006
84355000,2329,-11029,126912,1962,-10357,138799,109,19227,393,0,8127,0.0009969999999981383
84356000,1320,3186,126883,2264,2380,118339,109,19231,446,0,8128,0.0010000000000047748
84357000,-3162,7396,133256,-14603,4252,130252,108,19228,442,0,8129,0.0010000000000047748
84358000,-7992,3090,130567,-13183,1841,127485,119,19223,487,1,8130,0.000999999999990564
84359000,-6199,3980,131978,-6460,884,138043,111,19223,455,1,8131,0.0010000000000047748
84360000,-10254,5008,130382,-10143,3445,129296,103,19229,455,1,8132,0.0010000000000047748
84361000,-1439,9492,127883,-10980,6344,121909,124,19233,422,1,8133,0.000999999999990564
84362000,-3213,-3118,126786,-7640,-6120,130101,124,19220,508,0,8134,0.0010000000000047748
84363000,-1658,424,126524,-4371,-1479,126770,96,19235,393,0,8135,0.0010000000000047748
84364000,-3021,4206,126936,-13660,804,127599,101,19228,414,0,8136,0.000999999999990564
84365000,-9761,18246,130539,-10582,14961,118087,141,19227,577,1,8137,0.0010000000000047748
84366000,-4989,4374,127059,-8120,1272,127285,113,19227,577,1,8138,0.0010000000000047748
84367001,-4410,3363,126893,-7820,551,128366,102,19228,463,1,8139,0.00100100000000225
84368000,1704,4833,124768,-4092,2087,121971,102,19225,418,0,8140,0.0009989999999930887
84369000,3159,2574,124474,477,340,124020,115,19236,471,0,8141,0.0010000000000047748
84370000,1139,-1278,125236,-2388,-4966,125172,109,19228,446,0,8142,0.000999999999990564
84371002,857,1204,126992,-3801,-1290,128642,114,19220,467,1,8143,0.0010019999999997253
84372002,-5004,8887,126391,-4564,6430,122610,131,19220,467,1,8144,0.0010000000000047748
84373002,-1484,12263,126992,-2269,8772,121344,100,19232,537,1,8145,0.0010000000000047748
84374000,4869,8716,124938,512,8169,120555,100,19234,410,1,8146,0.0009979999999956135
84375000,6500,-1181,122012,7451,-4480,127304,113,19226,463,0,8147,0.0010000000000047748
84376002,8134,-3663,126853,6547,-4200,124208,100,19227,410,0,8148,0.0010019999999997253
84377001,5326,5284,127797,-2531,1504,126180,109,19225,446,0,8149,0.0009989999999930887
84378000,5011,2420,127123,13133,-1277,126411,137,19225,446,1,8150,0.0009990000000072996
84379000,1485,4394,130143,-2921,2548,127352,115,19227,561,1,8151,0.000999999999990564
84380000,8897,5752,125265,134,3193,127526,115,19228,471,1,8152,0.0010000000000047748
84381000,9829,2052,124515,16658,-545,122739,97,19228,397,0,8153,0.0010000000000047748
84382000,10483,-771,128008,-3976,-645,123512,139,19234,569,0,8154,0.000999999999990564
84383000,7776,-22098,123723,9263,-13493,127744,103,19228,422,0,8155,0.0010000000000047748
84384000,3677,-4159,129013,6639,-8905,132566,107,19228,422,0,8156,0.0010000000000047748
84385000,-450,11983,130555,-4622,5136,124546,123,19224,438,1,8157,0.000999999999990564
84386000,-1186,12993,130816,979,12824,123321,123,19228,504,1,8158,0.0010000000000047748
84387000,4503,3686,129144,695,128,133616,102,19230,418,1,8159,0.0010000000000047748
84388000,8374,-10716,126695,-854,-14495,136317,113,19219,463,0,8160,0.000999999999990564
84389000,11723,-6221,128622,9428,-10204,120230,86,19229,352,0,8161,0.0010000000000047748
84390000,3397,-7837,127656,13987,-9502,132137,105,19229,352,0,8162,0.0010000000000047748
84391000,2091,316,133097,-16461,-5059,131446,128,19229,430,1,8163,0.000999999999990564
84392000,-7897,10986,133532,-10064,1448,122550,128,19223,524,1,8164,0.0010000000000047748
84393000,-8063,9109,130301,2522,3798,130857,112,19232,459,1,8165,0.0010000000000047748
84394000,-3511,-3424,127780,-14448,-3973,121738,94,19229,385,1,8166,0.000999999999990564
84395000,-1787,-11147,129147,-5505,-16799,135462,146,19234,598,0,8167,0.0010000000000047748
84396000,5508,-1692,128945,1283,1017,126529,107,19234,438,0,8168,0.0010000000000047748
84397000,-6124,6070,133955,-15672,1265,128428,114,19230,438,0,8169,0.000999999999990564
84398000,-6385,2956,130602,-12343,2922,131625,131,19223,467,1,8170,0.0010000000000047748
84399000,-9821,8470,129157,-8371,5867,129756,131,19227,537,1,8171,0.0010000000000047748
84400000,-4509,8232,129727,-11578,7512,135871,109,19231,446,1,8172,0.000999999999990564
84401002,-3378,7037,125752,-4618,2918,113127,106,19221,434,0,8173,0.0010019999999997253
84402000,-2898,-3000,125799,-11059,-6244,135149,134,19221,549,0,8174,0.0009980000000098244
84403000,1107,-2133,127026,-5096,-3753,125029,105,19235,549,0,8175,0.000999999999990564
84404000,-3829,4565,127704,-4405,1646,126892,125,19226,430,0,8176,0.0010000000000047748
84405000,-5567,12296,129459,-7833,7204,128291,125,19220,512,1,8177,0.0010000000000047748
84406000,-9782,22223,127842,-12973,20781,115615,114,19229,467,1,8178,0.000999999999990564
84407000,1747,8264,128990,-7749,4904,129465,99,19229,405,1,8179,0.0010000000000047748
84408000,2752,-3165,124682,8796,-7533,124923,136,19229,557,0,8180,0.0010000000000047748
84409004,3488,-5563,124040,-4882,-8842,130430,106,19235,557,0,8181,0.0010039999999946758
84410002,550,13498,126191,-7071,13796,122406,113,19228,434,0,8182,0.0009979999999956135
84411000,519,13065,126431,-165,8771,122567,113,19227,463,1,8183,0.0009980000000098244
84412000,224,7730,127707,-39,5600,133494,160,19229,655,1,8184,0.000999999999990564
84413000,180,10206,123830,-2195,8858,114378,108,19231,442,1,8185,0.0010000000000047748
84414000,8136,7812,126605,1957,3435,128204,98,19224,401,0,8186,0.0010000000000047748
84415000,9541,-2471,123876,11684,-6504,123649,87,19224,401,0,8187,0.000999999999990564
84416000,9537,-8864,125141,7557,-12702,131507,116,19229,356,0,8188,0.0010000000000047748
84417000,3610,-4651,126877,-3024,-8461,127882,116,19232,475,0,8189,0.0010000000000047748
84418000,1867,16586,127849,3335,14700,116373,126,19221,516,1,8190,0.000999999999990564
84419000,3780,14534,128382,5982,11066,131739,110,19229,451,1,8191,0.0010000000000047748
84420000,7905,4156,125739,-833,1933,123299,98,19231,401,1,8192,0.0010000000000047748
84421000,12057,3365,127487,8558,620,125073,129,19231,401,0,8193,0.000999999999990564
84422000,10890,3,126053,10889,-1793,123405,100,19224,528,0,8194,0.0010000000000047748
84423000,5809,-17277,127584,8464,-20389,134243,100,19229,410,0,8195,0.0010000000000047748
84424001,4428,5905,132589,2657,2812,131672,105,19227,430,1,8196,0.0010009999999880392
84425000,-1654,10287,128962,-9525,5912,125568,136,19230,557,1,8197,0.0009990000000072996
84426000,-109,16797,132995,10473,14882,119674,113,19230,463,1,8198,0.0010000000000047748
84427002,3400,617,128377,-2815,1768,131117,101,19230,463,1,8199,0.0010019999999997253
84428000,9810,-20413,126182,-4097,-21904,134896,130,19225,414,0,8200,0.0009979999999956135
84429000,8927,1699,133473,23590,82,124295,130,19232,532,0,8201,0.0010000000000047748
84430000,981,-7217,127412,-3267,-6462,128527,115,19228,471,0,8202,0.000999999999990564
84431000,-1212,13926,134764,-19436,8951,123390,118,19224,483,1,8203,0.0010000000000047748
84432002,-7600,-7550,130743,631,-7218,140170,115,19225,471,1,8204,0.0010019999999997253
84433002,-6846,3245,129428,2160,-3167,126897,99,19225,471,1,8205,0.0010000000000047748
84434002,-121,-567,132071,-23385,1686,134109,118,19231,405,0,8206,0.000999999999990564
84435001,1572,-10016,127168,-1786,-22355,125991,118,19223,483,0,8207,0.0009990000000072996
84436000,-573,3558,128831,10149,6085,128512,110,19231,451,0,8208,0.0009989999999930887
84437000,-5560,-4060,129854,-23926,-6928,134181,114,19225,467,0,8209,0.0010000000000047748
84438000,-8952,9916,131928,-10287,1697,126100,146,19229,598,1,8210,0.0010000000000047748
84439000,-8754,7989,132080,-5421,-1272,131910,116,19229,598,1,8211,0.000999999999990564
84440000,-4225,8192,129226,-11044,7976,122619,100,19230,475,1,8212,0.0010000000000047748
84441000,-4288,-4565,127016,-10330,-8906,134087,167,19228,410,0,8213,0.0010000000000047748
84442000,-159,-3997,125029,-5014,-2455,125938,167,19232,684,0,8214,0.000999999999990564
84443000,-2467,7550,128134,-6474,5499,124792,104,19230,426,0,8215,0.0010000000000047748
84444000,-7193,3670,127503,-16807,4961,126473,107,19222,438,1,8216,0.0010000000000047748
84445000,-6850,7823,130437,-4975,3360,126286,123,19222,504,1,8217,0.000999999999990564
84446000,-6953,-3134,126074,-5080,-1757,127884,106,19224,504,1,8218,0.0010000000000047748
84447000,-356,18030,126633,-7403,18248,113468,113,19238,434,1,8219,0.0010000000000047748
84448000,-604,-2541,124483,-2133,-10700,129830,113,19228,463,0,8220,0.000999999999990564
84449000,2861,-4092,123099,6258,-3517,127482,95,19232,389,0,8221,0.0010000000000047748
84450000,-846,6300,124932,-12735,2480,124435,106,19228,434,0,8222,0.0010000000000047748
84451000,-2569,12507,128831,-315,12277,122536,133,19228,545,1,8223,0.000999999999990564
84452000,-293,17663,126562,3613,14006,122461,111,19215,545,1,8224,0.0010000000000047748
84453000,2612,3430,124662,-8465,-2196,132335,94,19232,455,1,8225,0.0010000000000047748
84454001,11033,8415,123759,8979,9184,120573,94,19228,385,0,8226,0.0010009999999880392
84455002,10087,-685,122060,11878,-4948,122094,114,19233,467,0,8227,0.00100100000000225
84456000,7549,-2313,125200,2634,-5801,125660,111,19227,455,0,8228,0.0009980000000098244
84457000,4532,-926,126457,1644,-4597,131078,117,19223,479,1,8229,0.000999999999990564
84458002,1009,7373,127043,358,6237,122678,127,19223,479,1,8230,0.0010019999999997253
84459002,2759,25536,129937,1572,22311,116162,103,19228,520,1,8231,0.0010000000000047748
84460005,9821,-6802,125726,4299,-11191,131780,103,19232,422,1,8232,0.0010029999999972006
84461001,11548,-2549,125850,9290,-5077,126002,105,19221,430,0,8233,0.000996000000000663
84462000,8304,2138,127865,7232,-1228,127176,86,19232,352,0,8234,0.0009989999999930887
84463000,7105,-1249,127155,6818,-5472,130625,104,19231,426,0,8235,0.0010000000000047748
84464000,3292,2563,130813,-1774,-775,125539,123,19231,426,1,8236,0.0010000000000047748
84465000,621,11278,132274,-530,6412,133297,111,19226,504,1,8237,0.000999999999990564
84466002,2077,10875,129261,4587,9111,121428,111,19234,455,1,8238,0.0010020000000139362
84467002,4930,-1056,130211,781,-4294,128175,99,19229,405,1,8239,0.000999999999990564
84468000,10348,-14585,126350,508,-17779,133964,146,19227,598,0,8240,0.0009979999999956135
84469000,5912,-2583,129880,18033,-8019,130511,102,19236,418,0,8241,0.0010000000000047748
84470000,131,-587,132774,-5487,-971,130046,105,19236,418,0,8242,0.0010000000000047748
84471000,-2350,15272,132326,-24717,12611,119690,139,19225,430,1,8243,0.000999999999990564
84472000,-5574,9417,133937,6043,6580,130861,139,19225,569,1,8244,0.0010000000000047748
84473000,-1806,-9833,126970,1398,-13747,131364,106,19231,434,1,8245,0.0010000000000047748
84474001,-2643,-7097,128378,-13025,-9939,128817,101,19220,414,0,8246,0.00100100000000225
84475000,2184,-2552,129221,-10143,-9227,130771,107,19230,438,0,8247,0.0009989999999930887
84476000,-568,3043,130451,5670,212,118723,114,19230,438,0,8248,0.0010000000000047748
84477000,-7232,-27,131501,-13560,763,133649,129,19228,467,1,8249,0.000999999999990564
84478000,-11948,2069,128501,-21732,804,127581,129,19223,528,1,8250,0.0010000000000047748
84479000,-9699,5406,130345,-6483,5044,127707,116,19229,475,1,8251,0.0010000000000047748
84480002,-3092,9429,130628,-8991,7771,125946,101,19229,414,1,8252,0.0010019999999997253
84481000,-2858,-9588,125220,-5120,-9900,138025,134,19223,549,0,8253,0.0009979999999956135
84482000,-3176,-6405,125870,-7039,-15938,124623,99,19223,549,0,8254,0.0010000000000047748
84483000,-1695,13928,128001,-10972,15463,117290,100,19232,405,0,8255,0.000999999999990564
84484000,-5006,4945,126267,-2420,2688,127833,100,19220,410,1,8256,0.0010000000000047748
84485000,-9278,5175,129714,-5672,859,128550,141,19231,577,1,8257,0.0010000000000047748
84486003,-5177,2931,127488,-18029,-2798,127182,115,19228,471,1,8258,0.0010029999999972006
84487000,1193,9601,126369,-129,8112,121588,105,19221,430,0,8259,0.0009969999999981383
84488000,437,-2429,126062,4134,-4964,127003,90,19221,369,0,8260,0.0010000000000047748
84489000,-1901,-3705,122909,-8330,-3514,124197,105,19230,369,0,8261,0.000999999999990564
84490000,38,3858,126004,-3868,-642,129100,118,19228,430,0,8262,0.0010000000000047748
84491000,-1984,14287,127543,1306,13625,115590,118,19221,483,1,8263,0.0010000000000047748
84492000,-1547,14025,126402,-4322,8873,124042,117,19228,479,1,8264,0.000999999999990564
84493000,5272,3634,124003,-2609,1271,130540,97,19232,397,1,8265,0.0010000000000047748
84494000,8251,2168,123254,7106,-4130,129732,122,19232,500,0,8266,0.0010000000000047748
84495000,13990,-9248,119149,12898,-11971,117826,102,19228,500,0,8267,0.000999999999990564
84496000,5284,4153,126609,1634,5191,120738,109,19229,418,0,8268,0.0010000000000047748
84497000,6822,6,126463,-1752,-3117,131264,109,19227,446,1,8269,0.0010000000000047748
84498000,2212,5351,127896,4610,3075,125798,149,19230,610,1,8270,0.000999999999990564
84499000,2664,9295,127770,9139,5197,124901,109,19231,446,1,8271,0.0010000000000047748
84500000,9188,2515,124277,4243,-2279,116086,96,19225,393,1,8272,0.0010000000000047748
84501000,9116,2662,128690,4582,-385,128417,127,19225,393,0,8273,0.000999999999990564
84502002,10436,-10917,125991,12460,-16089,136522,110,19228,520,0,8274,0.0010019999999997253
84503002,2391,-1290,129051,4290,-3155,125119,110,19230,451,0,8275,0.0010000000000047748
84504000,1120,9346,131213,-9087,5785,128771,113,19230,463,1,8276,0.0009979999999956135
84505000,3275,12076,131497,4912,6505,123669,106,19228,434,1,8277,0.0010000000000047748
84506000,2301,4520,130345,6308,-126,136573,101,19232,414,1,8278,0.0010000000000047748
84507000,10045,-5672,126447,-5418,-7570,127017,121,19232,414,0,8279,0.000999999999990564
84508000,4946,-913,130746,12244,-4833,124224,94,19220,496,0,8280,0.0010000000000047748
84509001,8087,-17172,126254,12083,-21705,134495,94,19233,385,0,8281,0.00100100000000225
84510000,2147,6099,132866,-19532,3549,128687,102,19229,418,0,8282,0.0009989999999930887
84511000,-6358,10091,133510,-2950,6760,129015,134,19228,549,1,8283,0.0010000000000047748
84512000,-6589,10030,129834,975,8688,120633,113,19228,463,1,8284,0.0010000000000047748
84513000,-2643,-5684,130232,-19910,-8939,132055,97,19228,463,1,8285,0.000999999999990564
84514000,1327,-12185,128003,4350,-15944,139643,131,19229,397,0,8286,0.0010000000000047748
84515000,3995,11852,129881,-898,7873,118123,131,19228,537,0,8287,0.0010000000000047748
84516000,-5644,7009,132583,-12429,4921,127115,109,19230,446,0,8288,0.000999999999990564
84517000,-5160,-1890,129428,-11766,-5158,129561,115,19222,471,1,8289,0.0010000000000047748
84518000,-9931,3722,130725,-10496,2962,136515,120,19235,491,1,8290,0.0010000000000047748
84519001,-9011,11460,129010,-12713,7604,122063,108,19235,491,1,8291,0.00100100000000225
84520000,-2011,14294,131606,-7860,14800,119357,117,19231,442,1,8292,0.0009989999999930887
84521000,-4348,-9038,124245,-1448,-12285,134614,117,19218,479,0,8293,0.0010000000000047748
84522000,-826,-7712,126475,-9123,-12915,133955,95,19233,389,0,8294,0.000999999999990564
84523000,-4919,4413,128759,-8909,385,118489,98,19229,401,0,8295,0.0010000000000047748
84524000,-1166,11747,129530,-6318,13637,122759,130,19230,532,1,8296,0.0010000000000047748
84525000,-7765,5188,125751,-9928,914,127765,114,19230,532,1,8297,0.000999999999990564
84526000,-6709,6788,126142,-8640,3882,127224,102,19229,467,1,8298,0.0010000000000047748
84527000,34,3202,123930,-4367,-2370,128431,102,19228,418,0,8299,0.0010000000000047748
84528000,-1042,1117,126546,-2525,1985,127690,137,19230,561,0,8300,0.000999999999990564
84529000,5048,-3122,124623,-10549,-14786,130512,107,19230,438,0,8301,0.0010000000000047748
84530000,-318,8250,124699,-3452,8316,117513,109,19225,446,0,8302,0.0010000000000047748
84531000,-3381,3251,124675,3530,2387,137171,142,19225,582,1,8303,0.000999999999990564
84532000,-2403,8639,125062,-10376,4519,116368,106,19227,582,1,8304,0.0010000000000047748
84533000,6567,11503,127155,1748,4326,126785,105,19232,434,1,8305,0.0010000000000047748
84534000,9842,-1090,123608,9967,-8932,124107,105,19226,430,0,8306,0.000999999999990564
84535000,4306,-298,124470,4929,-6624,120760,93,19230,381,0,8307,0.0010000000000047748
84536004,8701,-2494,126617,5441,-6215,130624,113,19224,463,0,8308,0.0010039999999946758
84537000,2561,6311,127685,5143,8047,121303,130,19224,532,1,8309,0.000996000000000663
84538000,2726,12400,130405,-2496,10003,127551,114,19226,532,1,8310,0.0010000000000047748
84539003,5869,8990,126315,7585,6168,120675,99,19230,467,1,8311,0.0010029999999972006
84540002,8578,-1318,125937,3070,-4780,126741,99,19230,405,0,8312,0.0009990000000072996
84541000,12096,4704,126338,14514,4934,122414,140,19233,573,0,8313,0.0009979999999956135
84542000,6842,-13606,124819,8043,-17051,131851,101,19228,414,0,8314,0.0010000000000047748
84543000,9203,-2055,131844,-1392,-3716,133032,104,19228,426,0,8315,0.000999999999990564
84544000,-922,11054,130452,4960,7119,122795,125,19226,426,1,8316,0.0010000000000047748
84545000,1076,9333,131250,-1250,4710,126213,109,19225,512,1,8317,0.0010000000000047748
84546000,3998,5686,130189,-5182,-996,126904,109,19228,446,1,8318,0.000999999999990564
84547001,7991,-6265,128147,4560,-9841,133079,104,19218,426,0,8319,0.00100100000000225
84548000,11636,-4806,128863,16096,-5188,126749,115,19232,471,0,8320,0.0009990000000072996
84549000,316,-1689,130252,691,-5628,129359,103,19229,422,0,8321,0.000999999999990564
84550000,2379,2460,130110,-17315,432,130597,119,19229,422,1,8322,0.0010000000000047748
84551000,-4480,15021,135431,-2764,12688,122899,110,19217,487,1,8323,0.0010000000000047748
84552000,-6010,2692,130334,3286,-3222,131530,110,19232,451,1,8324,0.000999999999990564
84553000,-3021,5552,129773,-15508,2858,122297,95,19232,389,1,8325,0.0010000000000047748
84554001,-882,-17207,127652,-13610,-20741,138445,129,19229,528,0,8326,0.00100100000000225
84555000,3894,3752,132541,10600,1848,128706,113,19227,463,0,8327,0.0009989999999930887
84556000,-6800,11628,128821,-10096,7222,123591,115,19227,463,0,8328,0.0010000000000047748
84557000,-6789,7135,131805,-23026,5613,130025,145,19227,471,1,8329,0.0010000000000047748
84558000,-6519,-1260,130323,-6075,-3869,132575,145,19229,594,1,8330,0.000999999999990564
84559000,-2645,7562,129998,-4916,3900,132924,114,19232,467,1,8331,0.0010000000000047748
84560000,-4334,13185,129235,-7305,11600,115913,100,19227,410,0,8332,0.0010000000000047748
84561000,-3108,-9624,125364,-14459,-11980,133811,136,19233,557,0,8333,0.000999999999990564
84562002,-1868,4543,125317,-2183,-1705,128806,104,19233,557,0,8334,0.0010019999999997253
84563000,-4874,4739,127032,-7851,1934,123650,117,19230,426,0,8335,0.0009980000000098244
84564000,-6691,4135,130749,-8666,1786,125534,117,19223,479,1,8336,0.000999999999990564
84565000,-6165,16744,128792,-14492,18379,115953,110,19225,451,1,8337,0.0010000000000047748
84566000,-672,-927,126270,-5998,-4984,135097,103,19236,422,1,8338,0.0010000000000047748
84567000,361,964,125627,7540,-822,122258,124,19229,508,0,8339,0.000999999999990564
84568000,206,-1716,123160,-11118,-4906,126357,103,19229,508,0,8340,0.0010000000000047748
84569000,2009,9104,126869,-2508,3155,122497,108,19227,422,0,8341,0.0010000000000047748
84570000,1778,-1084,124932,1591,-2828,126008,108,19224,442,1,8342,0.000999999999990564
84571001,-6150,9070,125259,-3304,3529,129111,143,19227,586,1,8343,0.00100100000000225
84572000,1046,12662,124027,-9912,9471,115223,111,19232,455,1,8344,0.0009990000000072996
84573000,6304,8957,124675,5053,6405,124653,94,19229,385,0,8345,0.000999999999990564
84574001,10399,-1346,123618,12128,-1193,123923,100,19229,385,0,8346,0.00100100000000225
84575000,8616,-17543,124508,3959,-18280,131038,114,19231,410,0,8347,0.0009990000000072996
84576000,2936,488,128762,5348,-12087,120471,114,19228,467,0,8348,0.000999999999990564
84577001,4892,5948,127203,675,7897,128027,117,19222,479,1,8349,0.00100100000000225
84578000,1316,9624,128412,4557,5361,122507,106,19226,434,1,8350,0.0009990000000072996
84579001,5977,4380,126296,3544,4888,127080,99,19230,405,1,8351,0.0010009999999880392
84580000,9534,6750,126467,599,1616,119920,117,19230,479,0,8352,0.0009990000000072996
84581000,12255,-875,127029,10392,-8939,131428,101,19223,479,0,8353,0.0010000000000047748
84582000,8843,-14801,127676,15515,-14621,136994,105,19230,414,0,8354,0.000999999999990564
84583000,2627,2777,128782,-5396,4074,124569,105,19227,430,1,8355,0.0010000000000047748
84584000,1395,13602,132807,-45,13663,128744,133,19226,545,1,8356,0.0010000000000047748
84585002,-1225,11674,129758,5902,9948,124133,111,19228,455,1,8357,0.0010019999999997253
84586002,4696,-4212,128186,-6592,-10285,132898,98,19228,401,1,8358,0.000999999999990564
84587000,11825,-12618,126697,7311,-12449,130400,149,19229,401,0,8359,0.0009979999999956135
84588000,9773,-942,128834,13737,-3804,128849,103,19233,610,0,8360,0.0010000000000047748
84589000,6692,-861,130525,-10012,-1378,127313,103,19231,422,0,8361,0.0010000000000047748
84590000,104,12696,134489,-10420,9368,125020,109,19222,446,1,8362,0.000999999999990564
84591000,-8675,-1062,131745,6090,-4505,135116,135,19228,553,1,8363,0.0010000000000047748
84592000,-8700,-608,131115,-14146,-5387,127346,99,19230,405,1,8364,0.0010000000000047748
84593001,-859,-2977,130220,-10537,-7798,130941,108,19230,405,0,8365,0.00100100000000225
84594000,2922,5018,130480,6165,820,125479,89,19222,442,0,8366,0.0009989999999930887
84595000,-326,-854,130259,-4204,-3189,127965,89,19233,365,0,8367,0.0010000000000047748
84596000,-7332,2813,132261,-14283,-206,123862,108,19229,442,0,8368,0.000999999999990564
84597000,-8061,3945,130164,-15382,1329,133192,135,19220,553,1,8369,0.0010000000000047748
84598000,-11885,8636,131788,-5313,5664,128413,114,19232,467,1,8370,0.0010000000000047748
84599001,-4252,6889,129784,-12233,895,124333,96,19232,467,1,8371,0.00100100000000225
84600000,-3579,1085,129264,-11286,-1012,132004,149,19228,393,0,8372,0.0009989999999930887
84601000,-1256,-2840,126046,1463,-4438,123635,149,19230,610,0,8373,0.0010000000000047748
84602001,-994,1391,127293,-9383,-2417,127390,102,19231,418,0,8374,0.00100100000000225
84603000,-4675,9358,127113,-8276,4599,124689,108,19224,442,1,8375,0.0009989999999930887
84604000,-7602,9590,128332,-9718,6615,128243,130,19226,532,1,8376,0.0010000000000047748
84605000,-8727,1204,127270,-14545,-1818,127568,107,19226,532,1,8377,0.000999999999990564
84606002,581,12282,126891,-4213,10097,119163,105,19231,438,1,8378,0.0010019999999997253
84607000,605,-7944,122557,2782,-10212,129225,105,19224,430,0,8379,0.0009980000000098244
84608003,1476,-4628,124928,-1626,-7315,124942,94,19228,385,0,8380,0.0010029999999972006
84609000,518,8956,125868,-10404,6071,124421,113,19231,463,0,8381,0.0009969999999981383
84610000,-4209,9714,126111,1340,8120,122213,129,19223,528,1,8382,0.0010000000000047748
84611000,-4175,9591,126217,-2495,8380,118083,111,19223,528,1,8383,0.000999999999990564
84612000,2117,-2812,124896,-6699,-6339,137741,92,19230,455,1,8384,0.0010000000000047748
84613000,8250,11163,124684,10380,6164,117610,92,19232,377,0,8385,0.0010000000000047748
84614000,7751,3340,126326,5105,3319,122935,125,19232,512,0,8386,0.000999999999990564
84615000,9297,-9768,123486,4527,-12825,128659,111,19221,455,0,8387,0.0010000000000047748
84616000,1497,-5842,125849,11911,-11402,132899,112,19226,459,0,8388,0.0010000000000047748
84617000,838,4634,127773,-6894,-632,119984,131,19226,459,1,8389,0.000999999999990564
84618000,5826,16253,128278,1107,18881,116996,106,19229,537,1,8390,0.0010000000000047748
84619000,8003,-5103,122351,17060,-5804,135895,106,19233,434,1,8391,0.0010000000000047748
84620000,12385,858,125886,-2285,-3325,118973,100,19223,410,0,8392,0.000999999999990564
84621000,9393,-5949,127643,8482,-7379,129274,104,19226,426,0,8393,0.0010000000000047748
84622000,6885,-7833,126921,13909,-13097,129619,104,19228,426,0,8394,0.0010000000000047748
84623000,2207,4526,131571,-10035,-3600,134837,117,19228,479,1,8395,0.000999999999990564
84624000,10,7892,128024,-1883,3938,120886,110,19227,479,1,8396,0.0010000000000047748
84625006,1723,12165,128354,9615,7443,127734,99,19229,451,1,8397,0.0010060000000038372
84626002,5841,-9553,125860,-2935,-13218,133117,99,19232,405,1,8398,0.000996000000000663
84627000,11167,-9538,126545,-729,-7206,126534,133,19222,545,0,8399,0.0009979999999956135
84628000,6230,1272,129518,18967,-5932,133854,102,19228,418,0,8400,0.0010000000000047748
84629005,-12,-6082,130814,-14539,1447,124443,103,19225,422,0,8401,0.001004999999992151
84630002,1497,10637,135024,-25167,7875,130567,149,19225,422,1,8402,0.0009969999999981383
84631000,-7765,-775,131161,9760,-2425,134581,110,19234,610,1,8403,0.0009980000000098244
84632000,-2964,8851,130386,-12496,5663,121166,110,19231,451,1,8404,0.000999999999990564
84633001,-380,-7597,128110,-13276,-11574,135263,98,19217,401,0,8405,0.00100100000000225
84634001,459,2157,128806,10011,-2166,121673,122,19232,500,0,8406,0.0010000000000047748
84635001,1758,2425,131543,2296,427,129671,106,19232,434,0,8407,0.0010000000000047748
84636000,-10046,-37,131762,-23113,-1287,128029,119,19231,434,1,8408,0.0009989999999930887
84637000,-8320,8067,133747,-12552,3528,130484,109,19220,487,1,8409,0.0010000000000047748
84638000,-12794,4181,129583,-3087,1049,129217,109,19230,446,1,8410,0.000999999999990564
84639000,-815,10335,129946,-11723,5136,122989,105,19230,430,1,8411,0.0010000000000047748
84640000,-5707,-4770,127464,-10768,-11012,130509,125,19217,512,0,8412,0.0010000000000047748
84641000,-1458,4556,127637,-7937,5003,121944,95,19232,389,0,8413,0.000999999999990564
84642000,-738,-586,127633,-2306,-6292,133240,101,19232,389,0,8414,0.0010000000000047748
84643000,-8901,13350,127593,-10452,11817,118744,142,19228,414,1,8415,0.0010000000000047748
84644000,-2643,15469,128865,-14580,9611,125562,142,19230,582,1,8416,0.000999999999990564
84645000,-8454,1403,124795,-1203,-908,130812,117,19233,479,1,8417,0.0010000000000047748
84646000,5326,11015,127740,-12792,6017,115922,101,19223,414,0,8418,0.0010000000000047748
84647000,-1096,4082,125018,8961,2236,124585,113,19229,463,0,8419,0.000999999999990564
84648000,1055,-3556,124099,-5674,-6762,124888,108,19229,463,0,8420,0.0010000000000047748
84649000,913,-7028,125948,-8662,-11405,137999,117,19225,442,0,8421,0.0010000000000047748
84650000,-3735,19406,127419,8778,17400,114350,117,19228,479,1,8422,0.000999999999990564
84651000,1986,19197,126541,-10167,17452,121319,141,19233,577,1,8423,0.0010000000000047748
84652000,-711,-1327,125819,691,-3620,128935,100,19232,410,1,8424,0.0010000000000047748
84653000,15080,7348,124467,4486,3830,124425,113,19226,463,0,8425,0.000999999999990564
84654000,6781,266,124270,12706,-2913,122631,96,19226,463,0,8426,0.0010000000000047748
84655001,6177,968,126454,10070,-1618,120624,111,19229,393,0,8427,0.00100100000000225
84656000,5234,-12023,123595,-7659,-16230,138398,111,19226,455,1,8428,0.0009989999999930887
84657000,227,15338,130600,5314,12044,119467,138,19228,565,1,8429,0.0010000000000047748
84658000,6764,4515,129529,4811,4817,127059,114,19232,467,1,8430,0.0010000000000047748
84659000,4455,4702,124638,3951,2791,118562,97,19227,397,1,8431,0.000999999999990564
84660000,14327,-5103,126843,-2432,-5023,128024,148,19227,397,0,8432,0.0010000000000047748
84661002,8153,-12841,124914,18588,-13472,135539,102,19232,606,0,8433,0.0010019999999997253
84662001,2553,7944,129975,8945,5118,119638,102,19228,418,0,8434,0.0009989999999930887
84663000,3062,6879,132243,-18091,1311,132406,104,19221,426,1,8435,0.0009990000000072996
84664000,-1510,11117,129488,8555,8786,122817,120,19230,491,1,8436,0.0010000000000047748
84665000,4414,-2505,128184,7824,-3839,132828,106,19238,434,1,8437,0.000999999999990564
84666000,3174,2718,127763,-8587,-15,121275,112,19238,459,0,8438,0.0010000000000047748
84667000,11387,-11195,127892,3412,-16474,132848,101,19217,459,0,8439,0.0010000000000047748
84668002,6244,-1695,129598,23709,-6373,128810,106,19227,414,0,8440,0.0010019999999997253
84669000,1252,-6876,131848,-15809,-7191,128961,106,19230,434,0,8441,0.0009979999999956135
84670000,-2003,19041,134021,-17718,5176,117994,125,19223,512,1,8442,0.0010000000000047748
84671000,-4964,1498,131399,7003,9245,134267,111,19230,455,1,8443,0.000999999999990564
84672000,-6209,-11659,128922,-3679,-11051,135817,98,19230,401,1,8444,0.0010000000000047748
84673000,-203,-5781,127472,-19880,-14710,123677,147,19229,401,0,8445,0.0010000000000047748
84674000,-2477,5717,129745,1441,689,127044,104,19235,602,0,8446,0.000999999999990564
84675000,4442,6268,131489,4061,4938,124178,104,19230,426,0,8447,0.0010000000000047748
84676000,-7186,3281,131113,-19310,-3006,141131,106,19226,434,1,8448,0.0010000000000047748
84677000,-9614,475,128631,-15040,4260,129381,131,19231,537,1,8449,0.000999999999990564
84678000,-8909,15609,130812,-5800,11538,120767,109,19231,446,1,8450,0.0010000000000047748
84679000,-6973,6403,128751,-10958,4097,128827,107,19232,446,1,8451,0.0010000000000047748
84680000,-484,-3794,125174,-9766,-4887,126683,129,19222,438,0,8452,0.000999999999990564
84681000,-5330,-3148,127281,-3798,-5358,133900,129,19233,528,0,8453,0.0010000000000047748
84682001,-2180,13470,124662,-14839,16390,110612,101,19228,414,0,8454,0.00100100000000225
84683000,-6349,12506,131382,-9727,7397,128324,118,19220,483,1,8455,0.0009989999999930887
84684000,-7985,1637,126339,-431,-2819,130891,113,19228,463,1,8456,0.0010000000000047748
84685000,-7474,5437,126594,-14444,3561,126061,103,19228,463,1,8457,0.0010000000000047748
84686000,214,8541,128177,-5202,6447,122104,136,19229,422,0,8458,0.000999999999990564
84687000,1441,6332,126761,7966,755,119762,136,19235,557,0,8459,0.0010000000000047748
84688000,181,-2481,125388,-6671,-3448,139694,102,19232,418,0,8460,0.0010000000000047748
84689003,-1864,5234,126889,-7872,5330,120495,106,19226,434,0,8461,0.0010029999999972006
84690000,-2074,16564,127725,-1594,13569,122864,157,19228,643,1,8462,0.0009969999999981383
84691000,-4549,16028,125011,830,11965,119769,107,19228,643,1,8463,0.0010000000000047748
84692000,2436,593,124023,-4144,-4046,129806,96,19232,438,1,8464,0.000999999999990564
84693000,8503,-4537,124737,6891,-8539,127096,96,19227,393,0,8465,0.0010000000000047748
84694000,9080,9841,126258,9227,7325,116163,85,19229,348,0,8466,0.0010000000000047748
84695000,11301,-8930,125225,4954,-12562,130990,109,19230,446,0,8467,0.000999999999990564
84696000,1924,-2026,126773,806,-5688,127890,121,19221,496,1,8468,0.0010000000000047748
84697000,2068,12792,128571,-4247,10267,129981,110,19221,496,1,8469,0.0010000000000047748
84698000,2501,16553,125568,11424,12672,120162,96,19230,451,1,8470,0.000999999999990564
84699000,6153,3662,128089,5706,670,122914,96,19232,393,0,8471,0.0010000000000047748
84700000,10850,-10307,124309,-4307,-14199,131237,125,19227,512,0,8472,0.0010000000000047748
84701000,9813,-9106,126786,20626,-12813,128765,110,19227,451,0,8473,0.000999999999990564
84702000,9207,-873,129899,5003,-4787,129547,108,19228,442,0,8474,0.0010000000000047748
84703000,2191,8213,130689,-12414,3757,126662,139,19228,442,1,8475,0.0010000000000047748
84704000,814,10610,131744,5632,8880,125743,111,19230,569,1,8476,0.000999999999990564
84705000,1853,-1293,128724,8293,-2888,128798,111,19234,455,1,8477,0.0010000000000047748
84706000,2346,-2834,129222,-7570,-3411,129262,99,19225,405,0,8478,0.0010000000000047748
84707000,14933,-9049,130399,12245,-11066,131749,122,19230,500,0,8479,0.000999999999990564
84708000,7689,-5291,130344,19994,-6721,130972,104,19236,426,0,8480,0.0010000000000047748
84709000,3835,3227,131538,-26031,-3693,128078,111,19236,455,1,8481,0.0010000000000047748
84710000,22,11857,133934,-8366,7786,127632,114,19216,455,1,8482,0.000999999999990564
84711000,-7177,2028,128123,12463,-1049,127801,95,19228,467,1,8483,0.0010000000000047748
84712000,-3757,-6289,128172,-23915,-9451,127864,95,19232,389,1,8484,0.000999999999990564
84713000,-982,-11000,128637,-12566,-14085,136520,117,19224,479,0,8485,0.0010000000000047748
84714001,3863,1300,129431,15687,-4686,126608,98,19228,401,0,8486,0.00100100000000225
84715001,-1608,2430,131715,-6464,-139,125996,109,19228,446,0,8487,0.0010000000000047748
84716000,-9147,-1015,128782,-22273,-2235,133714,145,19228,446,1,8488,0.0009989999999930887
84717013,-9052,6700,129127,-12909,1974,136490,113,19221,594,1,8489,0.0010130000000003747
84718000,-9637,11066,127459,-5060,7231,117375,113,19230,463,1,8490,0.0009869999999949641
84719000,-2511,2810,127653,-5426,8026,127435,97,19226,397,0,8491,0.0010000000000047748
84720003,-4455,-8884,125585,-9785,-10540,129786,169,19237,692,0,8492,0.0010029999999972006
84721001,805,-2761,128099,-4455,-2482,131632,104,19237,426,0,8493,0.0009980000000098244
84722000,2982,4056,127646,-3807,1137,125880,109,19230,426,0,8494,0.0009989999999930887
84723000,-4753,20110,128248,-7860,22791,112908,111,19221,446,1,8495,0.0010000000000047748
84724000,-8115,1241,128829,-15522,-2184,133095,111,19227,455,1,8496,0.000999999999990564
84725000,-4905,-1105,126185,1741,-4288,124402,105,19231,430,1,8497,0.0010000000000047748
84726001,2985,1583,125174,6212,-4714,129380,120,19224,491,0,8498,0.00100100000000225
84727000,-2308,1626,123963,-10191,-318,117770,98,19224,401,0,8499,0.0009989999999930887
84728000,1390,7720,126620,-6092,2040,123272,108,19229,401,0,8500,0.0010000000000047748
84729002,-493,1789,127395,5510,459,137884,136,19233,442,1,8501,0.0010019999999997253
84730000,-1408,19422,125100,-5037,18478,113237,136,19222,557,1,8502,0.0009979999999956135
84731000,-4734,18680,128418,-2446,14396,126363,112,19232,459,1,8503,0.0010000000000047748
84732000,2676,1772,122084,5147,-3295,122244,94,19229,385,0,8504,0.0010000000000047748
84733000,11999,-7547,123291,8526,-11208,133357,121,19231,496,0,8505,0.000999999999990564
84734000,6460,-9586,125706,3381,-11512,120407,120,19231,496,0,8506,0.0010000000000047748
84735000,7187,7931,125023,5465,3985,121886,119,19228,491,0,8507,0.0010000000000047748
84736002,2741,1328,126721,6662,-1226,132747,119,19222,487,1,8508,0.0010019999999997253
84737003,1453,13326,129314,-10090,11019,117318,126,19228,516,1,8509,0.00100100000000225
84738000,5982,8463,126268,14828,4061,128296,105,19231,430,1,8510,0.0009969999999981383
84739000,5574,5740,125364,9171,2937,118887,110,19216,451,0,8511,0.000999999999990564
84740000,14321,-11872,126403,-2214,-16616,130987,85,19216,451,0,8512,0.0010000000000047748
84741000,8960,-14340,127735,18058,-18455,134033,103,19231,348,0,8513,0.0010000000000047748
84742000,6063,6410,128772,-5640,3283,125925,103,19228,422,1,8514,0.000999999999990564
84743000,-3977,10585,131621,-1118,6215,129306,121,19225,496,1,8515,0.0010000000000047748
84744001,-2329,12860,129015,7317,9919,121872,110,19223,451,1,8516,0.00100100000000225
84745000,2841,-4888,127727,-9542,-7906,134645,96,19227,393,1,8517,0.0009989999999930887
84746000,7537,-9014,128420,9313,-13688,126470,148,19227,393,0,8518,0.0010000000000047748
84747000,10400,1553,130361,16029,-54,123204,102,19231,606,0,8519,0.0010000000000047748
84748000,6747,-4720,129690,-3630,-7899,133684,102,19232,418,0,8520,0.000999999999990564
84749000,-542,2294,133532,-15345,-329,129172,105,19225,430,1,8521,0.0010000000000047748
84750003,-829,-1699,131540,156,-5574,135307,138,19227,565,1,8522,0.0010029999999972006
84751000,-10216,7389,131901,-3145,6626,119578,104,19234,426,1,8523,0.0009969999999981383
84752000,-4,-5118,129802,-21545,-9437,128636,102,19234,426,0,8524,0.0010000000000047748
84753000,4816,-12654,128139,4317,-13131,132658,92,19224,418,0,8525,0.0010000000000047748
84754003,4544,-2346,128608,-8690,-4867,124890,92,19228,377,0,8526,0.0010029999999972006
84755000,-3176,3895,130803,-13558,-51,128123,110,19227,451,0,8527,0.0009969999999981383
84756000,-9411,7258,132206,-8631,3389,127434,128,19222,524,1,8528,0.0010000000000047748
84757002,-8210,6380,129881,-13870,3793,134719,113,19229,463,1,8529,0.0010019999999997253
84758000,-12426,4037,128801,-9191,1510,126345,98,19229,401,1,8530,0.0009979999999956135
84759000,-1639,1189,126528,-7732,2690,118910,133,19232,401,0,8531,0.0010000000000047748
84760007,-5931,-1464,125767,-3892,-5130,128702,121,19221,545,0,8532,0.0010070000000013124
84761001,131,-2336,125600,-6680,-7695,129886,121,19226,496,0,8533,0.0009939999999915017
84762000,-1612,906,127997,-13510,-5167,130106,115,19226,471,1,8534,0.0009990000000072996
84763000,-7703,18513,130209,-12402,13136,120300,142,19227,582,1,8535,0.000999999999990564
84764000,-3013,7301,127891,-5732,3836,129762,113,19227,463,1,8536,0.0010000000000047748
84765000,-7096,-1047,124184,-3827,-3093,121828,105,19231,463,1,8537,0.0010000000000047748
84766000,1001,-3718,125943,-17469,-2701,131257,100,19222,430,0,8538,0.000999999999990564
84767000,1055,4691,123598,8486,4590,115531,100,19232,410,0,8539,0.0010000000000047748
84768000,3301,-1569,127057,-301,-8950,134038,107,19230,438,0,8540,0.0010000000000047748
84769000,693,6247,126279,-7693,1011,120947,114,19219,467,1,8541,0.000999999999990564
84770000,-6445,16369,126764,-3910,13131,126130,111,19229,455,1,8542,0.0010000000000047748
84771000,3645,11082,126095,-3247,9889,123633,97,19229,455,1,8543,0.0010000000000047748
84772000,1904,12929,124470,9871,3701,117271,122,19234,397,0,8544,0.000999999999990564
84773000,9652,-5717,120876,-1505,-12919,131548,122,19232,500,0,8545,0.0010000000000047748
84774001,8544,-1535,126227,10758,-1546,122261,103,19230,422,0,8546,0.00100100000000225
84775000,6513,1280,127126,8025,-4526,131257,106,19226,434,0,8547,0.0009989999999930887
84776000,4959,18998,127303,-6556,18700,113355,145,19229,594,1,8548,0.0010000000000047748
84777000,-955,6926,129862,2596,1662,129630,108,19229,594,1,8549,0.0010000000000047748
84778000,6500,-7753,124024,13831,-12022,128993,98,19233,442,1,8550,0.000999999999990564
84779001,8659,8394,126181,-163,6645,117144,98,19224,401,0,8551,0.00100100000000225
84780002,9317,-341,127944,11036,-6222,130908,119,19235,487,0,8552,0.00100100000000225
84781000,10296,-9404,126286,10334,-12469,127444,100,19230,410,0,8553,0.0009979999999956135
84782000,4526,-45,132029,-6637,-3852,137244,109,19220,446,1,8554,0.0010000000000047748
84783000,2259,14543,131831,1964,10645,122136,105,19220,446,1,8555,0.0010000000000047748
84784000,-1823,14924,130204,4393,11449,121594,99,19230,430,1,8556,0.000999999999990564
84785000,4510,-2664,126821,-3025,-6503,132900,99,19230,405,1,8557,0.0010000000000047748
84786000,10130,-10009,127022,3624,-14606,129976,121,19217,496,0,8558,0.0010000000000047748
84787000,11556,-9504,131203,18318,-14569,130029,94,19227,385,0,8559,0.000999999999990564
84788000,5239,7033,131454,-14637,5289,122985,101,19228,414,0,8560,0.0010000000000047748
84789000,-1042,8798,133731,-11347,5758,129418,137,19228,414,1,8561,0.0010000000000047748
84790000,-5487,-399,131086,1624,-3545,136554,112,19226,561,1,8562,0.000999999999990564
84791002,-6147,233,129823,-5895,-2579,125317,112,19230,459,1,8563,0.0010019999999997253
84792001,-2178,-1117,129680,-9266,-4557,130709,97,19220,397,0,8564,0.0009990000000072996
84793000,646,6643,129932,-5967,2635,121400,129,19230,528,0,8565,0.0009989999999930887
84794001,2859,-3215,130693,2175,-5655,130046,109,19230,446,0,8566,0.00100100000000225
84795000,-1704,-604,130502,-11574,-3758,131854,115,19230,446,1,8567,0.0009990000000072996
84796000,-10583,5754,131201,-19308,3591,128704,120,19226,471,1,8568,0.000999999999990564
84797000,-7086,9142,131247,-11246,5381,127158,120,19227,491,1,8569,0.0010000000000047748
84798000,-2341,6616,130431,-4512,5822,128838,106,19232,434,1,8570,0.0010000000000047748
84799000,-1859,-8759,125546,-4481,-12439,131120,115,19216,471,0,8571,0.000999999999990564
84800001,-5219,4584,127700,-13896,3676,119626,90,19233,369,0,8572,0.00100100000000225
84801000,66,-1835,127187,142,-2611,130968,100,19233,410,0,8573,0.0009990000000072996
84802000,-3609,6140,127937,-3214,2141,126866,131,19231,410,1,8574,0.000999999999990564
84803000,-5935,9938,128510,-21078,7469,122756,117,19224,537,1,8575,0.0010000000000047748
84804000,-8157,5981,126717,-6900,643,130263,117,19229,479,1,8576,0.0010000000000047748
84805000,1099,7745,125324,-1170,-200,122261,101,19227,414,0,8577,0.000999999999990564
84806000,2565,-5676,122628,-112,-12040,127217,124,19228,508,0,8578,0.0010000000000047748
84807002,549,3379,124288,-6293,-1351,125324,113,19228,463,0,8579,0.0010019999999997253
84808000,-985,4418,125240,-6563,-61,125616,117,19227,463,0,8580,0.0009979999999956135
84809000,-2617,10192,127026,1756,4832,119911,143,19220,479,1,8581,0.0010000000000047748
84810000,-1662,5832,125069,-6932,2646,129844,143,19228,586,1,8582,0.0010000000000047748
84811000,162,9212,124684,4917,3600,124213,105,19235,430,1,8583,0.000999999999990564
84812003,5550,2017,121579,5606,-717,117902,105,19224,430,0,8584,0.0010029999999972006
84813000,9977,3699,126824,1922,-751,123467,89,19224,365,0,8585,0.0009970000000123491
84814000,8701,6384,126550,18279,-6751,125331,108,19232,365,0,8586,0.000999999999990564
84815001,6899,-10051,125100,-660,-9430,133278,129,19230,442,1,8587,0.00100100000000225
84816000,2123,11475,132632,544,12185,119879,129,19230,528,1,8588,0.0009990000000072996
84817000,4804,13366,126507,2731,7968,123721,113,19236,463,1,8589,0.000999999999990564
84818000,7405,1300,125578,5804,-1435,124457,97,19236,397,1,8590,0.0010000000000047748
84819002,8565,3374,128481,944,-2926,126753,142,19233,582,0,8591,0.0010019999999997253
84820002,9855,-9645,124213,13014,-12144,129525,100,19233,582,0,8592,0.0010000000000047748
84821000,5916,-1097,129710,7047,-1584,123652,101,19239,410,0,8593,0.0009979999999956135
84822000,3201,4591,131128,-8484,-2146,131427,101,19223,414,1,8594,0.0010000000000047748
84823001,1127,18101,132156,1054,12166,127934,122,19229,500,1,8595,0.0010009999999880392
84824000,4276,10407,129757,6260,6428,127735,107,19229,438,1,8596,0.0009990000000072996
84825000,1288,-557,130181,-4276,-5166,127244,107,19219,438,0,8597,0.0010000000000047748
84826000,7965,-12447,127121,9668,-15841,129800,100,19219,438,0,8598,0.000999999999990564
84827000,8505,-12959,127556,12704,-17232,142599,104,19232,410,0,8599,0.0010000000000047748
84828000,3969,8025,132949,-16840,7437,116993,104,19227,426,0,8600,0.0010000000000047748
84829000,2702,18814,133100,-7926,12627,123810,119,19224,487,1,8601,0.000999999999990564
84830000,-9203,2457,130910,5330,-2022,131521,111,19232,455,1,8602,0.0010000000000047748
84831003,-4527,-18610,128053,-15892,-23066,137191,99,19231,405,1,8603,0.0010029999999972006
84832000,-3002,1337,130564,-8285,-1039,131424,136,19231,405,0,8604,0.0009969999999981383
84833000,-1626,12307,129987,-570,7961,117433,105,19228,557,0,8605,0.0010000000000047748
84834000,3242,434,131862,-4742,-3072,130918,105,19227,430,0,8606,0.0010000000000047748
84835001,-7112,-1755,130372,-13615,-5006,131701,108,19225,442,1,8607,0.0010009999999880392
84836000,-6739,4071,129370,-15103,1725,131162,143,19231,586,1,8608,0.0009990000000072996
84837001,-11157,15479,133192,-5991,13030,123707,115,19231,471,1,8609,0.00100100000000225
84838000,-3577,8302,128207,-10516,5552,122894,105,19231,471,1,8610,0.0009989999999930887
84839000,-3217,-8664,125754,-9376,-11400,136569,137,19223,430,0,8611,0.0010000000000047748
84840000,-4767,-3612,126464,-3668,-7206,121785,137,19226,561,0,8612,0.000999999999990564
84841000,-20,1330,126988,-9015,-1500,127612,103,19230,422,0,8613,0.0010000000000047748
84842000,-4396,12921,127881,-3086,7645,120617,117,19221,479,1,8614,0.0010000000000047748
84843000,-8809,7185,127209,-8396,4134,129286,113,19230,463,1,8615,0.000999999999990564
84844000,-8851,-1013,124989,-15656,-5506,129902,107,19230,463,1,8616,0.0010000000000047748
84845000,-2373,7074,127897,2105,5617,118867,129,19231,438,0,8617,0.0010000000000047748
84846000,-1126,-4294,124066,-1645,-7946,132613,129,19231,528,0,8618,0.000999999999990564
84847000,4180,-1162,123131,-5205,-4816,118346,101,19230,414,0,8619,0.0010000000000047748
84848000,312,5603,126083,-7951,1492,127945,110,19229,451,0,8620,0.0010000000000047748
84849000,749,13915,125335,2156,8729,120557,150,19224,614,1,8621,0.000999999999990564
84850000,-2460,10672,125937,2169,6319,118512,113,19224,463,1,8622,0.0010000000000047748
84851000,1022,-3617,122420,-8239,-6144,130868,99,19229,463,1,8623,0.0010000000000047748
84852000,8033,1696,124284,3688,-2762,119239,100,19225,405,0,8624,0.000999999999990564
84853000,10124,-5549,125595,18542,-4831,126180,100,19228,410,0,8625,0.0010000000000047748
84854000,9900,-7388,124362,-429,-15878,127212,113,19228,463,0,8626,0.0010000000000047748
84855000,3160,-2307,126286,1679,-6291,129119,119,19222,487,1,8627,0.000999999999990564
84856002,2198,15650,128955,-4773,9291,124932,108,19222,442,1,8628,0.0010019999999997253
84857000,6217,13535,128541,4166,12114,127356,102,19229,442,1,8629,0.0009980000000098244
84858000,3788,7671,125387,19386,-1015,121298,117,19231,418,0,8630,0.000999999999990564
84859000,12051,-3591,123951,-9642,-8955,127406,117,19224,479,0,8631,0.0010000000000047748
84860000,12284,-18546,130579,8872,-19847,143995,99,19229,405,0,8632,0.0010000000000047748
84861000,8227,878,128118,18736,1153,119027,107,19225,438,0,8633,0.000999999999990564
84862000,1401,10427,131452,-9424,6445,131508,135,19227,553,1,8634,0.0010000000000047748
84863000,-1664,10141,131109,-6023,7271,122984,112,19227,553,1,8635,0.0010000000000047748
84864000,2103,2435,127117,11720,-1447,131580,99,19226,459,1,8636,0.000999999999990564
84865000,6008,-1687,129669,4589,-5544,125276,99,19228,405,0,8637,0.0010000000000047748
84866000,10500,-3741,129715,12007,-9340,124346,155,19228,635,0,8638,0.0010000000000047748
84867001,6681,-8175,128730,11369,-12212,141323,120,19229,491,0,8639,0.00100100000000225
84868000,1044,-612,133018,-18071,-523,125053,116,19222,475,1,8640,0.0009989999999930887
84869000,-539,10782,133413,-8180,5105,133077,137,19222,475,1,8641,0.0010000000000047748
84870000,-6455,18636,130591,8444,13825,115657,103,19226,561,1,8642,0.000999999999990564
84871000,-6054,-5243,128543,-20883,-12299,132790,103,19232,422,1,8643,0.0010000000000047748
84872000,1739,-12754,129410,-216,-16295,136702,112,19221,459,0,8644,0.0010000000000047748
84873000,346,-1051,128045,7789,-3368,123419,92,19233,377,0,8645,0.000999999999990564
84874000,467,8393,133451,-16694,4695,126619,104,19226,426,0,8646,0.0010000000000047748
84875000,-6557,3351,131243,-18784,68,127608,131,19226,426,1,8647,0.0010000000000047748
84876000,-9016,-41,132020,-7646,-3447,138430,113,19223,537,1,8648,0.000999999999990564
84877000,-7576,13419,129993,-2596,8591,119092,113,19231,463,1,8649,0.0010000000000047748
84878000,-5473,6825,128702,-14285,4446,123726,98,19232,401,1,8650,0.0010000000000047748
84879000,-4,-7675,125529,-10825,-11029,130791,154,19228,631,0,8651,0.000999999999990564
84880000,-1588,-2129,128631,-452,-6003,128650,103,19228,422,0,8652,0.0010000000000047748
84881000,335,-4438,126194,-11092,-8721,131355,105,19228,422,0,8653,0.0010000000000047748
84882000,-8029,24869,130068,-12635,22606,108989,131,19228,430,1,8654,0.000999999999990564
84883001,-7504,2066,125401,-14417,-1142,136918,131,19222,537,1,8655,0.00100100000000225
84884000,-4271,-49,124279,-1051,-3183,125019,110,19230,451,1,8656,0.0009990000000072996
84885000,251,8662,126118,-7628,5546,116808,112,19225,459,0,8657,0.000999999999990564
84886000,167,1420,125950,5842,-632,128491,86,19228,352,0,8658,0.0010000000000047748
84887000,1422,-6687,123597,-2079,-8479,126699,106,19228,352,0,8659,0.0010000000000047748
84888000,3206,-232,127871,-9503,-3651,135197,124,19227,434,1,8660,0.000999999999990564
84889000,-4405,30276,127393,3124,25877,108983,124,19221,508,1,8661,0.0010000000000047748
84890000,-1797,7933,124825,-6422,6582,126195,113,19229,463,1,8662,0.0010000000000047748
84891000,5852,-3877,123240,2988,-8636,128334,96,19226,393,0,8663,0.000999999999990564
84892000,8926,-2810,123139,7347,-4189,126090,136,19234,557,0,8664,0.0010000000000047748
84893001,11161,-3774,125002,7966,-10672,124642,107,19234,438,0,8665,0.00100100000000225
84894000,4351,291,127996,6832,182,119419,110,19229,438,0,8666,0.0009989999999930887
84895000,4715,-14672,124230,-4622,-17891,139564,126,19225,451,1,8667,0.0010000000000047748
84896000,2528,18221,130491,2568,15330,114971,126,19228,516,1,8668,0.0010000000000047748
84897000,5313,4785,125716,8171,6549,128075,108,19232,442,1,8669,0.000999999999990564
84898000,7078,-196,124541,4165,-6356,122666,102,19225,418,0,8670,0.0010000000000047748
84899002,15212,-8745,128460,1600,-11319,129979,98,19225,401,0,8671,0.0010019999999997253
84900002,11137,-12176,124795,15744,-20137,135068,105,19231,401,0,8672,0.0010000000000047748
84901000,4379,17017,130290,630,10526,115841,116,19228,430,0,8673,0.0009979999999956135
84902000,1785,9444,131142,-9313,5931,132160,116,19223,475,1,8674,0.0010000000000047748
84903000,1717,597,127973,7463,-1848,127113,110,19229,451,1,8675,0.000999999999990564
84904000,2445,-3337,127934,6259,-7128,131074,100,19230,410,1,8676,0.0010000000000047748
84905000,5379,-2388,127074,-8217,-8018,124405,133,19230,545,0,8677,0.0010000000000047748
84906000,10474,-7081,128255,18809,-11309,131131,101,19227,545,0,8678,0.000999999999990564
